0.5,0.5,0.5,0.5,0.5,0.5,0.5,0.5,0.5,0.5,0.5,0.5,0.5,0.5,0.499999,0.499999,0.499998,0.499997,0.499996,0.499995,0.499992,0.49999,0.499987,0.499983,0.49998,0.499976,0.499971,0.499968,0.499964,0.499961,0.499959,0.499958,0.499958,0.499959,0.499961,0.499964,0.499968,0.499971,0.499976,0.49998,0.499983,0.499987,0.49999,0.499992,0.499995,0.499996,0.499997,0.499998,0.499999,0.499999,0.5,0.5,0.5,0.5,0.5,0.5,0.5,0.5,0.5,0.5,0.5,0.5,0.5,0.5
0.5,0.5,0.5,0.5,0.5,0.5,0.5,0.5,0.5,0.5,0.5,0.5,0.5,0.5,0.499999,0.499999,0.499998,0.499997,0.499996,0.499995,0.499992,0.49999,0.499987,0.499983,0.49998,0.499976,0.499971,0.499968,0.499964,0.499961,0.499959,0.499958,0.499958,0.499959,0.499961,0.499964,0.499968,0.499971,0.499976,0.49998,0.499983,0.499987,0.49999,0.499992,0.499995,0.499996,0.499997,0.499998,0.499999,0.499999,0.5,0.5,0.5,0.5,0.5,0.5,0.5,0.5,0.5,0.5,0.5,0.5,0.5,0.5
0.5,0.5,0.5,0.5,0.5,0.5,0.5,0.5,0.5,0.5,0.5,0.5,0.5,0.499999,0.499999,0.499998,0.499997,0.499996,0.499994,0.499991,0.499988,0.499984,0.499979,0.499974,0.499968,0.499961,0.499955,0.499949,0.499943,0.499939,0.499936,0.499934,0.499934,0.499936,0.499939,0.499943,0.499949,0.499955,0.499961,0.499968,0.499974,0.499979,0.499984,0.499988,0.499991,0.499994,0.499996,0.499997,0.499998,0.499999,0.499999,0.5,0.5,0.5,0.5,0.5,0.5,0.5,0.5,0.5,0.5,0.5,0.5,0.5
0.5,0.5,0.5,0.5,0.5,0.5,0.5,0.5,0.5,0.5,0.5,0.499999,0.499999,0.499998,0.499998,0.499996,0.499994,0.499991,0.499988,0.499983,0.499977,0.499969,0.49996,0.49995,0.499939,0.499927,0.499915,0.499904,0.499894,0.499885,0.49988,0.499877,0.499877,0.49988,0.499885,0.499894,0.499904,0.499915,0.499927,0.499939,0.49995,0.49996,0.499969,0.499977,0.499983,0.499988,0.499991,0.499994,0.499996,0.499998,0.499998,0.499999,0.499999,0.5,0.5,0.5,0.5,0.5,0.5,0.5,0.5,0.5,0.5,0.5
0.5,0.5,0.5,0.5,0.5,0.5,0.5,0.5,0.5,0.5,0.499999,0.499999,0.499998,0.499997,0.499995,0.499992,0.499988,0.499983,0.499976,0.499966,0.499954,0.499939,0.499922,0.499902,0.499881,0.499859,0.499836,0.499815,0.499796,0.49978,0.499769,0.499764,0.499764,0.499769,0.49978,0.499796,0.499815,0.499836,0.499859,0.499881,0.499902,0.499922,0.499939,0.499954,0.499966,0.499976,0.499983,0.499988,0.499992,0.499995,0.499997,0.499998,0.499999,0.499999,0.5,0.5,0.5,0.5,0.5,0.5,0.5,0.5,0.5,0.5
0.5,0.5,0.5,0.5,0.5,0.5,0.5,0.5,0.5,0.499999,0.499999,0.499998,0.499996,0.499994,0.49999,0.499985,0.499977,0.499967,0.499952,0.499934,0.499911,0.499883,0.499851,0.499814,0.499774,0.499733,0.499691,0.499652,0.499617,0.499588,0.499568,0.499558,0.499558,0.499568,0.499588,0.499617,0.499652,0.499691,0.499733,0.499774,0.499814,0.499851,0.499883,0.499911,0.499934,0.499952,0.499967,0.499977,0.499985,0.49999,0.499994,0.499996,0.499998,0.499999,0.499999,0.5,0.5,0.5,0.5,0.5,0.5,0.5,0.5,0.5
0.5,0.5,0.5,0.5,0.5,0.5,0.5,0.5,0.499999,0.499999,0.499997,0.499996,0.499993,0.499988,0.499981,0.499971,0.499956,0.499937,0.49991,0.499876,0.499834,0.499783,0.499724,0.499657,0.499585,0.49951,0.499435,0.499365,0.499303,0.499252,0.499216,0.499198,0.499198,0.499216,0.499252,0.499303,0.499365,0.499435,0.49951,0.499585,0.499657,0.499724,0.499783,0.499834,0.499876,0.49991,0.499937,0.499956,0.499971,0.499981,0.499988,0.499993,0.499996,0.499997,0.499999,0.499999,0.5,0.5,0.5,0.5,0.5,0.5,0.5,0.5
0.5,0.5,0.5,0.5,0.5,0.5,0.5,0.499999,0.499999,0.499997,0.499995,0.499992,0.499986,0.499978,0.499965,0.499946,0.499919,0.499883,0.499836,0.499775,0.499699,0.499609,0.499505,0.499388,0.499262,0.499131,0.499002,0.498881,0.498774,0.498687,0.498626,0.498594,0.498594,0.498626,0.498687,0.498774,0.498881,0.499002,0.499131,0.499262,0.499388,0.499505,0.499609,0.499699,0.499775,0.499836,0.499883,0.499919,0.499946,0.499965,0.499978,0.499986,0.499992,0.499995,0.499997,0.499999,0.499999,0.5,0.5,0.5,0.5,0.5,0.5,0.5
0.5,0.5,0.5,0.5,0.5,0.5,0.499999,0.499999,0.499997,0.499995,0.499991,0.499985,0.499975,0.499959,0.499936,0.499903,0.499856,0.499792,0.499709,0.499604,0.499474,0.499319,0.499141,0.498943,0.498731,0.498512,0.498297,0.498095,0.497917,0.497773,0.497672,0.49762,0.49762,0.497672,0.497773,0.497917,0.498095,0.498297,0.498512,0.498731,0.498943,0.499141,0.499319,0.499474,0.499604,0.499709,0.499792,0.499856,0.499903,0.499936,0.499959,0.499975,0.499985,0.499991,0.499995,0.499997,0.499999,0.499999,0.5,0.5,0.5,0.5,0.5,0.5
0.5,0.5,0.5,0.5,0.5,0.499999,0.499999,0.499997,0.499995,0.499991,0.499984,0.499973,0.499955,0.499928,0.499888,0.49983,0.49975,0.499642,0.499502,0.499324,0.499108,0.498852,0.498559,0.498235,0.49789,0.497537,0.49719,0.496865,0.496581,0.496352,0.496192,0.496109,0.496109,0.496192,0.496352,0.496581,0.496865,0.49719,0.497537,0.49789,0.498235,0.498559,0.498852,0.499108,0.499324,0.499502,0.499642,0.49975,0.49983,0.499888,0.499928,0.499955,0.499973,0.499984,0.499991,0.499995,0.499997,0.499999,0.499999,0.5,0.5,0.5,0.5,0.5
0.5,0.5,0.5,0.5,0.499999,0.499999,0.499997,0.499995,0.499991,0.499984,0.499972,0.499953,0.499923,0.499877,0.499809,0.499713,0.49958,0.499402,0.499173,0.498885,0.498536,0.498126,0.497661,0.497149,0.496608,0.496056,0.495517,0.495016,0.494578,0.494226,0.49398,0.493854,0.493854,0.49398,0.494226,0.494578,0.495016,0.495517,0.496056,0.496608,0.497149,0.497661,0.498126,0.498536,0.498885,0.499173,0.499402,0.49958,0.499713,0.499809,0.499877,0.499923,0.499953,0.499972,0.499984,0.499991,0.499995,0.499997,0.499999,0.499999,0.5,0.5,0.5,0.5
0.5,0.5,0.5,0.499999,0.499999,0.499998,0.499996,0.499992,0.499985,0.499973,0.499953,0.499921,0.499871,0.499795,0.499685,0.499529,0.499315,0.499032,0.498669,0.498218,0.497674,0.49704,0.496325,0.495545,0.494725,0.493893,0.493086,0.492339,0.491689,0.491168,0.490805,0.490618,0.490618,0.490805,0.491168,0.491689,0.492339,0.493086,0.493893,0.494725,0.495545,0.496325,0.49704,0.497674,0.498218,0.498669,0.499032,0.499315,0.499529,0.499685,0.499795,0.499871,0.499921,0.499953,0.499973,0.499985,0.499992,0.499996,0.499998,0.499999,0.499999,0.5,0.5,0.5
0.5,0.5,0.5,0.499999,0.499998,0.499996,0.499993,0.499986,0.499975,0.499955,0.499923,0.499871,0.49979,0.49967,0.499495,0.499251,0.498919,0.498482,0.497925,0.497239,0.496419,0.495471,0.49441,0.493261,0.492061,0.490853,0.489686,0.488613,0.487683,0.486941,0.486424,0.486159,0.486159,0.486424,0.486941,0.487683,0.488613,0.489686,0.490853,0.492061,0.493261,0.49441,0.495471,0.496419,0.497239,0.497925,0.498482,0.498919,0.499251,0.499495,0.49967,0.49979,0.499871,0.499923,0.499955,0.499975,0.499986,0.499993,0.499996,0.499998,0.499999,0.5,0.5,0.5
0.5,0.5,0.499999,0.499998,0.499997,0.499994,0.499988,0.499978,0.499959,0.499928,0.499877,0.499795,0.49967,0.499484,0.499216,0.498844,0.498343,0.497689,0.496864,0.495854,0.494658,0.493286,0.491763,0.490129,0.488433,0.486739,0.485114,0.483627,0.482345,0.481327,0.48062,0.480258,0.480258,0.48062,0.481327,0.482345,0.483627,0.485114,0.486739,0.488433,0.490129,0.491763,0.493286,0.494658,0.495854,0.496864,0.497689,0.498343,0.498844,0.499216,0.499484,0.49967,0.499795,0.499877,0.499928,0.499959,0.499978,0.499988,0.499994,0.499997,0.499998,0.499999,0.5,0.5
0.499999,0.499999,0.499999,0.499998,0.499995,0.49999,0.499981,0.499965,0.499936,0.499888,0.499809,0.499685,0.499495,0.499216,0.498818,0.498269,0.497536,0.496587,0.4954,0.493961,0.492271,0.490351,0.488239,0.48599,0.483678,0.481385,0.479202,0.477217,0.475516,0.474171,0.47324,0.472764,0.472764,0.47324,0.474171,0.475516,0.477217,0.479202,0.481385,0.483678,0.48599,0.488239,0.490351,0.492271,0.493961,0.4954,0.496587,0.497536,0.498269,0.498818,0.499216,0.499495,0.499685,0.499809,0.499888,0.499936,0.499965,0.499981,0.49999,0.499995,0.499998,0.499999,0.499999,0.499999
0.499999,0.499999,0.499998,0.499996,0.499992,0.499985,0.499971,0.499946,0.499903,0.49983,0.499713,0.499529,0.499251,0.498844,0.498269,0.497482,0.496441,0.495106,0.49345,0.491462,0.489151,0.486549,0.483714,0.480724,0.477678,0.474684,0.471855,0.469303,0.467129,0.465419,0.46424,0.463639,0.463639,0.46424,0.465419,0.467129,0.469303,0.471855,0.474684,0.477678,0.480724,0.483714,0.486549,0.489151,0.491462,0.49345,0.495106,0.496441,0.497482,0.498269,0.498844,0.499251,0.499529,0.499713,0.49983,0.499903,0.499946,0.499971,0.499985,0.499992,0.499996,0.499998,0.499999,0.499999
0.499998,0.499998,0.499997,0.499994,0.499988,0.499977,0.499956,0.499919,0.499856,0.49975,0.49958,0.499315,0.498919,0.498343,0.497536,0.496441,0.495004,0.49318,0.49094,0.488277,0.485212,0.481797,0.478114,0.474271,0.470394,0.46662,0.463087,0.459926,0.457252,0.45516,0.453725,0.452995,0.452995,0.453725,0.45516,0.457252,0.459926,0.463087,0.46662,0.470394,0.474271,0.478114,0.481797,0.485212,0.488277,0.49094,0.49318,0.495004,0.496441,0.497536,0.498343,0.498919,0.499315,0.49958,0.49975,0.499856,0.499919,0.499956,0.499977,0.499988,0.499994,0.499997,0.499998,0.499998
0.499997,0.499997,0.499996,0.499991,0.499983,0.499967,0.499937,0.499883,0.499792,0.499642,0.499402,0.499032,0.498482,0.497689,0.496587,0.495106,0.49318,0.490759,0.487816,0.484354,0.480412,0.476069,0.471436,0.466656,0.461888,0.457296,0.453042,0.44927,0.446106,0.443648,0.44197,0.441119,0.441119,0.44197,0.443648,0.446106,0.44927,0.453042,0.457296,0.461888,0.466656,0.471436,0.476069,0.480412,0.484354,0.487816,0.490759,0.49318,0.495106,0.496587,0.497689,0.498482,0.499032,0.499402,0.499642,0.499792,0.499883,0.499937,0.499967,0.499983,0.499991,0.499996,0.499997,0.499997
0.499996,0.499996,0.499994,0.499988,0.499976,0.499952,0.49991,0.499836,0.499709,0.499502,0.499173,0.498669,0.497925,0.496864,0.4954,0.49345,0.49094,0.487816,0.484058,0.479686,0.474765,0.469406,0.46376,0.458006,0.452336,0.446942,0.442002,0.43767,0.43407,0.431297,0.429415,0.428464,0.428464,0.429415,0.431297,0.43407,0.43767,0.442002,0.446942,0.452336,0.458006,0.46376,0.469406,0.474765,0.479686,0.484058,0.487816,0.49094,0.49345,0.4954,0.496864,0.497925,0.498669,0.499173,0.499502,0.499709,0.499836,0.49991,0.499952,0.499976,0.499988,0.499994,0.499996,0.499996
0.499995,0.499995,0.499991,0.499983,0.499966,0.499934,0.499876,0.499775,0.499604,0.499324,0.498885,0.498218,0.497239,0.495854,0.493961,0.491462,0.488277,0.484354,0.479686,0.474317,0.468347,0.461928,0.455254,0.448544,0.442023,0.435904,0.430374,0.425587,0.421653,0.418652,0.41663,0.415613,0.415613,0.41663,0.418652,0.421653,0.425587,0.430374,0.435904,0.442023,0.448544,0.455254,0.461928,0.468347,0.474317,0.479686,0.484354,0.488277,0.491462,0.493961,0.495854,0.497239,0.498218,0.498885,0.499324,0.499604,0.499775,0.499876,0.499934,0.499966,0.499983,0.499991,0.499995,0.499995
0.499992,0.499992,0.499988,0.499977,0.499954,0.499911,0.499834,0.499699,0.499474,0.499108,0.498536,0.497674,0.496419,0.494658,0.492271,0.489151,0.485212,0.480412,0.474765,0.468347,0.461302,0.453829,0.44617,0.438583,0.431323,0.424617,0.418652,0.413563,0.40944,0.40633,0.404255,0.403217,0.403217,0.404255,0.40633,0.40944,0.413563,0.418652,0.424617,0.431323,0.438583,0.44617,0.453829,0.461302,0.468347,0.474765,0.480412,0.485212,0.489151,0.492271,0.494658,0.496419,0.497674,0.498536,0.499108,0.499474,0.499699,0.499834,0.499911,0.499954,0.499977,0.499988,0.499992,0.499992
0.49999,0.49999,0.499984,0.499969,0.499939,0.499883,0.499783,0.499609,0.499319,0.498852,0.498126,0.49704,0.495471,0.493286,0.490351,0.486549,0.481797,0.476069,0.469406,0.461928,0.453829,0.445362,0.436817,0.428491,0.420661,0.413558,0.407355,0.402158,0.398019,0.394944,0.392915,0.391909,0.391909,0.392915,0.394944,0.398019,0.402158,0.407355,0.413558,0.420661,0.428491,0.436817,0.445362,0.453829,0.461928,0.469406,0.476069,0.481797,0.486549,0.490351,0.493286,0.495471,0.49704,0.498126,0.498852,0.499319,0.499609,0.499783,0.499883,0.499939,0.499969,0.499984,0.49999,0.49999
0.499987,0.499987,0.499979,0.49996,0.499922,0.499851,0.499724,0.499505,0.499141,0.498559,0.497661,0.496325,0.49441,0.491763,0.488239,0.483714,0.478114,0.471436,0.46376,0.455254,0.44617,0.436817,0.427534,0.418652,0.410461,0.403186,0.39697,0.391878,0.387909,0.385017,0.38314,0.382219,0.382219,0.38314,0.385017,0.387909,0.391878,0.39697,0.403186,0.410461,0.418652,0.427534,0.436817,0.44617,0.455254,0.46376,0.471436,0.478114,0.483714,0.488239,0.491763,0.49441,0.496325,0.497661,0.498559,0.499141,0.499505,0.499724,0.499851,0.499922,0.49996,0.499979,0.499987,0.499987
0.499983,0.499983,0.499974,0.49995,0.499902,0.499814,0.499657,0.499388,0.498943,0.498235,0.497149,0.495545,0.493261,0.490129,0.48599,0.480724,0.474271,0.466656,0.458006,0.448544,0.438583,0.428491,0.418652,0.409424,0.401101,0.393887,0.387886,0.383106,0.379486,0.37692,0.375291,0.374504,0.374504,0.375291,0.37692,0.379486,0.383106,0.387886,0.393887,0.401101,0.409424,0.418652,0.428491,0.438583,0.448544,0.458006,0.466656,0.474271,0.480724,0.48599,0.490129,0.493261,0.495545,0.497149,0.498235,0.498943,0.499388,0.499657,0.499814,0.499902,0.49995,0.499974,0.499983,0.499983
0.49998,0.49998,0.499968,0.499939,0.499881,0.499774,0.499585,0.499262,0.498731,0.49789,0.496608,0.494725,0.492061,0.488433,0.483678,0.477678,0.470394,0.461888,0.452336,0.442023,0.431323,0.420661,0.410461,0.401101,0.392868,0.385933,0.380351,0.376065,0.372945,0.370819,0.369518,0.368904,0.368904,0.369518,0.370819,0.372945,0.376065,0.380351,0.385933,0.392868,0.401101,0.410461,0.420661,0.431323,0.442023,0.452336,0.461888,0.470394,0.477678,0.483678,0.488433,0.492061,0.494725,0.496608,0.49789,0.498731,0.499262,0.499585,0.499774,0.499881,0.499939,0.499968,0.49998,0.49998
0.499976,0.499976,0.499961,0.499927,0.499859,0.499733,0.49951,0.499131,0.498512,0.497537,0.496056,0.493893,0.490853,0.486739,0.481385,0.474684,0.46662,0.457296,0.446942,0.435904,0.424617,0.413558,0.403186,0.393887,0.385933,0.379457,0.374452,0.370795,0.368282,0.366676,0.365752,0.365338,0.365338,0.365752,0.366676,0.368282,0.370795,0.374452,0.379457,0.385933,0.393887,0.403186,0.413558,0.424617,0.435904,0.446942,0.457296,0.46662,0.474684,0.481385,0.486739,0.490853,0.493893,0.496056,0.497537,0.498512,0.499131,0.49951,0.499733,0.499859,0.499927,0.499961,0.499976,0.499976
0.499971,0.499971,0.499955,0.499915,0.499836,0.499691,0.499435,0.499002,0.498297,0.49719,0.495517,0.493086,0.489686,0.485114,0.479202,0.471855,0.463087,0.453042,0.442002,0.430374,0.418652,0.407355,0.39697,0.387886,0.380351,0.374452,0.370122,0.367167,0.365313,0.364262,0.363737,0.36353,0.36353,0.363737,0.364262,0.365313,0.367167,0.370122,0.374452,0.380351,0.387886,0.39697,0.407355,0.418652,0.430374,0.442002,0.453042,0.463087,0.471855,0.479202,0.485114,0.489686,0.493086,0.495517,0.49719,0.498297,0.499002,0.499435,0.499691,0.499836,0.499915,0.499955,0.499971,0.499971
0.499968,0.499968,0.499949,0.499904,0.499815,0.499652,0.499365,0.498881,0.498095,0.496865,0.495016,0.492339,0.488613,0.483627,0.477217,0.469303,0.459926,0.44927,0.43767,0.425587,0.413563,0.402158,0.391878,0.383106,0.376065,0.370795,0.367167,0.364922,0.363723,0.363214,0.363076,0.363071,0.363071,0.363076,0.363214,0.363723,0.364922,0.367167,0.370795,0.376065,0.383106,0.391878,0.402158,0.413563,0.425587,0.43767,0.44927,0.459926,0.469303,0.477217,0.483627,0.488613,0.492339,0.495016,0.496865,0.498095,0.498881,0.499365,0.499652,0.499815,0.499904,0.499949,0.499968,0.499968
0.499964,0.499964,0.499943,0.499894,0.499796,0.499617,0.499303,0.498774,0.497917,0.496581,0.494578,0.491689,0.487683,0.482345,0.475516,0.467129,0.457252,0.446106,0.43407,0.421653,0.40944,0.398019,0.387909,0.379486,0.372945,0.368282,0.365313,0.363723,0.363119,0.363098,0.363306,0.36348,0.36348,0.363306,0.363098,0.363119,0.363723,0.365313,0.368282,0.372945,0.379486,0.387909,0.398019,0.40944,0.421653,0.43407,0.446106,0.457252,0.467129,0.475516,0.482345,0.487683,0.491689,0.494578,0.496581,0.497917,0.498774,0.499303,0.499617,0.499796,0.499894,0.499943,0.499964,0.499964
0.499961,0.499961,0.499939,0.499885,0.49978,0.499588,0.499252,0.498687,0.497773,0.496352,0.494226,0.491168,0.486941,0.481327,0.474171,0.465419,0.45516,0.443648,0.431297,0.418652,0.40633,0.394944,0.385017,0.37692,0.370819,0.366676,0.364262,0.363214,0.363098,0.363476,0.363964,0.364282,0.364282,0.363964,0.363476,0.363098,0.363214,0.364262,0.366676,0.370819,0.37692,0.385017,0.394944,0.40633,0.418652,0.431297,0.443648,0.45516,0.465419,0.474171,0.481327,0.486941,0.491168,0.494226,0.496352,0.497773,0.498687,0.499252,0.499588,0.49978,0.499885,0.499939,0.499961,0.499961
0.499959,0.499959,0.499936,0.49988,0.499769,0.499568,0.499216,0.498626,0.497672,0.496192,0.49398,0.490805,0.486424,0.48062,0.47324,0.46424,0.453725,0.44197,0.429415,0.41663,0.404255,0.392915,0.38314,0.375291,0.369518,0.365752,0.363737,0.363076,0.363306,0.363964,0.364649,0.365068,0.365068,0.364649,0.363964,0.363306,0.363076,0.363737,0.365752,0.369518,0.375291,0.38314,0.392915,0.404255,0.41663,0.429415,0.44197,0.453725,0.46424,0.47324,0.48062,0.486424,0.490805,0.49398,0.496192,0.497672,0.498626,0.499216,0.499568,0.499769,0.49988,0.499936,0.499959,0.499959
0.499958,0.499958,0.499934,0.499877,0.499764,0.499558,0.499198,0.498594,0.49762,0.496109,0.493854,0.490618,0.486159,0.480258,0.472764,0.463639,0.452995,0.441119,0.428464,0.415613,0.403217,0.391909,0.382219,0.374504,0.368904,0.365338,0.36353,0.363071,0.36348,0.364282,0.365068,0.36554,0.36554,0.365068,0.364282,0.36348,0.363071,0.36353,0.365338,0.368904,0.374504,0.382219,0.391909,0.403217,0.415613,0.428464,0.441119,0.452995,0.463639,0.472764,0.480258,0.486159,0.490618,0.493854,0.496109,0.49762,0.498594,0.499198,0.499558,0.499764,0.499877,0.499934,0.499958,0.499958
0.499958,0.499958,0.499934,0.499877,0.499764,0.499558,0.499198,0.498594,0.49762,0.496109,0.493854,0.490618,0.486159,0.480258,0.472764,0.463639,0.452995,0.441119,0.428464,0.415613,0.403217,0.391909,0.382219,0.374504,0.368904,0.365338,0.36353,0.363071,0.36348,0.364282,0.365068,0.36554,0.36554,0.365068,0.364282,0.36348,0.363071,0.36353,0.365338,0.368904,0.374504,0.382219,0.391909,0.403217,0.415613,0.428464,0.441119,0.452995,0.463639,0.472764,0.480258,0.486159,0.490618,0.493854,0.496109,0.49762,0.498594,0.499198,0.499558,0.499764,0.499877,0.499934,0.499958,0.499958
0.499959,0.499959,0.499936,0.49988,0.499769,0.499568,0.499216,0.498626,0.497672,0.496192,0.49398,0.490805,0.486424,0.48062,0.47324,0.46424,0.453725,0.44197,0.429415,0.41663,0.404255,0.392915,0.38314,0.375291,0.369518,0.365752,0.363737,0.363076,0.363306,0.363964,0.364649,0.365068,0.365068,0.364649,0.363964,0.363306,0.363076,0.363737,0.365752,0.369518,0.375291,0.38314,0.392915,0.404255,0.41663,0.429415,0.44197,0.453725,0.46424,0.47324,0.48062,0.486424,0.490805,0.49398,0.496192,0.497672,0.498626,0.499216,0.499568,0.499769,0.49988,0.499936,0.499959,0.499959
0.499961,0.499961,0.499939,0.499885,0.49978,0.499588,0.499252,0.498687,0.497773,0.496352,0.494226,0.491168,0.486941,0.481327,0.474171,0.465419,0.45516,0.443648,0.431297,0.418652,0.40633,0.394944,0.385017,0.37692,0.370819,0.366676,0.364262,0.363214,0.363098,0.363476,0.363964,0.364282,0.364282,0.363964,0.363476,0.363098,0.363214,0.364262,0.366676,0.370819,0.37692,0.385017,0.394944,0.40633,0.418652,0.431297,0.443648,0.45516,0.465419,0.474171,0.481327,0.486941,0.491168,0.494226,0.496352,0.497773,0.498687,0.499252,0.499588,0.49978,0.499885,0.499939,0.499961,0.499961
0.499964,0.499964,0.499943,0.499894,0.499796,0.499617,0.499303,0.498774,0.497917,0.496581,0.494578,0.491689,0.487683,0.482345,0.475516,0.467129,0.457252,0.446106,0.43407,0.421653,0.40944,0.398019,0.387909,0.379486,0.372945,0.368282,0.365313,0.363723,0.363119,0.363098,0.363306,0.36348,0.36348,0.363306,0.363098,0.363119,0.363723,0.365313,0.368282,0.372945,0.379486,0.387909,0.398019,0.40944,0.421653,0.43407,0.446106,0.457252,0.467129,0.475516,0.482345,0.487683,0.491689,0.494578,0.496581,0.497917,0.498774,0.499303,0.499617,0.499796,0.499894,0.499943,0.499964,0.499964
0.499968,0.499968,0.499949,0.499904,0.499815,0.499652,0.499365,0.498881,0.498095,0.496865,0.495016,0.492339,0.488613,0.483627,0.477217,0.469303,0.459926,0.44927,0.43767,0.425587,0.413563,0.402158,0.391878,0.383106,0.376065,0.370795,0.367167,0.364922,0.363723,0.363214,0.363076,0.363071,0.363071,0.363076,0.363214,0.363723,0.364922,0.367167,0.370795,0.376065,0.383106,0.391878,0.402158,0.413563,0.425587,0.43767,0.44927,0.459926,0.469303,0.477217,0.483627,0.488613,0.492339,0.495016,0.496865,0.498095,0.498881,0.499365,0.499652,0.499815,0.499904,0.499949,0.499968,0.499968
0.499971,0.499971,0.499955,0.499915,0.499836,0.499691,0.499435,0.499002,0.498297,0.49719,0.495517,0.493086,0.489686,0.485114,0.479202,0.471855,0.463087,0.453042,0.442002,0.430374,0.418652,0.407355,0.39697,0.387886,0.380351,0.374452,0.370122,0.367167,0.365313,0.364262,0.363737,0.36353,0.36353,0.363737,0.364262,0.365313,0.367167,0.370122,0.374452,0.380351,0.387886,0.39697,0.407355,0.418652,0.430374,0.442002,0.453042,0.463087,0.471855,0.479202,0.485114,0.489686,0.493086,0.495517,0.49719,0.498297,0.499002,0.499435,0.499691,0.499836,0.499915,0.499955,0.499971,0.499971
0.499976,0.499976,0.499961,0.499927,0.499859,0.499733,0.49951,0.499131,0.498512,0.497537,0.496056,0.493893,0.490853,0.486739,0.481385,0.474684,0.46662,0.457296,0.446942,0.435904,0.424617,0.413558,0.403186,0.393887,0.385933,0.379457,0.374452,0.370795,0.368282,0.366676,0.365752,0.365338,0.365338,0.365752,0.366676,0.368282,0.370795,0.374452,0.379457,0.385933,0.393887,0.403186,0.413558,0.424617,0.435904,0.446942,0.457296,0.46662,0.474684,0.481385,0.486739,0.490853,0.493893,0.496056,0.497537,0.498512,0.499131,0.49951,0.499733,0.499859,0.499927,0.499961,0.499976,0.499976
0.49998,0.49998,0.499968,0.499939,0.499881,0.499774,0.499585,0.499262,0.498731,0.49789,0.496608,0.494725,0.492061,0.488433,0.483678,0.477678,0.470394,0.461888,0.452336,0.442023,0.431323,0.420661,0.410461,0.401101,0.392868,0.385933,0.380351,0.376065,0.372945,0.370819,0.369518,0.368904,0.368904,0.369518,0.370819,0.372945,0.376065,0.380351,0.385933,0.392868,0.401101,0.410461,0.420661,0.431323,0.442023,0.452336,0.461888,0.470394,0.477678,0.483678,0.488433,0.492061,0.494725,0.496608,0.49789,0.498731,0.499262,0.499585,0.499774,0.499881,0.499939,0.499968,0.49998,0.49998
0.499983,0.499983,0.499974,0.49995,0.499902,0.499814,0.499657,0.499388,0.498943,0.498235,0.497149,0.495545,0.493261,0.490129,0.48599,0.480724,0.474271,0.466656,0.458006,0.448544,0.438583,0.428491,0.418652,0.409424,0.401101,0.393887,0.387886,0.383106,0.379486,0.37692,0.375291,0.374504,0.374504,0.375291,0.37692,0.379486,0.383106,0.387886,0.393887,0.401101,0.409424,0.418652,0.428491,0.438583,0.448544,0.458006,0.466656,0.474271,0.480724,0.48599,0.490129,0.493261,0.495545,0.497149,0.498235,0.498943,0.499388,0.499657,0.499814,0.499902,0.49995,0.499974,0.499983,0.499983
0.499987,0.499987,0.499979,0.49996,0.499922,0.499851,0.499724,0.499505,0.499141,0.498559,0.497661,0.496325,0.49441,0.491763,0.488239,0.483714,0.478114,0.471436,0.46376,0.455254,0.44617,0.436817,0.427534,0.418652,0.410461,0.403186,0.39697,0.391878,0.387909,0.385017,0.38314,0.382219,0.382219,0.38314,0.385017,0.387909,0.391878,0.39697,0.403186,0.410461,0.418652,0.427534,0.436817,0.44617,0.455254,0.46376,0.471436,0.478114,0.483714,0.488239,0.491763,0.49441,0.496325,0.497661,0.498559,0.499141,0.499505,0.499724,0.499851,0.499922,0.49996,0.499979,0.499987,0.499987
0.49999,0.49999,0.499984,0.499969,0.499939,0.499883,0.499783,0.499609,0.499319,0.498852,0.498126,0.49704,0.495471,0.493286,0.490351,0.486549,0.481797,0.476069,0.469406,0.461928,0.453829,0.445362,0.436817,0.428491,0.420661,0.413558,0.407355,0.402158,0.398019,0.394944,0.392915,0.391909,0.391909,0.392915,0.394944,0.398019,0.402158,0.407355,0.413558,0.420661,0.428491,0.436817,0.445362,0.453829,0.461928,0.469406,0.476069,0.481797,0.486549,0.490351,0.493286,0.495471,0.49704,0.498126,0.498852,0.499319,0.499609,0.499783,0.499883,0.499939,0.499969,0.499984,0.49999,0.49999
0.499992,0.499992,0.499988,0.499977,0.499954,0.499911,0.499834,0.499699,0.499474,0.499108,0.498536,0.497674,0.496419,0.494658,0.492271,0.489151,0.485212,0.480412,0.474765,0.468347,0.461302,0.453829,0.44617,0.438583,0.431323,0.424617,0.418652,0.413563,0.40944,0.40633,0.404255,0.403217,0.403217,0.404255,0.40633,0.40944,0.413563,0.418652,0.424617,0.431323,0.438583,0.44617,0.453829,0.461302,0.468347,0.474765,0.480412,0.485212,0.489151,0.492271,0.494658,0.496419,0.497674,0.498536,0.499108,0.499474,0.499699,0.499834,0.499911,0.499954,0.499977,0.499988,0.499992,0.499992
0.499995,0.499995,0.499991,0.499983,0.499966,0.499934,0.499876,0.499775,0.499604,0.499324,0.498885,0.498218,0.497239,0.495854,0.493961,0.491462,0.488277,0.484354,0.479686,0.474317,0.468347,0.461928,0.455254,0.448544,0.442023,0.435904,0.430374,0.425587,0.421653,0.418652,0.41663,0.415613,0.415613,0.41663,0.418652,0.421653,0.425587,0.430374,0.435904,0.442023,0.448544,0.455254,0.461928,0.468347,0.474317,0.479686,0.484354,0.488277,0.491462,0.493961,0.495854,0.497239,0.498218,0.498885,0.499324,0.499604,0.499775,0.499876,0.499934,0.499966,0.499983,0.499991,0.499995,0.499995
0.499996,0.499996,0.499994,0.499988,0.499976,0.499952,0.49991,0.499836,0.499709,0.499502,0.499173,0.498669,0.497925,0.496864,0.4954,0.49345,0.49094,0.487816,0.484058,0.479686,0.474765,0.469406,0.46376,0.458006,0.452336,0.446942,0.442002,0.43767,0.43407,0.431297,0.429415,0.428464,0.428464,0.429415,0.431297,0.43407,0.43767,0.442002,0.446942,0.452336,0.458006,0.46376,0.469406,0.474765,0.479686,0.484058,0.487816,0.49094,0.49345,0.4954,0.496864,0.497925,0.498669,0.499173,0.499502,0.499709,0.499836,0.49991,0.499952,0.499976,0.499988,0.499994,0.499996,0.499996
0.499997,0.499997,0.499996,0.499991,0.499983,0.499967,0.499937,0.499883,0.499792,0.499642,0.499402,0.499032,0.498482,0.497689,0.496587,0.495106,0.49318,0.490759,0.487816,0.484354,0.480412,0.476069,0.471436,0.466656,0.461888,0.457296,0.453042,0.44927,0.446106,0.443648,0.44197,0.441119,0.441119,0.44197,0.443648,0.446106,0.44927,0.453042,0.457296,0.461888,0.466656,0.471436,0.476069,0.480412,0.484354,0.487816,0.490759,0.49318,0.495106,0.496587,0.497689,0.498482,0.499032,0.499402,0.499642,0.499792,0.499883,0.499937,0.499967,0.499983,0.499991,0.499996,0.499997,0.499997
0.499998,0.499998,0.499997,0.499994,0.499988,0.499977,0.499956,0.499919,0.499856,0.49975,0.49958,0.499315,0.498919,0.498343,0.497536,0.496441,0.495004,0.49318,0.49094,0.488277,0.485212,0.481797,0.478114,0.474271,0.470394,0.46662,0.463087,0.459926,0.457252,0.45516,0.453725,0.452995,0.452995,0.453725,0.45516,0.457252,0.459926,0.463087,0.46662,0.470394,0.474271,0.478114,0.481797,0.485212,0.488277,0.49094,0.49318,0.495004,0.496441,0.497536,0.498343,0.498919,0.499315,0.49958,0.49975,0.499856,0.499919,0.499956,0.499977,0.499988,0.499994,0.499997,0.499998,0.499998
0.499999,0.499999,0.499998,0.499996,0.499992,0.499985,0.499971,0.499946,0.499903,0.49983,0.499713,0.499529,0.499251,0.498844,0.498269,0.497482,0.496441,0.495106,0.49345,0.491462,0.489151,0.486549,0.483714,0.480724,0.477678,0.474684,0.471855,0.469303,0.467129,0.465419,0.46424,0.463639,0.463639,0.46424,0.465419,0.467129,0.469303,0.471855,0.474684,0.477678,0.480724,0.483714,0.486549,0.489151,0.491462,0.49345,0.495106,0.496441,0.497482,0.498269,0.498844,0.499251,0.499529,0.499713,0.49983,0.499903,0.499946,0.499971,0.499985,0.499992,0.499996,0.499998,0.499999,0.499999
0.499999,0.499999,0.499999,0.499998,0.499995,0.49999,0.499981,0.499965,0.499936,0.499888,0.499809,0.499685,0.499495,0.499216,0.498818,0.498269,0.497536,0.496587,0.4954,0.493961,0.492271,0.490351,0.488239,0.48599,0.483678,0.481385,0.479202,0.477217,0.475516,0.474171,0.47324,0.472764,0.472764,0.47324,0.474171,0.475516,0.477217,0.479202,0.481385,0.483678,0.48599,0.488239,0.490351,0.492271,0.493961,0.4954,0.496587,0.497536,0.498269,0.498818,0.499216,0.499495,0.499685,0.499809,0.499888,0.499936,0.499965,0.499981,0.49999,0.499995,0.499998,0.499999,0.499999,0.499999
0.5,0.5,0.499999,0.499998,0.499997,0.499994,0.499988,0.499978,0.499959,0.499928,0.499877,0.499795,0.49967,0.499484,0.499216,0.498844,0.498343,0.497689,0.496864,0.495854,0.494658,0.493286,0.491763,0.490129,0.488433,0.486739,0.485114,0.483627,0.482345,0.481327,0.48062,0.480258,0.480258,0.48062,0.481327,0.482345,0.483627,0.485114,0.486739,0.488433,0.490129,0.491763,0.493286,0.494658,0.495854,0.496864,0.497689,0.498343,0.498844,0.499216,0.499484,0.49967,0.499795,0.499877,0.499928,0.499959,0.499978,0.499988,0.499994,0.499997,0.499998,0.499999,0.5,0.5
0.5,0.5,0.5,0.499999,0.499998,0.499996,0.499993,0.499986,0.499975,0.499955,0.499923,0.499871,0.49979,0.49967,0.499495,0.499251,0.498919,0.498482,0.497925,0.497239,0.496419,0.495471,0.49441,0.493261,0.492061,0.490853,0.489686,0.488613,0.487683,0.486941,0.486424,0.486159,0.486159,0.486424,0.486941,0.487683,0.488613,0.489686,0.490853,0.492061,0.493261,0.49441,0.495471,0.496419,0.497239,0.497925,0.498482,0.498919,0.499251,0.499495,0.49967,0.49979,0.499871,0.499923,0.499955,0.499975,0.499986,0.499993,0.499996,0.499998,0.499999,0.5,0.5,0.5
0.5,0.5,0.5,0.499999,0.499999,0.499998,0.499996,0.499992,0.499985,0.499973,0.499953,0.499921,0.499871,0.499795,0.499685,0.499529,0.499315,0.499032,0.498669,0.498218,0.497674,0.49704,0.496325,0.495545,0.494725,0.493893,0.493086,0.492339,0.491689,0.491168,0.490805,0.490618,0.490618,0.490805,0.491168,0.491689,0.492339,0.493086,0.493893,0.494725,0.495545,0.496325,0.49704,0.497674,0.498218,0.498669,0.499032,0.499315,0.499529,0.499685,0.499795,0.499871,0.499921,0.499953,0.499973,0.499985,0.499992,0.499996,0.499998,0.499999,0.499999,0.5,0.5,0.5
0.5,0.5,0.5,0.5,0.499999,0.499999,0.499997,0.499995,0.499991,0.499984,0.499972,0.499953,0.499923,0.499877,0.499809,0.499713,0.49958,0.499402,0.499173,0.498885,0.498536,0.498126,0.497661,0.497149,0.496608,0.496056,0.495517,0.495016,0.494578,0.494226,0.49398,0.493854,0.493854,0.49398,0.494226,0.494578,0.495016,0.495517,0.496056,0.496608,0.497149,0.497661,0.498126,0.498536,0.498885,0.499173,0.499402,0.49958,0.499713,0.499809,0.499877,0.499923,0.499953,0.499972,0.499984,0.499991,0.499995,0.499997,0.499999,0.499999,0.5,0.5,0.5,0.5
0.5,0.5,0.5,0.5,0.5,0.499999,0.499999,0.499997,0.499995,0.499991,0.499984,0.499973,0.499955,0.499928,0.499888,0.49983,0.49975,0.499642,0.499502,0.499324,0.499108,0.498852,0.498559,0.498235,0.49789,0.497537,0.49719,0.496865,0.496581,0.496352,0.496192,0.496109,0.496109,0.496192,0.496352,0.496581,0.496865,0.49719,0.497537,0.49789,0.498235,0.498559,0.498852,0.499108,0.499324,0.499502,0.499642,0.49975,0.49983,0.499888,0.499928,0.499955,0.499973,0.499984,0.499991,0.499995,0.499997,0.499999,0.499999,0.5,0.5,0.5,0.5,0.5
0.5,0.5,0.5,0.5,0.5,0.5,0.499999,0.499999,0.499997,0.499995,0.499991,0.499985,0.499975,0.499959,0.499936,0.499903,0.499856,0.499792,0.499709,0.499604,0.499474,0.499319,0.499141,0.498943,0.498731,0.498512,0.498297,0.498095,0.497917,0.497773,0.497672,0.49762,0.49762,0.497672,0.497773,0.497917,0.498095,0.498297,0.498512,0.498731,0.498943,0.499141,0.499319,0.499474,0.499604,0.499709,0.499792,0.499856,0.499903,0.499936,0.499959,0.499975,0.499985,0.499991,0.499995,0.499997,0.499999,0.499999,0.5,0.5,0.5,0.5,0.5,0.5
0.5,0.5,0.5,0.5,0.5,0.5,0.5,0.499999,0.499999,0.499997,0.499995,0.499992,0.499986,0.499978,0.499965,0.499946,0.499919,0.499883,0.499836,0.499775,0.499699,0.499609,0.499505,0.499388,0.499262,0.499131,0.499002,0.498881,0.498774,0.498687,0.498626,0.498594,0.498594,0.498626,0.498687,0.498774,0.498881,0.499002,0.499131,0.499262,0.499388,0.499505,0.499609,0.499699,0.499775,0.499836,0.499883,0.499919,0.499946,0.499965,0.499978,0.499986,0.499992,0.499995,0.499997,0.499999,0.499999,0.5,0.5,0.5,0.5,0.5,0.5,0.5
0.5,0.5,0.5,0.5,0.5,0.5,0.5,0.5,0.499999,0.499999,0.499997,0.499996,0.499993,0.499988,0.499981,0.499971,0.499956,0.499937,0.49991,0.499876,0.499834,0.499783,0.499724,0.499657,0.499585,0.49951,0.499435,0.499365,0.499303,0.499252,0.499216,0.499198,0.499198,0.499216,0.499252,0.499303,0.499365,0.499435,0.49951,0.499585,0.499657,0.499724,0.499783,0.499834,0.499876,0.49991,0.499937,0.499956,0.499971,0.499981,0.499988,0.499993,0.499996,0.499997,0.499999,0.499999,0.5,0.5,0.5,0.5,0.5,0.5,0.5,0.5
0.5,0.5,0.5,0.5,0.5,0.5,0.5,0.5,0.5,0.499999,0.499999,0.499998,0.499996,0.499994,0.49999,0.499985,0.499977,0.499967,0.499952,0.499934,0.499911,0.499883,0.499851,0.499814,0.499774,0.499733,0.499691,0.499652,0.499617,0.499588,0.499568,0.499558,0.499558,0.499568,0.499588,0.499617,0.499652,0.499691,0.499733,0.499774,0.499814,0.499851,0.499883,0.499911,0.499934,0.499952,0.499967,0.499977,0.499985,0.49999,0.499994,0.499996,0.499998,0.499999,0.499999,0.5,0.5,0.5,0.5,0.5,0.5,0.5,0.5,0.5
0.5,0.5,0.5,0.5,0.5,0.5,0.5,0.5,0.5,0.5,0.499999,0.499999,0.499998,0.499997,0.499995,0.499992,0.499988,0.499983,0.499976,0.499966,0.499954,0.499939,0.499922,0.499902,0.499881,0.499859,0.499836,0.499815,0.499796,0.49978,0.499769,0.499764,0.499764,0.499769,0.49978,0.499796,0.499815,0.499836,0.499859,0.499881,0.499902,0.499922,0.499939,0.499954,0.499966,0.499976,0.499983,0.499988,0.499992,0.499995,0.499997,0.499998,0.499999,0.499999,0.5,0.5,0.5,0.5,0.5,0.5,0.5,0.5,0.5,0.5
0.5,0.5,0.5,0.5,0.5,0.5,0.5,0.5,0.5,0.5,0.5,0.499999,0.499999,0.499998,0.499998,0.499996,0.499994,0.499991,0.499988,0.499983,0.499977,0.499969,0.49996,0.49995,0.499939,0.499927,0.499915,0.499904,0.499894,0.499885,0.49988,0.499877,0.499877,0.49988,0.499885,0.499894,0.499904,0.499915,0.499927,0.499939,0.49995,0.49996,0.499969,0.499977,0.499983,0.499988,0.499991,0.499994,0.499996,0.499998,0.499998,0.499999,0.499999,0.5,0.5,0.5,0.5,0.5,0.5,0.5,0.5,0.5,0.5,0.5
0.5,0.5,0.5,0.5,0.5,0.5,0.5,0.5,0.5,0.5,0.5,0.5,0.5,0.499999,0.499999,0.499998,0.499997,0.499996,0.499994,0.499991,0.499988,0.499984,0.499979,0.499974,0.499968,0.499961,0.499955,0.499949,0.499943,0.499939,0.499936,0.499934,0.499934,0.499936,0.499939,0.499943,0.499949,0.499955,0.499961,0.499968,0.499974,0.499979,0.499984,0.499988,0.499991,0.499994,0.499996,0.499997,0.499998,0.499999,0.499999,0.5,0.5,0.5,0.5,0.5,0.5,0.5,0.5,0.5,0.5,0.5,0.5,0.5
0.5,0.5,0.5,0.5,0.5,0.5,0.5,0.5,0.5,0.5,0.5,0.5,0.5,0.5,0.499999,0.499999,0.499998,0.499997,0.499996,0.499995,0.499992,0.49999,0.499987,0.499983,0.49998,0.499976,0.499971,0.499968,0.499964,0.499961,0.499959,0.499958,0.499958,0.499959,0.499961,0.499964,0.499968,0.499971,0.499976,0.49998,0.499983,0.499987,0.49999,0.499992,0.499995,0.499996,0.499997,0.499998,0.499999,0.499999,0.5,0.5,0.5,0.5,0.5,0.5,0.5,0.5,0.5,0.5,0.5,0.5,0.5,0.5
0.5,0.5,0.5,0.5,0.5,0.5,0.5,0.5,0.5,0.5,0.5,0.5,0.5,0.5,0.499999,0.499999,0.499998,0.499997,0.499996,0.499995,0.499992,0.49999,0.499987,0.499983,0.49998,0.499976,0.499971,0.499968,0.499964,0.499961,0.499959,0.499958,0.499958,0.499959,0.499961,0.499964,0.499968,0.499971,0.499976,0.49998,0.499983,0.499987,0.49999,0.499992,0.499995,0.499996,0.499997,0.499998,0.499999,0.499999,0.5,0.5,0.5,0.5,0.5,0.5,0.5,0.5,0.5,0.5,0.5,0.5,0.5,0.5
