0.428706,0.431348,0.430951,0.430155,0.428958,0.427361,0.425375,0.423029,0.420373,0.417492,0.414508,0.411581,0.408911,0.406722,0.405249,0.404714,0.405302,0.407133,0.410246,0.41458,0.419984,0.426223,0.433001,0.439997,0.446888,0.453383,0.459245,0.464292,0.468407,0.471521,0.473603,0.474645,0.474645,0.473603,0.471521,0.468407,0.464292,0.459245,0.453383,0.446888,0.439997,0.433001,0.426223,0.419984,0.41458,0.410246,0.407133,0.405302,0.404714,0.405249,0.406722,0.408911,0.411581,0.414508,0.417492,0.420373,0.423029,0.425375,0.427361,0.428958,0.430155,0.430951,0.431348,0.431348
0.431348,0.431348,0.430951,0.430155,0.428958,0.427361,0.425375,0.423029,0.420373,0.417492,0.414508,0.411581,0.408911,0.406722,0.405249,0.404714,0.405302,0.407133,0.410246,0.41458,0.419984,0.426223,0.433001,0.439997,0.446888,0.453383,0.459245,0.464292,0.468407,0.471521,0.473603,0.474645,0.474645,0.473603,0.471521,0.468407,0.464292,0.459245,0.453383,0.446888,0.439997,0.433001,0.426223,0.419984,0.41458,0.410246,0.407133,0.405302,0.404714,0.405249,0.406722,0.408911,0.411581,0.414508,0.417492,0.420373,0.423029,0.425375,0.427361,0.428958,0.430155,0.430951,0.431348,0.431348
0.430951,0.430951,0.430556,0.429764,0.428576,0.426997,0.42504,0.422737,0.420142,0.41734,0.414452,0.411635,0.40908,0.407004,0.405631,0.405174,0.405808,0.407649,0.410733,0.415004,0.420318,0.42645,0.433117,0.440005,0.446804,0.453226,0.459035,0.464049,0.468146,0.471253,0.473334,0.474377,0.474377,0.473334,0.471253,0.468146,0.464049,0.459035,0.453226,0.446804,0.440005,0.433117,0.42645,0.420318,0.415004,0.410733,0.407649,0.405808,0.405174,0.405631,0.407004,0.40908,0.411635,0.414452,0.41734,0.420142,0.422737,0.42504,0.426997,0.428576,0.429764,0.430556,0.430951,0.430951
0.430155,0.430155,0.429764,0.428984,0.427818,0.426277,0.424381,0.422169,0.419697,0.417054,0.414357,0.411755,0.409427,0.407571,0.406392,0.406084,0.406805,0.408661,0.411686,0.415833,0.42097,0.426892,0.433339,0.440018,0.446635,0.452913,0.458618,0.463566,0.467628,0.470721,0.4728,0.473843,0.473843,0.4728,0.470721,0.467628,0.463566,0.458618,0.452913,0.446635,0.440018,0.433339,0.426892,0.42097,0.415833,0.411686,0.408661,0.406805,0.406084,0.406392,0.407571,0.409427,0.411755,0.414357,0.417054,0.419697,0.422169,0.424381,0.426277,0.427818,0.428984,0.429764,0.430155,0.430155
0.428958,0.428958,0.428576,0.427818,0.426692,0.425217,0.423422,0.421352,0.419071,0.416666,0.414252,0.411965,0.409965,0.408424,0.407522,0.407421,0.408261,0.410132,0.413067,0.417028,0.421905,0.427522,0.43365,0.440027,0.446379,0.452447,0.458001,0.462852,0.466862,0.469933,0.472007,0.47305,0.47305,0.472007,0.469933,0.466862,0.462852,0.458001,0.452447,0.446379,0.440027,0.43365,0.427522,0.421905,0.417028,0.413067,0.410132,0.408261,0.407421,0.407522,0.408424,0.409965,0.411965,0.414252,0.416666,0.419071,0.421352,0.423422,0.425217,0.426692,0.427818,0.428576,0.428958,0.428958
0.427361,0.427361,0.426997,0.426277,0.425217,0.423844,0.422197,0.420328,0.418308,0.416223,0.414179,0.412297,0.410711,0.409565,0.409001,0.409152,0.410128,0.412006,0.414816,0.418535,0.423078,0.428306,0.434028,0.440019,0.446035,0.451834,0.457193,0.461919,0.465859,0.468901,0.470966,0.472009,0.472009,0.470966,0.468901,0.465859,0.461919,0.457193,0.451834,0.446035,0.440019,0.434028,0.428306,0.423078,0.418535,0.414816,0.412006,0.410128,0.409152,0.409001,0.409565,0.410711,0.412297,0.414179,0.416223,0.418308,0.420328,0.422197,0.423844,0.425217,0.426277,0.426997,0.427361,0.427361
0.425375,0.425375,0.42504,0.424381,0.423422,0.422197,0.420753,0.419153,0.417467,0.415779,0.414185,0.412784,0.411682,0.410987,0.410804,0.411229,0.412344,0.414212,0.416861,0.420285,0.42443,0.429198,0.434441,0.439978,0.445598,0.451079,0.456205,0.46078,0.464634,0.467637,0.469689,0.470731,0.470731,0.469689,0.467637,0.464634,0.46078,0.456205,0.451079,0.445598,0.439978,0.434441,0.429198,0.42443,0.420285,0.416861,0.414212,0.412344,0.411229,0.410804,0.410987,0.411682,0.412784,0.414185,0.415779,0.417467,0.419153,0.420753,0.422197,0.423422,0.424381,0.42504,0.425375,0.425375
0.423029,0.423029,0.422737,0.422169,0.421352,0.420328,0.419153,0.417889,0.416611,0.415393,0.414315,0.413454,0.412883,0.412673,0.412888,0.41359,0.414833,0.416665,0.419116,0.4222,0.425895,0.430147,0.434858,0.439888,0.445064,0.450187,0.45505,0.45945,0.463203,0.466156,0.468191,0.469229,0.469229,0.468191,0.466156,0.463203,0.45945,0.45505,0.450187,0.445064,0.439888,0.434858,0.430147,0.425895,0.4222,0.419116,0.416665,0.414833,0.41359,0.412888,0.412673,0.412883,0.413454,0.414315,0.415393,0.416611,0.417889,0.419153,0.420328,0.421352,0.422169,0.422737,0.423029,0.423029
0.420373,0.420373,0.420142,0.419697,0.419071,0.418308,0.417467,0.416611,0.415807,0.415121,0.414611,0.414327,0.41431,0.414591,0.415199,0.41616,0.417505,0.419269,0.421488,0.424193,0.427401,0.4311,0.43524,0.439729,0.444429,0.449165,0.45374,0.457945,0.461582,0.464476,0.466487,0.467517,0.467517,0.466487,0.464476,0.461582,0.457945,0.45374,0.449165,0.444429,0.439729,0.43524,0.4311,0.427401,0.424193,0.421488,0.419269,0.417505,0.41616,0.415199,0.414591,0.41431,0.414327,0.414611,0.415121,0.415807,0.416611,0.417467,0.418308,0.419071,0.419697,0.420142,0.420373,0.420373
0.417492,0.417492,0.41734,0.417054,0.416666,0.416223,0.415779,0.415393,0.415121,0.415011,0.415098,0.415405,0.415938,0.416693,0.417665,0.418851,0.420261,0.421922,0.423876,0.426177,0.428874,0.432,0.435552,0.439481,0.443686,0.448017,0.452285,0.456279,0.459786,0.46261,0.464589,0.465609,0.465609,0.464589,0.46261,0.459786,0.456279,0.452285,0.448017,0.443686,0.439481,0.435552,0.432,0.428874,0.426177,0.423876,0.421922,0.420261,0.418851,0.417665,0.416693,0.415938,0.415405,0.415098,0.415011,0.415121,0.415393,0.415779,0.416223,0.416666,0.417054,0.41734,0.417492,0.417492
0.414508,0.414508,0.414452,0.414357,0.414252,0.414179,0.414185,0.414315,0.414611,0.415098,0.415787,0.416671,0.417724,0.418913,0.420201,0.421562,0.422993,0.424515,0.42618,0.428061,0.430241,0.432792,0.435754,0.439121,0.442827,0.446743,0.450694,0.454464,0.457828,0.460571,0.462511,0.463515,0.463515,0.462511,0.460571,0.457828,0.454464,0.450694,0.446743,0.442827,0.439121,0.435754,0.432792,0.430241,0.428061,0.42618,0.424515,0.422993,0.421562,0.420201,0.418913,0.417724,0.416671,0.415787,0.415098,0.414611,0.414315,0.414185,0.414179,0.414252,0.414357,0.414452,0.414508,0.414508
0.411581,0.411581,0.411635,0.411755,0.411965,0.412297,0.412784,0.413454,0.414327,0.415405,0.416671,0.41809,0.419609,0.421167,0.422708,0.424187,0.425592,0.426943,0.428302,0.429761,0.431432,0.433421,0.435809,0.438627,0.441839,0.445342,0.448969,0.452506,0.455716,0.458367,0.460259,0.461244,0.461244,0.460259,0.458367,0.455716,0.452506,0.448969,0.445342,0.441839,0.438627,0.435809,0.433421,0.431432,0.429761,0.428302,0.426943,0.425592,0.424187,0.422708,0.421167,0.419609,0.41809,0.416671,0.415405,0.414327,0.413454,0.412784,0.412297,0.411965,0.411755,0.411635,0.411581,0.411581
0.408911,0.408911,0.40908,0.409427,0.409965,0.410711,0.411682,0.412883,0.41431,0.415938,0.417724,0.419609,0.421515,0.423365,0.425083,0.426617,0.42795,0.429103,0.430149,0.431196,0.432379,0.433836,0.435679,0.437972,0.440708,0.443806,0.44711,0.450407,0.453453,0.456002,0.457837,0.458798,0.458798,0.457837,0.456002,0.453453,0.450407,0.44711,0.443806,0.440708,0.437972,0.435679,0.433836,0.432379,0.431196,0.430149,0.429103,0.42795,0.426617,0.425083,0.423365,0.421515,0.419609,0.417724,0.415938,0.41431,0.412883,0.411682,0.410711,0.409965,0.409427,0.40908,0.408911,0.408911
0.406722,0.406722,0.407004,0.407571,0.408424,0.409565,0.410987,0.412673,0.414591,0.416693,0.418913,0.421167,0.423365,0.425412,0.427227,0.428753,0.42997,0.430907,0.431642,0.432297,0.433026,0.43399,0.435327,0.437128,0.439414,0.442121,0.445106,0.448161,0.451035,0.453472,0.455243,0.456174,0.456174,0.455243,0.453472,0.451035,0.448161,0.445106,0.442121,0.439414,0.437128,0.435327,0.43399,0.433026,0.432297,0.431642,0.430907,0.42997,0.428753,0.427227,0.425412,0.423365,0.421167,0.418913,0.416693,0.414591,0.412673,0.410987,0.409565,0.408424,0.407571,0.407004,0.406722,0.406722
0.405249,0.405249,0.405631,0.406392,0.407522,0.409001,0.410804,0.412888,0.415199,0.417665,0.420201,0.422708,0.425083,0.427227,0.429055,0.430511,0.431576,0.432284,0.432717,0.433009,0.433325,0.433842,0.434719,0.436069,0.437934,0.440269,0.442945,0.445756,0.448452,0.450769,0.452467,0.453365,0.453365,0.452467,0.450769,0.448452,0.445756,0.442945,0.440269,0.437934,0.436069,0.434719,0.433842,0.433325,0.433009,0.432717,0.432284,0.431576,0.430511,0.429055,0.427227,0.425083,0.422708,0.420201,0.417665,0.415199,0.412888,0.410804,0.409001,0.407522,0.406392,0.405631,0.405249,0.405249
0.404714,0.404714,0.405174,0.406084,0.407421,0.409152,0.411229,0.41359,0.41616,0.418851,0.421562,0.424187,0.426617,0.428753,0.430511,0.431837,0.432718,0.433188,0.433336,0.433297,0.433244,0.433364,0.43383,0.434771,0.436247,0.438232,0.440608,0.443177,0.445691,0.44788,0.449499,0.45036,0.45036,0.449499,0.44788,0.445691,0.443177,0.440608,0.438232,0.436247,0.434771,0.43383,0.433364,0.433244,0.433297,0.433336,0.433188,0.432718,0.431837,0.430511,0.428753,0.426617,0.424187,0.421562,0.418851,0.41616,0.41359,0.411229,0.409152,0.407421,0.406084,0.405174,0.404714,0.404714
0.405302,0.405302,0.405808,0.406805,0.408261,0.410128,0.412344,0.414833,0.417505,0.420261,0.422993,0.425592,0.42795,0.42997,0.431576,0.432718,0.433385,0.433613,0.433491,0.433154,0.432775,0.432545,0.432646,0.433219,0.43434,0.435996,0.438082,0.440413,0.44274,0.444795,0.446329,0.447148,0.447148,0.446329,0.444795,0.44274,0.440413,0.438082,0.435996,0.43434,0.433219,0.432646,0.432545,0.432775,0.433154,0.433491,0.433613,0.433385,0.432718,0.431576,0.42997,0.42795,0.425592,0.422993,0.420261,0.417505,0.414833,0.412344,0.410128,0.408261,0.406805,0.405808,0.405302,0.405302
0.407133,0.407133,0.407649,0.408661,0.410132,0.412006,0.414212,0.416665,0.419269,0.421922,0.424515,0.426943,0.429103,0.430907,0.432284,0.433188,0.433613,0.433594,0.433215,0.432606,0.431938,0.4314,0.431176,0.431418,0.432211,0.433557,0.435366,0.437459,0.439597,0.441513,0.442956,0.44373,0.44373,0.442956,0.441513,0.439597,0.437459,0.435366,0.433557,0.432211,0.431418,0.431176,0.4314,0.431938,0.432606,0.433215,0.433594,0.433613,0.433188,0.432284,0.430907,0.429103,0.426943,0.424515,0.421922,0.419269,0.416665,0.414212,0.412006,0.410132,0.408661,0.407649,0.407133,0.407133
0.410246,0.410246,0.410733,0.411686,0.413067,0.414816,0.416861,0.419116,0.421488,0.423876,0.42618,0.428302,0.430149,0.431642,0.432717,0.433336,0.433491,0.433215,0.432585,0.431724,0.430793,0.429978,0.429461,0.429399,0.429887,0.430939,0.432477,0.434334,0.436279,0.43805,0.439397,0.440123,0.440123,0.439397,0.43805,0.436279,0.434334,0.432477,0.430939,0.429887,0.429399,0.429461,0.429978,0.430793,0.431724,0.432585,0.433215,0.433491,0.433336,0.432717,0.431642,0.430149,0.428302,0.42618,0.423876,0.421488,0.419116,0.416861,0.414816,0.413067,0.411686,0.410733,0.410246,0.410246
0.41458,0.41458,0.415004,0.415833,0.417028,0.418535,0.420285,0.4222,0.424193,0.426177,0.428061,0.429761,0.431196,0.432297,0.433009,0.433297,0.433154,0.432606,0.431724,0.430618,0.42944,0.428366,0.427577,0.42723,0.427427,0.428194,0.429465,0.431086,0.432834,0.434454,0.435699,0.436375,0.436375,0.435699,0.434454,0.432834,0.431086,0.429465,0.428194,0.427427,0.42723,0.427577,0.428366,0.42944,0.430618,0.431724,0.432606,0.433154,0.433297,0.433009,0.432297,0.431196,0.429761,0.428061,0.426177,0.424193,0.4222,0.420285,0.418535,0.417028,0.415833,0.415004,0.41458,0.41458
0.419984,0.419984,0.420318,0.42097,0.421905,0.423078,0.42443,0.425895,0.427401,0.428874,0.430241,0.431432,0.432379,0.433026,0.433325,0.433244,0.432775,0.431938,0.430793,0.42944,0.428017,0.426691,0.425638,0.425013,0.424926,0.425412,0.426416,0.427797,0.429343,0.430806,0.431944,0.432566,0.432566,0.431944,0.430806,0.429343,0.427797,0.426416,0.425412,0.424926,0.425013,0.425638,0.426691,0.428017,0.42944,0.430793,0.431938,0.432775,0.433244,0.433325,0.433026,0.432379,0.431432,0.430241,0.428874,0.427401,0.425895,0.42443,0.423078,0.421905,0.42097,0.420318,0.419984,0.419984
0.426223,0.426223,0.42645,0.426892,0.427522,0.428306,0.429198,0.430147,0.4311,0.432,0.432792,0.433421,0.433836,0.43399,0.433842,0.433364,0.432545,0.4314,0.429978,0.428366,0.426691,0.425109,0.42379,0.422888,0.422517,0.422719,0.423452,0.424588,0.425925,0.427225,0.428251,0.428816,0.428816,0.428251,0.427225,0.425925,0.424588,0.423452,0.422719,0.422517,0.422888,0.42379,0.425109,0.426691,0.428366,0.429978,0.4314,0.432545,0.433364,0.433842,0.43399,0.433836,0.433421,0.432792,0.432,0.4311,0.430147,0.429198,0.428306,0.427522,0.426892,0.42645,0.426223,0.426223
0.433001,0.433001,0.433117,0.433339,0.43365,0.434028,0.434441,0.434858,0.43524,0.435552,0.435754,0.435809,0.435679,0.435327,0.434719,0.43383,0.432646,0.431176,0.429461,0.427577,0.425638,0.42379,0.422197,0.421011,0.420349,0.420262,0.420719,0.421603,0.422725,0.423856,0.424765,0.425271,0.425271,0.424765,0.423856,0.422725,0.421603,0.420719,0.420262,0.420349,0.421011,0.422197,0.42379,0.425638,0.427577,0.429461,0.431176,0.432646,0.43383,0.434719,0.435327,0.435679,0.435809,0.435754,0.435552,0.43524,0.434858,0.434441,0.434028,0.43365,0.433339,0.433117,0.433001,0.433001
0.439997,0.439997,0.440005,0.440018,0.440027,0.440019,0.439978,0.439888,0.439729,0.439481,0.439121,0.438627,0.437972,0.437128,0.436069,0.434771,0.433219,0.431418,0.429399,0.42723,0.425013,0.422888,0.421011,0.419533,0.418574,0.418192,0.418368,0.418996,0.419898,0.420854,0.421644,0.422089,0.422089,0.421644,0.420854,0.419898,0.418996,0.418368,0.418192,0.418574,0.419533,0.421011,0.422888,0.425013,0.42723,0.429399,0.431418,0.433219,0.434771,0.436069,0.437128,0.437972,0.438627,0.439121,0.439481,0.439729,0.439888,0.439978,0.440019,0.440027,0.440018,0.440005,0.439997,0.439997
0.446888,0.446888,0.446804,0.446635,0.446379,0.446035,0.445598,0.445064,0.444429,0.443686,0.442827,0.441839,0.440708,0.439414,0.437934,0.436247,0.43434,0.432211,0.429887,0.427427,0.424926,0.422517,0.420349,0.418574,0.417314,0.416636,0.416529,0.416898,0.417578,0.418359,0.419028,0.41941,0.41941,0.419028,0.418359,0.417578,0.416898,0.416529,0.416636,0.417314,0.418574,0.420349,0.422517,0.424926,0.427427,0.429887,0.432211,0.43434,0.436247,0.437934,0.439414,0.440708,0.441839,0.442827,0.443686,0.444429,0.445064,0.445598,0.446035,0.446379,0.446635,0.446804,0.446888,0.446888
0.453383,0.453383,0.453226,0.452913,0.452447,0.451834,0.451079,0.450187,0.449165,0.448017,0.446743,0.445342,0.443806,0.442121,0.440269,0.438232,0.435996,0.433557,0.430939,0.428194,0.425412,0.422719,0.420262,0.418192,0.416636,0.415666,0.41528,0.415396,0.415857,0.416466,0.417014,0.417336,0.417336,0.417014,0.416466,0.415857,0.415396,0.41528,0.415666,0.416636,0.418192,0.420262,0.422719,0.425412,0.428194,0.430939,0.433557,0.435996,0.438232,0.440269,0.442121,0.443806,0.445342,0.446743,0.448017,0.449165,0.450187,0.451079,0.451834,0.452447,0.452913,0.453226,0.453383,0.453383
0.459245,0.459245,0.459035,0.458618,0.458001,0.457193,0.456205,0.45505,0.45374,0.452285,0.450694,0.448969,0.44711,0.445106,0.442945,0.440608,0.438082,0.435366,0.432477,0.429465,0.426416,0.423452,0.420719,0.418368,0.416529,0.41528,0.414629,0.414503,0.414758,0.415201,0.415636,0.4159,0.4159,0.415636,0.415201,0.414758,0.414503,0.414629,0.41528,0.416529,0.418368,0.420719,0.423452,0.426416,0.429465,0.432477,0.435366,0.438082,0.440608,0.442945,0.445106,0.44711,0.448969,0.450694,0.452285,0.45374,0.45505,0.456205,0.457193,0.458001,0.458618,0.459035,0.459245,0.459245
0.464292,0.464292,0.464049,0.463566,0.462852,0.461919,0.46078,0.45945,0.457945,0.456279,0.454464,0.452506,0.450407,0.448161,0.445756,0.443177,0.440413,0.437459,0.434334,0.431086,0.427797,0.424588,0.421603,0.418996,0.416898,0.415396,0.414503,0.414158,0.414223,0.414517,0.414848,0.415058,0.415058,0.414848,0.414517,0.414223,0.414158,0.414503,0.415396,0.416898,0.418996,0.421603,0.424588,0.427797,0.431086,0.434334,0.437459,0.440413,0.443177,0.445756,0.448161,0.450407,0.452506,0.454464,0.456279,0.457945,0.45945,0.46078,0.461919,0.462852,0.463566,0.464049,0.464292,0.464292
0.468407,0.468407,0.468146,0.467628,0.466862,0.465859,0.464634,0.463203,0.461582,0.459786,0.457828,0.455716,0.453453,0.451035,0.448452,0.445691,0.44274,0.439597,0.436279,0.432834,0.429343,0.425925,0.422725,0.419898,0.417578,0.415857,0.414758,0.414223,0.414125,0.41429,0.414532,0.414696,0.414696,0.414532,0.41429,0.414125,0.414223,0.414758,0.415857,0.417578,0.419898,0.422725,0.425925,0.429343,0.432834,0.436279,0.439597,0.44274,0.445691,0.448452,0.451035,0.453453,0.455716,0.457828,0.459786,0.461582,0.463203,0.464634,0.465859,0.466862,0.467628,0.468146,0.468407,0.468407
0.471521,0.471521,0.471253,0.470721,0.469933,0.468901,0.467637,0.466156,0.464476,0.46261,0.460571,0.458367,0.456002,0.453472,0.450769,0.44788,0.444795,0.441513,0.43805,0.434454,0.430806,0.427225,0.423856,0.420854,0.418359,0.416466,0.415201,0.414517,0.41429,0.414353,0.414523,0.414651,0.414651,0.414523,0.414353,0.41429,0.414517,0.415201,0.416466,0.418359,0.420854,0.423856,0.427225,0.430806,0.434454,0.43805,0.441513,0.444795,0.44788,0.450769,0.453472,0.456002,0.458367,0.460571,0.46261,0.464476,0.466156,0.467637,0.468901,0.469933,0.470721,0.471253,0.471521,0.471521
0.473603,0.473603,0.473334,0.4728,0.472007,0.470966,0.469689,0.468191,0.466487,0.464589,0.462511,0.460259,0.457837,0.455243,0.452467,0.449499,0.446329,0.442956,0.439397,0.435699,0.431944,0.428251,0.424765,0.421644,0.419028,0.417014,0.415636,0.414848,0.414532,0.414523,0.414645,0.414748,0.414748,0.414645,0.414523,0.414532,0.414848,0.415636,0.417014,0.419028,0.421644,0.424765,0.428251,0.431944,0.435699,0.439397,0.442956,0.446329,0.449499,0.452467,0.455243,0.457837,0.460259,0.462511,0.464589,0.466487,0.468191,0.469689,0.470966,0.472007,0.4728,0.473334,0.473603,0.473603
0.474645,0.474645,0.474377,0.473843,0.47305,0.472009,0.470731,0.469229,0.467517,0.465609,0.463515,0.461244,0.458798,0.456174,0.453365,0.45036,0.447148,0.44373,0.440123,0.436375,0.432566,0.428816,0.425271,0.422089,0.41941,0.417336,0.4159,0.415058,0.414696,0.414651,0.414748,0.414837,0.414837,0.414748,0.414651,0.414696,0.415058,0.4159,0.417336,0.41941,0.422089,0.425271,0.428816,0.432566,0.436375,0.440123,0.44373,0.447148,0.45036,0.453365,0.456174,0.458798,0.461244,0.463515,0.465609,0.467517,0.469229,0.470731,0.472009,0.47305,0.473843,0.474377,0.474645,0.474645
0.474645,0.474645,0.474377,0.473843,0.47305,0.472009,0.470731,0.469229,0.467517,0.465609,0.463515,0.461244,0.458798,0.456174,0.453365,0.45036,0.447148,0.44373,0.440123,0.436375,0.432566,0.428816,0.425271,0.422089,0.41941,0.417336,0.4159,0.415058,0.414696,0.414651,0.414748,0.414837,0.414837,0.414748,0.414651,0.414696,0.415058,0.4159,0.417336,0.41941,0.422089,0.425271,0.428816,0.432566,0.436375,0.440123,0.44373,0.447148,0.45036,0.453365,0.456174,0.458798,0.461244,0.463515,0.465609,0.467517,0.469229,0.470731,0.472009,0.47305,0.473843,0.474377,0.474645,0.474645
0.473603,0.473603,0.473334,0.4728,0.472007,0.470966,0.469689,0.468191,0.466487,0.464589,0.462511,0.460259,0.457837,0.455243,0.452467,0.449499,0.446329,0.442956,0.439397,0.435699,0.431944,0.428251,0.424765,0.421644,0.419028,0.417014,0.415636,0.414848,0.414532,0.414523,0.414645,0.414748,0.414748,0.414645,0.414523,0.414532,0.414848,0.415636,0.417014,0.419028,0.421644,0.424765,0.428251,0.431944,0.435699,0.439397,0.442956,0.446329,0.449499,0.452467,0.455243,0.457837,0.460259,0.462511,0.464589,0.466487,0.468191,0.469689,0.470966,0.472007,0.4728,0.473334,0.473603,0.473603
0.471521,0.471521,0.471253,0.470721,0.469933,0.468901,0.467637,0.466156,0.464476,0.46261,0.460571,0.458367,0.456002,0.453472,0.450769,0.44788,0.444795,0.441513,0.43805,0.434454,0.430806,0.427225,0.423856,0.420854,0.418359,0.416466,0.415201,0.414517,0.41429,0.414353,0.414523,0.414651,0.414651,0.414523,0.414353,0.41429,0.414517,0.415201,0.416466,0.418359,0.420854,0.423856,0.427225,0.430806,0.434454,0.43805,0.441513,0.444795,0.44788,0.450769,0.453472,0.456002,0.458367,0.460571,0.46261,0.464476,0.466156,0.467637,0.468901,0.469933,0.470721,0.471253,0.471521,0.471521
0.468407,0.468407,0.468146,0.467628,0.466862,0.465859,0.464634,0.463203,0.461582,0.459786,0.457828,0.455716,0.453453,0.451035,0.448452,0.445691,0.44274,0.439597,0.436279,0.432834,0.429343,0.425925,0.422725,0.419898,0.417578,0.415857,0.414758,0.414223,0.414125,0.41429,0.414532,0.414696,0.414696,0.414532,0.41429,0.414125,0.414223,0.414758,0.415857,0.417578,0.419898,0.422725,0.425925,0.429343,0.432834,0.436279,0.439597,0.44274,0.445691,0.448452,0.451035,0.453453,0.455716,0.457828,0.459786,0.461582,0.463203,0.464634,0.465859,0.466862,0.467628,0.468146,0.468407,0.468407
0.464292,0.464292,0.464049,0.463566,0.462852,0.461919,0.46078,0.45945,0.457945,0.456279,0.454464,0.452506,0.450407,0.448161,0.445756,0.443177,0.440413,0.437459,0.434334,0.431086,0.427797,0.424588,0.421603,0.418996,0.416898,0.415396,0.414503,0.414158,0.414223,0.414517,0.414848,0.415058,0.415058,0.414848,0.414517,0.414223,0.414158,0.414503,0.415396,0.416898,0.418996,0.421603,0.424588,0.427797,0.431086,0.434334,0.437459,0.440413,0.443177,0.445756,0.448161,0.450407,0.452506,0.454464,0.456279,0.457945,0.45945,0.46078,0.461919,0.462852,0.463566,0.464049,0.464292,0.464292
0.459245,0.459245,0.459035,0.458618,0.458001,0.457193,0.456205,0.45505,0.45374,0.452285,0.450694,0.448969,0.44711,0.445106,0.442945,0.440608,0.438082,0.435366,0.432477,0.429465,0.426416,0.423452,0.420719,0.418368,0.416529,0.41528,0.414629,0.414503,0.414758,0.415201,0.415636,0.4159,0.4159,0.415636,0.415201,0.414758,0.414503,0.414629,0.41528,0.416529,0.418368,0.420719,0.423452,0.426416,0.429465,0.432477,0.435366,0.438082,0.440608,0.442945,0.445106,0.44711,0.448969,0.450694,0.452285,0.45374,0.45505,0.456205,0.457193,0.458001,0.458618,0.459035,0.459245,0.459245
0.453383,0.453383,0.453226,0.452913,0.452447,0.451834,0.451079,0.450187,0.449165,0.448017,0.446743,0.445342,0.443806,0.442121,0.440269,0.438232,0.435996,0.433557,0.430939,0.428194,0.425412,0.422719,0.420262,0.418192,0.416636,0.415666,0.41528,0.415396,0.415857,0.416466,0.417014,0.417336,0.417336,0.417014,0.416466,0.415857,0.415396,0.41528,0.415666,0.416636,0.418192,0.420262,0.422719,0.425412,0.428194,0.430939,0.433557,0.435996,0.438232,0.440269,0.442121,0.443806,0.445342,0.446743,0.448017,0.449165,0.450187,0.451079,0.451834,0.452447,0.452913,0.453226,0.453383,0.453383
0.446888,0.446888,0.446804,0.446635,0.446379,0.446035,0.445598,0.445064,0.444429,0.443686,0.442827,0.441839,0.440708,0.439414,0.437934,0.436247,0.43434,0.432211,0.429887,0.427427,0.424926,0.422517,0.420349,0.418574,0.417314,0.416636,0.416529,0.416898,0.417578,0.418359,0.419028,0.41941,0.41941,0.419028,0.418359,0.417578,0.416898,0.416529,0.416636,0.417314,0.418574,0.420349,0.422517,0.424926,0.427427,0.429887,0.432211,0.43434,0.436247,0.437934,0.439414,0.440708,0.441839,0.442827,0.443686,0.444429,0.445064,0.445598,0.446035,0.446379,0.446635,0.446804,0.446888,0.446888
0.439997,0.439997,0.440005,0.440018,0.440027,0.440019,0.439978,0.439888,0.439729,0.439481,0.439121,0.438627,0.437972,0.437128,0.436069,0.434771,0.433219,0.431418,0.429399,0.42723,0.425013,0.422888,0.421011,0.419533,0.418574,0.418192,0.418368,0.418996,0.419898,0.420854,0.421644,0.422089,0.422089,0.421644,0.420854,0.419898,0.418996,0.418368,0.418192,0.418574,0.419533,0.421011,0.422888,0.425013,0.42723,0.429399,0.431418,0.433219,0.434771,0.436069,0.437128,0.437972,0.438627,0.439121,0.439481,0.439729,0.439888,0.439978,0.440019,0.440027,0.440018,0.440005,0.439997,0.439997
0.433001,0.433001,0.433117,0.433339,0.43365,0.434028,0.434441,0.434858,0.43524,0.435552,0.435754,0.435809,0.435679,0.435327,0.434719,0.43383,0.432646,0.431176,0.429461,0.427577,0.425638,0.42379,0.422197,0.421011,0.420349,0.420262,0.420719,0.421603,0.422725,0.423856,0.424765,0.425271,0.425271,0.424765,0.423856,0.422725,0.421603,0.420719,0.420262,0.420349,0.421011,0.422197,0.42379,0.425638,0.427577,0.429461,0.431176,0.432646,0.43383,0.434719,0.435327,0.435679,0.435809,0.435754,0.435552,0.43524,0.434858,0.434441,0.434028,0.43365,0.433339,0.433117,0.433001,0.433001
0.426223,0.426223,0.42645,0.426892,0.427522,0.428306,0.429198,0.430147,0.4311,0.432,0.432792,0.433421,0.433836,0.43399,0.433842,0.433364,0.432545,0.4314,0.429978,0.428366,0.426691,0.425109,0.42379,0.422888,0.422517,0.422719,0.423452,0.424588,0.425925,0.427225,0.428251,0.428816,0.428816,0.428251,0.427225,0.425925,0.424588,0.423452,0.422719,0.422517,0.422888,0.42379,0.425109,0.426691,0.428366,0.429978,0.4314,0.432545,0.433364,0.433842,0.43399,0.433836,0.433421,0.432792,0.432,0.4311,0.430147,0.429198,0.428306,0.427522,0.426892,0.42645,0.426223,0.426223
0.419984,0.419984,0.420318,0.42097,0.421905,0.423078,0.42443,0.425895,0.427401,0.428874,0.430241,0.431432,0.432379,0.433026,0.433325,0.433244,0.432775,0.431938,0.430793,0.42944,0.428017,0.426691,0.425638,0.425013,0.424926,0.425412,0.426416,0.427797,0.429343,0.430806,0.431944,0.432566,0.432566,0.431944,0.430806,0.429343,0.427797,0.426416,0.425412,0.424926,0.425013,0.425638,0.426691,0.428017,0.42944,0.430793,0.431938,0.432775,0.433244,0.433325,0.433026,0.432379,0.431432,0.430241,0.428874,0.427401,0.425895,0.42443,0.423078,0.421905,0.42097,0.420318,0.419984,0.419984
0.41458,0.41458,0.415004,0.415833,0.417028,0.418535,0.420285,0.4222,0.424193,0.426177,0.428061,0.429761,0.431196,0.432297,0.433009,0.433297,0.433154,0.432606,0.431724,0.430618,0.42944,0.428366,0.427577,0.42723,0.427427,0.428194,0.429465,0.431086,0.432834,0.434454,0.435699,0.436375,0.436375,0.435699,0.434454,0.432834,0.431086,0.429465,0.428194,0.427427,0.42723,0.427577,0.428366,0.42944,0.430618,0.431724,0.432606,0.433154,0.433297,0.433009,0.432297,0.431196,0.429761,0.428061,0.426177,0.424193,0.4222,0.420285,0.418535,0.417028,0.415833,0.415004,0.41458,0.41458
0.410246,0.410246,0.410733,0.411686,0.413067,0.414816,0.416861,0.419116,0.421488,0.423876,0.42618,0.428302,0.430149,0.431642,0.432717,0.433336,0.433491,0.433215,0.432585,0.431724,0.430793,0.429978,0.429461,0.429399,0.429887,0.430939,0.432477,0.434334,0.436279,0.43805,0.439397,0.440123,0.440123,0.439397,0.43805,0.436279,0.434334,0.432477,0.430939,0.429887,0.429399,0.429461,0.429978,0.430793,0.431724,0.432585,0.433215,0.433491,0.433336,0.432717,0.431642,0.430149,0.428302,0.42618,0.423876,0.421488,0.419116,0.416861,0.414816,0.413067,0.411686,0.410733,0.410246,0.410246
0.407133,0.407133,0.407649,0.408661,0.410132,0.412006,0.414212,0.416665,0.419269,0.421922,0.424515,0.426943,0.429103,0.430907,0.432284,0.433188,0.433613,0.433594,0.433215,0.432606,0.431938,0.4314,0.431176,0.431418,0.432211,0.433557,0.435366,0.437459,0.439597,0.441513,0.442956,0.44373,0.44373,0.442956,0.441513,0.439597,0.437459,0.435366,0.433557,0.432211,0.431418,0.431176,0.4314,0.431938,0.432606,0.433215,0.433594,0.433613,0.433188,0.432284,0.430907,0.429103,0.426943,0.424515,0.421922,0.419269,0.416665,0.414212,0.412006,0.410132,0.408661,0.407649,0.407133,0.407133
0.405302,0.405302,0.405808,0.406805,0.408261,0.410128,0.412344,0.414833,0.417505,0.420261,0.422993,0.425592,0.42795,0.42997,0.431576,0.432718,0.433385,0.433613,0.433491,0.433154,0.432775,0.432545,0.432646,0.433219,0.43434,0.435996,0.438082,0.440413,0.44274,0.444795,0.446329,0.447148,0.447148,0.446329,0.444795,0.44274,0.440413,0.438082,0.435996,0.43434,0.433219,0.432646,0.432545,0.432775,0.433154,0.433491,0.433613,0.433385,0.432718,0.431576,0.42997,0.42795,0.425592,0.422993,0.420261,0.417505,0.414833,0.412344,0.410128,0.408261,0.406805,0.405808,0.405302,0.405302
0.404714,0.404714,0.405174,0.406084,0.407421,0.409152,0.411229,0.41359,0.41616,0.418851,0.421562,0.424187,0.426617,0.428753,0.430511,0.431837,0.432718,0.433188,0.433336,0.433297,0.433244,0.433364,0.43383,0.434771,0.436247,0.438232,0.440608,0.443177,0.445691,0.44788,0.449499,0.45036,0.45036,0.449499,0.44788,0.445691,0.443177,0.440608,0.438232,0.436247,0.434771,0.43383,0.433364,0.433244,0.433297,0.433336,0.433188,0.432718,0.431837,0.430511,0.428753,0.426617,0.424187,0.421562,0.418851,0.41616,0.41359,0.411229,0.409152,0.407421,0.406084,0.405174,0.404714,0.404714
0.405249,0.405249,0.405631,0.406392,0.407522,0.409001,0.410804,0.412888,0.415199,0.417665,0.420201,0.422708,0.425083,0.427227,0.429055,0.430511,0.431576,0.432284,0.432717,0.433009,0.433325,0.433842,0.434719,0.436069,0.437934,0.440269,0.442945,0.445756,0.448452,0.450769,0.452467,0.453365,0.453365,0.452467,0.450769,0.448452,0.445756,0.442945,0.440269,0.437934,0.436069,0.434719,0.433842,0.433325,0.433009,0.432717,0.432284,0.431576,0.430511,0.429055,0.427227,0.425083,0.422708,0.420201,0.417665,0.415199,0.412888,0.410804,0.409001,0.407522,0.406392,0.405631,0.405249,0.405249
0.406722,0.406722,0.407004,0.407571,0.408424,0.409565,0.410987,0.412673,0.414591,0.416693,0.418913,0.421167,0.423365,0.425412,0.427227,0.428753,0.42997,0.430907,0.431642,0.432297,0.433026,0.43399,0.435327,0.437128,0.439414,0.442121,0.445106,0.448161,0.451035,0.453472,0.455243,0.456174,0.456174,0.455243,0.453472,0.451035,0.448161,0.445106,0.442121,0.439414,0.437128,0.435327,0.43399,0.433026,0.432297,0.431642,0.430907,0.42997,0.428753,0.427227,0.425412,0.423365,0.421167,0.418913,0.416693,0.414591,0.412673,0.410987,0.409565,0.408424,0.407571,0.407004,0.406722,0.406722
0.408911,0.408911,0.40908,0.409427,0.409965,0.410711,0.411682,0.412883,0.41431,0.415938,0.417724,0.419609,0.421515,0.423365,0.425083,0.426617,0.42795,0.429103,0.430149,0.431196,0.432379,0.433836,0.435679,0.437972,0.440708,0.443806,0.44711,0.450407,0.453453,0.456002,0.457837,0.458798,0.458798,0.457837,0.456002,0.453453,0.450407,0.44711,0.443806,0.440708,0.437972,0.435679,0.433836,0.432379,0.431196,0.430149,0.429103,0.42795,0.426617,0.425083,0.423365,0.421515,0.419609,0.417724,0.415938,0.41431,0.412883,0.411682,0.410711,0.409965,0.409427,0.40908,0.408911,0.408911
0.411581,0.411581,0.411635,0.411755,0.411965,0.412297,0.412784,0.413454,0.414327,0.415405,0.416671,0.41809,0.419609,0.421167,0.422708,0.424187,0.425592,0.426943,0.428302,0.429761,0.431432,0.433421,0.435809,0.438627,0.441839,0.445342,0.448969,0.452506,0.455716,0.458367,0.460259,0.461244,0.461244,0.460259,0.458367,0.455716,0.452506,0.448969,0.445342,0.441839,0.438627,0.435809,0.433421,0.431432,0.429761,0.428302,0.426943,0.425592,0.424187,0.422708,0.421167,0.419609,0.41809,0.416671,0.415405,0.414327,0.413454,0.412784,0.412297,0.411965,0.411755,0.411635,0.411581,0.411581
0.414508,0.414508,0.414452,0.414357,0.414252,0.414179,0.414185,0.414315,0.414611,0.415098,0.415787,0.416671,0.417724,0.418913,0.420201,0.421562,0.422993,0.424515,0.42618,0.428061,0.430241,0.432792,0.435754,0.439121,0.442827,0.446743,0.450694,0.454464,0.457828,0.460571,0.462511,0.463515,0.463515,0.462511,0.460571,0.457828,0.454464,0.450694,0.446743,0.442827,0.439121,0.435754,0.432792,0.430241,0.428061,0.42618,0.424515,0.422993,0.421562,0.420201,0.418913,0.417724,0.416671,0.415787,0.415098,0.414611,0.414315,0.414185,0.414179,0.414252,0.414357,0.414452,0.414508,0.414508
0.417492,0.417492,0.41734,0.417054,0.416666,0.416223,0.415779,0.415393,0.415121,0.415011,0.415098,0.415405,0.415938,0.416693,0.417665,0.418851,0.420261,0.421922,0.423876,0.426177,0.428874,0.432,0.435552,0.439481,0.443686,0.448017,0.452285,0.456279,0.459786,0.46261,0.464589,0.465609,0.465609,0.464589,0.46261,0.459786,0.456279,0.452285,0.448017,0.443686,0.439481,0.435552,0.432,0.428874,0.426177,0.423876,0.421922,0.420261,0.418851,0.417665,0.416693,0.415938,0.415405,0.415098,0.415011,0.415121,0.415393,0.415779,0.416223,0.416666,0.417054,0.41734,0.417492,0.417492
0.420373,0.420373,0.420142,0.419697,0.419071,0.418308,0.417467,0.416611,0.415807,0.415121,0.414611,0.414327,0.41431,0.414591,0.415199,0.41616,0.417505,0.419269,0.421488,0.424193,0.427401,0.4311,0.43524,0.439729,0.444429,0.449165,0.45374,0.457945,0.461582,0.464476,0.466487,0.467517,0.467517,0.466487,0.464476,0.461582,0.457945,0.45374,0.449165,0.444429,0.439729,0.43524,0.4311,0.427401,0.424193,0.421488,0.419269,0.417505,0.41616,0.415199,0.414591,0.41431,0.414327,0.414611,0.415121,0.415807,0.416611,0.417467,0.418308,0.419071,0.419697,0.420142,0.420373,0.420373
0.423029,0.423029,0.422737,0.422169,0.421352,0.420328,0.419153,0.417889,0.416611,0.415393,0.414315,0.413454,0.412883,0.412673,0.412888,0.41359,0.414833,0.416665,0.419116,0.4222,0.425895,0.430147,0.434858,0.439888,0.445064,0.450187,0.45505,0.45945,0.463203,0.466156,0.468191,0.469229,0.469229,0.468191,0.466156,0.463203,0.45945,0.45505,0.450187,0.445064,0.439888,0.434858,0.430147,0.425895,0.4222,0.419116,0.416665,0.414833,0.41359,0.412888,0.412673,0.412883,0.413454,0.414315,0.415393,0.416611,0.417889,0.419153,0.420328,0.421352,0.422169,0.422737,0.423029,0.423029
0.425375,0.425375,0.42504,0.424381,0.423422,0.422197,0.420753,0.419153,0.417467,0.415779,0.414185,0.412784,0.411682,0.410987,0.410804,0.411229,0.412344,0.414212,0.416861,0.420285,0.42443,0.429198,0.434441,0.439978,0.445598,0.451079,0.456205,0.46078,0.464634,0.467637,0.469689,0.470731,0.470731,0.469689,0.467637,0.464634,0.46078,0.456205,0.451079,0.445598,0.439978,0.434441,0.429198,0.42443,0.420285,0.416861,0.414212,0.412344,0.411229,0.410804,0.410987,0.411682,0.412784,0.414185,0.415779,0.417467,0.419153,0.420753,0.422197,0.423422,0.424381,0.42504,0.425375,0.425375
0.427361,0.427361,0.426997,0.426277,0.425217,0.423844,0.422197,0.420328,0.418308,0.416223,0.414179,0.412297,0.410711,0.409565,0.409001,0.409152,0.410128,0.412006,0.414816,0.418535,0.423078,0.428306,0.434028,0.440019,0.446035,0.451834,0.457193,0.461919,0.465859,0.468901,0.470966,0.472009,0.472009,0.470966,0.468901,0.465859,0.461919,0.457193,0.451834,0.446035,0.440019,0.434028,0.428306,0.423078,0.418535,0.414816,0.412006,0.410128,0.409152,0.409001,0.409565,0.410711,0.412297,0.414179,0.416223,0.418308,0.420328,0.422197,0.423844,0.425217,0.426277,0.426997,0.427361,0.427361
0.428958,0.428958,0.428576,0.427818,0.426692,0.425217,0.423422,0.421352,0.419071,0.416666,0.414252,0.411965,0.409965,0.408424,0.407522,0.407421,0.408261,0.410132,0.413067,0.417028,0.421905,0.427522,0.43365,0.440027,0.446379,0.452447,0.458001,0.462852,0.466862,0.469933,0.472007,0.47305,0.47305,0.472007,0.469933,0.466862,0.462852,0.458001,0.452447,0.446379,0.440027,0.43365,0.427522,0.421905,0.417028,0.413067,0.410132,0.408261,0.407421,0.407522,0.408424,0.409965,0.411965,0.414252,0.416666,0.419071,0.421352,0.423422,0.425217,0.426692,0.427818,0.428576,0.428958,0.428958
0.430155,0.430155,0.429764,0.428984,0.427818,0.426277,0.424381,0.422169,0.419697,0.417054,0.414357,0.411755,0.409427,0.407571,0.406392,0.406084,0.406805,0.408661,0.411686,0.415833,0.42097,0.426892,0.433339,0.440018,0.446635,0.452913,0.458618,0.463566,0.467628,0.470721,0.4728,0.473843,0.473843,0.4728,0.470721,0.467628,0.463566,0.458618,0.452913,0.446635,0.440018,0.433339,0.426892,0.42097,0.415833,0.411686,0.408661,0.406805,0.406084,0.406392,0.407571,0.409427,0.411755,0.414357,0.417054,0.419697,0.422169,0.424381,0.426277,0.427818,0.428984,0.429764,0.430155,0.430155
0.430951,0.430951,0.430556,0.429764,0.428576,0.426997,0.42504,0.422737,0.420142,0.41734,0.414452,0.411635,0.40908,0.407004,0.405631,0.405174,0.405808,0.407649,0.410733,0.415004,0.420318,0.42645,0.433117,0.440005,0.446804,0.453226,0.459035,0.464049,0.468146,0.471253,0.473334,0.474377,0.474377,0.473334,0.471253,0.468146,0.464049,0.459035,0.453226,0.446804,0.440005,0.433117,0.42645,0.420318,0.415004,0.410733,0.407649,0.405808,0.405174,0.405631,0.407004,0.40908,0.411635,0.414452,0.41734,0.420142,0.422737,0.42504,0.426997,0.428576,0.429764,0.430556,0.430951,0.430951
0.431348,0.431348,0.430951,0.430155,0.428958,0.427361,0.425375,0.423029,0.420373,0.417492,0.414508,0.411581,0.408911,0.406722,0.405249,0.404714,0.405302,0.407133,0.410246,0.41458,0.419984,0.426223,0.433001,0.439997,0.446888,0.453383,0.459245,0.464292,0.468407,0.471521,0.473603,0.474645,0.474645,0.473603,0.471521,0.468407,0.464292,0.459245,0.453383,0.446888,0.439997,0.433001,0.426223,0.419984,0.41458,0.410246,0.407133,0.405302,0.404714,0.405249,0.406722,0.408911,0.411581,0.414508,0.417492,0.420373,0.423029,0.425375,0.427361,0.428958,0.430155,0.430951,0.431348,0.431348
0.431348,0.431348,0.430951,0.430155,0.428958,0.427361,0.425375,0.423029,0.420373,0.417492,0.414508,0.411581,0.408911,0.406722,0.405249,0.404714,0.405302,0.407133,0.410246,0.41458,0.419984,0.426223,0.433001,0.439997,0.446888,0.453383,0.459245,0.464292,0.468407,0.471521,0.473603,0.474645,0.474645,0.473603,0.471521,0.468407,0.464292,0.459245,0.453383,0.446888,0.439997,0.433001,0.426223,0.419984,0.41458,0.410246,0.407133,0.405302,0.404714,0.405249,0.406722,0.408911,0.411581,0.414508,0.417492,0.420373,0.423029,0.425375,0.427361,0.428958,0.430155,0.430951,0.431348,0.431348
