0.5,0.5,0.5,0.5,0.5,0.5,0.5,0.5,0.5,0.5,0.5,0.5,0.5,0.5,0.5,0.5,0.5,0.5,0.5,0.5,0.5,0.5,0.5,0.5,0.5,0.5,0.5,0.5,0.5,0.5,0.5,0.5,0.5,0.5,0.5,0.5,0.5,0.5,0.5,0.5,0.5,0.5,0.5,0.5,0.5,0.5,0.5,0.5,0.5,0.5,0.5,0.5,0.5,0.5,0.5,0.5,0.5,0.5,0.5,0.5,0.5,0.5,0.5,0.5
0.5,0.5,0.5,0.5,0.5,0.5,0.5,0.5,0.5,0.5,0.5,0.5,0.5,0.5,0.5,0.5,0.5,0.5,0.5,0.5,0.5,0.5,0.5,0.5,0.5,0.5,0.5,0.5,0.5,0.5,0.5,0.5,0.5,0.5,0.5,0.5,0.5,0.5,0.5,0.5,0.5,0.5,0.5,0.5,0.5,0.5,0.5,0.5,0.5,0.5,0.5,0.5,0.5,0.5,0.5,0.5,0.5,0.5,0.5,0.5,0.5,0.5,0.5,0.5
0.5,0.5,0.5,0.5,0.5,0.5,0.5,0.5,0.5,0.5,0.5,0.5,0.5,0.5,0.5,0.5,0.5,0.5,0.5,0.5,0.5,0.5,0.5,0.5,0.5,0.5,0.5,0.5,0.5,0.5,0.5,0.5,0.5,0.5,0.5,0.5,0.5,0.5,0.5,0.5,0.5,0.5,0.5,0.5,0.5,0.5,0.5,0.5,0.5,0.5,0.5,0.5,0.5,0.5,0.5,0.5,0.5,0.5,0.5,0.5,0.5,0.5,0.5,0.5
0.5,0.5,0.5,0.5,0.5,0.5,0.5,0.5,0.5,0.5,0.5,0.5,0.5,0.5,0.5,0.5,0.5,0.5,0.5,0.5,0.5,0.5,0.5,0.5,0.5,0.5,0.5,0.5,0.5,0.5,0.499999,0.499999,0.499999,0.499999,0.5,0.5,0.5,0.5,0.5,0.5,0.5,0.5,0.5,0.5,0.5,0.5,0.5,0.5,0.5,0.5,0.5,0.5,0.5,0.5,0.5,0.5,0.5,0.5,0.5,0.5,0.5,0.5,0.5,0.5
0.5,0.5,0.5,0.5,0.5,0.5,0.5,0.5,0.5,0.5,0.5,0.5,0.5,0.5,0.5,0.5,0.5,0.5,0.5,0.5,0.5,0.5,0.5,0.5,0.499999,0.499999,0.499999,0.499999,0.499999,0.499999,0.499999,0.499999,0.499999,0.499999,0.499999,0.499999,0.499999,0.499999,0.499999,0.499999,0.5,0.5,0.5,0.5,0.5,0.5,0.5,0.5,0.5,0.5,0.5,0.5,0.5,0.5,0.5,0.5,0.5,0.5,0.5,0.5,0.5,0.5,0.5,0.5
0.5,0.5,0.5,0.5,0.5,0.5,0.5,0.5,0.5,0.5,0.5,0.5,0.5,0.5,0.5,0.5,0.5,0.5,0.5,0.5,0.5,0.499999,0.499999,0.499999,0.499999,0.499998,0.499998,0.499997,0.499997,0.499997,0.499996,0.499996,0.499996,0.499996,0.499997,0.499997,0.499997,0.499998,0.499998,0.499999,0.499999,0.499999,0.499999,0.5,0.5,0.5,0.5,0.5,0.5,0.5,0.5,0.5,0.5,0.5,0.5,0.5,0.5,0.5,0.5,0.5,0.5,0.5,0.5,0.5
0.5,0.5,0.5,0.5,0.5,0.5,0.5,0.5,0.5,0.5,0.5,0.5,0.5,0.5,0.5,0.5,0.5,0.5,0.5,0.499999,0.499999,0.499999,0.499998,0.499997,0.499997,0.499996,0.499995,0.499994,0.499993,0.499992,0.499991,0.499991,0.499991,0.499991,0.499992,0.499993,0.499994,0.499995,0.499996,0.499997,0.499997,0.499998,0.499999,0.499999,0.499999,0.5,0.5,0.5,0.5,0.5,0.5,0.5,0.5,0.5,0.5,0.5,0.5,0.5,0.5,0.5,0.5,0.5,0.5,0.5
0.5,0.5,0.5,0.5,0.5,0.5,0.5,0.5,0.5,0.5,0.5,0.5,0.5,0.5,0.5,0.5,0.5,0.499999,0.499999,0.499999,0.499998,0.499997,0.499996,0.499994,0.499992,0.49999,0.499987,0.499985,0.499982,0.49998,0.499979,0.499978,0.499978,0.499979,0.49998,0.499982,0.499985,0.499987,0.49999,0.499992,0.499994,0.499996,0.499997,0.499998,0.499999,0.499999,0.499999,0.5,0.5,0.5,0.5,0.5,0.5,0.5,0.5,0.5,0.5,0.5,0.5,0.5,0.5,0.5,0.5,0.5
0.5,0.5,0.5,0.5,0.5,0.5,0.5,0.5,0.5,0.5,0.5,0.5,0.5,0.5,0.5,0.5,0.499999,0.499999,0.499998,0.499997,0.499995,0.499993,0.49999,0.499986,0.499981,0.499976,0.49997,0.499965,0.499959,0.499955,0.499951,0.49995,0.49995,0.499951,0.499955,0.499959,0.499965,0.49997,0.499976,0.499981,0.499986,0.49999,0.499993,0.499995,0.499997,0.499998,0.499999,0.499999,0.5,0.5,0.5,0.5,0.5,0.5,0.5,0.5,0.5,0.5,0.5,0.5,0.5,0.5,0.5,0.5
0.5,0.5,0.5,0.5,0.5,0.5,0.5,0.5,0.5,0.5,0.5,0.5,0.5,0.5,0.5,0.499999,0.499998,0.499997,0.499995,0.499993,0.499989,0.499984,0.499977,0.499968,0.499958,0.499946,0.499934,0.499921,0.499909,0.499899,0.499892,0.499888,0.499888,0.499892,0.499899,0.499909,0.499921,0.499934,0.499946,0.499958,0.499968,0.499977,0.499984,0.499989,0.499993,0.499995,0.499997,0.499998,0.499999,0.5,0.5,0.5,0.5,0.5,0.5,0.5,0.5,0.5,0.5,0.5,0.5,0.5,0.5,0.5
0.5,0.5,0.5,0.5,0.5,0.5,0.5,0.5,0.5,0.5,0.5,0.5,0.5,0.499999,0.499999,0.499998,0.499996,0.499994,0.49999,0.499985,0.499976,0.499965,0.49995,0.499932,0.49991,0.499885,0.499858,0.49983,0.499805,0.499783,0.499767,0.499759,0.499759,0.499767,0.499783,0.499805,0.49983,0.499858,0.499885,0.49991,0.499932,0.49995,0.499965,0.499976,0.499985,0.49999,0.499994,0.499996,0.499998,0.499999,0.499999,0.5,0.5,0.5,0.5,0.5,0.5,0.5,0.5,0.5,0.5,0.5,0.5,0.5
0.5,0.5,0.5,0.5,0.5,0.5,0.5,0.5,0.5,0.5,0.5,0.5,0.499999,0.499999,0.499998,0.499996,0.499993,0.499988,0.49998,0.499968,0.499951,0.499927,0.499897,0.499859,0.499813,0.499761,0.499705,0.499648,0.499595,0.499551,0.499518,0.499501,0.499501,0.499518,0.499551,0.499595,0.499648,0.499705,0.499761,0.499813,0.499859,0.499897,0.499927,0.499951,0.499968,0.49998,0.499988,0.499993,0.499996,0.499998,0.499999,0.499999,0.5,0.5,0.5,0.5,0.5,0.5,0.5,0.5,0.5,0.5,0.5,0.5
0.5,0.5,0.5,0.5,0.5,0.5,0.5,0.5,0.5,0.5,0.5,0.499999,0.499999,0.499998,0.499995,0.499992,0.499985,0.499975,0.499959,0.499935,0.499901,0.499854,0.499793,0.499717,0.499625,0.499521,0.499409,0.499297,0.499191,0.499102,0.499037,0.499003,0.499003,0.499037,0.499102,0.499191,0.499297,0.499409,0.499521,0.499625,0.499717,0.499793,0.499854,0.499901,0.499935,0.499959,0.499975,0.499985,0.499992,0.499995,0.499998,0.499999,0.499999,0.5,0.5,0.5,0.5,0.5,0.5,0.5,0.5,0.5,0.5,0.5
0.5,0.5,0.5,0.5,0.5,0.5,0.5,0.5,0.5,0.5,0.499999,0.499999,0.499998,0.499995,0.499991,0.499984,0.499971,0.499951,0.49992,0.499874,0.499808,0.499718,0.4996,0.499452,0.499276,0.499076,0.498861,0.498644,0.498442,0.498271,0.498146,0.498081,0.498081,0.498146,0.498271,0.498442,0.498644,0.498861,0.499076,0.499276,0.499452,0.4996,0.499718,0.499808,0.499874,0.49992,0.499951,0.499971,0.499984,0.499991,0.499995,0.499998,0.499999,0.499999,0.5,0.5,0.5,0.5,0.5,0.5,0.5,0.5,0.5,0.5
0.5,0.5,0.5,0.5,0.5,0.5,0.5,0.5,0.5,0.5,0.499999,0.499998,0.499995,0.499991,0.499983,0.499969,0.499946,0.499908,0.49985,0.499764,0.499641,0.499473,0.499253,0.498978,0.498651,0.498279,0.497881,0.497479,0.497105,0.496787,0.496557,0.496435,0.496435,0.496557,0.496787,0.497105,0.497479,0.497881,0.498279,0.498651,0.498978,0.499253,0.499473,0.499641,0.499764,0.49985,0.499908,0.499946,0.499969,0.499983,0.499991,0.499995,0.499998,0.499999,0.5,0.5,0.5,0.5,0.5,0.5,0.5,0.5,0.5,0.5
0.5,0.5,0.5,0.5,0.5,0.5,0.5,0.5,0.5,0.499999,0.499998,0.499996,0.499992,0.499984,0.499969,0.499944,0.499902,0.499834,0.499729,0.499573,0.499352,0.49905,0.498655,0.498162,0.497575,0.49691,0.496197,0.495479,0.494809,0.494242,0.493831,0.493614,0.493614,0.493831,0.494242,0.494809,0.495479,0.496197,0.49691,0.497575,0.498162,0.498655,0.49905,0.499352,0.499573,0.499729,0.499834,0.499902,0.499944,0.499969,0.499984,0.499992,0.499996,0.499998,0.499999,0.5,0.5,0.5,0.5,0.5,0.5,0.5,0.5,0.5
0.5,0.5,0.5,0.5,0.5,0.5,0.5,0.5,0.499999,0.499998,0.499996,0.499993,0.499985,0.499971,0.499946,0.499902,0.499828,0.49971,0.499527,0.499256,0.498872,0.498348,0.497664,0.49681,0.495795,0.494645,0.493415,0.492177,0.491022,0.490045,0.489336,0.488963,0.488963,0.489336,0.490045,0.491022,0.492177,0.493415,0.494645,0.495795,0.49681,0.497664,0.498348,0.498872,0.499256,0.499527,0.49971,0.499828,0.499902,0.499946,0.499971,0.499985,0.499993,0.499996,0.499998,0.499999,0.5,0.5,0.5,0.5,0.5,0.5,0.5,0.5
0.5,0.5,0.5,0.5,0.5,0.5,0.5,0.499999,0.499999,0.499997,0.499994,0.499988,0.499975,0.499951,0.499908,0.499834,0.49971,0.49951,0.499204,0.49875,0.498105,0.497228,0.496084,0.494658,0.492963,0.491047,0.488997,0.486936,0.485015,0.483391,0.482213,0.481593,0.481593,0.482213,0.483391,0.485015,0.486936,0.488997,0.491047,0.492963,0.494658,0.496084,0.497228,0.498105,0.49875,0.499204,0.49951,0.49971,0.499834,0.499908,0.499951,0.499975,0.499988,0.499994,0.499997,0.499999,0.499999,0.5,0.5,0.5,0.5,0.5,0.5,0.5
0.5,0.5,0.5,0.5,0.5,0.5,0.5,0.499999,0.499998,0.499995,0.49999,0.49998,0.499959,0.49992,0.49985,0.499729,0.499527,0.499204,0.498706,0.497971,0.496928,0.49551,0.493664,0.491366,0.488637,0.485554,0.482258,0.478947,0.475862,0.473257,0.471367,0.470372,0.470372,0.471367,0.473257,0.475862,0.478947,0.482258,0.485554,0.488637,0.491366,0.493664,0.49551,0.496928,0.497971,0.498706,0.499204,0.499527,0.499729,0.49985,0.49992,0.499959,0.49998,0.49999,0.499995,0.499998,0.499999,0.5,0.5,0.5,0.5,0.5,0.5,0.5
0.5,0.5,0.5,0.5,0.5,0.5,0.499999,0.499999,0.499997,0.499993,0.499985,0.499968,0.499935,0.499874,0.499764,0.499573,0.499256,0.49875,0.497971,0.496821,0.495193,0.492982,0.490106,0.48653,0.482287,0.477498,0.472383,0.467249,0.462468,0.458432,0.455505,0.453966,0.453966,0.455505,0.458432,0.462468,0.467249,0.472383,0.477498,0.482287,0.48653,0.490106,0.492982,0.495193,0.496821,0.497971,0.49875,0.499256,0.499573,0.499764,0.499874,0.499935,0.499968,0.499985,0.499993,0.499997,0.499999,0.499999,0.5,0.5,0.5,0.5,0.5,0.5
0.5,0.5,0.5,0.5,0.5,0.5,0.499999,0.499998,0.499995,0.499989,0.499976,0.499951,0.499901,0.499808,0.499641,0.499352,0.498872,0.498105,0.496928,0.495193,0.492738,0.489409,0.485084,0.479711,0.473342,0.466162,0.458497,0.45081,0.443655,0.437619,0.433243,0.430941,0.430941,0.433243,0.437619,0.443655,0.45081,0.458497,0.466162,0.473342,0.479711,0.485084,0.489409,0.492738,0.495193,0.496928,0.498105,0.498872,0.499352,0.499641,0.499808,0.499901,0.499951,0.499976,0.499989,0.499995,0.499998,0.499999,0.5,0.5,0.5,0.5,0.5,0.5
0.5,0.5,0.5,0.5,0.5,0.499999,0.499999,0.499997,0.499993,0.499984,0.499965,0.499927,0.499854,0.499718,0.499473,0.49905,0.498348,0.497228,0.49551,0.492982,0.489409,0.484569,0.478287,0.470492,0.46126,0.450861,0.43977,0.428654,0.418314,0.409595,0.403275,0.399952,0.399952,0.403275,0.409595,0.418314,0.428654,0.43977,0.450861,0.46126,0.470492,0.478287,0.484569,0.489409,0.492982,0.49551,0.497228,0.498348,0.49905,0.499473,0.499718,0.499854,0.499927,0.499965,0.499984,0.499993,0.499997,0.499999,0.499999,0.5,0.5,0.5,0.5,0.5
0.5,0.5,0.5,0.5,0.5,0.499999,0.499998,0.499996,0.49999,0.499977,0.49995,0.499897,0.499793,0.4996,0.499253,0.498655,0.497664,0.496084,0.493664,0.490106,0.485084,0.478287,0.469476,0.458551,0.445626,0.431079,0.415577,0.400049,0.385613,0.373445,0.364629,0.359995,0.359995,0.364629,0.373445,0.385613,0.400049,0.415577,0.431079,0.445626,0.458551,0.469476,0.478287,0.485084,0.490106,0.493664,0.496084,0.497664,0.498655,0.499253,0.4996,0.499793,0.499897,0.49995,0.499977,0.49999,0.499996,0.499998,0.499999,0.5,0.5,0.5,0.5,0.5
0.5,0.5,0.5,0.5,0.5,0.499999,0.499997,0.499994,0.499986,0.499968,0.499932,0.499859,0.499717,0.499452,0.498978,0.498162,0.49681,0.494658,0.491366,0.48653,0.479711,0.470492,0.458551,0.443761,0.426278,0.406617,0.38568,0.364722,0.345248,0.328841,0.316957,0.310712,0.310712,0.316957,0.328841,0.345248,0.364722,0.38568,0.406617,0.426278,0.443761,0.458551,0.470492,0.479711,0.48653,0.491366,0.494658,0.49681,0.498162,0.498978,0.499452,0.499717,0.499859,0.499932,0.499968,0.499986,0.499994,0.499997,0.499999,0.5,0.5,0.5,0.5,0.5
0.5,0.5,0.5,0.5,0.499999,0.499999,0.499997,0.499992,0.499981,0.499958,0.49991,0.499813,0.499625,0.499276,0.498651,0.497575,0.495795,0.492963,0.488637,0.482287,0.473342,0.46126,0.445626,0.426278,0.403426,0.377746,0.350418,0.32308,0.297689,0.276307,0.260823,0.252687,0.252687,0.260823,0.276307,0.297689,0.32308,0.350418,0.377746,0.403426,0.426278,0.445626,0.46126,0.473342,0.482287,0.488637,0.492963,0.495795,0.497575,0.498651,0.499276,0.499625,0.499813,0.49991,0.499958,0.499981,0.499992,0.499997,0.499999,0.499999,0.5,0.5,0.5,0.5
0.5,0.5,0.5,0.5,0.499999,0.499998,0.499996,0.49999,0.499976,0.499946,0.499885,0.499761,0.499521,0.499076,0.498279,0.49691,0.494645,0.491047,0.485554,0.477498,0.466162,0.450861,0.431079,0.406617,0.377746,0.345325,0.310844,0.27637,0.244367,0.217426,0.197922,0.187676,0.187676,0.197922,0.217426,0.244367,0.27637,0.310844,0.345325,0.377746,0.406617,0.431079,0.450861,0.466162,0.477498,0.485554,0.491047,0.494645,0.49691,0.498279,0.499076,0.499521,0.499761,0.499885,0.499946,0.499976,0.49999,0.499996,0.499998,0.499999,0.5,0.5,0.5,0.5
0.5,0.5,0.5,0.5,0.499999,0.499998,0.499995,0.499987,0.49997,0.499934,0.499858,0.499705,0.499409,0.498861,0.497881,0.496197,0.493415,0.488997,0.482258,0.472383,0.458497,0.43977,0.415577,0.38568,0.350418,0.310844,0.268781,0.226746,0.18774,0.154915,0.131157,0.118678,0.118678,0.131157,0.154915,0.18774,0.226746,0.268781,0.310844,0.350418,0.38568,0.415577,0.43977,0.458497,0.472383,0.482258,0.488997,0.493415,0.496197,0.497881,0.498861,0.499409,0.499705,0.499858,0.499934,0.49997,0.499987,0.499995,0.499998,0.499999,0.5,0.5,0.5,0.5
0.5,0.5,0.5,0.5,0.499999,0.499997,0.499994,0.499985,0.499965,0.499921,0.49983,0.499648,0.499297,0.498644,0.497479,0.495479,0.492177,0.486936,0.478947,0.467249,0.45081,0.428654,0.400049,0.364722,0.32308,0.27637,0.226746,0.177176,0.131195,0.0925103,0.0645176,0.0498164,0.0498164,0.0645176,0.0925103,0.131195,0.177176,0.226746,0.27637,0.32308,0.364722,0.400049,0.428654,0.45081,0.467249,0.478947,0.486936,0.492177,0.495479,0.497479,0.498644,0.499297,0.499648,0.49983,0.499921,0.499965,0.499985,0.499994,0.499997,0.499999,0.5,0.5,0.5,0.5
0.5,0.5,0.5,0.5,0.499999,0.499997,0.499993,0.499982,0.499959,0.499909,0.499805,0.499595,0.499191,0.498442,0.497105,0.494809,0.491022,0.485015,0.475862,0.462468,0.443655,0.418314,0.385613,0.345248,0.297689,0.244367,0.18774,0.131195,0.0787596,0.0346551,0.00274608,-0.0140102,-0.0140102,0.00274608,0.0346551,0.0787596,0.131195,0.18774,0.244367,0.297689,0.345248,0.385613,0.418314,0.443655,0.462468,0.475862,0.485015,0.491022,0.494809,0.497105,0.498442,0.499191,0.499595,0.499805,0.499909,0.499959,0.499982,0.499993,0.499997,0.499999,0.5,0.5,0.5,0.5
0.5,0.5,0.5,0.5,0.499999,0.499997,0.499992,0.49998,0.499955,0.499899,0.499783,0.499551,0.499102,0.498271,0.496787,0.494242,0.490045,0.483391,0.473257,0.458432,0.437619,0.409595,0.373445,0.328841,0.276307,0.217426,0.154915,0.0925103,0.0346551,-0.0139993,-0.0491954,-0.0676763,-0.0676763,-0.0491954,-0.0139993,0.0346551,0.0925103,0.154915,0.217426,0.276307,0.328841,0.373445,0.409595,0.437619,0.458432,0.473257,0.483391,0.490045,0.494242,0.496787,0.498271,0.499102,0.499551,0.499783,0.499899,0.499955,0.49998,0.499992,0.499997,0.499999,0.5,0.5,0.5,0.5
0.5,0.5,0.5,0.499999,0.499999,0.499996,0.499991,0.499979,0.499951,0.499892,0.499767,0.499518,0.499037,0.498146,0.496557,0.493831,0.489336,0.482213,0.471367,0.455505,0.433243,0.403275,0.364629,0.316957,0.260823,0.197922,0.131157,0.0645176,0.00274608,-0.0491954,-0.0867659,-0.106493,-0.106493,-0.0867659,-0.0491954,0.00274608,0.0645176,0.131157,0.197922,0.260823,0.316957,0.364629,0.403275,0.433243,0.455505,0.471367,0.482213,0.489336,0.493831,0.496557,0.498146,0.499037,0.499518,0.499767,0.499892,0.499951,0.499979,0.499991,0.499996,0.499999,0.499999,0.5,0.5,0.5
0.5,0.5,0.5,0.499999,0.499999,0.499996,0.499991,0.499978,0.49995,0.499888,0.499759,0.499501,0.499003,0.498081,0.496435,0.493614,0.488963,0.481593,0.470372,0.453966,0.430941,0.399952,0.359995,0.310712,0.252687,0.187676,0.118678,0.0498164,-0.0140102,-0.0676763,-0.106493,-0.126873,-0.126873,-0.106493,-0.0676763,-0.0140102,0.0498164,0.118678,0.187676,0.252687,0.310712,0.359995,0.399952,0.430941,0.453966,0.470372,0.481593,0.488963,0.493614,0.496435,0.498081,0.499003,0.499501,0.499759,0.499888,0.49995,0.499978,0.499991,0.499996,0.499999,0.499999,0.5,0.5,0.5
0.5,0.5,0.5,0.499999,0.499999,0.499996,0.499991,0.499978,0.49995,0.499888,0.499759,0.499501,0.499003,0.498081,0.496435,0.493614,0.488963,0.481593,0.470372,0.453966,0.430941,0.399952,0.359995,0.310712,0.252687,0.187676,0.118678,0.0498164,-0.0140102,-0.0676763,-0.106493,-0.126873,-0.126873,-0.106493,-0.0676763,-0.0140102,0.0498164,0.118678,0.187676,0.252687,0.310712,0.359995,0.399952,0.430941,0.453966,0.470372,0.481593,0.488963,0.493614,0.496435,0.498081,0.499003,0.499501,0.499759,0.499888,0.49995,0.499978,0.499991,0.499996,0.499999,0.499999,0.5,0.5,0.5
0.5,0.5,0.5,0.499999,0.499999,0.499996,0.499991,0.499979,0.499951,0.499892,0.499767,0.499518,0.499037,0.498146,0.496557,0.493831,0.489336,0.482213,0.471367,0.455505,0.433243,0.403275,0.364629,0.316957,0.260823,0.197922,0.131157,0.0645176,0.00274608,-0.0491954,-0.0867659,-0.106493,-0.106493,-0.0867659,-0.0491954,0.00274608,0.0645176,0.131157,0.197922,0.260823,0.316957,0.364629,0.403275,0.433243,0.455505,0.471367,0.482213,0.489336,0.493831,0.496557,0.498146,0.499037,0.499518,0.499767,0.499892,0.499951,0.499979,0.499991,0.499996,0.499999,0.499999,0.5,0.5,0.5
0.5,0.5,0.5,0.5,0.499999,0.499997,0.499992,0.49998,0.499955,0.499899,0.499783,0.499551,0.499102,0.498271,0.496787,0.494242,0.490045,0.483391,0.473257,0.458432,0.437619,0.409595,0.373445,0.328841,0.276307,0.217426,0.154915,0.0925103,0.0346551,-0.0139993,-0.0491954,-0.0676763,-0.0676763,-0.0491954,-0.0139993,0.0346551,0.0925103,0.154915,0.217426,0.276307,0.328841,0.373445,0.409595,0.437619,0.458432,0.473257,0.483391,0.490045,0.494242,0.496787,0.498271,0.499102,0.499551,0.499783,0.499899,0.499955,0.49998,0.499992,0.499997,0.499999,0.5,0.5,0.5,0.5
0.5,0.5,0.5,0.5,0.499999,0.499997,0.499993,0.499982,0.499959,0.499909,0.499805,0.499595,0.499191,0.498442,0.497105,0.494809,0.491022,0.485015,0.475862,0.462468,0.443655,0.418314,0.385613,0.345248,0.297689,0.244367,0.18774,0.131195,0.0787596,0.0346551,0.00274608,-0.0140102,-0.0140102,0.00274608,0.0346551,0.0787596,0.131195,0.18774,0.244367,0.297689,0.345248,0.385613,0.418314,0.443655,0.462468,0.475862,0.485015,0.491022,0.494809,0.497105,0.498442,0.499191,0.499595,0.499805,0.499909,0.499959,0.499982,0.499993,0.499997,0.499999,0.5,0.5,0.5,0.5
0.5,0.5,0.5,0.5,0.499999,0.499997,0.499994,0.499985,0.499965,0.499921,0.49983,0.499648,0.499297,0.498644,0.497479,0.495479,0.492177,0.486936,0.478947,0.467249,0.45081,0.428654,0.400049,0.364722,0.32308,0.27637,0.226746,0.177176,0.131195,0.0925103,0.0645176,0.0498164,0.0498164,0.0645176,0.0925103,0.131195,0.177176,0.226746,0.27637,0.32308,0.364722,0.400049,0.428654,0.45081,0.467249,0.478947,0.486936,0.492177,0.495479,0.497479,0.498644,0.499297,0.499648,0.49983,0.499921,0.499965,0.499985,0.499994,0.499997,0.499999,0.5,0.5,0.5,0.5
0.5,0.5,0.5,0.5,0.499999,0.499998,0.499995,0.499987,0.49997,0.499934,0.499858,0.499705,0.499409,0.498861,0.497881,0.496197,0.493415,0.488997,0.482258,0.472383,0.458497,0.43977,0.415577,0.38568,0.350418,0.310844,0.268781,0.226746,0.18774,0.154915,0.131157,0.118678,0.118678,0.131157,0.154915,0.18774,0.226746,0.268781,0.310844,0.350418,0.38568,0.415577,0.43977,0.458497,0.472383,0.482258,0.488997,0.493415,0.496197,0.497881,0.498861,0.499409,0.499705,0.499858,0.499934,0.49997,0.499987,0.499995,0.499998,0.499999,0.5,0.5,0.5,0.5
0.5,0.5,0.5,0.5,0.499999,0.499998,0.499996,0.49999,0.499976,0.499946,0.499885,0.499761,0.499521,0.499076,0.498279,0.49691,0.494645,0.491047,0.485554,0.477498,0.466162,0.450861,0.431079,0.406617,0.377746,0.345325,0.310844,0.27637,0.244367,0.217426,0.197922,0.187676,0.187676,0.197922,0.217426,0.244367,0.27637,0.310844,0.345325,0.377746,0.406617,0.431079,0.450861,0.466162,0.477498,0.485554,0.491047,0.494645,0.49691,0.498279,0.499076,0.499521,0.499761,0.499885,0.499946,0.499976,0.49999,0.499996,0.499998,0.499999,0.5,0.5,0.5,0.5
0.5,0.5,0.5,0.5,0.499999,0.499999,0.499997,0.499992,0.499981,0.499958,0.49991,0.499813,0.499625,0.499276,0.498651,0.497575,0.495795,0.492963,0.488637,0.482287,0.473342,0.46126,0.445626,0.426278,0.403426,0.377746,0.350418,0.32308,0.297689,0.276307,0.260823,0.252687,0.252687,0.260823,0.276307,0.297689,0.32308,0.350418,0.377746,0.403426,0.426278,0.445626,0.46126,0.473342,0.482287,0.488637,0.492963,0.495795,0.497575,0.498651,0.499276,0.499625,0.499813,0.49991,0.499958,0.499981,0.499992,0.499997,0.499999,0.499999,0.5,0.5,0.5,0.5
0.5,0.5,0.5,0.5,0.5,0.499999,0.499997,0.499994,0.499986,0.499968,0.499932,0.499859,0.499717,0.499452,0.498978,0.498162,0.49681,0.494658,0.491366,0.48653,0.479711,0.470492,0.458551,0.443761,0.426278,0.406617,0.38568,0.364722,0.345248,0.328841,0.316957,0.310712,0.310712,0.316957,0.328841,0.345248,0.364722,0.38568,0.406617,0.426278,0.443761,0.458551,0.470492,0.479711,0.48653,0.491366,0.494658,0.49681,0.498162,0.498978,0.499452,0.499717,0.499859,0.499932,0.499968,0.499986,0.499994,0.499997,0.499999,0.5,0.5,0.5,0.5,0.5
0.5,0.5,0.5,0.5,0.5,0.499999,0.499998,0.499996,0.49999,0.499977,0.49995,0.499897,0.499793,0.4996,0.499253,0.498655,0.497664,0.496084,0.493664,0.490106,0.485084,0.478287,0.469476,0.458551,0.445626,0.431079,0.415577,0.400049,0.385613,0.373445,0.364629,0.359995,0.359995,0.364629,0.373445,0.385613,0.400049,0.415577,0.431079,0.445626,0.458551,0.469476,0.478287,0.485084,0.490106,0.493664,0.496084,0.497664,0.498655,0.499253,0.4996,0.499793,0.499897,0.49995,0.499977,0.49999,0.499996,0.499998,0.499999,0.5,0.5,0.5,0.5,0.5
0.5,0.5,0.5,0.5,0.5,0.499999,0.499999,0.499997,0.499993,0.499984,0.499965,0.499927,0.499854,0.499718,0.499473,0.49905,0.498348,0.497228,0.49551,0.492982,0.489409,0.484569,0.478287,0.470492,0.46126,0.450861,0.43977,0.428654,0.418314,0.409595,0.403275,0.399952,0.399952,0.403275,0.409595,0.418314,0.428654,0.43977,0.450861,0.46126,0.470492,0.478287,0.484569,0.489409,0.492982,0.49551,0.497228,0.498348,0.49905,0.499473,0.499718,0.499854,0.499927,0.499965,0.499984,0.499993,0.499997,0.499999,0.499999,0.5,0.5,0.5,0.5,0.5
0.5,0.5,0.5,0.5,0.5,0.5,0.499999,0.499998,0.499995,0.499989,0.499976,0.499951,0.499901,0.499808,0.499641,0.499352,0.498872,0.498105,0.496928,0.495193,0.492738,0.489409,0.485084,0.479711,0.473342,0.466162,0.458497,0.45081,0.443655,0.437619,0.433243,0.430941,0.430941,0.433243,0.437619,0.443655,0.45081,0.458497,0.466162,0.473342,0.479711,0.485084,0.489409,0.492738,0.495193,0.496928,0.498105,0.498872,0.499352,0.499641,0.499808,0.499901,0.499951,0.499976,0.499989,0.499995,0.499998,0.499999,0.5,0.5,0.5,0.5,0.5,0.5
0.5,0.5,0.5,0.5,0.5,0.5,0.499999,0.499999,0.499997,0.499993,0.499985,0.499968,0.499935,0.499874,0.499764,0.499573,0.499256,0.49875,0.497971,0.496821,0.495193,0.492982,0.490106,0.48653,0.482287,0.477498,0.472383,0.467249,0.462468,0.458432,0.455505,0.453966,0.453966,0.455505,0.458432,0.462468,0.467249,0.472383,0.477498,0.482287,0.48653,0.490106,0.492982,0.495193,0.496821,0.497971,0.49875,0.499256,0.499573,0.499764,0.499874,0.499935,0.499968,0.499985,0.499993,0.499997,0.499999,0.499999,0.5,0.5,0.5,0.5,0.5,0.5
0.5,0.5,0.5,0.5,0.5,0.5,0.5,0.499999,0.499998,0.499995,0.49999,0.49998,0.499959,0.49992,0.49985,0.499729,0.499527,0.499204,0.498706,0.497971,0.496928,0.49551,0.493664,0.491366,0.488637,0.485554,0.482258,0.478947,0.475862,0.473257,0.471367,0.470372,0.470372,0.471367,0.473257,0.475862,0.478947,0.482258,0.485554,0.488637,0.491366,0.493664,0.49551,0.496928,0.497971,0.498706,0.499204,0.499527,0.499729,0.49985,0.49992,0.499959,0.49998,0.49999,0.499995,0.499998,0.499999,0.5,0.5,0.5,0.5,0.5,0.5,0.5
0.5,0.5,0.5,0.5,0.5,0.5,0.5,0.499999,0.499999,0.499997,0.499994,0.499988,0.499975,0.499951,0.499908,0.499834,0.49971,0.49951,0.499204,0.49875,0.498105,0.497228,0.496084,0.494658,0.492963,0.491047,0.488997,0.486936,0.485015,0.483391,0.482213,0.481593,0.481593,0.482213,0.483391,0.485015,0.486936,0.488997,0.491047,0.492963,0.494658,0.496084,0.497228,0.498105,0.49875,0.499204,0.49951,0.49971,0.499834,0.499908,0.499951,0.499975,0.499988,0.499994,0.499997,0.499999,0.499999,0.5,0.5,0.5,0.5,0.5,0.5,0.5
0.5,0.5,0.5,0.5,0.5,0.5,0.5,0.5,0.499999,0.499998,0.499996,0.499993,0.499985,0.499971,0.499946,0.499902,0.499828,0.49971,0.499527,0.499256,0.498872,0.498348,0.497664,0.49681,0.495795,0.494645,0.493415,0.492177,0.491022,0.490045,0.489336,0.488963,0.488963,0.489336,0.490045,0.491022,0.492177,0.493415,0.494645,0.495795,0.49681,0.497664,0.498348,0.498872,0.499256,0.499527,0.49971,0.499828,0.499902,0.499946,0.499971,0.499985,0.499993,0.499996,0.499998,0.499999,0.5,0.5,0.5,0.5,0.5,0.5,0.5,0.5
0.5,0.5,0.5,0.5,0.5,0.5,0.5,0.5,0.5,0.499999,0.499998,0.499996,0.499992,0.499984,0.499969,0.499944,0.499902,0.499834,0.499729,0.499573,0.499352,0.49905,0.498655,0.498162,0.497575,0.49691,0.496197,0.495479,0.494809,0.494242,0.493831,0.493614,0.493614,0.493831,0.494242,0.494809,0.495479,0.496197,0.49691,0.497575,0.498162,0.498655,0.49905,0.499352,0.499573,0.499729,0.499834,0.499902,0.499944,0.499969,0.499984,0.499992,0.499996,0.499998,0.499999,0.5,0.5,0.5,0.5,0.5,0.5,0.5,0.5,0.5
0.5,0.5,0.5,0.5,0.5,0.5,0.5,0.5,0.5,0.5,0.499999,0.499998,0.499995,0.499991,0.499983,0.499969,0.499946,0.499908,0.49985,0.499764,0.499641,0.499473,0.499253,0.498978,0.498651,0.498279,0.497881,0.497479,0.497105,0.496787,0.496557,0.496435,0.496435,0.496557,0.496787,0.497105,0.497479,0.497881,0.498279,0.498651,0.498978,0.499253,0.499473,0.499641,0.499764,0.49985,0.499908,0.499946,0.499969,0.499983,0.499991,0.499995,0.499998,0.499999,0.5,0.5,0.5,0.5,0.5,0.5,0.5,0.5,0.5,0.5
0.5,0.5,0.5,0.5,0.5,0.5,0.5,0.5,0.5,0.5,0.499999,0.499999,0.499998,0.499995,0.499991,0.499984,0.499971,0.499951,0.49992,0.499874,0.499808,0.499718,0.4996,0.499452,0.499276,0.499076,0.498861,0.498644,0.498442,0.498271,0.498146,0.498081,0.498081,0.498146,0.498271,0.498442,0.498644,0.498861,0.499076,0.499276,0.499452,0.4996,0.499718,0.499808,0.499874,0.49992,0.499951,0.499971,0.499984,0.499991,0.499995,0.499998,0.499999,0.499999,0.5,0.5,0.5,0.5,0.5,0.5,0.5,0.5,0.5,0.5
0.5,0.5,0.5,0.5,0.5,0.5,0.5,0.5,0.5,0.5,0.5,0.499999,0.499999,0.499998,0.499995,0.499992,0.499985,0.499975,0.499959,0.499935,0.499901,0.499854,0.499793,0.499717,0.499625,0.499521,0.499409,0.499297,0.499191,0.499102,0.499037,0.499003,0.499003,0.499037,0.499102,0.499191,0.499297,0.499409,0.499521,0.499625,0.499717,0.499793,0.499854,0.499901,0.499935,0.499959,0.499975,0.499985,0.499992,0.499995,0.499998,0.499999,0.499999,0.5,0.5,0.5,0.5,0.5,0.5,0.5,0.5,0.5,0.5,0.5
0.5,0.5,0.5,0.5,0.5,0.5,0.5,0.5,0.5,0.5,0.5,0.5,0.499999,0.499999,0.499998,0.499996,0.499993,0.499988,0.49998,0.499968,0.499951,0.499927,0.499897,0.499859,0.499813,0.499761,0.499705,0.499648,0.499595,0.499551,0.499518,0.499501,0.499501,0.499518,0.499551,0.499595,0.499648,0.499705,0.499761,0.499813,0.499859,0.499897,0.499927,0.499951,0.499968,0.49998,0.499988,0.499993,0.499996,0.499998,0.499999,0.499999,0.5,0.5,0.5,0.5,0.5,0.5,0.5,0.5,0.5,0.5,0.5,0.5
0.5,0.5,0.5,0.5,0.5,0.5,0.5,0.5,0.5,0.5,0.5,0.5,0.5,0.499999,0.499999,0.499998,0.499996,0.499994,0.49999,0.499985,0.499976,0.499965,0.49995,0.499932,0.49991,0.499885,0.499858,0.49983,0.499805,0.499783,0.499767,0.499759,0.499759,0.499767,0.499783,0.499805,0.49983,0.499858,0.499885,0.49991,0.499932,0.49995,0.499965,0.499976,0.499985,0.49999,0.499994,0.499996,0.499998,0.499999,0.499999,0.5,0.5,0.5,0.5,0.5,0.5,0.5,0.5,0.5,0.5,0.5,0.5,0.5
0.5,0.5,0.5,0.5,0.5,0.5,0.5,0.5,0.5,0.5,0.5,0.5,0.5,0.5,0.5,0.499999,0.499998,0.499997,0.499995,0.499993,0.499989,0.499984,0.499977,0.499968,0.499958,0.499946,0.499934,0.499921,0.499909,0.499899,0.499892,0.499888,0.499888,0.499892,0.499899,0.499909,0.499921,0.499934,0.499946,0.499958,0.499968,0.499977,0.499984,0.499989,0.499993,0.499995,0.499997,0.499998,0.499999,0.5,0.5,0.5,0.5,0.5,0.5,0.5,0.5,0.5,0.5,0.5,0.5,0.5,0.5,0.5
0.5,0.5,0.5,0.5,0.5,0.5,0.5,0.5,0.5,0.5,0.5,0.5,0.5,0.5,0.5,0.5,0.499999,0.499999,0.499998,0.499997,0.499995,0.499993,0.49999,0.499986,0.499981,0.499976,0.49997,0.499965,0.499959,0.499955,0.499951,0.49995,0.49995,0.499951,0.499955,0.499959,0.499965,0.49997,0.499976,0.499981,0.499986,0.49999,0.499993,0.499995,0.499997,0.499998,0.499999,0.499999,0.5,0.5,0.5,0.5,0.5,0.5,0.5,0.5,0.5,0.5,0.5,0.5,0.5,0.5,0.5,0.5
0.5,0.5,0.5,0.5,0.5,0.5,0.5,0.5,0.5,0.5,0.5,0.5,0.5,0.5,0.5,0.5,0.5,0.499999,0.499999,0.499999,0.499998,0.499997,0.499996,0.499994,0.499992,0.49999,0.499987,0.499985,0.499982,0.49998,0.499979,0.499978,0.499978,0.499979,0.49998,0.499982,0.499985,0.499987,0.49999,0.499992,0.499994,0.499996,0.499997,0.499998,0.499999,0.499999,0.499999,0.5,0.5,0.5,0.5,0.5,0.5,0.5,0.5,0.5,0.5,0.5,0.5,0.5,0.5,0.5,0.5,0.5
0.5,0.5,0.5,0.5,0.5,0.5,0.5,0.5,0.5,0.5,0.5,0.5,0.5,0.5,0.5,0.5,0.5,0.5,0.5,0.499999,0.499999,0.499999,0.499998,0.499997,0.499997,0.499996,0.499995,0.499994,0.499993,0.499992,0.499991,0.499991,0.499991,0.499991,0.499992,0.499993,0.499994,0.499995,0.499996,0.499997,0.499997,0.499998,0.499999,0.499999,0.499999,0.5,0.5,0.5,0.5,0.5,0.5,0.5,0.5,0.5,0.5,0.5,0.5,0.5,0.5,0.5,0.5,0.5,0.5,0.5
0.5,0.5,0.5,0.5,0.5,0.5,0.5,0.5,0.5,0.5,0.5,0.5,0.5,0.5,0.5,0.5,0.5,0.5,0.5,0.5,0.5,0.499999,0.499999,0.499999,0.499999,0.499998,0.499998,0.499997,0.499997,0.499997,0.499996,0.499996,0.499996,0.499996,0.499997,0.499997,0.499997,0.499998,0.499998,0.499999,0.499999,0.499999,0.499999,0.5,0.5,0.5,0.5,0.5,0.5,0.5,0.5,0.5,0.5,0.5,0.5,0.5,0.5,0.5,0.5,0.5,0.5,0.5,0.5,0.5
0.5,0.5,0.5,0.5,0.5,0.5,0.5,0.5,0.5,0.5,0.5,0.5,0.5,0.5,0.5,0.5,0.5,0.5,0.5,0.5,0.5,0.5,0.5,0.5,0.499999,0.499999,0.499999,0.499999,0.499999,0.499999,0.499999,0.499999,0.499999,0.499999,0.499999,0.499999,0.499999,0.499999,0.499999,0.499999,0.5,0.5,0.5,0.5,0.5,0.5,0.5,0.5,0.5,0.5,0.5,0.5,0.5,0.5,0.5,0.5,0.5,0.5,0.5,0.5,0.5,0.5,0.5,0.5
0.5,0.5,0.5,0.5,0.5,0.5,0.5,0.5,0.5,0.5,0.5,0.5,0.5,0.5,0.5,0.5,0.5,0.5,0.5,0.5,0.5,0.5,0.5,0.5,0.5,0.5,0.5,0.5,0.5,0.5,0.499999,0.499999,0.499999,0.499999,0.5,0.5,0.5,0.5,0.5,0.5,0.5,0.5,0.5,0.5,0.5,0.5,0.5,0.5,0.5,0.5,0.5,0.5,0.5,0.5,0.5,0.5,0.5,0.5,0.5,0.5,0.5,0.5,0.5,0.5
0.5,0.5,0.5,0.5,0.5,0.5,0.5,0.5,0.5,0.5,0.5,0.5,0.5,0.5,0.5,0.5,0.5,0.5,0.5,0.5,0.5,0.5,0.5,0.5,0.5,0.5,0.5,0.5,0.5,0.5,0.5,0.5,0.5,0.5,0.5,0.5,0.5,0.5,0.5,0.5,0.5,0.5,0.5,0.5,0.5,0.5,0.5,0.5,0.5,0.5,0.5,0.5,0.5,0.5,0.5,0.5,0.5,0.5,0.5,0.5,0.5,0.5,0.5,0.5
0.5,0.5,0.5,0.5,0.5,0.5,0.5,0.5,0.5,0.5,0.5,0.5,0.5,0.5,0.5,0.5,0.5,0.5,0.5,0.5,0.5,0.5,0.5,0.5,0.5,0.5,0.5,0.5,0.5,0.5,0.5,0.5,0.5,0.5,0.5,0.5,0.5,0.5,0.5,0.5,0.5,0.5,0.5,0.5,0.5,0.5,0.5,0.5,0.5,0.5,0.5,0.5,0.5,0.5,0.5,0.5,0.5,0.5,0.5,0.5,0.5,0.5,0.5,0.5
0.5,0.5,0.5,0.5,0.5,0.5,0.5,0.5,0.5,0.5,0.5,0.5,0.5,0.5,0.5,0.5,0.5,0.5,0.5,0.5,0.5,0.5,0.5,0.5,0.5,0.5,0.5,0.5,0.5,0.5,0.5,0.5,0.5,0.5,0.5,0.5,0.5,0.5,0.5,0.5,0.5,0.5,0.5,0.5,0.5,0.5,0.5,0.5,0.5,0.5,0.5,0.5,0.5,0.5,0.5,0.5,0.5,0.5,0.5,0.5,0.5,0.5,0.5,0.5
