0.5,0.5,0.5,0.5,0.5,0.499999,0.499998,0.499997,0.499994,0.49999,0.499984,0.499974,0.499958,0.499936,0.499903,0.499858,0.499797,0.499717,0.499615,0.499488,0.499336,0.49916,0.49896,0.498741,0.49851,0.498275,0.498045,0.497831,0.497644,0.497493,0.497388,0.497333,0.497333,0.497388,0.497493,0.497644,0.497831,0.498045,0.498275,0.49851,0.498741,0.49896,0.49916,0.499336,0.499488,0.499615,0.499717,0.499797,0.499858,0.499903,0.499936,0.499958,0.499974,0.499984,0.49999,0.499994,0.499997,0.499998,0.499999,0.5,0.5,0.5,0.5,0.5
0.5,0.5,0.5,0.5,0.5,0.499999,0.499998,0.499997,0.499994,0.49999,0.499984,0.499974,0.499958,0.499936,0.499903,0.499858,0.499797,0.499717,0.499615,0.499488,0.499336,0.49916,0.49896,0.498741,0.49851,0.498275,0.498045,0.497831,0.497644,0.497493,0.497388,0.497333,0.497333,0.497388,0.497493,0.497644,0.497831,0.498045,0.498275,0.49851,0.498741,0.49896,0.49916,0.499336,0.499488,0.499615,0.499717,0.499797,0.499858,0.499903,0.499936,0.499958,0.499974,0.499984,0.49999,0.499994,0.499997,0.499998,0.499999,0.5,0.5,0.5,0.5,0.5
0.5,0.5,0.5,0.5,0.499999,0.499999,0.499997,0.499995,0.499992,0.499986,0.499976,0.499961,0.499939,0.499906,0.49986,0.499796,0.49971,0.499598,0.499457,0.499283,0.499075,0.498835,0.498564,0.49827,0.49796,0.497646,0.49734,0.497057,0.49681,0.496611,0.496472,0.496401,0.496401,0.496472,0.496611,0.49681,0.497057,0.49734,0.497646,0.49796,0.49827,0.498564,0.498835,0.499075,0.499283,0.499457,0.499598,0.49971,0.499796,0.49986,0.499906,0.499939,0.499961,0.499976,0.499986,0.499992,0.499995,0.499997,0.499999,0.499999,0.5,0.5,0.5,0.5
0.5,0.5,0.5,0.499999,0.499999,0.499997,0.499995,0.499991,0.499985,0.499974,0.499958,0.499932,0.499894,0.499839,0.499761,0.499654,0.499512,0.499329,0.4991,0.498819,0.498488,0.498106,0.49768,0.49722,0.496739,0.496253,0.495783,0.495349,0.494972,0.494671,0.49446,0.494352,0.494352,0.49446,0.494671,0.494972,0.495349,0.495783,0.496253,0.496739,0.49722,0.49768,0.498106,0.498488,0.498819,0.4991,0.499329,0.499512,0.499654,0.499761,0.499839,0.499894,0.499932,0.499958,0.499974,0.499985,0.499991,0.499995,0.499997,0.499999,0.499999,0.5,0.5,0.5
0.5,0.5,0.499999,0.499999,0.499997,0.499995,0.499991,0.499984,0.499972,0.499953,0.499923,0.499877,0.49981,0.499713,0.499577,0.499393,0.499151,0.498841,0.498455,0.497987,0.497439,0.496812,0.496118,0.495373,0.494599,0.493823,0.493075,0.492388,0.491792,0.491318,0.490987,0.490817,0.490817,0.490987,0.491318,0.491792,0.492388,0.493075,0.493823,0.494599,0.495373,0.496118,0.496812,0.497439,0.497987,0.498455,0.498841,0.499151,0.499393,0.499577,0.499713,0.49981,0.499877,0.499923,0.499953,0.499972,0.499984,0.499991,0.499995,0.499997,0.499999,0.499999,0.5,0.5
0.499999,0.499999,0.499999,0.499997,0.499995,0.499991,0.499983,0.49997,0.499949,0.499915,0.499862,0.499781,0.499663,0.499495,0.499262,0.49895,0.498541,0.498022,0.497381,0.496612,0.495716,0.4947,0.493584,0.492393,0.491164,0.489939,0.488765,0.487691,0.486764,0.486027,0.485515,0.485252,0.485252,0.485515,0.486027,0.486764,0.487691,0.488765,0.489939,0.491164,0.492393,0.493584,0.4947,0.495716,0.496612,0.497381,0.498022,0.498541,0.49895,0.499262,0.499495,0.499663,0.499781,0.499862,0.499915,0.499949,0.49997,0.499983,0.499991,0.499995,0.499997,0.499999,0.499999,0.499999
0.499998,0.499998,0.499997,0.499995,0.499991,0.499983,0.49997,0.499947,0.499909,0.49985,0.499758,0.49962,0.499419,0.499135,0.498747,0.498228,0.497556,0.496711,0.495676,0.494445,0.493021,0.491421,0.489675,0.487827,0.485931,0.484053,0.482263,0.480633,0.479232,0.478122,0.477352,0.476958,0.476958,0.477352,0.478122,0.479232,0.480633,0.482263,0.484053,0.485931,0.487827,0.489675,0.491421,0.493021,0.494445,0.495676,0.496711,0.497556,0.498228,0.498747,0.499135,0.499419,0.49962,0.499758,0.49985,0.499909,0.499947,0.49997,0.499983,0.499991,0.499995,0.499997,0.499998,0.499998
0.499997,0.499997,0.499995,0.499991,0.499984,0.49997,0.499947,0.499907,0.499843,0.499742,0.499587,0.499357,0.499026,0.498562,0.497931,0.497097,0.496026,0.494691,0.493071,0.491161,0.488971,0.486531,0.483889,0.481113,0.478286,0.475504,0.472867,0.470479,0.468436,0.466821,0.465705,0.465134,0.465134,0.465705,0.466821,0.468436,0.470479,0.472867,0.475504,0.478286,0.481113,0.483889,0.486531,0.488971,0.491161,0.493071,0.494691,0.496026,0.497097,0.497931,0.498562,0.499026,0.499357,0.499587,0.499742,0.499843,0.499907,0.499947,0.49997,0.499984,0.499991,0.499995,0.499997,0.499997
0.499994,0.499994,0.499992,0.499985,0.499972,0.499949,0.499909,0.499843,0.499737,0.49957,0.499317,0.498945,0.498414,0.497676,0.496682,0.495382,0.493729,0.491685,0.48923,0.486361,0.483103,0.479503,0.47564,0.471614,0.467546,0.46357,0.459826,0.456454,0.453581,0.451321,0.449762,0.448966,0.448966,0.449762,0.451321,0.453581,0.456454,0.459826,0.46357,0.467546,0.471614,0.47564,0.479503,0.483103,0.486361,0.48923,0.491685,0.493729,0.495382,0.496682,0.497676,0.498414,0.498945,0.499317,0.49957,0.499737,0.499843,0.499909,0.499949,0.499972,0.499985,0.499992,0.499994,0.499994
0.49999,0.49999,0.499986,0.499974,0.499953,0.499915,0.49985,0.499742,0.49957,0.499304,0.498903,0.498318,0.49749,0.496352,0.494835,0.492868,0.490393,0.487363,0.483759,0.47959,0.4749,0.469769,0.464313,0.458676,0.453028,0.44755,0.442428,0.437843,0.433957,0.430912,0.428818,0.427751,0.427751,0.428818,0.430912,0.433957,0.437843,0.442428,0.44755,0.453028,0.458676,0.464313,0.469769,0.4749,0.47959,0.483759,0.487363,0.490393,0.492868,0.494835,0.496352,0.49749,0.498318,0.498903,0.499304,0.49957,0.499742,0.49985,0.499915,0.499953,0.499974,0.499986,0.49999,0.49999
0.499984,0.499984,0.499976,0.499958,0.499923,0.499862,0.499758,0.499587,0.499317,0.498903,0.498285,0.497391,0.496139,0.494436,0.492187,0.489302,0.485708,0.481355,0.476232,0.470367,0.463838,0.456769,0.449325,0.44171,0.434148,0.426875,0.420128,0.414127,0.409072,0.405128,0.402426,0.401052,0.401052,0.402426,0.405128,0.409072,0.414127,0.420128,0.426875,0.434148,0.44171,0.449325,0.456769,0.463838,0.470367,0.476232,0.481355,0.485708,0.489302,0.492187,0.494436,0.496139,0.497391,0.498285,0.498903,0.499317,0.499587,0.499758,0.499862,0.499923,0.499958,0.499976,0.499984,0.499984
0.499974,0.499974,0.499961,0.499932,0.499877,0.499781,0.49962,0.499357,0.498945,0.498318,0.497391,0.496066,0.494226,0.491749,0.488512,0.484404,0.479342,0.47328,0.466223,0.458237,0.449444,0.440029,0.430223,0.420294,0.410533,0.401233,0.392678,0.385128,0.378808,0.373903,0.370554,0.368856,0.368856,0.370554,0.373903,0.378808,0.385128,0.392678,0.401233,0.410533,0.420294,0.430223,0.440029,0.449444,0.458237,0.466223,0.47328,0.479342,0.484404,0.488512,0.491749,0.494226,0.496066,0.497391,0.498318,0.498945,0.499357,0.49962,0.499781,0.499877,0.499932,0.499961,0.499974,0.499974
0.499958,0.499958,0.499939,0.499894,0.49981,0.499663,0.499419,0.499026,0.498414,0.49749,0.496139,0.494226,0.491598,0.488096,0.48357,0.477891,0.470972,0.462783,0.453364,0.44283,0.431373,0.41925,0.406772,0.394284,0.382142,0.370693,0.360261,0.351133,0.343547,0.337695,0.333717,0.331706,0.331706,0.333717,0.337695,0.343547,0.351133,0.360261,0.370693,0.382142,0.394284,0.406772,0.41925,0.431373,0.44283,0.453364,0.462783,0.470972,0.477891,0.48357,0.488096,0.491598,0.494226,0.496139,0.49749,0.498414,0.499026,0.499419,0.499663,0.49981,0.499894,0.499939,0.499958,0.499958
0.499936,0.499936,0.499906,0.499839,0.499713,0.499495,0.499135,0.498562,0.497676,0.496352,0.494436,0.491749,0.488096,0.483283,0.477131,0.469502,0.460319,0.449585,0.437393,0.423932,0.409481,0.39439,0.379057,0.363905,0.349352,0.335791,0.323569,0.312976,0.304248,0.297561,0.293038,0.290758,0.290758,0.293038,0.297561,0.304248,0.312976,0.323569,0.335791,0.349352,0.363905,0.379057,0.39439,0.409481,0.423932,0.437393,0.449585,0.460319,0.469502,0.477131,0.483283,0.488096,0.491749,0.494436,0.496352,0.497676,0.498562,0.499135,0.499495,0.499713,0.499839,0.499906,0.499936,0.499936
0.499903,0.499903,0.49986,0.499761,0.499577,0.499262,0.498747,0.497931,0.496682,0.494835,0.492187,0.488512,0.48357,0.477131,0.468998,0.459034,0.447192,0.433528,0.418217,0.401545,0.383897,0.365727,0.347529,0.3298,0.313007,0.297565,0.283819,0.272041,0.262431,0.255127,0.250217,0.247751,0.247751,0.250217,0.255127,0.262431,0.272041,0.283819,0.297565,0.313007,0.3298,0.347529,0.365727,0.383897,0.401545,0.418217,0.433528,0.447192,0.459034,0.468998,0.477131,0.48357,0.488512,0.492187,0.494835,0.496682,0.497931,0.498747,0.499262,0.499577,0.499761,0.49986,0.499903,0.499903
0.499858,0.499858,0.499796,0.499654,0.499393,0.49895,0.498228,0.497097,0.495382,0.492868,0.489302,0.484404,0.477891,0.469502,0.459034,0.446372,0.431521,0.414621,0.395953,0.375927,0.355049,0.333889,0.31303,0.29303,0.274383,0.257498,0.242685,0.230162,0.220064,0.212463,0.207391,0.204854,0.204854,0.207391,0.212463,0.220064,0.230162,0.242685,0.257498,0.274383,0.29303,0.31303,0.333889,0.355049,0.375927,0.395953,0.414621,0.431521,0.446372,0.459034,0.469502,0.477891,0.484404,0.489302,0.492868,0.495382,0.497097,0.498228,0.49895,0.499393,0.499654,0.499796,0.499858,0.499858
0.499797,0.499797,0.49971,0.499512,0.499151,0.498541,0.497556,0.496026,0.493729,0.490393,0.485708,0.479342,0.470972,0.460319,0.447192,0.431521,0.413394,0.393065,0.370951,0.347604,0.323668,0.299824,0.276734,0.254994,0.235091,0.217391,0.202131,0.189438,0.179352,0.171852,0.166893,0.164428,0.164428,0.166893,0.171852,0.179352,0.189438,0.202131,0.217391,0.235091,0.254994,0.276734,0.299824,0.323668,0.347604,0.370951,0.393065,0.413394,0.431521,0.447192,0.460319,0.470972,0.479342,0.485708,0.490393,0.493729,0.496026,0.497556,0.498541,0.499151,0.499512,0.49971,0.499797,0.499797
0.499717,0.499717,0.499598,0.499329,0.498841,0.498022,0.496711,0.494691,0.491685,0.487363,0.481355,0.47328,0.462783,0.449585,0.433528,0.414621,0.393065,0.36926,0.343784,0.317348,0.290736,0.264731,0.240051,0.217294,0.196904,0.179158,0.164185,0.151983,0.142467,0.135504,0.130957,0.128714,0.128714,0.130957,0.135504,0.142467,0.151983,0.164185,0.179158,0.196904,0.217294,0.240051,0.264731,0.290736,0.317348,0.343784,0.36926,0.393065,0.414621,0.433528,0.449585,0.462783,0.47328,0.481355,0.487363,0.491685,0.494691,0.496711,0.498022,0.498841,0.499329,0.499598,0.499717,0.499717
0.499615,0.499615,0.499457,0.4991,0.498455,0.497381,0.495676,0.493071,0.48923,0.483759,0.476232,0.466223,0.453364,0.437393,0.418217,0.395953,0.370951,0.343784,0.315211,0.286111,0.257399,0.229939,0.204472,0.181558,0.16155,0.144601,0.130686,0.119651,0.111263,0.105264,0.101416,0.0995396,0.0995396,0.101416,0.105264,0.111263,0.119651,0.130686,0.144601,0.16155,0.181558,0.204472,0.229939,0.257399,0.286111,0.315211,0.343784,0.370951,0.395953,0.418217,0.437393,0.453364,0.466223,0.476232,0.483759,0.48923,0.493071,0.495676,0.497381,0.498455,0.4991,0.499457,0.499615,0.499615
0.499488,0.499488,0.499283,0.498819,0.497987,0.496612,0.494445,0.491161,0.486361,0.47959,0.470367,0.458237,0.44283,0.423932,0.401545,0.375927,0.347604,0.317348,0.286111,0.254934,0.224847,0.196764,0.171405,0.149247,0.13051,0.11518,0.103054,0.0938033,0.0870378,0.0823697,0.0794633,0.0780743,0.0780743,0.0794633,0.0823697,0.0870378,0.0938033,0.103054,0.11518,0.13051,0.149247,0.171405,0.196764,0.224847,0.254934,0.286111,0.317348,0.347604,0.375927,0.401545,0.423932,0.44283,0.458237,0.470367,0.47959,0.486361,0.491161,0.494445,0.496612,0.497987,0.498819,0.499283,0.499488,0.499488
0.499336,0.499336,0.499075,0.498488,0.497439,0.495716,0.493021,0.488971,0.483103,0.4749,0.463838,0.449444,0.431373,0.409481,0.383897,0.355049,0.323668,0.290736,0.257399,0.224847,0.194195,0.166366,0.142016,0.121491,0.10484,0.0918519,0.0821259,0.0751514,0.0703847,0.0673163,0.0655229,0.0647039,0.0647039,0.0655229,0.0673163,0.0703847,0.0751514,0.0821259,0.0918519,0.10484,0.121491,0.142016,0.166366,0.194195,0.224847,0.257399,0.290736,0.323668,0.355049,0.383897,0.409481,0.431373,0.449444,0.463838,0.4749,0.483103,0.488971,0.493021,0.495716,0.497439,0.498488,0.499075,0.499336,0.499336
0.49916,0.49916,0.498835,0.498106,0.496812,0.4947,0.491421,0.486531,0.479503,0.469769,0.456769,0.440029,0.41925,0.39439,0.365727,0.333889,0.299824,0.264731,0.229939,0.196764,0.166366,0.139635,0.117114,0.0989813,0.0850794,0.074983,0.068089,0.0637114,0.0611667,0.0598424,0.0592459,0.059035,0.059035,0.0592459,0.0598424,0.0611667,0.0637114,0.068089,0.074983,0.0850794,0.0989813,0.117114,0.139635,0.166366,0.196764,0.229939,0.264731,0.299824,0.333889,0.365727,0.39439,0.41925,0.440029,0.456769,0.469769,0.479503,0.486531,0.491421,0.4947,0.496812,0.498106,0.498835,0.49916,0.49916
0.49896,0.49896,0.498564,0.49768,0.496118,0.493584,0.489675,0.483889,0.47564,0.464313,0.449325,0.430223,0.406772,0.379057,0.347529,0.31303,0.276734,0.240051,0.204472,0.171405,0.142016,0.117114,0.0970909,0.0819224,0.0712266,0.0643582,0.0605193,0.058867,0.0586028,0.0590376,0.0596329,0.0600228,0.0600228,0.0596329,0.0590376,0.0586028,0.058867,0.0605193,0.0643582,0.0712266,0.0819224,0.0970909,0.117114,0.142016,0.171405,0.204472,0.240051,0.276734,0.31303,0.347529,0.379057,0.406772,0.430223,0.449325,0.464313,0.47564,0.483889,0.489675,0.493584,0.496118,0.49768,0.498564,0.49896,0.49896
0.498741,0.498741,0.49827,0.49722,0.495373,0.492393,0.487827,0.481113,0.471614,0.458676,0.44171,0.420294,0.394284,0.363905,0.3298,0.29303,0.254994,0.217294,0.181558,0.149247,0.121491,0.0989813,0.0819224,0.0700676,0.0628039,0.0592734,0.0585031,0.0595206,0.0614433,0.0635358,0.0652398,0.066184,0.066184,0.0652398,0.0635358,0.0614433,0.0595206,0.0585031,0.0592734,0.0628039,0.0700676,0.0819224,0.0989813,0.121491,0.149247,0.181558,0.217294,0.254994,0.29303,0.3298,0.363905,0.394284,0.420294,0.44171,0.458676,0.471614,0.481113,0.487827,0.492393,0.495373,0.49722,0.49827,0.498741,0.498741
0.49851,0.49851,0.49796,0.496739,0.494599,0.491164,0.485931,0.478286,0.467546,0.453028,0.434148,0.410533,0.382142,0.349352,0.313007,0.274383,0.235091,0.196904,0.16155,0.13051,0.10484,0.0850794,0.0712266,0.0628039,0.0589732,0.0586827,0.0608117,0.0642908,0.0681862,0.0717466,0.0744184,0.0758421,0.0758421,0.0744184,0.0717466,0.0681862,0.0642908,0.0608117,0.0586827,0.0589732,0.0628039,0.0712266,0.0850794,0.10484,0.13051,0.16155,0.196904,0.235091,0.274383,0.313007,0.349352,0.382142,0.410533,0.434148,0.453028,0.467546,0.478286,0.485931,0.491164,0.494599,0.496739,0.49796,0.49851,0.49851
0.498275,0.498275,0.497646,0.496253,0.493823,0.489939,0.484053,0.475504,0.46357,0.44755,0.426875,0.401233,0.370693,0.335791,0.297565,0.257498,0.217391,0.179158,0.144601,0.11518,0.0918519,0.074983,0.0643582,0.0592734,0.0586827,0.0613666,0.0660879,0.0717134,0.0772894,0.0820747,0.0855409,0.087354,0.087354,0.0855409,0.0820747,0.0772894,0.0717134,0.0660879,0.0613666,0.0586827,0.0592734,0.0643582,0.074983,0.0918519,0.11518,0.144601,0.179158,0.217391,0.257498,0.297565,0.335791,0.370693,0.401233,0.426875,0.44755,0.46357,0.475504,0.484053,0.489939,0.493823,0.496253,0.497646,0.498275,0.498275
0.498045,0.498045,0.49734,0.495783,0.493075,0.488765,0.482263,0.472867,0.459826,0.442428,0.420128,0.392678,0.360261,0.323569,0.283819,0.242685,0.202131,0.164185,0.130686,0.103054,0.0821259,0.068089,0.0605193,0.0585031,0.0608117,0.0660879,0.0730101,0.0804105,0.087341,0.0930906,0.0971699,0.0992797,0.0992797,0.0971699,0.0930906,0.087341,0.0804105,0.0730101,0.0660879,0.0608117,0.0585031,0.0605193,0.068089,0.0821259,0.103054,0.130686,0.164185,0.202131,0.242685,0.283819,0.323569,0.360261,0.392678,0.420128,0.442428,0.459826,0.472867,0.482263,0.488765,0.493075,0.495783,0.49734,0.498045,0.498045
0.497831,0.497831,0.497057,0.495349,0.492388,0.487691,0.480633,0.470479,0.456454,0.437843,0.414127,0.385128,0.351133,0.312976,0.272041,0.230162,0.189438,0.151983,0.119651,0.0938033,0.0751514,0.0637114,0.058867,0.0595206,0.0642908,0.0717134,0.0804105,0.0892035,0.097167,0.103632,0.108156,0.110477,0.110477,0.108156,0.103632,0.097167,0.0892035,0.0804105,0.0717134,0.0642908,0.0595206,0.058867,0.0637114,0.0751514,0.0938033,0.119651,0.151983,0.189438,0.230162,0.272041,0.312976,0.351133,0.385128,0.414127,0.437843,0.456454,0.470479,0.480633,0.487691,0.492388,0.495349,0.497057,0.497831,0.497831
0.497644,0.497644,0.49681,0.494972,0.491792,0.486764,0.479232,0.468436,0.453581,0.433957,0.409072,0.378808,0.343547,0.304248,0.262431,0.220064,0.179352,0.142467,0.111263,0.0870378,0.0703847,0.0611667,0.0586028,0.0614433,0.0681862,0.0772894,0.087341,0.097167,0.105874,0.112838,0.117663,0.120124,0.120124,0.117663,0.112838,0.105874,0.097167,0.087341,0.0772894,0.0681862,0.0614433,0.0586028,0.0611667,0.0703847,0.0870378,0.111263,0.142467,0.179352,0.220064,0.262431,0.304248,0.343547,0.378808,0.409072,0.433957,0.453581,0.468436,0.479232,0.486764,0.491792,0.494972,0.49681,0.497644,0.497644
0.497493,0.497493,0.496611,0.494671,0.491318,0.486027,0.478122,0.466821,0.451321,0.430912,0.405128,0.373903,0.337695,0.297561,0.255127,0.212463,0.171852,0.135504,0.105264,0.0823697,0.0673163,0.0598424,0.0590376,0.0635358,0.0717466,0.0820747,0.0930906,0.103632,0.112838,0.120126,0.12514,0.127687,0.127687,0.12514,0.120126,0.112838,0.103632,0.0930906,0.0820747,0.0717466,0.0635358,0.0590376,0.0598424,0.0673163,0.0823697,0.105264,0.135504,0.171852,0.212463,0.255127,0.297561,0.337695,0.373903,0.405128,0.430912,0.451321,0.466821,0.478122,0.486027,0.491318,0.494671,0.496611,0.497493,0.497493
0.497388,0.497388,0.496472,0.49446,0.490987,0.485515,0.477352,0.465705,0.449762,0.428818,0.402426,0.370554,0.333717,0.293038,0.250217,0.207391,0.166893,0.130957,0.101416,0.0794633,0.0655229,0.0592459,0.0596329,0.0652398,0.0744184,0.0855409,0.0971699,0.108156,0.117663,0.12514,0.13026,0.132855,0.132855,0.13026,0.12514,0.117663,0.108156,0.0971699,0.0855409,0.0744184,0.0652398,0.0596329,0.0592459,0.0655229,0.0794633,0.101416,0.130957,0.166893,0.207391,0.250217,0.293038,0.333717,0.370554,0.402426,0.428818,0.449762,0.465705,0.477352,0.485515,0.490987,0.49446,0.496472,0.497388,0.497388
0.497333,0.497333,0.496401,0.494352,0.490817,0.485252,0.476958,0.465134,0.448966,0.427751,0.401052,0.368856,0.331706,0.290758,0.247751,0.204854,0.164428,0.128714,0.0995396,0.0780743,0.0647039,0.059035,0.0600228,0.066184,0.0758421,0.087354,0.0992797,0.110477,0.120124,0.127687,0.132855,0.135471,0.135471,0.132855,0.127687,0.120124,0.110477,0.0992797,0.087354,0.0758421,0.066184,0.0600228,0.059035,0.0647039,0.0780743,0.0995396,0.128714,0.164428,0.204854,0.247751,0.290758,0.331706,0.368856,0.401052,0.427751,0.448966,0.465134,0.476958,0.485252,0.490817,0.494352,0.496401,0.497333,0.497333
0.497333,0.497333,0.496401,0.494352,0.490817,0.485252,0.476958,0.465134,0.448966,0.427751,0.401052,0.368856,0.331706,0.290758,0.247751,0.204854,0.164428,0.128714,0.0995396,0.0780743,0.0647039,0.059035,0.0600228,0.066184,0.0758421,0.087354,0.0992797,0.110477,0.120124,0.127687,0.132855,0.135471,0.135471,0.132855,0.127687,0.120124,0.110477,0.0992797,0.087354,0.0758421,0.066184,0.0600228,0.059035,0.0647039,0.0780743,0.0995396,0.128714,0.164428,0.204854,0.247751,0.290758,0.331706,0.368856,0.401052,0.427751,0.448966,0.465134,0.476958,0.485252,0.490817,0.494352,0.496401,0.497333,0.497333
0.497388,0.497388,0.496472,0.49446,0.490987,0.485515,0.477352,0.465705,0.449762,0.428818,0.402426,0.370554,0.333717,0.293038,0.250217,0.207391,0.166893,0.130957,0.101416,0.0794633,0.0655229,0.0592459,0.0596329,0.0652398,0.0744184,0.0855409,0.0971699,0.108156,0.117663,0.12514,0.13026,0.132855,0.132855,0.13026,0.12514,0.117663,0.108156,0.0971699,0.0855409,0.0744184,0.0652398,0.0596329,0.0592459,0.0655229,0.0794633,0.101416,0.130957,0.166893,0.207391,0.250217,0.293038,0.333717,0.370554,0.402426,0.428818,0.449762,0.465705,0.477352,0.485515,0.490987,0.49446,0.496472,0.497388,0.497388
0.497493,0.497493,0.496611,0.494671,0.491318,0.486027,0.478122,0.466821,0.451321,0.430912,0.405128,0.373903,0.337695,0.297561,0.255127,0.212463,0.171852,0.135504,0.105264,0.0823697,0.0673163,0.0598424,0.0590376,0.0635358,0.0717466,0.0820747,0.0930906,0.103632,0.112838,0.120126,0.12514,0.127687,0.127687,0.12514,0.120126,0.112838,0.103632,0.0930906,0.0820747,0.0717466,0.0635358,0.0590376,0.0598424,0.0673163,0.0823697,0.105264,0.135504,0.171852,0.212463,0.255127,0.297561,0.337695,0.373903,0.405128,0.430912,0.451321,0.466821,0.478122,0.486027,0.491318,0.494671,0.496611,0.497493,0.497493
0.497644,0.497644,0.49681,0.494972,0.491792,0.486764,0.479232,0.468436,0.453581,0.433957,0.409072,0.378808,0.343547,0.304248,0.262431,0.220064,0.179352,0.142467,0.111263,0.0870378,0.0703847,0.0611667,0.0586028,0.0614433,0.0681862,0.0772894,0.087341,0.097167,0.105874,0.112838,0.117663,0.120124,0.120124,0.117663,0.112838,0.105874,0.097167,0.087341,0.0772894,0.0681862,0.0614433,0.0586028,0.0611667,0.0703847,0.0870378,0.111263,0.142467,0.179352,0.220064,0.262431,0.304248,0.343547,0.378808,0.409072,0.433957,0.453581,0.468436,0.479232,0.486764,0.491792,0.494972,0.49681,0.497644,0.497644
0.497831,0.497831,0.497057,0.495349,0.492388,0.487691,0.480633,0.470479,0.456454,0.437843,0.414127,0.385128,0.351133,0.312976,0.272041,0.230162,0.189438,0.151983,0.119651,0.0938033,0.0751514,0.0637114,0.058867,0.0595206,0.0642908,0.0717134,0.0804105,0.0892035,0.097167,0.103632,0.108156,0.110477,0.110477,0.108156,0.103632,0.097167,0.0892035,0.0804105,0.0717134,0.0642908,0.0595206,0.058867,0.0637114,0.0751514,0.0938033,0.119651,0.151983,0.189438,0.230162,0.272041,0.312976,0.351133,0.385128,0.414127,0.437843,0.456454,0.470479,0.480633,0.487691,0.492388,0.495349,0.497057,0.497831,0.497831
0.498045,0.498045,0.49734,0.495783,0.493075,0.488765,0.482263,0.472867,0.459826,0.442428,0.420128,0.392678,0.360261,0.323569,0.283819,0.242685,0.202131,0.164185,0.130686,0.103054,0.0821259,0.068089,0.0605193,0.0585031,0.0608117,0.0660879,0.0730101,0.0804105,0.087341,0.0930906,0.0971699,0.0992797,0.0992797,0.0971699,0.0930906,0.087341,0.0804105,0.0730101,0.0660879,0.0608117,0.0585031,0.0605193,0.068089,0.0821259,0.103054,0.130686,0.164185,0.202131,0.242685,0.283819,0.323569,0.360261,0.392678,0.420128,0.442428,0.459826,0.472867,0.482263,0.488765,0.493075,0.495783,0.49734,0.498045,0.498045
0.498275,0.498275,0.497646,0.496253,0.493823,0.489939,0.484053,0.475504,0.46357,0.44755,0.426875,0.401233,0.370693,0.335791,0.297565,0.257498,0.217391,0.179158,0.144601,0.11518,0.0918519,0.074983,0.0643582,0.0592734,0.0586827,0.0613666,0.0660879,0.0717134,0.0772894,0.0820747,0.0855409,0.087354,0.087354,0.0855409,0.0820747,0.0772894,0.0717134,0.0660879,0.0613666,0.0586827,0.0592734,0.0643582,0.074983,0.0918519,0.11518,0.144601,0.179158,0.217391,0.257498,0.297565,0.335791,0.370693,0.401233,0.426875,0.44755,0.46357,0.475504,0.484053,0.489939,0.493823,0.496253,0.497646,0.498275,0.498275
0.49851,0.49851,0.49796,0.496739,0.494599,0.491164,0.485931,0.478286,0.467546,0.453028,0.434148,0.410533,0.382142,0.349352,0.313007,0.274383,0.235091,0.196904,0.16155,0.13051,0.10484,0.0850794,0.0712266,0.0628039,0.0589732,0.0586827,0.0608117,0.0642908,0.0681862,0.0717466,0.0744184,0.0758421,0.0758421,0.0744184,0.0717466,0.0681862,0.0642908,0.0608117,0.0586827,0.0589732,0.0628039,0.0712266,0.0850794,0.10484,0.13051,0.16155,0.196904,0.235091,0.274383,0.313007,0.349352,0.382142,0.410533,0.434148,0.453028,0.467546,0.478286,0.485931,0.491164,0.494599,0.496739,0.49796,0.49851,0.49851
0.498741,0.498741,0.49827,0.49722,0.495373,0.492393,0.487827,0.481113,0.471614,0.458676,0.44171,0.420294,0.394284,0.363905,0.3298,0.29303,0.254994,0.217294,0.181558,0.149247,0.121491,0.0989813,0.0819224,0.0700676,0.0628039,0.0592734,0.0585031,0.0595206,0.0614433,0.0635358,0.0652398,0.066184,0.066184,0.0652398,0.0635358,0.0614433,0.0595206,0.0585031,0.0592734,0.0628039,0.0700676,0.0819224,0.0989813,0.121491,0.149247,0.181558,0.217294,0.254994,0.29303,0.3298,0.363905,0.394284,0.420294,0.44171,0.458676,0.471614,0.481113,0.487827,0.492393,0.495373,0.49722,0.49827,0.498741,0.498741
0.49896,0.49896,0.498564,0.49768,0.496118,0.493584,0.489675,0.483889,0.47564,0.464313,0.449325,0.430223,0.406772,0.379057,0.347529,0.31303,0.276734,0.240051,0.204472,0.171405,0.142016,0.117114,0.0970909,0.0819224,0.0712266,0.0643582,0.0605193,0.058867,0.0586028,0.0590376,0.0596329,0.0600228,0.0600228,0.0596329,0.0590376,0.0586028,0.058867,0.0605193,0.0643582,0.0712266,0.0819224,0.0970909,0.117114,0.142016,0.171405,0.204472,0.240051,0.276734,0.31303,0.347529,0.379057,0.406772,0.430223,0.449325,0.464313,0.47564,0.483889,0.489675,0.493584,0.496118,0.49768,0.498564,0.49896,0.49896
0.49916,0.49916,0.498835,0.498106,0.496812,0.4947,0.491421,0.486531,0.479503,0.469769,0.456769,0.440029,0.41925,0.39439,0.365727,0.333889,0.299824,0.264731,0.229939,0.196764,0.166366,0.139635,0.117114,0.0989813,0.0850794,0.074983,0.068089,0.0637114,0.0611667,0.0598424,0.0592459,0.059035,0.059035,0.0592459,0.0598424,0.0611667,0.0637114,0.068089,0.074983,0.0850794,0.0989813,0.117114,0.139635,0.166366,0.196764,0.229939,0.264731,0.299824,0.333889,0.365727,0.39439,0.41925,0.440029,0.456769,0.469769,0.479503,0.486531,0.491421,0.4947,0.496812,0.498106,0.498835,0.49916,0.49916
0.499336,0.499336,0.499075,0.498488,0.497439,0.495716,0.493021,0.488971,0.483103,0.4749,0.463838,0.449444,0.431373,0.409481,0.383897,0.355049,0.323668,0.290736,0.257399,0.224847,0.194195,0.166366,0.142016,0.121491,0.10484,0.0918519,0.0821259,0.0751514,0.0703847,0.0673163,0.0655229,0.0647039,0.0647039,0.0655229,0.0673163,0.0703847,0.0751514,0.0821259,0.0918519,0.10484,0.121491,0.142016,0.166366,0.194195,0.224847,0.257399,0.290736,0.323668,0.355049,0.383897,0.409481,0.431373,0.449444,0.463838,0.4749,0.483103,0.488971,0.493021,0.495716,0.497439,0.498488,0.499075,0.499336,0.499336
0.499488,0.499488,0.499283,0.498819,0.497987,0.496612,0.494445,0.491161,0.486361,0.47959,0.470367,0.458237,0.44283,0.423932,0.401545,0.375927,0.347604,0.317348,0.286111,0.254934,0.224847,0.196764,0.171405,0.149247,0.13051,0.11518,0.103054,0.0938033,0.0870378,0.0823697,0.0794633,0.0780743,0.0780743,0.0794633,0.0823697,0.0870378,0.0938033,0.103054,0.11518,0.13051,0.149247,0.171405,0.196764,0.224847,0.254934,0.286111,0.317348,0.347604,0.375927,0.401545,0.423932,0.44283,0.458237,0.470367,0.47959,0.486361,0.491161,0.494445,0.496612,0.497987,0.498819,0.499283,0.499488,0.499488
0.499615,0.499615,0.499457,0.4991,0.498455,0.497381,0.495676,0.493071,0.48923,0.483759,0.476232,0.466223,0.453364,0.437393,0.418217,0.395953,0.370951,0.343784,0.315211,0.286111,0.257399,0.229939,0.204472,0.181558,0.16155,0.144601,0.130686,0.119651,0.111263,0.105264,0.101416,0.0995396,0.0995396,0.101416,0.105264,0.111263,0.119651,0.130686,0.144601,0.16155,0.181558,0.204472,0.229939,0.257399,0.286111,0.315211,0.343784,0.370951,0.395953,0.418217,0.437393,0.453364,0.466223,0.476232,0.483759,0.48923,0.493071,0.495676,0.497381,0.498455,0.4991,0.499457,0.499615,0.499615
0.499717,0.499717,0.499598,0.499329,0.498841,0.498022,0.496711,0.494691,0.491685,0.487363,0.481355,0.47328,0.462783,0.449585,0.433528,0.414621,0.393065,0.36926,0.343784,0.317348,0.290736,0.264731,0.240051,0.217294,0.196904,0.179158,0.164185,0.151983,0.142467,0.135504,0.130957,0.128714,0.128714,0.130957,0.135504,0.142467,0.151983,0.164185,0.179158,0.196904,0.217294,0.240051,0.264731,0.290736,0.317348,0.343784,0.36926,0.393065,0.414621,0.433528,0.449585,0.462783,0.47328,0.481355,0.487363,0.491685,0.494691,0.496711,0.498022,0.498841,0.499329,0.499598,0.499717,0.499717
0.499797,0.499797,0.49971,0.499512,0.499151,0.498541,0.497556,0.496026,0.493729,0.490393,0.485708,0.479342,0.470972,0.460319,0.447192,0.431521,0.413394,0.393065,0.370951,0.347604,0.323668,0.299824,0.276734,0.254994,0.235091,0.217391,0.202131,0.189438,0.179352,0.171852,0.166893,0.164428,0.164428,0.166893,0.171852,0.179352,0.189438,0.202131,0.217391,0.235091,0.254994,0.276734,0.299824,0.323668,0.347604,0.370951,0.393065,0.413394,0.431521,0.447192,0.460319,0.470972,0.479342,0.485708,0.490393,0.493729,0.496026,0.497556,0.498541,0.499151,0.499512,0.49971,0.499797,0.499797
0.499858,0.499858,0.499796,0.499654,0.499393,0.49895,0.498228,0.497097,0.495382,0.492868,0.489302,0.484404,0.477891,0.469502,0.459034,0.446372,0.431521,0.414621,0.395953,0.375927,0.355049,0.333889,0.31303,0.29303,0.274383,0.257498,0.242685,0.230162,0.220064,0.212463,0.207391,0.204854,0.204854,0.207391,0.212463,0.220064,0.230162,0.242685,0.257498,0.274383,0.29303,0.31303,0.333889,0.355049,0.375927,0.395953,0.414621,0.431521,0.446372,0.459034,0.469502,0.477891,0.484404,0.489302,0.492868,0.495382,0.497097,0.498228,0.49895,0.499393,0.499654,0.499796,0.499858,0.499858
0.499903,0.499903,0.49986,0.499761,0.499577,0.499262,0.498747,0.497931,0.496682,0.494835,0.492187,0.488512,0.48357,0.477131,0.468998,0.459034,0.447192,0.433528,0.418217,0.401545,0.383897,0.365727,0.347529,0.3298,0.313007,0.297565,0.283819,0.272041,0.262431,0.255127,0.250217,0.247751,0.247751,0.250217,0.255127,0.262431,0.272041,0.283819,0.297565,0.313007,0.3298,0.347529,0.365727,0.383897,0.401545,0.418217,0.433528,0.447192,0.459034,0.468998,0.477131,0.48357,0.488512,0.492187,0.494835,0.496682,0.497931,0.498747,0.499262,0.499577,0.499761,0.49986,0.499903,0.499903
0.499936,0.499936,0.499906,0.499839,0.499713,0.499495,0.499135,0.498562,0.497676,0.496352,0.494436,0.491749,0.488096,0.483283,0.477131,0.469502,0.460319,0.449585,0.437393,0.423932,0.409481,0.39439,0.379057,0.363905,0.349352,0.335791,0.323569,0.312976,0.304248,0.297561,0.293038,0.290758,0.290758,0.293038,0.297561,0.304248,0.312976,0.323569,0.335791,0.349352,0.363905,0.379057,0.39439,0.409481,0.423932,0.437393,0.449585,0.460319,0.469502,0.477131,0.483283,0.488096,0.491749,0.494436,0.496352,0.497676,0.498562,0.499135,0.499495,0.499713,0.499839,0.499906,0.499936,0.499936
0.499958,0.499958,0.499939,0.499894,0.49981,0.499663,0.499419,0.499026,0.498414,0.49749,0.496139,0.494226,0.491598,0.488096,0.48357,0.477891,0.470972,0.462783,0.453364,0.44283,0.431373,0.41925,0.406772,0.394284,0.382142,0.370693,0.360261,0.351133,0.343547,0.337695,0.333717,0.331706,0.331706,0.333717,0.337695,0.343547,0.351133,0.360261,0.370693,0.382142,0.394284,0.406772,0.41925,0.431373,0.44283,0.453364,0.462783,0.470972,0.477891,0.48357,0.488096,0.491598,0.494226,0.496139,0.49749,0.498414,0.499026,0.499419,0.499663,0.49981,0.499894,0.499939,0.499958,0.499958
0.499974,0.499974,0.499961,0.499932,0.499877,0.499781,0.49962,0.499357,0.498945,0.498318,0.497391,0.496066,0.494226,0.491749,0.488512,0.484404,0.479342,0.47328,0.466223,0.458237,0.449444,0.440029,0.430223,0.420294,0.410533,0.401233,0.392678,0.385128,0.378808,0.373903,0.370554,0.368856,0.368856,0.370554,0.373903,0.378808,0.385128,0.392678,0.401233,0.410533,0.420294,0.430223,0.440029,0.449444,0.458237,0.466223,0.47328,0.479342,0.484404,0.488512,0.491749,0.494226,0.496066,0.497391,0.498318,0.498945,0.499357,0.49962,0.499781,0.499877,0.499932,0.499961,0.499974,0.499974
0.499984,0.499984,0.499976,0.499958,0.499923,0.499862,0.499758,0.499587,0.499317,0.498903,0.498285,0.497391,0.496139,0.494436,0.492187,0.489302,0.485708,0.481355,0.476232,0.470367,0.463838,0.456769,0.449325,0.44171,0.434148,0.426875,0.420128,0.414127,0.409072,0.405128,0.402426,0.401052,0.401052,0.402426,0.405128,0.409072,0.414127,0.420128,0.426875,0.434148,0.44171,0.449325,0.456769,0.463838,0.470367,0.476232,0.481355,0.485708,0.489302,0.492187,0.494436,0.496139,0.497391,0.498285,0.498903,0.499317,0.499587,0.499758,0.499862,0.499923,0.499958,0.499976,0.499984,0.499984
0.49999,0.49999,0.499986,0.499974,0.499953,0.499915,0.49985,0.499742,0.49957,0.499304,0.498903,0.498318,0.49749,0.496352,0.494835,0.492868,0.490393,0.487363,0.483759,0.47959,0.4749,0.469769,0.464313,0.458676,0.453028,0.44755,0.442428,0.437843,0.433957,0.430912,0.428818,0.427751,0.427751,0.428818,0.430912,0.433957,0.437843,0.442428,0.44755,0.453028,0.458676,0.464313,0.469769,0.4749,0.47959,0.483759,0.487363,0.490393,0.492868,0.494835,0.496352,0.49749,0.498318,0.498903,0.499304,0.49957,0.499742,0.49985,0.499915,0.499953,0.499974,0.499986,0.49999,0.49999
0.499994,0.499994,0.499992,0.499985,0.499972,0.499949,0.499909,0.499843,0.499737,0.49957,0.499317,0.498945,0.498414,0.497676,0.496682,0.495382,0.493729,0.491685,0.48923,0.486361,0.483103,0.479503,0.47564,0.471614,0.467546,0.46357,0.459826,0.456454,0.453581,0.451321,0.449762,0.448966,0.448966,0.449762,0.451321,0.453581,0.456454,0.459826,0.46357,0.467546,0.471614,0.47564,0.479503,0.483103,0.486361,0.48923,0.491685,0.493729,0.495382,0.496682,0.497676,0.498414,0.498945,0.499317,0.49957,0.499737,0.499843,0.499909,0.499949,0.499972,0.499985,0.499992,0.499994,0.499994
0.499997,0.499997,0.499995,0.499991,0.499984,0.49997,0.499947,0.499907,0.499843,0.499742,0.499587,0.499357,0.499026,0.498562,0.497931,0.497097,0.496026,0.494691,0.493071,0.491161,0.488971,0.486531,0.483889,0.481113,0.478286,0.475504,0.472867,0.470479,0.468436,0.466821,0.465705,0.465134,0.465134,0.465705,0.466821,0.468436,0.470479,0.472867,0.475504,0.478286,0.481113,0.483889,0.486531,0.488971,0.491161,0.493071,0.494691,0.496026,0.497097,0.497931,0.498562,0.499026,0.499357,0.499587,0.499742,0.499843,0.499907,0.499947,0.49997,0.499984,0.499991,0.499995,0.499997,0.499997
0.499998,0.499998,0.499997,0.499995,0.499991,0.499983,0.49997,0.499947,0.499909,0.49985,0.499758,0.49962,0.499419,0.499135,0.498747,0.498228,0.497556,0.496711,0.495676,0.494445,0.493021,0.491421,0.489675,0.487827,0.485931,0.484053,0.482263,0.480633,0.479232,0.478122,0.477352,0.476958,0.476958,0.477352,0.478122,0.479232,0.480633,0.482263,0.484053,0.485931,0.487827,0.489675,0.491421,0.493021,0.494445,0.495676,0.496711,0.497556,0.498228,0.498747,0.499135,0.499419,0.49962,0.499758,0.49985,0.499909,0.499947,0.49997,0.499983,0.499991,0.499995,0.499997,0.499998,0.499998
0.499999,0.499999,0.499999,0.499997,0.499995,0.499991,0.499983,0.49997,0.499949,0.499915,0.499862,0.499781,0.499663,0.499495,0.499262,0.49895,0.498541,0.498022,0.497381,0.496612,0.495716,0.4947,0.493584,0.492393,0.491164,0.489939,0.488765,0.487691,0.486764,0.486027,0.485515,0.485252,0.485252,0.485515,0.486027,0.486764,0.487691,0.488765,0.489939,0.491164,0.492393,0.493584,0.4947,0.495716,0.496612,0.497381,0.498022,0.498541,0.49895,0.499262,0.499495,0.499663,0.499781,0.499862,0.499915,0.499949,0.49997,0.499983,0.499991,0.499995,0.499997,0.499999,0.499999,0.499999
0.5,0.5,0.499999,0.499999,0.499997,0.499995,0.499991,0.499984,0.499972,0.499953,0.499923,0.499877,0.49981,0.499713,0.499577,0.499393,0.499151,0.498841,0.498455,0.497987,0.497439,0.496812,0.496118,0.495373,0.494599,0.493823,0.493075,0.492388,0.491792,0.491318,0.490987,0.490817,0.490817,0.490987,0.491318,0.491792,0.492388,0.493075,0.493823,0.494599,0.495373,0.496118,0.496812,0.497439,0.497987,0.498455,0.498841,0.499151,0.499393,0.499577,0.499713,0.49981,0.499877,0.499923,0.499953,0.499972,0.499984,0.499991,0.499995,0.499997,0.499999,0.499999,0.5,0.5
0.5,0.5,0.5,0.499999,0.499999,0.499997,0.499995,0.499991,0.499985,0.499974,0.499958,0.499932,0.499894,0.499839,0.499761,0.499654,0.499512,0.499329,0.4991,0.498819,0.498488,0.498106,0.49768,0.49722,0.496739,0.496253,0.495783,0.495349,0.494972,0.494671,0.49446,0.494352,0.494352,0.49446,0.494671,0.494972,0.495349,0.495783,0.496253,0.496739,0.49722,0.49768,0.498106,0.498488,0.498819,0.4991,0.499329,0.499512,0.499654,0.499761,0.499839,0.499894,0.499932,0.499958,0.499974,0.499985,0.499991,0.499995,0.499997,0.499999,0.499999,0.5,0.5,0.5
0.5,0.5,0.5,0.5,0.499999,0.499999,0.499997,0.499995,0.499992,0.499986,0.499976,0.499961,0.499939,0.499906,0.49986,0.499796,0.49971,0.499598,0.499457,0.499283,0.499075,0.498835,0.498564,0.49827,0.49796,0.497646,0.49734,0.497057,0.49681,0.496611,0.496472,0.496401,0.496401,0.496472,0.496611,0.49681,0.497057,0.49734,0.497646,0.49796,0.49827,0.498564,0.498835,0.499075,0.499283,0.499457,0.499598,0.49971,0.499796,0.49986,0.499906,0.499939,0.499961,0.499976,0.499986,0.499992,0.499995,0.499997,0.499999,0.499999,0.5,0.5,0.5,0.5
0.5,0.5,0.5,0.5,0.5,0.499999,0.499998,0.499997,0.499994,0.49999,0.499984,0.499974,0.499958,0.499936,0.499903,0.499858,0.499797,0.499717,0.499615,0.499488,0.499336,0.49916,0.49896,0.498741,0.49851,0.498275,0.498045,0.497831,0.497644,0.497493,0.497388,0.497333,0.497333,0.497388,0.497493,0.497644,0.497831,0.498045,0.498275,0.49851,0.498741,0.49896,0.49916,0.499336,0.499488,0.499615,0.499717,0.499797,0.499858,0.499903,0.499936,0.499958,0.499974,0.499984,0.49999,0.499994,0.499997,0.499998,0.499999,0.5,0.5,0.5,0.5,0.5
0.5,0.5,0.5,0.5,0.5,0.499999,0.499998,0.499997,0.499994,0.49999,0.499984,0.499974,0.499958,0.499936,0.499903,0.499858,0.499797,0.499717,0.499615,0.499488,0.499336,0.49916,0.49896,0.498741,0.49851,0.498275,0.498045,0.497831,0.497644,0.497493,0.497388,0.497333,0.497333,0.497388,0.497493,0.497644,0.497831,0.498045,0.498275,0.49851,0.498741,0.49896,0.49916,0.499336,0.499488,0.499615,0.499717,0.499797,0.499858,0.499903,0.499936,0.499958,0.499974,0.499984,0.49999,0.499994,0.499997,0.499998,0.499999,0.5,0.5,0.5,0.5,0.5
