0.499999,0.499999,0.499999,0.499998,0.499997,0.499994,0.499989,0.499981,0.499969,0.499949,0.499918,0.499871,0.499804,0.499709,0.499579,0.499405,0.499178,0.498892,0.498539,0.498117,0.497624,0.497067,0.496453,0.495798,0.49512,0.494443,0.493793,0.493197,0.492682,0.492272,0.491986,0.49184,0.49184,0.491986,0.492272,0.492682,0.493197,0.493793,0.494443,0.49512,0.495798,0.496453,0.497067,0.497624,0.498117,0.498539,0.498892,0.499178,0.499405,0.499579,0.499709,0.499804,0.499871,0.499918,0.499949,0.499969,0.499981,0.499989,0.499994,0.499997,0.499998,0.499999,0.499999,0.499999
0.499999,0.499999,0.499999,0.499998,0.499997,0.499994,0.499989,0.499981,0.499969,0.499949,0.499918,0.499871,0.499804,0.499709,0.499579,0.499405,0.499178,0.498892,0.498539,0.498117,0.497624,0.497067,0.496453,0.495798,0.49512,0.494443,0.493793,0.493197,0.492682,0.492272,0.491986,0.49184,0.49184,0.491986,0.492272,0.492682,0.493197,0.493793,0.494443,0.49512,0.495798,0.496453,0.497067,0.497624,0.498117,0.498539,0.498892,0.499178,0.499405,0.499579,0.499709,0.499804,0.499871,0.499918,0.499949,0.499969,0.499981,0.499989,0.499994,0.499997,0.499998,0.499999,0.499999,0.499999
0.499999,0.499999,0.499999,0.499997,0.499995,0.499991,0.499985,0.499974,0.499956,0.499928,0.499885,0.499821,0.49973,0.499602,0.499428,0.499197,0.498899,0.498524,0.498066,0.497522,0.496892,0.496182,0.495406,0.494582,0.493734,0.492891,0.492085,0.491348,0.490713,0.490209,0.489858,0.489679,0.489679,0.489858,0.490209,0.490713,0.491348,0.492085,0.492891,0.493734,0.494582,0.495406,0.496182,0.496892,0.497522,0.498066,0.498524,0.498899,0.499197,0.499428,0.499602,0.49973,0.499821,0.499885,0.499928,0.499956,0.499974,0.499985,0.499991,0.499995,0.499997,0.499999,0.499999,0.499999
0.499998,0.499998,0.499997,0.499995,0.499992,0.499985,0.499974,0.499955,0.499926,0.49988,0.49981,0.499709,0.499564,0.499363,0.499092,0.498737,0.498282,0.497718,0.497034,0.496228,0.495304,0.494273,0.493154,0.491975,0.490771,0.489581,0.48845,0.487421,0.486538,0.485839,0.485355,0.485107,0.485107,0.485355,0.485839,0.486538,0.487421,0.48845,0.489581,0.490771,0.491975,0.493154,0.494273,0.495304,0.496228,0.497034,0.497718,0.498282,0.498737,0.499092,0.499363,0.499564,0.499709,0.49981,0.49988,0.499926,0.499955,0.499974,0.499985,0.499992,0.499995,0.499997,0.499998,0.499998
0.499997,0.499997,0.499995,0.499992,0.499985,0.499973,0.499954,0.499922,0.499871,0.499793,0.499676,0.499507,0.499268,0.49894,0.498502,0.497933,0.497214,0.496328,0.495266,0.494027,0.492619,0.491062,0.489386,0.487635,0.48586,0.484117,0.482471,0.480982,0.479709,0.478705,0.478011,0.477656,0.477656,0.478011,0.478705,0.479709,0.480982,0.482471,0.484117,0.48586,0.487635,0.489386,0.491062,0.492619,0.494027,0.495266,0.496328,0.497214,0.497933,0.498502,0.49894,0.499268,0.499507,0.499676,0.499793,0.499871,0.499922,0.499954,0.499973,0.499985,0.499992,0.499995,0.499997,0.499997
0.499994,0.499994,0.499991,0.499985,0.499973,0.499953,0.499919,0.499864,0.499778,0.499646,0.499452,0.499172,0.498782,0.498251,0.497549,0.496646,0.495515,0.494137,0.492501,0.49061,0.488481,0.486148,0.48366,0.48108,0.478483,0.475954,0.473578,0.47144,0.469622,0.468192,0.467207,0.466704,0.466704,0.467207,0.468192,0.469622,0.47144,0.473578,0.475954,0.478483,0.48108,0.48366,0.486148,0.488481,0.49061,0.492501,0.494137,0.495515,0.496646,0.497549,0.498251,0.498782,0.499172,0.499452,0.499646,0.499778,0.499864,0.499919,0.499953,0.499973,0.499985,0.499991,0.499994,0.499994
0.499989,0.499989,0.499985,0.499974,0.499954,0.499919,0.499861,0.499769,0.499626,0.49941,0.499093,0.498642,0.498018,0.497179,0.49608,0.494681,0.492947,0.490855,0.488396,0.485581,0.482443,0.479035,0.475433,0.47173,0.468033,0.464456,0.461119,0.458134,0.455607,0.453627,0.452266,0.451573,0.451573,0.452266,0.453627,0.455607,0.458134,0.461119,0.464456,0.468033,0.47173,0.475433,0.479035,0.482443,0.485581,0.488396,0.490855,0.492947,0.494681,0.49608,0.497179,0.498018,0.498642,0.499093,0.49941,0.499626,0.499769,0.499861,0.499919,0.499954,0.499974,0.499985,0.499989,0.499989
0.499981,0.499981,0.499974,0.499955,0.499922,0.499864,0.499769,0.499619,0.499387,0.499042,0.49854,0.497833,0.496864,0.495573,0.493902,0.491796,0.489213,0.486129,0.482542,0.478478,0.473993,0.469171,0.464122,0.458977,0.453884,0.448995,0.444465,0.440438,0.437047,0.4344,0.432586,0.431664,0.431664,0.432586,0.4344,0.437047,0.440438,0.444465,0.448995,0.453884,0.458977,0.464122,0.469171,0.473993,0.478478,0.482542,0.486129,0.489213,0.491796,0.493902,0.495573,0.496864,0.497833,0.49854,0.499042,0.499387,0.499619,0.499769,0.499864,0.499922,0.499955,0.499974,0.499981,0.499981
0.499969,0.499969,0.499956,0.499926,0.499871,0.499778,0.499626,0.499387,0.499024,0.498486,0.497713,0.496634,0.495172,0.493246,0.490777,0.487701,0.483969,0.479562,0.474493,0.468813,0.462611,0.456013,0.449174,0.442273,0.435504,0.429061,0.423136,0.417904,0.413523,0.410119,0.407794,0.406615,0.406615,0.407794,0.410119,0.413523,0.417904,0.423136,0.429061,0.435504,0.442273,0.449174,0.456013,0.462611,0.468813,0.474493,0.479562,0.483969,0.487701,0.490777,0.493246,0.495172,0.496634,0.497713,0.498486,0.499024,0.499387,0.499626,0.499778,0.499871,0.499926,0.499956,0.499969,0.499969
0.499949,0.499949,0.499928,0.49988,0.499793,0.499646,0.49941,0.499042,0.498486,0.497671,0.496513,0.494915,0.492771,0.489978,0.486439,0.482078,0.47685,0.470747,0.463809,0.456126,0.447833,0.43911,0.430168,0.42124,0.412569,0.404393,0.396937,0.390403,0.384964,0.380762,0.377901,0.376453,0.376453,0.377901,0.380762,0.384964,0.390403,0.396937,0.404393,0.412569,0.42124,0.430168,0.43911,0.447833,0.456126,0.463809,0.470747,0.47685,0.482078,0.486439,0.489978,0.492771,0.494915,0.496513,0.497671,0.498486,0.499042,0.49941,0.499646,0.499793,0.49988,0.499928,0.499949,0.499949
0.499918,0.499918,0.499885,0.49981,0.499676,0.499452,0.499093,0.49854,0.497713,0.496513,0.494826,0.492522,0.489467,0.485532,0.480604,0.474605,0.4675,0.459309,0.450113,0.440055,0.429334,0.418195,0.406913,0.395779,0.385084,0.375103,0.366087,0.358252,0.351776,0.3468,0.343427,0.341724,0.341724,0.343427,0.3468,0.351776,0.358252,0.366087,0.375103,0.385084,0.395779,0.406913,0.418195,0.429334,0.440055,0.450113,0.459309,0.4675,0.474605,0.480604,0.485532,0.489467,0.492522,0.494826,0.496513,0.497713,0.49854,0.499093,0.499452,0.499676,0.49981,0.499885,0.499918,0.499918
0.499871,0.499871,0.499821,0.499709,0.499507,0.499172,0.498642,0.497833,0.496634,0.494915,0.492522,0.489292,0.485058,0.479668,0.473002,0.464989,0.455619,0.444959,0.43315,0.420407,0.407007,0.393269,0.379539,0.366162,0.353469,0.341761,0.331297,0.322289,0.314905,0.309269,0.305467,0.303553,0.303553,0.305467,0.309269,0.314905,0.322289,0.331297,0.341761,0.353469,0.366162,0.379539,0.393269,0.407007,0.420407,0.43315,0.444959,0.455619,0.464989,0.473002,0.479668,0.485058,0.489292,0.492522,0.494915,0.496634,0.497833,0.498642,0.499172,0.499507,0.499709,0.499821,0.499871,0.499871
0.499804,0.499804,0.49973,0.499564,0.499268,0.498782,0.498018,0.496864,0.495172,0.492771,0.489467,0.485058,0.479347,0.472167,0.463401,0.453001,0.441006,0.427549,0.412854,0.397225,0.38103,0.36467,0.348556,0.333082,0.318603,0.305422,0.293785,0.283877,0.275832,0.269739,0.265652,0.263602,0.263602,0.265652,0.269739,0.275832,0.283877,0.293785,0.305422,0.318603,0.333082,0.348556,0.36467,0.38103,0.397225,0.412854,0.427549,0.441006,0.453001,0.463401,0.472167,0.479347,0.485058,0.489467,0.492771,0.495172,0.496864,0.498018,0.498782,0.499268,0.499564,0.49973,0.499804,0.499804
0.499709,0.499709,0.499602,0.499363,0.49894,0.498251,0.497179,0.495573,0.493246,0.489978,0.485532,0.479668,0.472167,0.462858,0.451643,0.438522,0.423606,0.407118,0.389388,0.370828,0.351902,0.333093,0.314867,0.297647,0.281789,0.267572,0.255199,0.244802,0.236456,0.230193,0.226022,0.223938,0.223938,0.226022,0.230193,0.236456,0.244802,0.255199,0.267572,0.281789,0.297647,0.314867,0.333093,0.351902,0.370828,0.389388,0.407118,0.423606,0.438522,0.451643,0.462858,0.472167,0.479668,0.485532,0.489978,0.493246,0.495573,0.497179,0.498251,0.49894,0.499363,0.499602,0.499709,0.499709
0.499579,0.499579,0.499428,0.499092,0.498502,0.497549,0.49608,0.493902,0.490777,0.486439,0.480604,0.473002,0.463401,0.451643,0.437675,0.421569,0.403538,0.383922,0.363174,0.341824,0.320436,0.299563,0.279708,0.261296,0.244651,0.229997,0.217462,0.207095,0.19889,0.192805,0.188788,0.186792,0.186792,0.188788,0.192805,0.19889,0.207095,0.217462,0.229997,0.244651,0.261296,0.279708,0.299563,0.320436,0.341824,0.363174,0.383922,0.403538,0.421569,0.437675,0.451643,0.463401,0.473002,0.480604,0.486439,0.490777,0.493902,0.49608,0.497549,0.498502,0.499092,0.499428,0.499579,0.499579
0.499405,0.499405,0.499197,0.498737,0.497933,0.496646,0.494681,0.491796,0.487701,0.482078,0.474605,0.464989,0.453001,0.438522,0.421569,0.402321,0.381115,0.358435,0.334873,0.311078,0.287704,0.265355,0.244543,0.225659,0.208961,0.19458,0.182541,0.172785,0.165203,0.159667,0.156055,0.154275,0.154275,0.156055,0.159667,0.165203,0.172785,0.182541,0.19458,0.208961,0.225659,0.244543,0.265355,0.287704,0.311078,0.334873,0.358435,0.381115,0.402321,0.421569,0.438522,0.453001,0.464989,0.474605,0.482078,0.487701,0.491796,0.494681,0.496646,0.497933,0.498737,0.499197,0.499405,0.499405
0.499178,0.499178,0.498899,0.498282,0.497214,0.495515,0.492947,0.489213,0.483969,0.47685,0.4675,0.455619,0.441006,0.423606,0.403538,0.381115,0.356831,0.331328,0.305342,0.279636,0.254935,0.231863,0.210903,0.192374,0.176428,0.163074,0.152204,0.143634,0.137144,0.132509,0.129539,0.12809,0.12809,0.129539,0.132509,0.137144,0.143634,0.152204,0.163074,0.176428,0.192374,0.210903,0.231863,0.254935,0.279636,0.305342,0.331328,0.356831,0.381115,0.403538,0.423606,0.441006,0.455619,0.4675,0.47685,0.483969,0.489213,0.492947,0.495515,0.497214,0.498282,0.498899,0.499178,0.499178
0.498892,0.498892,0.498524,0.497718,0.496328,0.494137,0.490855,0.486129,0.479562,0.470747,0.459309,0.444959,0.427549,0.407118,0.383922,0.358435,0.331328,0.303411,0.275558,0.248631,0.223392,0.200449,0.180213,0.16289,0.148493,0.13688,0.127795,0.120919,0.115916,0.112474,0.110334,0.109312,0.109312,0.110334,0.112474,0.115916,0.120919,0.127795,0.13688,0.148493,0.16289,0.180213,0.200449,0.223392,0.248631,0.275558,0.303411,0.331328,0.358435,0.383922,0.407118,0.427549,0.444959,0.459309,0.470747,0.479562,0.486129,0.490855,0.494137,0.496328,0.497718,0.498524,0.498892,0.498892
0.498539,0.498539,0.498066,0.497034,0.495266,0.492501,0.488396,0.482542,0.474493,0.463809,0.450113,0.43315,0.412854,0.389388,0.363174,0.334873,0.305342,0.275558,0.246523,0.21916,0.194235,0.172293,0.153632,0.138306,0.126162,0.116889,0.110077,0.105275,0.102043,0.0999896,0.0988026,0.0982646,0.0982646,0.0988026,0.0999896,0.102043,0.105275,0.110077,0.116889,0.126162,0.138306,0.153632,0.172293,0.194235,0.21916,0.246523,0.275558,0.305342,0.334873,0.363174,0.389388,0.412854,0.43315,0.450113,0.463809,0.474493,0.482542,0.488396,0.492501,0.495266,0.497034,0.498066,0.498539,0.498539
0.498117,0.498117,0.497522,0.496228,0.494027,0.49061,0.485581,0.478478,0.468813,0.456126,0.440055,0.420407,0.397225,0.370828,0.341824,0.311078,0.279636,0.248631,0.21916,0.192176,0.168401,0.148272,0.131933,0.119258,0.109909,0.1034,0.0991747,0.0966643,0.095343,0.0947618,0.0945721,0.0945369,0.0945369,0.0945721,0.0947618,0.095343,0.0966643,0.0991747,0.1034,0.109909,0.119258,0.131933,0.148272,0.168401,0.192176,0.21916,0.248631,0.279636,0.311078,0.341824,0.370828,0.397225,0.420407,0.440055,0.456126,0.468813,0.478478,0.485581,0.49061,0.494027,0.496228,0.497522,0.498117,0.498117
0.497624,0.497624,0.496892,0.495304,0.492619,0.488481,0.482443,0.473993,0.462611,0.447833,0.429334,0.407007,0.38103,0.351902,0.320436,0.287704,0.254935,0.223392,0.194235,0.168401,0.146521,0.128884,0.115447,0.105884,0.0996646,0.0961392,0.0946189,0.0944429,0.0950256,0.0958858,0.09666,0.0971071,0.0971071,0.09666,0.0958858,0.0950256,0.0944429,0.0946189,0.0961392,0.0996646,0.105884,0.115447,0.128884,0.146521,0.168401,0.194235,0.223392,0.254935,0.287704,0.320436,0.351902,0.38103,0.407007,0.429334,0.447833,0.462611,0.473993,0.482443,0.488481,0.492619,0.495304,0.496892,0.497624,0.497624
0.497067,0.497067,0.496182,0.494273,0.491062,0.486148,0.479035,0.469171,0.456013,0.43911,0.418195,0.393269,0.36467,0.333093,0.299563,0.265355,0.231863,0.200449,0.172293,0.148272,0.128884,0.114235,0.104071,0.09786,0.0948873,0.0943555,0.0954717,0.0975121,0.0998622,0.102035,0.103675,0.104551,0.104551,0.103675,0.102035,0.0998622,0.0975121,0.0954717,0.0943555,0.0948873,0.09786,0.104071,0.114235,0.128884,0.148272,0.172293,0.200449,0.231863,0.265355,0.299563,0.333093,0.36467,0.393269,0.418195,0.43911,0.456013,0.469171,0.479035,0.486148,0.491062,0.494273,0.496182,0.497067,0.497067
0.496453,0.496453,0.495406,0.493154,0.489386,0.48366,0.475433,0.464122,0.449174,0.430168,0.406913,0.379539,0.348556,0.314867,0.279708,0.244543,0.210903,0.180213,0.153632,0.131933,0.115447,0.104071,0.0973334,0.0944993,0.0946863,0.0969767,0.100505,0.104518,0.108401,0.111688,0.114051,0.115282,0.115282,0.114051,0.111688,0.108401,0.104518,0.100505,0.0969767,0.0946863,0.0944993,0.0973334,0.104071,0.115447,0.131933,0.153632,0.180213,0.210903,0.244543,0.279708,0.314867,0.348556,0.379539,0.406913,0.430168,0.449174,0.464122,0.475433,0.48366,0.489386,0.493154,0.495406,0.496453,0.496453
0.495798,0.495798,0.494582,0.491975,0.487635,0.48108,0.47173,0.458977,0.442273,0.42124,0.395779,0.366162,0.333082,0.297647,0.261296,0.225659,0.192374,0.16289,0.138306,0.119258,0.105884,0.09786,0.0944993,0.0948786,0.0979743,0.102779,0.108388,0.114049,0.119175,0.123341,0.126262,0.127762,0.127762,0.126262,0.123341,0.119175,0.114049,0.108388,0.102779,0.0979743,0.0948786,0.0944993,0.09786,0.105884,0.119258,0.138306,0.16289,0.192374,0.225659,0.261296,0.297647,0.333082,0.366162,0.395779,0.42124,0.442273,0.458977,0.47173,0.48108,0.487635,0.491975,0.494582,0.495798,0.495798
0.49512,0.49512,0.493734,0.490771,0.48586,0.478483,0.468033,0.453884,0.435504,0.412569,0.385084,0.353469,0.318603,0.281789,0.244651,0.208961,0.176428,0.148493,0.126162,0.109909,0.0996646,0.0948873,0.0946863,0.0979743,0.103615,0.110545,0.117849,0.124802,0.130865,0.135672,0.138985,0.140672,0.140672,0.138985,0.135672,0.130865,0.124802,0.117849,0.110545,0.103615,0.0979743,0.0946863,0.0948873,0.0996646,0.109909,0.126162,0.148493,0.176428,0.208961,0.244651,0.281789,0.318603,0.353469,0.385084,0.412569,0.435504,0.453884,0.468033,0.478483,0.48586,0.490771,0.493734,0.49512,0.49512
0.494443,0.494443,0.492891,0.489581,0.484117,0.475954,0.464456,0.448995,0.429061,0.404393,0.375103,0.341761,0.305422,0.267572,0.229997,0.19458,0.163074,0.13688,0.116889,0.1034,0.0961392,0.0943555,0.0969767,0.102779,0.110545,0.119181,0.127789,0.135689,0.142405,0.147633,0.151193,0.152992,0.152992,0.151193,0.147633,0.142405,0.135689,0.127789,0.119181,0.110545,0.102779,0.0969767,0.0943555,0.0961392,0.1034,0.116889,0.13688,0.163074,0.19458,0.229997,0.267572,0.305422,0.341761,0.375103,0.404393,0.429061,0.448995,0.464456,0.475954,0.484117,0.489581,0.492891,0.494443,0.494443
0.493793,0.493793,0.492085,0.48845,0.482471,0.473578,0.461119,0.444465,0.423136,0.396937,0.366087,0.331297,0.293785,0.255199,0.217462,0.182541,0.152204,0.127795,0.110077,0.0991747,0.0946189,0.0954717,0.100505,0.108388,0.117849,0.127789,0.137343,0.145888,0.153015,0.158484,0.162173,0.164027,0.164027,0.162173,0.158484,0.153015,0.145888,0.137343,0.127789,0.117849,0.108388,0.100505,0.0954717,0.0946189,0.0991747,0.110077,0.127795,0.152204,0.182541,0.217462,0.255199,0.293785,0.331297,0.366087,0.396937,0.423136,0.444465,0.461119,0.473578,0.482471,0.48845,0.492085,0.493793,0.493793
0.493197,0.493197,0.491348,0.487421,0.480982,0.47144,0.458134,0.440438,0.417904,0.390403,0.358252,0.322289,0.283877,0.244802,0.207095,0.172785,0.143634,0.120919,0.105275,0.0966643,0.0944429,0.0975121,0.104518,0.114049,0.124802,0.135689,0.145888,0.154835,0.162187,0.167767,0.1715,0.173366,0.173366,0.1715,0.167767,0.162187,0.154835,0.145888,0.135689,0.124802,0.114049,0.104518,0.0975121,0.0944429,0.0966643,0.105275,0.120919,0.143634,0.172785,0.207095,0.244802,0.283877,0.322289,0.358252,0.390403,0.417904,0.440438,0.458134,0.47144,0.480982,0.487421,0.491348,0.493197,0.493197
0.492682,0.492682,0.490713,0.486538,0.479709,0.469622,0.455607,0.437047,0.413523,0.384964,0.351776,0.314905,0.275832,0.236456,0.19889,0.165203,0.137144,0.115916,0.102043,0.095343,0.0950256,0.0998622,0.108401,0.119175,0.130865,0.142405,0.153015,0.162187,0.169639,0.175243,0.178968,0.180824,0.180824,0.178968,0.175243,0.169639,0.162187,0.153015,0.142405,0.130865,0.119175,0.108401,0.0998622,0.0950256,0.095343,0.102043,0.115916,0.137144,0.165203,0.19889,0.236456,0.275832,0.314905,0.351776,0.384964,0.413523,0.437047,0.455607,0.469622,0.479709,0.486538,0.490713,0.492682,0.492682
0.492272,0.492272,0.490209,0.485839,0.478705,0.468192,0.453627,0.4344,0.410119,0.380762,0.3468,0.309269,0.269739,0.230193,0.192805,0.159667,0.132509,0.112474,0.0999896,0.0947618,0.0958858,0.102035,0.111688,0.123341,0.135672,0.147633,0.158484,0.167767,0.175243,0.180828,0.184522,0.186357,0.186357,0.184522,0.180828,0.175243,0.167767,0.158484,0.147633,0.135672,0.123341,0.111688,0.102035,0.0958858,0.0947618,0.0999896,0.112474,0.132509,0.159667,0.192805,0.230193,0.269739,0.309269,0.3468,0.380762,0.410119,0.4344,0.453627,0.468192,0.478705,0.485839,0.490209,0.492272,0.492272
0.491986,0.491986,0.489858,0.485355,0.478011,0.467207,0.452266,0.432586,0.407794,0.377901,0.343427,0.305467,0.265652,0.226022,0.188788,0.156055,0.129539,0.110334,0.0988026,0.0945721,0.09666,0.103675,0.114051,0.126262,0.138985,0.151193,0.162173,0.1715,0.178968,0.184522,0.188183,0.189998,0.189998,0.188183,0.184522,0.178968,0.1715,0.162173,0.151193,0.138985,0.126262,0.114051,0.103675,0.09666,0.0945721,0.0988026,0.110334,0.129539,0.156055,0.188788,0.226022,0.265652,0.305467,0.343427,0.377901,0.407794,0.432586,0.452266,0.467207,0.478011,0.485355,0.489858,0.491986,0.491986
0.49184,0.49184,0.489679,0.485107,0.477656,0.466704,0.451573,0.431664,0.406615,0.376453,0.341724,0.303553,0.263602,0.223938,0.186792,0.154275,0.12809,0.109312,0.0982646,0.0945369,0.0971071,0.104551,0.115282,0.127762,0.140672,0.152992,0.164027,0.173366,0.180824,0.186357,0.189998,0.191801,0.191801,0.189998,0.186357,0.180824,0.173366,0.164027,0.152992,0.140672,0.127762,0.115282,0.104551,0.0971071,0.0945369,0.0982646,0.109312,0.12809,0.154275,0.186792,0.223938,0.263602,0.303553,0.341724,0.376453,0.406615,0.431664,0.451573,0.466704,0.477656,0.485107,0.489679,0.49184,0.49184
0.49184,0.49184,0.489679,0.485107,0.477656,0.466704,0.451573,0.431664,0.406615,0.376453,0.341724,0.303553,0.263602,0.223938,0.186792,0.154275,0.12809,0.109312,0.0982646,0.0945369,0.0971071,0.104551,0.115282,0.127762,0.140672,0.152992,0.164027,0.173366,0.180824,0.186357,0.189998,0.191801,0.191801,0.189998,0.186357,0.180824,0.173366,0.164027,0.152992,0.140672,0.127762,0.115282,0.104551,0.0971071,0.0945369,0.0982646,0.109312,0.12809,0.154275,0.186792,0.223938,0.263602,0.303553,0.341724,0.376453,0.406615,0.431664,0.451573,0.466704,0.477656,0.485107,0.489679,0.49184,0.49184
0.491986,0.491986,0.489858,0.485355,0.478011,0.467207,0.452266,0.432586,0.407794,0.377901,0.343427,0.305467,0.265652,0.226022,0.188788,0.156055,0.129539,0.110334,0.0988026,0.0945721,0.09666,0.103675,0.114051,0.126262,0.138985,0.151193,0.162173,0.1715,0.178968,0.184522,0.188183,0.189998,0.189998,0.188183,0.184522,0.178968,0.1715,0.162173,0.151193,0.138985,0.126262,0.114051,0.103675,0.09666,0.0945721,0.0988026,0.110334,0.129539,0.156055,0.188788,0.226022,0.265652,0.305467,0.343427,0.377901,0.407794,0.432586,0.452266,0.467207,0.478011,0.485355,0.489858,0.491986,0.491986
0.492272,0.492272,0.490209,0.485839,0.478705,0.468192,0.453627,0.4344,0.410119,0.380762,0.3468,0.309269,0.269739,0.230193,0.192805,0.159667,0.132509,0.112474,0.0999896,0.0947618,0.0958858,0.102035,0.111688,0.123341,0.135672,0.147633,0.158484,0.167767,0.175243,0.180828,0.184522,0.186357,0.186357,0.184522,0.180828,0.175243,0.167767,0.158484,0.147633,0.135672,0.123341,0.111688,0.102035,0.0958858,0.0947618,0.0999896,0.112474,0.132509,0.159667,0.192805,0.230193,0.269739,0.309269,0.3468,0.380762,0.410119,0.4344,0.453627,0.468192,0.478705,0.485839,0.490209,0.492272,0.492272
0.492682,0.492682,0.490713,0.486538,0.479709,0.469622,0.455607,0.437047,0.413523,0.384964,0.351776,0.314905,0.275832,0.236456,0.19889,0.165203,0.137144,0.115916,0.102043,0.095343,0.0950256,0.0998622,0.108401,0.119175,0.130865,0.142405,0.153015,0.162187,0.169639,0.175243,0.178968,0.180824,0.180824,0.178968,0.175243,0.169639,0.162187,0.153015,0.142405,0.130865,0.119175,0.108401,0.0998622,0.0950256,0.095343,0.102043,0.115916,0.137144,0.165203,0.19889,0.236456,0.275832,0.314905,0.351776,0.384964,0.413523,0.437047,0.455607,0.469622,0.479709,0.486538,0.490713,0.492682,0.492682
0.493197,0.493197,0.491348,0.487421,0.480982,0.47144,0.458134,0.440438,0.417904,0.390403,0.358252,0.322289,0.283877,0.244802,0.207095,0.172785,0.143634,0.120919,0.105275,0.0966643,0.0944429,0.0975121,0.104518,0.114049,0.124802,0.135689,0.145888,0.154835,0.162187,0.167767,0.1715,0.173366,0.173366,0.1715,0.167767,0.162187,0.154835,0.145888,0.135689,0.124802,0.114049,0.104518,0.0975121,0.0944429,0.0966643,0.105275,0.120919,0.143634,0.172785,0.207095,0.244802,0.283877,0.322289,0.358252,0.390403,0.417904,0.440438,0.458134,0.47144,0.480982,0.487421,0.491348,0.493197,0.493197
0.493793,0.493793,0.492085,0.48845,0.482471,0.473578,0.461119,0.444465,0.423136,0.396937,0.366087,0.331297,0.293785,0.255199,0.217462,0.182541,0.152204,0.127795,0.110077,0.0991747,0.0946189,0.0954717,0.100505,0.108388,0.117849,0.127789,0.137343,0.145888,0.153015,0.158484,0.162173,0.164027,0.164027,0.162173,0.158484,0.153015,0.145888,0.137343,0.127789,0.117849,0.108388,0.100505,0.0954717,0.0946189,0.0991747,0.110077,0.127795,0.152204,0.182541,0.217462,0.255199,0.293785,0.331297,0.366087,0.396937,0.423136,0.444465,0.461119,0.473578,0.482471,0.48845,0.492085,0.493793,0.493793
0.494443,0.494443,0.492891,0.489581,0.484117,0.475954,0.464456,0.448995,0.429061,0.404393,0.375103,0.341761,0.305422,0.267572,0.229997,0.19458,0.163074,0.13688,0.116889,0.1034,0.0961392,0.0943555,0.0969767,0.102779,0.110545,0.119181,0.127789,0.135689,0.142405,0.147633,0.151193,0.152992,0.152992,0.151193,0.147633,0.142405,0.135689,0.127789,0.119181,0.110545,0.102779,0.0969767,0.0943555,0.0961392,0.1034,0.116889,0.13688,0.163074,0.19458,0.229997,0.267572,0.305422,0.341761,0.375103,0.404393,0.429061,0.448995,0.464456,0.475954,0.484117,0.489581,0.492891,0.494443,0.494443
0.49512,0.49512,0.493734,0.490771,0.48586,0.478483,0.468033,0.453884,0.435504,0.412569,0.385084,0.353469,0.318603,0.281789,0.244651,0.208961,0.176428,0.148493,0.126162,0.109909,0.0996646,0.0948873,0.0946863,0.0979743,0.103615,0.110545,0.117849,0.124802,0.130865,0.135672,0.138985,0.140672,0.140672,0.138985,0.135672,0.130865,0.124802,0.117849,0.110545,0.103615,0.0979743,0.0946863,0.0948873,0.0996646,0.109909,0.126162,0.148493,0.176428,0.208961,0.244651,0.281789,0.318603,0.353469,0.385084,0.412569,0.435504,0.453884,0.468033,0.478483,0.48586,0.490771,0.493734,0.49512,0.49512
0.495798,0.495798,0.494582,0.491975,0.487635,0.48108,0.47173,0.458977,0.442273,0.42124,0.395779,0.366162,0.333082,0.297647,0.261296,0.225659,0.192374,0.16289,0.138306,0.119258,0.105884,0.09786,0.0944993,0.0948786,0.0979743,0.102779,0.108388,0.114049,0.119175,0.123341,0.126262,0.127762,0.127762,0.126262,0.123341,0.119175,0.114049,0.108388,0.102779,0.0979743,0.0948786,0.0944993,0.09786,0.105884,0.119258,0.138306,0.16289,0.192374,0.225659,0.261296,0.297647,0.333082,0.366162,0.395779,0.42124,0.442273,0.458977,0.47173,0.48108,0.487635,0.491975,0.494582,0.495798,0.495798
0.496453,0.496453,0.495406,0.493154,0.489386,0.48366,0.475433,0.464122,0.449174,0.430168,0.406913,0.379539,0.348556,0.314867,0.279708,0.244543,0.210903,0.180213,0.153632,0.131933,0.115447,0.104071,0.0973334,0.0944993,0.0946863,0.0969767,0.100505,0.104518,0.108401,0.111688,0.114051,0.115282,0.115282,0.114051,0.111688,0.108401,0.104518,0.100505,0.0969767,0.0946863,0.0944993,0.0973334,0.104071,0.115447,0.131933,0.153632,0.180213,0.210903,0.244543,0.279708,0.314867,0.348556,0.379539,0.406913,0.430168,0.449174,0.464122,0.475433,0.48366,0.489386,0.493154,0.495406,0.496453,0.496453
0.497067,0.497067,0.496182,0.494273,0.491062,0.486148,0.479035,0.469171,0.456013,0.43911,0.418195,0.393269,0.36467,0.333093,0.299563,0.265355,0.231863,0.200449,0.172293,0.148272,0.128884,0.114235,0.104071,0.09786,0.0948873,0.0943555,0.0954717,0.0975121,0.0998622,0.102035,0.103675,0.104551,0.104551,0.103675,0.102035,0.0998622,0.0975121,0.0954717,0.0943555,0.0948873,0.09786,0.104071,0.114235,0.128884,0.148272,0.172293,0.200449,0.231863,0.265355,0.299563,0.333093,0.36467,0.393269,0.418195,0.43911,0.456013,0.469171,0.479035,0.486148,0.491062,0.494273,0.496182,0.497067,0.497067
0.497624,0.497624,0.496892,0.495304,0.492619,0.488481,0.482443,0.473993,0.462611,0.447833,0.429334,0.407007,0.38103,0.351902,0.320436,0.287704,0.254935,0.223392,0.194235,0.168401,0.146521,0.128884,0.115447,0.105884,0.0996646,0.0961392,0.0946189,0.0944429,0.0950256,0.0958858,0.09666,0.0971071,0.0971071,0.09666,0.0958858,0.0950256,0.0944429,0.0946189,0.0961392,0.0996646,0.105884,0.115447,0.128884,0.146521,0.168401,0.194235,0.223392,0.254935,0.287704,0.320436,0.351902,0.38103,0.407007,0.429334,0.447833,0.462611,0.473993,0.482443,0.488481,0.492619,0.495304,0.496892,0.497624,0.497624
0.498117,0.498117,0.497522,0.496228,0.494027,0.49061,0.485581,0.478478,0.468813,0.456126,0.440055,0.420407,0.397225,0.370828,0.341824,0.311078,0.279636,0.248631,0.21916,0.192176,0.168401,0.148272,0.131933,0.119258,0.109909,0.1034,0.0991747,0.0966643,0.095343,0.0947618,0.0945721,0.0945369,0.0945369,0.0945721,0.0947618,0.095343,0.0966643,0.0991747,0.1034,0.109909,0.119258,0.131933,0.148272,0.168401,0.192176,0.21916,0.248631,0.279636,0.311078,0.341824,0.370828,0.397225,0.420407,0.440055,0.456126,0.468813,0.478478,0.485581,0.49061,0.494027,0.496228,0.497522,0.498117,0.498117
0.498539,0.498539,0.498066,0.497034,0.495266,0.492501,0.488396,0.482542,0.474493,0.463809,0.450113,0.43315,0.412854,0.389388,0.363174,0.334873,0.305342,0.275558,0.246523,0.21916,0.194235,0.172293,0.153632,0.138306,0.126162,0.116889,0.110077,0.105275,0.102043,0.0999896,0.0988026,0.0982646,0.0982646,0.0988026,0.0999896,0.102043,0.105275,0.110077,0.116889,0.126162,0.138306,0.153632,0.172293,0.194235,0.21916,0.246523,0.275558,0.305342,0.334873,0.363174,0.389388,0.412854,0.43315,0.450113,0.463809,0.474493,0.482542,0.488396,0.492501,0.495266,0.497034,0.498066,0.498539,0.498539
0.498892,0.498892,0.498524,0.497718,0.496328,0.494137,0.490855,0.486129,0.479562,0.470747,0.459309,0.444959,0.427549,0.407118,0.383922,0.358435,0.331328,0.303411,0.275558,0.248631,0.223392,0.200449,0.180213,0.16289,0.148493,0.13688,0.127795,0.120919,0.115916,0.112474,0.110334,0.109312,0.109312,0.110334,0.112474,0.115916,0.120919,0.127795,0.13688,0.148493,0.16289,0.180213,0.200449,0.223392,0.248631,0.275558,0.303411,0.331328,0.358435,0.383922,0.407118,0.427549,0.444959,0.459309,0.470747,0.479562,0.486129,0.490855,0.494137,0.496328,0.497718,0.498524,0.498892,0.498892
0.499178,0.499178,0.498899,0.498282,0.497214,0.495515,0.492947,0.489213,0.483969,0.47685,0.4675,0.455619,0.441006,0.423606,0.403538,0.381115,0.356831,0.331328,0.305342,0.279636,0.254935,0.231863,0.210903,0.192374,0.176428,0.163074,0.152204,0.143634,0.137144,0.132509,0.129539,0.12809,0.12809,0.129539,0.132509,0.137144,0.143634,0.152204,0.163074,0.176428,0.192374,0.210903,0.231863,0.254935,0.279636,0.305342,0.331328,0.356831,0.381115,0.403538,0.423606,0.441006,0.455619,0.4675,0.47685,0.483969,0.489213,0.492947,0.495515,0.497214,0.498282,0.498899,0.499178,0.499178
0.499405,0.499405,0.499197,0.498737,0.497933,0.496646,0.494681,0.491796,0.487701,0.482078,0.474605,0.464989,0.453001,0.438522,0.421569,0.402321,0.381115,0.358435,0.334873,0.311078,0.287704,0.265355,0.244543,0.225659,0.208961,0.19458,0.182541,0.172785,0.165203,0.159667,0.156055,0.154275,0.154275,0.156055,0.159667,0.165203,0.172785,0.182541,0.19458,0.208961,0.225659,0.244543,0.265355,0.287704,0.311078,0.334873,0.358435,0.381115,0.402321,0.421569,0.438522,0.453001,0.464989,0.474605,0.482078,0.487701,0.491796,0.494681,0.496646,0.497933,0.498737,0.499197,0.499405,0.499405
0.499579,0.499579,0.499428,0.499092,0.498502,0.497549,0.49608,0.493902,0.490777,0.486439,0.480604,0.473002,0.463401,0.451643,0.437675,0.421569,0.403538,0.383922,0.363174,0.341824,0.320436,0.299563,0.279708,0.261296,0.244651,0.229997,0.217462,0.207095,0.19889,0.192805,0.188788,0.186792,0.186792,0.188788,0.192805,0.19889,0.207095,0.217462,0.229997,0.244651,0.261296,0.279708,0.299563,0.320436,0.341824,0.363174,0.383922,0.403538,0.421569,0.437675,0.451643,0.463401,0.473002,0.480604,0.486439,0.490777,0.493902,0.49608,0.497549,0.498502,0.499092,0.499428,0.499579,0.499579
0.499709,0.499709,0.499602,0.499363,0.49894,0.498251,0.497179,0.495573,0.493246,0.489978,0.485532,0.479668,0.472167,0.462858,0.451643,0.438522,0.423606,0.407118,0.389388,0.370828,0.351902,0.333093,0.314867,0.297647,0.281789,0.267572,0.255199,0.244802,0.236456,0.230193,0.226022,0.223938,0.223938,0.226022,0.230193,0.236456,0.244802,0.255199,0.267572,0.281789,0.297647,0.314867,0.333093,0.351902,0.370828,0.389388,0.407118,0.423606,0.438522,0.451643,0.462858,0.472167,0.479668,0.485532,0.489978,0.493246,0.495573,0.497179,0.498251,0.49894,0.499363,0.499602,0.499709,0.499709
0.499804,0.499804,0.49973,0.499564,0.499268,0.498782,0.498018,0.496864,0.495172,0.492771,0.489467,0.485058,0.479347,0.472167,0.463401,0.453001,0.441006,0.427549,0.412854,0.397225,0.38103,0.36467,0.348556,0.333082,0.318603,0.305422,0.293785,0.283877,0.275832,0.269739,0.265652,0.263602,0.263602,0.265652,0.269739,0.275832,0.283877,0.293785,0.305422,0.318603,0.333082,0.348556,0.36467,0.38103,0.397225,0.412854,0.427549,0.441006,0.453001,0.463401,0.472167,0.479347,0.485058,0.489467,0.492771,0.495172,0.496864,0.498018,0.498782,0.499268,0.499564,0.49973,0.499804,0.499804
0.499871,0.499871,0.499821,0.499709,0.499507,0.499172,0.498642,0.497833,0.496634,0.494915,0.492522,0.489292,0.485058,0.479668,0.473002,0.464989,0.455619,0.444959,0.43315,0.420407,0.407007,0.393269,0.379539,0.366162,0.353469,0.341761,0.331297,0.322289,0.314905,0.309269,0.305467,0.303553,0.303553,0.305467,0.309269,0.314905,0.322289,0.331297,0.341761,0.353469,0.366162,0.379539,0.393269,0.407007,0.420407,0.43315,0.444959,0.455619,0.464989,0.473002,0.479668,0.485058,0.489292,0.492522,0.494915,0.496634,0.497833,0.498642,0.499172,0.499507,0.499709,0.499821,0.499871,0.499871
0.499918,0.499918,0.499885,0.49981,0.499676,0.499452,0.499093,0.49854,0.497713,0.496513,0.494826,0.492522,0.489467,0.485532,0.480604,0.474605,0.4675,0.459309,0.450113,0.440055,0.429334,0.418195,0.406913,0.395779,0.385084,0.375103,0.366087,0.358252,0.351776,0.3468,0.343427,0.341724,0.341724,0.343427,0.3468,0.351776,0.358252,0.366087,0.375103,0.385084,0.395779,0.406913,0.418195,0.429334,0.440055,0.450113,0.459309,0.4675,0.474605,0.480604,0.485532,0.489467,0.492522,0.494826,0.496513,0.497713,0.49854,0.499093,0.499452,0.499676,0.49981,0.499885,0.499918,0.499918
0.499949,0.499949,0.499928,0.49988,0.499793,0.499646,0.49941,0.499042,0.498486,0.497671,0.496513,0.494915,0.492771,0.489978,0.486439,0.482078,0.47685,0.470747,0.463809,0.456126,0.447833,0.43911,0.430168,0.42124,0.412569,0.404393,0.396937,0.390403,0.384964,0.380762,0.377901,0.376453,0.376453,0.377901,0.380762,0.384964,0.390403,0.396937,0.404393,0.412569,0.42124,0.430168,0.43911,0.447833,0.456126,0.463809,0.470747,0.47685,0.482078,0.486439,0.489978,0.492771,0.494915,0.496513,0.497671,0.498486,0.499042,0.49941,0.499646,0.499793,0.49988,0.499928,0.499949,0.499949
0.499969,0.499969,0.499956,0.499926,0.499871,0.499778,0.499626,0.499387,0.499024,0.498486,0.497713,0.496634,0.495172,0.493246,0.490777,0.487701,0.483969,0.479562,0.474493,0.468813,0.462611,0.456013,0.449174,0.442273,0.435504,0.429061,0.423136,0.417904,0.413523,0.410119,0.407794,0.406615,0.406615,0.407794,0.410119,0.413523,0.417904,0.423136,0.429061,0.435504,0.442273,0.449174,0.456013,0.462611,0.468813,0.474493,0.479562,0.483969,0.487701,0.490777,0.493246,0.495172,0.496634,0.497713,0.498486,0.499024,0.499387,0.499626,0.499778,0.499871,0.499926,0.499956,0.499969,0.499969
0.499981,0.499981,0.499974,0.499955,0.499922,0.499864,0.499769,0.499619,0.499387,0.499042,0.49854,0.497833,0.496864,0.495573,0.493902,0.491796,0.489213,0.486129,0.482542,0.478478,0.473993,0.469171,0.464122,0.458977,0.453884,0.448995,0.444465,0.440438,0.437047,0.4344,0.432586,0.431664,0.431664,0.432586,0.4344,0.437047,0.440438,0.444465,0.448995,0.453884,0.458977,0.464122,0.469171,0.473993,0.478478,0.482542,0.486129,0.489213,0.491796,0.493902,0.495573,0.496864,0.497833,0.49854,0.499042,0.499387,0.499619,0.499769,0.499864,0.499922,0.499955,0.499974,0.499981,0.499981
0.499989,0.499989,0.499985,0.499974,0.499954,0.499919,0.499861,0.499769,0.499626,0.49941,0.499093,0.498642,0.498018,0.497179,0.49608,0.494681,0.492947,0.490855,0.488396,0.485581,0.482443,0.479035,0.475433,0.47173,0.468033,0.464456,0.461119,0.458134,0.455607,0.453627,0.452266,0.451573,0.451573,0.452266,0.453627,0.455607,0.458134,0.461119,0.464456,0.468033,0.47173,0.475433,0.479035,0.482443,0.485581,0.488396,0.490855,0.492947,0.494681,0.49608,0.497179,0.498018,0.498642,0.499093,0.49941,0.499626,0.499769,0.499861,0.499919,0.499954,0.499974,0.499985,0.499989,0.499989
0.499994,0.499994,0.499991,0.499985,0.499973,0.499953,0.499919,0.499864,0.499778,0.499646,0.499452,0.499172,0.498782,0.498251,0.497549,0.496646,0.495515,0.494137,0.492501,0.49061,0.488481,0.486148,0.48366,0.48108,0.478483,0.475954,0.473578,0.47144,0.469622,0.468192,0.467207,0.466704,0.466704,0.467207,0.468192,0.469622,0.47144,0.473578,0.475954,0.478483,0.48108,0.48366,0.486148,0.488481,0.49061,0.492501,0.494137,0.495515,0.496646,0.497549,0.498251,0.498782,0.499172,0.499452,0.499646,0.499778,0.499864,0.499919,0.499953,0.499973,0.499985,0.499991,0.499994,0.499994
0.499997,0.499997,0.499995,0.499992,0.499985,0.499973,0.499954,0.499922,0.499871,0.499793,0.499676,0.499507,0.499268,0.49894,0.498502,0.497933,0.497214,0.496328,0.495266,0.494027,0.492619,0.491062,0.489386,0.487635,0.48586,0.484117,0.482471,0.480982,0.479709,0.478705,0.478011,0.477656,0.477656,0.478011,0.478705,0.479709,0.480982,0.482471,0.484117,0.48586,0.487635,0.489386,0.491062,0.492619,0.494027,0.495266,0.496328,0.497214,0.497933,0.498502,0.49894,0.499268,0.499507,0.499676,0.499793,0.499871,0.499922,0.499954,0.499973,0.499985,0.499992,0.499995,0.499997,0.499997
0.499998,0.499998,0.499997,0.499995,0.499992,0.499985,0.499974,0.499955,0.499926,0.49988,0.49981,0.499709,0.499564,0.499363,0.499092,0.498737,0.498282,0.497718,0.497034,0.496228,0.495304,0.494273,0.493154,0.491975,0.490771,0.489581,0.48845,0.487421,0.486538,0.485839,0.485355,0.485107,0.485107,0.485355,0.485839,0.486538,0.487421,0.48845,0.489581,0.490771,0.491975,0.493154,0.494273,0.495304,0.496228,0.497034,0.497718,0.498282,0.498737,0.499092,0.499363,0.499564,0.499709,0.49981,0.49988,0.499926,0.499955,0.499974,0.499985,0.499992,0.499995,0.499997,0.499998,0.499998
0.499999,0.499999,0.499999,0.499997,0.499995,0.499991,0.499985,0.499974,0.499956,0.499928,0.499885,0.499821,0.49973,0.499602,0.499428,0.499197,0.498899,0.498524,0.498066,0.497522,0.496892,0.496182,0.495406,0.494582,0.493734,0.492891,0.492085,0.491348,0.490713,0.490209,0.489858,0.489679,0.489679,0.489858,0.490209,0.490713,0.491348,0.492085,0.492891,0.493734,0.494582,0.495406,0.496182,0.496892,0.497522,0.498066,0.498524,0.498899,0.499197,0.499428,0.499602,0.49973,0.499821,0.499885,0.499928,0.499956,0.499974,0.499985,0.499991,0.499995,0.499997,0.499999,0.499999,0.499999
0.499999,0.499999,0.499999,0.499998,0.499997,0.499994,0.499989,0.499981,0.499969,0.499949,0.499918,0.499871,0.499804,0.499709,0.499579,0.499405,0.499178,0.498892,0.498539,0.498117,0.497624,0.497067,0.496453,0.495798,0.49512,0.494443,0.493793,0.493197,0.492682,0.492272,0.491986,0.49184,0.49184,0.491986,0.492272,0.492682,0.493197,0.493793,0.494443,0.49512,0.495798,0.496453,0.497067,0.497624,0.498117,0.498539,0.498892,0.499178,0.499405,0.499579,0.499709,0.499804,0.499871,0.499918,0.499949,0.499969,0.499981,0.499989,0.499994,0.499997,0.499998,0.499999,0.499999,0.499999
0.499999,0.499999,0.499999,0.499998,0.499997,0.499994,0.499989,0.499981,0.499969,0.499949,0.499918,0.499871,0.499804,0.499709,0.499579,0.499405,0.499178,0.498892,0.498539,0.498117,0.497624,0.497067,0.496453,0.495798,0.49512,0.494443,0.493793,0.493197,0.492682,0.492272,0.491986,0.49184,0.49184,0.491986,0.492272,0.492682,0.493197,0.493793,0.494443,0.49512,0.495798,0.496453,0.497067,0.497624,0.498117,0.498539,0.498892,0.499178,0.499405,0.499579,0.499709,0.499804,0.499871,0.499918,0.499949,0.499969,0.499981,0.499989,0.499994,0.499997,0.499998,0.499999,0.499999,0.499999
