0.5,0.5,0.5,0.5,0.5,0.5,0.5,0.5,0.5,0.5,0.5,0.5,0.5,0.5,0.5,0.5,0.5,0.5,0.5,0.5,0.5,0.5,0.5,0.5,0.5,0.5,0.5,0.5,0.5,0.5,0.5,0.5,0.5,0.5,0.5,0.5,0.5,0.5,0.5,0.5,0.5,0.5,0.5,0.5,0.5,0.5,0.5,0.5,0.5,0.5,0.5,0.5,0.5,0.5,0.5,0.5,0.5,0.5,0.5,0.5,0.5,0.5,0.5,0.5
0.5,0.5,0.5,0.5,0.5,0.5,0.5,0.5,0.5,0.5,0.5,0.5,0.5,0.5,0.5,0.5,0.5,0.5,0.5,0.5,0.5,0.5,0.5,0.5,0.5,0.5,0.5,0.5,0.5,0.5,0.5,0.5,0.5,0.5,0.5,0.5,0.5,0.5,0.5,0.5,0.5,0.5,0.5,0.5,0.5,0.5,0.5,0.5,0.5,0.5,0.5,0.5,0.5,0.5,0.5,0.5,0.5,0.5,0.5,0.5,0.5,0.5,0.5,0.5
0.5,0.5,0.5,0.5,0.5,0.5,0.5,0.5,0.5,0.5,0.5,0.5,0.5,0.5,0.5,0.5,0.5,0.5,0.5,0.5,0.5,0.5,0.5,0.5,0.5,0.5,0.5,0.5,0.5,0.5,0.5,0.5,0.5,0.5,0.5,0.5,0.5,0.5,0.5,0.5,0.5,0.5,0.5,0.5,0.5,0.5,0.5,0.5,0.5,0.5,0.5,0.5,0.5,0.5,0.5,0.5,0.5,0.5,0.5,0.5,0.5,0.5,0.5,0.5
0.5,0.5,0.5,0.5,0.5,0.5,0.5,0.5,0.5,0.5,0.5,0.5,0.5,0.5,0.5,0.5,0.5,0.5,0.5,0.5,0.5,0.5,0.5,0.5,0.5,0.5,0.5,0.5,0.499999,0.499999,0.499999,0.499999,0.499999,0.499999,0.499999,0.499999,0.5,0.5,0.5,0.5,0.5,0.5,0.5,0.5,0.5,0.5,0.5,0.5,0.5,0.5,0.5,0.5,0.5,0.5,0.5,0.5,0.5,0.5,0.5,0.5,0.5,0.5,0.5,0.5
0.5,0.5,0.5,0.5,0.5,0.5,0.5,0.5,0.5,0.5,0.5,0.5,0.5,0.5,0.5,0.5,0.5,0.5,0.5,0.5,0.5,0.5,0.5,0.499999,0.499999,0.499999,0.499999,0.499999,0.499998,0.499998,0.499998,0.499998,0.499998,0.499998,0.499998,0.499998,0.499999,0.499999,0.499999,0.499999,0.499999,0.5,0.5,0.5,0.5,0.5,0.5,0.5,0.5,0.5,0.5,0.5,0.5,0.5,0.5,0.5,0.5,0.5,0.5,0.5,0.5,0.5,0.5,0.5
0.5,0.5,0.5,0.5,0.5,0.5,0.5,0.5,0.5,0.5,0.5,0.5,0.5,0.5,0.5,0.5,0.5,0.5,0.5,0.5,0.5,0.499999,0.499999,0.499999,0.499998,0.499998,0.499997,0.499997,0.499996,0.499996,0.499995,0.499995,0.499995,0.499995,0.499996,0.499996,0.499997,0.499997,0.499998,0.499998,0.499999,0.499999,0.499999,0.5,0.5,0.5,0.5,0.5,0.5,0.5,0.5,0.5,0.5,0.5,0.5,0.5,0.5,0.5,0.5,0.5,0.5,0.5,0.5,0.5
0.5,0.5,0.5,0.5,0.5,0.5,0.5,0.5,0.5,0.5,0.5,0.5,0.5,0.5,0.5,0.5,0.5,0.5,0.5,0.499999,0.499999,0.499998,0.499998,0.499997,0.499996,0.499994,0.499993,0.499992,0.499991,0.499989,0.499989,0.499988,0.499988,0.499989,0.499989,0.499991,0.499992,0.499993,0.499994,0.499996,0.499997,0.499998,0.499998,0.499999,0.499999,0.5,0.5,0.5,0.5,0.5,0.5,0.5,0.5,0.5,0.5,0.5,0.5,0.5,0.5,0.5,0.5,0.5,0.5,0.5
0.5,0.5,0.5,0.5,0.5,0.5,0.5,0.5,0.5,0.5,0.5,0.5,0.5,0.5,0.5,0.5,0.5,0.499999,0.499999,0.499998,0.499997,0.499996,0.499994,0.499992,0.49999,0.499987,0.499984,0.49998,0.499978,0.499975,0.499973,0.499972,0.499972,0.499973,0.499975,0.499978,0.49998,0.499984,0.499987,0.49999,0.499992,0.499994,0.499996,0.499997,0.499998,0.499999,0.499999,0.5,0.5,0.5,0.5,0.5,0.5,0.5,0.5,0.5,0.5,0.5,0.5,0.5,0.5,0.5,0.5,0.5
0.5,0.5,0.5,0.5,0.5,0.5,0.5,0.5,0.5,0.5,0.5,0.5,0.5,0.5,0.5,0.499999,0.499999,0.499998,0.499997,0.499996,0.499994,0.499991,0.499987,0.499982,0.499976,0.49997,0.499962,0.499955,0.499949,0.499943,0.499939,0.499937,0.499937,0.499939,0.499943,0.499949,0.499955,0.499962,0.49997,0.499976,0.499982,0.499987,0.499991,0.499994,0.499996,0.499997,0.499998,0.499999,0.499999,0.5,0.5,0.5,0.5,0.5,0.5,0.5,0.5,0.5,0.5,0.5,0.5,0.5,0.5,0.5
0.5,0.5,0.5,0.5,0.5,0.5,0.5,0.5,0.5,0.5,0.5,0.5,0.5,0.5,0.499999,0.499999,0.499998,0.499996,0.499994,0.499991,0.499986,0.499979,0.499971,0.49996,0.499947,0.499933,0.499917,0.499901,0.499887,0.499874,0.499865,0.49986,0.49986,0.499865,0.499874,0.499887,0.499901,0.499917,0.499933,0.499947,0.49996,0.499971,0.499979,0.499986,0.499991,0.499994,0.499996,0.499998,0.499999,0.499999,0.5,0.5,0.5,0.5,0.5,0.5,0.5,0.5,0.5,0.5,0.5,0.5,0.5,0.5
0.5,0.5,0.5,0.5,0.5,0.5,0.5,0.5,0.5,0.5,0.5,0.5,0.5,0.499999,0.499999,0.499997,0.499995,0.499992,0.499987,0.49998,0.49997,0.499956,0.499938,0.499915,0.499888,0.499857,0.499824,0.49979,0.499759,0.499733,0.499714,0.499704,0.499704,0.499714,0.499733,0.499759,0.49979,0.499824,0.499857,0.499888,0.499915,0.499938,0.499956,0.49997,0.49998,0.499987,0.499992,0.499995,0.499997,0.499999,0.499999,0.5,0.5,0.5,0.5,0.5,0.5,0.5,0.5,0.5,0.5,0.5,0.5,0.5
0.5,0.5,0.5,0.5,0.5,0.5,0.5,0.5,0.5,0.5,0.5,0.5,0.499999,0.499998,0.499997,0.499995,0.499991,0.499984,0.499974,0.499959,0.499938,0.499909,0.499872,0.499825,0.499769,0.499706,0.499638,0.49957,0.499506,0.499452,0.499413,0.499393,0.499393,0.499413,0.499452,0.499506,0.49957,0.499638,0.499706,0.499769,0.499825,0.499872,0.499909,0.499938,0.499959,0.499974,0.499984,0.499991,0.499995,0.499997,0.499998,0.499999,0.5,0.5,0.5,0.5,0.5,0.5,0.5,0.5,0.5,0.5,0.5,0.5
0.5,0.5,0.5,0.5,0.5,0.5,0.5,0.5,0.5,0.5,0.5,0.499999,0.499998,0.499997,0.499994,0.499989,0.499981,0.499968,0.499948,0.499919,0.499877,0.49982,0.499745,0.499653,0.499542,0.499418,0.499284,0.49915,0.499024,0.498918,0.498841,0.498801,0.498801,0.498841,0.498918,0.499024,0.49915,0.499284,0.499418,0.499542,0.499653,0.499745,0.49982,0.499877,0.499919,0.499948,0.499968,0.499981,0.499989,0.499994,0.499997,0.499998,0.499999,0.5,0.5,0.5,0.5,0.5,0.5,0.5,0.5,0.5,0.5,0.5
0.5,0.5,0.5,0.5,0.5,0.5,0.5,0.5,0.5,0.5,0.499999,0.499998,0.499997,0.499994,0.499988,0.499979,0.499964,0.499939,0.4999,0.499844,0.499763,0.499654,0.499512,0.499335,0.499125,0.498887,0.498633,0.498378,0.498139,0.497938,0.497792,0.497715,0.497715,0.497792,0.497938,0.498139,0.498378,0.498633,0.498887,0.499125,0.499335,0.499512,0.499654,0.499763,0.499844,0.4999,0.499939,0.499964,0.499979,0.499988,0.499994,0.499997,0.499998,0.499999,0.5,0.5,0.5,0.5,0.5,0.5,0.5,0.5,0.5,0.5
0.5,0.5,0.5,0.5,0.5,0.5,0.5,0.5,0.5,0.499999,0.499999,0.499997,0.499994,0.499988,0.499978,0.499961,0.499932,0.499886,0.499815,0.49971,0.499562,0.49936,0.499098,0.498772,0.498386,0.497949,0.497483,0.497014,0.496578,0.49621,0.495942,0.495802,0.495802,0.495942,0.49621,0.496578,0.497014,0.497483,0.497949,0.498386,0.498772,0.499098,0.49936,0.499562,0.49971,0.499815,0.499886,0.499932,0.499961,0.499978,0.499988,0.499994,0.499997,0.499999,0.499999,0.5,0.5,0.5,0.5,0.5,0.5,0.5,0.5,0.5
0.5,0.5,0.5,0.5,0.5,0.5,0.5,0.5,0.499999,0.499999,0.499997,0.499995,0.499989,0.499979,0.499961,0.49993,0.499878,0.499795,0.499668,0.499481,0.499216,0.498857,0.498392,0.497813,0.497127,0.496353,0.495527,0.494699,0.493928,0.493277,0.492805,0.492557,0.492557,0.492805,0.493277,0.493928,0.494699,0.495527,0.496353,0.497127,0.497813,0.498392,0.498857,0.499216,0.499481,0.499668,0.499795,0.499878,0.49993,0.499961,0.499979,0.499989,0.499995,0.499997,0.499999,0.499999,0.5,0.5,0.5,0.5,0.5,0.5,0.5,0.5
0.5,0.5,0.5,0.5,0.5,0.5,0.5,0.5,0.499999,0.499998,0.499995,0.499991,0.499981,0.499964,0.499932,0.499878,0.499788,0.499644,0.499425,0.499103,0.498647,0.498031,0.497231,0.496239,0.495064,0.493742,0.492331,0.490917,0.489601,0.488492,0.487688,0.487265,0.487265,0.487688,0.488492,0.489601,0.490917,0.492331,0.493742,0.495064,0.496239,0.497231,0.498031,0.498647,0.499103,0.499425,0.499644,0.499788,0.499878,0.499932,0.499964,0.499981,0.499991,0.499995,0.499998,0.499999,0.5,0.5,0.5,0.5,0.5,0.5,0.5,0.5
0.5,0.5,0.5,0.5,0.5,0.5,0.5,0.499999,0.499998,0.499996,0.499992,0.499984,0.499968,0.499939,0.499886,0.499795,0.499644,0.499405,0.49904,0.498503,0.497747,0.496724,0.495399,0.493758,0.491817,0.489633,0.487307,0.484978,0.482813,0.480988,0.479666,0.478971,0.478971,0.479666,0.480988,0.482813,0.484978,0.487307,0.489633,0.491817,0.493758,0.495399,0.496724,0.497747,0.498503,0.49904,0.499405,0.499644,0.499795,0.499886,0.499939,0.499968,0.499984,0.499992,0.499996,0.499998,0.499999,0.5,0.5,0.5,0.5,0.5,0.5,0.5
0.5,0.5,0.5,0.5,0.5,0.5,0.5,0.499999,0.499997,0.499994,0.499987,0.499974,0.499948,0.4999,0.499815,0.499668,0.499425,0.49904,0.498452,0.49759,0.496376,0.494738,0.492619,0.489998,0.486902,0.483423,0.479721,0.476016,0.472575,0.469677,0.467578,0.466476,0.466476,0.467578,0.469677,0.472575,0.476016,0.479721,0.483423,0.486902,0.489998,0.492619,0.494738,0.496376,0.49759,0.498452,0.49904,0.499425,0.499668,0.499815,0.4999,0.499948,0.499974,0.499987,0.499994,0.499997,0.499999,0.5,0.5,0.5,0.5,0.5,0.5,0.5
0.5,0.5,0.5,0.5,0.5,0.5,0.499999,0.499998,0.499996,0.499991,0.49998,0.499959,0.499919,0.499844,0.49971,0.499481,0.499103,0.498503,0.49759,0.496252,0.494373,0.49184,0.488568,0.484525,0.479756,0.474404,0.468713,0.463025,0.457745,0.453301,0.450084,0.448394,0.448394,0.450084,0.453301,0.457745,0.463025,0.468713,0.474404,0.479756,0.484525,0.488568,0.49184,0.494373,0.496252,0.49759,0.498503,0.499103,0.499481,0.49971,0.499844,0.499919,0.499959,0.49998,0.499991,0.499996,0.499998,0.499999,0.5,0.5,0.5,0.5,0.5,0.5
0.5,0.5,0.5,0.5,0.5,0.5,0.499999,0.499997,0.499994,0.499986,0.49997,0.499938,0.499877,0.499763,0.499562,0.499216,0.498647,0.497747,0.496376,0.494373,0.491562,0.487779,0.482898,0.476876,0.469782,0.461827,0.45338,0.444943,0.437118,0.430535,0.425772,0.423271,0.423271,0.425772,0.430535,0.437118,0.444943,0.45338,0.461827,0.469782,0.476876,0.482898,0.487779,0.491562,0.494373,0.496376,0.497747,0.498647,0.499216,0.499562,0.499763,0.499877,0.499938,0.49997,0.499986,0.499994,0.499997,0.499999,0.5,0.5,0.5,0.5,0.5,0.5
0.5,0.5,0.5,0.5,0.5,0.499999,0.499998,0.499996,0.499991,0.499979,0.499956,0.499909,0.49982,0.499654,0.49936,0.498857,0.498031,0.496724,0.494738,0.49184,0.487779,0.482319,0.475287,0.466621,0.456424,0.445004,0.432888,0.420798,0.409593,0.400173,0.39336,0.389783,0.389783,0.39336,0.400173,0.409593,0.420798,0.432888,0.445004,0.456424,0.466621,0.475287,0.482319,0.487779,0.49184,0.494738,0.496724,0.498031,0.498857,0.49936,0.499654,0.49982,0.499909,0.499956,0.499979,0.499991,0.499996,0.499998,0.499999,0.5,0.5,0.5,0.5,0.5
0.5,0.5,0.5,0.5,0.5,0.499999,0.499998,0.499994,0.499987,0.499971,0.499938,0.499872,0.499745,0.499512,0.499098,0.498392,0.497231,0.495399,0.492619,0.488568,0.482898,0.475287,0.465497,0.453445,0.439281,0.423437,0.406642,0.389898,0.374392,0.361363,0.351944,0.347,0.347,0.351944,0.361363,0.374392,0.389898,0.406642,0.423437,0.439281,0.453445,0.465497,0.475287,0.482898,0.488568,0.492619,0.495399,0.497231,0.498392,0.499098,0.499512,0.499745,0.499872,0.499938,0.499971,0.499987,0.499994,0.499998,0.499999,0.5,0.5,0.5,0.5,0.5
0.5,0.5,0.5,0.5,0.499999,0.499999,0.499997,0.499992,0.499982,0.49996,0.499915,0.499825,0.499653,0.499335,0.498772,0.497813,0.496239,0.493758,0.489998,0.484525,0.476876,0.466621,0.453445,0.437246,0.418229,0.396977,0.374472,0.352055,0.331309,0.313886,0.301296,0.294689,0.294689,0.301296,0.313886,0.331309,0.352055,0.374472,0.396977,0.418229,0.437246,0.453445,0.466621,0.476876,0.484525,0.489998,0.493758,0.496239,0.497813,0.498772,0.499335,0.499653,0.499825,0.499915,0.49996,0.499982,0.499992,0.499997,0.499999,0.499999,0.5,0.5,0.5,0.5
0.5,0.5,0.5,0.5,0.499999,0.499998,0.499996,0.49999,0.499976,0.499947,0.499888,0.499769,0.499542,0.499125,0.498386,0.497127,0.495064,0.491817,0.486902,0.479756,0.469782,0.456424,0.439281,0.418229,0.393541,0.365978,0.336815,0.307789,0.280945,0.258414,0.242138,0.233599,0.233599,0.242138,0.258414,0.280945,0.307789,0.336815,0.365978,0.393541,0.418229,0.439281,0.456424,0.469782,0.479756,0.486902,0.491817,0.495064,0.497127,0.498386,0.499125,0.499542,0.499769,0.499888,0.499947,0.499976,0.49999,0.499996,0.499998,0.499999,0.5,0.5,0.5,0.5
0.5,0.5,0.5,0.5,0.499999,0.499998,0.499994,0.499987,0.49997,0.499933,0.499857,0.499706,0.499418,0.498887,0.497949,0.496353,0.493742,0.489633,0.483423,0.474404,0.461827,0.445004,0.423437,0.396977,0.365978,0.331399,0.294845,0.258488,0.224885,0.196694,0.176337,0.16566,0.16566,0.176337,0.196694,0.224885,0.258488,0.294845,0.331399,0.365978,0.396977,0.423437,0.445004,0.461827,0.474404,0.483423,0.489633,0.493742,0.496353,0.497949,0.498887,0.499418,0.499706,0.499857,0.499933,0.49997,0.499987,0.499994,0.499998,0.499999,0.5,0.5,0.5,0.5
0.5,0.5,0.5,0.5,0.499999,0.499997,0.499993,0.499984,0.499962,0.499917,0.499824,0.499638,0.499284,0.498633,0.497483,0.495527,0.492331,0.487307,0.479721,0.468713,0.45338,0.432888,0.406642,0.374472,0.336815,0.294845,0.25051,0.206442,0.165735,0.131599,0.106958,0.0940351,0.0940351,0.106958,0.131599,0.165735,0.206442,0.25051,0.294845,0.336815,0.374472,0.406642,0.432888,0.45338,0.468713,0.479721,0.487307,0.492331,0.495527,0.497483,0.498633,0.499284,0.499638,0.499824,0.499917,0.499962,0.499984,0.499993,0.499997,0.499999,0.5,0.5,0.5,0.5
0.5,0.5,0.5,0.5,0.499999,0.499997,0.499992,0.49998,0.499955,0.499901,0.49979,0.49957,0.49915,0.498378,0.497014,0.494699,0.490917,0.484978,0.476016,0.463025,0.444943,0.420798,0.389898,0.352055,0.307789,0.258488,0.206442,0.154739,0.107002,0.0669879,0.0381104,0.0229691,0.0229691,0.0381104,0.0669879,0.107002,0.154739,0.206442,0.258488,0.307789,0.352055,0.389898,0.420798,0.444943,0.463025,0.476016,0.484978,0.490917,0.494699,0.497014,0.498378,0.49915,0.49957,0.49979,0.499901,0.499955,0.49998,0.499992,0.499997,0.499999,0.5,0.5,0.5,0.5
0.5,0.5,0.5,0.499999,0.499998,0.499996,0.499991,0.499978,0.499949,0.499887,0.499759,0.499506,0.499024,0.498139,0.496578,0.493928,0.489601,0.482813,0.472575,0.457745,0.437118,0.409593,0.374392,0.331309,0.280945,0.224885,0.165735,0.107002,0.0527967,0.00737485,-0.0253974,-0.0425784,-0.0425784,-0.0253974,0.00737485,0.0527967,0.107002,0.165735,0.224885,0.280945,0.331309,0.374392,0.409593,0.437118,0.457745,0.472575,0.482813,0.489601,0.493928,0.496578,0.498139,0.499024,0.499506,0.499759,0.499887,0.499949,0.499978,0.499991,0.499996,0.499998,0.499999,0.5,0.5,0.5
0.5,0.5,0.5,0.499999,0.499998,0.499996,0.499989,0.499975,0.499943,0.499874,0.499733,0.499452,0.498918,0.497938,0.49621,0.493277,0.488492,0.480988,0.469677,0.453301,0.430535,0.400173,0.361363,0.313886,0.258414,0.196694,0.131599,0.0669879,0.00737485,-0.0425658,-0.0785918,-0.0974765,-0.0974765,-0.0785918,-0.0425658,0.00737485,0.0669879,0.131599,0.196694,0.258414,0.313886,0.361363,0.400173,0.430535,0.453301,0.469677,0.480988,0.488492,0.493277,0.49621,0.497938,0.498918,0.499452,0.499733,0.499874,0.499943,0.499975,0.499989,0.499996,0.499998,0.499999,0.5,0.5,0.5
0.5,0.5,0.5,0.499999,0.499998,0.499995,0.499989,0.499973,0.499939,0.499865,0.499714,0.499413,0.498841,0.497792,0.495942,0.492805,0.487688,0.479666,0.467578,0.450084,0.425772,0.39336,0.351944,0.301296,0.242138,0.176337,0.106958,0.0381104,-0.0253974,-0.0785918,-0.11696,-0.137071,-0.137071,-0.11696,-0.0785918,-0.0253974,0.0381104,0.106958,0.176337,0.242138,0.301296,0.351944,0.39336,0.425772,0.450084,0.467578,0.479666,0.487688,0.492805,0.495942,0.497792,0.498841,0.499413,0.499714,0.499865,0.499939,0.499973,0.499989,0.499995,0.499998,0.499999,0.5,0.5,0.5
0.5,0.5,0.5,0.499999,0.499998,0.499995,0.499988,0.499972,0.499937,0.49986,0.499704,0.499393,0.498801,0.497715,0.495802,0.492557,0.487265,0.478971,0.466476,0.448394,0.423271,0.389783,0.347,0.294689,0.233599,0.16566,0.0940351,0.0229691,-0.0425784,-0.0974765,-0.137071,-0.157824,-0.157824,-0.137071,-0.0974765,-0.0425784,0.0229691,0.0940351,0.16566,0.233599,0.294689,0.347,0.389783,0.423271,0.448394,0.466476,0.478971,0.487265,0.492557,0.495802,0.497715,0.498801,0.499393,0.499704,0.49986,0.499937,0.499972,0.499988,0.499995,0.499998,0.499999,0.5,0.5,0.5
0.5,0.5,0.5,0.499999,0.499998,0.499995,0.499988,0.499972,0.499937,0.49986,0.499704,0.499393,0.498801,0.497715,0.495802,0.492557,0.487265,0.478971,0.466476,0.448394,0.423271,0.389783,0.347,0.294689,0.233599,0.16566,0.0940351,0.0229691,-0.0425784,-0.0974765,-0.137071,-0.157824,-0.157824,-0.137071,-0.0974765,-0.0425784,0.0229691,0.0940351,0.16566,0.233599,0.294689,0.347,0.389783,0.423271,0.448394,0.466476,0.478971,0.487265,0.492557,0.495802,0.497715,0.498801,0.499393,0.499704,0.49986,0.499937,0.499972,0.499988,0.499995,0.499998,0.499999,0.5,0.5,0.5
0.5,0.5,0.5,0.499999,0.499998,0.499995,0.499989,0.499973,0.499939,0.499865,0.499714,0.499413,0.498841,0.497792,0.495942,0.492805,0.487688,0.479666,0.467578,0.450084,0.425772,0.39336,0.351944,0.301296,0.242138,0.176337,0.106958,0.0381104,-0.0253974,-0.0785918,-0.11696,-0.137071,-0.137071,-0.11696,-0.0785918,-0.0253974,0.0381104,0.106958,0.176337,0.242138,0.301296,0.351944,0.39336,0.425772,0.450084,0.467578,0.479666,0.487688,0.492805,0.495942,0.497792,0.498841,0.499413,0.499714,0.499865,0.499939,0.499973,0.499989,0.499995,0.499998,0.499999,0.5,0.5,0.5
0.5,0.5,0.5,0.499999,0.499998,0.499996,0.499989,0.499975,0.499943,0.499874,0.499733,0.499452,0.498918,0.497938,0.49621,0.493277,0.488492,0.480988,0.469677,0.453301,0.430535,0.400173,0.361363,0.313886,0.258414,0.196694,0.131599,0.0669879,0.00737485,-0.0425658,-0.0785918,-0.0974765,-0.0974765,-0.0785918,-0.0425658,0.00737485,0.0669879,0.131599,0.196694,0.258414,0.313886,0.361363,0.400173,0.430535,0.453301,0.469677,0.480988,0.488492,0.493277,0.49621,0.497938,0.498918,0.499452,0.499733,0.499874,0.499943,0.499975,0.499989,0.499996,0.499998,0.499999,0.5,0.5,0.5
0.5,0.5,0.5,0.499999,0.499998,0.499996,0.499991,0.499978,0.499949,0.499887,0.499759,0.499506,0.499024,0.498139,0.496578,0.493928,0.489601,0.482813,0.472575,0.457745,0.437118,0.409593,0.374392,0.331309,0.280945,0.224885,0.165735,0.107002,0.0527967,0.00737485,-0.0253974,-0.0425784,-0.0425784,-0.0253974,0.00737485,0.0527967,0.107002,0.165735,0.224885,0.280945,0.331309,0.374392,0.409593,0.437118,0.457745,0.472575,0.482813,0.489601,0.493928,0.496578,0.498139,0.499024,0.499506,0.499759,0.499887,0.499949,0.499978,0.499991,0.499996,0.499998,0.499999,0.5,0.5,0.5
0.5,0.5,0.5,0.5,0.499999,0.499997,0.499992,0.49998,0.499955,0.499901,0.49979,0.49957,0.49915,0.498378,0.497014,0.494699,0.490917,0.484978,0.476016,0.463025,0.444943,0.420798,0.389898,0.352055,0.307789,0.258488,0.206442,0.154739,0.107002,0.0669879,0.0381104,0.0229691,0.0229691,0.0381104,0.0669879,0.107002,0.154739,0.206442,0.258488,0.307789,0.352055,0.389898,0.420798,0.444943,0.463025,0.476016,0.484978,0.490917,0.494699,0.497014,0.498378,0.49915,0.49957,0.49979,0.499901,0.499955,0.49998,0.499992,0.499997,0.499999,0.5,0.5,0.5,0.5
0.5,0.5,0.5,0.5,0.499999,0.499997,0.499993,0.499984,0.499962,0.499917,0.499824,0.499638,0.499284,0.498633,0.497483,0.495527,0.492331,0.487307,0.479721,0.468713,0.45338,0.432888,0.406642,0.374472,0.336815,0.294845,0.25051,0.206442,0.165735,0.131599,0.106958,0.0940351,0.0940351,0.106958,0.131599,0.165735,0.206442,0.25051,0.294845,0.336815,0.374472,0.406642,0.432888,0.45338,0.468713,0.479721,0.487307,0.492331,0.495527,0.497483,0.498633,0.499284,0.499638,0.499824,0.499917,0.499962,0.499984,0.499993,0.499997,0.499999,0.5,0.5,0.5,0.5
0.5,0.5,0.5,0.5,0.499999,0.499998,0.499994,0.499987,0.49997,0.499933,0.499857,0.499706,0.499418,0.498887,0.497949,0.496353,0.493742,0.489633,0.483423,0.474404,0.461827,0.445004,0.423437,0.396977,0.365978,0.331399,0.294845,0.258488,0.224885,0.196694,0.176337,0.16566,0.16566,0.176337,0.196694,0.224885,0.258488,0.294845,0.331399,0.365978,0.396977,0.423437,0.445004,0.461827,0.474404,0.483423,0.489633,0.493742,0.496353,0.497949,0.498887,0.499418,0.499706,0.499857,0.499933,0.49997,0.499987,0.499994,0.499998,0.499999,0.5,0.5,0.5,0.5
0.5,0.5,0.5,0.5,0.499999,0.499998,0.499996,0.49999,0.499976,0.499947,0.499888,0.499769,0.499542,0.499125,0.498386,0.497127,0.495064,0.491817,0.486902,0.479756,0.469782,0.456424,0.439281,0.418229,0.393541,0.365978,0.336815,0.307789,0.280945,0.258414,0.242138,0.233599,0.233599,0.242138,0.258414,0.280945,0.307789,0.336815,0.365978,0.393541,0.418229,0.439281,0.456424,0.469782,0.479756,0.486902,0.491817,0.495064,0.497127,0.498386,0.499125,0.499542,0.499769,0.499888,0.499947,0.499976,0.49999,0.499996,0.499998,0.499999,0.5,0.5,0.5,0.5
0.5,0.5,0.5,0.5,0.499999,0.499999,0.499997,0.499992,0.499982,0.49996,0.499915,0.499825,0.499653,0.499335,0.498772,0.497813,0.496239,0.493758,0.489998,0.484525,0.476876,0.466621,0.453445,0.437246,0.418229,0.396977,0.374472,0.352055,0.331309,0.313886,0.301296,0.294689,0.294689,0.301296,0.313886,0.331309,0.352055,0.374472,0.396977,0.418229,0.437246,0.453445,0.466621,0.476876,0.484525,0.489998,0.493758,0.496239,0.497813,0.498772,0.499335,0.499653,0.499825,0.499915,0.49996,0.499982,0.499992,0.499997,0.499999,0.499999,0.5,0.5,0.5,0.5
0.5,0.5,0.5,0.5,0.5,0.499999,0.499998,0.499994,0.499987,0.499971,0.499938,0.499872,0.499745,0.499512,0.499098,0.498392,0.497231,0.495399,0.492619,0.488568,0.482898,0.475287,0.465497,0.453445,0.439281,0.423437,0.406642,0.389898,0.374392,0.361363,0.351944,0.347,0.347,0.351944,0.361363,0.374392,0.389898,0.406642,0.423437,0.439281,0.453445,0.465497,0.475287,0.482898,0.488568,0.492619,0.495399,0.497231,0.498392,0.499098,0.499512,0.499745,0.499872,0.499938,0.499971,0.499987,0.499994,0.499998,0.499999,0.5,0.5,0.5,0.5,0.5
0.5,0.5,0.5,0.5,0.5,0.499999,0.499998,0.499996,0.499991,0.499979,0.499956,0.499909,0.49982,0.499654,0.49936,0.498857,0.498031,0.496724,0.494738,0.49184,0.487779,0.482319,0.475287,0.466621,0.456424,0.445004,0.432888,0.420798,0.409593,0.400173,0.39336,0.389783,0.389783,0.39336,0.400173,0.409593,0.420798,0.432888,0.445004,0.456424,0.466621,0.475287,0.482319,0.487779,0.49184,0.494738,0.496724,0.498031,0.498857,0.49936,0.499654,0.49982,0.499909,0.499956,0.499979,0.499991,0.499996,0.499998,0.499999,0.5,0.5,0.5,0.5,0.5
0.5,0.5,0.5,0.5,0.5,0.5,0.499999,0.499997,0.499994,0.499986,0.49997,0.499938,0.499877,0.499763,0.499562,0.499216,0.498647,0.497747,0.496376,0.494373,0.491562,0.487779,0.482898,0.476876,0.469782,0.461827,0.45338,0.444943,0.437118,0.430535,0.425772,0.423271,0.423271,0.425772,0.430535,0.437118,0.444943,0.45338,0.461827,0.469782,0.476876,0.482898,0.487779,0.491562,0.494373,0.496376,0.497747,0.498647,0.499216,0.499562,0.499763,0.499877,0.499938,0.49997,0.499986,0.499994,0.499997,0.499999,0.5,0.5,0.5,0.5,0.5,0.5
0.5,0.5,0.5,0.5,0.5,0.5,0.499999,0.499998,0.499996,0.499991,0.49998,0.499959,0.499919,0.499844,0.49971,0.499481,0.499103,0.498503,0.49759,0.496252,0.494373,0.49184,0.488568,0.484525,0.479756,0.474404,0.468713,0.463025,0.457745,0.453301,0.450084,0.448394,0.448394,0.450084,0.453301,0.457745,0.463025,0.468713,0.474404,0.479756,0.484525,0.488568,0.49184,0.494373,0.496252,0.49759,0.498503,0.499103,0.499481,0.49971,0.499844,0.499919,0.499959,0.49998,0.499991,0.499996,0.499998,0.499999,0.5,0.5,0.5,0.5,0.5,0.5
0.5,0.5,0.5,0.5,0.5,0.5,0.5,0.499999,0.499997,0.499994,0.499987,0.499974,0.499948,0.4999,0.499815,0.499668,0.499425,0.49904,0.498452,0.49759,0.496376,0.494738,0.492619,0.489998,0.486902,0.483423,0.479721,0.476016,0.472575,0.469677,0.467578,0.466476,0.466476,0.467578,0.469677,0.472575,0.476016,0.479721,0.483423,0.486902,0.489998,0.492619,0.494738,0.496376,0.49759,0.498452,0.49904,0.499425,0.499668,0.499815,0.4999,0.499948,0.499974,0.499987,0.499994,0.499997,0.499999,0.5,0.5,0.5,0.5,0.5,0.5,0.5
0.5,0.5,0.5,0.5,0.5,0.5,0.5,0.499999,0.499998,0.499996,0.499992,0.499984,0.499968,0.499939,0.499886,0.499795,0.499644,0.499405,0.49904,0.498503,0.497747,0.496724,0.495399,0.493758,0.491817,0.489633,0.487307,0.484978,0.482813,0.480988,0.479666,0.478971,0.478971,0.479666,0.480988,0.482813,0.484978,0.487307,0.489633,0.491817,0.493758,0.495399,0.496724,0.497747,0.498503,0.49904,0.499405,0.499644,0.499795,0.499886,0.499939,0.499968,0.499984,0.499992,0.499996,0.499998,0.499999,0.5,0.5,0.5,0.5,0.5,0.5,0.5
0.5,0.5,0.5,0.5,0.5,0.5,0.5,0.5,0.499999,0.499998,0.499995,0.499991,0.499981,0.499964,0.499932,0.499878,0.499788,0.499644,0.499425,0.499103,0.498647,0.498031,0.497231,0.496239,0.495064,0.493742,0.492331,0.490917,0.489601,0.488492,0.487688,0.487265,0.487265,0.487688,0.488492,0.489601,0.490917,0.492331,0.493742,0.495064,0.496239,0.497231,0.498031,0.498647,0.499103,0.499425,0.499644,0.499788,0.499878,0.499932,0.499964,0.499981,0.499991,0.499995,0.499998,0.499999,0.5,0.5,0.5,0.5,0.5,0.5,0.5,0.5
0.5,0.5,0.5,0.5,0.5,0.5,0.5,0.5,0.499999,0.499999,0.499997,0.499995,0.499989,0.499979,0.499961,0.49993,0.499878,0.499795,0.499668,0.499481,0.499216,0.498857,0.498392,0.497813,0.497127,0.496353,0.495527,0.494699,0.493928,0.493277,0.492805,0.492557,0.492557,0.492805,0.493277,0.493928,0.494699,0.495527,0.496353,0.497127,0.497813,0.498392,0.498857,0.499216,0.499481,0.499668,0.499795,0.499878,0.49993,0.499961,0.499979,0.499989,0.499995,0.499997,0.499999,0.499999,0.5,0.5,0.5,0.5,0.5,0.5,0.5,0.5
0.5,0.5,0.5,0.5,0.5,0.5,0.5,0.5,0.5,0.499999,0.499999,0.499997,0.499994,0.499988,0.499978,0.499961,0.499932,0.499886,0.499815,0.49971,0.499562,0.49936,0.499098,0.498772,0.498386,0.497949,0.497483,0.497014,0.496578,0.49621,0.495942,0.495802,0.495802,0.495942,0.49621,0.496578,0.497014,0.497483,0.497949,0.498386,0.498772,0.499098,0.49936,0.499562,0.49971,0.499815,0.499886,0.499932,0.499961,0.499978,0.499988,0.499994,0.499997,0.499999,0.499999,0.5,0.5,0.5,0.5,0.5,0.5,0.5,0.5,0.5
0.5,0.5,0.5,0.5,0.5,0.5,0.5,0.5,0.5,0.5,0.499999,0.499998,0.499997,0.499994,0.499988,0.499979,0.499964,0.499939,0.4999,0.499844,0.499763,0.499654,0.499512,0.499335,0.499125,0.498887,0.498633,0.498378,0.498139,0.497938,0.497792,0.497715,0.497715,0.497792,0.497938,0.498139,0.498378,0.498633,0.498887,0.499125,0.499335,0.499512,0.499654,0.499763,0.499844,0.4999,0.499939,0.499964,0.499979,0.499988,0.499994,0.499997,0.499998,0.499999,0.5,0.5,0.5,0.5,0.5,0.5,0.5,0.5,0.5,0.5
0.5,0.5,0.5,0.5,0.5,0.5,0.5,0.5,0.5,0.5,0.5,0.499999,0.499998,0.499997,0.499994,0.499989,0.499981,0.499968,0.499948,0.499919,0.499877,0.49982,0.499745,0.499653,0.499542,0.499418,0.499284,0.49915,0.499024,0.498918,0.498841,0.498801,0.498801,0.498841,0.498918,0.499024,0.49915,0.499284,0.499418,0.499542,0.499653,0.499745,0.49982,0.499877,0.499919,0.499948,0.499968,0.499981,0.499989,0.499994,0.499997,0.499998,0.499999,0.5,0.5,0.5,0.5,0.5,0.5,0.5,0.5,0.5,0.5,0.5
0.5,0.5,0.5,0.5,0.5,0.5,0.5,0.5,0.5,0.5,0.5,0.5,0.499999,0.499998,0.499997,0.499995,0.499991,0.499984,0.499974,0.499959,0.499938,0.499909,0.499872,0.499825,0.499769,0.499706,0.499638,0.49957,0.499506,0.499452,0.499413,0.499393,0.499393,0.499413,0.499452,0.499506,0.49957,0.499638,0.499706,0.499769,0.499825,0.499872,0.499909,0.499938,0.499959,0.499974,0.499984,0.499991,0.499995,0.499997,0.499998,0.499999,0.5,0.5,0.5,0.5,0.5,0.5,0.5,0.5,0.5,0.5,0.5,0.5
0.5,0.5,0.5,0.5,0.5,0.5,0.5,0.5,0.5,0.5,0.5,0.5,0.5,0.499999,0.499999,0.499997,0.499995,0.499992,0.499987,0.49998,0.49997,0.499956,0.499938,0.499915,0.499888,0.499857,0.499824,0.49979,0.499759,0.499733,0.499714,0.499704,0.499704,0.499714,0.499733,0.499759,0.49979,0.499824,0.499857,0.499888,0.499915,0.499938,0.499956,0.49997,0.49998,0.499987,0.499992,0.499995,0.499997,0.499999,0.499999,0.5,0.5,0.5,0.5,0.5,0.5,0.5,0.5,0.5,0.5,0.5,0.5,0.5
0.5,0.5,0.5,0.5,0.5,0.5,0.5,0.5,0.5,0.5,0.5,0.5,0.5,0.5,0.499999,0.499999,0.499998,0.499996,0.499994,0.499991,0.499986,0.499979,0.499971,0.49996,0.499947,0.499933,0.499917,0.499901,0.499887,0.499874,0.499865,0.49986,0.49986,0.499865,0.499874,0.499887,0.499901,0.499917,0.499933,0.499947,0.49996,0.499971,0.499979,0.499986,0.499991,0.499994,0.499996,0.499998,0.499999,0.499999,0.5,0.5,0.5,0.5,0.5,0.5,0.5,0.5,0.5,0.5,0.5,0.5,0.5,0.5
0.5,0.5,0.5,0.5,0.5,0.5,0.5,0.5,0.5,0.5,0.5,0.5,0.5,0.5,0.5,0.499999,0.499999,0.499998,0.499997,0.499996,0.499994,0.499991,0.499987,0.499982,0.499976,0.49997,0.499962,0.499955,0.499949,0.499943,0.499939,0.499937,0.499937,0.499939,0.499943,0.499949,0.499955,0.499962,0.49997,0.499976,0.499982,0.499987,0.499991,0.499994,0.499996,0.499997,0.499998,0.499999,0.499999,0.5,0.5,0.5,0.5,0.5,0.5,0.5,0.5,0.5,0.5,0.5,0.5,0.5,0.5,0.5
0.5,0.5,0.5,0.5,0.5,0.5,0.5,0.5,0.5,0.5,0.5,0.5,0.5,0.5,0.5,0.5,0.5,0.499999,0.499999,0.499998,0.499997,0.499996,0.499994,0.499992,0.49999,0.499987,0.499984,0.49998,0.499978,0.499975,0.499973,0.499972,0.499972,0.499973,0.499975,0.499978,0.49998,0.499984,0.499987,0.49999,0.499992,0.499994,0.499996,0.499997,0.499998,0.499999,0.499999,0.5,0.5,0.5,0.5,0.5,0.5,0.5,0.5,0.5,0.5,0.5,0.5,0.5,0.5,0.5,0.5,0.5
0.5,0.5,0.5,0.5,0.5,0.5,0.5,0.5,0.5,0.5,0.5,0.5,0.5,0.5,0.5,0.5,0.5,0.5,0.5,0.499999,0.499999,0.499998,0.499998,0.499997,0.499996,0.499994,0.499993,0.499992,0.499991,0.499989,0.499989,0.499988,0.499988,0.499989,0.499989,0.499991,0.499992,0.499993,0.499994,0.499996,0.499997,0.499998,0.499998,0.499999,0.499999,0.5,0.5,0.5,0.5,0.5,0.5,0.5,0.5,0.5,0.5,0.5,0.5,0.5,0.5,0.5,0.5,0.5,0.5,0.5
0.5,0.5,0.5,0.5,0.5,0.5,0.5,0.5,0.5,0.5,0.5,0.5,0.5,0.5,0.5,0.5,0.5,0.5,0.5,0.5,0.5,0.499999,0.499999,0.499999,0.499998,0.499998,0.499997,0.499997,0.499996,0.499996,0.499995,0.499995,0.499995,0.499995,0.499996,0.499996,0.499997,0.499997,0.499998,0.499998,0.499999,0.499999,0.499999,0.5,0.5,0.5,0.5,0.5,0.5,0.5,0.5,0.5,0.5,0.5,0.5,0.5,0.5,0.5,0.5,0.5,0.5,0.5,0.5,0.5
0.5,0.5,0.5,0.5,0.5,0.5,0.5,0.5,0.5,0.5,0.5,0.5,0.5,0.5,0.5,0.5,0.5,0.5,0.5,0.5,0.5,0.5,0.5,0.499999,0.499999,0.499999,0.499999,0.499999,0.499998,0.499998,0.499998,0.499998,0.499998,0.499998,0.499998,0.499998,0.499999,0.499999,0.499999,0.499999,0.499999,0.5,0.5,0.5,0.5,0.5,0.5,0.5,0.5,0.5,0.5,0.5,0.5,0.5,0.5,0.5,0.5,0.5,0.5,0.5,0.5,0.5,0.5,0.5
0.5,0.5,0.5,0.5,0.5,0.5,0.5,0.5,0.5,0.5,0.5,0.5,0.5,0.5,0.5,0.5,0.5,0.5,0.5,0.5,0.5,0.5,0.5,0.5,0.5,0.5,0.5,0.5,0.499999,0.499999,0.499999,0.499999,0.499999,0.499999,0.499999,0.499999,0.5,0.5,0.5,0.5,0.5,0.5,0.5,0.5,0.5,0.5,0.5,0.5,0.5,0.5,0.5,0.5,0.5,0.5,0.5,0.5,0.5,0.5,0.5,0.5,0.5,0.5,0.5,0.5
0.5,0.5,0.5,0.5,0.5,0.5,0.5,0.5,0.5,0.5,0.5,0.5,0.5,0.5,0.5,0.5,0.5,0.5,0.5,0.5,0.5,0.5,0.5,0.5,0.5,0.5,0.5,0.5,0.5,0.5,0.5,0.5,0.5,0.5,0.5,0.5,0.5,0.5,0.5,0.5,0.5,0.5,0.5,0.5,0.5,0.5,0.5,0.5,0.5,0.5,0.5,0.5,0.5,0.5,0.5,0.5,0.5,0.5,0.5,0.5,0.5,0.5,0.5,0.5
0.5,0.5,0.5,0.5,0.5,0.5,0.5,0.5,0.5,0.5,0.5,0.5,0.5,0.5,0.5,0.5,0.5,0.5,0.5,0.5,0.5,0.5,0.5,0.5,0.5,0.5,0.5,0.5,0.5,0.5,0.5,0.5,0.5,0.5,0.5,0.5,0.5,0.5,0.5,0.5,0.5,0.5,0.5,0.5,0.5,0.5,0.5,0.5,0.5,0.5,0.5,0.5,0.5,0.5,0.5,0.5,0.5,0.5,0.5,0.5,0.5,0.5,0.5,0.5
0.5,0.5,0.5,0.5,0.5,0.5,0.5,0.5,0.5,0.5,0.5,0.5,0.5,0.5,0.5,0.5,0.5,0.5,0.5,0.5,0.5,0.5,0.5,0.5,0.5,0.5,0.5,0.5,0.5,0.5,0.5,0.5,0.5,0.5,0.5,0.5,0.5,0.5,0.5,0.5,0.5,0.5,0.5,0.5,0.5,0.5,0.5,0.5,0.5,0.5,0.5,0.5,0.5,0.5,0.5,0.5,0.5,0.5,0.5,0.5,0.5,0.5,0.5,0.5
