0.499999,0.499999,0.499999,0.499998,0.499996,0.499992,0.499986,0.499976,0.49996,0.499935,0.499897,0.49984,0.499759,0.499644,0.499487,0.499278,0.499009,0.49867,0.498254,0.497758,0.497184,0.496535,0.495824,0.495067,0.494287,0.49351,0.492766,0.492085,0.491497,0.49103,0.490705,0.490538,0.490538,0.490705,0.49103,0.491497,0.492085,0.492766,0.49351,0.494287,0.495067,0.495824,0.496535,0.497184,0.497758,0.498254,0.49867,0.499009,0.499278,0.499487,0.499644,0.499759,0.49984,0.499897,0.499935,0.49996,0.499976,0.499986,0.499992,0.499996,0.499998,0.499999,0.499999,0.499999
0.499999,0.499999,0.499999,0.499998,0.499996,0.499992,0.499986,0.499976,0.49996,0.499935,0.499897,0.49984,0.499759,0.499644,0.499487,0.499278,0.499009,0.49867,0.498254,0.497758,0.497184,0.496535,0.495824,0.495067,0.494287,0.49351,0.492766,0.492085,0.491497,0.49103,0.490705,0.490538,0.490538,0.490705,0.49103,0.491497,0.492085,0.492766,0.49351,0.494287,0.495067,0.495824,0.496535,0.497184,0.497758,0.498254,0.49867,0.499009,0.499278,0.499487,0.499644,0.499759,0.49984,0.499897,0.499935,0.49996,0.499976,0.499986,0.499992,0.499996,0.499998,0.499999,0.499999,0.499999
0.499999,0.499999,0.499998,0.499997,0.499994,0.499989,0.49998,0.499967,0.499944,0.49991,0.499857,0.49978,0.49967,0.499517,0.499309,0.499035,0.498683,0.498243,0.497709,0.497076,0.496347,0.495529,0.494639,0.493696,0.492729,0.49177,0.490856,0.490022,0.489304,0.488735,0.48834,0.488137,0.488137,0.48834,0.488735,0.489304,0.490022,0.490856,0.49177,0.492729,0.493696,0.494639,0.495529,0.496347,0.497076,0.497709,0.498243,0.498683,0.499035,0.499309,0.499517,0.49967,0.49978,0.499857,0.49991,0.499944,0.499967,0.49998,0.499989,0.499994,0.499997,0.499998,0.499999,0.499999
0.499998,0.499998,0.499997,0.499994,0.499989,0.499981,0.499967,0.499944,0.499908,0.499852,0.499768,0.499646,0.499473,0.499234,0.498915,0.498498,0.497968,0.497313,0.496524,0.495599,0.494542,0.493369,0.492101,0.490769,0.489413,0.488077,0.486811,0.485662,0.484677,0.483899,0.48336,0.483084,0.483084,0.48336,0.483899,0.484677,0.485662,0.486811,0.488077,0.489413,0.490769,0.492101,0.493369,0.494542,0.495599,0.496524,0.497313,0.497968,0.498498,0.498915,0.499234,0.499473,0.499646,0.499768,0.499852,0.499908,0.499944,0.499967,0.499981,0.499989,0.499994,0.499997,0.499998,0.499998
0.499996,0.499996,0.499994,0.499989,0.499981,0.499966,0.499942,0.499903,0.499841,0.499747,0.499607,0.499406,0.499123,0.498738,0.498227,0.497567,0.496737,0.495721,0.49451,0.493103,0.491513,0.489762,0.487886,0.485933,0.483959,0.482029,0.480209,0.478567,0.477167,0.476063,0.475301,0.474912,0.474912,0.475301,0.476063,0.477167,0.478567,0.480209,0.482029,0.483959,0.485933,0.487886,0.489762,0.491513,0.493103,0.49451,0.495721,0.496737,0.497567,0.498227,0.498738,0.499123,0.499406,0.499607,0.499747,0.499841,0.499903,0.499942,0.499966,0.499981,0.499989,0.499994,0.499996,0.499996
0.499992,0.499992,0.499989,0.499981,0.499966,0.499941,0.4999,0.499833,0.499729,0.499572,0.499341,0.499011,0.498553,0.497936,0.497124,0.496087,0.494797,0.493233,0.491387,0.489264,0.486887,0.484293,0.481539,0.478695,0.475844,0.473075,0.470481,0.468154,0.466178,0.464627,0.463559,0.463014,0.463014,0.463559,0.464627,0.466178,0.468154,0.470481,0.473075,0.475844,0.478695,0.481539,0.484293,0.486887,0.489264,0.491387,0.493233,0.494797,0.496087,0.497124,0.497936,0.498553,0.499011,0.499341,0.499572,0.499729,0.499833,0.4999,0.499941,0.499966,0.499981,0.499989,0.499992,0.499992
0.499986,0.499986,0.49998,0.499967,0.499942,0.4999,0.49983,0.499719,0.499547,0.499291,0.498918,0.498391,0.497667,0.4967,0.495442,0.493851,0.491891,0.48954,0.486794,0.483668,0.480201,0.476454,0.472513,0.468477,0.464464,0.460595,0.456995,0.453785,0.451072,0.448951,0.447494,0.446753,0.446753,0.447494,0.448951,0.451072,0.453785,0.456995,0.460595,0.464464,0.468477,0.472513,0.476454,0.480201,0.483668,0.486794,0.48954,0.491891,0.493851,0.495442,0.4967,0.497667,0.498391,0.498918,0.499291,0.499547,0.499719,0.49983,0.4999,0.499942,0.499967,0.49998,0.499986,0.499986
0.499976,0.499976,0.499967,0.499944,0.499903,0.499833,0.499719,0.499539,0.499265,0.498858,0.498272,0.497452,0.496338,0.494864,0.492968,0.490595,0.487704,0.484274,0.480309,0.475843,0.47094,0.465696,0.460232,0.454689,0.449224,0.443997,0.43917,0.43489,0.431294,0.428493,0.426576,0.425602,0.425602,0.426576,0.428493,0.431294,0.43489,0.43917,0.443997,0.449224,0.454689,0.460232,0.465696,0.47094,0.475843,0.480309,0.484274,0.487704,0.490595,0.492968,0.494864,0.496338,0.497452,0.498272,0.498858,0.499265,0.499539,0.499719,0.499833,0.499903,0.499944,0.499967,0.499976,0.499976
0.49996,0.49996,0.499944,0.499908,0.499841,0.499729,0.499547,0.499265,0.498837,0.498209,0.497314,0.496074,0.494407,0.492226,0.489452,0.486019,0.481882,0.477029,0.471482,0.465304,0.458597,0.451499,0.44418,0.43683,0.42965,0.422843,0.416605,0.411113,0.406524,0.402967,0.40054,0.39931,0.39931,0.40054,0.402967,0.406524,0.411113,0.416605,0.422843,0.42965,0.43683,0.44418,0.451499,0.458597,0.465304,0.471482,0.477029,0.481882,0.486019,0.489452,0.492226,0.494407,0.496074,0.497314,0.498209,0.498837,0.499265,0.499547,0.499729,0.499841,0.499908,0.499944,0.49996,0.49996
0.499935,0.499935,0.49991,0.499852,0.499747,0.499572,0.499291,0.498858,0.498209,0.497266,0.495936,0.494115,0.491691,0.488557,0.484616,0.479794,0.474054,0.467399,0.459885,0.451614,0.442741,0.433461,0.423999,0.414599,0.40551,0.396976,0.389222,0.382448,0.376824,0.372488,0.36954,0.36805,0.36805,0.36954,0.372488,0.376824,0.382448,0.389222,0.396976,0.40551,0.414599,0.423999,0.433461,0.442741,0.451614,0.459885,0.467399,0.474054,0.479794,0.484616,0.488557,0.491691,0.494115,0.495936,0.497266,0.498209,0.498858,0.499291,0.499572,0.499747,0.499852,0.49991,0.499935,0.499935
0.499897,0.499897,0.499857,0.499768,0.499607,0.499341,0.498918,0.498272,0.497314,0.495936,0.494014,0.491411,0.487986,0.483609,0.478171,0.471599,0.463873,0.455029,0.445168,0.434455,0.423108,0.411388,0.399586,0.388001,0.376926,0.366638,0.35738,0.349361,0.342754,0.337688,0.33426,0.332531,0.332531,0.33426,0.337688,0.342754,0.349361,0.35738,0.366638,0.376926,0.388001,0.399586,0.411388,0.423108,0.434455,0.445168,0.455029,0.463873,0.471599,0.478171,0.483609,0.487986,0.491411,0.494014,0.495936,0.497314,0.498272,0.498918,0.499341,0.499607,0.499768,0.499857,0.499897,0.499897
0.49984,0.49984,0.49978,0.499646,0.499406,0.499011,0.498391,0.497452,0.496074,0.494115,0.491411,0.48779,0.483083,0.477141,0.469849,0.461152,0.451061,0.439664,0.427131,0.413701,0.399672,0.385382,0.371186,0.357434,0.344455,0.332541,0.321938,0.312846,0.305416,0.299758,0.295949,0.294034,0.294034,0.295949,0.299758,0.305416,0.312846,0.321938,0.332541,0.344455,0.357434,0.371186,0.385382,0.399672,0.413701,0.427131,0.439664,0.451061,0.461152,0.469849,0.477141,0.483083,0.48779,0.491411,0.494115,0.496074,0.497452,0.498391,0.499011,0.499406,0.499646,0.49978,0.49984,0.49984
0.499759,0.499759,0.49967,0.499473,0.499123,0.498553,0.497667,0.496338,0.494407,0.491691,0.487986,0.483083,0.476788,0.468939,0.459435,0.448251,0.435455,0.42121,0.405773,0.389476,0.37271,0.355889,0.339429,0.32372,0.309107,0.295875,0.284249,0.274393,0.266418,0.260396,0.256365,0.254345,0.254345,0.256365,0.260396,0.266418,0.274393,0.284249,0.295875,0.309107,0.32372,0.339429,0.355889,0.37271,0.389476,0.405773,0.42121,0.435455,0.448251,0.459435,0.468939,0.476788,0.483083,0.487986,0.491691,0.494407,0.496338,0.497667,0.498553,0.499123,0.499473,0.49967,0.499759,0.499759
0.499644,0.499644,0.499517,0.499234,0.498738,0.497936,0.4967,0.494864,0.492226,0.488557,0.483609,0.477141,0.468939,0.458848,0.446796,0.432814,0.417052,0.399772,0.38134,0.362196,0.342823,0.323714,0.305329,0.288078,0.272293,0.258228,0.246054,0.235874,0.227735,0.221649,0.217606,0.215589,0.215589,0.217606,0.221649,0.227735,0.235874,0.246054,0.258228,0.272293,0.288078,0.305329,0.323714,0.342823,0.362196,0.38134,0.399772,0.417052,0.432814,0.446796,0.458848,0.468939,0.477141,0.483609,0.488557,0.492226,0.494864,0.4967,0.497936,0.498738,0.499234,0.499517,0.499644,0.499644
0.499487,0.499487,0.499309,0.498915,0.498227,0.497124,0.495442,0.492968,0.489452,0.484616,0.478171,0.469849,0.459435,0.446796,0.431914,0.414908,0.396034,0.37568,0.354335,0.332557,0.310919,0.289975,0.27021,0.252021,0.2357,0.22143,0.209304,0.199333,0.191482,0.185684,0.181868,0.179976,0.179976,0.181868,0.185684,0.191482,0.199333,0.209304,0.22143,0.2357,0.252021,0.27021,0.289975,0.310919,0.332557,0.354335,0.37568,0.396034,0.414908,0.431914,0.446796,0.459435,0.469849,0.478171,0.484616,0.489452,0.492968,0.495442,0.497124,0.498227,0.498915,0.499309,0.499487,0.499487
0.499278,0.499278,0.499035,0.498498,0.497567,0.496087,0.493851,0.490595,0.486019,0.479794,0.471599,0.461152,0.448251,0.432814,0.414908,0.394765,0.372779,0.349481,0.325497,0.301498,0.278137,0.256003,0.235576,0.217204,0.201099,0.187347,0.175925,0.166739,0.159647,0.154499,0.151154,0.14951,0.14951,0.151154,0.154499,0.159647,0.166739,0.175925,0.187347,0.201099,0.217204,0.235576,0.256003,0.278137,0.301498,0.325497,0.349481,0.372779,0.394765,0.414908,0.432814,0.448251,0.461152,0.471599,0.479794,0.486019,0.490595,0.493851,0.496087,0.497567,0.498498,0.499035,0.499278,0.499278
0.499009,0.499009,0.498683,0.497968,0.496737,0.494797,0.491891,0.487704,0.481882,0.474054,0.463873,0.451061,0.435455,0.417052,0.396034,0.372779,0.34784,0.321905,0.29574,0.270116,0.245742,0.223208,0.202949,0.185227,0.17014,0.15764,0.147575,0.139721,0.133831,0.129661,0.127007,0.125718,0.125718,0.127007,0.129661,0.133831,0.139721,0.147575,0.15764,0.17014,0.185227,0.202949,0.223208,0.245742,0.270116,0.29574,0.321905,0.34784,0.372779,0.396034,0.417052,0.435455,0.451061,0.463873,0.474054,0.481882,0.487704,0.491891,0.494797,0.496737,0.497968,0.498683,0.499009,0.499009
0.49867,0.49867,0.498243,0.497313,0.495721,0.493233,0.48954,0.484274,0.477029,0.467399,0.455029,0.439664,0.42121,0.399772,0.37568,0.349481,0.321905,0.293804,0.266071,0.239555,0.214986,0.192916,0.173693,0.157453,0.144145,0.133571,0.125431,0.119372,0.115039,0.112106,0.110307,0.109456,0.109456,0.110307,0.112106,0.115039,0.119372,0.125431,0.133571,0.144145,0.157453,0.173693,0.192916,0.214986,0.239555,0.266071,0.293804,0.321905,0.349481,0.37568,0.399772,0.42121,0.439664,0.455029,0.467399,0.477029,0.484274,0.48954,0.493233,0.495721,0.497313,0.498243,0.49867,0.49867
0.498254,0.498254,0.497709,0.496524,0.49451,0.491387,0.486794,0.480309,0.471482,0.459885,0.445168,0.427131,0.405773,0.38134,0.354335,0.325497,0.29574,0.266071,0.23749,0.21089,0.18698,0.166232,0.148861,0.134846,0.123966,0.115854,0.110065,0.106125,0.103581,0.102042,0.101194,0.100825,0.100825,0.101194,0.102042,0.103581,0.106125,0.110065,0.115854,0.123966,0.134846,0.148861,0.166232,0.18698,0.21089,0.23749,0.266071,0.29574,0.325497,0.354335,0.38134,0.405773,0.427131,0.445168,0.459885,0.471482,0.480309,0.486794,0.491387,0.49451,0.496524,0.497709,0.498254,0.498254
0.497758,0.497758,0.497076,0.495599,0.493103,0.489264,0.483668,0.475843,0.465304,0.451614,0.434455,0.413701,0.389476,0.362196,0.332557,0.301498,0.270116,0.239555,0.21089,0.185018,0.162581,0.143923,0.129097,0.117893,0.109907,0.10461,0.101417,0.0997497,0.099085,0.0989824,0.0991037,0.0992214,0.0992214,0.0991037,0.0989824,0.099085,0.0997497,0.101417,0.10461,0.109907,0.117893,0.129097,0.143923,0.162581,0.185018,0.21089,0.239555,0.270116,0.301498,0.332557,0.362196,0.389476,0.413701,0.434455,0.451614,0.465304,0.475843,0.483668,0.489264,0.493103,0.495599,0.497076,0.497758,0.497758
0.497184,0.497184,0.496347,0.494542,0.491513,0.486887,0.480201,0.47094,0.458597,0.442741,0.423108,0.399672,0.37271,0.342823,0.310919,0.278137,0.245742,0.214986,0.18698,0.162581,0.142317,0.126368,0.114592,0.106581,0.101747,0.0994065,0.0988599,0.099452,0.100613,0.101883,0.102917,0.10349,0.10349,0.102917,0.101883,0.100613,0.099452,0.0988599,0.0994065,0.101747,0.106581,0.114592,0.126368,0.142317,0.162581,0.18698,0.214986,0.245742,0.278137,0.310919,0.342823,0.37271,0.399672,0.423108,0.442741,0.458597,0.47094,0.480201,0.486887,0.491513,0.494542,0.496347,0.497184,0.497184
0.496535,0.496535,0.495529,0.493369,0.489762,0.484293,0.476454,0.465696,0.451499,0.433461,0.411388,0.385382,0.355889,0.323714,0.289975,0.256003,0.223208,0.192916,0.166232,0.143923,0.126368,0.113552,0.105119,0.100462,0.0988202,0.0993794,0.101353,0.10404,0.106855,0.109344,0.111178,0.112145,0.112145,0.111178,0.109344,0.106855,0.10404,0.101353,0.0993794,0.0988202,0.100462,0.105119,0.113552,0.126368,0.143923,0.166232,0.192916,0.223208,0.256003,0.289975,0.323714,0.355889,0.385382,0.411388,0.433461,0.451499,0.465696,0.476454,0.484293,0.489762,0.493369,0.495529,0.496535,0.496535
0.495824,0.495824,0.494639,0.492101,0.487886,0.481539,0.472513,0.460232,0.44418,0.423999,0.399586,0.371186,0.339429,0.305329,0.27021,0.235576,0.202949,0.173693,0.148861,0.129097,0.114592,0.105119,0.100108,0.0987574,0.100158,0.103393,0.107622,0.112129,0.116343,0.119839,0.122321,0.123605,0.123605,0.122321,0.119839,0.116343,0.112129,0.107622,0.103393,0.100158,0.0987574,0.100108,0.105119,0.114592,0.129097,0.148861,0.173693,0.202949,0.235576,0.27021,0.305329,0.339429,0.371186,0.399586,0.423999,0.44418,0.460232,0.472513,0.481539,0.487886,0.492101,0.494639,0.495824,0.495824
0.495067,0.495067,0.493696,0.490769,0.485933,0.478695,0.468477,0.454689,0.43683,0.414599,0.388001,0.357434,0.32372,0.288078,0.252021,0.217204,0.185227,0.157453,0.134846,0.117893,0.106581,0.100462,0.0987574,0.100495,0.104642,0.110211,0.116341,0.122331,0.127648,0.131913,0.134878,0.136395,0.136395,0.134878,0.131913,0.127648,0.122331,0.116341,0.110211,0.104642,0.100495,0.0987574,0.100462,0.106581,0.117893,0.134846,0.157453,0.185227,0.217204,0.252021,0.288078,0.32372,0.357434,0.388001,0.414599,0.43683,0.454689,0.468477,0.478695,0.485933,0.490769,0.493696,0.495067,0.495067
0.494287,0.494287,0.492729,0.489413,0.483959,0.475844,0.464464,0.449224,0.42965,0.40551,0.376926,0.344455,0.309107,0.272293,0.2357,0.201099,0.17014,0.144145,0.123966,0.109907,0.101747,0.0988202,0.100158,0.104642,0.111146,0.118646,0.126287,0.133406,0.139526,0.144329,0.147619,0.149288,0.149288,0.147619,0.144329,0.139526,0.133406,0.126287,0.118646,0.111146,0.104642,0.100158,0.0988202,0.101747,0.109907,0.123966,0.144145,0.17014,0.201099,0.2357,0.272293,0.309107,0.344455,0.376926,0.40551,0.42965,0.449224,0.464464,0.475844,0.483959,0.489413,0.492729,0.494287,0.494287
0.49351,0.49351,0.49177,0.488077,0.482029,0.473075,0.460595,0.443997,0.422843,0.396976,0.366638,0.332541,0.295875,0.258228,0.22143,0.187347,0.15764,0.133571,0.115854,0.10461,0.0994065,0.0993794,0.103393,0.110211,0.118646,0.127662,0.136433,0.144351,0.151004,0.156141,0.15962,0.161373,0.161373,0.15962,0.156141,0.151004,0.144351,0.136433,0.127662,0.118646,0.110211,0.103393,0.0993794,0.0994065,0.10461,0.115854,0.133571,0.15764,0.187347,0.22143,0.258228,0.295875,0.332541,0.366638,0.396976,0.422843,0.443997,0.460595,0.473075,0.482029,0.488077,0.49177,0.49351,0.49351
0.492766,0.492766,0.490856,0.486811,0.480209,0.470481,0.456995,0.43917,0.416605,0.389222,0.35738,0.321938,0.284249,0.246054,0.209304,0.175925,0.147575,0.125431,0.110065,0.101417,0.0988599,0.101353,0.107622,0.116341,0.126287,0.136433,0.145997,0.154432,0.161397,0.166705,0.170267,0.172052,0.172052,0.170267,0.166705,0.161397,0.154432,0.145997,0.136433,0.126287,0.116341,0.107622,0.101353,0.0988599,0.101417,0.110065,0.125431,0.147575,0.175925,0.209304,0.246054,0.284249,0.321938,0.35738,0.389222,0.416605,0.43917,0.456995,0.470481,0.480209,0.486811,0.490856,0.492766,0.492766
0.492085,0.492085,0.490022,0.485662,0.478567,0.468154,0.453785,0.43489,0.411113,0.382448,0.349361,0.312846,0.274393,0.235874,0.199333,0.166739,0.139721,0.119372,0.106125,0.0997497,0.099452,0.10404,0.112129,0.122331,0.133406,0.144351,0.154432,0.163167,0.170282,0.175646,0.179219,0.181001,0.181001,0.179219,0.175646,0.170282,0.163167,0.154432,0.144351,0.133406,0.122331,0.112129,0.10404,0.099452,0.0997497,0.106125,0.119372,0.139721,0.166739,0.199333,0.235874,0.274393,0.312846,0.349361,0.382448,0.411113,0.43489,0.453785,0.468154,0.478567,0.485662,0.490022,0.492085,0.492085
0.491497,0.491497,0.489304,0.484677,0.477167,0.466178,0.451072,0.431294,0.406524,0.376824,0.342754,0.305416,0.266418,0.227735,0.191482,0.159647,0.133831,0.115039,0.103581,0.099085,0.100613,0.106855,0.116343,0.127648,0.139526,0.151004,0.161397,0.170282,0.177439,0.182789,0.186331,0.188092,0.188092,0.186331,0.182789,0.177439,0.170282,0.161397,0.151004,0.139526,0.127648,0.116343,0.106855,0.100613,0.099085,0.103581,0.115039,0.133831,0.159647,0.191482,0.227735,0.266418,0.305416,0.342754,0.376824,0.406524,0.431294,0.451072,0.466178,0.477167,0.484677,0.489304,0.491497,0.491497
0.49103,0.49103,0.488735,0.483899,0.476063,0.464627,0.448951,0.428493,0.402967,0.372488,0.337688,0.299758,0.260396,0.221649,0.185684,0.154499,0.129661,0.112106,0.102042,0.0989824,0.101883,0.109344,0.119839,0.131913,0.144329,0.156141,0.166705,0.175646,0.182789,0.188095,0.191591,0.193324,0.193324,0.191591,0.188095,0.182789,0.175646,0.166705,0.156141,0.144329,0.131913,0.119839,0.109344,0.101883,0.0989824,0.102042,0.112106,0.129661,0.154499,0.185684,0.221649,0.260396,0.299758,0.337688,0.372488,0.402967,0.428493,0.448951,0.464627,0.476063,0.483899,0.488735,0.49103,0.49103
0.490705,0.490705,0.48834,0.48336,0.475301,0.463559,0.447494,0.426576,0.40054,0.36954,0.33426,0.295949,0.256365,0.217606,0.181868,0.151154,0.127007,0.110307,0.101194,0.0991037,0.102917,0.111178,0.122321,0.134878,0.147619,0.15962,0.170267,0.179219,0.186331,0.191591,0.195046,0.196755,0.196755,0.195046,0.191591,0.186331,0.179219,0.170267,0.15962,0.147619,0.134878,0.122321,0.111178,0.102917,0.0991037,0.101194,0.110307,0.127007,0.151154,0.181868,0.217606,0.256365,0.295949,0.33426,0.36954,0.40054,0.426576,0.447494,0.463559,0.475301,0.48336,0.48834,0.490705,0.490705
0.490538,0.490538,0.488137,0.483084,0.474912,0.463014,0.446753,0.425602,0.39931,0.36805,0.332531,0.294034,0.254345,0.215589,0.179976,0.14951,0.125718,0.109456,0.100825,0.0992214,0.10349,0.112145,0.123605,0.136395,0.149288,0.161373,0.172052,0.181001,0.188092,0.193324,0.196755,0.19845,0.19845,0.196755,0.193324,0.188092,0.181001,0.172052,0.161373,0.149288,0.136395,0.123605,0.112145,0.10349,0.0992214,0.100825,0.109456,0.125718,0.14951,0.179976,0.215589,0.254345,0.294034,0.332531,0.36805,0.39931,0.425602,0.446753,0.463014,0.474912,0.483084,0.488137,0.490538,0.490538
0.490538,0.490538,0.488137,0.483084,0.474912,0.463014,0.446753,0.425602,0.39931,0.36805,0.332531,0.294034,0.254345,0.215589,0.179976,0.14951,0.125718,0.109456,0.100825,0.0992214,0.10349,0.112145,0.123605,0.136395,0.149288,0.161373,0.172052,0.181001,0.188092,0.193324,0.196755,0.19845,0.19845,0.196755,0.193324,0.188092,0.181001,0.172052,0.161373,0.149288,0.136395,0.123605,0.112145,0.10349,0.0992214,0.100825,0.109456,0.125718,0.14951,0.179976,0.215589,0.254345,0.294034,0.332531,0.36805,0.39931,0.425602,0.446753,0.463014,0.474912,0.483084,0.488137,0.490538,0.490538
0.490705,0.490705,0.48834,0.48336,0.475301,0.463559,0.447494,0.426576,0.40054,0.36954,0.33426,0.295949,0.256365,0.217606,0.181868,0.151154,0.127007,0.110307,0.101194,0.0991037,0.102917,0.111178,0.122321,0.134878,0.147619,0.15962,0.170267,0.179219,0.186331,0.191591,0.195046,0.196755,0.196755,0.195046,0.191591,0.186331,0.179219,0.170267,0.15962,0.147619,0.134878,0.122321,0.111178,0.102917,0.0991037,0.101194,0.110307,0.127007,0.151154,0.181868,0.217606,0.256365,0.295949,0.33426,0.36954,0.40054,0.426576,0.447494,0.463559,0.475301,0.48336,0.48834,0.490705,0.490705
0.49103,0.49103,0.488735,0.483899,0.476063,0.464627,0.448951,0.428493,0.402967,0.372488,0.337688,0.299758,0.260396,0.221649,0.185684,0.154499,0.129661,0.112106,0.102042,0.0989824,0.101883,0.109344,0.119839,0.131913,0.144329,0.156141,0.166705,0.175646,0.182789,0.188095,0.191591,0.193324,0.193324,0.191591,0.188095,0.182789,0.175646,0.166705,0.156141,0.144329,0.131913,0.119839,0.109344,0.101883,0.0989824,0.102042,0.112106,0.129661,0.154499,0.185684,0.221649,0.260396,0.299758,0.337688,0.372488,0.402967,0.428493,0.448951,0.464627,0.476063,0.483899,0.488735,0.49103,0.49103
0.491497,0.491497,0.489304,0.484677,0.477167,0.466178,0.451072,0.431294,0.406524,0.376824,0.342754,0.305416,0.266418,0.227735,0.191482,0.159647,0.133831,0.115039,0.103581,0.099085,0.100613,0.106855,0.116343,0.127648,0.139526,0.151004,0.161397,0.170282,0.177439,0.182789,0.186331,0.188092,0.188092,0.186331,0.182789,0.177439,0.170282,0.161397,0.151004,0.139526,0.127648,0.116343,0.106855,0.100613,0.099085,0.103581,0.115039,0.133831,0.159647,0.191482,0.227735,0.266418,0.305416,0.342754,0.376824,0.406524,0.431294,0.451072,0.466178,0.477167,0.484677,0.489304,0.491497,0.491497
0.492085,0.492085,0.490022,0.485662,0.478567,0.468154,0.453785,0.43489,0.411113,0.382448,0.349361,0.312846,0.274393,0.235874,0.199333,0.166739,0.139721,0.119372,0.106125,0.0997497,0.099452,0.10404,0.112129,0.122331,0.133406,0.144351,0.154432,0.163167,0.170282,0.175646,0.179219,0.181001,0.181001,0.179219,0.175646,0.170282,0.163167,0.154432,0.144351,0.133406,0.122331,0.112129,0.10404,0.099452,0.0997497,0.106125,0.119372,0.139721,0.166739,0.199333,0.235874,0.274393,0.312846,0.349361,0.382448,0.411113,0.43489,0.453785,0.468154,0.478567,0.485662,0.490022,0.492085,0.492085
0.492766,0.492766,0.490856,0.486811,0.480209,0.470481,0.456995,0.43917,0.416605,0.389222,0.35738,0.321938,0.284249,0.246054,0.209304,0.175925,0.147575,0.125431,0.110065,0.101417,0.0988599,0.101353,0.107622,0.116341,0.126287,0.136433,0.145997,0.154432,0.161397,0.166705,0.170267,0.172052,0.172052,0.170267,0.166705,0.161397,0.154432,0.145997,0.136433,0.126287,0.116341,0.107622,0.101353,0.0988599,0.101417,0.110065,0.125431,0.147575,0.175925,0.209304,0.246054,0.284249,0.321938,0.35738,0.389222,0.416605,0.43917,0.456995,0.470481,0.480209,0.486811,0.490856,0.492766,0.492766
0.49351,0.49351,0.49177,0.488077,0.482029,0.473075,0.460595,0.443997,0.422843,0.396976,0.366638,0.332541,0.295875,0.258228,0.22143,0.187347,0.15764,0.133571,0.115854,0.10461,0.0994065,0.0993794,0.103393,0.110211,0.118646,0.127662,0.136433,0.144351,0.151004,0.156141,0.15962,0.161373,0.161373,0.15962,0.156141,0.151004,0.144351,0.136433,0.127662,0.118646,0.110211,0.103393,0.0993794,0.0994065,0.10461,0.115854,0.133571,0.15764,0.187347,0.22143,0.258228,0.295875,0.332541,0.366638,0.396976,0.422843,0.443997,0.460595,0.473075,0.482029,0.488077,0.49177,0.49351,0.49351
0.494287,0.494287,0.492729,0.489413,0.483959,0.475844,0.464464,0.449224,0.42965,0.40551,0.376926,0.344455,0.309107,0.272293,0.2357,0.201099,0.17014,0.144145,0.123966,0.109907,0.101747,0.0988202,0.100158,0.104642,0.111146,0.118646,0.126287,0.133406,0.139526,0.144329,0.147619,0.149288,0.149288,0.147619,0.144329,0.139526,0.133406,0.126287,0.118646,0.111146,0.104642,0.100158,0.0988202,0.101747,0.109907,0.123966,0.144145,0.17014,0.201099,0.2357,0.272293,0.309107,0.344455,0.376926,0.40551,0.42965,0.449224,0.464464,0.475844,0.483959,0.489413,0.492729,0.494287,0.494287
0.495067,0.495067,0.493696,0.490769,0.485933,0.478695,0.468477,0.454689,0.43683,0.414599,0.388001,0.357434,0.32372,0.288078,0.252021,0.217204,0.185227,0.157453,0.134846,0.117893,0.106581,0.100462,0.0987574,0.100495,0.104642,0.110211,0.116341,0.122331,0.127648,0.131913,0.134878,0.136395,0.136395,0.134878,0.131913,0.127648,0.122331,0.116341,0.110211,0.104642,0.100495,0.0987574,0.100462,0.106581,0.117893,0.134846,0.157453,0.185227,0.217204,0.252021,0.288078,0.32372,0.357434,0.388001,0.414599,0.43683,0.454689,0.468477,0.478695,0.485933,0.490769,0.493696,0.495067,0.495067
0.495824,0.495824,0.494639,0.492101,0.487886,0.481539,0.472513,0.460232,0.44418,0.423999,0.399586,0.371186,0.339429,0.305329,0.27021,0.235576,0.202949,0.173693,0.148861,0.129097,0.114592,0.105119,0.100108,0.0987574,0.100158,0.103393,0.107622,0.112129,0.116343,0.119839,0.122321,0.123605,0.123605,0.122321,0.119839,0.116343,0.112129,0.107622,0.103393,0.100158,0.0987574,0.100108,0.105119,0.114592,0.129097,0.148861,0.173693,0.202949,0.235576,0.27021,0.305329,0.339429,0.371186,0.399586,0.423999,0.44418,0.460232,0.472513,0.481539,0.487886,0.492101,0.494639,0.495824,0.495824
0.496535,0.496535,0.495529,0.493369,0.489762,0.484293,0.476454,0.465696,0.451499,0.433461,0.411388,0.385382,0.355889,0.323714,0.289975,0.256003,0.223208,0.192916,0.166232,0.143923,0.126368,0.113552,0.105119,0.100462,0.0988202,0.0993794,0.101353,0.10404,0.106855,0.109344,0.111178,0.112145,0.112145,0.111178,0.109344,0.106855,0.10404,0.101353,0.0993794,0.0988202,0.100462,0.105119,0.113552,0.126368,0.143923,0.166232,0.192916,0.223208,0.256003,0.289975,0.323714,0.355889,0.385382,0.411388,0.433461,0.451499,0.465696,0.476454,0.484293,0.489762,0.493369,0.495529,0.496535,0.496535
0.497184,0.497184,0.496347,0.494542,0.491513,0.486887,0.480201,0.47094,0.458597,0.442741,0.423108,0.399672,0.37271,0.342823,0.310919,0.278137,0.245742,0.214986,0.18698,0.162581,0.142317,0.126368,0.114592,0.106581,0.101747,0.0994065,0.0988599,0.099452,0.100613,0.101883,0.102917,0.10349,0.10349,0.102917,0.101883,0.100613,0.099452,0.0988599,0.0994065,0.101747,0.106581,0.114592,0.126368,0.142317,0.162581,0.18698,0.214986,0.245742,0.278137,0.310919,0.342823,0.37271,0.399672,0.423108,0.442741,0.458597,0.47094,0.480201,0.486887,0.491513,0.494542,0.496347,0.497184,0.497184
0.497758,0.497758,0.497076,0.495599,0.493103,0.489264,0.483668,0.475843,0.465304,0.451614,0.434455,0.413701,0.389476,0.362196,0.332557,0.301498,0.270116,0.239555,0.21089,0.185018,0.162581,0.143923,0.129097,0.117893,0.109907,0.10461,0.101417,0.0997497,0.099085,0.0989824,0.0991037,0.0992214,0.0992214,0.0991037,0.0989824,0.099085,0.0997497,0.101417,0.10461,0.109907,0.117893,0.129097,0.143923,0.162581,0.185018,0.21089,0.239555,0.270116,0.301498,0.332557,0.362196,0.389476,0.413701,0.434455,0.451614,0.465304,0.475843,0.483668,0.489264,0.493103,0.495599,0.497076,0.497758,0.497758
0.498254,0.498254,0.497709,0.496524,0.49451,0.491387,0.486794,0.480309,0.471482,0.459885,0.445168,0.427131,0.405773,0.38134,0.354335,0.325497,0.29574,0.266071,0.23749,0.21089,0.18698,0.166232,0.148861,0.134846,0.123966,0.115854,0.110065,0.106125,0.103581,0.102042,0.101194,0.100825,0.100825,0.101194,0.102042,0.103581,0.106125,0.110065,0.115854,0.123966,0.134846,0.148861,0.166232,0.18698,0.21089,0.23749,0.266071,0.29574,0.325497,0.354335,0.38134,0.405773,0.427131,0.445168,0.459885,0.471482,0.480309,0.486794,0.491387,0.49451,0.496524,0.497709,0.498254,0.498254
0.49867,0.49867,0.498243,0.497313,0.495721,0.493233,0.48954,0.484274,0.477029,0.467399,0.455029,0.439664,0.42121,0.399772,0.37568,0.349481,0.321905,0.293804,0.266071,0.239555,0.214986,0.192916,0.173693,0.157453,0.144145,0.133571,0.125431,0.119372,0.115039,0.112106,0.110307,0.109456,0.109456,0.110307,0.112106,0.115039,0.119372,0.125431,0.133571,0.144145,0.157453,0.173693,0.192916,0.214986,0.239555,0.266071,0.293804,0.321905,0.349481,0.37568,0.399772,0.42121,0.439664,0.455029,0.467399,0.477029,0.484274,0.48954,0.493233,0.495721,0.497313,0.498243,0.49867,0.49867
0.499009,0.499009,0.498683,0.497968,0.496737,0.494797,0.491891,0.487704,0.481882,0.474054,0.463873,0.451061,0.435455,0.417052,0.396034,0.372779,0.34784,0.321905,0.29574,0.270116,0.245742,0.223208,0.202949,0.185227,0.17014,0.15764,0.147575,0.139721,0.133831,0.129661,0.127007,0.125718,0.125718,0.127007,0.129661,0.133831,0.139721,0.147575,0.15764,0.17014,0.185227,0.202949,0.223208,0.245742,0.270116,0.29574,0.321905,0.34784,0.372779,0.396034,0.417052,0.435455,0.451061,0.463873,0.474054,0.481882,0.487704,0.491891,0.494797,0.496737,0.497968,0.498683,0.499009,0.499009
0.499278,0.499278,0.499035,0.498498,0.497567,0.496087,0.493851,0.490595,0.486019,0.479794,0.471599,0.461152,0.448251,0.432814,0.414908,0.394765,0.372779,0.349481,0.325497,0.301498,0.278137,0.256003,0.235576,0.217204,0.201099,0.187347,0.175925,0.166739,0.159647,0.154499,0.151154,0.14951,0.14951,0.151154,0.154499,0.159647,0.166739,0.175925,0.187347,0.201099,0.217204,0.235576,0.256003,0.278137,0.301498,0.325497,0.349481,0.372779,0.394765,0.414908,0.432814,0.448251,0.461152,0.471599,0.479794,0.486019,0.490595,0.493851,0.496087,0.497567,0.498498,0.499035,0.499278,0.499278
0.499487,0.499487,0.499309,0.498915,0.498227,0.497124,0.495442,0.492968,0.489452,0.484616,0.478171,0.469849,0.459435,0.446796,0.431914,0.414908,0.396034,0.37568,0.354335,0.332557,0.310919,0.289975,0.27021,0.252021,0.2357,0.22143,0.209304,0.199333,0.191482,0.185684,0.181868,0.179976,0.179976,0.181868,0.185684,0.191482,0.199333,0.209304,0.22143,0.2357,0.252021,0.27021,0.289975,0.310919,0.332557,0.354335,0.37568,0.396034,0.414908,0.431914,0.446796,0.459435,0.469849,0.478171,0.484616,0.489452,0.492968,0.495442,0.497124,0.498227,0.498915,0.499309,0.499487,0.499487
0.499644,0.499644,0.499517,0.499234,0.498738,0.497936,0.4967,0.494864,0.492226,0.488557,0.483609,0.477141,0.468939,0.458848,0.446796,0.432814,0.417052,0.399772,0.38134,0.362196,0.342823,0.323714,0.305329,0.288078,0.272293,0.258228,0.246054,0.235874,0.227735,0.221649,0.217606,0.215589,0.215589,0.217606,0.221649,0.227735,0.235874,0.246054,0.258228,0.272293,0.288078,0.305329,0.323714,0.342823,0.362196,0.38134,0.399772,0.417052,0.432814,0.446796,0.458848,0.468939,0.477141,0.483609,0.488557,0.492226,0.494864,0.4967,0.497936,0.498738,0.499234,0.499517,0.499644,0.499644
0.499759,0.499759,0.49967,0.499473,0.499123,0.498553,0.497667,0.496338,0.494407,0.491691,0.487986,0.483083,0.476788,0.468939,0.459435,0.448251,0.435455,0.42121,0.405773,0.389476,0.37271,0.355889,0.339429,0.32372,0.309107,0.295875,0.284249,0.274393,0.266418,0.260396,0.256365,0.254345,0.254345,0.256365,0.260396,0.266418,0.274393,0.284249,0.295875,0.309107,0.32372,0.339429,0.355889,0.37271,0.389476,0.405773,0.42121,0.435455,0.448251,0.459435,0.468939,0.476788,0.483083,0.487986,0.491691,0.494407,0.496338,0.497667,0.498553,0.499123,0.499473,0.49967,0.499759,0.499759
0.49984,0.49984,0.49978,0.499646,0.499406,0.499011,0.498391,0.497452,0.496074,0.494115,0.491411,0.48779,0.483083,0.477141,0.469849,0.461152,0.451061,0.439664,0.427131,0.413701,0.399672,0.385382,0.371186,0.357434,0.344455,0.332541,0.321938,0.312846,0.305416,0.299758,0.295949,0.294034,0.294034,0.295949,0.299758,0.305416,0.312846,0.321938,0.332541,0.344455,0.357434,0.371186,0.385382,0.399672,0.413701,0.427131,0.439664,0.451061,0.461152,0.469849,0.477141,0.483083,0.48779,0.491411,0.494115,0.496074,0.497452,0.498391,0.499011,0.499406,0.499646,0.49978,0.49984,0.49984
0.499897,0.499897,0.499857,0.499768,0.499607,0.499341,0.498918,0.498272,0.497314,0.495936,0.494014,0.491411,0.487986,0.483609,0.478171,0.471599,0.463873,0.455029,0.445168,0.434455,0.423108,0.411388,0.399586,0.388001,0.376926,0.366638,0.35738,0.349361,0.342754,0.337688,0.33426,0.332531,0.332531,0.33426,0.337688,0.342754,0.349361,0.35738,0.366638,0.376926,0.388001,0.399586,0.411388,0.423108,0.434455,0.445168,0.455029,0.463873,0.471599,0.478171,0.483609,0.487986,0.491411,0.494014,0.495936,0.497314,0.498272,0.498918,0.499341,0.499607,0.499768,0.499857,0.499897,0.499897
0.499935,0.499935,0.49991,0.499852,0.499747,0.499572,0.499291,0.498858,0.498209,0.497266,0.495936,0.494115,0.491691,0.488557,0.484616,0.479794,0.474054,0.467399,0.459885,0.451614,0.442741,0.433461,0.423999,0.414599,0.40551,0.396976,0.389222,0.382448,0.376824,0.372488,0.36954,0.36805,0.36805,0.36954,0.372488,0.376824,0.382448,0.389222,0.396976,0.40551,0.414599,0.423999,0.433461,0.442741,0.451614,0.459885,0.467399,0.474054,0.479794,0.484616,0.488557,0.491691,0.494115,0.495936,0.497266,0.498209,0.498858,0.499291,0.499572,0.499747,0.499852,0.49991,0.499935,0.499935
0.49996,0.49996,0.499944,0.499908,0.499841,0.499729,0.499547,0.499265,0.498837,0.498209,0.497314,0.496074,0.494407,0.492226,0.489452,0.486019,0.481882,0.477029,0.471482,0.465304,0.458597,0.451499,0.44418,0.43683,0.42965,0.422843,0.416605,0.411113,0.406524,0.402967,0.40054,0.39931,0.39931,0.40054,0.402967,0.406524,0.411113,0.416605,0.422843,0.42965,0.43683,0.44418,0.451499,0.458597,0.465304,0.471482,0.477029,0.481882,0.486019,0.489452,0.492226,0.494407,0.496074,0.497314,0.498209,0.498837,0.499265,0.499547,0.499729,0.499841,0.499908,0.499944,0.49996,0.49996
0.499976,0.499976,0.499967,0.499944,0.499903,0.499833,0.499719,0.499539,0.499265,0.498858,0.498272,0.497452,0.496338,0.494864,0.492968,0.490595,0.487704,0.484274,0.480309,0.475843,0.47094,0.465696,0.460232,0.454689,0.449224,0.443997,0.43917,0.43489,0.431294,0.428493,0.426576,0.425602,0.425602,0.426576,0.428493,0.431294,0.43489,0.43917,0.443997,0.449224,0.454689,0.460232,0.465696,0.47094,0.475843,0.480309,0.484274,0.487704,0.490595,0.492968,0.494864,0.496338,0.497452,0.498272,0.498858,0.499265,0.499539,0.499719,0.499833,0.499903,0.499944,0.499967,0.499976,0.499976
0.499986,0.499986,0.49998,0.499967,0.499942,0.4999,0.49983,0.499719,0.499547,0.499291,0.498918,0.498391,0.497667,0.4967,0.495442,0.493851,0.491891,0.48954,0.486794,0.483668,0.480201,0.476454,0.472513,0.468477,0.464464,0.460595,0.456995,0.453785,0.451072,0.448951,0.447494,0.446753,0.446753,0.447494,0.448951,0.451072,0.453785,0.456995,0.460595,0.464464,0.468477,0.472513,0.476454,0.480201,0.483668,0.486794,0.48954,0.491891,0.493851,0.495442,0.4967,0.497667,0.498391,0.498918,0.499291,0.499547,0.499719,0.49983,0.4999,0.499942,0.499967,0.49998,0.499986,0.499986
0.499992,0.499992,0.499989,0.499981,0.499966,0.499941,0.4999,0.499833,0.499729,0.499572,0.499341,0.499011,0.498553,0.497936,0.497124,0.496087,0.494797,0.493233,0.491387,0.489264,0.486887,0.484293,0.481539,0.478695,0.475844,0.473075,0.470481,0.468154,0.466178,0.464627,0.463559,0.463014,0.463014,0.463559,0.464627,0.466178,0.468154,0.470481,0.473075,0.475844,0.478695,0.481539,0.484293,0.486887,0.489264,0.491387,0.493233,0.494797,0.496087,0.497124,0.497936,0.498553,0.499011,0.499341,0.499572,0.499729,0.499833,0.4999,0.499941,0.499966,0.499981,0.499989,0.499992,0.499992
0.499996,0.499996,0.499994,0.499989,0.499981,0.499966,0.499942,0.499903,0.499841,0.499747,0.499607,0.499406,0.499123,0.498738,0.498227,0.497567,0.496737,0.495721,0.49451,0.493103,0.491513,0.489762,0.487886,0.485933,0.483959,0.482029,0.480209,0.478567,0.477167,0.476063,0.475301,0.474912,0.474912,0.475301,0.476063,0.477167,0.478567,0.480209,0.482029,0.483959,0.485933,0.487886,0.489762,0.491513,0.493103,0.49451,0.495721,0.496737,0.497567,0.498227,0.498738,0.499123,0.499406,0.499607,0.499747,0.499841,0.499903,0.499942,0.499966,0.499981,0.499989,0.499994,0.499996,0.499996
0.499998,0.499998,0.499997,0.499994,0.499989,0.499981,0.499967,0.499944,0.499908,0.499852,0.499768,0.499646,0.499473,0.499234,0.498915,0.498498,0.497968,0.497313,0.496524,0.495599,0.494542,0.493369,0.492101,0.490769,0.489413,0.488077,0.486811,0.485662,0.484677,0.483899,0.48336,0.483084,0.483084,0.48336,0.483899,0.484677,0.485662,0.486811,0.488077,0.489413,0.490769,0.492101,0.493369,0.494542,0.495599,0.496524,0.497313,0.497968,0.498498,0.498915,0.499234,0.499473,0.499646,0.499768,0.499852,0.499908,0.499944,0.499967,0.499981,0.499989,0.499994,0.499997,0.499998,0.499998
0.499999,0.499999,0.499998,0.499997,0.499994,0.499989,0.49998,0.499967,0.499944,0.49991,0.499857,0.49978,0.49967,0.499517,0.499309,0.499035,0.498683,0.498243,0.497709,0.497076,0.496347,0.495529,0.494639,0.493696,0.492729,0.49177,0.490856,0.490022,0.489304,0.488735,0.48834,0.488137,0.488137,0.48834,0.488735,0.489304,0.490022,0.490856,0.49177,0.492729,0.493696,0.494639,0.495529,0.496347,0.497076,0.497709,0.498243,0.498683,0.499035,0.499309,0.499517,0.49967,0.49978,0.499857,0.49991,0.499944,0.499967,0.49998,0.499989,0.499994,0.499997,0.499998,0.499999,0.499999
0.499999,0.499999,0.499999,0.499998,0.499996,0.499992,0.499986,0.499976,0.49996,0.499935,0.499897,0.49984,0.499759,0.499644,0.499487,0.499278,0.499009,0.49867,0.498254,0.497758,0.497184,0.496535,0.495824,0.495067,0.494287,0.49351,0.492766,0.492085,0.491497,0.49103,0.490705,0.490538,0.490538,0.490705,0.49103,0.491497,0.492085,0.492766,0.49351,0.494287,0.495067,0.495824,0.496535,0.497184,0.497758,0.498254,0.49867,0.499009,0.499278,0.499487,0.499644,0.499759,0.49984,0.499897,0.499935,0.49996,0.499976,0.499986,0.499992,0.499996,0.499998,0.499999,0.499999,0.499999
0.499999,0.499999,0.499999,0.499998,0.499996,0.499992,0.499986,0.499976,0.49996,0.499935,0.499897,0.49984,0.499759,0.499644,0.499487,0.499278,0.499009,0.49867,0.498254,0.497758,0.497184,0.496535,0.495824,0.495067,0.494287,0.49351,0.492766,0.492085,0.491497,0.49103,0.490705,0.490538,0.490538,0.490705,0.49103,0.491497,0.492085,0.492766,0.49351,0.494287,0.495067,0.495824,0.496535,0.497184,0.497758,0.498254,0.49867,0.499009,0.499278,0.499487,0.499644,0.499759,0.49984,0.499897,0.499935,0.49996,0.499976,0.499986,0.499992,0.499996,0.499998,0.499999,0.499999,0.499999
