0.5,0.5,0.5,0.5,0.5,0.5,0.5,0.5,0.5,0.5,0.5,0.5,0.5,0.5,0.5,0.5,0.5,0.5,0.5,0.5,0.499999,0.499999,0.499999,0.499998,0.499998,0.499997,0.499997,0.499996,0.499995,0.499995,0.499995,0.499994,0.499994,0.499995,0.499995,0.499995,0.499996,0.499997,0.499997,0.499998,0.499998,0.499999,0.499999,0.499999,0.5,0.5,0.5,0.5,0.5,0.5,0.5,0.5,0.5,0.5,0.5,0.5,0.5,0.5,0.5,0.5,0.5,0.5,0.5,0.5
0.5,0.5,0.5,0.5,0.5,0.5,0.5,0.5,0.5,0.5,0.5,0.5,0.5,0.5,0.5,0.5,0.5,0.5,0.5,0.5,0.499999,0.499999,0.499999,0.499998,0.499998,0.499997,0.499997,0.499996,0.499995,0.499995,0.499995,0.499994,0.499994,0.499995,0.499995,0.499995,0.499996,0.499997,0.499997,0.499998,0.499998,0.499999,0.499999,0.499999,0.5,0.5,0.5,0.5,0.5,0.5,0.5,0.5,0.5,0.5,0.5,0.5,0.5,0.5,0.5,0.5,0.5,0.5,0.5,0.5
0.5,0.5,0.5,0.5,0.5,0.5,0.5,0.5,0.5,0.5,0.5,0.5,0.5,0.5,0.5,0.5,0.5,0.5,0.499999,0.499999,0.499999,0.499998,0.499997,0.499997,0.499996,0.499995,0.499993,0.499992,0.499991,0.499991,0.49999,0.49999,0.49999,0.49999,0.499991,0.499991,0.499992,0.499993,0.499995,0.499996,0.499997,0.499997,0.499998,0.499999,0.499999,0.499999,0.5,0.5,0.5,0.5,0.5,0.5,0.5,0.5,0.5,0.5,0.5,0.5,0.5,0.5,0.5,0.5,0.5,0.5
0.5,0.5,0.5,0.5,0.5,0.5,0.5,0.5,0.5,0.5,0.5,0.5,0.5,0.5,0.5,0.5,0.499999,0.499999,0.499999,0.499998,0.499997,0.499996,0.499994,0.499992,0.49999,0.499988,0.499985,0.499983,0.499981,0.499979,0.499978,0.499977,0.499977,0.499978,0.499979,0.499981,0.499983,0.499985,0.499988,0.49999,0.499992,0.499994,0.499996,0.499997,0.499998,0.499999,0.499999,0.499999,0.5,0.5,0.5,0.5,0.5,0.5,0.5,0.5,0.5,0.5,0.5,0.5,0.5,0.5,0.5,0.5
0.5,0.5,0.5,0.5,0.5,0.5,0.5,0.5,0.5,0.5,0.5,0.5,0.5,0.5,0.5,0.499999,0.499999,0.499998,0.499997,0.499995,0.499993,0.49999,0.499987,0.499982,0.499978,0.499972,0.499967,0.499962,0.499957,0.499952,0.49995,0.499948,0.499948,0.49995,0.499952,0.499957,0.499962,0.499967,0.499972,0.499978,0.499982,0.499987,0.49999,0.499993,0.499995,0.499997,0.499998,0.499999,0.499999,0.5,0.5,0.5,0.5,0.5,0.5,0.5,0.5,0.5,0.5,0.5,0.5,0.5,0.5,0.5
0.5,0.5,0.5,0.5,0.5,0.5,0.5,0.5,0.5,0.5,0.5,0.5,0.5,0.499999,0.499999,0.499998,0.499997,0.499995,0.499993,0.499989,0.499984,0.499978,0.49997,0.499961,0.499951,0.499939,0.499927,0.499915,0.499905,0.499896,0.499889,0.499886,0.499886,0.499889,0.499896,0.499905,0.499915,0.499927,0.499939,0.499951,0.499961,0.49997,0.499978,0.499984,0.499989,0.499993,0.499995,0.499997,0.499998,0.499999,0.499999,0.5,0.5,0.5,0.5,0.5,0.5,0.5,0.5,0.5,0.5,0.5,0.5,0.5
0.5,0.5,0.5,0.5,0.5,0.5,0.5,0.5,0.5,0.5,0.5,0.5,0.499999,0.499999,0.499998,0.499996,0.499993,0.49999,0.499984,0.499976,0.499966,0.499953,0.499937,0.499917,0.499895,0.49987,0.499845,0.499821,0.499798,0.49978,0.499766,0.499759,0.499759,0.499766,0.49978,0.499798,0.499821,0.499845,0.49987,0.499895,0.499917,0.499937,0.499953,0.499966,0.499976,0.499984,0.49999,0.499993,0.499996,0.499998,0.499999,0.499999,0.5,0.5,0.5,0.5,0.5,0.5,0.5,0.5,0.5,0.5,0.5,0.5
0.5,0.5,0.5,0.5,0.5,0.5,0.5,0.5,0.5,0.5,0.5,0.499999,0.499998,0.499997,0.499995,0.499991,0.499986,0.499978,0.499967,0.499951,0.49993,0.499902,0.499869,0.499829,0.499783,0.499734,0.499683,0.499633,0.499587,0.49955,0.499523,0.499508,0.499508,0.499523,0.49955,0.499587,0.499633,0.499683,0.499734,0.499783,0.499829,0.499869,0.499902,0.49993,0.499951,0.499967,0.499978,0.499986,0.499991,0.499995,0.499997,0.499998,0.499999,0.5,0.5,0.5,0.5,0.5,0.5,0.5,0.5,0.5,0.5,0.5
0.5,0.5,0.5,0.5,0.5,0.5,0.5,0.5,0.5,0.499999,0.499999,0.499998,0.499997,0.499994,0.499989,0.499982,0.499972,0.499955,0.499932,0.499901,0.499858,0.499804,0.499738,0.499659,0.499569,0.499472,0.499372,0.499274,0.499185,0.499112,0.499059,0.499032,0.499032,0.499059,0.499112,0.499185,0.499274,0.499372,0.499472,0.499569,0.499659,0.499738,0.499804,0.499858,0.499901,0.499932,0.499955,0.499972,0.499982,0.499989,0.499994,0.499997,0.499998,0.499999,0.499999,0.5,0.5,0.5,0.5,0.5,0.5,0.5,0.5,0.5
0.5,0.5,0.5,0.5,0.5,0.5,0.5,0.5,0.499999,0.499999,0.499998,0.499996,0.499993,0.499988,0.499979,0.499965,0.499944,0.499912,0.499868,0.499806,0.499725,0.499621,0.499493,0.499343,0.499172,0.498988,0.498799,0.498615,0.498447,0.498309,0.498211,0.498159,0.498159,0.498211,0.498309,0.498447,0.498615,0.498799,0.498988,0.499172,0.499343,0.499493,0.499621,0.499725,0.499806,0.499868,0.499912,0.499944,0.499965,0.499979,0.499988,0.499993,0.499996,0.499998,0.499999,0.499999,0.5,0.5,0.5,0.5,0.5,0.5,0.5,0.5
0.5,0.5,0.5,0.5,0.5,0.5,0.5,0.5,0.499999,0.499998,0.499996,0.499993,0.499987,0.499976,0.49996,0.499933,0.499893,0.499834,0.49975,0.499635,0.499483,0.49929,0.499055,0.498778,0.498465,0.498128,0.497783,0.497448,0.497144,0.496893,0.496715,0.496621,0.496621,0.496715,0.496893,0.497144,0.497448,0.497783,0.498128,0.498465,0.498778,0.499055,0.49929,0.499483,0.499635,0.49975,0.499834,0.499893,0.499933,0.49996,0.499976,0.499987,0.499993,0.499996,0.499998,0.499999,0.5,0.5,0.5,0.5,0.5,0.5,0.5,0.5
0.5,0.5,0.5,0.5,0.5,0.5,0.5,0.499999,0.499998,0.499996,0.499993,0.499986,0.499975,0.499956,0.499925,0.499877,0.499803,0.499695,0.499543,0.499335,0.499062,0.498717,0.498296,0.497804,0.49725,0.496656,0.496048,0.495459,0.494927,0.494489,0.494177,0.494014,0.494014,0.494177,0.494489,0.494927,0.495459,0.496048,0.496656,0.49725,0.497804,0.498296,0.498717,0.499062,0.499335,0.499543,0.499695,0.499803,0.499877,0.499925,0.499956,0.499975,0.499986,0.499993,0.499996,0.499998,0.499999,0.5,0.5,0.5,0.5,0.5,0.5,0.5
0.5,0.5,0.5,0.5,0.5,0.5,0.499999,0.499998,0.499997,0.499993,0.499987,0.499975,0.499955,0.499921,0.499866,0.499779,0.499649,0.499459,0.499192,0.498829,0.498355,0.497757,0.497032,0.496187,0.495241,0.494228,0.493195,0.492198,0.4913,0.490561,0.490035,0.489761,0.489761,0.490035,0.490561,0.4913,0.492198,0.493195,0.494228,0.495241,0.496187,0.497032,0.497757,0.498355,0.498829,0.499192,0.499459,0.499649,0.499779,0.499866,0.499921,0.499955,0.499975,0.499987,0.499993,0.499997,0.499998,0.499999,0.5,0.5,0.5,0.5,0.5,0.5
0.5,0.5,0.5,0.5,0.5,0.499999,0.499999,0.499997,0.499994,0.499988,0.499976,0.499956,0.499921,0.499862,0.499767,0.499618,0.499395,0.499071,0.498618,0.498006,0.497209,0.49621,0.495003,0.493602,0.49204,0.490374,0.48868,0.487051,0.485587,0.484385,0.48353,0.483086,0.483086,0.48353,0.484385,0.485587,0.487051,0.48868,0.490374,0.49204,0.493602,0.495003,0.49621,0.497209,0.498006,0.498618,0.499071,0.499395,0.499618,0.499767,0.499862,0.499921,0.499956,0.499976,0.499988,0.499994,0.499997,0.499999,0.499999,0.5,0.5,0.5,0.5,0.5
0.5,0.5,0.5,0.5,0.5,0.499999,0.499998,0.499995,0.499989,0.499979,0.49996,0.499925,0.499866,0.499767,0.499607,0.49936,0.49899,0.498457,0.497713,0.496714,0.49542,0.493805,0.491864,0.48962,0.487129,0.484483,0.481804,0.479235,0.476932,0.475045,0.473706,0.473011,0.473011,0.473706,0.475045,0.476932,0.479235,0.481804,0.484483,0.487129,0.48962,0.491864,0.493805,0.49542,0.496714,0.497713,0.498457,0.49899,0.49936,0.499607,0.499767,0.499866,0.499925,0.49996,0.499979,0.499989,0.499995,0.499998,0.499999,0.5,0.5,0.5,0.5,0.5
0.5,0.5,0.5,0.5,0.499999,0.499998,0.499996,0.499991,0.499982,0.499965,0.499933,0.499877,0.499779,0.499618,0.49936,0.498962,0.498369,0.497518,0.496337,0.49476,0.492728,0.490203,0.487184,0.483711,0.479875,0.475817,0.471723,0.467812,0.464317,0.461461,0.459437,0.458388,0.458388,0.459437,0.461461,0.464317,0.467812,0.471723,0.475817,0.479875,0.483711,0.487184,0.490203,0.492728,0.49476,0.496337,0.497518,0.498369,0.498962,0.49936,0.499618,0.499779,0.499877,0.499933,0.499965,0.499982,0.499991,0.499996,0.499998,0.499999,0.5,0.5,0.5,0.5
0.5,0.5,0.5,0.499999,0.499999,0.499997,0.499993,0.499986,0.499972,0.499944,0.499893,0.499803,0.499649,0.499395,0.49899,0.498369,0.497449,0.496134,0.494321,0.491911,0.488821,0.485005,0.480465,0.475269,0.469558,0.463544,0.457504,0.451756,0.446636,0.442463,0.439512,0.437984,0.437984,0.439512,0.442463,0.446636,0.451756,0.457504,0.463544,0.469558,0.475269,0.480465,0.485005,0.488821,0.491911,0.494321,0.496134,0.497449,0.498369,0.49899,0.499395,0.499649,0.499803,0.499893,0.499944,0.499972,0.499986,0.499993,0.499997,0.499999,0.499999,0.5,0.5,0.5
0.5,0.5,0.5,0.499999,0.499998,0.499995,0.49999,0.499978,0.499955,0.499912,0.499834,0.499695,0.499459,0.499071,0.498457,0.497518,0.496134,0.494167,0.491469,0.487904,0.483358,0.477775,0.471169,0.463651,0.455431,0.446818,0.438208,0.430049,0.422806,0.416921,0.412769,0.410621,0.410621,0.412769,0.416921,0.422806,0.430049,0.438208,0.446818,0.455431,0.463651,0.471169,0.477775,0.483358,0.487904,0.491469,0.494167,0.496134,0.497518,0.498457,0.499071,0.499459,0.499695,0.499834,0.499912,0.499955,0.499978,0.49999,0.499995,0.499998,0.499999,0.5,0.5,0.5
0.5,0.5,0.499999,0.499999,0.499997,0.499993,0.499984,0.499967,0.499932,0.499868,0.49975,0.499543,0.499192,0.498618,0.497713,0.496337,0.494321,0.491469,0.487582,0.482471,0.475994,0.468084,0.458782,0.448254,0.436809,0.424882,0.413019,0.401827,0.391932,0.383918,0.378277,0.375364,0.375364,0.378277,0.383918,0.391932,0.401827,0.413019,0.424882,0.436809,0.448254,0.458782,0.468084,0.475994,0.482471,0.487582,0.491469,0.494321,0.496337,0.497713,0.498618,0.499192,0.499543,0.49975,0.499868,0.499932,0.499967,0.499984,0.499993,0.499997,0.499999,0.499999,0.5,0.5
0.5,0.5,0.499999,0.499998,0.499995,0.499989,0.499976,0.499951,0.499901,0.499806,0.499635,0.499335,0.498829,0.498006,0.496714,0.49476,0.491911,0.487904,0.482471,0.475371,0.466426,0.45557,0.442879,0.428606,0.413181,0.397201,0.381392,0.366553,0.353489,0.342946,0.335544,0.331728,0.331728,0.335544,0.342946,0.353489,0.366553,0.381392,0.397201,0.413181,0.428606,0.442879,0.45557,0.466426,0.475371,0.482471,0.487904,0.491911,0.49476,0.496714,0.498006,0.498829,0.499335,0.499635,0.499806,0.499901,0.499951,0.499976,0.499989,0.499995,0.499998,0.499999,0.5,0.5
0.499999,0.499999,0.499999,0.499997,0.499993,0.499984,0.499966,0.49993,0.499858,0.499725,0.499483,0.499062,0.498355,0.497209,0.49542,0.492728,0.488821,0.483358,0.475994,0.466426,0.454448,0.439999,0.423218,0.404466,0.384329,0.363598,0.343208,0.324173,0.307495,0.294088,0.284703,0.279873,0.279873,0.284703,0.294088,0.307495,0.324173,0.343208,0.363598,0.384329,0.404466,0.423218,0.439999,0.454448,0.466426,0.475994,0.483358,0.488821,0.492728,0.49542,0.497209,0.498355,0.499062,0.499483,0.499725,0.499858,0.49993,0.499966,0.499984,0.499993,0.499997,0.499999,0.499999,0.499999
0.499999,0.499999,0.499998,0.499996,0.49999,0.499978,0.499953,0.499902,0.499804,0.499621,0.49929,0.498717,0.497757,0.49621,0.493805,0.490203,0.485005,0.477775,0.468084,0.45557,0.439999,0.42134,0.399812,0.375916,0.35043,0.324363,0.29889,0.275247,0.25464,0.238147,0.22664,0.220729,0.220729,0.22664,0.238147,0.25464,0.275247,0.29889,0.324363,0.35043,0.375916,0.399812,0.42134,0.439999,0.45557,0.468084,0.477775,0.485005,0.490203,0.493805,0.49621,0.497757,0.498717,0.49929,0.499621,0.499804,0.499902,0.499953,0.499978,0.49999,0.499996,0.499998,0.499999,0.499999
0.499999,0.499999,0.499997,0.499994,0.499987,0.49997,0.499937,0.499869,0.499738,0.499493,0.499055,0.498296,0.497032,0.495003,0.491864,0.487184,0.480465,0.471169,0.458782,0.442879,0.423218,0.399812,0.37299,0.343427,0.312117,0.28032,0.249455,0.220991,0.196324,0.176674,0.163015,0.156015,0.156015,0.163015,0.176674,0.196324,0.220991,0.249455,0.28032,0.312117,0.343427,0.37299,0.399812,0.423218,0.442879,0.458782,0.471169,0.480465,0.487184,0.491864,0.495003,0.497032,0.498296,0.499055,0.499493,0.499738,0.499869,0.499937,0.49997,0.499987,0.499994,0.499997,0.499999,0.499999
0.499998,0.499998,0.499997,0.499992,0.499982,0.499961,0.499917,0.499829,0.499659,0.499343,0.498778,0.497804,0.496187,0.493602,0.48962,0.483711,0.475269,0.463651,0.448254,0.428606,0.404466,0.375916,0.343427,0.307871,0.270492,0.232808,0.196492,0.163229,0.13458,0.111879,0.0961609,0.088126,0.088126,0.0961609,0.111879,0.13458,0.163229,0.196492,0.232808,0.270492,0.307871,0.343427,0.375916,0.404466,0.428606,0.448254,0.463651,0.475269,0.483711,0.48962,0.493602,0.496187,0.497804,0.498778,0.499343,0.499659,0.499829,0.499917,0.499961,0.499982,0.499992,0.499997,0.499998,0.499998
0.499998,0.499998,0.499996,0.49999,0.499978,0.499951,0.499895,0.499783,0.499569,0.499172,0.498465,0.49725,0.495241,0.49204,0.487129,0.479875,0.469558,0.455431,0.436809,0.413181,0.384329,0.35043,0.312117,0.270492,0.227056,0.183599,0.142035,0.104239,0.0719011,0.0464214,0.0288563,0.0199021,0.0199021,0.0288563,0.0464214,0.0719011,0.104239,0.142035,0.183599,0.227056,0.270492,0.312117,0.35043,0.384329,0.413181,0.436809,0.455431,0.469558,0.479875,0.487129,0.49204,0.495241,0.49725,0.498465,0.499172,0.499569,0.499783,0.499895,0.499951,0.499978,0.49999,0.499996,0.499998,0.499998
0.499997,0.499997,0.499995,0.499988,0.499972,0.499939,0.49987,0.499734,0.499472,0.498988,0.498128,0.496656,0.494228,0.490374,0.484483,0.475817,0.463544,0.446818,0.424882,0.397201,0.363598,0.324363,0.28032,0.232808,0.183599,0.134744,0.0883767,0.0465287,0.0109726,-0.016874,-0.0359807,-0.0456917,-0.0456917,-0.0359807,-0.016874,0.0109726,0.0465287,0.0883767,0.134744,0.183599,0.232808,0.28032,0.324363,0.363598,0.397201,0.424882,0.446818,0.463544,0.475817,0.484483,0.490374,0.494228,0.496656,0.498128,0.498988,0.499472,0.499734,0.49987,0.499939,0.499972,0.499988,0.499995,0.499997,0.499997
0.499997,0.499997,0.499993,0.499985,0.499967,0.499927,0.499845,0.499683,0.499372,0.498799,0.497783,0.496048,0.493195,0.48868,0.481804,0.471723,0.457504,0.438208,0.413019,0.381392,0.343208,0.29889,0.249455,0.196492,0.142035,0.0883767,0.0378422,-0.00742134,-0.0456058,-0.075324,-0.0956149,-0.105895,-0.105895,-0.0956149,-0.075324,-0.0456058,-0.00742134,0.0378422,0.0883767,0.142035,0.196492,0.249455,0.29889,0.343208,0.381392,0.413019,0.438208,0.457504,0.471723,0.481804,0.48868,0.493195,0.496048,0.497783,0.498799,0.499372,0.499683,0.499845,0.499927,0.499967,0.499985,0.499993,0.499997,0.499997
0.499996,0.499996,0.499992,0.499983,0.499962,0.499915,0.499821,0.499633,0.499274,0.498615,0.497448,0.495459,0.492198,0.487051,0.479235,0.467812,0.451756,0.430049,0.401827,0.366553,0.324173,0.275247,0.220991,0.163229,0.104239,0.0465287,-0.00742134,-0.0553886,-0.0955702,-0.126648,-0.147762,-0.158425,-0.158425,-0.147762,-0.126648,-0.0955702,-0.0553886,-0.00742134,0.0465287,0.104239,0.163229,0.220991,0.275247,0.324173,0.366553,0.401827,0.430049,0.451756,0.467812,0.479235,0.487051,0.492198,0.495459,0.497448,0.498615,0.499274,0.499633,0.499821,0.499915,0.499962,0.499983,0.499992,0.499996,0.499996
0.499995,0.499995,0.499991,0.499981,0.499957,0.499905,0.499798,0.499587,0.499185,0.498447,0.497144,0.494927,0.4913,0.485587,0.476932,0.464317,0.446636,0.422806,0.391932,0.353489,0.307495,0.25464,0.196324,0.13458,0.0719011,0.0109726,-0.0456058,-0.0955702,-0.137152,-0.169124,-0.190744,-0.201629,-0.201629,-0.190744,-0.169124,-0.137152,-0.0955702,-0.0456058,0.0109726,0.0719011,0.13458,0.196324,0.25464,0.307495,0.353489,0.391932,0.422806,0.446636,0.464317,0.476932,0.485587,0.4913,0.494927,0.497144,0.498447,0.499185,0.499587,0.499798,0.499905,0.499957,0.499981,0.499991,0.499995,0.499995
0.499995,0.499995,0.499991,0.499979,0.499952,0.499896,0.49978,0.49955,0.499112,0.498309,0.496893,0.494489,0.490561,0.484385,0.475045,0.461461,0.442463,0.416921,0.383918,0.342946,0.294088,0.238147,0.176674,0.111879,0.0464214,-0.016874,-0.075324,-0.126648,-0.169124,-0.20162,-0.223504,-0.234493,-0.234493,-0.223504,-0.20162,-0.169124,-0.126648,-0.075324,-0.016874,0.0464214,0.111879,0.176674,0.238147,0.294088,0.342946,0.383918,0.416921,0.442463,0.461461,0.475045,0.484385,0.490561,0.494489,0.496893,0.498309,0.499112,0.49955,0.49978,0.499896,0.499952,0.499979,0.499991,0.499995,0.499995
0.499995,0.499995,0.49999,0.499978,0.49995,0.499889,0.499766,0.499523,0.499059,0.498211,0.496715,0.494177,0.490035,0.48353,0.473706,0.459437,0.439512,0.412769,0.378277,0.335544,0.284703,0.22664,0.163015,0.0961609,0.0288563,-0.0359807,-0.0956149,-0.147762,-0.190744,-0.223504,-0.245499,-0.256521,-0.256521,-0.245499,-0.223504,-0.190744,-0.147762,-0.0956149,-0.0359807,0.0288563,0.0961609,0.163015,0.22664,0.284703,0.335544,0.378277,0.412769,0.439512,0.459437,0.473706,0.48353,0.490035,0.494177,0.496715,0.498211,0.499059,0.499523,0.499766,0.499889,0.49995,0.499978,0.49999,0.499995,0.499995
0.499994,0.499994,0.49999,0.499977,0.499948,0.499886,0.499759,0.499508,0.499032,0.498159,0.496621,0.494014,0.489761,0.483086,0.473011,0.458388,0.437984,0.410621,0.375364,0.331728,0.279873,0.220729,0.156015,0.088126,0.0199021,-0.0456917,-0.105895,-0.158425,-0.201629,-0.234493,-0.256521,-0.267547,-0.267547,-0.256521,-0.234493,-0.201629,-0.158425,-0.105895,-0.0456917,0.0199021,0.088126,0.156015,0.220729,0.279873,0.331728,0.375364,0.410621,0.437984,0.458388,0.473011,0.483086,0.489761,0.494014,0.496621,0.498159,0.499032,0.499508,0.499759,0.499886,0.499948,0.499977,0.49999,0.499994,0.499994
0.499994,0.499994,0.49999,0.499977,0.499948,0.499886,0.499759,0.499508,0.499032,0.498159,0.496621,0.494014,0.489761,0.483086,0.473011,0.458388,0.437984,0.410621,0.375364,0.331728,0.279873,0.220729,0.156015,0.088126,0.0199021,-0.0456917,-0.105895,-0.158425,-0.201629,-0.234493,-0.256521,-0.267547,-0.267547,-0.256521,-0.234493,-0.201629,-0.158425,-0.105895,-0.0456917,0.0199021,0.088126,0.156015,0.220729,0.279873,0.331728,0.375364,0.410621,0.437984,0.458388,0.473011,0.483086,0.489761,0.494014,0.496621,0.498159,0.499032,0.499508,0.499759,0.499886,0.499948,0.499977,0.49999,0.499994,0.499994
0.499995,0.499995,0.49999,0.499978,0.49995,0.499889,0.499766,0.499523,0.499059,0.498211,0.496715,0.494177,0.490035,0.48353,0.473706,0.459437,0.439512,0.412769,0.378277,0.335544,0.284703,0.22664,0.163015,0.0961609,0.0288563,-0.0359807,-0.0956149,-0.147762,-0.190744,-0.223504,-0.245499,-0.256521,-0.256521,-0.245499,-0.223504,-0.190744,-0.147762,-0.0956149,-0.0359807,0.0288563,0.0961609,0.163015,0.22664,0.284703,0.335544,0.378277,0.412769,0.439512,0.459437,0.473706,0.48353,0.490035,0.494177,0.496715,0.498211,0.499059,0.499523,0.499766,0.499889,0.49995,0.499978,0.49999,0.499995,0.499995
0.499995,0.499995,0.499991,0.499979,0.499952,0.499896,0.49978,0.49955,0.499112,0.498309,0.496893,0.494489,0.490561,0.484385,0.475045,0.461461,0.442463,0.416921,0.383918,0.342946,0.294088,0.238147,0.176674,0.111879,0.0464214,-0.016874,-0.075324,-0.126648,-0.169124,-0.20162,-0.223504,-0.234493,-0.234493,-0.223504,-0.20162,-0.169124,-0.126648,-0.075324,-0.016874,0.0464214,0.111879,0.176674,0.238147,0.294088,0.342946,0.383918,0.416921,0.442463,0.461461,0.475045,0.484385,0.490561,0.494489,0.496893,0.498309,0.499112,0.49955,0.49978,0.499896,0.499952,0.499979,0.499991,0.499995,0.499995
0.499995,0.499995,0.499991,0.499981,0.499957,0.499905,0.499798,0.499587,0.499185,0.498447,0.497144,0.494927,0.4913,0.485587,0.476932,0.464317,0.446636,0.422806,0.391932,0.353489,0.307495,0.25464,0.196324,0.13458,0.0719011,0.0109726,-0.0456058,-0.0955702,-0.137152,-0.169124,-0.190744,-0.201629,-0.201629,-0.190744,-0.169124,-0.137152,-0.0955702,-0.0456058,0.0109726,0.0719011,0.13458,0.196324,0.25464,0.307495,0.353489,0.391932,0.422806,0.446636,0.464317,0.476932,0.485587,0.4913,0.494927,0.497144,0.498447,0.499185,0.499587,0.499798,0.499905,0.499957,0.499981,0.499991,0.499995,0.499995
0.499996,0.499996,0.499992,0.499983,0.499962,0.499915,0.499821,0.499633,0.499274,0.498615,0.497448,0.495459,0.492198,0.487051,0.479235,0.467812,0.451756,0.430049,0.401827,0.366553,0.324173,0.275247,0.220991,0.163229,0.104239,0.0465287,-0.00742134,-0.0553886,-0.0955702,-0.126648,-0.147762,-0.158425,-0.158425,-0.147762,-0.126648,-0.0955702,-0.0553886,-0.00742134,0.0465287,0.104239,0.163229,0.220991,0.275247,0.324173,0.366553,0.401827,0.430049,0.451756,0.467812,0.479235,0.487051,0.492198,0.495459,0.497448,0.498615,0.499274,0.499633,0.499821,0.499915,0.499962,0.499983,0.499992,0.499996,0.499996
0.499997,0.499997,0.499993,0.499985,0.499967,0.499927,0.499845,0.499683,0.499372,0.498799,0.497783,0.496048,0.493195,0.48868,0.481804,0.471723,0.457504,0.438208,0.413019,0.381392,0.343208,0.29889,0.249455,0.196492,0.142035,0.0883767,0.0378422,-0.00742134,-0.0456058,-0.075324,-0.0956149,-0.105895,-0.105895,-0.0956149,-0.075324,-0.0456058,-0.00742134,0.0378422,0.0883767,0.142035,0.196492,0.249455,0.29889,0.343208,0.381392,0.413019,0.438208,0.457504,0.471723,0.481804,0.48868,0.493195,0.496048,0.497783,0.498799,0.499372,0.499683,0.499845,0.499927,0.499967,0.499985,0.499993,0.499997,0.499997
0.499997,0.499997,0.499995,0.499988,0.499972,0.499939,0.49987,0.499734,0.499472,0.498988,0.498128,0.496656,0.494228,0.490374,0.484483,0.475817,0.463544,0.446818,0.424882,0.397201,0.363598,0.324363,0.28032,0.232808,0.183599,0.134744,0.0883767,0.0465287,0.0109726,-0.016874,-0.0359807,-0.0456917,-0.0456917,-0.0359807,-0.016874,0.0109726,0.0465287,0.0883767,0.134744,0.183599,0.232808,0.28032,0.324363,0.363598,0.397201,0.424882,0.446818,0.463544,0.475817,0.484483,0.490374,0.494228,0.496656,0.498128,0.498988,0.499472,0.499734,0.49987,0.499939,0.499972,0.499988,0.499995,0.499997,0.499997
0.499998,0.499998,0.499996,0.49999,0.499978,0.499951,0.499895,0.499783,0.499569,0.499172,0.498465,0.49725,0.495241,0.49204,0.487129,0.479875,0.469558,0.455431,0.436809,0.413181,0.384329,0.35043,0.312117,0.270492,0.227056,0.183599,0.142035,0.104239,0.0719011,0.0464214,0.0288563,0.0199021,0.0199021,0.0288563,0.0464214,0.0719011,0.104239,0.142035,0.183599,0.227056,0.270492,0.312117,0.35043,0.384329,0.413181,0.436809,0.455431,0.469558,0.479875,0.487129,0.49204,0.495241,0.49725,0.498465,0.499172,0.499569,0.499783,0.499895,0.499951,0.499978,0.49999,0.499996,0.499998,0.499998
0.499998,0.499998,0.499997,0.499992,0.499982,0.499961,0.499917,0.499829,0.499659,0.499343,0.498778,0.497804,0.496187,0.493602,0.48962,0.483711,0.475269,0.463651,0.448254,0.428606,0.404466,0.375916,0.343427,0.307871,0.270492,0.232808,0.196492,0.163229,0.13458,0.111879,0.0961609,0.088126,0.088126,0.0961609,0.111879,0.13458,0.163229,0.196492,0.232808,0.270492,0.307871,0.343427,0.375916,0.404466,0.428606,0.448254,0.463651,0.475269,0.483711,0.48962,0.493602,0.496187,0.497804,0.498778,0.499343,0.499659,0.499829,0.499917,0.499961,0.499982,0.499992,0.499997,0.499998,0.499998
0.499999,0.499999,0.499997,0.499994,0.499987,0.49997,0.499937,0.499869,0.499738,0.499493,0.499055,0.498296,0.497032,0.495003,0.491864,0.487184,0.480465,0.471169,0.458782,0.442879,0.423218,0.399812,0.37299,0.343427,0.312117,0.28032,0.249455,0.220991,0.196324,0.176674,0.163015,0.156015,0.156015,0.163015,0.176674,0.196324,0.220991,0.249455,0.28032,0.312117,0.343427,0.37299,0.399812,0.423218,0.442879,0.458782,0.471169,0.480465,0.487184,0.491864,0.495003,0.497032,0.498296,0.499055,0.499493,0.499738,0.499869,0.499937,0.49997,0.499987,0.499994,0.499997,0.499999,0.499999
0.499999,0.499999,0.499998,0.499996,0.49999,0.499978,0.499953,0.499902,0.499804,0.499621,0.49929,0.498717,0.497757,0.49621,0.493805,0.490203,0.485005,0.477775,0.468084,0.45557,0.439999,0.42134,0.399812,0.375916,0.35043,0.324363,0.29889,0.275247,0.25464,0.238147,0.22664,0.220729,0.220729,0.22664,0.238147,0.25464,0.275247,0.29889,0.324363,0.35043,0.375916,0.399812,0.42134,0.439999,0.45557,0.468084,0.477775,0.485005,0.490203,0.493805,0.49621,0.497757,0.498717,0.49929,0.499621,0.499804,0.499902,0.499953,0.499978,0.49999,0.499996,0.499998,0.499999,0.499999
0.499999,0.499999,0.499999,0.499997,0.499993,0.499984,0.499966,0.49993,0.499858,0.499725,0.499483,0.499062,0.498355,0.497209,0.49542,0.492728,0.488821,0.483358,0.475994,0.466426,0.454448,0.439999,0.423218,0.404466,0.384329,0.363598,0.343208,0.324173,0.307495,0.294088,0.284703,0.279873,0.279873,0.284703,0.294088,0.307495,0.324173,0.343208,0.363598,0.384329,0.404466,0.423218,0.439999,0.454448,0.466426,0.475994,0.483358,0.488821,0.492728,0.49542,0.497209,0.498355,0.499062,0.499483,0.499725,0.499858,0.49993,0.499966,0.499984,0.499993,0.499997,0.499999,0.499999,0.499999
0.5,0.5,0.499999,0.499998,0.499995,0.499989,0.499976,0.499951,0.499901,0.499806,0.499635,0.499335,0.498829,0.498006,0.496714,0.49476,0.491911,0.487904,0.482471,0.475371,0.466426,0.45557,0.442879,0.428606,0.413181,0.397201,0.381392,0.366553,0.353489,0.342946,0.335544,0.331728,0.331728,0.335544,0.342946,0.353489,0.366553,0.381392,0.397201,0.413181,0.428606,0.442879,0.45557,0.466426,0.475371,0.482471,0.487904,0.491911,0.49476,0.496714,0.498006,0.498829,0.499335,0.499635,0.499806,0.499901,0.499951,0.499976,0.499989,0.499995,0.499998,0.499999,0.5,0.5
0.5,0.5,0.499999,0.499999,0.499997,0.499993,0.499984,0.499967,0.499932,0.499868,0.49975,0.499543,0.499192,0.498618,0.497713,0.496337,0.494321,0.491469,0.487582,0.482471,0.475994,0.468084,0.458782,0.448254,0.436809,0.424882,0.413019,0.401827,0.391932,0.383918,0.378277,0.375364,0.375364,0.378277,0.383918,0.391932,0.401827,0.413019,0.424882,0.436809,0.448254,0.458782,0.468084,0.475994,0.482471,0.487582,0.491469,0.494321,0.496337,0.497713,0.498618,0.499192,0.499543,0.49975,0.499868,0.499932,0.499967,0.499984,0.499993,0.499997,0.499999,0.499999,0.5,0.5
0.5,0.5,0.5,0.499999,0.499998,0.499995,0.49999,0.499978,0.499955,0.499912,0.499834,0.499695,0.499459,0.499071,0.498457,0.497518,0.496134,0.494167,0.491469,0.487904,0.483358,0.477775,0.471169,0.463651,0.455431,0.446818,0.438208,0.430049,0.422806,0.416921,0.412769,0.410621,0.410621,0.412769,0.416921,0.422806,0.430049,0.438208,0.446818,0.455431,0.463651,0.471169,0.477775,0.483358,0.487904,0.491469,0.494167,0.496134,0.497518,0.498457,0.499071,0.499459,0.499695,0.499834,0.499912,0.499955,0.499978,0.49999,0.499995,0.499998,0.499999,0.5,0.5,0.5
0.5,0.5,0.5,0.499999,0.499999,0.499997,0.499993,0.499986,0.499972,0.499944,0.499893,0.499803,0.499649,0.499395,0.49899,0.498369,0.497449,0.496134,0.494321,0.491911,0.488821,0.485005,0.480465,0.475269,0.469558,0.463544,0.457504,0.451756,0.446636,0.442463,0.439512,0.437984,0.437984,0.439512,0.442463,0.446636,0.451756,0.457504,0.463544,0.469558,0.475269,0.480465,0.485005,0.488821,0.491911,0.494321,0.496134,0.497449,0.498369,0.49899,0.499395,0.499649,0.499803,0.499893,0.499944,0.499972,0.499986,0.499993,0.499997,0.499999,0.499999,0.5,0.5,0.5
0.5,0.5,0.5,0.5,0.499999,0.499998,0.499996,0.499991,0.499982,0.499965,0.499933,0.499877,0.499779,0.499618,0.49936,0.498962,0.498369,0.497518,0.496337,0.49476,0.492728,0.490203,0.487184,0.483711,0.479875,0.475817,0.471723,0.467812,0.464317,0.461461,0.459437,0.458388,0.458388,0.459437,0.461461,0.464317,0.467812,0.471723,0.475817,0.479875,0.483711,0.487184,0.490203,0.492728,0.49476,0.496337,0.497518,0.498369,0.498962,0.49936,0.499618,0.499779,0.499877,0.499933,0.499965,0.499982,0.499991,0.499996,0.499998,0.499999,0.5,0.5,0.5,0.5
0.5,0.5,0.5,0.5,0.5,0.499999,0.499998,0.499995,0.499989,0.499979,0.49996,0.499925,0.499866,0.499767,0.499607,0.49936,0.49899,0.498457,0.497713,0.496714,0.49542,0.493805,0.491864,0.48962,0.487129,0.484483,0.481804,0.479235,0.476932,0.475045,0.473706,0.473011,0.473011,0.473706,0.475045,0.476932,0.479235,0.481804,0.484483,0.487129,0.48962,0.491864,0.493805,0.49542,0.496714,0.497713,0.498457,0.49899,0.49936,0.499607,0.499767,0.499866,0.499925,0.49996,0.499979,0.499989,0.499995,0.499998,0.499999,0.5,0.5,0.5,0.5,0.5
0.5,0.5,0.5,0.5,0.5,0.499999,0.499999,0.499997,0.499994,0.499988,0.499976,0.499956,0.499921,0.499862,0.499767,0.499618,0.499395,0.499071,0.498618,0.498006,0.497209,0.49621,0.495003,0.493602,0.49204,0.490374,0.48868,0.487051,0.485587,0.484385,0.48353,0.483086,0.483086,0.48353,0.484385,0.485587,0.487051,0.48868,0.490374,0.49204,0.493602,0.495003,0.49621,0.497209,0.498006,0.498618,0.499071,0.499395,0.499618,0.499767,0.499862,0.499921,0.499956,0.499976,0.499988,0.499994,0.499997,0.499999,0.499999,0.5,0.5,0.5,0.5,0.5
0.5,0.5,0.5,0.5,0.5,0.5,0.499999,0.499998,0.499997,0.499993,0.499987,0.499975,0.499955,0.499921,0.499866,0.499779,0.499649,0.499459,0.499192,0.498829,0.498355,0.497757,0.497032,0.496187,0.495241,0.494228,0.493195,0.492198,0.4913,0.490561,0.490035,0.489761,0.489761,0.490035,0.490561,0.4913,0.492198,0.493195,0.494228,0.495241,0.496187,0.497032,0.497757,0.498355,0.498829,0.499192,0.499459,0.499649,0.499779,0.499866,0.499921,0.499955,0.499975,0.499987,0.499993,0.499997,0.499998,0.499999,0.5,0.5,0.5,0.5,0.5,0.5
0.5,0.5,0.5,0.5,0.5,0.5,0.5,0.499999,0.499998,0.499996,0.499993,0.499986,0.499975,0.499956,0.499925,0.499877,0.499803,0.499695,0.499543,0.499335,0.499062,0.498717,0.498296,0.497804,0.49725,0.496656,0.496048,0.495459,0.494927,0.494489,0.494177,0.494014,0.494014,0.494177,0.494489,0.494927,0.495459,0.496048,0.496656,0.49725,0.497804,0.498296,0.498717,0.499062,0.499335,0.499543,0.499695,0.499803,0.499877,0.499925,0.499956,0.499975,0.499986,0.499993,0.499996,0.499998,0.499999,0.5,0.5,0.5,0.5,0.5,0.5,0.5
0.5,0.5,0.5,0.5,0.5,0.5,0.5,0.5,0.499999,0.499998,0.499996,0.499993,0.499987,0.499976,0.49996,0.499933,0.499893,0.499834,0.49975,0.499635,0.499483,0.49929,0.499055,0.498778,0.498465,0.498128,0.497783,0.497448,0.497144,0.496893,0.496715,0.496621,0.496621,0.496715,0.496893,0.497144,0.497448,0.497783,0.498128,0.498465,0.498778,0.499055,0.49929,0.499483,0.499635,0.49975,0.499834,0.499893,0.499933,0.49996,0.499976,0.499987,0.499993,0.499996,0.499998,0.499999,0.5,0.5,0.5,0.5,0.5,0.5,0.5,0.5
0.5,0.5,0.5,0.5,0.5,0.5,0.5,0.5,0.499999,0.499999,0.499998,0.499996,0.499993,0.499988,0.499979,0.499965,0.499944,0.499912,0.499868,0.499806,0.499725,0.499621,0.499493,0.499343,0.499172,0.498988,0.498799,0.498615,0.498447,0.498309,0.498211,0.498159,0.498159,0.498211,0.498309,0.498447,0.498615,0.498799,0.498988,0.499172,0.499343,0.499493,0.499621,0.499725,0.499806,0.499868,0.499912,0.499944,0.499965,0.499979,0.499988,0.499993,0.499996,0.499998,0.499999,0.499999,0.5,0.5,0.5,0.5,0.5,0.5,0.5,0.5
0.5,0.5,0.5,0.5,0.5,0.5,0.5,0.5,0.5,0.499999,0.499999,0.499998,0.499997,0.499994,0.499989,0.499982,0.499972,0.499955,0.499932,0.499901,0.499858,0.499804,0.499738,0.499659,0.499569,0.499472,0.499372,0.499274,0.499185,0.499112,0.499059,0.499032,0.499032,0.499059,0.499112,0.499185,0.499274,0.499372,0.499472,0.499569,0.499659,0.499738,0.499804,0.499858,0.499901,0.499932,0.499955,0.499972,0.499982,0.499989,0.499994,0.499997,0.499998,0.499999,0.499999,0.5,0.5,0.5,0.5,0.5,0.5,0.5,0.5,0.5
0.5,0.5,0.5,0.5,0.5,0.5,0.5,0.5,0.5,0.5,0.5,0.499999,0.499998,0.499997,0.499995,0.499991,0.499986,0.499978,0.499967,0.499951,0.49993,0.499902,0.499869,0.499829,0.499783,0.499734,0.499683,0.499633,0.499587,0.49955,0.499523,0.499508,0.499508,0.499523,0.49955,0.499587,0.499633,0.499683,0.499734,0.499783,0.499829,0.499869,0.499902,0.49993,0.499951,0.499967,0.499978,0.499986,0.499991,0.499995,0.499997,0.499998,0.499999,0.5,0.5,0.5,0.5,0.5,0.5,0.5,0.5,0.5,0.5,0.5
0.5,0.5,0.5,0.5,0.5,0.5,0.5,0.5,0.5,0.5,0.5,0.5,0.499999,0.499999,0.499998,0.499996,0.499993,0.49999,0.499984,0.499976,0.499966,0.499953,0.499937,0.499917,0.499895,0.49987,0.499845,0.499821,0.499798,0.49978,0.499766,0.499759,0.499759,0.499766,0.49978,0.499798,0.499821,0.499845,0.49987,0.499895,0.499917,0.499937,0.499953,0.499966,0.499976,0.499984,0.49999,0.499993,0.499996,0.499998,0.499999,0.499999,0.5,0.5,0.5,0.5,0.5,0.5,0.5,0.5,0.5,0.5,0.5,0.5
0.5,0.5,0.5,0.5,0.5,0.5,0.5,0.5,0.5,0.5,0.5,0.5,0.5,0.499999,0.499999,0.499998,0.499997,0.499995,0.499993,0.499989,0.499984,0.499978,0.49997,0.499961,0.499951,0.499939,0.499927,0.499915,0.499905,0.499896,0.499889,0.499886,0.499886,0.499889,0.499896,0.499905,0.499915,0.499927,0.499939,0.499951,0.499961,0.49997,0.499978,0.499984,0.499989,0.499993,0.499995,0.499997,0.499998,0.499999,0.499999,0.5,0.5,0.5,0.5,0.5,0.5,0.5,0.5,0.5,0.5,0.5,0.5,0.5
0.5,0.5,0.5,0.5,0.5,0.5,0.5,0.5,0.5,0.5,0.5,0.5,0.5,0.5,0.5,0.499999,0.499999,0.499998,0.499997,0.499995,0.499993,0.49999,0.499987,0.499982,0.499978,0.499972,0.499967,0.499962,0.499957,0.499952,0.49995,0.499948,0.499948,0.49995,0.499952,0.499957,0.499962,0.499967,0.499972,0.499978,0.499982,0.499987,0.49999,0.499993,0.499995,0.499997,0.499998,0.499999,0.499999,0.5,0.5,0.5,0.5,0.5,0.5,0.5,0.5,0.5,0.5,0.5,0.5,0.5,0.5,0.5
0.5,0.5,0.5,0.5,0.5,0.5,0.5,0.5,0.5,0.5,0.5,0.5,0.5,0.5,0.5,0.5,0.499999,0.499999,0.499999,0.499998,0.499997,0.499996,0.499994,0.499992,0.49999,0.499988,0.499985,0.499983,0.499981,0.499979,0.499978,0.499977,0.499977,0.499978,0.499979,0.499981,0.499983,0.499985,0.499988,0.49999,0.499992,0.499994,0.499996,0.499997,0.499998,0.499999,0.499999,0.499999,0.5,0.5,0.5,0.5,0.5,0.5,0.5,0.5,0.5,0.5,0.5,0.5,0.5,0.5,0.5,0.5
0.5,0.5,0.5,0.5,0.5,0.5,0.5,0.5,0.5,0.5,0.5,0.5,0.5,0.5,0.5,0.5,0.5,0.5,0.499999,0.499999,0.499999,0.499998,0.499997,0.499997,0.499996,0.499995,0.499993,0.499992,0.499991,0.499991,0.49999,0.49999,0.49999,0.49999,0.499991,0.499991,0.499992,0.499993,0.499995,0.499996,0.499997,0.499997,0.499998,0.499999,0.499999,0.499999,0.5,0.5,0.5,0.5,0.5,0.5,0.5,0.5,0.5,0.5,0.5,0.5,0.5,0.5,0.5,0.5,0.5,0.5
0.5,0.5,0.5,0.5,0.5,0.5,0.5,0.5,0.5,0.5,0.5,0.5,0.5,0.5,0.5,0.5,0.5,0.5,0.5,0.5,0.499999,0.499999,0.499999,0.499998,0.499998,0.499997,0.499997,0.499996,0.499995,0.499995,0.499995,0.499994,0.499994,0.499995,0.499995,0.499995,0.499996,0.499997,0.499997,0.499998,0.499998,0.499999,0.499999,0.499999,0.5,0.5,0.5,0.5,0.5,0.5,0.5,0.5,0.5,0.5,0.5,0.5,0.5,0.5,0.5,0.5,0.5,0.5,0.5,0.5
0.5,0.5,0.5,0.5,0.5,0.5,0.5,0.5,0.5,0.5,0.5,0.5,0.5,0.5,0.5,0.5,0.5,0.5,0.5,0.5,0.499999,0.499999,0.499999,0.499998,0.499998,0.499997,0.499997,0.499996,0.499995,0.499995,0.499995,0.499994,0.499994,0.499995,0.499995,0.499995,0.499996,0.499997,0.499997,0.499998,0.499998,0.499999,0.499999,0.499999,0.5,0.5,0.5,0.5,0.5,0.5,0.5,0.5,0.5,0.5,0.5,0.5,0.5,0.5,0.5,0.5,0.5,0.5,0.5,0.5
