0.5,0.5,0.5,0.5,0.5,0.5,0.5,0.5,0.5,0.5,0.5,0.5,0.5,0.5,0.499999,0.499999,0.499998,0.499997,0.499995,0.499993,0.49999,0.499987,0.499983,0.499978,0.499972,0.499966,0.49996,0.499954,0.499949,0.499945,0.499942,0.49994,0.49994,0.499942,0.499945,0.499949,0.499954,0.49996,0.499966,0.499972,0.499978,0.499983,0.499987,0.49999,0.499993,0.499995,0.499997,0.499998,0.499999,0.499999,0.5,0.5,0.5,0.5,0.5,0.5,0.5,0.5,0.5,0.5,0.5,0.5,0.5,0.5
0.5,0.5,0.5,0.5,0.5,0.5,0.5,0.5,0.5,0.5,0.5,0.5,0.5,0.5,0.499999,0.499999,0.499998,0.499997,0.499995,0.499993,0.49999,0.499987,0.499983,0.499978,0.499972,0.499966,0.49996,0.499954,0.499949,0.499945,0.499942,0.49994,0.49994,0.499942,0.499945,0.499949,0.499954,0.49996,0.499966,0.499972,0.499978,0.499983,0.499987,0.49999,0.499993,0.499995,0.499997,0.499998,0.499999,0.499999,0.5,0.5,0.5,0.5,0.5,0.5,0.5,0.5,0.5,0.5,0.5,0.5,0.5,0.5
0.5,0.5,0.5,0.5,0.5,0.5,0.5,0.5,0.5,0.5,0.5,0.5,0.499999,0.499999,0.499999,0.499998,0.499996,0.499994,0.499992,0.499988,0.499984,0.499978,0.499971,0.499963,0.499954,0.499944,0.499934,0.499924,0.499916,0.499908,0.499903,0.499901,0.499901,0.499903,0.499908,0.499916,0.499924,0.499934,0.499944,0.499954,0.499963,0.499971,0.499978,0.499984,0.499988,0.499992,0.499994,0.499996,0.499998,0.499999,0.499999,0.499999,0.5,0.5,0.5,0.5,0.5,0.5,0.5,0.5,0.5,0.5,0.5,0.5
0.5,0.5,0.5,0.5,0.5,0.5,0.5,0.5,0.5,0.5,0.5,0.499999,0.499999,0.499998,0.499997,0.499995,0.499992,0.499989,0.499983,0.499976,0.499967,0.499955,0.499941,0.499925,0.499907,0.499888,0.499868,0.499849,0.499832,0.499818,0.499808,0.499803,0.499803,0.499808,0.499818,0.499832,0.499849,0.499868,0.499888,0.499907,0.499925,0.499941,0.499955,0.499967,0.499976,0.499983,0.499989,0.499992,0.499995,0.499997,0.499998,0.499999,0.499999,0.5,0.5,0.5,0.5,0.5,0.5,0.5,0.5,0.5,0.5,0.5
0.5,0.5,0.5,0.5,0.5,0.5,0.5,0.5,0.5,0.5,0.499999,0.499999,0.499998,0.499996,0.499994,0.49999,0.499984,0.499976,0.499965,0.49995,0.499931,0.499907,0.499879,0.499846,0.49981,0.499771,0.499732,0.499694,0.499661,0.499633,0.499613,0.499603,0.499603,0.499613,0.499633,0.499661,0.499694,0.499732,0.499771,0.49981,0.499846,0.499879,0.499907,0.499931,0.49995,0.499965,0.499976,0.499984,0.49999,0.499994,0.499996,0.499998,0.499999,0.499999,0.5,0.5,0.5,0.5,0.5,0.5,0.5,0.5,0.5,0.5
0.5,0.5,0.5,0.5,0.5,0.5,0.5,0.5,0.5,0.499999,0.499998,0.499997,0.499995,0.499992,0.499987,0.499979,0.499967,0.499951,0.499929,0.499899,0.499861,0.499814,0.499758,0.499693,0.499622,0.499546,0.499469,0.499396,0.49933,0.499276,0.499238,0.499218,0.499218,0.499238,0.499276,0.49933,0.499396,0.499469,0.499546,0.499622,0.499693,0.499758,0.499814,0.499861,0.499899,0.499929,0.499951,0.499967,0.499979,0.499987,0.499992,0.499995,0.499997,0.499998,0.499999,0.5,0.5,0.5,0.5,0.5,0.5,0.5,0.5,0.5
0.5,0.5,0.5,0.5,0.5,0.5,0.5,0.5,0.499999,0.499998,0.499997,0.499994,0.49999,0.499984,0.499973,0.499958,0.499935,0.499903,0.499859,0.499802,0.499728,0.499637,0.49953,0.499406,0.49927,0.499127,0.498982,0.498844,0.498721,0.498619,0.498548,0.498511,0.498511,0.498548,0.498619,0.498721,0.498844,0.498982,0.499127,0.49927,0.499406,0.49953,0.499637,0.499728,0.499802,0.499859,0.499903,0.499935,0.499958,0.499973,0.499984,0.49999,0.499994,0.499997,0.499998,0.499999,0.5,0.5,0.5,0.5,0.5,0.5,0.5,0.5
0.5,0.5,0.5,0.5,0.5,0.5,0.5,0.499999,0.499998,0.499997,0.499994,0.499989,0.499981,0.499968,0.499948,0.499918,0.499875,0.499814,0.499731,0.499623,0.499485,0.499316,0.499117,0.498889,0.49864,0.498378,0.498114,0.497863,0.497639,0.497456,0.497327,0.49726,0.49726,0.497327,0.497456,0.497639,0.497863,0.498114,0.498378,0.49864,0.498889,0.499117,0.499316,0.499485,0.499623,0.499731,0.499814,0.499875,0.499918,0.499948,0.499968,0.499981,0.499989,0.499994,0.499997,0.499998,0.499999,0.5,0.5,0.5,0.5,0.5,0.5,0.5
0.5,0.5,0.5,0.5,0.5,0.5,0.499999,0.499998,0.499997,0.499993,0.499988,0.499979,0.499964,0.499939,0.499902,0.499846,0.499766,0.499654,0.499503,0.499306,0.499057,0.498754,0.498397,0.497992,0.49755,0.497087,0.496623,0.496183,0.495792,0.495473,0.495247,0.49513,0.49513,0.495247,0.495473,0.495792,0.496183,0.496623,0.497087,0.49755,0.497992,0.498397,0.498754,0.499057,0.499306,0.499503,0.499654,0.499766,0.499846,0.499902,0.499939,0.499964,0.499979,0.499988,0.499993,0.499997,0.499998,0.499999,0.5,0.5,0.5,0.5,0.5,0.5
0.5,0.5,0.5,0.5,0.5,0.499999,0.499998,0.499997,0.499993,0.499988,0.499978,0.499961,0.499933,0.499889,0.499821,0.499721,0.499578,0.499379,0.499112,0.498766,0.498331,0.497804,0.497188,0.496492,0.495735,0.494946,0.494159,0.493415,0.492754,0.492218,0.491839,0.491643,0.491643,0.491839,0.492218,0.492754,0.493415,0.494159,0.494946,0.495735,0.496492,0.497188,0.497804,0.498331,0.498766,0.499112,0.499379,0.499578,0.499721,0.499821,0.499889,0.499933,0.499961,0.499978,0.499988,0.499993,0.499997,0.499998,0.499999,0.5,0.5,0.5,0.5,0.5
0.5,0.5,0.5,0.5,0.499999,0.499998,0.499997,0.499994,0.499988,0.499978,0.49996,0.499929,0.49988,0.499802,0.499684,0.49951,0.499261,0.498919,0.498463,0.497874,0.497141,0.496256,0.495227,0.494071,0.492822,0.491525,0.490237,0.489022,0.487949,0.487079,0.486466,0.486149,0.486149,0.486466,0.487079,0.487949,0.489022,0.490237,0.491525,0.492822,0.494071,0.495227,0.496256,0.497141,0.497874,0.498463,0.498919,0.499261,0.49951,0.499684,0.499802,0.49988,0.499929,0.49996,0.499978,0.499988,0.499994,0.499997,0.499998,0.499999,0.5,0.5,0.5,0.5
0.5,0.5,0.5,0.499999,0.499999,0.499997,0.499994,0.499989,0.499979,0.499961,0.499929,0.499877,0.499792,0.499659,0.499458,0.499164,0.498748,0.498179,0.497424,0.496457,0.495259,0.493824,0.492164,0.490311,0.488318,0.48626,0.484225,0.482315,0.480632,0.479272,0.478315,0.477822,0.477822,0.478315,0.479272,0.480632,0.482315,0.484225,0.48626,0.488318,0.490311,0.492164,0.493824,0.495259,0.496457,0.497424,0.498179,0.498748,0.499164,0.499458,0.499659,0.499792,0.499877,0.499929,0.499961,0.499979,0.499989,0.499994,0.499997,0.499999,0.499999,0.5,0.5,0.5
0.5,0.5,0.499999,0.499999,0.499998,0.499995,0.49999,0.499981,0.499964,0.499933,0.49988,0.499792,0.499651,0.499431,0.499101,0.49862,0.497945,0.497027,0.495819,0.494281,0.492389,0.490138,0.48755,0.48468,0.481611,0.478459,0.475359,0.472461,0.469917,0.467867,0.466429,0.465687,0.465687,0.466429,0.467867,0.469917,0.472461,0.475359,0.478459,0.481611,0.48468,0.48755,0.490138,0.492389,0.494281,0.495819,0.497027,0.497945,0.49862,0.499101,0.499431,0.499651,0.499792,0.49988,0.499933,0.499964,0.499981,0.49999,0.499995,0.499998,0.499999,0.499999,0.5,0.5
0.5,0.5,0.499999,0.499998,0.499996,0.499992,0.499984,0.499968,0.499939,0.499889,0.499802,0.499659,0.499431,0.499078,0.498552,0.497791,0.49673,0.495296,0.493423,0.491057,0.488166,0.484751,0.480852,0.476556,0.471993,0.467332,0.462774,0.458534,0.454827,0.451849,0.449766,0.448693,0.448693,0.449766,0.451849,0.454827,0.458534,0.462774,0.467332,0.471993,0.476556,0.480852,0.484751,0.488166,0.491057,0.493423,0.495296,0.49673,0.497791,0.498552,0.499078,0.499431,0.499659,0.499802,0.499889,0.499939,0.499968,0.499984,0.499992,0.499996,0.499998,0.499999,0.5,0.5
0.499999,0.499999,0.499999,0.499997,0.499994,0.499987,0.499973,0.499948,0.499902,0.499821,0.499684,0.499458,0.499101,0.498552,0.497738,0.496571,0.494953,0.492784,0.489973,0.486447,0.482171,0.477158,0.471478,0.465263,0.458708,0.452057,0.44559,0.439606,0.434398,0.430231,0.427323,0.425829,0.425829,0.427323,0.430231,0.434398,0.439606,0.44559,0.452057,0.458708,0.465263,0.471478,0.477158,0.482171,0.486447,0.489973,0.492784,0.494953,0.496571,0.497738,0.498552,0.499101,0.499458,0.499684,0.499821,0.499902,0.499948,0.499973,0.499987,0.499994,0.499997,0.499999,0.499999,0.499999
0.499999,0.499999,0.499998,0.499995,0.49999,0.499979,0.499958,0.499918,0.499846,0.499721,0.49951,0.499164,0.49862,0.497791,0.496571,0.494834,0.492443,0.489263,0.485172,0.480082,0.473959,0.466837,0.458832,0.450141,0.441043,0.431876,0.423022,0.414878,0.407826,0.402206,0.398296,0.396291,0.396291,0.398296,0.402206,0.407826,0.414878,0.423022,0.431876,0.441043,0.450141,0.458832,0.466837,0.473959,0.480082,0.485172,0.489263,0.492443,0.494834,0.496571,0.497791,0.49862,0.499164,0.49951,0.499721,0.499846,0.499918,0.499958,0.499979,0.49999,0.499995,0.499998,0.499999,0.499999
0.499998,0.499998,0.499996,0.499992,0.499984,0.499967,0.499935,0.499875,0.499766,0.499578,0.499261,0.498748,0.497945,0.49673,0.494953,0.492443,0.489016,0.484492,0.47872,0.471598,0.463103,0.453306,0.442387,0.430633,0.418427,0.406225,0.394526,0.383834,0.374629,0.367327,0.362264,0.359673,0.359673,0.362264,0.367327,0.374629,0.383834,0.394526,0.406225,0.418427,0.430633,0.442387,0.453306,0.463103,0.471598,0.47872,0.484492,0.489016,0.492443,0.494953,0.49673,0.497945,0.498748,0.499261,0.499578,0.499766,0.499875,0.499935,0.499967,0.499984,0.499992,0.499996,0.499998,0.499998
0.499997,0.499997,0.499994,0.499989,0.499976,0.499951,0.499903,0.499814,0.499654,0.499379,0.498919,0.498179,0.497027,0.495296,0.492784,0.489263,0.484492,0.478247,0.470345,0.46068,0.449253,0.436195,0.421773,0.406389,0.390556,0.374864,0.359939,0.346401,0.334818,0.325679,0.319368,0.316146,0.316146,0.319368,0.325679,0.334818,0.346401,0.359939,0.374864,0.390556,0.406389,0.421773,0.436195,0.449253,0.46068,0.470345,0.478247,0.484492,0.489263,0.492784,0.495296,0.497027,0.498179,0.498919,0.499379,0.499654,0.499814,0.499903,0.499951,0.499976,0.499989,0.499994,0.499997,0.499997
0.499995,0.499995,0.499992,0.499983,0.499965,0.499929,0.499859,0.499731,0.499503,0.499112,0.498463,0.497424,0.495819,0.493423,0.489973,0.485172,0.47872,0.470345,0.45984,0.447109,0.432198,0.41532,0.396863,0.377367,0.357498,0.337992,0.319608,0.303069,0.289022,0.278006,0.270433,0.266577,0.266577,0.270433,0.278006,0.289022,0.303069,0.319608,0.337992,0.357498,0.377367,0.396863,0.41532,0.432198,0.447109,0.45984,0.470345,0.47872,0.485172,0.489973,0.493423,0.495819,0.497424,0.498463,0.499112,0.499503,0.499731,0.499859,0.499929,0.499965,0.499983,0.499992,0.499995,0.499995
0.499993,0.499993,0.499988,0.499976,0.49995,0.499899,0.499802,0.499623,0.499306,0.498766,0.497874,0.496457,0.494281,0.491057,0.486447,0.480082,0.471598,0.46068,0.447109,0.430816,0.411921,0.390752,0.367843,0.343903,0.319764,0.296316,0.27444,0.254944,0.238526,0.225741,0.216997,0.21256,0.21256,0.216997,0.225741,0.238526,0.254944,0.27444,0.296316,0.319764,0.343903,0.367843,0.390752,0.411921,0.430816,0.447109,0.46068,0.471598,0.480082,0.486447,0.491057,0.494281,0.496457,0.497874,0.498766,0.499306,0.499623,0.499802,0.499899,0.49995,0.499976,0.499988,0.499993,0.499993
0.49999,0.49999,0.499984,0.499967,0.499931,0.499861,0.499728,0.499485,0.499057,0.498331,0.497141,0.495259,0.492389,0.488166,0.482171,0.473959,0.463103,0.449253,0.432198,0.411921,0.388647,0.362852,0.335248,0.306734,0.27832,0.251043,0.225885,0.203707,0.18521,0.170926,0.161218,0.156312,0.156312,0.161218,0.170926,0.18521,0.203707,0.225885,0.251043,0.27832,0.306734,0.335248,0.362852,0.388647,0.411921,0.432198,0.449253,0.463103,0.473959,0.482171,0.488166,0.492389,0.495259,0.497141,0.498331,0.499057,0.499485,0.499728,0.499861,0.499931,0.499967,0.499984,0.49999,0.49999
0.499987,0.499987,0.499978,0.499955,0.499907,0.499814,0.499637,0.499316,0.498754,0.497804,0.496256,0.493824,0.490138,0.484751,0.477158,0.466837,0.453306,0.436195,0.41532,0.390752,0.362852,0.332278,0.299951,0.266972,0.234532,0.203796,0.175814,0.151454,0.131371,0.116013,0.105656,0.100446,0.100446,0.105656,0.116013,0.131371,0.151454,0.175814,0.203796,0.234532,0.266972,0.299951,0.332278,0.362852,0.390752,0.41532,0.436195,0.453306,0.466837,0.477158,0.484751,0.490138,0.493824,0.496256,0.497804,0.498754,0.499316,0.499637,0.499814,0.499907,0.499955,0.499978,0.499987,0.499987
0.499983,0.499983,0.499971,0.499941,0.499879,0.499758,0.49953,0.499117,0.498397,0.497188,0.495227,0.492164,0.48755,0.480852,0.471478,0.458832,0.442387,0.421773,0.396863,0.367843,0.335248,0.299951,0.263098,0.226005,0.190031,0.156444,0.126317,0.100471,0.0794508,0.0635674,0.0529556,0.0476502,0.0476502,0.0529556,0.0635674,0.0794508,0.100471,0.126317,0.156444,0.190031,0.226005,0.263098,0.299951,0.335248,0.367843,0.396863,0.421773,0.442387,0.458832,0.471478,0.480852,0.48755,0.492164,0.495227,0.497188,0.498397,0.499117,0.49953,0.499758,0.499879,0.499941,0.499971,0.499983,0.499983
0.499978,0.499978,0.499963,0.499925,0.499846,0.499693,0.499406,0.498889,0.497992,0.496492,0.494071,0.490311,0.48468,0.476556,0.465263,0.450141,0.430633,0.406389,0.377367,0.343903,0.306734,0.266972,0.226005,0.185361,0.146545,0.110893,0.0794539,0.052938,0.0317256,0.015931,0.00550227,0.000328272,0.000328272,0.00550227,0.015931,0.0317256,0.052938,0.0794539,0.110893,0.146545,0.185361,0.226005,0.266972,0.306734,0.343903,0.377367,0.406389,0.430633,0.450141,0.465263,0.476556,0.48468,0.490311,0.494071,0.496492,0.497992,0.498889,0.499406,0.499693,0.499846,0.499925,0.499963,0.499978,0.499978
0.499972,0.499972,0.499954,0.499907,0.49981,0.499622,0.49927,0.49864,0.49755,0.495735,0.492822,0.488318,0.481611,0.471993,0.458708,0.441043,0.418427,0.390556,0.357498,0.319764,0.27832,0.234532,0.190031,0.146545,0.105703,0.0688634,0.0370009,0.0106636,-0.00998933,-0.025086,-0.0349036,-0.0397255,-0.0397255,-0.0349036,-0.025086,-0.00998933,0.0106636,0.0370009,0.0688634,0.105703,0.146545,0.190031,0.234532,0.27832,0.319764,0.357498,0.390556,0.418427,0.441043,0.458708,0.471993,0.481611,0.488318,0.492822,0.495735,0.49755,0.49864,0.49927,0.499622,0.49981,0.499907,0.499954,0.499972,0.499972
0.499966,0.499966,0.499944,0.499888,0.499771,0.499546,0.499127,0.498378,0.497087,0.494946,0.491525,0.48626,0.478459,0.467332,0.452057,0.431876,0.406225,0.374864,0.337992,0.296316,0.251043,0.203796,0.156444,0.110893,0.0688634,0.0316986,0.000253185,-0.0251312,-0.0445562,-0.0584254,-0.0672656,-0.0715484,-0.0715484,-0.0672656,-0.0584254,-0.0445562,-0.0251312,0.000253185,0.0316986,0.0688634,0.110893,0.156444,0.203796,0.251043,0.296316,0.337992,0.374864,0.406225,0.431876,0.452057,0.467332,0.478459,0.48626,0.491525,0.494946,0.497087,0.498378,0.499127,0.499546,0.499771,0.499888,0.499944,0.499966,0.499966
0.49996,0.49996,0.499934,0.499868,0.499732,0.499469,0.498982,0.498114,0.496623,0.494159,0.490237,0.484225,0.475359,0.462774,0.44559,0.423022,0.394526,0.359939,0.319608,0.27444,0.225885,0.175814,0.126317,0.0794539,0.0370009,0.000253185,-0.0300875,-0.0539138,-0.071609,-0.0838664,-0.0914702,-0.0950837,-0.0950837,-0.0914702,-0.0838664,-0.071609,-0.0539138,-0.0300875,0.000253185,0.0370009,0.0794539,0.126317,0.175814,0.225885,0.27444,0.319608,0.359939,0.394526,0.423022,0.44559,0.462774,0.475359,0.484225,0.490237,0.494159,0.496623,0.498114,0.498982,0.499469,0.499732,0.499868,0.499934,0.49996,0.49996
0.499954,0.499954,0.499924,0.499849,0.499694,0.499396,0.498844,0.497863,0.496183,0.493415,0.489022,0.482315,0.472461,0.458534,0.439606,0.414878,0.383834,0.346401,0.303069,0.254944,0.203707,0.151454,0.100471,0.052938,0.0106636,-0.0251312,-0.0539138,-0.0758183,-0.0915095,-0.101963,-0.10821,-0.111097,-0.111097,-0.10821,-0.101963,-0.0915095,-0.0758183,-0.0539138,-0.0251312,0.0106636,0.052938,0.100471,0.151454,0.203707,0.254944,0.303069,0.346401,0.383834,0.414878,0.439606,0.458534,0.472461,0.482315,0.489022,0.493415,0.496183,0.497863,0.498844,0.499396,0.499694,0.499849,0.499924,0.499954,0.499954
0.499949,0.499949,0.499916,0.499832,0.499661,0.49933,0.498721,0.497639,0.495792,0.492754,0.487949,0.480632,0.469917,0.454827,0.434398,0.407826,0.374629,0.334818,0.289022,0.238526,0.18521,0.131371,0.0794508,0.0317256,-0.00998933,-0.0445562,-0.071609,-0.0915095,-0.10518,-0.113851,-0.118774,-0.120956,-0.120956,-0.118774,-0.113851,-0.10518,-0.0915095,-0.071609,-0.0445562,-0.00998933,0.0317256,0.0794508,0.131371,0.18521,0.238526,0.289022,0.334818,0.374629,0.407826,0.434398,0.454827,0.469917,0.480632,0.487949,0.492754,0.495792,0.497639,0.498721,0.49933,0.499661,0.499832,0.499916,0.499949,0.499949
0.499945,0.499945,0.499908,0.499818,0.499633,0.499276,0.498619,0.497456,0.495473,0.492218,0.487079,0.479272,0.467867,0.451849,0.430231,0.402206,0.367327,0.325679,0.278006,0.225741,0.170926,0.116013,0.0635674,0.015931,-0.025086,-0.0584254,-0.0838664,-0.101963,-0.113851,-0.120969,-0.124747,-0.126323,-0.126323,-0.124747,-0.120969,-0.113851,-0.101963,-0.0838664,-0.0584254,-0.025086,0.015931,0.0635674,0.116013,0.170926,0.225741,0.278006,0.325679,0.367327,0.402206,0.430231,0.451849,0.467867,0.479272,0.487079,0.492218,0.495473,0.497456,0.498619,0.499276,0.499633,0.499818,0.499908,0.499945,0.499945
0.499942,0.499942,0.499903,0.499808,0.499613,0.499238,0.498548,0.497327,0.495247,0.491839,0.486466,0.478315,0.466429,0.449766,0.427323,0.398296,0.362264,0.319368,0.270433,0.216997,0.161218,0.105656,0.0529556,0.00550227,-0.0349036,-0.0672656,-0.0914702,-0.10821,-0.118774,-0.124747,-0.127687,-0.128819,-0.128819,-0.127687,-0.124747,-0.118774,-0.10821,-0.0914702,-0.0672656,-0.0349036,0.00550227,0.0529556,0.105656,0.161218,0.216997,0.270433,0.319368,0.362264,0.398296,0.427323,0.449766,0.466429,0.478315,0.486466,0.491839,0.495247,0.497327,0.498548,0.499238,0.499613,0.499808,0.499903,0.499942,0.499942
0.49994,0.49994,0.499901,0.499803,0.499603,0.499218,0.498511,0.49726,0.49513,0.491643,0.486149,0.477822,0.465687,0.448693,0.425829,0.396291,0.359673,0.316146,0.266577,0.21256,0.156312,0.100446,0.0476502,0.000328272,-0.0397255,-0.0715484,-0.0950837,-0.111097,-0.120956,-0.126323,-0.128819,-0.129718,-0.129718,-0.128819,-0.126323,-0.120956,-0.111097,-0.0950837,-0.0715484,-0.0397255,0.000328272,0.0476502,0.100446,0.156312,0.21256,0.266577,0.316146,0.359673,0.396291,0.425829,0.448693,0.465687,0.477822,0.486149,0.491643,0.49513,0.49726,0.498511,0.499218,0.499603,0.499803,0.499901,0.49994,0.49994
0.49994,0.49994,0.499901,0.499803,0.499603,0.499218,0.498511,0.49726,0.49513,0.491643,0.486149,0.477822,0.465687,0.448693,0.425829,0.396291,0.359673,0.316146,0.266577,0.21256,0.156312,0.100446,0.0476502,0.000328272,-0.0397255,-0.0715484,-0.0950837,-0.111097,-0.120956,-0.126323,-0.128819,-0.129718,-0.129718,-0.128819,-0.126323,-0.120956,-0.111097,-0.0950837,-0.0715484,-0.0397255,0.000328272,0.0476502,0.100446,0.156312,0.21256,0.266577,0.316146,0.359673,0.396291,0.425829,0.448693,0.465687,0.477822,0.486149,0.491643,0.49513,0.49726,0.498511,0.499218,0.499603,0.499803,0.499901,0.49994,0.49994
0.499942,0.499942,0.499903,0.499808,0.499613,0.499238,0.498548,0.497327,0.495247,0.491839,0.486466,0.478315,0.466429,0.449766,0.427323,0.398296,0.362264,0.319368,0.270433,0.216997,0.161218,0.105656,0.0529556,0.00550227,-0.0349036,-0.0672656,-0.0914702,-0.10821,-0.118774,-0.124747,-0.127687,-0.128819,-0.128819,-0.127687,-0.124747,-0.118774,-0.10821,-0.0914702,-0.0672656,-0.0349036,0.00550227,0.0529556,0.105656,0.161218,0.216997,0.270433,0.319368,0.362264,0.398296,0.427323,0.449766,0.466429,0.478315,0.486466,0.491839,0.495247,0.497327,0.498548,0.499238,0.499613,0.499808,0.499903,0.499942,0.499942
0.499945,0.499945,0.499908,0.499818,0.499633,0.499276,0.498619,0.497456,0.495473,0.492218,0.487079,0.479272,0.467867,0.451849,0.430231,0.402206,0.367327,0.325679,0.278006,0.225741,0.170926,0.116013,0.0635674,0.015931,-0.025086,-0.0584254,-0.0838664,-0.101963,-0.113851,-0.120969,-0.124747,-0.126323,-0.126323,-0.124747,-0.120969,-0.113851,-0.101963,-0.0838664,-0.0584254,-0.025086,0.015931,0.0635674,0.116013,0.170926,0.225741,0.278006,0.325679,0.367327,0.402206,0.430231,0.451849,0.467867,0.479272,0.487079,0.492218,0.495473,0.497456,0.498619,0.499276,0.499633,0.499818,0.499908,0.499945,0.499945
0.499949,0.499949,0.499916,0.499832,0.499661,0.49933,0.498721,0.497639,0.495792,0.492754,0.487949,0.480632,0.469917,0.454827,0.434398,0.407826,0.374629,0.334818,0.289022,0.238526,0.18521,0.131371,0.0794508,0.0317256,-0.00998933,-0.0445562,-0.071609,-0.0915095,-0.10518,-0.113851,-0.118774,-0.120956,-0.120956,-0.118774,-0.113851,-0.10518,-0.0915095,-0.071609,-0.0445562,-0.00998933,0.0317256,0.0794508,0.131371,0.18521,0.238526,0.289022,0.334818,0.374629,0.407826,0.434398,0.454827,0.469917,0.480632,0.487949,0.492754,0.495792,0.497639,0.498721,0.49933,0.499661,0.499832,0.499916,0.499949,0.499949
0.499954,0.499954,0.499924,0.499849,0.499694,0.499396,0.498844,0.497863,0.496183,0.493415,0.489022,0.482315,0.472461,0.458534,0.439606,0.414878,0.383834,0.346401,0.303069,0.254944,0.203707,0.151454,0.100471,0.052938,0.0106636,-0.0251312,-0.0539138,-0.0758183,-0.0915095,-0.101963,-0.10821,-0.111097,-0.111097,-0.10821,-0.101963,-0.0915095,-0.0758183,-0.0539138,-0.0251312,0.0106636,0.052938,0.100471,0.151454,0.203707,0.254944,0.303069,0.346401,0.383834,0.414878,0.439606,0.458534,0.472461,0.482315,0.489022,0.493415,0.496183,0.497863,0.498844,0.499396,0.499694,0.499849,0.499924,0.499954,0.499954
0.49996,0.49996,0.499934,0.499868,0.499732,0.499469,0.498982,0.498114,0.496623,0.494159,0.490237,0.484225,0.475359,0.462774,0.44559,0.423022,0.394526,0.359939,0.319608,0.27444,0.225885,0.175814,0.126317,0.0794539,0.0370009,0.000253185,-0.0300875,-0.0539138,-0.071609,-0.0838664,-0.0914702,-0.0950837,-0.0950837,-0.0914702,-0.0838664,-0.071609,-0.0539138,-0.0300875,0.000253185,0.0370009,0.0794539,0.126317,0.175814,0.225885,0.27444,0.319608,0.359939,0.394526,0.423022,0.44559,0.462774,0.475359,0.484225,0.490237,0.494159,0.496623,0.498114,0.498982,0.499469,0.499732,0.499868,0.499934,0.49996,0.49996
0.499966,0.499966,0.499944,0.499888,0.499771,0.499546,0.499127,0.498378,0.497087,0.494946,0.491525,0.48626,0.478459,0.467332,0.452057,0.431876,0.406225,0.374864,0.337992,0.296316,0.251043,0.203796,0.156444,0.110893,0.0688634,0.0316986,0.000253185,-0.0251312,-0.0445562,-0.0584254,-0.0672656,-0.0715484,-0.0715484,-0.0672656,-0.0584254,-0.0445562,-0.0251312,0.000253185,0.0316986,0.0688634,0.110893,0.156444,0.203796,0.251043,0.296316,0.337992,0.374864,0.406225,0.431876,0.452057,0.467332,0.478459,0.48626,0.491525,0.494946,0.497087,0.498378,0.499127,0.499546,0.499771,0.499888,0.499944,0.499966,0.499966
0.499972,0.499972,0.499954,0.499907,0.49981,0.499622,0.49927,0.49864,0.49755,0.495735,0.492822,0.488318,0.481611,0.471993,0.458708,0.441043,0.418427,0.390556,0.357498,0.319764,0.27832,0.234532,0.190031,0.146545,0.105703,0.0688634,0.0370009,0.0106636,-0.00998933,-0.025086,-0.0349036,-0.0397255,-0.0397255,-0.0349036,-0.025086,-0.00998933,0.0106636,0.0370009,0.0688634,0.105703,0.146545,0.190031,0.234532,0.27832,0.319764,0.357498,0.390556,0.418427,0.441043,0.458708,0.471993,0.481611,0.488318,0.492822,0.495735,0.49755,0.49864,0.49927,0.499622,0.49981,0.499907,0.499954,0.499972,0.499972
0.499978,0.499978,0.499963,0.499925,0.499846,0.499693,0.499406,0.498889,0.497992,0.496492,0.494071,0.490311,0.48468,0.476556,0.465263,0.450141,0.430633,0.406389,0.377367,0.343903,0.306734,0.266972,0.226005,0.185361,0.146545,0.110893,0.0794539,0.052938,0.0317256,0.015931,0.00550227,0.000328272,0.000328272,0.00550227,0.015931,0.0317256,0.052938,0.0794539,0.110893,0.146545,0.185361,0.226005,0.266972,0.306734,0.343903,0.377367,0.406389,0.430633,0.450141,0.465263,0.476556,0.48468,0.490311,0.494071,0.496492,0.497992,0.498889,0.499406,0.499693,0.499846,0.499925,0.499963,0.499978,0.499978
0.499983,0.499983,0.499971,0.499941,0.499879,0.499758,0.49953,0.499117,0.498397,0.497188,0.495227,0.492164,0.48755,0.480852,0.471478,0.458832,0.442387,0.421773,0.396863,0.367843,0.335248,0.299951,0.263098,0.226005,0.190031,0.156444,0.126317,0.100471,0.0794508,0.0635674,0.0529556,0.0476502,0.0476502,0.0529556,0.0635674,0.0794508,0.100471,0.126317,0.156444,0.190031,0.226005,0.263098,0.299951,0.335248,0.367843,0.396863,0.421773,0.442387,0.458832,0.471478,0.480852,0.48755,0.492164,0.495227,0.497188,0.498397,0.499117,0.49953,0.499758,0.499879,0.499941,0.499971,0.499983,0.499983
0.499987,0.499987,0.499978,0.499955,0.499907,0.499814,0.499637,0.499316,0.498754,0.497804,0.496256,0.493824,0.490138,0.484751,0.477158,0.466837,0.453306,0.436195,0.41532,0.390752,0.362852,0.332278,0.299951,0.266972,0.234532,0.203796,0.175814,0.151454,0.131371,0.116013,0.105656,0.100446,0.100446,0.105656,0.116013,0.131371,0.151454,0.175814,0.203796,0.234532,0.266972,0.299951,0.332278,0.362852,0.390752,0.41532,0.436195,0.453306,0.466837,0.477158,0.484751,0.490138,0.493824,0.496256,0.497804,0.498754,0.499316,0.499637,0.499814,0.499907,0.499955,0.499978,0.499987,0.499987
0.49999,0.49999,0.499984,0.499967,0.499931,0.499861,0.499728,0.499485,0.499057,0.498331,0.497141,0.495259,0.492389,0.488166,0.482171,0.473959,0.463103,0.449253,0.432198,0.411921,0.388647,0.362852,0.335248,0.306734,0.27832,0.251043,0.225885,0.203707,0.18521,0.170926,0.161218,0.156312,0.156312,0.161218,0.170926,0.18521,0.203707,0.225885,0.251043,0.27832,0.306734,0.335248,0.362852,0.388647,0.411921,0.432198,0.449253,0.463103,0.473959,0.482171,0.488166,0.492389,0.495259,0.497141,0.498331,0.499057,0.499485,0.499728,0.499861,0.499931,0.499967,0.499984,0.49999,0.49999
0.499993,0.499993,0.499988,0.499976,0.49995,0.499899,0.499802,0.499623,0.499306,0.498766,0.497874,0.496457,0.494281,0.491057,0.486447,0.480082,0.471598,0.46068,0.447109,0.430816,0.411921,0.390752,0.367843,0.343903,0.319764,0.296316,0.27444,0.254944,0.238526,0.225741,0.216997,0.21256,0.21256,0.216997,0.225741,0.238526,0.254944,0.27444,0.296316,0.319764,0.343903,0.367843,0.390752,0.411921,0.430816,0.447109,0.46068,0.471598,0.480082,0.486447,0.491057,0.494281,0.496457,0.497874,0.498766,0.499306,0.499623,0.499802,0.499899,0.49995,0.499976,0.499988,0.499993,0.499993
0.499995,0.499995,0.499992,0.499983,0.499965,0.499929,0.499859,0.499731,0.499503,0.499112,0.498463,0.497424,0.495819,0.493423,0.489973,0.485172,0.47872,0.470345,0.45984,0.447109,0.432198,0.41532,0.396863,0.377367,0.357498,0.337992,0.319608,0.303069,0.289022,0.278006,0.270433,0.266577,0.266577,0.270433,0.278006,0.289022,0.303069,0.319608,0.337992,0.357498,0.377367,0.396863,0.41532,0.432198,0.447109,0.45984,0.470345,0.47872,0.485172,0.489973,0.493423,0.495819,0.497424,0.498463,0.499112,0.499503,0.499731,0.499859,0.499929,0.499965,0.499983,0.499992,0.499995,0.499995
0.499997,0.499997,0.499994,0.499989,0.499976,0.499951,0.499903,0.499814,0.499654,0.499379,0.498919,0.498179,0.497027,0.495296,0.492784,0.489263,0.484492,0.478247,0.470345,0.46068,0.449253,0.436195,0.421773,0.406389,0.390556,0.374864,0.359939,0.346401,0.334818,0.325679,0.319368,0.316146,0.316146,0.319368,0.325679,0.334818,0.346401,0.359939,0.374864,0.390556,0.406389,0.421773,0.436195,0.449253,0.46068,0.470345,0.478247,0.484492,0.489263,0.492784,0.495296,0.497027,0.498179,0.498919,0.499379,0.499654,0.499814,0.499903,0.499951,0.499976,0.499989,0.499994,0.499997,0.499997
0.499998,0.499998,0.499996,0.499992,0.499984,0.499967,0.499935,0.499875,0.499766,0.499578,0.499261,0.498748,0.497945,0.49673,0.494953,0.492443,0.489016,0.484492,0.47872,0.471598,0.463103,0.453306,0.442387,0.430633,0.418427,0.406225,0.394526,0.383834,0.374629,0.367327,0.362264,0.359673,0.359673,0.362264,0.367327,0.374629,0.383834,0.394526,0.406225,0.418427,0.430633,0.442387,0.453306,0.463103,0.471598,0.47872,0.484492,0.489016,0.492443,0.494953,0.49673,0.497945,0.498748,0.499261,0.499578,0.499766,0.499875,0.499935,0.499967,0.499984,0.499992,0.499996,0.499998,0.499998
0.499999,0.499999,0.499998,0.499995,0.49999,0.499979,0.499958,0.499918,0.499846,0.499721,0.49951,0.499164,0.49862,0.497791,0.496571,0.494834,0.492443,0.489263,0.485172,0.480082,0.473959,0.466837,0.458832,0.450141,0.441043,0.431876,0.423022,0.414878,0.407826,0.402206,0.398296,0.396291,0.396291,0.398296,0.402206,0.407826,0.414878,0.423022,0.431876,0.441043,0.450141,0.458832,0.466837,0.473959,0.480082,0.485172,0.489263,0.492443,0.494834,0.496571,0.497791,0.49862,0.499164,0.49951,0.499721,0.499846,0.499918,0.499958,0.499979,0.49999,0.499995,0.499998,0.499999,0.499999
0.499999,0.499999,0.499999,0.499997,0.499994,0.499987,0.499973,0.499948,0.499902,0.499821,0.499684,0.499458,0.499101,0.498552,0.497738,0.496571,0.494953,0.492784,0.489973,0.486447,0.482171,0.477158,0.471478,0.465263,0.458708,0.452057,0.44559,0.439606,0.434398,0.430231,0.427323,0.425829,0.425829,0.427323,0.430231,0.434398,0.439606,0.44559,0.452057,0.458708,0.465263,0.471478,0.477158,0.482171,0.486447,0.489973,0.492784,0.494953,0.496571,0.497738,0.498552,0.499101,0.499458,0.499684,0.499821,0.499902,0.499948,0.499973,0.499987,0.499994,0.499997,0.499999,0.499999,0.499999
0.5,0.5,0.499999,0.499998,0.499996,0.499992,0.499984,0.499968,0.499939,0.499889,0.499802,0.499659,0.499431,0.499078,0.498552,0.497791,0.49673,0.495296,0.493423,0.491057,0.488166,0.484751,0.480852,0.476556,0.471993,0.467332,0.462774,0.458534,0.454827,0.451849,0.449766,0.448693,0.448693,0.449766,0.451849,0.454827,0.458534,0.462774,0.467332,0.471993,0.476556,0.480852,0.484751,0.488166,0.491057,0.493423,0.495296,0.49673,0.497791,0.498552,0.499078,0.499431,0.499659,0.499802,0.499889,0.499939,0.499968,0.499984,0.499992,0.499996,0.499998,0.499999,0.5,0.5
0.5,0.5,0.499999,0.499999,0.499998,0.499995,0.49999,0.499981,0.499964,0.499933,0.49988,0.499792,0.499651,0.499431,0.499101,0.49862,0.497945,0.497027,0.495819,0.494281,0.492389,0.490138,0.48755,0.48468,0.481611,0.478459,0.475359,0.472461,0.469917,0.467867,0.466429,0.465687,0.465687,0.466429,0.467867,0.469917,0.472461,0.475359,0.478459,0.481611,0.48468,0.48755,0.490138,0.492389,0.494281,0.495819,0.497027,0.497945,0.49862,0.499101,0.499431,0.499651,0.499792,0.49988,0.499933,0.499964,0.499981,0.49999,0.499995,0.499998,0.499999,0.499999,0.5,0.5
0.5,0.5,0.5,0.499999,0.499999,0.499997,0.499994,0.499989,0.499979,0.499961,0.499929,0.499877,0.499792,0.499659,0.499458,0.499164,0.498748,0.498179,0.497424,0.496457,0.495259,0.493824,0.492164,0.490311,0.488318,0.48626,0.484225,0.482315,0.480632,0.479272,0.478315,0.477822,0.477822,0.478315,0.479272,0.480632,0.482315,0.484225,0.48626,0.488318,0.490311,0.492164,0.493824,0.495259,0.496457,0.497424,0.498179,0.498748,0.499164,0.499458,0.499659,0.499792,0.499877,0.499929,0.499961,0.499979,0.499989,0.499994,0.499997,0.499999,0.499999,0.5,0.5,0.5
0.5,0.5,0.5,0.5,0.499999,0.499998,0.499997,0.499994,0.499988,0.499978,0.49996,0.499929,0.49988,0.499802,0.499684,0.49951,0.499261,0.498919,0.498463,0.497874,0.497141,0.496256,0.495227,0.494071,0.492822,0.491525,0.490237,0.489022,0.487949,0.487079,0.486466,0.486149,0.486149,0.486466,0.487079,0.487949,0.489022,0.490237,0.491525,0.492822,0.494071,0.495227,0.496256,0.497141,0.497874,0.498463,0.498919,0.499261,0.49951,0.499684,0.499802,0.49988,0.499929,0.49996,0.499978,0.499988,0.499994,0.499997,0.499998,0.499999,0.5,0.5,0.5,0.5
0.5,0.5,0.5,0.5,0.5,0.499999,0.499998,0.499997,0.499993,0.499988,0.499978,0.499961,0.499933,0.499889,0.499821,0.499721,0.499578,0.499379,0.499112,0.498766,0.498331,0.497804,0.497188,0.496492,0.495735,0.494946,0.494159,0.493415,0.492754,0.492218,0.491839,0.491643,0.491643,0.491839,0.492218,0.492754,0.493415,0.494159,0.494946,0.495735,0.496492,0.497188,0.497804,0.498331,0.498766,0.499112,0.499379,0.499578,0.499721,0.499821,0.499889,0.499933,0.499961,0.499978,0.499988,0.499993,0.499997,0.499998,0.499999,0.5,0.5,0.5,0.5,0.5
0.5,0.5,0.5,0.5,0.5,0.5,0.499999,0.499998,0.499997,0.499993,0.499988,0.499979,0.499964,0.499939,0.499902,0.499846,0.499766,0.499654,0.499503,0.499306,0.499057,0.498754,0.498397,0.497992,0.49755,0.497087,0.496623,0.496183,0.495792,0.495473,0.495247,0.49513,0.49513,0.495247,0.495473,0.495792,0.496183,0.496623,0.497087,0.49755,0.497992,0.498397,0.498754,0.499057,0.499306,0.499503,0.499654,0.499766,0.499846,0.499902,0.499939,0.499964,0.499979,0.499988,0.499993,0.499997,0.499998,0.499999,0.5,0.5,0.5,0.5,0.5,0.5
0.5,0.5,0.5,0.5,0.5,0.5,0.5,0.499999,0.499998,0.499997,0.499994,0.499989,0.499981,0.499968,0.499948,0.499918,0.499875,0.499814,0.499731,0.499623,0.499485,0.499316,0.499117,0.498889,0.49864,0.498378,0.498114,0.497863,0.497639,0.497456,0.497327,0.49726,0.49726,0.497327,0.497456,0.497639,0.497863,0.498114,0.498378,0.49864,0.498889,0.499117,0.499316,0.499485,0.499623,0.499731,0.499814,0.499875,0.499918,0.499948,0.499968,0.499981,0.499989,0.499994,0.499997,0.499998,0.499999,0.5,0.5,0.5,0.5,0.5,0.5,0.5
0.5,0.5,0.5,0.5,0.5,0.5,0.5,0.5,0.499999,0.499998,0.499997,0.499994,0.49999,0.499984,0.499973,0.499958,0.499935,0.499903,0.499859,0.499802,0.499728,0.499637,0.49953,0.499406,0.49927,0.499127,0.498982,0.498844,0.498721,0.498619,0.498548,0.498511,0.498511,0.498548,0.498619,0.498721,0.498844,0.498982,0.499127,0.49927,0.499406,0.49953,0.499637,0.499728,0.499802,0.499859,0.499903,0.499935,0.499958,0.499973,0.499984,0.49999,0.499994,0.499997,0.499998,0.499999,0.5,0.5,0.5,0.5,0.5,0.5,0.5,0.5
0.5,0.5,0.5,0.5,0.5,0.5,0.5,0.5,0.5,0.499999,0.499998,0.499997,0.499995,0.499992,0.499987,0.499979,0.499967,0.499951,0.499929,0.499899,0.499861,0.499814,0.499758,0.499693,0.499622,0.499546,0.499469,0.499396,0.49933,0.499276,0.499238,0.499218,0.499218,0.499238,0.499276,0.49933,0.499396,0.499469,0.499546,0.499622,0.499693,0.499758,0.499814,0.499861,0.499899,0.499929,0.499951,0.499967,0.499979,0.499987,0.499992,0.499995,0.499997,0.499998,0.499999,0.5,0.5,0.5,0.5,0.5,0.5,0.5,0.5,0.5
0.5,0.5,0.5,0.5,0.5,0.5,0.5,0.5,0.5,0.5,0.499999,0.499999,0.499998,0.499996,0.499994,0.49999,0.499984,0.499976,0.499965,0.49995,0.499931,0.499907,0.499879,0.499846,0.49981,0.499771,0.499732,0.499694,0.499661,0.499633,0.499613,0.499603,0.499603,0.499613,0.499633,0.499661,0.499694,0.499732,0.499771,0.49981,0.499846,0.499879,0.499907,0.499931,0.49995,0.499965,0.499976,0.499984,0.49999,0.499994,0.499996,0.499998,0.499999,0.499999,0.5,0.5,0.5,0.5,0.5,0.5,0.5,0.5,0.5,0.5
0.5,0.5,0.5,0.5,0.5,0.5,0.5,0.5,0.5,0.5,0.5,0.499999,0.499999,0.499998,0.499997,0.499995,0.499992,0.499989,0.499983,0.499976,0.499967,0.499955,0.499941,0.499925,0.499907,0.499888,0.499868,0.499849,0.499832,0.499818,0.499808,0.499803,0.499803,0.499808,0.499818,0.499832,0.499849,0.499868,0.499888,0.499907,0.499925,0.499941,0.499955,0.499967,0.499976,0.499983,0.499989,0.499992,0.499995,0.499997,0.499998,0.499999,0.499999,0.5,0.5,0.5,0.5,0.5,0.5,0.5,0.5,0.5,0.5,0.5
0.5,0.5,0.5,0.5,0.5,0.5,0.5,0.5,0.5,0.5,0.5,0.5,0.499999,0.499999,0.499999,0.499998,0.499996,0.499994,0.499992,0.499988,0.499984,0.499978,0.499971,0.499963,0.499954,0.499944,0.499934,0.499924,0.499916,0.499908,0.499903,0.499901,0.499901,0.499903,0.499908,0.499916,0.499924,0.499934,0.499944,0.499954,0.499963,0.499971,0.499978,0.499984,0.499988,0.499992,0.499994,0.499996,0.499998,0.499999,0.499999,0.499999,0.5,0.5,0.5,0.5,0.5,0.5,0.5,0.5,0.5,0.5,0.5,0.5
0.5,0.5,0.5,0.5,0.5,0.5,0.5,0.5,0.5,0.5,0.5,0.5,0.5,0.5,0.499999,0.499999,0.499998,0.499997,0.499995,0.499993,0.49999,0.499987,0.499983,0.499978,0.499972,0.499966,0.49996,0.499954,0.499949,0.499945,0.499942,0.49994,0.49994,0.499942,0.499945,0.499949,0.499954,0.49996,0.499966,0.499972,0.499978,0.499983,0.499987,0.49999,0.499993,0.499995,0.499997,0.499998,0.499999,0.499999,0.5,0.5,0.5,0.5,0.5,0.5,0.5,0.5,0.5,0.5,0.5,0.5,0.5,0.5
0.5,0.5,0.5,0.5,0.5,0.5,0.5,0.5,0.5,0.5,0.5,0.5,0.5,0.5,0.499999,0.499999,0.499998,0.499997,0.499995,0.499993,0.49999,0.499987,0.499983,0.499978,0.499972,0.499966,0.49996,0.499954,0.499949,0.499945,0.499942,0.49994,0.49994,0.499942,0.499945,0.499949,0.499954,0.49996,0.499966,0.499972,0.499978,0.499983,0.499987,0.49999,0.499993,0.499995,0.499997,0.499998,0.499999,0.499999,0.5,0.5,0.5,0.5,0.5,0.5,0.5,0.5,0.5,0.5,0.5,0.5,0.5,0.5
