0.5,0.5,0.5,0.5,0.5,0.5,0.5,0.5,0.5,0.5,0.499999,0.499999,0.499998,0.499996,0.499994,0.499991,0.499986,0.499979,0.49997,0.499958,0.499943,0.499925,0.499904,0.499879,0.499852,0.499824,0.499795,0.499768,0.499744,0.499724,0.49971,0.499703,0.499703,0.49971,0.499724,0.499744,0.499768,0.499795,0.499824,0.499852,0.499879,0.499904,0.499925,0.499943,0.499958,0.49997,0.499979,0.499986,0.499991,0.499994,0.499996,0.499998,0.499999,0.499999,0.5,0.5,0.5,0.5,0.5,0.5,0.5,0.5,0.5,0.5
0.5,0.5,0.5,0.5,0.5,0.5,0.5,0.5,0.5,0.5,0.499999,0.499999,0.499998,0.499996,0.499994,0.499991,0.499986,0.499979,0.49997,0.499958,0.499943,0.499925,0.499904,0.499879,0.499852,0.499824,0.499795,0.499768,0.499744,0.499724,0.49971,0.499703,0.499703,0.49971,0.499724,0.499744,0.499768,0.499795,0.499824,0.499852,0.499879,0.499904,0.499925,0.499943,0.499958,0.49997,0.499979,0.499986,0.499991,0.499994,0.499996,0.499998,0.499999,0.499999,0.5,0.5,0.5,0.5,0.5,0.5,0.5,0.5,0.5,0.5
0.5,0.5,0.5,0.5,0.5,0.5,0.5,0.5,0.5,0.499999,0.499999,0.499998,0.499996,0.499994,0.49999,0.499985,0.499977,0.499967,0.499953,0.499934,0.499911,0.499883,0.49985,0.499813,0.499772,0.499729,0.499686,0.499646,0.499609,0.49958,0.499559,0.499548,0.499548,0.499559,0.49958,0.499609,0.499646,0.499686,0.499729,0.499772,0.499813,0.49985,0.499883,0.499911,0.499934,0.499953,0.499967,0.499977,0.499985,0.49999,0.499994,0.499996,0.499998,0.499999,0.499999,0.5,0.5,0.5,0.5,0.5,0.5,0.5,0.5,0.5
0.5,0.5,0.5,0.5,0.5,0.5,0.5,0.5,0.499999,0.499999,0.499998,0.499996,0.499993,0.499988,0.499981,0.499971,0.499957,0.499937,0.499911,0.499877,0.499834,0.499783,0.499723,0.499655,0.499581,0.499504,0.499427,0.499355,0.49929,0.499237,0.4992,0.499181,0.499181,0.4992,0.499237,0.49929,0.499355,0.499427,0.499504,0.499581,0.499655,0.499723,0.499783,0.499834,0.499877,0.499911,0.499937,0.499957,0.499971,0.499981,0.499988,0.499993,0.499996,0.499998,0.499999,0.499999,0.5,0.5,0.5,0.5,0.5,0.5,0.5,0.5
0.5,0.5,0.5,0.5,0.5,0.5,0.5,0.499999,0.499998,0.499997,0.499995,0.499991,0.499986,0.499977,0.499963,0.499943,0.499916,0.499878,0.499827,0.499763,0.499683,0.499586,0.499474,0.499348,0.499212,0.49907,0.498929,0.498796,0.498678,0.498582,0.498515,0.49848,0.49848,0.498515,0.498582,0.498678,0.498796,0.498929,0.49907,0.499212,0.499348,0.499474,0.499586,0.499683,0.499763,0.499827,0.499878,0.499916,0.499943,0.499963,0.499977,0.499986,0.499991,0.499995,0.499997,0.499998,0.499999,0.5,0.5,0.5,0.5,0.5,0.5,0.5
0.5,0.5,0.5,0.5,0.5,0.5,0.499999,0.499998,0.499997,0.499994,0.49999,0.499983,0.499972,0.499954,0.499928,0.499891,0.499838,0.499767,0.499673,0.499553,0.499404,0.499227,0.499021,0.498792,0.498545,0.498289,0.498036,0.497798,0.497587,0.497417,0.497296,0.497234,0.497234,0.497296,0.497417,0.497587,0.497798,0.498036,0.498289,0.498545,0.498792,0.499021,0.499227,0.499404,0.499553,0.499673,0.499767,0.499838,0.499891,0.499928,0.499954,0.499972,0.499983,0.49999,0.499994,0.499997,0.499998,0.499999,0.5,0.5,0.5,0.5,0.5,0.5
0.5,0.5,0.5,0.5,0.5,0.499999,0.499998,0.499997,0.499994,0.499989,0.499981,0.499967,0.499946,0.499914,0.499865,0.499796,0.499699,0.499569,0.499398,0.499181,0.498915,0.498598,0.498234,0.49783,0.497397,0.49695,0.496509,0.496096,0.495732,0.495438,0.495231,0.495124,0.495124,0.495231,0.495438,0.495732,0.496096,0.496509,0.49695,0.497397,0.49783,0.498234,0.498598,0.498915,0.499181,0.499398,0.499569,0.499699,0.499796,0.499865,0.499914,0.499946,0.499967,0.499981,0.499989,0.499994,0.499997,0.499998,0.499999,0.5,0.5,0.5,0.5,0.5
0.5,0.5,0.5,0.5,0.499999,0.499998,0.499997,0.499994,0.499988,0.499979,0.499964,0.499939,0.4999,0.499841,0.499754,0.49963,0.499457,0.499226,0.498926,0.498548,0.498086,0.497541,0.496917,0.496228,0.495493,0.49474,0.494,0.493308,0.492701,0.492211,0.491868,0.491691,0.491691,0.491868,0.492211,0.492701,0.493308,0.494,0.49474,0.495493,0.496228,0.496917,0.497541,0.498086,0.498548,0.498926,0.499226,0.499457,0.49963,0.499754,0.499841,0.4999,0.499939,0.499964,0.499979,0.499988,0.499994,0.499997,0.499998,0.499999,0.5,0.5,0.5,0.5
0.5,0.5,0.5,0.499999,0.499998,0.499997,0.499994,0.499988,0.499979,0.499962,0.499935,0.499891,0.499822,0.499717,0.499565,0.499349,0.499052,0.498656,0.498145,0.497507,0.496732,0.495824,0.494791,0.493657,0.492455,0.491228,0.490028,0.488912,0.487935,0.48715,0.4866,0.486317,0.486317,0.4866,0.48715,0.487935,0.488912,0.490028,0.491228,0.492455,0.493657,0.494791,0.495824,0.496732,0.497507,0.498145,0.498656,0.499052,0.499349,0.499565,0.499717,0.499822,0.499891,0.499935,0.499962,0.499979,0.499988,0.499994,0.499997,0.499998,0.499999,0.5,0.5,0.5
0.5,0.5,0.499999,0.499999,0.499997,0.499994,0.499989,0.499979,0.499962,0.499933,0.499885,0.499809,0.49969,0.499512,0.499254,0.49889,0.498394,0.497738,0.496898,0.495854,0.494599,0.493135,0.491484,0.489681,0.487782,0.485855,0.48398,0.482243,0.480728,0.479514,0.478666,0.47823,0.47823,0.478666,0.479514,0.480728,0.482243,0.48398,0.485855,0.487782,0.489681,0.491484,0.493135,0.494599,0.495854,0.496898,0.497738,0.498394,0.49889,0.499254,0.499512,0.49969,0.499809,0.499885,0.499933,0.499962,0.499979,0.499989,0.499994,0.499997,0.499999,0.499999,0.5,0.5
0.499999,0.499999,0.499999,0.499998,0.499995,0.49999,0.499981,0.499964,0.499935,0.499885,0.499804,0.499675,0.499477,0.499183,0.498758,0.498165,0.497363,0.49631,0.494972,0.493323,0.491354,0.489076,0.486523,0.483757,0.48086,0.47794,0.475113,0.472507,0.470243,0.468436,0.467175,0.466528,0.466528,0.467175,0.468436,0.470243,0.472507,0.475113,0.47794,0.48086,0.483757,0.486523,0.489076,0.491354,0.493323,0.494972,0.49631,0.497363,0.498165,0.498758,0.499183,0.499477,0.499675,0.499804,0.499885,0.499935,0.499964,0.499981,0.49999,0.499995,0.499998,0.499999,0.499999,0.499999
0.499999,0.499999,0.499998,0.499996,0.499991,0.499983,0.499967,0.499939,0.499891,0.499809,0.499675,0.499465,0.499145,0.498672,0.497996,0.497059,0.495801,0.494164,0.492101,0.489579,0.486591,0.483162,0.47935,0.475249,0.470986,0.466714,0.462605,0.458836,0.455578,0.452984,0.451181,0.450257,0.450257,0.451181,0.452984,0.455578,0.458836,0.462605,0.466714,0.470986,0.475249,0.47935,0.483162,0.486591,0.489579,0.492101,0.494164,0.495801,0.497059,0.497996,0.498672,0.499145,0.499465,0.499675,0.499809,0.499891,0.499939,0.499967,0.499983,0.499991,0.499996,0.499998,0.499999,0.499999
0.499998,0.499998,0.499996,0.499993,0.499986,0.499972,0.499946,0.4999,0.499822,0.49969,0.499477,0.499145,0.498642,0.497905,0.49686,0.495424,0.493513,0.491047,0.487965,0.48423,0.479845,0.474854,0.469351,0.463478,0.45742,0.451394,0.445634,0.440381,0.435863,0.43228,0.429797,0.428526,0.428526,0.429797,0.43228,0.435863,0.440381,0.445634,0.451394,0.45742,0.463478,0.469351,0.474854,0.479845,0.48423,0.487965,0.491047,0.493513,0.495424,0.49686,0.497905,0.498642,0.499145,0.499477,0.49969,0.499822,0.4999,0.499946,0.499972,0.499986,0.499993,0.499996,0.499998,0.499998
0.499996,0.499996,0.499994,0.499988,0.499977,0.499954,0.499914,0.499841,0.499717,0.499512,0.499183,0.498672,0.497905,0.496791,0.495224,0.493089,0.490272,0.486671,0.48221,0.476855,0.470623,0.463594,0.455915,0.447791,0.43948,0.431277,0.423493,0.416439,0.410405,0.405643,0.402351,0.40067,0.40067,0.402351,0.405643,0.410405,0.416439,0.423493,0.431277,0.43948,0.447791,0.455915,0.463594,0.470623,0.476855,0.48221,0.486671,0.490272,0.493089,0.495224,0.496791,0.497905,0.498672,0.499183,0.499512,0.499717,0.499841,0.499914,0.499954,0.499977,0.499988,0.499994,0.499996,0.499996
0.499994,0.499994,0.49999,0.499981,0.499963,0.499928,0.499865,0.499754,0.499565,0.499254,0.498758,0.497996,0.49686,0.495224,0.492942,0.489861,0.485833,0.480732,0.474472,0.46703,0.458454,0.448877,0.438514,0.427653,0.416644,0.405871,0.395731,0.386608,0.378851,0.372759,0.368565,0.366427,0.366427,0.368565,0.372759,0.378851,0.386608,0.395731,0.405871,0.416644,0.427653,0.438514,0.448877,0.458454,0.46703,0.474472,0.480732,0.485833,0.489861,0.492942,0.495224,0.49686,0.497996,0.498758,0.499254,0.499565,0.499754,0.499865,0.499928,0.499963,0.499981,0.49999,0.499994,0.499994
0.499991,0.499991,0.499985,0.499971,0.499943,0.499891,0.499796,0.49963,0.499349,0.49889,0.498165,0.497059,0.495424,0.493089,0.489861,0.485543,0.47995,0.472936,0.464416,0.45439,0.442956,0.430321,0.416791,0.402758,0.388676,0.375027,0.362295,0.350931,0.341337,0.333845,0.328708,0.326097,0.326097,0.328708,0.333845,0.341337,0.350931,0.362295,0.375027,0.388676,0.402758,0.416791,0.430321,0.442956,0.45439,0.464416,0.472936,0.47995,0.485543,0.489861,0.493089,0.495424,0.497059,0.498165,0.49889,0.499349,0.49963,0.499796,0.499891,0.499943,0.499971,0.499985,0.499991,0.499991
0.499986,0.499986,0.499977,0.499957,0.499916,0.499838,0.499699,0.499457,0.499052,0.498394,0.497363,0.495801,0.493513,0.490272,0.485833,0.47995,0.472405,0.463039,0.451782,0.438678,0.423899,0.407751,0.390655,0.373124,0.355726,0.339043,0.323636,0.310011,0.2986,0.289747,0.283707,0.280646,0.280646,0.283707,0.289747,0.2986,0.310011,0.323636,0.339043,0.355726,0.373124,0.390655,0.407751,0.423899,0.438678,0.451782,0.463039,0.472405,0.47995,0.485833,0.490272,0.493513,0.495801,0.497363,0.498394,0.499052,0.499457,0.499699,0.499838,0.499916,0.499957,0.499977,0.499986,0.499986
0.499979,0.499979,0.499967,0.499937,0.499878,0.499767,0.499569,0.499226,0.498656,0.497738,0.49631,0.494164,0.491047,0.486671,0.480732,0.472936,0.463039,0.450884,0.436434,0.419805,0.401272,0.381267,0.360349,0.339164,0.318398,0.298725,0.280764,0.265047,0.252006,0.241966,0.235156,0.231717,0.231717,0.235156,0.241966,0.252006,0.265047,0.280764,0.298725,0.318398,0.339164,0.360349,0.381267,0.401272,0.419805,0.436434,0.450884,0.463039,0.472936,0.480732,0.486671,0.491047,0.494164,0.49631,0.497738,0.498656,0.499226,0.499569,0.499767,0.499878,0.499937,0.499967,0.499979,0.499979
0.49997,0.49997,0.499953,0.499911,0.499827,0.499673,0.499398,0.498926,0.498145,0.496898,0.494972,0.492101,0.487965,0.48221,0.474472,0.464416,0.451782,0.436434,0.418398,0.397892,0.375325,0.351283,0.326479,0.301704,0.277753,0.25537,0.235203,0.217773,0.203468,0.192557,0.185208,0.181513,0.181513,0.185208,0.192557,0.203468,0.217773,0.235203,0.25537,0.277753,0.301704,0.326479,0.351283,0.375325,0.397892,0.418398,0.436434,0.451782,0.464416,0.474472,0.48221,0.487965,0.492101,0.494972,0.496898,0.498145,0.498926,0.499398,0.499673,0.499827,0.499911,0.499953,0.49997,0.49997
0.499958,0.499958,0.499934,0.499877,0.499763,0.499553,0.499181,0.498548,0.497507,0.495854,0.493323,0.489579,0.48423,0.476855,0.46703,0.45439,0.438678,0.419805,0.397892,0.373292,0.346581,0.318523,0.29,0.261941,0.235235,0.210666,0.188868,0.170301,0.155265,0.143925,0.136352,0.132566,0.132566,0.136352,0.143925,0.155265,0.170301,0.188868,0.210666,0.235235,0.261941,0.29,0.318523,0.346581,0.373292,0.397892,0.419805,0.438678,0.45439,0.46703,0.476855,0.48423,0.489579,0.493323,0.495854,0.497507,0.498548,0.499181,0.499553,0.499763,0.499877,0.499934,0.499958,0.499958
0.499943,0.499943,0.499911,0.499834,0.499683,0.499404,0.498915,0.498086,0.496732,0.494599,0.491354,0.486591,0.479845,0.470623,0.458454,0.442956,0.423899,0.401272,0.375325,0.346581,0.315812,0.283977,0.252133,0.221333,0.192532,0.166513,0.143845,0.124876,0.109765,0.0985301,0.0911104,0.0874267,0.0874267,0.0911104,0.0985301,0.109765,0.124876,0.143845,0.166513,0.192532,0.221333,0.252133,0.283977,0.315812,0.346581,0.375325,0.401272,0.423899,0.442956,0.458454,0.470623,0.479845,0.486591,0.491354,0.494599,0.496732,0.498086,0.498915,0.499404,0.499683,0.499834,0.499911,0.499943,0.499943
0.499925,0.499925,0.499883,0.499783,0.499586,0.499227,0.498598,0.497541,0.495824,0.493135,0.489076,0.483162,0.474854,0.463594,0.448877,0.430321,0.407751,0.381267,0.351283,0.318523,0.283977,0.248812,0.214249,0.181446,0.151387,0.124802,0.102144,0.0835961,0.0691277,0.0585702,0.0517017,0.0483246,0.0483246,0.0517017,0.0585702,0.0691277,0.0835961,0.102144,0.124802,0.151387,0.181446,0.214249,0.248812,0.283977,0.318523,0.351283,0.381267,0.407751,0.430321,0.448877,0.463594,0.474854,0.483162,0.489076,0.493135,0.495824,0.497541,0.498598,0.499227,0.499586,0.499783,0.499883,0.499925,0.499925
0.499904,0.499904,0.49985,0.499723,0.499474,0.499021,0.498234,0.496917,0.494791,0.491484,0.486523,0.47935,0.469351,0.455915,0.438514,0.416791,0.390655,0.360349,0.326479,0.29,0.252133,0.214249,0.177721,0.143779,0.113389,0.0871831,0.065443,0.0481404,0.0350165,0.0256862,0.0197454,0.0168661,0.0168661,0.0197454,0.0256862,0.0350165,0.0481404,0.065443,0.0871831,0.113389,0.143779,0.177721,0.214249,0.252133,0.29,0.326479,0.360349,0.390655,0.416791,0.438514,0.455915,0.469351,0.47935,0.486523,0.491484,0.494791,0.496917,0.498234,0.499021,0.499474,0.499723,0.49985,0.499904,0.499904
0.499879,0.499879,0.499813,0.499655,0.499348,0.498792,0.49783,0.496228,0.493657,0.489681,0.483757,0.475249,0.463478,0.447791,0.427653,0.402758,0.373124,0.339164,0.301704,0.261941,0.221333,0.181446,0.143779,0.109595,0.0797981,0.0548729,0.0348889,0.019569,0.00839996,0.000763179,-0.00393627,-0.00616043,-0.00616043,-0.00393627,0.000763179,0.00839996,0.019569,0.0348889,0.0548729,0.0797981,0.109595,0.143779,0.181446,0.221333,0.261941,0.301704,0.339164,0.373124,0.402758,0.427653,0.447791,0.463478,0.475249,0.483757,0.489681,0.493657,0.496228,0.49783,0.498792,0.499348,0.499655,0.499813,0.499879,0.499879
0.499852,0.499852,0.499772,0.499581,0.499212,0.498545,0.497397,0.495493,0.492455,0.487782,0.48086,0.470986,0.45742,0.43948,0.416644,0.388676,0.355726,0.318398,0.277753,0.235235,0.192532,0.151387,0.113389,0.0797981,0.0514146,0.0285361,0.0109883,-0.00177591,-0.0105352,-0.0161433,-0.0193827,-0.0208441,-0.0208441,-0.0193827,-0.0161433,-0.0105352,-0.00177591,0.0109883,0.0285361,0.0514146,0.0797981,0.113389,0.151387,0.192532,0.235235,0.277753,0.318398,0.355726,0.388676,0.416644,0.43948,0.45742,0.470986,0.48086,0.487782,0.492455,0.495493,0.497397,0.498545,0.499212,0.499581,0.499772,0.499852,0.499852
0.499824,0.499824,0.499729,0.499504,0.49907,0.498289,0.49695,0.49474,0.491228,0.485855,0.47794,0.466714,0.451394,0.431277,0.405871,0.375027,0.339043,0.298725,0.25537,0.210666,0.166513,0.124802,0.0871831,0.0548729,0.0285361,0.00825728,-0.00639811,-0.0162519,-0.0223426,-0.0257473,-0.0274209,-0.0280705,-0.0280705,-0.0274209,-0.0257473,-0.0223426,-0.0162519,-0.00639811,0.00825728,0.0285361,0.0548729,0.0871831,0.124802,0.166513,0.210666,0.25537,0.298725,0.339043,0.375027,0.405871,0.431277,0.451394,0.466714,0.47794,0.485855,0.491228,0.49474,0.49695,0.498289,0.49907,0.499504,0.499729,0.499824,0.499824
0.499795,0.499795,0.499686,0.499427,0.498929,0.498036,0.496509,0.494,0.490028,0.48398,0.475113,0.462605,0.445634,0.423493,0.395731,0.362295,0.323636,0.280764,0.235203,0.188868,0.143845,0.102144,0.065443,0.0348889,0.0109883,-0.00639811,-0.0179641,-0.0247945,-0.0281684,-0.0293622,-0.0294806,-0.0293285,-0.0293285,-0.0294806,-0.0293622,-0.0281684,-0.0247945,-0.0179641,-0.00639811,0.0109883,0.0348889,0.065443,0.102144,0.143845,0.188868,0.235203,0.280764,0.323636,0.362295,0.395731,0.423493,0.445634,0.462605,0.475113,0.48398,0.490028,0.494,0.496509,0.498036,0.498929,0.499427,0.499686,0.499795,0.499795
0.499768,0.499768,0.499646,0.499355,0.498796,0.497798,0.496096,0.493308,0.488912,0.482243,0.472507,0.458836,0.440381,0.416439,0.386608,0.350931,0.310011,0.265047,0.217773,0.170301,0.124876,0.0835961,0.0481404,0.019569,-0.00177591,-0.0162519,-0.0247945,-0.028726,-0.0295348,-0.0286654,-0.0273443,-0.026454,-0.026454,-0.0273443,-0.0286654,-0.0295348,-0.028726,-0.0247945,-0.0162519,-0.00177591,0.019569,0.0481404,0.0835961,0.124876,0.170301,0.217773,0.265047,0.310011,0.350931,0.386608,0.416439,0.440381,0.458836,0.472507,0.482243,0.488912,0.493308,0.496096,0.497798,0.498796,0.499355,0.499646,0.499768,0.499768
0.499744,0.499744,0.499609,0.49929,0.498678,0.497587,0.495732,0.492701,0.487935,0.480728,0.470243,0.455578,0.435863,0.410405,0.378851,0.341337,0.2986,0.252006,0.203468,0.155265,0.109765,0.0691277,0.0350165,0.00839996,-0.0105352,-0.0223426,-0.0281684,-0.0295348,-0.0281014,-0.0254456,-0.022887,-0.0213646,-0.0213646,-0.022887,-0.0254456,-0.0281014,-0.0295348,-0.0281684,-0.0223426,-0.0105352,0.00839996,0.0350165,0.0691277,0.109765,0.155265,0.203468,0.252006,0.2986,0.341337,0.378851,0.410405,0.435863,0.455578,0.470243,0.480728,0.487935,0.492701,0.495732,0.497587,0.498678,0.49929,0.499609,0.499744,0.499744
0.499724,0.499724,0.49958,0.499237,0.498582,0.497417,0.495438,0.492211,0.48715,0.479514,0.468436,0.452984,0.43228,0.405643,0.372759,0.333845,0.289747,0.241966,0.192557,0.143925,0.0985301,0.0585702,0.0256862,0.000763179,-0.0161433,-0.0257473,-0.0293622,-0.0286654,-0.0254456,-0.0213774,-0.0178457,-0.015828,-0.015828,-0.0178457,-0.0213774,-0.0254456,-0.0286654,-0.0293622,-0.0257473,-0.0161433,0.000763179,0.0256862,0.0585702,0.0985301,0.143925,0.192557,0.241966,0.289747,0.333845,0.372759,0.405643,0.43228,0.452984,0.468436,0.479514,0.48715,0.492211,0.495438,0.497417,0.498582,0.499237,0.49958,0.499724,0.499724
0.49971,0.49971,0.499559,0.4992,0.498515,0.497296,0.495231,0.491868,0.4866,0.478666,0.467175,0.451181,0.429797,0.402351,0.368565,0.328708,0.283707,0.235156,0.185208,0.136352,0.0911104,0.0517017,0.0197454,-0.00393627,-0.0193827,-0.0274209,-0.0294806,-0.0273443,-0.022887,-0.0178457,-0.0136462,-0.0112897,-0.0112897,-0.0136462,-0.0178457,-0.022887,-0.0273443,-0.0294806,-0.0274209,-0.0193827,-0.00393627,0.0197454,0.0517017,0.0911104,0.136352,0.185208,0.235156,0.283707,0.328708,0.368565,0.402351,0.429797,0.451181,0.467175,0.478666,0.4866,0.491868,0.495231,0.497296,0.498515,0.4992,0.499559,0.49971,0.49971
0.499703,0.499703,0.499548,0.499181,0.49848,0.497234,0.495124,0.491691,0.486317,0.47823,0.466528,0.450257,0.428526,0.40067,0.366427,0.326097,0.280646,0.231717,0.181513,0.132566,0.0874267,0.0483246,0.0168661,-0.00616043,-0.0208441,-0.0280705,-0.0293285,-0.026454,-0.0213646,-0.015828,-0.0112897,-0.00876141,-0.00876141,-0.0112897,-0.015828,-0.0213646,-0.026454,-0.0293285,-0.0280705,-0.0208441,-0.00616043,0.0168661,0.0483246,0.0874267,0.132566,0.181513,0.231717,0.280646,0.326097,0.366427,0.40067,0.428526,0.450257,0.466528,0.47823,0.486317,0.491691,0.495124,0.497234,0.49848,0.499181,0.499548,0.499703,0.499703
0.499703,0.499703,0.499548,0.499181,0.49848,0.497234,0.495124,0.491691,0.486317,0.47823,0.466528,0.450257,0.428526,0.40067,0.366427,0.326097,0.280646,0.231717,0.181513,0.132566,0.0874267,0.0483246,0.0168661,-0.00616043,-0.0208441,-0.0280705,-0.0293285,-0.026454,-0.0213646,-0.015828,-0.0112897,-0.00876141,-0.00876141,-0.0112897,-0.015828,-0.0213646,-0.026454,-0.0293285,-0.0280705,-0.0208441,-0.00616043,0.0168661,0.0483246,0.0874267,0.132566,0.181513,0.231717,0.280646,0.326097,0.366427,0.40067,0.428526,0.450257,0.466528,0.47823,0.486317,0.491691,0.495124,0.497234,0.49848,0.499181,0.499548,0.499703,0.499703
0.49971,0.49971,0.499559,0.4992,0.498515,0.497296,0.495231,0.491868,0.4866,0.478666,0.467175,0.451181,0.429797,0.402351,0.368565,0.328708,0.283707,0.235156,0.185208,0.136352,0.0911104,0.0517017,0.0197454,-0.00393627,-0.0193827,-0.0274209,-0.0294806,-0.0273443,-0.022887,-0.0178457,-0.0136462,-0.0112897,-0.0112897,-0.0136462,-0.0178457,-0.022887,-0.0273443,-0.0294806,-0.0274209,-0.0193827,-0.00393627,0.0197454,0.0517017,0.0911104,0.136352,0.185208,0.235156,0.283707,0.328708,0.368565,0.402351,0.429797,0.451181,0.467175,0.478666,0.4866,0.491868,0.495231,0.497296,0.498515,0.4992,0.499559,0.49971,0.49971
0.499724,0.499724,0.49958,0.499237,0.498582,0.497417,0.495438,0.492211,0.48715,0.479514,0.468436,0.452984,0.43228,0.405643,0.372759,0.333845,0.289747,0.241966,0.192557,0.143925,0.0985301,0.0585702,0.0256862,0.000763179,-0.0161433,-0.0257473,-0.0293622,-0.0286654,-0.0254456,-0.0213774,-0.0178457,-0.015828,-0.015828,-0.0178457,-0.0213774,-0.0254456,-0.0286654,-0.0293622,-0.0257473,-0.0161433,0.000763179,0.0256862,0.0585702,0.0985301,0.143925,0.192557,0.241966,0.289747,0.333845,0.372759,0.405643,0.43228,0.452984,0.468436,0.479514,0.48715,0.492211,0.495438,0.497417,0.498582,0.499237,0.49958,0.499724,0.499724
0.499744,0.499744,0.499609,0.49929,0.498678,0.497587,0.495732,0.492701,0.487935,0.480728,0.470243,0.455578,0.435863,0.410405,0.378851,0.341337,0.2986,0.252006,0.203468,0.155265,0.109765,0.0691277,0.0350165,0.00839996,-0.0105352,-0.0223426,-0.0281684,-0.0295348,-0.0281014,-0.0254456,-0.022887,-0.0213646,-0.0213646,-0.022887,-0.0254456,-0.0281014,-0.0295348,-0.0281684,-0.0223426,-0.0105352,0.00839996,0.0350165,0.0691277,0.109765,0.155265,0.203468,0.252006,0.2986,0.341337,0.378851,0.410405,0.435863,0.455578,0.470243,0.480728,0.487935,0.492701,0.495732,0.497587,0.498678,0.49929,0.499609,0.499744,0.499744
0.499768,0.499768,0.499646,0.499355,0.498796,0.497798,0.496096,0.493308,0.488912,0.482243,0.472507,0.458836,0.440381,0.416439,0.386608,0.350931,0.310011,0.265047,0.217773,0.170301,0.124876,0.0835961,0.0481404,0.019569,-0.00177591,-0.0162519,-0.0247945,-0.028726,-0.0295348,-0.0286654,-0.0273443,-0.026454,-0.026454,-0.0273443,-0.0286654,-0.0295348,-0.028726,-0.0247945,-0.0162519,-0.00177591,0.019569,0.0481404,0.0835961,0.124876,0.170301,0.217773,0.265047,0.310011,0.350931,0.386608,0.416439,0.440381,0.458836,0.472507,0.482243,0.488912,0.493308,0.496096,0.497798,0.498796,0.499355,0.499646,0.499768,0.499768
0.499795,0.499795,0.499686,0.499427,0.498929,0.498036,0.496509,0.494,0.490028,0.48398,0.475113,0.462605,0.445634,0.423493,0.395731,0.362295,0.323636,0.280764,0.235203,0.188868,0.143845,0.102144,0.065443,0.0348889,0.0109883,-0.00639811,-0.0179641,-0.0247945,-0.0281684,-0.0293622,-0.0294806,-0.0293285,-0.0293285,-0.0294806,-0.0293622,-0.0281684,-0.0247945,-0.0179641,-0.00639811,0.0109883,0.0348889,0.065443,0.102144,0.143845,0.188868,0.235203,0.280764,0.323636,0.362295,0.395731,0.423493,0.445634,0.462605,0.475113,0.48398,0.490028,0.494,0.496509,0.498036,0.498929,0.499427,0.499686,0.499795,0.499795
0.499824,0.499824,0.499729,0.499504,0.49907,0.498289,0.49695,0.49474,0.491228,0.485855,0.47794,0.466714,0.451394,0.431277,0.405871,0.375027,0.339043,0.298725,0.25537,0.210666,0.166513,0.124802,0.0871831,0.0548729,0.0285361,0.00825728,-0.00639811,-0.0162519,-0.0223426,-0.0257473,-0.0274209,-0.0280705,-0.0280705,-0.0274209,-0.0257473,-0.0223426,-0.0162519,-0.00639811,0.00825728,0.0285361,0.0548729,0.0871831,0.124802,0.166513,0.210666,0.25537,0.298725,0.339043,0.375027,0.405871,0.431277,0.451394,0.466714,0.47794,0.485855,0.491228,0.49474,0.49695,0.498289,0.49907,0.499504,0.499729,0.499824,0.499824
0.499852,0.499852,0.499772,0.499581,0.499212,0.498545,0.497397,0.495493,0.492455,0.487782,0.48086,0.470986,0.45742,0.43948,0.416644,0.388676,0.355726,0.318398,0.277753,0.235235,0.192532,0.151387,0.113389,0.0797981,0.0514146,0.0285361,0.0109883,-0.00177591,-0.0105352,-0.0161433,-0.0193827,-0.0208441,-0.0208441,-0.0193827,-0.0161433,-0.0105352,-0.00177591,0.0109883,0.0285361,0.0514146,0.0797981,0.113389,0.151387,0.192532,0.235235,0.277753,0.318398,0.355726,0.388676,0.416644,0.43948,0.45742,0.470986,0.48086,0.487782,0.492455,0.495493,0.497397,0.498545,0.499212,0.499581,0.499772,0.499852,0.499852
0.499879,0.499879,0.499813,0.499655,0.499348,0.498792,0.49783,0.496228,0.493657,0.489681,0.483757,0.475249,0.463478,0.447791,0.427653,0.402758,0.373124,0.339164,0.301704,0.261941,0.221333,0.181446,0.143779,0.109595,0.0797981,0.0548729,0.0348889,0.019569,0.00839996,0.000763179,-0.00393627,-0.00616043,-0.00616043,-0.00393627,0.000763179,0.00839996,0.019569,0.0348889,0.0548729,0.0797981,0.109595,0.143779,0.181446,0.221333,0.261941,0.301704,0.339164,0.373124,0.402758,0.427653,0.447791,0.463478,0.475249,0.483757,0.489681,0.493657,0.496228,0.49783,0.498792,0.499348,0.499655,0.499813,0.499879,0.499879
0.499904,0.499904,0.49985,0.499723,0.499474,0.499021,0.498234,0.496917,0.494791,0.491484,0.486523,0.47935,0.469351,0.455915,0.438514,0.416791,0.390655,0.360349,0.326479,0.29,0.252133,0.214249,0.177721,0.143779,0.113389,0.0871831,0.065443,0.0481404,0.0350165,0.0256862,0.0197454,0.0168661,0.0168661,0.0197454,0.0256862,0.0350165,0.0481404,0.065443,0.0871831,0.113389,0.143779,0.177721,0.214249,0.252133,0.29,0.326479,0.360349,0.390655,0.416791,0.438514,0.455915,0.469351,0.47935,0.486523,0.491484,0.494791,0.496917,0.498234,0.499021,0.499474,0.499723,0.49985,0.499904,0.499904
0.499925,0.499925,0.499883,0.499783,0.499586,0.499227,0.498598,0.497541,0.495824,0.493135,0.489076,0.483162,0.474854,0.463594,0.448877,0.430321,0.407751,0.381267,0.351283,0.318523,0.283977,0.248812,0.214249,0.181446,0.151387,0.124802,0.102144,0.0835961,0.0691277,0.0585702,0.0517017,0.0483246,0.0483246,0.0517017,0.0585702,0.0691277,0.0835961,0.102144,0.124802,0.151387,0.181446,0.214249,0.248812,0.283977,0.318523,0.351283,0.381267,0.407751,0.430321,0.448877,0.463594,0.474854,0.483162,0.489076,0.493135,0.495824,0.497541,0.498598,0.499227,0.499586,0.499783,0.499883,0.499925,0.499925
0.499943,0.499943,0.499911,0.499834,0.499683,0.499404,0.498915,0.498086,0.496732,0.494599,0.491354,0.486591,0.479845,0.470623,0.458454,0.442956,0.423899,0.401272,0.375325,0.346581,0.315812,0.283977,0.252133,0.221333,0.192532,0.166513,0.143845,0.124876,0.109765,0.0985301,0.0911104,0.0874267,0.0874267,0.0911104,0.0985301,0.109765,0.124876,0.143845,0.166513,0.192532,0.221333,0.252133,0.283977,0.315812,0.346581,0.375325,0.401272,0.423899,0.442956,0.458454,0.470623,0.479845,0.486591,0.491354,0.494599,0.496732,0.498086,0.498915,0.499404,0.499683,0.499834,0.499911,0.499943,0.499943
0.499958,0.499958,0.499934,0.499877,0.499763,0.499553,0.499181,0.498548,0.497507,0.495854,0.493323,0.489579,0.48423,0.476855,0.46703,0.45439,0.438678,0.419805,0.397892,0.373292,0.346581,0.318523,0.29,0.261941,0.235235,0.210666,0.188868,0.170301,0.155265,0.143925,0.136352,0.132566,0.132566,0.136352,0.143925,0.155265,0.170301,0.188868,0.210666,0.235235,0.261941,0.29,0.318523,0.346581,0.373292,0.397892,0.419805,0.438678,0.45439,0.46703,0.476855,0.48423,0.489579,0.493323,0.495854,0.497507,0.498548,0.499181,0.499553,0.499763,0.499877,0.499934,0.499958,0.499958
0.49997,0.49997,0.499953,0.499911,0.499827,0.499673,0.499398,0.498926,0.498145,0.496898,0.494972,0.492101,0.487965,0.48221,0.474472,0.464416,0.451782,0.436434,0.418398,0.397892,0.375325,0.351283,0.326479,0.301704,0.277753,0.25537,0.235203,0.217773,0.203468,0.192557,0.185208,0.181513,0.181513,0.185208,0.192557,0.203468,0.217773,0.235203,0.25537,0.277753,0.301704,0.326479,0.351283,0.375325,0.397892,0.418398,0.436434,0.451782,0.464416,0.474472,0.48221,0.487965,0.492101,0.494972,0.496898,0.498145,0.498926,0.499398,0.499673,0.499827,0.499911,0.499953,0.49997,0.49997
0.499979,0.499979,0.499967,0.499937,0.499878,0.499767,0.499569,0.499226,0.498656,0.497738,0.49631,0.494164,0.491047,0.486671,0.480732,0.472936,0.463039,0.450884,0.436434,0.419805,0.401272,0.381267,0.360349,0.339164,0.318398,0.298725,0.280764,0.265047,0.252006,0.241966,0.235156,0.231717,0.231717,0.235156,0.241966,0.252006,0.265047,0.280764,0.298725,0.318398,0.339164,0.360349,0.381267,0.401272,0.419805,0.436434,0.450884,0.463039,0.472936,0.480732,0.486671,0.491047,0.494164,0.49631,0.497738,0.498656,0.499226,0.499569,0.499767,0.499878,0.499937,0.499967,0.499979,0.499979
0.499986,0.499986,0.499977,0.499957,0.499916,0.499838,0.499699,0.499457,0.499052,0.498394,0.497363,0.495801,0.493513,0.490272,0.485833,0.47995,0.472405,0.463039,0.451782,0.438678,0.423899,0.407751,0.390655,0.373124,0.355726,0.339043,0.323636,0.310011,0.2986,0.289747,0.283707,0.280646,0.280646,0.283707,0.289747,0.2986,0.310011,0.323636,0.339043,0.355726,0.373124,0.390655,0.407751,0.423899,0.438678,0.451782,0.463039,0.472405,0.47995,0.485833,0.490272,0.493513,0.495801,0.497363,0.498394,0.499052,0.499457,0.499699,0.499838,0.499916,0.499957,0.499977,0.499986,0.499986
0.499991,0.499991,0.499985,0.499971,0.499943,0.499891,0.499796,0.49963,0.499349,0.49889,0.498165,0.497059,0.495424,0.493089,0.489861,0.485543,0.47995,0.472936,0.464416,0.45439,0.442956,0.430321,0.416791,0.402758,0.388676,0.375027,0.362295,0.350931,0.341337,0.333845,0.328708,0.326097,0.326097,0.328708,0.333845,0.341337,0.350931,0.362295,0.375027,0.388676,0.402758,0.416791,0.430321,0.442956,0.45439,0.464416,0.472936,0.47995,0.485543,0.489861,0.493089,0.495424,0.497059,0.498165,0.49889,0.499349,0.49963,0.499796,0.499891,0.499943,0.499971,0.499985,0.499991,0.499991
0.499994,0.499994,0.49999,0.499981,0.499963,0.499928,0.499865,0.499754,0.499565,0.499254,0.498758,0.497996,0.49686,0.495224,0.492942,0.489861,0.485833,0.480732,0.474472,0.46703,0.458454,0.448877,0.438514,0.427653,0.416644,0.405871,0.395731,0.386608,0.378851,0.372759,0.368565,0.366427,0.366427,0.368565,0.372759,0.378851,0.386608,0.395731,0.405871,0.416644,0.427653,0.438514,0.448877,0.458454,0.46703,0.474472,0.480732,0.485833,0.489861,0.492942,0.495224,0.49686,0.497996,0.498758,0.499254,0.499565,0.499754,0.499865,0.499928,0.499963,0.499981,0.49999,0.499994,0.499994
0.499996,0.499996,0.499994,0.499988,0.499977,0.499954,0.499914,0.499841,0.499717,0.499512,0.499183,0.498672,0.497905,0.496791,0.495224,0.493089,0.490272,0.486671,0.48221,0.476855,0.470623,0.463594,0.455915,0.447791,0.43948,0.431277,0.423493,0.416439,0.410405,0.405643,0.402351,0.40067,0.40067,0.402351,0.405643,0.410405,0.416439,0.423493,0.431277,0.43948,0.447791,0.455915,0.463594,0.470623,0.476855,0.48221,0.486671,0.490272,0.493089,0.495224,0.496791,0.497905,0.498672,0.499183,0.499512,0.499717,0.499841,0.499914,0.499954,0.499977,0.499988,0.499994,0.499996,0.499996
0.499998,0.499998,0.499996,0.499993,0.499986,0.499972,0.499946,0.4999,0.499822,0.49969,0.499477,0.499145,0.498642,0.497905,0.49686,0.495424,0.493513,0.491047,0.487965,0.48423,0.479845,0.474854,0.469351,0.463478,0.45742,0.451394,0.445634,0.440381,0.435863,0.43228,0.429797,0.428526,0.428526,0.429797,0.43228,0.435863,0.440381,0.445634,0.451394,0.45742,0.463478,0.469351,0.474854,0.479845,0.48423,0.487965,0.491047,0.493513,0.495424,0.49686,0.497905,0.498642,0.499145,0.499477,0.49969,0.499822,0.4999,0.499946,0.499972,0.499986,0.499993,0.499996,0.499998,0.499998
0.499999,0.499999,0.499998,0.499996,0.499991,0.499983,0.499967,0.499939,0.499891,0.499809,0.499675,0.499465,0.499145,0.498672,0.497996,0.497059,0.495801,0.494164,0.492101,0.489579,0.486591,0.483162,0.47935,0.475249,0.470986,0.466714,0.462605,0.458836,0.455578,0.452984,0.451181,0.450257,0.450257,0.451181,0.452984,0.455578,0.458836,0.462605,0.466714,0.470986,0.475249,0.47935,0.483162,0.486591,0.489579,0.492101,0.494164,0.495801,0.497059,0.497996,0.498672,0.499145,0.499465,0.499675,0.499809,0.499891,0.499939,0.499967,0.499983,0.499991,0.499996,0.499998,0.499999,0.499999
0.499999,0.499999,0.499999,0.499998,0.499995,0.49999,0.499981,0.499964,0.499935,0.499885,0.499804,0.499675,0.499477,0.499183,0.498758,0.498165,0.497363,0.49631,0.494972,0.493323,0.491354,0.489076,0.486523,0.483757,0.48086,0.47794,0.475113,0.472507,0.470243,0.468436,0.467175,0.466528,0.466528,0.467175,0.468436,0.470243,0.472507,0.475113,0.47794,0.48086,0.483757,0.486523,0.489076,0.491354,0.493323,0.494972,0.49631,0.497363,0.498165,0.498758,0.499183,0.499477,0.499675,0.499804,0.499885,0.499935,0.499964,0.499981,0.49999,0.499995,0.499998,0.499999,0.499999,0.499999
0.5,0.5,0.499999,0.499999,0.499997,0.499994,0.499989,0.499979,0.499962,0.499933,0.499885,0.499809,0.49969,0.499512,0.499254,0.49889,0.498394,0.497738,0.496898,0.495854,0.494599,0.493135,0.491484,0.489681,0.487782,0.485855,0.48398,0.482243,0.480728,0.479514,0.478666,0.47823,0.47823,0.478666,0.479514,0.480728,0.482243,0.48398,0.485855,0.487782,0.489681,0.491484,0.493135,0.494599,0.495854,0.496898,0.497738,0.498394,0.49889,0.499254,0.499512,0.49969,0.499809,0.499885,0.499933,0.499962,0.499979,0.499989,0.499994,0.499997,0.499999,0.499999,0.5,0.5
0.5,0.5,0.5,0.499999,0.499998,0.499997,0.499994,0.499988,0.499979,0.499962,0.499935,0.499891,0.499822,0.499717,0.499565,0.499349,0.499052,0.498656,0.498145,0.497507,0.496732,0.495824,0.494791,0.493657,0.492455,0.491228,0.490028,0.488912,0.487935,0.48715,0.4866,0.486317,0.486317,0.4866,0.48715,0.487935,0.488912,0.490028,0.491228,0.492455,0.493657,0.494791,0.495824,0.496732,0.497507,0.498145,0.498656,0.499052,0.499349,0.499565,0.499717,0.499822,0.499891,0.499935,0.499962,0.499979,0.499988,0.499994,0.499997,0.499998,0.499999,0.5,0.5,0.5
0.5,0.5,0.5,0.5,0.499999,0.499998,0.499997,0.499994,0.499988,0.499979,0.499964,0.499939,0.4999,0.499841,0.499754,0.49963,0.499457,0.499226,0.498926,0.498548,0.498086,0.497541,0.496917,0.496228,0.495493,0.49474,0.494,0.493308,0.492701,0.492211,0.491868,0.491691,0.491691,0.491868,0.492211,0.492701,0.493308,0.494,0.49474,0.495493,0.496228,0.496917,0.497541,0.498086,0.498548,0.498926,0.499226,0.499457,0.49963,0.499754,0.499841,0.4999,0.499939,0.499964,0.499979,0.499988,0.499994,0.499997,0.499998,0.499999,0.5,0.5,0.5,0.5
0.5,0.5,0.5,0.5,0.5,0.499999,0.499998,0.499997,0.499994,0.499989,0.499981,0.499967,0.499946,0.499914,0.499865,0.499796,0.499699,0.499569,0.499398,0.499181,0.498915,0.498598,0.498234,0.49783,0.497397,0.49695,0.496509,0.496096,0.495732,0.495438,0.495231,0.495124,0.495124,0.495231,0.495438,0.495732,0.496096,0.496509,0.49695,0.497397,0.49783,0.498234,0.498598,0.498915,0.499181,0.499398,0.499569,0.499699,0.499796,0.499865,0.499914,0.499946,0.499967,0.499981,0.499989,0.499994,0.499997,0.499998,0.499999,0.5,0.5,0.5,0.5,0.5
0.5,0.5,0.5,0.5,0.5,0.5,0.499999,0.499998,0.499997,0.499994,0.49999,0.499983,0.499972,0.499954,0.499928,0.499891,0.499838,0.499767,0.499673,0.499553,0.499404,0.499227,0.499021,0.498792,0.498545,0.498289,0.498036,0.497798,0.497587,0.497417,0.497296,0.497234,0.497234,0.497296,0.497417,0.497587,0.497798,0.498036,0.498289,0.498545,0.498792,0.499021,0.499227,0.499404,0.499553,0.499673,0.499767,0.499838,0.499891,0.499928,0.499954,0.499972,0.499983,0.49999,0.499994,0.499997,0.499998,0.499999,0.5,0.5,0.5,0.5,0.5,0.5
0.5,0.5,0.5,0.5,0.5,0.5,0.5,0.499999,0.499998,0.499997,0.499995,0.499991,0.499986,0.499977,0.499963,0.499943,0.499916,0.499878,0.499827,0.499763,0.499683,0.499586,0.499474,0.499348,0.499212,0.49907,0.498929,0.498796,0.498678,0.498582,0.498515,0.49848,0.49848,0.498515,0.498582,0.498678,0.498796,0.498929,0.49907,0.499212,0.499348,0.499474,0.499586,0.499683,0.499763,0.499827,0.499878,0.499916,0.499943,0.499963,0.499977,0.499986,0.499991,0.499995,0.499997,0.499998,0.499999,0.5,0.5,0.5,0.5,0.5,0.5,0.5
0.5,0.5,0.5,0.5,0.5,0.5,0.5,0.5,0.499999,0.499999,0.499998,0.499996,0.499993,0.499988,0.499981,0.499971,0.499957,0.499937,0.499911,0.499877,0.499834,0.499783,0.499723,0.499655,0.499581,0.499504,0.499427,0.499355,0.49929,0.499237,0.4992,0.499181,0.499181,0.4992,0.499237,0.49929,0.499355,0.499427,0.499504,0.499581,0.499655,0.499723,0.499783,0.499834,0.499877,0.499911,0.499937,0.499957,0.499971,0.499981,0.499988,0.499993,0.499996,0.499998,0.499999,0.499999,0.5,0.5,0.5,0.5,0.5,0.5,0.5,0.5
0.5,0.5,0.5,0.5,0.5,0.5,0.5,0.5,0.5,0.499999,0.499999,0.499998,0.499996,0.499994,0.49999,0.499985,0.499977,0.499967,0.499953,0.499934,0.499911,0.499883,0.49985,0.499813,0.499772,0.499729,0.499686,0.499646,0.499609,0.49958,0.499559,0.499548,0.499548,0.499559,0.49958,0.499609,0.499646,0.499686,0.499729,0.499772,0.499813,0.49985,0.499883,0.499911,0.499934,0.499953,0.499967,0.499977,0.499985,0.49999,0.499994,0.499996,0.499998,0.499999,0.499999,0.5,0.5,0.5,0.5,0.5,0.5,0.5,0.5,0.5
0.5,0.5,0.5,0.5,0.5,0.5,0.5,0.5,0.5,0.5,0.499999,0.499999,0.499998,0.499996,0.499994,0.499991,0.499986,0.499979,0.49997,0.499958,0.499943,0.499925,0.499904,0.499879,0.499852,0.499824,0.499795,0.499768,0.499744,0.499724,0.49971,0.499703,0.499703,0.49971,0.499724,0.499744,0.499768,0.499795,0.499824,0.499852,0.499879,0.499904,0.499925,0.499943,0.499958,0.49997,0.499979,0.499986,0.499991,0.499994,0.499996,0.499998,0.499999,0.499999,0.5,0.5,0.5,0.5,0.5,0.5,0.5,0.5,0.5,0.5
0.5,0.5,0.5,0.5,0.5,0.5,0.5,0.5,0.5,0.5,0.499999,0.499999,0.499998,0.499996,0.499994,0.499991,0.499986,0.499979,0.49997,0.499958,0.499943,0.499925,0.499904,0.499879,0.499852,0.499824,0.499795,0.499768,0.499744,0.499724,0.49971,0.499703,0.499703,0.49971,0.499724,0.499744,0.499768,0.499795,0.499824,0.499852,0.499879,0.499904,0.499925,0.499943,0.499958,0.49997,0.499979,0.499986,0.499991,0.499994,0.499996,0.499998,0.499999,0.499999,0.5,0.5,0.5,0.5,0.5,0.5,0.5,0.5,0.5,0.5
