0.5,0.5,0.5,0.5,0.5,0.5,0.5,0.5,0.5,0.5,0.499999,0.499999,0.499998,0.499997,0.499996,0.499993,0.49999,0.499985,0.499978,0.49997,0.499958,0.499945,0.499928,0.49991,0.499889,0.499868,0.499846,0.499825,0.499807,0.499791,0.499781,0.499775,0.499775,0.499781,0.499791,0.499807,0.499825,0.499846,0.499868,0.499889,0.49991,0.499928,0.499945,0.499958,0.49997,0.499978,0.499985,0.49999,0.499993,0.499996,0.499997,0.499998,0.499999,0.499999,0.5,0.5,0.5,0.5,0.5,0.5,0.5,0.5,0.5,0.5
0.5,0.5,0.5,0.5,0.5,0.5,0.5,0.5,0.5,0.5,0.499999,0.499999,0.499998,0.499997,0.499996,0.499993,0.49999,0.499985,0.499978,0.49997,0.499958,0.499945,0.499928,0.49991,0.499889,0.499868,0.499846,0.499825,0.499807,0.499791,0.499781,0.499775,0.499775,0.499781,0.499791,0.499807,0.499825,0.499846,0.499868,0.499889,0.49991,0.499928,0.499945,0.499958,0.49997,0.499978,0.499985,0.49999,0.499993,0.499996,0.499997,0.499998,0.499999,0.499999,0.5,0.5,0.5,0.5,0.5,0.5,0.5,0.5,0.5,0.5
0.5,0.5,0.5,0.5,0.5,0.5,0.5,0.5,0.5,0.5,0.499999,0.499998,0.499997,0.499996,0.499993,0.499989,0.499984,0.499976,0.499965,0.499951,0.499934,0.499913,0.499887,0.499859,0.499827,0.499794,0.499761,0.499729,0.499701,0.499677,0.499661,0.499652,0.499652,0.499661,0.499677,0.499701,0.499729,0.499761,0.499794,0.499827,0.499859,0.499887,0.499913,0.499934,0.499951,0.499965,0.499976,0.499984,0.499989,0.499993,0.499996,0.499997,0.499998,0.499999,0.5,0.5,0.5,0.5,0.5,0.5,0.5,0.5,0.5,0.5
0.5,0.5,0.5,0.5,0.5,0.5,0.5,0.5,0.499999,0.499999,0.499998,0.499997,0.499995,0.499992,0.499986,0.499979,0.499968,0.499953,0.499933,0.499907,0.499875,0.499835,0.499788,0.499735,0.499677,0.499617,0.499556,0.499498,0.499447,0.499405,0.499376,0.49936,0.49936,0.499376,0.499405,0.499447,0.499498,0.499556,0.499617,0.499677,0.499735,0.499788,0.499835,0.499875,0.499907,0.499933,0.499953,0.499968,0.499979,0.499986,0.499992,0.499995,0.499997,0.499998,0.499999,0.499999,0.5,0.5,0.5,0.5,0.5,0.5,0.5,0.5
0.5,0.5,0.5,0.5,0.5,0.5,0.5,0.499999,0.499999,0.499998,0.499996,0.499994,0.49999,0.499983,0.499973,0.499958,0.499937,0.499908,0.499869,0.499819,0.499757,0.499681,0.499592,0.499492,0.499384,0.49927,0.499157,0.49905,0.498955,0.498877,0.498822,0.498794,0.498794,0.498822,0.498877,0.498955,0.49905,0.499157,0.49927,0.499384,0.499492,0.499592,0.499681,0.499757,0.499819,0.499869,0.499908,0.499937,0.499958,0.499973,0.499983,0.49999,0.499994,0.499996,0.499998,0.499999,0.499999,0.5,0.5,0.5,0.5,0.5,0.5,0.5
0.5,0.5,0.5,0.5,0.5,0.5,0.499999,0.499999,0.499998,0.499996,0.499993,0.499988,0.499979,0.499966,0.499947,0.499918,0.499878,0.499822,0.499749,0.499654,0.499537,0.499396,0.499231,0.499047,0.498847,0.498639,0.498432,0.498237,0.498065,0.497925,0.497826,0.497775,0.497775,0.497826,0.497925,0.498065,0.498237,0.498432,0.498639,0.498847,0.499047,0.499231,0.499396,0.499537,0.499654,0.499749,0.499822,0.499878,0.499918,0.499947,0.499966,0.499979,0.499988,0.499993,0.499996,0.499998,0.499999,0.499999,0.5,0.5,0.5,0.5,0.5,0.5
0.5,0.5,0.5,0.5,0.5,0.499999,0.499999,0.499998,0.499996,0.499992,0.499986,0.499976,0.49996,0.499935,0.499898,0.499845,0.499769,0.499667,0.499532,0.499359,0.499146,0.49889,0.498594,0.498264,0.497908,0.49754,0.497175,0.496832,0.496529,0.496284,0.496111,0.496022,0.496022,0.496111,0.496284,0.496529,0.496832,0.497175,0.49754,0.497908,0.498264,0.498594,0.49889,0.499146,0.499359,0.499532,0.499667,0.499769,0.499845,0.499898,0.499935,0.49996,0.499976,0.499986,0.499992,0.499996,0.499998,0.499999,0.499999,0.5,0.5,0.5,0.5,0.5
0.5,0.5,0.5,0.5,0.499999,0.499999,0.499998,0.499996,0.499992,0.499985,0.499974,0.499955,0.499925,0.49988,0.499812,0.499715,0.499579,0.499395,0.499155,0.498849,0.498474,0.498027,0.497513,0.496943,0.496331,0.4957,0.495078,0.494495,0.493982,0.493567,0.493276,0.493125,0.493125,0.493276,0.493567,0.493982,0.494495,0.495078,0.4957,0.496331,0.496943,0.497513,0.498027,0.498474,0.498849,0.499155,0.499395,0.499579,0.499715,0.499812,0.49988,0.499925,0.499955,0.499974,0.499985,0.499992,0.499996,0.499998,0.499999,0.499999,0.5,0.5,0.5,0.5
0.5,0.5,0.5,0.499999,0.499999,0.499998,0.499996,0.499992,0.499985,0.499972,0.499951,0.499918,0.499865,0.499784,0.499664,0.499493,0.499256,0.498937,0.498522,0.498,0.497361,0.496607,0.495744,0.494791,0.493775,0.492734,0.491711,0.490756,0.489917,0.489241,0.488768,0.488523,0.488523,0.488768,0.489241,0.489917,0.490756,0.491711,0.492734,0.493775,0.494791,0.495744,0.496607,0.497361,0.498,0.498522,0.498937,0.499256,0.499493,0.499664,0.499784,0.499865,0.499918,0.499951,0.499972,0.499985,0.499992,0.499996,0.499998,0.499999,0.499999,0.5,0.5,0.5
0.5,0.5,0.5,0.499999,0.499998,0.499996,0.499992,0.499985,0.499972,0.49995,0.499914,0.499855,0.499762,0.499622,0.499417,0.499126,0.498725,0.49819,0.497498,0.496633,0.495584,0.494352,0.492953,0.491416,0.489788,0.488127,0.486504,0.484995,0.483675,0.482614,0.481872,0.481489,0.481489,0.481872,0.482614,0.483675,0.484995,0.486504,0.488127,0.489788,0.491416,0.492953,0.494352,0.495584,0.496633,0.497498,0.49819,0.498725,0.499126,0.499417,0.499622,0.499762,0.499855,0.499914,0.49995,0.499972,0.499985,0.499992,0.499996,0.499998,0.499999,0.5,0.5,0.5
0.499999,0.499999,0.499999,0.499998,0.499996,0.499993,0.499986,0.499974,0.499951,0.499914,0.499851,0.499751,0.499595,0.499361,0.49902,0.498539,0.497882,0.497012,0.495897,0.494512,0.492844,0.4909,0.488707,0.486314,0.483794,0.48124,0.478756,0.476456,0.474453,0.472849,0.471728,0.471152,0.471152,0.471728,0.472849,0.474453,0.476456,0.478756,0.48124,0.483794,0.486314,0.488707,0.4909,0.492844,0.494512,0.495897,0.497012,0.497882,0.498539,0.49902,0.499361,0.499595,0.499751,0.499851,0.499914,0.499951,0.499974,0.499986,0.499993,0.499996,0.499998,0.499999,0.499999,0.499999
0.499999,0.499999,0.499998,0.499997,0.499994,0.499988,0.499976,0.499955,0.499918,0.499855,0.499751,0.499585,0.499331,0.49895,0.498401,0.497632,0.496589,0.49522,0.493478,0.491331,0.488767,0.485801,0.482479,0.478881,0.475117,0.471325,0.467659,0.464282,0.461352,0.459014,0.457385,0.456548,0.456548,0.457385,0.459014,0.461352,0.464282,0.467659,0.471325,0.475117,0.478881,0.482479,0.485801,0.488767,0.491331,0.493478,0.49522,0.496589,0.497632,0.498401,0.49895,0.499331,0.499585,0.499751,0.499855,0.499918,0.499955,0.499976,0.499988,0.499994,0.499997,0.499998,0.499999,0.499999
0.499998,0.499998,0.499997,0.499995,0.49999,0.499979,0.49996,0.499925,0.499865,0.499762,0.499595,0.499331,0.498926,0.498327,0.497468,0.496276,0.494673,0.492585,0.48995,0.486729,0.482914,0.478537,0.473674,0.468447,0.463019,0.457588,0.45237,0.44759,0.443462,0.44018,0.437899,0.436731,0.436731,0.437899,0.44018,0.443462,0.44759,0.45237,0.457588,0.463019,0.468447,0.473674,0.478537,0.482914,0.486729,0.48995,0.492585,0.494673,0.496276,0.497468,0.498327,0.498926,0.499331,0.499595,0.499762,0.499865,0.499925,0.49996,0.499979,0.49999,0.499995,0.499997,0.499998,0.499998
0.499997,0.499997,0.499996,0.499992,0.499983,0.499966,0.499935,0.49988,0.499784,0.499622,0.499361,0.49895,0.498327,0.497411,0.496109,0.494316,0.491925,0.488838,0.484977,0.480298,0.474804,0.468556,0.461673,0.454337,0.44678,0.439274,0.432112,0.42559,0.419989,0.415553,0.412481,0.41091,0.41091,0.412481,0.415553,0.419989,0.42559,0.432112,0.439274,0.44678,0.454337,0.461673,0.468556,0.474804,0.480298,0.484977,0.488838,0.491925,0.494316,0.496109,0.497411,0.498327,0.49895,0.499361,0.499622,0.499784,0.49988,0.499935,0.499966,0.499983,0.499992,0.499996,0.499997,0.499997
0.499996,0.499996,0.499993,0.499986,0.499973,0.499947,0.499898,0.499812,0.499664,0.499417,0.49902,0.498401,0.497468,0.496109,0.494192,0.491575,0.488116,0.483691,0.478205,0.47162,0.463959,0.455327,0.445907,0.435957,0.425796,0.415787,0.406308,0.397735,0.390415,0.384646,0.380664,0.378632,0.378632,0.380664,0.384646,0.390415,0.397735,0.406308,0.415787,0.425796,0.435957,0.445907,0.455327,0.463959,0.47162,0.478205,0.483691,0.488116,0.491575,0.494192,0.496109,0.497468,0.498401,0.49902,0.499417,0.499664,0.499812,0.499898,0.499947,0.499973,0.499986,0.499993,0.499996,0.499996
0.499993,0.499993,0.499989,0.499979,0.499958,0.499918,0.499845,0.499715,0.499493,0.499126,0.498539,0.497632,0.496276,0.494316,0.491575,0.487866,0.483009,0.476852,0.469294,0.460309,0.44996,0.438416,0.425943,0.412898,0.399702,0.386821,0.374726,0.363871,0.354663,0.347445,0.342482,0.339955,0.339955,0.342482,0.347445,0.354663,0.363871,0.374726,0.386821,0.399702,0.412898,0.425943,0.438416,0.44996,0.460309,0.469294,0.476852,0.483009,0.487866,0.491575,0.494316,0.496276,0.497632,0.498539,0.499126,0.499493,0.499715,0.499845,0.499918,0.499958,0.499979,0.499989,0.499993,0.499993
0.49999,0.49999,0.499984,0.499968,0.499937,0.499878,0.499769,0.499579,0.499256,0.498725,0.497882,0.496589,0.494673,0.491925,0.488116,0.483009,0.476384,0.468067,0.45796,0.446067,0.432516,0.417561,0.401576,0.385036,0.368482,0.352485,0.337607,0.324369,0.313224,0.304541,0.298599,0.295582,0.295582,0.298599,0.304541,0.313224,0.324369,0.337607,0.352485,0.368482,0.385036,0.401576,0.417561,0.432516,0.446067,0.45796,0.468067,0.476384,0.483009,0.488116,0.491925,0.494673,0.496589,0.497882,0.498725,0.499256,0.499579,0.499769,0.499878,0.499937,0.499968,0.499984,0.49999,0.49999
0.499985,0.499985,0.499976,0.499953,0.499908,0.499822,0.499667,0.499395,0.498937,0.49819,0.497012,0.49522,0.492585,0.488838,0.483691,0.476852,0.468067,0.457149,0.444021,0.428742,0.411527,0.392746,0.372908,0.352621,0.332553,0.313379,0.295738,0.280195,0.267224,0.257191,0.250361,0.246906,0.246906,0.250361,0.257191,0.267224,0.280195,0.295738,0.313379,0.332553,0.352621,0.372908,0.392746,0.411527,0.428742,0.444021,0.457149,0.468067,0.476852,0.483691,0.488838,0.492585,0.49522,0.497012,0.49819,0.498937,0.499395,0.499667,0.499822,0.499908,0.499953,0.499976,0.499985,0.499985
0.499978,0.499978,0.499965,0.499933,0.499869,0.499749,0.499532,0.499155,0.498522,0.497498,0.495897,0.493478,0.48995,0.484977,0.478205,0.469294,0.45796,0.444021,0.427443,0.40837,0.387137,0.364259,0.340399,0.316313,0.292796,0.270612,0.250452,0.232893,0.218387,0.207263,0.19974,0.195948,0.195948,0.19974,0.207263,0.218387,0.232893,0.250452,0.270612,0.292796,0.316313,0.340399,0.364259,0.387137,0.40837,0.427443,0.444021,0.45796,0.469294,0.478205,0.484977,0.48995,0.493478,0.495897,0.497498,0.498522,0.499155,0.499532,0.499749,0.499869,0.499933,0.499965,0.499978,0.499978
0.49997,0.49997,0.499951,0.499907,0.499819,0.499654,0.499359,0.498849,0.498,0.496633,0.494512,0.491331,0.486729,0.480298,0.47162,0.460309,0.446067,0.428742,0.40837,0.385214,0.359761,0.332699,0.304864,0.277166,0.250512,0.225734,0.203534,0.184458,0.16889,0.157074,0.149145,0.145169,0.145169,0.149145,0.157074,0.16889,0.184458,0.203534,0.225734,0.250512,0.277166,0.304864,0.332699,0.359761,0.385214,0.40837,0.428742,0.446067,0.460309,0.47162,0.480298,0.486729,0.491331,0.494512,0.496633,0.498,0.498849,0.499359,0.499654,0.499819,0.499907,0.499951,0.49997,0.49997
0.499958,0.499958,0.499934,0.499875,0.499757,0.499537,0.499146,0.498474,0.497361,0.495584,0.492844,0.488767,0.482914,0.474804,0.463959,0.44996,0.432516,0.411527,0.387137,0.359761,0.330071,0.298952,0.267422,0.236541,0.207307,0.180582,0.157035,0.137124,0.121115,0.109119,0.101149,0.0971776,0.0971776,0.101149,0.109119,0.121115,0.137124,0.157035,0.180582,0.207307,0.236541,0.267422,0.298952,0.330071,0.359761,0.387137,0.411527,0.432516,0.44996,0.463959,0.474804,0.482914,0.488767,0.492844,0.495584,0.497361,0.498474,0.499146,0.499537,0.499757,0.499875,0.499934,0.499958,0.499958
0.499945,0.499945,0.499913,0.499835,0.499681,0.499396,0.49889,0.498027,0.496607,0.494352,0.4909,0.485801,0.478537,0.468556,0.455327,0.438416,0.417561,0.392746,0.364259,0.332699,0.298952,0.264114,0.229392,0.195974,0.164921,0.137079,0.113029,0.0930895,0.077353,0.0657537,0.0581478,0.0543893,0.0543893,0.0581478,0.0657537,0.077353,0.0930895,0.113029,0.137079,0.164921,0.195974,0.229392,0.264114,0.298952,0.332699,0.364259,0.392746,0.417561,0.438416,0.455327,0.468556,0.478537,0.485801,0.4909,0.494352,0.496607,0.498027,0.49889,0.499396,0.499681,0.499835,0.499913,0.499945,0.499945
0.499928,0.499928,0.499887,0.499788,0.499592,0.499231,0.498594,0.497513,0.495744,0.492953,0.488707,0.482479,0.473674,0.461673,0.445907,0.425943,0.401576,0.372908,0.340399,0.304864,0.267422,0.229392,0.192154,0.157003,0.125023,0.0969933,0.0733552,0.0542336,0.0395025,0.0288814,0.0220412,0.018701,0.018701,0.0220412,0.0288814,0.0395025,0.0542336,0.0733552,0.0969933,0.125023,0.157003,0.192154,0.229392,0.267422,0.304864,0.340399,0.372908,0.401576,0.425943,0.445907,0.461673,0.473674,0.482479,0.488707,0.492953,0.495744,0.497513,0.498594,0.499231,0.499592,0.499788,0.499887,0.499928,0.499928
0.49991,0.49991,0.499859,0.499735,0.499492,0.499047,0.498264,0.496943,0.494791,0.491416,0.486314,0.478881,0.468447,0.454337,0.435957,0.412898,0.385036,0.352621,0.316313,0.277166,0.236541,0.195974,0.157003,0.120999,0.08902,0.0617332,0.0393915,0.021883,0.00882819,-0.000293583,-0.00601305,-0.00875537,-0.00875537,-0.00601305,-0.000293583,0.00882819,0.021883,0.0393915,0.0617332,0.08902,0.120999,0.157003,0.195974,0.236541,0.277166,0.316313,0.352621,0.385036,0.412898,0.435957,0.454337,0.468447,0.478881,0.486314,0.491416,0.494791,0.496943,0.498264,0.499047,0.499492,0.499735,0.499859,0.49991,0.49991
0.499889,0.499889,0.499827,0.499677,0.499384,0.498847,0.497908,0.496331,0.493775,0.489788,0.483794,0.475117,0.463019,0.44678,0.425796,0.399702,0.368482,0.332553,0.292796,0.250512,0.207307,0.164921,0.125023,0.08902,0.0579071,0.0321941,0.0119077,-0.0033303,-0.0141724,-0.02139,-0.0257191,-0.0277292,-0.0277292,-0.0257191,-0.02139,-0.0141724,-0.0033303,0.0119077,0.0321941,0.0579071,0.08902,0.125023,0.164921,0.207307,0.250512,0.292796,0.332553,0.368482,0.399702,0.425796,0.44678,0.463019,0.475117,0.483794,0.489788,0.493775,0.496331,0.497908,0.498847,0.499384,0.499677,0.499827,0.499889,0.499889
0.499868,0.499868,0.499794,0.499617,0.49927,0.498639,0.49754,0.4957,0.492734,0.488127,0.48124,0.471325,0.457588,0.439274,0.415787,0.386821,0.352485,0.313379,0.270612,0.225734,0.180582,0.137079,0.0969933,0.0617332,0.0321941,0.00869741,-0.00897992,-0.0214949,-0.0297761,-0.0348409,-0.0376216,-0.0388232,-0.0388232,-0.0376216,-0.0348409,-0.0297761,-0.0214949,-0.00897992,0.00869741,0.0321941,0.0617332,0.0969933,0.137079,0.180582,0.225734,0.270612,0.313379,0.352485,0.386821,0.415787,0.439274,0.457588,0.471325,0.48124,0.488127,0.492734,0.4957,0.49754,0.498639,0.49927,0.499617,0.499794,0.499868,0.499868
0.499846,0.499846,0.499761,0.499556,0.499157,0.498432,0.497175,0.495078,0.491711,0.486504,0.478756,0.467659,0.45237,0.432112,0.406308,0.374726,0.337607,0.295738,0.250452,0.203534,0.157035,0.113029,0.0733552,0.0393915,0.0119077,-0.00897992,-0.0237499,-0.0333337,-0.0389222,-0.0417599,-0.0429563,-0.0433358,-0.0433358,-0.0429563,-0.0417599,-0.0389222,-0.0333337,-0.0237499,-0.00897992,0.0119077,0.0393915,0.0733552,0.113029,0.157035,0.203534,0.250452,0.295738,0.337607,0.374726,0.406308,0.432112,0.45237,0.467659,0.478756,0.486504,0.491711,0.495078,0.497175,0.498432,0.499157,0.499556,0.499761,0.499846,0.499846
0.499825,0.499825,0.499729,0.499498,0.49905,0.498237,0.496832,0.494495,0.490756,0.484995,0.476456,0.464282,0.44759,0.42559,0.397735,0.363871,0.324369,0.280195,0.232893,0.184458,0.137124,0.0930895,0.0542336,0.021883,-0.0033303,-0.0214949,-0.0333337,-0.0400308,-0.0430123,-0.0437204,-0.0434146,-0.0430185,-0.0430185,-0.0434146,-0.0437204,-0.0430123,-0.0400308,-0.0333337,-0.0214949,-0.0033303,0.021883,0.0542336,0.0930895,0.137124,0.184458,0.232893,0.280195,0.324369,0.363871,0.397735,0.42559,0.44759,0.464282,0.476456,0.484995,0.490756,0.494495,0.496832,0.498237,0.49905,0.499498,0.499729,0.499825,0.499825
0.499807,0.499807,0.499701,0.499447,0.498955,0.498065,0.496529,0.493982,0.489917,0.483675,0.474453,0.461352,0.443462,0.419989,0.390415,0.354663,0.313224,0.267224,0.218387,0.16889,0.121115,0.077353,0.0395025,0.00882819,-0.0141724,-0.0297761,-0.0389222,-0.0430123,-0.0436693,-0.0424967,-0.0408733,-0.0397997,-0.0397997,-0.0408733,-0.0424967,-0.0436693,-0.0430123,-0.0389222,-0.0297761,-0.0141724,0.00882819,0.0395025,0.077353,0.121115,0.16889,0.218387,0.267224,0.313224,0.354663,0.390415,0.419989,0.443462,0.461352,0.474453,0.483675,0.489917,0.493982,0.496529,0.498065,0.498955,0.499447,0.499701,0.499807,0.499807
0.499791,0.499791,0.499677,0.499405,0.498877,0.497925,0.496284,0.493567,0.489241,0.482614,0.472849,0.459014,0.44018,0.415553,0.384646,0.347445,0.304541,0.257191,0.207263,0.157074,0.109119,0.0657537,0.0288814,-0.000293583,-0.02139,-0.0348409,-0.0417599,-0.0437204,-0.0424967,-0.0398136,-0.0371377,-0.0355246,-0.0355246,-0.0371377,-0.0398136,-0.0424967,-0.0437204,-0.0417599,-0.0348409,-0.02139,-0.000293583,0.0288814,0.0657537,0.109119,0.157074,0.207263,0.257191,0.304541,0.347445,0.384646,0.415553,0.44018,0.459014,0.472849,0.482614,0.489241,0.493567,0.496284,0.497925,0.498877,0.499405,0.499677,0.499791,0.499791
0.499781,0.499781,0.499661,0.499376,0.498822,0.497826,0.496111,0.493276,0.488768,0.481872,0.471728,0.457385,0.437899,0.412481,0.380664,0.342482,0.298599,0.250361,0.19974,0.149145,0.101149,0.0581478,0.0220412,-0.00601305,-0.0257191,-0.0376216,-0.0429563,-0.0434146,-0.0408733,-0.0371377,-0.0337311,-0.0317444,-0.0317444,-0.0337311,-0.0371377,-0.0408733,-0.0434146,-0.0429563,-0.0376216,-0.0257191,-0.00601305,0.0220412,0.0581478,0.101149,0.149145,0.19974,0.250361,0.298599,0.342482,0.380664,0.412481,0.437899,0.457385,0.471728,0.481872,0.488768,0.493276,0.496111,0.497826,0.498822,0.499376,0.499661,0.499781,0.499781
0.499775,0.499775,0.499652,0.49936,0.498794,0.497775,0.496022,0.493125,0.488523,0.481489,0.471152,0.456548,0.436731,0.41091,0.378632,0.339955,0.295582,0.246906,0.195948,0.145169,0.0971776,0.0543893,0.018701,-0.00875537,-0.0277292,-0.0388232,-0.0433358,-0.0430185,-0.0397997,-0.0355246,-0.0317444,-0.0295671,-0.0295671,-0.0317444,-0.0355246,-0.0397997,-0.0430185,-0.0433358,-0.0388232,-0.0277292,-0.00875537,0.018701,0.0543893,0.0971776,0.145169,0.195948,0.246906,0.295582,0.339955,0.378632,0.41091,0.436731,0.456548,0.471152,0.481489,0.488523,0.493125,0.496022,0.497775,0.498794,0.49936,0.499652,0.499775,0.499775
0.499775,0.499775,0.499652,0.49936,0.498794,0.497775,0.496022,0.493125,0.488523,0.481489,0.471152,0.456548,0.436731,0.41091,0.378632,0.339955,0.295582,0.246906,0.195948,0.145169,0.0971776,0.0543893,0.018701,-0.00875537,-0.0277292,-0.0388232,-0.0433358,-0.0430185,-0.0397997,-0.0355246,-0.0317444,-0.0295671,-0.0295671,-0.0317444,-0.0355246,-0.0397997,-0.0430185,-0.0433358,-0.0388232,-0.0277292,-0.00875537,0.018701,0.0543893,0.0971776,0.145169,0.195948,0.246906,0.295582,0.339955,0.378632,0.41091,0.436731,0.456548,0.471152,0.481489,0.488523,0.493125,0.496022,0.497775,0.498794,0.49936,0.499652,0.499775,0.499775
0.499781,0.499781,0.499661,0.499376,0.498822,0.497826,0.496111,0.493276,0.488768,0.481872,0.471728,0.457385,0.437899,0.412481,0.380664,0.342482,0.298599,0.250361,0.19974,0.149145,0.101149,0.0581478,0.0220412,-0.00601305,-0.0257191,-0.0376216,-0.0429563,-0.0434146,-0.0408733,-0.0371377,-0.0337311,-0.0317444,-0.0317444,-0.0337311,-0.0371377,-0.0408733,-0.0434146,-0.0429563,-0.0376216,-0.0257191,-0.00601305,0.0220412,0.0581478,0.101149,0.149145,0.19974,0.250361,0.298599,0.342482,0.380664,0.412481,0.437899,0.457385,0.471728,0.481872,0.488768,0.493276,0.496111,0.497826,0.498822,0.499376,0.499661,0.499781,0.499781
0.499791,0.499791,0.499677,0.499405,0.498877,0.497925,0.496284,0.493567,0.489241,0.482614,0.472849,0.459014,0.44018,0.415553,0.384646,0.347445,0.304541,0.257191,0.207263,0.157074,0.109119,0.0657537,0.0288814,-0.000293583,-0.02139,-0.0348409,-0.0417599,-0.0437204,-0.0424967,-0.0398136,-0.0371377,-0.0355246,-0.0355246,-0.0371377,-0.0398136,-0.0424967,-0.0437204,-0.0417599,-0.0348409,-0.02139,-0.000293583,0.0288814,0.0657537,0.109119,0.157074,0.207263,0.257191,0.304541,0.347445,0.384646,0.415553,0.44018,0.459014,0.472849,0.482614,0.489241,0.493567,0.496284,0.497925,0.498877,0.499405,0.499677,0.499791,0.499791
0.499807,0.499807,0.499701,0.499447,0.498955,0.498065,0.496529,0.493982,0.489917,0.483675,0.474453,0.461352,0.443462,0.419989,0.390415,0.354663,0.313224,0.267224,0.218387,0.16889,0.121115,0.077353,0.0395025,0.00882819,-0.0141724,-0.0297761,-0.0389222,-0.0430123,-0.0436693,-0.0424967,-0.0408733,-0.0397997,-0.0397997,-0.0408733,-0.0424967,-0.0436693,-0.0430123,-0.0389222,-0.0297761,-0.0141724,0.00882819,0.0395025,0.077353,0.121115,0.16889,0.218387,0.267224,0.313224,0.354663,0.390415,0.419989,0.443462,0.461352,0.474453,0.483675,0.489917,0.493982,0.496529,0.498065,0.498955,0.499447,0.499701,0.499807,0.499807
0.499825,0.499825,0.499729,0.499498,0.49905,0.498237,0.496832,0.494495,0.490756,0.484995,0.476456,0.464282,0.44759,0.42559,0.397735,0.363871,0.324369,0.280195,0.232893,0.184458,0.137124,0.0930895,0.0542336,0.021883,-0.0033303,-0.0214949,-0.0333337,-0.0400308,-0.0430123,-0.0437204,-0.0434146,-0.0430185,-0.0430185,-0.0434146,-0.0437204,-0.0430123,-0.0400308,-0.0333337,-0.0214949,-0.0033303,0.021883,0.0542336,0.0930895,0.137124,0.184458,0.232893,0.280195,0.324369,0.363871,0.397735,0.42559,0.44759,0.464282,0.476456,0.484995,0.490756,0.494495,0.496832,0.498237,0.49905,0.499498,0.499729,0.499825,0.499825
0.499846,0.499846,0.499761,0.499556,0.499157,0.498432,0.497175,0.495078,0.491711,0.486504,0.478756,0.467659,0.45237,0.432112,0.406308,0.374726,0.337607,0.295738,0.250452,0.203534,0.157035,0.113029,0.0733552,0.0393915,0.0119077,-0.00897992,-0.0237499,-0.0333337,-0.0389222,-0.0417599,-0.0429563,-0.0433358,-0.0433358,-0.0429563,-0.0417599,-0.0389222,-0.0333337,-0.0237499,-0.00897992,0.0119077,0.0393915,0.0733552,0.113029,0.157035,0.203534,0.250452,0.295738,0.337607,0.374726,0.406308,0.432112,0.45237,0.467659,0.478756,0.486504,0.491711,0.495078,0.497175,0.498432,0.499157,0.499556,0.499761,0.499846,0.499846
0.499868,0.499868,0.499794,0.499617,0.49927,0.498639,0.49754,0.4957,0.492734,0.488127,0.48124,0.471325,0.457588,0.439274,0.415787,0.386821,0.352485,0.313379,0.270612,0.225734,0.180582,0.137079,0.0969933,0.0617332,0.0321941,0.00869741,-0.00897992,-0.0214949,-0.0297761,-0.0348409,-0.0376216,-0.0388232,-0.0388232,-0.0376216,-0.0348409,-0.0297761,-0.0214949,-0.00897992,0.00869741,0.0321941,0.0617332,0.0969933,0.137079,0.180582,0.225734,0.270612,0.313379,0.352485,0.386821,0.415787,0.439274,0.457588,0.471325,0.48124,0.488127,0.492734,0.4957,0.49754,0.498639,0.49927,0.499617,0.499794,0.499868,0.499868
0.499889,0.499889,0.499827,0.499677,0.499384,0.498847,0.497908,0.496331,0.493775,0.489788,0.483794,0.475117,0.463019,0.44678,0.425796,0.399702,0.368482,0.332553,0.292796,0.250512,0.207307,0.164921,0.125023,0.08902,0.0579071,0.0321941,0.0119077,-0.0033303,-0.0141724,-0.02139,-0.0257191,-0.0277292,-0.0277292,-0.0257191,-0.02139,-0.0141724,-0.0033303,0.0119077,0.0321941,0.0579071,0.08902,0.125023,0.164921,0.207307,0.250512,0.292796,0.332553,0.368482,0.399702,0.425796,0.44678,0.463019,0.475117,0.483794,0.489788,0.493775,0.496331,0.497908,0.498847,0.499384,0.499677,0.499827,0.499889,0.499889
0.49991,0.49991,0.499859,0.499735,0.499492,0.499047,0.498264,0.496943,0.494791,0.491416,0.486314,0.478881,0.468447,0.454337,0.435957,0.412898,0.385036,0.352621,0.316313,0.277166,0.236541,0.195974,0.157003,0.120999,0.08902,0.0617332,0.0393915,0.021883,0.00882819,-0.000293583,-0.00601305,-0.00875537,-0.00875537,-0.00601305,-0.000293583,0.00882819,0.021883,0.0393915,0.0617332,0.08902,0.120999,0.157003,0.195974,0.236541,0.277166,0.316313,0.352621,0.385036,0.412898,0.435957,0.454337,0.468447,0.478881,0.486314,0.491416,0.494791,0.496943,0.498264,0.499047,0.499492,0.499735,0.499859,0.49991,0.49991
0.499928,0.499928,0.499887,0.499788,0.499592,0.499231,0.498594,0.497513,0.495744,0.492953,0.488707,0.482479,0.473674,0.461673,0.445907,0.425943,0.401576,0.372908,0.340399,0.304864,0.267422,0.229392,0.192154,0.157003,0.125023,0.0969933,0.0733552,0.0542336,0.0395025,0.0288814,0.0220412,0.018701,0.018701,0.0220412,0.0288814,0.0395025,0.0542336,0.0733552,0.0969933,0.125023,0.157003,0.192154,0.229392,0.267422,0.304864,0.340399,0.372908,0.401576,0.425943,0.445907,0.461673,0.473674,0.482479,0.488707,0.492953,0.495744,0.497513,0.498594,0.499231,0.499592,0.499788,0.499887,0.499928,0.499928
0.499945,0.499945,0.499913,0.499835,0.499681,0.499396,0.49889,0.498027,0.496607,0.494352,0.4909,0.485801,0.478537,0.468556,0.455327,0.438416,0.417561,0.392746,0.364259,0.332699,0.298952,0.264114,0.229392,0.195974,0.164921,0.137079,0.113029,0.0930895,0.077353,0.0657537,0.0581478,0.0543893,0.0543893,0.0581478,0.0657537,0.077353,0.0930895,0.113029,0.137079,0.164921,0.195974,0.229392,0.264114,0.298952,0.332699,0.364259,0.392746,0.417561,0.438416,0.455327,0.468556,0.478537,0.485801,0.4909,0.494352,0.496607,0.498027,0.49889,0.499396,0.499681,0.499835,0.499913,0.499945,0.499945
0.499958,0.499958,0.499934,0.499875,0.499757,0.499537,0.499146,0.498474,0.497361,0.495584,0.492844,0.488767,0.482914,0.474804,0.463959,0.44996,0.432516,0.411527,0.387137,0.359761,0.330071,0.298952,0.267422,0.236541,0.207307,0.180582,0.157035,0.137124,0.121115,0.109119,0.101149,0.0971776,0.0971776,0.101149,0.109119,0.121115,0.137124,0.157035,0.180582,0.207307,0.236541,0.267422,0.298952,0.330071,0.359761,0.387137,0.411527,0.432516,0.44996,0.463959,0.474804,0.482914,0.488767,0.492844,0.495584,0.497361,0.498474,0.499146,0.499537,0.499757,0.499875,0.499934,0.499958,0.499958
0.49997,0.49997,0.499951,0.499907,0.499819,0.499654,0.499359,0.498849,0.498,0.496633,0.494512,0.491331,0.486729,0.480298,0.47162,0.460309,0.446067,0.428742,0.40837,0.385214,0.359761,0.332699,0.304864,0.277166,0.250512,0.225734,0.203534,0.184458,0.16889,0.157074,0.149145,0.145169,0.145169,0.149145,0.157074,0.16889,0.184458,0.203534,0.225734,0.250512,0.277166,0.304864,0.332699,0.359761,0.385214,0.40837,0.428742,0.446067,0.460309,0.47162,0.480298,0.486729,0.491331,0.494512,0.496633,0.498,0.498849,0.499359,0.499654,0.499819,0.499907,0.499951,0.49997,0.49997
0.499978,0.499978,0.499965,0.499933,0.499869,0.499749,0.499532,0.499155,0.498522,0.497498,0.495897,0.493478,0.48995,0.484977,0.478205,0.469294,0.45796,0.444021,0.427443,0.40837,0.387137,0.364259,0.340399,0.316313,0.292796,0.270612,0.250452,0.232893,0.218387,0.207263,0.19974,0.195948,0.195948,0.19974,0.207263,0.218387,0.232893,0.250452,0.270612,0.292796,0.316313,0.340399,0.364259,0.387137,0.40837,0.427443,0.444021,0.45796,0.469294,0.478205,0.484977,0.48995,0.493478,0.495897,0.497498,0.498522,0.499155,0.499532,0.499749,0.499869,0.499933,0.499965,0.499978,0.499978
0.499985,0.499985,0.499976,0.499953,0.499908,0.499822,0.499667,0.499395,0.498937,0.49819,0.497012,0.49522,0.492585,0.488838,0.483691,0.476852,0.468067,0.457149,0.444021,0.428742,0.411527,0.392746,0.372908,0.352621,0.332553,0.313379,0.295738,0.280195,0.267224,0.257191,0.250361,0.246906,0.246906,0.250361,0.257191,0.267224,0.280195,0.295738,0.313379,0.332553,0.352621,0.372908,0.392746,0.411527,0.428742,0.444021,0.457149,0.468067,0.476852,0.483691,0.488838,0.492585,0.49522,0.497012,0.49819,0.498937,0.499395,0.499667,0.499822,0.499908,0.499953,0.499976,0.499985,0.499985
0.49999,0.49999,0.499984,0.499968,0.499937,0.499878,0.499769,0.499579,0.499256,0.498725,0.497882,0.496589,0.494673,0.491925,0.488116,0.483009,0.476384,0.468067,0.45796,0.446067,0.432516,0.417561,0.401576,0.385036,0.368482,0.352485,0.337607,0.324369,0.313224,0.304541,0.298599,0.295582,0.295582,0.298599,0.304541,0.313224,0.324369,0.337607,0.352485,0.368482,0.385036,0.401576,0.417561,0.432516,0.446067,0.45796,0.468067,0.476384,0.483009,0.488116,0.491925,0.494673,0.496589,0.497882,0.498725,0.499256,0.499579,0.499769,0.499878,0.499937,0.499968,0.499984,0.49999,0.49999
0.499993,0.499993,0.499989,0.499979,0.499958,0.499918,0.499845,0.499715,0.499493,0.499126,0.498539,0.497632,0.496276,0.494316,0.491575,0.487866,0.483009,0.476852,0.469294,0.460309,0.44996,0.438416,0.425943,0.412898,0.399702,0.386821,0.374726,0.363871,0.354663,0.347445,0.342482,0.339955,0.339955,0.342482,0.347445,0.354663,0.363871,0.374726,0.386821,0.399702,0.412898,0.425943,0.438416,0.44996,0.460309,0.469294,0.476852,0.483009,0.487866,0.491575,0.494316,0.496276,0.497632,0.498539,0.499126,0.499493,0.499715,0.499845,0.499918,0.499958,0.499979,0.499989,0.499993,0.499993
0.499996,0.499996,0.499993,0.499986,0.499973,0.499947,0.499898,0.499812,0.499664,0.499417,0.49902,0.498401,0.497468,0.496109,0.494192,0.491575,0.488116,0.483691,0.478205,0.47162,0.463959,0.455327,0.445907,0.435957,0.425796,0.415787,0.406308,0.397735,0.390415,0.384646,0.380664,0.378632,0.378632,0.380664,0.384646,0.390415,0.397735,0.406308,0.415787,0.425796,0.435957,0.445907,0.455327,0.463959,0.47162,0.478205,0.483691,0.488116,0.491575,0.494192,0.496109,0.497468,0.498401,0.49902,0.499417,0.499664,0.499812,0.499898,0.499947,0.499973,0.499986,0.499993,0.499996,0.499996
0.499997,0.499997,0.499996,0.499992,0.499983,0.499966,0.499935,0.49988,0.499784,0.499622,0.499361,0.49895,0.498327,0.497411,0.496109,0.494316,0.491925,0.488838,0.484977,0.480298,0.474804,0.468556,0.461673,0.454337,0.44678,0.439274,0.432112,0.42559,0.419989,0.415553,0.412481,0.41091,0.41091,0.412481,0.415553,0.419989,0.42559,0.432112,0.439274,0.44678,0.454337,0.461673,0.468556,0.474804,0.480298,0.484977,0.488838,0.491925,0.494316,0.496109,0.497411,0.498327,0.49895,0.499361,0.499622,0.499784,0.49988,0.499935,0.499966,0.499983,0.499992,0.499996,0.499997,0.499997
0.499998,0.499998,0.499997,0.499995,0.49999,0.499979,0.49996,0.499925,0.499865,0.499762,0.499595,0.499331,0.498926,0.498327,0.497468,0.496276,0.494673,0.492585,0.48995,0.486729,0.482914,0.478537,0.473674,0.468447,0.463019,0.457588,0.45237,0.44759,0.443462,0.44018,0.437899,0.436731,0.436731,0.437899,0.44018,0.443462,0.44759,0.45237,0.457588,0.463019,0.468447,0.473674,0.478537,0.482914,0.486729,0.48995,0.492585,0.494673,0.496276,0.497468,0.498327,0.498926,0.499331,0.499595,0.499762,0.499865,0.499925,0.49996,0.499979,0.49999,0.499995,0.499997,0.499998,0.499998
0.499999,0.499999,0.499998,0.499997,0.499994,0.499988,0.499976,0.499955,0.499918,0.499855,0.499751,0.499585,0.499331,0.49895,0.498401,0.497632,0.496589,0.49522,0.493478,0.491331,0.488767,0.485801,0.482479,0.478881,0.475117,0.471325,0.467659,0.464282,0.461352,0.459014,0.457385,0.456548,0.456548,0.457385,0.459014,0.461352,0.464282,0.467659,0.471325,0.475117,0.478881,0.482479,0.485801,0.488767,0.491331,0.493478,0.49522,0.496589,0.497632,0.498401,0.49895,0.499331,0.499585,0.499751,0.499855,0.499918,0.499955,0.499976,0.499988,0.499994,0.499997,0.499998,0.499999,0.499999
0.499999,0.499999,0.499999,0.499998,0.499996,0.499993,0.499986,0.499974,0.499951,0.499914,0.499851,0.499751,0.499595,0.499361,0.49902,0.498539,0.497882,0.497012,0.495897,0.494512,0.492844,0.4909,0.488707,0.486314,0.483794,0.48124,0.478756,0.476456,0.474453,0.472849,0.471728,0.471152,0.471152,0.471728,0.472849,0.474453,0.476456,0.478756,0.48124,0.483794,0.486314,0.488707,0.4909,0.492844,0.494512,0.495897,0.497012,0.497882,0.498539,0.49902,0.499361,0.499595,0.499751,0.499851,0.499914,0.499951,0.499974,0.499986,0.499993,0.499996,0.499998,0.499999,0.499999,0.499999
0.5,0.5,0.5,0.499999,0.499998,0.499996,0.499992,0.499985,0.499972,0.49995,0.499914,0.499855,0.499762,0.499622,0.499417,0.499126,0.498725,0.49819,0.497498,0.496633,0.495584,0.494352,0.492953,0.491416,0.489788,0.488127,0.486504,0.484995,0.483675,0.482614,0.481872,0.481489,0.481489,0.481872,0.482614,0.483675,0.484995,0.486504,0.488127,0.489788,0.491416,0.492953,0.494352,0.495584,0.496633,0.497498,0.49819,0.498725,0.499126,0.499417,0.499622,0.499762,0.499855,0.499914,0.49995,0.499972,0.499985,0.499992,0.499996,0.499998,0.499999,0.5,0.5,0.5
0.5,0.5,0.5,0.499999,0.499999,0.499998,0.499996,0.499992,0.499985,0.499972,0.499951,0.499918,0.499865,0.499784,0.499664,0.499493,0.499256,0.498937,0.498522,0.498,0.497361,0.496607,0.495744,0.494791,0.493775,0.492734,0.491711,0.490756,0.489917,0.489241,0.488768,0.488523,0.488523,0.488768,0.489241,0.489917,0.490756,0.491711,0.492734,0.493775,0.494791,0.495744,0.496607,0.497361,0.498,0.498522,0.498937,0.499256,0.499493,0.499664,0.499784,0.499865,0.499918,0.499951,0.499972,0.499985,0.499992,0.499996,0.499998,0.499999,0.499999,0.5,0.5,0.5
0.5,0.5,0.5,0.5,0.499999,0.499999,0.499998,0.499996,0.499992,0.499985,0.499974,0.499955,0.499925,0.49988,0.499812,0.499715,0.499579,0.499395,0.499155,0.498849,0.498474,0.498027,0.497513,0.496943,0.496331,0.4957,0.495078,0.494495,0.493982,0.493567,0.493276,0.493125,0.493125,0.493276,0.493567,0.493982,0.494495,0.495078,0.4957,0.496331,0.496943,0.497513,0.498027,0.498474,0.498849,0.499155,0.499395,0.499579,0.499715,0.499812,0.49988,0.499925,0.499955,0.499974,0.499985,0.499992,0.499996,0.499998,0.499999,0.499999,0.5,0.5,0.5,0.5
0.5,0.5,0.5,0.5,0.5,0.499999,0.499999,0.499998,0.499996,0.499992,0.499986,0.499976,0.49996,0.499935,0.499898,0.499845,0.499769,0.499667,0.499532,0.499359,0.499146,0.49889,0.498594,0.498264,0.497908,0.49754,0.497175,0.496832,0.496529,0.496284,0.496111,0.496022,0.496022,0.496111,0.496284,0.496529,0.496832,0.497175,0.49754,0.497908,0.498264,0.498594,0.49889,0.499146,0.499359,0.499532,0.499667,0.499769,0.499845,0.499898,0.499935,0.49996,0.499976,0.499986,0.499992,0.499996,0.499998,0.499999,0.499999,0.5,0.5,0.5,0.5,0.5
0.5,0.5,0.5,0.5,0.5,0.5,0.499999,0.499999,0.499998,0.499996,0.499993,0.499988,0.499979,0.499966,0.499947,0.499918,0.499878,0.499822,0.499749,0.499654,0.499537,0.499396,0.499231,0.499047,0.498847,0.498639,0.498432,0.498237,0.498065,0.497925,0.497826,0.497775,0.497775,0.497826,0.497925,0.498065,0.498237,0.498432,0.498639,0.498847,0.499047,0.499231,0.499396,0.499537,0.499654,0.499749,0.499822,0.499878,0.499918,0.499947,0.499966,0.499979,0.499988,0.499993,0.499996,0.499998,0.499999,0.499999,0.5,0.5,0.5,0.5,0.5,0.5
0.5,0.5,0.5,0.5,0.5,0.5,0.5,0.499999,0.499999,0.499998,0.499996,0.499994,0.49999,0.499983,0.499973,0.499958,0.499937,0.499908,0.499869,0.499819,0.499757,0.499681,0.499592,0.499492,0.499384,0.49927,0.499157,0.49905,0.498955,0.498877,0.498822,0.498794,0.498794,0.498822,0.498877,0.498955,0.49905,0.499157,0.49927,0.499384,0.499492,0.499592,0.499681,0.499757,0.499819,0.499869,0.499908,0.499937,0.499958,0.499973,0.499983,0.49999,0.499994,0.499996,0.499998,0.499999,0.499999,0.5,0.5,0.5,0.5,0.5,0.5,0.5
0.5,0.5,0.5,0.5,0.5,0.5,0.5,0.5,0.499999,0.499999,0.499998,0.499997,0.499995,0.499992,0.499986,0.499979,0.499968,0.499953,0.499933,0.499907,0.499875,0.499835,0.499788,0.499735,0.499677,0.499617,0.499556,0.499498,0.499447,0.499405,0.499376,0.49936,0.49936,0.499376,0.499405,0.499447,0.499498,0.499556,0.499617,0.499677,0.499735,0.499788,0.499835,0.499875,0.499907,0.499933,0.499953,0.499968,0.499979,0.499986,0.499992,0.499995,0.499997,0.499998,0.499999,0.499999,0.5,0.5,0.5,0.5,0.5,0.5,0.5,0.5
0.5,0.5,0.5,0.5,0.5,0.5,0.5,0.5,0.5,0.5,0.499999,0.499998,0.499997,0.499996,0.499993,0.499989,0.499984,0.499976,0.499965,0.499951,0.499934,0.499913,0.499887,0.499859,0.499827,0.499794,0.499761,0.499729,0.499701,0.499677,0.499661,0.499652,0.499652,0.499661,0.499677,0.499701,0.499729,0.499761,0.499794,0.499827,0.499859,0.499887,0.499913,0.499934,0.499951,0.499965,0.499976,0.499984,0.499989,0.499993,0.499996,0.499997,0.499998,0.499999,0.5,0.5,0.5,0.5,0.5,0.5,0.5,0.5,0.5,0.5
0.5,0.5,0.5,0.5,0.5,0.5,0.5,0.5,0.5,0.5,0.499999,0.499999,0.499998,0.499997,0.499996,0.499993,0.49999,0.499985,0.499978,0.49997,0.499958,0.499945,0.499928,0.49991,0.499889,0.499868,0.499846,0.499825,0.499807,0.499791,0.499781,0.499775,0.499775,0.499781,0.499791,0.499807,0.499825,0.499846,0.499868,0.499889,0.49991,0.499928,0.499945,0.499958,0.49997,0.499978,0.499985,0.49999,0.499993,0.499996,0.499997,0.499998,0.499999,0.499999,0.5,0.5,0.5,0.5,0.5,0.5,0.5,0.5,0.5,0.5
0.5,0.5,0.5,0.5,0.5,0.5,0.5,0.5,0.5,0.5,0.499999,0.499999,0.499998,0.499997,0.499996,0.499993,0.49999,0.499985,0.499978,0.49997,0.499958,0.499945,0.499928,0.49991,0.499889,0.499868,0.499846,0.499825,0.499807,0.499791,0.499781,0.499775,0.499775,0.499781,0.499791,0.499807,0.499825,0.499846,0.499868,0.499889,0.49991,0.499928,0.499945,0.499958,0.49997,0.499978,0.499985,0.49999,0.499993,0.499996,0.499997,0.499998,0.499999,0.499999,0.5,0.5,0.5,0.5,0.5,0.5,0.5,0.5,0.5,0.5
