0.5,0.5,0.5,0.5,0.5,0.5,0.5,0.5,0.5,0.5,0.5,0.5,0.5,0.5,0.499999,0.499999,0.499999,0.499998,0.499997,0.499995,0.499993,0.499991,0.499988,0.499984,0.49998,0.499976,0.499971,0.499967,0.499963,0.499959,0.499957,0.499956,0.499956,0.499957,0.499959,0.499963,0.499967,0.499971,0.499976,0.49998,0.499984,0.499988,0.499991,0.499993,0.499995,0.499997,0.499998,0.499999,0.499999,0.499999,0.5,0.5,0.5,0.5,0.5,0.5,0.5,0.5,0.5,0.5,0.5,0.5,0.5,0.5
0.5,0.5,0.5,0.5,0.5,0.5,0.5,0.5,0.5,0.5,0.5,0.5,0.5,0.5,0.499999,0.499999,0.499999,0.499998,0.499997,0.499995,0.499993,0.499991,0.499988,0.499984,0.49998,0.499976,0.499971,0.499967,0.499963,0.499959,0.499957,0.499956,0.499956,0.499957,0.499959,0.499963,0.499967,0.499971,0.499976,0.49998,0.499984,0.499988,0.499991,0.499993,0.499995,0.499997,0.499998,0.499999,0.499999,0.499999,0.5,0.5,0.5,0.5,0.5,0.5,0.5,0.5,0.5,0.5,0.5,0.5,0.5,0.5
0.5,0.5,0.5,0.5,0.5,0.5,0.5,0.5,0.5,0.5,0.5,0.5,0.5,0.499999,0.499999,0.499998,0.499997,0.499996,0.499994,0.499992,0.499988,0.499984,0.499979,0.499973,0.499966,0.499959,0.499951,0.499944,0.499937,0.499932,0.499928,0.499926,0.499926,0.499928,0.499932,0.499937,0.499944,0.499951,0.499959,0.499966,0.499973,0.499979,0.499984,0.499988,0.499992,0.499994,0.499996,0.499997,0.499998,0.499999,0.499999,0.5,0.5,0.5,0.5,0.5,0.5,0.5,0.5,0.5,0.5,0.5,0.5,0.5
0.5,0.5,0.5,0.5,0.5,0.5,0.5,0.5,0.5,0.5,0.5,0.5,0.499999,0.499999,0.499998,0.499997,0.499995,0.499992,0.499988,0.499983,0.499976,0.499967,0.499956,0.499944,0.49993,0.499916,0.499901,0.499886,0.499873,0.499863,0.499855,0.499851,0.499851,0.499855,0.499863,0.499873,0.499886,0.499901,0.499916,0.49993,0.499944,0.499956,0.499967,0.499976,0.499983,0.499988,0.499992,0.499995,0.499997,0.499998,0.499999,0.499999,0.5,0.5,0.5,0.5,0.5,0.5,0.5,0.5,0.5,0.5,0.5,0.5
0.5,0.5,0.5,0.5,0.5,0.5,0.5,0.5,0.5,0.5,0.5,0.499999,0.499998,0.499997,0.499995,0.499993,0.499989,0.499983,0.499974,0.499963,0.499949,0.499931,0.499909,0.499884,0.499856,0.499826,0.499796,0.499766,0.49974,0.499718,0.499703,0.499695,0.499695,0.499703,0.499718,0.49974,0.499766,0.499796,0.499826,0.499856,0.499884,0.499909,0.499931,0.499949,0.499963,0.499974,0.499983,0.499989,0.499993,0.499995,0.499997,0.499998,0.499999,0.5,0.5,0.5,0.5,0.5,0.5,0.5,0.5,0.5,0.5,0.5
0.5,0.5,0.5,0.5,0.5,0.5,0.5,0.5,0.5,0.499999,0.499999,0.499998,0.499997,0.499994,0.49999,0.499985,0.499976,0.499964,0.499947,0.499924,0.499895,0.499859,0.499815,0.499765,0.499709,0.49965,0.499589,0.499531,0.499479,0.499436,0.499406,0.49939,0.49939,0.499406,0.499436,0.499479,0.499531,0.499589,0.49965,0.499709,0.499765,0.499815,0.499859,0.499895,0.499924,0.499947,0.499964,0.499976,0.499985,0.49999,0.499994,0.499997,0.499998,0.499999,0.499999,0.5,0.5,0.5,0.5,0.5,0.5,0.5,0.5,0.5
0.5,0.5,0.5,0.5,0.5,0.5,0.5,0.5,0.499999,0.499999,0.499998,0.499996,0.499993,0.499988,0.49998,0.499969,0.499952,0.499927,0.499894,0.499849,0.499792,0.499721,0.499637,0.499539,0.499431,0.499317,0.499201,0.49909,0.498991,0.498909,0.498851,0.498821,0.498821,0.498851,0.498909,0.498991,0.49909,0.499201,0.499317,0.499431,0.499539,0.499637,0.499721,0.499792,0.499849,0.499894,0.499927,0.499952,0.499969,0.49998,0.499988,0.499993,0.499996,0.499998,0.499999,0.499999,0.5,0.5,0.5,0.5,0.5,0.5,0.5,0.5
0.5,0.5,0.5,0.5,0.5,0.5,0.5,0.499999,0.499999,0.499998,0.499996,0.499992,0.499986,0.499977,0.499962,0.499939,0.499906,0.499859,0.499795,0.49971,0.499602,0.499468,0.499309,0.499127,0.498926,0.498713,0.498499,0.498294,0.498111,0.497961,0.497855,0.4978,0.4978,0.497855,0.497961,0.498111,0.498294,0.498499,0.498713,0.498926,0.499127,0.499309,0.499468,0.499602,0.49971,0.499795,0.499859,0.499906,0.499939,0.499962,0.499977,0.499986,0.499992,0.499996,0.499998,0.499999,0.499999,0.5,0.5,0.5,0.5,0.5,0.5,0.5
0.5,0.5,0.5,0.5,0.5,0.5,0.499999,0.499999,0.499998,0.499995,0.499991,0.499985,0.499973,0.499955,0.499927,0.499884,0.499822,0.499735,0.499616,0.49946,0.499261,0.499018,0.498729,0.4984,0.498039,0.497658,0.497275,0.496911,0.496586,0.49632,0.496132,0.496035,0.496035,0.496132,0.49632,0.496586,0.496911,0.497275,0.497658,0.498039,0.4984,0.498729,0.499018,0.499261,0.49946,0.499616,0.499735,0.499822,0.499884,0.499927,0.499955,0.499973,0.499985,0.499991,0.499995,0.499998,0.499999,0.499999,0.5,0.5,0.5,0.5,0.5,0.5
0.5,0.5,0.5,0.5,0.5,0.499999,0.499999,0.499998,0.499995,0.499991,0.499984,0.499971,0.49995,0.499917,0.499865,0.499787,0.499675,0.499518,0.499305,0.499027,0.498676,0.498247,0.497741,0.497167,0.496539,0.495881,0.495222,0.494597,0.49404,0.493586,0.493266,0.4931,0.4931,0.493266,0.493586,0.49404,0.494597,0.495222,0.495881,0.496539,0.497167,0.497741,0.498247,0.498676,0.499027,0.499305,0.499518,0.499675,0.499787,0.499865,0.499917,0.49995,0.499971,0.499984,0.499991,0.499995,0.499998,0.499999,0.499999,0.5,0.5,0.5,0.5,0.5
0.5,0.5,0.5,0.5,0.5,0.499999,0.499998,0.499996,0.499991,0.499984,0.49997,0.499947,0.49991,0.49985,0.499758,0.499621,0.499424,0.499151,0.498783,0.498304,0.497702,0.496972,0.496116,0.495149,0.494098,0.493,0.491905,0.490869,0.48995,0.489203,0.488676,0.488403,0.488403,0.488676,0.489203,0.48995,0.490869,0.491905,0.493,0.494098,0.495149,0.496116,0.496972,0.497702,0.498304,0.498783,0.499151,0.499424,0.499621,0.499758,0.49985,0.49991,0.499947,0.49997,0.499984,0.499991,0.499996,0.499998,0.499999,0.5,0.5,0.5,0.5,0.5
0.5,0.5,0.5,0.5,0.499999,0.499998,0.499996,0.499992,0.499985,0.499971,0.499947,0.499907,0.499842,0.499739,0.499581,0.499347,0.499013,0.498552,0.497935,0.497139,0.496143,0.494942,0.493542,0.49197,0.490268,0.488501,0.486745,0.48509,0.483627,0.482441,0.481605,0.481174,0.481174,0.481605,0.482441,0.483627,0.48509,0.486745,0.488501,0.490268,0.49197,0.493542,0.494942,0.496143,0.497139,0.497935,0.498552,0.499013,0.499347,0.499581,0.499739,0.499842,0.499907,0.499947,0.499971,0.499985,0.499992,0.499996,0.499998,0.499999,0.5,0.5,0.5,0.5
0.5,0.5,0.5,0.499999,0.499998,0.499997,0.499993,0.499986,0.499973,0.49995,0.49991,0.499842,0.499732,0.499559,0.499296,0.49891,0.498362,0.497609,0.496609,0.495326,0.493733,0.491823,0.489611,0.48714,0.484481,0.481734,0.479019,0.47647,0.474223,0.472408,0.471132,0.470473,0.470473,0.471132,0.472408,0.474223,0.47647,0.479019,0.481734,0.484481,0.48714,0.489611,0.491823,0.493733,0.495326,0.496609,0.497609,0.498362,0.49891,0.499296,0.499559,0.499732,0.499842,0.49991,0.49995,0.499973,0.499986,0.499993,0.499997,0.499998,0.499999,0.5,0.5,0.5
0.5,0.5,0.499999,0.499999,0.499997,0.499994,0.499988,0.499977,0.499955,0.499917,0.49985,0.499739,0.499559,0.499278,0.498854,0.498236,0.497364,0.496175,0.494606,0.492606,0.49014,0.487203,0.483823,0.480072,0.476061,0.471939,0.467886,0.464098,0.460773,0.458094,0.456216,0.455248,0.455248,0.456216,0.458094,0.460773,0.464098,0.467886,0.471939,0.476061,0.480072,0.483823,0.487203,0.49014,0.492606,0.494606,0.496175,0.497364,0.498236,0.498854,0.499278,0.499559,0.499739,0.49985,0.499917,0.499955,0.499977,0.499988,0.499994,0.499997,0.499999,0.499999,0.5,0.5
0.499999,0.499999,0.499999,0.499998,0.499995,0.49999,0.49998,0.499962,0.499927,0.499865,0.499758,0.499581,0.499296,0.498854,0.498192,0.497233,0.495889,0.494068,0.491684,0.488665,0.484971,0.480601,0.47561,0.470106,0.46426,0.458289,0.452451,0.447021,0.442276,0.438467,0.435802,0.434431,0.434431,0.435802,0.438467,0.442276,0.447021,0.452451,0.458289,0.46426,0.470106,0.47561,0.480601,0.484971,0.488665,0.491684,0.494068,0.495889,0.497233,0.498192,0.498854,0.499296,0.499581,0.499758,0.499865,0.499927,0.499962,0.49998,0.49999,0.499995,0.499998,0.499999,0.499999,0.499999
0.499999,0.499999,0.499998,0.499997,0.499993,0.499985,0.499969,0.499939,0.499884,0.499787,0.499621,0.499347,0.49891,0.498236,0.497233,0.495789,0.49378,0.491078,0.487567,0.483155,0.477797,0.471507,0.464374,0.456569,0.448335,0.439982,0.431866,0.424359,0.41783,0.412609,0.408967,0.407096,0.407096,0.408967,0.412609,0.41783,0.424359,0.431866,0.439982,0.448335,0.456569,0.464374,0.471507,0.477797,0.483155,0.487567,0.491078,0.49378,0.495789,0.497233,0.498236,0.49891,0.499347,0.499621,0.499787,0.499884,0.499939,0.499969,0.499985,0.499993,0.499997,0.499998,0.499999,0.499999
0.499999,0.499999,0.499997,0.499995,0.499989,0.499976,0.499952,0.499906,0.499822,0.499675,0.499424,0.499013,0.498362,0.497364,0.495889,0.49378,0.490868,0.486981,0.481968,0.475719,0.46819,0.459422,0.449561,0.438853,0.427645,0.416358,0.405465,0.395453,0.386791,0.379893,0.375097,0.372639,0.372639,0.375097,0.379893,0.386791,0.395453,0.405465,0.416358,0.427645,0.438853,0.449561,0.459422,0.46819,0.475719,0.481968,0.486981,0.490868,0.49378,0.495889,0.497364,0.498362,0.499013,0.499424,0.499675,0.499822,0.499906,0.499952,0.499976,0.499989,0.499995,0.499997,0.499999,0.499999
0.499998,0.499998,0.499996,0.499992,0.499983,0.499964,0.499927,0.499859,0.499735,0.499518,0.499151,0.498552,0.497609,0.496175,0.494068,0.491078,0.486981,0.481555,0.474613,0.46603,0.455775,0.443935,0.430733,0.41652,0.401767,0.38703,0.372914,0.360029,0.348947,0.340167,0.334084,0.330972,0.330972,0.334084,0.340167,0.348947,0.360029,0.372914,0.38703,0.401767,0.41652,0.430733,0.443935,0.455775,0.46603,0.474613,0.481555,0.486981,0.491078,0.494068,0.496175,0.497609,0.498552,0.499151,0.499518,0.499735,0.499859,0.499927,0.499964,0.499983,0.499992,0.499996,0.499998,0.499998
0.499997,0.499997,0.499994,0.499988,0.499974,0.499947,0.499894,0.499795,0.499616,0.499305,0.498783,0.497935,0.496609,0.494606,0.491684,0.487567,0.481968,0.474613,0.46528,0.453839,0.440291,0.424792,0.407666,0.3894,0.370612,0.35201,0.334342,0.318339,0.304668,0.293896,0.286466,0.282675,0.282675,0.286466,0.293896,0.304668,0.318339,0.334342,0.35201,0.370612,0.3894,0.407666,0.424792,0.440291,0.453839,0.46528,0.474613,0.481968,0.487567,0.491684,0.494606,0.496609,0.497935,0.498783,0.499305,0.499616,0.499795,0.499894,0.499947,0.499974,0.499988,0.499994,0.499997,0.499997
0.499995,0.499995,0.499992,0.499983,0.499963,0.499924,0.499849,0.49971,0.49946,0.499027,0.498304,0.497139,0.495326,0.492606,0.488665,0.483155,0.475719,0.46603,0.453839,0.439029,0.421653,0.401964,0.380423,0.357675,0.33451,0.3118,0.290431,0.271243,0.254979,0.242248,0.233507,0.229061,0.229061,0.233507,0.242248,0.254979,0.271243,0.290431,0.3118,0.33451,0.357675,0.380423,0.401964,0.421653,0.439029,0.453839,0.46603,0.475719,0.483155,0.488665,0.492606,0.495326,0.497139,0.498304,0.499027,0.49946,0.49971,0.499849,0.499924,0.499963,0.499983,0.499992,0.499995,0.499995
0.499993,0.499993,0.499988,0.499976,0.499949,0.499895,0.499792,0.499602,0.499261,0.498676,0.497702,0.496143,0.493733,0.49014,0.484971,0.477797,0.46819,0.455775,0.440291,0.421653,0.399995,0.375703,0.349403,0.321928,0.294252,0.267413,0.242425,0.22021,0.201547,0.187047,0.177149,0.172133,0.172133,0.177149,0.187047,0.201547,0.22021,0.242425,0.267413,0.294252,0.321928,0.349403,0.375703,0.399995,0.421653,0.440291,0.455775,0.46819,0.477797,0.484971,0.49014,0.493733,0.496143,0.497702,0.498676,0.499261,0.499602,0.499792,0.499895,0.499949,0.499976,0.499988,0.499993,0.499993
0.499991,0.499991,0.499984,0.499967,0.499931,0.499859,0.499721,0.499468,0.499018,0.498247,0.496972,0.494942,0.491823,0.487203,0.480601,0.471507,0.459422,0.443935,0.424792,0.401964,0.375703,0.346558,0.315353,0.28313,0.251056,0.220325,0.192052,0.167201,0.146539,0.130628,0.11984,0.114397,0.114397,0.11984,0.130628,0.146539,0.167201,0.192052,0.220325,0.251056,0.28313,0.315353,0.346558,0.375703,0.401964,0.424792,0.443935,0.459422,0.471507,0.480601,0.487203,0.491823,0.494942,0.496972,0.498247,0.499018,0.499468,0.499721,0.499859,0.499931,0.499967,0.499984,0.499991,0.499991
0.499988,0.499988,0.499979,0.499956,0.499909,0.499815,0.499637,0.499309,0.498729,0.497741,0.496116,0.493542,0.489611,0.483823,0.47561,0.464374,0.449561,0.430733,0.407666,0.380423,0.349403,0.315353,0.279322,0.242573,0.206468,0.172333,0.141347,0.114466,0.0923863,0.0755621,0.0642496,0.0585712,0.0585712,0.0642496,0.0755621,0.0923863,0.114466,0.141347,0.172333,0.206468,0.242573,0.279322,0.315353,0.349403,0.380423,0.407666,0.430733,0.449561,0.464374,0.47561,0.483823,0.489611,0.493542,0.496116,0.497741,0.498729,0.499309,0.499637,0.499815,0.499909,0.499956,0.499979,0.499988,0.499988
0.499984,0.499984,0.499973,0.499944,0.499884,0.499765,0.499539,0.499127,0.4984,0.497167,0.495149,0.49197,0.48714,0.480072,0.470106,0.456569,0.438853,0.41652,0.3894,0.357675,0.321928,0.28313,0.242573,0.201751,0.162203,0.125359,0.0924188,0.0642708,0.0414811,0.0243359,0.0129239,0.00723289,0.00723289,0.0129239,0.0243359,0.0414811,0.0642708,0.0924188,0.125359,0.162203,0.201751,0.242573,0.28313,0.321928,0.357675,0.3894,0.41652,0.438853,0.456569,0.470106,0.480072,0.48714,0.49197,0.495149,0.497167,0.4984,0.499127,0.499539,0.499765,0.499884,0.499944,0.499973,0.499984,0.499984
0.49998,0.49998,0.499966,0.49993,0.499856,0.499709,0.499431,0.498926,0.498039,0.496539,0.494098,0.490268,0.484481,0.476061,0.46426,0.448335,0.427645,0.401767,0.370612,0.33451,0.294252,0.251056,0.206468,0.162203,0.119957,0.0812327,0.0471963,0.0186156,-0.00413229,-0.0209818,-0.0320559,-0.0375327,-0.0375327,-0.0320559,-0.0209818,-0.00413229,0.0186156,0.0471963,0.0812327,0.119957,0.162203,0.206468,0.251056,0.294252,0.33451,0.370612,0.401767,0.427645,0.448335,0.46426,0.476061,0.484481,0.490268,0.494098,0.496539,0.498039,0.498926,0.499431,0.499709,0.499856,0.49993,0.499966,0.49998,0.49998
0.499976,0.499976,0.499959,0.499916,0.499826,0.49965,0.499317,0.498713,0.497658,0.495881,0.493,0.488501,0.481734,0.471939,0.458289,0.439982,0.416358,0.38703,0.35201,0.3118,0.267413,0.220325,0.172333,0.125359,0.0812327,0.0414844,0.0072057,-0.021006,-0.0430086,-0.0589972,-0.0693387,-0.0743984,-0.0743984,-0.0693387,-0.0589972,-0.0430086,-0.021006,0.0072057,0.0414844,0.0812327,0.125359,0.172333,0.220325,0.267413,0.3118,0.35201,0.38703,0.416358,0.439982,0.458289,0.471939,0.481734,0.488501,0.493,0.495881,0.497658,0.498713,0.499317,0.49965,0.499826,0.499916,0.499959,0.499976,0.499976
0.499971,0.499971,0.499951,0.499901,0.499796,0.499589,0.499201,0.498499,0.497275,0.495222,0.491905,0.486745,0.479019,0.467886,0.452451,0.431866,0.405465,0.372914,0.334342,0.290431,0.242425,0.192052,0.141347,0.0924188,0.0471963,0.0072057,-0.026574,-0.0537493,-0.0744415,-0.0891286,-0.0984361,-0.102926,-0.102926,-0.0984361,-0.0891286,-0.0744415,-0.0537493,-0.026574,0.0072057,0.0471963,0.0924188,0.141347,0.192052,0.242425,0.290431,0.334342,0.372914,0.405465,0.431866,0.452451,0.467886,0.479019,0.486745,0.491905,0.495222,0.497275,0.498499,0.499201,0.499589,0.499796,0.499901,0.499951,0.499971,0.499971
0.499967,0.499967,0.499944,0.499886,0.499766,0.499531,0.49909,0.498294,0.496911,0.494597,0.490869,0.48509,0.47647,0.464098,0.447021,0.424359,0.395453,0.360029,0.318339,0.271243,0.22021,0.167201,0.114466,0.0642708,0.0186156,-0.021006,-0.0537493,-0.0794387,-0.0984661,-0.111592,-0.119697,-0.123534,-0.123534,-0.119697,-0.111592,-0.0984661,-0.0794387,-0.0537493,-0.021006,0.0186156,0.0642708,0.114466,0.167201,0.22021,0.271243,0.318339,0.360029,0.395453,0.424359,0.447021,0.464098,0.47647,0.48509,0.490869,0.494597,0.496911,0.498294,0.49909,0.499531,0.499766,0.499886,0.499944,0.499967,0.499967
0.499963,0.499963,0.499937,0.499873,0.49974,0.499479,0.498991,0.498111,0.496586,0.49404,0.48995,0.483627,0.474223,0.460773,0.442276,0.41783,0.386791,0.348947,0.304668,0.254979,0.201547,0.146539,0.0923863,0.0414811,-0.00413229,-0.0430086,-0.0744415,-0.0984661,-0.115727,-0.127245,-0.134133,-0.137315,-0.137315,-0.134133,-0.127245,-0.115727,-0.0984661,-0.0744415,-0.0430086,-0.00413229,0.0414811,0.0923863,0.146539,0.201547,0.254979,0.304668,0.348947,0.386791,0.41783,0.442276,0.460773,0.474223,0.483627,0.48995,0.49404,0.496586,0.498111,0.498991,0.499479,0.49974,0.499873,0.499937,0.499963,0.499963
0.499959,0.499959,0.499932,0.499863,0.499718,0.499436,0.498909,0.497961,0.49632,0.493586,0.489203,0.482441,0.472408,0.458094,0.438467,0.412609,0.379893,0.340167,0.293896,0.242248,0.187047,0.130628,0.0755621,0.0243359,-0.0209818,-0.0589972,-0.0891286,-0.111592,-0.127245,-0.137325,-0.143134,-0.14574,-0.14574,-0.143134,-0.137325,-0.127245,-0.111592,-0.0891286,-0.0589972,-0.0209818,0.0243359,0.0755621,0.130628,0.187047,0.242248,0.293896,0.340167,0.379893,0.412609,0.438467,0.458094,0.472408,0.482441,0.489203,0.493586,0.49632,0.497961,0.498909,0.499436,0.499718,0.499863,0.499932,0.499959,0.499959
0.499957,0.499957,0.499928,0.499855,0.499703,0.499406,0.498851,0.497855,0.496132,0.493266,0.488676,0.481605,0.471132,0.456216,0.435802,0.408967,0.375097,0.334084,0.286466,0.233507,0.177149,0.11984,0.0642496,0.0129239,-0.0320559,-0.0693387,-0.0984361,-0.119697,-0.134133,-0.143134,-0.148141,-0.150318,-0.150318,-0.148141,-0.143134,-0.134133,-0.119697,-0.0984361,-0.0693387,-0.0320559,0.0129239,0.0642496,0.11984,0.177149,0.233507,0.286466,0.334084,0.375097,0.408967,0.435802,0.456216,0.471132,0.481605,0.488676,0.493266,0.496132,0.497855,0.498851,0.499406,0.499703,0.499855,0.499928,0.499957,0.499957
0.499956,0.499956,0.499926,0.499851,0.499695,0.49939,0.498821,0.4978,0.496035,0.4931,0.488403,0.481174,0.470473,0.455248,0.434431,0.407096,0.372639,0.330972,0.282675,0.229061,0.172133,0.114397,0.0585712,0.00723289,-0.0375327,-0.0743984,-0.102926,-0.123534,-0.137315,-0.14574,-0.150318,-0.152269,-0.152269,-0.150318,-0.14574,-0.137315,-0.123534,-0.102926,-0.0743984,-0.0375327,0.00723289,0.0585712,0.114397,0.172133,0.229061,0.282675,0.330972,0.372639,0.407096,0.434431,0.455248,0.470473,0.481174,0.488403,0.4931,0.496035,0.4978,0.498821,0.49939,0.499695,0.499851,0.499926,0.499956,0.499956
0.499956,0.499956,0.499926,0.499851,0.499695,0.49939,0.498821,0.4978,0.496035,0.4931,0.488403,0.481174,0.470473,0.455248,0.434431,0.407096,0.372639,0.330972,0.282675,0.229061,0.172133,0.114397,0.0585712,0.00723289,-0.0375327,-0.0743984,-0.102926,-0.123534,-0.137315,-0.14574,-0.150318,-0.152269,-0.152269,-0.150318,-0.14574,-0.137315,-0.123534,-0.102926,-0.0743984,-0.0375327,0.00723289,0.0585712,0.114397,0.172133,0.229061,0.282675,0.330972,0.372639,0.407096,0.434431,0.455248,0.470473,0.481174,0.488403,0.4931,0.496035,0.4978,0.498821,0.49939,0.499695,0.499851,0.499926,0.499956,0.499956
0.499957,0.499957,0.499928,0.499855,0.499703,0.499406,0.498851,0.497855,0.496132,0.493266,0.488676,0.481605,0.471132,0.456216,0.435802,0.408967,0.375097,0.334084,0.286466,0.233507,0.177149,0.11984,0.0642496,0.0129239,-0.0320559,-0.0693387,-0.0984361,-0.119697,-0.134133,-0.143134,-0.148141,-0.150318,-0.150318,-0.148141,-0.143134,-0.134133,-0.119697,-0.0984361,-0.0693387,-0.0320559,0.0129239,0.0642496,0.11984,0.177149,0.233507,0.286466,0.334084,0.375097,0.408967,0.435802,0.456216,0.471132,0.481605,0.488676,0.493266,0.496132,0.497855,0.498851,0.499406,0.499703,0.499855,0.499928,0.499957,0.499957
0.499959,0.499959,0.499932,0.499863,0.499718,0.499436,0.498909,0.497961,0.49632,0.493586,0.489203,0.482441,0.472408,0.458094,0.438467,0.412609,0.379893,0.340167,0.293896,0.242248,0.187047,0.130628,0.0755621,0.0243359,-0.0209818,-0.0589972,-0.0891286,-0.111592,-0.127245,-0.137325,-0.143134,-0.14574,-0.14574,-0.143134,-0.137325,-0.127245,-0.111592,-0.0891286,-0.0589972,-0.0209818,0.0243359,0.0755621,0.130628,0.187047,0.242248,0.293896,0.340167,0.379893,0.412609,0.438467,0.458094,0.472408,0.482441,0.489203,0.493586,0.49632,0.497961,0.498909,0.499436,0.499718,0.499863,0.499932,0.499959,0.499959
0.499963,0.499963,0.499937,0.499873,0.49974,0.499479,0.498991,0.498111,0.496586,0.49404,0.48995,0.483627,0.474223,0.460773,0.442276,0.41783,0.386791,0.348947,0.304668,0.254979,0.201547,0.146539,0.0923863,0.0414811,-0.00413229,-0.0430086,-0.0744415,-0.0984661,-0.115727,-0.127245,-0.134133,-0.137315,-0.137315,-0.134133,-0.127245,-0.115727,-0.0984661,-0.0744415,-0.0430086,-0.00413229,0.0414811,0.0923863,0.146539,0.201547,0.254979,0.304668,0.348947,0.386791,0.41783,0.442276,0.460773,0.474223,0.483627,0.48995,0.49404,0.496586,0.498111,0.498991,0.499479,0.49974,0.499873,0.499937,0.499963,0.499963
0.499967,0.499967,0.499944,0.499886,0.499766,0.499531,0.49909,0.498294,0.496911,0.494597,0.490869,0.48509,0.47647,0.464098,0.447021,0.424359,0.395453,0.360029,0.318339,0.271243,0.22021,0.167201,0.114466,0.0642708,0.0186156,-0.021006,-0.0537493,-0.0794387,-0.0984661,-0.111592,-0.119697,-0.123534,-0.123534,-0.119697,-0.111592,-0.0984661,-0.0794387,-0.0537493,-0.021006,0.0186156,0.0642708,0.114466,0.167201,0.22021,0.271243,0.318339,0.360029,0.395453,0.424359,0.447021,0.464098,0.47647,0.48509,0.490869,0.494597,0.496911,0.498294,0.49909,0.499531,0.499766,0.499886,0.499944,0.499967,0.499967
0.499971,0.499971,0.499951,0.499901,0.499796,0.499589,0.499201,0.498499,0.497275,0.495222,0.491905,0.486745,0.479019,0.467886,0.452451,0.431866,0.405465,0.372914,0.334342,0.290431,0.242425,0.192052,0.141347,0.0924188,0.0471963,0.0072057,-0.026574,-0.0537493,-0.0744415,-0.0891286,-0.0984361,-0.102926,-0.102926,-0.0984361,-0.0891286,-0.0744415,-0.0537493,-0.026574,0.0072057,0.0471963,0.0924188,0.141347,0.192052,0.242425,0.290431,0.334342,0.372914,0.405465,0.431866,0.452451,0.467886,0.479019,0.486745,0.491905,0.495222,0.497275,0.498499,0.499201,0.499589,0.499796,0.499901,0.499951,0.499971,0.499971
0.499976,0.499976,0.499959,0.499916,0.499826,0.49965,0.499317,0.498713,0.497658,0.495881,0.493,0.488501,0.481734,0.471939,0.458289,0.439982,0.416358,0.38703,0.35201,0.3118,0.267413,0.220325,0.172333,0.125359,0.0812327,0.0414844,0.0072057,-0.021006,-0.0430086,-0.0589972,-0.0693387,-0.0743984,-0.0743984,-0.0693387,-0.0589972,-0.0430086,-0.021006,0.0072057,0.0414844,0.0812327,0.125359,0.172333,0.220325,0.267413,0.3118,0.35201,0.38703,0.416358,0.439982,0.458289,0.471939,0.481734,0.488501,0.493,0.495881,0.497658,0.498713,0.499317,0.49965,0.499826,0.499916,0.499959,0.499976,0.499976
0.49998,0.49998,0.499966,0.49993,0.499856,0.499709,0.499431,0.498926,0.498039,0.496539,0.494098,0.490268,0.484481,0.476061,0.46426,0.448335,0.427645,0.401767,0.370612,0.33451,0.294252,0.251056,0.206468,0.162203,0.119957,0.0812327,0.0471963,0.0186156,-0.00413229,-0.0209818,-0.0320559,-0.0375327,-0.0375327,-0.0320559,-0.0209818,-0.00413229,0.0186156,0.0471963,0.0812327,0.119957,0.162203,0.206468,0.251056,0.294252,0.33451,0.370612,0.401767,0.427645,0.448335,0.46426,0.476061,0.484481,0.490268,0.494098,0.496539,0.498039,0.498926,0.499431,0.499709,0.499856,0.49993,0.499966,0.49998,0.49998
0.499984,0.499984,0.499973,0.499944,0.499884,0.499765,0.499539,0.499127,0.4984,0.497167,0.495149,0.49197,0.48714,0.480072,0.470106,0.456569,0.438853,0.41652,0.3894,0.357675,0.321928,0.28313,0.242573,0.201751,0.162203,0.125359,0.0924188,0.0642708,0.0414811,0.0243359,0.0129239,0.00723289,0.00723289,0.0129239,0.0243359,0.0414811,0.0642708,0.0924188,0.125359,0.162203,0.201751,0.242573,0.28313,0.321928,0.357675,0.3894,0.41652,0.438853,0.456569,0.470106,0.480072,0.48714,0.49197,0.495149,0.497167,0.4984,0.499127,0.499539,0.499765,0.499884,0.499944,0.499973,0.499984,0.499984
0.499988,0.499988,0.499979,0.499956,0.499909,0.499815,0.499637,0.499309,0.498729,0.497741,0.496116,0.493542,0.489611,0.483823,0.47561,0.464374,0.449561,0.430733,0.407666,0.380423,0.349403,0.315353,0.279322,0.242573,0.206468,0.172333,0.141347,0.114466,0.0923863,0.0755621,0.0642496,0.0585712,0.0585712,0.0642496,0.0755621,0.0923863,0.114466,0.141347,0.172333,0.206468,0.242573,0.279322,0.315353,0.349403,0.380423,0.407666,0.430733,0.449561,0.464374,0.47561,0.483823,0.489611,0.493542,0.496116,0.497741,0.498729,0.499309,0.499637,0.499815,0.499909,0.499956,0.499979,0.499988,0.499988
0.499991,0.499991,0.499984,0.499967,0.499931,0.499859,0.499721,0.499468,0.499018,0.498247,0.496972,0.494942,0.491823,0.487203,0.480601,0.471507,0.459422,0.443935,0.424792,0.401964,0.375703,0.346558,0.315353,0.28313,0.251056,0.220325,0.192052,0.167201,0.146539,0.130628,0.11984,0.114397,0.114397,0.11984,0.130628,0.146539,0.167201,0.192052,0.220325,0.251056,0.28313,0.315353,0.346558,0.375703,0.401964,0.424792,0.443935,0.459422,0.471507,0.480601,0.487203,0.491823,0.494942,0.496972,0.498247,0.499018,0.499468,0.499721,0.499859,0.499931,0.499967,0.499984,0.499991,0.499991
0.499993,0.499993,0.499988,0.499976,0.499949,0.499895,0.499792,0.499602,0.499261,0.498676,0.497702,0.496143,0.493733,0.49014,0.484971,0.477797,0.46819,0.455775,0.440291,0.421653,0.399995,0.375703,0.349403,0.321928,0.294252,0.267413,0.242425,0.22021,0.201547,0.187047,0.177149,0.172133,0.172133,0.177149,0.187047,0.201547,0.22021,0.242425,0.267413,0.294252,0.321928,0.349403,0.375703,0.399995,0.421653,0.440291,0.455775,0.46819,0.477797,0.484971,0.49014,0.493733,0.496143,0.497702,0.498676,0.499261,0.499602,0.499792,0.499895,0.499949,0.499976,0.499988,0.499993,0.499993
0.499995,0.499995,0.499992,0.499983,0.499963,0.499924,0.499849,0.49971,0.49946,0.499027,0.498304,0.497139,0.495326,0.492606,0.488665,0.483155,0.475719,0.46603,0.453839,0.439029,0.421653,0.401964,0.380423,0.357675,0.33451,0.3118,0.290431,0.271243,0.254979,0.242248,0.233507,0.229061,0.229061,0.233507,0.242248,0.254979,0.271243,0.290431,0.3118,0.33451,0.357675,0.380423,0.401964,0.421653,0.439029,0.453839,0.46603,0.475719,0.483155,0.488665,0.492606,0.495326,0.497139,0.498304,0.499027,0.49946,0.49971,0.499849,0.499924,0.499963,0.499983,0.499992,0.499995,0.499995
0.499997,0.499997,0.499994,0.499988,0.499974,0.499947,0.499894,0.499795,0.499616,0.499305,0.498783,0.497935,0.496609,0.494606,0.491684,0.487567,0.481968,0.474613,0.46528,0.453839,0.440291,0.424792,0.407666,0.3894,0.370612,0.35201,0.334342,0.318339,0.304668,0.293896,0.286466,0.282675,0.282675,0.286466,0.293896,0.304668,0.318339,0.334342,0.35201,0.370612,0.3894,0.407666,0.424792,0.440291,0.453839,0.46528,0.474613,0.481968,0.487567,0.491684,0.494606,0.496609,0.497935,0.498783,0.499305,0.499616,0.499795,0.499894,0.499947,0.499974,0.499988,0.499994,0.499997,0.499997
0.499998,0.499998,0.499996,0.499992,0.499983,0.499964,0.499927,0.499859,0.499735,0.499518,0.499151,0.498552,0.497609,0.496175,0.494068,0.491078,0.486981,0.481555,0.474613,0.46603,0.455775,0.443935,0.430733,0.41652,0.401767,0.38703,0.372914,0.360029,0.348947,0.340167,0.334084,0.330972,0.330972,0.334084,0.340167,0.348947,0.360029,0.372914,0.38703,0.401767,0.41652,0.430733,0.443935,0.455775,0.46603,0.474613,0.481555,0.486981,0.491078,0.494068,0.496175,0.497609,0.498552,0.499151,0.499518,0.499735,0.499859,0.499927,0.499964,0.499983,0.499992,0.499996,0.499998,0.499998
0.499999,0.499999,0.499997,0.499995,0.499989,0.499976,0.499952,0.499906,0.499822,0.499675,0.499424,0.499013,0.498362,0.497364,0.495889,0.49378,0.490868,0.486981,0.481968,0.475719,0.46819,0.459422,0.449561,0.438853,0.427645,0.416358,0.405465,0.395453,0.386791,0.379893,0.375097,0.372639,0.372639,0.375097,0.379893,0.386791,0.395453,0.405465,0.416358,0.427645,0.438853,0.449561,0.459422,0.46819,0.475719,0.481968,0.486981,0.490868,0.49378,0.495889,0.497364,0.498362,0.499013,0.499424,0.499675,0.499822,0.499906,0.499952,0.499976,0.499989,0.499995,0.499997,0.499999,0.499999
0.499999,0.499999,0.499998,0.499997,0.499993,0.499985,0.499969,0.499939,0.499884,0.499787,0.499621,0.499347,0.49891,0.498236,0.497233,0.495789,0.49378,0.491078,0.487567,0.483155,0.477797,0.471507,0.464374,0.456569,0.448335,0.439982,0.431866,0.424359,0.41783,0.412609,0.408967,0.407096,0.407096,0.408967,0.412609,0.41783,0.424359,0.431866,0.439982,0.448335,0.456569,0.464374,0.471507,0.477797,0.483155,0.487567,0.491078,0.49378,0.495789,0.497233,0.498236,0.49891,0.499347,0.499621,0.499787,0.499884,0.499939,0.499969,0.499985,0.499993,0.499997,0.499998,0.499999,0.499999
0.499999,0.499999,0.499999,0.499998,0.499995,0.49999,0.49998,0.499962,0.499927,0.499865,0.499758,0.499581,0.499296,0.498854,0.498192,0.497233,0.495889,0.494068,0.491684,0.488665,0.484971,0.480601,0.47561,0.470106,0.46426,0.458289,0.452451,0.447021,0.442276,0.438467,0.435802,0.434431,0.434431,0.435802,0.438467,0.442276,0.447021,0.452451,0.458289,0.46426,0.470106,0.47561,0.480601,0.484971,0.488665,0.491684,0.494068,0.495889,0.497233,0.498192,0.498854,0.499296,0.499581,0.499758,0.499865,0.499927,0.499962,0.49998,0.49999,0.499995,0.499998,0.499999,0.499999,0.499999
0.5,0.5,0.499999,0.499999,0.499997,0.499994,0.499988,0.499977,0.499955,0.499917,0.49985,0.499739,0.499559,0.499278,0.498854,0.498236,0.497364,0.496175,0.494606,0.492606,0.49014,0.487203,0.483823,0.480072,0.476061,0.471939,0.467886,0.464098,0.460773,0.458094,0.456216,0.455248,0.455248,0.456216,0.458094,0.460773,0.464098,0.467886,0.471939,0.476061,0.480072,0.483823,0.487203,0.49014,0.492606,0.494606,0.496175,0.497364,0.498236,0.498854,0.499278,0.499559,0.499739,0.49985,0.499917,0.499955,0.499977,0.499988,0.499994,0.499997,0.499999,0.499999,0.5,0.5
0.5,0.5,0.5,0.499999,0.499998,0.499997,0.499993,0.499986,0.499973,0.49995,0.49991,0.499842,0.499732,0.499559,0.499296,0.49891,0.498362,0.497609,0.496609,0.495326,0.493733,0.491823,0.489611,0.48714,0.484481,0.481734,0.479019,0.47647,0.474223,0.472408,0.471132,0.470473,0.470473,0.471132,0.472408,0.474223,0.47647,0.479019,0.481734,0.484481,0.48714,0.489611,0.491823,0.493733,0.495326,0.496609,0.497609,0.498362,0.49891,0.499296,0.499559,0.499732,0.499842,0.49991,0.49995,0.499973,0.499986,0.499993,0.499997,0.499998,0.499999,0.5,0.5,0.5
0.5,0.5,0.5,0.5,0.499999,0.499998,0.499996,0.499992,0.499985,0.499971,0.499947,0.499907,0.499842,0.499739,0.499581,0.499347,0.499013,0.498552,0.497935,0.497139,0.496143,0.494942,0.493542,0.49197,0.490268,0.488501,0.486745,0.48509,0.483627,0.482441,0.481605,0.481174,0.481174,0.481605,0.482441,0.483627,0.48509,0.486745,0.488501,0.490268,0.49197,0.493542,0.494942,0.496143,0.497139,0.497935,0.498552,0.499013,0.499347,0.499581,0.499739,0.499842,0.499907,0.499947,0.499971,0.499985,0.499992,0.499996,0.499998,0.499999,0.5,0.5,0.5,0.5
0.5,0.5,0.5,0.5,0.5,0.499999,0.499998,0.499996,0.499991,0.499984,0.49997,0.499947,0.49991,0.49985,0.499758,0.499621,0.499424,0.499151,0.498783,0.498304,0.497702,0.496972,0.496116,0.495149,0.494098,0.493,0.491905,0.490869,0.48995,0.489203,0.488676,0.488403,0.488403,0.488676,0.489203,0.48995,0.490869,0.491905,0.493,0.494098,0.495149,0.496116,0.496972,0.497702,0.498304,0.498783,0.499151,0.499424,0.499621,0.499758,0.49985,0.49991,0.499947,0.49997,0.499984,0.499991,0.499996,0.499998,0.499999,0.5,0.5,0.5,0.5,0.5
0.5,0.5,0.5,0.5,0.5,0.499999,0.499999,0.499998,0.499995,0.499991,0.499984,0.499971,0.49995,0.499917,0.499865,0.499787,0.499675,0.499518,0.499305,0.499027,0.498676,0.498247,0.497741,0.497167,0.496539,0.495881,0.495222,0.494597,0.49404,0.493586,0.493266,0.4931,0.4931,0.493266,0.493586,0.49404,0.494597,0.495222,0.495881,0.496539,0.497167,0.497741,0.498247,0.498676,0.499027,0.499305,0.499518,0.499675,0.499787,0.499865,0.499917,0.49995,0.499971,0.499984,0.499991,0.499995,0.499998,0.499999,0.499999,0.5,0.5,0.5,0.5,0.5
0.5,0.5,0.5,0.5,0.5,0.5,0.499999,0.499999,0.499998,0.499995,0.499991,0.499985,0.499973,0.499955,0.499927,0.499884,0.499822,0.499735,0.499616,0.49946,0.499261,0.499018,0.498729,0.4984,0.498039,0.497658,0.497275,0.496911,0.496586,0.49632,0.496132,0.496035,0.496035,0.496132,0.49632,0.496586,0.496911,0.497275,0.497658,0.498039,0.4984,0.498729,0.499018,0.499261,0.49946,0.499616,0.499735,0.499822,0.499884,0.499927,0.499955,0.499973,0.499985,0.499991,0.499995,0.499998,0.499999,0.499999,0.5,0.5,0.5,0.5,0.5,0.5
0.5,0.5,0.5,0.5,0.5,0.5,0.5,0.499999,0.499999,0.499998,0.499996,0.499992,0.499986,0.499977,0.499962,0.499939,0.499906,0.499859,0.499795,0.49971,0.499602,0.499468,0.499309,0.499127,0.498926,0.498713,0.498499,0.498294,0.498111,0.497961,0.497855,0.4978,0.4978,0.497855,0.497961,0.498111,0.498294,0.498499,0.498713,0.498926,0.499127,0.499309,0.499468,0.499602,0.49971,0.499795,0.499859,0.499906,0.499939,0.499962,0.499977,0.499986,0.499992,0.499996,0.499998,0.499999,0.499999,0.5,0.5,0.5,0.5,0.5,0.5,0.5
0.5,0.5,0.5,0.5,0.5,0.5,0.5,0.5,0.499999,0.499999,0.499998,0.499996,0.499993,0.499988,0.49998,0.499969,0.499952,0.499927,0.499894,0.499849,0.499792,0.499721,0.499637,0.499539,0.499431,0.499317,0.499201,0.49909,0.498991,0.498909,0.498851,0.498821,0.498821,0.498851,0.498909,0.498991,0.49909,0.499201,0.499317,0.499431,0.499539,0.499637,0.499721,0.499792,0.499849,0.499894,0.499927,0.499952,0.499969,0.49998,0.499988,0.499993,0.499996,0.499998,0.499999,0.499999,0.5,0.5,0.5,0.5,0.5,0.5,0.5,0.5
0.5,0.5,0.5,0.5,0.5,0.5,0.5,0.5,0.5,0.499999,0.499999,0.499998,0.499997,0.499994,0.49999,0.499985,0.499976,0.499964,0.499947,0.499924,0.499895,0.499859,0.499815,0.499765,0.499709,0.49965,0.499589,0.499531,0.499479,0.499436,0.499406,0.49939,0.49939,0.499406,0.499436,0.499479,0.499531,0.499589,0.49965,0.499709,0.499765,0.499815,0.499859,0.499895,0.499924,0.499947,0.499964,0.499976,0.499985,0.49999,0.499994,0.499997,0.499998,0.499999,0.499999,0.5,0.5,0.5,0.5,0.5,0.5,0.5,0.5,0.5
0.5,0.5,0.5,0.5,0.5,0.5,0.5,0.5,0.5,0.5,0.5,0.499999,0.499998,0.499997,0.499995,0.499993,0.499989,0.499983,0.499974,0.499963,0.499949,0.499931,0.499909,0.499884,0.499856,0.499826,0.499796,0.499766,0.49974,0.499718,0.499703,0.499695,0.499695,0.499703,0.499718,0.49974,0.499766,0.499796,0.499826,0.499856,0.499884,0.499909,0.499931,0.499949,0.499963,0.499974,0.499983,0.499989,0.499993,0.499995,0.499997,0.499998,0.499999,0.5,0.5,0.5,0.5,0.5,0.5,0.5,0.5,0.5,0.5,0.5
0.5,0.5,0.5,0.5,0.5,0.5,0.5,0.5,0.5,0.5,0.5,0.5,0.499999,0.499999,0.499998,0.499997,0.499995,0.499992,0.499988,0.499983,0.499976,0.499967,0.499956,0.499944,0.49993,0.499916,0.499901,0.499886,0.499873,0.499863,0.499855,0.499851,0.499851,0.499855,0.499863,0.499873,0.499886,0.499901,0.499916,0.49993,0.499944,0.499956,0.499967,0.499976,0.499983,0.499988,0.499992,0.499995,0.499997,0.499998,0.499999,0.499999,0.5,0.5,0.5,0.5,0.5,0.5,0.5,0.5,0.5,0.5,0.5,0.5
0.5,0.5,0.5,0.5,0.5,0.5,0.5,0.5,0.5,0.5,0.5,0.5,0.5,0.499999,0.499999,0.499998,0.499997,0.499996,0.499994,0.499992,0.499988,0.499984,0.499979,0.499973,0.499966,0.499959,0.499951,0.499944,0.499937,0.499932,0.499928,0.499926,0.499926,0.499928,0.499932,0.499937,0.499944,0.499951,0.499959,0.499966,0.499973,0.499979,0.499984,0.499988,0.499992,0.499994,0.499996,0.499997,0.499998,0.499999,0.499999,0.5,0.5,0.5,0.5,0.5,0.5,0.5,0.5,0.5,0.5,0.5,0.5,0.5
0.5,0.5,0.5,0.5,0.5,0.5,0.5,0.5,0.5,0.5,0.5,0.5,0.5,0.5,0.499999,0.499999,0.499999,0.499998,0.499997,0.499995,0.499993,0.499991,0.499988,0.499984,0.49998,0.499976,0.499971,0.499967,0.499963,0.499959,0.499957,0.499956,0.499956,0.499957,0.499959,0.499963,0.499967,0.499971,0.499976,0.49998,0.499984,0.499988,0.499991,0.499993,0.499995,0.499997,0.499998,0.499999,0.499999,0.499999,0.5,0.5,0.5,0.5,0.5,0.5,0.5,0.5,0.5,0.5,0.5,0.5,0.5,0.5
0.5,0.5,0.5,0.5,0.5,0.5,0.5,0.5,0.5,0.5,0.5,0.5,0.5,0.5,0.499999,0.499999,0.499999,0.499998,0.499997,0.499995,0.499993,0.499991,0.499988,0.499984,0.49998,0.499976,0.499971,0.499967,0.499963,0.499959,0.499957,0.499956,0.499956,0.499957,0.499959,0.499963,0.499967,0.499971,0.499976,0.49998,0.499984,0.499988,0.499991,0.499993,0.499995,0.499997,0.499998,0.499999,0.499999,0.499999,0.5,0.5,0.5,0.5,0.5,0.5,0.5,0.5,0.5,0.5,0.5,0.5,0.5,0.5
