0.5,0.5,0.5,0.5,0.5,0.5,0.5,0.5,0.5,0.5,0.5,0.5,0.5,0.5,0.5,0.5,0.5,0.5,0.499999,0.499999,0.499999,0.499998,0.499997,0.499996,0.499996,0.499995,0.499993,0.499992,0.499991,0.499991,0.49999,0.49999,0.49999,0.49999,0.499991,0.499991,0.499992,0.499993,0.499995,0.499996,0.499996,0.499997,0.499998,0.499999,0.499999,0.499999,0.5,0.5,0.5,0.5,0.5,0.5,0.5,0.5,0.5,0.5,0.5,0.5,0.5,0.5,0.5,0.5,0.5,0.5
0.5,0.5,0.5,0.5,0.5,0.5,0.5,0.5,0.5,0.5,0.5,0.5,0.5,0.5,0.5,0.5,0.5,0.5,0.499999,0.499999,0.499999,0.499998,0.499997,0.499996,0.499996,0.499995,0.499993,0.499992,0.499991,0.499991,0.49999,0.49999,0.49999,0.49999,0.499991,0.499991,0.499992,0.499993,0.499995,0.499996,0.499996,0.499997,0.499998,0.499999,0.499999,0.499999,0.5,0.5,0.5,0.5,0.5,0.5,0.5,0.5,0.5,0.5,0.5,0.5,0.5,0.5,0.5,0.5,0.5,0.5
0.5,0.5,0.5,0.5,0.5,0.5,0.5,0.5,0.5,0.5,0.5,0.5,0.5,0.5,0.5,0.5,0.499999,0.499999,0.499999,0.499998,0.499997,0.499996,0.499995,0.499994,0.499992,0.49999,0.499988,0.499986,0.499985,0.499983,0.499982,0.499982,0.499982,0.499982,0.499983,0.499985,0.499986,0.499988,0.49999,0.499992,0.499994,0.499995,0.499996,0.499997,0.499998,0.499999,0.499999,0.499999,0.5,0.5,0.5,0.5,0.5,0.5,0.5,0.5,0.5,0.5,0.5,0.5,0.5,0.5,0.5,0.5
0.5,0.5,0.5,0.5,0.5,0.5,0.5,0.5,0.5,0.5,0.5,0.5,0.5,0.5,0.5,0.499999,0.499999,0.499998,0.499997,0.499996,0.499994,0.499992,0.499989,0.499986,0.499983,0.499979,0.499975,0.499971,0.499967,0.499964,0.499962,0.499961,0.499961,0.499962,0.499964,0.499967,0.499971,0.499975,0.499979,0.499983,0.499986,0.499989,0.499992,0.499994,0.499996,0.499997,0.499998,0.499999,0.499999,0.5,0.5,0.5,0.5,0.5,0.5,0.5,0.5,0.5,0.5,0.5,0.5,0.5,0.5,0.5
0.5,0.5,0.5,0.5,0.5,0.5,0.5,0.5,0.5,0.5,0.5,0.5,0.5,0.499999,0.499999,0.499998,0.499997,0.499996,0.499994,0.499991,0.499987,0.499983,0.499977,0.49997,0.499962,0.499954,0.499945,0.499937,0.499929,0.499923,0.499918,0.499916,0.499916,0.499918,0.499923,0.499929,0.499937,0.499945,0.499954,0.499962,0.49997,0.499977,0.499983,0.499987,0.499991,0.499994,0.499996,0.499997,0.499998,0.499999,0.499999,0.5,0.5,0.5,0.5,0.5,0.5,0.5,0.5,0.5,0.5,0.5,0.5,0.5
0.5,0.5,0.5,0.5,0.5,0.5,0.5,0.5,0.5,0.5,0.5,0.5,0.499999,0.499999,0.499998,0.499997,0.499994,0.499991,0.499987,0.499981,0.499973,0.499963,0.499951,0.499936,0.49992,0.499903,0.499885,0.499868,0.499852,0.499839,0.49983,0.499825,0.499825,0.49983,0.499839,0.499852,0.499868,0.499885,0.499903,0.49992,0.499936,0.499951,0.499963,0.499973,0.499981,0.499987,0.499991,0.499994,0.499997,0.499998,0.499999,0.499999,0.5,0.5,0.5,0.5,0.5,0.5,0.5,0.5,0.5,0.5,0.5,0.5
0.5,0.5,0.5,0.5,0.5,0.5,0.5,0.5,0.5,0.5,0.5,0.499999,0.499998,0.499997,0.499996,0.499993,0.499988,0.499982,0.499973,0.49996,0.499944,0.499924,0.499899,0.49987,0.499837,0.499802,0.499767,0.499732,0.499701,0.499675,0.499656,0.499647,0.499647,0.499656,0.499675,0.499701,0.499732,0.499767,0.499802,0.499837,0.49987,0.499899,0.499924,0.499944,0.49996,0.499973,0.499982,0.499988,0.499993,0.499996,0.499997,0.499998,0.499999,0.5,0.5,0.5,0.5,0.5,0.5,0.5,0.5,0.5,0.5,0.5
0.5,0.5,0.5,0.5,0.5,0.5,0.5,0.5,0.5,0.5,0.499999,0.499998,0.499997,0.499995,0.499991,0.499985,0.499976,0.499963,0.499945,0.499921,0.499889,0.499848,0.4998,0.499743,0.49968,0.499612,0.499544,0.499477,0.499417,0.499368,0.499333,0.499314,0.499314,0.499333,0.499368,0.499417,0.499477,0.499544,0.499612,0.49968,0.499743,0.4998,0.499848,0.499889,0.499921,0.499945,0.499963,0.499976,0.499985,0.499991,0.499995,0.499997,0.499998,0.499999,0.5,0.5,0.5,0.5,0.5,0.5,0.5,0.5,0.5,0.5
0.5,0.5,0.5,0.5,0.5,0.5,0.5,0.5,0.5,0.499999,0.499998,0.499996,0.499994,0.499989,0.499982,0.49997,0.499953,0.499928,0.499893,0.499846,0.499785,0.499709,0.499618,0.499512,0.499394,0.499268,0.49914,0.499017,0.498907,0.498816,0.498752,0.498718,0.498718,0.498752,0.498816,0.498907,0.499017,0.49914,0.499268,0.499394,0.499512,0.499618,0.499709,0.499785,0.499846,0.499893,0.499928,0.499953,0.49997,0.499982,0.499989,0.499994,0.499996,0.499998,0.499999,0.5,0.5,0.5,0.5,0.5,0.5,0.5,0.5,0.5
0.5,0.5,0.5,0.5,0.5,0.5,0.5,0.5,0.499999,0.499998,0.499996,0.499993,0.499988,0.499979,0.499965,0.499943,0.49991,0.499863,0.499799,0.499712,0.499601,0.499462,0.499295,0.499104,0.498891,0.498666,0.498438,0.498219,0.498024,0.497863,0.497749,0.49769,0.49769,0.497749,0.497863,0.498024,0.498219,0.498438,0.498666,0.498891,0.499104,0.499295,0.499462,0.499601,0.499712,0.499799,0.499863,0.49991,0.499943,0.499965,0.499979,0.499988,0.499993,0.499996,0.499998,0.499999,0.5,0.5,0.5,0.5,0.5,0.5,0.5,0.5
0.5,0.5,0.5,0.5,0.5,0.5,0.5,0.499999,0.499998,0.499996,0.499993,0.499987,0.499977,0.499961,0.499934,0.499894,0.499835,0.499751,0.499635,0.499481,0.499283,0.499038,0.498747,0.498413,0.498045,0.497656,0.497264,0.49689,0.496556,0.496283,0.49609,0.495989,0.495989,0.49609,0.496283,0.496556,0.49689,0.497264,0.497656,0.498045,0.498413,0.498747,0.499038,0.499283,0.499481,0.499635,0.499751,0.499835,0.499894,0.499934,0.499961,0.499977,0.499987,0.499993,0.499996,0.499998,0.499999,0.5,0.5,0.5,0.5,0.5,0.5,0.5
0.5,0.5,0.5,0.5,0.5,0.5,0.499999,0.499998,0.499996,0.499993,0.499987,0.499976,0.499958,0.499929,0.499882,0.499812,0.499708,0.499561,0.49936,0.499095,0.498757,0.498341,0.497849,0.497288,0.496673,0.496027,0.495379,0.494762,0.494213,0.493766,0.49345,0.493286,0.493286,0.49345,0.493766,0.494213,0.494762,0.495379,0.496027,0.496673,0.497288,0.497849,0.498341,0.498757,0.499095,0.49936,0.499561,0.499708,0.499812,0.499882,0.499929,0.499958,0.499976,0.499987,0.499993,0.499996,0.499998,0.499999,0.5,0.5,0.5,0.5,0.5,0.5
0.5,0.5,0.5,0.5,0.5,0.499999,0.499998,0.499997,0.499994,0.499988,0.499977,0.499958,0.499927,0.499876,0.499796,0.499675,0.4995,0.499252,0.498916,0.498475,0.497917,0.497236,0.496435,0.495526,0.494536,0.493501,0.492468,0.491489,0.490621,0.489916,0.489418,0.48916,0.48916,0.489418,0.489916,0.490621,0.491489,0.492468,0.493501,0.494536,0.495526,0.496435,0.497236,0.497917,0.498475,0.498916,0.499252,0.4995,0.499675,0.499796,0.499876,0.499927,0.499958,0.499977,0.499988,0.499994,0.499997,0.499998,0.499999,0.5,0.5,0.5,0.5,0.5
0.5,0.5,0.5,0.5,0.499999,0.499999,0.499997,0.499995,0.499989,0.499979,0.499961,0.499929,0.499876,0.499791,0.499658,0.499459,0.49917,0.498768,0.498224,0.497517,0.496628,0.495551,0.494291,0.492872,0.491335,0.489737,0.48815,0.486654,0.485332,0.484261,0.483508,0.483118,0.483118,0.483508,0.484261,0.485332,0.486654,0.48815,0.489737,0.491335,0.492872,0.494291,0.495551,0.496628,0.497517,0.498224,0.498768,0.49917,0.499459,0.499658,0.499791,0.499876,0.499929,0.499961,0.499979,0.499989,0.499995,0.499997,0.499999,0.499999,0.5,0.5,0.5,0.5
0.5,0.5,0.5,0.5,0.499999,0.499998,0.499996,0.499991,0.499982,0.499965,0.499934,0.499882,0.499796,0.499658,0.499444,0.499127,0.49867,0.498036,0.497187,0.49609,0.494722,0.493075,0.491163,0.489024,0.486723,0.484345,0.481996,0.479794,0.477855,0.476291,0.475192,0.474625,0.474625,0.475192,0.476291,0.477855,0.479794,0.481996,0.484345,0.486723,0.489024,0.491163,0.493075,0.494722,0.49609,0.497187,0.498036,0.49867,0.499127,0.499444,0.499658,0.499796,0.499882,0.499934,0.499965,0.499982,0.499991,0.499996,0.499998,0.499999,0.5,0.5,0.5,0.5
0.5,0.5,0.5,0.499999,0.499998,0.499997,0.499993,0.499985,0.49997,0.499943,0.499894,0.499812,0.499675,0.499459,0.499127,0.498635,0.497934,0.496969,0.495687,0.494042,0.492006,0.489573,0.486771,0.48366,0.480334,0.476921,0.473571,0.470446,0.467708,0.465507,0.463965,0.463171,0.463171,0.463965,0.465507,0.467708,0.470446,0.473571,0.476921,0.480334,0.48366,0.486771,0.489573,0.492006,0.494042,0.495687,0.496969,0.497934,0.498635,0.499127,0.499459,0.499675,0.499812,0.499894,0.499943,0.49997,0.499985,0.499993,0.499997,0.499998,0.499999,0.5,0.5,0.5
0.5,0.5,0.499999,0.499999,0.499997,0.499994,0.499988,0.499976,0.499953,0.49991,0.499835,0.499708,0.4995,0.49917,0.49867,0.497934,0.496893,0.49547,0.493594,0.491208,0.488277,0.484805,0.480836,0.476463,0.471825,0.467099,0.46249,0.458217,0.454493,0.45151,0.449428,0.448358,0.448358,0.449428,0.45151,0.454493,0.458217,0.46249,0.467099,0.471825,0.476463,0.480836,0.484805,0.488277,0.491208,0.493594,0.49547,0.496893,0.497934,0.49867,0.49917,0.4995,0.499708,0.499835,0.49991,0.499953,0.499976,0.499988,0.499994,0.499997,0.499999,0.499999,0.5,0.5
0.5,0.5,0.499999,0.499998,0.499996,0.499991,0.499982,0.499963,0.499928,0.499863,0.499751,0.499561,0.499252,0.498768,0.498036,0.496969,0.49547,0.493438,0.490781,0.487428,0.483346,0.478549,0.473113,0.467173,0.460925,0.454608,0.448492,0.442859,0.437977,0.434086,0.431379,0.429991,0.429991,0.431379,0.434086,0.437977,0.442859,0.448492,0.454608,0.460925,0.467173,0.473113,0.478549,0.483346,0.487428,0.490781,0.493438,0.49547,0.496969,0.498036,0.498768,0.499252,0.499561,0.499751,0.499863,0.499928,0.499963,0.499982,0.499991,0.499996,0.499998,0.499999,0.5,0.5
0.499999,0.499999,0.499999,0.499997,0.499994,0.499987,0.499973,0.499945,0.499893,0.499799,0.499635,0.49936,0.498916,0.498224,0.497187,0.495687,0.493594,0.490781,0.487133,0.482568,0.477059,0.470643,0.463438,0.455635,0.447499,0.439343,0.431511,0.424349,0.418182,0.413293,0.409904,0.40817,0.40817,0.409904,0.413293,0.418182,0.424349,0.431511,0.439343,0.447499,0.455635,0.463438,0.470643,0.477059,0.482568,0.487133,0.490781,0.493594,0.495687,0.497187,0.498224,0.498916,0.49936,0.499635,0.499799,0.499893,0.499945,0.499973,0.499987,0.499994,0.499997,0.499999,0.499999,0.499999
0.499999,0.499999,0.499998,0.499996,0.499991,0.499981,0.49996,0.499921,0.499846,0.499712,0.499481,0.499095,0.498475,0.497517,0.49609,0.494042,0.491208,0.487428,0.482568,0.476541,0.469333,0.461017,0.451766,0.441845,0.431597,0.421419,0.411732,0.402946,0.395435,0.389515,0.38543,0.383347,0.383347,0.38543,0.389515,0.395435,0.402946,0.411732,0.421419,0.431597,0.441845,0.451766,0.461017,0.469333,0.476541,0.482568,0.487428,0.491208,0.494042,0.49609,0.497517,0.498475,0.499095,0.499481,0.499712,0.499846,0.499921,0.49996,0.499981,0.499991,0.499996,0.499998,0.499999,0.499999
0.499999,0.499999,0.499997,0.499994,0.499987,0.499973,0.499944,0.499889,0.499785,0.499601,0.499283,0.498757,0.497917,0.496628,0.494722,0.492006,0.488277,0.483346,0.477059,0.469333,0.460179,0.449722,0.438206,0.425981,0.413483,0.401197,0.389617,0.379209,0.370385,0.363478,0.358737,0.356326,0.356326,0.358737,0.363478,0.370385,0.379209,0.389617,0.401197,0.413483,0.425981,0.438206,0.449722,0.460179,0.469333,0.477059,0.483346,0.488277,0.492006,0.494722,0.496628,0.497917,0.498757,0.499283,0.499601,0.499785,0.499889,0.499944,0.499973,0.499987,0.499994,0.499997,0.499999,0.499999
0.499998,0.499998,0.499996,0.499992,0.499983,0.499963,0.499924,0.499848,0.499709,0.499462,0.499038,0.498341,0.497236,0.495551,0.493075,0.489573,0.484805,0.478549,0.470643,0.461017,0.449722,0.43695,0.423031,0.408417,0.393642,0.379278,0.365886,0.353975,0.343969,0.336199,0.330898,0.328212,0.328212,0.330898,0.336199,0.343969,0.353975,0.365886,0.379278,0.393642,0.408417,0.423031,0.43695,0.449722,0.461017,0.470643,0.478549,0.484805,0.489573,0.493075,0.495551,0.497236,0.498341,0.499038,0.499462,0.499709,0.499848,0.499924,0.499963,0.499983,0.499992,0.499996,0.499998,0.499998
0.499997,0.499997,0.499995,0.499989,0.499977,0.499951,0.499899,0.4998,0.499618,0.499295,0.498747,0.497849,0.496435,0.494291,0.491163,0.486771,0.480836,0.473113,0.463438,0.451766,0.438206,0.423031,0.406677,0.389702,0.372744,0.356458,0.341457,0.328269,0.31731,0.308877,0.303165,0.300285,0.300285,0.303165,0.308877,0.31731,0.328269,0.341457,0.356458,0.372744,0.389702,0.406677,0.423031,0.438206,0.451766,0.463438,0.473113,0.480836,0.486771,0.491163,0.494291,0.496435,0.497849,0.498747,0.499295,0.499618,0.4998,0.499899,0.499951,0.499977,0.499989,0.499995,0.499997,0.499997
0.499996,0.499996,0.499994,0.499986,0.49997,0.499936,0.49987,0.499743,0.499512,0.499104,0.498413,0.497288,0.495526,0.492872,0.489024,0.48366,0.476463,0.467173,0.455635,0.441845,0.425981,0.408417,0.389702,0.370511,0.351583,0.333644,0.317341,0.303196,0.291586,0.28275,0.276815,0.273839,0.273839,0.276815,0.28275,0.291586,0.303196,0.317341,0.333644,0.351583,0.370511,0.389702,0.408417,0.425981,0.441845,0.455635,0.467173,0.476463,0.48366,0.489024,0.492872,0.495526,0.497288,0.498413,0.499104,0.499512,0.499743,0.49987,0.499936,0.49997,0.499986,0.499994,0.499996,0.499996
0.499996,0.499996,0.499992,0.499983,0.499962,0.49992,0.499837,0.49968,0.499394,0.498891,0.498045,0.496673,0.494536,0.491335,0.486723,0.480334,0.471825,0.460925,0.447499,0.431597,0.413483,0.393642,0.372744,0.351583,0.330991,0.311752,0.294524,0.279798,0.267883,0.258929,0.252977,0.250012,0.250012,0.252977,0.258929,0.267883,0.279798,0.294524,0.311752,0.330991,0.351583,0.372744,0.393642,0.413483,0.431597,0.447499,0.460925,0.471825,0.480334,0.486723,0.491335,0.494536,0.496673,0.498045,0.498891,0.499394,0.49968,0.499837,0.49992,0.499962,0.499983,0.499992,0.499996,0.499996
0.499995,0.499995,0.49999,0.499979,0.499954,0.499903,0.499802,0.499612,0.499268,0.498666,0.497656,0.496027,0.493501,0.489737,0.484345,0.476921,0.467099,0.454608,0.439343,0.421419,0.401197,0.379278,0.356458,0.333644,0.311752,0.291605,0.273853,0.258929,0.247051,0.238259,0.232486,0.229634,0.229634,0.232486,0.238259,0.247051,0.258929,0.273853,0.291605,0.311752,0.333644,0.356458,0.379278,0.401197,0.421419,0.439343,0.454608,0.467099,0.476921,0.484345,0.489737,0.493501,0.496027,0.497656,0.498666,0.499268,0.499612,0.499802,0.499903,0.499954,0.499979,0.49999,0.499995,0.499995
0.499993,0.499993,0.499988,0.499975,0.499945,0.499885,0.499767,0.499544,0.49914,0.498438,0.497264,0.495379,0.492468,0.48815,0.481996,0.473571,0.46249,0.448492,0.431511,0.411732,0.389617,0.365886,0.341457,0.317341,0.294524,0.273853,0.255949,0.24117,0.229623,0.221227,0.215795,0.213138,0.213138,0.215795,0.221227,0.229623,0.24117,0.255949,0.273853,0.294524,0.317341,0.341457,0.365886,0.389617,0.411732,0.431511,0.448492,0.46249,0.473571,0.481996,0.48815,0.492468,0.495379,0.497264,0.498438,0.49914,0.499544,0.499767,0.499885,0.499945,0.499975,0.499988,0.499993,0.499993
0.499992,0.499992,0.499986,0.499971,0.499937,0.499868,0.499732,0.499477,0.499017,0.498219,0.49689,0.494762,0.491489,0.486654,0.479794,0.470446,0.458217,0.442859,0.424349,0.402946,0.379209,0.353975,0.328269,0.303196,0.279798,0.258929,0.24117,0.226792,0.215786,0.207943,0.202958,0.200549,0.200549,0.202958,0.207943,0.215786,0.226792,0.24117,0.258929,0.279798,0.303196,0.328269,0.353975,0.379209,0.402946,0.424349,0.442859,0.458217,0.470446,0.479794,0.486654,0.491489,0.494762,0.49689,0.498219,0.499017,0.499477,0.499732,0.499868,0.499937,0.499971,0.499986,0.499992,0.499992
0.499991,0.499991,0.499985,0.499967,0.499929,0.499852,0.499701,0.499417,0.498907,0.498024,0.496556,0.494213,0.490621,0.485332,0.477855,0.467708,0.454493,0.437977,0.418182,0.395435,0.370385,0.343969,0.31731,0.291586,0.267883,0.247051,0.229623,0.215786,0.205419,0.198191,0.193687,0.191541,0.191541,0.193687,0.198191,0.205419,0.215786,0.229623,0.247051,0.267883,0.291586,0.31731,0.343969,0.370385,0.395435,0.418182,0.437977,0.454493,0.467708,0.477855,0.485332,0.490621,0.494213,0.496556,0.498024,0.498907,0.499417,0.499701,0.499852,0.499929,0.499967,0.499985,0.499991,0.499991
0.499991,0.499991,0.499983,0.499964,0.499923,0.499839,0.499675,0.499368,0.498816,0.497863,0.496283,0.493766,0.489916,0.484261,0.476291,0.465507,0.45151,0.434086,0.413293,0.389515,0.363478,0.336199,0.308877,0.28275,0.258929,0.238259,0.221227,0.207943,0.198191,0.191537,0.187475,0.185569,0.185569,0.187475,0.191537,0.198191,0.207943,0.221227,0.238259,0.258929,0.28275,0.308877,0.336199,0.363478,0.389515,0.413293,0.434086,0.45151,0.465507,0.476291,0.484261,0.489916,0.493766,0.496283,0.497863,0.498816,0.499368,0.499675,0.499839,0.499923,0.499964,0.499983,0.499991,0.499991
0.49999,0.49999,0.499982,0.499962,0.499918,0.49983,0.499656,0.499333,0.498752,0.497749,0.49609,0.49345,0.489418,0.483508,0.475192,0.463965,0.449428,0.431379,0.409904,0.38543,0.358737,0.330898,0.303165,0.276815,0.252977,0.232486,0.215795,0.202958,0.193687,0.187475,0.183751,0.182027,0.182027,0.183751,0.187475,0.193687,0.202958,0.215795,0.232486,0.252977,0.276815,0.303165,0.330898,0.358737,0.38543,0.409904,0.431379,0.449428,0.463965,0.475192,0.483508,0.489418,0.49345,0.49609,0.497749,0.498752,0.499333,0.499656,0.49983,0.499918,0.499962,0.499982,0.49999,0.49999
0.49999,0.49999,0.499982,0.499961,0.499916,0.499825,0.499647,0.499314,0.498718,0.49769,0.495989,0.493286,0.48916,0.483118,0.474625,0.463171,0.448358,0.429991,0.40817,0.383347,0.356326,0.328212,0.300285,0.273839,0.250012,0.229634,0.213138,0.200549,0.191541,0.185569,0.182027,0.180401,0.180401,0.182027,0.185569,0.191541,0.200549,0.213138,0.229634,0.250012,0.273839,0.300285,0.328212,0.356326,0.383347,0.40817,0.429991,0.448358,0.463171,0.474625,0.483118,0.48916,0.493286,0.495989,0.49769,0.498718,0.499314,0.499647,0.499825,0.499916,0.499961,0.499982,0.49999,0.49999
0.49999,0.49999,0.499982,0.499961,0.499916,0.499825,0.499647,0.499314,0.498718,0.49769,0.495989,0.493286,0.48916,0.483118,0.474625,0.463171,0.448358,0.429991,0.40817,0.383347,0.356326,0.328212,0.300285,0.273839,0.250012,0.229634,0.213138,0.200549,0.191541,0.185569,0.182027,0.180401,0.180401,0.182027,0.185569,0.191541,0.200549,0.213138,0.229634,0.250012,0.273839,0.300285,0.328212,0.356326,0.383347,0.40817,0.429991,0.448358,0.463171,0.474625,0.483118,0.48916,0.493286,0.495989,0.49769,0.498718,0.499314,0.499647,0.499825,0.499916,0.499961,0.499982,0.49999,0.49999
0.49999,0.49999,0.499982,0.499962,0.499918,0.49983,0.499656,0.499333,0.498752,0.497749,0.49609,0.49345,0.489418,0.483508,0.475192,0.463965,0.449428,0.431379,0.409904,0.38543,0.358737,0.330898,0.303165,0.276815,0.252977,0.232486,0.215795,0.202958,0.193687,0.187475,0.183751,0.182027,0.182027,0.183751,0.187475,0.193687,0.202958,0.215795,0.232486,0.252977,0.276815,0.303165,0.330898,0.358737,0.38543,0.409904,0.431379,0.449428,0.463965,0.475192,0.483508,0.489418,0.49345,0.49609,0.497749,0.498752,0.499333,0.499656,0.49983,0.499918,0.499962,0.499982,0.49999,0.49999
0.499991,0.499991,0.499983,0.499964,0.499923,0.499839,0.499675,0.499368,0.498816,0.497863,0.496283,0.493766,0.489916,0.484261,0.476291,0.465507,0.45151,0.434086,0.413293,0.389515,0.363478,0.336199,0.308877,0.28275,0.258929,0.238259,0.221227,0.207943,0.198191,0.191537,0.187475,0.185569,0.185569,0.187475,0.191537,0.198191,0.207943,0.221227,0.238259,0.258929,0.28275,0.308877,0.336199,0.363478,0.389515,0.413293,0.434086,0.45151,0.465507,0.476291,0.484261,0.489916,0.493766,0.496283,0.497863,0.498816,0.499368,0.499675,0.499839,0.499923,0.499964,0.499983,0.499991,0.499991
0.499991,0.499991,0.499985,0.499967,0.499929,0.499852,0.499701,0.499417,0.498907,0.498024,0.496556,0.494213,0.490621,0.485332,0.477855,0.467708,0.454493,0.437977,0.418182,0.395435,0.370385,0.343969,0.31731,0.291586,0.267883,0.247051,0.229623,0.215786,0.205419,0.198191,0.193687,0.191541,0.191541,0.193687,0.198191,0.205419,0.215786,0.229623,0.247051,0.267883,0.291586,0.31731,0.343969,0.370385,0.395435,0.418182,0.437977,0.454493,0.467708,0.477855,0.485332,0.490621,0.494213,0.496556,0.498024,0.498907,0.499417,0.499701,0.499852,0.499929,0.499967,0.499985,0.499991,0.499991
0.499992,0.499992,0.499986,0.499971,0.499937,0.499868,0.499732,0.499477,0.499017,0.498219,0.49689,0.494762,0.491489,0.486654,0.479794,0.470446,0.458217,0.442859,0.424349,0.402946,0.379209,0.353975,0.328269,0.303196,0.279798,0.258929,0.24117,0.226792,0.215786,0.207943,0.202958,0.200549,0.200549,0.202958,0.207943,0.215786,0.226792,0.24117,0.258929,0.279798,0.303196,0.328269,0.353975,0.379209,0.402946,0.424349,0.442859,0.458217,0.470446,0.479794,0.486654,0.491489,0.494762,0.49689,0.498219,0.499017,0.499477,0.499732,0.499868,0.499937,0.499971,0.499986,0.499992,0.499992
0.499993,0.499993,0.499988,0.499975,0.499945,0.499885,0.499767,0.499544,0.49914,0.498438,0.497264,0.495379,0.492468,0.48815,0.481996,0.473571,0.46249,0.448492,0.431511,0.411732,0.389617,0.365886,0.341457,0.317341,0.294524,0.273853,0.255949,0.24117,0.229623,0.221227,0.215795,0.213138,0.213138,0.215795,0.221227,0.229623,0.24117,0.255949,0.273853,0.294524,0.317341,0.341457,0.365886,0.389617,0.411732,0.431511,0.448492,0.46249,0.473571,0.481996,0.48815,0.492468,0.495379,0.497264,0.498438,0.49914,0.499544,0.499767,0.499885,0.499945,0.499975,0.499988,0.499993,0.499993
0.499995,0.499995,0.49999,0.499979,0.499954,0.499903,0.499802,0.499612,0.499268,0.498666,0.497656,0.496027,0.493501,0.489737,0.484345,0.476921,0.467099,0.454608,0.439343,0.421419,0.401197,0.379278,0.356458,0.333644,0.311752,0.291605,0.273853,0.258929,0.247051,0.238259,0.232486,0.229634,0.229634,0.232486,0.238259,0.247051,0.258929,0.273853,0.291605,0.311752,0.333644,0.356458,0.379278,0.401197,0.421419,0.439343,0.454608,0.467099,0.476921,0.484345,0.489737,0.493501,0.496027,0.497656,0.498666,0.499268,0.499612,0.499802,0.499903,0.499954,0.499979,0.49999,0.499995,0.499995
0.499996,0.499996,0.499992,0.499983,0.499962,0.49992,0.499837,0.49968,0.499394,0.498891,0.498045,0.496673,0.494536,0.491335,0.486723,0.480334,0.471825,0.460925,0.447499,0.431597,0.413483,0.393642,0.372744,0.351583,0.330991,0.311752,0.294524,0.279798,0.267883,0.258929,0.252977,0.250012,0.250012,0.252977,0.258929,0.267883,0.279798,0.294524,0.311752,0.330991,0.351583,0.372744,0.393642,0.413483,0.431597,0.447499,0.460925,0.471825,0.480334,0.486723,0.491335,0.494536,0.496673,0.498045,0.498891,0.499394,0.49968,0.499837,0.49992,0.499962,0.499983,0.499992,0.499996,0.499996
0.499996,0.499996,0.499994,0.499986,0.49997,0.499936,0.49987,0.499743,0.499512,0.499104,0.498413,0.497288,0.495526,0.492872,0.489024,0.48366,0.476463,0.467173,0.455635,0.441845,0.425981,0.408417,0.389702,0.370511,0.351583,0.333644,0.317341,0.303196,0.291586,0.28275,0.276815,0.273839,0.273839,0.276815,0.28275,0.291586,0.303196,0.317341,0.333644,0.351583,0.370511,0.389702,0.408417,0.425981,0.441845,0.455635,0.467173,0.476463,0.48366,0.489024,0.492872,0.495526,0.497288,0.498413,0.499104,0.499512,0.499743,0.49987,0.499936,0.49997,0.499986,0.499994,0.499996,0.499996
0.499997,0.499997,0.499995,0.499989,0.499977,0.499951,0.499899,0.4998,0.499618,0.499295,0.498747,0.497849,0.496435,0.494291,0.491163,0.486771,0.480836,0.473113,0.463438,0.451766,0.438206,0.423031,0.406677,0.389702,0.372744,0.356458,0.341457,0.328269,0.31731,0.308877,0.303165,0.300285,0.300285,0.303165,0.308877,0.31731,0.328269,0.341457,0.356458,0.372744,0.389702,0.406677,0.423031,0.438206,0.451766,0.463438,0.473113,0.480836,0.486771,0.491163,0.494291,0.496435,0.497849,0.498747,0.499295,0.499618,0.4998,0.499899,0.499951,0.499977,0.499989,0.499995,0.499997,0.499997
0.499998,0.499998,0.499996,0.499992,0.499983,0.499963,0.499924,0.499848,0.499709,0.499462,0.499038,0.498341,0.497236,0.495551,0.493075,0.489573,0.484805,0.478549,0.470643,0.461017,0.449722,0.43695,0.423031,0.408417,0.393642,0.379278,0.365886,0.353975,0.343969,0.336199,0.330898,0.328212,0.328212,0.330898,0.336199,0.343969,0.353975,0.365886,0.379278,0.393642,0.408417,0.423031,0.43695,0.449722,0.461017,0.470643,0.478549,0.484805,0.489573,0.493075,0.495551,0.497236,0.498341,0.499038,0.499462,0.499709,0.499848,0.499924,0.499963,0.499983,0.499992,0.499996,0.499998,0.499998
0.499999,0.499999,0.499997,0.499994,0.499987,0.499973,0.499944,0.499889,0.499785,0.499601,0.499283,0.498757,0.497917,0.496628,0.494722,0.492006,0.488277,0.483346,0.477059,0.469333,0.460179,0.449722,0.438206,0.425981,0.413483,0.401197,0.389617,0.379209,0.370385,0.363478,0.358737,0.356326,0.356326,0.358737,0.363478,0.370385,0.379209,0.389617,0.401197,0.413483,0.425981,0.438206,0.449722,0.460179,0.469333,0.477059,0.483346,0.488277,0.492006,0.494722,0.496628,0.497917,0.498757,0.499283,0.499601,0.499785,0.499889,0.499944,0.499973,0.499987,0.499994,0.499997,0.499999,0.499999
0.499999,0.499999,0.499998,0.499996,0.499991,0.499981,0.49996,0.499921,0.499846,0.499712,0.499481,0.499095,0.498475,0.497517,0.49609,0.494042,0.491208,0.487428,0.482568,0.476541,0.469333,0.461017,0.451766,0.441845,0.431597,0.421419,0.411732,0.402946,0.395435,0.389515,0.38543,0.383347,0.383347,0.38543,0.389515,0.395435,0.402946,0.411732,0.421419,0.431597,0.441845,0.451766,0.461017,0.469333,0.476541,0.482568,0.487428,0.491208,0.494042,0.49609,0.497517,0.498475,0.499095,0.499481,0.499712,0.499846,0.499921,0.49996,0.499981,0.499991,0.499996,0.499998,0.499999,0.499999
0.499999,0.499999,0.499999,0.499997,0.499994,0.499987,0.499973,0.499945,0.499893,0.499799,0.499635,0.49936,0.498916,0.498224,0.497187,0.495687,0.493594,0.490781,0.487133,0.482568,0.477059,0.470643,0.463438,0.455635,0.447499,0.439343,0.431511,0.424349,0.418182,0.413293,0.409904,0.40817,0.40817,0.409904,0.413293,0.418182,0.424349,0.431511,0.439343,0.447499,0.455635,0.463438,0.470643,0.477059,0.482568,0.487133,0.490781,0.493594,0.495687,0.497187,0.498224,0.498916,0.49936,0.499635,0.499799,0.499893,0.499945,0.499973,0.499987,0.499994,0.499997,0.499999,0.499999,0.499999
0.5,0.5,0.499999,0.499998,0.499996,0.499991,0.499982,0.499963,0.499928,0.499863,0.499751,0.499561,0.499252,0.498768,0.498036,0.496969,0.49547,0.493438,0.490781,0.487428,0.483346,0.478549,0.473113,0.467173,0.460925,0.454608,0.448492,0.442859,0.437977,0.434086,0.431379,0.429991,0.429991,0.431379,0.434086,0.437977,0.442859,0.448492,0.454608,0.460925,0.467173,0.473113,0.478549,0.483346,0.487428,0.490781,0.493438,0.49547,0.496969,0.498036,0.498768,0.499252,0.499561,0.499751,0.499863,0.499928,0.499963,0.499982,0.499991,0.499996,0.499998,0.499999,0.5,0.5
0.5,0.5,0.499999,0.499999,0.499997,0.499994,0.499988,0.499976,0.499953,0.49991,0.499835,0.499708,0.4995,0.49917,0.49867,0.497934,0.496893,0.49547,0.493594,0.491208,0.488277,0.484805,0.480836,0.476463,0.471825,0.467099,0.46249,0.458217,0.454493,0.45151,0.449428,0.448358,0.448358,0.449428,0.45151,0.454493,0.458217,0.46249,0.467099,0.471825,0.476463,0.480836,0.484805,0.488277,0.491208,0.493594,0.49547,0.496893,0.497934,0.49867,0.49917,0.4995,0.499708,0.499835,0.49991,0.499953,0.499976,0.499988,0.499994,0.499997,0.499999,0.499999,0.5,0.5
0.5,0.5,0.5,0.499999,0.499998,0.499997,0.499993,0.499985,0.49997,0.499943,0.499894,0.499812,0.499675,0.499459,0.499127,0.498635,0.497934,0.496969,0.495687,0.494042,0.492006,0.489573,0.486771,0.48366,0.480334,0.476921,0.473571,0.470446,0.467708,0.465507,0.463965,0.463171,0.463171,0.463965,0.465507,0.467708,0.470446,0.473571,0.476921,0.480334,0.48366,0.486771,0.489573,0.492006,0.494042,0.495687,0.496969,0.497934,0.498635,0.499127,0.499459,0.499675,0.499812,0.499894,0.499943,0.49997,0.499985,0.499993,0.499997,0.499998,0.499999,0.5,0.5,0.5
0.5,0.5,0.5,0.5,0.499999,0.499998,0.499996,0.499991,0.499982,0.499965,0.499934,0.499882,0.499796,0.499658,0.499444,0.499127,0.49867,0.498036,0.497187,0.49609,0.494722,0.493075,0.491163,0.489024,0.486723,0.484345,0.481996,0.479794,0.477855,0.476291,0.475192,0.474625,0.474625,0.475192,0.476291,0.477855,0.479794,0.481996,0.484345,0.486723,0.489024,0.491163,0.493075,0.494722,0.49609,0.497187,0.498036,0.49867,0.499127,0.499444,0.499658,0.499796,0.499882,0.499934,0.499965,0.499982,0.499991,0.499996,0.499998,0.499999,0.5,0.5,0.5,0.5
0.5,0.5,0.5,0.5,0.499999,0.499999,0.499997,0.499995,0.499989,0.499979,0.499961,0.499929,0.499876,0.499791,0.499658,0.499459,0.49917,0.498768,0.498224,0.497517,0.496628,0.495551,0.494291,0.492872,0.491335,0.489737,0.48815,0.486654,0.485332,0.484261,0.483508,0.483118,0.483118,0.483508,0.484261,0.485332,0.486654,0.48815,0.489737,0.491335,0.492872,0.494291,0.495551,0.496628,0.497517,0.498224,0.498768,0.49917,0.499459,0.499658,0.499791,0.499876,0.499929,0.499961,0.499979,0.499989,0.499995,0.499997,0.499999,0.499999,0.5,0.5,0.5,0.5
0.5,0.5,0.5,0.5,0.5,0.499999,0.499998,0.499997,0.499994,0.499988,0.499977,0.499958,0.499927,0.499876,0.499796,0.499675,0.4995,0.499252,0.498916,0.498475,0.497917,0.497236,0.496435,0.495526,0.494536,0.493501,0.492468,0.491489,0.490621,0.489916,0.489418,0.48916,0.48916,0.489418,0.489916,0.490621,0.491489,0.492468,0.493501,0.494536,0.495526,0.496435,0.497236,0.497917,0.498475,0.498916,0.499252,0.4995,0.499675,0.499796,0.499876,0.499927,0.499958,0.499977,0.499988,0.499994,0.499997,0.499998,0.499999,0.5,0.5,0.5,0.5,0.5
0.5,0.5,0.5,0.5,0.5,0.5,0.499999,0.499998,0.499996,0.499993,0.499987,0.499976,0.499958,0.499929,0.499882,0.499812,0.499708,0.499561,0.49936,0.499095,0.498757,0.498341,0.497849,0.497288,0.496673,0.496027,0.495379,0.494762,0.494213,0.493766,0.49345,0.493286,0.493286,0.49345,0.493766,0.494213,0.494762,0.495379,0.496027,0.496673,0.497288,0.497849,0.498341,0.498757,0.499095,0.49936,0.499561,0.499708,0.499812,0.499882,0.499929,0.499958,0.499976,0.499987,0.499993,0.499996,0.499998,0.499999,0.5,0.5,0.5,0.5,0.5,0.5
0.5,0.5,0.5,0.5,0.5,0.5,0.5,0.499999,0.499998,0.499996,0.499993,0.499987,0.499977,0.499961,0.499934,0.499894,0.499835,0.499751,0.499635,0.499481,0.499283,0.499038,0.498747,0.498413,0.498045,0.497656,0.497264,0.49689,0.496556,0.496283,0.49609,0.495989,0.495989,0.49609,0.496283,0.496556,0.49689,0.497264,0.497656,0.498045,0.498413,0.498747,0.499038,0.499283,0.499481,0.499635,0.499751,0.499835,0.499894,0.499934,0.499961,0.499977,0.499987,0.499993,0.499996,0.499998,0.499999,0.5,0.5,0.5,0.5,0.5,0.5,0.5
0.5,0.5,0.5,0.5,0.5,0.5,0.5,0.5,0.499999,0.499998,0.499996,0.499993,0.499988,0.499979,0.499965,0.499943,0.49991,0.499863,0.499799,0.499712,0.499601,0.499462,0.499295,0.499104,0.498891,0.498666,0.498438,0.498219,0.498024,0.497863,0.497749,0.49769,0.49769,0.497749,0.497863,0.498024,0.498219,0.498438,0.498666,0.498891,0.499104,0.499295,0.499462,0.499601,0.499712,0.499799,0.499863,0.49991,0.499943,0.499965,0.499979,0.499988,0.499993,0.499996,0.499998,0.499999,0.5,0.5,0.5,0.5,0.5,0.5,0.5,0.5
0.5,0.5,0.5,0.5,0.5,0.5,0.5,0.5,0.5,0.499999,0.499998,0.499996,0.499994,0.499989,0.499982,0.49997,0.499953,0.499928,0.499893,0.499846,0.499785,0.499709,0.499618,0.499512,0.499394,0.499268,0.49914,0.499017,0.498907,0.498816,0.498752,0.498718,0.498718,0.498752,0.498816,0.498907,0.499017,0.49914,0.499268,0.499394,0.499512,0.499618,0.499709,0.499785,0.499846,0.499893,0.499928,0.499953,0.49997,0.499982,0.499989,0.499994,0.499996,0.499998,0.499999,0.5,0.5,0.5,0.5,0.5,0.5,0.5,0.5,0.5
0.5,0.5,0.5,0.5,0.5,0.5,0.5,0.5,0.5,0.5,0.499999,0.499998,0.499997,0.499995,0.499991,0.499985,0.499976,0.499963,0.499945,0.499921,0.499889,0.499848,0.4998,0.499743,0.49968,0.499612,0.499544,0.499477,0.499417,0.499368,0.499333,0.499314,0.499314,0.499333,0.499368,0.499417,0.499477,0.499544,0.499612,0.49968,0.499743,0.4998,0.499848,0.499889,0.499921,0.499945,0.499963,0.499976,0.499985,0.499991,0.499995,0.499997,0.499998,0.499999,0.5,0.5,0.5,0.5,0.5,0.5,0.5,0.5,0.5,0.5
0.5,0.5,0.5,0.5,0.5,0.5,0.5,0.5,0.5,0.5,0.5,0.499999,0.499998,0.499997,0.499996,0.499993,0.499988,0.499982,0.499973,0.49996,0.499944,0.499924,0.499899,0.49987,0.499837,0.499802,0.499767,0.499732,0.499701,0.499675,0.499656,0.499647,0.499647,0.499656,0.499675,0.499701,0.499732,0.499767,0.499802,0.499837,0.49987,0.499899,0.499924,0.499944,0.49996,0.499973,0.499982,0.499988,0.499993,0.499996,0.499997,0.499998,0.499999,0.5,0.5,0.5,0.5,0.5,0.5,0.5,0.5,0.5,0.5,0.5
0.5,0.5,0.5,0.5,0.5,0.5,0.5,0.5,0.5,0.5,0.5,0.5,0.499999,0.499999,0.499998,0.499997,0.499994,0.499991,0.499987,0.499981,0.499973,0.499963,0.499951,0.499936,0.49992,0.499903,0.499885,0.499868,0.499852,0.499839,0.49983,0.499825,0.499825,0.49983,0.499839,0.499852,0.499868,0.499885,0.499903,0.49992,0.499936,0.499951,0.499963,0.499973,0.499981,0.499987,0.499991,0.499994,0.499997,0.499998,0.499999,0.499999,0.5,0.5,0.5,0.5,0.5,0.5,0.5,0.5,0.5,0.5,0.5,0.5
0.5,0.5,0.5,0.5,0.5,0.5,0.5,0.5,0.5,0.5,0.5,0.5,0.5,0.499999,0.499999,0.499998,0.499997,0.499996,0.499994,0.499991,0.499987,0.499983,0.499977,0.49997,0.499962,0.499954,0.499945,0.499937,0.499929,0.499923,0.499918,0.499916,0.499916,0.499918,0.499923,0.499929,0.499937,0.499945,0.499954,0.499962,0.49997,0.499977,0.499983,0.499987,0.499991,0.499994,0.499996,0.499997,0.499998,0.499999,0.499999,0.5,0.5,0.5,0.5,0.5,0.5,0.5,0.5,0.5,0.5,0.5,0.5,0.5
0.5,0.5,0.5,0.5,0.5,0.5,0.5,0.5,0.5,0.5,0.5,0.5,0.5,0.5,0.5,0.499999,0.499999,0.499998,0.499997,0.499996,0.499994,0.499992,0.499989,0.499986,0.499983,0.499979,0.499975,0.499971,0.499967,0.499964,0.499962,0.499961,0.499961,0.499962,0.499964,0.499967,0.499971,0.499975,0.499979,0.499983,0.499986,0.499989,0.499992,0.499994,0.499996,0.499997,0.499998,0.499999,0.499999,0.5,0.5,0.5,0.5,0.5,0.5,0.5,0.5,0.5,0.5,0.5,0.5,0.5,0.5,0.5
0.5,0.5,0.5,0.5,0.5,0.5,0.5,0.5,0.5,0.5,0.5,0.5,0.5,0.5,0.5,0.5,0.499999,0.499999,0.499999,0.499998,0.499997,0.499996,0.499995,0.499994,0.499992,0.49999,0.499988,0.499986,0.499985,0.499983,0.499982,0.499982,0.499982,0.499982,0.499983,0.499985,0.499986,0.499988,0.49999,0.499992,0.499994,0.499995,0.499996,0.499997,0.499998,0.499999,0.499999,0.499999,0.5,0.5,0.5,0.5,0.5,0.5,0.5,0.5,0.5,0.5,0.5,0.5,0.5,0.5,0.5,0.5
0.5,0.5,0.5,0.5,0.5,0.5,0.5,0.5,0.5,0.5,0.5,0.5,0.5,0.5,0.5,0.5,0.5,0.5,0.499999,0.499999,0.499999,0.499998,0.499997,0.499996,0.499996,0.499995,0.499993,0.499992,0.499991,0.499991,0.49999,0.49999,0.49999,0.49999,0.499991,0.499991,0.499992,0.499993,0.499995,0.499996,0.499996,0.499997,0.499998,0.499999,0.499999,0.499999,0.5,0.5,0.5,0.5,0.5,0.5,0.5,0.5,0.5,0.5,0.5,0.5,0.5,0.5,0.5,0.5,0.5,0.5
0.5,0.5,0.5,0.5,0.5,0.5,0.5,0.5,0.5,0.5,0.5,0.5,0.5,0.5,0.5,0.5,0.5,0.5,0.499999,0.499999,0.499999,0.499998,0.499997,0.499996,0.499996,0.499995,0.499993,0.499992,0.499991,0.499991,0.49999,0.49999,0.49999,0.49999,0.499991,0.499991,0.499992,0.499993,0.499995,0.499996,0.499996,0.499997,0.499998,0.499999,0.499999,0.499999,0.5,0.5,0.5,0.5,0.5,0.5,0.5,0.5,0.5,0.5,0.5,0.5,0.5,0.5,0.5,0.5,0.5,0.5
