0.5,0.5,0.5,0.5,0.5,0.5,0.5,0.5,0.5,0.5,0.5,0.499999,0.499999,0.499998,0.499996,0.499994,0.499991,0.499987,0.499982,0.499974,0.499964,0.499953,0.499939,0.499922,0.499905,0.499886,0.499867,0.499849,0.499832,0.499819,0.499809,0.499805,0.499805,0.499809,0.499819,0.499832,0.499849,0.499867,0.499886,0.499905,0.499922,0.499939,0.499953,0.499964,0.499974,0.499982,0.499987,0.499991,0.499994,0.499996,0.499998,0.499999,0.499999,0.5,0.5,0.5,0.5,0.5,0.5,0.5,0.5,0.5,0.5,0.5
0.5,0.5,0.5,0.5,0.5,0.5,0.5,0.5,0.5,0.5,0.5,0.499999,0.499999,0.499998,0.499996,0.499994,0.499991,0.499987,0.499982,0.499974,0.499964,0.499953,0.499939,0.499922,0.499905,0.499886,0.499867,0.499849,0.499832,0.499819,0.499809,0.499805,0.499805,0.499809,0.499819,0.499832,0.499849,0.499867,0.499886,0.499905,0.499922,0.499939,0.499953,0.499964,0.499974,0.499982,0.499987,0.499991,0.499994,0.499996,0.499998,0.499999,0.499999,0.5,0.5,0.5,0.5,0.5,0.5,0.5,0.5,0.5,0.5,0.5
0.5,0.5,0.5,0.5,0.5,0.5,0.5,0.5,0.5,0.5,0.499999,0.499999,0.499998,0.499996,0.499994,0.499991,0.499986,0.499979,0.49997,0.499958,0.499943,0.499925,0.499903,0.499877,0.49985,0.499821,0.499791,0.499763,0.499738,0.499718,0.499703,0.499696,0.499696,0.499703,0.499718,0.499738,0.499763,0.499791,0.499821,0.49985,0.499877,0.499903,0.499925,0.499943,0.499958,0.49997,0.499979,0.499986,0.499991,0.499994,0.499996,0.499998,0.499999,0.499999,0.5,0.5,0.5,0.5,0.5,0.5,0.5,0.5,0.5,0.5
0.5,0.5,0.5,0.5,0.5,0.5,0.5,0.5,0.5,0.499999,0.499999,0.499997,0.499996,0.499993,0.499988,0.499982,0.499973,0.49996,0.499943,0.49992,0.499891,0.499856,0.499815,0.499769,0.499717,0.499664,0.49961,0.499559,0.499513,0.499476,0.499449,0.499436,0.499436,0.499449,0.499476,0.499513,0.499559,0.49961,0.499664,0.499717,0.499769,0.499815,0.499856,0.499891,0.49992,0.499943,0.49996,0.499973,0.499982,0.499988,0.499993,0.499996,0.499997,0.499999,0.499999,0.5,0.5,0.5,0.5,0.5,0.5,0.5,0.5,0.5
0.5,0.5,0.5,0.5,0.5,0.5,0.5,0.5,0.499999,0.499998,0.499997,0.499995,0.499991,0.499985,0.499977,0.499964,0.499946,0.49992,0.499886,0.499842,0.499787,0.49972,0.499642,0.499553,0.499456,0.499355,0.499254,0.499158,0.499072,0.499003,0.498954,0.498928,0.498928,0.498954,0.499003,0.499072,0.499158,0.499254,0.499355,0.499456,0.499553,0.499642,0.49972,0.499787,0.499842,0.499886,0.49992,0.499946,0.499964,0.499977,0.499985,0.499991,0.499995,0.499997,0.499998,0.499999,0.5,0.5,0.5,0.5,0.5,0.5,0.5,0.5
0.5,0.5,0.5,0.5,0.5,0.5,0.5,0.499999,0.499998,0.499997,0.499994,0.499989,0.499982,0.499971,0.499954,0.499929,0.499894,0.499845,0.49978,0.499697,0.499593,0.499467,0.49932,0.499155,0.498975,0.498789,0.498602,0.498426,0.49827,0.498144,0.498054,0.498008,0.498008,0.498054,0.498144,0.49827,0.498426,0.498602,0.498789,0.498975,0.499155,0.49932,0.499467,0.499593,0.499697,0.49978,0.499845,0.499894,0.499929,0.499954,0.499971,0.499982,0.499989,0.499994,0.499997,0.499998,0.499999,0.5,0.5,0.5,0.5,0.5,0.5,0.5
0.5,0.5,0.5,0.5,0.5,0.5,0.499999,0.499998,0.499996,0.499993,0.499988,0.499979,0.499966,0.499944,0.499912,0.499865,0.499799,0.499708,0.499588,0.499434,0.499243,0.499014,0.498749,0.498451,0.498129,0.497796,0.497464,0.497152,0.496876,0.496653,0.496495,0.496413,0.496413,0.496495,0.496653,0.496876,0.497152,0.497464,0.497796,0.498129,0.498451,0.498749,0.499014,0.499243,0.499434,0.499588,0.499708,0.499799,0.499865,0.499912,0.499944,0.499966,0.499979,0.499988,0.499993,0.499996,0.499998,0.499999,0.5,0.5,0.5,0.5,0.5,0.5
0.5,0.5,0.5,0.5,0.5,0.499999,0.499998,0.499996,0.499993,0.499987,0.499977,0.499961,0.499935,0.499896,0.499836,0.499751,0.49963,0.499467,0.499252,0.498978,0.49864,0.498237,0.497771,0.497253,0.496696,0.496121,0.495552,0.495018,0.494547,0.494166,0.493898,0.493759,0.493759,0.493898,0.494166,0.494547,0.495018,0.495552,0.496121,0.496696,0.497253,0.497771,0.498237,0.49864,0.498978,0.499252,0.499467,0.49963,0.499751,0.499836,0.499896,0.499935,0.499961,0.499977,0.499987,0.499993,0.499996,0.499998,0.499999,0.5,0.5,0.5,0.5,0.5
0.5,0.5,0.5,0.5,0.499999,0.499998,0.499996,0.499993,0.499987,0.499976,0.499958,0.499929,0.499882,0.499811,0.499705,0.499554,0.499342,0.499057,0.498684,0.498212,0.497634,0.496948,0.496161,0.495289,0.494358,0.4934,0.492458,0.491576,0.490801,0.490175,0.489736,0.48951,0.48951,0.489736,0.490175,0.490801,0.491576,0.492458,0.4934,0.494358,0.495289,0.496161,0.496948,0.497634,0.498212,0.498684,0.499057,0.499342,0.499554,0.499705,0.499811,0.499882,0.499929,0.499958,0.499976,0.499987,0.499993,0.499996,0.499998,0.499999,0.5,0.5,0.5,0.5
0.5,0.5,0.5,0.499999,0.499998,0.499997,0.499993,0.499987,0.499976,0.499957,0.499925,0.499874,0.499792,0.499669,0.499486,0.499226,0.498866,0.498384,0.497758,0.496972,0.496015,0.494888,0.493602,0.492187,0.490682,0.489144,0.487638,0.486234,0.485004,0.484015,0.483322,0.482965,0.482965,0.483322,0.484015,0.485004,0.486234,0.487638,0.489144,0.490682,0.492187,0.493602,0.494888,0.496015,0.496972,0.497758,0.498384,0.498866,0.499226,0.499486,0.499669,0.499792,0.499874,0.499925,0.499957,0.499976,0.499987,0.499993,0.499997,0.499998,0.499999,0.5,0.5,0.5
0.5,0.5,0.499999,0.499999,0.499997,0.499994,0.499988,0.499977,0.499958,0.499925,0.499871,0.499782,0.499644,0.499436,0.499131,0.498699,0.498106,0.497317,0.496301,0.495034,0.493502,0.491711,0.489682,0.487462,0.485118,0.482734,0.480411,0.478256,0.476375,0.474867,0.473813,0.47327,0.47327,0.473813,0.474867,0.476375,0.478256,0.480411,0.482734,0.485118,0.487462,0.489682,0.491711,0.493502,0.495034,0.496301,0.497317,0.498106,0.498699,0.499131,0.499436,0.499644,0.499782,0.499871,0.499925,0.499958,0.499977,0.499988,0.499994,0.499997,0.499999,0.499999,0.5,0.5
0.499999,0.499999,0.499999,0.499997,0.499995,0.499989,0.499979,0.499961,0.499929,0.499874,0.499782,0.499636,0.499409,0.499068,0.498574,0.497879,0.496932,0.495683,0.494086,0.49211,0.489739,0.486986,0.483892,0.48053,0.477002,0.473437,0.469982,0.466793,0.464021,0.461806,0.460261,0.459467,0.459467,0.460261,0.461806,0.464021,0.466793,0.469982,0.473437,0.477002,0.48053,0.483892,0.486986,0.489739,0.49211,0.494086,0.495683,0.496932,0.497879,0.498574,0.499068,0.499409,0.499636,0.499782,0.499874,0.499929,0.499961,0.499979,0.499989,0.499995,0.499997,0.499999,0.499999,0.499999
0.499999,0.499999,0.499998,0.499996,0.499991,0.499982,0.499966,0.499935,0.499882,0.499792,0.499644,0.499409,0.499047,0.498508,0.497731,0.496647,0.495182,0.493265,0.490834,0.48785,0.484299,0.480209,0.475648,0.470728,0.465603,0.460459,0.455504,0.450954,0.447018,0.443884,0.441704,0.440586,0.440586,0.441704,0.443884,0.447018,0.450954,0.455504,0.460459,0.465603,0.470728,0.475648,0.480209,0.484299,0.48785,0.490834,0.493265,0.495182,0.496647,0.497731,0.498508,0.499047,0.499409,0.499644,0.499792,0.499882,0.499935,0.499966,0.499982,0.499991,0.499996,0.499998,0.499999,0.499999
0.499998,0.499998,0.499996,0.499993,0.499985,0.499971,0.499944,0.499896,0.499811,0.499669,0.499436,0.499068,0.498508,0.497679,0.496495,0.494855,0.492658,0.489806,0.486222,0.481858,0.476712,0.470833,0.464332,0.457377,0.450188,0.443025,0.436171,0.429915,0.424531,0.420261,0.4173,0.415784,0.415784,0.4173,0.420261,0.424531,0.429915,0.436171,0.443025,0.450188,0.457377,0.464332,0.470833,0.476712,0.481858,0.486222,0.489806,0.492658,0.494855,0.496495,0.497679,0.498508,0.499068,0.499436,0.499669,0.499811,0.499896,0.499944,0.499971,0.499985,0.499993,0.499996,0.499998,0.499998
0.499996,0.499996,0.499994,0.499988,0.499977,0.499954,0.499912,0.499836,0.499705,0.499486,0.499131,0.498574,0.497731,0.496495,0.494741,0.492335,0.489137,0.485025,0.479901,0.47372,0.466497,0.458321,0.449361,0.439859,0.43012,0.420495,0.411353,0.403063,0.395969,0.390369,0.386499,0.384522,0.384522,0.386499,0.390369,0.395969,0.403063,0.411353,0.420495,0.43012,0.439859,0.449361,0.458321,0.466497,0.47372,0.479901,0.485025,0.489137,0.492335,0.494741,0.496495,0.497731,0.498574,0.499131,0.499486,0.499705,0.499836,0.499912,0.499954,0.499977,0.499988,0.499994,0.499996,0.499996
0.499994,0.499994,0.499991,0.499982,0.499964,0.499929,0.499865,0.499751,0.499554,0.499226,0.498699,0.497879,0.496647,0.494855,0.492335,0.488905,0.48439,0.478634,0.471532,0.463045,0.453223,0.442214,0.430267,0.417718,0.404976,0.392493,0.380734,0.370151,0.361153,0.354086,0.349221,0.346741,0.346741,0.349221,0.354086,0.361153,0.370151,0.380734,0.392493,0.404976,0.417718,0.430267,0.442214,0.453223,0.463045,0.471532,0.478634,0.48439,0.488905,0.492335,0.494855,0.496647,0.497879,0.498699,0.499226,0.499554,0.499751,0.499865,0.499929,0.499964,0.499982,0.499991,0.499994,0.499994
0.499991,0.499991,0.499986,0.499973,0.499946,0.499894,0.499799,0.49963,0.499342,0.498866,0.498106,0.496932,0.495182,0.492658,0.489137,0.48439,0.478196,0.470376,0.46082,0.449518,0.436572,0.422213,0.406794,0.390768,0.374661,0.359035,0.344453,0.331438,0.320452,0.311876,0.305998,0.303011,0.303011,0.305998,0.311876,0.320452,0.331438,0.344453,0.359035,0.374661,0.390768,0.406794,0.422213,0.436572,0.449518,0.46082,0.470376,0.478196,0.48439,0.489137,0.492658,0.495182,0.496932,0.498106,0.498866,0.499342,0.49963,0.499799,0.499894,0.499946,0.499973,0.499986,0.499991,0.499991
0.499987,0.499987,0.499979,0.49996,0.49992,0.499845,0.499708,0.499467,0.499057,0.498384,0.497317,0.495683,0.493265,0.489806,0.485025,0.478634,0.470376,0.460052,0.447568,0.432956,0.416404,0.398252,0.37898,0.359178,0.3395,0.320621,0.303184,0.287771,0.274869,0.264868,0.258049,0.254595,0.254595,0.258049,0.264868,0.274869,0.287771,0.303184,0.320621,0.3395,0.359178,0.37898,0.398252,0.416404,0.432956,0.447568,0.460052,0.470376,0.478634,0.485025,0.489806,0.493265,0.495683,0.497317,0.498384,0.499057,0.499467,0.499708,0.499845,0.49992,0.49996,0.499979,0.499987,0.499987
0.499982,0.499982,0.49997,0.499943,0.499886,0.49978,0.499588,0.499252,0.498684,0.497758,0.496301,0.494086,0.490834,0.486222,0.479901,0.471532,0.46082,0.447568,0.431711,0.413362,0.392816,0.370554,0.34721,0.323525,0.300284,0.27826,0.25816,0.240588,0.226024,0.214826,0.207238,0.203409,0.203409,0.207238,0.214826,0.226024,0.240588,0.25816,0.27826,0.300284,0.323525,0.34721,0.370554,0.392816,0.413362,0.431711,0.447568,0.46082,0.471532,0.479901,0.486222,0.490834,0.494086,0.496301,0.497758,0.498684,0.499252,0.499588,0.49978,0.499886,0.499943,0.49997,0.499982,0.499982
0.499974,0.499974,0.499958,0.49992,0.499842,0.499697,0.499434,0.498978,0.498212,0.496972,0.495034,0.49211,0.48785,0.481858,0.47372,0.463045,0.449518,0.432956,0.413362,0.39095,0.366165,0.339656,0.31223,0.284786,0.258233,0.233423,0.211088,0.191814,0.176025,0.164004,0.15592,0.151861,0.151861,0.15592,0.164004,0.176025,0.191814,0.211088,0.233423,0.258233,0.284786,0.31223,0.339656,0.366165,0.39095,0.413362,0.432956,0.449518,0.463045,0.47372,0.481858,0.48785,0.49211,0.495034,0.496972,0.498212,0.498978,0.499434,0.499697,0.499842,0.49992,0.499958,0.499974,0.499974
0.499964,0.499964,0.499943,0.499891,0.499787,0.499593,0.499243,0.49864,0.497634,0.496015,0.493502,0.489739,0.484299,0.476712,0.466497,0.453223,0.436572,0.416404,0.392816,0.366165,0.337075,0.306388,0.275102,0.244268,0.214904,0.187905,0.163987,0.14366,0.127244,0.114897,0.106672,0.102565,0.102565,0.106672,0.114897,0.127244,0.14366,0.163987,0.187905,0.214904,0.244268,0.275102,0.306388,0.337075,0.366165,0.392816,0.416404,0.436572,0.453223,0.466497,0.476712,0.484299,0.489739,0.493502,0.496015,0.497634,0.49864,0.499243,0.499593,0.499787,0.499891,0.499943,0.499964,0.499964
0.499953,0.499953,0.499925,0.499856,0.49972,0.499467,0.499014,0.498237,0.496948,0.494888,0.491711,0.486986,0.480209,0.470833,0.458321,0.442214,0.422213,0.398252,0.370554,0.339656,0.306388,0.27181,0.237108,0.203481,0.172023,0.14363,0.118947,0.098359,0.0820211,0.0699218,0.0619592,0.0580153,0.0580153,0.0619592,0.0699218,0.0820211,0.098359,0.118947,0.14363,0.172023,0.203481,0.237108,0.27181,0.306388,0.339656,0.370554,0.398252,0.422213,0.442214,0.458321,0.470833,0.480209,0.486986,0.491711,0.494888,0.496948,0.498237,0.499014,0.499467,0.49972,0.499856,0.499925,0.499953,0.499953
0.499939,0.499939,0.499903,0.499815,0.499642,0.49932,0.498749,0.497771,0.496161,0.493602,0.489682,0.483892,0.475648,0.464332,0.449361,0.430267,0.406794,0.37898,0.34721,0.31223,0.275102,0.237108,0.199625,0.163973,0.131286,0.102413,0.0778756,0.057876,0.0423583,0.0310989,0.0238109,0.0202403,0.0202403,0.0238109,0.0310989,0.0423583,0.057876,0.0778756,0.102413,0.131286,0.163973,0.199625,0.237108,0.275102,0.31223,0.34721,0.37898,0.406794,0.430267,0.449361,0.464332,0.475648,0.483892,0.489682,0.493602,0.496161,0.497771,0.498749,0.49932,0.499642,0.499815,0.499903,0.499939,0.499939
0.499922,0.499922,0.499877,0.499769,0.499553,0.499155,0.498451,0.497253,0.495289,0.492187,0.487462,0.48053,0.470728,0.457377,0.439859,0.417718,0.390768,0.359178,0.323525,0.284786,0.244268,0.203481,0.163973,0.127156,0.0941638,0.0657486,0.0422571,0.0236639,0.00966267,-0.000211803,-0.00645197,-0.00945993,-0.00945993,-0.00645197,-0.000211803,0.00966267,0.0236639,0.0422571,0.0657486,0.0941638,0.127156,0.163973,0.203481,0.244268,0.284786,0.323525,0.359178,0.390768,0.417718,0.439859,0.457377,0.470728,0.48053,0.487462,0.492187,0.495289,0.497253,0.498451,0.499155,0.499553,0.499769,0.499877,0.499922,0.499922
0.499905,0.499905,0.49985,0.499717,0.499456,0.498975,0.498129,0.496696,0.494358,0.490682,0.485118,0.477002,0.465603,0.450188,0.43012,0.404976,0.374661,0.3395,0.300284,0.258233,0.214904,0.172023,0.131286,0.0941638,0.061745,0.0346438,0.0129909,-0.00350042,-0.0154113,-0.0234633,-0.0283618,-0.0306599,-0.0306599,-0.0283618,-0.0234633,-0.0154113,-0.00350042,0.0129909,0.0346438,0.061745,0.0941638,0.131286,0.172023,0.214904,0.258233,0.300284,0.3395,0.374661,0.404976,0.43012,0.450188,0.465603,0.477002,0.485118,0.490682,0.494358,0.496696,0.498129,0.498975,0.499456,0.499717,0.49985,0.499905,0.499905
0.499886,0.499886,0.499821,0.499664,0.499355,0.498789,0.497796,0.496121,0.4934,0.489144,0.482734,0.473437,0.460459,0.443025,0.420495,0.392493,0.359035,0.320621,0.27826,0.233423,0.187905,0.14363,0.102413,0.0657486,0.0346438,0.0095396,-0.00967493,-0.0235651,-0.0329937,-0.0389379,-0.0423102,-0.0438083,-0.0438083,-0.0423102,-0.0389379,-0.0329937,-0.0235651,-0.00967493,0.0095396,0.0346438,0.0657486,0.102413,0.14363,0.187905,0.233423,0.27826,0.320621,0.359035,0.392493,0.420495,0.443025,0.460459,0.473437,0.482734,0.489144,0.4934,0.496121,0.497796,0.498789,0.499355,0.499664,0.499821,0.499886,0.499886
0.499867,0.499867,0.499791,0.49961,0.499254,0.498602,0.497464,0.495552,0.492458,0.487638,0.480411,0.469982,0.455504,0.436171,0.411353,0.380734,0.344453,0.303184,0.25816,0.211088,0.163987,0.118947,0.0778756,0.0422571,0.0129909,-0.00967493,-0.0261027,-0.0371352,-0.0439066,-0.047634,-0.0494199,-0.0500919,-0.0500919,-0.0494199,-0.047634,-0.0439066,-0.0371352,-0.0261027,-0.00967493,0.0129909,0.0422571,0.0778756,0.118947,0.163987,0.211088,0.25816,0.303184,0.344453,0.380734,0.411353,0.436171,0.455504,0.469982,0.480411,0.487638,0.492458,0.495552,0.497464,0.498602,0.499254,0.49961,0.499791,0.499867,0.499867
0.499849,0.499849,0.499763,0.499559,0.499158,0.498426,0.497152,0.495018,0.491576,0.486234,0.478256,0.466793,0.450954,0.429915,0.403063,0.370151,0.331438,0.287771,0.240588,0.191814,0.14366,0.098359,0.057876,0.0236639,-0.00350042,-0.0235651,-0.0371352,-0.045312,-0.0494761,-0.0510563,-0.0513189,-0.0512019,-0.0512019,-0.0513189,-0.0510563,-0.0494761,-0.045312,-0.0371352,-0.0235651,-0.00350042,0.0236639,0.057876,0.098359,0.14366,0.191814,0.240588,0.287771,0.331438,0.370151,0.403063,0.429915,0.450954,0.466793,0.478256,0.486234,0.491576,0.495018,0.497152,0.498426,0.499158,0.499559,0.499763,0.499849,0.499849
0.499832,0.499832,0.499738,0.499513,0.499072,0.49827,0.496876,0.494547,0.490801,0.485004,0.476375,0.464021,0.447018,0.424531,0.395969,0.361153,0.320452,0.274869,0.226024,0.176025,0.127244,0.0820211,0.0423583,0.00966267,-0.0154113,-0.0329937,-0.0439066,-0.0494761,-0.0512913,-0.0509558,-0.0498689,-0.0490556,-0.0490556,-0.0498689,-0.0509558,-0.0512913,-0.0494761,-0.0439066,-0.0329937,-0.0154113,0.00966267,0.0423583,0.0820211,0.127244,0.176025,0.226024,0.274869,0.320452,0.361153,0.395969,0.424531,0.447018,0.464021,0.476375,0.485004,0.490801,0.494547,0.496876,0.49827,0.499072,0.499513,0.499738,0.499832,0.499832
0.499819,0.499819,0.499718,0.499476,0.499003,0.498144,0.496653,0.494166,0.490175,0.484015,0.474867,0.461806,0.443884,0.420261,0.390369,0.354086,0.311876,0.264868,0.214826,0.164004,0.114897,0.0699218,0.0310989,-0.000211803,-0.0234633,-0.0389379,-0.047634,-0.0510563,-0.0509558,-0.0490699,-0.0468962,-0.045524,-0.045524,-0.0468962,-0.0490699,-0.0509558,-0.0510563,-0.047634,-0.0389379,-0.0234633,-0.000211803,0.0310989,0.0699218,0.114897,0.164004,0.214826,0.264868,0.311876,0.354086,0.390369,0.420261,0.443884,0.461806,0.474867,0.484015,0.490175,0.494166,0.496653,0.498144,0.499003,0.499476,0.499718,0.499819,0.499819
0.499809,0.499809,0.499703,0.499449,0.498954,0.498054,0.496495,0.493898,0.489736,0.483322,0.473813,0.460261,0.441704,0.4173,0.386499,0.349221,0.305998,0.258049,0.207238,0.15592,0.106672,0.0619592,0.0238109,-0.00645197,-0.0283618,-0.0423102,-0.0494199,-0.0513189,-0.0498689,-0.0468962,-0.0439639,-0.0422025,-0.0422025,-0.0439639,-0.0468962,-0.0498689,-0.0513189,-0.0494199,-0.0423102,-0.0283618,-0.00645197,0.0238109,0.0619592,0.106672,0.15592,0.207238,0.258049,0.305998,0.349221,0.386499,0.4173,0.441704,0.460261,0.473813,0.483322,0.489736,0.493898,0.496495,0.498054,0.498954,0.499449,0.499703,0.499809,0.499809
0.499805,0.499805,0.499696,0.499436,0.498928,0.498008,0.496413,0.493759,0.48951,0.482965,0.47327,0.459467,0.440586,0.415784,0.384522,0.346741,0.303011,0.254595,0.203409,0.151861,0.102565,0.0580153,0.0202403,-0.00945993,-0.0306599,-0.0438083,-0.0500919,-0.0512019,-0.0490556,-0.045524,-0.0422025,-0.0402416,-0.0402416,-0.0422025,-0.045524,-0.0490556,-0.0512019,-0.0500919,-0.0438083,-0.0306599,-0.00945993,0.0202403,0.0580153,0.102565,0.151861,0.203409,0.254595,0.303011,0.346741,0.384522,0.415784,0.440586,0.459467,0.47327,0.482965,0.48951,0.493759,0.496413,0.498008,0.498928,0.499436,0.499696,0.499805,0.499805
0.499805,0.499805,0.499696,0.499436,0.498928,0.498008,0.496413,0.493759,0.48951,0.482965,0.47327,0.459467,0.440586,0.415784,0.384522,0.346741,0.303011,0.254595,0.203409,0.151861,0.102565,0.0580153,0.0202403,-0.00945993,-0.0306599,-0.0438083,-0.0500919,-0.0512019,-0.0490556,-0.045524,-0.0422025,-0.0402416,-0.0402416,-0.0422025,-0.045524,-0.0490556,-0.0512019,-0.0500919,-0.0438083,-0.0306599,-0.00945993,0.0202403,0.0580153,0.102565,0.151861,0.203409,0.254595,0.303011,0.346741,0.384522,0.415784,0.440586,0.459467,0.47327,0.482965,0.48951,0.493759,0.496413,0.498008,0.498928,0.499436,0.499696,0.499805,0.499805
0.499809,0.499809,0.499703,0.499449,0.498954,0.498054,0.496495,0.493898,0.489736,0.483322,0.473813,0.460261,0.441704,0.4173,0.386499,0.349221,0.305998,0.258049,0.207238,0.15592,0.106672,0.0619592,0.0238109,-0.00645197,-0.0283618,-0.0423102,-0.0494199,-0.0513189,-0.0498689,-0.0468962,-0.0439639,-0.0422025,-0.0422025,-0.0439639,-0.0468962,-0.0498689,-0.0513189,-0.0494199,-0.0423102,-0.0283618,-0.00645197,0.0238109,0.0619592,0.106672,0.15592,0.207238,0.258049,0.305998,0.349221,0.386499,0.4173,0.441704,0.460261,0.473813,0.483322,0.489736,0.493898,0.496495,0.498054,0.498954,0.499449,0.499703,0.499809,0.499809
0.499819,0.499819,0.499718,0.499476,0.499003,0.498144,0.496653,0.494166,0.490175,0.484015,0.474867,0.461806,0.443884,0.420261,0.390369,0.354086,0.311876,0.264868,0.214826,0.164004,0.114897,0.0699218,0.0310989,-0.000211803,-0.0234633,-0.0389379,-0.047634,-0.0510563,-0.0509558,-0.0490699,-0.0468962,-0.045524,-0.045524,-0.0468962,-0.0490699,-0.0509558,-0.0510563,-0.047634,-0.0389379,-0.0234633,-0.000211803,0.0310989,0.0699218,0.114897,0.164004,0.214826,0.264868,0.311876,0.354086,0.390369,0.420261,0.443884,0.461806,0.474867,0.484015,0.490175,0.494166,0.496653,0.498144,0.499003,0.499476,0.499718,0.499819,0.499819
0.499832,0.499832,0.499738,0.499513,0.499072,0.49827,0.496876,0.494547,0.490801,0.485004,0.476375,0.464021,0.447018,0.424531,0.395969,0.361153,0.320452,0.274869,0.226024,0.176025,0.127244,0.0820211,0.0423583,0.00966267,-0.0154113,-0.0329937,-0.0439066,-0.0494761,-0.0512913,-0.0509558,-0.0498689,-0.0490556,-0.0490556,-0.0498689,-0.0509558,-0.0512913,-0.0494761,-0.0439066,-0.0329937,-0.0154113,0.00966267,0.0423583,0.0820211,0.127244,0.176025,0.226024,0.274869,0.320452,0.361153,0.395969,0.424531,0.447018,0.464021,0.476375,0.485004,0.490801,0.494547,0.496876,0.49827,0.499072,0.499513,0.499738,0.499832,0.499832
0.499849,0.499849,0.499763,0.499559,0.499158,0.498426,0.497152,0.495018,0.491576,0.486234,0.478256,0.466793,0.450954,0.429915,0.403063,0.370151,0.331438,0.287771,0.240588,0.191814,0.14366,0.098359,0.057876,0.0236639,-0.00350042,-0.0235651,-0.0371352,-0.045312,-0.0494761,-0.0510563,-0.0513189,-0.0512019,-0.0512019,-0.0513189,-0.0510563,-0.0494761,-0.045312,-0.0371352,-0.0235651,-0.00350042,0.0236639,0.057876,0.098359,0.14366,0.191814,0.240588,0.287771,0.331438,0.370151,0.403063,0.429915,0.450954,0.466793,0.478256,0.486234,0.491576,0.495018,0.497152,0.498426,0.499158,0.499559,0.499763,0.499849,0.499849
0.499867,0.499867,0.499791,0.49961,0.499254,0.498602,0.497464,0.495552,0.492458,0.487638,0.480411,0.469982,0.455504,0.436171,0.411353,0.380734,0.344453,0.303184,0.25816,0.211088,0.163987,0.118947,0.0778756,0.0422571,0.0129909,-0.00967493,-0.0261027,-0.0371352,-0.0439066,-0.047634,-0.0494199,-0.0500919,-0.0500919,-0.0494199,-0.047634,-0.0439066,-0.0371352,-0.0261027,-0.00967493,0.0129909,0.0422571,0.0778756,0.118947,0.163987,0.211088,0.25816,0.303184,0.344453,0.380734,0.411353,0.436171,0.455504,0.469982,0.480411,0.487638,0.492458,0.495552,0.497464,0.498602,0.499254,0.49961,0.499791,0.499867,0.499867
0.499886,0.499886,0.499821,0.499664,0.499355,0.498789,0.497796,0.496121,0.4934,0.489144,0.482734,0.473437,0.460459,0.443025,0.420495,0.392493,0.359035,0.320621,0.27826,0.233423,0.187905,0.14363,0.102413,0.0657486,0.0346438,0.0095396,-0.00967493,-0.0235651,-0.0329937,-0.0389379,-0.0423102,-0.0438083,-0.0438083,-0.0423102,-0.0389379,-0.0329937,-0.0235651,-0.00967493,0.0095396,0.0346438,0.0657486,0.102413,0.14363,0.187905,0.233423,0.27826,0.320621,0.359035,0.392493,0.420495,0.443025,0.460459,0.473437,0.482734,0.489144,0.4934,0.496121,0.497796,0.498789,0.499355,0.499664,0.499821,0.499886,0.499886
0.499905,0.499905,0.49985,0.499717,0.499456,0.498975,0.498129,0.496696,0.494358,0.490682,0.485118,0.477002,0.465603,0.450188,0.43012,0.404976,0.374661,0.3395,0.300284,0.258233,0.214904,0.172023,0.131286,0.0941638,0.061745,0.0346438,0.0129909,-0.00350042,-0.0154113,-0.0234633,-0.0283618,-0.0306599,-0.0306599,-0.0283618,-0.0234633,-0.0154113,-0.00350042,0.0129909,0.0346438,0.061745,0.0941638,0.131286,0.172023,0.214904,0.258233,0.300284,0.3395,0.374661,0.404976,0.43012,0.450188,0.465603,0.477002,0.485118,0.490682,0.494358,0.496696,0.498129,0.498975,0.499456,0.499717,0.49985,0.499905,0.499905
0.499922,0.499922,0.499877,0.499769,0.499553,0.499155,0.498451,0.497253,0.495289,0.492187,0.487462,0.48053,0.470728,0.457377,0.439859,0.417718,0.390768,0.359178,0.323525,0.284786,0.244268,0.203481,0.163973,0.127156,0.0941638,0.0657486,0.0422571,0.0236639,0.00966267,-0.000211803,-0.00645197,-0.00945993,-0.00945993,-0.00645197,-0.000211803,0.00966267,0.0236639,0.0422571,0.0657486,0.0941638,0.127156,0.163973,0.203481,0.244268,0.284786,0.323525,0.359178,0.390768,0.417718,0.439859,0.457377,0.470728,0.48053,0.487462,0.492187,0.495289,0.497253,0.498451,0.499155,0.499553,0.499769,0.499877,0.499922,0.499922
0.499939,0.499939,0.499903,0.499815,0.499642,0.49932,0.498749,0.497771,0.496161,0.493602,0.489682,0.483892,0.475648,0.464332,0.449361,0.430267,0.406794,0.37898,0.34721,0.31223,0.275102,0.237108,0.199625,0.163973,0.131286,0.102413,0.0778756,0.057876,0.0423583,0.0310989,0.0238109,0.0202403,0.0202403,0.0238109,0.0310989,0.0423583,0.057876,0.0778756,0.102413,0.131286,0.163973,0.199625,0.237108,0.275102,0.31223,0.34721,0.37898,0.406794,0.430267,0.449361,0.464332,0.475648,0.483892,0.489682,0.493602,0.496161,0.497771,0.498749,0.49932,0.499642,0.499815,0.499903,0.499939,0.499939
0.499953,0.499953,0.499925,0.499856,0.49972,0.499467,0.499014,0.498237,0.496948,0.494888,0.491711,0.486986,0.480209,0.470833,0.458321,0.442214,0.422213,0.398252,0.370554,0.339656,0.306388,0.27181,0.237108,0.203481,0.172023,0.14363,0.118947,0.098359,0.0820211,0.0699218,0.0619592,0.0580153,0.0580153,0.0619592,0.0699218,0.0820211,0.098359,0.118947,0.14363,0.172023,0.203481,0.237108,0.27181,0.306388,0.339656,0.370554,0.398252,0.422213,0.442214,0.458321,0.470833,0.480209,0.486986,0.491711,0.494888,0.496948,0.498237,0.499014,0.499467,0.49972,0.499856,0.499925,0.499953,0.499953
0.499964,0.499964,0.499943,0.499891,0.499787,0.499593,0.499243,0.49864,0.497634,0.496015,0.493502,0.489739,0.484299,0.476712,0.466497,0.453223,0.436572,0.416404,0.392816,0.366165,0.337075,0.306388,0.275102,0.244268,0.214904,0.187905,0.163987,0.14366,0.127244,0.114897,0.106672,0.102565,0.102565,0.106672,0.114897,0.127244,0.14366,0.163987,0.187905,0.214904,0.244268,0.275102,0.306388,0.337075,0.366165,0.392816,0.416404,0.436572,0.453223,0.466497,0.476712,0.484299,0.489739,0.493502,0.496015,0.497634,0.49864,0.499243,0.499593,0.499787,0.499891,0.499943,0.499964,0.499964
0.499974,0.499974,0.499958,0.49992,0.499842,0.499697,0.499434,0.498978,0.498212,0.496972,0.495034,0.49211,0.48785,0.481858,0.47372,0.463045,0.449518,0.432956,0.413362,0.39095,0.366165,0.339656,0.31223,0.284786,0.258233,0.233423,0.211088,0.191814,0.176025,0.164004,0.15592,0.151861,0.151861,0.15592,0.164004,0.176025,0.191814,0.211088,0.233423,0.258233,0.284786,0.31223,0.339656,0.366165,0.39095,0.413362,0.432956,0.449518,0.463045,0.47372,0.481858,0.48785,0.49211,0.495034,0.496972,0.498212,0.498978,0.499434,0.499697,0.499842,0.49992,0.499958,0.499974,0.499974
0.499982,0.499982,0.49997,0.499943,0.499886,0.49978,0.499588,0.499252,0.498684,0.497758,0.496301,0.494086,0.490834,0.486222,0.479901,0.471532,0.46082,0.447568,0.431711,0.413362,0.392816,0.370554,0.34721,0.323525,0.300284,0.27826,0.25816,0.240588,0.226024,0.214826,0.207238,0.203409,0.203409,0.207238,0.214826,0.226024,0.240588,0.25816,0.27826,0.300284,0.323525,0.34721,0.370554,0.392816,0.413362,0.431711,0.447568,0.46082,0.471532,0.479901,0.486222,0.490834,0.494086,0.496301,0.497758,0.498684,0.499252,0.499588,0.49978,0.499886,0.499943,0.49997,0.499982,0.499982
0.499987,0.499987,0.499979,0.49996,0.49992,0.499845,0.499708,0.499467,0.499057,0.498384,0.497317,0.495683,0.493265,0.489806,0.485025,0.478634,0.470376,0.460052,0.447568,0.432956,0.416404,0.398252,0.37898,0.359178,0.3395,0.320621,0.303184,0.287771,0.274869,0.264868,0.258049,0.254595,0.254595,0.258049,0.264868,0.274869,0.287771,0.303184,0.320621,0.3395,0.359178,0.37898,0.398252,0.416404,0.432956,0.447568,0.460052,0.470376,0.478634,0.485025,0.489806,0.493265,0.495683,0.497317,0.498384,0.499057,0.499467,0.499708,0.499845,0.49992,0.49996,0.499979,0.499987,0.499987
0.499991,0.499991,0.499986,0.499973,0.499946,0.499894,0.499799,0.49963,0.499342,0.498866,0.498106,0.496932,0.495182,0.492658,0.489137,0.48439,0.478196,0.470376,0.46082,0.449518,0.436572,0.422213,0.406794,0.390768,0.374661,0.359035,0.344453,0.331438,0.320452,0.311876,0.305998,0.303011,0.303011,0.305998,0.311876,0.320452,0.331438,0.344453,0.359035,0.374661,0.390768,0.406794,0.422213,0.436572,0.449518,0.46082,0.470376,0.478196,0.48439,0.489137,0.492658,0.495182,0.496932,0.498106,0.498866,0.499342,0.49963,0.499799,0.499894,0.499946,0.499973,0.499986,0.499991,0.499991
0.499994,0.499994,0.499991,0.499982,0.499964,0.499929,0.499865,0.499751,0.499554,0.499226,0.498699,0.497879,0.496647,0.494855,0.492335,0.488905,0.48439,0.478634,0.471532,0.463045,0.453223,0.442214,0.430267,0.417718,0.404976,0.392493,0.380734,0.370151,0.361153,0.354086,0.349221,0.346741,0.346741,0.349221,0.354086,0.361153,0.370151,0.380734,0.392493,0.404976,0.417718,0.430267,0.442214,0.453223,0.463045,0.471532,0.478634,0.48439,0.488905,0.492335,0.494855,0.496647,0.497879,0.498699,0.499226,0.499554,0.499751,0.499865,0.499929,0.499964,0.499982,0.499991,0.499994,0.499994
0.499996,0.499996,0.499994,0.499988,0.499977,0.499954,0.499912,0.499836,0.499705,0.499486,0.499131,0.498574,0.497731,0.496495,0.494741,0.492335,0.489137,0.485025,0.479901,0.47372,0.466497,0.458321,0.449361,0.439859,0.43012,0.420495,0.411353,0.403063,0.395969,0.390369,0.386499,0.384522,0.384522,0.386499,0.390369,0.395969,0.403063,0.411353,0.420495,0.43012,0.439859,0.449361,0.458321,0.466497,0.47372,0.479901,0.485025,0.489137,0.492335,0.494741,0.496495,0.497731,0.498574,0.499131,0.499486,0.499705,0.499836,0.499912,0.499954,0.499977,0.499988,0.499994,0.499996,0.499996
0.499998,0.499998,0.499996,0.499993,0.499985,0.499971,0.499944,0.499896,0.499811,0.499669,0.499436,0.499068,0.498508,0.497679,0.496495,0.494855,0.492658,0.489806,0.486222,0.481858,0.476712,0.470833,0.464332,0.457377,0.450188,0.443025,0.436171,0.429915,0.424531,0.420261,0.4173,0.415784,0.415784,0.4173,0.420261,0.424531,0.429915,0.436171,0.443025,0.450188,0.457377,0.464332,0.470833,0.476712,0.481858,0.486222,0.489806,0.492658,0.494855,0.496495,0.497679,0.498508,0.499068,0.499436,0.499669,0.499811,0.499896,0.499944,0.499971,0.499985,0.499993,0.499996,0.499998,0.499998
0.499999,0.499999,0.499998,0.499996,0.499991,0.499982,0.499966,0.499935,0.499882,0.499792,0.499644,0.499409,0.499047,0.498508,0.497731,0.496647,0.495182,0.493265,0.490834,0.48785,0.484299,0.480209,0.475648,0.470728,0.465603,0.460459,0.455504,0.450954,0.447018,0.443884,0.441704,0.440586,0.440586,0.441704,0.443884,0.447018,0.450954,0.455504,0.460459,0.465603,0.470728,0.475648,0.480209,0.484299,0.48785,0.490834,0.493265,0.495182,0.496647,0.497731,0.498508,0.499047,0.499409,0.499644,0.499792,0.499882,0.499935,0.499966,0.499982,0.499991,0.499996,0.499998,0.499999,0.499999
0.499999,0.499999,0.499999,0.499997,0.499995,0.499989,0.499979,0.499961,0.499929,0.499874,0.499782,0.499636,0.499409,0.499068,0.498574,0.497879,0.496932,0.495683,0.494086,0.49211,0.489739,0.486986,0.483892,0.48053,0.477002,0.473437,0.469982,0.466793,0.464021,0.461806,0.460261,0.459467,0.459467,0.460261,0.461806,0.464021,0.466793,0.469982,0.473437,0.477002,0.48053,0.483892,0.486986,0.489739,0.49211,0.494086,0.495683,0.496932,0.497879,0.498574,0.499068,0.499409,0.499636,0.499782,0.499874,0.499929,0.499961,0.499979,0.499989,0.499995,0.499997,0.499999,0.499999,0.499999
0.5,0.5,0.499999,0.499999,0.499997,0.499994,0.499988,0.499977,0.499958,0.499925,0.499871,0.499782,0.499644,0.499436,0.499131,0.498699,0.498106,0.497317,0.496301,0.495034,0.493502,0.491711,0.489682,0.487462,0.485118,0.482734,0.480411,0.478256,0.476375,0.474867,0.473813,0.47327,0.47327,0.473813,0.474867,0.476375,0.478256,0.480411,0.482734,0.485118,0.487462,0.489682,0.491711,0.493502,0.495034,0.496301,0.497317,0.498106,0.498699,0.499131,0.499436,0.499644,0.499782,0.499871,0.499925,0.499958,0.499977,0.499988,0.499994,0.499997,0.499999,0.499999,0.5,0.5
0.5,0.5,0.5,0.499999,0.499998,0.499997,0.499993,0.499987,0.499976,0.499957,0.499925,0.499874,0.499792,0.499669,0.499486,0.499226,0.498866,0.498384,0.497758,0.496972,0.496015,0.494888,0.493602,0.492187,0.490682,0.489144,0.487638,0.486234,0.485004,0.484015,0.483322,0.482965,0.482965,0.483322,0.484015,0.485004,0.486234,0.487638,0.489144,0.490682,0.492187,0.493602,0.494888,0.496015,0.496972,0.497758,0.498384,0.498866,0.499226,0.499486,0.499669,0.499792,0.499874,0.499925,0.499957,0.499976,0.499987,0.499993,0.499997,0.499998,0.499999,0.5,0.5,0.5
0.5,0.5,0.5,0.5,0.499999,0.499998,0.499996,0.499993,0.499987,0.499976,0.499958,0.499929,0.499882,0.499811,0.499705,0.499554,0.499342,0.499057,0.498684,0.498212,0.497634,0.496948,0.496161,0.495289,0.494358,0.4934,0.492458,0.491576,0.490801,0.490175,0.489736,0.48951,0.48951,0.489736,0.490175,0.490801,0.491576,0.492458,0.4934,0.494358,0.495289,0.496161,0.496948,0.497634,0.498212,0.498684,0.499057,0.499342,0.499554,0.499705,0.499811,0.499882,0.499929,0.499958,0.499976,0.499987,0.499993,0.499996,0.499998,0.499999,0.5,0.5,0.5,0.5
0.5,0.5,0.5,0.5,0.5,0.499999,0.499998,0.499996,0.499993,0.499987,0.499977,0.499961,0.499935,0.499896,0.499836,0.499751,0.49963,0.499467,0.499252,0.498978,0.49864,0.498237,0.497771,0.497253,0.496696,0.496121,0.495552,0.495018,0.494547,0.494166,0.493898,0.493759,0.493759,0.493898,0.494166,0.494547,0.495018,0.495552,0.496121,0.496696,0.497253,0.497771,0.498237,0.49864,0.498978,0.499252,0.499467,0.49963,0.499751,0.499836,0.499896,0.499935,0.499961,0.499977,0.499987,0.499993,0.499996,0.499998,0.499999,0.5,0.5,0.5,0.5,0.5
0.5,0.5,0.5,0.5,0.5,0.5,0.499999,0.499998,0.499996,0.499993,0.499988,0.499979,0.499966,0.499944,0.499912,0.499865,0.499799,0.499708,0.499588,0.499434,0.499243,0.499014,0.498749,0.498451,0.498129,0.497796,0.497464,0.497152,0.496876,0.496653,0.496495,0.496413,0.496413,0.496495,0.496653,0.496876,0.497152,0.497464,0.497796,0.498129,0.498451,0.498749,0.499014,0.499243,0.499434,0.499588,0.499708,0.499799,0.499865,0.499912,0.499944,0.499966,0.499979,0.499988,0.499993,0.499996,0.499998,0.499999,0.5,0.5,0.5,0.5,0.5,0.5
0.5,0.5,0.5,0.5,0.5,0.5,0.5,0.499999,0.499998,0.499997,0.499994,0.499989,0.499982,0.499971,0.499954,0.499929,0.499894,0.499845,0.49978,0.499697,0.499593,0.499467,0.49932,0.499155,0.498975,0.498789,0.498602,0.498426,0.49827,0.498144,0.498054,0.498008,0.498008,0.498054,0.498144,0.49827,0.498426,0.498602,0.498789,0.498975,0.499155,0.49932,0.499467,0.499593,0.499697,0.49978,0.499845,0.499894,0.499929,0.499954,0.499971,0.499982,0.499989,0.499994,0.499997,0.499998,0.499999,0.5,0.5,0.5,0.5,0.5,0.5,0.5
0.5,0.5,0.5,0.5,0.5,0.5,0.5,0.5,0.499999,0.499998,0.499997,0.499995,0.499991,0.499985,0.499977,0.499964,0.499946,0.49992,0.499886,0.499842,0.499787,0.49972,0.499642,0.499553,0.499456,0.499355,0.499254,0.499158,0.499072,0.499003,0.498954,0.498928,0.498928,0.498954,0.499003,0.499072,0.499158,0.499254,0.499355,0.499456,0.499553,0.499642,0.49972,0.499787,0.499842,0.499886,0.49992,0.499946,0.499964,0.499977,0.499985,0.499991,0.499995,0.499997,0.499998,0.499999,0.5,0.5,0.5,0.5,0.5,0.5,0.5,0.5
0.5,0.5,0.5,0.5,0.5,0.5,0.5,0.5,0.5,0.499999,0.499999,0.499997,0.499996,0.499993,0.499988,0.499982,0.499973,0.49996,0.499943,0.49992,0.499891,0.499856,0.499815,0.499769,0.499717,0.499664,0.49961,0.499559,0.499513,0.499476,0.499449,0.499436,0.499436,0.499449,0.499476,0.499513,0.499559,0.49961,0.499664,0.499717,0.499769,0.499815,0.499856,0.499891,0.49992,0.499943,0.49996,0.499973,0.499982,0.499988,0.499993,0.499996,0.499997,0.499999,0.499999,0.5,0.5,0.5,0.5,0.5,0.5,0.5,0.5,0.5
0.5,0.5,0.5,0.5,0.5,0.5,0.5,0.5,0.5,0.5,0.499999,0.499999,0.499998,0.499996,0.499994,0.499991,0.499986,0.499979,0.49997,0.499958,0.499943,0.499925,0.499903,0.499877,0.49985,0.499821,0.499791,0.499763,0.499738,0.499718,0.499703,0.499696,0.499696,0.499703,0.499718,0.499738,0.499763,0.499791,0.499821,0.49985,0.499877,0.499903,0.499925,0.499943,0.499958,0.49997,0.499979,0.499986,0.499991,0.499994,0.499996,0.499998,0.499999,0.499999,0.5,0.5,0.5,0.5,0.5,0.5,0.5,0.5,0.5,0.5
0.5,0.5,0.5,0.5,0.5,0.5,0.5,0.5,0.5,0.5,0.5,0.499999,0.499999,0.499998,0.499996,0.499994,0.499991,0.499987,0.499982,0.499974,0.499964,0.499953,0.499939,0.499922,0.499905,0.499886,0.499867,0.499849,0.499832,0.499819,0.499809,0.499805,0.499805,0.499809,0.499819,0.499832,0.499849,0.499867,0.499886,0.499905,0.499922,0.499939,0.499953,0.499964,0.499974,0.499982,0.499987,0.499991,0.499994,0.499996,0.499998,0.499999,0.499999,0.5,0.5,0.5,0.5,0.5,0.5,0.5,0.5,0.5,0.5,0.5
0.5,0.5,0.5,0.5,0.5,0.5,0.5,0.5,0.5,0.5,0.5,0.499999,0.499999,0.499998,0.499996,0.499994,0.499991,0.499987,0.499982,0.499974,0.499964,0.499953,0.499939,0.499922,0.499905,0.499886,0.499867,0.499849,0.499832,0.499819,0.499809,0.499805,0.499805,0.499809,0.499819,0.499832,0.499849,0.499867,0.499886,0.499905,0.499922,0.499939,0.499953,0.499964,0.499974,0.499982,0.499987,0.499991,0.499994,0.499996,0.499998,0.499999,0.499999,0.5,0.5,0.5,0.5,0.5,0.5,0.5,0.5,0.5,0.5,0.5
