0.5,0.5,0.5,0.5,0.5,0.5,0.5,0.5,0.5,0.5,0.5,0.5,0.5,0.5,0.5,0.5,0.5,0.5,0.5,0.5,0.5,0.5,0.5,0.5,0.499999,0.499999,0.499999,0.499999,0.499999,0.499999,0.499998,0.499998,0.499998,0.499998,0.499999,0.499999,0.499999,0.499999,0.499999,0.499999,0.5,0.5,0.5,0.5,0.5,0.5,0.5,0.5,0.5,0.5,0.5,0.5,0.5,0.5,0.5,0.5,0.5,0.5,0.5,0.5,0.5,0.5,0.5,0.5
0.5,0.5,0.5,0.5,0.5,0.5,0.5,0.5,0.5,0.5,0.5,0.5,0.5,0.5,0.5,0.5,0.5,0.5,0.5,0.5,0.5,0.5,0.5,0.5,0.499999,0.499999,0.499999,0.499999,0.499999,0.499999,0.499998,0.499998,0.499998,0.499998,0.499999,0.499999,0.499999,0.499999,0.499999,0.499999,0.5,0.5,0.5,0.5,0.5,0.5,0.5,0.5,0.5,0.5,0.5,0.5,0.5,0.5,0.5,0.5,0.5,0.5,0.5,0.5,0.5,0.5,0.5,0.5
0.5,0.5,0.5,0.5,0.5,0.5,0.5,0.5,0.5,0.5,0.5,0.5,0.5,0.5,0.5,0.5,0.5,0.5,0.5,0.5,0.5,0.499999,0.499999,0.499999,0.499999,0.499998,0.499998,0.499998,0.499997,0.499997,0.499997,0.499997,0.499997,0.499997,0.499997,0.499997,0.499998,0.499998,0.499998,0.499999,0.499999,0.499999,0.499999,0.5,0.5,0.5,0.5,0.5,0.5,0.5,0.5,0.5,0.5,0.5,0.5,0.5,0.5,0.5,0.5,0.5,0.5,0.5,0.5,0.5
0.5,0.5,0.5,0.5,0.5,0.5,0.5,0.5,0.5,0.5,0.5,0.5,0.5,0.5,0.5,0.5,0.5,0.5,0.5,0.499999,0.499999,0.499999,0.499998,0.499998,0.499997,0.499996,0.499995,0.499995,0.499994,0.499993,0.499993,0.499993,0.499993,0.499993,0.499993,0.499994,0.499995,0.499995,0.499996,0.499997,0.499998,0.499998,0.499999,0.499999,0.499999,0.5,0.5,0.5,0.5,0.5,0.5,0.5,0.5,0.5,0.5,0.5,0.5,0.5,0.5,0.5,0.5,0.5,0.5,0.5
0.5,0.5,0.5,0.5,0.5,0.5,0.5,0.5,0.5,0.5,0.5,0.5,0.5,0.5,0.5,0.5,0.5,0.499999,0.499999,0.499999,0.499998,0.499997,0.499996,0.499994,0.499993,0.499991,0.499989,0.499987,0.499986,0.499984,0.499983,0.499983,0.499983,0.499983,0.499984,0.499986,0.499987,0.499989,0.499991,0.499993,0.499994,0.499996,0.499997,0.499998,0.499999,0.499999,0.499999,0.5,0.5,0.5,0.5,0.5,0.5,0.5,0.5,0.5,0.5,0.5,0.5,0.5,0.5,0.5,0.5,0.5
0.5,0.5,0.5,0.5,0.5,0.5,0.5,0.5,0.5,0.5,0.5,0.5,0.5,0.5,0.5,0.499999,0.499999,0.499999,0.499998,0.499997,0.499995,0.499993,0.49999,0.499987,0.499983,0.499979,0.499975,0.499971,0.499967,0.499963,0.499961,0.49996,0.49996,0.499961,0.499963,0.499967,0.499971,0.499975,0.499979,0.499983,0.499987,0.49999,0.499993,0.499995,0.499997,0.499998,0.499999,0.499999,0.499999,0.5,0.5,0.5,0.5,0.5,0.5,0.5,0.5,0.5,0.5,0.5,0.5,0.5,0.5,0.5
0.5,0.5,0.5,0.5,0.5,0.5,0.5,0.5,0.5,0.5,0.5,0.5,0.5,0.5,0.499999,0.499999,0.499998,0.499997,0.499995,0.499992,0.499989,0.499984,0.499978,0.499971,0.499963,0.499954,0.499944,0.499935,0.499926,0.499919,0.499913,0.49991,0.49991,0.499913,0.499919,0.499926,0.499935,0.499944,0.499954,0.499963,0.499971,0.499978,0.499984,0.499989,0.499992,0.499995,0.499997,0.499998,0.499999,0.499999,0.5,0.5,0.5,0.5,0.5,0.5,0.5,0.5,0.5,0.5,0.5,0.5,0.5,0.5
0.5,0.5,0.5,0.5,0.5,0.5,0.5,0.5,0.5,0.5,0.5,0.5,0.5,0.499999,0.499998,0.499997,0.499996,0.499993,0.499989,0.499983,0.499976,0.499966,0.499953,0.499938,0.49992,0.4999,0.49988,0.499859,0.49984,0.499825,0.499813,0.499808,0.499808,0.499813,0.499825,0.49984,0.499859,0.49988,0.4999,0.49992,0.499938,0.499953,0.499966,0.499976,0.499983,0.499989,0.499993,0.499996,0.499997,0.499998,0.499999,0.5,0.5,0.5,0.5,0.5,0.5,0.5,0.5,0.5,0.5,0.5,0.5,0.5
0.5,0.5,0.5,0.5,0.5,0.5,0.5,0.5,0.5,0.5,0.5,0.499999,0.499999,0.499998,0.499997,0.499994,0.499991,0.499985,0.499977,0.499965,0.499949,0.499928,0.499902,0.49987,0.499833,0.499792,0.499749,0.499707,0.499669,0.499636,0.499613,0.499601,0.499601,0.499613,0.499636,0.499669,0.499707,0.499749,0.499792,0.499833,0.49987,0.499902,0.499928,0.499949,0.499965,0.499977,0.499985,0.499991,0.499994,0.499997,0.499998,0.499999,0.499999,0.5,0.5,0.5,0.5,0.5,0.5,0.5,0.5,0.5,0.5,0.5
0.5,0.5,0.5,0.5,0.5,0.5,0.5,0.5,0.5,0.5,0.499999,0.499999,0.499998,0.499996,0.499993,0.499989,0.499981,0.499969,0.499953,0.499929,0.499896,0.499854,0.499801,0.499737,0.499663,0.499581,0.499496,0.499413,0.499336,0.499272,0.499226,0.499202,0.499202,0.499226,0.499272,0.499336,0.499413,0.499496,0.499581,0.499663,0.499737,0.499801,0.499854,0.499896,0.499929,0.499953,0.499969,0.499981,0.499989,0.499993,0.499996,0.499998,0.499999,0.499999,0.5,0.5,0.5,0.5,0.5,0.5,0.5,0.5,0.5,0.5
0.5,0.5,0.5,0.5,0.5,0.5,0.5,0.5,0.5,0.499999,0.499999,0.499998,0.499996,0.499992,0.499987,0.499977,0.499962,0.499939,0.499906,0.49986,0.499796,0.499714,0.49961,0.499486,0.499344,0.499187,0.499024,0.498863,0.498716,0.498594,0.498506,0.49846,0.49846,0.498506,0.498594,0.498716,0.498863,0.499024,0.499187,0.499344,0.499486,0.49961,0.499714,0.499796,0.49986,0.499906,0.499939,0.499962,0.499977,0.499987,0.499992,0.499996,0.499998,0.499999,0.499999,0.5,0.5,0.5,0.5,0.5,0.5,0.5,0.5,0.5
0.5,0.5,0.5,0.5,0.5,0.5,0.5,0.5,0.499999,0.499999,0.499998,0.499996,0.499992,0.499985,0.499974,0.499956,0.499927,0.499884,0.499821,0.499733,0.499614,0.499459,0.499265,0.499033,0.498767,0.498476,0.498173,0.497876,0.497604,0.497378,0.497216,0.497131,0.497131,0.497216,0.497378,0.497604,0.497876,0.498173,0.498476,0.498767,0.499033,0.499265,0.499459,0.499614,0.499733,0.499821,0.499884,0.499927,0.499956,0.499974,0.499985,0.499992,0.499996,0.499998,0.499999,0.499999,0.5,0.5,0.5,0.5,0.5,0.5,0.5,0.5
0.5,0.5,0.5,0.5,0.5,0.5,0.5,0.5,0.499999,0.499998,0.499996,0.499992,0.499985,0.499973,0.499952,0.499918,0.499865,0.499786,0.49967,0.499509,0.499292,0.49901,0.49866,0.498242,0.497764,0.497241,0.496699,0.496169,0.495684,0.495282,0.494994,0.494843,0.494843,0.494994,0.495282,0.495684,0.496169,0.496699,0.497241,0.497764,0.498242,0.49866,0.49901,0.499292,0.499509,0.49967,0.499786,0.499865,0.499918,0.499952,0.499973,0.499985,0.499992,0.499996,0.499998,0.499999,0.5,0.5,0.5,0.5,0.5,0.5,0.5,0.5
0.5,0.5,0.5,0.5,0.5,0.5,0.5,0.499999,0.499998,0.499996,0.499992,0.499985,0.499973,0.49995,0.499913,0.499853,0.499758,0.499617,0.499413,0.499128,0.498746,0.498253,0.497641,0.496913,0.496082,0.495178,0.494242,0.493327,0.492494,0.491804,0.491309,0.491051,0.491051,0.491309,0.491804,0.492494,0.493327,0.494242,0.495178,0.496082,0.496913,0.497641,0.498253,0.498746,0.499128,0.499413,0.499617,0.499758,0.499853,0.499913,0.49995,0.499973,0.499985,0.499992,0.499996,0.499998,0.499999,0.5,0.5,0.5,0.5,0.5,0.5,0.5
0.5,0.5,0.5,0.5,0.5,0.5,0.499999,0.499998,0.499997,0.499993,0.499987,0.499974,0.499952,0.499913,0.499848,0.499744,0.499581,0.499339,0.498989,0.498503,0.497853,0.497018,0.495986,0.494761,0.493369,0.491858,0.490298,0.488777,0.487394,0.48625,0.485431,0.485004,0.485004,0.485431,0.48625,0.487394,0.488777,0.490298,0.491858,0.493369,0.494761,0.495986,0.497018,0.497853,0.498503,0.498989,0.499339,0.499581,0.499744,0.499848,0.499913,0.499952,0.499974,0.499987,0.499993,0.499997,0.499998,0.499999,0.5,0.5,0.5,0.5,0.5,0.5
0.5,0.5,0.5,0.5,0.5,0.499999,0.499999,0.499997,0.499994,0.499989,0.499977,0.499956,0.499918,0.499853,0.499744,0.499569,0.499298,0.498895,0.498316,0.497515,0.496448,0.495082,0.493399,0.49141,0.489156,0.486717,0.484206,0.481764,0.47955,0.477719,0.476411,0.475729,0.475729,0.476411,0.477719,0.47955,0.481764,0.484206,0.486717,0.489156,0.49141,0.493399,0.495082,0.496448,0.497515,0.498316,0.498895,0.499298,0.499569,0.499744,0.499853,0.499918,0.499956,0.499977,0.499989,0.499994,0.499997,0.499999,0.499999,0.5,0.5,0.5,0.5,0.5
0.5,0.5,0.5,0.5,0.5,0.499999,0.499998,0.499996,0.499991,0.499981,0.499962,0.499927,0.499865,0.499758,0.499581,0.499298,0.498862,0.498214,0.497287,0.49601,0.494317,0.492156,0.489505,0.486382,0.482857,0.479054,0.475151,0.471367,0.467942,0.465116,0.4631,0.46205,0.46205,0.4631,0.465116,0.467942,0.471367,0.475151,0.479054,0.482857,0.486382,0.489505,0.492156,0.494317,0.49601,0.497287,0.498214,0.498862,0.499298,0.499581,0.499758,0.499865,0.499927,0.499962,0.499981,0.499991,0.499996,0.499998,0.499999,0.5,0.5,0.5,0.5,0.5
0.5,0.5,0.5,0.5,0.499999,0.499999,0.499997,0.499993,0.499985,0.499969,0.499939,0.499884,0.499786,0.499617,0.499339,0.498895,0.498214,0.497206,0.495772,0.493803,0.491203,0.487898,0.483859,0.479121,0.473792,0.468064,0.462203,0.456537,0.451422,0.44721,0.444209,0.442647,0.442647,0.444209,0.44721,0.451422,0.456537,0.462203,0.468064,0.473792,0.479121,0.483859,0.487898,0.491203,0.493803,0.495772,0.497206,0.498214,0.498895,0.499339,0.499617,0.499786,0.499884,0.499939,0.499969,0.499985,0.499993,0.499997,0.499999,0.499999,0.5,0.5,0.5,0.5
0.5,0.5,0.5,0.5,0.499999,0.499998,0.499995,0.499989,0.499977,0.499953,0.499906,0.499821,0.49967,0.499413,0.498989,0.498316,0.497287,0.495772,0.493622,0.490685,0.486821,0.481931,0.475981,0.469027,0.461238,0.452896,0.444391,0.436193,0.428812,0.422747,0.418433,0.41619,0.41619,0.418433,0.422747,0.428812,0.436193,0.444391,0.452896,0.461238,0.469027,0.475981,0.481931,0.486821,0.490685,0.493622,0.495772,0.497287,0.498316,0.498989,0.499413,0.49967,0.499821,0.499906,0.499953,0.499977,0.499989,0.499995,0.499998,0.499999,0.5,0.5,0.5,0.5
0.5,0.5,0.5,0.499999,0.499999,0.499997,0.499992,0.499983,0.499965,0.499929,0.49986,0.499733,0.499509,0.499128,0.498503,0.497515,0.49601,0.493803,0.490685,0.486442,0.480885,0.473882,0.465397,0.455524,0.44451,0.43276,0.420824,0.409356,0.39906,0.390619,0.384625,0.381512,0.381512,0.384625,0.390619,0.39906,0.409356,0.420824,0.43276,0.44451,0.455524,0.465397,0.473882,0.480885,0.486442,0.490685,0.493803,0.49601,0.497515,0.498503,0.499128,0.499509,0.499733,0.49986,0.499929,0.499965,0.499983,0.499992,0.499997,0.499999,0.499999,0.5,0.5,0.5
0.5,0.5,0.5,0.499999,0.499998,0.499995,0.499989,0.499976,0.499949,0.499896,0.499796,0.499614,0.499292,0.498746,0.497853,0.496448,0.494317,0.491203,0.486821,0.480885,0.473144,0.463431,0.451715,0.438143,0.423066,0.407048,0.390838,0.375319,0.361427,0.350066,0.342013,0.337836,0.337836,0.342013,0.350066,0.361427,0.375319,0.390838,0.407048,0.423066,0.438143,0.451715,0.463431,0.473144,0.480885,0.486821,0.491203,0.494317,0.496448,0.497853,0.498746,0.499292,0.499614,0.499796,0.499896,0.499949,0.499976,0.499989,0.499995,0.499998,0.499999,0.5,0.5,0.5
0.5,0.5,0.499999,0.499999,0.499997,0.499993,0.499984,0.499966,0.499928,0.499854,0.499714,0.499459,0.49901,0.498253,0.497018,0.495082,0.492156,0.487898,0.481931,0.473882,0.463431,0.450378,0.434703,0.416625,0.396633,0.375483,0.354166,0.333831,0.315687,0.300888,0.290417,0.284993,0.284993,0.290417,0.300888,0.315687,0.333831,0.354166,0.375483,0.396633,0.416625,0.434703,0.450378,0.463431,0.473882,0.481931,0.487898,0.492156,0.495082,0.497018,0.498253,0.49901,0.499459,0.499714,0.499854,0.499928,0.499966,0.499984,0.499993,0.499997,0.499999,0.499999,0.5,0.5
0.5,0.5,0.499999,0.499998,0.499996,0.49999,0.499978,0.499953,0.499902,0.499801,0.49961,0.499265,0.49866,0.497641,0.495986,0.493399,0.489505,0.483859,0.475981,0.465397,0.451715,0.434703,0.414367,0.391021,0.365318,0.338247,0.311076,0.285255,0.262294,0.243617,0.230431,0.223609,0.223609,0.230431,0.243617,0.262294,0.285255,0.311076,0.338247,0.365318,0.391021,0.414367,0.434703,0.451715,0.465397,0.475981,0.483859,0.489505,0.493399,0.495986,0.497641,0.49866,0.499265,0.49961,0.499801,0.499902,0.499953,0.499978,0.49999,0.499996,0.499998,0.499999,0.5,0.5
0.5,0.5,0.499999,0.499998,0.499994,0.499987,0.499971,0.499938,0.49987,0.499737,0.499486,0.499033,0.498242,0.496913,0.494761,0.49141,0.486382,0.479121,0.469027,0.455524,0.438143,0.416625,0.391021,0.36176,0.329694,0.296071,0.262469,0.230662,0.202477,0.179616,0.163512,0.155191,0.155191,0.163512,0.179616,0.202477,0.230662,0.262469,0.296071,0.329694,0.36176,0.391021,0.416625,0.438143,0.455524,0.469027,0.479121,0.486382,0.49141,0.494761,0.496913,0.498242,0.499033,0.499486,0.499737,0.49987,0.499938,0.499971,0.499987,0.499994,0.499998,0.499999,0.5,0.5
0.499999,0.499999,0.499999,0.499997,0.499993,0.499983,0.499963,0.49992,0.499833,0.499663,0.499344,0.498767,0.497764,0.496082,0.493369,0.489156,0.482857,0.473792,0.461238,0.44451,0.423066,0.396633,0.365318,0.329694,0.290831,0.250264,0.209896,0.17184,0.138236,0.111062,0.0919613,0.0821063,0.0821063,0.0919613,0.111062,0.138236,0.17184,0.209896,0.250264,0.290831,0.329694,0.365318,0.396633,0.423066,0.44451,0.461238,0.473792,0.482857,0.489156,0.493369,0.496082,0.497764,0.498767,0.499344,0.499663,0.499833,0.49992,0.499963,0.499983,0.499993,0.499997,0.499999,0.499999,0.499999
0.499999,0.499999,0.499998,0.499996,0.499991,0.499979,0.499954,0.4999,0.499792,0.499581,0.499187,0.498476,0.497241,0.495178,0.491858,0.486717,0.479054,0.468064,0.452896,0.43276,0.407048,0.375483,0.338247,0.296071,0.250264,0.20266,0.155489,0.111197,0.0722267,0.0408076,0.0187733,0.00742088,0.00742088,0.0187733,0.0408076,0.0722267,0.111197,0.155489,0.20266,0.250264,0.296071,0.338247,0.375483,0.407048,0.43276,0.452896,0.468064,0.479054,0.486717,0.491858,0.495178,0.497241,0.498476,0.499187,0.499581,0.499792,0.4999,0.499954,0.499979,0.499991,0.499996,0.499998,0.499999,0.499999
0.499999,0.499999,0.499998,0.499995,0.499989,0.499975,0.499944,0.49988,0.499749,0.499496,0.499024,0.498173,0.496699,0.494242,0.490298,0.484206,0.475151,0.462203,0.444391,0.420824,0.390838,0.354166,0.311076,0.262469,0.209896,0.155489,0.101798,0.0515774,0.00754416,-0.0278524,-0.0526207,-0.0653638,-0.0653638,-0.0526207,-0.0278524,0.00754416,0.0515774,0.101798,0.155489,0.209896,0.262469,0.311076,0.354166,0.390838,0.420824,0.444391,0.462203,0.475151,0.484206,0.490298,0.494242,0.496699,0.498173,0.499024,0.499496,0.499749,0.49988,0.499944,0.499975,0.499989,0.499995,0.499998,0.499999,0.499999
0.499999,0.499999,0.499998,0.499995,0.499987,0.499971,0.499935,0.499859,0.499707,0.499413,0.498863,0.497876,0.496169,0.493327,0.488777,0.481764,0.471367,0.456537,0.436193,0.409356,0.375319,0.333831,0.285255,0.230662,0.17184,0.111197,0.0515774,-0.00398908,-0.0525513,-0.0914809,-0.118664,-0.132631,-0.132631,-0.118664,-0.0914809,-0.0525513,-0.00398908,0.0515774,0.111197,0.17184,0.230662,0.285255,0.333831,0.375319,0.409356,0.436193,0.456537,0.471367,0.481764,0.488777,0.493327,0.496169,0.497876,0.498863,0.499413,0.499707,0.499859,0.499935,0.499971,0.499987,0.499995,0.499998,0.499999,0.499999
0.499999,0.499999,0.499997,0.499994,0.499986,0.499967,0.499926,0.49984,0.499669,0.499336,0.498716,0.497604,0.495684,0.492494,0.487394,0.47955,0.467942,0.451422,0.428812,0.39906,0.361427,0.315687,0.262294,0.202477,0.138236,0.0722267,0.00754416,-0.0525513,-0.104921,-0.146799,-0.175986,-0.190965,-0.190965,-0.175986,-0.146799,-0.104921,-0.0525513,0.00754416,0.0722267,0.138236,0.202477,0.262294,0.315687,0.361427,0.39906,0.428812,0.451422,0.467942,0.47955,0.487394,0.492494,0.495684,0.497604,0.498716,0.499336,0.499669,0.49984,0.499926,0.499967,0.499986,0.499994,0.499997,0.499999,0.499999
0.499999,0.499999,0.499997,0.499993,0.499984,0.499963,0.499919,0.499825,0.499636,0.499272,0.498594,0.497378,0.495282,0.491804,0.48625,0.477719,0.465116,0.44721,0.422747,0.390619,0.350066,0.300888,0.243617,0.179616,0.111062,0.0408076,-0.0278524,-0.0914809,-0.146799,-0.190948,-0.221669,-0.23742,-0.23742,-0.221669,-0.190948,-0.146799,-0.0914809,-0.0278524,0.0408076,0.111062,0.179616,0.243617,0.300888,0.350066,0.390619,0.422747,0.44721,0.465116,0.477719,0.48625,0.491804,0.495282,0.497378,0.498594,0.499272,0.499636,0.499825,0.499919,0.499963,0.499984,0.499993,0.499997,0.499999,0.499999
0.499998,0.499998,0.499997,0.499993,0.499983,0.499961,0.499913,0.499813,0.499613,0.499226,0.498506,0.497216,0.494994,0.491309,0.485431,0.476411,0.4631,0.444209,0.418433,0.384625,0.342013,0.290417,0.230431,0.163512,0.0919613,0.0187733,-0.0526207,-0.118664,-0.175986,-0.221669,-0.253423,-0.269691,-0.269691,-0.253423,-0.221669,-0.175986,-0.118664,-0.0526207,0.0187733,0.0919613,0.163512,0.230431,0.290417,0.342013,0.384625,0.418433,0.444209,0.4631,0.476411,0.485431,0.491309,0.494994,0.497216,0.498506,0.499226,0.499613,0.499813,0.499913,0.499961,0.499983,0.499993,0.499997,0.499998,0.499998
0.499998,0.499998,0.499997,0.499993,0.499983,0.49996,0.49991,0.499808,0.499601,0.499202,0.49846,0.497131,0.494843,0.491051,0.485004,0.475729,0.46205,0.442647,0.41619,0.381512,0.337836,0.284993,0.223609,0.155191,0.0821063,0.00742088,-0.0653638,-0.132631,-0.190965,-0.23742,-0.269691,-0.286219,-0.286219,-0.269691,-0.23742,-0.190965,-0.132631,-0.0653638,0.00742088,0.0821063,0.155191,0.223609,0.284993,0.337836,0.381512,0.41619,0.442647,0.46205,0.475729,0.485004,0.491051,0.494843,0.497131,0.49846,0.499202,0.499601,0.499808,0.49991,0.49996,0.499983,0.499993,0.499997,0.499998,0.499998
0.499998,0.499998,0.499997,0.499993,0.499983,0.49996,0.49991,0.499808,0.499601,0.499202,0.49846,0.497131,0.494843,0.491051,0.485004,0.475729,0.46205,0.442647,0.41619,0.381512,0.337836,0.284993,0.223609,0.155191,0.0821063,0.00742088,-0.0653638,-0.132631,-0.190965,-0.23742,-0.269691,-0.286219,-0.286219,-0.269691,-0.23742,-0.190965,-0.132631,-0.0653638,0.00742088,0.0821063,0.155191,0.223609,0.284993,0.337836,0.381512,0.41619,0.442647,0.46205,0.475729,0.485004,0.491051,0.494843,0.497131,0.49846,0.499202,0.499601,0.499808,0.49991,0.49996,0.499983,0.499993,0.499997,0.499998,0.499998
0.499998,0.499998,0.499997,0.499993,0.499983,0.499961,0.499913,0.499813,0.499613,0.499226,0.498506,0.497216,0.494994,0.491309,0.485431,0.476411,0.4631,0.444209,0.418433,0.384625,0.342013,0.290417,0.230431,0.163512,0.0919613,0.0187733,-0.0526207,-0.118664,-0.175986,-0.221669,-0.253423,-0.269691,-0.269691,-0.253423,-0.221669,-0.175986,-0.118664,-0.0526207,0.0187733,0.0919613,0.163512,0.230431,0.290417,0.342013,0.384625,0.418433,0.444209,0.4631,0.476411,0.485431,0.491309,0.494994,0.497216,0.498506,0.499226,0.499613,0.499813,0.499913,0.499961,0.499983,0.499993,0.499997,0.499998,0.499998
0.499999,0.499999,0.499997,0.499993,0.499984,0.499963,0.499919,0.499825,0.499636,0.499272,0.498594,0.497378,0.495282,0.491804,0.48625,0.477719,0.465116,0.44721,0.422747,0.390619,0.350066,0.300888,0.243617,0.179616,0.111062,0.0408076,-0.0278524,-0.0914809,-0.146799,-0.190948,-0.221669,-0.23742,-0.23742,-0.221669,-0.190948,-0.146799,-0.0914809,-0.0278524,0.0408076,0.111062,0.179616,0.243617,0.300888,0.350066,0.390619,0.422747,0.44721,0.465116,0.477719,0.48625,0.491804,0.495282,0.497378,0.498594,0.499272,0.499636,0.499825,0.499919,0.499963,0.499984,0.499993,0.499997,0.499999,0.499999
0.499999,0.499999,0.499997,0.499994,0.499986,0.499967,0.499926,0.49984,0.499669,0.499336,0.498716,0.497604,0.495684,0.492494,0.487394,0.47955,0.467942,0.451422,0.428812,0.39906,0.361427,0.315687,0.262294,0.202477,0.138236,0.0722267,0.00754416,-0.0525513,-0.104921,-0.146799,-0.175986,-0.190965,-0.190965,-0.175986,-0.146799,-0.104921,-0.0525513,0.00754416,0.0722267,0.138236,0.202477,0.262294,0.315687,0.361427,0.39906,0.428812,0.451422,0.467942,0.47955,0.487394,0.492494,0.495684,0.497604,0.498716,0.499336,0.499669,0.49984,0.499926,0.499967,0.499986,0.499994,0.499997,0.499999,0.499999
0.499999,0.499999,0.499998,0.499995,0.499987,0.499971,0.499935,0.499859,0.499707,0.499413,0.498863,0.497876,0.496169,0.493327,0.488777,0.481764,0.471367,0.456537,0.436193,0.409356,0.375319,0.333831,0.285255,0.230662,0.17184,0.111197,0.0515774,-0.00398908,-0.0525513,-0.0914809,-0.118664,-0.132631,-0.132631,-0.118664,-0.0914809,-0.0525513,-0.00398908,0.0515774,0.111197,0.17184,0.230662,0.285255,0.333831,0.375319,0.409356,0.436193,0.456537,0.471367,0.481764,0.488777,0.493327,0.496169,0.497876,0.498863,0.499413,0.499707,0.499859,0.499935,0.499971,0.499987,0.499995,0.499998,0.499999,0.499999
0.499999,0.499999,0.499998,0.499995,0.499989,0.499975,0.499944,0.49988,0.499749,0.499496,0.499024,0.498173,0.496699,0.494242,0.490298,0.484206,0.475151,0.462203,0.444391,0.420824,0.390838,0.354166,0.311076,0.262469,0.209896,0.155489,0.101798,0.0515774,0.00754416,-0.0278524,-0.0526207,-0.0653638,-0.0653638,-0.0526207,-0.0278524,0.00754416,0.0515774,0.101798,0.155489,0.209896,0.262469,0.311076,0.354166,0.390838,0.420824,0.444391,0.462203,0.475151,0.484206,0.490298,0.494242,0.496699,0.498173,0.499024,0.499496,0.499749,0.49988,0.499944,0.499975,0.499989,0.499995,0.499998,0.499999,0.499999
0.499999,0.499999,0.499998,0.499996,0.499991,0.499979,0.499954,0.4999,0.499792,0.499581,0.499187,0.498476,0.497241,0.495178,0.491858,0.486717,0.479054,0.468064,0.452896,0.43276,0.407048,0.375483,0.338247,0.296071,0.250264,0.20266,0.155489,0.111197,0.0722267,0.0408076,0.0187733,0.00742088,0.00742088,0.0187733,0.0408076,0.0722267,0.111197,0.155489,0.20266,0.250264,0.296071,0.338247,0.375483,0.407048,0.43276,0.452896,0.468064,0.479054,0.486717,0.491858,0.495178,0.497241,0.498476,0.499187,0.499581,0.499792,0.4999,0.499954,0.499979,0.499991,0.499996,0.499998,0.499999,0.499999
0.499999,0.499999,0.499999,0.499997,0.499993,0.499983,0.499963,0.49992,0.499833,0.499663,0.499344,0.498767,0.497764,0.496082,0.493369,0.489156,0.482857,0.473792,0.461238,0.44451,0.423066,0.396633,0.365318,0.329694,0.290831,0.250264,0.209896,0.17184,0.138236,0.111062,0.0919613,0.0821063,0.0821063,0.0919613,0.111062,0.138236,0.17184,0.209896,0.250264,0.290831,0.329694,0.365318,0.396633,0.423066,0.44451,0.461238,0.473792,0.482857,0.489156,0.493369,0.496082,0.497764,0.498767,0.499344,0.499663,0.499833,0.49992,0.499963,0.499983,0.499993,0.499997,0.499999,0.499999,0.499999
0.5,0.5,0.499999,0.499998,0.499994,0.499987,0.499971,0.499938,0.49987,0.499737,0.499486,0.499033,0.498242,0.496913,0.494761,0.49141,0.486382,0.479121,0.469027,0.455524,0.438143,0.416625,0.391021,0.36176,0.329694,0.296071,0.262469,0.230662,0.202477,0.179616,0.163512,0.155191,0.155191,0.163512,0.179616,0.202477,0.230662,0.262469,0.296071,0.329694,0.36176,0.391021,0.416625,0.438143,0.455524,0.469027,0.479121,0.486382,0.49141,0.494761,0.496913,0.498242,0.499033,0.499486,0.499737,0.49987,0.499938,0.499971,0.499987,0.499994,0.499998,0.499999,0.5,0.5
0.5,0.5,0.499999,0.499998,0.499996,0.49999,0.499978,0.499953,0.499902,0.499801,0.49961,0.499265,0.49866,0.497641,0.495986,0.493399,0.489505,0.483859,0.475981,0.465397,0.451715,0.434703,0.414367,0.391021,0.365318,0.338247,0.311076,0.285255,0.262294,0.243617,0.230431,0.223609,0.223609,0.230431,0.243617,0.262294,0.285255,0.311076,0.338247,0.365318,0.391021,0.414367,0.434703,0.451715,0.465397,0.475981,0.483859,0.489505,0.493399,0.495986,0.497641,0.49866,0.499265,0.49961,0.499801,0.499902,0.499953,0.499978,0.49999,0.499996,0.499998,0.499999,0.5,0.5
0.5,0.5,0.499999,0.499999,0.499997,0.499993,0.499984,0.499966,0.499928,0.499854,0.499714,0.499459,0.49901,0.498253,0.497018,0.495082,0.492156,0.487898,0.481931,0.473882,0.463431,0.450378,0.434703,0.416625,0.396633,0.375483,0.354166,0.333831,0.315687,0.300888,0.290417,0.284993,0.284993,0.290417,0.300888,0.315687,0.333831,0.354166,0.375483,0.396633,0.416625,0.434703,0.450378,0.463431,0.473882,0.481931,0.487898,0.492156,0.495082,0.497018,0.498253,0.49901,0.499459,0.499714,0.499854,0.499928,0.499966,0.499984,0.499993,0.499997,0.499999,0.499999,0.5,0.5
0.5,0.5,0.5,0.499999,0.499998,0.499995,0.499989,0.499976,0.499949,0.499896,0.499796,0.499614,0.499292,0.498746,0.497853,0.496448,0.494317,0.491203,0.486821,0.480885,0.473144,0.463431,0.451715,0.438143,0.423066,0.407048,0.390838,0.375319,0.361427,0.350066,0.342013,0.337836,0.337836,0.342013,0.350066,0.361427,0.375319,0.390838,0.407048,0.423066,0.438143,0.451715,0.463431,0.473144,0.480885,0.486821,0.491203,0.494317,0.496448,0.497853,0.498746,0.499292,0.499614,0.499796,0.499896,0.499949,0.499976,0.499989,0.499995,0.499998,0.499999,0.5,0.5,0.5
0.5,0.5,0.5,0.499999,0.499999,0.499997,0.499992,0.499983,0.499965,0.499929,0.49986,0.499733,0.499509,0.499128,0.498503,0.497515,0.49601,0.493803,0.490685,0.486442,0.480885,0.473882,0.465397,0.455524,0.44451,0.43276,0.420824,0.409356,0.39906,0.390619,0.384625,0.381512,0.381512,0.384625,0.390619,0.39906,0.409356,0.420824,0.43276,0.44451,0.455524,0.465397,0.473882,0.480885,0.486442,0.490685,0.493803,0.49601,0.497515,0.498503,0.499128,0.499509,0.499733,0.49986,0.499929,0.499965,0.499983,0.499992,0.499997,0.499999,0.499999,0.5,0.5,0.5
0.5,0.5,0.5,0.5,0.499999,0.499998,0.499995,0.499989,0.499977,0.499953,0.499906,0.499821,0.49967,0.499413,0.498989,0.498316,0.497287,0.495772,0.493622,0.490685,0.486821,0.481931,0.475981,0.469027,0.461238,0.452896,0.444391,0.436193,0.428812,0.422747,0.418433,0.41619,0.41619,0.418433,0.422747,0.428812,0.436193,0.444391,0.452896,0.461238,0.469027,0.475981,0.481931,0.486821,0.490685,0.493622,0.495772,0.497287,0.498316,0.498989,0.499413,0.49967,0.499821,0.499906,0.499953,0.499977,0.499989,0.499995,0.499998,0.499999,0.5,0.5,0.5,0.5
0.5,0.5,0.5,0.5,0.499999,0.499999,0.499997,0.499993,0.499985,0.499969,0.499939,0.499884,0.499786,0.499617,0.499339,0.498895,0.498214,0.497206,0.495772,0.493803,0.491203,0.487898,0.483859,0.479121,0.473792,0.468064,0.462203,0.456537,0.451422,0.44721,0.444209,0.442647,0.442647,0.444209,0.44721,0.451422,0.456537,0.462203,0.468064,0.473792,0.479121,0.483859,0.487898,0.491203,0.493803,0.495772,0.497206,0.498214,0.498895,0.499339,0.499617,0.499786,0.499884,0.499939,0.499969,0.499985,0.499993,0.499997,0.499999,0.499999,0.5,0.5,0.5,0.5
0.5,0.5,0.5,0.5,0.5,0.499999,0.499998,0.499996,0.499991,0.499981,0.499962,0.499927,0.499865,0.499758,0.499581,0.499298,0.498862,0.498214,0.497287,0.49601,0.494317,0.492156,0.489505,0.486382,0.482857,0.479054,0.475151,0.471367,0.467942,0.465116,0.4631,0.46205,0.46205,0.4631,0.465116,0.467942,0.471367,0.475151,0.479054,0.482857,0.486382,0.489505,0.492156,0.494317,0.49601,0.497287,0.498214,0.498862,0.499298,0.499581,0.499758,0.499865,0.499927,0.499962,0.499981,0.499991,0.499996,0.499998,0.499999,0.5,0.5,0.5,0.5,0.5
0.5,0.5,0.5,0.5,0.5,0.499999,0.499999,0.499997,0.499994,0.499989,0.499977,0.499956,0.499918,0.499853,0.499744,0.499569,0.499298,0.498895,0.498316,0.497515,0.496448,0.495082,0.493399,0.49141,0.489156,0.486717,0.484206,0.481764,0.47955,0.477719,0.476411,0.475729,0.475729,0.476411,0.477719,0.47955,0.481764,0.484206,0.486717,0.489156,0.49141,0.493399,0.495082,0.496448,0.497515,0.498316,0.498895,0.499298,0.499569,0.499744,0.499853,0.499918,0.499956,0.499977,0.499989,0.499994,0.499997,0.499999,0.499999,0.5,0.5,0.5,0.5,0.5
0.5,0.5,0.5,0.5,0.5,0.5,0.499999,0.499998,0.499997,0.499993,0.499987,0.499974,0.499952,0.499913,0.499848,0.499744,0.499581,0.499339,0.498989,0.498503,0.497853,0.497018,0.495986,0.494761,0.493369,0.491858,0.490298,0.488777,0.487394,0.48625,0.485431,0.485004,0.485004,0.485431,0.48625,0.487394,0.488777,0.490298,0.491858,0.493369,0.494761,0.495986,0.497018,0.497853,0.498503,0.498989,0.499339,0.499581,0.499744,0.499848,0.499913,0.499952,0.499974,0.499987,0.499993,0.499997,0.499998,0.499999,0.5,0.5,0.5,0.5,0.5,0.5
0.5,0.5,0.5,0.5,0.5,0.5,0.5,0.499999,0.499998,0.499996,0.499992,0.499985,0.499973,0.49995,0.499913,0.499853,0.499758,0.499617,0.499413,0.499128,0.498746,0.498253,0.497641,0.496913,0.496082,0.495178,0.494242,0.493327,0.492494,0.491804,0.491309,0.491051,0.491051,0.491309,0.491804,0.492494,0.493327,0.494242,0.495178,0.496082,0.496913,0.497641,0.498253,0.498746,0.499128,0.499413,0.499617,0.499758,0.499853,0.499913,0.49995,0.499973,0.499985,0.499992,0.499996,0.499998,0.499999,0.5,0.5,0.5,0.5,0.5,0.5,0.5
0.5,0.5,0.5,0.5,0.5,0.5,0.5,0.5,0.499999,0.499998,0.499996,0.499992,0.499985,0.499973,0.499952,0.499918,0.499865,0.499786,0.49967,0.499509,0.499292,0.49901,0.49866,0.498242,0.497764,0.497241,0.496699,0.496169,0.495684,0.495282,0.494994,0.494843,0.494843,0.494994,0.495282,0.495684,0.496169,0.496699,0.497241,0.497764,0.498242,0.49866,0.49901,0.499292,0.499509,0.49967,0.499786,0.499865,0.499918,0.499952,0.499973,0.499985,0.499992,0.499996,0.499998,0.499999,0.5,0.5,0.5,0.5,0.5,0.5,0.5,0.5
0.5,0.5,0.5,0.5,0.5,0.5,0.5,0.5,0.499999,0.499999,0.499998,0.499996,0.499992,0.499985,0.499974,0.499956,0.499927,0.499884,0.499821,0.499733,0.499614,0.499459,0.499265,0.499033,0.498767,0.498476,0.498173,0.497876,0.497604,0.497378,0.497216,0.497131,0.497131,0.497216,0.497378,0.497604,0.497876,0.498173,0.498476,0.498767,0.499033,0.499265,0.499459,0.499614,0.499733,0.499821,0.499884,0.499927,0.499956,0.499974,0.499985,0.499992,0.499996,0.499998,0.499999,0.499999,0.5,0.5,0.5,0.5,0.5,0.5,0.5,0.5
0.5,0.5,0.5,0.5,0.5,0.5,0.5,0.5,0.5,0.499999,0.499999,0.499998,0.499996,0.499992,0.499987,0.499977,0.499962,0.499939,0.499906,0.49986,0.499796,0.499714,0.49961,0.499486,0.499344,0.499187,0.499024,0.498863,0.498716,0.498594,0.498506,0.49846,0.49846,0.498506,0.498594,0.498716,0.498863,0.499024,0.499187,0.499344,0.499486,0.49961,0.499714,0.499796,0.49986,0.499906,0.499939,0.499962,0.499977,0.499987,0.499992,0.499996,0.499998,0.499999,0.499999,0.5,0.5,0.5,0.5,0.5,0.5,0.5,0.5,0.5
0.5,0.5,0.5,0.5,0.5,0.5,0.5,0.5,0.5,0.5,0.499999,0.499999,0.499998,0.499996,0.499993,0.499989,0.499981,0.499969,0.499953,0.499929,0.499896,0.499854,0.499801,0.499737,0.499663,0.499581,0.499496,0.499413,0.499336,0.499272,0.499226,0.499202,0.499202,0.499226,0.499272,0.499336,0.499413,0.499496,0.499581,0.499663,0.499737,0.499801,0.499854,0.499896,0.499929,0.499953,0.499969,0.499981,0.499989,0.499993,0.499996,0.499998,0.499999,0.499999,0.5,0.5,0.5,0.5,0.5,0.5,0.5,0.5,0.5,0.5
0.5,0.5,0.5,0.5,0.5,0.5,0.5,0.5,0.5,0.5,0.5,0.499999,0.499999,0.499998,0.499997,0.499994,0.499991,0.499985,0.499977,0.499965,0.499949,0.499928,0.499902,0.49987,0.499833,0.499792,0.499749,0.499707,0.499669,0.499636,0.499613,0.499601,0.499601,0.499613,0.499636,0.499669,0.499707,0.499749,0.499792,0.499833,0.49987,0.499902,0.499928,0.499949,0.499965,0.499977,0.499985,0.499991,0.499994,0.499997,0.499998,0.499999,0.499999,0.5,0.5,0.5,0.5,0.5,0.5,0.5,0.5,0.5,0.5,0.5
0.5,0.5,0.5,0.5,0.5,0.5,0.5,0.5,0.5,0.5,0.5,0.5,0.5,0.499999,0.499998,0.499997,0.499996,0.499993,0.499989,0.499983,0.499976,0.499966,0.499953,0.499938,0.49992,0.4999,0.49988,0.499859,0.49984,0.499825,0.499813,0.499808,0.499808,0.499813,0.499825,0.49984,0.499859,0.49988,0.4999,0.49992,0.499938,0.499953,0.499966,0.499976,0.499983,0.499989,0.499993,0.499996,0.499997,0.499998,0.499999,0.5,0.5,0.5,0.5,0.5,0.5,0.5,0.5,0.5,0.5,0.5,0.5,0.5
0.5,0.5,0.5,0.5,0.5,0.5,0.5,0.5,0.5,0.5,0.5,0.5,0.5,0.5,0.499999,0.499999,0.499998,0.499997,0.499995,0.499992,0.499989,0.499984,0.499978,0.499971,0.499963,0.499954,0.499944,0.499935,0.499926,0.499919,0.499913,0.49991,0.49991,0.499913,0.499919,0.499926,0.499935,0.499944,0.499954,0.499963,0.499971,0.499978,0.499984,0.499989,0.499992,0.499995,0.499997,0.499998,0.499999,0.499999,0.5,0.5,0.5,0.5,0.5,0.5,0.5,0.5,0.5,0.5,0.5,0.5,0.5,0.5
0.5,0.5,0.5,0.5,0.5,0.5,0.5,0.5,0.5,0.5,0.5,0.5,0.5,0.5,0.5,0.499999,0.499999,0.499999,0.499998,0.499997,0.499995,0.499993,0.49999,0.499987,0.499983,0.499979,0.499975,0.499971,0.499967,0.499963,0.499961,0.49996,0.49996,0.499961,0.499963,0.499967,0.499971,0.499975,0.499979,0.499983,0.499987,0.49999,0.499993,0.499995,0.499997,0.499998,0.499999,0.499999,0.499999,0.5,0.5,0.5,0.5,0.5,0.5,0.5,0.5,0.5,0.5,0.5,0.5,0.5,0.5,0.5
0.5,0.5,0.5,0.5,0.5,0.5,0.5,0.5,0.5,0.5,0.5,0.5,0.5,0.5,0.5,0.5,0.5,0.499999,0.499999,0.499999,0.499998,0.499997,0.499996,0.499994,0.499993,0.499991,0.499989,0.499987,0.499986,0.499984,0.499983,0.499983,0.499983,0.499983,0.499984,0.499986,0.499987,0.499989,0.499991,0.499993,0.499994,0.499996,0.499997,0.499998,0.499999,0.499999,0.499999,0.5,0.5,0.5,0.5,0.5,0.5,0.5,0.5,0.5,0.5,0.5,0.5,0.5,0.5,0.5,0.5,0.5
0.5,0.5,0.5,0.5,0.5,0.5,0.5,0.5,0.5,0.5,0.5,0.5,0.5,0.5,0.5,0.5,0.5,0.5,0.5,0.499999,0.499999,0.499999,0.499998,0.499998,0.499997,0.499996,0.499995,0.499995,0.499994,0.499993,0.499993,0.499993,0.499993,0.499993,0.499993,0.499994,0.499995,0.499995,0.499996,0.499997,0.499998,0.499998,0.499999,0.499999,0.499999,0.5,0.5,0.5,0.5,0.5,0.5,0.5,0.5,0.5,0.5,0.5,0.5,0.5,0.5,0.5,0.5,0.5,0.5,0.5
0.5,0.5,0.5,0.5,0.5,0.5,0.5,0.5,0.5,0.5,0.5,0.5,0.5,0.5,0.5,0.5,0.5,0.5,0.5,0.5,0.5,0.499999,0.499999,0.499999,0.499999,0.499998,0.499998,0.499998,0.499997,0.499997,0.499997,0.499997,0.499997,0.499997,0.499997,0.499997,0.499998,0.499998,0.499998,0.499999,0.499999,0.499999,0.499999,0.5,0.5,0.5,0.5,0.5,0.5,0.5,0.5,0.5,0.5,0.5,0.5,0.5,0.5,0.5,0.5,0.5,0.5,0.5,0.5,0.5
0.5,0.5,0.5,0.5,0.5,0.5,0.5,0.5,0.5,0.5,0.5,0.5,0.5,0.5,0.5,0.5,0.5,0.5,0.5,0.5,0.5,0.5,0.5,0.5,0.499999,0.499999,0.499999,0.499999,0.499999,0.499999,0.499998,0.499998,0.499998,0.499998,0.499999,0.499999,0.499999,0.499999,0.499999,0.499999,0.5,0.5,0.5,0.5,0.5,0.5,0.5,0.5,0.5,0.5,0.5,0.5,0.5,0.5,0.5,0.5,0.5,0.5,0.5,0.5,0.5,0.5,0.5,0.5
0.5,0.5,0.5,0.5,0.5,0.5,0.5,0.5,0.5,0.5,0.5,0.5,0.5,0.5,0.5,0.5,0.5,0.5,0.5,0.5,0.5,0.5,0.5,0.5,0.499999,0.499999,0.499999,0.499999,0.499999,0.499999,0.499998,0.499998,0.499998,0.499998,0.499999,0.499999,0.499999,0.499999,0.499999,0.499999,0.5,0.5,0.5,0.5,0.5,0.5,0.5,0.5,0.5,0.5,0.5,0.5,0.5,0.5,0.5,0.5,0.5,0.5,0.5,0.5,0.5,0.5,0.5,0.5
