0.5,0.5,0.5,0.5,0.5,0.5,0.5,0.5,0.5,0.5,0.5,0.5,0.5,0.5,0.5,0.5,0.5,0.5,0.5,0.5,0.5,0.5,0.5,0.5,0.5,0.5,0.5,0.5,0.5,0.5,0.5,0.5,0.5,0.5,0.5,0.5,0.5,0.5,0.5,0.5,0.5,0.5,0.5,0.5,0.5,0.5,0.5,0.5,0.5,0.5,0.5,0.5,0.5,0.5,0.5,0.5,0.5,0.5,0.5,0.5,0.5,0.5,0.5,0.5
0.5,0.5,0.5,0.5,0.5,0.5,0.5,0.5,0.5,0.5,0.5,0.5,0.5,0.5,0.5,0.5,0.5,0.5,0.5,0.5,0.5,0.5,0.5,0.5,0.5,0.5,0.5,0.5,0.5,0.5,0.5,0.5,0.5,0.5,0.5,0.5,0.5,0.5,0.5,0.5,0.5,0.5,0.5,0.5,0.5,0.5,0.5,0.5,0.5,0.5,0.5,0.5,0.5,0.5,0.5,0.5,0.5,0.5,0.5,0.5,0.5,0.5,0.5,0.5
0.5,0.5,0.5,0.5,0.5,0.5,0.5,0.5,0.5,0.5,0.5,0.5,0.5,0.5,0.5,0.5,0.5,0.5,0.5,0.5,0.5,0.5,0.5,0.5,0.5,0.5,0.5,0.5,0.5,0.5,0.5,0.5,0.5,0.5,0.5,0.5,0.5,0.5,0.5,0.5,0.5,0.5,0.5,0.5,0.5,0.5,0.5,0.5,0.5,0.5,0.5,0.5,0.5,0.5,0.5,0.5,0.5,0.5,0.5,0.5,0.5,0.5,0.5,0.5
0.5,0.5,0.5,0.5,0.5,0.5,0.5,0.5,0.5,0.5,0.5,0.5,0.5,0.5,0.5,0.5,0.5,0.5,0.5,0.5,0.5,0.5,0.5,0.5,0.5,0.5,0.5,0.5,0.499999,0.499999,0.499999,0.499999,0.499999,0.499999,0.499999,0.499999,0.5,0.5,0.5,0.5,0.5,0.5,0.5,0.5,0.5,0.5,0.5,0.5,0.5,0.5,0.5,0.5,0.5,0.5,0.5,0.5,0.5,0.5,0.5,0.5,0.5,0.5,0.5,0.5
0.5,0.5,0.5,0.5,0.5,0.5,0.5,0.5,0.5,0.5,0.5,0.5,0.5,0.5,0.5,0.5,0.5,0.5,0.5,0.5,0.5,0.5,0.5,0.5,0.499999,0.499999,0.499999,0.499999,0.499999,0.499998,0.499998,0.499998,0.499998,0.499998,0.499998,0.499999,0.499999,0.499999,0.499999,0.499999,0.5,0.5,0.5,0.5,0.5,0.5,0.5,0.5,0.5,0.5,0.5,0.5,0.5,0.5,0.5,0.5,0.5,0.5,0.5,0.5,0.5,0.5,0.5,0.5
0.5,0.5,0.5,0.5,0.5,0.5,0.5,0.5,0.5,0.5,0.5,0.5,0.5,0.5,0.5,0.5,0.5,0.5,0.5,0.5,0.5,0.499999,0.499999,0.499999,0.499998,0.499998,0.499998,0.499997,0.499997,0.499996,0.499996,0.499996,0.499996,0.499996,0.499996,0.499997,0.499997,0.499998,0.499998,0.499998,0.499999,0.499999,0.499999,0.5,0.5,0.5,0.5,0.5,0.5,0.5,0.5,0.5,0.5,0.5,0.5,0.5,0.5,0.5,0.5,0.5,0.5,0.5,0.5,0.5
0.5,0.5,0.5,0.5,0.5,0.5,0.5,0.5,0.5,0.5,0.5,0.5,0.5,0.5,0.5,0.5,0.5,0.5,0.5,0.499999,0.499999,0.499998,0.499998,0.499997,0.499996,0.499995,0.499994,0.499993,0.499992,0.499991,0.49999,0.49999,0.49999,0.49999,0.499991,0.499992,0.499993,0.499994,0.499995,0.499996,0.499997,0.499998,0.499998,0.499999,0.499999,0.5,0.5,0.5,0.5,0.5,0.5,0.5,0.5,0.5,0.5,0.5,0.5,0.5,0.5,0.5,0.5,0.5,0.5,0.5
0.5,0.5,0.5,0.5,0.5,0.5,0.5,0.5,0.5,0.5,0.5,0.5,0.5,0.5,0.5,0.5,0.5,0.499999,0.499999,0.499998,0.499998,0.499996,0.499995,0.499993,0.499991,0.499988,0.499986,0.499983,0.499981,0.499979,0.499977,0.499976,0.499976,0.499977,0.499979,0.499981,0.499983,0.499986,0.499988,0.499991,0.499993,0.499995,0.499996,0.499998,0.499998,0.499999,0.499999,0.5,0.5,0.5,0.5,0.5,0.5,0.5,0.5,0.5,0.5,0.5,0.5,0.5,0.5,0.5,0.5,0.5
0.5,0.5,0.5,0.5,0.5,0.5,0.5,0.5,0.5,0.5,0.5,0.5,0.5,0.5,0.5,0.5,0.499999,0.499999,0.499998,0.499996,0.499994,0.499992,0.499989,0.499984,0.49998,0.499974,0.499968,0.499962,0.499957,0.499952,0.499948,0.499947,0.499947,0.499948,0.499952,0.499957,0.499962,0.499968,0.499974,0.49998,0.499984,0.499989,0.499992,0.499994,0.499996,0.499998,0.499999,0.499999,0.5,0.5,0.5,0.5,0.5,0.5,0.5,0.5,0.5,0.5,0.5,0.5,0.5,0.5,0.5,0.5
0.5,0.5,0.5,0.5,0.5,0.5,0.5,0.5,0.5,0.5,0.5,0.5,0.5,0.5,0.499999,0.499999,0.499998,0.499997,0.499995,0.499992,0.499988,0.499982,0.499975,0.499966,0.499956,0.499944,0.499931,0.499918,0.499906,0.499896,0.499889,0.499885,0.499885,0.499889,0.499896,0.499906,0.499918,0.499931,0.499944,0.499956,0.499966,0.499975,0.499982,0.499988,0.499992,0.499995,0.499997,0.499998,0.499999,0.499999,0.5,0.5,0.5,0.5,0.5,0.5,0.5,0.5,0.5,0.5,0.5,0.5,0.5,0.5
0.5,0.5,0.5,0.5,0.5,0.5,0.5,0.5,0.5,0.5,0.5,0.5,0.5,0.499999,0.499999,0.499998,0.499996,0.499993,0.499989,0.499983,0.499975,0.499963,0.499948,0.499929,0.499907,0.499882,0.499855,0.499829,0.499804,0.499783,0.499768,0.49976,0.49976,0.499768,0.499783,0.499804,0.499829,0.499855,0.499882,0.499907,0.499929,0.499948,0.499963,0.499975,0.499983,0.499989,0.499993,0.499996,0.499998,0.499999,0.499999,0.5,0.5,0.5,0.5,0.5,0.5,0.5,0.5,0.5,0.5,0.5,0.5,0.5
0.5,0.5,0.5,0.5,0.5,0.5,0.5,0.5,0.5,0.5,0.5,0.5,0.499999,0.499999,0.499997,0.499995,0.499992,0.499986,0.499978,0.499966,0.499948,0.499925,0.499894,0.499857,0.499812,0.499762,0.499709,0.499655,0.499606,0.499564,0.499534,0.499518,0.499518,0.499534,0.499564,0.499606,0.499655,0.499709,0.499762,0.499812,0.499857,0.499894,0.499925,0.499948,0.499966,0.499978,0.499986,0.499992,0.499995,0.499997,0.499999,0.499999,0.5,0.5,0.5,0.5,0.5,0.5,0.5,0.5,0.5,0.5,0.5,0.5
0.5,0.5,0.5,0.5,0.5,0.5,0.5,0.5,0.5,0.5,0.5,0.499999,0.499999,0.499997,0.499995,0.499991,0.499984,0.499973,0.499956,0.499932,0.499898,0.499853,0.499793,0.49972,0.499634,0.499537,0.499435,0.499332,0.499236,0.499156,0.499098,0.499067,0.499067,0.499098,0.499156,0.499236,0.499332,0.499435,0.499537,0.499634,0.49972,0.499793,0.499853,0.499898,0.499932,0.499956,0.499973,0.499984,0.499991,0.499995,0.499997,0.499999,0.499999,0.5,0.5,0.5,0.5,0.5,0.5,0.5,0.5,0.5,0.5,0.5
0.5,0.5,0.5,0.5,0.5,0.5,0.5,0.5,0.5,0.5,0.499999,0.499999,0.499997,0.499995,0.49999,0.499982,0.499969,0.499949,0.499917,0.499872,0.499808,0.499722,0.499611,0.499474,0.499314,0.499134,0.498942,0.498752,0.498575,0.498426,0.498319,0.498262,0.498262,0.498319,0.498426,0.498575,0.498752,0.498942,0.499134,0.499314,0.499474,0.499611,0.499722,0.499808,0.499872,0.499917,0.499949,0.499969,0.499982,0.49999,0.499995,0.499997,0.499999,0.499999,0.5,0.5,0.5,0.5,0.5,0.5,0.5,0.5,0.5,0.5
0.5,0.5,0.5,0.5,0.5,0.5,0.5,0.5,0.5,0.499999,0.499999,0.499997,0.499995,0.49999,0.499981,0.499967,0.499943,0.499906,0.499849,0.499766,0.49965,0.499494,0.499294,0.499048,0.498759,0.498436,0.498094,0.497752,0.497437,0.497171,0.496979,0.496879,0.496879,0.496979,0.497171,0.497437,0.497752,0.498094,0.498436,0.498759,0.499048,0.499294,0.499494,0.49965,0.499766,0.499849,0.499906,0.499943,0.499967,0.499981,0.49999,0.499995,0.499997,0.499999,0.499999,0.5,0.5,0.5,0.5,0.5,0.5,0.5,0.5,0.5
0.5,0.5,0.5,0.5,0.5,0.5,0.5,0.5,0.5,0.499999,0.499998,0.499995,0.499991,0.499982,0.499967,0.499941,0.499899,0.499833,0.499733,0.499587,0.499384,0.499112,0.498764,0.498337,0.497836,0.497277,0.496686,0.496098,0.495554,0.495098,0.494768,0.494595,0.494595,0.494768,0.495098,0.495554,0.496098,0.496686,0.497277,0.497836,0.498337,0.498764,0.499112,0.499384,0.499587,0.499733,0.499833,0.499899,0.499941,0.499967,0.499982,0.499991,0.499995,0.499998,0.499999,0.5,0.5,0.5,0.5,0.5,0.5,0.5,0.5,0.5
0.5,0.5,0.5,0.5,0.5,0.5,0.5,0.5,0.499999,0.499998,0.499996,0.499992,0.499984,0.499969,0.499943,0.499899,0.499827,0.499714,0.499544,0.499298,0.498955,0.498498,0.497913,0.497197,0.496359,0.495427,0.494443,0.493465,0.492562,0.491806,0.49126,0.490973,0.490973,0.49126,0.491806,0.492562,0.493465,0.494443,0.495427,0.496359,0.497197,0.497913,0.498498,0.498955,0.499298,0.499544,0.499714,0.499827,0.499899,0.499943,0.499969,0.499984,0.499992,0.499996,0.499998,0.499999,0.5,0.5,0.5,0.5,0.5,0.5,0.5,0.5
0.5,0.5,0.5,0.5,0.5,0.5,0.5,0.499999,0.499999,0.499997,0.499993,0.499986,0.499973,0.499949,0.499906,0.499833,0.499714,0.499529,0.49925,0.498848,0.498289,0.497546,0.496598,0.495441,0.49409,0.492589,0.491008,0.489441,0.487995,0.486785,0.485913,0.485455,0.485455,0.485913,0.486785,0.487995,0.489441,0.491008,0.492589,0.49409,0.495441,0.496598,0.497546,0.498289,0.498848,0.49925,0.499529,0.499714,0.499833,0.499906,0.499949,0.499973,0.499986,0.499993,0.499997,0.499999,0.499999,0.5,0.5,0.5,0.5,0.5,0.5,0.5
0.5,0.5,0.5,0.5,0.5,0.5,0.5,0.499999,0.499998,0.499995,0.499989,0.499978,0.499956,0.499917,0.499849,0.499733,0.499544,0.49925,0.49881,0.498175,0.497297,0.496131,0.494648,0.492842,0.490739,0.488408,0.485958,0.483532,0.481299,0.479431,0.478086,0.477381,0.477381,0.478086,0.479431,0.481299,0.483532,0.485958,0.488408,0.490739,0.492842,0.494648,0.496131,0.497297,0.498175,0.49881,0.49925,0.499544,0.499733,0.499849,0.499917,0.499956,0.499978,0.499989,0.499995,0.499998,0.499999,0.5,0.5,0.5,0.5,0.5,0.5,0.5
0.5,0.5,0.5,0.5,0.5,0.5,0.499999,0.499998,0.499996,0.499992,0.499983,0.499966,0.499932,0.499872,0.499766,0.499587,0.499298,0.498848,0.498175,0.497208,0.495875,0.494109,0.491869,0.489147,0.485987,0.482491,0.478823,0.475199,0.471868,0.469086,0.467084,0.466035,0.466035,0.467084,0.469086,0.471868,0.475199,0.478823,0.482491,0.485987,0.489147,0.491869,0.494109,0.495875,0.497208,0.498175,0.498848,0.499298,0.499587,0.499766,0.499872,0.499932,0.499966,0.499983,0.499992,0.499996,0.499998,0.499999,0.5,0.5,0.5,0.5,0.5,0.5
0.5,0.5,0.5,0.5,0.5,0.5,0.499999,0.499998,0.499994,0.499988,0.499975,0.499948,0.499898,0.499808,0.49965,0.499384,0.498955,0.498289,0.497297,0.495875,0.493918,0.491335,0.488066,0.484104,0.479515,0.474451,0.469148,0.463919,0.45912,0.455117,0.452238,0.450732,0.450732,0.452238,0.455117,0.45912,0.463919,0.469148,0.474451,0.479515,0.484104,0.488066,0.491335,0.493918,0.495875,0.497297,0.498289,0.498955,0.499384,0.49965,0.499808,0.499898,0.499948,0.499975,0.499988,0.499994,0.499998,0.499999,0.5,0.5,0.5,0.5,0.5,0.5
0.5,0.5,0.5,0.5,0.5,0.499999,0.499998,0.499996,0.499992,0.499982,0.499963,0.499925,0.499853,0.499722,0.499494,0.499112,0.498498,0.497546,0.496131,0.494109,0.491335,0.487682,0.483071,0.477498,0.471058,0.463967,0.456558,0.449266,0.442584,0.437017,0.433018,0.430926,0.430926,0.433018,0.437017,0.442584,0.449266,0.456558,0.463967,0.471058,0.477498,0.483071,0.487682,0.491335,0.494109,0.496131,0.497546,0.498498,0.499112,0.499494,0.499722,0.499853,0.499925,0.499963,0.499982,0.499992,0.499996,0.499998,0.499999,0.5,0.5,0.5,0.5,0.5
0.5,0.5,0.5,0.5,0.5,0.499999,0.499998,0.499995,0.499989,0.499975,0.499948,0.499894,0.499793,0.499611,0.499294,0.498764,0.497913,0.496598,0.494648,0.491869,0.488066,0.483071,0.476783,0.4692,0.460461,0.45086,0.440849,0.431014,0.422017,0.414531,0.409158,0.40635,0.40635,0.409158,0.414531,0.422017,0.431014,0.440849,0.45086,0.460461,0.4692,0.476783,0.483071,0.488066,0.491869,0.494648,0.496598,0.497913,0.498764,0.499294,0.499611,0.499793,0.499894,0.499948,0.499975,0.499989,0.499995,0.499998,0.499999,0.5,0.5,0.5,0.5,0.5
0.5,0.5,0.5,0.5,0.5,0.499999,0.499997,0.499993,0.499984,0.499966,0.499929,0.499857,0.49972,0.499474,0.499048,0.498337,0.497197,0.495441,0.492842,0.489147,0.484104,0.477498,0.4692,0.45922,0.447744,0.435165,0.422076,0.40924,0.397517,0.387776,0.380791,0.377143,0.377143,0.380791,0.387776,0.397517,0.40924,0.422076,0.435165,0.447744,0.45922,0.4692,0.477498,0.484104,0.489147,0.492842,0.495441,0.497197,0.498337,0.499048,0.499474,0.49972,0.499857,0.499929,0.499966,0.499984,0.499993,0.499997,0.499999,0.5,0.5,0.5,0.5,0.5
0.5,0.5,0.5,0.5,0.499999,0.499998,0.499996,0.499991,0.49998,0.499956,0.499907,0.499812,0.499634,0.499314,0.498759,0.497836,0.496359,0.49409,0.490739,0.485987,0.479515,0.471058,0.460461,0.447744,0.433154,0.417197,0.400627,0.384405,0.369612,0.357336,0.348542,0.343951,0.343951,0.348542,0.357336,0.369612,0.384405,0.400627,0.417197,0.433154,0.447744,0.460461,0.471058,0.479515,0.485987,0.490739,0.49409,0.496359,0.497836,0.498759,0.499314,0.499634,0.499812,0.499907,0.499956,0.49998,0.499991,0.499996,0.499998,0.499999,0.5,0.5,0.5,0.5
0.5,0.5,0.5,0.5,0.499999,0.499998,0.499995,0.499988,0.499974,0.499944,0.499882,0.499762,0.499537,0.499134,0.498436,0.497277,0.495427,0.492589,0.488408,0.482491,0.474451,0.463967,0.45086,0.435165,0.417197,0.397584,0.377256,0.35739,0.339301,0.324307,0.313575,0.307975,0.307975,0.313575,0.324307,0.339301,0.35739,0.377256,0.397584,0.417197,0.435165,0.45086,0.463967,0.474451,0.482491,0.488408,0.492589,0.495427,0.497277,0.498436,0.499134,0.499537,0.499762,0.499882,0.499944,0.499974,0.499988,0.499995,0.499998,0.499999,0.5,0.5,0.5,0.5
0.5,0.5,0.5,0.5,0.499999,0.499998,0.499994,0.499986,0.499968,0.499931,0.499855,0.499709,0.499435,0.498942,0.498094,0.496686,0.494443,0.491008,0.485958,0.478823,0.469148,0.456558,0.440849,0.422076,0.400627,0.377256,0.353076,0.329482,0.308028,0.290265,0.27756,0.270936,0.270936,0.27756,0.290265,0.308028,0.329482,0.353076,0.377256,0.400627,0.422076,0.440849,0.456558,0.469148,0.478823,0.485958,0.491008,0.494443,0.496686,0.498094,0.498942,0.499435,0.499709,0.499855,0.499931,0.499968,0.499986,0.499994,0.499998,0.499999,0.5,0.5,0.5,0.5
0.5,0.5,0.5,0.5,0.499999,0.499997,0.499993,0.499983,0.499962,0.499918,0.499829,0.499655,0.499332,0.498752,0.497752,0.496098,0.493465,0.489441,0.483532,0.475199,0.463919,0.449266,0.431014,0.40924,0.384405,0.35739,0.329482,0.302289,0.277591,0.257163,0.242564,0.234954,0.234954,0.242564,0.257163,0.277591,0.302289,0.329482,0.35739,0.384405,0.40924,0.431014,0.449266,0.463919,0.475199,0.483532,0.489441,0.493465,0.496098,0.497752,0.498752,0.499332,0.499655,0.499829,0.499918,0.499962,0.499983,0.499993,0.499997,0.499999,0.5,0.5,0.5,0.5
0.5,0.5,0.5,0.499999,0.499999,0.499997,0.499992,0.499981,0.499957,0.499906,0.499804,0.499606,0.499236,0.498575,0.497437,0.495554,0.492562,0.487995,0.481299,0.471868,0.45912,0.442584,0.422017,0.397517,0.369612,0.339301,0.308028,0.277591,0.249977,0.227156,0.210856,0.202364,0.202364,0.210856,0.227156,0.249977,0.277591,0.308028,0.339301,0.369612,0.397517,0.422017,0.442584,0.45912,0.471868,0.481299,0.487995,0.492562,0.495554,0.497437,0.498575,0.499236,0.499606,0.499804,0.499906,0.499957,0.499981,0.499992,0.499997,0.499999,0.499999,0.5,0.5,0.5
0.5,0.5,0.5,0.499999,0.499998,0.499996,0.499991,0.499979,0.499952,0.499896,0.499783,0.499564,0.499156,0.498426,0.497171,0.495098,0.491806,0.486785,0.479431,0.469086,0.455117,0.437017,0.414531,0.387776,0.357336,0.324307,0.290265,0.257163,0.227156,0.202372,0.18468,0.175465,0.175465,0.18468,0.202372,0.227156,0.257163,0.290265,0.324307,0.357336,0.387776,0.414531,0.437017,0.455117,0.469086,0.479431,0.486785,0.491806,0.495098,0.497171,0.498426,0.499156,0.499564,0.499783,0.499896,0.499952,0.499979,0.499991,0.499996,0.499998,0.499999,0.5,0.5,0.5
0.5,0.5,0.5,0.499999,0.499998,0.499996,0.49999,0.499977,0.499948,0.499889,0.499768,0.499534,0.499098,0.498319,0.496979,0.494768,0.49126,0.485913,0.478086,0.467084,0.452238,0.433018,0.409158,0.380791,0.348542,0.313575,0.27756,0.242564,0.210856,0.18468,0.166001,0.156274,0.156274,0.166001,0.18468,0.210856,0.242564,0.27756,0.313575,0.348542,0.380791,0.409158,0.433018,0.452238,0.467084,0.478086,0.485913,0.49126,0.494768,0.496979,0.498319,0.499098,0.499534,0.499768,0.499889,0.499948,0.499977,0.49999,0.499996,0.499998,0.499999,0.5,0.5,0.5
0.5,0.5,0.5,0.499999,0.499998,0.499996,0.49999,0.499976,0.499947,0.499885,0.49976,0.499518,0.499067,0.498262,0.496879,0.494595,0.490973,0.485455,0.477381,0.466035,0.450732,0.430926,0.40635,0.377143,0.343951,0.307975,0.270936,0.234954,0.202364,0.175465,0.156274,0.146281,0.146281,0.156274,0.175465,0.202364,0.234954,0.270936,0.307975,0.343951,0.377143,0.40635,0.430926,0.450732,0.466035,0.477381,0.485455,0.490973,0.494595,0.496879,0.498262,0.499067,0.499518,0.49976,0.499885,0.499947,0.499976,0.49999,0.499996,0.499998,0.499999,0.5,0.5,0.5
0.5,0.5,0.5,0.499999,0.499998,0.499996,0.49999,0.499976,0.499947,0.499885,0.49976,0.499518,0.499067,0.498262,0.496879,0.494595,0.490973,0.485455,0.477381,0.466035,0.450732,0.430926,0.40635,0.377143,0.343951,0.307975,0.270936,0.234954,0.202364,0.175465,0.156274,0.146281,0.146281,0.156274,0.175465,0.202364,0.234954,0.270936,0.307975,0.343951,0.377143,0.40635,0.430926,0.450732,0.466035,0.477381,0.485455,0.490973,0.494595,0.496879,0.498262,0.499067,0.499518,0.49976,0.499885,0.499947,0.499976,0.49999,0.499996,0.499998,0.499999,0.5,0.5,0.5
0.5,0.5,0.5,0.499999,0.499998,0.499996,0.49999,0.499977,0.499948,0.499889,0.499768,0.499534,0.499098,0.498319,0.496979,0.494768,0.49126,0.485913,0.478086,0.467084,0.452238,0.433018,0.409158,0.380791,0.348542,0.313575,0.27756,0.242564,0.210856,0.18468,0.166001,0.156274,0.156274,0.166001,0.18468,0.210856,0.242564,0.27756,0.313575,0.348542,0.380791,0.409158,0.433018,0.452238,0.467084,0.478086,0.485913,0.49126,0.494768,0.496979,0.498319,0.499098,0.499534,0.499768,0.499889,0.499948,0.499977,0.49999,0.499996,0.499998,0.499999,0.5,0.5,0.5
0.5,0.5,0.5,0.499999,0.499998,0.499996,0.499991,0.499979,0.499952,0.499896,0.499783,0.499564,0.499156,0.498426,0.497171,0.495098,0.491806,0.486785,0.479431,0.469086,0.455117,0.437017,0.414531,0.387776,0.357336,0.324307,0.290265,0.257163,0.227156,0.202372,0.18468,0.175465,0.175465,0.18468,0.202372,0.227156,0.257163,0.290265,0.324307,0.357336,0.387776,0.414531,0.437017,0.455117,0.469086,0.479431,0.486785,0.491806,0.495098,0.497171,0.498426,0.499156,0.499564,0.499783,0.499896,0.499952,0.499979,0.499991,0.499996,0.499998,0.499999,0.5,0.5,0.5
0.5,0.5,0.5,0.499999,0.499999,0.499997,0.499992,0.499981,0.499957,0.499906,0.499804,0.499606,0.499236,0.498575,0.497437,0.495554,0.492562,0.487995,0.481299,0.471868,0.45912,0.442584,0.422017,0.397517,0.369612,0.339301,0.308028,0.277591,0.249977,0.227156,0.210856,0.202364,0.202364,0.210856,0.227156,0.249977,0.277591,0.308028,0.339301,0.369612,0.397517,0.422017,0.442584,0.45912,0.471868,0.481299,0.487995,0.492562,0.495554,0.497437,0.498575,0.499236,0.499606,0.499804,0.499906,0.499957,0.499981,0.499992,0.499997,0.499999,0.499999,0.5,0.5,0.5
0.5,0.5,0.5,0.5,0.499999,0.499997,0.499993,0.499983,0.499962,0.499918,0.499829,0.499655,0.499332,0.498752,0.497752,0.496098,0.493465,0.489441,0.483532,0.475199,0.463919,0.449266,0.431014,0.40924,0.384405,0.35739,0.329482,0.302289,0.277591,0.257163,0.242564,0.234954,0.234954,0.242564,0.257163,0.277591,0.302289,0.329482,0.35739,0.384405,0.40924,0.431014,0.449266,0.463919,0.475199,0.483532,0.489441,0.493465,0.496098,0.497752,0.498752,0.499332,0.499655,0.499829,0.499918,0.499962,0.499983,0.499993,0.499997,0.499999,0.5,0.5,0.5,0.5
0.5,0.5,0.5,0.5,0.499999,0.499998,0.499994,0.499986,0.499968,0.499931,0.499855,0.499709,0.499435,0.498942,0.498094,0.496686,0.494443,0.491008,0.485958,0.478823,0.469148,0.456558,0.440849,0.422076,0.400627,0.377256,0.353076,0.329482,0.308028,0.290265,0.27756,0.270936,0.270936,0.27756,0.290265,0.308028,0.329482,0.353076,0.377256,0.400627,0.422076,0.440849,0.456558,0.469148,0.478823,0.485958,0.491008,0.494443,0.496686,0.498094,0.498942,0.499435,0.499709,0.499855,0.499931,0.499968,0.499986,0.499994,0.499998,0.499999,0.5,0.5,0.5,0.5
0.5,0.5,0.5,0.5,0.499999,0.499998,0.499995,0.499988,0.499974,0.499944,0.499882,0.499762,0.499537,0.499134,0.498436,0.497277,0.495427,0.492589,0.488408,0.482491,0.474451,0.463967,0.45086,0.435165,0.417197,0.397584,0.377256,0.35739,0.339301,0.324307,0.313575,0.307975,0.307975,0.313575,0.324307,0.339301,0.35739,0.377256,0.397584,0.417197,0.435165,0.45086,0.463967,0.474451,0.482491,0.488408,0.492589,0.495427,0.497277,0.498436,0.499134,0.499537,0.499762,0.499882,0.499944,0.499974,0.499988,0.499995,0.499998,0.499999,0.5,0.5,0.5,0.5
0.5,0.5,0.5,0.5,0.499999,0.499998,0.499996,0.499991,0.49998,0.499956,0.499907,0.499812,0.499634,0.499314,0.498759,0.497836,0.496359,0.49409,0.490739,0.485987,0.479515,0.471058,0.460461,0.447744,0.433154,0.417197,0.400627,0.384405,0.369612,0.357336,0.348542,0.343951,0.343951,0.348542,0.357336,0.369612,0.384405,0.400627,0.417197,0.433154,0.447744,0.460461,0.471058,0.479515,0.485987,0.490739,0.49409,0.496359,0.497836,0.498759,0.499314,0.499634,0.499812,0.499907,0.499956,0.49998,0.499991,0.499996,0.499998,0.499999,0.5,0.5,0.5,0.5
0.5,0.5,0.5,0.5,0.5,0.499999,0.499997,0.499993,0.499984,0.499966,0.499929,0.499857,0.49972,0.499474,0.499048,0.498337,0.497197,0.495441,0.492842,0.489147,0.484104,0.477498,0.4692,0.45922,0.447744,0.435165,0.422076,0.40924,0.397517,0.387776,0.380791,0.377143,0.377143,0.380791,0.387776,0.397517,0.40924,0.422076,0.435165,0.447744,0.45922,0.4692,0.477498,0.484104,0.489147,0.492842,0.495441,0.497197,0.498337,0.499048,0.499474,0.49972,0.499857,0.499929,0.499966,0.499984,0.499993,0.499997,0.499999,0.5,0.5,0.5,0.5,0.5
0.5,0.5,0.5,0.5,0.5,0.499999,0.499998,0.499995,0.499989,0.499975,0.499948,0.499894,0.499793,0.499611,0.499294,0.498764,0.497913,0.496598,0.494648,0.491869,0.488066,0.483071,0.476783,0.4692,0.460461,0.45086,0.440849,0.431014,0.422017,0.414531,0.409158,0.40635,0.40635,0.409158,0.414531,0.422017,0.431014,0.440849,0.45086,0.460461,0.4692,0.476783,0.483071,0.488066,0.491869,0.494648,0.496598,0.497913,0.498764,0.499294,0.499611,0.499793,0.499894,0.499948,0.499975,0.499989,0.499995,0.499998,0.499999,0.5,0.5,0.5,0.5,0.5
0.5,0.5,0.5,0.5,0.5,0.499999,0.499998,0.499996,0.499992,0.499982,0.499963,0.499925,0.499853,0.499722,0.499494,0.499112,0.498498,0.497546,0.496131,0.494109,0.491335,0.487682,0.483071,0.477498,0.471058,0.463967,0.456558,0.449266,0.442584,0.437017,0.433018,0.430926,0.430926,0.433018,0.437017,0.442584,0.449266,0.456558,0.463967,0.471058,0.477498,0.483071,0.487682,0.491335,0.494109,0.496131,0.497546,0.498498,0.499112,0.499494,0.499722,0.499853,0.499925,0.499963,0.499982,0.499992,0.499996,0.499998,0.499999,0.5,0.5,0.5,0.5,0.5
0.5,0.5,0.5,0.5,0.5,0.5,0.499999,0.499998,0.499994,0.499988,0.499975,0.499948,0.499898,0.499808,0.49965,0.499384,0.498955,0.498289,0.497297,0.495875,0.493918,0.491335,0.488066,0.484104,0.479515,0.474451,0.469148,0.463919,0.45912,0.455117,0.452238,0.450732,0.450732,0.452238,0.455117,0.45912,0.463919,0.469148,0.474451,0.479515,0.484104,0.488066,0.491335,0.493918,0.495875,0.497297,0.498289,0.498955,0.499384,0.49965,0.499808,0.499898,0.499948,0.499975,0.499988,0.499994,0.499998,0.499999,0.5,0.5,0.5,0.5,0.5,0.5
0.5,0.5,0.5,0.5,0.5,0.5,0.499999,0.499998,0.499996,0.499992,0.499983,0.499966,0.499932,0.499872,0.499766,0.499587,0.499298,0.498848,0.498175,0.497208,0.495875,0.494109,0.491869,0.489147,0.485987,0.482491,0.478823,0.475199,0.471868,0.469086,0.467084,0.466035,0.466035,0.467084,0.469086,0.471868,0.475199,0.478823,0.482491,0.485987,0.489147,0.491869,0.494109,0.495875,0.497208,0.498175,0.498848,0.499298,0.499587,0.499766,0.499872,0.499932,0.499966,0.499983,0.499992,0.499996,0.499998,0.499999,0.5,0.5,0.5,0.5,0.5,0.5
0.5,0.5,0.5,0.5,0.5,0.5,0.5,0.499999,0.499998,0.499995,0.499989,0.499978,0.499956,0.499917,0.499849,0.499733,0.499544,0.49925,0.49881,0.498175,0.497297,0.496131,0.494648,0.492842,0.490739,0.488408,0.485958,0.483532,0.481299,0.479431,0.478086,0.477381,0.477381,0.478086,0.479431,0.481299,0.483532,0.485958,0.488408,0.490739,0.492842,0.494648,0.496131,0.497297,0.498175,0.49881,0.49925,0.499544,0.499733,0.499849,0.499917,0.499956,0.499978,0.499989,0.499995,0.499998,0.499999,0.5,0.5,0.5,0.5,0.5,0.5,0.5
0.5,0.5,0.5,0.5,0.5,0.5,0.5,0.499999,0.499999,0.499997,0.499993,0.499986,0.499973,0.499949,0.499906,0.499833,0.499714,0.499529,0.49925,0.498848,0.498289,0.497546,0.496598,0.495441,0.49409,0.492589,0.491008,0.489441,0.487995,0.486785,0.485913,0.485455,0.485455,0.485913,0.486785,0.487995,0.489441,0.491008,0.492589,0.49409,0.495441,0.496598,0.497546,0.498289,0.498848,0.49925,0.499529,0.499714,0.499833,0.499906,0.499949,0.499973,0.499986,0.499993,0.499997,0.499999,0.499999,0.5,0.5,0.5,0.5,0.5,0.5,0.5
0.5,0.5,0.5,0.5,0.5,0.5,0.5,0.5,0.499999,0.499998,0.499996,0.499992,0.499984,0.499969,0.499943,0.499899,0.499827,0.499714,0.499544,0.499298,0.498955,0.498498,0.497913,0.497197,0.496359,0.495427,0.494443,0.493465,0.492562,0.491806,0.49126,0.490973,0.490973,0.49126,0.491806,0.492562,0.493465,0.494443,0.495427,0.496359,0.497197,0.497913,0.498498,0.498955,0.499298,0.499544,0.499714,0.499827,0.499899,0.499943,0.499969,0.499984,0.499992,0.499996,0.499998,0.499999,0.5,0.5,0.5,0.5,0.5,0.5,0.5,0.5
0.5,0.5,0.5,0.5,0.5,0.5,0.5,0.5,0.5,0.499999,0.499998,0.499995,0.499991,0.499982,0.499967,0.499941,0.499899,0.499833,0.499733,0.499587,0.499384,0.499112,0.498764,0.498337,0.497836,0.497277,0.496686,0.496098,0.495554,0.495098,0.494768,0.494595,0.494595,0.494768,0.495098,0.495554,0.496098,0.496686,0.497277,0.497836,0.498337,0.498764,0.499112,0.499384,0.499587,0.499733,0.499833,0.499899,0.499941,0.499967,0.499982,0.499991,0.499995,0.499998,0.499999,0.5,0.5,0.5,0.5,0.5,0.5,0.5,0.5,0.5
0.5,0.5,0.5,0.5,0.5,0.5,0.5,0.5,0.5,0.499999,0.499999,0.499997,0.499995,0.49999,0.499981,0.499967,0.499943,0.499906,0.499849,0.499766,0.49965,0.499494,0.499294,0.499048,0.498759,0.498436,0.498094,0.497752,0.497437,0.497171,0.496979,0.496879,0.496879,0.496979,0.497171,0.497437,0.497752,0.498094,0.498436,0.498759,0.499048,0.499294,0.499494,0.49965,0.499766,0.499849,0.499906,0.499943,0.499967,0.499981,0.49999,0.499995,0.499997,0.499999,0.499999,0.5,0.5,0.5,0.5,0.5,0.5,0.5,0.5,0.5
0.5,0.5,0.5,0.5,0.5,0.5,0.5,0.5,0.5,0.5,0.499999,0.499999,0.499997,0.499995,0.49999,0.499982,0.499969,0.499949,0.499917,0.499872,0.499808,0.499722,0.499611,0.499474,0.499314,0.499134,0.498942,0.498752,0.498575,0.498426,0.498319,0.498262,0.498262,0.498319,0.498426,0.498575,0.498752,0.498942,0.499134,0.499314,0.499474,0.499611,0.499722,0.499808,0.499872,0.499917,0.499949,0.499969,0.499982,0.49999,0.499995,0.499997,0.499999,0.499999,0.5,0.5,0.5,0.5,0.5,0.5,0.5,0.5,0.5,0.5
0.5,0.5,0.5,0.5,0.5,0.5,0.5,0.5,0.5,0.5,0.5,0.499999,0.499999,0.499997,0.499995,0.499991,0.499984,0.499973,0.499956,0.499932,0.499898,0.499853,0.499793,0.49972,0.499634,0.499537,0.499435,0.499332,0.499236,0.499156,0.499098,0.499067,0.499067,0.499098,0.499156,0.499236,0.499332,0.499435,0.499537,0.499634,0.49972,0.499793,0.499853,0.499898,0.499932,0.499956,0.499973,0.499984,0.499991,0.499995,0.499997,0.499999,0.499999,0.5,0.5,0.5,0.5,0.5,0.5,0.5,0.5,0.5,0.5,0.5
0.5,0.5,0.5,0.5,0.5,0.5,0.5,0.5,0.5,0.5,0.5,0.5,0.499999,0.499999,0.499997,0.499995,0.499992,0.499986,0.499978,0.499966,0.499948,0.499925,0.499894,0.499857,0.499812,0.499762,0.499709,0.499655,0.499606,0.499564,0.499534,0.499518,0.499518,0.499534,0.499564,0.499606,0.499655,0.499709,0.499762,0.499812,0.499857,0.499894,0.499925,0.499948,0.499966,0.499978,0.499986,0.499992,0.499995,0.499997,0.499999,0.499999,0.5,0.5,0.5,0.5,0.5,0.5,0.5,0.5,0.5,0.5,0.5,0.5
0.5,0.5,0.5,0.5,0.5,0.5,0.5,0.5,0.5,0.5,0.5,0.5,0.5,0.499999,0.499999,0.499998,0.499996,0.499993,0.499989,0.499983,0.499975,0.499963,0.499948,0.499929,0.499907,0.499882,0.499855,0.499829,0.499804,0.499783,0.499768,0.49976,0.49976,0.499768,0.499783,0.499804,0.499829,0.499855,0.499882,0.499907,0.499929,0.499948,0.499963,0.499975,0.499983,0.499989,0.499993,0.499996,0.499998,0.499999,0.499999,0.5,0.5,0.5,0.5,0.5,0.5,0.5,0.5,0.5,0.5,0.5,0.5,0.5
0.5,0.5,0.5,0.5,0.5,0.5,0.5,0.5,0.5,0.5,0.5,0.5,0.5,0.5,0.499999,0.499999,0.499998,0.499997,0.499995,0.499992,0.499988,0.499982,0.499975,0.499966,0.499956,0.499944,0.499931,0.499918,0.499906,0.499896,0.499889,0.499885,0.499885,0.499889,0.499896,0.499906,0.499918,0.499931,0.499944,0.499956,0.499966,0.499975,0.499982,0.499988,0.499992,0.499995,0.499997,0.499998,0.499999,0.499999,0.5,0.5,0.5,0.5,0.5,0.5,0.5,0.5,0.5,0.5,0.5,0.5,0.5,0.5
0.5,0.5,0.5,0.5,0.5,0.5,0.5,0.5,0.5,0.5,0.5,0.5,0.5,0.5,0.5,0.5,0.499999,0.499999,0.499998,0.499996,0.499994,0.499992,0.499989,0.499984,0.49998,0.499974,0.499968,0.499962,0.499957,0.499952,0.499948,0.499947,0.499947,0.499948,0.499952,0.499957,0.499962,0.499968,0.499974,0.49998,0.499984,0.499989,0.499992,0.499994,0.499996,0.499998,0.499999,0.499999,0.5,0.5,0.5,0.5,0.5,0.5,0.5,0.5,0.5,0.5,0.5,0.5,0.5,0.5,0.5,0.5
0.5,0.5,0.5,0.5,0.5,0.5,0.5,0.5,0.5,0.5,0.5,0.5,0.5,0.5,0.5,0.5,0.5,0.499999,0.499999,0.499998,0.499998,0.499996,0.499995,0.499993,0.499991,0.499988,0.499986,0.499983,0.499981,0.499979,0.499977,0.499976,0.499976,0.499977,0.499979,0.499981,0.499983,0.499986,0.499988,0.499991,0.499993,0.499995,0.499996,0.499998,0.499998,0.499999,0.499999,0.5,0.5,0.5,0.5,0.5,0.5,0.5,0.5,0.5,0.5,0.5,0.5,0.5,0.5,0.5,0.5,0.5
0.5,0.5,0.5,0.5,0.5,0.5,0.5,0.5,0.5,0.5,0.5,0.5,0.5,0.5,0.5,0.5,0.5,0.5,0.5,0.499999,0.499999,0.499998,0.499998,0.499997,0.499996,0.499995,0.499994,0.499993,0.499992,0.499991,0.49999,0.49999,0.49999,0.49999,0.499991,0.499992,0.499993,0.499994,0.499995,0.499996,0.499997,0.499998,0.499998,0.499999,0.499999,0.5,0.5,0.5,0.5,0.5,0.5,0.5,0.5,0.5,0.5,0.5,0.5,0.5,0.5,0.5,0.5,0.5,0.5,0.5
0.5,0.5,0.5,0.5,0.5,0.5,0.5,0.5,0.5,0.5,0.5,0.5,0.5,0.5,0.5,0.5,0.5,0.5,0.5,0.5,0.5,0.499999,0.499999,0.499999,0.499998,0.499998,0.499998,0.499997,0.499997,0.499996,0.499996,0.499996,0.499996,0.499996,0.499996,0.499997,0.499997,0.499998,0.499998,0.499998,0.499999,0.499999,0.499999,0.5,0.5,0.5,0.5,0.5,0.5,0.5,0.5,0.5,0.5,0.5,0.5,0.5,0.5,0.5,0.5,0.5,0.5,0.5,0.5,0.5
0.5,0.5,0.5,0.5,0.5,0.5,0.5,0.5,0.5,0.5,0.5,0.5,0.5,0.5,0.5,0.5,0.5,0.5,0.5,0.5,0.5,0.5,0.5,0.5,0.499999,0.499999,0.499999,0.499999,0.499999,0.499998,0.499998,0.499998,0.499998,0.499998,0.499998,0.499999,0.499999,0.499999,0.499999,0.499999,0.5,0.5,0.5,0.5,0.5,0.5,0.5,0.5,0.5,0.5,0.5,0.5,0.5,0.5,0.5,0.5,0.5,0.5,0.5,0.5,0.5,0.5,0.5,0.5
0.5,0.5,0.5,0.5,0.5,0.5,0.5,0.5,0.5,0.5,0.5,0.5,0.5,0.5,0.5,0.5,0.5,0.5,0.5,0.5,0.5,0.5,0.5,0.5,0.5,0.5,0.5,0.5,0.499999,0.499999,0.499999,0.499999,0.499999,0.499999,0.499999,0.499999,0.5,0.5,0.5,0.5,0.5,0.5,0.5,0.5,0.5,0.5,0.5,0.5,0.5,0.5,0.5,0.5,0.5,0.5,0.5,0.5,0.5,0.5,0.5,0.5,0.5,0.5,0.5,0.5
0.5,0.5,0.5,0.5,0.5,0.5,0.5,0.5,0.5,0.5,0.5,0.5,0.5,0.5,0.5,0.5,0.5,0.5,0.5,0.5,0.5,0.5,0.5,0.5,0.5,0.5,0.5,0.5,0.5,0.5,0.5,0.5,0.5,0.5,0.5,0.5,0.5,0.5,0.5,0.5,0.5,0.5,0.5,0.5,0.5,0.5,0.5,0.5,0.5,0.5,0.5,0.5,0.5,0.5,0.5,0.5,0.5,0.5,0.5,0.5,0.5,0.5,0.5,0.5
0.5,0.5,0.5,0.5,0.5,0.5,0.5,0.5,0.5,0.5,0.5,0.5,0.5,0.5,0.5,0.5,0.5,0.5,0.5,0.5,0.5,0.5,0.5,0.5,0.5,0.5,0.5,0.5,0.5,0.5,0.5,0.5,0.5,0.5,0.5,0.5,0.5,0.5,0.5,0.5,0.5,0.5,0.5,0.5,0.5,0.5,0.5,0.5,0.5,0.5,0.5,0.5,0.5,0.5,0.5,0.5,0.5,0.5,0.5,0.5,0.5,0.5,0.5,0.5
0.5,0.5,0.5,0.5,0.5,0.5,0.5,0.5,0.5,0.5,0.5,0.5,0.5,0.5,0.5,0.5,0.5,0.5,0.5,0.5,0.5,0.5,0.5,0.5,0.5,0.5,0.5,0.5,0.5,0.5,0.5,0.5,0.5,0.5,0.5,0.5,0.5,0.5,0.5,0.5,0.5,0.5,0.5,0.5,0.5,0.5,0.5,0.5,0.5,0.5,0.5,0.5,0.5,0.5,0.5,0.5,0.5,0.5,0.5,0.5,0.5,0.5,0.5,0.5
