0.499999,0.499999,0.499999,0.499997,0.499995,0.499992,0.499985,0.499975,0.499957,0.49993,0.499889,0.499829,0.499741,0.499619,0.499452,0.499231,0.498946,0.498587,0.498148,0.497626,0.497021,0.49634,0.495593,0.4948,0.493983,0.49317,0.492392,0.491681,0.491067,0.490579,0.49024,0.490066,0.490066,0.49024,0.490579,0.491067,0.491681,0.492392,0.49317,0.493983,0.4948,0.495593,0.49634,0.497021,0.497626,0.498148,0.498587,0.498946,0.499231,0.499452,0.499619,0.499741,0.499829,0.499889,0.49993,0.499957,0.499975,0.499985,0.499992,0.499995,0.499997,0.499999,0.499999,0.499999
0.499999,0.499999,0.499999,0.499997,0.499995,0.499992,0.499985,0.499975,0.499957,0.49993,0.499889,0.499829,0.499741,0.499619,0.499452,0.499231,0.498946,0.498587,0.498148,0.497626,0.497021,0.49634,0.495593,0.4948,0.493983,0.49317,0.492392,0.491681,0.491067,0.490579,0.49024,0.490066,0.490066,0.49024,0.490579,0.491067,0.491681,0.492392,0.49317,0.493983,0.4948,0.495593,0.49634,0.497021,0.497626,0.498148,0.498587,0.498946,0.499231,0.499452,0.499619,0.499741,0.499829,0.499889,0.49993,0.499957,0.499975,0.499985,0.499992,0.499995,0.499997,0.499999,0.499999,0.499999
0.499999,0.499999,0.499998,0.499996,0.499993,0.499988,0.499979,0.499964,0.49994,0.499903,0.499847,0.499765,0.499648,0.499485,0.499264,0.498974,0.498603,0.49814,0.497577,0.496912,0.496147,0.495291,0.494359,0.493373,0.492364,0.491364,0.490411,0.489542,0.488795,0.488203,0.487792,0.487582,0.487582,0.487792,0.488203,0.488795,0.489542,0.490411,0.491364,0.492364,0.493373,0.494359,0.495291,0.496147,0.496912,0.497577,0.49814,0.498603,0.498974,0.499264,0.499485,0.499648,0.499765,0.499847,0.499903,0.49994,0.499964,0.499979,0.499988,0.499993,0.499996,0.499998,0.499999,0.499999
0.499997,0.499997,0.499996,0.499994,0.499988,0.49998,0.499964,0.49994,0.499901,0.499841,0.499752,0.499622,0.499439,0.499186,0.498849,0.498409,0.497852,0.497164,0.496337,0.495369,0.494266,0.493041,0.49172,0.490334,0.488924,0.487537,0.486223,0.485031,0.484011,0.483205,0.482646,0.482361,0.482361,0.482646,0.483205,0.484011,0.485031,0.486223,0.487537,0.488924,0.490334,0.49172,0.493041,0.494266,0.495369,0.496337,0.497164,0.497852,0.498409,0.498849,0.499186,0.499439,0.499622,0.499752,0.499841,0.499901,0.49994,0.499964,0.49998,0.499988,0.499994,0.499996,0.499997,0.499997
0.499995,0.499995,0.499993,0.499988,0.499979,0.499964,0.499938,0.499896,0.49983,0.49973,0.499581,0.499368,0.499069,0.498663,0.498125,0.497432,0.496563,0.4955,0.494235,0.492769,0.491114,0.489295,0.487348,0.485324,0.483281,0.481285,0.479404,0.47771,0.476265,0.475127,0.474341,0.47394,0.47394,0.474341,0.475127,0.476265,0.47771,0.479404,0.481285,0.483281,0.485324,0.487348,0.489295,0.491114,0.492769,0.494235,0.4955,0.496563,0.497432,0.498125,0.498663,0.499069,0.499368,0.499581,0.49973,0.49983,0.499896,0.499938,0.499964,0.499979,0.499988,0.499993,0.499995,0.499995
0.499992,0.499992,0.499988,0.49998,0.499964,0.499937,0.499892,0.499821,0.49971,0.499544,0.499299,0.498951,0.498469,0.49782,0.496969,0.495884,0.494536,0.492906,0.490986,0.488781,0.486316,0.483632,0.480785,0.47785,0.47491,0.472058,0.469389,0.466997,0.464967,0.463374,0.462278,0.461719,0.461719,0.462278,0.463374,0.464967,0.466997,0.469389,0.472058,0.47491,0.47785,0.480785,0.483632,0.486316,0.488781,0.490986,0.492906,0.494536,0.495884,0.496969,0.49782,0.498469,0.498951,0.499299,0.499544,0.49971,0.499821,0.499892,0.499937,0.499964,0.49998,0.499988,0.499992,0.499992
0.499985,0.499985,0.499979,0.499964,0.499938,0.499892,0.499818,0.4997,0.499518,0.499247,0.498853,0.498299,0.497538,0.496524,0.49521,0.49355,0.49151,0.489068,0.486221,0.482986,0.479405,0.475541,0.471482,0.467332,0.463211,0.459242,0.455554,0.452266,0.449491,0.447322,0.445833,0.445075,0.445075,0.445833,0.447322,0.449491,0.452266,0.455554,0.459242,0.463211,0.467332,0.471482,0.475541,0.479405,0.482986,0.486221,0.489068,0.49151,0.49355,0.49521,0.496524,0.497538,0.498299,0.498853,0.499247,0.499518,0.4997,0.499818,0.499892,0.499938,0.499964,0.499979,0.499985,0.499985
0.499975,0.499975,0.499964,0.49994,0.499896,0.499821,0.4997,0.499509,0.499219,0.49879,0.498173,0.497313,0.496146,0.494606,0.492631,0.490164,0.487164,0.483613,0.479516,0.47491,0.469864,0.464476,0.45887,0.453192,0.447601,0.442261,0.437333,0.43297,0.429305,0.426453,0.424501,0.42351,0.42351,0.424501,0.426453,0.429305,0.43297,0.437333,0.442261,0.447601,0.453192,0.45887,0.464476,0.469864,0.47491,0.479516,0.483613,0.487164,0.490164,0.492631,0.494606,0.496146,0.497313,0.498173,0.49879,0.499219,0.499509,0.4997,0.499821,0.499896,0.49994,0.499964,0.499975,0.499975
0.499957,0.499957,0.49994,0.499901,0.49983,0.49971,0.499518,0.499219,0.498768,0.498107,0.497168,0.495871,0.49413,0.491859,0.488977,0.485418,0.48114,0.476132,0.47042,0.464071,0.457192,0.449926,0.442445,0.434944,0.427628,0.420701,0.414359,0.408782,0.404125,0.400518,0.398058,0.396812,0.396812,0.398058,0.400518,0.404125,0.408782,0.414359,0.420701,0.427628,0.434944,0.442445,0.449926,0.457192,0.464071,0.47042,0.476132,0.48114,0.485418,0.488977,0.491859,0.49413,0.495871,0.497168,0.498107,0.498768,0.499219,0.499518,0.49971,0.49983,0.499901,0.49994,0.499957,0.499957
0.49993,0.49993,0.499903,0.499841,0.49973,0.499544,0.499247,0.49879,0.498107,0.497118,0.495726,0.493825,0.491302,0.488048,0.483965,0.478983,0.473066,0.466222,0.45851,0.450041,0.440973,0.431506,0.421872,0.412316,0.403092,0.394442,0.386592,0.379742,0.37406,0.369682,0.366707,0.365203,0.365203,0.366707,0.369682,0.37406,0.379742,0.386592,0.394442,0.403092,0.412316,0.421872,0.431506,0.440973,0.450041,0.45851,0.466222,0.473066,0.478983,0.483965,0.488048,0.491302,0.493825,0.495726,0.497118,0.498107,0.49879,0.499247,0.499544,0.49973,0.499841,0.499903,0.49993,0.49993
0.499889,0.499889,0.499847,0.499752,0.499581,0.499299,0.498853,0.498173,0.497168,0.495726,0.49372,0.49101,0.487456,0.482924,0.477308,0.470539,0.4626,0.453534,0.443449,0.432517,0.420962,0.409052,0.397081,0.38535,0.374156,0.363771,0.354439,0.346366,0.33972,0.334628,0.331185,0.329448,0.329448,0.331185,0.334628,0.33972,0.346366,0.354439,0.363771,0.374156,0.38535,0.397081,0.409052,0.420962,0.432517,0.443449,0.453534,0.4626,0.470539,0.477308,0.482924,0.487456,0.49101,0.49372,0.495726,0.497168,0.498173,0.498853,0.499299,0.499581,0.499752,0.499847,0.499889,0.499889
0.499829,0.499829,0.499765,0.499622,0.499368,0.498951,0.498299,0.497313,0.495871,0.493825,0.49101,0.487252,0.48238,0.476245,0.468739,0.459808,0.449471,0.437827,0.425053,0.411396,0.397163,0.382696,0.368353,0.354487,0.341422,0.329449,0.31881,0.309697,0.302258,0.2966,0.292792,0.290878,0.290878,0.292792,0.2966,0.302258,0.309697,0.31881,0.329449,0.341422,0.354487,0.368353,0.382696,0.397163,0.411396,0.425053,0.437827,0.449471,0.459808,0.468739,0.476245,0.48238,0.487252,0.49101,0.493825,0.495871,0.497313,0.498299,0.498951,0.499368,0.499622,0.499765,0.499829,0.499829
0.499741,0.499741,0.499648,0.499439,0.499069,0.498469,0.497538,0.496146,0.49413,0.491302,0.487456,0.48238,0.475881,0.467802,0.458046,0.446597,0.433532,0.419026,0.403346,0.386835,0.369887,0.352924,0.336362,0.320589,0.305944,0.292708,0.281097,0.271268,0.263325,0.257331,0.253323,0.251316,0.251316,0.253323,0.257331,0.263325,0.271268,0.281097,0.292708,0.305944,0.320589,0.336362,0.352924,0.369887,0.386835,0.403346,0.419026,0.433532,0.446597,0.458046,0.467802,0.475881,0.48238,0.487456,0.491302,0.49413,0.496146,0.497538,0.498469,0.499069,0.499439,0.499648,0.499741,0.499741
0.499619,0.499619,0.499485,0.499186,0.498663,0.49782,0.496524,0.494606,0.491859,0.488048,0.482924,0.476245,0.467802,0.457445,0.445109,0.43084,0.414798,0.39726,0.378602,0.359276,0.33977,0.320577,0.302156,0.284911,0.269167,0.255166,0.24307,0.232973,0.224912,0.218891,0.214894,0.212901,0.212901,0.214894,0.218891,0.224912,0.232973,0.24307,0.255166,0.269167,0.284911,0.302156,0.320577,0.33977,0.359276,0.378602,0.39726,0.414798,0.43084,0.445109,0.457445,0.467802,0.476245,0.482924,0.488048,0.491859,0.494606,0.496524,0.49782,0.498663,0.499186,0.499485,0.499619,0.499619
0.499452,0.499452,0.499264,0.498849,0.498125,0.496969,0.49521,0.492631,0.488977,0.483965,0.477308,0.468739,0.458046,0.445109,0.429922,0.412618,0.393471,0.372881,0.351353,0.329449,0.307748,0.2868,0.267084,0.248989,0.232792,0.218665,0.206686,0.196857,0.189131,0.183434,0.179688,0.177832,0.177832,0.179688,0.183434,0.189131,0.196857,0.206686,0.218665,0.232792,0.248989,0.267084,0.2868,0.307748,0.329449,0.351353,0.372881,0.393471,0.412618,0.429922,0.445109,0.458046,0.468739,0.477308,0.483965,0.488977,0.492631,0.49521,0.496969,0.498125,0.498849,0.499264,0.499452,0.499452
0.499231,0.499231,0.498974,0.498409,0.497432,0.495884,0.49355,0.490164,0.485418,0.478983,0.470539,0.459808,0.446597,0.43084,0.412618,0.392185,0.369951,0.346463,0.322359,0.298314,0.274982,0.252941,0.232663,0.21448,0.198589,0.185058,0.173853,0.164863,0.15794,0.152924,0.14967,0.148072,0.148072,0.14967,0.152924,0.15794,0.164863,0.173853,0.185058,0.198589,0.21448,0.232663,0.252941,0.274982,0.298314,0.322359,0.346463,0.369951,0.392185,0.412618,0.43084,0.446597,0.459808,0.470539,0.478983,0.485418,0.490164,0.49355,0.495884,0.497432,0.498409,0.498974,0.499231,0.499231
0.498946,0.498946,0.498603,0.497852,0.496563,0.494536,0.49151,0.487164,0.48114,0.473066,0.4626,0.449471,0.433532,0.414798,0.393471,0.369951,0.344811,0.318755,0.292555,0.266984,0.242743,0.220411,0.200406,0.18297,0.168182,0.155976,0.146184,0.138573,0.132885,0.128871,0.126322,0.125087,0.125087,0.126322,0.128871,0.132885,0.138573,0.146184,0.155976,0.168182,0.18297,0.200406,0.220411,0.242743,0.266984,0.292555,0.318755,0.344811,0.369951,0.393471,0.414798,0.433532,0.449471,0.4626,0.473066,0.48114,0.487164,0.49151,0.494536,0.496563,0.497852,0.498603,0.498946,0.498946
0.498587,0.498587,0.49814,0.497164,0.4955,0.492906,0.489068,0.483613,0.476132,0.466222,0.453534,0.437827,0.419026,0.39726,0.372881,0.346463,0.318755,0.290619,0.262954,0.236602,0.212281,0.190523,0.171654,0.155787,0.142851,0.132627,0.124803,0.119016,0.114904,0.112138,0.110452,0.109656,0.109656,0.110452,0.112138,0.114904,0.119016,0.124803,0.132627,0.142851,0.155787,0.171654,0.190523,0.212281,0.236602,0.262954,0.290619,0.318755,0.346463,0.372881,0.39726,0.419026,0.437827,0.453534,0.466222,0.476132,0.483613,0.489068,0.492906,0.4955,0.497164,0.49814,0.498587,0.498587
0.498148,0.498148,0.497577,0.496337,0.494235,0.490986,0.486221,0.479516,0.47042,0.45851,0.443449,0.425053,0.403346,0.378602,0.351353,0.322359,0.292555,0.262954,0.234554,0.208235,0.184686,0.164352,0.147424,0.133852,0.123394,0.115668,0.110215,0.106556,0.104237,0.102863,0.102126,0.101811,0.101811,0.102126,0.102863,0.104237,0.106556,0.110215,0.115668,0.123394,0.133852,0.147424,0.164352,0.184686,0.208235,0.234554,0.262954,0.292555,0.322359,0.351353,0.378602,0.403346,0.425053,0.443449,0.45851,0.47042,0.479516,0.486221,0.490986,0.494235,0.496337,0.497577,0.498148,0.498148
0.497626,0.497626,0.496912,0.495369,0.492769,0.488781,0.482986,0.47491,0.464071,0.450041,0.432517,0.411396,0.386835,0.359276,0.329449,0.298314,0.266984,0.236602,0.208235,0.182758,0.160785,0.142629,0.128312,0.117597,0.110061,0.105159,0.1023,0.100904,0.10045,0.100499,0.100719,0.100885,0.100885,0.100719,0.100499,0.10045,0.100904,0.1023,0.105159,0.110061,0.117597,0.128312,0.142629,0.160785,0.182758,0.208235,0.236602,0.266984,0.298314,0.329449,0.359276,0.386835,0.411396,0.432517,0.450041,0.464071,0.47491,0.482986,0.488781,0.492769,0.495369,0.496912,0.497626,0.497626
0.497021,0.497021,0.496147,0.494266,0.491114,0.486316,0.479405,0.469864,0.457192,0.440973,0.420962,0.397163,0.369887,0.33977,0.307748,0.274982,0.242743,0.212281,0.184686,0.160785,0.141072,0.125691,0.114466,0.106964,0.10258,0.10062,0.100384,0.101218,0.102561,0.103958,0.105072,0.105684,0.105684,0.105072,0.103958,0.102561,0.101218,0.100384,0.10062,0.10258,0.106964,0.114466,0.125691,0.141072,0.160785,0.184686,0.212281,0.242743,0.274982,0.307748,0.33977,0.369887,0.397163,0.420962,0.440973,0.457192,0.469864,0.479405,0.486316,0.491114,0.494266,0.496147,0.497021,0.497021
0.49634,0.49634,0.495291,0.493041,0.489295,0.483632,0.475541,0.464476,0.449926,0.431506,0.409052,0.382696,0.352924,0.320577,0.2868,0.252941,0.220411,0.190523,0.164352,0.142629,0.125691,0.113482,0.105616,0.101462,0.100246,0.10115,0.103392,0.106279,0.109236,0.11182,0.113712,0.114707,0.114707,0.113712,0.11182,0.109236,0.106279,0.103392,0.10115,0.100246,0.101462,0.105616,0.113482,0.125691,0.142629,0.164352,0.190523,0.220411,0.252941,0.2868,0.320577,0.352924,0.382696,0.409052,0.431506,0.449926,0.464476,0.475541,0.483632,0.489295,0.493041,0.495291,0.49634,0.49634
0.495593,0.495593,0.494359,0.49172,0.487348,0.480785,0.471482,0.45887,0.442445,0.421872,0.397081,0.368353,0.336362,0.302156,0.267084,0.232663,0.200406,0.171654,0.147424,0.128312,0.114466,0.105616,0.101163,0.100287,0.102069,0.105598,0.11004,0.114696,0.119007,0.122563,0.125078,0.126377,0.126377,0.125078,0.122563,0.119007,0.114696,0.11004,0.105598,0.102069,0.100287,0.101163,0.105616,0.114466,0.128312,0.147424,0.171654,0.200406,0.232663,0.267084,0.302156,0.336362,0.368353,0.397081,0.421872,0.442445,0.45887,0.471482,0.480785,0.487348,0.49172,0.494359,0.495593,0.495593
0.4948,0.4948,0.493373,0.490334,0.485324,0.47785,0.467332,0.453192,0.434944,0.412316,0.38535,0.354487,0.320589,0.284911,0.248989,0.21448,0.18297,0.155787,0.133852,0.117597,0.106964,0.101462,0.100287,0.102452,0.106923,0.112725,0.119008,0.125091,0.130459,0.134749,0.137724,0.139243,0.139243,0.137724,0.134749,0.130459,0.125091,0.119008,0.112725,0.106923,0.102452,0.100287,0.101462,0.106964,0.117597,0.133852,0.155787,0.18297,0.21448,0.248989,0.284911,0.320589,0.354487,0.38535,0.412316,0.434944,0.453192,0.467332,0.47785,0.485324,0.490334,0.493373,0.4948,0.4948
0.493983,0.493983,0.492364,0.488924,0.483281,0.47491,0.463211,0.447601,0.427628,0.403092,0.374156,0.341422,0.305944,0.269167,0.232792,0.198589,0.168182,0.142851,0.123394,0.110061,0.10258,0.100246,0.102069,0.106923,0.113689,0.121356,0.12909,0.136249,0.142377,0.147172,0.15045,0.152111,0.152111,0.15045,0.147172,0.142377,0.136249,0.12909,0.121356,0.113689,0.106923,0.102069,0.100246,0.10258,0.110061,0.123394,0.142851,0.168182,0.198589,0.232792,0.269167,0.305944,0.341422,0.374156,0.403092,0.427628,0.447601,0.463211,0.47491,0.483281,0.488924,0.492364,0.493983,0.493983
0.49317,0.49317,0.491364,0.487537,0.481285,0.472058,0.459242,0.442261,0.420701,0.394442,0.363771,0.329449,0.292708,0.255166,0.218665,0.185058,0.155976,0.132627,0.115668,0.105159,0.10062,0.10115,0.105598,0.112725,0.121356,0.130477,0.139284,0.147195,0.153819,0.15892,0.162369,0.164105,0.164105,0.162369,0.15892,0.153819,0.147195,0.139284,0.130477,0.121356,0.112725,0.105598,0.10115,0.10062,0.105159,0.115668,0.132627,0.155976,0.185058,0.218665,0.255166,0.292708,0.329449,0.363771,0.394442,0.420701,0.442261,0.459242,0.472058,0.481285,0.487537,0.491364,0.49317,0.49317
0.492392,0.492392,0.490411,0.486223,0.479404,0.469389,0.455554,0.437333,0.414359,0.386592,0.354439,0.31881,0.281097,0.24307,0.206686,0.173853,0.146184,0.124803,0.110215,0.1023,0.100384,0.103392,0.11004,0.119008,0.12909,0.139284,0.148836,0.157224,0.16413,0.16938,0.172898,0.174659,0.174659,0.172898,0.16938,0.16413,0.157224,0.148836,0.139284,0.12909,0.119008,0.11004,0.103392,0.100384,0.1023,0.110215,0.124803,0.146184,0.173853,0.206686,0.24307,0.281097,0.31881,0.354439,0.386592,0.414359,0.437333,0.455554,0.469389,0.479404,0.486223,0.490411,0.492392,0.492392
0.491681,0.491681,0.489542,0.485031,0.47771,0.466997,0.452266,0.43297,0.408782,0.379742,0.346366,0.309697,0.271268,0.232973,0.196857,0.164863,0.138573,0.119016,0.106556,0.100904,0.101218,0.106279,0.114696,0.125091,0.136249,0.147195,0.157224,0.165882,0.172913,0.178202,0.181721,0.183475,0.183475,0.181721,0.178202,0.172913,0.165882,0.157224,0.147195,0.136249,0.125091,0.114696,0.106279,0.101218,0.100904,0.106556,0.119016,0.138573,0.164863,0.196857,0.232973,0.271268,0.309697,0.346366,0.379742,0.408782,0.43297,0.452266,0.466997,0.47771,0.485031,0.489542,0.491681,0.491681
0.491067,0.491067,0.488795,0.484011,0.476265,0.464967,0.449491,0.429305,0.404125,0.37406,0.33972,0.302258,0.263325,0.224912,0.189131,0.15794,0.132885,0.114904,0.104237,0.10045,0.102561,0.109236,0.119007,0.130459,0.142377,0.153819,0.16413,0.172913,0.179969,0.185234,0.188715,0.190444,0.190444,0.188715,0.185234,0.179969,0.172913,0.16413,0.153819,0.142377,0.130459,0.119007,0.109236,0.102561,0.10045,0.104237,0.114904,0.132885,0.15794,0.189131,0.224912,0.263325,0.302258,0.33972,0.37406,0.404125,0.429305,0.449491,0.464967,0.476265,0.484011,0.488795,0.491067,0.491067
0.490579,0.490579,0.488203,0.483205,0.475127,0.463374,0.447322,0.426453,0.400518,0.369682,0.334628,0.2966,0.257331,0.218891,0.183434,0.152924,0.128871,0.112138,0.102863,0.100499,0.103958,0.11182,0.122563,0.134749,0.147172,0.15892,0.16938,0.178202,0.185234,0.190448,0.193879,0.195578,0.195578,0.193879,0.190448,0.185234,0.178202,0.16938,0.15892,0.147172,0.134749,0.122563,0.11182,0.103958,0.100499,0.102863,0.112138,0.128871,0.152924,0.183434,0.218891,0.257331,0.2966,0.334628,0.369682,0.400518,0.426453,0.447322,0.463374,0.475127,0.483205,0.488203,0.490579,0.490579
0.49024,0.49024,0.487792,0.482646,0.474341,0.462278,0.445833,0.424501,0.398058,0.366707,0.331185,0.292792,0.253323,0.214894,0.179688,0.14967,0.126322,0.110452,0.102126,0.100719,0.105072,0.113712,0.125078,0.137724,0.15045,0.162369,0.172898,0.181721,0.188715,0.193879,0.197266,0.19894,0.19894,0.197266,0.193879,0.188715,0.181721,0.172898,0.162369,0.15045,0.137724,0.125078,0.113712,0.105072,0.100719,0.102126,0.110452,0.126322,0.14967,0.179688,0.214894,0.253323,0.292792,0.331185,0.366707,0.398058,0.424501,0.445833,0.462278,0.474341,0.482646,0.487792,0.49024,0.49024
0.490066,0.490066,0.487582,0.482361,0.47394,0.461719,0.445075,0.42351,0.396812,0.365203,0.329448,0.290878,0.251316,0.212901,0.177832,0.148072,0.125087,0.109656,0.101811,0.100885,0.105684,0.114707,0.126377,0.139243,0.152111,0.164105,0.174659,0.183475,0.190444,0.195578,0.19894,0.200601,0.200601,0.19894,0.195578,0.190444,0.183475,0.174659,0.164105,0.152111,0.139243,0.126377,0.114707,0.105684,0.100885,0.101811,0.109656,0.125087,0.148072,0.177832,0.212901,0.251316,0.290878,0.329448,0.365203,0.396812,0.42351,0.445075,0.461719,0.47394,0.482361,0.487582,0.490066,0.490066
0.490066,0.490066,0.487582,0.482361,0.47394,0.461719,0.445075,0.42351,0.396812,0.365203,0.329448,0.290878,0.251316,0.212901,0.177832,0.148072,0.125087,0.109656,0.101811,0.100885,0.105684,0.114707,0.126377,0.139243,0.152111,0.164105,0.174659,0.183475,0.190444,0.195578,0.19894,0.200601,0.200601,0.19894,0.195578,0.190444,0.183475,0.174659,0.164105,0.152111,0.139243,0.126377,0.114707,0.105684,0.100885,0.101811,0.109656,0.125087,0.148072,0.177832,0.212901,0.251316,0.290878,0.329448,0.365203,0.396812,0.42351,0.445075,0.461719,0.47394,0.482361,0.487582,0.490066,0.490066
0.49024,0.49024,0.487792,0.482646,0.474341,0.462278,0.445833,0.424501,0.398058,0.366707,0.331185,0.292792,0.253323,0.214894,0.179688,0.14967,0.126322,0.110452,0.102126,0.100719,0.105072,0.113712,0.125078,0.137724,0.15045,0.162369,0.172898,0.181721,0.188715,0.193879,0.197266,0.19894,0.19894,0.197266,0.193879,0.188715,0.181721,0.172898,0.162369,0.15045,0.137724,0.125078,0.113712,0.105072,0.100719,0.102126,0.110452,0.126322,0.14967,0.179688,0.214894,0.253323,0.292792,0.331185,0.366707,0.398058,0.424501,0.445833,0.462278,0.474341,0.482646,0.487792,0.49024,0.49024
0.490579,0.490579,0.488203,0.483205,0.475127,0.463374,0.447322,0.426453,0.400518,0.369682,0.334628,0.2966,0.257331,0.218891,0.183434,0.152924,0.128871,0.112138,0.102863,0.100499,0.103958,0.11182,0.122563,0.134749,0.147172,0.15892,0.16938,0.178202,0.185234,0.190448,0.193879,0.195578,0.195578,0.193879,0.190448,0.185234,0.178202,0.16938,0.15892,0.147172,0.134749,0.122563,0.11182,0.103958,0.100499,0.102863,0.112138,0.128871,0.152924,0.183434,0.218891,0.257331,0.2966,0.334628,0.369682,0.400518,0.426453,0.447322,0.463374,0.475127,0.483205,0.488203,0.490579,0.490579
0.491067,0.491067,0.488795,0.484011,0.476265,0.464967,0.449491,0.429305,0.404125,0.37406,0.33972,0.302258,0.263325,0.224912,0.189131,0.15794,0.132885,0.114904,0.104237,0.10045,0.102561,0.109236,0.119007,0.130459,0.142377,0.153819,0.16413,0.172913,0.179969,0.185234,0.188715,0.190444,0.190444,0.188715,0.185234,0.179969,0.172913,0.16413,0.153819,0.142377,0.130459,0.119007,0.109236,0.102561,0.10045,0.104237,0.114904,0.132885,0.15794,0.189131,0.224912,0.263325,0.302258,0.33972,0.37406,0.404125,0.429305,0.449491,0.464967,0.476265,0.484011,0.488795,0.491067,0.491067
0.491681,0.491681,0.489542,0.485031,0.47771,0.466997,0.452266,0.43297,0.408782,0.379742,0.346366,0.309697,0.271268,0.232973,0.196857,0.164863,0.138573,0.119016,0.106556,0.100904,0.101218,0.106279,0.114696,0.125091,0.136249,0.147195,0.157224,0.165882,0.172913,0.178202,0.181721,0.183475,0.183475,0.181721,0.178202,0.172913,0.165882,0.157224,0.147195,0.136249,0.125091,0.114696,0.106279,0.101218,0.100904,0.106556,0.119016,0.138573,0.164863,0.196857,0.232973,0.271268,0.309697,0.346366,0.379742,0.408782,0.43297,0.452266,0.466997,0.47771,0.485031,0.489542,0.491681,0.491681
0.492392,0.492392,0.490411,0.486223,0.479404,0.469389,0.455554,0.437333,0.414359,0.386592,0.354439,0.31881,0.281097,0.24307,0.206686,0.173853,0.146184,0.124803,0.110215,0.1023,0.100384,0.103392,0.11004,0.119008,0.12909,0.139284,0.148836,0.157224,0.16413,0.16938,0.172898,0.174659,0.174659,0.172898,0.16938,0.16413,0.157224,0.148836,0.139284,0.12909,0.119008,0.11004,0.103392,0.100384,0.1023,0.110215,0.124803,0.146184,0.173853,0.206686,0.24307,0.281097,0.31881,0.354439,0.386592,0.414359,0.437333,0.455554,0.469389,0.479404,0.486223,0.490411,0.492392,0.492392
0.49317,0.49317,0.491364,0.487537,0.481285,0.472058,0.459242,0.442261,0.420701,0.394442,0.363771,0.329449,0.292708,0.255166,0.218665,0.185058,0.155976,0.132627,0.115668,0.105159,0.10062,0.10115,0.105598,0.112725,0.121356,0.130477,0.139284,0.147195,0.153819,0.15892,0.162369,0.164105,0.164105,0.162369,0.15892,0.153819,0.147195,0.139284,0.130477,0.121356,0.112725,0.105598,0.10115,0.10062,0.105159,0.115668,0.132627,0.155976,0.185058,0.218665,0.255166,0.292708,0.329449,0.363771,0.394442,0.420701,0.442261,0.459242,0.472058,0.481285,0.487537,0.491364,0.49317,0.49317
0.493983,0.493983,0.492364,0.488924,0.483281,0.47491,0.463211,0.447601,0.427628,0.403092,0.374156,0.341422,0.305944,0.269167,0.232792,0.198589,0.168182,0.142851,0.123394,0.110061,0.10258,0.100246,0.102069,0.106923,0.113689,0.121356,0.12909,0.136249,0.142377,0.147172,0.15045,0.152111,0.152111,0.15045,0.147172,0.142377,0.136249,0.12909,0.121356,0.113689,0.106923,0.102069,0.100246,0.10258,0.110061,0.123394,0.142851,0.168182,0.198589,0.232792,0.269167,0.305944,0.341422,0.374156,0.403092,0.427628,0.447601,0.463211,0.47491,0.483281,0.488924,0.492364,0.493983,0.493983
0.4948,0.4948,0.493373,0.490334,0.485324,0.47785,0.467332,0.453192,0.434944,0.412316,0.38535,0.354487,0.320589,0.284911,0.248989,0.21448,0.18297,0.155787,0.133852,0.117597,0.106964,0.101462,0.100287,0.102452,0.106923,0.112725,0.119008,0.125091,0.130459,0.134749,0.137724,0.139243,0.139243,0.137724,0.134749,0.130459,0.125091,0.119008,0.112725,0.106923,0.102452,0.100287,0.101462,0.106964,0.117597,0.133852,0.155787,0.18297,0.21448,0.248989,0.284911,0.320589,0.354487,0.38535,0.412316,0.434944,0.453192,0.467332,0.47785,0.485324,0.490334,0.493373,0.4948,0.4948
0.495593,0.495593,0.494359,0.49172,0.487348,0.480785,0.471482,0.45887,0.442445,0.421872,0.397081,0.368353,0.336362,0.302156,0.267084,0.232663,0.200406,0.171654,0.147424,0.128312,0.114466,0.105616,0.101163,0.100287,0.102069,0.105598,0.11004,0.114696,0.119007,0.122563,0.125078,0.126377,0.126377,0.125078,0.122563,0.119007,0.114696,0.11004,0.105598,0.102069,0.100287,0.101163,0.105616,0.114466,0.128312,0.147424,0.171654,0.200406,0.232663,0.267084,0.302156,0.336362,0.368353,0.397081,0.421872,0.442445,0.45887,0.471482,0.480785,0.487348,0.49172,0.494359,0.495593,0.495593
0.49634,0.49634,0.495291,0.493041,0.489295,0.483632,0.475541,0.464476,0.449926,0.431506,0.409052,0.382696,0.352924,0.320577,0.2868,0.252941,0.220411,0.190523,0.164352,0.142629,0.125691,0.113482,0.105616,0.101462,0.100246,0.10115,0.103392,0.106279,0.109236,0.11182,0.113712,0.114707,0.114707,0.113712,0.11182,0.109236,0.106279,0.103392,0.10115,0.100246,0.101462,0.105616,0.113482,0.125691,0.142629,0.164352,0.190523,0.220411,0.252941,0.2868,0.320577,0.352924,0.382696,0.409052,0.431506,0.449926,0.464476,0.475541,0.483632,0.489295,0.493041,0.495291,0.49634,0.49634
0.497021,0.497021,0.496147,0.494266,0.491114,0.486316,0.479405,0.469864,0.457192,0.440973,0.420962,0.397163,0.369887,0.33977,0.307748,0.274982,0.242743,0.212281,0.184686,0.160785,0.141072,0.125691,0.114466,0.106964,0.10258,0.10062,0.100384,0.101218,0.102561,0.103958,0.105072,0.105684,0.105684,0.105072,0.103958,0.102561,0.101218,0.100384,0.10062,0.10258,0.106964,0.114466,0.125691,0.141072,0.160785,0.184686,0.212281,0.242743,0.274982,0.307748,0.33977,0.369887,0.397163,0.420962,0.440973,0.457192,0.469864,0.479405,0.486316,0.491114,0.494266,0.496147,0.497021,0.497021
0.497626,0.497626,0.496912,0.495369,0.492769,0.488781,0.482986,0.47491,0.464071,0.450041,0.432517,0.411396,0.386835,0.359276,0.329449,0.298314,0.266984,0.236602,0.208235,0.182758,0.160785,0.142629,0.128312,0.117597,0.110061,0.105159,0.1023,0.100904,0.10045,0.100499,0.100719,0.100885,0.100885,0.100719,0.100499,0.10045,0.100904,0.1023,0.105159,0.110061,0.117597,0.128312,0.142629,0.160785,0.182758,0.208235,0.236602,0.266984,0.298314,0.329449,0.359276,0.386835,0.411396,0.432517,0.450041,0.464071,0.47491,0.482986,0.488781,0.492769,0.495369,0.496912,0.497626,0.497626
0.498148,0.498148,0.497577,0.496337,0.494235,0.490986,0.486221,0.479516,0.47042,0.45851,0.443449,0.425053,0.403346,0.378602,0.351353,0.322359,0.292555,0.262954,0.234554,0.208235,0.184686,0.164352,0.147424,0.133852,0.123394,0.115668,0.110215,0.106556,0.104237,0.102863,0.102126,0.101811,0.101811,0.102126,0.102863,0.104237,0.106556,0.110215,0.115668,0.123394,0.133852,0.147424,0.164352,0.184686,0.208235,0.234554,0.262954,0.292555,0.322359,0.351353,0.378602,0.403346,0.425053,0.443449,0.45851,0.47042,0.479516,0.486221,0.490986,0.494235,0.496337,0.497577,0.498148,0.498148
0.498587,0.498587,0.49814,0.497164,0.4955,0.492906,0.489068,0.483613,0.476132,0.466222,0.453534,0.437827,0.419026,0.39726,0.372881,0.346463,0.318755,0.290619,0.262954,0.236602,0.212281,0.190523,0.171654,0.155787,0.142851,0.132627,0.124803,0.119016,0.114904,0.112138,0.110452,0.109656,0.109656,0.110452,0.112138,0.114904,0.119016,0.124803,0.132627,0.142851,0.155787,0.171654,0.190523,0.212281,0.236602,0.262954,0.290619,0.318755,0.346463,0.372881,0.39726,0.419026,0.437827,0.453534,0.466222,0.476132,0.483613,0.489068,0.492906,0.4955,0.497164,0.49814,0.498587,0.498587
0.498946,0.498946,0.498603,0.497852,0.496563,0.494536,0.49151,0.487164,0.48114,0.473066,0.4626,0.449471,0.433532,0.414798,0.393471,0.369951,0.344811,0.318755,0.292555,0.266984,0.242743,0.220411,0.200406,0.18297,0.168182,0.155976,0.146184,0.138573,0.132885,0.128871,0.126322,0.125087,0.125087,0.126322,0.128871,0.132885,0.138573,0.146184,0.155976,0.168182,0.18297,0.200406,0.220411,0.242743,0.266984,0.292555,0.318755,0.344811,0.369951,0.393471,0.414798,0.433532,0.449471,0.4626,0.473066,0.48114,0.487164,0.49151,0.494536,0.496563,0.497852,0.498603,0.498946,0.498946
0.499231,0.499231,0.498974,0.498409,0.497432,0.495884,0.49355,0.490164,0.485418,0.478983,0.470539,0.459808,0.446597,0.43084,0.412618,0.392185,0.369951,0.346463,0.322359,0.298314,0.274982,0.252941,0.232663,0.21448,0.198589,0.185058,0.173853,0.164863,0.15794,0.152924,0.14967,0.148072,0.148072,0.14967,0.152924,0.15794,0.164863,0.173853,0.185058,0.198589,0.21448,0.232663,0.252941,0.274982,0.298314,0.322359,0.346463,0.369951,0.392185,0.412618,0.43084,0.446597,0.459808,0.470539,0.478983,0.485418,0.490164,0.49355,0.495884,0.497432,0.498409,0.498974,0.499231,0.499231
0.499452,0.499452,0.499264,0.498849,0.498125,0.496969,0.49521,0.492631,0.488977,0.483965,0.477308,0.468739,0.458046,0.445109,0.429922,0.412618,0.393471,0.372881,0.351353,0.329449,0.307748,0.2868,0.267084,0.248989,0.232792,0.218665,0.206686,0.196857,0.189131,0.183434,0.179688,0.177832,0.177832,0.179688,0.183434,0.189131,0.196857,0.206686,0.218665,0.232792,0.248989,0.267084,0.2868,0.307748,0.329449,0.351353,0.372881,0.393471,0.412618,0.429922,0.445109,0.458046,0.468739,0.477308,0.483965,0.488977,0.492631,0.49521,0.496969,0.498125,0.498849,0.499264,0.499452,0.499452
0.499619,0.499619,0.499485,0.499186,0.498663,0.49782,0.496524,0.494606,0.491859,0.488048,0.482924,0.476245,0.467802,0.457445,0.445109,0.43084,0.414798,0.39726,0.378602,0.359276,0.33977,0.320577,0.302156,0.284911,0.269167,0.255166,0.24307,0.232973,0.224912,0.218891,0.214894,0.212901,0.212901,0.214894,0.218891,0.224912,0.232973,0.24307,0.255166,0.269167,0.284911,0.302156,0.320577,0.33977,0.359276,0.378602,0.39726,0.414798,0.43084,0.445109,0.457445,0.467802,0.476245,0.482924,0.488048,0.491859,0.494606,0.496524,0.49782,0.498663,0.499186,0.499485,0.499619,0.499619
0.499741,0.499741,0.499648,0.499439,0.499069,0.498469,0.497538,0.496146,0.49413,0.491302,0.487456,0.48238,0.475881,0.467802,0.458046,0.446597,0.433532,0.419026,0.403346,0.386835,0.369887,0.352924,0.336362,0.320589,0.305944,0.292708,0.281097,0.271268,0.263325,0.257331,0.253323,0.251316,0.251316,0.253323,0.257331,0.263325,0.271268,0.281097,0.292708,0.305944,0.320589,0.336362,0.352924,0.369887,0.386835,0.403346,0.419026,0.433532,0.446597,0.458046,0.467802,0.475881,0.48238,0.487456,0.491302,0.49413,0.496146,0.497538,0.498469,0.499069,0.499439,0.499648,0.499741,0.499741
0.499829,0.499829,0.499765,0.499622,0.499368,0.498951,0.498299,0.497313,0.495871,0.493825,0.49101,0.487252,0.48238,0.476245,0.468739,0.459808,0.449471,0.437827,0.425053,0.411396,0.397163,0.382696,0.368353,0.354487,0.341422,0.329449,0.31881,0.309697,0.302258,0.2966,0.292792,0.290878,0.290878,0.292792,0.2966,0.302258,0.309697,0.31881,0.329449,0.341422,0.354487,0.368353,0.382696,0.397163,0.411396,0.425053,0.437827,0.449471,0.459808,0.468739,0.476245,0.48238,0.487252,0.49101,0.493825,0.495871,0.497313,0.498299,0.498951,0.499368,0.499622,0.499765,0.499829,0.499829
0.499889,0.499889,0.499847,0.499752,0.499581,0.499299,0.498853,0.498173,0.497168,0.495726,0.49372,0.49101,0.487456,0.482924,0.477308,0.470539,0.4626,0.453534,0.443449,0.432517,0.420962,0.409052,0.397081,0.38535,0.374156,0.363771,0.354439,0.346366,0.33972,0.334628,0.331185,0.329448,0.329448,0.331185,0.334628,0.33972,0.346366,0.354439,0.363771,0.374156,0.38535,0.397081,0.409052,0.420962,0.432517,0.443449,0.453534,0.4626,0.470539,0.477308,0.482924,0.487456,0.49101,0.49372,0.495726,0.497168,0.498173,0.498853,0.499299,0.499581,0.499752,0.499847,0.499889,0.499889
0.49993,0.49993,0.499903,0.499841,0.49973,0.499544,0.499247,0.49879,0.498107,0.497118,0.495726,0.493825,0.491302,0.488048,0.483965,0.478983,0.473066,0.466222,0.45851,0.450041,0.440973,0.431506,0.421872,0.412316,0.403092,0.394442,0.386592,0.379742,0.37406,0.369682,0.366707,0.365203,0.365203,0.366707,0.369682,0.37406,0.379742,0.386592,0.394442,0.403092,0.412316,0.421872,0.431506,0.440973,0.450041,0.45851,0.466222,0.473066,0.478983,0.483965,0.488048,0.491302,0.493825,0.495726,0.497118,0.498107,0.49879,0.499247,0.499544,0.49973,0.499841,0.499903,0.49993,0.49993
0.499957,0.499957,0.49994,0.499901,0.49983,0.49971,0.499518,0.499219,0.498768,0.498107,0.497168,0.495871,0.49413,0.491859,0.488977,0.485418,0.48114,0.476132,0.47042,0.464071,0.457192,0.449926,0.442445,0.434944,0.427628,0.420701,0.414359,0.408782,0.404125,0.400518,0.398058,0.396812,0.396812,0.398058,0.400518,0.404125,0.408782,0.414359,0.420701,0.427628,0.434944,0.442445,0.449926,0.457192,0.464071,0.47042,0.476132,0.48114,0.485418,0.488977,0.491859,0.49413,0.495871,0.497168,0.498107,0.498768,0.499219,0.499518,0.49971,0.49983,0.499901,0.49994,0.499957,0.499957
0.499975,0.499975,0.499964,0.49994,0.499896,0.499821,0.4997,0.499509,0.499219,0.49879,0.498173,0.497313,0.496146,0.494606,0.492631,0.490164,0.487164,0.483613,0.479516,0.47491,0.469864,0.464476,0.45887,0.453192,0.447601,0.442261,0.437333,0.43297,0.429305,0.426453,0.424501,0.42351,0.42351,0.424501,0.426453,0.429305,0.43297,0.437333,0.442261,0.447601,0.453192,0.45887,0.464476,0.469864,0.47491,0.479516,0.483613,0.487164,0.490164,0.492631,0.494606,0.496146,0.497313,0.498173,0.49879,0.499219,0.499509,0.4997,0.499821,0.499896,0.49994,0.499964,0.499975,0.499975
0.499985,0.499985,0.499979,0.499964,0.499938,0.499892,0.499818,0.4997,0.499518,0.499247,0.498853,0.498299,0.497538,0.496524,0.49521,0.49355,0.49151,0.489068,0.486221,0.482986,0.479405,0.475541,0.471482,0.467332,0.463211,0.459242,0.455554,0.452266,0.449491,0.447322,0.445833,0.445075,0.445075,0.445833,0.447322,0.449491,0.452266,0.455554,0.459242,0.463211,0.467332,0.471482,0.475541,0.479405,0.482986,0.486221,0.489068,0.49151,0.49355,0.49521,0.496524,0.497538,0.498299,0.498853,0.499247,0.499518,0.4997,0.499818,0.499892,0.499938,0.499964,0.499979,0.499985,0.499985
0.499992,0.499992,0.499988,0.49998,0.499964,0.499937,0.499892,0.499821,0.49971,0.499544,0.499299,0.498951,0.498469,0.49782,0.496969,0.495884,0.494536,0.492906,0.490986,0.488781,0.486316,0.483632,0.480785,0.47785,0.47491,0.472058,0.469389,0.466997,0.464967,0.463374,0.462278,0.461719,0.461719,0.462278,0.463374,0.464967,0.466997,0.469389,0.472058,0.47491,0.47785,0.480785,0.483632,0.486316,0.488781,0.490986,0.492906,0.494536,0.495884,0.496969,0.49782,0.498469,0.498951,0.499299,0.499544,0.49971,0.499821,0.499892,0.499937,0.499964,0.49998,0.499988,0.499992,0.499992
0.499995,0.499995,0.499993,0.499988,0.499979,0.499964,0.499938,0.499896,0.49983,0.49973,0.499581,0.499368,0.499069,0.498663,0.498125,0.497432,0.496563,0.4955,0.494235,0.492769,0.491114,0.489295,0.487348,0.485324,0.483281,0.481285,0.479404,0.47771,0.476265,0.475127,0.474341,0.47394,0.47394,0.474341,0.475127,0.476265,0.47771,0.479404,0.481285,0.483281,0.485324,0.487348,0.489295,0.491114,0.492769,0.494235,0.4955,0.496563,0.497432,0.498125,0.498663,0.499069,0.499368,0.499581,0.49973,0.49983,0.499896,0.499938,0.499964,0.499979,0.499988,0.499993,0.499995,0.499995
0.499997,0.499997,0.499996,0.499994,0.499988,0.49998,0.499964,0.49994,0.499901,0.499841,0.499752,0.499622,0.499439,0.499186,0.498849,0.498409,0.497852,0.497164,0.496337,0.495369,0.494266,0.493041,0.49172,0.490334,0.488924,0.487537,0.486223,0.485031,0.484011,0.483205,0.482646,0.482361,0.482361,0.482646,0.483205,0.484011,0.485031,0.486223,0.487537,0.488924,0.490334,0.49172,0.493041,0.494266,0.495369,0.496337,0.497164,0.497852,0.498409,0.498849,0.499186,0.499439,0.499622,0.499752,0.499841,0.499901,0.49994,0.499964,0.49998,0.499988,0.499994,0.499996,0.499997,0.499997
0.499999,0.499999,0.499998,0.499996,0.499993,0.499988,0.499979,0.499964,0.49994,0.499903,0.499847,0.499765,0.499648,0.499485,0.499264,0.498974,0.498603,0.49814,0.497577,0.496912,0.496147,0.495291,0.494359,0.493373,0.492364,0.491364,0.490411,0.489542,0.488795,0.488203,0.487792,0.487582,0.487582,0.487792,0.488203,0.488795,0.489542,0.490411,0.491364,0.492364,0.493373,0.494359,0.495291,0.496147,0.496912,0.497577,0.49814,0.498603,0.498974,0.499264,0.499485,0.499648,0.499765,0.499847,0.499903,0.49994,0.499964,0.499979,0.499988,0.499993,0.499996,0.499998,0.499999,0.499999
0.499999,0.499999,0.499999,0.499997,0.499995,0.499992,0.499985,0.499975,0.499957,0.49993,0.499889,0.499829,0.499741,0.499619,0.499452,0.499231,0.498946,0.498587,0.498148,0.497626,0.497021,0.49634,0.495593,0.4948,0.493983,0.49317,0.492392,0.491681,0.491067,0.490579,0.49024,0.490066,0.490066,0.49024,0.490579,0.491067,0.491681,0.492392,0.49317,0.493983,0.4948,0.495593,0.49634,0.497021,0.497626,0.498148,0.498587,0.498946,0.499231,0.499452,0.499619,0.499741,0.499829,0.499889,0.49993,0.499957,0.499975,0.499985,0.499992,0.499995,0.499997,0.499999,0.499999,0.499999
0.499999,0.499999,0.499999,0.499997,0.499995,0.499992,0.499985,0.499975,0.499957,0.49993,0.499889,0.499829,0.499741,0.499619,0.499452,0.499231,0.498946,0.498587,0.498148,0.497626,0.497021,0.49634,0.495593,0.4948,0.493983,0.49317,0.492392,0.491681,0.491067,0.490579,0.49024,0.490066,0.490066,0.49024,0.490579,0.491067,0.491681,0.492392,0.49317,0.493983,0.4948,0.495593,0.49634,0.497021,0.497626,0.498148,0.498587,0.498946,0.499231,0.499452,0.499619,0.499741,0.499829,0.499889,0.49993,0.499957,0.499975,0.499985,0.499992,0.499995,0.499997,0.499999,0.499999,0.499999
