0.5,0.5,0.5,0.5,0.5,0.5,0.5,0.5,0.5,0.5,0.5,0.5,0.5,0.5,0.5,0.5,0.5,0.5,0.5,0.5,0.5,0.5,0.5,0.5,0.5,0.5,0.5,0.5,0.5,0.5,0.5,0.5,0.5,0.5,0.5,0.5,0.5,0.5,0.5,0.5,0.5,0.5,0.5,0.5,0.5,0.5,0.5,0.5,0.5,0.5,0.5,0.5,0.5,0.5,0.5,0.5,0.5,0.5,0.5,0.5,0.5,0.5,0.5,0.5
0.5,0.5,0.5,0.5,0.5,0.5,0.5,0.5,0.5,0.5,0.5,0.5,0.5,0.5,0.5,0.5,0.5,0.5,0.5,0.5,0.5,0.5,0.5,0.5,0.5,0.5,0.5,0.5,0.5,0.5,0.5,0.5,0.5,0.5,0.5,0.5,0.5,0.5,0.5,0.5,0.5,0.5,0.5,0.5,0.5,0.5,0.5,0.5,0.5,0.5,0.5,0.5,0.5,0.5,0.5,0.5,0.5,0.5,0.5,0.5,0.5,0.5,0.5,0.5
0.5,0.5,0.5,0.5,0.5,0.5,0.5,0.5,0.5,0.5,0.5,0.5,0.5,0.5,0.5,0.5,0.5,0.5,0.5,0.5,0.5,0.5,0.5,0.5,0.5,0.5,0.5,0.5,0.5,0.5,0.5,0.5,0.5,0.5,0.5,0.5,0.5,0.5,0.5,0.5,0.5,0.5,0.5,0.5,0.5,0.5,0.5,0.5,0.5,0.5,0.5,0.5,0.5,0.5,0.5,0.5,0.5,0.5,0.5,0.5,0.5,0.5,0.5,0.5
0.5,0.5,0.5,0.5,0.5,0.5,0.5,0.5,0.5,0.5,0.5,0.5,0.5,0.5,0.5,0.5,0.5,0.5,0.5,0.5,0.5,0.5,0.5,0.5,0.5,0.5,0.5,0.5,0.499999,0.499999,0.499999,0.499999,0.499999,0.499999,0.499999,0.499999,0.5,0.5,0.5,0.5,0.5,0.5,0.5,0.5,0.5,0.5,0.5,0.5,0.5,0.5,0.5,0.5,0.5,0.5,0.5,0.5,0.5,0.5,0.5,0.5,0.5,0.5,0.5,0.5
0.5,0.5,0.5,0.5,0.5,0.5,0.5,0.5,0.5,0.5,0.5,0.5,0.5,0.5,0.5,0.5,0.5,0.5,0.5,0.5,0.5,0.5,0.5,0.5,0.499999,0.499999,0.499999,0.499999,0.499999,0.499998,0.499998,0.499998,0.499998,0.499998,0.499998,0.499999,0.499999,0.499999,0.499999,0.499999,0.5,0.5,0.5,0.5,0.5,0.5,0.5,0.5,0.5,0.5,0.5,0.5,0.5,0.5,0.5,0.5,0.5,0.5,0.5,0.5,0.5,0.5,0.5,0.5
0.5,0.5,0.5,0.5,0.5,0.5,0.5,0.5,0.5,0.5,0.5,0.5,0.5,0.5,0.5,0.5,0.5,0.5,0.5,0.5,0.5,0.499999,0.499999,0.499999,0.499998,0.499998,0.499997,0.499997,0.499996,0.499996,0.499996,0.499996,0.499996,0.499996,0.499996,0.499996,0.499997,0.499997,0.499998,0.499998,0.499999,0.499999,0.499999,0.5,0.5,0.5,0.5,0.5,0.5,0.5,0.5,0.5,0.5,0.5,0.5,0.5,0.5,0.5,0.5,0.5,0.5,0.5,0.5,0.5
0.5,0.5,0.5,0.5,0.5,0.5,0.5,0.5,0.5,0.5,0.5,0.5,0.5,0.5,0.5,0.5,0.5,0.5,0.5,0.499999,0.499999,0.499998,0.499998,0.499997,0.499996,0.499995,0.499994,0.499992,0.499991,0.49999,0.49999,0.499989,0.499989,0.49999,0.49999,0.499991,0.499992,0.499994,0.499995,0.499996,0.499997,0.499998,0.499998,0.499999,0.499999,0.5,0.5,0.5,0.5,0.5,0.5,0.5,0.5,0.5,0.5,0.5,0.5,0.5,0.5,0.5,0.5,0.5,0.5,0.5
0.5,0.5,0.5,0.5,0.5,0.5,0.5,0.5,0.5,0.5,0.5,0.5,0.5,0.5,0.5,0.5,0.5,0.499999,0.499999,0.499998,0.499997,0.499996,0.499995,0.499993,0.49999,0.499988,0.499985,0.499982,0.499979,0.499977,0.499975,0.499974,0.499974,0.499975,0.499977,0.499979,0.499982,0.499985,0.499988,0.49999,0.499993,0.499995,0.499996,0.499997,0.499998,0.499999,0.499999,0.5,0.5,0.5,0.5,0.5,0.5,0.5,0.5,0.5,0.5,0.5,0.5,0.5,0.5,0.5,0.5,0.5
0.5,0.5,0.5,0.5,0.5,0.5,0.5,0.5,0.5,0.5,0.5,0.5,0.5,0.5,0.5,0.5,0.499999,0.499999,0.499998,0.499996,0.499994,0.499991,0.499988,0.499983,0.499978,0.499972,0.499965,0.499959,0.499952,0.499947,0.499943,0.499941,0.499941,0.499943,0.499947,0.499952,0.499959,0.499965,0.499972,0.499978,0.499983,0.499988,0.499991,0.499994,0.499996,0.499998,0.499999,0.499999,0.5,0.5,0.5,0.5,0.5,0.5,0.5,0.5,0.5,0.5,0.5,0.5,0.5,0.5,0.5,0.5
0.5,0.5,0.5,0.5,0.5,0.5,0.5,0.5,0.5,0.5,0.5,0.5,0.5,0.5,0.499999,0.499999,0.499998,0.499997,0.499995,0.499992,0.499987,0.499981,0.499973,0.499963,0.499951,0.499938,0.499923,0.499908,0.499895,0.499883,0.499875,0.49987,0.49987,0.499875,0.499883,0.499895,0.499908,0.499923,0.499938,0.499951,0.499963,0.499973,0.499981,0.499987,0.499992,0.499995,0.499997,0.499998,0.499999,0.499999,0.5,0.5,0.5,0.5,0.5,0.5,0.5,0.5,0.5,0.5,0.5,0.5,0.5,0.5
0.5,0.5,0.5,0.5,0.5,0.5,0.5,0.5,0.5,0.5,0.5,0.5,0.5,0.499999,0.499999,0.499998,0.499996,0.499993,0.499988,0.499982,0.499972,0.499959,0.499942,0.499921,0.499896,0.499867,0.499836,0.499805,0.499775,0.499751,0.499733,0.499723,0.499723,0.499733,0.499751,0.499775,0.499805,0.499836,0.499867,0.499896,0.499921,0.499942,0.499959,0.499972,0.499982,0.499988,0.499993,0.499996,0.499998,0.499999,0.499999,0.5,0.5,0.5,0.5,0.5,0.5,0.5,0.5,0.5,0.5,0.5,0.5,0.5
0.5,0.5,0.5,0.5,0.5,0.5,0.5,0.5,0.5,0.5,0.5,0.5,0.499999,0.499999,0.499997,0.499995,0.499991,0.499985,0.499976,0.499962,0.499943,0.499916,0.499881,0.499837,0.499785,0.499725,0.499662,0.499598,0.499538,0.499487,0.49945,0.499431,0.499431,0.49945,0.499487,0.499538,0.499598,0.499662,0.499725,0.499785,0.499837,0.499881,0.499916,0.499943,0.499962,0.499976,0.499985,0.499991,0.499995,0.499997,0.499999,0.499999,0.5,0.5,0.5,0.5,0.5,0.5,0.5,0.5,0.5,0.5,0.5,0.5
0.5,0.5,0.5,0.5,0.5,0.5,0.5,0.5,0.5,0.5,0.5,0.499999,0.499999,0.499997,0.499995,0.49999,0.499983,0.499971,0.499952,0.499925,0.499885,0.499832,0.499762,0.499675,0.499572,0.499454,0.499328,0.499201,0.499083,0.498983,0.49891,0.498872,0.498872,0.49891,0.498983,0.499083,0.499201,0.499328,0.499454,0.499572,0.499675,0.499762,0.499832,0.499885,0.499925,0.499952,0.499971,0.499983,0.49999,0.499995,0.499997,0.499999,0.499999,0.5,0.5,0.5,0.5,0.5,0.5,0.5,0.5,0.5,0.5,0.5
0.5,0.5,0.5,0.5,0.5,0.5,0.5,0.5,0.5,0.5,0.499999,0.499999,0.499997,0.499994,0.499989,0.499981,0.499966,0.499943,0.499907,0.499854,0.499779,0.499677,0.499543,0.499377,0.499178,0.498954,0.498713,0.498471,0.498246,0.498055,0.497916,0.497843,0.497843,0.497916,0.498055,0.498246,0.498471,0.498713,0.498954,0.499178,0.499377,0.499543,0.499677,0.499779,0.499854,0.499907,0.499943,0.499966,0.499981,0.499989,0.499994,0.499997,0.499999,0.499999,0.5,0.5,0.5,0.5,0.5,0.5,0.5,0.5,0.5,0.5
0.5,0.5,0.5,0.5,0.5,0.5,0.5,0.5,0.5,0.499999,0.499999,0.499997,0.499995,0.499989,0.49998,0.499964,0.499937,0.499894,0.499827,0.499729,0.49959,0.4994,0.499153,0.498845,0.498479,0.498065,0.497622,0.497177,0.496762,0.496411,0.496157,0.496023,0.496023,0.496157,0.496411,0.496762,0.497177,0.497622,0.498065,0.498479,0.498845,0.499153,0.4994,0.49959,0.499729,0.499827,0.499894,0.499937,0.499964,0.49998,0.499989,0.499995,0.499997,0.499999,0.499999,0.5,0.5,0.5,0.5,0.5,0.5,0.5,0.5,0.5
0.5,0.5,0.5,0.5,0.5,0.5,0.5,0.5,0.5,0.499999,0.499998,0.499995,0.49999,0.499981,0.499964,0.499935,0.499886,0.499809,0.499689,0.499513,0.499264,0.498925,0.498484,0.497935,0.497283,0.496547,0.495761,0.494971,0.494234,0.493613,0.493162,0.492924,0.492924,0.493162,0.493613,0.494234,0.494971,0.495761,0.496547,0.497283,0.497935,0.498484,0.498925,0.499264,0.499513,0.499689,0.499809,0.499886,0.499935,0.499964,0.499981,0.49999,0.499995,0.499998,0.499999,0.5,0.5,0.5,0.5,0.5,0.5,0.5,0.5,0.5
0.5,0.5,0.5,0.5,0.5,0.5,0.5,0.5,0.499999,0.499998,0.499996,0.499991,0.499983,0.499966,0.499937,0.499886,0.499802,0.499668,0.499461,0.499157,0.498726,0.498142,0.497382,0.496438,0.495319,0.494056,0.492707,0.491354,0.490094,0.48903,0.488258,0.487853,0.487853,0.488258,0.48903,0.490094,0.491354,0.492707,0.494056,0.495319,0.496438,0.497382,0.498142,0.498726,0.499157,0.499461,0.499668,0.499802,0.499886,0.499937,0.499966,0.499983,0.499991,0.499996,0.499998,0.499999,0.5,0.5,0.5,0.5,0.5,0.5,0.5,0.5
0.5,0.5,0.5,0.5,0.5,0.5,0.5,0.499999,0.499999,0.499997,0.499993,0.499985,0.499971,0.499943,0.499894,0.499809,0.499668,0.499442,0.499097,0.49859,0.497872,0.4969,0.495638,0.494071,0.492215,0.490124,0.487892,0.485655,0.483573,0.481817,0.480544,0.479874,0.479874,0.480544,0.481817,0.483573,0.485655,0.487892,0.490124,0.492215,0.494071,0.495638,0.4969,0.497872,0.49859,0.499097,0.499442,0.499668,0.499809,0.499894,0.499943,0.499971,0.499985,0.499993,0.499997,0.499999,0.499999,0.5,0.5,0.5,0.5,0.5,0.5,0.5
0.5,0.5,0.5,0.5,0.5,0.5,0.5,0.499999,0.499998,0.499995,0.499988,0.499976,0.499952,0.499907,0.499827,0.499689,0.499461,0.499097,0.498541,0.497723,0.496569,0.495007,0.492982,0.490472,0.487502,0.484159,0.480595,0.477025,0.473705,0.470906,0.468878,0.467812,0.467812,0.468878,0.470906,0.473705,0.477025,0.480595,0.484159,0.487502,0.490472,0.492982,0.495007,0.496569,0.497723,0.498541,0.499097,0.499461,0.499689,0.499827,0.499907,0.499952,0.499976,0.499988,0.499995,0.499998,0.499999,0.5,0.5,0.5,0.5,0.5,0.5,0.5
0.5,0.5,0.5,0.5,0.5,0.5,0.499999,0.499998,0.499996,0.499992,0.499982,0.499962,0.499925,0.499854,0.499729,0.499513,0.499157,0.49859,0.497723,0.496451,0.494658,0.492236,0.4891,0.485217,0.480628,0.475468,0.469973,0.464472,0.459361,0.455055,0.451935,0.450296,0.450296,0.451935,0.455055,0.459361,0.464472,0.469973,0.475468,0.480628,0.485217,0.4891,0.492236,0.494658,0.496451,0.497723,0.49859,0.499157,0.499513,0.499729,0.499854,0.499925,0.499962,0.499982,0.499992,0.499996,0.499998,0.499999,0.5,0.5,0.5,0.5,0.5,0.5
0.5,0.5,0.5,0.5,0.5,0.5,0.499999,0.499997,0.499994,0.499987,0.499972,0.499943,0.499885,0.499779,0.49959,0.499264,0.498726,0.497872,0.496569,0.494658,0.49197,0.488343,0.483653,0.477852,0.471004,0.463312,0.455129,0.446944,0.439344,0.432945,0.428311,0.425877,0.425877,0.428311,0.432945,0.439344,0.446944,0.455129,0.463312,0.471004,0.477852,0.483653,0.488343,0.49197,0.494658,0.496569,0.497872,0.498726,0.499264,0.49959,0.499779,0.499885,0.499943,0.499972,0.499987,0.499994,0.499997,0.499999,0.5,0.5,0.5,0.5,0.5,0.5
0.5,0.5,0.5,0.5,0.5,0.499999,0.499998,0.499996,0.499991,0.499981,0.499959,0.499916,0.499832,0.499677,0.4994,0.498925,0.498142,0.4969,0.495007,0.492236,0.488343,0.483095,0.476319,0.467949,0.458078,0.447002,0.43523,0.423466,0.412549,0.403362,0.396713,0.39322,0.39322,0.396713,0.403362,0.412549,0.423466,0.43523,0.447002,0.458078,0.467949,0.476319,0.483095,0.488343,0.492236,0.495007,0.4969,0.498142,0.498925,0.4994,0.499677,0.499832,0.499916,0.499959,0.499981,0.499991,0.499996,0.499998,0.499999,0.5,0.5,0.5,0.5,0.5
0.5,0.5,0.5,0.5,0.5,0.499999,0.499998,0.499995,0.499988,0.499973,0.499942,0.499881,0.499762,0.499543,0.499153,0.498484,0.497382,0.495638,0.492982,0.4891,0.483653,0.476319,0.466861,0.45519,0.441443,0.426033,0.409669,0.393329,0.378177,0.365432,0.356211,0.351369,0.351369,0.356211,0.365432,0.378177,0.393329,0.409669,0.426033,0.441443,0.45519,0.466861,0.476319,0.483653,0.4891,0.492982,0.495638,0.497382,0.498484,0.499153,0.499543,0.499762,0.499881,0.499942,0.499973,0.499988,0.499995,0.499998,0.499999,0.5,0.5,0.5,0.5,0.5
0.5,0.5,0.5,0.5,0.5,0.499999,0.499997,0.499993,0.499983,0.499963,0.499921,0.499837,0.499675,0.499377,0.498845,0.497935,0.496438,0.494071,0.490472,0.485217,0.477852,0.467949,0.45519,0.439465,0.420961,0.400239,0.378253,0.356316,0.335987,0.318896,0.306535,0.300045,0.300045,0.306535,0.318896,0.335987,0.356316,0.378253,0.400239,0.420961,0.439465,0.45519,0.467949,0.477852,0.485217,0.490472,0.494071,0.496438,0.497935,0.498845,0.499377,0.499675,0.499837,0.499921,0.499963,0.499983,0.499993,0.499997,0.499999,0.5,0.5,0.5,0.5,0.5
0.5,0.5,0.5,0.5,0.499999,0.499998,0.499996,0.49999,0.499978,0.499951,0.499896,0.499785,0.499572,0.499178,0.498479,0.497283,0.495319,0.492215,0.487502,0.480628,0.471004,0.458078,0.441443,0.420961,0.396884,0.369943,0.341383,0.312908,0.286535,0.264374,0.248352,0.239942,0.239942,0.248352,0.264374,0.286535,0.312908,0.341383,0.369943,0.396884,0.420961,0.441443,0.458078,0.471004,0.480628,0.487502,0.492215,0.495319,0.497283,0.498479,0.499178,0.499572,0.499785,0.499896,0.499951,0.499978,0.49999,0.499996,0.499998,0.499999,0.5,0.5,0.5,0.5
0.5,0.5,0.5,0.5,0.499999,0.499998,0.499995,0.499988,0.499972,0.499938,0.499867,0.499725,0.499454,0.498954,0.498065,0.496547,0.494056,0.490124,0.484159,0.475468,0.463312,0.447002,0.426033,0.400239,0.369943,0.336073,0.300194,0.264445,0.231354,0.203561,0.183473,0.172931,0.172931,0.183473,0.203561,0.231354,0.264445,0.300194,0.336073,0.369943,0.400239,0.426033,0.447002,0.463312,0.475468,0.484159,0.490124,0.494056,0.496547,0.498065,0.498954,0.499454,0.499725,0.499867,0.499938,0.499972,0.499988,0.499995,0.499998,0.499999,0.5,0.5,0.5,0.5
0.5,0.5,0.5,0.5,0.499999,0.499997,0.499994,0.499985,0.499965,0.499923,0.499836,0.499662,0.499328,0.498713,0.497622,0.495761,0.492707,0.487892,0.480595,0.469973,0.455129,0.43523,0.409669,0.378253,0.341383,0.300194,0.256591,0.213173,0.173003,0.139277,0.11491,0.102124,0.102124,0.11491,0.139277,0.173003,0.213173,0.256591,0.300194,0.341383,0.378253,0.409669,0.43523,0.455129,0.469973,0.480595,0.487892,0.492707,0.495761,0.497622,0.498713,0.499328,0.499662,0.499836,0.499923,0.499965,0.499985,0.499994,0.499997,0.499999,0.5,0.5,0.5,0.5
0.5,0.5,0.5,0.5,0.499999,0.499997,0.499992,0.499982,0.499959,0.499908,0.499805,0.499598,0.499201,0.498471,0.497177,0.494971,0.491354,0.485655,0.477025,0.464472,0.446944,0.423466,0.393329,0.356316,0.312908,0.264445,0.213173,0.162143,0.114952,0.0753462,0.0467371,0.0317282,0.0317282,0.0467371,0.0753462,0.114952,0.162143,0.213173,0.264445,0.312908,0.356316,0.393329,0.423466,0.446944,0.464472,0.477025,0.485655,0.491354,0.494971,0.497177,0.498471,0.499201,0.499598,0.499805,0.499908,0.499959,0.499982,0.499992,0.499997,0.499999,0.5,0.5,0.5,0.5
0.5,0.5,0.5,0.499999,0.499999,0.499996,0.499991,0.499979,0.499952,0.499895,0.499775,0.499538,0.499083,0.498246,0.496762,0.494234,0.490094,0.483573,0.473705,0.459361,0.439344,0.412549,0.378177,0.335987,0.286535,0.231354,0.173003,0.114952,0.0612889,0.0162633,-0.0162536,-0.0333104,-0.0333104,-0.0162536,0.0162633,0.0612889,0.114952,0.173003,0.231354,0.286535,0.335987,0.378177,0.412549,0.439344,0.459361,0.473705,0.483573,0.490094,0.494234,0.496762,0.498246,0.499083,0.499538,0.499775,0.499895,0.499952,0.499979,0.499991,0.499996,0.499999,0.499999,0.5,0.5,0.5
0.5,0.5,0.5,0.499999,0.499998,0.499996,0.49999,0.499977,0.499947,0.499883,0.499751,0.499487,0.498983,0.498055,0.496411,0.493613,0.48903,0.481817,0.470906,0.455055,0.432945,0.403362,0.365432,0.318896,0.264374,0.203561,0.139277,0.0753462,0.0162633,-0.0332983,-0.0690851,-0.0878553,-0.0878553,-0.0690851,-0.0332983,0.0162633,0.0753462,0.139277,0.203561,0.264374,0.318896,0.365432,0.403362,0.432945,0.455055,0.470906,0.481817,0.48903,0.493613,0.496411,0.498055,0.498983,0.499487,0.499751,0.499883,0.499947,0.499977,0.49999,0.499996,0.499998,0.499999,0.5,0.5,0.5
0.5,0.5,0.5,0.499999,0.499998,0.499996,0.49999,0.499975,0.499943,0.499875,0.499733,0.49945,0.49891,0.497916,0.496157,0.493162,0.488258,0.480544,0.468878,0.451935,0.428311,0.396713,0.356211,0.306535,0.248352,0.183473,0.11491,0.0467371,-0.0162536,-0.0690851,-0.107229,-0.127234,-0.127234,-0.107229,-0.0690851,-0.0162536,0.0467371,0.11491,0.183473,0.248352,0.306535,0.356211,0.396713,0.428311,0.451935,0.468878,0.480544,0.488258,0.493162,0.496157,0.497916,0.49891,0.49945,0.499733,0.499875,0.499943,0.499975,0.49999,0.499996,0.499998,0.499999,0.5,0.5,0.5
0.5,0.5,0.5,0.499999,0.499998,0.499996,0.499989,0.499974,0.499941,0.49987,0.499723,0.499431,0.498872,0.497843,0.496023,0.492924,0.487853,0.479874,0.467812,0.450296,0.425877,0.39322,0.351369,0.300045,0.239942,0.172931,0.102124,0.0317282,-0.0333104,-0.0878553,-0.127234,-0.147886,-0.147886,-0.127234,-0.0878553,-0.0333104,0.0317282,0.102124,0.172931,0.239942,0.300045,0.351369,0.39322,0.425877,0.450296,0.467812,0.479874,0.487853,0.492924,0.496023,0.497843,0.498872,0.499431,0.499723,0.49987,0.499941,0.499974,0.499989,0.499996,0.499998,0.499999,0.5,0.5,0.5
0.5,0.5,0.5,0.499999,0.499998,0.499996,0.499989,0.499974,0.499941,0.49987,0.499723,0.499431,0.498872,0.497843,0.496023,0.492924,0.487853,0.479874,0.467812,0.450296,0.425877,0.39322,0.351369,0.300045,0.239942,0.172931,0.102124,0.0317282,-0.0333104,-0.0878553,-0.127234,-0.147886,-0.147886,-0.127234,-0.0878553,-0.0333104,0.0317282,0.102124,0.172931,0.239942,0.300045,0.351369,0.39322,0.425877,0.450296,0.467812,0.479874,0.487853,0.492924,0.496023,0.497843,0.498872,0.499431,0.499723,0.49987,0.499941,0.499974,0.499989,0.499996,0.499998,0.499999,0.5,0.5,0.5
0.5,0.5,0.5,0.499999,0.499998,0.499996,0.49999,0.499975,0.499943,0.499875,0.499733,0.49945,0.49891,0.497916,0.496157,0.493162,0.488258,0.480544,0.468878,0.451935,0.428311,0.396713,0.356211,0.306535,0.248352,0.183473,0.11491,0.0467371,-0.0162536,-0.0690851,-0.107229,-0.127234,-0.127234,-0.107229,-0.0690851,-0.0162536,0.0467371,0.11491,0.183473,0.248352,0.306535,0.356211,0.396713,0.428311,0.451935,0.468878,0.480544,0.488258,0.493162,0.496157,0.497916,0.49891,0.49945,0.499733,0.499875,0.499943,0.499975,0.49999,0.499996,0.499998,0.499999,0.5,0.5,0.5
0.5,0.5,0.5,0.499999,0.499998,0.499996,0.49999,0.499977,0.499947,0.499883,0.499751,0.499487,0.498983,0.498055,0.496411,0.493613,0.48903,0.481817,0.470906,0.455055,0.432945,0.403362,0.365432,0.318896,0.264374,0.203561,0.139277,0.0753462,0.0162633,-0.0332983,-0.0690851,-0.0878553,-0.0878553,-0.0690851,-0.0332983,0.0162633,0.0753462,0.139277,0.203561,0.264374,0.318896,0.365432,0.403362,0.432945,0.455055,0.470906,0.481817,0.48903,0.493613,0.496411,0.498055,0.498983,0.499487,0.499751,0.499883,0.499947,0.499977,0.49999,0.499996,0.499998,0.499999,0.5,0.5,0.5
0.5,0.5,0.5,0.499999,0.499999,0.499996,0.499991,0.499979,0.499952,0.499895,0.499775,0.499538,0.499083,0.498246,0.496762,0.494234,0.490094,0.483573,0.473705,0.459361,0.439344,0.412549,0.378177,0.335987,0.286535,0.231354,0.173003,0.114952,0.0612889,0.0162633,-0.0162536,-0.0333104,-0.0333104,-0.0162536,0.0162633,0.0612889,0.114952,0.173003,0.231354,0.286535,0.335987,0.378177,0.412549,0.439344,0.459361,0.473705,0.483573,0.490094,0.494234,0.496762,0.498246,0.499083,0.499538,0.499775,0.499895,0.499952,0.499979,0.499991,0.499996,0.499999,0.499999,0.5,0.5,0.5
0.5,0.5,0.5,0.5,0.499999,0.499997,0.499992,0.499982,0.499959,0.499908,0.499805,0.499598,0.499201,0.498471,0.497177,0.494971,0.491354,0.485655,0.477025,0.464472,0.446944,0.423466,0.393329,0.356316,0.312908,0.264445,0.213173,0.162143,0.114952,0.0753462,0.0467371,0.0317282,0.0317282,0.0467371,0.0753462,0.114952,0.162143,0.213173,0.264445,0.312908,0.356316,0.393329,0.423466,0.446944,0.464472,0.477025,0.485655,0.491354,0.494971,0.497177,0.498471,0.499201,0.499598,0.499805,0.499908,0.499959,0.499982,0.499992,0.499997,0.499999,0.5,0.5,0.5,0.5
0.5,0.5,0.5,0.5,0.499999,0.499997,0.499994,0.499985,0.499965,0.499923,0.499836,0.499662,0.499328,0.498713,0.497622,0.495761,0.492707,0.487892,0.480595,0.469973,0.455129,0.43523,0.409669,0.378253,0.341383,0.300194,0.256591,0.213173,0.173003,0.139277,0.11491,0.102124,0.102124,0.11491,0.139277,0.173003,0.213173,0.256591,0.300194,0.341383,0.378253,0.409669,0.43523,0.455129,0.469973,0.480595,0.487892,0.492707,0.495761,0.497622,0.498713,0.499328,0.499662,0.499836,0.499923,0.499965,0.499985,0.499994,0.499997,0.499999,0.5,0.5,0.5,0.5
0.5,0.5,0.5,0.5,0.499999,0.499998,0.499995,0.499988,0.499972,0.499938,0.499867,0.499725,0.499454,0.498954,0.498065,0.496547,0.494056,0.490124,0.484159,0.475468,0.463312,0.447002,0.426033,0.400239,0.369943,0.336073,0.300194,0.264445,0.231354,0.203561,0.183473,0.172931,0.172931,0.183473,0.203561,0.231354,0.264445,0.300194,0.336073,0.369943,0.400239,0.426033,0.447002,0.463312,0.475468,0.484159,0.490124,0.494056,0.496547,0.498065,0.498954,0.499454,0.499725,0.499867,0.499938,0.499972,0.499988,0.499995,0.499998,0.499999,0.5,0.5,0.5,0.5
0.5,0.5,0.5,0.5,0.499999,0.499998,0.499996,0.49999,0.499978,0.499951,0.499896,0.499785,0.499572,0.499178,0.498479,0.497283,0.495319,0.492215,0.487502,0.480628,0.471004,0.458078,0.441443,0.420961,0.396884,0.369943,0.341383,0.312908,0.286535,0.264374,0.248352,0.239942,0.239942,0.248352,0.264374,0.286535,0.312908,0.341383,0.369943,0.396884,0.420961,0.441443,0.458078,0.471004,0.480628,0.487502,0.492215,0.495319,0.497283,0.498479,0.499178,0.499572,0.499785,0.499896,0.499951,0.499978,0.49999,0.499996,0.499998,0.499999,0.5,0.5,0.5,0.5
0.5,0.5,0.5,0.5,0.5,0.499999,0.499997,0.499993,0.499983,0.499963,0.499921,0.499837,0.499675,0.499377,0.498845,0.497935,0.496438,0.494071,0.490472,0.485217,0.477852,0.467949,0.45519,0.439465,0.420961,0.400239,0.378253,0.356316,0.335987,0.318896,0.306535,0.300045,0.300045,0.306535,0.318896,0.335987,0.356316,0.378253,0.400239,0.420961,0.439465,0.45519,0.467949,0.477852,0.485217,0.490472,0.494071,0.496438,0.497935,0.498845,0.499377,0.499675,0.499837,0.499921,0.499963,0.499983,0.499993,0.499997,0.499999,0.5,0.5,0.5,0.5,0.5
0.5,0.5,0.5,0.5,0.5,0.499999,0.499998,0.499995,0.499988,0.499973,0.499942,0.499881,0.499762,0.499543,0.499153,0.498484,0.497382,0.495638,0.492982,0.4891,0.483653,0.476319,0.466861,0.45519,0.441443,0.426033,0.409669,0.393329,0.378177,0.365432,0.356211,0.351369,0.351369,0.356211,0.365432,0.378177,0.393329,0.409669,0.426033,0.441443,0.45519,0.466861,0.476319,0.483653,0.4891,0.492982,0.495638,0.497382,0.498484,0.499153,0.499543,0.499762,0.499881,0.499942,0.499973,0.499988,0.499995,0.499998,0.499999,0.5,0.5,0.5,0.5,0.5
0.5,0.5,0.5,0.5,0.5,0.499999,0.499998,0.499996,0.499991,0.499981,0.499959,0.499916,0.499832,0.499677,0.4994,0.498925,0.498142,0.4969,0.495007,0.492236,0.488343,0.483095,0.476319,0.467949,0.458078,0.447002,0.43523,0.423466,0.412549,0.403362,0.396713,0.39322,0.39322,0.396713,0.403362,0.412549,0.423466,0.43523,0.447002,0.458078,0.467949,0.476319,0.483095,0.488343,0.492236,0.495007,0.4969,0.498142,0.498925,0.4994,0.499677,0.499832,0.499916,0.499959,0.499981,0.499991,0.499996,0.499998,0.499999,0.5,0.5,0.5,0.5,0.5
0.5,0.5,0.5,0.5,0.5,0.5,0.499999,0.499997,0.499994,0.499987,0.499972,0.499943,0.499885,0.499779,0.49959,0.499264,0.498726,0.497872,0.496569,0.494658,0.49197,0.488343,0.483653,0.477852,0.471004,0.463312,0.455129,0.446944,0.439344,0.432945,0.428311,0.425877,0.425877,0.428311,0.432945,0.439344,0.446944,0.455129,0.463312,0.471004,0.477852,0.483653,0.488343,0.49197,0.494658,0.496569,0.497872,0.498726,0.499264,0.49959,0.499779,0.499885,0.499943,0.499972,0.499987,0.499994,0.499997,0.499999,0.5,0.5,0.5,0.5,0.5,0.5
0.5,0.5,0.5,0.5,0.5,0.5,0.499999,0.499998,0.499996,0.499992,0.499982,0.499962,0.499925,0.499854,0.499729,0.499513,0.499157,0.49859,0.497723,0.496451,0.494658,0.492236,0.4891,0.485217,0.480628,0.475468,0.469973,0.464472,0.459361,0.455055,0.451935,0.450296,0.450296,0.451935,0.455055,0.459361,0.464472,0.469973,0.475468,0.480628,0.485217,0.4891,0.492236,0.494658,0.496451,0.497723,0.49859,0.499157,0.499513,0.499729,0.499854,0.499925,0.499962,0.499982,0.499992,0.499996,0.499998,0.499999,0.5,0.5,0.5,0.5,0.5,0.5
0.5,0.5,0.5,0.5,0.5,0.5,0.5,0.499999,0.499998,0.499995,0.499988,0.499976,0.499952,0.499907,0.499827,0.499689,0.499461,0.499097,0.498541,0.497723,0.496569,0.495007,0.492982,0.490472,0.487502,0.484159,0.480595,0.477025,0.473705,0.470906,0.468878,0.467812,0.467812,0.468878,0.470906,0.473705,0.477025,0.480595,0.484159,0.487502,0.490472,0.492982,0.495007,0.496569,0.497723,0.498541,0.499097,0.499461,0.499689,0.499827,0.499907,0.499952,0.499976,0.499988,0.499995,0.499998,0.499999,0.5,0.5,0.5,0.5,0.5,0.5,0.5
0.5,0.5,0.5,0.5,0.5,0.5,0.5,0.499999,0.499999,0.499997,0.499993,0.499985,0.499971,0.499943,0.499894,0.499809,0.499668,0.499442,0.499097,0.49859,0.497872,0.4969,0.495638,0.494071,0.492215,0.490124,0.487892,0.485655,0.483573,0.481817,0.480544,0.479874,0.479874,0.480544,0.481817,0.483573,0.485655,0.487892,0.490124,0.492215,0.494071,0.495638,0.4969,0.497872,0.49859,0.499097,0.499442,0.499668,0.499809,0.499894,0.499943,0.499971,0.499985,0.499993,0.499997,0.499999,0.499999,0.5,0.5,0.5,0.5,0.5,0.5,0.5
0.5,0.5,0.5,0.5,0.5,0.5,0.5,0.5,0.499999,0.499998,0.499996,0.499991,0.499983,0.499966,0.499937,0.499886,0.499802,0.499668,0.499461,0.499157,0.498726,0.498142,0.497382,0.496438,0.495319,0.494056,0.492707,0.491354,0.490094,0.48903,0.488258,0.487853,0.487853,0.488258,0.48903,0.490094,0.491354,0.492707,0.494056,0.495319,0.496438,0.497382,0.498142,0.498726,0.499157,0.499461,0.499668,0.499802,0.499886,0.499937,0.499966,0.499983,0.499991,0.499996,0.499998,0.499999,0.5,0.5,0.5,0.5,0.5,0.5,0.5,0.5
0.5,0.5,0.5,0.5,0.5,0.5,0.5,0.5,0.5,0.499999,0.499998,0.499995,0.49999,0.499981,0.499964,0.499935,0.499886,0.499809,0.499689,0.499513,0.499264,0.498925,0.498484,0.497935,0.497283,0.496547,0.495761,0.494971,0.494234,0.493613,0.493162,0.492924,0.492924,0.493162,0.493613,0.494234,0.494971,0.495761,0.496547,0.497283,0.497935,0.498484,0.498925,0.499264,0.499513,0.499689,0.499809,0.499886,0.499935,0.499964,0.499981,0.49999,0.499995,0.499998,0.499999,0.5,0.5,0.5,0.5,0.5,0.5,0.5,0.5,0.5
0.5,0.5,0.5,0.5,0.5,0.5,0.5,0.5,0.5,0.499999,0.499999,0.499997,0.499995,0.499989,0.49998,0.499964,0.499937,0.499894,0.499827,0.499729,0.49959,0.4994,0.499153,0.498845,0.498479,0.498065,0.497622,0.497177,0.496762,0.496411,0.496157,0.496023,0.496023,0.496157,0.496411,0.496762,0.497177,0.497622,0.498065,0.498479,0.498845,0.499153,0.4994,0.49959,0.499729,0.499827,0.499894,0.499937,0.499964,0.49998,0.499989,0.499995,0.499997,0.499999,0.499999,0.5,0.5,0.5,0.5,0.5,0.5,0.5,0.5,0.5
0.5,0.5,0.5,0.5,0.5,0.5,0.5,0.5,0.5,0.5,0.499999,0.499999,0.499997,0.499994,0.499989,0.499981,0.499966,0.499943,0.499907,0.499854,0.499779,0.499677,0.499543,0.499377,0.499178,0.498954,0.498713,0.498471,0.498246,0.498055,0.497916,0.497843,0.497843,0.497916,0.498055,0.498246,0.498471,0.498713,0.498954,0.499178,0.499377,0.499543,0.499677,0.499779,0.499854,0.499907,0.499943,0.499966,0.499981,0.499989,0.499994,0.499997,0.499999,0.499999,0.5,0.5,0.5,0.5,0.5,0.5,0.5,0.5,0.5,0.5
0.5,0.5,0.5,0.5,0.5,0.5,0.5,0.5,0.5,0.5,0.5,0.499999,0.499999,0.499997,0.499995,0.49999,0.499983,0.499971,0.499952,0.499925,0.499885,0.499832,0.499762,0.499675,0.499572,0.499454,0.499328,0.499201,0.499083,0.498983,0.49891,0.498872,0.498872,0.49891,0.498983,0.499083,0.499201,0.499328,0.499454,0.499572,0.499675,0.499762,0.499832,0.499885,0.499925,0.499952,0.499971,0.499983,0.49999,0.499995,0.499997,0.499999,0.499999,0.5,0.5,0.5,0.5,0.5,0.5,0.5,0.5,0.5,0.5,0.5
0.5,0.5,0.5,0.5,0.5,0.5,0.5,0.5,0.5,0.5,0.5,0.5,0.499999,0.499999,0.499997,0.499995,0.499991,0.499985,0.499976,0.499962,0.499943,0.499916,0.499881,0.499837,0.499785,0.499725,0.499662,0.499598,0.499538,0.499487,0.49945,0.499431,0.499431,0.49945,0.499487,0.499538,0.499598,0.499662,0.499725,0.499785,0.499837,0.499881,0.499916,0.499943,0.499962,0.499976,0.499985,0.499991,0.499995,0.499997,0.499999,0.499999,0.5,0.5,0.5,0.5,0.5,0.5,0.5,0.5,0.5,0.5,0.5,0.5
0.5,0.5,0.5,0.5,0.5,0.5,0.5,0.5,0.5,0.5,0.5,0.5,0.5,0.499999,0.499999,0.499998,0.499996,0.499993,0.499988,0.499982,0.499972,0.499959,0.499942,0.499921,0.499896,0.499867,0.499836,0.499805,0.499775,0.499751,0.499733,0.499723,0.499723,0.499733,0.499751,0.499775,0.499805,0.499836,0.499867,0.499896,0.499921,0.499942,0.499959,0.499972,0.499982,0.499988,0.499993,0.499996,0.499998,0.499999,0.499999,0.5,0.5,0.5,0.5,0.5,0.5,0.5,0.5,0.5,0.5,0.5,0.5,0.5
0.5,0.5,0.5,0.5,0.5,0.5,0.5,0.5,0.5,0.5,0.5,0.5,0.5,0.5,0.499999,0.499999,0.499998,0.499997,0.499995,0.499992,0.499987,0.499981,0.499973,0.499963,0.499951,0.499938,0.499923,0.499908,0.499895,0.499883,0.499875,0.49987,0.49987,0.499875,0.499883,0.499895,0.499908,0.499923,0.499938,0.499951,0.499963,0.499973,0.499981,0.499987,0.499992,0.499995,0.499997,0.499998,0.499999,0.499999,0.5,0.5,0.5,0.5,0.5,0.5,0.5,0.5,0.5,0.5,0.5,0.5,0.5,0.5
0.5,0.5,0.5,0.5,0.5,0.5,0.5,0.5,0.5,0.5,0.5,0.5,0.5,0.5,0.5,0.5,0.499999,0.499999,0.499998,0.499996,0.499994,0.499991,0.499988,0.499983,0.499978,0.499972,0.499965,0.499959,0.499952,0.499947,0.499943,0.499941,0.499941,0.499943,0.499947,0.499952,0.499959,0.499965,0.499972,0.499978,0.499983,0.499988,0.499991,0.499994,0.499996,0.499998,0.499999,0.499999,0.5,0.5,0.5,0.5,0.5,0.5,0.5,0.5,0.5,0.5,0.5,0.5,0.5,0.5,0.5,0.5
0.5,0.5,0.5,0.5,0.5,0.5,0.5,0.5,0.5,0.5,0.5,0.5,0.5,0.5,0.5,0.5,0.5,0.499999,0.499999,0.499998,0.499997,0.499996,0.499995,0.499993,0.49999,0.499988,0.499985,0.499982,0.499979,0.499977,0.499975,0.499974,0.499974,0.499975,0.499977,0.499979,0.499982,0.499985,0.499988,0.49999,0.499993,0.499995,0.499996,0.499997,0.499998,0.499999,0.499999,0.5,0.5,0.5,0.5,0.5,0.5,0.5,0.5,0.5,0.5,0.5,0.5,0.5,0.5,0.5,0.5,0.5
0.5,0.5,0.5,0.5,0.5,0.5,0.5,0.5,0.5,0.5,0.5,0.5,0.5,0.5,0.5,0.5,0.5,0.5,0.5,0.499999,0.499999,0.499998,0.499998,0.499997,0.499996,0.499995,0.499994,0.499992,0.499991,0.49999,0.49999,0.499989,0.499989,0.49999,0.49999,0.499991,0.499992,0.499994,0.499995,0.499996,0.499997,0.499998,0.499998,0.499999,0.499999,0.5,0.5,0.5,0.5,0.5,0.5,0.5,0.5,0.5,0.5,0.5,0.5,0.5,0.5,0.5,0.5,0.5,0.5,0.5
0.5,0.5,0.5,0.5,0.5,0.5,0.5,0.5,0.5,0.5,0.5,0.5,0.5,0.5,0.5,0.5,0.5,0.5,0.5,0.5,0.5,0.499999,0.499999,0.499999,0.499998,0.499998,0.499997,0.499997,0.499996,0.499996,0.499996,0.499996,0.499996,0.499996,0.499996,0.499996,0.499997,0.499997,0.499998,0.499998,0.499999,0.499999,0.499999,0.5,0.5,0.5,0.5,0.5,0.5,0.5,0.5,0.5,0.5,0.5,0.5,0.5,0.5,0.5,0.5,0.5,0.5,0.5,0.5,0.5
0.5,0.5,0.5,0.5,0.5,0.5,0.5,0.5,0.5,0.5,0.5,0.5,0.5,0.5,0.5,0.5,0.5,0.5,0.5,0.5,0.5,0.5,0.5,0.5,0.499999,0.499999,0.499999,0.499999,0.499999,0.499998,0.499998,0.499998,0.499998,0.499998,0.499998,0.499999,0.499999,0.499999,0.499999,0.499999,0.5,0.5,0.5,0.5,0.5,0.5,0.5,0.5,0.5,0.5,0.5,0.5,0.5,0.5,0.5,0.5,0.5,0.5,0.5,0.5,0.5,0.5,0.5,0.5
0.5,0.5,0.5,0.5,0.5,0.5,0.5,0.5,0.5,0.5,0.5,0.5,0.5,0.5,0.5,0.5,0.5,0.5,0.5,0.5,0.5,0.5,0.5,0.5,0.5,0.5,0.5,0.5,0.499999,0.499999,0.499999,0.499999,0.499999,0.499999,0.499999,0.499999,0.5,0.5,0.5,0.5,0.5,0.5,0.5,0.5,0.5,0.5,0.5,0.5,0.5,0.5,0.5,0.5,0.5,0.5,0.5,0.5,0.5,0.5,0.5,0.5,0.5,0.5,0.5,0.5
0.5,0.5,0.5,0.5,0.5,0.5,0.5,0.5,0.5,0.5,0.5,0.5,0.5,0.5,0.5,0.5,0.5,0.5,0.5,0.5,0.5,0.5,0.5,0.5,0.5,0.5,0.5,0.5,0.5,0.5,0.5,0.5,0.5,0.5,0.5,0.5,0.5,0.5,0.5,0.5,0.5,0.5,0.5,0.5,0.5,0.5,0.5,0.5,0.5,0.5,0.5,0.5,0.5,0.5,0.5,0.5,0.5,0.5,0.5,0.5,0.5,0.5,0.5,0.5
0.5,0.5,0.5,0.5,0.5,0.5,0.5,0.5,0.5,0.5,0.5,0.5,0.5,0.5,0.5,0.5,0.5,0.5,0.5,0.5,0.5,0.5,0.5,0.5,0.5,0.5,0.5,0.5,0.5,0.5,0.5,0.5,0.5,0.5,0.5,0.5,0.5,0.5,0.5,0.5,0.5,0.5,0.5,0.5,0.5,0.5,0.5,0.5,0.5,0.5,0.5,0.5,0.5,0.5,0.5,0.5,0.5,0.5,0.5,0.5,0.5,0.5,0.5,0.5
0.5,0.5,0.5,0.5,0.5,0.5,0.5,0.5,0.5,0.5,0.5,0.5,0.5,0.5,0.5,0.5,0.5,0.5,0.5,0.5,0.5,0.5,0.5,0.5,0.5,0.5,0.5,0.5,0.5,0.5,0.5,0.5,0.5,0.5,0.5,0.5,0.5,0.5,0.5,0.5,0.5,0.5,0.5,0.5,0.5,0.5,0.5,0.5,0.5,0.5,0.5,0.5,0.5,0.5,0.5,0.5,0.5,0.5,0.5,0.5,0.5,0.5,0.5,0.5
