0.5,0.5,0.5,0.5,0.5,0.5,0.5,0.499999,0.499999,0.499998,0.499996,0.499994,0.49999,0.499984,0.499976,0.499963,0.499946,0.499922,0.499891,0.499851,0.499803,0.499744,0.499677,0.499602,0.499521,0.499437,0.499354,0.499276,0.499207,0.499151,0.499111,0.499091,0.499091,0.499111,0.499151,0.499207,0.499276,0.499354,0.499437,0.499521,0.499602,0.499677,0.499744,0.499803,0.499851,0.499891,0.499922,0.499946,0.499963,0.499976,0.499984,0.49999,0.499994,0.499996,0.499998,0.499999,0.499999,0.5,0.5,0.5,0.5,0.5,0.5,0.5
0.5,0.5,0.5,0.5,0.5,0.5,0.5,0.499999,0.499999,0.499998,0.499996,0.499994,0.49999,0.499984,0.499976,0.499963,0.499946,0.499922,0.499891,0.499851,0.499803,0.499744,0.499677,0.499602,0.499521,0.499437,0.499354,0.499276,0.499207,0.499151,0.499111,0.499091,0.499091,0.499111,0.499151,0.499207,0.499276,0.499354,0.499437,0.499521,0.499602,0.499677,0.499744,0.499803,0.499851,0.499891,0.499922,0.499946,0.499963,0.499976,0.499984,0.49999,0.499994,0.499996,0.499998,0.499999,0.499999,0.5,0.5,0.5,0.5,0.5,0.5,0.5
0.5,0.5,0.5,0.5,0.5,0.5,0.499999,0.499999,0.499998,0.499997,0.499994,0.499991,0.499985,0.499976,0.499963,0.499944,0.499918,0.499883,0.499837,0.499779,0.499709,0.499624,0.499527,0.49942,0.499304,0.499185,0.499068,0.498957,0.49886,0.498781,0.498726,0.498697,0.498697,0.498726,0.498781,0.49886,0.498957,0.499068,0.499185,0.499304,0.49942,0.499527,0.499624,0.499709,0.499779,0.499837,0.499883,0.499918,0.499944,0.499963,0.499976,0.499985,0.499991,0.499994,0.499997,0.499998,0.499999,0.499999,0.5,0.5,0.5,0.5,0.5,0.5
0.5,0.5,0.5,0.5,0.5,0.499999,0.499999,0.499998,0.499997,0.499994,0.49999,0.499983,0.499972,0.499956,0.499932,0.499899,0.499853,0.499791,0.499711,0.499611,0.499489,0.499346,0.499181,0.499,0.498806,0.498607,0.498411,0.498228,0.498068,0.497938,0.497847,0.4978,0.4978,0.497847,0.497938,0.498068,0.498228,0.498411,0.498607,0.498806,0.499,0.499181,0.499346,0.499489,0.499611,0.499711,0.499791,0.499853,0.499899,0.499932,0.499956,0.499972,0.499983,0.49999,0.499994,0.499997,0.499998,0.499999,0.499999,0.5,0.5,0.5,0.5,0.5
0.5,0.5,0.5,0.5,0.499999,0.499999,0.499998,0.499996,0.499993,0.499988,0.49998,0.499967,0.499947,0.499917,0.499873,0.499811,0.499727,0.499616,0.499473,0.499294,0.499079,0.498825,0.498538,0.498222,0.497887,0.497545,0.49721,0.496897,0.496624,0.496404,0.496249,0.49617,0.49617,0.496249,0.496404,0.496624,0.496897,0.49721,0.497545,0.497887,0.498222,0.498538,0.498825,0.499079,0.499294,0.499473,0.499616,0.499727,0.499811,0.499873,0.499917,0.499947,0.499967,0.49998,0.499988,0.499993,0.499996,0.499998,0.499999,0.499999,0.5,0.5,0.5,0.5
0.5,0.5,0.5,0.499999,0.499999,0.499998,0.499996,0.499993,0.499987,0.499978,0.499962,0.499938,0.499901,0.499845,0.499766,0.499655,0.499504,0.499306,0.499054,0.498741,0.498365,0.497927,0.497432,0.496893,0.496323,0.495744,0.49518,0.494656,0.494198,0.493831,0.493574,0.493442,0.493442,0.493574,0.493831,0.494198,0.494656,0.49518,0.495744,0.496323,0.496893,0.497432,0.497927,0.498365,0.498741,0.499054,0.499306,0.499504,0.499655,0.499766,0.499845,0.499901,0.499938,0.499962,0.499978,0.499987,0.499993,0.499996,0.499998,0.499999,0.499999,0.5,0.5,0.5
0.5,0.5,0.499999,0.499999,0.499998,0.499996,0.499993,0.499987,0.499976,0.499959,0.499931,0.499887,0.49982,0.499721,0.499581,0.499386,0.499124,0.498781,0.498348,0.497815,0.497179,0.496444,0.495619,0.494724,0.493785,0.492835,0.491914,0.491062,0.490321,0.489727,0.489313,0.4891,0.4891,0.489313,0.489727,0.490321,0.491062,0.491914,0.492835,0.493785,0.494724,0.495619,0.496444,0.497179,0.497815,0.498348,0.498781,0.499124,0.499386,0.499581,0.499721,0.49982,0.499887,0.499931,0.499959,0.499976,0.499987,0.499993,0.499996,0.499998,0.499999,0.499999,0.5,0.5
0.499999,0.499999,0.499999,0.499998,0.499996,0.499993,0.499987,0.499976,0.499957,0.499926,0.499876,0.499799,0.499682,0.499512,0.499271,0.49894,0.498497,0.497924,0.497204,0.496325,0.495285,0.49409,0.492759,0.491324,0.489828,0.488323,0.486871,0.485534,0.484375,0.48345,0.482805,0.482474,0.482474,0.482805,0.48345,0.484375,0.485534,0.486871,0.488323,0.489828,0.491324,0.492759,0.49409,0.495285,0.496325,0.497204,0.497924,0.498497,0.49894,0.499271,0.499512,0.499682,0.499799,0.499876,0.499926,0.499957,0.499976,0.499987,0.499993,0.499996,0.499998,0.499999,0.499999,0.499999
0.499999,0.499999,0.499998,0.499997,0.499993,0.499987,0.499976,0.499957,0.499924,0.49987,0.499785,0.499653,0.499457,0.499172,0.498771,0.498225,0.497501,0.496572,0.495414,0.494012,0.492365,0.490488,0.488413,0.486191,0.48389,0.48159,0.479382,0.477358,0.475611,0.47422,0.473254,0.472758,0.472758,0.473254,0.47422,0.475611,0.477358,0.479382,0.48159,0.48389,0.486191,0.488413,0.490488,0.492365,0.494012,0.495414,0.496572,0.497501,0.498225,0.498771,0.499172,0.499457,0.499653,0.499785,0.49987,0.499924,0.499957,0.499976,0.499987,0.499993,0.499997,0.499998,0.499999,0.499999
0.499998,0.499998,0.499997,0.499994,0.499988,0.499978,0.499959,0.499926,0.49987,0.49978,0.499638,0.499421,0.499098,0.498635,0.497989,0.497116,0.49597,0.494511,0.492708,0.490544,0.488023,0.485173,0.482048,0.478726,0.475309,0.471917,0.46868,0.465729,0.463191,0.461179,0.459784,0.45907,0.45907,0.459784,0.461179,0.463191,0.465729,0.46868,0.471917,0.475309,0.478726,0.482048,0.485173,0.488023,0.490544,0.492708,0.494511,0.49597,0.497116,0.497989,0.498635,0.499098,0.499421,0.499638,0.49978,0.49987,0.499926,0.499959,0.499978,0.499988,0.499994,0.499997,0.499998,0.499998
0.499996,0.499996,0.499994,0.49999,0.49998,0.499962,0.499931,0.499876,0.499785,0.499638,0.499408,0.499059,0.498546,0.497816,0.496807,0.495454,0.493695,0.491476,0.488757,0.485524,0.481791,0.477608,0.473059,0.468264,0.46337,0.458545,0.45397,0.449824,0.446275,0.443473,0.441535,0.440545,0.440545,0.441535,0.443473,0.446275,0.449824,0.45397,0.458545,0.46337,0.468264,0.473059,0.477608,0.481791,0.485524,0.488757,0.491476,0.493695,0.495454,0.496807,0.497816,0.498546,0.499059,0.499408,0.499638,0.499785,0.499876,0.499931,0.499962,0.49998,0.49999,0.499994,0.499996,0.499996
0.499994,0.499994,0.499991,0.499983,0.499967,0.499938,0.499887,0.499799,0.499653,0.499421,0.499059,0.498516,0.497724,0.496606,0.495076,0.493043,0.490425,0.487153,0.483182,0.478506,0.473159,0.467222,0.460826,0.454142,0.447378,0.440761,0.434531,0.42892,0.424144,0.420388,0.417799,0.416478,0.416478,0.417799,0.420388,0.424144,0.42892,0.434531,0.440761,0.447378,0.454142,0.460826,0.467222,0.473159,0.478506,0.483182,0.487153,0.490425,0.493043,0.495076,0.496606,0.497724,0.498516,0.499059,0.499421,0.499653,0.499799,0.499887,0.499938,0.499967,0.499983,0.499991,0.499994,0.499994
0.49999,0.49999,0.499985,0.499972,0.499947,0.499901,0.49982,0.499682,0.499457,0.499098,0.498546,0.497724,0.496537,0.494875,0.492622,0.489658,0.485878,0.481201,0.475583,0.469034,0.46162,0.453473,0.444781,0.435785,0.426764,0.418015,0.409842,0.402533,0.396348,0.391508,0.388183,0.386491,0.386491,0.388183,0.391508,0.396348,0.402533,0.409842,0.418015,0.426764,0.435785,0.444781,0.453473,0.46162,0.469034,0.475583,0.481201,0.485878,0.489658,0.492622,0.494875,0.496537,0.497724,0.498546,0.499098,0.499457,0.499682,0.49982,0.499901,0.499947,0.499972,0.499985,0.49999,0.49999
0.499984,0.499984,0.499976,0.499956,0.499917,0.499845,0.499721,0.499512,0.499172,0.498635,0.497816,0.496606,0.494875,0.492476,0.489253,0.485058,0.479762,0.473276,0.46557,0.456684,0.446734,0.435917,0.424501,0.412809,0.401202,0.390052,0.379727,0.370566,0.362866,0.356872,0.352772,0.35069,0.35069,0.352772,0.356872,0.362866,0.370566,0.379727,0.390052,0.401202,0.412809,0.424501,0.435917,0.446734,0.456684,0.46557,0.473276,0.479762,0.485058,0.489253,0.492476,0.494875,0.496606,0.497816,0.498635,0.499172,0.499512,0.499721,0.499845,0.499917,0.499956,0.499976,0.499984,0.499984
0.499976,0.499976,0.499963,0.499932,0.499873,0.499766,0.499581,0.499271,0.498771,0.497989,0.496807,0.495076,0.492622,0.489253,0.484775,0.479005,0.471798,0.463071,0.452819,0.44113,0.428196,0.4143,0.399805,0.38513,0.370723,0.35703,0.344475,0.333433,0.324224,0.3171,0.312249,0.309794,0.309794,0.312249,0.3171,0.324224,0.333433,0.344475,0.35703,0.370723,0.38513,0.399805,0.4143,0.428196,0.44113,0.452819,0.463071,0.471798,0.479005,0.484775,0.489253,0.492622,0.495076,0.496807,0.497989,0.498771,0.499271,0.499581,0.499766,0.499873,0.499932,0.499963,0.499976,0.499976
0.499963,0.499963,0.499944,0.499899,0.499811,0.499655,0.499386,0.49894,0.498225,0.497116,0.495454,0.493043,0.489658,0.485058,0.479005,0.471289,0.461761,0.450355,0.437116,0.422207,0.405915,0.388633,0.370835,0.353045,0.335796,0.319597,0.30491,0.292125,0.281555,0.273439,0.267942,0.265169,0.265169,0.267942,0.273439,0.281555,0.292125,0.30491,0.319597,0.335796,0.353045,0.370835,0.388633,0.405915,0.422207,0.437116,0.450355,0.461761,0.471289,0.479005,0.485058,0.489658,0.493043,0.495454,0.497116,0.498225,0.49894,0.499386,0.499655,0.499811,0.499899,0.499944,0.499963,0.499963
0.499946,0.499946,0.499918,0.499853,0.499727,0.499504,0.499124,0.498497,0.497501,0.49597,0.493695,0.490425,0.485878,0.479762,0.471798,0.461761,0.449509,0.435021,0.418414,0.399957,0.380059,0.359242,0.338105,0.317272,0.297354,0.278903,0.262388,0.248181,0.23656,0.227712,0.221759,0.218767,0.218767,0.221759,0.227712,0.23656,0.248181,0.262388,0.278903,0.297354,0.317272,0.338105,0.359242,0.380059,0.399957,0.418414,0.435021,0.449509,0.461761,0.471798,0.479762,0.485878,0.490425,0.493695,0.49597,0.497501,0.498497,0.499124,0.499504,0.499727,0.499853,0.499918,0.499946,0.499946
0.499922,0.499922,0.499883,0.499791,0.499616,0.499306,0.498781,0.497924,0.496572,0.494511,0.491476,0.487153,0.481201,0.473276,0.463071,0.450355,0.435021,0.417115,0.396864,0.37467,0.351089,0.326789,0.302495,0.278928,0.25675,0.236526,0.218696,0.203574,0.191358,0.182155,0.176013,0.172941,0.172941,0.176013,0.182155,0.191358,0.203574,0.218696,0.236526,0.25675,0.278928,0.302495,0.326789,0.351089,0.37467,0.396864,0.417115,0.435021,0.450355,0.463071,0.473276,0.481201,0.487153,0.491476,0.494511,0.496572,0.497924,0.498781,0.499306,0.499616,0.499791,0.499883,0.499922,0.499922
0.499891,0.499891,0.499837,0.499711,0.499473,0.499054,0.498348,0.497204,0.495414,0.492708,0.488757,0.483182,0.475583,0.46557,0.452819,0.437116,0.418414,0.396864,0.372833,0.346884,0.319743,0.292233,0.2652,0.239439,0.215636,0.194324,0.175872,0.160488,0.148254,0.139159,0.13315,0.130165,0.130165,0.13315,0.139159,0.148254,0.160488,0.175872,0.194324,0.215636,0.239439,0.2652,0.292233,0.319743,0.346884,0.372833,0.396864,0.418414,0.437116,0.452819,0.46557,0.475583,0.483182,0.488757,0.492708,0.495414,0.497204,0.498348,0.499054,0.499473,0.499711,0.499837,0.499891,0.499891
0.499851,0.499851,0.499779,0.499611,0.499294,0.498741,0.497815,0.496325,0.494012,0.490544,0.485524,0.478506,0.469034,0.456684,0.44113,0.422207,0.399957,0.37467,0.346884,0.317352,0.286982,0.256751,0.227608,0.200396,0.175781,0.15422,0.135958,0.121059,0.109446,0.100964,0.0954366,0.0927146,0.0927146,0.0954366,0.100964,0.109446,0.121059,0.135958,0.15422,0.175781,0.200396,0.227608,0.256751,0.286982,0.317352,0.346884,0.37467,0.399957,0.422207,0.44113,0.456684,0.469034,0.478506,0.485524,0.490544,0.494012,0.496325,0.497815,0.498741,0.499294,0.499611,0.499779,0.499851,0.499851
0.499803,0.499803,0.499709,0.499489,0.499079,0.498365,0.497179,0.495285,0.492365,0.488023,0.481791,0.473159,0.46162,0.446734,0.428196,0.405915,0.380059,0.351089,0.319743,0.286982,0.253901,0.221616,0.191159,0.163376,0.138867,0.117965,0.10075,0.0870949,0.0767397,0.0693616,0.0646487,0.0623582,0.0623582,0.0646487,0.0693616,0.0767397,0.0870949,0.10075,0.117965,0.138867,0.163376,0.191159,0.221616,0.253901,0.286982,0.319743,0.351089,0.380059,0.405915,0.428196,0.446734,0.46162,0.473159,0.481791,0.488023,0.492365,0.495285,0.497179,0.498365,0.499079,0.499489,0.499709,0.499803,0.499803
0.499744,0.499744,0.499624,0.499346,0.498825,0.497927,0.496444,0.49409,0.490488,0.485173,0.477608,0.467222,0.453473,0.435917,0.4143,0.388633,0.359242,0.326789,0.292233,0.256751,0.221616,0.188068,0.157179,0.129756,0.106288,0.0869337,0.0715686,0.0598518,0.0513177,0.0454677,0.0418516,0.0401332,0.0401332,0.0418516,0.0454677,0.0513177,0.0598518,0.0715686,0.0869337,0.106288,0.129756,0.157179,0.188068,0.221616,0.256751,0.292233,0.326789,0.359242,0.388633,0.4143,0.435917,0.453473,0.467222,0.477608,0.485173,0.490488,0.49409,0.496444,0.497927,0.498825,0.499346,0.499624,0.499744,0.499744
0.499677,0.499677,0.499527,0.499181,0.498538,0.497432,0.495619,0.492759,0.488413,0.482048,0.473059,0.460826,0.444781,0.424501,0.399805,0.370835,0.338105,0.302495,0.2652,0.227608,0.191159,0.157179,0.126742,0.100571,0.0789949,0.0619654,0.0491243,0.0399002,0.033619,0.0296096,0.0272918,0.0262437,0.0262437,0.0272918,0.0296096,0.033619,0.0399002,0.0491243,0.0619654,0.0789949,0.100571,0.126742,0.157179,0.191159,0.227608,0.2652,0.302495,0.338105,0.370835,0.399805,0.424501,0.444781,0.460826,0.473059,0.482048,0.488413,0.492759,0.495619,0.497432,0.498538,0.499181,0.499527,0.499677,0.499677
0.499602,0.499602,0.49942,0.499,0.498222,0.496893,0.494724,0.491324,0.486191,0.478726,0.468264,0.454142,0.435785,0.412809,0.38513,0.353045,0.317272,0.278928,0.239439,0.200396,0.163376,0.129756,0.100571,0.0764149,0.0574213,0.0433077,0.0334694,0.0271036,0.0233374,0.0213428,0.0204273,0.0200973,0.0200973,0.0204273,0.0213428,0.0233374,0.0271036,0.0334694,0.0433077,0.0574213,0.0764149,0.100571,0.129756,0.163376,0.200396,0.239439,0.278928,0.317272,0.353045,0.38513,0.412809,0.435785,0.454142,0.468264,0.478726,0.486191,0.491324,0.494724,0.496893,0.498222,0.499,0.49942,0.499602,0.499602
0.499521,0.499521,0.499304,0.498806,0.497887,0.496323,0.493785,0.489828,0.48389,0.475309,0.46337,0.447378,0.426764,0.401202,0.370723,0.335796,0.297354,0.25675,0.215636,0.175781,0.138867,0.106288,0.0789949,0.0574213,0.0414808,0.030643,0.0240584,0.0207058,0.0195345,0.0195849,0.0200757,0.0204609,0.0204609,0.0200757,0.0195849,0.0195345,0.0207058,0.0240584,0.030643,0.0414808,0.0574213,0.0789949,0.106288,0.138867,0.175781,0.215636,0.25675,0.297354,0.335796,0.370723,0.401202,0.426764,0.447378,0.46337,0.475309,0.48389,0.489828,0.493785,0.496323,0.497887,0.498806,0.499304,0.499521,0.499521
0.499437,0.499437,0.499185,0.498607,0.497545,0.495744,0.492835,0.488323,0.48159,0.471917,0.458545,0.440761,0.418015,0.390052,0.35703,0.319597,0.278903,0.236526,0.194324,0.15422,0.117965,0.0869337,0.0619654,0.0433077,0.030643,0.0231957,0.0198856,0.0194968,0.0208305,0.0228256,0.0246391,0.0256924,0.0256924,0.0246391,0.0228256,0.0208305,0.0194968,0.0198856,0.0231957,0.030643,0.0433077,0.0619654,0.0869337,0.117965,0.15422,0.194324,0.236526,0.278903,0.319597,0.35703,0.390052,0.418015,0.440761,0.458545,0.471917,0.48159,0.488323,0.492835,0.495744,0.497545,0.498607,0.499185,0.499437,0.499437
0.499354,0.499354,0.499068,0.498411,0.49721,0.49518,0.491914,0.486871,0.479382,0.46868,0.45397,0.434531,0.409842,0.379727,0.344475,0.30491,0.262388,0.218696,0.175872,0.135958,0.10075,0.0715686,0.0491243,0.0334694,0.0240584,0.0198856,0.019665,0.022017,0.0256274,0.0293649,0.0323506,0.0339919,0.0339919,0.0323506,0.0293649,0.0256274,0.022017,0.019665,0.0198856,0.0240584,0.0334694,0.0491243,0.0715686,0.10075,0.135958,0.175872,0.218696,0.262388,0.30491,0.344475,0.379727,0.409842,0.434531,0.45397,0.46868,0.479382,0.486871,0.491914,0.49518,0.49721,0.498411,0.499068,0.499354,0.499354
0.499276,0.499276,0.498957,0.498228,0.496897,0.494656,0.491062,0.485534,0.477358,0.465729,0.449824,0.42892,0.402533,0.370566,0.333433,0.292125,0.248181,0.203574,0.160488,0.121059,0.0870949,0.0598518,0.0399002,0.0271036,0.0207058,0.0194968,0.022017,0.0267566,0.0323186,0.0375289,0.0414948,0.0436244,0.0436244,0.0414948,0.0375289,0.0323186,0.0267566,0.022017,0.0194968,0.0207058,0.0271036,0.0399002,0.0598518,0.0870949,0.121059,0.160488,0.203574,0.248181,0.292125,0.333433,0.370566,0.402533,0.42892,0.449824,0.465729,0.477358,0.485534,0.491062,0.494656,0.496897,0.498228,0.498957,0.499276,0.499276
0.499207,0.499207,0.49886,0.498068,0.496624,0.494198,0.490321,0.484375,0.475611,0.463191,0.446275,0.424144,0.396348,0.362866,0.324224,0.281555,0.23656,0.191358,0.148254,0.109446,0.0767397,0.0513177,0.033619,0.0233374,0.0195345,0.0208305,0.0256274,0.0323186,0.0394518,0.0458323,0.0505688,0.0530796,0.0530796,0.0505688,0.0458323,0.0394518,0.0323186,0.0256274,0.0208305,0.0195345,0.0233374,0.033619,0.0513177,0.0767397,0.109446,0.148254,0.191358,0.23656,0.281555,0.324224,0.362866,0.396348,0.424144,0.446275,0.463191,0.475611,0.484375,0.490321,0.494198,0.496624,0.498068,0.49886,0.499207,0.499207
0.499151,0.499151,0.498781,0.497938,0.496404,0.493831,0.489727,0.48345,0.47422,0.461179,0.443473,0.420388,0.391508,0.356872,0.3171,0.273439,0.227712,0.182155,0.139159,0.100964,0.0693616,0.0454677,0.0296096,0.0213428,0.0195849,0.0228256,0.0293649,0.0375289,0.0458323,0.0530739,0.0583719,0.0611586,0.0611586,0.0583719,0.0530739,0.0458323,0.0375289,0.0293649,0.0228256,0.0195849,0.0213428,0.0296096,0.0454677,0.0693616,0.100964,0.139159,0.182155,0.227712,0.273439,0.3171,0.356872,0.391508,0.420388,0.443473,0.461179,0.47422,0.48345,0.489727,0.493831,0.496404,0.497938,0.498781,0.499151,0.499151
0.499111,0.499111,0.498726,0.497847,0.496249,0.493574,0.489313,0.482805,0.473254,0.459784,0.441535,0.417799,0.388183,0.352772,0.312249,0.267942,0.221759,0.176013,0.13315,0.0954366,0.0646487,0.0418516,0.0272918,0.0204273,0.0200757,0.0246391,0.0323506,0.0414948,0.0505688,0.0583719,0.064033,0.0669972,0.0669972,0.064033,0.0583719,0.0505688,0.0414948,0.0323506,0.0246391,0.0200757,0.0204273,0.0272918,0.0418516,0.0646487,0.0954366,0.13315,0.176013,0.221759,0.267942,0.312249,0.352772,0.388183,0.417799,0.441535,0.459784,0.473254,0.482805,0.489313,0.493574,0.496249,0.497847,0.498726,0.499111,0.499111
0.499091,0.499091,0.498697,0.4978,0.49617,0.493442,0.4891,0.482474,0.472758,0.45907,0.440545,0.416478,0.386491,0.35069,0.309794,0.265169,0.218767,0.172941,0.130165,0.0927146,0.0623582,0.0401332,0.0262437,0.0200973,0.0204609,0.0256924,0.0339919,0.0436244,0.0530796,0.0611586,0.0669972,0.0700478,0.0700478,0.0669972,0.0611586,0.0530796,0.0436244,0.0339919,0.0256924,0.0204609,0.0200973,0.0262437,0.0401332,0.0623582,0.0927146,0.130165,0.172941,0.218767,0.265169,0.309794,0.35069,0.386491,0.416478,0.440545,0.45907,0.472758,0.482474,0.4891,0.493442,0.49617,0.4978,0.498697,0.499091,0.499091
0.499091,0.499091,0.498697,0.4978,0.49617,0.493442,0.4891,0.482474,0.472758,0.45907,0.440545,0.416478,0.386491,0.35069,0.309794,0.265169,0.218767,0.172941,0.130165,0.0927146,0.0623582,0.0401332,0.0262437,0.0200973,0.0204609,0.0256924,0.0339919,0.0436244,0.0530796,0.0611586,0.0669972,0.0700478,0.0700478,0.0669972,0.0611586,0.0530796,0.0436244,0.0339919,0.0256924,0.0204609,0.0200973,0.0262437,0.0401332,0.0623582,0.0927146,0.130165,0.172941,0.218767,0.265169,0.309794,0.35069,0.386491,0.416478,0.440545,0.45907,0.472758,0.482474,0.4891,0.493442,0.49617,0.4978,0.498697,0.499091,0.499091
0.499111,0.499111,0.498726,0.497847,0.496249,0.493574,0.489313,0.482805,0.473254,0.459784,0.441535,0.417799,0.388183,0.352772,0.312249,0.267942,0.221759,0.176013,0.13315,0.0954366,0.0646487,0.0418516,0.0272918,0.0204273,0.0200757,0.0246391,0.0323506,0.0414948,0.0505688,0.0583719,0.064033,0.0669972,0.0669972,0.064033,0.0583719,0.0505688,0.0414948,0.0323506,0.0246391,0.0200757,0.0204273,0.0272918,0.0418516,0.0646487,0.0954366,0.13315,0.176013,0.221759,0.267942,0.312249,0.352772,0.388183,0.417799,0.441535,0.459784,0.473254,0.482805,0.489313,0.493574,0.496249,0.497847,0.498726,0.499111,0.499111
0.499151,0.499151,0.498781,0.497938,0.496404,0.493831,0.489727,0.48345,0.47422,0.461179,0.443473,0.420388,0.391508,0.356872,0.3171,0.273439,0.227712,0.182155,0.139159,0.100964,0.0693616,0.0454677,0.0296096,0.0213428,0.0195849,0.0228256,0.0293649,0.0375289,0.0458323,0.0530739,0.0583719,0.0611586,0.0611586,0.0583719,0.0530739,0.0458323,0.0375289,0.0293649,0.0228256,0.0195849,0.0213428,0.0296096,0.0454677,0.0693616,0.100964,0.139159,0.182155,0.227712,0.273439,0.3171,0.356872,0.391508,0.420388,0.443473,0.461179,0.47422,0.48345,0.489727,0.493831,0.496404,0.497938,0.498781,0.499151,0.499151
0.499207,0.499207,0.49886,0.498068,0.496624,0.494198,0.490321,0.484375,0.475611,0.463191,0.446275,0.424144,0.396348,0.362866,0.324224,0.281555,0.23656,0.191358,0.148254,0.109446,0.0767397,0.0513177,0.033619,0.0233374,0.0195345,0.0208305,0.0256274,0.0323186,0.0394518,0.0458323,0.0505688,0.0530796,0.0530796,0.0505688,0.0458323,0.0394518,0.0323186,0.0256274,0.0208305,0.0195345,0.0233374,0.033619,0.0513177,0.0767397,0.109446,0.148254,0.191358,0.23656,0.281555,0.324224,0.362866,0.396348,0.424144,0.446275,0.463191,0.475611,0.484375,0.490321,0.494198,0.496624,0.498068,0.49886,0.499207,0.499207
0.499276,0.499276,0.498957,0.498228,0.496897,0.494656,0.491062,0.485534,0.477358,0.465729,0.449824,0.42892,0.402533,0.370566,0.333433,0.292125,0.248181,0.203574,0.160488,0.121059,0.0870949,0.0598518,0.0399002,0.0271036,0.0207058,0.0194968,0.022017,0.0267566,0.0323186,0.0375289,0.0414948,0.0436244,0.0436244,0.0414948,0.0375289,0.0323186,0.0267566,0.022017,0.0194968,0.0207058,0.0271036,0.0399002,0.0598518,0.0870949,0.121059,0.160488,0.203574,0.248181,0.292125,0.333433,0.370566,0.402533,0.42892,0.449824,0.465729,0.477358,0.485534,0.491062,0.494656,0.496897,0.498228,0.498957,0.499276,0.499276
0.499354,0.499354,0.499068,0.498411,0.49721,0.49518,0.491914,0.486871,0.479382,0.46868,0.45397,0.434531,0.409842,0.379727,0.344475,0.30491,0.262388,0.218696,0.175872,0.135958,0.10075,0.0715686,0.0491243,0.0334694,0.0240584,0.0198856,0.019665,0.022017,0.0256274,0.0293649,0.0323506,0.0339919,0.0339919,0.0323506,0.0293649,0.0256274,0.022017,0.019665,0.0198856,0.0240584,0.0334694,0.0491243,0.0715686,0.10075,0.135958,0.175872,0.218696,0.262388,0.30491,0.344475,0.379727,0.409842,0.434531,0.45397,0.46868,0.479382,0.486871,0.491914,0.49518,0.49721,0.498411,0.499068,0.499354,0.499354
0.499437,0.499437,0.499185,0.498607,0.497545,0.495744,0.492835,0.488323,0.48159,0.471917,0.458545,0.440761,0.418015,0.390052,0.35703,0.319597,0.278903,0.236526,0.194324,0.15422,0.117965,0.0869337,0.0619654,0.0433077,0.030643,0.0231957,0.0198856,0.0194968,0.0208305,0.0228256,0.0246391,0.0256924,0.0256924,0.0246391,0.0228256,0.0208305,0.0194968,0.0198856,0.0231957,0.030643,0.0433077,0.0619654,0.0869337,0.117965,0.15422,0.194324,0.236526,0.278903,0.319597,0.35703,0.390052,0.418015,0.440761,0.458545,0.471917,0.48159,0.488323,0.492835,0.495744,0.497545,0.498607,0.499185,0.499437,0.499437
0.499521,0.499521,0.499304,0.498806,0.497887,0.496323,0.493785,0.489828,0.48389,0.475309,0.46337,0.447378,0.426764,0.401202,0.370723,0.335796,0.297354,0.25675,0.215636,0.175781,0.138867,0.106288,0.0789949,0.0574213,0.0414808,0.030643,0.0240584,0.0207058,0.0195345,0.0195849,0.0200757,0.0204609,0.0204609,0.0200757,0.0195849,0.0195345,0.0207058,0.0240584,0.030643,0.0414808,0.0574213,0.0789949,0.106288,0.138867,0.175781,0.215636,0.25675,0.297354,0.335796,0.370723,0.401202,0.426764,0.447378,0.46337,0.475309,0.48389,0.489828,0.493785,0.496323,0.497887,0.498806,0.499304,0.499521,0.499521
0.499602,0.499602,0.49942,0.499,0.498222,0.496893,0.494724,0.491324,0.486191,0.478726,0.468264,0.454142,0.435785,0.412809,0.38513,0.353045,0.317272,0.278928,0.239439,0.200396,0.163376,0.129756,0.100571,0.0764149,0.0574213,0.0433077,0.0334694,0.0271036,0.0233374,0.0213428,0.0204273,0.0200973,0.0200973,0.0204273,0.0213428,0.0233374,0.0271036,0.0334694,0.0433077,0.0574213,0.0764149,0.100571,0.129756,0.163376,0.200396,0.239439,0.278928,0.317272,0.353045,0.38513,0.412809,0.435785,0.454142,0.468264,0.478726,0.486191,0.491324,0.494724,0.496893,0.498222,0.499,0.49942,0.499602,0.499602
0.499677,0.499677,0.499527,0.499181,0.498538,0.497432,0.495619,0.492759,0.488413,0.482048,0.473059,0.460826,0.444781,0.424501,0.399805,0.370835,0.338105,0.302495,0.2652,0.227608,0.191159,0.157179,0.126742,0.100571,0.0789949,0.0619654,0.0491243,0.0399002,0.033619,0.0296096,0.0272918,0.0262437,0.0262437,0.0272918,0.0296096,0.033619,0.0399002,0.0491243,0.0619654,0.0789949,0.100571,0.126742,0.157179,0.191159,0.227608,0.2652,0.302495,0.338105,0.370835,0.399805,0.424501,0.444781,0.460826,0.473059,0.482048,0.488413,0.492759,0.495619,0.497432,0.498538,0.499181,0.499527,0.499677,0.499677
0.499744,0.499744,0.499624,0.499346,0.498825,0.497927,0.496444,0.49409,0.490488,0.485173,0.477608,0.467222,0.453473,0.435917,0.4143,0.388633,0.359242,0.326789,0.292233,0.256751,0.221616,0.188068,0.157179,0.129756,0.106288,0.0869337,0.0715686,0.0598518,0.0513177,0.0454677,0.0418516,0.0401332,0.0401332,0.0418516,0.0454677,0.0513177,0.0598518,0.0715686,0.0869337,0.106288,0.129756,0.157179,0.188068,0.221616,0.256751,0.292233,0.326789,0.359242,0.388633,0.4143,0.435917,0.453473,0.467222,0.477608,0.485173,0.490488,0.49409,0.496444,0.497927,0.498825,0.499346,0.499624,0.499744,0.499744
0.499803,0.499803,0.499709,0.499489,0.499079,0.498365,0.497179,0.495285,0.492365,0.488023,0.481791,0.473159,0.46162,0.446734,0.428196,0.405915,0.380059,0.351089,0.319743,0.286982,0.253901,0.221616,0.191159,0.163376,0.138867,0.117965,0.10075,0.0870949,0.0767397,0.0693616,0.0646487,0.0623582,0.0623582,0.0646487,0.0693616,0.0767397,0.0870949,0.10075,0.117965,0.138867,0.163376,0.191159,0.221616,0.253901,0.286982,0.319743,0.351089,0.380059,0.405915,0.428196,0.446734,0.46162,0.473159,0.481791,0.488023,0.492365,0.495285,0.497179,0.498365,0.499079,0.499489,0.499709,0.499803,0.499803
0.499851,0.499851,0.499779,0.499611,0.499294,0.498741,0.497815,0.496325,0.494012,0.490544,0.485524,0.478506,0.469034,0.456684,0.44113,0.422207,0.399957,0.37467,0.346884,0.317352,0.286982,0.256751,0.227608,0.200396,0.175781,0.15422,0.135958,0.121059,0.109446,0.100964,0.0954366,0.0927146,0.0927146,0.0954366,0.100964,0.109446,0.121059,0.135958,0.15422,0.175781,0.200396,0.227608,0.256751,0.286982,0.317352,0.346884,0.37467,0.399957,0.422207,0.44113,0.456684,0.469034,0.478506,0.485524,0.490544,0.494012,0.496325,0.497815,0.498741,0.499294,0.499611,0.499779,0.499851,0.499851
0.499891,0.499891,0.499837,0.499711,0.499473,0.499054,0.498348,0.497204,0.495414,0.492708,0.488757,0.483182,0.475583,0.46557,0.452819,0.437116,0.418414,0.396864,0.372833,0.346884,0.319743,0.292233,0.2652,0.239439,0.215636,0.194324,0.175872,0.160488,0.148254,0.139159,0.13315,0.130165,0.130165,0.13315,0.139159,0.148254,0.160488,0.175872,0.194324,0.215636,0.239439,0.2652,0.292233,0.319743,0.346884,0.372833,0.396864,0.418414,0.437116,0.452819,0.46557,0.475583,0.483182,0.488757,0.492708,0.495414,0.497204,0.498348,0.499054,0.499473,0.499711,0.499837,0.499891,0.499891
0.499922,0.499922,0.499883,0.499791,0.499616,0.499306,0.498781,0.497924,0.496572,0.494511,0.491476,0.487153,0.481201,0.473276,0.463071,0.450355,0.435021,0.417115,0.396864,0.37467,0.351089,0.326789,0.302495,0.278928,0.25675,0.236526,0.218696,0.203574,0.191358,0.182155,0.176013,0.172941,0.172941,0.176013,0.182155,0.191358,0.203574,0.218696,0.236526,0.25675,0.278928,0.302495,0.326789,0.351089,0.37467,0.396864,0.417115,0.435021,0.450355,0.463071,0.473276,0.481201,0.487153,0.491476,0.494511,0.496572,0.497924,0.498781,0.499306,0.499616,0.499791,0.499883,0.499922,0.499922
0.499946,0.499946,0.499918,0.499853,0.499727,0.499504,0.499124,0.498497,0.497501,0.49597,0.493695,0.490425,0.485878,0.479762,0.471798,0.461761,0.449509,0.435021,0.418414,0.399957,0.380059,0.359242,0.338105,0.317272,0.297354,0.278903,0.262388,0.248181,0.23656,0.227712,0.221759,0.218767,0.218767,0.221759,0.227712,0.23656,0.248181,0.262388,0.278903,0.297354,0.317272,0.338105,0.359242,0.380059,0.399957,0.418414,0.435021,0.449509,0.461761,0.471798,0.479762,0.485878,0.490425,0.493695,0.49597,0.497501,0.498497,0.499124,0.499504,0.499727,0.499853,0.499918,0.499946,0.499946
0.499963,0.499963,0.499944,0.499899,0.499811,0.499655,0.499386,0.49894,0.498225,0.497116,0.495454,0.493043,0.489658,0.485058,0.479005,0.471289,0.461761,0.450355,0.437116,0.422207,0.405915,0.388633,0.370835,0.353045,0.335796,0.319597,0.30491,0.292125,0.281555,0.273439,0.267942,0.265169,0.265169,0.267942,0.273439,0.281555,0.292125,0.30491,0.319597,0.335796,0.353045,0.370835,0.388633,0.405915,0.422207,0.437116,0.450355,0.461761,0.471289,0.479005,0.485058,0.489658,0.493043,0.495454,0.497116,0.498225,0.49894,0.499386,0.499655,0.499811,0.499899,0.499944,0.499963,0.499963
0.499976,0.499976,0.499963,0.499932,0.499873,0.499766,0.499581,0.499271,0.498771,0.497989,0.496807,0.495076,0.492622,0.489253,0.484775,0.479005,0.471798,0.463071,0.452819,0.44113,0.428196,0.4143,0.399805,0.38513,0.370723,0.35703,0.344475,0.333433,0.324224,0.3171,0.312249,0.309794,0.309794,0.312249,0.3171,0.324224,0.333433,0.344475,0.35703,0.370723,0.38513,0.399805,0.4143,0.428196,0.44113,0.452819,0.463071,0.471798,0.479005,0.484775,0.489253,0.492622,0.495076,0.496807,0.497989,0.498771,0.499271,0.499581,0.499766,0.499873,0.499932,0.499963,0.499976,0.499976
0.499984,0.499984,0.499976,0.499956,0.499917,0.499845,0.499721,0.499512,0.499172,0.498635,0.497816,0.496606,0.494875,0.492476,0.489253,0.485058,0.479762,0.473276,0.46557,0.456684,0.446734,0.435917,0.424501,0.412809,0.401202,0.390052,0.379727,0.370566,0.362866,0.356872,0.352772,0.35069,0.35069,0.352772,0.356872,0.362866,0.370566,0.379727,0.390052,0.401202,0.412809,0.424501,0.435917,0.446734,0.456684,0.46557,0.473276,0.479762,0.485058,0.489253,0.492476,0.494875,0.496606,0.497816,0.498635,0.499172,0.499512,0.499721,0.499845,0.499917,0.499956,0.499976,0.499984,0.499984
0.49999,0.49999,0.499985,0.499972,0.499947,0.499901,0.49982,0.499682,0.499457,0.499098,0.498546,0.497724,0.496537,0.494875,0.492622,0.489658,0.485878,0.481201,0.475583,0.469034,0.46162,0.453473,0.444781,0.435785,0.426764,0.418015,0.409842,0.402533,0.396348,0.391508,0.388183,0.386491,0.386491,0.388183,0.391508,0.396348,0.402533,0.409842,0.418015,0.426764,0.435785,0.444781,0.453473,0.46162,0.469034,0.475583,0.481201,0.485878,0.489658,0.492622,0.494875,0.496537,0.497724,0.498546,0.499098,0.499457,0.499682,0.49982,0.499901,0.499947,0.499972,0.499985,0.49999,0.49999
0.499994,0.499994,0.499991,0.499983,0.499967,0.499938,0.499887,0.499799,0.499653,0.499421,0.499059,0.498516,0.497724,0.496606,0.495076,0.493043,0.490425,0.487153,0.483182,0.478506,0.473159,0.467222,0.460826,0.454142,0.447378,0.440761,0.434531,0.42892,0.424144,0.420388,0.417799,0.416478,0.416478,0.417799,0.420388,0.424144,0.42892,0.434531,0.440761,0.447378,0.454142,0.460826,0.467222,0.473159,0.478506,0.483182,0.487153,0.490425,0.493043,0.495076,0.496606,0.497724,0.498516,0.499059,0.499421,0.499653,0.499799,0.499887,0.499938,0.499967,0.499983,0.499991,0.499994,0.499994
0.499996,0.499996,0.499994,0.49999,0.49998,0.499962,0.499931,0.499876,0.499785,0.499638,0.499408,0.499059,0.498546,0.497816,0.496807,0.495454,0.493695,0.491476,0.488757,0.485524,0.481791,0.477608,0.473059,0.468264,0.46337,0.458545,0.45397,0.449824,0.446275,0.443473,0.441535,0.440545,0.440545,0.441535,0.443473,0.446275,0.449824,0.45397,0.458545,0.46337,0.468264,0.473059,0.477608,0.481791,0.485524,0.488757,0.491476,0.493695,0.495454,0.496807,0.497816,0.498546,0.499059,0.499408,0.499638,0.499785,0.499876,0.499931,0.499962,0.49998,0.49999,0.499994,0.499996,0.499996
0.499998,0.499998,0.499997,0.499994,0.499988,0.499978,0.499959,0.499926,0.49987,0.49978,0.499638,0.499421,0.499098,0.498635,0.497989,0.497116,0.49597,0.494511,0.492708,0.490544,0.488023,0.485173,0.482048,0.478726,0.475309,0.471917,0.46868,0.465729,0.463191,0.461179,0.459784,0.45907,0.45907,0.459784,0.461179,0.463191,0.465729,0.46868,0.471917,0.475309,0.478726,0.482048,0.485173,0.488023,0.490544,0.492708,0.494511,0.49597,0.497116,0.497989,0.498635,0.499098,0.499421,0.499638,0.49978,0.49987,0.499926,0.499959,0.499978,0.499988,0.499994,0.499997,0.499998,0.499998
0.499999,0.499999,0.499998,0.499997,0.499993,0.499987,0.499976,0.499957,0.499924,0.49987,0.499785,0.499653,0.499457,0.499172,0.498771,0.498225,0.497501,0.496572,0.495414,0.494012,0.492365,0.490488,0.488413,0.486191,0.48389,0.48159,0.479382,0.477358,0.475611,0.47422,0.473254,0.472758,0.472758,0.473254,0.47422,0.475611,0.477358,0.479382,0.48159,0.48389,0.486191,0.488413,0.490488,0.492365,0.494012,0.495414,0.496572,0.497501,0.498225,0.498771,0.499172,0.499457,0.499653,0.499785,0.49987,0.499924,0.499957,0.499976,0.499987,0.499993,0.499997,0.499998,0.499999,0.499999
0.499999,0.499999,0.499999,0.499998,0.499996,0.499993,0.499987,0.499976,0.499957,0.499926,0.499876,0.499799,0.499682,0.499512,0.499271,0.49894,0.498497,0.497924,0.497204,0.496325,0.495285,0.49409,0.492759,0.491324,0.489828,0.488323,0.486871,0.485534,0.484375,0.48345,0.482805,0.482474,0.482474,0.482805,0.48345,0.484375,0.485534,0.486871,0.488323,0.489828,0.491324,0.492759,0.49409,0.495285,0.496325,0.497204,0.497924,0.498497,0.49894,0.499271,0.499512,0.499682,0.499799,0.499876,0.499926,0.499957,0.499976,0.499987,0.499993,0.499996,0.499998,0.499999,0.499999,0.499999
0.5,0.5,0.499999,0.499999,0.499998,0.499996,0.499993,0.499987,0.499976,0.499959,0.499931,0.499887,0.49982,0.499721,0.499581,0.499386,0.499124,0.498781,0.498348,0.497815,0.497179,0.496444,0.495619,0.494724,0.493785,0.492835,0.491914,0.491062,0.490321,0.489727,0.489313,0.4891,0.4891,0.489313,0.489727,0.490321,0.491062,0.491914,0.492835,0.493785,0.494724,0.495619,0.496444,0.497179,0.497815,0.498348,0.498781,0.499124,0.499386,0.499581,0.499721,0.49982,0.499887,0.499931,0.499959,0.499976,0.499987,0.499993,0.499996,0.499998,0.499999,0.499999,0.5,0.5
0.5,0.5,0.5,0.499999,0.499999,0.499998,0.499996,0.499993,0.499987,0.499978,0.499962,0.499938,0.499901,0.499845,0.499766,0.499655,0.499504,0.499306,0.499054,0.498741,0.498365,0.497927,0.497432,0.496893,0.496323,0.495744,0.49518,0.494656,0.494198,0.493831,0.493574,0.493442,0.493442,0.493574,0.493831,0.494198,0.494656,0.49518,0.495744,0.496323,0.496893,0.497432,0.497927,0.498365,0.498741,0.499054,0.499306,0.499504,0.499655,0.499766,0.499845,0.499901,0.499938,0.499962,0.499978,0.499987,0.499993,0.499996,0.499998,0.499999,0.499999,0.5,0.5,0.5
0.5,0.5,0.5,0.5,0.499999,0.499999,0.499998,0.499996,0.499993,0.499988,0.49998,0.499967,0.499947,0.499917,0.499873,0.499811,0.499727,0.499616,0.499473,0.499294,0.499079,0.498825,0.498538,0.498222,0.497887,0.497545,0.49721,0.496897,0.496624,0.496404,0.496249,0.49617,0.49617,0.496249,0.496404,0.496624,0.496897,0.49721,0.497545,0.497887,0.498222,0.498538,0.498825,0.499079,0.499294,0.499473,0.499616,0.499727,0.499811,0.499873,0.499917,0.499947,0.499967,0.49998,0.499988,0.499993,0.499996,0.499998,0.499999,0.499999,0.5,0.5,0.5,0.5
0.5,0.5,0.5,0.5,0.5,0.499999,0.499999,0.499998,0.499997,0.499994,0.49999,0.499983,0.499972,0.499956,0.499932,0.499899,0.499853,0.499791,0.499711,0.499611,0.499489,0.499346,0.499181,0.499,0.498806,0.498607,0.498411,0.498228,0.498068,0.497938,0.497847,0.4978,0.4978,0.497847,0.497938,0.498068,0.498228,0.498411,0.498607,0.498806,0.499,0.499181,0.499346,0.499489,0.499611,0.499711,0.499791,0.499853,0.499899,0.499932,0.499956,0.499972,0.499983,0.49999,0.499994,0.499997,0.499998,0.499999,0.499999,0.5,0.5,0.5,0.5,0.5
0.5,0.5,0.5,0.5,0.5,0.5,0.499999,0.499999,0.499998,0.499997,0.499994,0.499991,0.499985,0.499976,0.499963,0.499944,0.499918,0.499883,0.499837,0.499779,0.499709,0.499624,0.499527,0.49942,0.499304,0.499185,0.499068,0.498957,0.49886,0.498781,0.498726,0.498697,0.498697,0.498726,0.498781,0.49886,0.498957,0.499068,0.499185,0.499304,0.49942,0.499527,0.499624,0.499709,0.499779,0.499837,0.499883,0.499918,0.499944,0.499963,0.499976,0.499985,0.499991,0.499994,0.499997,0.499998,0.499999,0.499999,0.5,0.5,0.5,0.5,0.5,0.5
0.5,0.5,0.5,0.5,0.5,0.5,0.5,0.499999,0.499999,0.499998,0.499996,0.499994,0.49999,0.499984,0.499976,0.499963,0.499946,0.499922,0.499891,0.499851,0.499803,0.499744,0.499677,0.499602,0.499521,0.499437,0.499354,0.499276,0.499207,0.499151,0.499111,0.499091,0.499091,0.499111,0.499151,0.499207,0.499276,0.499354,0.499437,0.499521,0.499602,0.499677,0.499744,0.499803,0.499851,0.499891,0.499922,0.499946,0.499963,0.499976,0.499984,0.49999,0.499994,0.499996,0.499998,0.499999,0.499999,0.5,0.5,0.5,0.5,0.5,0.5,0.5
0.5,0.5,0.5,0.5,0.5,0.5,0.5,0.499999,0.499999,0.499998,0.499996,0.499994,0.49999,0.499984,0.499976,0.499963,0.499946,0.499922,0.499891,0.499851,0.499803,0.499744,0.499677,0.499602,0.499521,0.499437,0.499354,0.499276,0.499207,0.499151,0.499111,0.499091,0.499091,0.499111,0.499151,0.499207,0.499276,0.499354,0.499437,0.499521,0.499602,0.499677,0.499744,0.499803,0.499851,0.499891,0.499922,0.499946,0.499963,0.499976,0.499984,0.49999,0.499994,0.499996,0.499998,0.499999,0.499999,0.5,0.5,0.5,0.5,0.5,0.5,0.5
