0.5,0.499999,0.499999,0.499998,0.499997,0.499994,0.49999,0.499983,0.499971,0.499952,0.499923,0.49988,0.499817,0.499728,0.499606,0.499442,0.499228,0.498958,0.498624,0.498224,0.497757,0.497227,0.496643,0.496019,0.495373,0.494727,0.494106,0.493536,0.493044,0.492651,0.492378,0.492238,0.492238,0.492378,0.492651,0.493044,0.493536,0.494106,0.494727,0.495373,0.496019,0.496643,0.497227,0.497757,0.498224,0.498624,0.498958,0.499228,0.499442,0.499606,0.499728,0.499817,0.49988,0.499923,0.499952,0.499971,0.499983,0.49999,0.499994,0.499997,0.499998,0.499999,0.499999,0.499999
0.499999,0.499999,0.499999,0.499998,0.499997,0.499994,0.49999,0.499983,0.499971,0.499952,0.499923,0.49988,0.499817,0.499728,0.499606,0.499442,0.499228,0.498958,0.498624,0.498224,0.497757,0.497227,0.496643,0.496019,0.495373,0.494727,0.494106,0.493536,0.493044,0.492651,0.492378,0.492238,0.492238,0.492378,0.492651,0.493044,0.493536,0.494106,0.494727,0.495373,0.496019,0.496643,0.497227,0.497757,0.498224,0.498624,0.498958,0.499228,0.499442,0.499606,0.499728,0.499817,0.49988,0.499923,0.499952,0.499971,0.499983,0.49999,0.499994,0.499997,0.499998,0.499999,0.499999,0.499999
0.499999,0.499999,0.499999,0.499998,0.499996,0.499992,0.499986,0.499976,0.499959,0.499933,0.499893,0.499833,0.499748,0.499627,0.499463,0.499245,0.498963,0.498608,0.498174,0.497656,0.497057,0.49638,0.49564,0.494852,0.494041,0.493234,0.492462,0.491755,0.491146,0.490662,0.490325,0.490153,0.490153,0.490325,0.490662,0.491146,0.491755,0.492462,0.493234,0.494041,0.494852,0.49564,0.49638,0.497057,0.497656,0.498174,0.498608,0.498963,0.499245,0.499463,0.499627,0.499748,0.499833,0.499893,0.499933,0.499959,0.499976,0.499986,0.499992,0.499996,0.499998,0.499999,0.499999,0.499999
0.499998,0.499998,0.499998,0.499996,0.499992,0.499986,0.499976,0.499958,0.499931,0.499888,0.499823,0.499727,0.499591,0.499401,0.499145,0.498808,0.498377,0.49784,0.497188,0.49642,0.495536,0.49455,0.493477,0.492346,0.491189,0.490045,0.488956,0.487966,0.487115,0.486441,0.485974,0.485735,0.485735,0.485974,0.486441,0.487115,0.487966,0.488956,0.490045,0.491189,0.492346,0.493477,0.49455,0.495536,0.49642,0.497188,0.49784,0.498377,0.498808,0.499145,0.499401,0.499591,0.499727,0.499823,0.499888,0.499931,0.499958,0.499976,0.499986,0.499992,0.499996,0.499998,0.499998,0.499998
0.499997,0.499997,0.499996,0.499992,0.499986,0.499975,0.499957,0.499927,0.499879,0.499806,0.499696,0.499537,0.499311,0.499001,0.498585,0.498044,0.497358,0.496513,0.495497,0.49431,0.492959,0.491462,0.48985,0.488163,0.48645,0.484768,0.483176,0.481736,0.480504,0.479532,0.478859,0.478516,0.478516,0.478859,0.479532,0.480504,0.481736,0.483176,0.484768,0.48645,0.488163,0.48985,0.491462,0.492959,0.49431,0.495497,0.496513,0.497358,0.498044,0.498585,0.499001,0.499311,0.499537,0.499696,0.499806,0.499879,0.499927,0.499957,0.499975,0.499986,0.499992,0.499996,0.499997,0.499997
0.499994,0.499994,0.499992,0.499986,0.499975,0.499956,0.499924,0.499873,0.499792,0.499668,0.499485,0.49922,0.49885,0.498346,0.497677,0.496816,0.495735,0.494414,0.492844,0.491026,0.488976,0.486725,0.484321,0.481825,0.479311,0.476858,0.474552,0.472476,0.470709,0.469318,0.468359,0.46787,0.46787,0.468359,0.469318,0.470709,0.472476,0.474552,0.476858,0.479311,0.481825,0.484321,0.486725,0.488976,0.491026,0.492844,0.494414,0.495735,0.496816,0.497677,0.498346,0.49885,0.49922,0.499485,0.499668,0.499792,0.499873,0.499924,0.499956,0.499975,0.499986,0.499992,0.499994,0.499994
0.49999,0.49999,0.499986,0.499976,0.499957,0.499924,0.499871,0.499784,0.499649,0.499445,0.499145,0.498718,0.498125,0.497325,0.496275,0.494936,0.493272,0.491261,0.488893,0.486177,0.483143,0.479844,0.476351,0.472755,0.46916,0.465679,0.462427,0.459516,0.45705,0.455116,0.453787,0.45311,0.45311,0.453787,0.455116,0.45705,0.459516,0.462427,0.465679,0.46916,0.472755,0.476351,0.479844,0.483143,0.486177,0.488893,0.491261,0.493272,0.494936,0.496275,0.497325,0.498125,0.498718,0.499145,0.499445,0.499649,0.499784,0.499871,0.499924,0.499957,0.499976,0.499986,0.49999,0.49999
0.499983,0.499983,0.499976,0.499958,0.499927,0.499873,0.499784,0.499642,0.499424,0.499097,0.49862,0.497948,0.497024,0.49579,0.494189,0.492166,0.48968,0.486705,0.483239,0.479304,0.474954,0.470268,0.465354,0.460339,0.455368,0.450591,0.446159,0.442216,0.438893,0.436298,0.434519,0.433614,0.433614,0.434519,0.436298,0.438893,0.442216,0.446159,0.450591,0.455368,0.460339,0.465354,0.470268,0.474954,0.479304,0.483239,0.486705,0.48968,0.492166,0.494189,0.49579,0.497024,0.497948,0.49862,0.499097,0.499424,0.499642,0.499784,0.499873,0.499927,0.499958,0.499976,0.499983,0.499983
0.499971,0.499971,0.499959,0.499931,0.499879,0.499792,0.499649,0.499424,0.49908,0.498569,0.497833,0.496804,0.495406,0.493559,0.491187,0.488223,0.48462,0.480355,0.47544,0.469921,0.463884,0.457449,0.450768,0.444016,0.437383,0.431062,0.425243,0.4201,0.415788,0.412437,0.410147,0.408985,0.408985,0.410147,0.412437,0.415788,0.4201,0.425243,0.431062,0.437383,0.444016,0.450768,0.457449,0.463884,0.469921,0.47544,0.480355,0.48462,0.488223,0.491187,0.493559,0.495406,0.496804,0.497833,0.498569,0.49908,0.499424,0.499649,0.499792,0.499879,0.499931,0.499959,0.499971,0.499971
0.499952,0.499952,0.499933,0.499888,0.499806,0.499668,0.499445,0.499097,0.498569,0.497794,0.496689,0.49516,0.493103,0.490417,0.487006,0.482792,0.477727,0.471802,0.465052,0.457561,0.44946,0.440921,0.432153,0.423385,0.414855,0.406802,0.399448,0.392998,0.387624,0.383468,0.380638,0.379205,0.379205,0.380638,0.383468,0.387624,0.392998,0.399448,0.406802,0.414855,0.423385,0.432153,0.440921,0.44946,0.457561,0.465052,0.471802,0.477727,0.482792,0.487006,0.490417,0.493103,0.49516,0.496689,0.497794,0.498569,0.499097,0.499445,0.499668,0.499806,0.499888,0.499933,0.499952,0.499952
0.499923,0.499923,0.499893,0.499823,0.499696,0.499485,0.499145,0.49862,0.497833,0.496689,0.495075,0.492864,0.489926,0.48613,0.481366,0.475551,0.468646,0.460668,0.45169,0.44185,0.431338,0.420395,0.40929,0.398312,0.387749,0.377877,0.368948,0.361179,0.354752,0.34981,0.346458,0.344766,0.344766,0.346458,0.34981,0.354752,0.361179,0.368948,0.377877,0.387749,0.398312,0.40929,0.420395,0.431338,0.44185,0.45169,0.460668,0.468646,0.475551,0.481366,0.48613,0.489926,0.492864,0.495075,0.496689,0.497833,0.49862,0.499145,0.499485,0.499696,0.499823,0.499893,0.499923,0.499923
0.49988,0.49988,0.499833,0.499727,0.499537,0.49922,0.498718,0.497948,0.496804,0.49516,0.492864,0.489757,0.485672,0.480459,0.473995,0.466203,0.457069,0.446652,0.435084,0.422573,0.409387,0.395839,0.382272,0.369028,0.356441,0.344812,0.334402,0.325431,0.318069,0.312445,0.308648,0.306737,0.306737,0.308648,0.312445,0.318069,0.325431,0.334402,0.344812,0.356441,0.369028,0.382272,0.395839,0.409387,0.422573,0.435084,0.446652,0.457069,0.466203,0.473995,0.480459,0.485672,0.489757,0.492864,0.49516,0.496804,0.497948,0.498718,0.49922,0.499537,0.499727,0.499833,0.49988,0.49988
0.499817,0.499817,0.499748,0.499591,0.499311,0.49885,0.498125,0.497024,0.495406,0.493103,0.489926,0.485672,0.480148,0.473184,0.464657,0.454514,0.442784,0.42959,0.415146,0.399746,0.383751,0.367556,0.35157,0.336187,0.321765,0.308614,0.296984,0.287069,0.279009,0.272898,0.268797,0.266738,0.266738,0.268797,0.272898,0.279009,0.287069,0.296984,0.308614,0.321765,0.336187,0.35157,0.367556,0.383751,0.399746,0.415146,0.42959,0.442784,0.454514,0.464657,0.473184,0.480148,0.485672,0.489926,0.493103,0.495406,0.497024,0.498125,0.49885,0.499311,0.499591,0.499748,0.499817,0.499817
0.499728,0.499728,0.499627,0.499401,0.499001,0.498346,0.497325,0.49579,0.493559,0.490417,0.48613,0.480459,0.473184,0.464128,0.453188,0.440352,0.425719,0.409501,0.392014,0.37366,0.354896,0.336203,0.318047,0.300853,0.284986,0.270733,0.258307,0.247848,0.239441,0.233125,0.228915,0.226811,0.226811,0.228915,0.233125,0.239441,0.247848,0.258307,0.270733,0.284986,0.300853,0.318047,0.336203,0.354896,0.37366,0.392014,0.409501,0.425719,0.440352,0.453188,0.464128,0.473184,0.480459,0.48613,0.490417,0.493559,0.49579,0.497325,0.498346,0.499001,0.499401,0.499627,0.499728,0.499728
0.499606,0.499606,0.499463,0.499145,0.498585,0.497677,0.496275,0.494189,0.491187,0.487006,0.481366,0.473995,0.464657,0.453188,0.439522,0.423719,0.405974,0.386615,0.36608,0.34489,0.323604,0.302774,0.282909,0.264441,0.247705,0.232937,0.220278,0.209789,0.201474,0.195298,0.191217,0.189189,0.189189,0.191217,0.195298,0.201474,0.209789,0.220278,0.232937,0.247705,0.264441,0.282909,0.302774,0.323604,0.34489,0.36608,0.386615,0.405974,0.423719,0.439522,0.453188,0.464657,0.473995,0.481366,0.487006,0.491187,0.494189,0.496275,0.497677,0.498585,0.499145,0.499463,0.499606,0.499606
0.499442,0.499442,0.499245,0.498808,0.498044,0.496816,0.494936,0.492166,0.488223,0.482792,0.475551,0.466203,0.454514,0.440352,0.423719,0.404775,0.383841,0.361383,0.33798,0.314275,0.290919,0.268521,0.247603,0.228567,0.211687,0.19711,0.184875,0.174937,0.167197,0.161536,0.157837,0.156012,0.156012,0.157837,0.161536,0.167197,0.174937,0.184875,0.19711,0.211687,0.228567,0.247603,0.268521,0.290919,0.314275,0.33798,0.361383,0.383841,0.404775,0.423719,0.440352,0.454514,0.466203,0.475551,0.482792,0.488223,0.492166,0.494936,0.496816,0.498044,0.498808,0.499245,0.499442,0.499442
0.499228,0.499228,0.498963,0.498377,0.497358,0.495735,0.493272,0.48968,0.48462,0.477727,0.468646,0.457069,0.442784,0.425719,0.405974,0.383841,0.359793,0.334455,0.308552,0.282844,0.258059,0.234831,0.213658,0.194876,0.178658,0.165029,0.153898,0.145094,0.138406,0.133618,0.130542,0.129041,0.129041,0.130542,0.133618,0.138406,0.145094,0.153898,0.165029,0.178658,0.194876,0.213658,0.234831,0.258059,0.282844,0.308552,0.334455,0.359793,0.383841,0.405974,0.425719,0.442784,0.457069,0.468646,0.477727,0.48462,0.48968,0.493272,0.495735,0.497358,0.498377,0.498963,0.499228,0.499228
0.498958,0.498958,0.498608,0.49784,0.496513,0.494414,0.491261,0.486705,0.480355,0.471802,0.460668,0.446652,0.42959,0.409501,0.386615,0.361383,0.334455,0.306624,0.278759,0.251722,0.226286,0.203074,0.182518,0.164847,0.150096,0.138142,0.128744,0.121595,0.116368,0.112755,0.110499,0.109419,0.109419,0.110499,0.112755,0.116368,0.121595,0.128744,0.138142,0.150096,0.164847,0.182518,0.203074,0.226286,0.251722,0.278759,0.306624,0.334455,0.361383,0.386615,0.409501,0.42959,0.446652,0.460668,0.471802,0.480355,0.486705,0.491261,0.494414,0.496513,0.49784,0.498608,0.498958,0.498958
0.498624,0.498624,0.498174,0.497188,0.495497,0.492844,0.488893,0.483239,0.47544,0.465052,0.45169,0.435084,0.415146,0.392014,0.36608,0.33798,0.308552,0.278759,0.249602,0.222012,0.196773,0.174452,0.155373,0.139618,0.127056,0.117395,0.110238,0.105143,0.101677,0.0994478,0.0981443,0.0975482,0.0975482,0.0981443,0.0994478,0.101677,0.105143,0.110238,0.117395,0.127056,0.139618,0.155373,0.174452,0.196773,0.222012,0.249602,0.278759,0.308552,0.33798,0.36608,0.392014,0.415146,0.435084,0.45169,0.465052,0.47544,0.483239,0.488893,0.492844,0.495497,0.497188,0.498174,0.498624,0.498624
0.498224,0.498224,0.497656,0.49642,0.49431,0.491026,0.486177,0.479304,0.469921,0.457561,0.44185,0.422573,0.399746,0.37366,0.34489,0.314275,0.282844,0.251722,0.222012,0.194683,0.170482,0.149876,0.133039,0.119875,0.110067,0.103147,0.0985684,0.0957674,0.0942184,0.0934706,0.093172,0.0930832,0.0930832,0.093172,0.0934706,0.0942184,0.0957674,0.0985684,0.103147,0.110067,0.119875,0.133039,0.149876,0.170482,0.194683,0.222012,0.251722,0.282844,0.314275,0.34489,0.37366,0.399746,0.422573,0.44185,0.457561,0.469921,0.479304,0.486177,0.491026,0.49431,0.49642,0.497656,0.498224,0.498224
0.497757,0.497757,0.497057,0.495536,0.492959,0.488976,0.483143,0.474954,0.463884,0.44946,0.431338,0.409387,0.383751,0.354896,0.323604,0.290919,0.258059,0.226286,0.196773,0.170482,0.148078,0.129885,0.115892,0.105805,0.0991133,0.0951797,0.0933209,0.0928757,0.0932541,0.0939686,0.0946499,0.0950518,0.0950518,0.0946499,0.0939686,0.0932541,0.0928757,0.0933209,0.0951797,0.0991133,0.105805,0.115892,0.129885,0.148078,0.170482,0.196773,0.226286,0.258059,0.290919,0.323604,0.354896,0.383751,0.409387,0.431338,0.44946,0.463884,0.474954,0.483143,0.488976,0.492959,0.495536,0.497057,0.497757,0.497757
0.497227,0.497227,0.49638,0.49455,0.491462,0.486725,0.479844,0.470268,0.457449,0.440921,0.420395,0.395839,0.367556,0.336203,0.302774,0.268521,0.234831,0.203074,0.174452,0.149876,0.129885,0.114623,0.103873,0.0971304,0.093697,0.0927834,0.0935961,0.0954052,0.097587,0.0996447,0.101213,0.102056,0.102056,0.101213,0.0996447,0.097587,0.0954052,0.0935961,0.0927834,0.093697,0.0971304,0.103873,0.114623,0.129885,0.149876,0.174452,0.203074,0.234831,0.268521,0.302774,0.336203,0.367556,0.395839,0.420395,0.440921,0.457449,0.470268,0.479844,0.486725,0.491462,0.49455,0.49638,0.497227,0.497227
0.496643,0.496643,0.49564,0.493477,0.48985,0.484321,0.476351,0.465354,0.450768,0.432153,0.40929,0.382272,0.35157,0.318047,0.282909,0.247603,0.213658,0.182518,0.155373,0.133039,0.115892,0.103873,0.0965446,0.0931957,0.0929564,0.0949103,0.0981854,0.102016,0.105775,0.108983,0.111299,0.112509,0.112509,0.111299,0.108983,0.105775,0.102016,0.0981854,0.0949103,0.0929564,0.0931957,0.0965446,0.103873,0.115892,0.133039,0.155373,0.182518,0.213658,0.247603,0.282909,0.318047,0.35157,0.382272,0.40929,0.432153,0.450768,0.465354,0.476351,0.484321,0.48985,0.493477,0.49564,0.496643,0.496643
0.496019,0.496019,0.494852,0.492346,0.488163,0.481825,0.472755,0.460339,0.444016,0.423385,0.398312,0.369028,0.336187,0.300853,0.264441,0.228567,0.194876,0.164847,0.139618,0.119875,0.105805,0.0971304,0.0931957,0.0930974,0.0958176,0.100344,0.105759,0.111293,0.116342,0.120467,0.123366,0.124858,0.124858,0.123366,0.120467,0.116342,0.111293,0.105759,0.100344,0.0958176,0.0930974,0.0931957,0.0971304,0.105805,0.119875,0.139618,0.164847,0.194876,0.228567,0.264441,0.300853,0.336187,0.369028,0.398312,0.423385,0.444016,0.460339,0.472755,0.481825,0.488163,0.492346,0.494852,0.496019,0.496019
0.495373,0.495373,0.494041,0.491189,0.48645,0.479311,0.46916,0.455368,0.437383,0.414855,0.387749,0.356441,0.321765,0.284986,0.247705,0.211687,0.178658,0.150096,0.127056,0.110067,0.0991133,0.093697,0.0929564,0.0958176,0.101144,0.107859,0.115031,0.121913,0.127946,0.132746,0.136062,0.137752,0.137752,0.136062,0.132746,0.127946,0.121913,0.115031,0.107859,0.101144,0.0958176,0.0929564,0.093697,0.0991133,0.110067,0.127056,0.150096,0.178658,0.211687,0.247705,0.284986,0.321765,0.356441,0.387749,0.414855,0.437383,0.455368,0.46916,0.479311,0.48645,0.491189,0.494041,0.495373,0.495373
0.494727,0.494727,0.493234,0.490045,0.484768,0.476858,0.465679,0.450591,0.431062,0.406802,0.377877,0.344812,0.308614,0.270733,0.232937,0.19711,0.165029,0.138142,0.117395,0.103147,0.0951797,0.0927834,0.0949103,0.100344,0.107859,0.116346,0.124881,0.132762,0.139489,0.144741,0.148324,0.150137,0.150137,0.148324,0.144741,0.139489,0.132762,0.124881,0.116346,0.107859,0.100344,0.0949103,0.0927834,0.0951797,0.103147,0.117395,0.138142,0.165029,0.19711,0.232937,0.270733,0.308614,0.344812,0.377877,0.406802,0.431062,0.450591,0.465679,0.476858,0.484768,0.490045,0.493234,0.494727,0.494727
0.494106,0.494106,0.492462,0.488956,0.483176,0.474552,0.462427,0.446159,0.425243,0.399448,0.368948,0.334402,0.296984,0.258307,0.220278,0.184875,0.153898,0.128744,0.110238,0.0985684,0.0933209,0.0935961,0.0981854,0.105759,0.115031,0.124881,0.134416,0.142986,0.150159,0.155679,0.159407,0.161283,0.161283,0.159407,0.155679,0.150159,0.142986,0.134416,0.124881,0.115031,0.105759,0.0981854,0.0935961,0.0933209,0.0985684,0.110238,0.128744,0.153898,0.184875,0.220278,0.258307,0.296984,0.334402,0.368948,0.399448,0.425243,0.446159,0.462427,0.474552,0.483176,0.488956,0.492462,0.494106,0.494106
0.493536,0.493536,0.491755,0.487966,0.481736,0.472476,0.459516,0.442216,0.4201,0.392998,0.361179,0.325431,0.287069,0.247848,0.209789,0.174937,0.145094,0.121595,0.105143,0.0957674,0.0928757,0.0954052,0.102016,0.111293,0.121913,0.132762,0.142986,0.151994,0.159421,0.16507,0.168855,0.17075,0.17075,0.168855,0.16507,0.159421,0.151994,0.142986,0.132762,0.121913,0.111293,0.102016,0.0954052,0.0928757,0.0957674,0.105143,0.121595,0.145094,0.174937,0.209789,0.247848,0.287069,0.325431,0.361179,0.392998,0.4201,0.442216,0.459516,0.472476,0.481736,0.487966,0.491755,0.493536,0.493536
0.493044,0.493044,0.491146,0.487115,0.480504,0.470709,0.45705,0.438893,0.415788,0.387624,0.354752,0.318069,0.279009,0.239441,0.201474,0.167197,0.138406,0.116368,0.101677,0.0942184,0.0932541,0.097587,0.105775,0.116342,0.127946,0.139489,0.150159,0.159421,0.166967,0.172655,0.176442,0.178329,0.178329,0.176442,0.172655,0.166967,0.159421,0.150159,0.139489,0.127946,0.116342,0.105775,0.097587,0.0932541,0.0942184,0.101677,0.116368,0.138406,0.167197,0.201474,0.239441,0.279009,0.318069,0.354752,0.387624,0.415788,0.438893,0.45705,0.470709,0.480504,0.487115,0.491146,0.493044,0.493044
0.492651,0.492651,0.490662,0.486441,0.479532,0.469318,0.455116,0.436298,0.412437,0.383468,0.34981,0.312445,0.272898,0.233125,0.195298,0.161536,0.133618,0.112755,0.0994478,0.0934706,0.0939686,0.0996447,0.108983,0.120467,0.132746,0.144741,0.155679,0.16507,0.172655,0.178333,0.182094,0.183964,0.183964,0.182094,0.178333,0.172655,0.16507,0.155679,0.144741,0.132746,0.120467,0.108983,0.0996447,0.0939686,0.0934706,0.0994478,0.112755,0.133618,0.161536,0.195298,0.233125,0.272898,0.312445,0.34981,0.383468,0.412437,0.436298,0.455116,0.469318,0.479532,0.486441,0.490662,0.492651,0.492651
0.492378,0.492378,0.490325,0.485974,0.478859,0.468359,0.453787,0.434519,0.410147,0.380638,0.346458,0.308648,0.268797,0.228915,0.191217,0.157837,0.130542,0.110499,0.0981443,0.093172,0.0946499,0.101213,0.111299,0.123366,0.136062,0.148324,0.159407,0.168855,0.176442,0.182094,0.185826,0.187676,0.187676,0.185826,0.182094,0.176442,0.168855,0.159407,0.148324,0.136062,0.123366,0.111299,0.101213,0.0946499,0.093172,0.0981443,0.110499,0.130542,0.157837,0.191217,0.228915,0.268797,0.308648,0.346458,0.380638,0.410147,0.434519,0.453787,0.468359,0.478859,0.485974,0.490325,0.492378,0.492378
0.492238,0.492238,0.490153,0.485735,0.478516,0.46787,0.45311,0.433614,0.408985,0.379205,0.344766,0.306737,0.266738,0.226811,0.189189,0.156012,0.129041,0.109419,0.0975482,0.0930832,0.0950518,0.102056,0.112509,0.124858,0.137752,0.150137,0.161283,0.17075,0.178329,0.183964,0.187676,0.189516,0.189516,0.187676,0.183964,0.178329,0.17075,0.161283,0.150137,0.137752,0.124858,0.112509,0.102056,0.0950518,0.0930832,0.0975482,0.109419,0.129041,0.156012,0.189189,0.226811,0.266738,0.306737,0.344766,0.379205,0.408985,0.433614,0.45311,0.46787,0.478516,0.485735,0.490153,0.492238,0.492238
0.492238,0.492238,0.490153,0.485735,0.478516,0.46787,0.45311,0.433614,0.408985,0.379205,0.344766,0.306737,0.266738,0.226811,0.189189,0.156012,0.129041,0.109419,0.0975482,0.0930832,0.0950518,0.102056,0.112509,0.124858,0.137752,0.150137,0.161283,0.17075,0.178329,0.183964,0.187676,0.189516,0.189516,0.187676,0.183964,0.178329,0.17075,0.161283,0.150137,0.137752,0.124858,0.112509,0.102056,0.0950518,0.0930832,0.0975482,0.109419,0.129041,0.156012,0.189189,0.226811,0.266738,0.306737,0.344766,0.379205,0.408985,0.433614,0.45311,0.46787,0.478516,0.485735,0.490153,0.492238,0.492238
0.492378,0.492378,0.490325,0.485974,0.478859,0.468359,0.453787,0.434519,0.410147,0.380638,0.346458,0.308648,0.268797,0.228915,0.191217,0.157837,0.130542,0.110499,0.0981443,0.093172,0.0946499,0.101213,0.111299,0.123366,0.136062,0.148324,0.159407,0.168855,0.176442,0.182094,0.185826,0.187676,0.187676,0.185826,0.182094,0.176442,0.168855,0.159407,0.148324,0.136062,0.123366,0.111299,0.101213,0.0946499,0.093172,0.0981443,0.110499,0.130542,0.157837,0.191217,0.228915,0.268797,0.308648,0.346458,0.380638,0.410147,0.434519,0.453787,0.468359,0.478859,0.485974,0.490325,0.492378,0.492378
0.492651,0.492651,0.490662,0.486441,0.479532,0.469318,0.455116,0.436298,0.412437,0.383468,0.34981,0.312445,0.272898,0.233125,0.195298,0.161536,0.133618,0.112755,0.0994478,0.0934706,0.0939686,0.0996447,0.108983,0.120467,0.132746,0.144741,0.155679,0.16507,0.172655,0.178333,0.182094,0.183964,0.183964,0.182094,0.178333,0.172655,0.16507,0.155679,0.144741,0.132746,0.120467,0.108983,0.0996447,0.0939686,0.0934706,0.0994478,0.112755,0.133618,0.161536,0.195298,0.233125,0.272898,0.312445,0.34981,0.383468,0.412437,0.436298,0.455116,0.469318,0.479532,0.486441,0.490662,0.492651,0.492651
0.493044,0.493044,0.491146,0.487115,0.480504,0.470709,0.45705,0.438893,0.415788,0.387624,0.354752,0.318069,0.279009,0.239441,0.201474,0.167197,0.138406,0.116368,0.101677,0.0942184,0.0932541,0.097587,0.105775,0.116342,0.127946,0.139489,0.150159,0.159421,0.166967,0.172655,0.176442,0.178329,0.178329,0.176442,0.172655,0.166967,0.159421,0.150159,0.139489,0.127946,0.116342,0.105775,0.097587,0.0932541,0.0942184,0.101677,0.116368,0.138406,0.167197,0.201474,0.239441,0.279009,0.318069,0.354752,0.387624,0.415788,0.438893,0.45705,0.470709,0.480504,0.487115,0.491146,0.493044,0.493044
0.493536,0.493536,0.491755,0.487966,0.481736,0.472476,0.459516,0.442216,0.4201,0.392998,0.361179,0.325431,0.287069,0.247848,0.209789,0.174937,0.145094,0.121595,0.105143,0.0957674,0.0928757,0.0954052,0.102016,0.111293,0.121913,0.132762,0.142986,0.151994,0.159421,0.16507,0.168855,0.17075,0.17075,0.168855,0.16507,0.159421,0.151994,0.142986,0.132762,0.121913,0.111293,0.102016,0.0954052,0.0928757,0.0957674,0.105143,0.121595,0.145094,0.174937,0.209789,0.247848,0.287069,0.325431,0.361179,0.392998,0.4201,0.442216,0.459516,0.472476,0.481736,0.487966,0.491755,0.493536,0.493536
0.494106,0.494106,0.492462,0.488956,0.483176,0.474552,0.462427,0.446159,0.425243,0.399448,0.368948,0.334402,0.296984,0.258307,0.220278,0.184875,0.153898,0.128744,0.110238,0.0985684,0.0933209,0.0935961,0.0981854,0.105759,0.115031,0.124881,0.134416,0.142986,0.150159,0.155679,0.159407,0.161283,0.161283,0.159407,0.155679,0.150159,0.142986,0.134416,0.124881,0.115031,0.105759,0.0981854,0.0935961,0.0933209,0.0985684,0.110238,0.128744,0.153898,0.184875,0.220278,0.258307,0.296984,0.334402,0.368948,0.399448,0.425243,0.446159,0.462427,0.474552,0.483176,0.488956,0.492462,0.494106,0.494106
0.494727,0.494727,0.493234,0.490045,0.484768,0.476858,0.465679,0.450591,0.431062,0.406802,0.377877,0.344812,0.308614,0.270733,0.232937,0.19711,0.165029,0.138142,0.117395,0.103147,0.0951797,0.0927834,0.0949103,0.100344,0.107859,0.116346,0.124881,0.132762,0.139489,0.144741,0.148324,0.150137,0.150137,0.148324,0.144741,0.139489,0.132762,0.124881,0.116346,0.107859,0.100344,0.0949103,0.0927834,0.0951797,0.103147,0.117395,0.138142,0.165029,0.19711,0.232937,0.270733,0.308614,0.344812,0.377877,0.406802,0.431062,0.450591,0.465679,0.476858,0.484768,0.490045,0.493234,0.494727,0.494727
0.495373,0.495373,0.494041,0.491189,0.48645,0.479311,0.46916,0.455368,0.437383,0.414855,0.387749,0.356441,0.321765,0.284986,0.247705,0.211687,0.178658,0.150096,0.127056,0.110067,0.0991133,0.093697,0.0929564,0.0958176,0.101144,0.107859,0.115031,0.121913,0.127946,0.132746,0.136062,0.137752,0.137752,0.136062,0.132746,0.127946,0.121913,0.115031,0.107859,0.101144,0.0958176,0.0929564,0.093697,0.0991133,0.110067,0.127056,0.150096,0.178658,0.211687,0.247705,0.284986,0.321765,0.356441,0.387749,0.414855,0.437383,0.455368,0.46916,0.479311,0.48645,0.491189,0.494041,0.495373,0.495373
0.496019,0.496019,0.494852,0.492346,0.488163,0.481825,0.472755,0.460339,0.444016,0.423385,0.398312,0.369028,0.336187,0.300853,0.264441,0.228567,0.194876,0.164847,0.139618,0.119875,0.105805,0.0971304,0.0931957,0.0930974,0.0958176,0.100344,0.105759,0.111293,0.116342,0.120467,0.123366,0.124858,0.124858,0.123366,0.120467,0.116342,0.111293,0.105759,0.100344,0.0958176,0.0930974,0.0931957,0.0971304,0.105805,0.119875,0.139618,0.164847,0.194876,0.228567,0.264441,0.300853,0.336187,0.369028,0.398312,0.423385,0.444016,0.460339,0.472755,0.481825,0.488163,0.492346,0.494852,0.496019,0.496019
0.496643,0.496643,0.49564,0.493477,0.48985,0.484321,0.476351,0.465354,0.450768,0.432153,0.40929,0.382272,0.35157,0.318047,0.282909,0.247603,0.213658,0.182518,0.155373,0.133039,0.115892,0.103873,0.0965446,0.0931957,0.0929564,0.0949103,0.0981854,0.102016,0.105775,0.108983,0.111299,0.112509,0.112509,0.111299,0.108983,0.105775,0.102016,0.0981854,0.0949103,0.0929564,0.0931957,0.0965446,0.103873,0.115892,0.133039,0.155373,0.182518,0.213658,0.247603,0.282909,0.318047,0.35157,0.382272,0.40929,0.432153,0.450768,0.465354,0.476351,0.484321,0.48985,0.493477,0.49564,0.496643,0.496643
0.497227,0.497227,0.49638,0.49455,0.491462,0.486725,0.479844,0.470268,0.457449,0.440921,0.420395,0.395839,0.367556,0.336203,0.302774,0.268521,0.234831,0.203074,0.174452,0.149876,0.129885,0.114623,0.103873,0.0971304,0.093697,0.0927834,0.0935961,0.0954052,0.097587,0.0996447,0.101213,0.102056,0.102056,0.101213,0.0996447,0.097587,0.0954052,0.0935961,0.0927834,0.093697,0.0971304,0.103873,0.114623,0.129885,0.149876,0.174452,0.203074,0.234831,0.268521,0.302774,0.336203,0.367556,0.395839,0.420395,0.440921,0.457449,0.470268,0.479844,0.486725,0.491462,0.49455,0.49638,0.497227,0.497227
0.497757,0.497757,0.497057,0.495536,0.492959,0.488976,0.483143,0.474954,0.463884,0.44946,0.431338,0.409387,0.383751,0.354896,0.323604,0.290919,0.258059,0.226286,0.196773,0.170482,0.148078,0.129885,0.115892,0.105805,0.0991133,0.0951797,0.0933209,0.0928757,0.0932541,0.0939686,0.0946499,0.0950518,0.0950518,0.0946499,0.0939686,0.0932541,0.0928757,0.0933209,0.0951797,0.0991133,0.105805,0.115892,0.129885,0.148078,0.170482,0.196773,0.226286,0.258059,0.290919,0.323604,0.354896,0.383751,0.409387,0.431338,0.44946,0.463884,0.474954,0.483143,0.488976,0.492959,0.495536,0.497057,0.497757,0.497757
0.498224,0.498224,0.497656,0.49642,0.49431,0.491026,0.486177,0.479304,0.469921,0.457561,0.44185,0.422573,0.399746,0.37366,0.34489,0.314275,0.282844,0.251722,0.222012,0.194683,0.170482,0.149876,0.133039,0.119875,0.110067,0.103147,0.0985684,0.0957674,0.0942184,0.0934706,0.093172,0.0930832,0.0930832,0.093172,0.0934706,0.0942184,0.0957674,0.0985684,0.103147,0.110067,0.119875,0.133039,0.149876,0.170482,0.194683,0.222012,0.251722,0.282844,0.314275,0.34489,0.37366,0.399746,0.422573,0.44185,0.457561,0.469921,0.479304,0.486177,0.491026,0.49431,0.49642,0.497656,0.498224,0.498224
0.498624,0.498624,0.498174,0.497188,0.495497,0.492844,0.488893,0.483239,0.47544,0.465052,0.45169,0.435084,0.415146,0.392014,0.36608,0.33798,0.308552,0.278759,0.249602,0.222012,0.196773,0.174452,0.155373,0.139618,0.127056,0.117395,0.110238,0.105143,0.101677,0.0994478,0.0981443,0.0975482,0.0975482,0.0981443,0.0994478,0.101677,0.105143,0.110238,0.117395,0.127056,0.139618,0.155373,0.174452,0.196773,0.222012,0.249602,0.278759,0.308552,0.33798,0.36608,0.392014,0.415146,0.435084,0.45169,0.465052,0.47544,0.483239,0.488893,0.492844,0.495497,0.497188,0.498174,0.498624,0.498624
0.498958,0.498958,0.498608,0.49784,0.496513,0.494414,0.491261,0.486705,0.480355,0.471802,0.460668,0.446652,0.42959,0.409501,0.386615,0.361383,0.334455,0.306624,0.278759,0.251722,0.226286,0.203074,0.182518,0.164847,0.150096,0.138142,0.128744,0.121595,0.116368,0.112755,0.110499,0.109419,0.109419,0.110499,0.112755,0.116368,0.121595,0.128744,0.138142,0.150096,0.164847,0.182518,0.203074,0.226286,0.251722,0.278759,0.306624,0.334455,0.361383,0.386615,0.409501,0.42959,0.446652,0.460668,0.471802,0.480355,0.486705,0.491261,0.494414,0.496513,0.49784,0.498608,0.498958,0.498958
0.499228,0.499228,0.498963,0.498377,0.497358,0.495735,0.493272,0.48968,0.48462,0.477727,0.468646,0.457069,0.442784,0.425719,0.405974,0.383841,0.359793,0.334455,0.308552,0.282844,0.258059,0.234831,0.213658,0.194876,0.178658,0.165029,0.153898,0.145094,0.138406,0.133618,0.130542,0.129041,0.129041,0.130542,0.133618,0.138406,0.145094,0.153898,0.165029,0.178658,0.194876,0.213658,0.234831,0.258059,0.282844,0.308552,0.334455,0.359793,0.383841,0.405974,0.425719,0.442784,0.457069,0.468646,0.477727,0.48462,0.48968,0.493272,0.495735,0.497358,0.498377,0.498963,0.499228,0.499228
0.499442,0.499442,0.499245,0.498808,0.498044,0.496816,0.494936,0.492166,0.488223,0.482792,0.475551,0.466203,0.454514,0.440352,0.423719,0.404775,0.383841,0.361383,0.33798,0.314275,0.290919,0.268521,0.247603,0.228567,0.211687,0.19711,0.184875,0.174937,0.167197,0.161536,0.157837,0.156012,0.156012,0.157837,0.161536,0.167197,0.174937,0.184875,0.19711,0.211687,0.228567,0.247603,0.268521,0.290919,0.314275,0.33798,0.361383,0.383841,0.404775,0.423719,0.440352,0.454514,0.466203,0.475551,0.482792,0.488223,0.492166,0.494936,0.496816,0.498044,0.498808,0.499245,0.499442,0.499442
0.499606,0.499606,0.499463,0.499145,0.498585,0.497677,0.496275,0.494189,0.491187,0.487006,0.481366,0.473995,0.464657,0.453188,0.439522,0.423719,0.405974,0.386615,0.36608,0.34489,0.323604,0.302774,0.282909,0.264441,0.247705,0.232937,0.220278,0.209789,0.201474,0.195298,0.191217,0.189189,0.189189,0.191217,0.195298,0.201474,0.209789,0.220278,0.232937,0.247705,0.264441,0.282909,0.302774,0.323604,0.34489,0.36608,0.386615,0.405974,0.423719,0.439522,0.453188,0.464657,0.473995,0.481366,0.487006,0.491187,0.494189,0.496275,0.497677,0.498585,0.499145,0.499463,0.499606,0.499606
0.499728,0.499728,0.499627,0.499401,0.499001,0.498346,0.497325,0.49579,0.493559,0.490417,0.48613,0.480459,0.473184,0.464128,0.453188,0.440352,0.425719,0.409501,0.392014,0.37366,0.354896,0.336203,0.318047,0.300853,0.284986,0.270733,0.258307,0.247848,0.239441,0.233125,0.228915,0.226811,0.226811,0.228915,0.233125,0.239441,0.247848,0.258307,0.270733,0.284986,0.300853,0.318047,0.336203,0.354896,0.37366,0.392014,0.409501,0.425719,0.440352,0.453188,0.464128,0.473184,0.480459,0.48613,0.490417,0.493559,0.49579,0.497325,0.498346,0.499001,0.499401,0.499627,0.499728,0.499728
0.499817,0.499817,0.499748,0.499591,0.499311,0.49885,0.498125,0.497024,0.495406,0.493103,0.489926,0.485672,0.480148,0.473184,0.464657,0.454514,0.442784,0.42959,0.415146,0.399746,0.383751,0.367556,0.35157,0.336187,0.321765,0.308614,0.296984,0.287069,0.279009,0.272898,0.268797,0.266738,0.266738,0.268797,0.272898,0.279009,0.287069,0.296984,0.308614,0.321765,0.336187,0.35157,0.367556,0.383751,0.399746,0.415146,0.42959,0.442784,0.454514,0.464657,0.473184,0.480148,0.485672,0.489926,0.493103,0.495406,0.497024,0.498125,0.49885,0.499311,0.499591,0.499748,0.499817,0.499817
0.49988,0.49988,0.499833,0.499727,0.499537,0.49922,0.498718,0.497948,0.496804,0.49516,0.492864,0.489757,0.485672,0.480459,0.473995,0.466203,0.457069,0.446652,0.435084,0.422573,0.409387,0.395839,0.382272,0.369028,0.356441,0.344812,0.334402,0.325431,0.318069,0.312445,0.308648,0.306737,0.306737,0.308648,0.312445,0.318069,0.325431,0.334402,0.344812,0.356441,0.369028,0.382272,0.395839,0.409387,0.422573,0.435084,0.446652,0.457069,0.466203,0.473995,0.480459,0.485672,0.489757,0.492864,0.49516,0.496804,0.497948,0.498718,0.49922,0.499537,0.499727,0.499833,0.49988,0.49988
0.499923,0.499923,0.499893,0.499823,0.499696,0.499485,0.499145,0.49862,0.497833,0.496689,0.495075,0.492864,0.489926,0.48613,0.481366,0.475551,0.468646,0.460668,0.45169,0.44185,0.431338,0.420395,0.40929,0.398312,0.387749,0.377877,0.368948,0.361179,0.354752,0.34981,0.346458,0.344766,0.344766,0.346458,0.34981,0.354752,0.361179,0.368948,0.377877,0.387749,0.398312,0.40929,0.420395,0.431338,0.44185,0.45169,0.460668,0.468646,0.475551,0.481366,0.48613,0.489926,0.492864,0.495075,0.496689,0.497833,0.49862,0.499145,0.499485,0.499696,0.499823,0.499893,0.499923,0.499923
0.499952,0.499952,0.499933,0.499888,0.499806,0.499668,0.499445,0.499097,0.498569,0.497794,0.496689,0.49516,0.493103,0.490417,0.487006,0.482792,0.477727,0.471802,0.465052,0.457561,0.44946,0.440921,0.432153,0.423385,0.414855,0.406802,0.399448,0.392998,0.387624,0.383468,0.380638,0.379205,0.379205,0.380638,0.383468,0.387624,0.392998,0.399448,0.406802,0.414855,0.423385,0.432153,0.440921,0.44946,0.457561,0.465052,0.471802,0.477727,0.482792,0.487006,0.490417,0.493103,0.49516,0.496689,0.497794,0.498569,0.499097,0.499445,0.499668,0.499806,0.499888,0.499933,0.499952,0.499952
0.499971,0.499971,0.499959,0.499931,0.499879,0.499792,0.499649,0.499424,0.49908,0.498569,0.497833,0.496804,0.495406,0.493559,0.491187,0.488223,0.48462,0.480355,0.47544,0.469921,0.463884,0.457449,0.450768,0.444016,0.437383,0.431062,0.425243,0.4201,0.415788,0.412437,0.410147,0.408985,0.408985,0.410147,0.412437,0.415788,0.4201,0.425243,0.431062,0.437383,0.444016,0.450768,0.457449,0.463884,0.469921,0.47544,0.480355,0.48462,0.488223,0.491187,0.493559,0.495406,0.496804,0.497833,0.498569,0.49908,0.499424,0.499649,0.499792,0.499879,0.499931,0.499959,0.499971,0.499971
0.499983,0.499983,0.499976,0.499958,0.499927,0.499873,0.499784,0.499642,0.499424,0.499097,0.49862,0.497948,0.497024,0.49579,0.494189,0.492166,0.48968,0.486705,0.483239,0.479304,0.474954,0.470268,0.465354,0.460339,0.455368,0.450591,0.446159,0.442216,0.438893,0.436298,0.434519,0.433614,0.433614,0.434519,0.436298,0.438893,0.442216,0.446159,0.450591,0.455368,0.460339,0.465354,0.470268,0.474954,0.479304,0.483239,0.486705,0.48968,0.492166,0.494189,0.49579,0.497024,0.497948,0.49862,0.499097,0.499424,0.499642,0.499784,0.499873,0.499927,0.499958,0.499976,0.499983,0.499983
0.49999,0.49999,0.499986,0.499976,0.499957,0.499924,0.499871,0.499784,0.499649,0.499445,0.499145,0.498718,0.498125,0.497325,0.496275,0.494936,0.493272,0.491261,0.488893,0.486177,0.483143,0.479844,0.476351,0.472755,0.46916,0.465679,0.462427,0.459516,0.45705,0.455116,0.453787,0.45311,0.45311,0.453787,0.455116,0.45705,0.459516,0.462427,0.465679,0.46916,0.472755,0.476351,0.479844,0.483143,0.486177,0.488893,0.491261,0.493272,0.494936,0.496275,0.497325,0.498125,0.498718,0.499145,0.499445,0.499649,0.499784,0.499871,0.499924,0.499957,0.499976,0.499986,0.49999,0.49999
0.499994,0.499994,0.499992,0.499986,0.499975,0.499956,0.499924,0.499873,0.499792,0.499668,0.499485,0.49922,0.49885,0.498346,0.497677,0.496816,0.495735,0.494414,0.492844,0.491026,0.488976,0.486725,0.484321,0.481825,0.479311,0.476858,0.474552,0.472476,0.470709,0.469318,0.468359,0.46787,0.46787,0.468359,0.469318,0.470709,0.472476,0.474552,0.476858,0.479311,0.481825,0.484321,0.486725,0.488976,0.491026,0.492844,0.494414,0.495735,0.496816,0.497677,0.498346,0.49885,0.49922,0.499485,0.499668,0.499792,0.499873,0.499924,0.499956,0.499975,0.499986,0.499992,0.499994,0.499994
0.499997,0.499997,0.499996,0.499992,0.499986,0.499975,0.499957,0.499927,0.499879,0.499806,0.499696,0.499537,0.499311,0.499001,0.498585,0.498044,0.497358,0.496513,0.495497,0.49431,0.492959,0.491462,0.48985,0.488163,0.48645,0.484768,0.483176,0.481736,0.480504,0.479532,0.478859,0.478516,0.478516,0.478859,0.479532,0.480504,0.481736,0.483176,0.484768,0.48645,0.488163,0.48985,0.491462,0.492959,0.49431,0.495497,0.496513,0.497358,0.498044,0.498585,0.499001,0.499311,0.499537,0.499696,0.499806,0.499879,0.499927,0.499957,0.499975,0.499986,0.499992,0.499996,0.499997,0.499997
0.499998,0.499998,0.499998,0.499996,0.499992,0.499986,0.499976,0.499958,0.499931,0.499888,0.499823,0.499727,0.499591,0.499401,0.499145,0.498808,0.498377,0.49784,0.497188,0.49642,0.495536,0.49455,0.493477,0.492346,0.491189,0.490045,0.488956,0.487966,0.487115,0.486441,0.485974,0.485735,0.485735,0.485974,0.486441,0.487115,0.487966,0.488956,0.490045,0.491189,0.492346,0.493477,0.49455,0.495536,0.49642,0.497188,0.49784,0.498377,0.498808,0.499145,0.499401,0.499591,0.499727,0.499823,0.499888,0.499931,0.499958,0.499976,0.499986,0.499992,0.499996,0.499998,0.499998,0.499998
0.499999,0.499999,0.499999,0.499998,0.499996,0.499992,0.499986,0.499976,0.499959,0.499933,0.499893,0.499833,0.499748,0.499627,0.499463,0.499245,0.498963,0.498608,0.498174,0.497656,0.497057,0.49638,0.49564,0.494852,0.494041,0.493234,0.492462,0.491755,0.491146,0.490662,0.490325,0.490153,0.490153,0.490325,0.490662,0.491146,0.491755,0.492462,0.493234,0.494041,0.494852,0.49564,0.49638,0.497057,0.497656,0.498174,0.498608,0.498963,0.499245,0.499463,0.499627,0.499748,0.499833,0.499893,0.499933,0.499959,0.499976,0.499986,0.499992,0.499996,0.499998,0.499999,0.499999,0.499999
0.499999,0.499999,0.499999,0.499998,0.499997,0.499994,0.49999,0.499983,0.499971,0.499952,0.499923,0.49988,0.499817,0.499728,0.499606,0.499442,0.499228,0.498958,0.498624,0.498224,0.497757,0.497227,0.496643,0.496019,0.495373,0.494727,0.494106,0.493536,0.493044,0.492651,0.492378,0.492238,0.492238,0.492378,0.492651,0.493044,0.493536,0.494106,0.494727,0.495373,0.496019,0.496643,0.497227,0.497757,0.498224,0.498624,0.498958,0.499228,0.499442,0.499606,0.499728,0.499817,0.49988,0.499923,0.499952,0.499971,0.499983,0.49999,0.499994,0.499997,0.499998,0.499999,0.499999,0.499999
0.499999,0.499999,0.499999,0.499998,0.499997,0.499994,0.49999,0.499983,0.499971,0.499952,0.499923,0.49988,0.499817,0.499728,0.499606,0.499442,0.499228,0.498958,0.498624,0.498224,0.497757,0.497227,0.496643,0.496019,0.495373,0.494727,0.494106,0.493536,0.493044,0.492651,0.492378,0.492238,0.492238,0.492378,0.492651,0.493044,0.493536,0.494106,0.494727,0.495373,0.496019,0.496643,0.497227,0.497757,0.498224,0.498624,0.498958,0.499228,0.499442,0.499606,0.499728,0.499817,0.49988,0.499923,0.499952,0.499971,0.499983,0.49999,0.499994,0.499997,0.499998,0.499999,0.499999,0.499999
