0.378982,0.371798,0.372323,0.373348,0.37483,0.37671,0.37892,0.381389,0.384048,0.386839,0.389708,0.392613,0.395518,0.398395,0.401217,0.403964,0.406614,0.40915,0.411554,0.413811,0.415911,0.417842,0.419599,0.421177,0.422574,0.423791,0.424828,0.425687,0.42637,0.42688,0.427219,0.427388,0.427388,0.427219,0.42688,0.42637,0.425687,0.424828,0.423791,0.422574,0.421177,0.419599,0.417842,0.415911,0.413811,0.411554,0.40915,0.406614,0.403964,0.401217,0.398395,0.395518,0.392613,0.389708,0.386839,0.384048,0.381389,0.37892,0.37671,0.37483,0.373348,0.372323,0.371798,0.371798
0.371798,0.371798,0.372323,0.373348,0.37483,0.37671,0.37892,0.381389,0.384048,0.386839,0.389708,0.392613,0.395518,0.398395,0.401217,0.403964,0.406614,0.40915,0.411554,0.413811,0.415911,0.417842,0.419599,0.421177,0.422574,0.423791,0.424828,0.425687,0.42637,0.42688,0.427219,0.427388,0.427388,0.427219,0.42688,0.42637,0.425687,0.424828,0.423791,0.422574,0.421177,0.419599,0.417842,0.415911,0.413811,0.411554,0.40915,0.406614,0.403964,0.401217,0.398395,0.395518,0.392613,0.389708,0.386839,0.384048,0.381389,0.37892,0.37671,0.37483,0.373348,0.372323,0.371798,0.371798
0.372323,0.372323,0.372883,0.373976,0.375549,0.377531,0.379842,0.382399,0.385123,0.387948,0.390817,0.393688,0.396527,0.399311,0.402021,0.404642,0.407161,0.409564,0.411841,0.413981,0.415973,0.417809,0.419483,0.42099,0.422329,0.423497,0.424494,0.425322,0.425982,0.426475,0.426803,0.426967,0.426967,0.426803,0.426475,0.425982,0.425322,0.424494,0.423497,0.422329,0.42099,0.419483,0.417809,0.415973,0.413981,0.411841,0.409564,0.407161,0.404642,0.402021,0.399311,0.396527,0.393688,0.390817,0.387948,0.385123,0.382399,0.379842,0.377531,0.375549,0.373976,0.372883,0.372323,0.372323
0.373348,0.373348,0.373976,0.375196,0.376939,0.379114,0.381618,0.384344,0.387197,0.390094,0.392972,0.395786,0.398509,0.401126,0.403629,0.406018,0.408291,0.410447,0.412484,0.414397,0.416183,0.417835,0.419348,0.420717,0.421939,0.42301,0.42393,0.424696,0.425308,0.425767,0.426073,0.426226,0.426226,0.426073,0.425767,0.425308,0.424696,0.42393,0.42301,0.421939,0.420717,0.419348,0.417835,0.416183,0.414397,0.412484,0.410447,0.408291,0.406018,0.403629,0.401126,0.398509,0.395786,0.392972,0.390094,0.387197,0.384344,0.381618,0.379114,0.376939,0.375196,0.373976,0.373348,0.373348
0.37483,0.37483,0.375549,0.376939,0.378912,0.381351,0.38412,0.387086,0.390125,0.393137,0.396046,0.398805,0.40139,0.403798,0.406036,0.40812,0.410066,0.411888,0.413596,0.415199,0.416696,0.418088,0.419371,0.420541,0.421593,0.422522,0.423325,0.423998,0.424539,0.424946,0.425218,0.425355,0.425355,0.425218,0.424946,0.424539,0.423998,0.423325,0.422522,0.421593,0.420541,0.419371,0.418088,0.416696,0.415199,0.413596,0.411888,0.410066,0.40812,0.406036,0.403798,0.40139,0.398805,0.396046,0.393137,0.390125,0.387086,0.38412,0.381351,0.378912,0.376939,0.375549,0.37483,0.37483
0.37671,0.37671,0.377531,0.379114,0.381351,0.384094,0.387177,0.390433,0.39371,0.396882,0.399861,0.402593,0.405056,0.407255,0.409214,0.410967,0.412547,0.413988,0.415316,0.41655,0.417702,0.418778,0.419777,0.420697,0.421534,0.422281,0.422933,0.423484,0.423931,0.424269,0.424495,0.424609,0.424609,0.424495,0.424269,0.423931,0.423484,0.422933,0.422281,0.421534,0.420697,0.419777,0.418778,0.417702,0.41655,0.415316,0.413988,0.412547,0.410967,0.409214,0.407255,0.405056,0.402593,0.399861,0.396882,0.39371,0.390433,0.387177,0.384094,0.381351,0.379114,0.377531,0.37671,0.37671
0.37892,0.37892,0.379842,0.381618,0.38412,0.387177,0.390592,0.394167,0.39772,0.401101,0.404203,0.40696,0.40935,0.411385,0.413099,0.414541,0.415766,0.416824,0.41776,0.418606,0.419386,0.420114,0.420796,0.421434,0.422022,0.422556,0.423029,0.423434,0.423766,0.42402,0.424191,0.424277,0.424277,0.424191,0.42402,0.423766,0.423434,0.423029,0.422556,0.422022,0.421434,0.420796,0.420114,0.419386,0.418606,0.41776,0.416824,0.415766,0.414541,0.413099,0.411385,0.40935,0.40696,0.404203,0.401101,0.39772,0.394167,0.390592,0.387177,0.38412,0.381618,0.379842,0.37892,0.37892
0.381389,0.381389,0.382399,0.384344,0.387086,0.390433,0.394167,0.398064,0.401916,0.405547,0.40883,0.411686,0.414083,0.416033,0.417578,0.418778,0.419704,0.420423,0.420996,0.421472,0.421887,0.422266,0.422623,0.422964,0.423288,0.423592,0.423869,0.424112,0.424316,0.424474,0.424583,0.424637,0.424637,0.424583,0.424474,0.424316,0.424112,0.423869,0.423592,0.423288,0.422964,0.422623,0.422266,0.421887,0.421472,0.420996,0.420423,0.419704,0.418778,0.417578,0.416033,0.414083,0.411686,0.40883,0.405547,0.401916,0.398064,0.394167,0.390433,0.387086,0.384344,0.382399,0.381389,0.381389
0.384048,0.384048,0.385123,0.387197,0.390125,0.39371,0.39772,0.401916,0.406068,0.40998,0.413502,0.416535,0.419035,0.421007,0.42249,0.423553,0.424274,0.424736,0.425015,0.425175,0.425266,0.425325,0.425376,0.42543,0.425495,0.425568,0.425645,0.425723,0.425794,0.425852,0.425894,0.425916,0.425916,0.425894,0.425852,0.425794,0.425723,0.425645,0.425568,0.425495,0.42543,0.425376,0.425325,0.425266,0.425175,0.425015,0.424736,0.424274,0.423553,0.42249,0.421007,0.419035,0.416535,0.413502,0.40998,0.406068,0.401916,0.39772,0.39371,0.390125,0.387197,0.385123,0.384048,0.384048
0.386839,0.386839,0.387948,0.390094,0.393137,0.396882,0.401101,0.405547,0.40998,0.414186,0.417991,0.421278,0.423981,0.426089,0.427635,0.428684,0.429321,0.429637,0.42972,0.429648,0.429486,0.429282,0.429071,0.428874,0.428704,0.428565,0.428456,0.428376,0.428319,0.428281,0.428258,0.428247,0.428247,0.428258,0.428281,0.428319,0.428376,0.428456,0.428565,0.428704,0.428874,0.429071,0.429282,0.429486,0.429648,0.42972,0.429637,0.429321,0.428684,0.427635,0.426089,0.423981,0.421278,0.417991,0.414186,0.40998,0.405547,0.401101,0.396882,0.393137,0.390094,0.387948,0.386839,0.386839
0.389708,0.389708,0.390817,0.392972,0.396046,0.399861,0.404203,0.40883,0.413502,0.417991,0.422108,0.425707,0.428701,0.431056,0.432789,0.433956,0.434639,0.434934,0.434937,0.434738,0.434413,0.434025,0.433618,0.433224,0.432864,0.432548,0.432282,0.432065,0.431896,0.431773,0.431693,0.431653,0.431653,0.431693,0.431773,0.431896,0.432065,0.432282,0.432548,0.432864,0.433224,0.433618,0.434025,0.434413,0.434738,0.434937,0.434934,0.434639,0.433956,0.432789,0.431056,0.428701,0.425707,0.422108,0.417991,0.413502,0.40883,0.404203,0.399861,0.396046,0.392972,0.390817,0.389708,0.389708
0.392613,0.392613,0.393688,0.395786,0.398805,0.402593,0.40696,0.411686,0.416535,0.421278,0.425707,0.429655,0.433006,0.435699,0.437729,0.439134,0.43999,0.440389,0.440432,0.440218,0.439833,0.439351,0.438829,0.438307,0.437816,0.437372,0.436987,0.436666,0.436411,0.43622,0.436094,0.436031,0.436031,0.436094,0.43622,0.436411,0.436666,0.436987,0.437372,0.437816,0.438307,0.438829,0.439351,0.439833,0.440218,0.440432,0.440389,0.43999,0.439134,0.437729,0.435699,0.433006,0.429655,0.425707,0.421278,0.416535,0.411686,0.40696,0.402593,0.398805,0.395786,0.393688,0.392613,0.392613
0.395518,0.395518,0.396527,0.398509,0.40139,0.405056,0.40935,0.414083,0.419035,0.423981,0.428701,0.433006,0.436751,0.439845,0.442256,0.444,0.445136,0.445752,0.445947,0.445825,0.445482,0.444999,0.444445,0.443871,0.443314,0.442799,0.442343,0.441957,0.441645,0.44141,0.441253,0.441174,0.441174,0.441253,0.44141,0.441645,0.441957,0.442343,0.442799,0.443314,0.443871,0.444445,0.444999,0.445482,0.445825,0.445947,0.445752,0.445136,0.444,0.442256,0.439845,0.436751,0.433006,0.428701,0.423981,0.419035,0.414083,0.40935,0.405056,0.40139,0.398509,0.396527,0.395518,0.395518
0.398395,0.398395,0.399311,0.401126,0.403798,0.407255,0.411385,0.416033,0.421007,0.426089,0.431056,0.435699,0.439845,0.443373,0.446217,0.448369,0.449869,0.45079,0.451231,0.451294,0.451082,0.450685,0.450179,0.449624,0.449065,0.448536,0.448059,0.447647,0.447311,0.447056,0.446885,0.446799,0.446799,0.446885,0.447056,0.447311,0.447647,0.448059,0.448536,0.449065,0.449624,0.450179,0.450685,0.451082,0.451294,0.451231,0.45079,0.449869,0.448369,0.446217,0.443373,0.439845,0.435699,0.431056,0.426089,0.421007,0.416033,0.411385,0.407255,0.403798,0.401126,0.399311,0.398395,0.398395
0.401217,0.401217,0.402021,0.403629,0.406036,0.409214,0.413099,0.417578,0.42249,0.427635,0.432789,0.437729,0.442256,0.446217,0.449516,0.452114,0.454027,0.455317,0.45607,0.456391,0.456381,0.456139,0.455748,0.455275,0.454772,0.45428,0.453825,0.453426,0.453097,0.452844,0.452673,0.452587,0.452587,0.452673,0.452844,0.453097,0.453426,0.453825,0.45428,0.454772,0.455275,0.455748,0.456139,0.456381,0.456391,0.45607,0.455317,0.454027,0.452114,0.449516,0.446217,0.442256,0.437729,0.432789,0.427635,0.42249,0.417578,0.413099,0.409214,0.406036,0.403629,0.402021,0.401217,0.401217
0.403964,0.403964,0.404642,0.406018,0.40812,0.410967,0.414541,0.418778,0.423553,0.428684,0.433956,0.439134,0.444,0.448369,0.452114,0.455165,0.457514,0.459204,0.460312,0.460935,0.461178,0.461141,0.460913,0.460569,0.460167,0.459752,0.459355,0.459,0.458702,0.458471,0.458315,0.458235,0.458235,0.458315,0.458471,0.458702,0.459,0.459355,0.459752,0.460167,0.460569,0.460913,0.461141,0.461178,0.460935,0.460312,0.459204,0.457514,0.455165,0.452114,0.448369,0.444,0.439134,0.433956,0.428684,0.423553,0.418778,0.414541,0.410967,0.40812,0.406018,0.404642,0.403964,0.403964
0.406614,0.406614,0.407161,0.408291,0.410066,0.412547,0.415766,0.419704,0.424274,0.429321,0.434639,0.43999,0.445136,0.449869,0.454027,0.457514,0.460296,0.462393,0.463869,0.464817,0.465338,0.465535,0.465501,0.465316,0.465044,0.464733,0.464419,0.464129,0.463881,0.463686,0.463552,0.463485,0.463485,0.463552,0.463686,0.463881,0.464129,0.464419,0.464733,0.465044,0.465316,0.465501,0.465535,0.465338,0.464817,0.463869,0.462393,0.460296,0.457514,0.454027,0.449869,0.445136,0.43999,0.434639,0.429321,0.424274,0.419704,0.415766,0.412547,0.410066,0.408291,0.407161,0.406614,0.406614
0.40915,0.40915,0.409564,0.410447,0.411888,0.413988,0.416824,0.420423,0.424736,0.429637,0.434934,0.440389,0.445752,0.45079,0.455317,0.459204,0.462393,0.464882,0.466721,0.467994,0.468799,0.46924,0.469412,0.4694,0.469271,0.469078,0.468861,0.468648,0.46846,0.468309,0.468204,0.46815,0.46815,0.468204,0.468309,0.46846,0.468648,0.468861,0.469078,0.469271,0.4694,0.469412,0.46924,0.468799,0.467994,0.466721,0.464882,0.462393,0.459204,0.455317,0.45079,0.445752,0.440389,0.434934,0.429637,0.424736,0.420423,0.416824,0.413988,0.411888,0.410447,0.409564,0.40915,0.40915
0.411554,0.411554,0.411841,0.412484,0.413596,0.415316,0.41776,0.420996,0.425015,0.42972,0.434937,0.440432,0.445947,0.451231,0.45607,0.460312,0.463869,0.466721,0.468902,0.470484,0.471563,0.472242,0.472617,0.472777,0.472793,0.472721,0.472603,0.472471,0.472345,0.472241,0.472166,0.472128,0.472128,0.472166,0.472241,0.472345,0.472471,0.472603,0.472721,0.472793,0.472777,0.472617,0.472242,0.471563,0.470484,0.468902,0.466721,0.463869,0.460312,0.45607,0.451231,0.445947,0.440432,0.434937,0.42972,0.425015,0.420996,0.41776,0.415316,0.413596,0.412484,0.411841,0.411554,0.411554
0.413811,0.413811,0.413981,0.414397,0.415199,0.41655,0.418606,0.421472,0.425175,0.429648,0.434738,0.440218,0.445825,0.451294,0.456391,0.460935,0.464817,0.467994,0.470484,0.47235,0.473683,0.474582,0.475147,0.475469,0.475621,0.475663,0.47564,0.475584,0.475519,0.475459,0.475414,0.475391,0.475391,0.475414,0.475459,0.475519,0.475584,0.47564,0.475663,0.475621,0.475469,0.475147,0.474582,0.473683,0.47235,0.470484,0.467994,0.464817,0.460935,0.456391,0.451294,0.445825,0.440218,0.434738,0.429648,0.425175,0.421472,0.418606,0.41655,0.415199,0.414397,0.413981,0.413811,0.413811
0.415911,0.415911,0.415973,0.416183,0.416696,0.417702,0.419386,0.421887,0.425266,0.429486,0.434413,0.439833,0.445482,0.451082,0.456381,0.461178,0.465338,0.468799,0.471563,0.473683,0.475241,0.476338,0.477074,0.47754,0.477814,0.477958,0.478019,0.478032,0.478021,0.478001,0.477983,0.477972,0.477972,0.477983,0.478001,0.478021,0.478032,0.478019,0.477958,0.477814,0.47754,0.477074,0.476338,0.475241,0.473683,0.471563,0.468799,0.465338,0.461178,0.456381,0.451082,0.445482,0.439833,0.434413,0.429486,0.425266,0.421887,0.419386,0.417702,0.416696,0.416183,0.415973,0.415911,0.415911
0.417842,0.417842,0.417809,0.417835,0.418088,0.418778,0.420114,0.422266,0.425325,0.429282,0.434025,0.439351,0.444999,0.450685,0.456139,0.461141,0.465535,0.46924,0.472242,0.474582,0.476338,0.477608,0.478491,0.479082,0.47946,0.479691,0.479825,0.479896,0.47993,0.479944,0.479948,0.479948,0.479948,0.479948,0.479944,0.47993,0.479896,0.479825,0.479691,0.47946,0.479082,0.478491,0.477608,0.476338,0.474582,0.472242,0.46924,0.465535,0.461141,0.456139,0.450685,0.444999,0.439351,0.434025,0.429282,0.425325,0.422266,0.420114,0.418778,0.418088,0.417835,0.417809,0.417842,0.417842
0.419599,0.419599,0.419483,0.419348,0.419371,0.419777,0.420796,0.422623,0.425376,0.429071,0.433618,0.438829,0.444445,0.450179,0.455748,0.460913,0.465501,0.469412,0.472617,0.475147,0.477074,0.478491,0.4795,0.480196,0.480661,0.480964,0.481156,0.481274,0.481345,0.481386,0.481408,0.481417,0.481417,0.481408,0.481386,0.481345,0.481274,0.481156,0.480964,0.480661,0.480196,0.4795,0.478491,0.477074,0.475147,0.472617,0.469412,0.465501,0.460913,0.455748,0.450179,0.444445,0.438829,0.433618,0.429071,0.425376,0.422623,0.420796,0.419777,0.419371,0.419348,0.419483,0.419599,0.419599
0.421177,0.421177,0.42099,0.420717,0.420541,0.420697,0.421434,0.422964,0.42543,0.428874,0.433224,0.438307,0.443871,0.449624,0.455275,0.460569,0.465316,0.4694,0.472777,0.475469,0.47754,0.479082,0.480196,0.480978,0.481515,0.481875,0.482113,0.482268,0.482367,0.482429,0.482465,0.482481,0.482481,0.482465,0.482429,0.482367,0.482268,0.482113,0.481875,0.481515,0.480978,0.480196,0.479082,0.47754,0.475469,0.472777,0.4694,0.465316,0.460569,0.455275,0.449624,0.443871,0.438307,0.433224,0.428874,0.42543,0.422964,0.421434,0.420697,0.420541,0.420717,0.42099,0.421177,0.421177
0.422574,0.422574,0.422329,0.421939,0.421593,0.421534,0.422022,0.423288,0.425495,0.428704,0.432864,0.437816,0.443314,0.449065,0.454772,0.460167,0.465044,0.469271,0.472793,0.475621,0.477814,0.47946,0.480661,0.481515,0.482108,0.482514,0.482788,0.482971,0.483091,0.483169,0.483214,0.483236,0.483236,0.483214,0.483169,0.483091,0.482971,0.482788,0.482514,0.482108,0.481515,0.480661,0.47946,0.477814,0.475621,0.472793,0.469271,0.465044,0.460167,0.454772,0.449065,0.443314,0.437816,0.432864,0.428704,0.425495,0.423288,0.422022,0.421534,0.421593,0.421939,0.422329,0.422574,0.422574
0.423791,0.423791,0.423497,0.42301,0.422522,0.422281,0.422556,0.423592,0.425568,0.428565,0.432548,0.437372,0.442799,0.448536,0.45428,0.459752,0.464733,0.469078,0.472721,0.475663,0.477958,0.479691,0.480964,0.481875,0.482514,0.482955,0.483256,0.48346,0.483596,0.483685,0.483738,0.483762,0.483762,0.483738,0.483685,0.483596,0.48346,0.483256,0.482955,0.482514,0.481875,0.480964,0.479691,0.477958,0.475663,0.472721,0.469078,0.464733,0.459752,0.45428,0.448536,0.442799,0.437372,0.432548,0.428565,0.425568,0.423592,0.422556,0.422281,0.422522,0.42301,0.423497,0.423791,0.423791
0.424828,0.424828,0.424494,0.42393,0.423325,0.422933,0.423029,0.423869,0.425645,0.428456,0.432282,0.436987,0.442343,0.448059,0.453825,0.459355,0.464419,0.468861,0.472603,0.47564,0.478019,0.479825,0.481156,0.482113,0.482788,0.483256,0.483578,0.483797,0.483944,0.484041,0.484099,0.484126,0.484126,0.484099,0.484041,0.483944,0.483797,0.483578,0.483256,0.482788,0.482113,0.481156,0.479825,0.478019,0.47564,0.472603,0.468861,0.464419,0.459355,0.453825,0.448059,0.442343,0.436987,0.432282,0.428456,0.425645,0.423869,0.423029,0.422933,0.423325,0.42393,0.424494,0.424828,0.424828
0.425687,0.425687,0.425322,0.424696,0.423998,0.423484,0.423434,0.424112,0.425723,0.428376,0.432065,0.436666,0.441957,0.447647,0.453426,0.459,0.464129,0.468648,0.472471,0.475584,0.478032,0.479896,0.481274,0.482268,0.482971,0.48346,0.483797,0.484027,0.484182,0.484284,0.484345,0.484374,0.484374,0.484345,0.484284,0.484182,0.484027,0.483797,0.48346,0.482971,0.482268,0.481274,0.479896,0.478032,0.475584,0.472471,0.468648,0.464129,0.459,0.453426,0.447647,0.441957,0.436666,0.432065,0.428376,0.425723,0.424112,0.423434,0.423484,0.423998,0.424696,0.425322,0.425687,0.425687
0.42637,0.42637,0.425982,0.425308,0.424539,0.423931,0.423766,0.424316,0.425794,0.428319,0.431896,0.436411,0.441645,0.447311,0.453097,0.458702,0.463881,0.46846,0.472345,0.475519,0.478021,0.47993,0.481345,0.482367,0.483091,0.483596,0.483944,0.484182,0.484343,0.484448,0.484512,0.484542,0.484542,0.484512,0.484448,0.484343,0.484182,0.483944,0.483596,0.483091,0.482367,0.481345,0.47993,0.478021,0.475519,0.472345,0.46846,0.463881,0.458702,0.453097,0.447311,0.441645,0.436411,0.431896,0.428319,0.425794,0.424316,0.423766,0.423931,0.424539,0.425308,0.425982,0.42637,0.42637
0.42688,0.42688,0.426475,0.425767,0.424946,0.424269,0.42402,0.424474,0.425852,0.428281,0.431773,0.43622,0.44141,0.447056,0.452844,0.458471,0.463686,0.468309,0.472241,0.475459,0.478001,0.479944,0.481386,0.482429,0.483169,0.483685,0.484041,0.484284,0.484448,0.484556,0.484621,0.484651,0.484651,0.484621,0.484556,0.484448,0.484284,0.484041,0.483685,0.483169,0.482429,0.481386,0.479944,0.478001,0.475459,0.472241,0.468309,0.463686,0.458471,0.452844,0.447056,0.44141,0.43622,0.431773,0.428281,0.425852,0.424474,0.42402,0.424269,0.424946,0.425767,0.426475,0.42688,0.42688
0.427219,0.427219,0.426803,0.426073,0.425218,0.424495,0.424191,0.424583,0.425894,0.428258,0.431693,0.436094,0.441253,0.446885,0.452673,0.458315,0.463552,0.468204,0.472166,0.475414,0.477983,0.479948,0.481408,0.482465,0.483214,0.483738,0.484099,0.484345,0.484512,0.484621,0.484687,0.484718,0.484718,0.484687,0.484621,0.484512,0.484345,0.484099,0.483738,0.483214,0.482465,0.481408,0.479948,0.477983,0.475414,0.472166,0.468204,0.463552,0.458315,0.452673,0.446885,0.441253,0.436094,0.431693,0.428258,0.425894,0.424583,0.424191,0.424495,0.425218,0.426073,0.426803,0.427219,0.427219
0.427388,0.427388,0.426967,0.426226,0.425355,0.424609,0.424277,0.424637,0.425916,0.428247,0.431653,0.436031,0.441174,0.446799,0.452587,0.458235,0.463485,0.46815,0.472128,0.475391,0.477972,0.479948,0.481417,0.482481,0.483236,0.483762,0.484126,0.484374,0.484542,0.484651,0.484718,0.484749,0.484749,0.484718,0.484651,0.484542,0.484374,0.484126,0.483762,0.483236,0.482481,0.481417,0.479948,0.477972,0.475391,0.472128,0.46815,0.463485,0.458235,0.452587,0.446799,0.441174,0.436031,0.431653,0.428247,0.425916,0.424637,0.424277,0.424609,0.425355,0.426226,0.426967,0.427388,0.427388
0.427388,0.427388,0.426967,0.426226,0.425355,0.424609,0.424277,0.424637,0.425916,0.428247,0.431653,0.436031,0.441174,0.446799,0.452587,0.458235,0.463485,0.46815,0.472128,0.475391,0.477972,0.479948,0.481417,0.482481,0.483236,0.483762,0.484126,0.484374,0.484542,0.484651,0.484718,0.484749,0.484749,0.484718,0.484651,0.484542,0.484374,0.484126,0.483762,0.483236,0.482481,0.481417,0.479948,0.477972,0.475391,0.472128,0.46815,0.463485,0.458235,0.452587,0.446799,0.441174,0.436031,0.431653,0.428247,0.425916,0.424637,0.424277,0.424609,0.425355,0.426226,0.426967,0.427388,0.427388
0.427219,0.427219,0.426803,0.426073,0.425218,0.424495,0.424191,0.424583,0.425894,0.428258,0.431693,0.436094,0.441253,0.446885,0.452673,0.458315,0.463552,0.468204,0.472166,0.475414,0.477983,0.479948,0.481408,0.482465,0.483214,0.483738,0.484099,0.484345,0.484512,0.484621,0.484687,0.484718,0.484718,0.484687,0.484621,0.484512,0.484345,0.484099,0.483738,0.483214,0.482465,0.481408,0.479948,0.477983,0.475414,0.472166,0.468204,0.463552,0.458315,0.452673,0.446885,0.441253,0.436094,0.431693,0.428258,0.425894,0.424583,0.424191,0.424495,0.425218,0.426073,0.426803,0.427219,0.427219
0.42688,0.42688,0.426475,0.425767,0.424946,0.424269,0.42402,0.424474,0.425852,0.428281,0.431773,0.43622,0.44141,0.447056,0.452844,0.458471,0.463686,0.468309,0.472241,0.475459,0.478001,0.479944,0.481386,0.482429,0.483169,0.483685,0.484041,0.484284,0.484448,0.484556,0.484621,0.484651,0.484651,0.484621,0.484556,0.484448,0.484284,0.484041,0.483685,0.483169,0.482429,0.481386,0.479944,0.478001,0.475459,0.472241,0.468309,0.463686,0.458471,0.452844,0.447056,0.44141,0.43622,0.431773,0.428281,0.425852,0.424474,0.42402,0.424269,0.424946,0.425767,0.426475,0.42688,0.42688
0.42637,0.42637,0.425982,0.425308,0.424539,0.423931,0.423766,0.424316,0.425794,0.428319,0.431896,0.436411,0.441645,0.447311,0.453097,0.458702,0.463881,0.46846,0.472345,0.475519,0.478021,0.47993,0.481345,0.482367,0.483091,0.483596,0.483944,0.484182,0.484343,0.484448,0.484512,0.484542,0.484542,0.484512,0.484448,0.484343,0.484182,0.483944,0.483596,0.483091,0.482367,0.481345,0.47993,0.478021,0.475519,0.472345,0.46846,0.463881,0.458702,0.453097,0.447311,0.441645,0.436411,0.431896,0.428319,0.425794,0.424316,0.423766,0.423931,0.424539,0.425308,0.425982,0.42637,0.42637
0.425687,0.425687,0.425322,0.424696,0.423998,0.423484,0.423434,0.424112,0.425723,0.428376,0.432065,0.436666,0.441957,0.447647,0.453426,0.459,0.464129,0.468648,0.472471,0.475584,0.478032,0.479896,0.481274,0.482268,0.482971,0.48346,0.483797,0.484027,0.484182,0.484284,0.484345,0.484374,0.484374,0.484345,0.484284,0.484182,0.484027,0.483797,0.48346,0.482971,0.482268,0.481274,0.479896,0.478032,0.475584,0.472471,0.468648,0.464129,0.459,0.453426,0.447647,0.441957,0.436666,0.432065,0.428376,0.425723,0.424112,0.423434,0.423484,0.423998,0.424696,0.425322,0.425687,0.425687
0.424828,0.424828,0.424494,0.42393,0.423325,0.422933,0.423029,0.423869,0.425645,0.428456,0.432282,0.436987,0.442343,0.448059,0.453825,0.459355,0.464419,0.468861,0.472603,0.47564,0.478019,0.479825,0.481156,0.482113,0.482788,0.483256,0.483578,0.483797,0.483944,0.484041,0.484099,0.484126,0.484126,0.484099,0.484041,0.483944,0.483797,0.483578,0.483256,0.482788,0.482113,0.481156,0.479825,0.478019,0.47564,0.472603,0.468861,0.464419,0.459355,0.453825,0.448059,0.442343,0.436987,0.432282,0.428456,0.425645,0.423869,0.423029,0.422933,0.423325,0.42393,0.424494,0.424828,0.424828
0.423791,0.423791,0.423497,0.42301,0.422522,0.422281,0.422556,0.423592,0.425568,0.428565,0.432548,0.437372,0.442799,0.448536,0.45428,0.459752,0.464733,0.469078,0.472721,0.475663,0.477958,0.479691,0.480964,0.481875,0.482514,0.482955,0.483256,0.48346,0.483596,0.483685,0.483738,0.483762,0.483762,0.483738,0.483685,0.483596,0.48346,0.483256,0.482955,0.482514,0.481875,0.480964,0.479691,0.477958,0.475663,0.472721,0.469078,0.464733,0.459752,0.45428,0.448536,0.442799,0.437372,0.432548,0.428565,0.425568,0.423592,0.422556,0.422281,0.422522,0.42301,0.423497,0.423791,0.423791
0.422574,0.422574,0.422329,0.421939,0.421593,0.421534,0.422022,0.423288,0.425495,0.428704,0.432864,0.437816,0.443314,0.449065,0.454772,0.460167,0.465044,0.469271,0.472793,0.475621,0.477814,0.47946,0.480661,0.481515,0.482108,0.482514,0.482788,0.482971,0.483091,0.483169,0.483214,0.483236,0.483236,0.483214,0.483169,0.483091,0.482971,0.482788,0.482514,0.482108,0.481515,0.480661,0.47946,0.477814,0.475621,0.472793,0.469271,0.465044,0.460167,0.454772,0.449065,0.443314,0.437816,0.432864,0.428704,0.425495,0.423288,0.422022,0.421534,0.421593,0.421939,0.422329,0.422574,0.422574
0.421177,0.421177,0.42099,0.420717,0.420541,0.420697,0.421434,0.422964,0.42543,0.428874,0.433224,0.438307,0.443871,0.449624,0.455275,0.460569,0.465316,0.4694,0.472777,0.475469,0.47754,0.479082,0.480196,0.480978,0.481515,0.481875,0.482113,0.482268,0.482367,0.482429,0.482465,0.482481,0.482481,0.482465,0.482429,0.482367,0.482268,0.482113,0.481875,0.481515,0.480978,0.480196,0.479082,0.47754,0.475469,0.472777,0.4694,0.465316,0.460569,0.455275,0.449624,0.443871,0.438307,0.433224,0.428874,0.42543,0.422964,0.421434,0.420697,0.420541,0.420717,0.42099,0.421177,0.421177
0.419599,0.419599,0.419483,0.419348,0.419371,0.419777,0.420796,0.422623,0.425376,0.429071,0.433618,0.438829,0.444445,0.450179,0.455748,0.460913,0.465501,0.469412,0.472617,0.475147,0.477074,0.478491,0.4795,0.480196,0.480661,0.480964,0.481156,0.481274,0.481345,0.481386,0.481408,0.481417,0.481417,0.481408,0.481386,0.481345,0.481274,0.481156,0.480964,0.480661,0.480196,0.4795,0.478491,0.477074,0.475147,0.472617,0.469412,0.465501,0.460913,0.455748,0.450179,0.444445,0.438829,0.433618,0.429071,0.425376,0.422623,0.420796,0.419777,0.419371,0.419348,0.419483,0.419599,0.419599
0.417842,0.417842,0.417809,0.417835,0.418088,0.418778,0.420114,0.422266,0.425325,0.429282,0.434025,0.439351,0.444999,0.450685,0.456139,0.461141,0.465535,0.46924,0.472242,0.474582,0.476338,0.477608,0.478491,0.479082,0.47946,0.479691,0.479825,0.479896,0.47993,0.479944,0.479948,0.479948,0.479948,0.479948,0.479944,0.47993,0.479896,0.479825,0.479691,0.47946,0.479082,0.478491,0.477608,0.476338,0.474582,0.472242,0.46924,0.465535,0.461141,0.456139,0.450685,0.444999,0.439351,0.434025,0.429282,0.425325,0.422266,0.420114,0.418778,0.418088,0.417835,0.417809,0.417842,0.417842
0.415911,0.415911,0.415973,0.416183,0.416696,0.417702,0.419386,0.421887,0.425266,0.429486,0.434413,0.439833,0.445482,0.451082,0.456381,0.461178,0.465338,0.468799,0.471563,0.473683,0.475241,0.476338,0.477074,0.47754,0.477814,0.477958,0.478019,0.478032,0.478021,0.478001,0.477983,0.477972,0.477972,0.477983,0.478001,0.478021,0.478032,0.478019,0.477958,0.477814,0.47754,0.477074,0.476338,0.475241,0.473683,0.471563,0.468799,0.465338,0.461178,0.456381,0.451082,0.445482,0.439833,0.434413,0.429486,0.425266,0.421887,0.419386,0.417702,0.416696,0.416183,0.415973,0.415911,0.415911
0.413811,0.413811,0.413981,0.414397,0.415199,0.41655,0.418606,0.421472,0.425175,0.429648,0.434738,0.440218,0.445825,0.451294,0.456391,0.460935,0.464817,0.467994,0.470484,0.47235,0.473683,0.474582,0.475147,0.475469,0.475621,0.475663,0.47564,0.475584,0.475519,0.475459,0.475414,0.475391,0.475391,0.475414,0.475459,0.475519,0.475584,0.47564,0.475663,0.475621,0.475469,0.475147,0.474582,0.473683,0.47235,0.470484,0.467994,0.464817,0.460935,0.456391,0.451294,0.445825,0.440218,0.434738,0.429648,0.425175,0.421472,0.418606,0.41655,0.415199,0.414397,0.413981,0.413811,0.413811
0.411554,0.411554,0.411841,0.412484,0.413596,0.415316,0.41776,0.420996,0.425015,0.42972,0.434937,0.440432,0.445947,0.451231,0.45607,0.460312,0.463869,0.466721,0.468902,0.470484,0.471563,0.472242,0.472617,0.472777,0.472793,0.472721,0.472603,0.472471,0.472345,0.472241,0.472166,0.472128,0.472128,0.472166,0.472241,0.472345,0.472471,0.472603,0.472721,0.472793,0.472777,0.472617,0.472242,0.471563,0.470484,0.468902,0.466721,0.463869,0.460312,0.45607,0.451231,0.445947,0.440432,0.434937,0.42972,0.425015,0.420996,0.41776,0.415316,0.413596,0.412484,0.411841,0.411554,0.411554
0.40915,0.40915,0.409564,0.410447,0.411888,0.413988,0.416824,0.420423,0.424736,0.429637,0.434934,0.440389,0.445752,0.45079,0.455317,0.459204,0.462393,0.464882,0.466721,0.467994,0.468799,0.46924,0.469412,0.4694,0.469271,0.469078,0.468861,0.468648,0.46846,0.468309,0.468204,0.46815,0.46815,0.468204,0.468309,0.46846,0.468648,0.468861,0.469078,0.469271,0.4694,0.469412,0.46924,0.468799,0.467994,0.466721,0.464882,0.462393,0.459204,0.455317,0.45079,0.445752,0.440389,0.434934,0.429637,0.424736,0.420423,0.416824,0.413988,0.411888,0.410447,0.409564,0.40915,0.40915
0.406614,0.406614,0.407161,0.408291,0.410066,0.412547,0.415766,0.419704,0.424274,0.429321,0.434639,0.43999,0.445136,0.449869,0.454027,0.457514,0.460296,0.462393,0.463869,0.464817,0.465338,0.465535,0.465501,0.465316,0.465044,0.464733,0.464419,0.464129,0.463881,0.463686,0.463552,0.463485,0.463485,0.463552,0.463686,0.463881,0.464129,0.464419,0.464733,0.465044,0.465316,0.465501,0.465535,0.465338,0.464817,0.463869,0.462393,0.460296,0.457514,0.454027,0.449869,0.445136,0.43999,0.434639,0.429321,0.424274,0.419704,0.415766,0.412547,0.410066,0.408291,0.407161,0.406614,0.406614
0.403964,0.403964,0.404642,0.406018,0.40812,0.410967,0.414541,0.418778,0.423553,0.428684,0.433956,0.439134,0.444,0.448369,0.452114,0.455165,0.457514,0.459204,0.460312,0.460935,0.461178,0.461141,0.460913,0.460569,0.460167,0.459752,0.459355,0.459,0.458702,0.458471,0.458315,0.458235,0.458235,0.458315,0.458471,0.458702,0.459,0.459355,0.459752,0.460167,0.460569,0.460913,0.461141,0.461178,0.460935,0.460312,0.459204,0.457514,0.455165,0.452114,0.448369,0.444,0.439134,0.433956,0.428684,0.423553,0.418778,0.414541,0.410967,0.40812,0.406018,0.404642,0.403964,0.403964
0.401217,0.401217,0.402021,0.403629,0.406036,0.409214,0.413099,0.417578,0.42249,0.427635,0.432789,0.437729,0.442256,0.446217,0.449516,0.452114,0.454027,0.455317,0.45607,0.456391,0.456381,0.456139,0.455748,0.455275,0.454772,0.45428,0.453825,0.453426,0.453097,0.452844,0.452673,0.452587,0.452587,0.452673,0.452844,0.453097,0.453426,0.453825,0.45428,0.454772,0.455275,0.455748,0.456139,0.456381,0.456391,0.45607,0.455317,0.454027,0.452114,0.449516,0.446217,0.442256,0.437729,0.432789,0.427635,0.42249,0.417578,0.413099,0.409214,0.406036,0.403629,0.402021,0.401217,0.401217
0.398395,0.398395,0.399311,0.401126,0.403798,0.407255,0.411385,0.416033,0.421007,0.426089,0.431056,0.435699,0.439845,0.443373,0.446217,0.448369,0.449869,0.45079,0.451231,0.451294,0.451082,0.450685,0.450179,0.449624,0.449065,0.448536,0.448059,0.447647,0.447311,0.447056,0.446885,0.446799,0.446799,0.446885,0.447056,0.447311,0.447647,0.448059,0.448536,0.449065,0.449624,0.450179,0.450685,0.451082,0.451294,0.451231,0.45079,0.449869,0.448369,0.446217,0.443373,0.439845,0.435699,0.431056,0.426089,0.421007,0.416033,0.411385,0.407255,0.403798,0.401126,0.399311,0.398395,0.398395
0.395518,0.395518,0.396527,0.398509,0.40139,0.405056,0.40935,0.414083,0.419035,0.423981,0.428701,0.433006,0.436751,0.439845,0.442256,0.444,0.445136,0.445752,0.445947,0.445825,0.445482,0.444999,0.444445,0.443871,0.443314,0.442799,0.442343,0.441957,0.441645,0.44141,0.441253,0.441174,0.441174,0.441253,0.44141,0.441645,0.441957,0.442343,0.442799,0.443314,0.443871,0.444445,0.444999,0.445482,0.445825,0.445947,0.445752,0.445136,0.444,0.442256,0.439845,0.436751,0.433006,0.428701,0.423981,0.419035,0.414083,0.40935,0.405056,0.40139,0.398509,0.396527,0.395518,0.395518
0.392613,0.392613,0.393688,0.395786,0.398805,0.402593,0.40696,0.411686,0.416535,0.421278,0.425707,0.429655,0.433006,0.435699,0.437729,0.439134,0.43999,0.440389,0.440432,0.440218,0.439833,0.439351,0.438829,0.438307,0.437816,0.437372,0.436987,0.436666,0.436411,0.43622,0.436094,0.436031,0.436031,0.436094,0.43622,0.436411,0.436666,0.436987,0.437372,0.437816,0.438307,0.438829,0.439351,0.439833,0.440218,0.440432,0.440389,0.43999,0.439134,0.437729,0.435699,0.433006,0.429655,0.425707,0.421278,0.416535,0.411686,0.40696,0.402593,0.398805,0.395786,0.393688,0.392613,0.392613
0.389708,0.389708,0.390817,0.392972,0.396046,0.399861,0.404203,0.40883,0.413502,0.417991,0.422108,0.425707,0.428701,0.431056,0.432789,0.433956,0.434639,0.434934,0.434937,0.434738,0.434413,0.434025,0.433618,0.433224,0.432864,0.432548,0.432282,0.432065,0.431896,0.431773,0.431693,0.431653,0.431653,0.431693,0.431773,0.431896,0.432065,0.432282,0.432548,0.432864,0.433224,0.433618,0.434025,0.434413,0.434738,0.434937,0.434934,0.434639,0.433956,0.432789,0.431056,0.428701,0.425707,0.422108,0.417991,0.413502,0.40883,0.404203,0.399861,0.396046,0.392972,0.390817,0.389708,0.389708
0.386839,0.386839,0.387948,0.390094,0.393137,0.396882,0.401101,0.405547,0.40998,0.414186,0.417991,0.421278,0.423981,0.426089,0.427635,0.428684,0.429321,0.429637,0.42972,0.429648,0.429486,0.429282,0.429071,0.428874,0.428704,0.428565,0.428456,0.428376,0.428319,0.428281,0.428258,0.428247,0.428247,0.428258,0.428281,0.428319,0.428376,0.428456,0.428565,0.428704,0.428874,0.429071,0.429282,0.429486,0.429648,0.42972,0.429637,0.429321,0.428684,0.427635,0.426089,0.423981,0.421278,0.417991,0.414186,0.40998,0.405547,0.401101,0.396882,0.393137,0.390094,0.387948,0.386839,0.386839
0.384048,0.384048,0.385123,0.387197,0.390125,0.39371,0.39772,0.401916,0.406068,0.40998,0.413502,0.416535,0.419035,0.421007,0.42249,0.423553,0.424274,0.424736,0.425015,0.425175,0.425266,0.425325,0.425376,0.42543,0.425495,0.425568,0.425645,0.425723,0.425794,0.425852,0.425894,0.425916,0.425916,0.425894,0.425852,0.425794,0.425723,0.425645,0.425568,0.425495,0.42543,0.425376,0.425325,0.425266,0.425175,0.425015,0.424736,0.424274,0.423553,0.42249,0.421007,0.419035,0.416535,0.413502,0.40998,0.406068,0.401916,0.39772,0.39371,0.390125,0.387197,0.385123,0.384048,0.384048
0.381389,0.381389,0.382399,0.384344,0.387086,0.390433,0.394167,0.398064,0.401916,0.405547,0.40883,0.411686,0.414083,0.416033,0.417578,0.418778,0.419704,0.420423,0.420996,0.421472,0.421887,0.422266,0.422623,0.422964,0.423288,0.423592,0.423869,0.424112,0.424316,0.424474,0.424583,0.424637,0.424637,0.424583,0.424474,0.424316,0.424112,0.423869,0.423592,0.423288,0.422964,0.422623,0.422266,0.421887,0.421472,0.420996,0.420423,0.419704,0.418778,0.417578,0.416033,0.414083,0.411686,0.40883,0.405547,0.401916,0.398064,0.394167,0.390433,0.387086,0.384344,0.382399,0.381389,0.381389
0.37892,0.37892,0.379842,0.381618,0.38412,0.387177,0.390592,0.394167,0.39772,0.401101,0.404203,0.40696,0.40935,0.411385,0.413099,0.414541,0.415766,0.416824,0.41776,0.418606,0.419386,0.420114,0.420796,0.421434,0.422022,0.422556,0.423029,0.423434,0.423766,0.42402,0.424191,0.424277,0.424277,0.424191,0.42402,0.423766,0.423434,0.423029,0.422556,0.422022,0.421434,0.420796,0.420114,0.419386,0.418606,0.41776,0.416824,0.415766,0.414541,0.413099,0.411385,0.40935,0.40696,0.404203,0.401101,0.39772,0.394167,0.390592,0.387177,0.38412,0.381618,0.379842,0.37892,0.37892
0.37671,0.37671,0.377531,0.379114,0.381351,0.384094,0.387177,0.390433,0.39371,0.396882,0.399861,0.402593,0.405056,0.407255,0.409214,0.410967,0.412547,0.413988,0.415316,0.41655,0.417702,0.418778,0.419777,0.420697,0.421534,0.422281,0.422933,0.423484,0.423931,0.424269,0.424495,0.424609,0.424609,0.424495,0.424269,0.423931,0.423484,0.422933,0.422281,0.421534,0.420697,0.419777,0.418778,0.417702,0.41655,0.415316,0.413988,0.412547,0.410967,0.409214,0.407255,0.405056,0.402593,0.399861,0.396882,0.39371,0.390433,0.387177,0.384094,0.381351,0.379114,0.377531,0.37671,0.37671
0.37483,0.37483,0.375549,0.376939,0.378912,0.381351,0.38412,0.387086,0.390125,0.393137,0.396046,0.398805,0.40139,0.403798,0.406036,0.40812,0.410066,0.411888,0.413596,0.415199,0.416696,0.418088,0.419371,0.420541,0.421593,0.422522,0.423325,0.423998,0.424539,0.424946,0.425218,0.425355,0.425355,0.425218,0.424946,0.424539,0.423998,0.423325,0.422522,0.421593,0.420541,0.419371,0.418088,0.416696,0.415199,0.413596,0.411888,0.410066,0.40812,0.406036,0.403798,0.40139,0.398805,0.396046,0.393137,0.390125,0.387086,0.38412,0.381351,0.378912,0.376939,0.375549,0.37483,0.37483
0.373348,0.373348,0.373976,0.375196,0.376939,0.379114,0.381618,0.384344,0.387197,0.390094,0.392972,0.395786,0.398509,0.401126,0.403629,0.406018,0.408291,0.410447,0.412484,0.414397,0.416183,0.417835,0.419348,0.420717,0.421939,0.42301,0.42393,0.424696,0.425308,0.425767,0.426073,0.426226,0.426226,0.426073,0.425767,0.425308,0.424696,0.42393,0.42301,0.421939,0.420717,0.419348,0.417835,0.416183,0.414397,0.412484,0.410447,0.408291,0.406018,0.403629,0.401126,0.398509,0.395786,0.392972,0.390094,0.387197,0.384344,0.381618,0.379114,0.376939,0.375196,0.373976,0.373348,0.373348
0.372323,0.372323,0.372883,0.373976,0.375549,0.377531,0.379842,0.382399,0.385123,0.387948,0.390817,0.393688,0.396527,0.399311,0.402021,0.404642,0.407161,0.409564,0.411841,0.413981,0.415973,0.417809,0.419483,0.42099,0.422329,0.423497,0.424494,0.425322,0.425982,0.426475,0.426803,0.426967,0.426967,0.426803,0.426475,0.425982,0.425322,0.424494,0.423497,0.422329,0.42099,0.419483,0.417809,0.415973,0.413981,0.411841,0.409564,0.407161,0.404642,0.402021,0.399311,0.396527,0.393688,0.390817,0.387948,0.385123,0.382399,0.379842,0.377531,0.375549,0.373976,0.372883,0.372323,0.372323
0.371798,0.371798,0.372323,0.373348,0.37483,0.37671,0.37892,0.381389,0.384048,0.386839,0.389708,0.392613,0.395518,0.398395,0.401217,0.403964,0.406614,0.40915,0.411554,0.413811,0.415911,0.417842,0.419599,0.421177,0.422574,0.423791,0.424828,0.425687,0.42637,0.42688,0.427219,0.427388,0.427388,0.427219,0.42688,0.42637,0.425687,0.424828,0.423791,0.422574,0.421177,0.419599,0.417842,0.415911,0.413811,0.411554,0.40915,0.406614,0.403964,0.401217,0.398395,0.395518,0.392613,0.389708,0.386839,0.384048,0.381389,0.37892,0.37671,0.37483,0.373348,0.372323,0.371798,0.371798
0.371798,0.371798,0.372323,0.373348,0.37483,0.37671,0.37892,0.381389,0.384048,0.386839,0.389708,0.392613,0.395518,0.398395,0.401217,0.403964,0.406614,0.40915,0.411554,0.413811,0.415911,0.417842,0.419599,0.421177,0.422574,0.423791,0.424828,0.425687,0.42637,0.42688,0.427219,0.427388,0.427388,0.427219,0.42688,0.42637,0.425687,0.424828,0.423791,0.422574,0.421177,0.419599,0.417842,0.415911,0.413811,0.411554,0.40915,0.406614,0.403964,0.401217,0.398395,0.395518,0.392613,0.389708,0.386839,0.384048,0.381389,0.37892,0.37671,0.37483,0.373348,0.372323,0.371798,0.371798
