0.5,0.5,0.5,0.499999,0.499999,0.499998,0.499996,0.499994,0.499989,0.499981,0.499969,0.499951,0.499923,0.499883,0.499827,0.49975,0.499648,0.499515,0.499348,0.499144,0.498902,0.498623,0.498311,0.497973,0.497618,0.497259,0.496911,0.496589,0.496308,0.496084,0.495927,0.495846,0.495846,0.495927,0.496084,0.496308,0.496589,0.496911,0.497259,0.497618,0.497973,0.498311,0.498623,0.498902,0.499144,0.499348,0.499515,0.499648,0.49975,0.499827,0.499883,0.499923,0.499951,0.499969,0.499981,0.499989,0.499994,0.499996,0.499998,0.499999,0.499999,0.5,0.5,0.5
0.5,0.5,0.5,0.499999,0.499999,0.499998,0.499996,0.499994,0.499989,0.499981,0.499969,0.499951,0.499923,0.499883,0.499827,0.49975,0.499648,0.499515,0.499348,0.499144,0.498902,0.498623,0.498311,0.497973,0.497618,0.497259,0.496911,0.496589,0.496308,0.496084,0.495927,0.495846,0.495846,0.495927,0.496084,0.496308,0.496589,0.496911,0.497259,0.497618,0.497973,0.498311,0.498623,0.498902,0.499144,0.499348,0.499515,0.499648,0.49975,0.499827,0.499883,0.499923,0.499951,0.499969,0.499981,0.499989,0.499994,0.499996,0.499998,0.499999,0.499999,0.5,0.5,0.5
0.5,0.5,0.5,0.499999,0.499998,0.499997,0.499995,0.499991,0.499984,0.499973,0.499956,0.499929,0.49989,0.499835,0.499756,0.49965,0.49951,0.499329,0.499104,0.49883,0.498507,0.498137,0.497726,0.497282,0.496819,0.496353,0.495903,0.495488,0.495127,0.494839,0.494638,0.494534,0.494534,0.494638,0.494839,0.495127,0.495488,0.495903,0.496353,0.496819,0.497282,0.497726,0.498137,0.498507,0.49883,0.499104,0.499329,0.49951,0.49965,0.499756,0.499835,0.49989,0.499929,0.499956,0.499973,0.499984,0.499991,0.499995,0.499997,0.499998,0.499999,0.5,0.5,0.5
0.499999,0.499999,0.499999,0.499999,0.499997,0.499995,0.499991,0.499984,0.499972,0.499953,0.499924,0.49988,0.499815,0.499723,0.499595,0.499424,0.499199,0.498912,0.498558,0.498131,0.497632,0.497064,0.496438,0.495767,0.495072,0.494376,0.493708,0.493094,0.492563,0.49214,0.491845,0.491694,0.491694,0.491845,0.49214,0.492563,0.493094,0.493708,0.494376,0.495072,0.495767,0.496438,0.497064,0.497632,0.498131,0.498558,0.498912,0.499199,0.499424,0.499595,0.499723,0.499815,0.49988,0.499924,0.499953,0.499972,0.499984,0.499991,0.499995,0.499997,0.499999,0.499999,0.499999,0.499999
0.499999,0.499999,0.499998,0.499997,0.499995,0.49999,0.499983,0.49997,0.499949,0.499916,0.499865,0.499788,0.499676,0.499519,0.499303,0.499015,0.498642,0.49817,0.497592,0.496902,0.496101,0.495198,0.494209,0.493158,0.492076,0.491,0.489971,0.489031,0.488222,0.487578,0.487131,0.486902,0.486902,0.487131,0.487578,0.488222,0.489031,0.489971,0.491,0.492076,0.493158,0.494209,0.495198,0.496101,0.496902,0.497592,0.49817,0.498642,0.499015,0.499303,0.499519,0.499676,0.499788,0.499865,0.499916,0.499949,0.49997,0.499983,0.49999,0.499995,0.499997,0.499998,0.499999,0.499999
0.499998,0.499998,0.499997,0.499995,0.49999,0.499982,0.499969,0.499946,0.499909,0.499851,0.499762,0.49963,0.499441,0.499175,0.498814,0.498337,0.497723,0.496956,0.496023,0.494919,0.493649,0.492228,0.490684,0.489055,0.48739,0.485744,0.484179,0.482756,0.481535,0.480568,0.479898,0.479555,0.479555,0.479898,0.480568,0.481535,0.482756,0.484179,0.485744,0.48739,0.489055,0.490684,0.492228,0.493649,0.494919,0.496023,0.496956,0.497723,0.498337,0.498814,0.499175,0.499441,0.49963,0.499762,0.499851,0.499909,0.499946,0.499969,0.499982,0.49999,0.499995,0.499997,0.499998,0.499998
0.499996,0.499996,0.499995,0.499991,0.499983,0.499969,0.499945,0.499905,0.499842,0.499742,0.499592,0.499372,0.499056,0.49862,0.498031,0.49726,0.496277,0.49506,0.493594,0.491874,0.489913,0.487738,0.485393,0.482937,0.480445,0.477998,0.475684,0.473591,0.471803,0.470392,0.469417,0.468918,0.468918,0.469417,0.470392,0.471803,0.473591,0.475684,0.477998,0.480445,0.482937,0.485393,0.487738,0.489913,0.491874,0.493594,0.49506,0.496277,0.49726,0.498031,0.49862,0.499056,0.499372,0.499592,0.499742,0.499842,0.499905,0.499945,0.499969,0.499983,0.499991,0.499995,0.499996,0.499996
0.499994,0.499994,0.499991,0.499984,0.49997,0.499946,0.499905,0.499838,0.499732,0.499567,0.49932,0.498961,0.498453,0.497754,0.496822,0.495613,0.494087,0.492214,0.489979,0.487383,0.484449,0.481224,0.477776,0.474195,0.470588,0.467071,0.463766,0.460794,0.458266,0.456278,0.454908,0.454209,0.454209,0.454908,0.456278,0.458266,0.460794,0.463766,0.467071,0.470588,0.474195,0.477776,0.481224,0.484449,0.487383,0.489979,0.492214,0.494087,0.495613,0.496822,0.497754,0.498453,0.498961,0.49932,0.499567,0.499732,0.499838,0.499905,0.499946,0.49997,0.499984,0.499991,0.499994,0.499994
0.499989,0.499989,0.499984,0.499972,0.499949,0.499909,0.499842,0.499732,0.499559,0.499293,0.498899,0.49833,0.497534,0.49645,0.495018,0.493178,0.49088,0.488088,0.484788,0.480994,0.476748,0.472124,0.467226,0.462184,0.457145,0.45227,0.44772,0.443653,0.44021,0.437514,0.435661,0.434718,0.434718,0.435661,0.437514,0.44021,0.443653,0.44772,0.45227,0.457145,0.462184,0.467226,0.472124,0.476748,0.480994,0.484788,0.488088,0.49088,0.493178,0.495018,0.49645,0.497534,0.49833,0.498899,0.499293,0.499559,0.499732,0.499842,0.499909,0.499949,0.499972,0.499984,0.499989,0.499989
0.499981,0.499981,0.499973,0.499953,0.499916,0.499851,0.499742,0.499567,0.499293,0.498878,0.498266,0.497391,0.496179,0.494546,0.492411,0.489696,0.48634,0.482307,0.47759,0.472223,0.46628,0.459873,0.453153,0.4463,0.439514,0.433001,0.426969,0.421611,0.417101,0.413586,0.411178,0.409954,0.409954,0.411178,0.413586,0.417101,0.421611,0.426969,0.433001,0.439514,0.4463,0.453153,0.459873,0.46628,0.472223,0.47759,0.482307,0.48634,0.489696,0.492411,0.494546,0.496179,0.497391,0.498266,0.498878,0.499293,0.499567,0.499742,0.499851,0.499916,0.499953,0.499973,0.499981,0.499981
0.499969,0.499969,0.499956,0.499924,0.499865,0.499762,0.499592,0.49932,0.498899,0.498266,0.497342,0.496036,0.494244,0.491855,0.488764,0.484876,0.480125,0.474477,0.467947,0.4606,0.452553,0.443974,0.435073,0.426088,0.417277,0.408898,0.401201,0.394415,0.388739,0.384336,0.381331,0.379807,0.379807,0.381331,0.384336,0.388739,0.394415,0.401201,0.408898,0.417277,0.426088,0.435073,0.443974,0.452553,0.4606,0.467947,0.474477,0.480125,0.484876,0.488764,0.491855,0.494244,0.496036,0.497342,0.498266,0.498899,0.49932,0.499592,0.499762,0.499865,0.499924,0.499956,0.499969,0.499969
0.499951,0.499951,0.499929,0.49988,0.499788,0.49963,0.499372,0.498961,0.49833,0.497391,0.496036,0.494139,0.491563,0.488167,0.483821,0.478418,0.471891,0.464224,0.455464,0.445727,0.43519,0.424089,0.412705,0.401344,0.390321,0.379945,0.370502,0.362245,0.355386,0.350096,0.3465,0.344682,0.344682,0.3465,0.350096,0.355386,0.362245,0.370502,0.379945,0.390321,0.401344,0.412705,0.424089,0.43519,0.445727,0.455464,0.464224,0.471891,0.478418,0.483821,0.488167,0.491563,0.494139,0.496036,0.497391,0.49833,0.498961,0.499372,0.49963,0.499788,0.49988,0.499929,0.499951,0.499951
0.499923,0.499923,0.49989,0.499815,0.499676,0.499441,0.499056,0.498453,0.497534,0.496179,0.494244,0.491563,0.487962,0.483269,0.477331,0.470038,0.461334,0.451238,0.43985,0.427352,0.414003,0.400122,0.386067,0.372214,0.358935,0.346577,0.335447,0.325805,0.317861,0.311773,0.307655,0.305579,0.305579,0.307655,0.311773,0.317861,0.325805,0.335447,0.346577,0.358935,0.372214,0.386067,0.400122,0.414003,0.427352,0.43985,0.451238,0.461334,0.470038,0.477331,0.483269,0.487962,0.491563,0.494244,0.496179,0.497534,0.498453,0.499056,0.499441,0.499676,0.499815,0.49989,0.499923,0.499923
0.499883,0.499883,0.499835,0.499723,0.499519,0.499175,0.49862,0.497754,0.49645,0.494546,0.491855,0.488167,0.483269,0.476958,0.469071,0.459503,0.44823,0.435328,0.420971,0.405433,0.389068,0.372291,0.355541,0.339262,0.323867,0.309722,0.297135,0.286349,0.277544,0.270848,0.266344,0.264081,0.264081,0.266344,0.270848,0.277544,0.286349,0.297135,0.309722,0.323867,0.339262,0.355541,0.372291,0.389068,0.405433,0.420971,0.435328,0.44823,0.459503,0.469071,0.476958,0.483269,0.488167,0.491855,0.494546,0.49645,0.497754,0.49862,0.499175,0.499519,0.499723,0.499835,0.499883,0.499883
0.499827,0.499827,0.499756,0.499595,0.499303,0.498814,0.498031,0.496822,0.495018,0.492411,0.488764,0.483821,0.477331,0.469071,0.458876,0.446668,0.43248,0.416467,0.398906,0.380184,0.360766,0.341165,0.321903,0.303473,0.286309,0.270771,0.257137,0.245601,0.236288,0.229271,0.224584,0.222238,0.222238,0.224584,0.229271,0.236288,0.245601,0.257137,0.270771,0.286309,0.303473,0.321903,0.341165,0.360766,0.380184,0.398906,0.416467,0.43248,0.446668,0.458876,0.469071,0.477331,0.483821,0.488764,0.492411,0.495018,0.496822,0.498031,0.498814,0.499303,0.499595,0.499756,0.499827,0.499827
0.49975,0.49975,0.49965,0.499424,0.499015,0.498337,0.49726,0.495613,0.493178,0.489696,0.484876,0.478418,0.470038,0.459503,0.446668,0.431507,0.414138,0.394824,0.373972,0.352097,0.329787,0.307653,0.286281,0.266192,0.247813,0.231463,0.217352,0.205596,0.196234,0.18926,0.184641,0.182342,0.182342,0.184641,0.18926,0.196234,0.205596,0.217352,0.231463,0.247813,0.266192,0.286281,0.307653,0.329787,0.352097,0.373972,0.394824,0.414138,0.431507,0.446668,0.459503,0.470038,0.478418,0.484876,0.489696,0.493178,0.495613,0.49726,0.498337,0.499015,0.499424,0.49965,0.49975,0.49975
0.499648,0.499648,0.49951,0.499199,0.498642,0.497723,0.496277,0.494087,0.49088,0.48634,0.480125,0.471891,0.461334,0.44823,0.43248,0.414138,0.393436,0.37078,0.346723,0.321926,0.297097,0.272934,0.250064,0.229005,0.210137,0.193698,0.179797,0.168437,0.159548,0.153023,0.14875,0.146639,0.146639,0.14875,0.153023,0.159548,0.168437,0.179797,0.193698,0.210137,0.229005,0.250064,0.272934,0.297097,0.321926,0.346723,0.37078,0.393436,0.414138,0.43248,0.44823,0.461334,0.471891,0.480125,0.48634,0.49088,0.494087,0.496277,0.497723,0.498642,0.499199,0.49951,0.499648,0.499648
0.499515,0.499515,0.499329,0.498912,0.49817,0.496956,0.49506,0.492214,0.488088,0.482307,0.474477,0.464224,0.451238,0.435328,0.416467,0.394824,0.37078,0.344902,0.317914,0.290621,0.263845,0.238345,0.214758,0.193557,0.175034,0.159309,0.146353,0.136031,0.128144,0.122472,0.118818,0.117031,0.117031,0.118818,0.122472,0.128144,0.136031,0.146353,0.159309,0.175034,0.193557,0.214758,0.238345,0.263845,0.290621,0.317914,0.344902,0.37078,0.394824,0.416467,0.435328,0.451238,0.464224,0.474477,0.482307,0.488088,0.492214,0.49506,0.496956,0.49817,0.498912,0.499329,0.499515,0.499515
0.499348,0.499348,0.499104,0.498558,0.497592,0.496023,0.493594,0.489979,0.484788,0.47759,0.467947,0.455464,0.43985,0.420971,0.398906,0.373972,0.346723,0.317914,0.28844,0.25925,0.231255,0.205243,0.181819,0.161368,0.144052,0.129837,0.11853,0.109841,0.10343,0.0989667,0.0961648,0.094818,0.094818,0.0961648,0.0989667,0.10343,0.109841,0.11853,0.129837,0.144052,0.161368,0.181819,0.205243,0.231255,0.25925,0.28844,0.317914,0.346723,0.373972,0.398906,0.420971,0.43985,0.455464,0.467947,0.47759,0.484788,0.489979,0.493594,0.496023,0.497592,0.498558,0.499104,0.499348,0.499348
0.499144,0.499144,0.49883,0.498131,0.496902,0.494919,0.491874,0.487383,0.480994,0.472223,0.4606,0.445727,0.427352,0.405433,0.380184,0.352097,0.321926,0.290621,0.25925,0.228884,0.200491,0.174849,0.152484,0.13365,0.118343,0.106345,0.0972855,0.0907105,0.0861463,0.0831547,0.0813743,0.08055,0.08055,0.0813743,0.0831547,0.0861463,0.0907105,0.0972855,0.106345,0.118343,0.13365,0.152484,0.174849,0.200491,0.228884,0.25925,0.290621,0.321926,0.352097,0.380184,0.405433,0.427352,0.445727,0.4606,0.472223,0.480994,0.487383,0.491874,0.494919,0.496902,0.498131,0.49883,0.499144,0.499144
0.498902,0.498902,0.498507,0.497632,0.496101,0.493649,0.489913,0.484449,0.476748,0.46628,0.452553,0.43519,0.414003,0.389068,0.360766,0.329787,0.297097,0.263845,0.231255,0.200491,0.172541,0.148126,0.127648,0.11119,0.098552,0.0893186,0.0829366,0.078797,0.0763046,0.0749328,0.0742613,0.0739994,0.0739994,0.0742613,0.0749328,0.0763046,0.078797,0.0829366,0.0893186,0.098552,0.11119,0.127648,0.148126,0.172541,0.200491,0.231255,0.263845,0.297097,0.329787,0.360766,0.389068,0.414003,0.43519,0.452553,0.46628,0.476748,0.484449,0.489913,0.493649,0.496101,0.497632,0.498507,0.498902,0.498902
0.498623,0.498623,0.498137,0.497064,0.495198,0.492228,0.487738,0.481224,0.472124,0.459873,0.443974,0.424089,0.400122,0.372291,0.341165,0.307653,0.272934,0.238345,0.205243,0.174849,0.148126,0.12569,0.107782,0.0942822,0.084778,0.0786517,0.0751774,0.0736101,0.0732572,0.0735287,0.0739676,0.0742648,0.0742648,0.0739676,0.0735287,0.0732572,0.0736101,0.0751774,0.0786517,0.084778,0.0942822,0.107782,0.12569,0.148126,0.174849,0.205243,0.238345,0.272934,0.307653,0.341165,0.372291,0.400122,0.424089,0.443974,0.459873,0.472124,0.481224,0.487738,0.492228,0.495198,0.497064,0.498137,0.498623,0.498623
0.498311,0.498311,0.497726,0.496438,0.494209,0.490684,0.485393,0.477776,0.467226,0.453153,0.435073,0.412705,0.386067,0.355541,0.321903,0.286281,0.250064,0.214758,0.181819,0.152484,0.127648,0.107782,0.0929307,0.0827543,0.0766227,0.0737259,0.0731852,0.0741473,0.0758527,0.0776773,0.0791517,0.0799657,0.0799657,0.0791517,0.0776773,0.0758527,0.0741473,0.0731852,0.0737259,0.0766227,0.0827543,0.0929307,0.107782,0.127648,0.152484,0.181819,0.214758,0.250064,0.286281,0.321903,0.355541,0.386067,0.412705,0.435073,0.453153,0.467226,0.477776,0.485393,0.490684,0.494209,0.496438,0.497726,0.498311,0.498311
0.497973,0.497973,0.497282,0.495767,0.493158,0.489055,0.482937,0.474195,0.462184,0.4463,0.426088,0.401344,0.372214,0.339262,0.303473,0.266192,0.229005,0.193557,0.161368,0.13365,0.11119,0.0942822,0.0827543,0.0760399,0.0732987,0.0735487,0.0757869,0.0790842,0.0826468,0.0858458,0.0882231,0.0894835,0.0894835,0.0882231,0.0858458,0.0826468,0.0790842,0.0757869,0.0735487,0.0732987,0.0760399,0.0827543,0.0942822,0.11119,0.13365,0.161368,0.193557,0.229005,0.266192,0.303473,0.339262,0.372214,0.401344,0.426088,0.4463,0.462184,0.474195,0.482937,0.489055,0.493158,0.495767,0.497282,0.497973,0.497973
0.497618,0.497618,0.496819,0.495072,0.492076,0.48739,0.480445,0.470588,0.457145,0.439514,0.417277,0.390321,0.358935,0.323867,0.286309,0.247813,0.210137,0.175034,0.144052,0.118343,0.098552,0.084778,0.0766227,0.0732987,0.0737743,0.0769222,0.0816476,0.0869788,0.0921184,0.0964585,0.0995721,0.101193,0.101193,0.0995721,0.0964585,0.0921184,0.0869788,0.0816476,0.0769222,0.0737743,0.0732987,0.0766227,0.084778,0.098552,0.118343,0.144052,0.175034,0.210137,0.247813,0.286309,0.323867,0.358935,0.390321,0.417277,0.439514,0.457145,0.470588,0.480445,0.48739,0.492076,0.495072,0.496819,0.497618,0.497618
0.497259,0.497259,0.496353,0.494376,0.491,0.485744,0.477998,0.467071,0.45227,0.433001,0.408898,0.379945,0.346577,0.309722,0.270771,0.231463,0.193698,0.159309,0.129837,0.106345,0.0893186,0.0786517,0.0737259,0.0735487,0.0769222,0.082605,0.0894419,0.0964487,0.10285,0.108078,0.111752,0.113643,0.113643,0.111752,0.108078,0.10285,0.0964487,0.0894419,0.082605,0.0769222,0.0735487,0.0737259,0.0786517,0.0893186,0.106345,0.129837,0.159309,0.193698,0.231463,0.270771,0.309722,0.346577,0.379945,0.408898,0.433001,0.45227,0.467071,0.477998,0.485744,0.491,0.494376,0.496353,0.497259,0.497259
0.496911,0.496911,0.495903,0.493708,0.489971,0.484179,0.475684,0.463766,0.44772,0.426969,0.401201,0.370502,0.335447,0.297135,0.257137,0.217352,0.179797,0.146353,0.11853,0.0972855,0.0829366,0.0751774,0.0731852,0.0757869,0.0816476,0.0894419,0.0979827,0.106297,0.113648,0.119523,0.123593,0.12567,0.12567,0.123593,0.119523,0.113648,0.106297,0.0979827,0.0894419,0.0816476,0.0757869,0.0731852,0.0751774,0.0829366,0.0972855,0.11853,0.146353,0.179797,0.217352,0.257137,0.297135,0.335447,0.370502,0.401201,0.426969,0.44772,0.463766,0.475684,0.484179,0.489971,0.493708,0.495903,0.496911,0.496911
0.496589,0.496589,0.495488,0.493094,0.489031,0.482756,0.473591,0.460794,0.443653,0.421611,0.394415,0.362245,0.325805,0.286349,0.245601,0.205596,0.168437,0.136031,0.109841,0.0907105,0.078797,0.0736101,0.0741473,0.0790842,0.0869788,0.0964487,0.106297,0.115576,0.123599,0.129912,0.13424,0.136434,0.136434,0.13424,0.129912,0.123599,0.115576,0.106297,0.0964487,0.0869788,0.0790842,0.0741473,0.0736101,0.078797,0.0907105,0.109841,0.136031,0.168437,0.205596,0.245601,0.286349,0.325805,0.362245,0.394415,0.421611,0.443653,0.460794,0.473591,0.482756,0.489031,0.493094,0.495488,0.496589,0.496589
0.496308,0.496308,0.495127,0.492563,0.488222,0.481535,0.471803,0.458266,0.44021,0.417101,0.388739,0.355386,0.317861,0.277544,0.236288,0.196234,0.159548,0.128144,0.10343,0.0861463,0.0763046,0.0732572,0.0758527,0.0826468,0.0921184,0.10285,0.113648,0.123599,0.132068,0.138654,0.143133,0.145393,0.145393,0.143133,0.138654,0.132068,0.123599,0.113648,0.10285,0.0921184,0.0826468,0.0758527,0.0732572,0.0763046,0.0861463,0.10343,0.128144,0.159548,0.196234,0.236288,0.277544,0.317861,0.355386,0.388739,0.417101,0.44021,0.458266,0.471803,0.481535,0.488222,0.492563,0.495127,0.496308,0.496308
0.496084,0.496084,0.494839,0.49214,0.487578,0.480568,0.470392,0.456278,0.437514,0.413586,0.384336,0.350096,0.311773,0.270848,0.229271,0.18926,0.153023,0.122472,0.0989667,0.0831547,0.0749328,0.0735287,0.0776773,0.0858458,0.0964585,0.108078,0.119523,0.129912,0.138654,0.145396,0.149952,0.152243,0.152243,0.149952,0.145396,0.138654,0.129912,0.119523,0.108078,0.0964585,0.0858458,0.0776773,0.0735287,0.0749328,0.0831547,0.0989667,0.122472,0.153023,0.18926,0.229271,0.270848,0.311773,0.350096,0.384336,0.413586,0.437514,0.456278,0.470392,0.480568,0.487578,0.49214,0.494839,0.496084,0.496084
0.495927,0.495927,0.494638,0.491845,0.487131,0.479898,0.469417,0.454908,0.435661,0.411178,0.381331,0.3465,0.307655,0.266344,0.224584,0.184641,0.14875,0.118818,0.0961648,0.0813743,0.0742613,0.0739676,0.0791517,0.0882231,0.0995721,0.111752,0.123593,0.13424,0.143133,0.149952,0.154543,0.156846,0.156846,0.154543,0.149952,0.143133,0.13424,0.123593,0.111752,0.0995721,0.0882231,0.0791517,0.0739676,0.0742613,0.0813743,0.0961648,0.118818,0.14875,0.184641,0.224584,0.266344,0.307655,0.3465,0.381331,0.411178,0.435661,0.454908,0.469417,0.479898,0.487131,0.491845,0.494638,0.495927,0.495927
0.495846,0.495846,0.494534,0.491694,0.486902,0.479555,0.468918,0.454209,0.434718,0.409954,0.379807,0.344682,0.305579,0.264081,0.222238,0.182342,0.146639,0.117031,0.094818,0.08055,0.0739994,0.0742648,0.0799657,0.0894835,0.101193,0.113643,0.12567,0.136434,0.145393,0.152243,0.156846,0.159153,0.159153,0.156846,0.152243,0.145393,0.136434,0.12567,0.113643,0.101193,0.0894835,0.0799657,0.0742648,0.0739994,0.08055,0.094818,0.117031,0.146639,0.182342,0.222238,0.264081,0.305579,0.344682,0.379807,0.409954,0.434718,0.454209,0.468918,0.479555,0.486902,0.491694,0.494534,0.495846,0.495846
0.495846,0.495846,0.494534,0.491694,0.486902,0.479555,0.468918,0.454209,0.434718,0.409954,0.379807,0.344682,0.305579,0.264081,0.222238,0.182342,0.146639,0.117031,0.094818,0.08055,0.0739994,0.0742648,0.0799657,0.0894835,0.101193,0.113643,0.12567,0.136434,0.145393,0.152243,0.156846,0.159153,0.159153,0.156846,0.152243,0.145393,0.136434,0.12567,0.113643,0.101193,0.0894835,0.0799657,0.0742648,0.0739994,0.08055,0.094818,0.117031,0.146639,0.182342,0.222238,0.264081,0.305579,0.344682,0.379807,0.409954,0.434718,0.454209,0.468918,0.479555,0.486902,0.491694,0.494534,0.495846,0.495846
0.495927,0.495927,0.494638,0.491845,0.487131,0.479898,0.469417,0.454908,0.435661,0.411178,0.381331,0.3465,0.307655,0.266344,0.224584,0.184641,0.14875,0.118818,0.0961648,0.0813743,0.0742613,0.0739676,0.0791517,0.0882231,0.0995721,0.111752,0.123593,0.13424,0.143133,0.149952,0.154543,0.156846,0.156846,0.154543,0.149952,0.143133,0.13424,0.123593,0.111752,0.0995721,0.0882231,0.0791517,0.0739676,0.0742613,0.0813743,0.0961648,0.118818,0.14875,0.184641,0.224584,0.266344,0.307655,0.3465,0.381331,0.411178,0.435661,0.454908,0.469417,0.479898,0.487131,0.491845,0.494638,0.495927,0.495927
0.496084,0.496084,0.494839,0.49214,0.487578,0.480568,0.470392,0.456278,0.437514,0.413586,0.384336,0.350096,0.311773,0.270848,0.229271,0.18926,0.153023,0.122472,0.0989667,0.0831547,0.0749328,0.0735287,0.0776773,0.0858458,0.0964585,0.108078,0.119523,0.129912,0.138654,0.145396,0.149952,0.152243,0.152243,0.149952,0.145396,0.138654,0.129912,0.119523,0.108078,0.0964585,0.0858458,0.0776773,0.0735287,0.0749328,0.0831547,0.0989667,0.122472,0.153023,0.18926,0.229271,0.270848,0.311773,0.350096,0.384336,0.413586,0.437514,0.456278,0.470392,0.480568,0.487578,0.49214,0.494839,0.496084,0.496084
0.496308,0.496308,0.495127,0.492563,0.488222,0.481535,0.471803,0.458266,0.44021,0.417101,0.388739,0.355386,0.317861,0.277544,0.236288,0.196234,0.159548,0.128144,0.10343,0.0861463,0.0763046,0.0732572,0.0758527,0.0826468,0.0921184,0.10285,0.113648,0.123599,0.132068,0.138654,0.143133,0.145393,0.145393,0.143133,0.138654,0.132068,0.123599,0.113648,0.10285,0.0921184,0.0826468,0.0758527,0.0732572,0.0763046,0.0861463,0.10343,0.128144,0.159548,0.196234,0.236288,0.277544,0.317861,0.355386,0.388739,0.417101,0.44021,0.458266,0.471803,0.481535,0.488222,0.492563,0.495127,0.496308,0.496308
0.496589,0.496589,0.495488,0.493094,0.489031,0.482756,0.473591,0.460794,0.443653,0.421611,0.394415,0.362245,0.325805,0.286349,0.245601,0.205596,0.168437,0.136031,0.109841,0.0907105,0.078797,0.0736101,0.0741473,0.0790842,0.0869788,0.0964487,0.106297,0.115576,0.123599,0.129912,0.13424,0.136434,0.136434,0.13424,0.129912,0.123599,0.115576,0.106297,0.0964487,0.0869788,0.0790842,0.0741473,0.0736101,0.078797,0.0907105,0.109841,0.136031,0.168437,0.205596,0.245601,0.286349,0.325805,0.362245,0.394415,0.421611,0.443653,0.460794,0.473591,0.482756,0.489031,0.493094,0.495488,0.496589,0.496589
0.496911,0.496911,0.495903,0.493708,0.489971,0.484179,0.475684,0.463766,0.44772,0.426969,0.401201,0.370502,0.335447,0.297135,0.257137,0.217352,0.179797,0.146353,0.11853,0.0972855,0.0829366,0.0751774,0.0731852,0.0757869,0.0816476,0.0894419,0.0979827,0.106297,0.113648,0.119523,0.123593,0.12567,0.12567,0.123593,0.119523,0.113648,0.106297,0.0979827,0.0894419,0.0816476,0.0757869,0.0731852,0.0751774,0.0829366,0.0972855,0.11853,0.146353,0.179797,0.217352,0.257137,0.297135,0.335447,0.370502,0.401201,0.426969,0.44772,0.463766,0.475684,0.484179,0.489971,0.493708,0.495903,0.496911,0.496911
0.497259,0.497259,0.496353,0.494376,0.491,0.485744,0.477998,0.467071,0.45227,0.433001,0.408898,0.379945,0.346577,0.309722,0.270771,0.231463,0.193698,0.159309,0.129837,0.106345,0.0893186,0.0786517,0.0737259,0.0735487,0.0769222,0.082605,0.0894419,0.0964487,0.10285,0.108078,0.111752,0.113643,0.113643,0.111752,0.108078,0.10285,0.0964487,0.0894419,0.082605,0.0769222,0.0735487,0.0737259,0.0786517,0.0893186,0.106345,0.129837,0.159309,0.193698,0.231463,0.270771,0.309722,0.346577,0.379945,0.408898,0.433001,0.45227,0.467071,0.477998,0.485744,0.491,0.494376,0.496353,0.497259,0.497259
0.497618,0.497618,0.496819,0.495072,0.492076,0.48739,0.480445,0.470588,0.457145,0.439514,0.417277,0.390321,0.358935,0.323867,0.286309,0.247813,0.210137,0.175034,0.144052,0.118343,0.098552,0.084778,0.0766227,0.0732987,0.0737743,0.0769222,0.0816476,0.0869788,0.0921184,0.0964585,0.0995721,0.101193,0.101193,0.0995721,0.0964585,0.0921184,0.0869788,0.0816476,0.0769222,0.0737743,0.0732987,0.0766227,0.084778,0.098552,0.118343,0.144052,0.175034,0.210137,0.247813,0.286309,0.323867,0.358935,0.390321,0.417277,0.439514,0.457145,0.470588,0.480445,0.48739,0.492076,0.495072,0.496819,0.497618,0.497618
0.497973,0.497973,0.497282,0.495767,0.493158,0.489055,0.482937,0.474195,0.462184,0.4463,0.426088,0.401344,0.372214,0.339262,0.303473,0.266192,0.229005,0.193557,0.161368,0.13365,0.11119,0.0942822,0.0827543,0.0760399,0.0732987,0.0735487,0.0757869,0.0790842,0.0826468,0.0858458,0.0882231,0.0894835,0.0894835,0.0882231,0.0858458,0.0826468,0.0790842,0.0757869,0.0735487,0.0732987,0.0760399,0.0827543,0.0942822,0.11119,0.13365,0.161368,0.193557,0.229005,0.266192,0.303473,0.339262,0.372214,0.401344,0.426088,0.4463,0.462184,0.474195,0.482937,0.489055,0.493158,0.495767,0.497282,0.497973,0.497973
0.498311,0.498311,0.497726,0.496438,0.494209,0.490684,0.485393,0.477776,0.467226,0.453153,0.435073,0.412705,0.386067,0.355541,0.321903,0.286281,0.250064,0.214758,0.181819,0.152484,0.127648,0.107782,0.0929307,0.0827543,0.0766227,0.0737259,0.0731852,0.0741473,0.0758527,0.0776773,0.0791517,0.0799657,0.0799657,0.0791517,0.0776773,0.0758527,0.0741473,0.0731852,0.0737259,0.0766227,0.0827543,0.0929307,0.107782,0.127648,0.152484,0.181819,0.214758,0.250064,0.286281,0.321903,0.355541,0.386067,0.412705,0.435073,0.453153,0.467226,0.477776,0.485393,0.490684,0.494209,0.496438,0.497726,0.498311,0.498311
0.498623,0.498623,0.498137,0.497064,0.495198,0.492228,0.487738,0.481224,0.472124,0.459873,0.443974,0.424089,0.400122,0.372291,0.341165,0.307653,0.272934,0.238345,0.205243,0.174849,0.148126,0.12569,0.107782,0.0942822,0.084778,0.0786517,0.0751774,0.0736101,0.0732572,0.0735287,0.0739676,0.0742648,0.0742648,0.0739676,0.0735287,0.0732572,0.0736101,0.0751774,0.0786517,0.084778,0.0942822,0.107782,0.12569,0.148126,0.174849,0.205243,0.238345,0.272934,0.307653,0.341165,0.372291,0.400122,0.424089,0.443974,0.459873,0.472124,0.481224,0.487738,0.492228,0.495198,0.497064,0.498137,0.498623,0.498623
0.498902,0.498902,0.498507,0.497632,0.496101,0.493649,0.489913,0.484449,0.476748,0.46628,0.452553,0.43519,0.414003,0.389068,0.360766,0.329787,0.297097,0.263845,0.231255,0.200491,0.172541,0.148126,0.127648,0.11119,0.098552,0.0893186,0.0829366,0.078797,0.0763046,0.0749328,0.0742613,0.0739994,0.0739994,0.0742613,0.0749328,0.0763046,0.078797,0.0829366,0.0893186,0.098552,0.11119,0.127648,0.148126,0.172541,0.200491,0.231255,0.263845,0.297097,0.329787,0.360766,0.389068,0.414003,0.43519,0.452553,0.46628,0.476748,0.484449,0.489913,0.493649,0.496101,0.497632,0.498507,0.498902,0.498902
0.499144,0.499144,0.49883,0.498131,0.496902,0.494919,0.491874,0.487383,0.480994,0.472223,0.4606,0.445727,0.427352,0.405433,0.380184,0.352097,0.321926,0.290621,0.25925,0.228884,0.200491,0.174849,0.152484,0.13365,0.118343,0.106345,0.0972855,0.0907105,0.0861463,0.0831547,0.0813743,0.08055,0.08055,0.0813743,0.0831547,0.0861463,0.0907105,0.0972855,0.106345,0.118343,0.13365,0.152484,0.174849,0.200491,0.228884,0.25925,0.290621,0.321926,0.352097,0.380184,0.405433,0.427352,0.445727,0.4606,0.472223,0.480994,0.487383,0.491874,0.494919,0.496902,0.498131,0.49883,0.499144,0.499144
0.499348,0.499348,0.499104,0.498558,0.497592,0.496023,0.493594,0.489979,0.484788,0.47759,0.467947,0.455464,0.43985,0.420971,0.398906,0.373972,0.346723,0.317914,0.28844,0.25925,0.231255,0.205243,0.181819,0.161368,0.144052,0.129837,0.11853,0.109841,0.10343,0.0989667,0.0961648,0.094818,0.094818,0.0961648,0.0989667,0.10343,0.109841,0.11853,0.129837,0.144052,0.161368,0.181819,0.205243,0.231255,0.25925,0.28844,0.317914,0.346723,0.373972,0.398906,0.420971,0.43985,0.455464,0.467947,0.47759,0.484788,0.489979,0.493594,0.496023,0.497592,0.498558,0.499104,0.499348,0.499348
0.499515,0.499515,0.499329,0.498912,0.49817,0.496956,0.49506,0.492214,0.488088,0.482307,0.474477,0.464224,0.451238,0.435328,0.416467,0.394824,0.37078,0.344902,0.317914,0.290621,0.263845,0.238345,0.214758,0.193557,0.175034,0.159309,0.146353,0.136031,0.128144,0.122472,0.118818,0.117031,0.117031,0.118818,0.122472,0.128144,0.136031,0.146353,0.159309,0.175034,0.193557,0.214758,0.238345,0.263845,0.290621,0.317914,0.344902,0.37078,0.394824,0.416467,0.435328,0.451238,0.464224,0.474477,0.482307,0.488088,0.492214,0.49506,0.496956,0.49817,0.498912,0.499329,0.499515,0.499515
0.499648,0.499648,0.49951,0.499199,0.498642,0.497723,0.496277,0.494087,0.49088,0.48634,0.480125,0.471891,0.461334,0.44823,0.43248,0.414138,0.393436,0.37078,0.346723,0.321926,0.297097,0.272934,0.250064,0.229005,0.210137,0.193698,0.179797,0.168437,0.159548,0.153023,0.14875,0.146639,0.146639,0.14875,0.153023,0.159548,0.168437,0.179797,0.193698,0.210137,0.229005,0.250064,0.272934,0.297097,0.321926,0.346723,0.37078,0.393436,0.414138,0.43248,0.44823,0.461334,0.471891,0.480125,0.48634,0.49088,0.494087,0.496277,0.497723,0.498642,0.499199,0.49951,0.499648,0.499648
0.49975,0.49975,0.49965,0.499424,0.499015,0.498337,0.49726,0.495613,0.493178,0.489696,0.484876,0.478418,0.470038,0.459503,0.446668,0.431507,0.414138,0.394824,0.373972,0.352097,0.329787,0.307653,0.286281,0.266192,0.247813,0.231463,0.217352,0.205596,0.196234,0.18926,0.184641,0.182342,0.182342,0.184641,0.18926,0.196234,0.205596,0.217352,0.231463,0.247813,0.266192,0.286281,0.307653,0.329787,0.352097,0.373972,0.394824,0.414138,0.431507,0.446668,0.459503,0.470038,0.478418,0.484876,0.489696,0.493178,0.495613,0.49726,0.498337,0.499015,0.499424,0.49965,0.49975,0.49975
0.499827,0.499827,0.499756,0.499595,0.499303,0.498814,0.498031,0.496822,0.495018,0.492411,0.488764,0.483821,0.477331,0.469071,0.458876,0.446668,0.43248,0.416467,0.398906,0.380184,0.360766,0.341165,0.321903,0.303473,0.286309,0.270771,0.257137,0.245601,0.236288,0.229271,0.224584,0.222238,0.222238,0.224584,0.229271,0.236288,0.245601,0.257137,0.270771,0.286309,0.303473,0.321903,0.341165,0.360766,0.380184,0.398906,0.416467,0.43248,0.446668,0.458876,0.469071,0.477331,0.483821,0.488764,0.492411,0.495018,0.496822,0.498031,0.498814,0.499303,0.499595,0.499756,0.499827,0.499827
0.499883,0.499883,0.499835,0.499723,0.499519,0.499175,0.49862,0.497754,0.49645,0.494546,0.491855,0.488167,0.483269,0.476958,0.469071,0.459503,0.44823,0.435328,0.420971,0.405433,0.389068,0.372291,0.355541,0.339262,0.323867,0.309722,0.297135,0.286349,0.277544,0.270848,0.266344,0.264081,0.264081,0.266344,0.270848,0.277544,0.286349,0.297135,0.309722,0.323867,0.339262,0.355541,0.372291,0.389068,0.405433,0.420971,0.435328,0.44823,0.459503,0.469071,0.476958,0.483269,0.488167,0.491855,0.494546,0.49645,0.497754,0.49862,0.499175,0.499519,0.499723,0.499835,0.499883,0.499883
0.499923,0.499923,0.49989,0.499815,0.499676,0.499441,0.499056,0.498453,0.497534,0.496179,0.494244,0.491563,0.487962,0.483269,0.477331,0.470038,0.461334,0.451238,0.43985,0.427352,0.414003,0.400122,0.386067,0.372214,0.358935,0.346577,0.335447,0.325805,0.317861,0.311773,0.307655,0.305579,0.305579,0.307655,0.311773,0.317861,0.325805,0.335447,0.346577,0.358935,0.372214,0.386067,0.400122,0.414003,0.427352,0.43985,0.451238,0.461334,0.470038,0.477331,0.483269,0.487962,0.491563,0.494244,0.496179,0.497534,0.498453,0.499056,0.499441,0.499676,0.499815,0.49989,0.499923,0.499923
0.499951,0.499951,0.499929,0.49988,0.499788,0.49963,0.499372,0.498961,0.49833,0.497391,0.496036,0.494139,0.491563,0.488167,0.483821,0.478418,0.471891,0.464224,0.455464,0.445727,0.43519,0.424089,0.412705,0.401344,0.390321,0.379945,0.370502,0.362245,0.355386,0.350096,0.3465,0.344682,0.344682,0.3465,0.350096,0.355386,0.362245,0.370502,0.379945,0.390321,0.401344,0.412705,0.424089,0.43519,0.445727,0.455464,0.464224,0.471891,0.478418,0.483821,0.488167,0.491563,0.494139,0.496036,0.497391,0.49833,0.498961,0.499372,0.49963,0.499788,0.49988,0.499929,0.499951,0.499951
0.499969,0.499969,0.499956,0.499924,0.499865,0.499762,0.499592,0.49932,0.498899,0.498266,0.497342,0.496036,0.494244,0.491855,0.488764,0.484876,0.480125,0.474477,0.467947,0.4606,0.452553,0.443974,0.435073,0.426088,0.417277,0.408898,0.401201,0.394415,0.388739,0.384336,0.381331,0.379807,0.379807,0.381331,0.384336,0.388739,0.394415,0.401201,0.408898,0.417277,0.426088,0.435073,0.443974,0.452553,0.4606,0.467947,0.474477,0.480125,0.484876,0.488764,0.491855,0.494244,0.496036,0.497342,0.498266,0.498899,0.49932,0.499592,0.499762,0.499865,0.499924,0.499956,0.499969,0.499969
0.499981,0.499981,0.499973,0.499953,0.499916,0.499851,0.499742,0.499567,0.499293,0.498878,0.498266,0.497391,0.496179,0.494546,0.492411,0.489696,0.48634,0.482307,0.47759,0.472223,0.46628,0.459873,0.453153,0.4463,0.439514,0.433001,0.426969,0.421611,0.417101,0.413586,0.411178,0.409954,0.409954,0.411178,0.413586,0.417101,0.421611,0.426969,0.433001,0.439514,0.4463,0.453153,0.459873,0.46628,0.472223,0.47759,0.482307,0.48634,0.489696,0.492411,0.494546,0.496179,0.497391,0.498266,0.498878,0.499293,0.499567,0.499742,0.499851,0.499916,0.499953,0.499973,0.499981,0.499981
0.499989,0.499989,0.499984,0.499972,0.499949,0.499909,0.499842,0.499732,0.499559,0.499293,0.498899,0.49833,0.497534,0.49645,0.495018,0.493178,0.49088,0.488088,0.484788,0.480994,0.476748,0.472124,0.467226,0.462184,0.457145,0.45227,0.44772,0.443653,0.44021,0.437514,0.435661,0.434718,0.434718,0.435661,0.437514,0.44021,0.443653,0.44772,0.45227,0.457145,0.462184,0.467226,0.472124,0.476748,0.480994,0.484788,0.488088,0.49088,0.493178,0.495018,0.49645,0.497534,0.49833,0.498899,0.499293,0.499559,0.499732,0.499842,0.499909,0.499949,0.499972,0.499984,0.499989,0.499989
0.499994,0.499994,0.499991,0.499984,0.49997,0.499946,0.499905,0.499838,0.499732,0.499567,0.49932,0.498961,0.498453,0.497754,0.496822,0.495613,0.494087,0.492214,0.489979,0.487383,0.484449,0.481224,0.477776,0.474195,0.470588,0.467071,0.463766,0.460794,0.458266,0.456278,0.454908,0.454209,0.454209,0.454908,0.456278,0.458266,0.460794,0.463766,0.467071,0.470588,0.474195,0.477776,0.481224,0.484449,0.487383,0.489979,0.492214,0.494087,0.495613,0.496822,0.497754,0.498453,0.498961,0.49932,0.499567,0.499732,0.499838,0.499905,0.499946,0.49997,0.499984,0.499991,0.499994,0.499994
0.499996,0.499996,0.499995,0.499991,0.499983,0.499969,0.499945,0.499905,0.499842,0.499742,0.499592,0.499372,0.499056,0.49862,0.498031,0.49726,0.496277,0.49506,0.493594,0.491874,0.489913,0.487738,0.485393,0.482937,0.480445,0.477998,0.475684,0.473591,0.471803,0.470392,0.469417,0.468918,0.468918,0.469417,0.470392,0.471803,0.473591,0.475684,0.477998,0.480445,0.482937,0.485393,0.487738,0.489913,0.491874,0.493594,0.49506,0.496277,0.49726,0.498031,0.49862,0.499056,0.499372,0.499592,0.499742,0.499842,0.499905,0.499945,0.499969,0.499983,0.499991,0.499995,0.499996,0.499996
0.499998,0.499998,0.499997,0.499995,0.49999,0.499982,0.499969,0.499946,0.499909,0.499851,0.499762,0.49963,0.499441,0.499175,0.498814,0.498337,0.497723,0.496956,0.496023,0.494919,0.493649,0.492228,0.490684,0.489055,0.48739,0.485744,0.484179,0.482756,0.481535,0.480568,0.479898,0.479555,0.479555,0.479898,0.480568,0.481535,0.482756,0.484179,0.485744,0.48739,0.489055,0.490684,0.492228,0.493649,0.494919,0.496023,0.496956,0.497723,0.498337,0.498814,0.499175,0.499441,0.49963,0.499762,0.499851,0.499909,0.499946,0.499969,0.499982,0.49999,0.499995,0.499997,0.499998,0.499998
0.499999,0.499999,0.499998,0.499997,0.499995,0.49999,0.499983,0.49997,0.499949,0.499916,0.499865,0.499788,0.499676,0.499519,0.499303,0.499015,0.498642,0.49817,0.497592,0.496902,0.496101,0.495198,0.494209,0.493158,0.492076,0.491,0.489971,0.489031,0.488222,0.487578,0.487131,0.486902,0.486902,0.487131,0.487578,0.488222,0.489031,0.489971,0.491,0.492076,0.493158,0.494209,0.495198,0.496101,0.496902,0.497592,0.49817,0.498642,0.499015,0.499303,0.499519,0.499676,0.499788,0.499865,0.499916,0.499949,0.49997,0.499983,0.49999,0.499995,0.499997,0.499998,0.499999,0.499999
0.499999,0.499999,0.499999,0.499999,0.499997,0.499995,0.499991,0.499984,0.499972,0.499953,0.499924,0.49988,0.499815,0.499723,0.499595,0.499424,0.499199,0.498912,0.498558,0.498131,0.497632,0.497064,0.496438,0.495767,0.495072,0.494376,0.493708,0.493094,0.492563,0.49214,0.491845,0.491694,0.491694,0.491845,0.49214,0.492563,0.493094,0.493708,0.494376,0.495072,0.495767,0.496438,0.497064,0.497632,0.498131,0.498558,0.498912,0.499199,0.499424,0.499595,0.499723,0.499815,0.49988,0.499924,0.499953,0.499972,0.499984,0.499991,0.499995,0.499997,0.499999,0.499999,0.499999,0.499999
0.5,0.5,0.5,0.499999,0.499998,0.499997,0.499995,0.499991,0.499984,0.499973,0.499956,0.499929,0.49989,0.499835,0.499756,0.49965,0.49951,0.499329,0.499104,0.49883,0.498507,0.498137,0.497726,0.497282,0.496819,0.496353,0.495903,0.495488,0.495127,0.494839,0.494638,0.494534,0.494534,0.494638,0.494839,0.495127,0.495488,0.495903,0.496353,0.496819,0.497282,0.497726,0.498137,0.498507,0.49883,0.499104,0.499329,0.49951,0.49965,0.499756,0.499835,0.49989,0.499929,0.499956,0.499973,0.499984,0.499991,0.499995,0.499997,0.499998,0.499999,0.5,0.5,0.5
0.5,0.5,0.5,0.499999,0.499999,0.499998,0.499996,0.499994,0.499989,0.499981,0.499969,0.499951,0.499923,0.499883,0.499827,0.49975,0.499648,0.499515,0.499348,0.499144,0.498902,0.498623,0.498311,0.497973,0.497618,0.497259,0.496911,0.496589,0.496308,0.496084,0.495927,0.495846,0.495846,0.495927,0.496084,0.496308,0.496589,0.496911,0.497259,0.497618,0.497973,0.498311,0.498623,0.498902,0.499144,0.499348,0.499515,0.499648,0.49975,0.499827,0.499883,0.499923,0.499951,0.499969,0.499981,0.499989,0.499994,0.499996,0.499998,0.499999,0.499999,0.5,0.5,0.5
0.5,0.5,0.5,0.499999,0.499999,0.499998,0.499996,0.499994,0.499989,0.499981,0.499969,0.499951,0.499923,0.499883,0.499827,0.49975,0.499648,0.499515,0.499348,0.499144,0.498902,0.498623,0.498311,0.497973,0.497618,0.497259,0.496911,0.496589,0.496308,0.496084,0.495927,0.495846,0.495846,0.495927,0.496084,0.496308,0.496589,0.496911,0.497259,0.497618,0.497973,0.498311,0.498623,0.498902,0.499144,0.499348,0.499515,0.499648,0.49975,0.499827,0.499883,0.499923,0.499951,0.499969,0.499981,0.499989,0.499994,0.499996,0.499998,0.499999,0.499999,0.5,0.5,0.5
