0.499999,0.499999,0.499998,0.499997,0.499994,0.49999,0.499983,0.49997,0.49995,0.499919,0.499872,0.499803,0.499703,0.499565,0.499377,0.499128,0.498808,0.498408,0.497919,0.49734,0.496671,0.495919,0.495098,0.494227,0.493332,0.492443,0.491593,0.490818,0.490149,0.489619,0.48925,0.489061,0.489061,0.48925,0.489619,0.490149,0.490818,0.491593,0.492443,0.493332,0.494227,0.495098,0.495919,0.496671,0.49734,0.497919,0.498408,0.498808,0.499128,0.499377,0.499565,0.499703,0.499803,0.499872,0.499919,0.49995,0.49997,0.499983,0.49999,0.499994,0.499997,0.499998,0.499999,0.499999
0.499999,0.499999,0.499998,0.499997,0.499994,0.49999,0.499983,0.49997,0.49995,0.499919,0.499872,0.499803,0.499703,0.499565,0.499377,0.499128,0.498808,0.498408,0.497919,0.49734,0.496671,0.495919,0.495098,0.494227,0.493332,0.492443,0.491593,0.490818,0.490149,0.489619,0.48925,0.489061,0.489061,0.48925,0.489619,0.490149,0.490818,0.491593,0.492443,0.493332,0.494227,0.495098,0.495919,0.496671,0.49734,0.497919,0.498408,0.498808,0.499128,0.499377,0.499565,0.499703,0.499803,0.499872,0.499919,0.49995,0.49997,0.499983,0.49999,0.499994,0.499997,0.499998,0.499999,0.499999
0.499998,0.499998,0.499997,0.499996,0.499992,0.499986,0.499975,0.499958,0.499931,0.499888,0.499824,0.499731,0.499598,0.499415,0.499167,0.498843,0.498429,0.497915,0.497293,0.49656,0.495719,0.49478,0.49376,0.492685,0.491586,0.490499,0.489465,0.488524,0.487716,0.487075,0.486631,0.486404,0.486404,0.486631,0.487075,0.487716,0.488524,0.489465,0.490499,0.491586,0.492685,0.49376,0.49478,0.495719,0.49656,0.497293,0.497915,0.498429,0.498843,0.499167,0.499415,0.499598,0.499731,0.499824,0.499888,0.499931,0.499958,0.499975,0.499986,0.499992,0.499996,0.499997,0.499998,0.499998
0.499997,0.499997,0.499996,0.499992,0.499986,0.499976,0.499959,0.49993,0.499886,0.499818,0.499717,0.49957,0.499364,0.499082,0.498706,0.498219,0.497603,0.496845,0.495938,0.494879,0.493675,0.492344,0.49091,0.489411,0.487889,0.486395,0.484981,0.483701,0.482606,0.481742,0.481144,0.480839,0.480839,0.481144,0.481742,0.482606,0.483701,0.484981,0.486395,0.487889,0.489411,0.49091,0.492344,0.493675,0.494879,0.495938,0.496845,0.497603,0.498219,0.498706,0.499082,0.499364,0.49957,0.499717,0.499818,0.499886,0.49993,0.499959,0.499976,0.499986,0.499992,0.499996,0.499997,0.499997
0.499994,0.499994,0.499992,0.499986,0.499976,0.499958,0.499928,0.49988,0.499805,0.499692,0.499525,0.499286,0.498953,0.498502,0.497907,0.497143,0.496189,0.495028,0.493651,0.49206,0.490269,0.488307,0.486213,0.484041,0.481854,0.479722,0.477717,0.475913,0.474376,0.473168,0.472334,0.471908,0.471908,0.472334,0.473168,0.474376,0.475913,0.477717,0.479722,0.481854,0.484041,0.486213,0.488307,0.490269,0.49206,0.493651,0.495028,0.496189,0.497143,0.497907,0.498502,0.498953,0.499286,0.499525,0.499692,0.499805,0.49988,0.499928,0.499958,0.499976,0.499986,0.499992,0.499994,0.499994
0.49999,0.49999,0.499986,0.499976,0.499958,0.499927,0.499876,0.499795,0.49967,0.499483,0.499209,0.498822,0.498287,0.497571,0.496637,0.495449,0.493981,0.492212,0.490136,0.487761,0.485114,0.482241,0.479203,0.476078,0.472957,0.469935,0.467113,0.464588,0.462448,0.460771,0.459617,0.459029,0.459029,0.459617,0.460771,0.462448,0.464588,0.467113,0.469935,0.472957,0.476078,0.479203,0.482241,0.485114,0.487761,0.490136,0.492212,0.493981,0.495449,0.496637,0.497571,0.498287,0.498822,0.499209,0.499483,0.49967,0.499795,0.499876,0.499927,0.499958,0.499976,0.499986,0.49999,0.49999
0.499983,0.499983,0.499975,0.499959,0.499928,0.499876,0.499792,0.499658,0.499454,0.499151,0.498713,0.498099,0.497262,0.49615,0.494715,0.492911,0.490703,0.488071,0.485014,0.481554,0.477736,0.473631,0.469332,0.464949,0.460607,0.456436,0.452567,0.449125,0.446223,0.443958,0.442404,0.441614,0.441614,0.442404,0.443958,0.446223,0.449125,0.452567,0.456436,0.460607,0.464949,0.469332,0.473631,0.477736,0.481554,0.485014,0.488071,0.490703,0.492911,0.494715,0.49615,0.497262,0.498099,0.498713,0.499151,0.499454,0.499658,0.499792,0.499876,0.499928,0.499959,0.499975,0.499983,0.499983
0.49997,0.49997,0.499958,0.49993,0.49988,0.499795,0.499658,0.499444,0.49912,0.498643,0.497961,0.497014,0.495736,0.494058,0.491915,0.489251,0.486026,0.482223,0.477854,0.472962,0.467622,0.461938,0.456045,0.450094,0.444249,0.438681,0.433554,0.429022,0.425222,0.422268,0.420248,0.419223,0.419223,0.420248,0.422268,0.425222,0.429022,0.433554,0.438681,0.444249,0.450094,0.456045,0.461938,0.467622,0.472962,0.477854,0.482223,0.486026,0.489251,0.491915,0.494058,0.495736,0.497014,0.497961,0.498643,0.49912,0.499444,0.499658,0.499795,0.49988,0.49993,0.499958,0.49997,0.49997
0.49995,0.49995,0.499931,0.499886,0.499805,0.49967,0.499454,0.49912,0.498618,0.497888,0.496855,0.495435,0.49354,0.49108,0.487972,0.484153,0.479583,0.474256,0.468207,0.46151,0.454281,0.446673,0.438868,0.431066,0.423478,0.416312,0.409766,0.404022,0.399233,0.395529,0.393005,0.391727,0.391727,0.393005,0.395529,0.399233,0.404022,0.409766,0.416312,0.423478,0.431066,0.438868,0.446673,0.454281,0.46151,0.468207,0.474256,0.479583,0.484153,0.487972,0.49108,0.49354,0.495435,0.496855,0.497888,0.498618,0.49912,0.499454,0.49967,0.499805,0.499886,0.499931,0.49995,0.49995
0.499919,0.499919,0.499888,0.499818,0.499692,0.499483,0.499151,0.498643,0.497888,0.4968,0.495277,0.493209,0.490478,0.486973,0.482598,0.477285,0.471004,0.463773,0.455661,0.446789,0.437329,0.42749,0.417513,0.407651,0.39816,0.389285,0.38125,0.374254,0.368461,0.364003,0.360978,0.35945,0.35945,0.360978,0.364003,0.368461,0.374254,0.38125,0.389285,0.39816,0.407651,0.417513,0.42749,0.437329,0.446789,0.455661,0.463773,0.471004,0.477285,0.482598,0.486973,0.490478,0.493209,0.495277,0.4968,0.497888,0.498643,0.499151,0.499483,0.499692,0.499818,0.499888,0.499919,0.499919
0.499872,0.499872,0.499824,0.499717,0.499525,0.499209,0.498713,0.497961,0.496855,0.495277,0.493095,0.490163,0.486337,0.481485,0.475503,0.468329,0.459956,0.45044,0.439904,0.428533,0.416565,0.40428,0.391979,0.379968,0.368544,0.357978,0.348509,0.340336,0.33362,0.328484,0.325013,0.323265,0.323265,0.325013,0.328484,0.33362,0.340336,0.348509,0.357978,0.368544,0.379968,0.391979,0.40428,0.416565,0.428533,0.439904,0.45044,0.459956,0.468329,0.475503,0.481485,0.486337,0.490163,0.493095,0.495277,0.496855,0.497961,0.498713,0.499209,0.499525,0.499717,0.499824,0.499872,0.499872
0.499803,0.499803,0.499731,0.49957,0.499286,0.498822,0.498099,0.497014,0.495435,0.493209,0.490163,0.486118,0.480904,0.474373,0.466425,0.457018,0.446187,0.434046,0.420791,0.406687,0.392054,0.377246,0.362624,0.348542,0.335323,0.323248,0.312549,0.303409,0.295964,0.29031,0.28651,0.284602,0.284602,0.28651,0.29031,0.295964,0.303409,0.312549,0.323248,0.335323,0.348542,0.362624,0.377246,0.392054,0.406687,0.420791,0.434046,0.446187,0.457018,0.466425,0.474373,0.480904,0.486118,0.490163,0.493209,0.495435,0.497014,0.498099,0.498822,0.499286,0.49957,0.499731,0.499803,0.499803
0.499703,0.499703,0.499598,0.499364,0.498953,0.498287,0.497262,0.495736,0.49354,0.490478,0.486337,0.480904,0.473987,0.465436,0.455168,0.443183,0.42958,0.414555,0.398397,0.381468,0.364175,0.346947,0.330201,0.31432,0.299633,0.286407,0.274844,0.265083,0.257214,0.251289,0.247332,0.245353,0.245353,0.247332,0.251289,0.257214,0.265083,0.274844,0.286407,0.299633,0.31432,0.330201,0.346947,0.364175,0.381468,0.398397,0.414555,0.42958,0.443183,0.455168,0.465436,0.473987,0.480904,0.486337,0.490478,0.49354,0.495736,0.497262,0.498287,0.498953,0.499364,0.499598,0.499703,0.499703
0.499565,0.499565,0.499415,0.499082,0.498502,0.497571,0.49615,0.494058,0.49108,0.486973,0.481485,0.474373,0.465436,0.454536,0.441628,0.426783,0.410186,0.392143,0.373052,0.353381,0.333631,0.314296,0.295829,0.278622,0.262982,0.249132,0.237211,0.227294,0.2194,0.213518,0.20962,0.207679,0.207679,0.20962,0.213518,0.2194,0.227294,0.237211,0.249132,0.262982,0.278622,0.295829,0.314296,0.333631,0.353381,0.373052,0.392143,0.410186,0.426783,0.441628,0.454536,0.465436,0.474373,0.481485,0.486973,0.49108,0.494058,0.49615,0.497571,0.498502,0.499082,0.499415,0.499565,0.499565
0.499377,0.499377,0.499167,0.498706,0.497907,0.496637,0.494715,0.491915,0.487972,0.482598,0.475503,0.466425,0.455168,0.441628,0.425831,0.407938,0.388255,0.367214,0.345341,0.323214,0.301416,0.280491,0.260905,0.243024,0.2271,0.213279,0.201613,0.192081,0.184615,0.179126,0.175526,0.173745,0.173745,0.175526,0.179126,0.184615,0.192081,0.201613,0.213279,0.2271,0.243024,0.260905,0.280491,0.301416,0.323214,0.345341,0.367214,0.388255,0.407938,0.425831,0.441628,0.455168,0.466425,0.475503,0.482598,0.487972,0.491915,0.494715,0.496637,0.497907,0.498706,0.499167,0.499377,0.499377
0.499128,0.499128,0.498843,0.498219,0.497143,0.495449,0.492911,0.489251,0.484153,0.477285,0.468329,0.457018,0.443183,0.426783,0.407938,0.386937,0.364228,0.340388,0.316075,0.291972,0.26873,0.246911,0.226961,0.209184,0.193742,0.180673,0.169912,0.161327,0.154747,0.15,0.146931,0.145426,0.145426,0.146931,0.15,0.154747,0.161327,0.169912,0.180673,0.193742,0.209184,0.226961,0.246911,0.26873,0.291972,0.316075,0.340388,0.364228,0.386937,0.407938,0.426783,0.443183,0.457018,0.468329,0.477285,0.484153,0.489251,0.492911,0.495449,0.497143,0.498219,0.498843,0.499128,0.499128
0.498808,0.498808,0.498429,0.497603,0.496189,0.493981,0.490703,0.486026,0.479583,0.471004,0.459956,0.446187,0.42958,0.410186,0.388255,0.364228,0.338715,0.312449,0.286218,0.260791,0.236855,0.214962,0.195493,0.178651,0.164477,0.152871,0.143635,0.136513,0.13123,0.127528,0.12519,0.124061,0.124061,0.12519,0.127528,0.13123,0.136513,0.143635,0.152871,0.164477,0.178651,0.195493,0.214962,0.236855,0.260791,0.286218,0.312449,0.338715,0.364228,0.388255,0.410186,0.42958,0.446187,0.459956,0.471004,0.479583,0.486026,0.490703,0.493981,0.496189,0.497603,0.498429,0.498808,0.498808
0.498408,0.498408,0.497915,0.496845,0.495028,0.492212,0.488071,0.482223,0.474256,0.463773,0.45044,0.434046,0.414555,0.392143,0.367214,0.340388,0.312449,0.284286,0.256798,0.230815,0.207026,0.185923,0.167786,0.152682,0.140496,0.130977,0.123784,0.118539,0.114866,0.112431,0.110965,0.11028,0.11028,0.110965,0.112431,0.114866,0.118539,0.123784,0.130977,0.140496,0.152682,0.167786,0.185923,0.207026,0.230815,0.256798,0.284286,0.312449,0.340388,0.367214,0.392143,0.414555,0.434046,0.45044,0.463773,0.474256,0.482223,0.488071,0.492212,0.495028,0.496845,0.497915,0.498408,0.498408
0.497919,0.497919,0.497293,0.495938,0.493651,0.490136,0.485014,0.477854,0.468207,0.455661,0.439904,0.420791,0.398397,0.373052,0.345341,0.316075,0.286218,0.256798,0.228803,0.203086,0.180291,0.16081,0.14478,0.132102,0.122489,0.115528,0.110741,0.107636,0.105755,0.104705,0.104181,0.103971,0.103971,0.104181,0.104705,0.105755,0.107636,0.110741,0.115528,0.122489,0.132102,0.14478,0.16081,0.180291,0.203086,0.228803,0.256798,0.286218,0.316075,0.345341,0.373052,0.398397,0.420791,0.439904,0.455661,0.468207,0.477854,0.485014,0.490136,0.493651,0.495938,0.497293,0.497919,0.497919
0.49734,0.49734,0.49656,0.494879,0.49206,0.487761,0.481554,0.472962,0.46151,0.446789,0.428533,0.406687,0.381468,0.353381,0.323214,0.291972,0.260791,0.230815,0.203086,0.178433,0.157414,0.140277,0.126981,0.117242,0.110595,0.106469,0.104263,0.103394,0.103345,0.103687,0.104095,0.104354,0.104354,0.104095,0.103687,0.103345,0.103394,0.104263,0.106469,0.110595,0.117242,0.126981,0.140277,0.157414,0.178433,0.203086,0.230815,0.260791,0.291972,0.323214,0.353381,0.381468,0.406687,0.428533,0.446789,0.46151,0.472962,0.481554,0.487761,0.49206,0.494879,0.49656,0.49734,0.49734
0.496671,0.496671,0.495719,0.493675,0.490269,0.485114,0.477736,0.467622,0.454281,0.437329,0.416565,0.392054,0.364175,0.333631,0.301416,0.26873,0.236855,0.207026,0.180291,0.157414,0.138818,0.124575,0.114446,0.107948,0.104443,0.103224,0.103585,0.104884,0.106571,0.108209,0.109476,0.110161,0.110161,0.109476,0.108209,0.106571,0.104884,0.103585,0.103224,0.104443,0.107948,0.114446,0.124575,0.138818,0.157414,0.180291,0.207026,0.236855,0.26873,0.301416,0.333631,0.364175,0.392054,0.416565,0.437329,0.454281,0.467622,0.477736,0.485114,0.490269,0.493675,0.495719,0.496671,0.496671
0.495919,0.495919,0.49478,0.492344,0.488307,0.482241,0.473631,0.461938,0.446673,0.42749,0.40428,0.377246,0.346947,0.314296,0.280491,0.246911,0.214962,0.185923,0.16081,0.140277,0.124575,0.113574,0.106825,0.103653,0.10326,0.104826,0.107578,0.11084,0.114062,0.116822,0.11882,0.119864,0.119864,0.11882,0.116822,0.114062,0.11084,0.107578,0.104826,0.10326,0.103653,0.106825,0.113574,0.124575,0.140277,0.16081,0.185923,0.214962,0.246911,0.280491,0.314296,0.346947,0.377246,0.40428,0.42749,0.446673,0.461938,0.473631,0.482241,0.488307,0.492344,0.49478,0.495919,0.495919
0.495098,0.495098,0.49376,0.49091,0.486213,0.479203,0.469332,0.456045,0.438868,0.417513,0.391979,0.362624,0.330201,0.295829,0.260905,0.226961,0.195493,0.167786,0.14478,0.126981,0.114446,0.106825,0.103461,0.1035,0.106013,0.110095,0.114936,0.119864,0.12435,0.128011,0.130583,0.131907,0.131907,0.130583,0.128011,0.12435,0.119864,0.114936,0.110095,0.106013,0.1035,0.103461,0.106825,0.114446,0.126981,0.14478,0.167786,0.195493,0.226961,0.260905,0.295829,0.330201,0.362624,0.391979,0.417513,0.438868,0.456045,0.469332,0.479203,0.486213,0.49091,0.49376,0.495098,0.495098
0.494227,0.494227,0.492685,0.489411,0.484041,0.476078,0.464949,0.450094,0.431066,0.407651,0.379968,0.348542,0.31432,0.278622,0.243024,0.209184,0.178651,0.152682,0.132102,0.117242,0.107948,0.103653,0.1035,0.106482,0.111565,0.117796,0.124357,0.130604,0.136057,0.140383,0.143368,0.144889,0.144889,0.143368,0.140383,0.136057,0.130604,0.124357,0.117796,0.111565,0.106482,0.1035,0.103653,0.107948,0.117242,0.132102,0.152682,0.178651,0.209184,0.243024,0.278622,0.31432,0.348542,0.379968,0.407651,0.431066,0.450094,0.464949,0.476078,0.484041,0.489411,0.492685,0.494227,0.494227
0.493332,0.493332,0.491586,0.487889,0.481854,0.472957,0.460607,0.444249,0.423478,0.39816,0.368544,0.335323,0.299633,0.262982,0.2271,0.193742,0.164477,0.140496,0.122489,0.110595,0.104443,0.10326,0.106013,0.111565,0.118813,0.126781,0.134674,0.141893,0.148022,0.152791,0.156038,0.15768,0.15768,0.156038,0.152791,0.148022,0.141893,0.134674,0.126781,0.118813,0.111565,0.106013,0.10326,0.104443,0.110595,0.122489,0.140496,0.164477,0.193742,0.2271,0.262982,0.299633,0.335323,0.368544,0.39816,0.423478,0.444249,0.460607,0.472957,0.481854,0.487889,0.491586,0.493332,0.493332
0.492443,0.492443,0.490499,0.486395,0.479722,0.469935,0.456436,0.438681,0.416312,0.389285,0.357978,0.323248,0.286407,0.249132,0.213279,0.180673,0.152871,0.130977,0.115528,0.106469,0.103224,0.104826,0.110095,0.117796,0.126781,0.136079,0.144936,0.152816,0.159368,0.16439,0.167775,0.169475,0.169475,0.167775,0.16439,0.159368,0.152816,0.144936,0.136079,0.126781,0.117796,0.110095,0.104826,0.103224,0.106469,0.115528,0.130977,0.152871,0.180673,0.213279,0.249132,0.286407,0.323248,0.357978,0.389285,0.416312,0.438681,0.456436,0.469935,0.479722,0.486395,0.490499,0.492443,0.492443
0.491593,0.491593,0.489465,0.484981,0.477717,0.467113,0.452567,0.433554,0.409766,0.38125,0.348509,0.312549,0.274844,0.237211,0.201613,0.169912,0.143635,0.123784,0.110741,0.104263,0.103585,0.107578,0.114936,0.124357,0.134674,0.144936,0.154443,0.162724,0.169501,0.174631,0.178058,0.179772,0.179772,0.178058,0.174631,0.169501,0.162724,0.154443,0.144936,0.134674,0.124357,0.114936,0.107578,0.103585,0.104263,0.110741,0.123784,0.143635,0.169912,0.201613,0.237211,0.274844,0.312549,0.348509,0.38125,0.409766,0.433554,0.452567,0.467113,0.477717,0.484981,0.489465,0.491593,0.491593
0.490818,0.490818,0.488524,0.483701,0.475913,0.464588,0.449125,0.429022,0.404022,0.374254,0.340336,0.303409,0.265083,0.227294,0.192081,0.161327,0.136513,0.118539,0.107636,0.103394,0.104884,0.11084,0.119864,0.130604,0.141893,0.152816,0.162724,0.171215,0.178073,0.183213,0.186623,0.18832,0.18832,0.186623,0.183213,0.178073,0.171215,0.162724,0.152816,0.141893,0.130604,0.119864,0.11084,0.104884,0.103394,0.107636,0.118539,0.136513,0.161327,0.192081,0.227294,0.265083,0.303409,0.340336,0.374254,0.404022,0.429022,0.449125,0.464588,0.475913,0.483701,0.488524,0.490818,0.490818
0.490149,0.490149,0.487716,0.482606,0.474376,0.462448,0.446223,0.425222,0.399233,0.368461,0.33362,0.295964,0.257214,0.2194,0.184615,0.154747,0.13123,0.114866,0.105755,0.103345,0.106571,0.114062,0.12435,0.136057,0.148022,0.159368,0.169501,0.178073,0.184926,0.190021,0.193381,0.195047,0.195047,0.193381,0.190021,0.184926,0.178073,0.169501,0.159368,0.148022,0.136057,0.12435,0.114062,0.106571,0.103345,0.105755,0.114866,0.13123,0.154747,0.184615,0.2194,0.257214,0.295964,0.33362,0.368461,0.399233,0.425222,0.446223,0.462448,0.474376,0.482606,0.487716,0.490149,0.490149
0.489619,0.489619,0.487075,0.481742,0.473168,0.460771,0.443958,0.422268,0.395529,0.364003,0.328484,0.29031,0.251289,0.213518,0.179126,0.15,0.127528,0.112431,0.104705,0.103687,0.108209,0.116822,0.128011,0.140383,0.152791,0.16439,0.174631,0.183213,0.190021,0.195051,0.198353,0.199987,0.199987,0.198353,0.195051,0.190021,0.183213,0.174631,0.16439,0.152791,0.140383,0.128011,0.116822,0.108209,0.103687,0.104705,0.112431,0.127528,0.15,0.179126,0.213518,0.251289,0.29031,0.328484,0.364003,0.395529,0.422268,0.443958,0.460771,0.473168,0.481742,0.487075,0.489619,0.489619
0.48925,0.48925,0.486631,0.481144,0.472334,0.459617,0.442404,0.420248,0.393005,0.360978,0.325013,0.28651,0.247332,0.20962,0.175526,0.146931,0.12519,0.110965,0.104181,0.104095,0.109476,0.11882,0.130583,0.143368,0.156038,0.167775,0.178058,0.186623,0.193381,0.198353,0.201608,0.203215,0.203215,0.201608,0.198353,0.193381,0.186623,0.178058,0.167775,0.156038,0.143368,0.130583,0.11882,0.109476,0.104095,0.104181,0.110965,0.12519,0.146931,0.175526,0.20962,0.247332,0.28651,0.325013,0.360978,0.393005,0.420248,0.442404,0.459617,0.472334,0.481144,0.486631,0.48925,0.48925
0.489061,0.489061,0.486404,0.480839,0.471908,0.459029,0.441614,0.419223,0.391727,0.35945,0.323265,0.284602,0.245353,0.207679,0.173745,0.145426,0.124061,0.11028,0.103971,0.104354,0.110161,0.119864,0.131907,0.144889,0.15768,0.169475,0.179772,0.18832,0.195047,0.199987,0.203215,0.204807,0.204807,0.203215,0.199987,0.195047,0.18832,0.179772,0.169475,0.15768,0.144889,0.131907,0.119864,0.110161,0.104354,0.103971,0.11028,0.124061,0.145426,0.173745,0.207679,0.245353,0.284602,0.323265,0.35945,0.391727,0.419223,0.441614,0.459029,0.471908,0.480839,0.486404,0.489061,0.489061
0.489061,0.489061,0.486404,0.480839,0.471908,0.459029,0.441614,0.419223,0.391727,0.35945,0.323265,0.284602,0.245353,0.207679,0.173745,0.145426,0.124061,0.11028,0.103971,0.104354,0.110161,0.119864,0.131907,0.144889,0.15768,0.169475,0.179772,0.18832,0.195047,0.199987,0.203215,0.204807,0.204807,0.203215,0.199987,0.195047,0.18832,0.179772,0.169475,0.15768,0.144889,0.131907,0.119864,0.110161,0.104354,0.103971,0.11028,0.124061,0.145426,0.173745,0.207679,0.245353,0.284602,0.323265,0.35945,0.391727,0.419223,0.441614,0.459029,0.471908,0.480839,0.486404,0.489061,0.489061
0.48925,0.48925,0.486631,0.481144,0.472334,0.459617,0.442404,0.420248,0.393005,0.360978,0.325013,0.28651,0.247332,0.20962,0.175526,0.146931,0.12519,0.110965,0.104181,0.104095,0.109476,0.11882,0.130583,0.143368,0.156038,0.167775,0.178058,0.186623,0.193381,0.198353,0.201608,0.203215,0.203215,0.201608,0.198353,0.193381,0.186623,0.178058,0.167775,0.156038,0.143368,0.130583,0.11882,0.109476,0.104095,0.104181,0.110965,0.12519,0.146931,0.175526,0.20962,0.247332,0.28651,0.325013,0.360978,0.393005,0.420248,0.442404,0.459617,0.472334,0.481144,0.486631,0.48925,0.48925
0.489619,0.489619,0.487075,0.481742,0.473168,0.460771,0.443958,0.422268,0.395529,0.364003,0.328484,0.29031,0.251289,0.213518,0.179126,0.15,0.127528,0.112431,0.104705,0.103687,0.108209,0.116822,0.128011,0.140383,0.152791,0.16439,0.174631,0.183213,0.190021,0.195051,0.198353,0.199987,0.199987,0.198353,0.195051,0.190021,0.183213,0.174631,0.16439,0.152791,0.140383,0.128011,0.116822,0.108209,0.103687,0.104705,0.112431,0.127528,0.15,0.179126,0.213518,0.251289,0.29031,0.328484,0.364003,0.395529,0.422268,0.443958,0.460771,0.473168,0.481742,0.487075,0.489619,0.489619
0.490149,0.490149,0.487716,0.482606,0.474376,0.462448,0.446223,0.425222,0.399233,0.368461,0.33362,0.295964,0.257214,0.2194,0.184615,0.154747,0.13123,0.114866,0.105755,0.103345,0.106571,0.114062,0.12435,0.136057,0.148022,0.159368,0.169501,0.178073,0.184926,0.190021,0.193381,0.195047,0.195047,0.193381,0.190021,0.184926,0.178073,0.169501,0.159368,0.148022,0.136057,0.12435,0.114062,0.106571,0.103345,0.105755,0.114866,0.13123,0.154747,0.184615,0.2194,0.257214,0.295964,0.33362,0.368461,0.399233,0.425222,0.446223,0.462448,0.474376,0.482606,0.487716,0.490149,0.490149
0.490818,0.490818,0.488524,0.483701,0.475913,0.464588,0.449125,0.429022,0.404022,0.374254,0.340336,0.303409,0.265083,0.227294,0.192081,0.161327,0.136513,0.118539,0.107636,0.103394,0.104884,0.11084,0.119864,0.130604,0.141893,0.152816,0.162724,0.171215,0.178073,0.183213,0.186623,0.18832,0.18832,0.186623,0.183213,0.178073,0.171215,0.162724,0.152816,0.141893,0.130604,0.119864,0.11084,0.104884,0.103394,0.107636,0.118539,0.136513,0.161327,0.192081,0.227294,0.265083,0.303409,0.340336,0.374254,0.404022,0.429022,0.449125,0.464588,0.475913,0.483701,0.488524,0.490818,0.490818
0.491593,0.491593,0.489465,0.484981,0.477717,0.467113,0.452567,0.433554,0.409766,0.38125,0.348509,0.312549,0.274844,0.237211,0.201613,0.169912,0.143635,0.123784,0.110741,0.104263,0.103585,0.107578,0.114936,0.124357,0.134674,0.144936,0.154443,0.162724,0.169501,0.174631,0.178058,0.179772,0.179772,0.178058,0.174631,0.169501,0.162724,0.154443,0.144936,0.134674,0.124357,0.114936,0.107578,0.103585,0.104263,0.110741,0.123784,0.143635,0.169912,0.201613,0.237211,0.274844,0.312549,0.348509,0.38125,0.409766,0.433554,0.452567,0.467113,0.477717,0.484981,0.489465,0.491593,0.491593
0.492443,0.492443,0.490499,0.486395,0.479722,0.469935,0.456436,0.438681,0.416312,0.389285,0.357978,0.323248,0.286407,0.249132,0.213279,0.180673,0.152871,0.130977,0.115528,0.106469,0.103224,0.104826,0.110095,0.117796,0.126781,0.136079,0.144936,0.152816,0.159368,0.16439,0.167775,0.169475,0.169475,0.167775,0.16439,0.159368,0.152816,0.144936,0.136079,0.126781,0.117796,0.110095,0.104826,0.103224,0.106469,0.115528,0.130977,0.152871,0.180673,0.213279,0.249132,0.286407,0.323248,0.357978,0.389285,0.416312,0.438681,0.456436,0.469935,0.479722,0.486395,0.490499,0.492443,0.492443
0.493332,0.493332,0.491586,0.487889,0.481854,0.472957,0.460607,0.444249,0.423478,0.39816,0.368544,0.335323,0.299633,0.262982,0.2271,0.193742,0.164477,0.140496,0.122489,0.110595,0.104443,0.10326,0.106013,0.111565,0.118813,0.126781,0.134674,0.141893,0.148022,0.152791,0.156038,0.15768,0.15768,0.156038,0.152791,0.148022,0.141893,0.134674,0.126781,0.118813,0.111565,0.106013,0.10326,0.104443,0.110595,0.122489,0.140496,0.164477,0.193742,0.2271,0.262982,0.299633,0.335323,0.368544,0.39816,0.423478,0.444249,0.460607,0.472957,0.481854,0.487889,0.491586,0.493332,0.493332
0.494227,0.494227,0.492685,0.489411,0.484041,0.476078,0.464949,0.450094,0.431066,0.407651,0.379968,0.348542,0.31432,0.278622,0.243024,0.209184,0.178651,0.152682,0.132102,0.117242,0.107948,0.103653,0.1035,0.106482,0.111565,0.117796,0.124357,0.130604,0.136057,0.140383,0.143368,0.144889,0.144889,0.143368,0.140383,0.136057,0.130604,0.124357,0.117796,0.111565,0.106482,0.1035,0.103653,0.107948,0.117242,0.132102,0.152682,0.178651,0.209184,0.243024,0.278622,0.31432,0.348542,0.379968,0.407651,0.431066,0.450094,0.464949,0.476078,0.484041,0.489411,0.492685,0.494227,0.494227
0.495098,0.495098,0.49376,0.49091,0.486213,0.479203,0.469332,0.456045,0.438868,0.417513,0.391979,0.362624,0.330201,0.295829,0.260905,0.226961,0.195493,0.167786,0.14478,0.126981,0.114446,0.106825,0.103461,0.1035,0.106013,0.110095,0.114936,0.119864,0.12435,0.128011,0.130583,0.131907,0.131907,0.130583,0.128011,0.12435,0.119864,0.114936,0.110095,0.106013,0.1035,0.103461,0.106825,0.114446,0.126981,0.14478,0.167786,0.195493,0.226961,0.260905,0.295829,0.330201,0.362624,0.391979,0.417513,0.438868,0.456045,0.469332,0.479203,0.486213,0.49091,0.49376,0.495098,0.495098
0.495919,0.495919,0.49478,0.492344,0.488307,0.482241,0.473631,0.461938,0.446673,0.42749,0.40428,0.377246,0.346947,0.314296,0.280491,0.246911,0.214962,0.185923,0.16081,0.140277,0.124575,0.113574,0.106825,0.103653,0.10326,0.104826,0.107578,0.11084,0.114062,0.116822,0.11882,0.119864,0.119864,0.11882,0.116822,0.114062,0.11084,0.107578,0.104826,0.10326,0.103653,0.106825,0.113574,0.124575,0.140277,0.16081,0.185923,0.214962,0.246911,0.280491,0.314296,0.346947,0.377246,0.40428,0.42749,0.446673,0.461938,0.473631,0.482241,0.488307,0.492344,0.49478,0.495919,0.495919
0.496671,0.496671,0.495719,0.493675,0.490269,0.485114,0.477736,0.467622,0.454281,0.437329,0.416565,0.392054,0.364175,0.333631,0.301416,0.26873,0.236855,0.207026,0.180291,0.157414,0.138818,0.124575,0.114446,0.107948,0.104443,0.103224,0.103585,0.104884,0.106571,0.108209,0.109476,0.110161,0.110161,0.109476,0.108209,0.106571,0.104884,0.103585,0.103224,0.104443,0.107948,0.114446,0.124575,0.138818,0.157414,0.180291,0.207026,0.236855,0.26873,0.301416,0.333631,0.364175,0.392054,0.416565,0.437329,0.454281,0.467622,0.477736,0.485114,0.490269,0.493675,0.495719,0.496671,0.496671
0.49734,0.49734,0.49656,0.494879,0.49206,0.487761,0.481554,0.472962,0.46151,0.446789,0.428533,0.406687,0.381468,0.353381,0.323214,0.291972,0.260791,0.230815,0.203086,0.178433,0.157414,0.140277,0.126981,0.117242,0.110595,0.106469,0.104263,0.103394,0.103345,0.103687,0.104095,0.104354,0.104354,0.104095,0.103687,0.103345,0.103394,0.104263,0.106469,0.110595,0.117242,0.126981,0.140277,0.157414,0.178433,0.203086,0.230815,0.260791,0.291972,0.323214,0.353381,0.381468,0.406687,0.428533,0.446789,0.46151,0.472962,0.481554,0.487761,0.49206,0.494879,0.49656,0.49734,0.49734
0.497919,0.497919,0.497293,0.495938,0.493651,0.490136,0.485014,0.477854,0.468207,0.455661,0.439904,0.420791,0.398397,0.373052,0.345341,0.316075,0.286218,0.256798,0.228803,0.203086,0.180291,0.16081,0.14478,0.132102,0.122489,0.115528,0.110741,0.107636,0.105755,0.104705,0.104181,0.103971,0.103971,0.104181,0.104705,0.105755,0.107636,0.110741,0.115528,0.122489,0.132102,0.14478,0.16081,0.180291,0.203086,0.228803,0.256798,0.286218,0.316075,0.345341,0.373052,0.398397,0.420791,0.439904,0.455661,0.468207,0.477854,0.485014,0.490136,0.493651,0.495938,0.497293,0.497919,0.497919
0.498408,0.498408,0.497915,0.496845,0.495028,0.492212,0.488071,0.482223,0.474256,0.463773,0.45044,0.434046,0.414555,0.392143,0.367214,0.340388,0.312449,0.284286,0.256798,0.230815,0.207026,0.185923,0.167786,0.152682,0.140496,0.130977,0.123784,0.118539,0.114866,0.112431,0.110965,0.11028,0.11028,0.110965,0.112431,0.114866,0.118539,0.123784,0.130977,0.140496,0.152682,0.167786,0.185923,0.207026,0.230815,0.256798,0.284286,0.312449,0.340388,0.367214,0.392143,0.414555,0.434046,0.45044,0.463773,0.474256,0.482223,0.488071,0.492212,0.495028,0.496845,0.497915,0.498408,0.498408
0.498808,0.498808,0.498429,0.497603,0.496189,0.493981,0.490703,0.486026,0.479583,0.471004,0.459956,0.446187,0.42958,0.410186,0.388255,0.364228,0.338715,0.312449,0.286218,0.260791,0.236855,0.214962,0.195493,0.178651,0.164477,0.152871,0.143635,0.136513,0.13123,0.127528,0.12519,0.124061,0.124061,0.12519,0.127528,0.13123,0.136513,0.143635,0.152871,0.164477,0.178651,0.195493,0.214962,0.236855,0.260791,0.286218,0.312449,0.338715,0.364228,0.388255,0.410186,0.42958,0.446187,0.459956,0.471004,0.479583,0.486026,0.490703,0.493981,0.496189,0.497603,0.498429,0.498808,0.498808
0.499128,0.499128,0.498843,0.498219,0.497143,0.495449,0.492911,0.489251,0.484153,0.477285,0.468329,0.457018,0.443183,0.426783,0.407938,0.386937,0.364228,0.340388,0.316075,0.291972,0.26873,0.246911,0.226961,0.209184,0.193742,0.180673,0.169912,0.161327,0.154747,0.15,0.146931,0.145426,0.145426,0.146931,0.15,0.154747,0.161327,0.169912,0.180673,0.193742,0.209184,0.226961,0.246911,0.26873,0.291972,0.316075,0.340388,0.364228,0.386937,0.407938,0.426783,0.443183,0.457018,0.468329,0.477285,0.484153,0.489251,0.492911,0.495449,0.497143,0.498219,0.498843,0.499128,0.499128
0.499377,0.499377,0.499167,0.498706,0.497907,0.496637,0.494715,0.491915,0.487972,0.482598,0.475503,0.466425,0.455168,0.441628,0.425831,0.407938,0.388255,0.367214,0.345341,0.323214,0.301416,0.280491,0.260905,0.243024,0.2271,0.213279,0.201613,0.192081,0.184615,0.179126,0.175526,0.173745,0.173745,0.175526,0.179126,0.184615,0.192081,0.201613,0.213279,0.2271,0.243024,0.260905,0.280491,0.301416,0.323214,0.345341,0.367214,0.388255,0.407938,0.425831,0.441628,0.455168,0.466425,0.475503,0.482598,0.487972,0.491915,0.494715,0.496637,0.497907,0.498706,0.499167,0.499377,0.499377
0.499565,0.499565,0.499415,0.499082,0.498502,0.497571,0.49615,0.494058,0.49108,0.486973,0.481485,0.474373,0.465436,0.454536,0.441628,0.426783,0.410186,0.392143,0.373052,0.353381,0.333631,0.314296,0.295829,0.278622,0.262982,0.249132,0.237211,0.227294,0.2194,0.213518,0.20962,0.207679,0.207679,0.20962,0.213518,0.2194,0.227294,0.237211,0.249132,0.262982,0.278622,0.295829,0.314296,0.333631,0.353381,0.373052,0.392143,0.410186,0.426783,0.441628,0.454536,0.465436,0.474373,0.481485,0.486973,0.49108,0.494058,0.49615,0.497571,0.498502,0.499082,0.499415,0.499565,0.499565
0.499703,0.499703,0.499598,0.499364,0.498953,0.498287,0.497262,0.495736,0.49354,0.490478,0.486337,0.480904,0.473987,0.465436,0.455168,0.443183,0.42958,0.414555,0.398397,0.381468,0.364175,0.346947,0.330201,0.31432,0.299633,0.286407,0.274844,0.265083,0.257214,0.251289,0.247332,0.245353,0.245353,0.247332,0.251289,0.257214,0.265083,0.274844,0.286407,0.299633,0.31432,0.330201,0.346947,0.364175,0.381468,0.398397,0.414555,0.42958,0.443183,0.455168,0.465436,0.473987,0.480904,0.486337,0.490478,0.49354,0.495736,0.497262,0.498287,0.498953,0.499364,0.499598,0.499703,0.499703
0.499803,0.499803,0.499731,0.49957,0.499286,0.498822,0.498099,0.497014,0.495435,0.493209,0.490163,0.486118,0.480904,0.474373,0.466425,0.457018,0.446187,0.434046,0.420791,0.406687,0.392054,0.377246,0.362624,0.348542,0.335323,0.323248,0.312549,0.303409,0.295964,0.29031,0.28651,0.284602,0.284602,0.28651,0.29031,0.295964,0.303409,0.312549,0.323248,0.335323,0.348542,0.362624,0.377246,0.392054,0.406687,0.420791,0.434046,0.446187,0.457018,0.466425,0.474373,0.480904,0.486118,0.490163,0.493209,0.495435,0.497014,0.498099,0.498822,0.499286,0.49957,0.499731,0.499803,0.499803
0.499872,0.499872,0.499824,0.499717,0.499525,0.499209,0.498713,0.497961,0.496855,0.495277,0.493095,0.490163,0.486337,0.481485,0.475503,0.468329,0.459956,0.45044,0.439904,0.428533,0.416565,0.40428,0.391979,0.379968,0.368544,0.357978,0.348509,0.340336,0.33362,0.328484,0.325013,0.323265,0.323265,0.325013,0.328484,0.33362,0.340336,0.348509,0.357978,0.368544,0.379968,0.391979,0.40428,0.416565,0.428533,0.439904,0.45044,0.459956,0.468329,0.475503,0.481485,0.486337,0.490163,0.493095,0.495277,0.496855,0.497961,0.498713,0.499209,0.499525,0.499717,0.499824,0.499872,0.499872
0.499919,0.499919,0.499888,0.499818,0.499692,0.499483,0.499151,0.498643,0.497888,0.4968,0.495277,0.493209,0.490478,0.486973,0.482598,0.477285,0.471004,0.463773,0.455661,0.446789,0.437329,0.42749,0.417513,0.407651,0.39816,0.389285,0.38125,0.374254,0.368461,0.364003,0.360978,0.35945,0.35945,0.360978,0.364003,0.368461,0.374254,0.38125,0.389285,0.39816,0.407651,0.417513,0.42749,0.437329,0.446789,0.455661,0.463773,0.471004,0.477285,0.482598,0.486973,0.490478,0.493209,0.495277,0.4968,0.497888,0.498643,0.499151,0.499483,0.499692,0.499818,0.499888,0.499919,0.499919
0.49995,0.49995,0.499931,0.499886,0.499805,0.49967,0.499454,0.49912,0.498618,0.497888,0.496855,0.495435,0.49354,0.49108,0.487972,0.484153,0.479583,0.474256,0.468207,0.46151,0.454281,0.446673,0.438868,0.431066,0.423478,0.416312,0.409766,0.404022,0.399233,0.395529,0.393005,0.391727,0.391727,0.393005,0.395529,0.399233,0.404022,0.409766,0.416312,0.423478,0.431066,0.438868,0.446673,0.454281,0.46151,0.468207,0.474256,0.479583,0.484153,0.487972,0.49108,0.49354,0.495435,0.496855,0.497888,0.498618,0.49912,0.499454,0.49967,0.499805,0.499886,0.499931,0.49995,0.49995
0.49997,0.49997,0.499958,0.49993,0.49988,0.499795,0.499658,0.499444,0.49912,0.498643,0.497961,0.497014,0.495736,0.494058,0.491915,0.489251,0.486026,0.482223,0.477854,0.472962,0.467622,0.461938,0.456045,0.450094,0.444249,0.438681,0.433554,0.429022,0.425222,0.422268,0.420248,0.419223,0.419223,0.420248,0.422268,0.425222,0.429022,0.433554,0.438681,0.444249,0.450094,0.456045,0.461938,0.467622,0.472962,0.477854,0.482223,0.486026,0.489251,0.491915,0.494058,0.495736,0.497014,0.497961,0.498643,0.49912,0.499444,0.499658,0.499795,0.49988,0.49993,0.499958,0.49997,0.49997
0.499983,0.499983,0.499975,0.499959,0.499928,0.499876,0.499792,0.499658,0.499454,0.499151,0.498713,0.498099,0.497262,0.49615,0.494715,0.492911,0.490703,0.488071,0.485014,0.481554,0.477736,0.473631,0.469332,0.464949,0.460607,0.456436,0.452567,0.449125,0.446223,0.443958,0.442404,0.441614,0.441614,0.442404,0.443958,0.446223,0.449125,0.452567,0.456436,0.460607,0.464949,0.469332,0.473631,0.477736,0.481554,0.485014,0.488071,0.490703,0.492911,0.494715,0.49615,0.497262,0.498099,0.498713,0.499151,0.499454,0.499658,0.499792,0.499876,0.499928,0.499959,0.499975,0.499983,0.499983
0.49999,0.49999,0.499986,0.499976,0.499958,0.499927,0.499876,0.499795,0.49967,0.499483,0.499209,0.498822,0.498287,0.497571,0.496637,0.495449,0.493981,0.492212,0.490136,0.487761,0.485114,0.482241,0.479203,0.476078,0.472957,0.469935,0.467113,0.464588,0.462448,0.460771,0.459617,0.459029,0.459029,0.459617,0.460771,0.462448,0.464588,0.467113,0.469935,0.472957,0.476078,0.479203,0.482241,0.485114,0.487761,0.490136,0.492212,0.493981,0.495449,0.496637,0.497571,0.498287,0.498822,0.499209,0.499483,0.49967,0.499795,0.499876,0.499927,0.499958,0.499976,0.499986,0.49999,0.49999
0.499994,0.499994,0.499992,0.499986,0.499976,0.499958,0.499928,0.49988,0.499805,0.499692,0.499525,0.499286,0.498953,0.498502,0.497907,0.497143,0.496189,0.495028,0.493651,0.49206,0.490269,0.488307,0.486213,0.484041,0.481854,0.479722,0.477717,0.475913,0.474376,0.473168,0.472334,0.471908,0.471908,0.472334,0.473168,0.474376,0.475913,0.477717,0.479722,0.481854,0.484041,0.486213,0.488307,0.490269,0.49206,0.493651,0.495028,0.496189,0.497143,0.497907,0.498502,0.498953,0.499286,0.499525,0.499692,0.499805,0.49988,0.499928,0.499958,0.499976,0.499986,0.499992,0.499994,0.499994
0.499997,0.499997,0.499996,0.499992,0.499986,0.499976,0.499959,0.49993,0.499886,0.499818,0.499717,0.49957,0.499364,0.499082,0.498706,0.498219,0.497603,0.496845,0.495938,0.494879,0.493675,0.492344,0.49091,0.489411,0.487889,0.486395,0.484981,0.483701,0.482606,0.481742,0.481144,0.480839,0.480839,0.481144,0.481742,0.482606,0.483701,0.484981,0.486395,0.487889,0.489411,0.49091,0.492344,0.493675,0.494879,0.495938,0.496845,0.497603,0.498219,0.498706,0.499082,0.499364,0.49957,0.499717,0.499818,0.499886,0.49993,0.499959,0.499976,0.499986,0.499992,0.499996,0.499997,0.499997
0.499998,0.499998,0.499997,0.499996,0.499992,0.499986,0.499975,0.499958,0.499931,0.499888,0.499824,0.499731,0.499598,0.499415,0.499167,0.498843,0.498429,0.497915,0.497293,0.49656,0.495719,0.49478,0.49376,0.492685,0.491586,0.490499,0.489465,0.488524,0.487716,0.487075,0.486631,0.486404,0.486404,0.486631,0.487075,0.487716,0.488524,0.489465,0.490499,0.491586,0.492685,0.49376,0.49478,0.495719,0.49656,0.497293,0.497915,0.498429,0.498843,0.499167,0.499415,0.499598,0.499731,0.499824,0.499888,0.499931,0.499958,0.499975,0.499986,0.499992,0.499996,0.499997,0.499998,0.499998
0.499999,0.499999,0.499998,0.499997,0.499994,0.49999,0.499983,0.49997,0.49995,0.499919,0.499872,0.499803,0.499703,0.499565,0.499377,0.499128,0.498808,0.498408,0.497919,0.49734,0.496671,0.495919,0.495098,0.494227,0.493332,0.492443,0.491593,0.490818,0.490149,0.489619,0.48925,0.489061,0.489061,0.48925,0.489619,0.490149,0.490818,0.491593,0.492443,0.493332,0.494227,0.495098,0.495919,0.496671,0.49734,0.497919,0.498408,0.498808,0.499128,0.499377,0.499565,0.499703,0.499803,0.499872,0.499919,0.49995,0.49997,0.499983,0.49999,0.499994,0.499997,0.499998,0.499999,0.499999
0.499999,0.499999,0.499998,0.499997,0.499994,0.49999,0.499983,0.49997,0.49995,0.499919,0.499872,0.499803,0.499703,0.499565,0.499377,0.499128,0.498808,0.498408,0.497919,0.49734,0.496671,0.495919,0.495098,0.494227,0.493332,0.492443,0.491593,0.490818,0.490149,0.489619,0.48925,0.489061,0.489061,0.48925,0.489619,0.490149,0.490818,0.491593,0.492443,0.493332,0.494227,0.495098,0.495919,0.496671,0.49734,0.497919,0.498408,0.498808,0.499128,0.499377,0.499565,0.499703,0.499803,0.499872,0.499919,0.49995,0.49997,0.499983,0.49999,0.499994,0.499997,0.499998,0.499999,0.499999
