0.499999,0.499998,0.499998,0.499996,0.499992,0.499986,0.499976,0.499959,0.499933,0.499892,0.49983,0.49974,0.499612,0.499435,0.499196,0.498883,0.498483,0.497986,0.497384,0.496674,0.495859,0.494948,0.493957,0.492912,0.491843,0.490784,0.489776,0.488858,0.488069,0.487443,0.487009,0.486787,0.486787,0.487009,0.487443,0.488069,0.488858,0.489776,0.490784,0.491843,0.492912,0.493957,0.494948,0.495859,0.496674,0.497384,0.497986,0.498483,0.498883,0.499196,0.499435,0.499612,0.49974,0.49983,0.499892,0.499933,0.499959,0.499976,0.499986,0.499992,0.499996,0.499998,0.499998,0.499998
0.499998,0.499998,0.499998,0.499996,0.499992,0.499986,0.499976,0.499959,0.499933,0.499892,0.49983,0.49974,0.499612,0.499435,0.499196,0.498883,0.498483,0.497986,0.497384,0.496674,0.495859,0.494948,0.493957,0.492912,0.491843,0.490784,0.489776,0.488858,0.488069,0.487443,0.487009,0.486787,0.486787,0.487009,0.487443,0.488069,0.488858,0.489776,0.490784,0.491843,0.492912,0.493957,0.494948,0.495859,0.496674,0.497384,0.497986,0.498483,0.498883,0.499196,0.499435,0.499612,0.49974,0.49983,0.499892,0.499933,0.499959,0.499976,0.499986,0.499992,0.499996,0.499998,0.499998,0.499998
0.499998,0.499998,0.499996,0.499994,0.499989,0.499981,0.499966,0.499943,0.499907,0.499852,0.499769,0.499649,0.49948,0.499248,0.498938,0.498534,0.498023,0.497392,0.496634,0.495746,0.494733,0.493609,0.492395,0.49112,0.489822,0.488544,0.487331,0.486231,0.485289,0.484543,0.484026,0.483762,0.483762,0.484026,0.484543,0.485289,0.486231,0.487331,0.488544,0.489822,0.49112,0.492395,0.493609,0.494733,0.495746,0.496634,0.497392,0.498023,0.498534,0.498938,0.499248,0.49948,0.499649,0.499769,0.499852,0.499907,0.499943,0.499966,0.499981,0.499989,0.499994,0.499996,0.499998,0.499998
0.499996,0.499996,0.499994,0.499989,0.499981,0.499968,0.499944,0.499907,0.499849,0.499762,0.499632,0.499447,0.499188,0.498836,0.498372,0.497774,0.497025,0.49611,0.495022,0.49376,0.492334,0.490766,0.489087,0.487339,0.485573,0.483845,0.482216,0.480746,0.479491,0.478502,0.477819,0.477471,0.477471,0.477819,0.478502,0.479491,0.480746,0.482216,0.483845,0.485573,0.487339,0.489087,0.490766,0.492334,0.49376,0.495022,0.49611,0.497025,0.497774,0.498372,0.498836,0.499188,0.499447,0.499632,0.499762,0.499849,0.499907,0.499944,0.499968,0.499981,0.499989,0.499994,0.499996,0.499996
0.499992,0.499992,0.499989,0.499981,0.499968,0.499944,0.499904,0.499842,0.499746,0.499601,0.499391,0.499092,0.498679,0.498125,0.497401,0.496479,0.495335,0.493954,0.492328,0.490461,0.488375,0.486101,0.483689,0.481199,0.478704,0.476281,0.474011,0.471975,0.470245,0.468887,0.467952,0.467475,0.467475,0.467952,0.468887,0.470245,0.471975,0.474011,0.476281,0.478704,0.481199,0.483689,0.486101,0.488375,0.490461,0.492328,0.493954,0.495335,0.496479,0.497401,0.498125,0.498679,0.499092,0.499391,0.499601,0.499746,0.499842,0.499904,0.499944,0.499968,0.499981,0.499989,0.499992,0.499992
0.499986,0.499986,0.499981,0.499968,0.499944,0.499903,0.499837,0.499733,0.499574,0.499338,0.498998,0.498519,0.497865,0.496997,0.495874,0.494459,0.492724,0.49065,0.488233,0.485489,0.482451,0.479173,0.475728,0.472204,0.4687,0.465323,0.462182,0.45938,0.457012,0.455159,0.453887,0.45324,0.45324,0.453887,0.455159,0.457012,0.45938,0.462182,0.465323,0.4687,0.472204,0.475728,0.479173,0.482451,0.485489,0.488233,0.49065,0.492724,0.494459,0.495874,0.496997,0.497865,0.498519,0.498998,0.499338,0.499574,0.499733,0.499837,0.499903,0.499944,0.499968,0.499981,0.499986,0.499986
0.499976,0.499976,0.499966,0.499944,0.499904,0.499837,0.499729,0.499559,0.499303,0.498926,0.498386,0.497637,0.496625,0.495294,0.493591,0.49147,0.488895,0.485851,0.482343,0.478401,0.474082,0.469469,0.464667,0.4598,0.455003,0.450416,0.446178,0.442422,0.439264,0.436804,0.435119,0.434264,0.434264,0.435119,0.436804,0.439264,0.442422,0.446178,0.450416,0.455003,0.4598,0.464667,0.469469,0.474082,0.478401,0.482343,0.485851,0.488895,0.49147,0.493591,0.495294,0.496625,0.497637,0.498386,0.498926,0.499303,0.499559,0.499729,0.499837,0.499904,0.499944,0.499966,0.499976,0.499976
0.499959,0.499959,0.499943,0.499907,0.499842,0.499733,0.499559,0.49929,0.498887,0.4983,0.497469,0.496327,0.494801,0.492817,0.490306,0.487212,0.4835,0.479161,0.474215,0.46872,0.462765,0.456472,0.449988,0.44348,0.437123,0.431097,0.425571,0.420706,0.416639,0.413484,0.411332,0.41024,0.41024,0.411332,0.413484,0.416639,0.420706,0.425571,0.431097,0.437123,0.44348,0.449988,0.456472,0.462765,0.46872,0.474215,0.479161,0.4835,0.487212,0.490306,0.492817,0.494801,0.496327,0.497469,0.4983,0.498887,0.49929,0.499559,0.499733,0.499842,0.499907,0.499943,0.499959,0.499959
0.499933,0.499933,0.499907,0.499849,0.499746,0.499574,0.499303,0.498887,0.49827,0.497381,0.496136,0.494444,0.492207,0.489332,0.485736,0.481357,0.476165,0.470166,0.463411,0.455993,0.448048,0.439747,0.431289,0.422887,0.414763,0.407132,0.400193,0.394128,0.389088,0.3852,0.382556,0.381218,0.381218,0.382556,0.3852,0.389088,0.394128,0.400193,0.407132,0.414763,0.422887,0.431289,0.439747,0.448048,0.455993,0.463411,0.470166,0.476165,0.481357,0.485736,0.489332,0.492207,0.494444,0.496136,0.497381,0.49827,0.498887,0.499303,0.499574,0.499746,0.499849,0.499907,0.499933,0.499933
0.499892,0.499892,0.499852,0.499762,0.499601,0.499338,0.498926,0.4983,0.497381,0.49607,0.494257,0.491818,0.488632,0.484585,0.479583,0.473568,0.466524,0.458488,0.449552,0.439863,0.429615,0.419039,0.408391,0.397937,0.387938,0.378641,0.370266,0.363005,0.357014,0.352417,0.349303,0.347732,0.347732,0.349303,0.352417,0.357014,0.363005,0.370266,0.378641,0.387938,0.397937,0.408391,0.419039,0.429615,0.439863,0.449552,0.458488,0.466524,0.473568,0.479583,0.484585,0.488632,0.491818,0.494257,0.49607,0.497381,0.4983,0.498926,0.499338,0.499601,0.499762,0.499852,0.499892,0.499892
0.49983,0.49983,0.499769,0.499632,0.499391,0.498998,0.498386,0.497469,0.496136,0.494257,0.491684,0.488266,0.483853,0.478316,0.471559,0.463538,0.454268,0.443833,0.432386,0.420142,0.407367,0.394359,0.381435,0.368907,0.35707,0.346189,0.336489,0.328158,0.321338,0.316138,0.312634,0.31087,0.31087,0.312634,0.316138,0.321338,0.328158,0.336489,0.346189,0.35707,0.368907,0.381435,0.394359,0.407367,0.420142,0.432386,0.443833,0.454268,0.463538,0.471559,0.478316,0.483853,0.488266,0.491684,0.494257,0.496136,0.497469,0.498386,0.498998,0.499391,0.499632,0.499769,0.49983,0.49983
0.49974,0.49974,0.499649,0.499447,0.499092,0.498519,0.497637,0.496327,0.494444,0.491818,0.488266,0.483603,0.477656,0.47029,0.46142,0.451032,0.439194,0.426057,0.411854,0.396885,0.381495,0.366056,0.350939,0.336493,0.323031,0.310816,0.300057,0.290915,0.283501,0.27789,0.274129,0.272243,0.272243,0.274129,0.27789,0.283501,0.290915,0.300057,0.310816,0.323031,0.336493,0.350939,0.366056,0.381495,0.396885,0.411854,0.426057,0.439194,0.451032,0.46142,0.47029,0.477656,0.483603,0.488266,0.491818,0.494444,0.496327,0.497637,0.498519,0.499092,0.499447,0.499649,0.49974,0.49974
0.499612,0.499612,0.49948,0.499188,0.498679,0.497865,0.496625,0.494801,0.492207,0.488632,0.483853,0.477656,0.469855,0.460321,0.448998,0.435926,0.421249,0.405209,0.388137,0.370429,0.352517,0.33484,0.317813,0.301803,0.287116,0.273989,0.262589,0.253024,0.245353,0.2396,0.235769,0.233856,0.233856,0.235769,0.2396,0.245353,0.253024,0.262589,0.273989,0.287116,0.301803,0.317813,0.33484,0.352517,0.370429,0.388137,0.405209,0.421249,0.435926,0.448998,0.460321,0.469855,0.477656,0.483853,0.488632,0.492207,0.494801,0.496625,0.497865,0.498679,0.499188,0.49948,0.499612,0.499612
0.499435,0.499435,0.499248,0.498836,0.498125,0.496997,0.495294,0.492817,0.489332,0.484585,0.478316,0.47029,0.460321,0.448304,0.434239,0.418246,0.40057,0.381565,0.361678,0.341407,0.321269,0.301755,0.283304,0.266275,0.250938,0.237472,0.225975,0.216476,0.208962,0.203391,0.199712,0.197885,0.197885,0.199712,0.203391,0.208962,0.216476,0.225975,0.237472,0.250938,0.266275,0.283304,0.301755,0.321269,0.341407,0.361678,0.381565,0.40057,0.418246,0.434239,0.448304,0.460321,0.47029,0.478316,0.484585,0.489332,0.492817,0.495294,0.496997,0.498125,0.498836,0.499248,0.499435,0.499435
0.499196,0.499196,0.498938,0.498372,0.497401,0.495874,0.493591,0.490306,0.485736,0.479583,0.471559,0.46142,0.448998,0.434239,0.417226,0.398187,0.377492,0.355631,0.333172,0.310716,0.288848,0.268095,0.248886,0.231541,0.216259,0.20313,0.192154,0.183265,0.176357,0.171311,0.168017,0.166393,0.166393,0.168017,0.171311,0.176357,0.183265,0.192154,0.20313,0.216259,0.231541,0.248886,0.268095,0.288848,0.310716,0.333172,0.355631,0.377492,0.398187,0.417226,0.434239,0.448998,0.46142,0.471559,0.479583,0.485736,0.490306,0.493591,0.495874,0.497401,0.498372,0.498938,0.499196,0.499196
0.498883,0.498883,0.498534,0.497774,0.496479,0.494459,0.49147,0.487212,0.481357,0.473568,0.463538,0.451032,0.435926,0.418246,0.398187,0.376113,0.352545,0.328115,0.303516,0.27944,0.256518,0.235276,0.216103,0.199239,0.18478,0.172698,0.162875,0.15513,0.14926,0.145064,0.142371,0.141057,0.141057,0.142371,0.145064,0.14926,0.15513,0.162875,0.172698,0.18478,0.199239,0.216103,0.235276,0.256518,0.27944,0.303516,0.328115,0.352545,0.376113,0.398187,0.418246,0.435926,0.451032,0.463538,0.473568,0.481357,0.487212,0.49147,0.494459,0.496479,0.497774,0.498534,0.498883,0.498883
0.498483,0.498483,0.498023,0.497025,0.495335,0.492724,0.488895,0.4835,0.476165,0.466524,0.454268,0.439194,0.421249,0.40057,0.377492,0.352545,0.326411,0.29987,0.273729,0.248746,0.225567,0.204679,0.186389,0.170821,0.157936,0.147569,0.139467,0.133332,0.128863,0.125782,0.123862,0.122943,0.122943,0.123862,0.125782,0.128863,0.133332,0.139467,0.147569,0.157936,0.170821,0.186389,0.204679,0.225567,0.248746,0.273729,0.29987,0.326411,0.352545,0.377492,0.40057,0.421249,0.439194,0.454268,0.466524,0.476165,0.4835,0.488895,0.492724,0.495335,0.497025,0.498023,0.498483,0.498483
0.497986,0.497986,0.497392,0.49611,0.493954,0.49065,0.485851,0.479161,0.470166,0.458488,0.443833,0.426057,0.405209,0.381565,0.355631,0.328115,0.29987,0.271816,0.244851,0.219765,0.197178,0.177498,0.160907,0.147381,0.136726,0.128624,0.122687,0.118507,0.115691,0.113899,0.11286,0.112388,0.112388,0.11286,0.113899,0.115691,0.118507,0.122687,0.128624,0.136726,0.147381,0.160907,0.177498,0.197178,0.219765,0.244851,0.271816,0.29987,0.328115,0.355631,0.381565,0.405209,0.426057,0.443833,0.458488,0.470166,0.479161,0.485851,0.49065,0.493954,0.49611,0.497392,0.497986,0.497986
0.497384,0.497384,0.496634,0.495022,0.492328,0.488233,0.482343,0.474215,0.463411,0.449552,0.432386,0.411854,0.388137,0.361678,0.333172,0.303516,0.273729,0.244851,0.217837,0.193471,0.172302,0.154612,0.140427,0.129551,0.121618,0.11616,0.112663,0.110622,0.109576,0.10914,0.109017,0.109006,0.109006,0.109017,0.10914,0.109576,0.110622,0.112663,0.11616,0.121618,0.129551,0.140427,0.154612,0.172302,0.193471,0.217837,0.244851,0.273729,0.303516,0.333172,0.361678,0.388137,0.411854,0.432386,0.449552,0.463411,0.474215,0.482343,0.488233,0.492328,0.495022,0.496634,0.497384,0.497384
0.496674,0.496674,0.495746,0.49376,0.490461,0.485489,0.478401,0.46872,0.455993,0.439863,0.420142,0.396885,0.370429,0.341407,0.310716,0.27944,0.248746,0.219765,0.193471,0.170596,0.151569,0.136514,0.12527,0.117455,0.112534,0.109899,0.108929,0.109046,0.109749,0.110629,0.111383,0.11181,0.11181,0.111383,0.110629,0.109749,0.109046,0.108929,0.109899,0.112534,0.117455,0.12527,0.136514,0.151569,0.170596,0.193471,0.219765,0.248746,0.27944,0.310716,0.341407,0.370429,0.396885,0.420142,0.439863,0.455993,0.46872,0.478401,0.485489,0.490461,0.49376,0.495746,0.496674,0.496674
0.495859,0.495859,0.494733,0.492334,0.488375,0.482451,0.474082,0.462765,0.448048,0.429615,0.407367,0.381495,0.352517,0.321269,0.288848,0.256518,0.225567,0.197178,0.172302,0.151569,0.135255,0.12329,0.115314,0.110756,0.108924,0.10909,0.110555,0.112699,0.115006,0.117071,0.118604,0.119416,0.119416,0.118604,0.117071,0.115006,0.112699,0.110555,0.10909,0.108924,0.110756,0.115314,0.12329,0.135255,0.151569,0.172302,0.197178,0.225567,0.256518,0.288848,0.321269,0.352517,0.381495,0.407367,0.429615,0.448048,0.462765,0.474082,0.482451,0.488375,0.492334,0.494733,0.495859,0.495859
0.494948,0.494948,0.493609,0.490766,0.486101,0.479173,0.469469,0.456472,0.439747,0.419039,0.394359,0.366056,0.33484,0.301755,0.268095,0.235276,0.204679,0.177498,0.154612,0.136514,0.12329,0.114661,0.110064,0.108749,0.109887,0.112661,0.116324,0.120245,0.123922,0.126977,0.12915,0.130275,0.130275,0.12915,0.126977,0.123922,0.120245,0.116324,0.112661,0.109887,0.108749,0.110064,0.114661,0.12329,0.136514,0.154612,0.177498,0.204679,0.235276,0.268095,0.301755,0.33484,0.366056,0.394359,0.419039,0.439747,0.456472,0.469469,0.479173,0.486101,0.490766,0.493609,0.494948,0.494948
0.493957,0.493957,0.492395,0.489087,0.483689,0.475728,0.464667,0.449988,0.431289,0.408391,0.381435,0.350939,0.317813,0.283304,0.248886,0.216103,0.186389,0.160907,0.140427,0.12527,0.115314,0.110064,0.108759,0.110493,0.114329,0.11939,0.124916,0.130293,0.135056,0.138875,0.141528,0.142885,0.142885,0.141528,0.138875,0.135056,0.130293,0.124916,0.11939,0.114329,0.110493,0.108759,0.110064,0.115314,0.12527,0.140427,0.160907,0.186389,0.216103,0.248886,0.283304,0.317813,0.350939,0.381435,0.408391,0.431289,0.449988,0.464667,0.475728,0.483689,0.489087,0.492395,0.493957,0.493957
0.492912,0.492912,0.49112,0.487339,0.481199,0.472204,0.4598,0.44348,0.422887,0.397937,0.368907,0.336493,0.301803,0.266275,0.231541,0.199239,0.170821,0.147381,0.129551,0.117455,0.110756,0.108749,0.110493,0.114952,0.121112,0.128068,0.135075,0.141561,0.147117,0.151469,0.154447,0.155957,0.155957,0.154447,0.151469,0.147117,0.141561,0.135075,0.128068,0.121112,0.114952,0.110493,0.108749,0.110756,0.117455,0.129551,0.147381,0.170821,0.199239,0.231541,0.266275,0.301803,0.336493,0.368907,0.397937,0.422887,0.44348,0.4598,0.472204,0.481199,0.487339,0.49112,0.492912,0.492912
0.491843,0.491843,0.489822,0.485573,0.478704,0.4687,0.455003,0.437123,0.414763,0.387938,0.35707,0.323031,0.287116,0.250938,0.216259,0.18478,0.157936,0.136726,0.121618,0.112534,0.108924,0.109887,0.114329,0.121112,0.129174,0.137613,0.145721,0.152985,0.159062,0.163741,0.166906,0.168499,0.168499,0.166906,0.163741,0.159062,0.152985,0.145721,0.137613,0.129174,0.121112,0.114329,0.109887,0.108924,0.112534,0.121618,0.136726,0.157936,0.18478,0.216259,0.250938,0.287116,0.323031,0.35707,0.387938,0.414763,0.437123,0.455003,0.4687,0.478704,0.485573,0.489822,0.491843,0.491843
0.490784,0.490784,0.488544,0.483845,0.476281,0.465323,0.450416,0.431097,0.407132,0.378641,0.346189,0.310816,0.273989,0.237472,0.20313,0.172698,0.147569,0.128624,0.11616,0.109899,0.10909,0.112661,0.11939,0.128068,0.137613,0.147147,0.156014,0.163768,0.170138,0.174976,0.178218,0.179841,0.179841,0.178218,0.174976,0.170138,0.163768,0.156014,0.147147,0.137613,0.128068,0.11939,0.112661,0.10909,0.109899,0.11616,0.128624,0.147569,0.172698,0.20313,0.237472,0.273989,0.310816,0.346189,0.378641,0.407132,0.431097,0.450416,0.465323,0.476281,0.483845,0.488544,0.490784,0.490784
0.489776,0.489776,0.487331,0.482216,0.474011,0.462182,0.446178,0.425571,0.400193,0.370266,0.336489,0.300057,0.262589,0.225975,0.192154,0.162875,0.139467,0.122687,0.112663,0.108929,0.110555,0.116324,0.124916,0.135075,0.145721,0.156014,0.165358,0.173377,0.179867,0.184742,0.187982,0.189597,0.189597,0.187982,0.184742,0.179867,0.173377,0.165358,0.156014,0.145721,0.135075,0.124916,0.116324,0.110555,0.108929,0.112663,0.122687,0.139467,0.162875,0.192154,0.225975,0.262589,0.300057,0.336489,0.370266,0.400193,0.425571,0.446178,0.462182,0.474011,0.482216,0.487331,0.489776,0.489776
0.488858,0.488858,0.486231,0.480746,0.471975,0.45938,0.442422,0.420706,0.394128,0.363005,0.328158,0.290915,0.253024,0.216476,0.183265,0.15513,0.133332,0.118507,0.110622,0.109046,0.112699,0.120245,0.130293,0.141561,0.152985,0.163768,0.173377,0.181501,0.187997,0.192831,0.196023,0.197607,0.197607,0.196023,0.192831,0.187997,0.181501,0.173377,0.163768,0.152985,0.141561,0.130293,0.120245,0.112699,0.109046,0.110622,0.118507,0.133332,0.15513,0.183265,0.216476,0.253024,0.290915,0.328158,0.363005,0.394128,0.420706,0.442422,0.45938,0.471975,0.480746,0.486231,0.488858,0.488858
0.488069,0.488069,0.485289,0.479491,0.470245,0.457012,0.439264,0.416639,0.389088,0.357014,0.321338,0.283501,0.245353,0.208962,0.176357,0.14926,0.128863,0.115691,0.109576,0.109749,0.115006,0.123922,0.135056,0.147117,0.159062,0.170138,0.179867,0.187997,0.194437,0.199192,0.202315,0.20386,0.20386,0.202315,0.199192,0.194437,0.187997,0.179867,0.170138,0.159062,0.147117,0.135056,0.123922,0.115006,0.109749,0.109576,0.115691,0.128863,0.14926,0.176357,0.208962,0.245353,0.283501,0.321338,0.357014,0.389088,0.416639,0.439264,0.457012,0.470245,0.479491,0.485289,0.488069,0.488069
0.487443,0.487443,0.484543,0.478502,0.468887,0.455159,0.436804,0.413484,0.3852,0.352417,0.316138,0.27789,0.2396,0.203391,0.171311,0.145064,0.125782,0.113899,0.10914,0.110629,0.117071,0.126977,0.138875,0.151469,0.163741,0.174976,0.184742,0.192831,0.199192,0.203863,0.206917,0.208424,0.208424,0.206917,0.203863,0.199192,0.192831,0.184742,0.174976,0.163741,0.151469,0.138875,0.126977,0.117071,0.110629,0.10914,0.113899,0.125782,0.145064,0.171311,0.203391,0.2396,0.27789,0.316138,0.352417,0.3852,0.413484,0.436804,0.455159,0.468887,0.478502,0.484543,0.487443,0.487443
0.487009,0.487009,0.484026,0.477819,0.467952,0.453887,0.435119,0.411332,0.382556,0.349303,0.312634,0.274129,0.235769,0.199712,0.168017,0.142371,0.123862,0.11286,0.109017,0.111383,0.118604,0.12915,0.141528,0.154447,0.166906,0.178218,0.187982,0.196023,0.202315,0.206917,0.209918,0.211396,0.211396,0.209918,0.206917,0.202315,0.196023,0.187982,0.178218,0.166906,0.154447,0.141528,0.12915,0.118604,0.111383,0.109017,0.11286,0.123862,0.142371,0.168017,0.199712,0.235769,0.274129,0.312634,0.349303,0.382556,0.411332,0.435119,0.453887,0.467952,0.477819,0.484026,0.487009,0.487009
0.486787,0.486787,0.483762,0.477471,0.467475,0.45324,0.434264,0.41024,0.381218,0.347732,0.31087,0.272243,0.233856,0.197885,0.166393,0.141057,0.122943,0.112388,0.109006,0.11181,0.119416,0.130275,0.142885,0.155957,0.168499,0.179841,0.189597,0.197607,0.20386,0.208424,0.211396,0.212859,0.212859,0.211396,0.208424,0.20386,0.197607,0.189597,0.179841,0.168499,0.155957,0.142885,0.130275,0.119416,0.11181,0.109006,0.112388,0.122943,0.141057,0.166393,0.197885,0.233856,0.272243,0.31087,0.347732,0.381218,0.41024,0.434264,0.45324,0.467475,0.477471,0.483762,0.486787,0.486787
0.486787,0.486787,0.483762,0.477471,0.467475,0.45324,0.434264,0.41024,0.381218,0.347732,0.31087,0.272243,0.233856,0.197885,0.166393,0.141057,0.122943,0.112388,0.109006,0.11181,0.119416,0.130275,0.142885,0.155957,0.168499,0.179841,0.189597,0.197607,0.20386,0.208424,0.211396,0.212859,0.212859,0.211396,0.208424,0.20386,0.197607,0.189597,0.179841,0.168499,0.155957,0.142885,0.130275,0.119416,0.11181,0.109006,0.112388,0.122943,0.141057,0.166393,0.197885,0.233856,0.272243,0.31087,0.347732,0.381218,0.41024,0.434264,0.45324,0.467475,0.477471,0.483762,0.486787,0.486787
0.487009,0.487009,0.484026,0.477819,0.467952,0.453887,0.435119,0.411332,0.382556,0.349303,0.312634,0.274129,0.235769,0.199712,0.168017,0.142371,0.123862,0.11286,0.109017,0.111383,0.118604,0.12915,0.141528,0.154447,0.166906,0.178218,0.187982,0.196023,0.202315,0.206917,0.209918,0.211396,0.211396,0.209918,0.206917,0.202315,0.196023,0.187982,0.178218,0.166906,0.154447,0.141528,0.12915,0.118604,0.111383,0.109017,0.11286,0.123862,0.142371,0.168017,0.199712,0.235769,0.274129,0.312634,0.349303,0.382556,0.411332,0.435119,0.453887,0.467952,0.477819,0.484026,0.487009,0.487009
0.487443,0.487443,0.484543,0.478502,0.468887,0.455159,0.436804,0.413484,0.3852,0.352417,0.316138,0.27789,0.2396,0.203391,0.171311,0.145064,0.125782,0.113899,0.10914,0.110629,0.117071,0.126977,0.138875,0.151469,0.163741,0.174976,0.184742,0.192831,0.199192,0.203863,0.206917,0.208424,0.208424,0.206917,0.203863,0.199192,0.192831,0.184742,0.174976,0.163741,0.151469,0.138875,0.126977,0.117071,0.110629,0.10914,0.113899,0.125782,0.145064,0.171311,0.203391,0.2396,0.27789,0.316138,0.352417,0.3852,0.413484,0.436804,0.455159,0.468887,0.478502,0.484543,0.487443,0.487443
0.488069,0.488069,0.485289,0.479491,0.470245,0.457012,0.439264,0.416639,0.389088,0.357014,0.321338,0.283501,0.245353,0.208962,0.176357,0.14926,0.128863,0.115691,0.109576,0.109749,0.115006,0.123922,0.135056,0.147117,0.159062,0.170138,0.179867,0.187997,0.194437,0.199192,0.202315,0.20386,0.20386,0.202315,0.199192,0.194437,0.187997,0.179867,0.170138,0.159062,0.147117,0.135056,0.123922,0.115006,0.109749,0.109576,0.115691,0.128863,0.14926,0.176357,0.208962,0.245353,0.283501,0.321338,0.357014,0.389088,0.416639,0.439264,0.457012,0.470245,0.479491,0.485289,0.488069,0.488069
0.488858,0.488858,0.486231,0.480746,0.471975,0.45938,0.442422,0.420706,0.394128,0.363005,0.328158,0.290915,0.253024,0.216476,0.183265,0.15513,0.133332,0.118507,0.110622,0.109046,0.112699,0.120245,0.130293,0.141561,0.152985,0.163768,0.173377,0.181501,0.187997,0.192831,0.196023,0.197607,0.197607,0.196023,0.192831,0.187997,0.181501,0.173377,0.163768,0.152985,0.141561,0.130293,0.120245,0.112699,0.109046,0.110622,0.118507,0.133332,0.15513,0.183265,0.216476,0.253024,0.290915,0.328158,0.363005,0.394128,0.420706,0.442422,0.45938,0.471975,0.480746,0.486231,0.488858,0.488858
0.489776,0.489776,0.487331,0.482216,0.474011,0.462182,0.446178,0.425571,0.400193,0.370266,0.336489,0.300057,0.262589,0.225975,0.192154,0.162875,0.139467,0.122687,0.112663,0.108929,0.110555,0.116324,0.124916,0.135075,0.145721,0.156014,0.165358,0.173377,0.179867,0.184742,0.187982,0.189597,0.189597,0.187982,0.184742,0.179867,0.173377,0.165358,0.156014,0.145721,0.135075,0.124916,0.116324,0.110555,0.108929,0.112663,0.122687,0.139467,0.162875,0.192154,0.225975,0.262589,0.300057,0.336489,0.370266,0.400193,0.425571,0.446178,0.462182,0.474011,0.482216,0.487331,0.489776,0.489776
0.490784,0.490784,0.488544,0.483845,0.476281,0.465323,0.450416,0.431097,0.407132,0.378641,0.346189,0.310816,0.273989,0.237472,0.20313,0.172698,0.147569,0.128624,0.11616,0.109899,0.10909,0.112661,0.11939,0.128068,0.137613,0.147147,0.156014,0.163768,0.170138,0.174976,0.178218,0.179841,0.179841,0.178218,0.174976,0.170138,0.163768,0.156014,0.147147,0.137613,0.128068,0.11939,0.112661,0.10909,0.109899,0.11616,0.128624,0.147569,0.172698,0.20313,0.237472,0.273989,0.310816,0.346189,0.378641,0.407132,0.431097,0.450416,0.465323,0.476281,0.483845,0.488544,0.490784,0.490784
0.491843,0.491843,0.489822,0.485573,0.478704,0.4687,0.455003,0.437123,0.414763,0.387938,0.35707,0.323031,0.287116,0.250938,0.216259,0.18478,0.157936,0.136726,0.121618,0.112534,0.108924,0.109887,0.114329,0.121112,0.129174,0.137613,0.145721,0.152985,0.159062,0.163741,0.166906,0.168499,0.168499,0.166906,0.163741,0.159062,0.152985,0.145721,0.137613,0.129174,0.121112,0.114329,0.109887,0.108924,0.112534,0.121618,0.136726,0.157936,0.18478,0.216259,0.250938,0.287116,0.323031,0.35707,0.387938,0.414763,0.437123,0.455003,0.4687,0.478704,0.485573,0.489822,0.491843,0.491843
0.492912,0.492912,0.49112,0.487339,0.481199,0.472204,0.4598,0.44348,0.422887,0.397937,0.368907,0.336493,0.301803,0.266275,0.231541,0.199239,0.170821,0.147381,0.129551,0.117455,0.110756,0.108749,0.110493,0.114952,0.121112,0.128068,0.135075,0.141561,0.147117,0.151469,0.154447,0.155957,0.155957,0.154447,0.151469,0.147117,0.141561,0.135075,0.128068,0.121112,0.114952,0.110493,0.108749,0.110756,0.117455,0.129551,0.147381,0.170821,0.199239,0.231541,0.266275,0.301803,0.336493,0.368907,0.397937,0.422887,0.44348,0.4598,0.472204,0.481199,0.487339,0.49112,0.492912,0.492912
0.493957,0.493957,0.492395,0.489087,0.483689,0.475728,0.464667,0.449988,0.431289,0.408391,0.381435,0.350939,0.317813,0.283304,0.248886,0.216103,0.186389,0.160907,0.140427,0.12527,0.115314,0.110064,0.108759,0.110493,0.114329,0.11939,0.124916,0.130293,0.135056,0.138875,0.141528,0.142885,0.142885,0.141528,0.138875,0.135056,0.130293,0.124916,0.11939,0.114329,0.110493,0.108759,0.110064,0.115314,0.12527,0.140427,0.160907,0.186389,0.216103,0.248886,0.283304,0.317813,0.350939,0.381435,0.408391,0.431289,0.449988,0.464667,0.475728,0.483689,0.489087,0.492395,0.493957,0.493957
0.494948,0.494948,0.493609,0.490766,0.486101,0.479173,0.469469,0.456472,0.439747,0.419039,0.394359,0.366056,0.33484,0.301755,0.268095,0.235276,0.204679,0.177498,0.154612,0.136514,0.12329,0.114661,0.110064,0.108749,0.109887,0.112661,0.116324,0.120245,0.123922,0.126977,0.12915,0.130275,0.130275,0.12915,0.126977,0.123922,0.120245,0.116324,0.112661,0.109887,0.108749,0.110064,0.114661,0.12329,0.136514,0.154612,0.177498,0.204679,0.235276,0.268095,0.301755,0.33484,0.366056,0.394359,0.419039,0.439747,0.456472,0.469469,0.479173,0.486101,0.490766,0.493609,0.494948,0.494948
0.495859,0.495859,0.494733,0.492334,0.488375,0.482451,0.474082,0.462765,0.448048,0.429615,0.407367,0.381495,0.352517,0.321269,0.288848,0.256518,0.225567,0.197178,0.172302,0.151569,0.135255,0.12329,0.115314,0.110756,0.108924,0.10909,0.110555,0.112699,0.115006,0.117071,0.118604,0.119416,0.119416,0.118604,0.117071,0.115006,0.112699,0.110555,0.10909,0.108924,0.110756,0.115314,0.12329,0.135255,0.151569,0.172302,0.197178,0.225567,0.256518,0.288848,0.321269,0.352517,0.381495,0.407367,0.429615,0.448048,0.462765,0.474082,0.482451,0.488375,0.492334,0.494733,0.495859,0.495859
0.496674,0.496674,0.495746,0.49376,0.490461,0.485489,0.478401,0.46872,0.455993,0.439863,0.420142,0.396885,0.370429,0.341407,0.310716,0.27944,0.248746,0.219765,0.193471,0.170596,0.151569,0.136514,0.12527,0.117455,0.112534,0.109899,0.108929,0.109046,0.109749,0.110629,0.111383,0.11181,0.11181,0.111383,0.110629,0.109749,0.109046,0.108929,0.109899,0.112534,0.117455,0.12527,0.136514,0.151569,0.170596,0.193471,0.219765,0.248746,0.27944,0.310716,0.341407,0.370429,0.396885,0.420142,0.439863,0.455993,0.46872,0.478401,0.485489,0.490461,0.49376,0.495746,0.496674,0.496674
0.497384,0.497384,0.496634,0.495022,0.492328,0.488233,0.482343,0.474215,0.463411,0.449552,0.432386,0.411854,0.388137,0.361678,0.333172,0.303516,0.273729,0.244851,0.217837,0.193471,0.172302,0.154612,0.140427,0.129551,0.121618,0.11616,0.112663,0.110622,0.109576,0.10914,0.109017,0.109006,0.109006,0.109017,0.10914,0.109576,0.110622,0.112663,0.11616,0.121618,0.129551,0.140427,0.154612,0.172302,0.193471,0.217837,0.244851,0.273729,0.303516,0.333172,0.361678,0.388137,0.411854,0.432386,0.449552,0.463411,0.474215,0.482343,0.488233,0.492328,0.495022,0.496634,0.497384,0.497384
0.497986,0.497986,0.497392,0.49611,0.493954,0.49065,0.485851,0.479161,0.470166,0.458488,0.443833,0.426057,0.405209,0.381565,0.355631,0.328115,0.29987,0.271816,0.244851,0.219765,0.197178,0.177498,0.160907,0.147381,0.136726,0.128624,0.122687,0.118507,0.115691,0.113899,0.11286,0.112388,0.112388,0.11286,0.113899,0.115691,0.118507,0.122687,0.128624,0.136726,0.147381,0.160907,0.177498,0.197178,0.219765,0.244851,0.271816,0.29987,0.328115,0.355631,0.381565,0.405209,0.426057,0.443833,0.458488,0.470166,0.479161,0.485851,0.49065,0.493954,0.49611,0.497392,0.497986,0.497986
0.498483,0.498483,0.498023,0.497025,0.495335,0.492724,0.488895,0.4835,0.476165,0.466524,0.454268,0.439194,0.421249,0.40057,0.377492,0.352545,0.326411,0.29987,0.273729,0.248746,0.225567,0.204679,0.186389,0.170821,0.157936,0.147569,0.139467,0.133332,0.128863,0.125782,0.123862,0.122943,0.122943,0.123862,0.125782,0.128863,0.133332,0.139467,0.147569,0.157936,0.170821,0.186389,0.204679,0.225567,0.248746,0.273729,0.29987,0.326411,0.352545,0.377492,0.40057,0.421249,0.439194,0.454268,0.466524,0.476165,0.4835,0.488895,0.492724,0.495335,0.497025,0.498023,0.498483,0.498483
0.498883,0.498883,0.498534,0.497774,0.496479,0.494459,0.49147,0.487212,0.481357,0.473568,0.463538,0.451032,0.435926,0.418246,0.398187,0.376113,0.352545,0.328115,0.303516,0.27944,0.256518,0.235276,0.216103,0.199239,0.18478,0.172698,0.162875,0.15513,0.14926,0.145064,0.142371,0.141057,0.141057,0.142371,0.145064,0.14926,0.15513,0.162875,0.172698,0.18478,0.199239,0.216103,0.235276,0.256518,0.27944,0.303516,0.328115,0.352545,0.376113,0.398187,0.418246,0.435926,0.451032,0.463538,0.473568,0.481357,0.487212,0.49147,0.494459,0.496479,0.497774,0.498534,0.498883,0.498883
0.499196,0.499196,0.498938,0.498372,0.497401,0.495874,0.493591,0.490306,0.485736,0.479583,0.471559,0.46142,0.448998,0.434239,0.417226,0.398187,0.377492,0.355631,0.333172,0.310716,0.288848,0.268095,0.248886,0.231541,0.216259,0.20313,0.192154,0.183265,0.176357,0.171311,0.168017,0.166393,0.166393,0.168017,0.171311,0.176357,0.183265,0.192154,0.20313,0.216259,0.231541,0.248886,0.268095,0.288848,0.310716,0.333172,0.355631,0.377492,0.398187,0.417226,0.434239,0.448998,0.46142,0.471559,0.479583,0.485736,0.490306,0.493591,0.495874,0.497401,0.498372,0.498938,0.499196,0.499196
0.499435,0.499435,0.499248,0.498836,0.498125,0.496997,0.495294,0.492817,0.489332,0.484585,0.478316,0.47029,0.460321,0.448304,0.434239,0.418246,0.40057,0.381565,0.361678,0.341407,0.321269,0.301755,0.283304,0.266275,0.250938,0.237472,0.225975,0.216476,0.208962,0.203391,0.199712,0.197885,0.197885,0.199712,0.203391,0.208962,0.216476,0.225975,0.237472,0.250938,0.266275,0.283304,0.301755,0.321269,0.341407,0.361678,0.381565,0.40057,0.418246,0.434239,0.448304,0.460321,0.47029,0.478316,0.484585,0.489332,0.492817,0.495294,0.496997,0.498125,0.498836,0.499248,0.499435,0.499435
0.499612,0.499612,0.49948,0.499188,0.498679,0.497865,0.496625,0.494801,0.492207,0.488632,0.483853,0.477656,0.469855,0.460321,0.448998,0.435926,0.421249,0.405209,0.388137,0.370429,0.352517,0.33484,0.317813,0.301803,0.287116,0.273989,0.262589,0.253024,0.245353,0.2396,0.235769,0.233856,0.233856,0.235769,0.2396,0.245353,0.253024,0.262589,0.273989,0.287116,0.301803,0.317813,0.33484,0.352517,0.370429,0.388137,0.405209,0.421249,0.435926,0.448998,0.460321,0.469855,0.477656,0.483853,0.488632,0.492207,0.494801,0.496625,0.497865,0.498679,0.499188,0.49948,0.499612,0.499612
0.49974,0.49974,0.499649,0.499447,0.499092,0.498519,0.497637,0.496327,0.494444,0.491818,0.488266,0.483603,0.477656,0.47029,0.46142,0.451032,0.439194,0.426057,0.411854,0.396885,0.381495,0.366056,0.350939,0.336493,0.323031,0.310816,0.300057,0.290915,0.283501,0.27789,0.274129,0.272243,0.272243,0.274129,0.27789,0.283501,0.290915,0.300057,0.310816,0.323031,0.336493,0.350939,0.366056,0.381495,0.396885,0.411854,0.426057,0.439194,0.451032,0.46142,0.47029,0.477656,0.483603,0.488266,0.491818,0.494444,0.496327,0.497637,0.498519,0.499092,0.499447,0.499649,0.49974,0.49974
0.49983,0.49983,0.499769,0.499632,0.499391,0.498998,0.498386,0.497469,0.496136,0.494257,0.491684,0.488266,0.483853,0.478316,0.471559,0.463538,0.454268,0.443833,0.432386,0.420142,0.407367,0.394359,0.381435,0.368907,0.35707,0.346189,0.336489,0.328158,0.321338,0.316138,0.312634,0.31087,0.31087,0.312634,0.316138,0.321338,0.328158,0.336489,0.346189,0.35707,0.368907,0.381435,0.394359,0.407367,0.420142,0.432386,0.443833,0.454268,0.463538,0.471559,0.478316,0.483853,0.488266,0.491684,0.494257,0.496136,0.497469,0.498386,0.498998,0.499391,0.499632,0.499769,0.49983,0.49983
0.499892,0.499892,0.499852,0.499762,0.499601,0.499338,0.498926,0.4983,0.497381,0.49607,0.494257,0.491818,0.488632,0.484585,0.479583,0.473568,0.466524,0.458488,0.449552,0.439863,0.429615,0.419039,0.408391,0.397937,0.387938,0.378641,0.370266,0.363005,0.357014,0.352417,0.349303,0.347732,0.347732,0.349303,0.352417,0.357014,0.363005,0.370266,0.378641,0.387938,0.397937,0.408391,0.419039,0.429615,0.439863,0.449552,0.458488,0.466524,0.473568,0.479583,0.484585,0.488632,0.491818,0.494257,0.49607,0.497381,0.4983,0.498926,0.499338,0.499601,0.499762,0.499852,0.499892,0.499892
0.499933,0.499933,0.499907,0.499849,0.499746,0.499574,0.499303,0.498887,0.49827,0.497381,0.496136,0.494444,0.492207,0.489332,0.485736,0.481357,0.476165,0.470166,0.463411,0.455993,0.448048,0.439747,0.431289,0.422887,0.414763,0.407132,0.400193,0.394128,0.389088,0.3852,0.382556,0.381218,0.381218,0.382556,0.3852,0.389088,0.394128,0.400193,0.407132,0.414763,0.422887,0.431289,0.439747,0.448048,0.455993,0.463411,0.470166,0.476165,0.481357,0.485736,0.489332,0.492207,0.494444,0.496136,0.497381,0.49827,0.498887,0.499303,0.499574,0.499746,0.499849,0.499907,0.499933,0.499933
0.499959,0.499959,0.499943,0.499907,0.499842,0.499733,0.499559,0.49929,0.498887,0.4983,0.497469,0.496327,0.494801,0.492817,0.490306,0.487212,0.4835,0.479161,0.474215,0.46872,0.462765,0.456472,0.449988,0.44348,0.437123,0.431097,0.425571,0.420706,0.416639,0.413484,0.411332,0.41024,0.41024,0.411332,0.413484,0.416639,0.420706,0.425571,0.431097,0.437123,0.44348,0.449988,0.456472,0.462765,0.46872,0.474215,0.479161,0.4835,0.487212,0.490306,0.492817,0.494801,0.496327,0.497469,0.4983,0.498887,0.49929,0.499559,0.499733,0.499842,0.499907,0.499943,0.499959,0.499959
0.499976,0.499976,0.499966,0.499944,0.499904,0.499837,0.499729,0.499559,0.499303,0.498926,0.498386,0.497637,0.496625,0.495294,0.493591,0.49147,0.488895,0.485851,0.482343,0.478401,0.474082,0.469469,0.464667,0.4598,0.455003,0.450416,0.446178,0.442422,0.439264,0.436804,0.435119,0.434264,0.434264,0.435119,0.436804,0.439264,0.442422,0.446178,0.450416,0.455003,0.4598,0.464667,0.469469,0.474082,0.478401,0.482343,0.485851,0.488895,0.49147,0.493591,0.495294,0.496625,0.497637,0.498386,0.498926,0.499303,0.499559,0.499729,0.499837,0.499904,0.499944,0.499966,0.499976,0.499976
0.499986,0.499986,0.499981,0.499968,0.499944,0.499903,0.499837,0.499733,0.499574,0.499338,0.498998,0.498519,0.497865,0.496997,0.495874,0.494459,0.492724,0.49065,0.488233,0.485489,0.482451,0.479173,0.475728,0.472204,0.4687,0.465323,0.462182,0.45938,0.457012,0.455159,0.453887,0.45324,0.45324,0.453887,0.455159,0.457012,0.45938,0.462182,0.465323,0.4687,0.472204,0.475728,0.479173,0.482451,0.485489,0.488233,0.49065,0.492724,0.494459,0.495874,0.496997,0.497865,0.498519,0.498998,0.499338,0.499574,0.499733,0.499837,0.499903,0.499944,0.499968,0.499981,0.499986,0.499986
0.499992,0.499992,0.499989,0.499981,0.499968,0.499944,0.499904,0.499842,0.499746,0.499601,0.499391,0.499092,0.498679,0.498125,0.497401,0.496479,0.495335,0.493954,0.492328,0.490461,0.488375,0.486101,0.483689,0.481199,0.478704,0.476281,0.474011,0.471975,0.470245,0.468887,0.467952,0.467475,0.467475,0.467952,0.468887,0.470245,0.471975,0.474011,0.476281,0.478704,0.481199,0.483689,0.486101,0.488375,0.490461,0.492328,0.493954,0.495335,0.496479,0.497401,0.498125,0.498679,0.499092,0.499391,0.499601,0.499746,0.499842,0.499904,0.499944,0.499968,0.499981,0.499989,0.499992,0.499992
0.499996,0.499996,0.499994,0.499989,0.499981,0.499968,0.499944,0.499907,0.499849,0.499762,0.499632,0.499447,0.499188,0.498836,0.498372,0.497774,0.497025,0.49611,0.495022,0.49376,0.492334,0.490766,0.489087,0.487339,0.485573,0.483845,0.482216,0.480746,0.479491,0.478502,0.477819,0.477471,0.477471,0.477819,0.478502,0.479491,0.480746,0.482216,0.483845,0.485573,0.487339,0.489087,0.490766,0.492334,0.49376,0.495022,0.49611,0.497025,0.497774,0.498372,0.498836,0.499188,0.499447,0.499632,0.499762,0.499849,0.499907,0.499944,0.499968,0.499981,0.499989,0.499994,0.499996,0.499996
0.499998,0.499998,0.499996,0.499994,0.499989,0.499981,0.499966,0.499943,0.499907,0.499852,0.499769,0.499649,0.49948,0.499248,0.498938,0.498534,0.498023,0.497392,0.496634,0.495746,0.494733,0.493609,0.492395,0.49112,0.489822,0.488544,0.487331,0.486231,0.485289,0.484543,0.484026,0.483762,0.483762,0.484026,0.484543,0.485289,0.486231,0.487331,0.488544,0.489822,0.49112,0.492395,0.493609,0.494733,0.495746,0.496634,0.497392,0.498023,0.498534,0.498938,0.499248,0.49948,0.499649,0.499769,0.499852,0.499907,0.499943,0.499966,0.499981,0.499989,0.499994,0.499996,0.499998,0.499998
0.499998,0.499998,0.499998,0.499996,0.499992,0.499986,0.499976,0.499959,0.499933,0.499892,0.49983,0.49974,0.499612,0.499435,0.499196,0.498883,0.498483,0.497986,0.497384,0.496674,0.495859,0.494948,0.493957,0.492912,0.491843,0.490784,0.489776,0.488858,0.488069,0.487443,0.487009,0.486787,0.486787,0.487009,0.487443,0.488069,0.488858,0.489776,0.490784,0.491843,0.492912,0.493957,0.494948,0.495859,0.496674,0.497384,0.497986,0.498483,0.498883,0.499196,0.499435,0.499612,0.49974,0.49983,0.499892,0.499933,0.499959,0.499976,0.499986,0.499992,0.499996,0.499998,0.499998,0.499998
0.499998,0.499998,0.499998,0.499996,0.499992,0.499986,0.499976,0.499959,0.499933,0.499892,0.49983,0.49974,0.499612,0.499435,0.499196,0.498883,0.498483,0.497986,0.497384,0.496674,0.495859,0.494948,0.493957,0.492912,0.491843,0.490784,0.489776,0.488858,0.488069,0.487443,0.487009,0.486787,0.486787,0.487009,0.487443,0.488069,0.488858,0.489776,0.490784,0.491843,0.492912,0.493957,0.494948,0.495859,0.496674,0.497384,0.497986,0.498483,0.498883,0.499196,0.499435,0.499612,0.49974,0.49983,0.499892,0.499933,0.499959,0.499976,0.499986,0.499992,0.499996,0.499998,0.499998,0.499998
