0.5,0.5,0.5,0.5,0.5,0.5,0.5,0.5,0.5,0.5,0.5,0.5,0.5,0.5,0.5,0.5,0.5,0.5,0.499999,0.499999,0.499999,0.499998,0.499997,0.499997,0.499996,0.499995,0.499994,0.499992,0.499992,0.499991,0.49999,0.49999,0.49999,0.49999,0.499991,0.499992,0.499992,0.499994,0.499995,0.499996,0.499997,0.499997,0.499998,0.499999,0.499999,0.499999,0.5,0.5,0.5,0.5,0.5,0.5,0.5,0.5,0.5,0.5,0.5,0.5,0.5,0.5,0.5,0.5,0.5,0.5
0.5,0.5,0.5,0.5,0.5,0.5,0.5,0.5,0.5,0.5,0.5,0.5,0.5,0.5,0.5,0.5,0.5,0.5,0.499999,0.499999,0.499999,0.499998,0.499997,0.499997,0.499996,0.499995,0.499994,0.499992,0.499992,0.499991,0.49999,0.49999,0.49999,0.49999,0.499991,0.499992,0.499992,0.499994,0.499995,0.499996,0.499997,0.499997,0.499998,0.499999,0.499999,0.499999,0.5,0.5,0.5,0.5,0.5,0.5,0.5,0.5,0.5,0.5,0.5,0.5,0.5,0.5,0.5,0.5,0.5,0.5
0.5,0.5,0.5,0.5,0.5,0.5,0.5,0.5,0.5,0.5,0.5,0.5,0.5,0.5,0.5,0.5,0.5,0.499999,0.499999,0.499998,0.499997,0.499996,0.499995,0.499994,0.499992,0.49999,0.499988,0.499986,0.499985,0.499983,0.499982,0.499982,0.499982,0.499982,0.499983,0.499985,0.499986,0.499988,0.49999,0.499992,0.499994,0.499995,0.499996,0.499997,0.499998,0.499999,0.499999,0.5,0.5,0.5,0.5,0.5,0.5,0.5,0.5,0.5,0.5,0.5,0.5,0.5,0.5,0.5,0.5,0.5
0.5,0.5,0.5,0.5,0.5,0.5,0.5,0.5,0.5,0.5,0.5,0.5,0.5,0.5,0.5,0.499999,0.499999,0.499998,0.499997,0.499996,0.499994,0.499992,0.499989,0.499986,0.499983,0.499979,0.499974,0.49997,0.499967,0.499964,0.499961,0.49996,0.49996,0.499961,0.499964,0.499967,0.49997,0.499974,0.499979,0.499983,0.499986,0.499989,0.499992,0.499994,0.499996,0.499997,0.499998,0.499999,0.499999,0.5,0.5,0.5,0.5,0.5,0.5,0.5,0.5,0.5,0.5,0.5,0.5,0.5,0.5,0.5
0.5,0.5,0.5,0.5,0.5,0.5,0.5,0.5,0.5,0.5,0.5,0.5,0.5,0.499999,0.499999,0.499998,0.499997,0.499996,0.499994,0.499991,0.499987,0.499983,0.499977,0.49997,0.499961,0.499953,0.499944,0.499935,0.499927,0.49992,0.499915,0.499913,0.499913,0.499915,0.49992,0.499927,0.499935,0.499944,0.499953,0.499961,0.49997,0.499977,0.499983,0.499987,0.499991,0.499994,0.499996,0.499997,0.499998,0.499999,0.499999,0.5,0.5,0.5,0.5,0.5,0.5,0.5,0.5,0.5,0.5,0.5,0.5,0.5
0.5,0.5,0.5,0.5,0.5,0.5,0.5,0.5,0.5,0.5,0.5,0.5,0.499999,0.499999,0.499998,0.499997,0.499994,0.499991,0.499987,0.499981,0.499973,0.499962,0.499949,0.499934,0.499917,0.499898,0.499879,0.49986,0.499843,0.499829,0.499819,0.499814,0.499814,0.499819,0.499829,0.499843,0.49986,0.499879,0.499898,0.499917,0.499934,0.499949,0.499962,0.499973,0.499981,0.499987,0.499991,0.499994,0.499997,0.499998,0.499999,0.499999,0.5,0.5,0.5,0.5,0.5,0.5,0.5,0.5,0.5,0.5,0.5,0.5
0.5,0.5,0.5,0.5,0.5,0.5,0.5,0.5,0.5,0.5,0.5,0.499999,0.499999,0.499997,0.499996,0.499993,0.499988,0.499982,0.499972,0.499959,0.499942,0.499921,0.499894,0.499863,0.499827,0.499789,0.499749,0.499711,0.499676,0.499647,0.499626,0.499616,0.499616,0.499626,0.499647,0.499676,0.499711,0.499749,0.499789,0.499827,0.499863,0.499894,0.499921,0.499942,0.499959,0.499972,0.499982,0.499988,0.499993,0.499996,0.499997,0.499999,0.499999,0.5,0.5,0.5,0.5,0.5,0.5,0.5,0.5,0.5,0.5,0.5
0.5,0.5,0.5,0.5,0.5,0.5,0.5,0.5,0.5,0.5,0.499999,0.499998,0.499997,0.499995,0.499991,0.499985,0.499976,0.499962,0.499943,0.499917,0.499883,0.499839,0.499786,0.499724,0.499653,0.499577,0.499499,0.499423,0.499354,0.499297,0.499256,0.499235,0.499235,0.499256,0.499297,0.499354,0.499423,0.499499,0.499577,0.499653,0.499724,0.499786,0.499839,0.499883,0.499917,0.499943,0.499962,0.499976,0.499985,0.499991,0.499995,0.499997,0.499998,0.499999,0.5,0.5,0.5,0.5,0.5,0.5,0.5,0.5,0.5,0.5
0.5,0.5,0.5,0.5,0.5,0.5,0.5,0.5,0.5,0.499999,0.499998,0.499997,0.499994,0.499989,0.499981,0.499969,0.499951,0.499925,0.499888,0.499837,0.49977,0.499686,0.499583,0.499462,0.499326,0.499181,0.499031,0.498887,0.498756,0.498648,0.498571,0.498531,0.498531,0.498571,0.498648,0.498756,0.498887,0.499031,0.499181,0.499326,0.499462,0.499583,0.499686,0.49977,0.499837,0.499888,0.499925,0.499951,0.499969,0.499981,0.499989,0.499994,0.499997,0.499998,0.499999,0.5,0.5,0.5,0.5,0.5,0.5,0.5,0.5,0.5
0.5,0.5,0.5,0.5,0.5,0.5,0.5,0.5,0.499999,0.499998,0.499996,0.499993,0.499988,0.499979,0.499964,0.499941,0.499906,0.499856,0.499785,0.499689,0.499563,0.499405,0.499213,0.498988,0.498737,0.498468,0.498193,0.497927,0.497687,0.49749,0.497349,0.497276,0.497276,0.497349,0.49749,0.497687,0.497927,0.498193,0.498468,0.498737,0.498988,0.499213,0.499405,0.499563,0.499689,0.499785,0.499856,0.499906,0.499941,0.499964,0.499979,0.499988,0.499993,0.499996,0.499998,0.499999,0.5,0.5,0.5,0.5,0.5,0.5,0.5,0.5
0.5,0.5,0.5,0.5,0.5,0.5,0.5,0.499999,0.499998,0.499996,0.499993,0.499987,0.499977,0.49996,0.499932,0.499889,0.499825,0.499732,0.499602,0.499426,0.499198,0.498911,0.498565,0.498162,0.497713,0.497233,0.496744,0.496273,0.495849,0.4955,0.495252,0.495123,0.495123,0.495252,0.4955,0.495849,0.496273,0.496744,0.497233,0.497713,0.498162,0.498565,0.498911,0.499198,0.499426,0.499602,0.499732,0.499825,0.499889,0.499932,0.49996,0.499977,0.499987,0.499993,0.499996,0.499998,0.499999,0.5,0.5,0.5,0.5,0.5,0.5,0.5
0.5,0.5,0.5,0.5,0.5,0.5,0.499999,0.499998,0.499997,0.499993,0.499987,0.499976,0.499957,0.499926,0.499876,0.499799,0.499684,0.499518,0.499287,0.498977,0.498576,0.498075,0.497472,0.496774,0.495998,0.495172,0.494333,0.493528,0.492805,0.492212,0.49179,0.491571,0.491571,0.49179,0.492212,0.492805,0.493528,0.494333,0.495172,0.495998,0.496774,0.497472,0.498075,0.498576,0.498977,0.499287,0.499518,0.499684,0.499799,0.499876,0.499926,0.499957,0.499976,0.499987,0.499993,0.499997,0.499998,0.499999,0.5,0.5,0.5,0.5,0.5,0.5
0.5,0.5,0.5,0.5,0.5,0.499999,0.499999,0.499997,0.499994,0.499988,0.499977,0.499957,0.499924,0.499869,0.499782,0.499647,0.499448,0.499162,0.498766,0.498237,0.497556,0.496708,0.495694,0.494525,0.493231,0.49186,0.490473,0.489145,0.487955,0.486981,0.486291,0.485932,0.485932,0.486291,0.486981,0.487955,0.489145,0.490473,0.49186,0.493231,0.494525,0.495694,0.496708,0.497556,0.498237,0.498766,0.499162,0.499448,0.499647,0.499782,0.499869,0.499924,0.499957,0.499977,0.499988,0.499994,0.499997,0.499999,0.499999,0.5,0.5,0.5,0.5,0.5
0.5,0.5,0.5,0.5,0.499999,0.499999,0.499997,0.499995,0.499989,0.499979,0.49996,0.499926,0.499869,0.499776,0.499628,0.499401,0.499066,0.498589,0.497932,0.497059,0.49594,0.494557,0.492908,0.491018,0.488935,0.486735,0.484521,0.482407,0.480519,0.478978,0.477886,0.47732,0.47732,0.477886,0.478978,0.480519,0.482407,0.484521,0.486735,0.488935,0.491018,0.492908,0.494557,0.49594,0.497059,0.497932,0.498589,0.499066,0.499401,0.499628,0.499776,0.499869,0.499926,0.49996,0.499979,0.499989,0.499995,0.499997,0.499999,0.499999,0.5,0.5,0.5,0.5
0.5,0.5,0.5,0.5,0.499999,0.499998,0.499996,0.499991,0.499981,0.499964,0.499932,0.499876,0.499782,0.499628,0.499385,0.499015,0.498472,0.497701,0.496646,0.495253,0.493476,0.49129,0.488701,0.485746,0.482507,0.479103,0.475689,0.472443,0.469554,0.4672,0.465536,0.464675,0.464675,0.465536,0.4672,0.469554,0.472443,0.475689,0.479103,0.482507,0.485746,0.488701,0.49129,0.493476,0.495253,0.496646,0.497701,0.498472,0.499015,0.499385,0.499628,0.499782,0.499876,0.499932,0.499964,0.499981,0.499991,0.499996,0.499998,0.499999,0.5,0.5,0.5,0.5
0.5,0.5,0.5,0.499999,0.499998,0.499997,0.499993,0.499985,0.499969,0.499941,0.499889,0.499799,0.499647,0.499401,0.499015,0.49843,0.497576,0.496372,0.494733,0.492579,0.489849,0.486511,0.482578,0.478115,0.473248,0.468159,0.463078,0.458267,0.454,0.450533,0.448088,0.446823,0.446823,0.448088,0.450533,0.454,0.458267,0.463078,0.468159,0.473248,0.478115,0.482578,0.486511,0.489849,0.492579,0.494733,0.496372,0.497576,0.49843,0.499015,0.499401,0.499647,0.499799,0.499889,0.499941,0.499969,0.499985,0.499993,0.499997,0.499998,0.499999,0.5,0.5,0.5
0.5,0.5,0.5,0.499999,0.499997,0.499994,0.499988,0.499976,0.499951,0.499906,0.499825,0.499684,0.499448,0.499066,0.498472,0.497576,0.496276,0.494452,0.491985,0.488763,0.484703,0.47977,0.473992,0.467474,0.460407,0.453056,0.445753,0.43887,0.432787,0.427861,0.424394,0.422604,0.422604,0.424394,0.427861,0.432787,0.43887,0.445753,0.453056,0.460407,0.467474,0.473992,0.47977,0.484703,0.488763,0.491985,0.494452,0.496276,0.497576,0.498472,0.499066,0.499448,0.499684,0.499825,0.499906,0.499951,0.499976,0.499988,0.499994,0.499997,0.499999,0.5,0.5,0.5
0.5,0.5,0.499999,0.499998,0.499996,0.499991,0.499982,0.499962,0.499925,0.499856,0.499732,0.499518,0.499162,0.498589,0.497701,0.496372,0.494452,0.491777,0.488179,0.483509,0.477664,0.470605,0.46239,0.453182,0.443258,0.432996,0.422857,0.413346,0.404977,0.398223,0.393481,0.391036,0.391036,0.393481,0.398223,0.404977,0.413346,0.422857,0.432996,0.443258,0.453182,0.46239,0.470605,0.477664,0.483509,0.488179,0.491777,0.494452,0.496372,0.497701,0.498589,0.499162,0.499518,0.499732,0.499856,0.499925,0.499962,0.499982,0.499991,0.499996,0.499998,0.499999,0.5,0.5
0.499999,0.499999,0.499999,0.499997,0.499994,0.499987,0.499972,0.499943,0.499888,0.499785,0.499602,0.499287,0.498766,0.497932,0.496646,0.494733,0.491985,0.488179,0.483092,0.476533,0.468377,0.458594,0.447285,0.434694,0.421212,0.407359,0.393753,0.381058,0.369938,0.361,0.354742,0.351521,0.351521,0.354742,0.361,0.369938,0.381058,0.393753,0.407359,0.421212,0.434694,0.447285,0.458594,0.468377,0.476533,0.483092,0.488179,0.491985,0.494733,0.496646,0.497932,0.498766,0.499287,0.499602,0.499785,0.499888,0.499943,0.499972,0.499987,0.499994,0.499997,0.499999,0.499999,0.499999
0.499999,0.499999,0.499998,0.499996,0.499991,0.499981,0.499959,0.499917,0.499837,0.499689,0.499426,0.498977,0.498237,0.497059,0.495253,0.492579,0.488763,0.483509,0.476533,0.467599,0.456563,0.44342,0.428335,0.411659,0.393929,0.375835,0.358176,0.341799,0.327528,0.316105,0.308133,0.304038,0.304038,0.308133,0.316105,0.327528,0.341799,0.358176,0.375835,0.393929,0.411659,0.428335,0.44342,0.456563,0.467599,0.476533,0.483509,0.488763,0.492579,0.495253,0.497059,0.498237,0.498977,0.499426,0.499689,0.499837,0.499917,0.499959,0.499981,0.499991,0.499996,0.499998,0.499999,0.499999
0.499999,0.499999,0.499997,0.499994,0.499987,0.499973,0.499942,0.499883,0.49977,0.499563,0.499198,0.498576,0.497556,0.49594,0.493476,0.489849,0.484703,0.477664,0.468377,0.456563,0.442075,0.424945,0.405431,0.384022,0.361429,0.338544,0.316367,0.295932,0.278228,0.264125,0.254319,0.249292,0.249292,0.254319,0.264125,0.278228,0.295932,0.316367,0.338544,0.361429,0.384022,0.405431,0.424945,0.442075,0.456563,0.468377,0.477664,0.484703,0.489849,0.493476,0.49594,0.497556,0.498576,0.499198,0.499563,0.49977,0.499883,0.499942,0.499973,0.499987,0.499994,0.499997,0.499999,0.499999
0.499998,0.499998,0.499996,0.499992,0.499983,0.499962,0.499921,0.499839,0.499686,0.499405,0.498911,0.498075,0.496708,0.494557,0.49129,0.486511,0.47977,0.470605,0.458594,0.44342,0.424945,0.403267,0.378763,0.352093,0.324175,0.296119,0.269139,0.244459,0.223213,0.206379,0.194722,0.188762,0.188762,0.194722,0.206379,0.223213,0.244459,0.269139,0.296119,0.324175,0.352093,0.378763,0.403267,0.424945,0.44342,0.458594,0.470605,0.47977,0.486511,0.49129,0.494557,0.496708,0.498075,0.498911,0.499405,0.499686,0.499839,0.499921,0.499962,0.499983,0.499992,0.499996,0.499998,0.499998
0.499997,0.499997,0.499995,0.499989,0.499977,0.499949,0.499894,0.499786,0.499583,0.499213,0.498565,0.497472,0.495694,0.492908,0.488701,0.482578,0.473992,0.46239,0.447285,0.428335,0.405431,0.378763,0.348859,0.316585,0.283086,0.249709,0.21788,0.188992,0.164303,0.144858,0.131455,0.124622,0.124622,0.131455,0.144858,0.164303,0.188992,0.21788,0.249709,0.283086,0.316585,0.348859,0.378763,0.405431,0.428335,0.447285,0.46239,0.473992,0.482578,0.488701,0.492908,0.495694,0.497472,0.498565,0.499213,0.499583,0.499786,0.499894,0.499949,0.499977,0.499989,0.499995,0.499997,0.499997
0.499997,0.499997,0.499994,0.499986,0.49997,0.499934,0.499863,0.499724,0.499462,0.498988,0.498162,0.496774,0.494525,0.491018,0.485746,0.478115,0.467474,0.453182,0.434694,0.411659,0.384022,0.352093,0.316585,0.27859,0.239507,0.200917,0.164447,0.131632,0.103808,0.0820435,0.0671194,0.0595364,0.0595364,0.0671194,0.0820435,0.103808,0.131632,0.164447,0.200917,0.239507,0.27859,0.316585,0.352093,0.384022,0.411659,0.434694,0.453182,0.467474,0.478115,0.485746,0.491018,0.494525,0.496774,0.498162,0.498988,0.499462,0.499724,0.499863,0.499934,0.49997,0.499986,0.499994,0.499997,0.499997
0.499996,0.499996,0.499992,0.499983,0.499961,0.499917,0.499827,0.499653,0.499326,0.498737,0.497713,0.495998,0.493231,0.488935,0.482507,0.473248,0.460407,0.443258,0.421212,0.393929,0.361429,0.324175,0.283086,0.239507,0.195091,0.151651,0.11099,0.0747461,0.0442803,0.0206292,0.00450704,-0.00365399,-0.00365399,0.00450704,0.0206292,0.0442803,0.0747461,0.11099,0.151651,0.195091,0.239507,0.283086,0.324175,0.361429,0.393929,0.421212,0.443258,0.460407,0.473248,0.482507,0.488935,0.493231,0.495998,0.497713,0.498737,0.499326,0.499653,0.499827,0.499917,0.499961,0.499983,0.499992,0.499996,0.499996
0.499995,0.499995,0.49999,0.499979,0.499953,0.499898,0.499789,0.499577,0.499181,0.498468,0.497233,0.495172,0.49186,0.486735,0.479103,0.468159,0.453056,0.432996,0.407359,0.375835,0.338544,0.296119,0.249709,0.200917,0.151651,0.103939,0.0597258,0.0207059,-0.0117851,-0.0367994,-0.0537392,-0.0622779,-0.0622779,-0.0537392,-0.0367994,-0.0117851,0.0207059,0.0597258,0.103939,0.151651,0.200917,0.249709,0.296119,0.338544,0.375835,0.407359,0.432996,0.453056,0.468159,0.479103,0.486735,0.49186,0.495172,0.497233,0.498468,0.499181,0.499577,0.499789,0.499898,0.499953,0.499979,0.49999,0.499995,0.499995
0.499994,0.499994,0.499988,0.499974,0.499944,0.499879,0.499749,0.499499,0.499031,0.498193,0.496744,0.494333,0.490473,0.484521,0.475689,0.463078,0.445753,0.422857,0.393753,0.358176,0.316367,0.269139,0.21788,0.164447,0.11099,0.0597258,0.012705,-0.0283658,-0.0622255,-0.0880616,-0.105433,-0.114148,-0.114148,-0.105433,-0.0880616,-0.0622255,-0.0283658,0.012705,0.0597258,0.11099,0.164447,0.21788,0.269139,0.316367,0.358176,0.393753,0.422857,0.445753,0.463078,0.475689,0.484521,0.490473,0.494333,0.496744,0.498193,0.499031,0.499499,0.499749,0.499879,0.499944,0.499974,0.499988,0.499994,0.499994
0.499992,0.499992,0.499986,0.49997,0.499935,0.49986,0.499711,0.499423,0.498887,0.497927,0.496273,0.493528,0.489145,0.482407,0.472443,0.458267,0.43887,0.413346,0.381058,0.341799,0.295932,0.244459,0.188992,0.131632,0.0747461,0.0207059,-0.0283658,-0.0707876,-0.105409,-0.131582,-0.149048,-0.157768,-0.157768,-0.149048,-0.131582,-0.105409,-0.0707876,-0.0283658,0.0207059,0.0747461,0.131632,0.188992,0.244459,0.295932,0.341799,0.381058,0.413346,0.43887,0.458267,0.472443,0.482407,0.489145,0.493528,0.496273,0.497927,0.498887,0.499423,0.499711,0.49986,0.499935,0.49997,0.499986,0.499992,0.499992
0.499992,0.499992,0.499985,0.499967,0.499927,0.499843,0.499676,0.499354,0.498756,0.497687,0.495849,0.492805,0.487955,0.480519,0.469554,0.454,0.432787,0.404977,0.369938,0.327528,0.278228,0.223213,0.164303,0.103808,0.0442803,-0.0117851,-0.0622255,-0.105409,-0.14031,-0.166457,-0.183776,-0.192379,-0.192379,-0.183776,-0.166457,-0.14031,-0.105409,-0.0622255,-0.0117851,0.0442803,0.103808,0.164303,0.223213,0.278228,0.327528,0.369938,0.404977,0.432787,0.454,0.469554,0.480519,0.487955,0.492805,0.495849,0.497687,0.498756,0.499354,0.499676,0.499843,0.499927,0.499967,0.499985,0.499992,0.499992
0.499991,0.499991,0.499983,0.499964,0.49992,0.499829,0.499647,0.499297,0.498648,0.49749,0.4955,0.492212,0.486981,0.478978,0.4672,0.450533,0.427861,0.398223,0.361,0.316105,0.264125,0.206379,0.144858,0.0820435,0.0206292,-0.0367994,-0.0880616,-0.131582,-0.166457,-0.192376,-0.209427,-0.217859,-0.217859,-0.209427,-0.192376,-0.166457,-0.131582,-0.0880616,-0.0367994,0.0206292,0.0820435,0.144858,0.206379,0.264125,0.316105,0.361,0.398223,0.427861,0.450533,0.4672,0.478978,0.486981,0.492212,0.4955,0.49749,0.498648,0.499297,0.499647,0.499829,0.49992,0.499964,0.499983,0.499991,0.499991
0.49999,0.49999,0.499982,0.499961,0.499915,0.499819,0.499626,0.499256,0.498571,0.497349,0.495252,0.49179,0.486291,0.477886,0.465536,0.448088,0.424394,0.393481,0.354742,0.308133,0.254319,0.194722,0.131455,0.0671194,0.00450704,-0.0537392,-0.105433,-0.149048,-0.183776,-0.209427,-0.226214,-0.234486,-0.234486,-0.226214,-0.209427,-0.183776,-0.149048,-0.105433,-0.0537392,0.00450704,0.0671194,0.131455,0.194722,0.254319,0.308133,0.354742,0.393481,0.424394,0.448088,0.465536,0.477886,0.486291,0.49179,0.495252,0.497349,0.498571,0.499256,0.499626,0.499819,0.499915,0.499961,0.499982,0.49999,0.49999
0.49999,0.49999,0.499982,0.49996,0.499913,0.499814,0.499616,0.499235,0.498531,0.497276,0.495123,0.491571,0.485932,0.47732,0.464675,0.446823,0.422604,0.391036,0.351521,0.304038,0.249292,0.188762,0.124622,0.0595364,-0.00365399,-0.0622779,-0.114148,-0.157768,-0.192379,-0.217859,-0.234486,-0.242662,-0.242662,-0.234486,-0.217859,-0.192379,-0.157768,-0.114148,-0.0622779,-0.00365399,0.0595364,0.124622,0.188762,0.249292,0.304038,0.351521,0.391036,0.422604,0.446823,0.464675,0.47732,0.485932,0.491571,0.495123,0.497276,0.498531,0.499235,0.499616,0.499814,0.499913,0.49996,0.499982,0.49999,0.49999
0.49999,0.49999,0.499982,0.49996,0.499913,0.499814,0.499616,0.499235,0.498531,0.497276,0.495123,0.491571,0.485932,0.47732,0.464675,0.446823,0.422604,0.391036,0.351521,0.304038,0.249292,0.188762,0.124622,0.0595364,-0.00365399,-0.0622779,-0.114148,-0.157768,-0.192379,-0.217859,-0.234486,-0.242662,-0.242662,-0.234486,-0.217859,-0.192379,-0.157768,-0.114148,-0.0622779,-0.00365399,0.0595364,0.124622,0.188762,0.249292,0.304038,0.351521,0.391036,0.422604,0.446823,0.464675,0.47732,0.485932,0.491571,0.495123,0.497276,0.498531,0.499235,0.499616,0.499814,0.499913,0.49996,0.499982,0.49999,0.49999
0.49999,0.49999,0.499982,0.499961,0.499915,0.499819,0.499626,0.499256,0.498571,0.497349,0.495252,0.49179,0.486291,0.477886,0.465536,0.448088,0.424394,0.393481,0.354742,0.308133,0.254319,0.194722,0.131455,0.0671194,0.00450704,-0.0537392,-0.105433,-0.149048,-0.183776,-0.209427,-0.226214,-0.234486,-0.234486,-0.226214,-0.209427,-0.183776,-0.149048,-0.105433,-0.0537392,0.00450704,0.0671194,0.131455,0.194722,0.254319,0.308133,0.354742,0.393481,0.424394,0.448088,0.465536,0.477886,0.486291,0.49179,0.495252,0.497349,0.498571,0.499256,0.499626,0.499819,0.499915,0.499961,0.499982,0.49999,0.49999
0.499991,0.499991,0.499983,0.499964,0.49992,0.499829,0.499647,0.499297,0.498648,0.49749,0.4955,0.492212,0.486981,0.478978,0.4672,0.450533,0.427861,0.398223,0.361,0.316105,0.264125,0.206379,0.144858,0.0820435,0.0206292,-0.0367994,-0.0880616,-0.131582,-0.166457,-0.192376,-0.209427,-0.217859,-0.217859,-0.209427,-0.192376,-0.166457,-0.131582,-0.0880616,-0.0367994,0.0206292,0.0820435,0.144858,0.206379,0.264125,0.316105,0.361,0.398223,0.427861,0.450533,0.4672,0.478978,0.486981,0.492212,0.4955,0.49749,0.498648,0.499297,0.499647,0.499829,0.49992,0.499964,0.499983,0.499991,0.499991
0.499992,0.499992,0.499985,0.499967,0.499927,0.499843,0.499676,0.499354,0.498756,0.497687,0.495849,0.492805,0.487955,0.480519,0.469554,0.454,0.432787,0.404977,0.369938,0.327528,0.278228,0.223213,0.164303,0.103808,0.0442803,-0.0117851,-0.0622255,-0.105409,-0.14031,-0.166457,-0.183776,-0.192379,-0.192379,-0.183776,-0.166457,-0.14031,-0.105409,-0.0622255,-0.0117851,0.0442803,0.103808,0.164303,0.223213,0.278228,0.327528,0.369938,0.404977,0.432787,0.454,0.469554,0.480519,0.487955,0.492805,0.495849,0.497687,0.498756,0.499354,0.499676,0.499843,0.499927,0.499967,0.499985,0.499992,0.499992
0.499992,0.499992,0.499986,0.49997,0.499935,0.49986,0.499711,0.499423,0.498887,0.497927,0.496273,0.493528,0.489145,0.482407,0.472443,0.458267,0.43887,0.413346,0.381058,0.341799,0.295932,0.244459,0.188992,0.131632,0.0747461,0.0207059,-0.0283658,-0.0707876,-0.105409,-0.131582,-0.149048,-0.157768,-0.157768,-0.149048,-0.131582,-0.105409,-0.0707876,-0.0283658,0.0207059,0.0747461,0.131632,0.188992,0.244459,0.295932,0.341799,0.381058,0.413346,0.43887,0.458267,0.472443,0.482407,0.489145,0.493528,0.496273,0.497927,0.498887,0.499423,0.499711,0.49986,0.499935,0.49997,0.499986,0.499992,0.499992
0.499994,0.499994,0.499988,0.499974,0.499944,0.499879,0.499749,0.499499,0.499031,0.498193,0.496744,0.494333,0.490473,0.484521,0.475689,0.463078,0.445753,0.422857,0.393753,0.358176,0.316367,0.269139,0.21788,0.164447,0.11099,0.0597258,0.012705,-0.0283658,-0.0622255,-0.0880616,-0.105433,-0.114148,-0.114148,-0.105433,-0.0880616,-0.0622255,-0.0283658,0.012705,0.0597258,0.11099,0.164447,0.21788,0.269139,0.316367,0.358176,0.393753,0.422857,0.445753,0.463078,0.475689,0.484521,0.490473,0.494333,0.496744,0.498193,0.499031,0.499499,0.499749,0.499879,0.499944,0.499974,0.499988,0.499994,0.499994
0.499995,0.499995,0.49999,0.499979,0.499953,0.499898,0.499789,0.499577,0.499181,0.498468,0.497233,0.495172,0.49186,0.486735,0.479103,0.468159,0.453056,0.432996,0.407359,0.375835,0.338544,0.296119,0.249709,0.200917,0.151651,0.103939,0.0597258,0.0207059,-0.0117851,-0.0367994,-0.0537392,-0.0622779,-0.0622779,-0.0537392,-0.0367994,-0.0117851,0.0207059,0.0597258,0.103939,0.151651,0.200917,0.249709,0.296119,0.338544,0.375835,0.407359,0.432996,0.453056,0.468159,0.479103,0.486735,0.49186,0.495172,0.497233,0.498468,0.499181,0.499577,0.499789,0.499898,0.499953,0.499979,0.49999,0.499995,0.499995
0.499996,0.499996,0.499992,0.499983,0.499961,0.499917,0.499827,0.499653,0.499326,0.498737,0.497713,0.495998,0.493231,0.488935,0.482507,0.473248,0.460407,0.443258,0.421212,0.393929,0.361429,0.324175,0.283086,0.239507,0.195091,0.151651,0.11099,0.0747461,0.0442803,0.0206292,0.00450704,-0.00365399,-0.00365399,0.00450704,0.0206292,0.0442803,0.0747461,0.11099,0.151651,0.195091,0.239507,0.283086,0.324175,0.361429,0.393929,0.421212,0.443258,0.460407,0.473248,0.482507,0.488935,0.493231,0.495998,0.497713,0.498737,0.499326,0.499653,0.499827,0.499917,0.499961,0.499983,0.499992,0.499996,0.499996
0.499997,0.499997,0.499994,0.499986,0.49997,0.499934,0.499863,0.499724,0.499462,0.498988,0.498162,0.496774,0.494525,0.491018,0.485746,0.478115,0.467474,0.453182,0.434694,0.411659,0.384022,0.352093,0.316585,0.27859,0.239507,0.200917,0.164447,0.131632,0.103808,0.0820435,0.0671194,0.0595364,0.0595364,0.0671194,0.0820435,0.103808,0.131632,0.164447,0.200917,0.239507,0.27859,0.316585,0.352093,0.384022,0.411659,0.434694,0.453182,0.467474,0.478115,0.485746,0.491018,0.494525,0.496774,0.498162,0.498988,0.499462,0.499724,0.499863,0.499934,0.49997,0.499986,0.499994,0.499997,0.499997
0.499997,0.499997,0.499995,0.499989,0.499977,0.499949,0.499894,0.499786,0.499583,0.499213,0.498565,0.497472,0.495694,0.492908,0.488701,0.482578,0.473992,0.46239,0.447285,0.428335,0.405431,0.378763,0.348859,0.316585,0.283086,0.249709,0.21788,0.188992,0.164303,0.144858,0.131455,0.124622,0.124622,0.131455,0.144858,0.164303,0.188992,0.21788,0.249709,0.283086,0.316585,0.348859,0.378763,0.405431,0.428335,0.447285,0.46239,0.473992,0.482578,0.488701,0.492908,0.495694,0.497472,0.498565,0.499213,0.499583,0.499786,0.499894,0.499949,0.499977,0.499989,0.499995,0.499997,0.499997
0.499998,0.499998,0.499996,0.499992,0.499983,0.499962,0.499921,0.499839,0.499686,0.499405,0.498911,0.498075,0.496708,0.494557,0.49129,0.486511,0.47977,0.470605,0.458594,0.44342,0.424945,0.403267,0.378763,0.352093,0.324175,0.296119,0.269139,0.244459,0.223213,0.206379,0.194722,0.188762,0.188762,0.194722,0.206379,0.223213,0.244459,0.269139,0.296119,0.324175,0.352093,0.378763,0.403267,0.424945,0.44342,0.458594,0.470605,0.47977,0.486511,0.49129,0.494557,0.496708,0.498075,0.498911,0.499405,0.499686,0.499839,0.499921,0.499962,0.499983,0.499992,0.499996,0.499998,0.499998
0.499999,0.499999,0.499997,0.499994,0.499987,0.499973,0.499942,0.499883,0.49977,0.499563,0.499198,0.498576,0.497556,0.49594,0.493476,0.489849,0.484703,0.477664,0.468377,0.456563,0.442075,0.424945,0.405431,0.384022,0.361429,0.338544,0.316367,0.295932,0.278228,0.264125,0.254319,0.249292,0.249292,0.254319,0.264125,0.278228,0.295932,0.316367,0.338544,0.361429,0.384022,0.405431,0.424945,0.442075,0.456563,0.468377,0.477664,0.484703,0.489849,0.493476,0.49594,0.497556,0.498576,0.499198,0.499563,0.49977,0.499883,0.499942,0.499973,0.499987,0.499994,0.499997,0.499999,0.499999
0.499999,0.499999,0.499998,0.499996,0.499991,0.499981,0.499959,0.499917,0.499837,0.499689,0.499426,0.498977,0.498237,0.497059,0.495253,0.492579,0.488763,0.483509,0.476533,0.467599,0.456563,0.44342,0.428335,0.411659,0.393929,0.375835,0.358176,0.341799,0.327528,0.316105,0.308133,0.304038,0.304038,0.308133,0.316105,0.327528,0.341799,0.358176,0.375835,0.393929,0.411659,0.428335,0.44342,0.456563,0.467599,0.476533,0.483509,0.488763,0.492579,0.495253,0.497059,0.498237,0.498977,0.499426,0.499689,0.499837,0.499917,0.499959,0.499981,0.499991,0.499996,0.499998,0.499999,0.499999
0.499999,0.499999,0.499999,0.499997,0.499994,0.499987,0.499972,0.499943,0.499888,0.499785,0.499602,0.499287,0.498766,0.497932,0.496646,0.494733,0.491985,0.488179,0.483092,0.476533,0.468377,0.458594,0.447285,0.434694,0.421212,0.407359,0.393753,0.381058,0.369938,0.361,0.354742,0.351521,0.351521,0.354742,0.361,0.369938,0.381058,0.393753,0.407359,0.421212,0.434694,0.447285,0.458594,0.468377,0.476533,0.483092,0.488179,0.491985,0.494733,0.496646,0.497932,0.498766,0.499287,0.499602,0.499785,0.499888,0.499943,0.499972,0.499987,0.499994,0.499997,0.499999,0.499999,0.499999
0.5,0.5,0.499999,0.499998,0.499996,0.499991,0.499982,0.499962,0.499925,0.499856,0.499732,0.499518,0.499162,0.498589,0.497701,0.496372,0.494452,0.491777,0.488179,0.483509,0.477664,0.470605,0.46239,0.453182,0.443258,0.432996,0.422857,0.413346,0.404977,0.398223,0.393481,0.391036,0.391036,0.393481,0.398223,0.404977,0.413346,0.422857,0.432996,0.443258,0.453182,0.46239,0.470605,0.477664,0.483509,0.488179,0.491777,0.494452,0.496372,0.497701,0.498589,0.499162,0.499518,0.499732,0.499856,0.499925,0.499962,0.499982,0.499991,0.499996,0.499998,0.499999,0.5,0.5
0.5,0.5,0.5,0.499999,0.499997,0.499994,0.499988,0.499976,0.499951,0.499906,0.499825,0.499684,0.499448,0.499066,0.498472,0.497576,0.496276,0.494452,0.491985,0.488763,0.484703,0.47977,0.473992,0.467474,0.460407,0.453056,0.445753,0.43887,0.432787,0.427861,0.424394,0.422604,0.422604,0.424394,0.427861,0.432787,0.43887,0.445753,0.453056,0.460407,0.467474,0.473992,0.47977,0.484703,0.488763,0.491985,0.494452,0.496276,0.497576,0.498472,0.499066,0.499448,0.499684,0.499825,0.499906,0.499951,0.499976,0.499988,0.499994,0.499997,0.499999,0.5,0.5,0.5
0.5,0.5,0.5,0.499999,0.499998,0.499997,0.499993,0.499985,0.499969,0.499941,0.499889,0.499799,0.499647,0.499401,0.499015,0.49843,0.497576,0.496372,0.494733,0.492579,0.489849,0.486511,0.482578,0.478115,0.473248,0.468159,0.463078,0.458267,0.454,0.450533,0.448088,0.446823,0.446823,0.448088,0.450533,0.454,0.458267,0.463078,0.468159,0.473248,0.478115,0.482578,0.486511,0.489849,0.492579,0.494733,0.496372,0.497576,0.49843,0.499015,0.499401,0.499647,0.499799,0.499889,0.499941,0.499969,0.499985,0.499993,0.499997,0.499998,0.499999,0.5,0.5,0.5
0.5,0.5,0.5,0.5,0.499999,0.499998,0.499996,0.499991,0.499981,0.499964,0.499932,0.499876,0.499782,0.499628,0.499385,0.499015,0.498472,0.497701,0.496646,0.495253,0.493476,0.49129,0.488701,0.485746,0.482507,0.479103,0.475689,0.472443,0.469554,0.4672,0.465536,0.464675,0.464675,0.465536,0.4672,0.469554,0.472443,0.475689,0.479103,0.482507,0.485746,0.488701,0.49129,0.493476,0.495253,0.496646,0.497701,0.498472,0.499015,0.499385,0.499628,0.499782,0.499876,0.499932,0.499964,0.499981,0.499991,0.499996,0.499998,0.499999,0.5,0.5,0.5,0.5
0.5,0.5,0.5,0.5,0.499999,0.499999,0.499997,0.499995,0.499989,0.499979,0.49996,0.499926,0.499869,0.499776,0.499628,0.499401,0.499066,0.498589,0.497932,0.497059,0.49594,0.494557,0.492908,0.491018,0.488935,0.486735,0.484521,0.482407,0.480519,0.478978,0.477886,0.47732,0.47732,0.477886,0.478978,0.480519,0.482407,0.484521,0.486735,0.488935,0.491018,0.492908,0.494557,0.49594,0.497059,0.497932,0.498589,0.499066,0.499401,0.499628,0.499776,0.499869,0.499926,0.49996,0.499979,0.499989,0.499995,0.499997,0.499999,0.499999,0.5,0.5,0.5,0.5
0.5,0.5,0.5,0.5,0.5,0.499999,0.499999,0.499997,0.499994,0.499988,0.499977,0.499957,0.499924,0.499869,0.499782,0.499647,0.499448,0.499162,0.498766,0.498237,0.497556,0.496708,0.495694,0.494525,0.493231,0.49186,0.490473,0.489145,0.487955,0.486981,0.486291,0.485932,0.485932,0.486291,0.486981,0.487955,0.489145,0.490473,0.49186,0.493231,0.494525,0.495694,0.496708,0.497556,0.498237,0.498766,0.499162,0.499448,0.499647,0.499782,0.499869,0.499924,0.499957,0.499977,0.499988,0.499994,0.499997,0.499999,0.499999,0.5,0.5,0.5,0.5,0.5
0.5,0.5,0.5,0.5,0.5,0.5,0.499999,0.499998,0.499997,0.499993,0.499987,0.499976,0.499957,0.499926,0.499876,0.499799,0.499684,0.499518,0.499287,0.498977,0.498576,0.498075,0.497472,0.496774,0.495998,0.495172,0.494333,0.493528,0.492805,0.492212,0.49179,0.491571,0.491571,0.49179,0.492212,0.492805,0.493528,0.494333,0.495172,0.495998,0.496774,0.497472,0.498075,0.498576,0.498977,0.499287,0.499518,0.499684,0.499799,0.499876,0.499926,0.499957,0.499976,0.499987,0.499993,0.499997,0.499998,0.499999,0.5,0.5,0.5,0.5,0.5,0.5
0.5,0.5,0.5,0.5,0.5,0.5,0.5,0.499999,0.499998,0.499996,0.499993,0.499987,0.499977,0.49996,0.499932,0.499889,0.499825,0.499732,0.499602,0.499426,0.499198,0.498911,0.498565,0.498162,0.497713,0.497233,0.496744,0.496273,0.495849,0.4955,0.495252,0.495123,0.495123,0.495252,0.4955,0.495849,0.496273,0.496744,0.497233,0.497713,0.498162,0.498565,0.498911,0.499198,0.499426,0.499602,0.499732,0.499825,0.499889,0.499932,0.49996,0.499977,0.499987,0.499993,0.499996,0.499998,0.499999,0.5,0.5,0.5,0.5,0.5,0.5,0.5
0.5,0.5,0.5,0.5,0.5,0.5,0.5,0.5,0.499999,0.499998,0.499996,0.499993,0.499988,0.499979,0.499964,0.499941,0.499906,0.499856,0.499785,0.499689,0.499563,0.499405,0.499213,0.498988,0.498737,0.498468,0.498193,0.497927,0.497687,0.49749,0.497349,0.497276,0.497276,0.497349,0.49749,0.497687,0.497927,0.498193,0.498468,0.498737,0.498988,0.499213,0.499405,0.499563,0.499689,0.499785,0.499856,0.499906,0.499941,0.499964,0.499979,0.499988,0.499993,0.499996,0.499998,0.499999,0.5,0.5,0.5,0.5,0.5,0.5,0.5,0.5
0.5,0.5,0.5,0.5,0.5,0.5,0.5,0.5,0.5,0.499999,0.499998,0.499997,0.499994,0.499989,0.499981,0.499969,0.499951,0.499925,0.499888,0.499837,0.49977,0.499686,0.499583,0.499462,0.499326,0.499181,0.499031,0.498887,0.498756,0.498648,0.498571,0.498531,0.498531,0.498571,0.498648,0.498756,0.498887,0.499031,0.499181,0.499326,0.499462,0.499583,0.499686,0.49977,0.499837,0.499888,0.499925,0.499951,0.499969,0.499981,0.499989,0.499994,0.499997,0.499998,0.499999,0.5,0.5,0.5,0.5,0.5,0.5,0.5,0.5,0.5
0.5,0.5,0.5,0.5,0.5,0.5,0.5,0.5,0.5,0.5,0.499999,0.499998,0.499997,0.499995,0.499991,0.499985,0.499976,0.499962,0.499943,0.499917,0.499883,0.499839,0.499786,0.499724,0.499653,0.499577,0.499499,0.499423,0.499354,0.499297,0.499256,0.499235,0.499235,0.499256,0.499297,0.499354,0.499423,0.499499,0.499577,0.499653,0.499724,0.499786,0.499839,0.499883,0.499917,0.499943,0.499962,0.499976,0.499985,0.499991,0.499995,0.499997,0.499998,0.499999,0.5,0.5,0.5,0.5,0.5,0.5,0.5,0.5,0.5,0.5
0.5,0.5,0.5,0.5,0.5,0.5,0.5,0.5,0.5,0.5,0.5,0.499999,0.499999,0.499997,0.499996,0.499993,0.499988,0.499982,0.499972,0.499959,0.499942,0.499921,0.499894,0.499863,0.499827,0.499789,0.499749,0.499711,0.499676,0.499647,0.499626,0.499616,0.499616,0.499626,0.499647,0.499676,0.499711,0.499749,0.499789,0.499827,0.499863,0.499894,0.499921,0.499942,0.499959,0.499972,0.499982,0.499988,0.499993,0.499996,0.499997,0.499999,0.499999,0.5,0.5,0.5,0.5,0.5,0.5,0.5,0.5,0.5,0.5,0.5
0.5,0.5,0.5,0.5,0.5,0.5,0.5,0.5,0.5,0.5,0.5,0.5,0.499999,0.499999,0.499998,0.499997,0.499994,0.499991,0.499987,0.499981,0.499973,0.499962,0.499949,0.499934,0.499917,0.499898,0.499879,0.49986,0.499843,0.499829,0.499819,0.499814,0.499814,0.499819,0.499829,0.499843,0.49986,0.499879,0.499898,0.499917,0.499934,0.499949,0.499962,0.499973,0.499981,0.499987,0.499991,0.499994,0.499997,0.499998,0.499999,0.499999,0.5,0.5,0.5,0.5,0.5,0.5,0.5,0.5,0.5,0.5,0.5,0.5
0.5,0.5,0.5,0.5,0.5,0.5,0.5,0.5,0.5,0.5,0.5,0.5,0.5,0.499999,0.499999,0.499998,0.499997,0.499996,0.499994,0.499991,0.499987,0.499983,0.499977,0.49997,0.499961,0.499953,0.499944,0.499935,0.499927,0.49992,0.499915,0.499913,0.499913,0.499915,0.49992,0.499927,0.499935,0.499944,0.499953,0.499961,0.49997,0.499977,0.499983,0.499987,0.499991,0.499994,0.499996,0.499997,0.499998,0.499999,0.499999,0.5,0.5,0.5,0.5,0.5,0.5,0.5,0.5,0.5,0.5,0.5,0.5,0.5
0.5,0.5,0.5,0.5,0.5,0.5,0.5,0.5,0.5,0.5,0.5,0.5,0.5,0.5,0.5,0.499999,0.499999,0.499998,0.499997,0.499996,0.499994,0.499992,0.499989,0.499986,0.499983,0.499979,0.499974,0.49997,0.499967,0.499964,0.499961,0.49996,0.49996,0.499961,0.499964,0.499967,0.49997,0.499974,0.499979,0.499983,0.499986,0.499989,0.499992,0.499994,0.499996,0.499997,0.499998,0.499999,0.499999,0.5,0.5,0.5,0.5,0.5,0.5,0.5,0.5,0.5,0.5,0.5,0.5,0.5,0.5,0.5
0.5,0.5,0.5,0.5,0.5,0.5,0.5,0.5,0.5,0.5,0.5,0.5,0.5,0.5,0.5,0.5,0.5,0.499999,0.499999,0.499998,0.499997,0.499996,0.499995,0.499994,0.499992,0.49999,0.499988,0.499986,0.499985,0.499983,0.499982,0.499982,0.499982,0.499982,0.499983,0.499985,0.499986,0.499988,0.49999,0.499992,0.499994,0.499995,0.499996,0.499997,0.499998,0.499999,0.499999,0.5,0.5,0.5,0.5,0.5,0.5,0.5,0.5,0.5,0.5,0.5,0.5,0.5,0.5,0.5,0.5,0.5
0.5,0.5,0.5,0.5,0.5,0.5,0.5,0.5,0.5,0.5,0.5,0.5,0.5,0.5,0.5,0.5,0.5,0.5,0.499999,0.499999,0.499999,0.499998,0.499997,0.499997,0.499996,0.499995,0.499994,0.499992,0.499992,0.499991,0.49999,0.49999,0.49999,0.49999,0.499991,0.499992,0.499992,0.499994,0.499995,0.499996,0.499997,0.499997,0.499998,0.499999,0.499999,0.499999,0.5,0.5,0.5,0.5,0.5,0.5,0.5,0.5,0.5,0.5,0.5,0.5,0.5,0.5,0.5,0.5,0.5,0.5
0.5,0.5,0.5,0.5,0.5,0.5,0.5,0.5,0.5,0.5,0.5,0.5,0.5,0.5,0.5,0.5,0.5,0.5,0.499999,0.499999,0.499999,0.499998,0.499997,0.499997,0.499996,0.499995,0.499994,0.499992,0.499992,0.499991,0.49999,0.49999,0.49999,0.49999,0.499991,0.499992,0.499992,0.499994,0.499995,0.499996,0.499997,0.499997,0.499998,0.499999,0.499999,0.499999,0.5,0.5,0.5,0.5,0.5,0.5,0.5,0.5,0.5,0.5,0.5,0.5,0.5,0.5,0.5,0.5,0.5,0.5
