0.5,0.5,0.5,0.5,0.5,0.5,0.5,0.5,0.5,0.5,0.5,0.5,0.5,0.5,0.5,0.5,0.5,0.5,0.5,0.499999,0.499999,0.499999,0.499998,0.499998,0.499997,0.499996,0.499995,0.499995,0.499994,0.499993,0.499993,0.499993,0.499993,0.499993,0.499993,0.499994,0.499995,0.499995,0.499996,0.499997,0.499998,0.499998,0.499999,0.499999,0.499999,0.5,0.5,0.5,0.5,0.5,0.5,0.5,0.5,0.5,0.5,0.5,0.5,0.5,0.5,0.5,0.5,0.5,0.5,0.5
0.5,0.5,0.5,0.5,0.5,0.5,0.5,0.5,0.5,0.5,0.5,0.5,0.5,0.5,0.5,0.5,0.5,0.5,0.5,0.499999,0.499999,0.499999,0.499998,0.499998,0.499997,0.499996,0.499995,0.499995,0.499994,0.499993,0.499993,0.499993,0.499993,0.499993,0.499993,0.499994,0.499995,0.499995,0.499996,0.499997,0.499998,0.499998,0.499999,0.499999,0.499999,0.5,0.5,0.5,0.5,0.5,0.5,0.5,0.5,0.5,0.5,0.5,0.5,0.5,0.5,0.5,0.5,0.5,0.5,0.5
0.5,0.5,0.5,0.5,0.5,0.5,0.5,0.5,0.5,0.5,0.5,0.5,0.5,0.5,0.5,0.5,0.5,0.499999,0.499999,0.499999,0.499998,0.499998,0.499997,0.499996,0.499994,0.499993,0.499992,0.49999,0.499989,0.499988,0.499987,0.499987,0.499987,0.499987,0.499988,0.499989,0.49999,0.499992,0.499993,0.499994,0.499996,0.499997,0.499998,0.499998,0.499999,0.499999,0.499999,0.5,0.5,0.5,0.5,0.5,0.5,0.5,0.5,0.5,0.5,0.5,0.5,0.5,0.5,0.5,0.5,0.5
0.5,0.5,0.5,0.5,0.5,0.5,0.5,0.5,0.5,0.5,0.5,0.5,0.5,0.5,0.5,0.5,0.499999,0.499999,0.499998,0.499997,0.499996,0.499994,0.499992,0.49999,0.499987,0.499984,0.499981,0.499978,0.499976,0.499973,0.499972,0.499971,0.499971,0.499972,0.499973,0.499976,0.499978,0.499981,0.499984,0.499987,0.49999,0.499992,0.499994,0.499996,0.499997,0.499998,0.499999,0.499999,0.5,0.5,0.5,0.5,0.5,0.5,0.5,0.5,0.5,0.5,0.5,0.5,0.5,0.5,0.5,0.5
0.5,0.5,0.5,0.5,0.5,0.5,0.5,0.5,0.5,0.5,0.5,0.5,0.5,0.5,0.499999,0.499999,0.499998,0.499997,0.499996,0.499994,0.499991,0.499987,0.499983,0.499978,0.499972,0.499965,0.499958,0.499952,0.499946,0.49994,0.499937,0.499935,0.499935,0.499937,0.49994,0.499946,0.499952,0.499958,0.499965,0.499972,0.499978,0.499983,0.499987,0.499991,0.499994,0.499996,0.499997,0.499998,0.499999,0.499999,0.5,0.5,0.5,0.5,0.5,0.5,0.5,0.5,0.5,0.5,0.5,0.5,0.5,0.5
0.5,0.5,0.5,0.5,0.5,0.5,0.5,0.5,0.5,0.5,0.5,0.5,0.5,0.499999,0.499999,0.499998,0.499996,0.499994,0.499991,0.499986,0.49998,0.499972,0.499963,0.499951,0.499938,0.499924,0.499909,0.499895,0.499882,0.499871,0.499863,0.499859,0.499859,0.499863,0.499871,0.499882,0.499895,0.499909,0.499924,0.499938,0.499951,0.499963,0.499972,0.49998,0.499986,0.499991,0.499994,0.499996,0.499998,0.499999,0.499999,0.5,0.5,0.5,0.5,0.5,0.5,0.5,0.5,0.5,0.5,0.5,0.5,0.5
0.5,0.5,0.5,0.5,0.5,0.5,0.5,0.5,0.5,0.5,0.5,0.499999,0.499999,0.499998,0.499997,0.499995,0.499991,0.499987,0.49998,0.49997,0.499957,0.499941,0.499921,0.499897,0.49987,0.49984,0.499809,0.499779,0.499752,0.49973,0.499714,0.499705,0.499705,0.499714,0.49973,0.499752,0.499779,0.499809,0.49984,0.49987,0.499897,0.499921,0.499941,0.499957,0.49997,0.49998,0.499987,0.499991,0.499995,0.499997,0.499998,0.499999,0.499999,0.5,0.5,0.5,0.5,0.5,0.5,0.5,0.5,0.5,0.5,0.5
0.5,0.5,0.5,0.5,0.5,0.5,0.5,0.5,0.5,0.5,0.499999,0.499999,0.499998,0.499996,0.499993,0.499989,0.499982,0.499972,0.499958,0.499938,0.499912,0.499879,0.499838,0.499789,0.499734,0.499675,0.499613,0.499553,0.499499,0.499454,0.499421,0.499405,0.499405,0.499421,0.499454,0.499499,0.499553,0.499613,0.499675,0.499734,0.499789,0.499838,0.499879,0.499912,0.499938,0.499958,0.499972,0.499982,0.499989,0.499993,0.499996,0.499998,0.499999,0.499999,0.5,0.5,0.5,0.5,0.5,0.5,0.5,0.5,0.5,0.5
0.5,0.5,0.5,0.5,0.5,0.5,0.5,0.5,0.5,0.499999,0.499999,0.499998,0.499996,0.499992,0.499987,0.499978,0.499964,0.499944,0.499916,0.499877,0.499825,0.49976,0.499679,0.499584,0.499477,0.499361,0.499242,0.499126,0.499021,0.498934,0.498872,0.49884,0.49884,0.498872,0.498934,0.499021,0.499126,0.499242,0.499361,0.499477,0.499584,0.499679,0.49976,0.499825,0.499877,0.499916,0.499944,0.499964,0.499978,0.499987,0.499992,0.499996,0.499998,0.499999,0.499999,0.5,0.5,0.5,0.5,0.5,0.5,0.5,0.5,0.5
0.5,0.5,0.5,0.5,0.5,0.5,0.5,0.5,0.499999,0.499999,0.499997,0.499995,0.499991,0.499984,0.499973,0.499956,0.49993,0.499891,0.499837,0.499762,0.499664,0.499539,0.499387,0.499208,0.499006,0.498789,0.498566,0.49835,0.498154,0.497993,0.497878,0.497818,0.497818,0.497878,0.497993,0.498154,0.49835,0.498566,0.498789,0.499006,0.499208,0.499387,0.499539,0.499664,0.499762,0.499837,0.499891,0.49993,0.499956,0.499973,0.499984,0.499991,0.499995,0.499997,0.499999,0.499999,0.5,0.5,0.5,0.5,0.5,0.5,0.5,0.5
0.5,0.5,0.5,0.5,0.5,0.5,0.5,0.499999,0.499999,0.499997,0.499995,0.499991,0.499983,0.49997,0.499949,0.499917,0.499868,0.499796,0.499694,0.499556,0.499375,0.499146,0.498867,0.498541,0.498175,0.497782,0.49738,0.496992,0.496641,0.496351,0.496145,0.496038,0.496038,0.496145,0.496351,0.496641,0.496992,0.49738,0.497782,0.498175,0.498541,0.498867,0.499146,0.499375,0.499556,0.499694,0.499796,0.499868,0.499917,0.499949,0.49997,0.499983,0.499991,0.499995,0.499997,0.499999,0.499999,0.5,0.5,0.5,0.5,0.5,0.5,0.5
0.5,0.5,0.5,0.5,0.5,0.5,0.499999,0.499999,0.499998,0.499995,0.499991,0.499983,0.499968,0.499945,0.499907,0.499848,0.499758,0.499628,0.499446,0.499199,0.498876,0.49847,0.497978,0.497405,0.496764,0.496078,0.495378,0.494704,0.494096,0.493596,0.49324,0.493054,0.493054,0.49324,0.493596,0.494096,0.494704,0.495378,0.496078,0.496764,0.497405,0.497978,0.49847,0.498876,0.499199,0.499446,0.499628,0.499758,0.499848,0.499907,0.499945,0.499968,0.499983,0.499991,0.499995,0.499998,0.499999,0.499999,0.5,0.5,0.5,0.5,0.5,0.5
0.5,0.5,0.5,0.5,0.5,0.5,0.499999,0.499998,0.499996,0.499991,0.499983,0.499968,0.499943,0.499902,0.499834,0.49973,0.499573,0.499346,0.499029,0.498602,0.498047,0.497351,0.496512,0.495539,0.494454,0.493298,0.492123,0.490993,0.489978,0.489144,0.488552,0.488244,0.488244,0.488552,0.489144,0.489978,0.490993,0.492123,0.493298,0.494454,0.495539,0.496512,0.497351,0.498047,0.498602,0.499029,0.499346,0.499573,0.49973,0.499834,0.499902,0.499943,0.499968,0.499983,0.499991,0.499996,0.499998,0.499999,0.5,0.5,0.5,0.5,0.5,0.5
0.5,0.5,0.5,0.5,0.5,0.499999,0.499998,0.499996,0.499992,0.499984,0.49997,0.499945,0.499902,0.49983,0.499714,0.499536,0.49927,0.498887,0.498354,0.49764,0.496716,0.495565,0.494182,0.492585,0.490814,0.488934,0.487029,0.485204,0.483567,0.482227,0.481276,0.480782,0.480782,0.481276,0.482227,0.483567,0.485204,0.487029,0.488934,0.490814,0.492585,0.494182,0.495565,0.496716,0.49764,0.498354,0.498887,0.49927,0.499536,0.499714,0.49983,0.499902,0.499945,0.49997,0.499984,0.499992,0.499996,0.499998,0.499999,0.5,0.5,0.5,0.5,0.5
0.5,0.5,0.5,0.5,0.499999,0.499999,0.499997,0.499993,0.499987,0.499973,0.499949,0.499907,0.499834,0.499714,0.499523,0.499228,0.498792,0.498165,0.4973,0.496145,0.494659,0.492817,0.490615,0.488085,0.485291,0.482336,0.479357,0.47651,0.473966,0.471888,0.470415,0.469651,0.469651,0.470415,0.471888,0.473966,0.47651,0.479357,0.482336,0.485291,0.488085,0.490615,0.492817,0.494659,0.496145,0.4973,0.498165,0.498792,0.499228,0.499523,0.499714,0.499834,0.499907,0.499949,0.499973,0.499987,0.499993,0.499997,0.499999,0.499999,0.5,0.5,0.5,0.5
0.5,0.5,0.5,0.5,0.499999,0.499998,0.499995,0.499989,0.499978,0.499956,0.499917,0.499848,0.49973,0.499536,0.499228,0.498758,0.498063,0.497073,0.495712,0.493905,0.491593,0.488742,0.485353,0.481477,0.477219,0.472737,0.468236,0.463952,0.460135,0.457025,0.454825,0.453685,0.453685,0.454825,0.457025,0.460135,0.463952,0.468236,0.472737,0.477219,0.481477,0.485353,0.488742,0.491593,0.493905,0.495712,0.497073,0.498063,0.498758,0.499228,0.499536,0.49973,0.499848,0.499917,0.499956,0.499978,0.499989,0.499995,0.499998,0.499999,0.5,0.5,0.5,0.5
0.5,0.5,0.5,0.499999,0.499998,0.499996,0.499991,0.499982,0.499964,0.49993,0.499868,0.499758,0.499573,0.49927,0.498792,0.498063,0.496994,0.495478,0.493404,0.490668,0.487188,0.482918,0.477872,0.472133,0.465861,0.459292,0.452725,0.446501,0.440975,0.436484,0.433314,0.431675,0.431675,0.433314,0.436484,0.440975,0.446501,0.452725,0.459292,0.465861,0.472133,0.477872,0.482918,0.487188,0.490668,0.493404,0.495478,0.496994,0.498063,0.498792,0.49927,0.499573,0.499758,0.499868,0.49993,0.499964,0.499982,0.499991,0.499996,0.499998,0.499999,0.5,0.5,0.5
0.5,0.5,0.499999,0.499999,0.499997,0.499994,0.499987,0.499972,0.499944,0.499891,0.499796,0.499628,0.499346,0.498887,0.498165,0.497073,0.495478,0.493228,0.49017,0.486158,0.481084,0.474896,0.467627,0.459407,0.450475,0.441169,0.431912,0.423178,0.415454,0.409196,0.40479,0.402514,0.402514,0.40479,0.409196,0.415454,0.423178,0.431912,0.441169,0.450475,0.459407,0.467627,0.474896,0.481084,0.486158,0.49017,0.493228,0.495478,0.497073,0.498165,0.498887,0.499346,0.499628,0.499796,0.499891,0.499944,0.499972,0.499987,0.499994,0.499997,0.499999,0.499999,0.5,0.5
0.5,0.5,0.499999,0.499998,0.499996,0.499991,0.49998,0.499958,0.499916,0.499837,0.499694,0.499446,0.499029,0.498354,0.4973,0.495712,0.493404,0.49017,0.485797,0.480097,0.472931,0.464248,0.454109,0.442716,0.430409,0.417662,0.405051,0.393209,0.382782,0.374363,0.368451,0.365401,0.365401,0.368451,0.374363,0.382782,0.393209,0.405051,0.417662,0.430409,0.442716,0.454109,0.464248,0.472931,0.480097,0.485797,0.49017,0.493404,0.495712,0.4973,0.498354,0.499029,0.499446,0.499694,0.499837,0.499916,0.499958,0.49998,0.499991,0.499996,0.499998,0.499999,0.5,0.5
0.499999,0.499999,0.499999,0.499997,0.499994,0.499986,0.49997,0.499938,0.499877,0.499762,0.499556,0.499199,0.498602,0.49764,0.496145,0.493905,0.490668,0.486158,0.480097,0.472244,0.462435,0.450625,0.436926,0.421633,0.40522,0.388325,0.371708,0.356189,0.342587,0.331647,0.323987,0.320043,0.320043,0.323987,0.331647,0.342587,0.356189,0.371708,0.388325,0.40522,0.421633,0.436926,0.450625,0.462435,0.472244,0.480097,0.486158,0.490668,0.493905,0.496145,0.49764,0.498602,0.499199,0.499556,0.499762,0.499877,0.499938,0.49997,0.499986,0.499994,0.499997,0.499999,0.499999,0.499999
0.499999,0.499999,0.499998,0.499996,0.499991,0.49998,0.499957,0.499912,0.499825,0.499664,0.499375,0.498876,0.498047,0.496716,0.494659,0.491593,0.487188,0.481084,0.472931,0.462435,0.449409,0.433831,0.415886,0.395991,0.374785,0.353102,0.331912,0.312238,0.295083,0.281346,0.271757,0.266831,0.266831,0.271757,0.281346,0.295083,0.312238,0.331912,0.353102,0.374785,0.395991,0.415886,0.433831,0.449409,0.462435,0.472931,0.481084,0.487188,0.491593,0.494659,0.496716,0.498047,0.498876,0.499375,0.499664,0.499825,0.499912,0.499957,0.49998,0.499991,0.499996,0.499998,0.499999,0.499999
0.499999,0.499999,0.499998,0.499994,0.499987,0.499972,0.499941,0.499879,0.49976,0.499539,0.499146,0.49847,0.497351,0.495565,0.492817,0.488742,0.482918,0.474896,0.464248,0.450625,0.433831,0.413886,0.391075,0.365966,0.339398,0.312429,0.286252,0.262105,0.24117,0.224485,0.212881,0.206933,0.206933,0.212881,0.224485,0.24117,0.262105,0.286252,0.312429,0.339398,0.365966,0.391075,0.413886,0.433831,0.450625,0.464248,0.474896,0.482918,0.488742,0.492817,0.495565,0.497351,0.49847,0.499146,0.499539,0.49976,0.499879,0.499941,0.499972,0.499987,0.499994,0.499998,0.499999,0.499999
0.499998,0.499998,0.499997,0.499992,0.499983,0.499963,0.499921,0.499838,0.499679,0.499387,0.498867,0.497978,0.496512,0.494182,0.490615,0.485353,0.477872,0.467627,0.454109,0.436926,0.415886,0.391075,0.362905,0.332132,0.299819,0.267269,0.235909,0.207184,0.182435,0.162815,0.149225,0.142276,0.142276,0.149225,0.162815,0.182435,0.207184,0.235909,0.267269,0.299819,0.332132,0.362905,0.391075,0.415886,0.436926,0.454109,0.467627,0.477872,0.485353,0.490615,0.494182,0.496512,0.497978,0.498867,0.499387,0.499679,0.499838,0.499921,0.499963,0.499983,0.499992,0.499997,0.499998,0.499998
0.499998,0.499998,0.499996,0.49999,0.499978,0.499951,0.499897,0.499789,0.499584,0.499208,0.498541,0.497405,0.495539,0.492585,0.488085,0.481477,0.472133,0.459407,0.442716,0.421633,0.395991,0.365966,0.332132,0.295457,0.257255,0.219081,0.182595,0.149426,0.121045,0.0986777,0.0832536,0.0753889,0.0753889,0.0832536,0.0986777,0.121045,0.149426,0.182595,0.219081,0.257255,0.295457,0.332132,0.365966,0.395991,0.421633,0.442716,0.459407,0.472133,0.481477,0.488085,0.492585,0.495539,0.497405,0.498541,0.499208,0.499584,0.499789,0.499897,0.499951,0.499978,0.49999,0.499996,0.499998,0.499998
0.499997,0.499997,0.499994,0.499987,0.499972,0.499938,0.49987,0.499734,0.499477,0.499006,0.498175,0.496764,0.494454,0.490814,0.485291,0.477219,0.465861,0.450475,0.430409,0.40522,0.374785,0.339398,0.299819,0.257255,0.213281,0.169706,0.128406,0.0911633,0.0595339,0.0347663,0.0177717,0.00913362,0.00913362,0.0177717,0.0347663,0.0595339,0.0911633,0.128406,0.169706,0.213281,0.257255,0.299819,0.339398,0.374785,0.40522,0.430409,0.450475,0.465861,0.477219,0.485291,0.490814,0.494454,0.496764,0.498175,0.499006,0.499477,0.499734,0.49987,0.499938,0.499972,0.499987,0.499994,0.499997,0.499997
0.499996,0.499996,0.499993,0.499984,0.499965,0.499924,0.49984,0.499675,0.499361,0.498789,0.497782,0.496078,0.493298,0.488934,0.482336,0.472737,0.459292,0.441169,0.417662,0.388325,0.353102,0.312429,0.267269,0.219081,0.169706,0.121196,0.075616,0.0348616,0.000523955,-0.0261785,-0.0444015,-0.0536319,-0.0536319,-0.0444015,-0.0261785,0.000523955,0.0348616,0.075616,0.121196,0.169706,0.219081,0.267269,0.312429,0.353102,0.388325,0.417662,0.441169,0.459292,0.472737,0.482336,0.488934,0.493298,0.496078,0.497782,0.498789,0.499361,0.499675,0.49984,0.499924,0.499965,0.499984,0.499993,0.499996,0.499996
0.499995,0.499995,0.499992,0.499981,0.499958,0.499909,0.499809,0.499613,0.499242,0.498566,0.49738,0.495378,0.492123,0.487029,0.479357,0.468236,0.452725,0.431912,0.405051,0.371708,0.331912,0.286252,0.235909,0.182595,0.128406,0.075616,0.0264454,-0.017139,-0.0535594,-0.0816756,-0.100753,-0.11038,-0.11038,-0.100753,-0.0816756,-0.0535594,-0.017139,0.0264454,0.075616,0.128406,0.182595,0.235909,0.286252,0.331912,0.371708,0.405051,0.431912,0.452725,0.468236,0.479357,0.487029,0.492123,0.495378,0.49738,0.498566,0.499242,0.499613,0.499809,0.499909,0.499958,0.499981,0.499992,0.499995,0.499995
0.499995,0.499995,0.49999,0.499978,0.499952,0.499895,0.499779,0.499553,0.499126,0.49835,0.496992,0.494704,0.490993,0.485204,0.47651,0.463952,0.446501,0.423178,0.393209,0.356189,0.312238,0.262105,0.207184,0.149426,0.0911633,0.0348616,-0.017139,-0.0628401,-0.100716,-0.129741,-0.149318,-0.15916,-0.15916,-0.149318,-0.129741,-0.100716,-0.0628401,-0.017139,0.0348616,0.0911633,0.149426,0.207184,0.262105,0.312238,0.356189,0.393209,0.423178,0.446501,0.463952,0.47651,0.485204,0.490993,0.494704,0.496992,0.49835,0.499126,0.499553,0.499779,0.499895,0.499952,0.499978,0.49999,0.499995,0.499995
0.499994,0.499994,0.499989,0.499976,0.499946,0.499882,0.499752,0.499499,0.499021,0.498154,0.496641,0.494096,0.489978,0.483567,0.473966,0.460135,0.440975,0.415454,0.382782,0.342587,0.295083,0.24117,0.182435,0.121045,0.0595339,0.000523955,-0.0535594,-0.100716,-0.139497,-0.169007,-0.188797,-0.198708,-0.198708,-0.188797,-0.169007,-0.139497,-0.100716,-0.0535594,0.000523955,0.0595339,0.121045,0.182435,0.24117,0.295083,0.342587,0.382782,0.415454,0.440975,0.460135,0.473966,0.483567,0.489978,0.494096,0.496641,0.498154,0.499021,0.499499,0.499752,0.499882,0.499946,0.499976,0.499989,0.499994,0.499994
0.499993,0.499993,0.499988,0.499973,0.49994,0.499871,0.49973,0.499454,0.498934,0.497993,0.496351,0.493596,0.489144,0.482227,0.471888,0.457025,0.436484,0.409196,0.374363,0.331647,0.281346,0.224485,0.162815,0.0986777,0.0347663,-0.0261785,-0.0816756,-0.129741,-0.169007,-0.198701,-0.218515,-0.228404,-0.228404,-0.218515,-0.198701,-0.169007,-0.129741,-0.0816756,-0.0261785,0.0347663,0.0986777,0.162815,0.224485,0.281346,0.331647,0.374363,0.409196,0.436484,0.457025,0.471888,0.482227,0.489144,0.493596,0.496351,0.497993,0.498934,0.499454,0.49973,0.499871,0.49994,0.499973,0.499988,0.499993,0.499993
0.499993,0.499993,0.499987,0.499972,0.499937,0.499863,0.499714,0.499421,0.498872,0.497878,0.496145,0.49324,0.488552,0.481276,0.470415,0.454825,0.433314,0.40479,0.368451,0.323987,0.271757,0.212881,0.149225,0.0832536,0.0177717,-0.0444015,-0.100753,-0.149318,-0.188797,-0.218515,-0.238268,-0.248103,-0.248103,-0.238268,-0.218515,-0.188797,-0.149318,-0.100753,-0.0444015,0.0177717,0.0832536,0.149225,0.212881,0.271757,0.323987,0.368451,0.40479,0.433314,0.454825,0.470415,0.481276,0.488552,0.49324,0.496145,0.497878,0.498872,0.499421,0.499714,0.499863,0.499937,0.499972,0.499987,0.499993,0.499993
0.499993,0.499993,0.499987,0.499971,0.499935,0.499859,0.499705,0.499405,0.49884,0.497818,0.496038,0.493054,0.488244,0.480782,0.469651,0.453685,0.431675,0.402514,0.365401,0.320043,0.266831,0.206933,0.142276,0.0753889,0.00913362,-0.0536319,-0.11038,-0.15916,-0.198708,-0.228404,-0.248103,-0.257897,-0.257897,-0.248103,-0.228404,-0.198708,-0.15916,-0.11038,-0.0536319,0.00913362,0.0753889,0.142276,0.206933,0.266831,0.320043,0.365401,0.402514,0.431675,0.453685,0.469651,0.480782,0.488244,0.493054,0.496038,0.497818,0.49884,0.499405,0.499705,0.499859,0.499935,0.499971,0.499987,0.499993,0.499993
0.499993,0.499993,0.499987,0.499971,0.499935,0.499859,0.499705,0.499405,0.49884,0.497818,0.496038,0.493054,0.488244,0.480782,0.469651,0.453685,0.431675,0.402514,0.365401,0.320043,0.266831,0.206933,0.142276,0.0753889,0.00913362,-0.0536319,-0.11038,-0.15916,-0.198708,-0.228404,-0.248103,-0.257897,-0.257897,-0.248103,-0.228404,-0.198708,-0.15916,-0.11038,-0.0536319,0.00913362,0.0753889,0.142276,0.206933,0.266831,0.320043,0.365401,0.402514,0.431675,0.453685,0.469651,0.480782,0.488244,0.493054,0.496038,0.497818,0.49884,0.499405,0.499705,0.499859,0.499935,0.499971,0.499987,0.499993,0.499993
0.499993,0.499993,0.499987,0.499972,0.499937,0.499863,0.499714,0.499421,0.498872,0.497878,0.496145,0.49324,0.488552,0.481276,0.470415,0.454825,0.433314,0.40479,0.368451,0.323987,0.271757,0.212881,0.149225,0.0832536,0.0177717,-0.0444015,-0.100753,-0.149318,-0.188797,-0.218515,-0.238268,-0.248103,-0.248103,-0.238268,-0.218515,-0.188797,-0.149318,-0.100753,-0.0444015,0.0177717,0.0832536,0.149225,0.212881,0.271757,0.323987,0.368451,0.40479,0.433314,0.454825,0.470415,0.481276,0.488552,0.49324,0.496145,0.497878,0.498872,0.499421,0.499714,0.499863,0.499937,0.499972,0.499987,0.499993,0.499993
0.499993,0.499993,0.499988,0.499973,0.49994,0.499871,0.49973,0.499454,0.498934,0.497993,0.496351,0.493596,0.489144,0.482227,0.471888,0.457025,0.436484,0.409196,0.374363,0.331647,0.281346,0.224485,0.162815,0.0986777,0.0347663,-0.0261785,-0.0816756,-0.129741,-0.169007,-0.198701,-0.218515,-0.228404,-0.228404,-0.218515,-0.198701,-0.169007,-0.129741,-0.0816756,-0.0261785,0.0347663,0.0986777,0.162815,0.224485,0.281346,0.331647,0.374363,0.409196,0.436484,0.457025,0.471888,0.482227,0.489144,0.493596,0.496351,0.497993,0.498934,0.499454,0.49973,0.499871,0.49994,0.499973,0.499988,0.499993,0.499993
0.499994,0.499994,0.499989,0.499976,0.499946,0.499882,0.499752,0.499499,0.499021,0.498154,0.496641,0.494096,0.489978,0.483567,0.473966,0.460135,0.440975,0.415454,0.382782,0.342587,0.295083,0.24117,0.182435,0.121045,0.0595339,0.000523955,-0.0535594,-0.100716,-0.139497,-0.169007,-0.188797,-0.198708,-0.198708,-0.188797,-0.169007,-0.139497,-0.100716,-0.0535594,0.000523955,0.0595339,0.121045,0.182435,0.24117,0.295083,0.342587,0.382782,0.415454,0.440975,0.460135,0.473966,0.483567,0.489978,0.494096,0.496641,0.498154,0.499021,0.499499,0.499752,0.499882,0.499946,0.499976,0.499989,0.499994,0.499994
0.499995,0.499995,0.49999,0.499978,0.499952,0.499895,0.499779,0.499553,0.499126,0.49835,0.496992,0.494704,0.490993,0.485204,0.47651,0.463952,0.446501,0.423178,0.393209,0.356189,0.312238,0.262105,0.207184,0.149426,0.0911633,0.0348616,-0.017139,-0.0628401,-0.100716,-0.129741,-0.149318,-0.15916,-0.15916,-0.149318,-0.129741,-0.100716,-0.0628401,-0.017139,0.0348616,0.0911633,0.149426,0.207184,0.262105,0.312238,0.356189,0.393209,0.423178,0.446501,0.463952,0.47651,0.485204,0.490993,0.494704,0.496992,0.49835,0.499126,0.499553,0.499779,0.499895,0.499952,0.499978,0.49999,0.499995,0.499995
0.499995,0.499995,0.499992,0.499981,0.499958,0.499909,0.499809,0.499613,0.499242,0.498566,0.49738,0.495378,0.492123,0.487029,0.479357,0.468236,0.452725,0.431912,0.405051,0.371708,0.331912,0.286252,0.235909,0.182595,0.128406,0.075616,0.0264454,-0.017139,-0.0535594,-0.0816756,-0.100753,-0.11038,-0.11038,-0.100753,-0.0816756,-0.0535594,-0.017139,0.0264454,0.075616,0.128406,0.182595,0.235909,0.286252,0.331912,0.371708,0.405051,0.431912,0.452725,0.468236,0.479357,0.487029,0.492123,0.495378,0.49738,0.498566,0.499242,0.499613,0.499809,0.499909,0.499958,0.499981,0.499992,0.499995,0.499995
0.499996,0.499996,0.499993,0.499984,0.499965,0.499924,0.49984,0.499675,0.499361,0.498789,0.497782,0.496078,0.493298,0.488934,0.482336,0.472737,0.459292,0.441169,0.417662,0.388325,0.353102,0.312429,0.267269,0.219081,0.169706,0.121196,0.075616,0.0348616,0.000523955,-0.0261785,-0.0444015,-0.0536319,-0.0536319,-0.0444015,-0.0261785,0.000523955,0.0348616,0.075616,0.121196,0.169706,0.219081,0.267269,0.312429,0.353102,0.388325,0.417662,0.441169,0.459292,0.472737,0.482336,0.488934,0.493298,0.496078,0.497782,0.498789,0.499361,0.499675,0.49984,0.499924,0.499965,0.499984,0.499993,0.499996,0.499996
0.499997,0.499997,0.499994,0.499987,0.499972,0.499938,0.49987,0.499734,0.499477,0.499006,0.498175,0.496764,0.494454,0.490814,0.485291,0.477219,0.465861,0.450475,0.430409,0.40522,0.374785,0.339398,0.299819,0.257255,0.213281,0.169706,0.128406,0.0911633,0.0595339,0.0347663,0.0177717,0.00913362,0.00913362,0.0177717,0.0347663,0.0595339,0.0911633,0.128406,0.169706,0.213281,0.257255,0.299819,0.339398,0.374785,0.40522,0.430409,0.450475,0.465861,0.477219,0.485291,0.490814,0.494454,0.496764,0.498175,0.499006,0.499477,0.499734,0.49987,0.499938,0.499972,0.499987,0.499994,0.499997,0.499997
0.499998,0.499998,0.499996,0.49999,0.499978,0.499951,0.499897,0.499789,0.499584,0.499208,0.498541,0.497405,0.495539,0.492585,0.488085,0.481477,0.472133,0.459407,0.442716,0.421633,0.395991,0.365966,0.332132,0.295457,0.257255,0.219081,0.182595,0.149426,0.121045,0.0986777,0.0832536,0.0753889,0.0753889,0.0832536,0.0986777,0.121045,0.149426,0.182595,0.219081,0.257255,0.295457,0.332132,0.365966,0.395991,0.421633,0.442716,0.459407,0.472133,0.481477,0.488085,0.492585,0.495539,0.497405,0.498541,0.499208,0.499584,0.499789,0.499897,0.499951,0.499978,0.49999,0.499996,0.499998,0.499998
0.499998,0.499998,0.499997,0.499992,0.499983,0.499963,0.499921,0.499838,0.499679,0.499387,0.498867,0.497978,0.496512,0.494182,0.490615,0.485353,0.477872,0.467627,0.454109,0.436926,0.415886,0.391075,0.362905,0.332132,0.299819,0.267269,0.235909,0.207184,0.182435,0.162815,0.149225,0.142276,0.142276,0.149225,0.162815,0.182435,0.207184,0.235909,0.267269,0.299819,0.332132,0.362905,0.391075,0.415886,0.436926,0.454109,0.467627,0.477872,0.485353,0.490615,0.494182,0.496512,0.497978,0.498867,0.499387,0.499679,0.499838,0.499921,0.499963,0.499983,0.499992,0.499997,0.499998,0.499998
0.499999,0.499999,0.499998,0.499994,0.499987,0.499972,0.499941,0.499879,0.49976,0.499539,0.499146,0.49847,0.497351,0.495565,0.492817,0.488742,0.482918,0.474896,0.464248,0.450625,0.433831,0.413886,0.391075,0.365966,0.339398,0.312429,0.286252,0.262105,0.24117,0.224485,0.212881,0.206933,0.206933,0.212881,0.224485,0.24117,0.262105,0.286252,0.312429,0.339398,0.365966,0.391075,0.413886,0.433831,0.450625,0.464248,0.474896,0.482918,0.488742,0.492817,0.495565,0.497351,0.49847,0.499146,0.499539,0.49976,0.499879,0.499941,0.499972,0.499987,0.499994,0.499998,0.499999,0.499999
0.499999,0.499999,0.499998,0.499996,0.499991,0.49998,0.499957,0.499912,0.499825,0.499664,0.499375,0.498876,0.498047,0.496716,0.494659,0.491593,0.487188,0.481084,0.472931,0.462435,0.449409,0.433831,0.415886,0.395991,0.374785,0.353102,0.331912,0.312238,0.295083,0.281346,0.271757,0.266831,0.266831,0.271757,0.281346,0.295083,0.312238,0.331912,0.353102,0.374785,0.395991,0.415886,0.433831,0.449409,0.462435,0.472931,0.481084,0.487188,0.491593,0.494659,0.496716,0.498047,0.498876,0.499375,0.499664,0.499825,0.499912,0.499957,0.49998,0.499991,0.499996,0.499998,0.499999,0.499999
0.499999,0.499999,0.499999,0.499997,0.499994,0.499986,0.49997,0.499938,0.499877,0.499762,0.499556,0.499199,0.498602,0.49764,0.496145,0.493905,0.490668,0.486158,0.480097,0.472244,0.462435,0.450625,0.436926,0.421633,0.40522,0.388325,0.371708,0.356189,0.342587,0.331647,0.323987,0.320043,0.320043,0.323987,0.331647,0.342587,0.356189,0.371708,0.388325,0.40522,0.421633,0.436926,0.450625,0.462435,0.472244,0.480097,0.486158,0.490668,0.493905,0.496145,0.49764,0.498602,0.499199,0.499556,0.499762,0.499877,0.499938,0.49997,0.499986,0.499994,0.499997,0.499999,0.499999,0.499999
0.5,0.5,0.499999,0.499998,0.499996,0.499991,0.49998,0.499958,0.499916,0.499837,0.499694,0.499446,0.499029,0.498354,0.4973,0.495712,0.493404,0.49017,0.485797,0.480097,0.472931,0.464248,0.454109,0.442716,0.430409,0.417662,0.405051,0.393209,0.382782,0.374363,0.368451,0.365401,0.365401,0.368451,0.374363,0.382782,0.393209,0.405051,0.417662,0.430409,0.442716,0.454109,0.464248,0.472931,0.480097,0.485797,0.49017,0.493404,0.495712,0.4973,0.498354,0.499029,0.499446,0.499694,0.499837,0.499916,0.499958,0.49998,0.499991,0.499996,0.499998,0.499999,0.5,0.5
0.5,0.5,0.499999,0.499999,0.499997,0.499994,0.499987,0.499972,0.499944,0.499891,0.499796,0.499628,0.499346,0.498887,0.498165,0.497073,0.495478,0.493228,0.49017,0.486158,0.481084,0.474896,0.467627,0.459407,0.450475,0.441169,0.431912,0.423178,0.415454,0.409196,0.40479,0.402514,0.402514,0.40479,0.409196,0.415454,0.423178,0.431912,0.441169,0.450475,0.459407,0.467627,0.474896,0.481084,0.486158,0.49017,0.493228,0.495478,0.497073,0.498165,0.498887,0.499346,0.499628,0.499796,0.499891,0.499944,0.499972,0.499987,0.499994,0.499997,0.499999,0.499999,0.5,0.5
0.5,0.5,0.5,0.499999,0.499998,0.499996,0.499991,0.499982,0.499964,0.49993,0.499868,0.499758,0.499573,0.49927,0.498792,0.498063,0.496994,0.495478,0.493404,0.490668,0.487188,0.482918,0.477872,0.472133,0.465861,0.459292,0.452725,0.446501,0.440975,0.436484,0.433314,0.431675,0.431675,0.433314,0.436484,0.440975,0.446501,0.452725,0.459292,0.465861,0.472133,0.477872,0.482918,0.487188,0.490668,0.493404,0.495478,0.496994,0.498063,0.498792,0.49927,0.499573,0.499758,0.499868,0.49993,0.499964,0.499982,0.499991,0.499996,0.499998,0.499999,0.5,0.5,0.5
0.5,0.5,0.5,0.5,0.499999,0.499998,0.499995,0.499989,0.499978,0.499956,0.499917,0.499848,0.49973,0.499536,0.499228,0.498758,0.498063,0.497073,0.495712,0.493905,0.491593,0.488742,0.485353,0.481477,0.477219,0.472737,0.468236,0.463952,0.460135,0.457025,0.454825,0.453685,0.453685,0.454825,0.457025,0.460135,0.463952,0.468236,0.472737,0.477219,0.481477,0.485353,0.488742,0.491593,0.493905,0.495712,0.497073,0.498063,0.498758,0.499228,0.499536,0.49973,0.499848,0.499917,0.499956,0.499978,0.499989,0.499995,0.499998,0.499999,0.5,0.5,0.5,0.5
0.5,0.5,0.5,0.5,0.499999,0.499999,0.499997,0.499993,0.499987,0.499973,0.499949,0.499907,0.499834,0.499714,0.499523,0.499228,0.498792,0.498165,0.4973,0.496145,0.494659,0.492817,0.490615,0.488085,0.485291,0.482336,0.479357,0.47651,0.473966,0.471888,0.470415,0.469651,0.469651,0.470415,0.471888,0.473966,0.47651,0.479357,0.482336,0.485291,0.488085,0.490615,0.492817,0.494659,0.496145,0.4973,0.498165,0.498792,0.499228,0.499523,0.499714,0.499834,0.499907,0.499949,0.499973,0.499987,0.499993,0.499997,0.499999,0.499999,0.5,0.5,0.5,0.5
0.5,0.5,0.5,0.5,0.5,0.499999,0.499998,0.499996,0.499992,0.499984,0.49997,0.499945,0.499902,0.49983,0.499714,0.499536,0.49927,0.498887,0.498354,0.49764,0.496716,0.495565,0.494182,0.492585,0.490814,0.488934,0.487029,0.485204,0.483567,0.482227,0.481276,0.480782,0.480782,0.481276,0.482227,0.483567,0.485204,0.487029,0.488934,0.490814,0.492585,0.494182,0.495565,0.496716,0.49764,0.498354,0.498887,0.49927,0.499536,0.499714,0.49983,0.499902,0.499945,0.49997,0.499984,0.499992,0.499996,0.499998,0.499999,0.5,0.5,0.5,0.5,0.5
0.5,0.5,0.5,0.5,0.5,0.5,0.499999,0.499998,0.499996,0.499991,0.499983,0.499968,0.499943,0.499902,0.499834,0.49973,0.499573,0.499346,0.499029,0.498602,0.498047,0.497351,0.496512,0.495539,0.494454,0.493298,0.492123,0.490993,0.489978,0.489144,0.488552,0.488244,0.488244,0.488552,0.489144,0.489978,0.490993,0.492123,0.493298,0.494454,0.495539,0.496512,0.497351,0.498047,0.498602,0.499029,0.499346,0.499573,0.49973,0.499834,0.499902,0.499943,0.499968,0.499983,0.499991,0.499996,0.499998,0.499999,0.5,0.5,0.5,0.5,0.5,0.5
0.5,0.5,0.5,0.5,0.5,0.5,0.499999,0.499999,0.499998,0.499995,0.499991,0.499983,0.499968,0.499945,0.499907,0.499848,0.499758,0.499628,0.499446,0.499199,0.498876,0.49847,0.497978,0.497405,0.496764,0.496078,0.495378,0.494704,0.494096,0.493596,0.49324,0.493054,0.493054,0.49324,0.493596,0.494096,0.494704,0.495378,0.496078,0.496764,0.497405,0.497978,0.49847,0.498876,0.499199,0.499446,0.499628,0.499758,0.499848,0.499907,0.499945,0.499968,0.499983,0.499991,0.499995,0.499998,0.499999,0.499999,0.5,0.5,0.5,0.5,0.5,0.5
0.5,0.5,0.5,0.5,0.5,0.5,0.5,0.499999,0.499999,0.499997,0.499995,0.499991,0.499983,0.49997,0.499949,0.499917,0.499868,0.499796,0.499694,0.499556,0.499375,0.499146,0.498867,0.498541,0.498175,0.497782,0.49738,0.496992,0.496641,0.496351,0.496145,0.496038,0.496038,0.496145,0.496351,0.496641,0.496992,0.49738,0.497782,0.498175,0.498541,0.498867,0.499146,0.499375,0.499556,0.499694,0.499796,0.499868,0.499917,0.499949,0.49997,0.499983,0.499991,0.499995,0.499997,0.499999,0.499999,0.5,0.5,0.5,0.5,0.5,0.5,0.5
0.5,0.5,0.5,0.5,0.5,0.5,0.5,0.5,0.499999,0.499999,0.499997,0.499995,0.499991,0.499984,0.499973,0.499956,0.49993,0.499891,0.499837,0.499762,0.499664,0.499539,0.499387,0.499208,0.499006,0.498789,0.498566,0.49835,0.498154,0.497993,0.497878,0.497818,0.497818,0.497878,0.497993,0.498154,0.49835,0.498566,0.498789,0.499006,0.499208,0.499387,0.499539,0.499664,0.499762,0.499837,0.499891,0.49993,0.499956,0.499973,0.499984,0.499991,0.499995,0.499997,0.499999,0.499999,0.5,0.5,0.5,0.5,0.5,0.5,0.5,0.5
0.5,0.5,0.5,0.5,0.5,0.5,0.5,0.5,0.5,0.499999,0.499999,0.499998,0.499996,0.499992,0.499987,0.499978,0.499964,0.499944,0.499916,0.499877,0.499825,0.49976,0.499679,0.499584,0.499477,0.499361,0.499242,0.499126,0.499021,0.498934,0.498872,0.49884,0.49884,0.498872,0.498934,0.499021,0.499126,0.499242,0.499361,0.499477,0.499584,0.499679,0.49976,0.499825,0.499877,0.499916,0.499944,0.499964,0.499978,0.499987,0.499992,0.499996,0.499998,0.499999,0.499999,0.5,0.5,0.5,0.5,0.5,0.5,0.5,0.5,0.5
0.5,0.5,0.5,0.5,0.5,0.5,0.5,0.5,0.5,0.5,0.499999,0.499999,0.499998,0.499996,0.499993,0.499989,0.499982,0.499972,0.499958,0.499938,0.499912,0.499879,0.499838,0.499789,0.499734,0.499675,0.499613,0.499553,0.499499,0.499454,0.499421,0.499405,0.499405,0.499421,0.499454,0.499499,0.499553,0.499613,0.499675,0.499734,0.499789,0.499838,0.499879,0.499912,0.499938,0.499958,0.499972,0.499982,0.499989,0.499993,0.499996,0.499998,0.499999,0.499999,0.5,0.5,0.5,0.5,0.5,0.5,0.5,0.5,0.5,0.5
0.5,0.5,0.5,0.5,0.5,0.5,0.5,0.5,0.5,0.5,0.5,0.499999,0.499999,0.499998,0.499997,0.499995,0.499991,0.499987,0.49998,0.49997,0.499957,0.499941,0.499921,0.499897,0.49987,0.49984,0.499809,0.499779,0.499752,0.49973,0.499714,0.499705,0.499705,0.499714,0.49973,0.499752,0.499779,0.499809,0.49984,0.49987,0.499897,0.499921,0.499941,0.499957,0.49997,0.49998,0.499987,0.499991,0.499995,0.499997,0.499998,0.499999,0.499999,0.5,0.5,0.5,0.5,0.5,0.5,0.5,0.5,0.5,0.5,0.5
0.5,0.5,0.5,0.5,0.5,0.5,0.5,0.5,0.5,0.5,0.5,0.5,0.5,0.499999,0.499999,0.499998,0.499996,0.499994,0.499991,0.499986,0.49998,0.499972,0.499963,0.499951,0.499938,0.499924,0.499909,0.499895,0.499882,0.499871,0.499863,0.499859,0.499859,0.499863,0.499871,0.499882,0.499895,0.499909,0.499924,0.499938,0.499951,0.499963,0.499972,0.49998,0.499986,0.499991,0.499994,0.499996,0.499998,0.499999,0.499999,0.5,0.5,0.5,0.5,0.5,0.5,0.5,0.5,0.5,0.5,0.5,0.5,0.5
0.5,0.5,0.5,0.5,0.5,0.5,0.5,0.5,0.5,0.5,0.5,0.5,0.5,0.5,0.499999,0.499999,0.499998,0.499997,0.499996,0.499994,0.499991,0.499987,0.499983,0.499978,0.499972,0.499965,0.499958,0.499952,0.499946,0.49994,0.499937,0.499935,0.499935,0.499937,0.49994,0.499946,0.499952,0.499958,0.499965,0.499972,0.499978,0.499983,0.499987,0.499991,0.499994,0.499996,0.499997,0.499998,0.499999,0.499999,0.5,0.5,0.5,0.5,0.5,0.5,0.5,0.5,0.5,0.5,0.5,0.5,0.5,0.5
0.5,0.5,0.5,0.5,0.5,0.5,0.5,0.5,0.5,0.5,0.5,0.5,0.5,0.5,0.5,0.5,0.499999,0.499999,0.499998,0.499997,0.499996,0.499994,0.499992,0.49999,0.499987,0.499984,0.499981,0.499978,0.499976,0.499973,0.499972,0.499971,0.499971,0.499972,0.499973,0.499976,0.499978,0.499981,0.499984,0.499987,0.49999,0.499992,0.499994,0.499996,0.499997,0.499998,0.499999,0.499999,0.5,0.5,0.5,0.5,0.5,0.5,0.5,0.5,0.5,0.5,0.5,0.5,0.5,0.5,0.5,0.5
0.5,0.5,0.5,0.5,0.5,0.5,0.5,0.5,0.5,0.5,0.5,0.5,0.5,0.5,0.5,0.5,0.5,0.499999,0.499999,0.499999,0.499998,0.499998,0.499997,0.499996,0.499994,0.499993,0.499992,0.49999,0.499989,0.499988,0.499987,0.499987,0.499987,0.499987,0.499988,0.499989,0.49999,0.499992,0.499993,0.499994,0.499996,0.499997,0.499998,0.499998,0.499999,0.499999,0.499999,0.5,0.5,0.5,0.5,0.5,0.5,0.5,0.5,0.5,0.5,0.5,0.5,0.5,0.5,0.5,0.5,0.5
0.5,0.5,0.5,0.5,0.5,0.5,0.5,0.5,0.5,0.5,0.5,0.5,0.5,0.5,0.5,0.5,0.5,0.5,0.5,0.499999,0.499999,0.499999,0.499998,0.499998,0.499997,0.499996,0.499995,0.499995,0.499994,0.499993,0.499993,0.499993,0.499993,0.499993,0.499993,0.499994,0.499995,0.499995,0.499996,0.499997,0.499998,0.499998,0.499999,0.499999,0.499999,0.5,0.5,0.5,0.5,0.5,0.5,0.5,0.5,0.5,0.5,0.5,0.5,0.5,0.5,0.5,0.5,0.5,0.5,0.5
0.5,0.5,0.5,0.5,0.5,0.5,0.5,0.5,0.5,0.5,0.5,0.5,0.5,0.5,0.5,0.5,0.5,0.5,0.5,0.499999,0.499999,0.499999,0.499998,0.499998,0.499997,0.499996,0.499995,0.499995,0.499994,0.499993,0.499993,0.499993,0.499993,0.499993,0.499993,0.499994,0.499995,0.499995,0.499996,0.499997,0.499998,0.499998,0.499999,0.499999,0.499999,0.5,0.5,0.5,0.5,0.5,0.5,0.5,0.5,0.5,0.5,0.5,0.5,0.5,0.5,0.5,0.5,0.5,0.5,0.5
