0.5,0.5,0.5,0.5,0.5,0.5,0.5,0.5,0.5,0.5,0.499999,0.499999,0.499998,0.499997,0.499995,0.499992,0.499988,0.499982,0.499975,0.499964,0.499951,0.499936,0.499917,0.499895,0.499872,0.499847,0.499822,0.499799,0.499777,0.49976,0.499748,0.499741,0.499741,0.499748,0.49976,0.499777,0.499799,0.499822,0.499847,0.499872,0.499895,0.499917,0.499936,0.499951,0.499964,0.499975,0.499982,0.499988,0.499992,0.499995,0.499997,0.499998,0.499999,0.499999,0.5,0.5,0.5,0.5,0.5,0.5,0.5,0.5,0.5,0.5
0.5,0.5,0.5,0.5,0.5,0.5,0.5,0.5,0.5,0.5,0.499999,0.499999,0.499998,0.499997,0.499995,0.499992,0.499988,0.499982,0.499975,0.499964,0.499951,0.499936,0.499917,0.499895,0.499872,0.499847,0.499822,0.499799,0.499777,0.49976,0.499748,0.499741,0.499741,0.499748,0.49976,0.499777,0.499799,0.499822,0.499847,0.499872,0.499895,0.499917,0.499936,0.499951,0.499964,0.499975,0.499982,0.499988,0.499992,0.499995,0.499997,0.499998,0.499999,0.499999,0.5,0.5,0.5,0.5,0.5,0.5,0.5,0.5,0.5,0.5
0.5,0.5,0.5,0.5,0.5,0.5,0.5,0.5,0.5,0.499999,0.499999,0.499998,0.499997,0.499995,0.499992,0.499987,0.499981,0.499972,0.499959,0.499944,0.499923,0.499899,0.49987,0.499837,0.499801,0.499764,0.499726,0.49969,0.499658,0.499631,0.499613,0.499603,0.499603,0.499613,0.499631,0.499658,0.49969,0.499726,0.499764,0.499801,0.499837,0.49987,0.499899,0.499923,0.499944,0.499959,0.499972,0.499981,0.499987,0.499992,0.499995,0.499997,0.499998,0.499999,0.499999,0.5,0.5,0.5,0.5,0.5,0.5,0.5,0.5,0.5
0.5,0.5,0.5,0.5,0.5,0.5,0.5,0.5,0.499999,0.499999,0.499998,0.499996,0.499994,0.49999,0.499984,0.499975,0.499963,0.499946,0.499923,0.499893,0.499856,0.499811,0.499758,0.499698,0.499632,0.499564,0.499495,0.499431,0.499373,0.499326,0.499293,0.499276,0.499276,0.499293,0.499326,0.499373,0.499431,0.499495,0.499564,0.499632,0.499698,0.499758,0.499811,0.499856,0.499893,0.499923,0.499946,0.499963,0.499975,0.499984,0.49999,0.499994,0.499996,0.499998,0.499999,0.499999,0.5,0.5,0.5,0.5,0.5,0.5,0.5,0.5
0.5,0.5,0.5,0.5,0.5,0.5,0.5,0.499999,0.499999,0.499998,0.499996,0.499993,0.499988,0.49998,0.499968,0.499951,0.499927,0.499894,0.49985,0.499793,0.499722,0.499636,0.499537,0.499424,0.499302,0.499175,0.499049,0.49893,0.498823,0.498737,0.498677,0.498645,0.498645,0.498677,0.498737,0.498823,0.49893,0.499049,0.499175,0.499302,0.499424,0.499537,0.499636,0.499722,0.499793,0.49985,0.499894,0.499927,0.499951,0.499968,0.49998,0.499988,0.499993,0.499996,0.499998,0.499999,0.499999,0.5,0.5,0.5,0.5,0.5,0.5,0.5
0.5,0.5,0.5,0.5,0.5,0.5,0.499999,0.499999,0.499997,0.499995,0.499992,0.499985,0.499976,0.499961,0.499938,0.499905,0.499859,0.499796,0.499713,0.499607,0.499474,0.499316,0.499132,0.498926,0.498704,0.498473,0.498244,0.498028,0.497838,0.497683,0.497574,0.497517,0.497517,0.497574,0.497683,0.497838,0.498028,0.498244,0.498473,0.498704,0.498926,0.499132,0.499316,0.499474,0.499607,0.499713,0.499796,0.499859,0.499905,0.499938,0.499961,0.499976,0.499985,0.499992,0.499995,0.499997,0.499999,0.499999,0.5,0.5,0.5,0.5,0.5,0.5
0.5,0.5,0.5,0.5,0.5,0.499999,0.499999,0.499997,0.499995,0.499991,0.499984,0.499972,0.499954,0.499925,0.499883,0.499822,0.499737,0.499621,0.499469,0.499275,0.499036,0.498752,0.498424,0.498058,0.497665,0.497259,0.496858,0.496481,0.496148,0.49588,0.49569,0.495593,0.495593,0.49569,0.49588,0.496148,0.496481,0.496858,0.497259,0.497665,0.498058,0.498424,0.498752,0.499036,0.499275,0.499469,0.499621,0.499737,0.499822,0.499883,0.499925,0.499954,0.499972,0.499984,0.499991,0.499995,0.499997,0.499999,0.499999,0.5,0.5,0.5,0.5,0.5
0.5,0.5,0.5,0.5,0.499999,0.499999,0.499997,0.499995,0.49999,0.499982,0.499969,0.499948,0.499914,0.499862,0.499785,0.499675,0.499522,0.499316,0.499047,0.498706,0.49829,0.497796,0.497229,0.496602,0.495931,0.495241,0.494562,0.493927,0.493368,0.492917,0.4926,0.492437,0.492437,0.4926,0.492917,0.493368,0.493927,0.494562,0.495241,0.495931,0.496602,0.497229,0.497796,0.49829,0.498706,0.499047,0.499316,0.499522,0.499675,0.499785,0.499862,0.499914,0.499948,0.499969,0.499982,0.49999,0.499995,0.499997,0.499999,0.499999,0.5,0.5,0.5,0.5
0.5,0.5,0.5,0.499999,0.499999,0.499997,0.499995,0.49999,0.499982,0.499968,0.499944,0.499905,0.499844,0.499753,0.499617,0.499425,0.499159,0.498804,0.498344,0.497765,0.497062,0.496233,0.495289,0.494248,0.493142,0.492011,0.490902,0.489869,0.488963,0.488234,0.487724,0.48746,0.48746,0.487724,0.488234,0.488963,0.489869,0.490902,0.492011,0.493142,0.494248,0.495289,0.496233,0.497062,0.497765,0.498344,0.498804,0.499159,0.499425,0.499617,0.499753,0.499844,0.499905,0.499944,0.499968,0.499982,0.49999,0.499995,0.499997,0.499999,0.499999,0.5,0.5,0.5
0.5,0.5,0.499999,0.499999,0.499998,0.499995,0.499991,0.499982,0.499968,0.499942,0.4999,0.499833,0.499728,0.49957,0.49934,0.499014,0.498568,0.497975,0.497212,0.496262,0.495113,0.493769,0.492248,0.490582,0.488823,0.487032,0.485287,0.483666,0.482251,0.481115,0.480321,0.479913,0.479913,0.480321,0.481115,0.482251,0.483666,0.485287,0.487032,0.488823,0.490582,0.492248,0.493769,0.495113,0.496262,0.497212,0.497975,0.498568,0.499014,0.49934,0.49957,0.499728,0.499833,0.4999,0.499942,0.499968,0.499982,0.499991,0.499995,0.499998,0.499999,0.499999,0.5,0.5
0.499999,0.499999,0.499999,0.499998,0.499996,0.499992,0.499984,0.499969,0.499944,0.4999,0.499829,0.499715,0.49954,0.499277,0.498896,0.498362,0.497635,0.496677,0.495455,0.493942,0.492129,0.490023,0.487655,0.48508,0.482377,0.479643,0.476992,0.474541,0.472411,0.470706,0.469517,0.468906,0.468906,0.469517,0.470706,0.472411,0.474541,0.476992,0.479643,0.482377,0.48508,0.487655,0.490023,0.492129,0.493942,0.495455,0.496677,0.497635,0.498362,0.498896,0.499277,0.49954,0.499715,0.499829,0.4999,0.499944,0.499969,0.499984,0.499992,0.499996,0.499998,0.499999,0.499999,0.499999
0.499999,0.499999,0.499998,0.499996,0.499993,0.499985,0.499972,0.499948,0.499905,0.499833,0.499715,0.499529,0.499243,0.498819,0.498208,0.497359,0.496213,0.494715,0.492818,0.490489,0.487719,0.484527,0.480966,0.477122,0.473113,0.469086,0.465201,0.461631,0.458539,0.456074,0.454359,0.453479,0.453479,0.454359,0.456074,0.458539,0.461631,0.465201,0.469086,0.473113,0.477122,0.480966,0.484527,0.487719,0.490489,0.492818,0.494715,0.496213,0.497359,0.498208,0.498819,0.499243,0.499529,0.499715,0.499833,0.499905,0.499948,0.499972,0.499985,0.499993,0.499996,0.499998,0.499999,0.499999
0.499998,0.499998,0.499997,0.499994,0.499988,0.499976,0.499954,0.499914,0.499844,0.499728,0.49954,0.499243,0.498792,0.498127,0.497179,0.495869,0.494117,0.491847,0.488995,0.485524,0.481431,0.476753,0.471576,0.466031,0.460293,0.454567,0.449081,0.444066,0.439744,0.436312,0.433931,0.432711,0.432711,0.433931,0.436312,0.439744,0.444066,0.449081,0.454567,0.460293,0.466031,0.471576,0.476753,0.481431,0.485524,0.488995,0.491847,0.494117,0.495869,0.497179,0.498127,0.498792,0.499243,0.49954,0.499728,0.499844,0.499914,0.499954,0.499976,0.499988,0.499994,0.499997,0.499998,0.499998
0.499997,0.499997,0.499995,0.49999,0.49998,0.499961,0.499925,0.499862,0.499753,0.49957,0.499277,0.498819,0.498127,0.497116,0.495686,0.493728,0.491131,0.487795,0.483641,0.478632,0.472776,0.466144,0.458868,0.451142,0.443211,0.435358,0.427886,0.421098,0.41528,0.41068,0.407497,0.405871,0.405871,0.407497,0.41068,0.41528,0.421098,0.427886,0.435358,0.443211,0.451142,0.458868,0.466144,0.472776,0.478632,0.483641,0.487795,0.491131,0.493728,0.495686,0.497116,0.498127,0.498819,0.499277,0.49957,0.499753,0.499862,0.499925,0.499961,0.49998,0.49999,0.499995,0.499997,0.499997
0.499995,0.499995,0.499992,0.499984,0.499968,0.499938,0.499883,0.499785,0.499617,0.49934,0.498896,0.498208,0.497179,0.495686,0.493593,0.490752,0.487016,0.482261,0.476397,0.469391,0.46128,0.45218,0.442292,0.431889,0.421304,0.410911,0.4011,0.392249,0.384707,0.378774,0.374684,0.372598,0.372598,0.374684,0.378774,0.384707,0.392249,0.4011,0.410911,0.421304,0.431889,0.442292,0.45218,0.46128,0.469391,0.476397,0.482261,0.487016,0.490752,0.493593,0.495686,0.497179,0.498208,0.498896,0.49934,0.499617,0.499785,0.499883,0.499938,0.499968,0.499984,0.499992,0.499995,0.499995
0.499992,0.499992,0.499987,0.499975,0.499951,0.499905,0.499822,0.499675,0.499425,0.499014,0.498362,0.497359,0.495869,0.493728,0.490752,0.486747,0.481531,0.474954,0.466924,0.457425,0.446539,0.434452,0.421451,0.40791,0.394268,0.380997,0.368577,0.357461,0.348054,0.340694,0.335641,0.33307,0.33307,0.335641,0.340694,0.348054,0.357461,0.368577,0.380997,0.394268,0.40791,0.421451,0.434452,0.446539,0.457425,0.466924,0.474954,0.481531,0.486747,0.490752,0.493728,0.495869,0.497359,0.498362,0.499014,0.499425,0.499675,0.499822,0.499905,0.499951,0.499975,0.499987,0.499992,0.499992
0.499988,0.499988,0.499981,0.499963,0.499927,0.499859,0.499737,0.499522,0.499159,0.498568,0.497635,0.496213,0.494117,0.491131,0.487016,0.481531,0.474456,0.465623,0.454948,0.442454,0.428292,0.412739,0.396195,0.379153,0.362168,0.345817,0.330664,0.317222,0.305935,0.29716,0.291164,0.288122,0.288122,0.291164,0.29716,0.305935,0.317222,0.330664,0.345817,0.362168,0.379153,0.396195,0.412739,0.428292,0.442454,0.454948,0.465623,0.474456,0.481531,0.487016,0.491131,0.494117,0.496213,0.497635,0.498568,0.499159,0.499522,0.499737,0.499859,0.499927,0.499963,0.499981,0.499988,0.499988
0.499982,0.499982,0.499972,0.499946,0.499894,0.499796,0.499621,0.499316,0.498804,0.497975,0.496677,0.494715,0.491847,0.487795,0.482261,0.474954,0.465623,0.454094,0.44031,0.424358,0.406482,0.387083,0.366695,0.345946,0.325515,0.306076,0.288259,0.272615,0.259597,0.249551,0.242725,0.239274,0.239274,0.242725,0.249551,0.259597,0.272615,0.288259,0.306076,0.325515,0.345946,0.366695,0.387083,0.406482,0.424358,0.44031,0.454094,0.465623,0.474954,0.482261,0.487795,0.491847,0.494715,0.496677,0.497975,0.498804,0.499316,0.499621,0.499796,0.499894,0.499946,0.499972,0.499982,0.499982
0.499975,0.499975,0.499959,0.499923,0.49985,0.499713,0.499469,0.499047,0.498344,0.497212,0.495455,0.492818,0.488995,0.483641,0.476397,0.466924,0.454948,0.44031,0.423005,0.403213,0.381305,0.357832,0.333484,0.309035,0.28528,0.262977,0.242794,0.225282,0.210863,0.199834,0.19239,0.188643,0.188643,0.19239,0.199834,0.210863,0.225282,0.242794,0.262977,0.28528,0.309035,0.333484,0.357832,0.381305,0.403213,0.423005,0.44031,0.454948,0.466924,0.476397,0.483641,0.488995,0.492818,0.495455,0.497212,0.498344,0.499047,0.499469,0.499713,0.49985,0.499923,0.499959,0.499975,0.499975
0.499964,0.499964,0.499944,0.499893,0.499793,0.499607,0.499275,0.498706,0.497765,0.496262,0.493942,0.490489,0.485524,0.478632,0.469391,0.457425,0.442454,0.424358,0.403213,0.379326,0.35323,0.325651,0.297449,0.269545,0.24284,0.218142,0.196121,0.177281,0.161964,0.150375,0.142617,0.138733,0.138733,0.142617,0.150375,0.161964,0.177281,0.196121,0.218142,0.24284,0.269545,0.297449,0.325651,0.35323,0.379326,0.403213,0.424358,0.442454,0.457425,0.469391,0.478632,0.485524,0.490489,0.493942,0.496262,0.497765,0.498706,0.499275,0.499607,0.499793,0.499893,0.499944,0.499964,0.499964
0.499951,0.499951,0.499923,0.499856,0.499722,0.499474,0.499036,0.49829,0.497062,0.495113,0.492129,0.487719,0.481431,0.472776,0.46128,0.446539,0.428292,0.406482,0.381305,0.35323,0.322979,0.291476,0.25976,0.228889,0.199844,0.173446,0.150316,0.130858,0.115284,0.103659,0.0959586,0.0921282,0.0921282,0.0959586,0.103659,0.115284,0.130858,0.150316,0.173446,0.199844,0.228889,0.25976,0.291476,0.322979,0.35323,0.381305,0.406482,0.428292,0.446539,0.46128,0.472776,0.481431,0.487719,0.492129,0.495113,0.497062,0.49829,0.499036,0.499474,0.499722,0.499856,0.499923,0.499951,0.499951
0.499936,0.499936,0.499899,0.499811,0.499636,0.499316,0.498752,0.497796,0.496233,0.493769,0.490023,0.484527,0.476753,0.466144,0.45218,0.434452,0.412739,0.387083,0.357832,0.325651,0.291476,0.256443,0.221766,0.188623,0.158037,0.130798,0.107424,0.0881655,0.0730529,0.0619682,0.0547275,0.0511582,0.0511582,0.0547275,0.0619682,0.0730529,0.0881655,0.107424,0.130798,0.158037,0.188623,0.221766,0.256443,0.291476,0.325651,0.357832,0.387083,0.412739,0.434452,0.45218,0.466144,0.476753,0.484527,0.490023,0.493769,0.496233,0.497796,0.498752,0.499316,0.499636,0.499811,0.499899,0.499936,0.499936
0.499917,0.499917,0.49987,0.499758,0.499537,0.499132,0.498424,0.497229,0.495289,0.492248,0.487655,0.480966,0.471576,0.458868,0.442292,0.421451,0.396195,0.366695,0.333484,0.297449,0.25976,0.221766,0.184847,0.150267,0.119053,0.0919133,0.0692089,0.0509874,0.0370553,0.0270779,0.0206873,0.0175779,0.0175779,0.0206873,0.0270779,0.0370553,0.0509874,0.0692089,0.0919133,0.119053,0.150267,0.184847,0.221766,0.25976,0.297449,0.333484,0.366695,0.396195,0.421451,0.442292,0.458868,0.471576,0.480966,0.487655,0.492248,0.495289,0.497229,0.498424,0.499132,0.499537,0.499758,0.49987,0.499917,0.499917
0.499895,0.499895,0.499837,0.499698,0.499424,0.498926,0.498058,0.496602,0.494248,0.490582,0.48508,0.477122,0.466031,0.451142,0.431889,0.40791,0.379153,0.345946,0.309035,0.269545,0.228889,0.188623,0.150267,0.11514,0.0842285,0.0581064,0.0369354,0.0205193,0.00840969,3.46248e-05,-0.00517074,-0.00765153,-0.00765153,-0.00517074,3.46248e-05,0.00840969,0.0205193,0.0369354,0.0581064,0.0842285,0.11514,0.150267,0.188623,0.228889,0.269545,0.309035,0.345946,0.379153,0.40791,0.431889,0.451142,0.466031,0.477122,0.48508,0.490582,0.494248,0.496602,0.498058,0.498926,0.499424,0.499698,0.499837,0.499895,0.499895
0.499872,0.499872,0.499801,0.499632,0.499302,0.498704,0.497665,0.495931,0.493142,0.488823,0.482377,0.473113,0.460293,0.443211,0.421304,0.394268,0.362168,0.325515,0.28528,0.24284,0.199844,0.158037,0.119053,0.0842285,0.0544625,0.0301588,0.0112423,-0.00275198,-0.0125425,-0.0189447,-0.0227204,-0.0244514,-0.0244514,-0.0227204,-0.0189447,-0.0125425,-0.00275198,0.0112423,0.0301588,0.0544625,0.0842285,0.119053,0.158037,0.199844,0.24284,0.28528,0.325515,0.362168,0.394268,0.421304,0.443211,0.460293,0.473113,0.482377,0.488823,0.493142,0.495931,0.497665,0.498704,0.499302,0.499632,0.499801,0.499872,0.499872
0.499847,0.499847,0.499764,0.499564,0.499175,0.498473,0.497259,0.495241,0.492011,0.487032,0.479643,0.469086,0.454567,0.435358,0.410911,0.380997,0.345817,0.306076,0.262977,0.218142,0.173446,0.130798,0.0919133,0.0581064,0.0301588,0.00827237,-0.00788364,-0.0190519,-0.0262196,-0.0304373,-0.0326515,-0.0335701,-0.0335701,-0.0326515,-0.0304373,-0.0262196,-0.0190519,-0.00788364,0.00827237,0.0301588,0.0581064,0.0919133,0.130798,0.173446,0.218142,0.262977,0.306076,0.345817,0.380997,0.410911,0.435358,0.454567,0.469086,0.479643,0.487032,0.492011,0.495241,0.497259,0.498473,0.499175,0.499564,0.499764,0.499847,0.499847
0.499822,0.499822,0.499726,0.499495,0.499049,0.498244,0.496858,0.494562,0.490902,0.485287,0.476992,0.465201,0.449081,0.427886,0.4011,0.368577,0.330664,0.288259,0.242794,0.196121,0.150316,0.107424,0.0692089,0.0369354,0.0112423,-0.00788364,-0.0210316,-0.0292136,-0.033669,-0.0356619,-0.0363024,-0.0364071,-0.0364071,-0.0363024,-0.0356619,-0.033669,-0.0292136,-0.0210316,-0.00788364,0.0112423,0.0369354,0.0692089,0.107424,0.150316,0.196121,0.242794,0.288259,0.330664,0.368577,0.4011,0.427886,0.449081,0.465201,0.476992,0.485287,0.490902,0.494562,0.496858,0.498244,0.499049,0.499495,0.499726,0.499822,0.499822
0.499799,0.499799,0.49969,0.499431,0.49893,0.498028,0.496481,0.493927,0.489869,0.483666,0.474541,0.461631,0.444066,0.421098,0.392249,0.357461,0.317222,0.272615,0.225282,0.177281,0.130858,0.0881655,0.0509874,0.0205193,-0.00275198,-0.0190519,-0.0292136,-0.034495,-0.0363577,-0.0362493,-0.0354157,-0.034762,-0.034762,-0.0354157,-0.0362493,-0.0363577,-0.034495,-0.0292136,-0.0190519,-0.00275198,0.0205193,0.0509874,0.0881655,0.130858,0.177281,0.225282,0.272615,0.317222,0.357461,0.392249,0.421098,0.444066,0.461631,0.474541,0.483666,0.489869,0.493927,0.496481,0.498028,0.49893,0.499431,0.49969,0.499799,0.499799
0.499777,0.499777,0.499658,0.499373,0.498823,0.497838,0.496148,0.493368,0.488963,0.482251,0.472411,0.458539,0.439744,0.41528,0.384707,0.348054,0.305935,0.259597,0.210863,0.161964,0.115284,0.0730529,0.0370553,0.00840969,-0.0125425,-0.0262196,-0.033669,-0.0363577,-0.0359319,-0.0339861,-0.0318725,-0.0305628,-0.0305628,-0.0318725,-0.0339861,-0.0359319,-0.0363577,-0.033669,-0.0262196,-0.0125425,0.00840969,0.0370553,0.0730529,0.115284,0.161964,0.210863,0.259597,0.305935,0.348054,0.384707,0.41528,0.439744,0.458539,0.472411,0.482251,0.488963,0.493368,0.496148,0.497838,0.498823,0.499373,0.499658,0.499777,0.499777
0.49976,0.49976,0.499631,0.499326,0.498737,0.497683,0.49588,0.492917,0.488234,0.481115,0.470706,0.456074,0.436312,0.41068,0.378774,0.340694,0.29716,0.249551,0.199834,0.150375,0.103659,0.0619682,0.0270779,3.46248e-05,-0.0189447,-0.0304373,-0.0356619,-0.0362493,-0.0339861,-0.0305763,-0.0274482,-0.0256203,-0.0256203,-0.0274482,-0.0305763,-0.0339861,-0.0362493,-0.0356619,-0.0304373,-0.0189447,3.46248e-05,0.0270779,0.0619682,0.103659,0.150375,0.199834,0.249551,0.29716,0.340694,0.378774,0.41068,0.436312,0.456074,0.470706,0.481115,0.488234,0.492917,0.49588,0.497683,0.498737,0.499326,0.499631,0.49976,0.49976
0.499748,0.499748,0.499613,0.499293,0.498677,0.497574,0.49569,0.4926,0.487724,0.480321,0.469517,0.454359,0.433931,0.407497,0.374684,0.335641,0.291164,0.242725,0.19239,0.142617,0.0959586,0.0547275,0.0206873,-0.00517074,-0.0227204,-0.0326515,-0.0363024,-0.0354157,-0.0318725,-0.0274482,-0.0236199,-0.0214353,-0.0214353,-0.0236199,-0.0274482,-0.0318725,-0.0354157,-0.0363024,-0.0326515,-0.0227204,-0.00517074,0.0206873,0.0547275,0.0959586,0.142617,0.19239,0.242725,0.291164,0.335641,0.374684,0.407497,0.433931,0.454359,0.469517,0.480321,0.487724,0.4926,0.49569,0.497574,0.498677,0.499293,0.499613,0.499748,0.499748
0.499741,0.499741,0.499603,0.499276,0.498645,0.497517,0.495593,0.492437,0.48746,0.479913,0.468906,0.453479,0.432711,0.405871,0.372598,0.33307,0.288122,0.239274,0.188643,0.138733,0.0921282,0.0511582,0.0175779,-0.00765153,-0.0244514,-0.0335701,-0.0364071,-0.034762,-0.0305628,-0.0256203,-0.0214353,-0.0190694,-0.0190694,-0.0214353,-0.0256203,-0.0305628,-0.034762,-0.0364071,-0.0335701,-0.0244514,-0.00765153,0.0175779,0.0511582,0.0921282,0.138733,0.188643,0.239274,0.288122,0.33307,0.372598,0.405871,0.432711,0.453479,0.468906,0.479913,0.48746,0.492437,0.495593,0.497517,0.498645,0.499276,0.499603,0.499741,0.499741
0.499741,0.499741,0.499603,0.499276,0.498645,0.497517,0.495593,0.492437,0.48746,0.479913,0.468906,0.453479,0.432711,0.405871,0.372598,0.33307,0.288122,0.239274,0.188643,0.138733,0.0921282,0.0511582,0.0175779,-0.00765153,-0.0244514,-0.0335701,-0.0364071,-0.034762,-0.0305628,-0.0256203,-0.0214353,-0.0190694,-0.0190694,-0.0214353,-0.0256203,-0.0305628,-0.034762,-0.0364071,-0.0335701,-0.0244514,-0.00765153,0.0175779,0.0511582,0.0921282,0.138733,0.188643,0.239274,0.288122,0.33307,0.372598,0.405871,0.432711,0.453479,0.468906,0.479913,0.48746,0.492437,0.495593,0.497517,0.498645,0.499276,0.499603,0.499741,0.499741
0.499748,0.499748,0.499613,0.499293,0.498677,0.497574,0.49569,0.4926,0.487724,0.480321,0.469517,0.454359,0.433931,0.407497,0.374684,0.335641,0.291164,0.242725,0.19239,0.142617,0.0959586,0.0547275,0.0206873,-0.00517074,-0.0227204,-0.0326515,-0.0363024,-0.0354157,-0.0318725,-0.0274482,-0.0236199,-0.0214353,-0.0214353,-0.0236199,-0.0274482,-0.0318725,-0.0354157,-0.0363024,-0.0326515,-0.0227204,-0.00517074,0.0206873,0.0547275,0.0959586,0.142617,0.19239,0.242725,0.291164,0.335641,0.374684,0.407497,0.433931,0.454359,0.469517,0.480321,0.487724,0.4926,0.49569,0.497574,0.498677,0.499293,0.499613,0.499748,0.499748
0.49976,0.49976,0.499631,0.499326,0.498737,0.497683,0.49588,0.492917,0.488234,0.481115,0.470706,0.456074,0.436312,0.41068,0.378774,0.340694,0.29716,0.249551,0.199834,0.150375,0.103659,0.0619682,0.0270779,3.46248e-05,-0.0189447,-0.0304373,-0.0356619,-0.0362493,-0.0339861,-0.0305763,-0.0274482,-0.0256203,-0.0256203,-0.0274482,-0.0305763,-0.0339861,-0.0362493,-0.0356619,-0.0304373,-0.0189447,3.46248e-05,0.0270779,0.0619682,0.103659,0.150375,0.199834,0.249551,0.29716,0.340694,0.378774,0.41068,0.436312,0.456074,0.470706,0.481115,0.488234,0.492917,0.49588,0.497683,0.498737,0.499326,0.499631,0.49976,0.49976
0.499777,0.499777,0.499658,0.499373,0.498823,0.497838,0.496148,0.493368,0.488963,0.482251,0.472411,0.458539,0.439744,0.41528,0.384707,0.348054,0.305935,0.259597,0.210863,0.161964,0.115284,0.0730529,0.0370553,0.00840969,-0.0125425,-0.0262196,-0.033669,-0.0363577,-0.0359319,-0.0339861,-0.0318725,-0.0305628,-0.0305628,-0.0318725,-0.0339861,-0.0359319,-0.0363577,-0.033669,-0.0262196,-0.0125425,0.00840969,0.0370553,0.0730529,0.115284,0.161964,0.210863,0.259597,0.305935,0.348054,0.384707,0.41528,0.439744,0.458539,0.472411,0.482251,0.488963,0.493368,0.496148,0.497838,0.498823,0.499373,0.499658,0.499777,0.499777
0.499799,0.499799,0.49969,0.499431,0.49893,0.498028,0.496481,0.493927,0.489869,0.483666,0.474541,0.461631,0.444066,0.421098,0.392249,0.357461,0.317222,0.272615,0.225282,0.177281,0.130858,0.0881655,0.0509874,0.0205193,-0.00275198,-0.0190519,-0.0292136,-0.034495,-0.0363577,-0.0362493,-0.0354157,-0.034762,-0.034762,-0.0354157,-0.0362493,-0.0363577,-0.034495,-0.0292136,-0.0190519,-0.00275198,0.0205193,0.0509874,0.0881655,0.130858,0.177281,0.225282,0.272615,0.317222,0.357461,0.392249,0.421098,0.444066,0.461631,0.474541,0.483666,0.489869,0.493927,0.496481,0.498028,0.49893,0.499431,0.49969,0.499799,0.499799
0.499822,0.499822,0.499726,0.499495,0.499049,0.498244,0.496858,0.494562,0.490902,0.485287,0.476992,0.465201,0.449081,0.427886,0.4011,0.368577,0.330664,0.288259,0.242794,0.196121,0.150316,0.107424,0.0692089,0.0369354,0.0112423,-0.00788364,-0.0210316,-0.0292136,-0.033669,-0.0356619,-0.0363024,-0.0364071,-0.0364071,-0.0363024,-0.0356619,-0.033669,-0.0292136,-0.0210316,-0.00788364,0.0112423,0.0369354,0.0692089,0.107424,0.150316,0.196121,0.242794,0.288259,0.330664,0.368577,0.4011,0.427886,0.449081,0.465201,0.476992,0.485287,0.490902,0.494562,0.496858,0.498244,0.499049,0.499495,0.499726,0.499822,0.499822
0.499847,0.499847,0.499764,0.499564,0.499175,0.498473,0.497259,0.495241,0.492011,0.487032,0.479643,0.469086,0.454567,0.435358,0.410911,0.380997,0.345817,0.306076,0.262977,0.218142,0.173446,0.130798,0.0919133,0.0581064,0.0301588,0.00827237,-0.00788364,-0.0190519,-0.0262196,-0.0304373,-0.0326515,-0.0335701,-0.0335701,-0.0326515,-0.0304373,-0.0262196,-0.0190519,-0.00788364,0.00827237,0.0301588,0.0581064,0.0919133,0.130798,0.173446,0.218142,0.262977,0.306076,0.345817,0.380997,0.410911,0.435358,0.454567,0.469086,0.479643,0.487032,0.492011,0.495241,0.497259,0.498473,0.499175,0.499564,0.499764,0.499847,0.499847
0.499872,0.499872,0.499801,0.499632,0.499302,0.498704,0.497665,0.495931,0.493142,0.488823,0.482377,0.473113,0.460293,0.443211,0.421304,0.394268,0.362168,0.325515,0.28528,0.24284,0.199844,0.158037,0.119053,0.0842285,0.0544625,0.0301588,0.0112423,-0.00275198,-0.0125425,-0.0189447,-0.0227204,-0.0244514,-0.0244514,-0.0227204,-0.0189447,-0.0125425,-0.00275198,0.0112423,0.0301588,0.0544625,0.0842285,0.119053,0.158037,0.199844,0.24284,0.28528,0.325515,0.362168,0.394268,0.421304,0.443211,0.460293,0.473113,0.482377,0.488823,0.493142,0.495931,0.497665,0.498704,0.499302,0.499632,0.499801,0.499872,0.499872
0.499895,0.499895,0.499837,0.499698,0.499424,0.498926,0.498058,0.496602,0.494248,0.490582,0.48508,0.477122,0.466031,0.451142,0.431889,0.40791,0.379153,0.345946,0.309035,0.269545,0.228889,0.188623,0.150267,0.11514,0.0842285,0.0581064,0.0369354,0.0205193,0.00840969,3.46248e-05,-0.00517074,-0.00765153,-0.00765153,-0.00517074,3.46248e-05,0.00840969,0.0205193,0.0369354,0.0581064,0.0842285,0.11514,0.150267,0.188623,0.228889,0.269545,0.309035,0.345946,0.379153,0.40791,0.431889,0.451142,0.466031,0.477122,0.48508,0.490582,0.494248,0.496602,0.498058,0.498926,0.499424,0.499698,0.499837,0.499895,0.499895
0.499917,0.499917,0.49987,0.499758,0.499537,0.499132,0.498424,0.497229,0.495289,0.492248,0.487655,0.480966,0.471576,0.458868,0.442292,0.421451,0.396195,0.366695,0.333484,0.297449,0.25976,0.221766,0.184847,0.150267,0.119053,0.0919133,0.0692089,0.0509874,0.0370553,0.0270779,0.0206873,0.0175779,0.0175779,0.0206873,0.0270779,0.0370553,0.0509874,0.0692089,0.0919133,0.119053,0.150267,0.184847,0.221766,0.25976,0.297449,0.333484,0.366695,0.396195,0.421451,0.442292,0.458868,0.471576,0.480966,0.487655,0.492248,0.495289,0.497229,0.498424,0.499132,0.499537,0.499758,0.49987,0.499917,0.499917
0.499936,0.499936,0.499899,0.499811,0.499636,0.499316,0.498752,0.497796,0.496233,0.493769,0.490023,0.484527,0.476753,0.466144,0.45218,0.434452,0.412739,0.387083,0.357832,0.325651,0.291476,0.256443,0.221766,0.188623,0.158037,0.130798,0.107424,0.0881655,0.0730529,0.0619682,0.0547275,0.0511582,0.0511582,0.0547275,0.0619682,0.0730529,0.0881655,0.107424,0.130798,0.158037,0.188623,0.221766,0.256443,0.291476,0.325651,0.357832,0.387083,0.412739,0.434452,0.45218,0.466144,0.476753,0.484527,0.490023,0.493769,0.496233,0.497796,0.498752,0.499316,0.499636,0.499811,0.499899,0.499936,0.499936
0.499951,0.499951,0.499923,0.499856,0.499722,0.499474,0.499036,0.49829,0.497062,0.495113,0.492129,0.487719,0.481431,0.472776,0.46128,0.446539,0.428292,0.406482,0.381305,0.35323,0.322979,0.291476,0.25976,0.228889,0.199844,0.173446,0.150316,0.130858,0.115284,0.103659,0.0959586,0.0921282,0.0921282,0.0959586,0.103659,0.115284,0.130858,0.150316,0.173446,0.199844,0.228889,0.25976,0.291476,0.322979,0.35323,0.381305,0.406482,0.428292,0.446539,0.46128,0.472776,0.481431,0.487719,0.492129,0.495113,0.497062,0.49829,0.499036,0.499474,0.499722,0.499856,0.499923,0.499951,0.499951
0.499964,0.499964,0.499944,0.499893,0.499793,0.499607,0.499275,0.498706,0.497765,0.496262,0.493942,0.490489,0.485524,0.478632,0.469391,0.457425,0.442454,0.424358,0.403213,0.379326,0.35323,0.325651,0.297449,0.269545,0.24284,0.218142,0.196121,0.177281,0.161964,0.150375,0.142617,0.138733,0.138733,0.142617,0.150375,0.161964,0.177281,0.196121,0.218142,0.24284,0.269545,0.297449,0.325651,0.35323,0.379326,0.403213,0.424358,0.442454,0.457425,0.469391,0.478632,0.485524,0.490489,0.493942,0.496262,0.497765,0.498706,0.499275,0.499607,0.499793,0.499893,0.499944,0.499964,0.499964
0.499975,0.499975,0.499959,0.499923,0.49985,0.499713,0.499469,0.499047,0.498344,0.497212,0.495455,0.492818,0.488995,0.483641,0.476397,0.466924,0.454948,0.44031,0.423005,0.403213,0.381305,0.357832,0.333484,0.309035,0.28528,0.262977,0.242794,0.225282,0.210863,0.199834,0.19239,0.188643,0.188643,0.19239,0.199834,0.210863,0.225282,0.242794,0.262977,0.28528,0.309035,0.333484,0.357832,0.381305,0.403213,0.423005,0.44031,0.454948,0.466924,0.476397,0.483641,0.488995,0.492818,0.495455,0.497212,0.498344,0.499047,0.499469,0.499713,0.49985,0.499923,0.499959,0.499975,0.499975
0.499982,0.499982,0.499972,0.499946,0.499894,0.499796,0.499621,0.499316,0.498804,0.497975,0.496677,0.494715,0.491847,0.487795,0.482261,0.474954,0.465623,0.454094,0.44031,0.424358,0.406482,0.387083,0.366695,0.345946,0.325515,0.306076,0.288259,0.272615,0.259597,0.249551,0.242725,0.239274,0.239274,0.242725,0.249551,0.259597,0.272615,0.288259,0.306076,0.325515,0.345946,0.366695,0.387083,0.406482,0.424358,0.44031,0.454094,0.465623,0.474954,0.482261,0.487795,0.491847,0.494715,0.496677,0.497975,0.498804,0.499316,0.499621,0.499796,0.499894,0.499946,0.499972,0.499982,0.499982
0.499988,0.499988,0.499981,0.499963,0.499927,0.499859,0.499737,0.499522,0.499159,0.498568,0.497635,0.496213,0.494117,0.491131,0.487016,0.481531,0.474456,0.465623,0.454948,0.442454,0.428292,0.412739,0.396195,0.379153,0.362168,0.345817,0.330664,0.317222,0.305935,0.29716,0.291164,0.288122,0.288122,0.291164,0.29716,0.305935,0.317222,0.330664,0.345817,0.362168,0.379153,0.396195,0.412739,0.428292,0.442454,0.454948,0.465623,0.474456,0.481531,0.487016,0.491131,0.494117,0.496213,0.497635,0.498568,0.499159,0.499522,0.499737,0.499859,0.499927,0.499963,0.499981,0.499988,0.499988
0.499992,0.499992,0.499987,0.499975,0.499951,0.499905,0.499822,0.499675,0.499425,0.499014,0.498362,0.497359,0.495869,0.493728,0.490752,0.486747,0.481531,0.474954,0.466924,0.457425,0.446539,0.434452,0.421451,0.40791,0.394268,0.380997,0.368577,0.357461,0.348054,0.340694,0.335641,0.33307,0.33307,0.335641,0.340694,0.348054,0.357461,0.368577,0.380997,0.394268,0.40791,0.421451,0.434452,0.446539,0.457425,0.466924,0.474954,0.481531,0.486747,0.490752,0.493728,0.495869,0.497359,0.498362,0.499014,0.499425,0.499675,0.499822,0.499905,0.499951,0.499975,0.499987,0.499992,0.499992
0.499995,0.499995,0.499992,0.499984,0.499968,0.499938,0.499883,0.499785,0.499617,0.49934,0.498896,0.498208,0.497179,0.495686,0.493593,0.490752,0.487016,0.482261,0.476397,0.469391,0.46128,0.45218,0.442292,0.431889,0.421304,0.410911,0.4011,0.392249,0.384707,0.378774,0.374684,0.372598,0.372598,0.374684,0.378774,0.384707,0.392249,0.4011,0.410911,0.421304,0.431889,0.442292,0.45218,0.46128,0.469391,0.476397,0.482261,0.487016,0.490752,0.493593,0.495686,0.497179,0.498208,0.498896,0.49934,0.499617,0.499785,0.499883,0.499938,0.499968,0.499984,0.499992,0.499995,0.499995
0.499997,0.499997,0.499995,0.49999,0.49998,0.499961,0.499925,0.499862,0.499753,0.49957,0.499277,0.498819,0.498127,0.497116,0.495686,0.493728,0.491131,0.487795,0.483641,0.478632,0.472776,0.466144,0.458868,0.451142,0.443211,0.435358,0.427886,0.421098,0.41528,0.41068,0.407497,0.405871,0.405871,0.407497,0.41068,0.41528,0.421098,0.427886,0.435358,0.443211,0.451142,0.458868,0.466144,0.472776,0.478632,0.483641,0.487795,0.491131,0.493728,0.495686,0.497116,0.498127,0.498819,0.499277,0.49957,0.499753,0.499862,0.499925,0.499961,0.49998,0.49999,0.499995,0.499997,0.499997
0.499998,0.499998,0.499997,0.499994,0.499988,0.499976,0.499954,0.499914,0.499844,0.499728,0.49954,0.499243,0.498792,0.498127,0.497179,0.495869,0.494117,0.491847,0.488995,0.485524,0.481431,0.476753,0.471576,0.466031,0.460293,0.454567,0.449081,0.444066,0.439744,0.436312,0.433931,0.432711,0.432711,0.433931,0.436312,0.439744,0.444066,0.449081,0.454567,0.460293,0.466031,0.471576,0.476753,0.481431,0.485524,0.488995,0.491847,0.494117,0.495869,0.497179,0.498127,0.498792,0.499243,0.49954,0.499728,0.499844,0.499914,0.499954,0.499976,0.499988,0.499994,0.499997,0.499998,0.499998
0.499999,0.499999,0.499998,0.499996,0.499993,0.499985,0.499972,0.499948,0.499905,0.499833,0.499715,0.499529,0.499243,0.498819,0.498208,0.497359,0.496213,0.494715,0.492818,0.490489,0.487719,0.484527,0.480966,0.477122,0.473113,0.469086,0.465201,0.461631,0.458539,0.456074,0.454359,0.453479,0.453479,0.454359,0.456074,0.458539,0.461631,0.465201,0.469086,0.473113,0.477122,0.480966,0.484527,0.487719,0.490489,0.492818,0.494715,0.496213,0.497359,0.498208,0.498819,0.499243,0.499529,0.499715,0.499833,0.499905,0.499948,0.499972,0.499985,0.499993,0.499996,0.499998,0.499999,0.499999
0.499999,0.499999,0.499999,0.499998,0.499996,0.499992,0.499984,0.499969,0.499944,0.4999,0.499829,0.499715,0.49954,0.499277,0.498896,0.498362,0.497635,0.496677,0.495455,0.493942,0.492129,0.490023,0.487655,0.48508,0.482377,0.479643,0.476992,0.474541,0.472411,0.470706,0.469517,0.468906,0.468906,0.469517,0.470706,0.472411,0.474541,0.476992,0.479643,0.482377,0.48508,0.487655,0.490023,0.492129,0.493942,0.495455,0.496677,0.497635,0.498362,0.498896,0.499277,0.49954,0.499715,0.499829,0.4999,0.499944,0.499969,0.499984,0.499992,0.499996,0.499998,0.499999,0.499999,0.499999
0.5,0.5,0.499999,0.499999,0.499998,0.499995,0.499991,0.499982,0.499968,0.499942,0.4999,0.499833,0.499728,0.49957,0.49934,0.499014,0.498568,0.497975,0.497212,0.496262,0.495113,0.493769,0.492248,0.490582,0.488823,0.487032,0.485287,0.483666,0.482251,0.481115,0.480321,0.479913,0.479913,0.480321,0.481115,0.482251,0.483666,0.485287,0.487032,0.488823,0.490582,0.492248,0.493769,0.495113,0.496262,0.497212,0.497975,0.498568,0.499014,0.49934,0.49957,0.499728,0.499833,0.4999,0.499942,0.499968,0.499982,0.499991,0.499995,0.499998,0.499999,0.499999,0.5,0.5
0.5,0.5,0.5,0.499999,0.499999,0.499997,0.499995,0.49999,0.499982,0.499968,0.499944,0.499905,0.499844,0.499753,0.499617,0.499425,0.499159,0.498804,0.498344,0.497765,0.497062,0.496233,0.495289,0.494248,0.493142,0.492011,0.490902,0.489869,0.488963,0.488234,0.487724,0.48746,0.48746,0.487724,0.488234,0.488963,0.489869,0.490902,0.492011,0.493142,0.494248,0.495289,0.496233,0.497062,0.497765,0.498344,0.498804,0.499159,0.499425,0.499617,0.499753,0.499844,0.499905,0.499944,0.499968,0.499982,0.49999,0.499995,0.499997,0.499999,0.499999,0.5,0.5,0.5
0.5,0.5,0.5,0.5,0.499999,0.499999,0.499997,0.499995,0.49999,0.499982,0.499969,0.499948,0.499914,0.499862,0.499785,0.499675,0.499522,0.499316,0.499047,0.498706,0.49829,0.497796,0.497229,0.496602,0.495931,0.495241,0.494562,0.493927,0.493368,0.492917,0.4926,0.492437,0.492437,0.4926,0.492917,0.493368,0.493927,0.494562,0.495241,0.495931,0.496602,0.497229,0.497796,0.49829,0.498706,0.499047,0.499316,0.499522,0.499675,0.499785,0.499862,0.499914,0.499948,0.499969,0.499982,0.49999,0.499995,0.499997,0.499999,0.499999,0.5,0.5,0.5,0.5
0.5,0.5,0.5,0.5,0.5,0.499999,0.499999,0.499997,0.499995,0.499991,0.499984,0.499972,0.499954,0.499925,0.499883,0.499822,0.499737,0.499621,0.499469,0.499275,0.499036,0.498752,0.498424,0.498058,0.497665,0.497259,0.496858,0.496481,0.496148,0.49588,0.49569,0.495593,0.495593,0.49569,0.49588,0.496148,0.496481,0.496858,0.497259,0.497665,0.498058,0.498424,0.498752,0.499036,0.499275,0.499469,0.499621,0.499737,0.499822,0.499883,0.499925,0.499954,0.499972,0.499984,0.499991,0.499995,0.499997,0.499999,0.499999,0.5,0.5,0.5,0.5,0.5
0.5,0.5,0.5,0.5,0.5,0.5,0.499999,0.499999,0.499997,0.499995,0.499992,0.499985,0.499976,0.499961,0.499938,0.499905,0.499859,0.499796,0.499713,0.499607,0.499474,0.499316,0.499132,0.498926,0.498704,0.498473,0.498244,0.498028,0.497838,0.497683,0.497574,0.497517,0.497517,0.497574,0.497683,0.497838,0.498028,0.498244,0.498473,0.498704,0.498926,0.499132,0.499316,0.499474,0.499607,0.499713,0.499796,0.499859,0.499905,0.499938,0.499961,0.499976,0.499985,0.499992,0.499995,0.499997,0.499999,0.499999,0.5,0.5,0.5,0.5,0.5,0.5
0.5,0.5,0.5,0.5,0.5,0.5,0.5,0.499999,0.499999,0.499998,0.499996,0.499993,0.499988,0.49998,0.499968,0.499951,0.499927,0.499894,0.49985,0.499793,0.499722,0.499636,0.499537,0.499424,0.499302,0.499175,0.499049,0.49893,0.498823,0.498737,0.498677,0.498645,0.498645,0.498677,0.498737,0.498823,0.49893,0.499049,0.499175,0.499302,0.499424,0.499537,0.499636,0.499722,0.499793,0.49985,0.499894,0.499927,0.499951,0.499968,0.49998,0.499988,0.499993,0.499996,0.499998,0.499999,0.499999,0.5,0.5,0.5,0.5,0.5,0.5,0.5
0.5,0.5,0.5,0.5,0.5,0.5,0.5,0.5,0.499999,0.499999,0.499998,0.499996,0.499994,0.49999,0.499984,0.499975,0.499963,0.499946,0.499923,0.499893,0.499856,0.499811,0.499758,0.499698,0.499632,0.499564,0.499495,0.499431,0.499373,0.499326,0.499293,0.499276,0.499276,0.499293,0.499326,0.499373,0.499431,0.499495,0.499564,0.499632,0.499698,0.499758,0.499811,0.499856,0.499893,0.499923,0.499946,0.499963,0.499975,0.499984,0.49999,0.499994,0.499996,0.499998,0.499999,0.499999,0.5,0.5,0.5,0.5,0.5,0.5,0.5,0.5
0.5,0.5,0.5,0.5,0.5,0.5,0.5,0.5,0.5,0.499999,0.499999,0.499998,0.499997,0.499995,0.499992,0.499987,0.499981,0.499972,0.499959,0.499944,0.499923,0.499899,0.49987,0.499837,0.499801,0.499764,0.499726,0.49969,0.499658,0.499631,0.499613,0.499603,0.499603,0.499613,0.499631,0.499658,0.49969,0.499726,0.499764,0.499801,0.499837,0.49987,0.499899,0.499923,0.499944,0.499959,0.499972,0.499981,0.499987,0.499992,0.499995,0.499997,0.499998,0.499999,0.499999,0.5,0.5,0.5,0.5,0.5,0.5,0.5,0.5,0.5
0.5,0.5,0.5,0.5,0.5,0.5,0.5,0.5,0.5,0.5,0.499999,0.499999,0.499998,0.499997,0.499995,0.499992,0.499988,0.499982,0.499975,0.499964,0.499951,0.499936,0.499917,0.499895,0.499872,0.499847,0.499822,0.499799,0.499777,0.49976,0.499748,0.499741,0.499741,0.499748,0.49976,0.499777,0.499799,0.499822,0.499847,0.499872,0.499895,0.499917,0.499936,0.499951,0.499964,0.499975,0.499982,0.499988,0.499992,0.499995,0.499997,0.499998,0.499999,0.499999,0.5,0.5,0.5,0.5,0.5,0.5,0.5,0.5,0.5,0.5
0.5,0.5,0.5,0.5,0.5,0.5,0.5,0.5,0.5,0.5,0.499999,0.499999,0.499998,0.499997,0.499995,0.499992,0.499988,0.499982,0.499975,0.499964,0.499951,0.499936,0.499917,0.499895,0.499872,0.499847,0.499822,0.499799,0.499777,0.49976,0.499748,0.499741,0.499741,0.499748,0.49976,0.499777,0.499799,0.499822,0.499847,0.499872,0.499895,0.499917,0.499936,0.499951,0.499964,0.499975,0.499982,0.499988,0.499992,0.499995,0.499997,0.499998,0.499999,0.499999,0.5,0.5,0.5,0.5,0.5,0.5,0.5,0.5,0.5,0.5
