0.5,0.5,0.5,0.5,0.5,0.5,0.5,0.5,0.499999,0.499999,0.499998,0.499997,0.499995,0.499992,0.499987,0.49998,0.499971,0.499958,0.49994,0.499917,0.499889,0.499855,0.499815,0.49977,0.499721,0.49967,0.499619,0.499571,0.499528,0.499493,0.499469,0.499456,0.499456,0.499469,0.499493,0.499528,0.499571,0.499619,0.49967,0.499721,0.49977,0.499815,0.499855,0.499889,0.499917,0.49994,0.499958,0.499971,0.49998,0.499987,0.499992,0.499995,0.499997,0.499998,0.499999,0.499999,0.5,0.5,0.5,0.5,0.5,0.5,0.5,0.5
0.5,0.5,0.5,0.5,0.5,0.5,0.5,0.5,0.499999,0.499999,0.499998,0.499997,0.499995,0.499992,0.499987,0.49998,0.499971,0.499958,0.49994,0.499917,0.499889,0.499855,0.499815,0.49977,0.499721,0.49967,0.499619,0.499571,0.499528,0.499493,0.499469,0.499456,0.499456,0.499469,0.499493,0.499528,0.499571,0.499619,0.49967,0.499721,0.49977,0.499815,0.499855,0.499889,0.499917,0.49994,0.499958,0.499971,0.49998,0.499987,0.499992,0.499995,0.499997,0.499998,0.499999,0.499999,0.5,0.5,0.5,0.5,0.5,0.5,0.5,0.5
0.5,0.5,0.5,0.5,0.5,0.5,0.5,0.5,0.499999,0.499998,0.499997,0.499995,0.499992,0.499987,0.49998,0.49997,0.499955,0.499935,0.499908,0.499874,0.499832,0.499781,0.499722,0.499655,0.499583,0.499509,0.499435,0.499365,0.499303,0.499252,0.499217,0.499198,0.499198,0.499217,0.499252,0.499303,0.499365,0.499435,0.499509,0.499583,0.499655,0.499722,0.499781,0.499832,0.499874,0.499908,0.499935,0.499955,0.49997,0.49998,0.499987,0.499992,0.499995,0.499997,0.499998,0.499999,0.5,0.5,0.5,0.5,0.5,0.5,0.5,0.5
0.5,0.5,0.5,0.5,0.5,0.5,0.5,0.499999,0.499998,0.499997,0.499995,0.499991,0.499985,0.499976,0.499963,0.499943,0.499916,0.49988,0.499832,0.499771,0.499696,0.499606,0.499502,0.499386,0.499262,0.499133,0.499005,0.498885,0.498779,0.498693,0.498633,0.498601,0.498601,0.498633,0.498693,0.498779,0.498885,0.499005,0.499133,0.499262,0.499386,0.499502,0.499606,0.499696,0.499771,0.499832,0.49988,0.499916,0.499943,0.499963,0.499976,0.499985,0.499991,0.499995,0.499997,0.499998,0.499999,0.5,0.5,0.5,0.5,0.5,0.5,0.5
0.5,0.5,0.5,0.5,0.5,0.499999,0.499999,0.499998,0.499997,0.499994,0.499989,0.499982,0.499971,0.499954,0.499928,0.499892,0.499841,0.499773,0.499685,0.499572,0.499435,0.499272,0.499085,0.498877,0.498655,0.498426,0.4982,0.497988,0.497802,0.497651,0.497545,0.49749,0.49749,0.497545,0.497651,0.497802,0.497988,0.4982,0.498426,0.498655,0.498877,0.499085,0.499272,0.499435,0.499572,0.499685,0.499773,0.499841,0.499892,0.499928,0.499954,0.499971,0.499982,0.499989,0.499994,0.499997,0.499998,0.499999,0.499999,0.5,0.5,0.5,0.5,0.5
0.5,0.5,0.5,0.5,0.499999,0.499999,0.499998,0.499996,0.499993,0.499988,0.49998,0.499966,0.499944,0.499912,0.499864,0.499797,0.499704,0.49958,0.499419,0.499217,0.498971,0.498681,0.498349,0.497984,0.497594,0.497195,0.496802,0.496436,0.496114,0.495855,0.495673,0.495579,0.495579,0.495673,0.495855,0.496114,0.496436,0.496802,0.497195,0.497594,0.497984,0.498349,0.498681,0.498971,0.499217,0.499419,0.49958,0.499704,0.499797,0.499864,0.499912,0.499944,0.499966,0.49998,0.499988,0.499993,0.499996,0.499998,0.499999,0.499999,0.5,0.5,0.5,0.5
0.5,0.5,0.5,0.5,0.499999,0.499998,0.499996,0.499993,0.499987,0.499978,0.499962,0.499936,0.499897,0.499837,0.499751,0.49963,0.499464,0.499243,0.49896,0.498606,0.498179,0.497677,0.497109,0.496484,0.495823,0.495148,0.494488,0.493874,0.493337,0.492904,0.492601,0.492446,0.492446,0.492601,0.492904,0.493337,0.493874,0.494488,0.495148,0.495823,0.496484,0.497109,0.497677,0.498179,0.498606,0.49896,0.499243,0.499464,0.49963,0.499751,0.499837,0.499897,0.499936,0.499962,0.499978,0.499987,0.499993,0.499996,0.499998,0.499999,0.5,0.5,0.5,0.5
0.5,0.5,0.5,0.499999,0.499998,0.499996,0.499993,0.499987,0.499977,0.499959,0.49993,0.499884,0.499814,0.499709,0.499557,0.499346,0.499058,0.498679,0.498196,0.497597,0.496878,0.49604,0.495096,0.494067,0.492982,0.49188,0.490809,0.489815,0.488948,0.488253,0.487767,0.487517,0.487517,0.487767,0.488253,0.488948,0.489815,0.490809,0.49188,0.492982,0.494067,0.495096,0.49604,0.496878,0.497597,0.498196,0.498679,0.499058,0.499346,0.499557,0.499709,0.499814,0.499884,0.49993,0.499959,0.499977,0.499987,0.499993,0.499996,0.499998,0.499999,0.5,0.5,0.5
0.499999,0.499999,0.499999,0.499998,0.499997,0.499993,0.499987,0.499977,0.499958,0.499927,0.499876,0.499796,0.499674,0.499494,0.499237,0.498879,0.498397,0.497767,0.496969,0.495987,0.494817,0.493465,0.491951,0.49031,0.488591,0.486857,0.485178,0.483627,0.48228,0.481203,0.480452,0.480066,0.480066,0.480452,0.481203,0.48228,0.483627,0.485178,0.486857,0.488591,0.49031,0.491951,0.493465,0.494817,0.495987,0.496969,0.497767,0.498397,0.498879,0.499237,0.499494,0.499674,0.499796,0.499876,0.499927,0.499958,0.499977,0.499987,0.499993,0.499997,0.499998,0.499999,0.499999,0.499999
0.499999,0.499999,0.499998,0.499997,0.499994,0.499988,0.499978,0.499959,0.499927,0.499873,0.499787,0.499652,0.499448,0.499148,0.498723,0.498137,0.497354,0.49634,0.495064,0.493508,0.491668,0.489557,0.487211,0.484685,0.482058,0.479423,0.476885,0.474554,0.472536,0.470928,0.469809,0.469235,0.469235,0.469809,0.470928,0.472536,0.474554,0.476885,0.479423,0.482058,0.484685,0.487211,0.489557,0.491668,0.493508,0.495064,0.49634,0.497354,0.498137,0.498723,0.499148,0.499448,0.499652,0.499787,0.499873,0.499927,0.499959,0.499978,0.499988,0.499994,0.499997,0.499998,0.499999,0.499999
0.499998,0.499998,0.499997,0.499995,0.499989,0.49998,0.499962,0.49993,0.499876,0.499787,0.499644,0.499423,0.499091,0.498608,0.497928,0.496998,0.495766,0.494183,0.492209,0.489822,0.487022,0.483837,0.480324,0.476571,0.472695,0.468833,0.465135,0.461756,0.458845,0.456533,0.454928,0.454106,0.454106,0.454928,0.456533,0.458845,0.461756,0.465135,0.468833,0.472695,0.476571,0.480324,0.483837,0.487022,0.489822,0.492209,0.494183,0.495766,0.496998,0.497928,0.498608,0.499091,0.499423,0.499644,0.499787,0.499876,0.49993,0.499962,0.49998,0.499989,0.499995,0.499997,0.499998,0.499998
0.499997,0.499997,0.499995,0.499991,0.499982,0.499966,0.499936,0.499884,0.499796,0.499652,0.499423,0.499071,0.498547,0.497791,0.496735,0.495304,0.493425,0.491032,0.488074,0.48453,0.480409,0.475761,0.470678,0.465294,0.459774,0.454314,0.44912,0.444402,0.440356,0.437156,0.434941,0.433809,0.433809,0.434941,0.437156,0.440356,0.444402,0.44912,0.454314,0.459774,0.465294,0.470678,0.475761,0.480409,0.48453,0.488074,0.491032,0.493425,0.495304,0.496735,0.497791,0.498547,0.499071,0.499423,0.499652,0.499796,0.499884,0.499936,0.499966,0.499982,0.499991,0.499995,0.499997,0.499997
0.499995,0.499995,0.499992,0.499985,0.499971,0.499944,0.499897,0.499814,0.499674,0.499448,0.499091,0.498547,0.497744,0.496596,0.495005,0.492869,0.49009,0.486583,0.48229,0.477194,0.471323,0.464764,0.457657,0.450194,0.442609,0.435164,0.428133,0.421786,0.416374,0.412112,0.409171,0.407671,0.407671,0.409171,0.412112,0.416374,0.421786,0.428133,0.435164,0.442609,0.450194,0.457657,0.464764,0.471323,0.477194,0.48229,0.486583,0.49009,0.492869,0.495005,0.496596,0.497744,0.498547,0.499091,0.499448,0.499674,0.499814,0.499897,0.499944,0.499971,0.499985,0.499992,0.499995,0.499995
0.499992,0.499992,0.499987,0.499976,0.499954,0.499912,0.499837,0.499709,0.499494,0.499148,0.498608,0.497791,0.496596,0.494901,0.492575,0.489481,0.485493,0.480509,0.47447,0.467371,0.459276,0.450323,0.440716,0.430725,0.420663,0.410873,0.401701,0.393481,0.386514,0.381055,0.377302,0.375391,0.375391,0.377302,0.381055,0.386514,0.393481,0.401701,0.410873,0.420663,0.430725,0.440716,0.450323,0.459276,0.467371,0.47447,0.480509,0.485493,0.489481,0.492575,0.494901,0.496596,0.497791,0.498608,0.499148,0.499494,0.499709,0.499837,0.499912,0.499954,0.499976,0.499987,0.499992,0.499992
0.499987,0.499987,0.49998,0.499963,0.499928,0.499864,0.499751,0.499557,0.499237,0.498723,0.497928,0.496735,0.495005,0.492575,0.48927,0.484918,0.479362,0.472491,0.464251,0.454668,0.443858,0.432029,0.419473,0.406551,0.39367,0.381257,0.369731,0.359484,0.350859,0.344138,0.339538,0.337201,0.337201,0.339538,0.344138,0.350859,0.359484,0.369731,0.381257,0.39367,0.406551,0.419473,0.432029,0.443858,0.454668,0.464251,0.472491,0.479362,0.484918,0.48927,0.492575,0.495005,0.496735,0.497928,0.498723,0.499237,0.499557,0.499751,0.499864,0.499928,0.499963,0.49998,0.499987,0.499987
0.49998,0.49998,0.49997,0.499943,0.499892,0.499797,0.49963,0.499346,0.498879,0.498137,0.496998,0.495304,0.492869,0.489481,0.484918,0.478966,0.47145,0.462251,0.451341,0.438797,0.424809,0.409679,0.393805,0.377657,0.36174,0.346566,0.332618,0.320331,0.310069,0.302126,0.296714,0.293973,0.293973,0.296714,0.302126,0.310069,0.320331,0.332618,0.346566,0.36174,0.377657,0.393805,0.409679,0.424809,0.438797,0.451341,0.462251,0.47145,0.478966,0.484918,0.489481,0.492869,0.495304,0.496998,0.498137,0.498879,0.499346,0.49963,0.499797,0.499892,0.499943,0.49997,0.49998,0.49998
0.499971,0.499971,0.499955,0.499916,0.499841,0.499704,0.499464,0.499058,0.498397,0.497354,0.495766,0.493425,0.49009,0.485493,0.479362,0.47145,0.461562,0.449598,0.435572,0.419637,0.402086,0.38334,0.363922,0.344418,0.325434,0.307554,0.291306,0.277142,0.265423,0.256419,0.250319,0.247242,0.247242,0.250319,0.256419,0.265423,0.277142,0.291306,0.307554,0.325434,0.344418,0.363922,0.38334,0.402086,0.419637,0.435572,0.449598,0.461562,0.47145,0.479362,0.485493,0.49009,0.493425,0.495766,0.497354,0.498397,0.499058,0.499464,0.499704,0.499841,0.499916,0.499955,0.499971,0.499971
0.499958,0.499958,0.499935,0.49988,0.499773,0.49958,0.499243,0.498679,0.497767,0.49634,0.494183,0.491032,0.486583,0.480509,0.472491,0.462251,0.449598,0.434465,0.41694,0.397282,0.375914,0.353401,0.330404,0.307629,0.285771,0.265468,0.247262,0.231584,0.218752,0.208982,0.202408,0.199106,0.199106,0.202408,0.208982,0.218752,0.231584,0.247262,0.265468,0.285771,0.307629,0.330404,0.353401,0.375914,0.397282,0.41694,0.434465,0.449598,0.462251,0.472491,0.480509,0.486583,0.491032,0.494183,0.49634,0.497767,0.498679,0.499243,0.49958,0.499773,0.49988,0.499935,0.499958,0.499958
0.49994,0.49994,0.499908,0.499832,0.499685,0.499419,0.49896,0.498196,0.496969,0.495064,0.492209,0.488074,0.48229,0.47447,0.464251,0.451341,0.435572,0.41694,0.395637,0.372062,0.346797,0.320569,0.294185,0.268465,0.244172,0.221963,0.202354,0.185712,0.17227,0.162148,0.155396,0.152021,0.152021,0.155396,0.162148,0.17227,0.185712,0.202354,0.221963,0.244172,0.268465,0.294185,0.320569,0.346797,0.372062,0.395637,0.41694,0.435572,0.451341,0.464251,0.47447,0.48229,0.488074,0.492209,0.495064,0.496969,0.498196,0.49896,0.499419,0.499685,0.499832,0.499908,0.49994,0.49994
0.499917,0.499917,0.499874,0.499771,0.499572,0.499217,0.498606,0.497597,0.495987,0.493508,0.489822,0.48453,0.477194,0.467371,0.454668,0.438797,0.419637,0.397282,0.372062,0.344547,0.315505,0.285835,0.25649,0.228384,0.202319,0.178928,0.158654,0.141751,0.128319,0.118346,0.111765,0.108498,0.108498,0.111765,0.118346,0.128319,0.141751,0.158654,0.178928,0.202319,0.228384,0.25649,0.285835,0.315505,0.344547,0.372062,0.397282,0.419637,0.438797,0.454668,0.467371,0.477194,0.48453,0.489822,0.493508,0.495987,0.497597,0.498606,0.499217,0.499572,0.499771,0.499874,0.499917,0.499917
0.499889,0.499889,0.499832,0.499696,0.499435,0.498971,0.498179,0.496878,0.494817,0.491668,0.487022,0.480409,0.471323,0.459276,0.443858,0.424809,0.402086,0.375914,0.346797,0.315505,0.283005,0.250377,0.218705,0.188971,0.161971,0.138271,0.118184,0.101808,0.089065,0.0797788,0.0737403,0.0707716,0.0707716,0.0737403,0.0797788,0.089065,0.101808,0.118184,0.138271,0.161971,0.188971,0.218705,0.250377,0.283005,0.315505,0.346797,0.375914,0.402086,0.424809,0.443858,0.459276,0.471323,0.480409,0.487022,0.491668,0.494817,0.496878,0.498179,0.498971,0.499435,0.499696,0.499832,0.499889,0.499889
0.499855,0.499855,0.499781,0.499606,0.499272,0.498681,0.497677,0.49604,0.493465,0.489557,0.483837,0.475761,0.464764,0.450323,0.432029,0.409679,0.38334,0.353401,0.320569,0.285835,0.250377,0.215448,0.182237,0.151757,0.124758,0.101679,0.0826649,0.0676061,0.0562194,0.0481368,0.0429929,0.0404999,0.0404999,0.0429929,0.0481368,0.0562194,0.0676061,0.0826649,0.101679,0.124758,0.151757,0.182237,0.215448,0.250377,0.285835,0.320569,0.353401,0.38334,0.409679,0.432029,0.450323,0.464764,0.475761,0.483837,0.489557,0.493465,0.49604,0.497677,0.498681,0.499272,0.499606,0.499781,0.499855,0.499855
0.499815,0.499815,0.499722,0.499502,0.499085,0.498349,0.497109,0.495096,0.491951,0.487211,0.480324,0.470678,0.457657,0.440716,0.419473,0.393805,0.363922,0.330404,0.294185,0.25649,0.218705,0.182237,0.148352,0.11805,0.0919838,0.0704258,0.0533039,0.0402746,0.0308256,0.0243864,0.0204307,0.0185597,0.0185597,0.0204307,0.0243864,0.0308256,0.0402746,0.0533039,0.0704258,0.0919838,0.11805,0.148352,0.182237,0.218705,0.25649,0.294185,0.330404,0.363922,0.393805,0.419473,0.440716,0.457657,0.470678,0.480324,0.487211,0.491951,0.495096,0.497109,0.498349,0.499085,0.499502,0.499722,0.499815,0.499815
0.49977,0.49977,0.499655,0.499386,0.498877,0.497984,0.496484,0.494067,0.49031,0.484685,0.476571,0.465294,0.450194,0.430725,0.406551,0.377657,0.344418,0.307629,0.268465,0.228384,0.188971,0.151757,0.11805,0.0887949,0.0644999,0.0452326,0.0306763,0.0202351,0.0131608,0.00868275,0.00612054,0.00497215,0.00497215,0.00612054,0.00868275,0.0131608,0.0202351,0.0306763,0.0452326,0.0644999,0.0887949,0.11805,0.151757,0.188971,0.228384,0.268465,0.307629,0.344418,0.377657,0.406551,0.430725,0.450194,0.465294,0.476571,0.484685,0.49031,0.494067,0.496484,0.497984,0.498877,0.499386,0.499655,0.49977,0.49977
0.499721,0.499721,0.499583,0.499262,0.498655,0.497594,0.495823,0.492982,0.488591,0.482058,0.472695,0.459774,0.442609,0.420663,0.39367,0.36174,0.325434,0.285771,0.244172,0.202319,0.161971,0.124758,0.0919838,0.0644999,0.0426376,0.0262307,0.0147038,0.00720593,0.00276163,0.000414467,-0.000653267,-0.00103271,-0.00103271,-0.000653267,0.000414467,0.00276163,0.00720593,0.0147038,0.0262307,0.0426376,0.0644999,0.0919838,0.124758,0.161971,0.202319,0.244172,0.285771,0.325434,0.36174,0.39367,0.420663,0.442609,0.459774,0.472695,0.482058,0.488591,0.492982,0.495823,0.497594,0.498655,0.499262,0.499583,0.499721,0.499721
0.49967,0.49967,0.499509,0.499133,0.498426,0.497195,0.495148,0.49188,0.486857,0.479423,0.468833,0.454314,0.435164,0.410873,0.381257,0.346566,0.307554,0.265468,0.221963,0.178928,0.138271,0.101679,0.0704258,0.0452326,0.0262307,0.0130087,0.00473315,0.000310435,-0.0014419,-0.00164127,-0.00121906,-0.000836897,-0.000836897,-0.00121906,-0.00164127,-0.0014419,0.000310435,0.00473315,0.0130087,0.0262307,0.0452326,0.0704258,0.101679,0.138271,0.178928,0.221963,0.265468,0.307554,0.346566,0.381257,0.410873,0.435164,0.454314,0.468833,0.479423,0.486857,0.49188,0.495148,0.497195,0.498426,0.499133,0.499509,0.49967,0.49967
0.499619,0.499619,0.499435,0.499005,0.4982,0.496802,0.494488,0.490809,0.485178,0.476885,0.465135,0.44912,0.428133,0.401701,0.369731,0.332618,0.291306,0.247262,0.202354,0.158654,0.118184,0.0826649,0.0533039,0.0306763,0.0147038,0.00473315,-0.000312023,-0.00174372,-0.000921937,0.000905177,0.00271956,0.0038091,0.0038091,0.00271956,0.000905177,-0.000921937,-0.00174372,-0.000312023,0.00473315,0.0147038,0.0306763,0.0533039,0.0826649,0.118184,0.158654,0.202354,0.247262,0.291306,0.332618,0.369731,0.401701,0.428133,0.44912,0.465135,0.476885,0.485178,0.490809,0.494488,0.496802,0.4982,0.499005,0.499435,0.499619,0.499619
0.499571,0.499571,0.499365,0.498885,0.497988,0.496436,0.493874,0.489815,0.483627,0.474554,0.461756,0.444402,0.421786,0.393481,0.359484,0.320331,0.277142,0.231584,0.185712,0.141751,0.101808,0.0676061,0.0402746,0.0202351,0.00720593,0.000310435,-0.00174372,-0.000454387,0.00267494,0.00629712,0.0093337,0.0110408,0.0110408,0.0093337,0.00629712,0.00267494,-0.000454387,-0.00174372,0.000310435,0.00720593,0.0202351,0.0402746,0.0676061,0.101808,0.141751,0.185712,0.231584,0.277142,0.320331,0.359484,0.393481,0.421786,0.444402,0.461756,0.474554,0.483627,0.489815,0.493874,0.496436,0.497988,0.498885,0.499365,0.499571,0.499571
0.499528,0.499528,0.499303,0.498779,0.497802,0.496114,0.493337,0.488948,0.48228,0.472536,0.458845,0.440356,0.416374,0.386514,0.350859,0.310069,0.265423,0.218752,0.17227,0.128319,0.089065,0.0562194,0.0308256,0.0131608,0.00276163,-0.0014419,-0.000921937,0.00267494,0.00773638,0.0128457,0.0168865,0.0190985,0.0190985,0.0168865,0.0128457,0.00773638,0.00267494,-0.000921937,-0.0014419,0.00276163,0.0131608,0.0308256,0.0562194,0.089065,0.128319,0.17227,0.218752,0.265423,0.310069,0.350859,0.386514,0.416374,0.440356,0.458845,0.472536,0.48228,0.488948,0.493337,0.496114,0.497802,0.498779,0.499303,0.499528,0.499528
0.499493,0.499493,0.499252,0.498693,0.497651,0.495855,0.492904,0.488253,0.481203,0.470928,0.456533,0.437156,0.412112,0.381055,0.344138,0.302126,0.256419,0.208982,0.162148,0.118346,0.0797788,0.0481368,0.0243864,0.00868275,0.000414467,-0.00164127,0.000905177,0.00629712,0.0128457,0.0190891,0.0238906,0.0264831,0.0264831,0.0238906,0.0190891,0.0128457,0.00629712,0.000905177,-0.00164127,0.000414467,0.00868275,0.0243864,0.0481368,0.0797788,0.118346,0.162148,0.208982,0.256419,0.302126,0.344138,0.381055,0.412112,0.437156,0.456533,0.470928,0.481203,0.488253,0.492904,0.495855,0.497651,0.498693,0.499252,0.499493,0.499493
0.499469,0.499469,0.499217,0.498633,0.497545,0.495673,0.492601,0.487767,0.480452,0.469809,0.454928,0.434941,0.409171,0.377302,0.339538,0.296714,0.250319,0.202408,0.155396,0.111765,0.0737403,0.0429929,0.0204307,0.00612054,-0.000653267,-0.00121906,0.00271956,0.0093337,0.0168865,0.0238906,0.0291991,0.0320445,0.0320445,0.0291991,0.0238906,0.0168865,0.0093337,0.00271956,-0.00121906,-0.000653267,0.00612054,0.0204307,0.0429929,0.0737403,0.111765,0.155396,0.202408,0.250319,0.296714,0.339538,0.377302,0.409171,0.434941,0.454928,0.469809,0.480452,0.487767,0.492601,0.495673,0.497545,0.498633,0.499217,0.499469,0.499469
0.499456,0.499456,0.499198,0.498601,0.49749,0.495579,0.492446,0.487517,0.480066,0.469235,0.454106,0.433809,0.407671,0.375391,0.337201,0.293973,0.247242,0.199106,0.152021,0.108498,0.0707716,0.0404999,0.0185597,0.00497215,-0.00103271,-0.000836897,0.0038091,0.0110408,0.0190985,0.0264831,0.0320445,0.0350157,0.0350157,0.0320445,0.0264831,0.0190985,0.0110408,0.0038091,-0.000836897,-0.00103271,0.00497215,0.0185597,0.0404999,0.0707716,0.108498,0.152021,0.199106,0.247242,0.293973,0.337201,0.375391,0.407671,0.433809,0.454106,0.469235,0.480066,0.487517,0.492446,0.495579,0.49749,0.498601,0.499198,0.499456,0.499456
0.499456,0.499456,0.499198,0.498601,0.49749,0.495579,0.492446,0.487517,0.480066,0.469235,0.454106,0.433809,0.407671,0.375391,0.337201,0.293973,0.247242,0.199106,0.152021,0.108498,0.0707716,0.0404999,0.0185597,0.00497215,-0.00103271,-0.000836897,0.0038091,0.0110408,0.0190985,0.0264831,0.0320445,0.0350157,0.0350157,0.0320445,0.0264831,0.0190985,0.0110408,0.0038091,-0.000836897,-0.00103271,0.00497215,0.0185597,0.0404999,0.0707716,0.108498,0.152021,0.199106,0.247242,0.293973,0.337201,0.375391,0.407671,0.433809,0.454106,0.469235,0.480066,0.487517,0.492446,0.495579,0.49749,0.498601,0.499198,0.499456,0.499456
0.499469,0.499469,0.499217,0.498633,0.497545,0.495673,0.492601,0.487767,0.480452,0.469809,0.454928,0.434941,0.409171,0.377302,0.339538,0.296714,0.250319,0.202408,0.155396,0.111765,0.0737403,0.0429929,0.0204307,0.00612054,-0.000653267,-0.00121906,0.00271956,0.0093337,0.0168865,0.0238906,0.0291991,0.0320445,0.0320445,0.0291991,0.0238906,0.0168865,0.0093337,0.00271956,-0.00121906,-0.000653267,0.00612054,0.0204307,0.0429929,0.0737403,0.111765,0.155396,0.202408,0.250319,0.296714,0.339538,0.377302,0.409171,0.434941,0.454928,0.469809,0.480452,0.487767,0.492601,0.495673,0.497545,0.498633,0.499217,0.499469,0.499469
0.499493,0.499493,0.499252,0.498693,0.497651,0.495855,0.492904,0.488253,0.481203,0.470928,0.456533,0.437156,0.412112,0.381055,0.344138,0.302126,0.256419,0.208982,0.162148,0.118346,0.0797788,0.0481368,0.0243864,0.00868275,0.000414467,-0.00164127,0.000905177,0.00629712,0.0128457,0.0190891,0.0238906,0.0264831,0.0264831,0.0238906,0.0190891,0.0128457,0.00629712,0.000905177,-0.00164127,0.000414467,0.00868275,0.0243864,0.0481368,0.0797788,0.118346,0.162148,0.208982,0.256419,0.302126,0.344138,0.381055,0.412112,0.437156,0.456533,0.470928,0.481203,0.488253,0.492904,0.495855,0.497651,0.498693,0.499252,0.499493,0.499493
0.499528,0.499528,0.499303,0.498779,0.497802,0.496114,0.493337,0.488948,0.48228,0.472536,0.458845,0.440356,0.416374,0.386514,0.350859,0.310069,0.265423,0.218752,0.17227,0.128319,0.089065,0.0562194,0.0308256,0.0131608,0.00276163,-0.0014419,-0.000921937,0.00267494,0.00773638,0.0128457,0.0168865,0.0190985,0.0190985,0.0168865,0.0128457,0.00773638,0.00267494,-0.000921937,-0.0014419,0.00276163,0.0131608,0.0308256,0.0562194,0.089065,0.128319,0.17227,0.218752,0.265423,0.310069,0.350859,0.386514,0.416374,0.440356,0.458845,0.472536,0.48228,0.488948,0.493337,0.496114,0.497802,0.498779,0.499303,0.499528,0.499528
0.499571,0.499571,0.499365,0.498885,0.497988,0.496436,0.493874,0.489815,0.483627,0.474554,0.461756,0.444402,0.421786,0.393481,0.359484,0.320331,0.277142,0.231584,0.185712,0.141751,0.101808,0.0676061,0.0402746,0.0202351,0.00720593,0.000310435,-0.00174372,-0.000454387,0.00267494,0.00629712,0.0093337,0.0110408,0.0110408,0.0093337,0.00629712,0.00267494,-0.000454387,-0.00174372,0.000310435,0.00720593,0.0202351,0.0402746,0.0676061,0.101808,0.141751,0.185712,0.231584,0.277142,0.320331,0.359484,0.393481,0.421786,0.444402,0.461756,0.474554,0.483627,0.489815,0.493874,0.496436,0.497988,0.498885,0.499365,0.499571,0.499571
0.499619,0.499619,0.499435,0.499005,0.4982,0.496802,0.494488,0.490809,0.485178,0.476885,0.465135,0.44912,0.428133,0.401701,0.369731,0.332618,0.291306,0.247262,0.202354,0.158654,0.118184,0.0826649,0.0533039,0.0306763,0.0147038,0.00473315,-0.000312023,-0.00174372,-0.000921937,0.000905177,0.00271956,0.0038091,0.0038091,0.00271956,0.000905177,-0.000921937,-0.00174372,-0.000312023,0.00473315,0.0147038,0.0306763,0.0533039,0.0826649,0.118184,0.158654,0.202354,0.247262,0.291306,0.332618,0.369731,0.401701,0.428133,0.44912,0.465135,0.476885,0.485178,0.490809,0.494488,0.496802,0.4982,0.499005,0.499435,0.499619,0.499619
0.49967,0.49967,0.499509,0.499133,0.498426,0.497195,0.495148,0.49188,0.486857,0.479423,0.468833,0.454314,0.435164,0.410873,0.381257,0.346566,0.307554,0.265468,0.221963,0.178928,0.138271,0.101679,0.0704258,0.0452326,0.0262307,0.0130087,0.00473315,0.000310435,-0.0014419,-0.00164127,-0.00121906,-0.000836897,-0.000836897,-0.00121906,-0.00164127,-0.0014419,0.000310435,0.00473315,0.0130087,0.0262307,0.0452326,0.0704258,0.101679,0.138271,0.178928,0.221963,0.265468,0.307554,0.346566,0.381257,0.410873,0.435164,0.454314,0.468833,0.479423,0.486857,0.49188,0.495148,0.497195,0.498426,0.499133,0.499509,0.49967,0.49967
0.499721,0.499721,0.499583,0.499262,0.498655,0.497594,0.495823,0.492982,0.488591,0.482058,0.472695,0.459774,0.442609,0.420663,0.39367,0.36174,0.325434,0.285771,0.244172,0.202319,0.161971,0.124758,0.0919838,0.0644999,0.0426376,0.0262307,0.0147038,0.00720593,0.00276163,0.000414467,-0.000653267,-0.00103271,-0.00103271,-0.000653267,0.000414467,0.00276163,0.00720593,0.0147038,0.0262307,0.0426376,0.0644999,0.0919838,0.124758,0.161971,0.202319,0.244172,0.285771,0.325434,0.36174,0.39367,0.420663,0.442609,0.459774,0.472695,0.482058,0.488591,0.492982,0.495823,0.497594,0.498655,0.499262,0.499583,0.499721,0.499721
0.49977,0.49977,0.499655,0.499386,0.498877,0.497984,0.496484,0.494067,0.49031,0.484685,0.476571,0.465294,0.450194,0.430725,0.406551,0.377657,0.344418,0.307629,0.268465,0.228384,0.188971,0.151757,0.11805,0.0887949,0.0644999,0.0452326,0.0306763,0.0202351,0.0131608,0.00868275,0.00612054,0.00497215,0.00497215,0.00612054,0.00868275,0.0131608,0.0202351,0.0306763,0.0452326,0.0644999,0.0887949,0.11805,0.151757,0.188971,0.228384,0.268465,0.307629,0.344418,0.377657,0.406551,0.430725,0.450194,0.465294,0.476571,0.484685,0.49031,0.494067,0.496484,0.497984,0.498877,0.499386,0.499655,0.49977,0.49977
0.499815,0.499815,0.499722,0.499502,0.499085,0.498349,0.497109,0.495096,0.491951,0.487211,0.480324,0.470678,0.457657,0.440716,0.419473,0.393805,0.363922,0.330404,0.294185,0.25649,0.218705,0.182237,0.148352,0.11805,0.0919838,0.0704258,0.0533039,0.0402746,0.0308256,0.0243864,0.0204307,0.0185597,0.0185597,0.0204307,0.0243864,0.0308256,0.0402746,0.0533039,0.0704258,0.0919838,0.11805,0.148352,0.182237,0.218705,0.25649,0.294185,0.330404,0.363922,0.393805,0.419473,0.440716,0.457657,0.470678,0.480324,0.487211,0.491951,0.495096,0.497109,0.498349,0.499085,0.499502,0.499722,0.499815,0.499815
0.499855,0.499855,0.499781,0.499606,0.499272,0.498681,0.497677,0.49604,0.493465,0.489557,0.483837,0.475761,0.464764,0.450323,0.432029,0.409679,0.38334,0.353401,0.320569,0.285835,0.250377,0.215448,0.182237,0.151757,0.124758,0.101679,0.0826649,0.0676061,0.0562194,0.0481368,0.0429929,0.0404999,0.0404999,0.0429929,0.0481368,0.0562194,0.0676061,0.0826649,0.101679,0.124758,0.151757,0.182237,0.215448,0.250377,0.285835,0.320569,0.353401,0.38334,0.409679,0.432029,0.450323,0.464764,0.475761,0.483837,0.489557,0.493465,0.49604,0.497677,0.498681,0.499272,0.499606,0.499781,0.499855,0.499855
0.499889,0.499889,0.499832,0.499696,0.499435,0.498971,0.498179,0.496878,0.494817,0.491668,0.487022,0.480409,0.471323,0.459276,0.443858,0.424809,0.402086,0.375914,0.346797,0.315505,0.283005,0.250377,0.218705,0.188971,0.161971,0.138271,0.118184,0.101808,0.089065,0.0797788,0.0737403,0.0707716,0.0707716,0.0737403,0.0797788,0.089065,0.101808,0.118184,0.138271,0.161971,0.188971,0.218705,0.250377,0.283005,0.315505,0.346797,0.375914,0.402086,0.424809,0.443858,0.459276,0.471323,0.480409,0.487022,0.491668,0.494817,0.496878,0.498179,0.498971,0.499435,0.499696,0.499832,0.499889,0.499889
0.499917,0.499917,0.499874,0.499771,0.499572,0.499217,0.498606,0.497597,0.495987,0.493508,0.489822,0.48453,0.477194,0.467371,0.454668,0.438797,0.419637,0.397282,0.372062,0.344547,0.315505,0.285835,0.25649,0.228384,0.202319,0.178928,0.158654,0.141751,0.128319,0.118346,0.111765,0.108498,0.108498,0.111765,0.118346,0.128319,0.141751,0.158654,0.178928,0.202319,0.228384,0.25649,0.285835,0.315505,0.344547,0.372062,0.397282,0.419637,0.438797,0.454668,0.467371,0.477194,0.48453,0.489822,0.493508,0.495987,0.497597,0.498606,0.499217,0.499572,0.499771,0.499874,0.499917,0.499917
0.49994,0.49994,0.499908,0.499832,0.499685,0.499419,0.49896,0.498196,0.496969,0.495064,0.492209,0.488074,0.48229,0.47447,0.464251,0.451341,0.435572,0.41694,0.395637,0.372062,0.346797,0.320569,0.294185,0.268465,0.244172,0.221963,0.202354,0.185712,0.17227,0.162148,0.155396,0.152021,0.152021,0.155396,0.162148,0.17227,0.185712,0.202354,0.221963,0.244172,0.268465,0.294185,0.320569,0.346797,0.372062,0.395637,0.41694,0.435572,0.451341,0.464251,0.47447,0.48229,0.488074,0.492209,0.495064,0.496969,0.498196,0.49896,0.499419,0.499685,0.499832,0.499908,0.49994,0.49994
0.499958,0.499958,0.499935,0.49988,0.499773,0.49958,0.499243,0.498679,0.497767,0.49634,0.494183,0.491032,0.486583,0.480509,0.472491,0.462251,0.449598,0.434465,0.41694,0.397282,0.375914,0.353401,0.330404,0.307629,0.285771,0.265468,0.247262,0.231584,0.218752,0.208982,0.202408,0.199106,0.199106,0.202408,0.208982,0.218752,0.231584,0.247262,0.265468,0.285771,0.307629,0.330404,0.353401,0.375914,0.397282,0.41694,0.434465,0.449598,0.462251,0.472491,0.480509,0.486583,0.491032,0.494183,0.49634,0.497767,0.498679,0.499243,0.49958,0.499773,0.49988,0.499935,0.499958,0.499958
0.499971,0.499971,0.499955,0.499916,0.499841,0.499704,0.499464,0.499058,0.498397,0.497354,0.495766,0.493425,0.49009,0.485493,0.479362,0.47145,0.461562,0.449598,0.435572,0.419637,0.402086,0.38334,0.363922,0.344418,0.325434,0.307554,0.291306,0.277142,0.265423,0.256419,0.250319,0.247242,0.247242,0.250319,0.256419,0.265423,0.277142,0.291306,0.307554,0.325434,0.344418,0.363922,0.38334,0.402086,0.419637,0.435572,0.449598,0.461562,0.47145,0.479362,0.485493,0.49009,0.493425,0.495766,0.497354,0.498397,0.499058,0.499464,0.499704,0.499841,0.499916,0.499955,0.499971,0.499971
0.49998,0.49998,0.49997,0.499943,0.499892,0.499797,0.49963,0.499346,0.498879,0.498137,0.496998,0.495304,0.492869,0.489481,0.484918,0.478966,0.47145,0.462251,0.451341,0.438797,0.424809,0.409679,0.393805,0.377657,0.36174,0.346566,0.332618,0.320331,0.310069,0.302126,0.296714,0.293973,0.293973,0.296714,0.302126,0.310069,0.320331,0.332618,0.346566,0.36174,0.377657,0.393805,0.409679,0.424809,0.438797,0.451341,0.462251,0.47145,0.478966,0.484918,0.489481,0.492869,0.495304,0.496998,0.498137,0.498879,0.499346,0.49963,0.499797,0.499892,0.499943,0.49997,0.49998,0.49998
0.499987,0.499987,0.49998,0.499963,0.499928,0.499864,0.499751,0.499557,0.499237,0.498723,0.497928,0.496735,0.495005,0.492575,0.48927,0.484918,0.479362,0.472491,0.464251,0.454668,0.443858,0.432029,0.419473,0.406551,0.39367,0.381257,0.369731,0.359484,0.350859,0.344138,0.339538,0.337201,0.337201,0.339538,0.344138,0.350859,0.359484,0.369731,0.381257,0.39367,0.406551,0.419473,0.432029,0.443858,0.454668,0.464251,0.472491,0.479362,0.484918,0.48927,0.492575,0.495005,0.496735,0.497928,0.498723,0.499237,0.499557,0.499751,0.499864,0.499928,0.499963,0.49998,0.499987,0.499987
0.499992,0.499992,0.499987,0.499976,0.499954,0.499912,0.499837,0.499709,0.499494,0.499148,0.498608,0.497791,0.496596,0.494901,0.492575,0.489481,0.485493,0.480509,0.47447,0.467371,0.459276,0.450323,0.440716,0.430725,0.420663,0.410873,0.401701,0.393481,0.386514,0.381055,0.377302,0.375391,0.375391,0.377302,0.381055,0.386514,0.393481,0.401701,0.410873,0.420663,0.430725,0.440716,0.450323,0.459276,0.467371,0.47447,0.480509,0.485493,0.489481,0.492575,0.494901,0.496596,0.497791,0.498608,0.499148,0.499494,0.499709,0.499837,0.499912,0.499954,0.499976,0.499987,0.499992,0.499992
0.499995,0.499995,0.499992,0.499985,0.499971,0.499944,0.499897,0.499814,0.499674,0.499448,0.499091,0.498547,0.497744,0.496596,0.495005,0.492869,0.49009,0.486583,0.48229,0.477194,0.471323,0.464764,0.457657,0.450194,0.442609,0.435164,0.428133,0.421786,0.416374,0.412112,0.409171,0.407671,0.407671,0.409171,0.412112,0.416374,0.421786,0.428133,0.435164,0.442609,0.450194,0.457657,0.464764,0.471323,0.477194,0.48229,0.486583,0.49009,0.492869,0.495005,0.496596,0.497744,0.498547,0.499091,0.499448,0.499674,0.499814,0.499897,0.499944,0.499971,0.499985,0.499992,0.499995,0.499995
0.499997,0.499997,0.499995,0.499991,0.499982,0.499966,0.499936,0.499884,0.499796,0.499652,0.499423,0.499071,0.498547,0.497791,0.496735,0.495304,0.493425,0.491032,0.488074,0.48453,0.480409,0.475761,0.470678,0.465294,0.459774,0.454314,0.44912,0.444402,0.440356,0.437156,0.434941,0.433809,0.433809,0.434941,0.437156,0.440356,0.444402,0.44912,0.454314,0.459774,0.465294,0.470678,0.475761,0.480409,0.48453,0.488074,0.491032,0.493425,0.495304,0.496735,0.497791,0.498547,0.499071,0.499423,0.499652,0.499796,0.499884,0.499936,0.499966,0.499982,0.499991,0.499995,0.499997,0.499997
0.499998,0.499998,0.499997,0.499995,0.499989,0.49998,0.499962,0.49993,0.499876,0.499787,0.499644,0.499423,0.499091,0.498608,0.497928,0.496998,0.495766,0.494183,0.492209,0.489822,0.487022,0.483837,0.480324,0.476571,0.472695,0.468833,0.465135,0.461756,0.458845,0.456533,0.454928,0.454106,0.454106,0.454928,0.456533,0.458845,0.461756,0.465135,0.468833,0.472695,0.476571,0.480324,0.483837,0.487022,0.489822,0.492209,0.494183,0.495766,0.496998,0.497928,0.498608,0.499091,0.499423,0.499644,0.499787,0.499876,0.49993,0.499962,0.49998,0.499989,0.499995,0.499997,0.499998,0.499998
0.499999,0.499999,0.499998,0.499997,0.499994,0.499988,0.499978,0.499959,0.499927,0.499873,0.499787,0.499652,0.499448,0.499148,0.498723,0.498137,0.497354,0.49634,0.495064,0.493508,0.491668,0.489557,0.487211,0.484685,0.482058,0.479423,0.476885,0.474554,0.472536,0.470928,0.469809,0.469235,0.469235,0.469809,0.470928,0.472536,0.474554,0.476885,0.479423,0.482058,0.484685,0.487211,0.489557,0.491668,0.493508,0.495064,0.49634,0.497354,0.498137,0.498723,0.499148,0.499448,0.499652,0.499787,0.499873,0.499927,0.499959,0.499978,0.499988,0.499994,0.499997,0.499998,0.499999,0.499999
0.499999,0.499999,0.499999,0.499998,0.499997,0.499993,0.499987,0.499977,0.499958,0.499927,0.499876,0.499796,0.499674,0.499494,0.499237,0.498879,0.498397,0.497767,0.496969,0.495987,0.494817,0.493465,0.491951,0.49031,0.488591,0.486857,0.485178,0.483627,0.48228,0.481203,0.480452,0.480066,0.480066,0.480452,0.481203,0.48228,0.483627,0.485178,0.486857,0.488591,0.49031,0.491951,0.493465,0.494817,0.495987,0.496969,0.497767,0.498397,0.498879,0.499237,0.499494,0.499674,0.499796,0.499876,0.499927,0.499958,0.499977,0.499987,0.499993,0.499997,0.499998,0.499999,0.499999,0.499999
0.5,0.5,0.5,0.499999,0.499998,0.499996,0.499993,0.499987,0.499977,0.499959,0.49993,0.499884,0.499814,0.499709,0.499557,0.499346,0.499058,0.498679,0.498196,0.497597,0.496878,0.49604,0.495096,0.494067,0.492982,0.49188,0.490809,0.489815,0.488948,0.488253,0.487767,0.487517,0.487517,0.487767,0.488253,0.488948,0.489815,0.490809,0.49188,0.492982,0.494067,0.495096,0.49604,0.496878,0.497597,0.498196,0.498679,0.499058,0.499346,0.499557,0.499709,0.499814,0.499884,0.49993,0.499959,0.499977,0.499987,0.499993,0.499996,0.499998,0.499999,0.5,0.5,0.5
0.5,0.5,0.5,0.5,0.499999,0.499998,0.499996,0.499993,0.499987,0.499978,0.499962,0.499936,0.499897,0.499837,0.499751,0.49963,0.499464,0.499243,0.49896,0.498606,0.498179,0.497677,0.497109,0.496484,0.495823,0.495148,0.494488,0.493874,0.493337,0.492904,0.492601,0.492446,0.492446,0.492601,0.492904,0.493337,0.493874,0.494488,0.495148,0.495823,0.496484,0.497109,0.497677,0.498179,0.498606,0.49896,0.499243,0.499464,0.49963,0.499751,0.499837,0.499897,0.499936,0.499962,0.499978,0.499987,0.499993,0.499996,0.499998,0.499999,0.5,0.5,0.5,0.5
0.5,0.5,0.5,0.5,0.499999,0.499999,0.499998,0.499996,0.499993,0.499988,0.49998,0.499966,0.499944,0.499912,0.499864,0.499797,0.499704,0.49958,0.499419,0.499217,0.498971,0.498681,0.498349,0.497984,0.497594,0.497195,0.496802,0.496436,0.496114,0.495855,0.495673,0.495579,0.495579,0.495673,0.495855,0.496114,0.496436,0.496802,0.497195,0.497594,0.497984,0.498349,0.498681,0.498971,0.499217,0.499419,0.49958,0.499704,0.499797,0.499864,0.499912,0.499944,0.499966,0.49998,0.499988,0.499993,0.499996,0.499998,0.499999,0.499999,0.5,0.5,0.5,0.5
0.5,0.5,0.5,0.5,0.5,0.499999,0.499999,0.499998,0.499997,0.499994,0.499989,0.499982,0.499971,0.499954,0.499928,0.499892,0.499841,0.499773,0.499685,0.499572,0.499435,0.499272,0.499085,0.498877,0.498655,0.498426,0.4982,0.497988,0.497802,0.497651,0.497545,0.49749,0.49749,0.497545,0.497651,0.497802,0.497988,0.4982,0.498426,0.498655,0.498877,0.499085,0.499272,0.499435,0.499572,0.499685,0.499773,0.499841,0.499892,0.499928,0.499954,0.499971,0.499982,0.499989,0.499994,0.499997,0.499998,0.499999,0.499999,0.5,0.5,0.5,0.5,0.5
0.5,0.5,0.5,0.5,0.5,0.5,0.5,0.499999,0.499998,0.499997,0.499995,0.499991,0.499985,0.499976,0.499963,0.499943,0.499916,0.49988,0.499832,0.499771,0.499696,0.499606,0.499502,0.499386,0.499262,0.499133,0.499005,0.498885,0.498779,0.498693,0.498633,0.498601,0.498601,0.498633,0.498693,0.498779,0.498885,0.499005,0.499133,0.499262,0.499386,0.499502,0.499606,0.499696,0.499771,0.499832,0.49988,0.499916,0.499943,0.499963,0.499976,0.499985,0.499991,0.499995,0.499997,0.499998,0.499999,0.5,0.5,0.5,0.5,0.5,0.5,0.5
0.5,0.5,0.5,0.5,0.5,0.5,0.5,0.5,0.499999,0.499998,0.499997,0.499995,0.499992,0.499987,0.49998,0.49997,0.499955,0.499935,0.499908,0.499874,0.499832,0.499781,0.499722,0.499655,0.499583,0.499509,0.499435,0.499365,0.499303,0.499252,0.499217,0.499198,0.499198,0.499217,0.499252,0.499303,0.499365,0.499435,0.499509,0.499583,0.499655,0.499722,0.499781,0.499832,0.499874,0.499908,0.499935,0.499955,0.49997,0.49998,0.499987,0.499992,0.499995,0.499997,0.499998,0.499999,0.5,0.5,0.5,0.5,0.5,0.5,0.5,0.5
0.5,0.5,0.5,0.5,0.5,0.5,0.5,0.5,0.499999,0.499999,0.499998,0.499997,0.499995,0.499992,0.499987,0.49998,0.499971,0.499958,0.49994,0.499917,0.499889,0.499855,0.499815,0.49977,0.499721,0.49967,0.499619,0.499571,0.499528,0.499493,0.499469,0.499456,0.499456,0.499469,0.499493,0.499528,0.499571,0.499619,0.49967,0.499721,0.49977,0.499815,0.499855,0.499889,0.499917,0.49994,0.499958,0.499971,0.49998,0.499987,0.499992,0.499995,0.499997,0.499998,0.499999,0.499999,0.5,0.5,0.5,0.5,0.5,0.5,0.5,0.5
0.5,0.5,0.5,0.5,0.5,0.5,0.5,0.5,0.499999,0.499999,0.499998,0.499997,0.499995,0.499992,0.499987,0.49998,0.499971,0.499958,0.49994,0.499917,0.499889,0.499855,0.499815,0.49977,0.499721,0.49967,0.499619,0.499571,0.499528,0.499493,0.499469,0.499456,0.499456,0.499469,0.499493,0.499528,0.499571,0.499619,0.49967,0.499721,0.49977,0.499815,0.499855,0.499889,0.499917,0.49994,0.499958,0.499971,0.49998,0.499987,0.499992,0.499995,0.499997,0.499998,0.499999,0.499999,0.5,0.5,0.5,0.5,0.5,0.5,0.5,0.5
