0.5,0.5,0.5,0.5,0.5,0.5,0.5,0.5,0.5,0.5,0.5,0.5,0.5,0.5,0.5,0.5,0.5,0.5,0.5,0.5,0.5,0.5,0.5,0.5,0.5,0.5,0.5,0.5,0.5,0.5,0.5,0.5,0.5,0.5,0.5,0.5,0.5,0.5,0.5,0.5,0.5,0.5,0.5,0.5,0.5,0.5,0.5,0.5,0.5,0.5,0.5,0.5,0.5,0.5,0.5,0.5,0.5,0.5,0.5,0.5,0.5,0.5,0.5,0.5
0.5,0.5,0.5,0.5,0.5,0.5,0.5,0.5,0.5,0.5,0.5,0.5,0.5,0.5,0.5,0.5,0.5,0.5,0.5,0.5,0.5,0.5,0.5,0.5,0.5,0.5,0.5,0.5,0.5,0.5,0.5,0.5,0.5,0.5,0.5,0.5,0.5,0.5,0.5,0.5,0.5,0.5,0.5,0.5,0.5,0.5,0.5,0.5,0.5,0.5,0.5,0.5,0.5,0.5,0.5,0.5,0.5,0.5,0.5,0.5,0.5,0.5,0.5,0.5
0.5,0.5,0.5,0.5,0.5,0.5,0.5,0.5,0.5,0.5,0.5,0.5,0.5,0.5,0.5,0.5,0.5,0.5,0.5,0.5,0.5,0.5,0.5,0.5,0.5,0.5,0.5,0.5,0.5,0.499999,0.499999,0.499999,0.499999,0.499999,0.499999,0.5,0.5,0.5,0.5,0.5,0.5,0.5,0.5,0.5,0.5,0.5,0.5,0.5,0.5,0.5,0.5,0.5,0.5,0.5,0.5,0.5,0.5,0.5,0.5,0.5,0.5,0.5,0.5,0.5
0.5,0.5,0.5,0.5,0.5,0.5,0.5,0.5,0.5,0.5,0.5,0.5,0.5,0.5,0.5,0.5,0.5,0.5,0.5,0.5,0.5,0.5,0.5,0.5,0.499999,0.499999,0.499999,0.499999,0.499999,0.499999,0.499999,0.499999,0.499999,0.499999,0.499999,0.499999,0.499999,0.499999,0.499999,0.499999,0.5,0.5,0.5,0.5,0.5,0.5,0.5,0.5,0.5,0.5,0.5,0.5,0.5,0.5,0.5,0.5,0.5,0.5,0.5,0.5,0.5,0.5,0.5,0.5
0.5,0.5,0.5,0.5,0.5,0.5,0.5,0.5,0.5,0.5,0.5,0.5,0.5,0.5,0.5,0.5,0.5,0.5,0.5,0.5,0.5,0.499999,0.499999,0.499999,0.499999,0.499998,0.499998,0.499997,0.499997,0.499997,0.499996,0.499996,0.499996,0.499996,0.499997,0.499997,0.499997,0.499998,0.499998,0.499999,0.499999,0.499999,0.499999,0.5,0.5,0.5,0.5,0.5,0.5,0.5,0.5,0.5,0.5,0.5,0.5,0.5,0.5,0.5,0.5,0.5,0.5,0.5,0.5,0.5
0.5,0.5,0.5,0.5,0.5,0.5,0.5,0.5,0.5,0.5,0.5,0.5,0.5,0.5,0.5,0.5,0.5,0.5,0.5,0.499999,0.499999,0.499999,0.499998,0.499997,0.499996,0.499995,0.499994,0.499993,0.499992,0.499991,0.499991,0.499991,0.499991,0.499991,0.499991,0.499992,0.499993,0.499994,0.499995,0.499996,0.499997,0.499998,0.499999,0.499999,0.499999,0.5,0.5,0.5,0.5,0.5,0.5,0.5,0.5,0.5,0.5,0.5,0.5,0.5,0.5,0.5,0.5,0.5,0.5,0.5
0.5,0.5,0.5,0.5,0.5,0.5,0.5,0.5,0.5,0.5,0.5,0.5,0.5,0.5,0.5,0.5,0.5,0.499999,0.499999,0.499998,0.499998,0.499997,0.499995,0.499993,0.499991,0.499989,0.499986,0.499984,0.499982,0.49998,0.499978,0.499977,0.499977,0.499978,0.49998,0.499982,0.499984,0.499986,0.499989,0.499991,0.499993,0.499995,0.499997,0.499998,0.499998,0.499999,0.499999,0.5,0.5,0.5,0.5,0.5,0.5,0.5,0.5,0.5,0.5,0.5,0.5,0.5,0.5,0.5,0.5,0.5
0.5,0.5,0.5,0.5,0.5,0.5,0.5,0.5,0.5,0.5,0.5,0.5,0.5,0.5,0.5,0.499999,0.499999,0.499999,0.499998,0.499996,0.499994,0.499992,0.499989,0.499985,0.49998,0.499975,0.499969,0.499963,0.499958,0.499953,0.49995,0.499948,0.499948,0.49995,0.499953,0.499958,0.499963,0.499969,0.499975,0.49998,0.499985,0.499989,0.499992,0.499994,0.499996,0.499998,0.499999,0.499999,0.499999,0.5,0.5,0.5,0.5,0.5,0.5,0.5,0.5,0.5,0.5,0.5,0.5,0.5,0.5,0.5
0.5,0.5,0.5,0.5,0.5,0.5,0.5,0.5,0.5,0.5,0.5,0.5,0.5,0.5,0.499999,0.499999,0.499998,0.499997,0.499995,0.499992,0.499988,0.499982,0.499975,0.499966,0.499955,0.499943,0.499931,0.499918,0.499906,0.499896,0.499889,0.499885,0.499885,0.499889,0.499896,0.499906,0.499918,0.499931,0.499943,0.499955,0.499966,0.499975,0.499982,0.499988,0.499992,0.499995,0.499997,0.499998,0.499999,0.499999,0.5,0.5,0.5,0.5,0.5,0.5,0.5,0.5,0.5,0.5,0.5,0.5,0.5,0.5
0.5,0.5,0.5,0.5,0.5,0.5,0.5,0.5,0.5,0.5,0.5,0.5,0.5,0.499999,0.499999,0.499998,0.499996,0.499993,0.499989,0.499982,0.499973,0.499961,0.499946,0.499927,0.499904,0.499879,0.499852,0.499825,0.499799,0.499778,0.499763,0.499755,0.499755,0.499763,0.499778,0.499799,0.499825,0.499852,0.499879,0.499904,0.499927,0.499946,0.499961,0.499973,0.499982,0.499989,0.499993,0.499996,0.499998,0.499999,0.499999,0.5,0.5,0.5,0.5,0.5,0.5,0.5,0.5,0.5,0.5,0.5,0.5,0.5
0.5,0.5,0.5,0.5,0.5,0.5,0.5,0.5,0.5,0.5,0.5,0.5,0.499999,0.499998,0.499997,0.499995,0.499991,0.499985,0.499976,0.499963,0.499945,0.49992,0.499888,0.499848,0.499801,0.499749,0.499693,0.499638,0.499586,0.499542,0.499511,0.499494,0.499494,0.499511,0.499542,0.499586,0.499638,0.499693,0.499749,0.499801,0.499848,0.499888,0.49992,0.499945,0.499963,0.499976,0.499985,0.499991,0.499995,0.499997,0.499998,0.499999,0.5,0.5,0.5,0.5,0.5,0.5,0.5,0.5,0.5,0.5,0.5,0.5
0.5,0.5,0.5,0.5,0.5,0.5,0.5,0.5,0.5,0.5,0.5,0.499999,0.499998,0.499997,0.499994,0.499989,0.499982,0.49997,0.499952,0.499925,0.499888,0.499839,0.499775,0.499696,0.499603,0.499499,0.499388,0.499278,0.499176,0.49909,0.499027,0.498994,0.498994,0.499027,0.49909,0.499176,0.499278,0.499388,0.499499,0.499603,0.499696,0.499775,0.499839,0.499888,0.499925,0.499952,0.49997,0.499982,0.499989,0.499994,0.499997,0.499998,0.499999,0.5,0.5,0.5,0.5,0.5,0.5,0.5,0.5,0.5,0.5,0.5
0.5,0.5,0.5,0.5,0.5,0.5,0.5,0.5,0.5,0.5,0.499999,0.499998,0.499997,0.499994,0.499988,0.499979,0.499965,0.499941,0.499906,0.499855,0.499783,0.499688,0.499564,0.499413,0.499235,0.499035,0.498823,0.498612,0.498417,0.498252,0.498133,0.498071,0.498071,0.498133,0.498252,0.498417,0.498612,0.498823,0.499035,0.499235,0.499413,0.499564,0.499688,0.499783,0.499855,0.499906,0.499941,0.499965,0.499979,0.499988,0.499994,0.499997,0.499998,0.499999,0.5,0.5,0.5,0.5,0.5,0.5,0.5,0.5,0.5,0.5
0.5,0.5,0.5,0.5,0.5,0.5,0.5,0.5,0.5,0.499999,0.499998,0.499997,0.499994,0.499988,0.499978,0.499961,0.499933,0.499889,0.499823,0.499728,0.499594,0.499416,0.499187,0.498906,0.498575,0.498206,0.497816,0.497426,0.497066,0.496763,0.496544,0.496429,0.496429,0.496544,0.496763,0.497066,0.497426,0.497816,0.498206,0.498575,0.498906,0.499187,0.499416,0.499594,0.499728,0.499823,0.499889,0.499933,0.499961,0.499978,0.499988,0.499994,0.499997,0.499998,0.499999,0.5,0.5,0.5,0.5,0.5,0.5,0.5,0.5,0.5
0.5,0.5,0.5,0.5,0.5,0.5,0.5,0.5,0.499999,0.499999,0.499997,0.499994,0.499988,0.499978,0.49996,0.499928,0.499878,0.499799,0.49968,0.499507,0.499267,0.498946,0.498535,0.498031,0.497441,0.496783,0.496086,0.495393,0.494752,0.494214,0.493826,0.493622,0.493622,0.493826,0.494214,0.494752,0.495393,0.496086,0.496783,0.497441,0.498031,0.498535,0.498946,0.499267,0.499507,0.49968,0.499799,0.499878,0.499928,0.49996,0.499978,0.499988,0.499994,0.499997,0.499999,0.499999,0.5,0.5,0.5,0.5,0.5,0.5,0.5,0.5
0.5,0.5,0.5,0.5,0.5,0.5,0.5,0.499999,0.499999,0.499998,0.499995,0.499989,0.499979,0.499961,0.499928,0.499874,0.499785,0.499647,0.499438,0.499137,0.49872,0.498163,0.497451,0.496581,0.495562,0.494428,0.493231,0.49204,0.490941,0.490019,0.489353,0.489004,0.489004,0.489353,0.490019,0.490941,0.49204,0.493231,0.494428,0.495562,0.496581,0.497451,0.498163,0.49872,0.499137,0.499438,0.499647,0.499785,0.499874,0.499928,0.499961,0.499979,0.499989,0.499995,0.499998,0.499999,0.499999,0.5,0.5,0.5,0.5,0.5,0.5,0.5
0.5,0.5,0.5,0.5,0.5,0.5,0.5,0.499999,0.499998,0.499996,0.499991,0.499982,0.499965,0.499933,0.499878,0.499785,0.499635,0.499401,0.499049,0.498543,0.497841,0.496909,0.495719,0.494265,0.492569,0.490684,0.488695,0.486722,0.484901,0.483376,0.482275,0.481698,0.481698,0.482275,0.483376,0.484901,0.486722,0.488695,0.490684,0.492569,0.494265,0.495719,0.496909,0.497841,0.498543,0.499049,0.499401,0.499635,0.499785,0.499878,0.499933,0.499965,0.499982,0.499991,0.499996,0.499998,0.499999,0.5,0.5,0.5,0.5,0.5,0.5,0.5
0.5,0.5,0.5,0.5,0.5,0.5,0.499999,0.499999,0.499997,0.499993,0.499985,0.49997,0.499941,0.499889,0.499799,0.499647,0.499401,0.499018,0.498446,0.497622,0.496484,0.494975,0.493053,0.490711,0.487983,0.484955,0.481767,0.478608,0.475697,0.47326,0.471503,0.470583,0.470583,0.471503,0.47326,0.475697,0.478608,0.481767,0.484955,0.487983,0.490711,0.493053,0.494975,0.496484,0.497622,0.498446,0.499018,0.499401,0.499647,0.499799,0.499889,0.499941,0.49997,0.499985,0.499993,0.499997,0.499999,0.499999,0.5,0.5,0.5,0.5,0.5,0.5
0.5,0.5,0.5,0.5,0.5,0.5,0.499999,0.499998,0.499995,0.499989,0.499976,0.499952,0.499906,0.499823,0.49968,0.499438,0.499049,0.498446,0.497545,0.496251,0.494468,0.492108,0.48911,0.485463,0.481224,0.476527,0.471591,0.466707,0.462211,0.458452,0.455743,0.454324,0.454324,0.455743,0.458452,0.462211,0.466707,0.471591,0.476527,0.481224,0.485463,0.48911,0.492108,0.494468,0.496251,0.497545,0.498446,0.499049,0.499438,0.49968,0.499823,0.499906,0.499952,0.499976,0.499989,0.499995,0.499998,0.499999,0.5,0.5,0.5,0.5,0.5,0.5
0.5,0.5,0.5,0.5,0.5,0.499999,0.499998,0.499996,0.499992,0.499982,0.499963,0.499925,0.499855,0.499728,0.499507,0.499137,0.498543,0.497622,0.496251,0.494289,0.491588,0.488021,0.483501,0.478014,0.471649,0.464609,0.457225,0.449927,0.443219,0.437616,0.433581,0.431469,0.431469,0.433581,0.437616,0.443219,0.449927,0.457225,0.464609,0.471649,0.478014,0.483501,0.488021,0.491588,0.494289,0.496251,0.497622,0.498543,0.499137,0.499507,0.499728,0.499855,0.499925,0.499963,0.499982,0.499992,0.499996,0.499998,0.499999,0.5,0.5,0.5,0.5,0.5
0.5,0.5,0.5,0.5,0.5,0.499999,0.499998,0.499994,0.499988,0.499973,0.499945,0.499888,0.499783,0.499594,0.499267,0.49872,0.497841,0.496484,0.494468,0.491588,0.487635,0.482424,0.475835,0.467855,0.458615,0.448417,0.437736,0.427198,0.417523,0.40945,0.403642,0.400602,0.400602,0.403642,0.40945,0.417523,0.427198,0.437736,0.448417,0.458615,0.467855,0.475835,0.482424,0.487635,0.491588,0.494468,0.496484,0.497841,0.49872,0.499267,0.499594,0.499783,0.499888,0.499945,0.499973,0.499988,0.499994,0.499998,0.499999,0.5,0.5,0.5,0.5,0.5
0.5,0.5,0.5,0.5,0.499999,0.499999,0.499997,0.499992,0.499982,0.499961,0.49992,0.499839,0.499688,0.499416,0.498946,0.498163,0.496909,0.494975,0.492108,0.488021,0.482424,0.475063,0.465776,0.454551,0.44158,0.427291,0.412352,0.397635,0.384142,0.372893,0.364807,0.360578,0.360578,0.364807,0.372893,0.384142,0.397635,0.412352,0.427291,0.44158,0.454551,0.465776,0.475063,0.482424,0.488021,0.492108,0.494975,0.496909,0.498163,0.498946,0.499416,0.499688,0.499839,0.49992,0.499961,0.499982,0.499992,0.499997,0.499999,0.499999,0.5,0.5,0.5,0.5
0.5,0.5,0.5,0.5,0.499999,0.499998,0.499995,0.499989,0.499975,0.499946,0.499888,0.499775,0.499564,0.499187,0.498535,0.497451,0.495719,0.493053,0.48911,0.483501,0.475835,0.465776,0.453112,0.437837,0.42022,0.400849,0.380632,0.360746,0.342538,0.327374,0.316483,0.310788,0.310788,0.316483,0.327374,0.342538,0.360746,0.380632,0.400849,0.42022,0.437837,0.453112,0.465776,0.475835,0.483501,0.48911,0.493053,0.495719,0.497451,0.498535,0.499187,0.499564,0.499775,0.499888,0.499946,0.499975,0.499989,0.499995,0.499998,0.499999,0.5,0.5,0.5,0.5
0.5,0.5,0.5,0.5,0.499999,0.499997,0.499993,0.499985,0.499966,0.499927,0.499848,0.499696,0.499413,0.498906,0.498031,0.496581,0.494265,0.490711,0.485463,0.478014,0.467855,0.454551,0.437837,0.417716,0.394557,0.369138,0.342653,0.316641,0.292853,0.273064,0.258862,0.25144,0.25144,0.258862,0.273064,0.292853,0.316641,0.342653,0.369138,0.394557,0.417716,0.437837,0.454551,0.467855,0.478014,0.485463,0.490711,0.494265,0.496581,0.498031,0.498906,0.499413,0.499696,0.499848,0.499927,0.499966,0.499985,0.499993,0.499997,0.499999,0.5,0.5,0.5,0.5
0.5,0.5,0.5,0.499999,0.499999,0.499996,0.499991,0.49998,0.499955,0.499904,0.499801,0.499603,0.499235,0.498575,0.497441,0.495562,0.492569,0.487983,0.481224,0.471649,0.458615,0.44158,0.42022,0.394557,0.365071,0.332766,0.29916,0.266203,0.236101,0.211085,0.193144,0.183773,0.183773,0.193144,0.211085,0.236101,0.266203,0.29916,0.332766,0.365071,0.394557,0.42022,0.44158,0.458615,0.471649,0.481224,0.487983,0.492569,0.495562,0.497441,0.498575,0.499235,0.499603,0.499801,0.499904,0.499955,0.49998,0.499991,0.499996,0.499999,0.499999,0.5,0.5,0.5
0.5,0.5,0.5,0.499999,0.499998,0.499995,0.499989,0.499975,0.499943,0.499879,0.499749,0.499499,0.499035,0.498206,0.496783,0.494428,0.490684,0.484955,0.476527,0.464609,0.448417,0.427291,0.400849,0.369138,0.332766,0.292981,0.251658,0.211188,0.174268,0.143615,0.121647,0.110177,0.110177,0.121647,0.143615,0.174268,0.211188,0.251658,0.292981,0.332766,0.369138,0.400849,0.427291,0.448417,0.464609,0.476527,0.484955,0.490684,0.494428,0.496783,0.498206,0.499035,0.499499,0.499749,0.499879,0.499943,0.499975,0.499989,0.499995,0.499998,0.499999,0.5,0.5,0.5
0.5,0.5,0.5,0.499999,0.499998,0.499994,0.499986,0.499969,0.499931,0.499852,0.499693,0.499388,0.498823,0.497816,0.496086,0.493231,0.488695,0.481767,0.471591,0.457225,0.437736,0.412352,0.380632,0.342653,0.29916,0.251658,0.202389,0.154196,0.110279,0.0738485,0.0477573,0.0341402,0.0341402,0.0477573,0.0738485,0.110279,0.154196,0.202389,0.251658,0.29916,0.342653,0.380632,0.412352,0.437736,0.457225,0.471591,0.481767,0.488695,0.493231,0.496086,0.497816,0.498823,0.499388,0.499693,0.499852,0.499931,0.499969,0.499986,0.499994,0.499998,0.499999,0.5,0.5,0.5
0.5,0.5,0.5,0.499999,0.499997,0.499993,0.499984,0.499963,0.499918,0.499825,0.499638,0.499278,0.498612,0.497426,0.495393,0.49204,0.486722,0.478608,0.466707,0.449927,0.427198,0.397635,0.360746,0.316641,0.266203,0.211188,0.154196,0.0985122,0.0478169,0.00579766,-0.0242791,-0.0399706,-0.0399706,-0.0242791,0.00579766,0.0478169,0.0985122,0.154196,0.211188,0.266203,0.316641,0.360746,0.397635,0.427198,0.449927,0.466707,0.478608,0.486722,0.49204,0.495393,0.497426,0.498612,0.499278,0.499638,0.499825,0.499918,0.499963,0.499984,0.499993,0.499997,0.499999,0.5,0.5,0.5
0.5,0.5,0.5,0.499999,0.499997,0.499992,0.499982,0.499958,0.499906,0.499799,0.499586,0.499176,0.498417,0.497066,0.494752,0.490941,0.484901,0.475697,0.462211,0.443219,0.417523,0.384142,0.342538,0.292853,0.236101,0.174268,0.110279,0.0478169,-0.00900275,-0.056067,-0.0897383,-0.1073,-0.1073,-0.0897383,-0.056067,-0.00900275,0.0478169,0.110279,0.174268,0.236101,0.292853,0.342538,0.384142,0.417523,0.443219,0.462211,0.475697,0.484901,0.490941,0.494752,0.497066,0.498417,0.499176,0.499586,0.499799,0.499906,0.499958,0.499982,0.499992,0.499997,0.499999,0.5,0.5,0.5
0.5,0.5,0.499999,0.499999,0.499997,0.499991,0.49998,0.499953,0.499896,0.499778,0.499542,0.49909,0.498252,0.496763,0.494214,0.490019,0.483376,0.47326,0.458452,0.437616,0.40945,0.372893,0.327374,0.273064,0.211085,0.143615,0.0738485,0.00579766,-0.056067,-0.107283,-0.143911,-0.16301,-0.16301,-0.143911,-0.107283,-0.056067,0.00579766,0.0738485,0.143615,0.211085,0.273064,0.327374,0.372893,0.40945,0.437616,0.458452,0.47326,0.483376,0.490019,0.494214,0.496763,0.498252,0.49909,0.499542,0.499778,0.499896,0.499953,0.49998,0.499991,0.499997,0.499999,0.499999,0.5,0.5
0.5,0.5,0.499999,0.499999,0.499996,0.499991,0.499978,0.49995,0.499889,0.499763,0.499511,0.499027,0.498133,0.496544,0.493826,0.489353,0.482275,0.471503,0.455743,0.433581,0.403642,0.364807,0.316483,0.258862,0.193144,0.121647,0.0477573,-0.0242791,-0.0897383,-0.143911,-0.182643,-0.202836,-0.202836,-0.182643,-0.143911,-0.0897383,-0.0242791,0.0477573,0.121647,0.193144,0.258862,0.316483,0.364807,0.403642,0.433581,0.455743,0.471503,0.482275,0.489353,0.493826,0.496544,0.498133,0.499027,0.499511,0.499763,0.499889,0.49995,0.499978,0.499991,0.499996,0.499999,0.499999,0.5,0.5
0.5,0.5,0.499999,0.499999,0.499996,0.499991,0.499977,0.499948,0.499885,0.499755,0.499494,0.498994,0.498071,0.496429,0.493622,0.489004,0.481698,0.470583,0.454324,0.431469,0.400602,0.360578,0.310788,0.25144,0.183773,0.110177,0.0341402,-0.0399706,-0.1073,-0.16301,-0.202836,-0.223597,-0.223597,-0.202836,-0.16301,-0.1073,-0.0399706,0.0341402,0.110177,0.183773,0.25144,0.310788,0.360578,0.400602,0.431469,0.454324,0.470583,0.481698,0.489004,0.493622,0.496429,0.498071,0.498994,0.499494,0.499755,0.499885,0.499948,0.499977,0.499991,0.499996,0.499999,0.499999,0.5,0.5
0.5,0.5,0.499999,0.499999,0.499996,0.499991,0.499977,0.499948,0.499885,0.499755,0.499494,0.498994,0.498071,0.496429,0.493622,0.489004,0.481698,0.470583,0.454324,0.431469,0.400602,0.360578,0.310788,0.25144,0.183773,0.110177,0.0341402,-0.0399706,-0.1073,-0.16301,-0.202836,-0.223597,-0.223597,-0.202836,-0.16301,-0.1073,-0.0399706,0.0341402,0.110177,0.183773,0.25144,0.310788,0.360578,0.400602,0.431469,0.454324,0.470583,0.481698,0.489004,0.493622,0.496429,0.498071,0.498994,0.499494,0.499755,0.499885,0.499948,0.499977,0.499991,0.499996,0.499999,0.499999,0.5,0.5
0.5,0.5,0.499999,0.499999,0.499996,0.499991,0.499978,0.49995,0.499889,0.499763,0.499511,0.499027,0.498133,0.496544,0.493826,0.489353,0.482275,0.471503,0.455743,0.433581,0.403642,0.364807,0.316483,0.258862,0.193144,0.121647,0.0477573,-0.0242791,-0.0897383,-0.143911,-0.182643,-0.202836,-0.202836,-0.182643,-0.143911,-0.0897383,-0.0242791,0.0477573,0.121647,0.193144,0.258862,0.316483,0.364807,0.403642,0.433581,0.455743,0.471503,0.482275,0.489353,0.493826,0.496544,0.498133,0.499027,0.499511,0.499763,0.499889,0.49995,0.499978,0.499991,0.499996,0.499999,0.499999,0.5,0.5
0.5,0.5,0.499999,0.499999,0.499997,0.499991,0.49998,0.499953,0.499896,0.499778,0.499542,0.49909,0.498252,0.496763,0.494214,0.490019,0.483376,0.47326,0.458452,0.437616,0.40945,0.372893,0.327374,0.273064,0.211085,0.143615,0.0738485,0.00579766,-0.056067,-0.107283,-0.143911,-0.16301,-0.16301,-0.143911,-0.107283,-0.056067,0.00579766,0.0738485,0.143615,0.211085,0.273064,0.327374,0.372893,0.40945,0.437616,0.458452,0.47326,0.483376,0.490019,0.494214,0.496763,0.498252,0.49909,0.499542,0.499778,0.499896,0.499953,0.49998,0.499991,0.499997,0.499999,0.499999,0.5,0.5
0.5,0.5,0.5,0.499999,0.499997,0.499992,0.499982,0.499958,0.499906,0.499799,0.499586,0.499176,0.498417,0.497066,0.494752,0.490941,0.484901,0.475697,0.462211,0.443219,0.417523,0.384142,0.342538,0.292853,0.236101,0.174268,0.110279,0.0478169,-0.00900275,-0.056067,-0.0897383,-0.1073,-0.1073,-0.0897383,-0.056067,-0.00900275,0.0478169,0.110279,0.174268,0.236101,0.292853,0.342538,0.384142,0.417523,0.443219,0.462211,0.475697,0.484901,0.490941,0.494752,0.497066,0.498417,0.499176,0.499586,0.499799,0.499906,0.499958,0.499982,0.499992,0.499997,0.499999,0.5,0.5,0.5
0.5,0.5,0.5,0.499999,0.499997,0.499993,0.499984,0.499963,0.499918,0.499825,0.499638,0.499278,0.498612,0.497426,0.495393,0.49204,0.486722,0.478608,0.466707,0.449927,0.427198,0.397635,0.360746,0.316641,0.266203,0.211188,0.154196,0.0985122,0.0478169,0.00579766,-0.0242791,-0.0399706,-0.0399706,-0.0242791,0.00579766,0.0478169,0.0985122,0.154196,0.211188,0.266203,0.316641,0.360746,0.397635,0.427198,0.449927,0.466707,0.478608,0.486722,0.49204,0.495393,0.497426,0.498612,0.499278,0.499638,0.499825,0.499918,0.499963,0.499984,0.499993,0.499997,0.499999,0.5,0.5,0.5
0.5,0.5,0.5,0.499999,0.499998,0.499994,0.499986,0.499969,0.499931,0.499852,0.499693,0.499388,0.498823,0.497816,0.496086,0.493231,0.488695,0.481767,0.471591,0.457225,0.437736,0.412352,0.380632,0.342653,0.29916,0.251658,0.202389,0.154196,0.110279,0.0738485,0.0477573,0.0341402,0.0341402,0.0477573,0.0738485,0.110279,0.154196,0.202389,0.251658,0.29916,0.342653,0.380632,0.412352,0.437736,0.457225,0.471591,0.481767,0.488695,0.493231,0.496086,0.497816,0.498823,0.499388,0.499693,0.499852,0.499931,0.499969,0.499986,0.499994,0.499998,0.499999,0.5,0.5,0.5
0.5,0.5,0.5,0.499999,0.499998,0.499995,0.499989,0.499975,0.499943,0.499879,0.499749,0.499499,0.499035,0.498206,0.496783,0.494428,0.490684,0.484955,0.476527,0.464609,0.448417,0.427291,0.400849,0.369138,0.332766,0.292981,0.251658,0.211188,0.174268,0.143615,0.121647,0.110177,0.110177,0.121647,0.143615,0.174268,0.211188,0.251658,0.292981,0.332766,0.369138,0.400849,0.427291,0.448417,0.464609,0.476527,0.484955,0.490684,0.494428,0.496783,0.498206,0.499035,0.499499,0.499749,0.499879,0.499943,0.499975,0.499989,0.499995,0.499998,0.499999,0.5,0.5,0.5
0.5,0.5,0.5,0.499999,0.499999,0.499996,0.499991,0.49998,0.499955,0.499904,0.499801,0.499603,0.499235,0.498575,0.497441,0.495562,0.492569,0.487983,0.481224,0.471649,0.458615,0.44158,0.42022,0.394557,0.365071,0.332766,0.29916,0.266203,0.236101,0.211085,0.193144,0.183773,0.183773,0.193144,0.211085,0.236101,0.266203,0.29916,0.332766,0.365071,0.394557,0.42022,0.44158,0.458615,0.471649,0.481224,0.487983,0.492569,0.495562,0.497441,0.498575,0.499235,0.499603,0.499801,0.499904,0.499955,0.49998,0.499991,0.499996,0.499999,0.499999,0.5,0.5,0.5
0.5,0.5,0.5,0.5,0.499999,0.499997,0.499993,0.499985,0.499966,0.499927,0.499848,0.499696,0.499413,0.498906,0.498031,0.496581,0.494265,0.490711,0.485463,0.478014,0.467855,0.454551,0.437837,0.417716,0.394557,0.369138,0.342653,0.316641,0.292853,0.273064,0.258862,0.25144,0.25144,0.258862,0.273064,0.292853,0.316641,0.342653,0.369138,0.394557,0.417716,0.437837,0.454551,0.467855,0.478014,0.485463,0.490711,0.494265,0.496581,0.498031,0.498906,0.499413,0.499696,0.499848,0.499927,0.499966,0.499985,0.499993,0.499997,0.499999,0.5,0.5,0.5,0.5
0.5,0.5,0.5,0.5,0.499999,0.499998,0.499995,0.499989,0.499975,0.499946,0.499888,0.499775,0.499564,0.499187,0.498535,0.497451,0.495719,0.493053,0.48911,0.483501,0.475835,0.465776,0.453112,0.437837,0.42022,0.400849,0.380632,0.360746,0.342538,0.327374,0.316483,0.310788,0.310788,0.316483,0.327374,0.342538,0.360746,0.380632,0.400849,0.42022,0.437837,0.453112,0.465776,0.475835,0.483501,0.48911,0.493053,0.495719,0.497451,0.498535,0.499187,0.499564,0.499775,0.499888,0.499946,0.499975,0.499989,0.499995,0.499998,0.499999,0.5,0.5,0.5,0.5
0.5,0.5,0.5,0.5,0.499999,0.499999,0.499997,0.499992,0.499982,0.499961,0.49992,0.499839,0.499688,0.499416,0.498946,0.498163,0.496909,0.494975,0.492108,0.488021,0.482424,0.475063,0.465776,0.454551,0.44158,0.427291,0.412352,0.397635,0.384142,0.372893,0.364807,0.360578,0.360578,0.364807,0.372893,0.384142,0.397635,0.412352,0.427291,0.44158,0.454551,0.465776,0.475063,0.482424,0.488021,0.492108,0.494975,0.496909,0.498163,0.498946,0.499416,0.499688,0.499839,0.49992,0.499961,0.499982,0.499992,0.499997,0.499999,0.499999,0.5,0.5,0.5,0.5
0.5,0.5,0.5,0.5,0.5,0.499999,0.499998,0.499994,0.499988,0.499973,0.499945,0.499888,0.499783,0.499594,0.499267,0.49872,0.497841,0.496484,0.494468,0.491588,0.487635,0.482424,0.475835,0.467855,0.458615,0.448417,0.437736,0.427198,0.417523,0.40945,0.403642,0.400602,0.400602,0.403642,0.40945,0.417523,0.427198,0.437736,0.448417,0.458615,0.467855,0.475835,0.482424,0.487635,0.491588,0.494468,0.496484,0.497841,0.49872,0.499267,0.499594,0.499783,0.499888,0.499945,0.499973,0.499988,0.499994,0.499998,0.499999,0.5,0.5,0.5,0.5,0.5
0.5,0.5,0.5,0.5,0.5,0.499999,0.499998,0.499996,0.499992,0.499982,0.499963,0.499925,0.499855,0.499728,0.499507,0.499137,0.498543,0.497622,0.496251,0.494289,0.491588,0.488021,0.483501,0.478014,0.471649,0.464609,0.457225,0.449927,0.443219,0.437616,0.433581,0.431469,0.431469,0.433581,0.437616,0.443219,0.449927,0.457225,0.464609,0.471649,0.478014,0.483501,0.488021,0.491588,0.494289,0.496251,0.497622,0.498543,0.499137,0.499507,0.499728,0.499855,0.499925,0.499963,0.499982,0.499992,0.499996,0.499998,0.499999,0.5,0.5,0.5,0.5,0.5
0.5,0.5,0.5,0.5,0.5,0.5,0.499999,0.499998,0.499995,0.499989,0.499976,0.499952,0.499906,0.499823,0.49968,0.499438,0.499049,0.498446,0.497545,0.496251,0.494468,0.492108,0.48911,0.485463,0.481224,0.476527,0.471591,0.466707,0.462211,0.458452,0.455743,0.454324,0.454324,0.455743,0.458452,0.462211,0.466707,0.471591,0.476527,0.481224,0.485463,0.48911,0.492108,0.494468,0.496251,0.497545,0.498446,0.499049,0.499438,0.49968,0.499823,0.499906,0.499952,0.499976,0.499989,0.499995,0.499998,0.499999,0.5,0.5,0.5,0.5,0.5,0.5
0.5,0.5,0.5,0.5,0.5,0.5,0.499999,0.499999,0.499997,0.499993,0.499985,0.49997,0.499941,0.499889,0.499799,0.499647,0.499401,0.499018,0.498446,0.497622,0.496484,0.494975,0.493053,0.490711,0.487983,0.484955,0.481767,0.478608,0.475697,0.47326,0.471503,0.470583,0.470583,0.471503,0.47326,0.475697,0.478608,0.481767,0.484955,0.487983,0.490711,0.493053,0.494975,0.496484,0.497622,0.498446,0.499018,0.499401,0.499647,0.499799,0.499889,0.499941,0.49997,0.499985,0.499993,0.499997,0.499999,0.499999,0.5,0.5,0.5,0.5,0.5,0.5
0.5,0.5,0.5,0.5,0.5,0.5,0.5,0.499999,0.499998,0.499996,0.499991,0.499982,0.499965,0.499933,0.499878,0.499785,0.499635,0.499401,0.499049,0.498543,0.497841,0.496909,0.495719,0.494265,0.492569,0.490684,0.488695,0.486722,0.484901,0.483376,0.482275,0.481698,0.481698,0.482275,0.483376,0.484901,0.486722,0.488695,0.490684,0.492569,0.494265,0.495719,0.496909,0.497841,0.498543,0.499049,0.499401,0.499635,0.499785,0.499878,0.499933,0.499965,0.499982,0.499991,0.499996,0.499998,0.499999,0.5,0.5,0.5,0.5,0.5,0.5,0.5
0.5,0.5,0.5,0.5,0.5,0.5,0.5,0.499999,0.499999,0.499998,0.499995,0.499989,0.499979,0.499961,0.499928,0.499874,0.499785,0.499647,0.499438,0.499137,0.49872,0.498163,0.497451,0.496581,0.495562,0.494428,0.493231,0.49204,0.490941,0.490019,0.489353,0.489004,0.489004,0.489353,0.490019,0.490941,0.49204,0.493231,0.494428,0.495562,0.496581,0.497451,0.498163,0.49872,0.499137,0.499438,0.499647,0.499785,0.499874,0.499928,0.499961,0.499979,0.499989,0.499995,0.499998,0.499999,0.499999,0.5,0.5,0.5,0.5,0.5,0.5,0.5
0.5,0.5,0.5,0.5,0.5,0.5,0.5,0.5,0.499999,0.499999,0.499997,0.499994,0.499988,0.499978,0.49996,0.499928,0.499878,0.499799,0.49968,0.499507,0.499267,0.498946,0.498535,0.498031,0.497441,0.496783,0.496086,0.495393,0.494752,0.494214,0.493826,0.493622,0.493622,0.493826,0.494214,0.494752,0.495393,0.496086,0.496783,0.497441,0.498031,0.498535,0.498946,0.499267,0.499507,0.49968,0.499799,0.499878,0.499928,0.49996,0.499978,0.499988,0.499994,0.499997,0.499999,0.499999,0.5,0.5,0.5,0.5,0.5,0.5,0.5,0.5
0.5,0.5,0.5,0.5,0.5,0.5,0.5,0.5,0.5,0.499999,0.499998,0.499997,0.499994,0.499988,0.499978,0.499961,0.499933,0.499889,0.499823,0.499728,0.499594,0.499416,0.499187,0.498906,0.498575,0.498206,0.497816,0.497426,0.497066,0.496763,0.496544,0.496429,0.496429,0.496544,0.496763,0.497066,0.497426,0.497816,0.498206,0.498575,0.498906,0.499187,0.499416,0.499594,0.499728,0.499823,0.499889,0.499933,0.499961,0.499978,0.499988,0.499994,0.499997,0.499998,0.499999,0.5,0.5,0.5,0.5,0.5,0.5,0.5,0.5,0.5
0.5,0.5,0.5,0.5,0.5,0.5,0.5,0.5,0.5,0.5,0.499999,0.499998,0.499997,0.499994,0.499988,0.499979,0.499965,0.499941,0.499906,0.499855,0.499783,0.499688,0.499564,0.499413,0.499235,0.499035,0.498823,0.498612,0.498417,0.498252,0.498133,0.498071,0.498071,0.498133,0.498252,0.498417,0.498612,0.498823,0.499035,0.499235,0.499413,0.499564,0.499688,0.499783,0.499855,0.499906,0.499941,0.499965,0.499979,0.499988,0.499994,0.499997,0.499998,0.499999,0.5,0.5,0.5,0.5,0.5,0.5,0.5,0.5,0.5,0.5
0.5,0.5,0.5,0.5,0.5,0.5,0.5,0.5,0.5,0.5,0.5,0.499999,0.499998,0.499997,0.499994,0.499989,0.499982,0.49997,0.499952,0.499925,0.499888,0.499839,0.499775,0.499696,0.499603,0.499499,0.499388,0.499278,0.499176,0.49909,0.499027,0.498994,0.498994,0.499027,0.49909,0.499176,0.499278,0.499388,0.499499,0.499603,0.499696,0.499775,0.499839,0.499888,0.499925,0.499952,0.49997,0.499982,0.499989,0.499994,0.499997,0.499998,0.499999,0.5,0.5,0.5,0.5,0.5,0.5,0.5,0.5,0.5,0.5,0.5
0.5,0.5,0.5,0.5,0.5,0.5,0.5,0.5,0.5,0.5,0.5,0.5,0.499999,0.499998,0.499997,0.499995,0.499991,0.499985,0.499976,0.499963,0.499945,0.49992,0.499888,0.499848,0.499801,0.499749,0.499693,0.499638,0.499586,0.499542,0.499511,0.499494,0.499494,0.499511,0.499542,0.499586,0.499638,0.499693,0.499749,0.499801,0.499848,0.499888,0.49992,0.499945,0.499963,0.499976,0.499985,0.499991,0.499995,0.499997,0.499998,0.499999,0.5,0.5,0.5,0.5,0.5,0.5,0.5,0.5,0.5,0.5,0.5,0.5
0.5,0.5,0.5,0.5,0.5,0.5,0.5,0.5,0.5,0.5,0.5,0.5,0.5,0.499999,0.499999,0.499998,0.499996,0.499993,0.499989,0.499982,0.499973,0.499961,0.499946,0.499927,0.499904,0.499879,0.499852,0.499825,0.499799,0.499778,0.499763,0.499755,0.499755,0.499763,0.499778,0.499799,0.499825,0.499852,0.499879,0.499904,0.499927,0.499946,0.499961,0.499973,0.499982,0.499989,0.499993,0.499996,0.499998,0.499999,0.499999,0.5,0.5,0.5,0.5,0.5,0.5,0.5,0.5,0.5,0.5,0.5,0.5,0.5
0.5,0.5,0.5,0.5,0.5,0.5,0.5,0.5,0.5,0.5,0.5,0.5,0.5,0.5,0.499999,0.499999,0.499998,0.499997,0.499995,0.499992,0.499988,0.499982,0.499975,0.499966,0.499955,0.499943,0.499931,0.499918,0.499906,0.499896,0.499889,0.499885,0.499885,0.499889,0.499896,0.499906,0.499918,0.499931,0.499943,0.499955,0.499966,0.499975,0.499982,0.499988,0.499992,0.499995,0.499997,0.499998,0.499999,0.499999,0.5,0.5,0.5,0.5,0.5,0.5,0.5,0.5,0.5,0.5,0.5,0.5,0.5,0.5
0.5,0.5,0.5,0.5,0.5,0.5,0.5,0.5,0.5,0.5,0.5,0.5,0.5,0.5,0.5,0.499999,0.499999,0.499999,0.499998,0.499996,0.499994,0.499992,0.499989,0.499985,0.49998,0.499975,0.499969,0.499963,0.499958,0.499953,0.49995,0.499948,0.499948,0.49995,0.499953,0.499958,0.499963,0.499969,0.499975,0.49998,0.499985,0.499989,0.499992,0.499994,0.499996,0.499998,0.499999,0.499999,0.499999,0.5,0.5,0.5,0.5,0.5,0.5,0.5,0.5,0.5,0.5,0.5,0.5,0.5,0.5,0.5
0.5,0.5,0.5,0.5,0.5,0.5,0.5,0.5,0.5,0.5,0.5,0.5,0.5,0.5,0.5,0.5,0.5,0.499999,0.499999,0.499998,0.499998,0.499997,0.499995,0.499993,0.499991,0.499989,0.499986,0.499984,0.499982,0.49998,0.499978,0.499977,0.499977,0.499978,0.49998,0.499982,0.499984,0.499986,0.499989,0.499991,0.499993,0.499995,0.499997,0.499998,0.499998,0.499999,0.499999,0.5,0.5,0.5,0.5,0.5,0.5,0.5,0.5,0.5,0.5,0.5,0.5,0.5,0.5,0.5,0.5,0.5
0.5,0.5,0.5,0.5,0.5,0.5,0.5,0.5,0.5,0.5,0.5,0.5,0.5,0.5,0.5,0.5,0.5,0.5,0.5,0.499999,0.499999,0.499999,0.499998,0.499997,0.499996,0.499995,0.499994,0.499993,0.499992,0.499991,0.499991,0.499991,0.499991,0.499991,0.499991,0.499992,0.499993,0.499994,0.499995,0.499996,0.499997,0.499998,0.499999,0.499999,0.499999,0.5,0.5,0.5,0.5,0.5,0.5,0.5,0.5,0.5,0.5,0.5,0.5,0.5,0.5,0.5,0.5,0.5,0.5,0.5
0.5,0.5,0.5,0.5,0.5,0.5,0.5,0.5,0.5,0.5,0.5,0.5,0.5,0.5,0.5,0.5,0.5,0.5,0.5,0.5,0.5,0.499999,0.499999,0.499999,0.499999,0.499998,0.499998,0.499997,0.499997,0.499997,0.499996,0.499996,0.499996,0.499996,0.499997,0.499997,0.499997,0.499998,0.499998,0.499999,0.499999,0.499999,0.499999,0.5,0.5,0.5,0.5,0.5,0.5,0.5,0.5,0.5,0.5,0.5,0.5,0.5,0.5,0.5,0.5,0.5,0.5,0.5,0.5,0.5
0.5,0.5,0.5,0.5,0.5,0.5,0.5,0.5,0.5,0.5,0.5,0.5,0.5,0.5,0.5,0.5,0.5,0.5,0.5,0.5,0.5,0.5,0.5,0.5,0.499999,0.499999,0.499999,0.499999,0.499999,0.499999,0.499999,0.499999,0.499999,0.499999,0.499999,0.499999,0.499999,0.499999,0.499999,0.499999,0.5,0.5,0.5,0.5,0.5,0.5,0.5,0.5,0.5,0.5,0.5,0.5,0.5,0.5,0.5,0.5,0.5,0.5,0.5,0.5,0.5,0.5,0.5,0.5
0.5,0.5,0.5,0.5,0.5,0.5,0.5,0.5,0.5,0.5,0.5,0.5,0.5,0.5,0.5,0.5,0.5,0.5,0.5,0.5,0.5,0.5,0.5,0.5,0.5,0.5,0.5,0.5,0.5,0.499999,0.499999,0.499999,0.499999,0.499999,0.499999,0.5,0.5,0.5,0.5,0.5,0.5,0.5,0.5,0.5,0.5,0.5,0.5,0.5,0.5,0.5,0.5,0.5,0.5,0.5,0.5,0.5,0.5,0.5,0.5,0.5,0.5,0.5,0.5,0.5
0.5,0.5,0.5,0.5,0.5,0.5,0.5,0.5,0.5,0.5,0.5,0.5,0.5,0.5,0.5,0.5,0.5,0.5,0.5,0.5,0.5,0.5,0.5,0.5,0.5,0.5,0.5,0.5,0.5,0.5,0.5,0.5,0.5,0.5,0.5,0.5,0.5,0.5,0.5,0.5,0.5,0.5,0.5,0.5,0.5,0.5,0.5,0.5,0.5,0.5,0.5,0.5,0.5,0.5,0.5,0.5,0.5,0.5,0.5,0.5,0.5,0.5,0.5,0.5
0.5,0.5,0.5,0.5,0.5,0.5,0.5,0.5,0.5,0.5,0.5,0.5,0.5,0.5,0.5,0.5,0.5,0.5,0.5,0.5,0.5,0.5,0.5,0.5,0.5,0.5,0.5,0.5,0.5,0.5,0.5,0.5,0.5,0.5,0.5,0.5,0.5,0.5,0.5,0.5,0.5,0.5,0.5,0.5,0.5,0.5,0.5,0.5,0.5,0.5,0.5,0.5,0.5,0.5,0.5,0.5,0.5,0.5,0.5,0.5,0.5,0.5,0.5,0.5
