0.5,0.5,0.5,0.5,0.5,0.5,0.5,0.5,0.5,0.5,0.5,0.5,0.5,0.5,0.5,0.5,0.5,0.5,0.5,0.5,0.5,0.5,0.5,0.5,0.5,0.5,0.5,0.5,0.5,0.5,0.5,0.5,0.5,0.5,0.5,0.5,0.5,0.5,0.5,0.5,0.5,0.5,0.5,0.5,0.5,0.5,0.5,0.5,0.5,0.5,0.5,0.5,0.5,0.5,0.5,0.5,0.5,0.5,0.5,0.5,0.5,0.5,0.5,0.5
0.5,0.5,0.5,0.5,0.5,0.5,0.5,0.5,0.5,0.5,0.5,0.5,0.5,0.5,0.5,0.5,0.5,0.5,0.5,0.5,0.5,0.5,0.5,0.5,0.5,0.5,0.5,0.5,0.5,0.5,0.5,0.5,0.5,0.5,0.5,0.5,0.5,0.5,0.5,0.5,0.5,0.5,0.5,0.5,0.5,0.5,0.5,0.5,0.5,0.5,0.5,0.5,0.5,0.5,0.5,0.5,0.5,0.5,0.5,0.5,0.5,0.5,0.5,0.5
0.5,0.5,0.5,0.5,0.5,0.5,0.5,0.5,0.5,0.5,0.5,0.5,0.5,0.5,0.5,0.5,0.5,0.5,0.5,0.5,0.5,0.5,0.5,0.5,0.5,0.5,0.5,0.5,0.5,0.5,0.5,0.5,0.5,0.5,0.5,0.5,0.5,0.5,0.5,0.5,0.5,0.5,0.5,0.5,0.5,0.5,0.5,0.5,0.5,0.5,0.5,0.5,0.5,0.5,0.5,0.5,0.5,0.5,0.5,0.5,0.5,0.5,0.5,0.5
0.5,0.5,0.5,0.5,0.5,0.5,0.5,0.5,0.5,0.5,0.5,0.5,0.5,0.5,0.5,0.5,0.5,0.5,0.5,0.5,0.5,0.5,0.5,0.5,0.5,0.5,0.5,0.5,0.5,0.5,0.5,0.5,0.5,0.5,0.5,0.5,0.5,0.5,0.5,0.5,0.5,0.5,0.5,0.5,0.5,0.5,0.5,0.5,0.5,0.5,0.5,0.5,0.5,0.5,0.5,0.5,0.5,0.5,0.5,0.5,0.5,0.5,0.5,0.5
0.5,0.5,0.5,0.5,0.5,0.5,0.5,0.5,0.5,0.5,0.5,0.5,0.5,0.5,0.5,0.5,0.5,0.5,0.5,0.5,0.5,0.5,0.5,0.5,0.5,0.5,0.5,0.5,0.5,0.5,0.5,0.5,0.5,0.5,0.5,0.5,0.5,0.5,0.5,0.5,0.5,0.5,0.5,0.5,0.5,0.5,0.5,0.5,0.5,0.5,0.5,0.5,0.5,0.5,0.5,0.5,0.5,0.5,0.5,0.5,0.5,0.5,0.5,0.5
0.5,0.5,0.5,0.5,0.5,0.5,0.5,0.5,0.5,0.5,0.5,0.5,0.5,0.5,0.5,0.5,0.5,0.5,0.5,0.5,0.5,0.5,0.5,0.5,0.5,0.5,0.5,0.499999,0.499999,0.499999,0.499999,0.499999,0.499999,0.499999,0.499999,0.499999,0.499999,0.5,0.5,0.5,0.5,0.5,0.5,0.5,0.5,0.5,0.5,0.5,0.5,0.5,0.5,0.5,0.5,0.5,0.5,0.5,0.5,0.5,0.5,0.5,0.5,0.5,0.5,0.5
0.5,0.5,0.5,0.5,0.5,0.5,0.5,0.5,0.5,0.5,0.5,0.5,0.5,0.5,0.5,0.5,0.5,0.5,0.5,0.5,0.5,0.5,0.5,0.5,0.499999,0.499999,0.499999,0.499999,0.499998,0.499998,0.499998,0.499998,0.499998,0.499998,0.499998,0.499998,0.499999,0.499999,0.499999,0.499999,0.5,0.5,0.5,0.5,0.5,0.5,0.5,0.5,0.5,0.5,0.5,0.5,0.5,0.5,0.5,0.5,0.5,0.5,0.5,0.5,0.5,0.5,0.5,0.5
0.5,0.5,0.5,0.5,0.5,0.5,0.5,0.5,0.5,0.5,0.5,0.5,0.5,0.5,0.5,0.5,0.5,0.5,0.5,0.5,0.5,0.499999,0.499999,0.499999,0.499998,0.499998,0.499997,0.499997,0.499996,0.499996,0.499995,0.499995,0.499995,0.499995,0.499996,0.499996,0.499997,0.499997,0.499998,0.499998,0.499999,0.499999,0.499999,0.5,0.5,0.5,0.5,0.5,0.5,0.5,0.5,0.5,0.5,0.5,0.5,0.5,0.5,0.5,0.5,0.5,0.5,0.5,0.5,0.5
0.5,0.5,0.5,0.5,0.5,0.5,0.5,0.5,0.5,0.5,0.5,0.5,0.5,0.5,0.5,0.5,0.5,0.5,0.5,0.499999,0.499999,0.499998,0.499998,0.499997,0.499996,0.499995,0.499993,0.499992,0.499991,0.49999,0.499989,0.499988,0.499988,0.499989,0.49999,0.499991,0.499992,0.499993,0.499995,0.499996,0.499997,0.499998,0.499998,0.499999,0.499999,0.5,0.5,0.5,0.5,0.5,0.5,0.5,0.5,0.5,0.5,0.5,0.5,0.5,0.5,0.5,0.5,0.5,0.5,0.5
0.5,0.5,0.5,0.5,0.5,0.5,0.5,0.5,0.5,0.5,0.5,0.5,0.5,0.5,0.5,0.5,0.5,0.499999,0.499999,0.499998,0.499998,0.499996,0.499995,0.499993,0.49999,0.499988,0.499984,0.499981,0.499978,0.499976,0.499974,0.499973,0.499973,0.499974,0.499976,0.499978,0.499981,0.499984,0.499988,0.49999,0.499993,0.499995,0.499996,0.499998,0.499998,0.499999,0.499999,0.5,0.5,0.5,0.5,0.5,0.5,0.5,0.5,0.5,0.5,0.5,0.5,0.5,0.5,0.5,0.5,0.5
0.5,0.5,0.5,0.5,0.5,0.5,0.5,0.5,0.5,0.5,0.5,0.5,0.5,0.5,0.5,0.5,0.499999,0.499999,0.499998,0.499997,0.499995,0.499992,0.499989,0.499984,0.499978,0.499972,0.499965,0.499958,0.499951,0.499946,0.499942,0.499939,0.499939,0.499942,0.499946,0.499951,0.499958,0.499965,0.499972,0.499978,0.499984,0.499989,0.499992,0.499995,0.499997,0.499998,0.499999,0.499999,0.5,0.5,0.5,0.5,0.5,0.5,0.5,0.5,0.5,0.5,0.5,0.5,0.5,0.5,0.5,0.5
0.5,0.5,0.5,0.5,0.5,0.5,0.5,0.5,0.5,0.5,0.5,0.5,0.5,0.5,0.5,0.499999,0.499998,0.499997,0.499995,0.499993,0.499989,0.499983,0.499975,0.499965,0.499953,0.49994,0.499925,0.49991,0.499895,0.499883,0.499874,0.499869,0.499869,0.499874,0.499883,0.499895,0.49991,0.499925,0.49994,0.499953,0.499965,0.499975,0.499983,0.499989,0.499993,0.499995,0.499997,0.499998,0.499999,0.5,0.5,0.5,0.5,0.5,0.5,0.5,0.5,0.5,0.5,0.5,0.5,0.5,0.5,0.5
0.5,0.5,0.5,0.5,0.5,0.5,0.5,0.5,0.5,0.5,0.5,0.5,0.5,0.5,0.499999,0.499998,0.499997,0.499994,0.499991,0.499985,0.499976,0.499964,0.499948,0.499928,0.499903,0.499875,0.499844,0.499812,0.499782,0.499757,0.499738,0.499729,0.499729,0.499738,0.499757,0.499782,0.499812,0.499844,0.499875,0.499903,0.499928,0.499948,0.499964,0.499976,0.499985,0.499991,0.499994,0.499997,0.499998,0.499999,0.5,0.5,0.5,0.5,0.5,0.5,0.5,0.5,0.5,0.5,0.5,0.5,0.5,0.5
0.5,0.5,0.5,0.5,0.5,0.5,0.5,0.5,0.5,0.5,0.5,0.5,0.5,0.499999,0.499998,0.499996,0.499993,0.499989,0.499981,0.499969,0.499952,0.499928,0.499896,0.499855,0.499806,0.499749,0.499687,0.499624,0.499564,0.499514,0.499477,0.499457,0.499457,0.499477,0.499514,0.499564,0.499624,0.499687,0.499749,0.499806,0.499855,0.499896,0.499928,0.499952,0.499969,0.499981,0.499989,0.499993,0.499996,0.499998,0.499999,0.5,0.5,0.5,0.5,0.5,0.5,0.5,0.5,0.5,0.5,0.5,0.5,0.5
0.5,0.5,0.5,0.5,0.5,0.5,0.5,0.5,0.5,0.5,0.5,0.5,0.499999,0.499998,0.499996,0.499993,0.499987,0.499978,0.499963,0.49994,0.499907,0.499861,0.499799,0.49972,0.499625,0.499515,0.499396,0.499275,0.499161,0.499063,0.498992,0.498954,0.498954,0.498992,0.499063,0.499161,0.499275,0.499396,0.499515,0.499625,0.49972,0.499799,0.499861,0.499907,0.49994,0.499963,0.499978,0.499987,0.499993,0.499996,0.499998,0.499999,0.5,0.5,0.5,0.5,0.5,0.5,0.5,0.5,0.5,0.5,0.5,0.5
0.5,0.5,0.5,0.5,0.5,0.5,0.5,0.5,0.5,0.5,0.5,0.499999,0.499998,0.499996,0.499993,0.499987,0.499976,0.499959,0.499931,0.499889,0.499827,0.499741,0.499626,0.49948,0.499303,0.4991,0.498879,0.498654,0.498442,0.498262,0.49813,0.49806,0.49806,0.49813,0.498262,0.498442,0.498654,0.498879,0.4991,0.499303,0.49948,0.499626,0.499741,0.499827,0.499889,0.499931,0.499959,0.499976,0.499987,0.499993,0.499996,0.499998,0.499999,0.5,0.5,0.5,0.5,0.5,0.5,0.5,0.5,0.5,0.5,0.5
0.5,0.5,0.5,0.5,0.5,0.5,0.5,0.5,0.5,0.5,0.499999,0.499998,0.499997,0.499993,0.499987,0.499976,0.499957,0.499926,0.499876,0.4998,0.499689,0.499535,0.499329,0.499068,0.498752,0.498388,0.497993,0.497592,0.497214,0.496892,0.496657,0.496533,0.496533,0.496657,0.496892,0.497214,0.497592,0.497993,0.498388,0.498752,0.499068,0.499329,0.499535,0.499689,0.4998,0.499876,0.499926,0.499957,0.499976,0.499987,0.499993,0.499997,0.499998,0.499999,0.5,0.5,0.5,0.5,0.5,0.5,0.5,0.5,0.5,0.5
0.5,0.5,0.5,0.5,0.5,0.5,0.5,0.5,0.5,0.499999,0.499999,0.499997,0.499994,0.499989,0.499978,0.499959,0.499926,0.499871,0.499785,0.499653,0.499462,0.499196,0.498841,0.498391,0.497846,0.49722,0.496541,0.49585,0.4952,0.494647,0.494243,0.49403,0.49403,0.494243,0.494647,0.4952,0.49585,0.496541,0.49722,0.497846,0.498391,0.498841,0.499196,0.499462,0.499653,0.499785,0.499871,0.499926,0.499959,0.499978,0.499989,0.499994,0.499997,0.499999,0.499999,0.5,0.5,0.5,0.5,0.5,0.5,0.5,0.5,0.5
0.5,0.5,0.5,0.5,0.5,0.5,0.5,0.5,0.5,0.499999,0.499998,0.499995,0.499991,0.499981,0.499963,0.499931,0.499876,0.499785,0.49964,0.499422,0.499103,0.49866,0.498071,0.497323,0.496418,0.49538,0.494254,0.49311,0.492033,0.491117,0.490448,0.490095,0.490095,0.490448,0.491117,0.492033,0.49311,0.494254,0.49538,0.496418,0.497323,0.498071,0.49866,0.499103,0.499422,0.49964,0.499785,0.499876,0.499931,0.499963,0.499981,0.499991,0.499995,0.499998,0.499999,0.5,0.5,0.5,0.5,0.5,0.5,0.5,0.5,0.5
0.5,0.5,0.5,0.5,0.5,0.5,0.5,0.5,0.499999,0.499998,0.499997,0.499993,0.499985,0.499969,0.49994,0.499889,0.4998,0.499653,0.499422,0.49907,0.49856,0.49785,0.496906,0.495708,0.494261,0.4926,0.490802,0.488974,0.487255,0.485792,0.484726,0.484163,0.484163,0.484726,0.485792,0.487255,0.488974,0.490802,0.4926,0.494261,0.495708,0.496906,0.49785,0.49856,0.49907,0.499422,0.499653,0.4998,0.499889,0.49994,0.499969,0.499985,0.499993,0.499997,0.499998,0.499999,0.5,0.5,0.5,0.5,0.5,0.5,0.5,0.5
0.5,0.5,0.5,0.5,0.5,0.5,0.5,0.5,0.499999,0.499998,0.499995,0.499989,0.499976,0.499952,0.499907,0.499827,0.499689,0.499462,0.499103,0.49856,0.49777,0.496673,0.495216,0.493368,0.491137,0.488579,0.485808,0.482995,0.480349,0.478099,0.476458,0.475592,0.475592,0.476458,0.478099,0.480349,0.482995,0.485808,0.488579,0.491137,0.493368,0.495216,0.496673,0.49777,0.49856,0.499103,0.499462,0.499689,0.499827,0.499907,0.499952,0.499976,0.499989,0.499995,0.499998,0.499999,0.5,0.5,0.5,0.5,0.5,0.5,0.5,0.5
0.5,0.5,0.5,0.5,0.5,0.5,0.5,0.499999,0.499998,0.499996,0.499992,0.499983,0.499964,0.499928,0.499861,0.499741,0.499535,0.499196,0.49866,0.49785,0.496673,0.49504,0.492872,0.490124,0.486807,0.483008,0.478894,0.474719,0.470793,0.467456,0.465023,0.463739,0.463739,0.465023,0.467456,0.470793,0.474719,0.478894,0.483008,0.486807,0.490124,0.492872,0.49504,0.496673,0.49785,0.49866,0.499196,0.499535,0.499741,0.499861,0.499928,0.499964,0.499983,0.499992,0.499996,0.499998,0.499999,0.5,0.5,0.5,0.5,0.5,0.5,0.5
0.5,0.5,0.5,0.5,0.5,0.5,0.5,0.499999,0.499998,0.499995,0.499989,0.499975,0.499948,0.499896,0.499799,0.499626,0.499329,0.498841,0.498071,0.496906,0.495216,0.492872,0.489761,0.485822,0.481069,0.475628,0.469739,0.463764,0.458149,0.453377,0.449898,0.448062,0.448062,0.449898,0.453377,0.458149,0.463764,0.469739,0.475628,0.481069,0.485822,0.489761,0.492872,0.495216,0.496906,0.498071,0.498841,0.499329,0.499626,0.499799,0.499896,0.499948,0.499975,0.499989,0.499995,0.499998,0.499999,0.5,0.5,0.5,0.5,0.5,0.5,0.5
0.5,0.5,0.5,0.5,0.5,0.5,0.5,0.499999,0.499997,0.499993,0.499984,0.499965,0.499928,0.499855,0.49972,0.49948,0.499068,0.498391,0.497323,0.495708,0.493368,0.490124,0.485822,0.480376,0.47381,0.466295,0.458167,0.449922,0.442177,0.435595,0.430797,0.428267,0.428267,0.430797,0.435595,0.442177,0.449922,0.458167,0.466295,0.47381,0.480376,0.485822,0.490124,0.493368,0.495708,0.497323,0.498391,0.499068,0.49948,0.49972,0.499855,0.499928,0.499965,0.499984,0.499993,0.499997,0.499999,0.5,0.5,0.5,0.5,0.5,0.5,0.5
0.5,0.5,0.5,0.5,0.5,0.5,0.499999,0.499998,0.499996,0.49999,0.499978,0.499953,0.499903,0.499806,0.499625,0.499303,0.498752,0.497846,0.496418,0.494261,0.491137,0.486807,0.481069,0.47381,0.465062,0.455054,0.444233,0.433261,0.422956,0.414201,0.40782,0.404455,0.404455,0.40782,0.414201,0.422956,0.433261,0.444233,0.455054,0.465062,0.47381,0.481069,0.486807,0.491137,0.494261,0.496418,0.497846,0.498752,0.499303,0.499625,0.499806,0.499903,0.499953,0.499978,0.49999,0.499996,0.499998,0.499999,0.5,0.5,0.5,0.5,0.5,0.5
0.5,0.5,0.5,0.5,0.5,0.5,0.499999,0.499998,0.499995,0.499988,0.499972,0.49994,0.499875,0.499749,0.499515,0.4991,0.498388,0.49722,0.49538,0.4926,0.488579,0.483008,0.475628,0.466295,0.455054,0.442197,0.428303,0.414218,0.400993,0.389759,0.381574,0.377257,0.377257,0.381574,0.389759,0.400993,0.414218,0.428303,0.442197,0.455054,0.466295,0.475628,0.483008,0.488579,0.4926,0.49538,0.49722,0.498388,0.4991,0.499515,0.499749,0.499875,0.49994,0.499972,0.499988,0.499995,0.499998,0.499999,0.5,0.5,0.5,0.5,0.5,0.5
0.5,0.5,0.5,0.5,0.5,0.5,0.499999,0.499997,0.499993,0.499984,0.499965,0.499925,0.499844,0.499687,0.499396,0.498879,0.497993,0.496541,0.494254,0.490802,0.485808,0.478894,0.469739,0.458167,0.444233,0.428303,0.411092,0.39365,0.377276,0.363369,0.353238,0.347896,0.347896,0.353238,0.363369,0.377276,0.39365,0.411092,0.428303,0.444233,0.458167,0.469739,0.478894,0.485808,0.490802,0.494254,0.496541,0.497993,0.498879,0.499396,0.499687,0.499844,0.499925,0.499965,0.499984,0.499993,0.499997,0.499999,0.5,0.5,0.5,0.5,0.5,0.5
0.5,0.5,0.5,0.5,0.5,0.499999,0.499999,0.499997,0.499992,0.499981,0.499958,0.49991,0.499812,0.499624,0.499275,0.498654,0.497592,0.49585,0.49311,0.488974,0.482995,0.474719,0.463764,0.449922,0.433261,0.414218,0.39365,0.372809,0.353249,0.33664,0.324541,0.318161,0.318161,0.324541,0.33664,0.353249,0.372809,0.39365,0.414218,0.433261,0.449922,0.463764,0.474719,0.482995,0.488974,0.49311,0.49585,0.497592,0.498654,0.499275,0.499624,0.499812,0.49991,0.499958,0.499981,0.499992,0.499997,0.499999,0.499999,0.5,0.5,0.5,0.5,0.5
0.5,0.5,0.5,0.5,0.5,0.499999,0.499998,0.499996,0.499991,0.499978,0.499951,0.499895,0.499782,0.499564,0.499161,0.498442,0.497214,0.4952,0.492033,0.487255,0.480349,0.470793,0.458149,0.442177,0.422956,0.400993,0.377276,0.353249,0.330703,0.31156,0.297616,0.290264,0.290264,0.297616,0.31156,0.330703,0.353249,0.377276,0.400993,0.422956,0.442177,0.458149,0.470793,0.480349,0.487255,0.492033,0.4952,0.497214,0.498442,0.499161,0.499564,0.499782,0.499895,0.499951,0.499978,0.499991,0.499996,0.499998,0.499999,0.5,0.5,0.5,0.5,0.5
0.5,0.5,0.5,0.5,0.5,0.499999,0.499998,0.499996,0.49999,0.499976,0.499946,0.499883,0.499757,0.499514,0.499063,0.498262,0.496892,0.494647,0.491117,0.485792,0.478099,0.467456,0.453377,0.435595,0.414201,0.389759,0.363369,0.33664,0.31156,0.290268,0.27476,0.266583,0.266583,0.27476,0.290268,0.31156,0.33664,0.363369,0.389759,0.414201,0.435595,0.453377,0.467456,0.478099,0.485792,0.491117,0.494647,0.496892,0.498262,0.499063,0.499514,0.499757,0.499883,0.499946,0.499976,0.49999,0.499996,0.499998,0.499999,0.5,0.5,0.5,0.5,0.5
0.5,0.5,0.5,0.5,0.5,0.499999,0.499998,0.499995,0.499989,0.499974,0.499942,0.499874,0.499738,0.499477,0.498992,0.49813,0.496657,0.494243,0.490448,0.484726,0.476458,0.465023,0.449898,0.430797,0.40782,0.381574,0.353238,0.324541,0.297616,0.27476,0.258113,0.249337,0.249337,0.258113,0.27476,0.297616,0.324541,0.353238,0.381574,0.40782,0.430797,0.449898,0.465023,0.476458,0.484726,0.490448,0.494243,0.496657,0.49813,0.498992,0.499477,0.499738,0.499874,0.499942,0.499974,0.499989,0.499995,0.499998,0.499999,0.5,0.5,0.5,0.5,0.5
0.5,0.5,0.5,0.5,0.5,0.499999,0.499998,0.499995,0.499988,0.499973,0.499939,0.499869,0.499729,0.499457,0.498954,0.49806,0.496533,0.49403,0.490095,0.484163,0.475592,0.463739,0.448062,0.428267,0.404455,0.377257,0.347896,0.318161,0.290264,0.266583,0.249337,0.240244,0.240244,0.249337,0.266583,0.290264,0.318161,0.347896,0.377257,0.404455,0.428267,0.448062,0.463739,0.475592,0.484163,0.490095,0.49403,0.496533,0.49806,0.498954,0.499457,0.499729,0.499869,0.499939,0.499973,0.499988,0.499995,0.499998,0.499999,0.5,0.5,0.5,0.5,0.5
0.5,0.5,0.5,0.5,0.5,0.499999,0.499998,0.499995,0.499988,0.499973,0.499939,0.499869,0.499729,0.499457,0.498954,0.49806,0.496533,0.49403,0.490095,0.484163,0.475592,0.463739,0.448062,0.428267,0.404455,0.377257,0.347896,0.318161,0.290264,0.266583,0.249337,0.240244,0.240244,0.249337,0.266583,0.290264,0.318161,0.347896,0.377257,0.404455,0.428267,0.448062,0.463739,0.475592,0.484163,0.490095,0.49403,0.496533,0.49806,0.498954,0.499457,0.499729,0.499869,0.499939,0.499973,0.499988,0.499995,0.499998,0.499999,0.5,0.5,0.5,0.5,0.5
0.5,0.5,0.5,0.5,0.5,0.499999,0.499998,0.499995,0.499989,0.499974,0.499942,0.499874,0.499738,0.499477,0.498992,0.49813,0.496657,0.494243,0.490448,0.484726,0.476458,0.465023,0.449898,0.430797,0.40782,0.381574,0.353238,0.324541,0.297616,0.27476,0.258113,0.249337,0.249337,0.258113,0.27476,0.297616,0.324541,0.353238,0.381574,0.40782,0.430797,0.449898,0.465023,0.476458,0.484726,0.490448,0.494243,0.496657,0.49813,0.498992,0.499477,0.499738,0.499874,0.499942,0.499974,0.499989,0.499995,0.499998,0.499999,0.5,0.5,0.5,0.5,0.5
0.5,0.5,0.5,0.5,0.5,0.499999,0.499998,0.499996,0.49999,0.499976,0.499946,0.499883,0.499757,0.499514,0.499063,0.498262,0.496892,0.494647,0.491117,0.485792,0.478099,0.467456,0.453377,0.435595,0.414201,0.389759,0.363369,0.33664,0.31156,0.290268,0.27476,0.266583,0.266583,0.27476,0.290268,0.31156,0.33664,0.363369,0.389759,0.414201,0.435595,0.453377,0.467456,0.478099,0.485792,0.491117,0.494647,0.496892,0.498262,0.499063,0.499514,0.499757,0.499883,0.499946,0.499976,0.49999,0.499996,0.499998,0.499999,0.5,0.5,0.5,0.5,0.5
0.5,0.5,0.5,0.5,0.5,0.499999,0.499998,0.499996,0.499991,0.499978,0.499951,0.499895,0.499782,0.499564,0.499161,0.498442,0.497214,0.4952,0.492033,0.487255,0.480349,0.470793,0.458149,0.442177,0.422956,0.400993,0.377276,0.353249,0.330703,0.31156,0.297616,0.290264,0.290264,0.297616,0.31156,0.330703,0.353249,0.377276,0.400993,0.422956,0.442177,0.458149,0.470793,0.480349,0.487255,0.492033,0.4952,0.497214,0.498442,0.499161,0.499564,0.499782,0.499895,0.499951,0.499978,0.499991,0.499996,0.499998,0.499999,0.5,0.5,0.5,0.5,0.5
0.5,0.5,0.5,0.5,0.5,0.499999,0.499999,0.499997,0.499992,0.499981,0.499958,0.49991,0.499812,0.499624,0.499275,0.498654,0.497592,0.49585,0.49311,0.488974,0.482995,0.474719,0.463764,0.449922,0.433261,0.414218,0.39365,0.372809,0.353249,0.33664,0.324541,0.318161,0.318161,0.324541,0.33664,0.353249,0.372809,0.39365,0.414218,0.433261,0.449922,0.463764,0.474719,0.482995,0.488974,0.49311,0.49585,0.497592,0.498654,0.499275,0.499624,0.499812,0.49991,0.499958,0.499981,0.499992,0.499997,0.499999,0.499999,0.5,0.5,0.5,0.5,0.5
0.5,0.5,0.5,0.5,0.5,0.5,0.499999,0.499997,0.499993,0.499984,0.499965,0.499925,0.499844,0.499687,0.499396,0.498879,0.497993,0.496541,0.494254,0.490802,0.485808,0.478894,0.469739,0.458167,0.444233,0.428303,0.411092,0.39365,0.377276,0.363369,0.353238,0.347896,0.347896,0.353238,0.363369,0.377276,0.39365,0.411092,0.428303,0.444233,0.458167,0.469739,0.478894,0.485808,0.490802,0.494254,0.496541,0.497993,0.498879,0.499396,0.499687,0.499844,0.499925,0.499965,0.499984,0.499993,0.499997,0.499999,0.5,0.5,0.5,0.5,0.5,0.5
0.5,0.5,0.5,0.5,0.5,0.5,0.499999,0.499998,0.499995,0.499988,0.499972,0.49994,0.499875,0.499749,0.499515,0.4991,0.498388,0.49722,0.49538,0.4926,0.488579,0.483008,0.475628,0.466295,0.455054,0.442197,0.428303,0.414218,0.400993,0.389759,0.381574,0.377257,0.377257,0.381574,0.389759,0.400993,0.414218,0.428303,0.442197,0.455054,0.466295,0.475628,0.483008,0.488579,0.4926,0.49538,0.49722,0.498388,0.4991,0.499515,0.499749,0.499875,0.49994,0.499972,0.499988,0.499995,0.499998,0.499999,0.5,0.5,0.5,0.5,0.5,0.5
0.5,0.5,0.5,0.5,0.5,0.5,0.499999,0.499998,0.499996,0.49999,0.499978,0.499953,0.499903,0.499806,0.499625,0.499303,0.498752,0.497846,0.496418,0.494261,0.491137,0.486807,0.481069,0.47381,0.465062,0.455054,0.444233,0.433261,0.422956,0.414201,0.40782,0.404455,0.404455,0.40782,0.414201,0.422956,0.433261,0.444233,0.455054,0.465062,0.47381,0.481069,0.486807,0.491137,0.494261,0.496418,0.497846,0.498752,0.499303,0.499625,0.499806,0.499903,0.499953,0.499978,0.49999,0.499996,0.499998,0.499999,0.5,0.5,0.5,0.5,0.5,0.5
0.5,0.5,0.5,0.5,0.5,0.5,0.5,0.499999,0.499997,0.499993,0.499984,0.499965,0.499928,0.499855,0.49972,0.49948,0.499068,0.498391,0.497323,0.495708,0.493368,0.490124,0.485822,0.480376,0.47381,0.466295,0.458167,0.449922,0.442177,0.435595,0.430797,0.428267,0.428267,0.430797,0.435595,0.442177,0.449922,0.458167,0.466295,0.47381,0.480376,0.485822,0.490124,0.493368,0.495708,0.497323,0.498391,0.499068,0.49948,0.49972,0.499855,0.499928,0.499965,0.499984,0.499993,0.499997,0.499999,0.5,0.5,0.5,0.5,0.5,0.5,0.5
0.5,0.5,0.5,0.5,0.5,0.5,0.5,0.499999,0.499998,0.499995,0.499989,0.499975,0.499948,0.499896,0.499799,0.499626,0.499329,0.498841,0.498071,0.496906,0.495216,0.492872,0.489761,0.485822,0.481069,0.475628,0.469739,0.463764,0.458149,0.453377,0.449898,0.448062,0.448062,0.449898,0.453377,0.458149,0.463764,0.469739,0.475628,0.481069,0.485822,0.489761,0.492872,0.495216,0.496906,0.498071,0.498841,0.499329,0.499626,0.499799,0.499896,0.499948,0.499975,0.499989,0.499995,0.499998,0.499999,0.5,0.5,0.5,0.5,0.5,0.5,0.5
0.5,0.5,0.5,0.5,0.5,0.5,0.5,0.499999,0.499998,0.499996,0.499992,0.499983,0.499964,0.499928,0.499861,0.499741,0.499535,0.499196,0.49866,0.49785,0.496673,0.49504,0.492872,0.490124,0.486807,0.483008,0.478894,0.474719,0.470793,0.467456,0.465023,0.463739,0.463739,0.465023,0.467456,0.470793,0.474719,0.478894,0.483008,0.486807,0.490124,0.492872,0.49504,0.496673,0.49785,0.49866,0.499196,0.499535,0.499741,0.499861,0.499928,0.499964,0.499983,0.499992,0.499996,0.499998,0.499999,0.5,0.5,0.5,0.5,0.5,0.5,0.5
0.5,0.5,0.5,0.5,0.5,0.5,0.5,0.5,0.499999,0.499998,0.499995,0.499989,0.499976,0.499952,0.499907,0.499827,0.499689,0.499462,0.499103,0.49856,0.49777,0.496673,0.495216,0.493368,0.491137,0.488579,0.485808,0.482995,0.480349,0.478099,0.476458,0.475592,0.475592,0.476458,0.478099,0.480349,0.482995,0.485808,0.488579,0.491137,0.493368,0.495216,0.496673,0.49777,0.49856,0.499103,0.499462,0.499689,0.499827,0.499907,0.499952,0.499976,0.499989,0.499995,0.499998,0.499999,0.5,0.5,0.5,0.5,0.5,0.5,0.5,0.5
0.5,0.5,0.5,0.5,0.5,0.5,0.5,0.5,0.499999,0.499998,0.499997,0.499993,0.499985,0.499969,0.49994,0.499889,0.4998,0.499653,0.499422,0.49907,0.49856,0.49785,0.496906,0.495708,0.494261,0.4926,0.490802,0.488974,0.487255,0.485792,0.484726,0.484163,0.484163,0.484726,0.485792,0.487255,0.488974,0.490802,0.4926,0.494261,0.495708,0.496906,0.49785,0.49856,0.49907,0.499422,0.499653,0.4998,0.499889,0.49994,0.499969,0.499985,0.499993,0.499997,0.499998,0.499999,0.5,0.5,0.5,0.5,0.5,0.5,0.5,0.5
0.5,0.5,0.5,0.5,0.5,0.5,0.5,0.5,0.5,0.499999,0.499998,0.499995,0.499991,0.499981,0.499963,0.499931,0.499876,0.499785,0.49964,0.499422,0.499103,0.49866,0.498071,0.497323,0.496418,0.49538,0.494254,0.49311,0.492033,0.491117,0.490448,0.490095,0.490095,0.490448,0.491117,0.492033,0.49311,0.494254,0.49538,0.496418,0.497323,0.498071,0.49866,0.499103,0.499422,0.49964,0.499785,0.499876,0.499931,0.499963,0.499981,0.499991,0.499995,0.499998,0.499999,0.5,0.5,0.5,0.5,0.5,0.5,0.5,0.5,0.5
0.5,0.5,0.5,0.5,0.5,0.5,0.5,0.5,0.5,0.499999,0.499999,0.499997,0.499994,0.499989,0.499978,0.499959,0.499926,0.499871,0.499785,0.499653,0.499462,0.499196,0.498841,0.498391,0.497846,0.49722,0.496541,0.49585,0.4952,0.494647,0.494243,0.49403,0.49403,0.494243,0.494647,0.4952,0.49585,0.496541,0.49722,0.497846,0.498391,0.498841,0.499196,0.499462,0.499653,0.499785,0.499871,0.499926,0.499959,0.499978,0.499989,0.499994,0.499997,0.499999,0.499999,0.5,0.5,0.5,0.5,0.5,0.5,0.5,0.5,0.5
0.5,0.5,0.5,0.5,0.5,0.5,0.5,0.5,0.5,0.5,0.499999,0.499998,0.499997,0.499993,0.499987,0.499976,0.499957,0.499926,0.499876,0.4998,0.499689,0.499535,0.499329,0.499068,0.498752,0.498388,0.497993,0.497592,0.497214,0.496892,0.496657,0.496533,0.496533,0.496657,0.496892,0.497214,0.497592,0.497993,0.498388,0.498752,0.499068,0.499329,0.499535,0.499689,0.4998,0.499876,0.499926,0.499957,0.499976,0.499987,0.499993,0.499997,0.499998,0.499999,0.5,0.5,0.5,0.5,0.5,0.5,0.5,0.5,0.5,0.5
0.5,0.5,0.5,0.5,0.5,0.5,0.5,0.5,0.5,0.5,0.5,0.499999,0.499998,0.499996,0.499993,0.499987,0.499976,0.499959,0.499931,0.499889,0.499827,0.499741,0.499626,0.49948,0.499303,0.4991,0.498879,0.498654,0.498442,0.498262,0.49813,0.49806,0.49806,0.49813,0.498262,0.498442,0.498654,0.498879,0.4991,0.499303,0.49948,0.499626,0.499741,0.499827,0.499889,0.499931,0.499959,0.499976,0.499987,0.499993,0.499996,0.499998,0.499999,0.5,0.5,0.5,0.5,0.5,0.5,0.5,0.5,0.5,0.5,0.5
0.5,0.5,0.5,0.5,0.5,0.5,0.5,0.5,0.5,0.5,0.5,0.5,0.499999,0.499998,0.499996,0.499993,0.499987,0.499978,0.499963,0.49994,0.499907,0.499861,0.499799,0.49972,0.499625,0.499515,0.499396,0.499275,0.499161,0.499063,0.498992,0.498954,0.498954,0.498992,0.499063,0.499161,0.499275,0.499396,0.499515,0.499625,0.49972,0.499799,0.499861,0.499907,0.49994,0.499963,0.499978,0.499987,0.499993,0.499996,0.499998,0.499999,0.5,0.5,0.5,0.5,0.5,0.5,0.5,0.5,0.5,0.5,0.5,0.5
0.5,0.5,0.5,0.5,0.5,0.5,0.5,0.5,0.5,0.5,0.5,0.5,0.5,0.499999,0.499998,0.499996,0.499993,0.499989,0.499981,0.499969,0.499952,0.499928,0.499896,0.499855,0.499806,0.499749,0.499687,0.499624,0.499564,0.499514,0.499477,0.499457,0.499457,0.499477,0.499514,0.499564,0.499624,0.499687,0.499749,0.499806,0.499855,0.499896,0.499928,0.499952,0.499969,0.499981,0.499989,0.499993,0.499996,0.499998,0.499999,0.5,0.5,0.5,0.5,0.5,0.5,0.5,0.5,0.5,0.5,0.5,0.5,0.5
0.5,0.5,0.5,0.5,0.5,0.5,0.5,0.5,0.5,0.5,0.5,0.5,0.5,0.5,0.499999,0.499998,0.499997,0.499994,0.499991,0.499985,0.499976,0.499964,0.499948,0.499928,0.499903,0.499875,0.499844,0.499812,0.499782,0.499757,0.499738,0.499729,0.499729,0.499738,0.499757,0.499782,0.499812,0.499844,0.499875,0.499903,0.499928,0.499948,0.499964,0.499976,0.499985,0.499991,0.499994,0.499997,0.499998,0.499999,0.5,0.5,0.5,0.5,0.5,0.5,0.5,0.5,0.5,0.5,0.5,0.5,0.5,0.5
0.5,0.5,0.5,0.5,0.5,0.5,0.5,0.5,0.5,0.5,0.5,0.5,0.5,0.5,0.5,0.499999,0.499998,0.499997,0.499995,0.499993,0.499989,0.499983,0.499975,0.499965,0.499953,0.49994,0.499925,0.49991,0.499895,0.499883,0.499874,0.499869,0.499869,0.499874,0.499883,0.499895,0.49991,0.499925,0.49994,0.499953,0.499965,0.499975,0.499983,0.499989,0.499993,0.499995,0.499997,0.499998,0.499999,0.5,0.5,0.5,0.5,0.5,0.5,0.5,0.5,0.5,0.5,0.5,0.5,0.5,0.5,0.5
0.5,0.5,0.5,0.5,0.5,0.5,0.5,0.5,0.5,0.5,0.5,0.5,0.5,0.5,0.5,0.5,0.499999,0.499999,0.499998,0.499997,0.499995,0.499992,0.499989,0.499984,0.499978,0.499972,0.499965,0.499958,0.499951,0.499946,0.499942,0.499939,0.499939,0.499942,0.499946,0.499951,0.499958,0.499965,0.499972,0.499978,0.499984,0.499989,0.499992,0.499995,0.499997,0.499998,0.499999,0.499999,0.5,0.5,0.5,0.5,0.5,0.5,0.5,0.5,0.5,0.5,0.5,0.5,0.5,0.5,0.5,0.5
0.5,0.5,0.5,0.5,0.5,0.5,0.5,0.5,0.5,0.5,0.5,0.5,0.5,0.5,0.5,0.5,0.5,0.499999,0.499999,0.499998,0.499998,0.499996,0.499995,0.499993,0.49999,0.499988,0.499984,0.499981,0.499978,0.499976,0.499974,0.499973,0.499973,0.499974,0.499976,0.499978,0.499981,0.499984,0.499988,0.49999,0.499993,0.499995,0.499996,0.499998,0.499998,0.499999,0.499999,0.5,0.5,0.5,0.5,0.5,0.5,0.5,0.5,0.5,0.5,0.5,0.5,0.5,0.5,0.5,0.5,0.5
0.5,0.5,0.5,0.5,0.5,0.5,0.5,0.5,0.5,0.5,0.5,0.5,0.5,0.5,0.5,0.5,0.5,0.5,0.5,0.499999,0.499999,0.499998,0.499998,0.499997,0.499996,0.499995,0.499993,0.499992,0.499991,0.49999,0.499989,0.499988,0.499988,0.499989,0.49999,0.499991,0.499992,0.499993,0.499995,0.499996,0.499997,0.499998,0.499998,0.499999,0.499999,0.5,0.5,0.5,0.5,0.5,0.5,0.5,0.5,0.5,0.5,0.5,0.5,0.5,0.5,0.5,0.5,0.5,0.5,0.5
0.5,0.5,0.5,0.5,0.5,0.5,0.5,0.5,0.5,0.5,0.5,0.5,0.5,0.5,0.5,0.5,0.5,0.5,0.5,0.5,0.5,0.499999,0.499999,0.499999,0.499998,0.499998,0.499997,0.499997,0.499996,0.499996,0.499995,0.499995,0.499995,0.499995,0.499996,0.499996,0.499997,0.499997,0.499998,0.499998,0.499999,0.499999,0.499999,0.5,0.5,0.5,0.5,0.5,0.5,0.5,0.5,0.5,0.5,0.5,0.5,0.5,0.5,0.5,0.5,0.5,0.5,0.5,0.5,0.5
0.5,0.5,0.5,0.5,0.5,0.5,0.5,0.5,0.5,0.5,0.5,0.5,0.5,0.5,0.5,0.5,0.5,0.5,0.5,0.5,0.5,0.5,0.5,0.5,0.499999,0.499999,0.499999,0.499999,0.499998,0.499998,0.499998,0.499998,0.499998,0.499998,0.499998,0.499998,0.499999,0.499999,0.499999,0.499999,0.5,0.5,0.5,0.5,0.5,0.5,0.5,0.5,0.5,0.5,0.5,0.5,0.5,0.5,0.5,0.5,0.5,0.5,0.5,0.5,0.5,0.5,0.5,0.5
0.5,0.5,0.5,0.5,0.5,0.5,0.5,0.5,0.5,0.5,0.5,0.5,0.5,0.5,0.5,0.5,0.5,0.5,0.5,0.5,0.5,0.5,0.5,0.5,0.5,0.5,0.5,0.499999,0.499999,0.499999,0.499999,0.499999,0.499999,0.499999,0.499999,0.499999,0.499999,0.5,0.5,0.5,0.5,0.5,0.5,0.5,0.5,0.5,0.5,0.5,0.5,0.5,0.5,0.5,0.5,0.5,0.5,0.5,0.5,0.5,0.5,0.5,0.5,0.5,0.5,0.5
0.5,0.5,0.5,0.5,0.5,0.5,0.5,0.5,0.5,0.5,0.5,0.5,0.5,0.5,0.5,0.5,0.5,0.5,0.5,0.5,0.5,0.5,0.5,0.5,0.5,0.5,0.5,0.5,0.5,0.5,0.5,0.5,0.5,0.5,0.5,0.5,0.5,0.5,0.5,0.5,0.5,0.5,0.5,0.5,0.5,0.5,0.5,0.5,0.5,0.5,0.5,0.5,0.5,0.5,0.5,0.5,0.5,0.5,0.5,0.5,0.5,0.5,0.5,0.5
0.5,0.5,0.5,0.5,0.5,0.5,0.5,0.5,0.5,0.5,0.5,0.5,0.5,0.5,0.5,0.5,0.5,0.5,0.5,0.5,0.5,0.5,0.5,0.5,0.5,0.5,0.5,0.5,0.5,0.5,0.5,0.5,0.5,0.5,0.5,0.5,0.5,0.5,0.5,0.5,0.5,0.5,0.5,0.5,0.5,0.5,0.5,0.5,0.5,0.5,0.5,0.5,0.5,0.5,0.5,0.5,0.5,0.5,0.5,0.5,0.5,0.5,0.5,0.5
0.5,0.5,0.5,0.5,0.5,0.5,0.5,0.5,0.5,0.5,0.5,0.5,0.5,0.5,0.5,0.5,0.5,0.5,0.5,0.5,0.5,0.5,0.5,0.5,0.5,0.5,0.5,0.5,0.5,0.5,0.5,0.5,0.5,0.5,0.5,0.5,0.5,0.5,0.5,0.5,0.5,0.5,0.5,0.5,0.5,0.5,0.5,0.5,0.5,0.5,0.5,0.5,0.5,0.5,0.5,0.5,0.5,0.5,0.5,0.5,0.5,0.5,0.5,0.5
0.5,0.5,0.5,0.5,0.5,0.5,0.5,0.5,0.5,0.5,0.5,0.5,0.5,0.5,0.5,0.5,0.5,0.5,0.5,0.5,0.5,0.5,0.5,0.5,0.5,0.5,0.5,0.5,0.5,0.5,0.5,0.5,0.5,0.5,0.5,0.5,0.5,0.5,0.5,0.5,0.5,0.5,0.5,0.5,0.5,0.5,0.5,0.5,0.5,0.5,0.5,0.5,0.5,0.5,0.5,0.5,0.5,0.5,0.5,0.5,0.5,0.5,0.5,0.5
0.5,0.5,0.5,0.5,0.5,0.5,0.5,0.5,0.5,0.5,0.5,0.5,0.5,0.5,0.5,0.5,0.5,0.5,0.5,0.5,0.5,0.5,0.5,0.5,0.5,0.5,0.5,0.5,0.5,0.5,0.5,0.5,0.5,0.5,0.5,0.5,0.5,0.5,0.5,0.5,0.5,0.5,0.5,0.5,0.5,0.5,0.5,0.5,0.5,0.5,0.5,0.5,0.5,0.5,0.5,0.5,0.5,0.5,0.5,0.5,0.5,0.5,0.5,0.5
