0.5,0.5,0.5,0.5,0.5,0.5,0.5,0.5,0.5,0.5,0.5,0.5,0.5,0.5,0.5,0.5,0.5,0.5,0.5,0.5,0.5,0.5,0.5,0.5,0.5,0.5,0.5,0.5,0.5,0.5,0.5,0.5,0.5,0.5,0.5,0.5,0.5,0.5,0.5,0.5,0.5,0.5,0.5,0.5,0.5,0.5,0.5,0.5,0.5,0.5,0.5,0.5,0.5,0.5,0.5,0.5,0.5,0.5,0.5,0.5,0.5,0.5,0.5,0.5
0.5,0.5,0.5,0.5,0.5,0.5,0.5,0.5,0.5,0.5,0.5,0.5,0.5,0.5,0.5,0.5,0.5,0.5,0.5,0.5,0.5,0.5,0.5,0.5,0.5,0.5,0.5,0.5,0.5,0.5,0.5,0.5,0.5,0.5,0.5,0.5,0.5,0.5,0.5,0.5,0.5,0.5,0.5,0.5,0.5,0.5,0.5,0.5,0.5,0.5,0.5,0.5,0.5,0.5,0.5,0.5,0.5,0.5,0.5,0.5,0.5,0.5,0.5,0.5
0.5,0.5,0.5,0.5,0.5,0.5,0.5,0.5,0.5,0.5,0.5,0.5,0.5,0.5,0.5,0.5,0.5,0.5,0.5,0.5,0.5,0.5,0.5,0.5,0.5,0.5,0.5,0.5,0.5,0.5,0.5,0.5,0.5,0.5,0.5,0.5,0.5,0.5,0.5,0.5,0.5,0.5,0.5,0.5,0.5,0.5,0.5,0.5,0.5,0.5,0.5,0.5,0.5,0.5,0.5,0.5,0.5,0.5,0.5,0.5,0.5,0.5,0.5,0.5
0.5,0.5,0.5,0.5,0.5,0.5,0.5,0.5,0.5,0.5,0.5,0.5,0.5,0.5,0.5,0.5,0.5,0.5,0.5,0.5,0.5,0.5,0.5,0.5,0.5,0.5,0.5,0.5,0.5,0.5,0.5,0.5,0.5,0.5,0.5,0.5,0.5,0.5,0.5,0.5,0.5,0.5,0.5,0.5,0.5,0.5,0.5,0.5,0.5,0.5,0.5,0.5,0.5,0.5,0.5,0.5,0.5,0.5,0.5,0.5,0.5,0.5,0.5,0.5
0.5,0.5,0.5,0.5,0.5,0.5,0.5,0.5,0.5,0.5,0.5,0.5,0.5,0.5,0.5,0.5,0.5,0.5,0.5,0.5,0.5,0.5,0.5,0.5,0.5,0.5,0.5,0.5,0.5,0.499999,0.499999,0.499999,0.499999,0.499999,0.499999,0.5,0.5,0.5,0.5,0.5,0.5,0.5,0.5,0.5,0.5,0.5,0.5,0.5,0.5,0.5,0.5,0.5,0.5,0.5,0.5,0.5,0.5,0.5,0.5,0.5,0.5,0.5,0.5,0.5
0.5,0.5,0.5,0.5,0.5,0.5,0.5,0.5,0.5,0.5,0.5,0.5,0.5,0.5,0.5,0.5,0.5,0.5,0.5,0.5,0.5,0.5,0.5,0.5,0.499999,0.499999,0.499999,0.499999,0.499999,0.499999,0.499998,0.499998,0.499998,0.499998,0.499999,0.499999,0.499999,0.499999,0.499999,0.499999,0.5,0.5,0.5,0.5,0.5,0.5,0.5,0.5,0.5,0.5,0.5,0.5,0.5,0.5,0.5,0.5,0.5,0.5,0.5,0.5,0.5,0.5,0.5,0.5
0.5,0.5,0.5,0.5,0.5,0.5,0.5,0.5,0.5,0.5,0.5,0.5,0.5,0.5,0.5,0.5,0.5,0.5,0.5,0.5,0.5,0.499999,0.499999,0.499999,0.499999,0.499998,0.499998,0.499997,0.499997,0.499996,0.499996,0.499996,0.499996,0.499996,0.499996,0.499997,0.499997,0.499998,0.499998,0.499999,0.499999,0.499999,0.499999,0.5,0.5,0.5,0.5,0.5,0.5,0.5,0.5,0.5,0.5,0.5,0.5,0.5,0.5,0.5,0.5,0.5,0.5,0.5,0.5,0.5
0.5,0.5,0.5,0.5,0.5,0.5,0.5,0.5,0.5,0.5,0.5,0.5,0.5,0.5,0.5,0.5,0.5,0.5,0.5,0.499999,0.499999,0.499999,0.499998,0.499997,0.499996,0.499995,0.499994,0.499993,0.499992,0.499991,0.49999,0.49999,0.49999,0.49999,0.499991,0.499992,0.499993,0.499994,0.499995,0.499996,0.499997,0.499998,0.499999,0.499999,0.499999,0.5,0.5,0.5,0.5,0.5,0.5,0.5,0.5,0.5,0.5,0.5,0.5,0.5,0.5,0.5,0.5,0.5,0.5,0.5
0.5,0.5,0.5,0.5,0.5,0.5,0.5,0.5,0.5,0.5,0.5,0.5,0.5,0.5,0.5,0.5,0.5,0.499999,0.499999,0.499999,0.499998,0.499997,0.499995,0.499993,0.499991,0.499989,0.499986,0.499983,0.49998,0.499978,0.499976,0.499975,0.499975,0.499976,0.499978,0.49998,0.499983,0.499986,0.499989,0.499991,0.499993,0.499995,0.499997,0.499998,0.499999,0.499999,0.499999,0.5,0.5,0.5,0.5,0.5,0.5,0.5,0.5,0.5,0.5,0.5,0.5,0.5,0.5,0.5,0.5,0.5
0.5,0.5,0.5,0.5,0.5,0.5,0.5,0.5,0.5,0.5,0.5,0.5,0.5,0.5,0.5,0.5,0.499999,0.499999,0.499998,0.499997,0.499995,0.499992,0.499989,0.499985,0.49998,0.499974,0.499967,0.49996,0.499954,0.499949,0.499945,0.499943,0.499943,0.499945,0.499949,0.499954,0.49996,0.499967,0.499974,0.49998,0.499985,0.499989,0.499992,0.499995,0.499997,0.499998,0.499999,0.499999,0.5,0.5,0.5,0.5,0.5,0.5,0.5,0.5,0.5,0.5,0.5,0.5,0.5,0.5,0.5,0.5
0.5,0.5,0.5,0.5,0.5,0.5,0.5,0.5,0.5,0.5,0.5,0.5,0.5,0.5,0.5,0.499999,0.499998,0.499997,0.499995,0.499993,0.499989,0.499983,0.499976,0.499966,0.499955,0.499941,0.499927,0.499912,0.499898,0.499887,0.499878,0.499873,0.499873,0.499878,0.499887,0.499898,0.499912,0.499927,0.499941,0.499955,0.499966,0.499976,0.499983,0.499989,0.499993,0.499995,0.499997,0.499998,0.499999,0.5,0.5,0.5,0.5,0.5,0.5,0.5,0.5,0.5,0.5,0.5,0.5,0.5,0.5,0.5
0.5,0.5,0.5,0.5,0.5,0.5,0.5,0.5,0.5,0.5,0.5,0.5,0.5,0.499999,0.499999,0.499998,0.499997,0.499994,0.49999,0.499984,0.499976,0.499964,0.499948,0.499927,0.499903,0.499874,0.499843,0.499812,0.499783,0.499757,0.499739,0.499729,0.499729,0.499739,0.499757,0.499783,0.499812,0.499843,0.499874,0.499903,0.499927,0.499948,0.499964,0.499976,0.499984,0.49999,0.499994,0.499997,0.499998,0.499999,0.499999,0.5,0.5,0.5,0.5,0.5,0.5,0.5,0.5,0.5,0.5,0.5,0.5,0.5
0.5,0.5,0.5,0.5,0.5,0.5,0.5,0.5,0.5,0.5,0.5,0.5,0.499999,0.499999,0.499998,0.499996,0.499993,0.499988,0.49998,0.499968,0.49995,0.499925,0.499892,0.49985,0.499799,0.49974,0.499677,0.499612,0.499552,0.4995,0.499462,0.499442,0.499442,0.499462,0.4995,0.499552,0.499612,0.499677,0.49974,0.499799,0.49985,0.499892,0.499925,0.49995,0.499968,0.49998,0.499988,0.499993,0.499996,0.499998,0.499999,0.499999,0.5,0.5,0.5,0.5,0.5,0.5,0.5,0.5,0.5,0.5,0.5,0.5
0.5,0.5,0.5,0.5,0.5,0.5,0.5,0.5,0.5,0.5,0.5,0.499999,0.499999,0.499998,0.499996,0.499992,0.499986,0.499976,0.49996,0.499935,0.4999,0.49985,0.499784,0.499701,0.4996,0.499483,0.499357,0.499229,0.499109,0.499006,0.498931,0.498891,0.498891,0.498931,0.499006,0.499109,0.499229,0.499357,0.499483,0.4996,0.499701,0.499784,0.49985,0.4999,0.499935,0.49996,0.499976,0.499986,0.499992,0.499996,0.499998,0.499999,0.499999,0.5,0.5,0.5,0.5,0.5,0.5,0.5,0.5,0.5,0.5,0.5
0.5,0.5,0.5,0.5,0.5,0.5,0.5,0.5,0.5,0.5,0.5,0.499999,0.499998,0.499996,0.499992,0.499985,0.499973,0.499953,0.499922,0.499875,0.499807,0.499712,0.499586,0.499426,0.499232,0.499009,0.498768,0.498523,0.498292,0.498096,0.497952,0.497877,0.497877,0.497952,0.498096,0.498292,0.498523,0.498768,0.499009,0.499232,0.499426,0.499586,0.499712,0.499807,0.499875,0.499922,0.499953,0.499973,0.499985,0.499992,0.499996,0.499998,0.499999,0.5,0.5,0.5,0.5,0.5,0.5,0.5,0.5,0.5,0.5,0.5
0.5,0.5,0.5,0.5,0.5,0.5,0.5,0.5,0.5,0.5,0.499999,0.499998,0.499996,0.499992,0.499985,0.499972,0.49995,0.499914,0.499856,0.499769,0.499643,0.499467,0.499234,0.498938,0.49858,0.498169,0.497724,0.497272,0.496846,0.496484,0.49622,0.49608,0.49608,0.49622,0.496484,0.496846,0.497272,0.497724,0.498169,0.49858,0.498938,0.499234,0.499467,0.499643,0.499769,0.499856,0.499914,0.49995,0.499972,0.499985,0.499992,0.499996,0.499998,0.499999,0.5,0.5,0.5,0.5,0.5,0.5,0.5,0.5,0.5,0.5
0.5,0.5,0.5,0.5,0.5,0.5,0.5,0.5,0.5,0.499999,0.499998,0.499997,0.499993,0.499986,0.499973,0.49995,0.49991,0.499845,0.499743,0.499587,0.499362,0.499049,0.498633,0.498106,0.497469,0.496738,0.495947,0.495142,0.494386,0.493742,0.493272,0.493024,0.493024,0.493272,0.493742,0.494386,0.495142,0.495947,0.496738,0.497469,0.498106,0.498633,0.499049,0.499362,0.499587,0.499743,0.499845,0.49991,0.49995,0.499973,0.499986,0.499993,0.499997,0.499998,0.499999,0.5,0.5,0.5,0.5,0.5,0.5,0.5,0.5,0.5
0.5,0.5,0.5,0.5,0.5,0.5,0.5,0.5,0.499999,0.499999,0.499997,0.499994,0.499988,0.499976,0.499953,0.499914,0.499845,0.499733,0.499556,0.499289,0.498902,0.498364,0.497649,0.496744,0.495651,0.494397,0.49304,0.491661,0.490364,0.489261,0.488457,0.488032,0.488032,0.488457,0.489261,0.490364,0.491661,0.49304,0.494397,0.495651,0.496744,0.497649,0.498364,0.498902,0.499289,0.499556,0.499733,0.499845,0.499914,0.499953,0.499976,0.499988,0.499994,0.499997,0.499999,0.499999,0.5,0.5,0.5,0.5,0.5,0.5,0.5,0.5
0.5,0.5,0.5,0.5,0.5,0.5,0.5,0.5,0.499999,0.499998,0.499995,0.49999,0.49998,0.49996,0.499922,0.499856,0.499743,0.499556,0.499263,0.49882,0.498177,0.497286,0.496102,0.494604,0.492795,0.490722,0.488478,0.486199,0.484056,0.482234,0.480905,0.480204,0.480204,0.480905,0.482234,0.484056,0.486199,0.488478,0.490722,0.492795,0.494604,0.496102,0.497286,0.498177,0.49882,0.499263,0.499556,0.499743,0.499856,0.499922,0.49996,0.49998,0.49999,0.499995,0.499998,0.499999,0.5,0.5,0.5,0.5,0.5,0.5,0.5,0.5
0.5,0.5,0.5,0.5,0.5,0.5,0.5,0.499999,0.499999,0.499997,0.499993,0.499984,0.499968,0.499935,0.499875,0.499769,0.499587,0.499289,0.49882,0.49811,0.497083,0.495659,0.49377,0.491377,0.488491,0.485186,0.481608,0.477976,0.474562,0.471659,0.469542,0.468426,0.468426,0.469542,0.471659,0.474562,0.477976,0.481608,0.485186,0.488491,0.491377,0.49377,0.495659,0.497083,0.49811,0.49882,0.499289,0.499587,0.499769,0.499875,0.499935,0.499968,0.499984,0.499993,0.499997,0.499999,0.499999,0.5,0.5,0.5,0.5,0.5,0.5,0.5
0.5,0.5,0.5,0.5,0.5,0.5,0.5,0.499999,0.499998,0.499995,0.499989,0.499976,0.49995,0.4999,0.499807,0.499643,0.499362,0.498902,0.498177,0.497083,0.4955,0.493306,0.490397,0.486714,0.482274,0.477191,0.47169,0.466109,0.460863,0.456403,0.453152,0.451437,0.451437,0.453152,0.456403,0.460863,0.466109,0.47169,0.477191,0.482274,0.486714,0.490397,0.493306,0.4955,0.497083,0.498177,0.498902,0.499362,0.499643,0.499807,0.4999,0.49995,0.499976,0.499989,0.499995,0.499998,0.499999,0.5,0.5,0.5,0.5,0.5,0.5,0.5
0.5,0.5,0.5,0.5,0.5,0.5,0.499999,0.499999,0.499997,0.499992,0.499983,0.499964,0.499925,0.49985,0.499712,0.499467,0.499049,0.498364,0.497286,0.495659,0.493306,0.490046,0.485726,0.480261,0.473673,0.466134,0.457978,0.449705,0.441931,0.435323,0.430507,0.427966,0.427966,0.430507,0.435323,0.441931,0.449705,0.457978,0.466134,0.473673,0.480261,0.485726,0.490046,0.493306,0.495659,0.497286,0.498364,0.499049,0.499467,0.499712,0.49985,0.499925,0.499964,0.499983,0.499992,0.499997,0.499999,0.499999,0.5,0.5,0.5,0.5,0.5,0.5
0.5,0.5,0.5,0.5,0.5,0.5,0.499999,0.499998,0.499995,0.499989,0.499976,0.499948,0.499892,0.499784,0.499586,0.499234,0.498633,0.497649,0.496102,0.49377,0.490397,0.485726,0.47954,0.471717,0.46229,0.451505,0.439843,0.428015,0.416903,0.40746,0.400577,0.396947,0.396947,0.400577,0.40746,0.416903,0.428015,0.439843,0.451505,0.46229,0.471717,0.47954,0.485726,0.490397,0.49377,0.496102,0.497649,0.498633,0.499234,0.499586,0.499784,0.499892,0.499948,0.499976,0.499989,0.499995,0.499998,0.499999,0.5,0.5,0.5,0.5,0.5,0.5
0.5,0.5,0.5,0.5,0.5,0.5,0.499999,0.499997,0.499993,0.499985,0.499966,0.499927,0.49985,0.499701,0.499426,0.498938,0.498106,0.496744,0.494604,0.491377,0.486714,0.480261,0.471717,0.460915,0.447905,0.433023,0.416937,0.400625,0.385304,0.372287,0.3628,0.357796,0.357796,0.3628,0.372287,0.385304,0.400625,0.416937,0.433023,0.447905,0.460915,0.471717,0.480261,0.486714,0.491377,0.494604,0.496744,0.498106,0.498938,0.499426,0.499701,0.49985,0.499927,0.499966,0.499985,0.499993,0.499997,0.499999,0.5,0.5,0.5,0.5,0.5,0.5
0.5,0.5,0.5,0.5,0.5,0.499999,0.499999,0.499996,0.499991,0.49998,0.499955,0.499903,0.499799,0.4996,0.499232,0.49858,0.497469,0.495651,0.492795,0.488491,0.482274,0.473673,0.46229,0.447905,0.430583,0.410776,0.389371,0.367671,0.347292,0.32998,0.317365,0.310712,0.310712,0.317365,0.32998,0.347292,0.367671,0.389371,0.410776,0.430583,0.447905,0.46229,0.473673,0.482274,0.488491,0.492795,0.495651,0.497469,0.49858,0.499232,0.4996,0.499799,0.499903,0.499955,0.49998,0.499991,0.499996,0.499999,0.499999,0.5,0.5,0.5,0.5,0.5
0.5,0.5,0.5,0.5,0.5,0.499999,0.499998,0.499995,0.499989,0.499974,0.499941,0.499874,0.49974,0.499483,0.499009,0.498169,0.496738,0.494397,0.490722,0.485186,0.477191,0.466134,0.451505,0.433023,0.410776,0.385344,0.357865,0.330014,0.303863,0.281651,0.265466,0.25693,0.25693,0.265466,0.281651,0.303863,0.330014,0.357865,0.385344,0.410776,0.433023,0.451505,0.466134,0.477191,0.485186,0.490722,0.494397,0.496738,0.498169,0.499009,0.499483,0.49974,0.499874,0.499941,0.499974,0.499989,0.499995,0.499998,0.499999,0.5,0.5,0.5,0.5,0.5
0.5,0.5,0.5,0.5,0.5,0.499999,0.499998,0.499994,0.499986,0.499967,0.499927,0.499843,0.499677,0.499357,0.498768,0.497724,0.495947,0.49304,0.488478,0.481608,0.47169,0.457978,0.439843,0.416937,0.389371,0.357865,0.323832,0.289342,0.256964,0.229465,0.20943,0.198864,0.198864,0.20943,0.229465,0.256964,0.289342,0.323832,0.357865,0.389371,0.416937,0.439843,0.457978,0.47169,0.481608,0.488478,0.49304,0.495947,0.497724,0.498768,0.499357,0.499677,0.499843,0.499927,0.499967,0.499986,0.499994,0.499998,0.499999,0.5,0.5,0.5,0.5,0.5
0.5,0.5,0.5,0.5,0.5,0.499999,0.499997,0.499993,0.499983,0.49996,0.499912,0.499812,0.499612,0.499229,0.498523,0.497272,0.495142,0.491661,0.486199,0.477976,0.466109,0.449705,0.428015,0.400625,0.367671,0.330014,0.289342,0.248133,0.20945,0.1766,0.152668,0.140047,0.140047,0.152668,0.1766,0.20945,0.248133,0.289342,0.330014,0.367671,0.400625,0.428015,0.449705,0.466109,0.477976,0.486199,0.491661,0.495142,0.497272,0.498523,0.499229,0.499612,0.499812,0.499912,0.49996,0.499983,0.499993,0.499997,0.499999,0.5,0.5,0.5,0.5,0.5
0.5,0.5,0.5,0.5,0.5,0.499999,0.499997,0.499992,0.49998,0.499954,0.499898,0.499783,0.499552,0.499109,0.498292,0.496846,0.494386,0.490364,0.484056,0.474562,0.460863,0.441931,0.416903,0.385304,0.347292,0.303863,0.256964,0.20945,0.164855,0.126986,0.0993996,0.0848525,0.0848525,0.0993996,0.126986,0.164855,0.20945,0.256964,0.303863,0.347292,0.385304,0.416903,0.441931,0.460863,0.474562,0.484056,0.490364,0.494386,0.496846,0.498292,0.499109,0.499552,0.499783,0.499898,0.499954,0.49998,0.499992,0.499997,0.499999,0.5,0.5,0.5,0.5,0.5
0.5,0.5,0.5,0.5,0.499999,0.499999,0.499996,0.499991,0.499978,0.499949,0.499887,0.499757,0.4995,0.499006,0.498096,0.496484,0.493742,0.489261,0.482234,0.471659,0.456403,0.435323,0.40746,0.372287,0.32998,0.281651,0.229465,0.1766,0.126986,0.0848585,0.0541704,0.0379884,0.0379884,0.0541704,0.0848585,0.126986,0.1766,0.229465,0.281651,0.32998,0.372287,0.40746,0.435323,0.456403,0.471659,0.482234,0.489261,0.493742,0.496484,0.498096,0.499006,0.4995,0.499757,0.499887,0.499949,0.499978,0.499991,0.499996,0.499999,0.499999,0.5,0.5,0.5,0.5
0.5,0.5,0.5,0.5,0.499999,0.499998,0.499996,0.49999,0.499976,0.499945,0.499878,0.499739,0.499462,0.498931,0.497952,0.49622,0.493272,0.488457,0.480905,0.469542,0.453152,0.430507,0.400577,0.3628,0.317365,0.265466,0.20943,0.152668,0.0993996,0.0541704,0.0212241,0.00385171,0.00385171,0.0212241,0.0541704,0.0993996,0.152668,0.20943,0.265466,0.317365,0.3628,0.400577,0.430507,0.453152,0.469542,0.480905,0.488457,0.493272,0.49622,0.497952,0.498931,0.499462,0.499739,0.499878,0.499945,0.499976,0.49999,0.499996,0.499998,0.499999,0.5,0.5,0.5,0.5
0.5,0.5,0.5,0.5,0.499999,0.499998,0.499996,0.49999,0.499975,0.499943,0.499873,0.499729,0.499442,0.498891,0.497877,0.49608,0.493024,0.488032,0.480204,0.468426,0.451437,0.427966,0.396947,0.357796,0.310712,0.25693,0.198864,0.140047,0.0848525,0.0379884,0.00385171,-0.0141482,-0.0141482,0.00385171,0.0379884,0.0848525,0.140047,0.198864,0.25693,0.310712,0.357796,0.396947,0.427966,0.451437,0.468426,0.480204,0.488032,0.493024,0.49608,0.497877,0.498891,0.499442,0.499729,0.499873,0.499943,0.499975,0.49999,0.499996,0.499998,0.499999,0.5,0.5,0.5,0.5
0.5,0.5,0.5,0.5,0.499999,0.499998,0.499996,0.49999,0.499975,0.499943,0.499873,0.499729,0.499442,0.498891,0.497877,0.49608,0.493024,0.488032,0.480204,0.468426,0.451437,0.427966,0.396947,0.357796,0.310712,0.25693,0.198864,0.140047,0.0848525,0.0379884,0.00385171,-0.0141482,-0.0141482,0.00385171,0.0379884,0.0848525,0.140047,0.198864,0.25693,0.310712,0.357796,0.396947,0.427966,0.451437,0.468426,0.480204,0.488032,0.493024,0.49608,0.497877,0.498891,0.499442,0.499729,0.499873,0.499943,0.499975,0.49999,0.499996,0.499998,0.499999,0.5,0.5,0.5,0.5
0.5,0.5,0.5,0.5,0.499999,0.499998,0.499996,0.49999,0.499976,0.499945,0.499878,0.499739,0.499462,0.498931,0.497952,0.49622,0.493272,0.488457,0.480905,0.469542,0.453152,0.430507,0.400577,0.3628,0.317365,0.265466,0.20943,0.152668,0.0993996,0.0541704,0.0212241,0.00385171,0.00385171,0.0212241,0.0541704,0.0993996,0.152668,0.20943,0.265466,0.317365,0.3628,0.400577,0.430507,0.453152,0.469542,0.480905,0.488457,0.493272,0.49622,0.497952,0.498931,0.499462,0.499739,0.499878,0.499945,0.499976,0.49999,0.499996,0.499998,0.499999,0.5,0.5,0.5,0.5
0.5,0.5,0.5,0.5,0.499999,0.499999,0.499996,0.499991,0.499978,0.499949,0.499887,0.499757,0.4995,0.499006,0.498096,0.496484,0.493742,0.489261,0.482234,0.471659,0.456403,0.435323,0.40746,0.372287,0.32998,0.281651,0.229465,0.1766,0.126986,0.0848585,0.0541704,0.0379884,0.0379884,0.0541704,0.0848585,0.126986,0.1766,0.229465,0.281651,0.32998,0.372287,0.40746,0.435323,0.456403,0.471659,0.482234,0.489261,0.493742,0.496484,0.498096,0.499006,0.4995,0.499757,0.499887,0.499949,0.499978,0.499991,0.499996,0.499999,0.499999,0.5,0.5,0.5,0.5
0.5,0.5,0.5,0.5,0.5,0.499999,0.499997,0.499992,0.49998,0.499954,0.499898,0.499783,0.499552,0.499109,0.498292,0.496846,0.494386,0.490364,0.484056,0.474562,0.460863,0.441931,0.416903,0.385304,0.347292,0.303863,0.256964,0.20945,0.164855,0.126986,0.0993996,0.0848525,0.0848525,0.0993996,0.126986,0.164855,0.20945,0.256964,0.303863,0.347292,0.385304,0.416903,0.441931,0.460863,0.474562,0.484056,0.490364,0.494386,0.496846,0.498292,0.499109,0.499552,0.499783,0.499898,0.499954,0.49998,0.499992,0.499997,0.499999,0.5,0.5,0.5,0.5,0.5
0.5,0.5,0.5,0.5,0.5,0.499999,0.499997,0.499993,0.499983,0.49996,0.499912,0.499812,0.499612,0.499229,0.498523,0.497272,0.495142,0.491661,0.486199,0.477976,0.466109,0.449705,0.428015,0.400625,0.367671,0.330014,0.289342,0.248133,0.20945,0.1766,0.152668,0.140047,0.140047,0.152668,0.1766,0.20945,0.248133,0.289342,0.330014,0.367671,0.400625,0.428015,0.449705,0.466109,0.477976,0.486199,0.491661,0.495142,0.497272,0.498523,0.499229,0.499612,0.499812,0.499912,0.49996,0.499983,0.499993,0.499997,0.499999,0.5,0.5,0.5,0.5,0.5
0.5,0.5,0.5,0.5,0.5,0.499999,0.499998,0.499994,0.499986,0.499967,0.499927,0.499843,0.499677,0.499357,0.498768,0.497724,0.495947,0.49304,0.488478,0.481608,0.47169,0.457978,0.439843,0.416937,0.389371,0.357865,0.323832,0.289342,0.256964,0.229465,0.20943,0.198864,0.198864,0.20943,0.229465,0.256964,0.289342,0.323832,0.357865,0.389371,0.416937,0.439843,0.457978,0.47169,0.481608,0.488478,0.49304,0.495947,0.497724,0.498768,0.499357,0.499677,0.499843,0.499927,0.499967,0.499986,0.499994,0.499998,0.499999,0.5,0.5,0.5,0.5,0.5
0.5,0.5,0.5,0.5,0.5,0.499999,0.499998,0.499995,0.499989,0.499974,0.499941,0.499874,0.49974,0.499483,0.499009,0.498169,0.496738,0.494397,0.490722,0.485186,0.477191,0.466134,0.451505,0.433023,0.410776,0.385344,0.357865,0.330014,0.303863,0.281651,0.265466,0.25693,0.25693,0.265466,0.281651,0.303863,0.330014,0.357865,0.385344,0.410776,0.433023,0.451505,0.466134,0.477191,0.485186,0.490722,0.494397,0.496738,0.498169,0.499009,0.499483,0.49974,0.499874,0.499941,0.499974,0.499989,0.499995,0.499998,0.499999,0.5,0.5,0.5,0.5,0.5
0.5,0.5,0.5,0.5,0.5,0.499999,0.499999,0.499996,0.499991,0.49998,0.499955,0.499903,0.499799,0.4996,0.499232,0.49858,0.497469,0.495651,0.492795,0.488491,0.482274,0.473673,0.46229,0.447905,0.430583,0.410776,0.389371,0.367671,0.347292,0.32998,0.317365,0.310712,0.310712,0.317365,0.32998,0.347292,0.367671,0.389371,0.410776,0.430583,0.447905,0.46229,0.473673,0.482274,0.488491,0.492795,0.495651,0.497469,0.49858,0.499232,0.4996,0.499799,0.499903,0.499955,0.49998,0.499991,0.499996,0.499999,0.499999,0.5,0.5,0.5,0.5,0.5
0.5,0.5,0.5,0.5,0.5,0.5,0.499999,0.499997,0.499993,0.499985,0.499966,0.499927,0.49985,0.499701,0.499426,0.498938,0.498106,0.496744,0.494604,0.491377,0.486714,0.480261,0.471717,0.460915,0.447905,0.433023,0.416937,0.400625,0.385304,0.372287,0.3628,0.357796,0.357796,0.3628,0.372287,0.385304,0.400625,0.416937,0.433023,0.447905,0.460915,0.471717,0.480261,0.486714,0.491377,0.494604,0.496744,0.498106,0.498938,0.499426,0.499701,0.49985,0.499927,0.499966,0.499985,0.499993,0.499997,0.499999,0.5,0.5,0.5,0.5,0.5,0.5
0.5,0.5,0.5,0.5,0.5,0.5,0.499999,0.499998,0.499995,0.499989,0.499976,0.499948,0.499892,0.499784,0.499586,0.499234,0.498633,0.497649,0.496102,0.49377,0.490397,0.485726,0.47954,0.471717,0.46229,0.451505,0.439843,0.428015,0.416903,0.40746,0.400577,0.396947,0.396947,0.400577,0.40746,0.416903,0.428015,0.439843,0.451505,0.46229,0.471717,0.47954,0.485726,0.490397,0.49377,0.496102,0.497649,0.498633,0.499234,0.499586,0.499784,0.499892,0.499948,0.499976,0.499989,0.499995,0.499998,0.499999,0.5,0.5,0.5,0.5,0.5,0.5
0.5,0.5,0.5,0.5,0.5,0.5,0.499999,0.499999,0.499997,0.499992,0.499983,0.499964,0.499925,0.49985,0.499712,0.499467,0.499049,0.498364,0.497286,0.495659,0.493306,0.490046,0.485726,0.480261,0.473673,0.466134,0.457978,0.449705,0.441931,0.435323,0.430507,0.427966,0.427966,0.430507,0.435323,0.441931,0.449705,0.457978,0.466134,0.473673,0.480261,0.485726,0.490046,0.493306,0.495659,0.497286,0.498364,0.499049,0.499467,0.499712,0.49985,0.499925,0.499964,0.499983,0.499992,0.499997,0.499999,0.499999,0.5,0.5,0.5,0.5,0.5,0.5
0.5,0.5,0.5,0.5,0.5,0.5,0.5,0.499999,0.499998,0.499995,0.499989,0.499976,0.49995,0.4999,0.499807,0.499643,0.499362,0.498902,0.498177,0.497083,0.4955,0.493306,0.490397,0.486714,0.482274,0.477191,0.47169,0.466109,0.460863,0.456403,0.453152,0.451437,0.451437,0.453152,0.456403,0.460863,0.466109,0.47169,0.477191,0.482274,0.486714,0.490397,0.493306,0.4955,0.497083,0.498177,0.498902,0.499362,0.499643,0.499807,0.4999,0.49995,0.499976,0.499989,0.499995,0.499998,0.499999,0.5,0.5,0.5,0.5,0.5,0.5,0.5
0.5,0.5,0.5,0.5,0.5,0.5,0.5,0.499999,0.499999,0.499997,0.499993,0.499984,0.499968,0.499935,0.499875,0.499769,0.499587,0.499289,0.49882,0.49811,0.497083,0.495659,0.49377,0.491377,0.488491,0.485186,0.481608,0.477976,0.474562,0.471659,0.469542,0.468426,0.468426,0.469542,0.471659,0.474562,0.477976,0.481608,0.485186,0.488491,0.491377,0.49377,0.495659,0.497083,0.49811,0.49882,0.499289,0.499587,0.499769,0.499875,0.499935,0.499968,0.499984,0.499993,0.499997,0.499999,0.499999,0.5,0.5,0.5,0.5,0.5,0.5,0.5
0.5,0.5,0.5,0.5,0.5,0.5,0.5,0.5,0.499999,0.499998,0.499995,0.49999,0.49998,0.49996,0.499922,0.499856,0.499743,0.499556,0.499263,0.49882,0.498177,0.497286,0.496102,0.494604,0.492795,0.490722,0.488478,0.486199,0.484056,0.482234,0.480905,0.480204,0.480204,0.480905,0.482234,0.484056,0.486199,0.488478,0.490722,0.492795,0.494604,0.496102,0.497286,0.498177,0.49882,0.499263,0.499556,0.499743,0.499856,0.499922,0.49996,0.49998,0.49999,0.499995,0.499998,0.499999,0.5,0.5,0.5,0.5,0.5,0.5,0.5,0.5
0.5,0.5,0.5,0.5,0.5,0.5,0.5,0.5,0.499999,0.499999,0.499997,0.499994,0.499988,0.499976,0.499953,0.499914,0.499845,0.499733,0.499556,0.499289,0.498902,0.498364,0.497649,0.496744,0.495651,0.494397,0.49304,0.491661,0.490364,0.489261,0.488457,0.488032,0.488032,0.488457,0.489261,0.490364,0.491661,0.49304,0.494397,0.495651,0.496744,0.497649,0.498364,0.498902,0.499289,0.499556,0.499733,0.499845,0.499914,0.499953,0.499976,0.499988,0.499994,0.499997,0.499999,0.499999,0.5,0.5,0.5,0.5,0.5,0.5,0.5,0.5
0.5,0.5,0.5,0.5,0.5,0.5,0.5,0.5,0.5,0.499999,0.499998,0.499997,0.499993,0.499986,0.499973,0.49995,0.49991,0.499845,0.499743,0.499587,0.499362,0.499049,0.498633,0.498106,0.497469,0.496738,0.495947,0.495142,0.494386,0.493742,0.493272,0.493024,0.493024,0.493272,0.493742,0.494386,0.495142,0.495947,0.496738,0.497469,0.498106,0.498633,0.499049,0.499362,0.499587,0.499743,0.499845,0.49991,0.49995,0.499973,0.499986,0.499993,0.499997,0.499998,0.499999,0.5,0.5,0.5,0.5,0.5,0.5,0.5,0.5,0.5
0.5,0.5,0.5,0.5,0.5,0.5,0.5,0.5,0.5,0.5,0.499999,0.499998,0.499996,0.499992,0.499985,0.499972,0.49995,0.499914,0.499856,0.499769,0.499643,0.499467,0.499234,0.498938,0.49858,0.498169,0.497724,0.497272,0.496846,0.496484,0.49622,0.49608,0.49608,0.49622,0.496484,0.496846,0.497272,0.497724,0.498169,0.49858,0.498938,0.499234,0.499467,0.499643,0.499769,0.499856,0.499914,0.49995,0.499972,0.499985,0.499992,0.499996,0.499998,0.499999,0.5,0.5,0.5,0.5,0.5,0.5,0.5,0.5,0.5,0.5
0.5,0.5,0.5,0.5,0.5,0.5,0.5,0.5,0.5,0.5,0.5,0.499999,0.499998,0.499996,0.499992,0.499985,0.499973,0.499953,0.499922,0.499875,0.499807,0.499712,0.499586,0.499426,0.499232,0.499009,0.498768,0.498523,0.498292,0.498096,0.497952,0.497877,0.497877,0.497952,0.498096,0.498292,0.498523,0.498768,0.499009,0.499232,0.499426,0.499586,0.499712,0.499807,0.499875,0.499922,0.499953,0.499973,0.499985,0.499992,0.499996,0.499998,0.499999,0.5,0.5,0.5,0.5,0.5,0.5,0.5,0.5,0.5,0.5,0.5
0.5,0.5,0.5,0.5,0.5,0.5,0.5,0.5,0.5,0.5,0.5,0.499999,0.499999,0.499998,0.499996,0.499992,0.499986,0.499976,0.49996,0.499935,0.4999,0.49985,0.499784,0.499701,0.4996,0.499483,0.499357,0.499229,0.499109,0.499006,0.498931,0.498891,0.498891,0.498931,0.499006,0.499109,0.499229,0.499357,0.499483,0.4996,0.499701,0.499784,0.49985,0.4999,0.499935,0.49996,0.499976,0.499986,0.499992,0.499996,0.499998,0.499999,0.499999,0.5,0.5,0.5,0.5,0.5,0.5,0.5,0.5,0.5,0.5,0.5
0.5,0.5,0.5,0.5,0.5,0.5,0.5,0.5,0.5,0.5,0.5,0.5,0.499999,0.499999,0.499998,0.499996,0.499993,0.499988,0.49998,0.499968,0.49995,0.499925,0.499892,0.49985,0.499799,0.49974,0.499677,0.499612,0.499552,0.4995,0.499462,0.499442,0.499442,0.499462,0.4995,0.499552,0.499612,0.499677,0.49974,0.499799,0.49985,0.499892,0.499925,0.49995,0.499968,0.49998,0.499988,0.499993,0.499996,0.499998,0.499999,0.499999,0.5,0.5,0.5,0.5,0.5,0.5,0.5,0.5,0.5,0.5,0.5,0.5
0.5,0.5,0.5,0.5,0.5,0.5,0.5,0.5,0.5,0.5,0.5,0.5,0.5,0.499999,0.499999,0.499998,0.499997,0.499994,0.49999,0.499984,0.499976,0.499964,0.499948,0.499927,0.499903,0.499874,0.499843,0.499812,0.499783,0.499757,0.499739,0.499729,0.499729,0.499739,0.499757,0.499783,0.499812,0.499843,0.499874,0.499903,0.499927,0.499948,0.499964,0.499976,0.499984,0.49999,0.499994,0.499997,0.499998,0.499999,0.499999,0.5,0.5,0.5,0.5,0.5,0.5,0.5,0.5,0.5,0.5,0.5,0.5,0.5
0.5,0.5,0.5,0.5,0.5,0.5,0.5,0.5,0.5,0.5,0.5,0.5,0.5,0.5,0.5,0.499999,0.499998,0.499997,0.499995,0.499993,0.499989,0.499983,0.499976,0.499966,0.499955,0.499941,0.499927,0.499912,0.499898,0.499887,0.499878,0.499873,0.499873,0.499878,0.499887,0.499898,0.499912,0.499927,0.499941,0.499955,0.499966,0.499976,0.499983,0.499989,0.499993,0.499995,0.499997,0.499998,0.499999,0.5,0.5,0.5,0.5,0.5,0.5,0.5,0.5,0.5,0.5,0.5,0.5,0.5,0.5,0.5
0.5,0.5,0.5,0.5,0.5,0.5,0.5,0.5,0.5,0.5,0.5,0.5,0.5,0.5,0.5,0.5,0.499999,0.499999,0.499998,0.499997,0.499995,0.499992,0.499989,0.499985,0.49998,0.499974,0.499967,0.49996,0.499954,0.499949,0.499945,0.499943,0.499943,0.499945,0.499949,0.499954,0.49996,0.499967,0.499974,0.49998,0.499985,0.499989,0.499992,0.499995,0.499997,0.499998,0.499999,0.499999,0.5,0.5,0.5,0.5,0.5,0.5,0.5,0.5,0.5,0.5,0.5,0.5,0.5,0.5,0.5,0.5
0.5,0.5,0.5,0.5,0.5,0.5,0.5,0.5,0.5,0.5,0.5,0.5,0.5,0.5,0.5,0.5,0.5,0.499999,0.499999,0.499999,0.499998,0.499997,0.499995,0.499993,0.499991,0.499989,0.499986,0.499983,0.49998,0.499978,0.499976,0.499975,0.499975,0.499976,0.499978,0.49998,0.499983,0.499986,0.499989,0.499991,0.499993,0.499995,0.499997,0.499998,0.499999,0.499999,0.499999,0.5,0.5,0.5,0.5,0.5,0.5,0.5,0.5,0.5,0.5,0.5,0.5,0.5,0.5,0.5,0.5,0.5
0.5,0.5,0.5,0.5,0.5,0.5,0.5,0.5,0.5,0.5,0.5,0.5,0.5,0.5,0.5,0.5,0.5,0.5,0.5,0.499999,0.499999,0.499999,0.499998,0.499997,0.499996,0.499995,0.499994,0.499993,0.499992,0.499991,0.49999,0.49999,0.49999,0.49999,0.499991,0.499992,0.499993,0.499994,0.499995,0.499996,0.499997,0.499998,0.499999,0.499999,0.499999,0.5,0.5,0.5,0.5,0.5,0.5,0.5,0.5,0.5,0.5,0.5,0.5,0.5,0.5,0.5,0.5,0.5,0.5,0.5
0.5,0.5,0.5,0.5,0.5,0.5,0.5,0.5,0.5,0.5,0.5,0.5,0.5,0.5,0.5,0.5,0.5,0.5,0.5,0.5,0.5,0.499999,0.499999,0.499999,0.499999,0.499998,0.499998,0.499997,0.499997,0.499996,0.499996,0.499996,0.499996,0.499996,0.499996,0.499997,0.499997,0.499998,0.499998,0.499999,0.499999,0.499999,0.499999,0.5,0.5,0.5,0.5,0.5,0.5,0.5,0.5,0.5,0.5,0.5,0.5,0.5,0.5,0.5,0.5,0.5,0.5,0.5,0.5,0.5
0.5,0.5,0.5,0.5,0.5,0.5,0.5,0.5,0.5,0.5,0.5,0.5,0.5,0.5,0.5,0.5,0.5,0.5,0.5,0.5,0.5,0.5,0.5,0.5,0.499999,0.499999,0.499999,0.499999,0.499999,0.499999,0.499998,0.499998,0.499998,0.499998,0.499999,0.499999,0.499999,0.499999,0.499999,0.499999,0.5,0.5,0.5,0.5,0.5,0.5,0.5,0.5,0.5,0.5,0.5,0.5,0.5,0.5,0.5,0.5,0.5,0.5,0.5,0.5,0.5,0.5,0.5,0.5
0.5,0.5,0.5,0.5,0.5,0.5,0.5,0.5,0.5,0.5,0.5,0.5,0.5,0.5,0.5,0.5,0.5,0.5,0.5,0.5,0.5,0.5,0.5,0.5,0.5,0.5,0.5,0.5,0.5,0.499999,0.499999,0.499999,0.499999,0.499999,0.499999,0.5,0.5,0.5,0.5,0.5,0.5,0.5,0.5,0.5,0.5,0.5,0.5,0.5,0.5,0.5,0.5,0.5,0.5,0.5,0.5,0.5,0.5,0.5,0.5,0.5,0.5,0.5,0.5,0.5
0.5,0.5,0.5,0.5,0.5,0.5,0.5,0.5,0.5,0.5,0.5,0.5,0.5,0.5,0.5,0.5,0.5,0.5,0.5,0.5,0.5,0.5,0.5,0.5,0.5,0.5,0.5,0.5,0.5,0.5,0.5,0.5,0.5,0.5,0.5,0.5,0.5,0.5,0.5,0.5,0.5,0.5,0.5,0.5,0.5,0.5,0.5,0.5,0.5,0.5,0.5,0.5,0.5,0.5,0.5,0.5,0.5,0.5,0.5,0.5,0.5,0.5,0.5,0.5
0.5,0.5,0.5,0.5,0.5,0.5,0.5,0.5,0.5,0.5,0.5,0.5,0.5,0.5,0.5,0.5,0.5,0.5,0.5,0.5,0.5,0.5,0.5,0.5,0.5,0.5,0.5,0.5,0.5,0.5,0.5,0.5,0.5,0.5,0.5,0.5,0.5,0.5,0.5,0.5,0.5,0.5,0.5,0.5,0.5,0.5,0.5,0.5,0.5,0.5,0.5,0.5,0.5,0.5,0.5,0.5,0.5,0.5,0.5,0.5,0.5,0.5,0.5,0.5
0.5,0.5,0.5,0.5,0.5,0.5,0.5,0.5,0.5,0.5,0.5,0.5,0.5,0.5,0.5,0.5,0.5,0.5,0.5,0.5,0.5,0.5,0.5,0.5,0.5,0.5,0.5,0.5,0.5,0.5,0.5,0.5,0.5,0.5,0.5,0.5,0.5,0.5,0.5,0.5,0.5,0.5,0.5,0.5,0.5,0.5,0.5,0.5,0.5,0.5,0.5,0.5,0.5,0.5,0.5,0.5,0.5,0.5,0.5,0.5,0.5,0.5,0.5,0.5
0.5,0.5,0.5,0.5,0.5,0.5,0.5,0.5,0.5,0.5,0.5,0.5,0.5,0.5,0.5,0.5,0.5,0.5,0.5,0.5,0.5,0.5,0.5,0.5,0.5,0.5,0.5,0.5,0.5,0.5,0.5,0.5,0.5,0.5,0.5,0.5,0.5,0.5,0.5,0.5,0.5,0.5,0.5,0.5,0.5,0.5,0.5,0.5,0.5,0.5,0.5,0.5,0.5,0.5,0.5,0.5,0.5,0.5,0.5,0.5,0.5,0.5,0.5,0.5
