0.499347,0.499725,0.499579,0.49927,0.498762,0.498006,0.496933,0.495464,0.493512,0.490993,0.48784,0.484014,0.479525,0.47444,0.468895,0.463095,0.457296,0.451788,0.446863,0.442777,0.439721,0.437793,0.436989,0.437207,0.438261,0.439914,0.441903,0.443975,0.445902,0.447502,0.448641,0.449232,0.449232,0.448641,0.447502,0.445902,0.443975,0.441903,0.439914,0.438261,0.437207,0.436989,0.437793,0.439721,0.442777,0.446863,0.451788,0.457296,0.463095,0.468895,0.47444,0.479525,0.484014,0.48784,0.490993,0.493512,0.495464,0.496933,0.498006,0.498762,0.49927,0.499579,0.499725,0.499725
0.499725,0.499725,0.499579,0.49927,0.498762,0.498006,0.496933,0.495464,0.493512,0.490993,0.48784,0.484014,0.479525,0.47444,0.468895,0.463095,0.457296,0.451788,0.446863,0.442777,0.439721,0.437793,0.436989,0.437207,0.438261,0.439914,0.441903,0.443975,0.445902,0.447502,0.448641,0.449232,0.449232,0.448641,0.447502,0.445902,0.443975,0.441903,0.439914,0.438261,0.437207,0.436989,0.437793,0.439721,0.442777,0.446863,0.451788,0.457296,0.463095,0.468895,0.47444,0.479525,0.484014,0.48784,0.490993,0.493512,0.495464,0.496933,0.498006,0.498762,0.49927,0.499579,0.499725,0.499725
0.499579,0.499579,0.499429,0.499113,0.498596,0.497826,0.496737,0.495251,0.493281,0.490746,0.487581,0.483748,0.479259,0.474183,0.468657,0.462882,0.457113,0.451634,0.446731,0.442657,0.439597,0.437648,0.436806,0.436972,0.437965,0.439552,0.441478,0.443493,0.445374,0.446939,0.448055,0.448634,0.448634,0.448055,0.446939,0.445374,0.443493,0.441478,0.439552,0.437965,0.436972,0.436806,0.437648,0.439597,0.442657,0.446731,0.451634,0.457113,0.462882,0.468657,0.474183,0.479259,0.483748,0.487581,0.490746,0.493281,0.495251,0.496737,0.497826,0.498596,0.499113,0.499429,0.499579,0.499579
0.49927,0.49927,0.499113,0.498783,0.498246,0.49745,0.49633,0.494809,0.492804,0.490237,0.487045,0.483199,0.478711,0.473654,0.468164,0.46244,0.456729,0.451307,0.44645,0.442399,0.439332,0.437342,0.436427,0.43649,0.437363,0.438822,0.440623,0.442526,0.444313,0.445807,0.446876,0.447431,0.447431,0.446876,0.445807,0.444313,0.442526,0.440623,0.438822,0.437363,0.43649,0.436427,0.437342,0.439332,0.442399,0.44645,0.451307,0.456729,0.46244,0.468164,0.473654,0.478711,0.483199,0.487045,0.490237,0.492804,0.494809,0.49633,0.49745,0.498246,0.498783,0.499113,0.49927,0.49927
0.498762,0.498762,0.498596,0.498246,0.497678,0.496843,0.495677,0.494105,0.492048,0.489433,0.486204,0.482337,0.477851,0.472822,0.467386,0.461736,0.456111,0.450775,0.445986,0.441972,0.438898,0.436852,0.43583,0.435747,0.436443,0.437714,0.439331,0.441066,0.442714,0.444101,0.445099,0.445619,0.445619,0.445099,0.444101,0.442714,0.441066,0.439331,0.437714,0.436443,0.435747,0.43583,0.436852,0.438898,0.441972,0.445986,0.450775,0.456111,0.461736,0.467386,0.472822,0.477851,0.482337,0.486204,0.489433,0.492048,0.494105,0.495677,0.496843,0.497678,0.498246,0.498596,0.498762,0.498762
0.498006,0.498006,0.497826,0.49745,0.496843,0.495958,0.494732,0.493093,0.490969,0.488292,0.485016,0.481122,0.47664,0.471648,0.466282,0.46073,0.45522,0.449997,0.4453,0.441339,0.438262,0.436148,0.434995,0.434725,0.435197,0.436225,0.437601,0.439118,0.44058,0.441825,0.442727,0.443199,0.443199,0.442727,0.441825,0.44058,0.439118,0.437601,0.436225,0.435197,0.434725,0.434995,0.436148,0.438262,0.441339,0.4453,0.449997,0.45522,0.46073,0.466282,0.471648,0.47664,0.481122,0.485016,0.488292,0.490969,0.493093,0.494732,0.495958,0.496843,0.49745,0.497826,0.498006,0.498006
0.496933,0.496933,0.496737,0.49633,0.495677,0.494732,0.493434,0.491717,0.489514,0.486765,0.483433,0.479511,0.475035,0.47009,0.464812,0.459383,0.454015,0.448933,0.444356,0.440465,0.437394,0.435208,0.433907,0.433421,0.433628,0.434366,0.435453,0.436701,0.437935,0.439002,0.439783,0.440195,0.440195,0.439783,0.439002,0.437935,0.436701,0.435453,0.434366,0.433628,0.433421,0.433907,0.435208,0.437394,0.440465,0.444356,0.448933,0.454015,0.459383,0.464812,0.47009,0.475035,0.479511,0.483433,0.486765,0.489514,0.491717,0.493434,0.494732,0.495677,0.49633,0.496737,0.496933,0.496933
0.495464,0.495464,0.495251,0.494809,0.494105,0.493093,0.491717,0.489915,0.487625,0.484799,0.481409,0.47746,0.472998,0.468115,0.462945,0.457664,0.452467,0.447559,0.443128,0.439333,0.436283,0.434031,0.432573,0.431852,0.431765,0.432176,0.43293,0.433867,0.434832,0.435688,0.436324,0.436662,0.436662,0.436324,0.435688,0.434832,0.433867,0.43293,0.432176,0.431765,0.431852,0.432573,0.434031,0.436283,0.439333,0.443128,0.447559,0.452467,0.457664,0.462945,0.468115,0.472998,0.47746,0.481409,0.484799,0.487625,0.489915,0.491717,0.493093,0.494105,0.494809,0.495251,0.495464,0.495464
0.493512,0.493512,0.493281,0.492804,0.492048,0.490969,0.489514,0.487625,0.48525,0.482349,0.478907,0.474941,0.470507,0.465704,0.460668,0.455563,0.450571,0.44587,0.44162,0.437949,0.434943,0.432639,0.431031,0.430069,0.42967,0.429727,0.430116,0.430705,0.431365,0.431978,0.432447,0.432699,0.432699,0.432447,0.431978,0.431365,0.430705,0.430116,0.429727,0.42967,0.430069,0.431031,0.432639,0.434943,0.437949,0.44162,0.44587,0.450571,0.455563,0.460668,0.465704,0.470507,0.474941,0.478907,0.482349,0.48525,0.487625,0.489514,0.490969,0.492048,0.492804,0.493281,0.493512,0.493512
0.490993,0.490993,0.490746,0.490237,0.489433,0.488292,0.486765,0.484799,0.482349,0.479386,0.475908,0.471945,0.467563,0.462868,0.457995,0.453102,0.448351,0.443895,0.439863,0.436353,0.433423,0.431094,0.429351,0.428155,0.427442,0.427132,0.427133,0.427347,0.427673,0.428016,0.428296,0.428452,0.428452,0.428296,0.428016,0.427673,0.427347,0.427133,0.427132,0.427442,0.428155,0.429351,0.431094,0.433423,0.436353,0.439863,0.443895,0.448351,0.453102,0.457995,0.462868,0.467563,0.471945,0.475908,0.479386,0.482349,0.484799,0.486765,0.488292,0.489433,0.490237,0.490746,0.490993,0.490993
0.48784,0.48784,0.487581,0.487045,0.486204,0.485016,0.483433,0.481409,0.478907,0.475908,0.472423,0.468493,0.464196,0.459646,0.454976,0.450335,0.445867,0.441699,0.43793,0.434623,0.431808,0.429488,0.427641,0.426231,0.425214,0.424536,0.424141,0.423962,0.423934,0.423987,0.424061,0.424111,0.424111,0.424061,0.423987,0.423934,0.423962,0.424141,0.424536,0.425214,0.426231,0.427641,0.429488,0.431808,0.434623,0.43793,0.441699,0.445867,0.450335,0.454976,0.459646,0.464196,0.468493,0.472423,0.475908,0.478907,0.481409,0.483433,0.485016,0.486204,0.487045,0.487581,0.48784,0.48784
0.484014,0.484014,0.483748,0.483199,0.482337,0.481122,0.479511,0.47746,0.474941,0.471945,0.468493,0.464639,0.460474,0.456113,0.451693,0.447351,0.443214,0.439381,0.435921,0.432864,0.430211,0.427944,0.426031,0.424441,0.423144,0.422114,0.421325,0.42075,0.420355,0.420105,0.419962,0.419899,0.419899,0.419962,0.420105,0.420355,0.42075,0.421325,0.422114,0.423144,0.424441,0.426031,0.427944,0.430211,0.432864,0.435921,0.439381,0.443214,0.447351,0.451693,0.456113,0.460474,0.464639,0.468493,0.471945,0.474941,0.47746,0.479511,0.481122,0.482337,0.483199,0.483748,0.484014,0.484014
0.479525,0.479525,0.479259,0.478711,0.477851,0.47664,0.475035,0.472998,0.470507,0.467563,0.464196,0.460474,0.456493,0.452377,0.448258,0.444267,0.44051,0.437062,0.43396,0.431202,0.428761,0.426596,0.424665,0.422938,0.421397,0.420042,0.418879,0.417915,0.417156,0.416598,0.416234,0.416055,0.416055,0.416234,0.416598,0.417156,0.417915,0.418879,0.420042,0.421397,0.422938,0.424665,0.426596,0.428761,0.431202,0.43396,0.437062,0.44051,0.444267,0.448258,0.452377,0.456493,0.460474,0.464196,0.467563,0.470507,0.472998,0.475035,0.47664,0.477851,0.478711,0.479259,0.479525,0.479525
0.47444,0.47444,0.474183,0.473654,0.472822,0.471648,0.47009,0.468115,0.465704,0.462868,0.459646,0.456113,0.452377,0.448562,0.444801,0.441212,0.437885,0.43487,0.432173,0.429762,0.427583,0.425572,0.423675,0.421861,0.420123,0.418483,0.416977,0.415648,0.414538,0.41368,0.413098,0.412803,0.412803,0.413098,0.41368,0.414538,0.415648,0.416977,0.418483,0.420123,0.421861,0.423675,0.425572,0.427583,0.429762,0.432173,0.43487,0.437885,0.441212,0.444801,0.448562,0.452377,0.456113,0.459646,0.462868,0.465704,0.468115,0.47009,0.471648,0.472822,0.473654,0.474183,0.47444,0.47444
0.468895,0.468895,0.468657,0.468164,0.467386,0.466282,0.464812,0.462945,0.460668,0.457995,0.454976,0.451693,0.448258,0.444801,0.441448,0.43831,0.435457,0.432916,0.430666,0.428646,0.426775,0.424968,0.423158,0.421312,0.419433,0.417558,0.415754,0.414096,0.412664,0.411527,0.410739,0.410336,0.410336,0.410739,0.411527,0.412664,0.414096,0.415754,0.417558,0.419433,0.421312,0.423158,0.424968,0.426775,0.428646,0.430666,0.432916,0.435457,0.43831,0.441448,0.444801,0.448258,0.451693,0.454976,0.457995,0.460668,0.462945,0.464812,0.466282,0.467386,0.468164,0.468657,0.468895,0.468895
0.463095,0.463095,0.462882,0.46244,0.461736,0.46073,0.459383,0.457664,0.455563,0.453102,0.450335,0.447351,0.444267,0.441212,0.43831,0.435658,0.433313,0.431278,0.429506,0.427911,0.426386,0.424828,0.423157,0.421337,0.419376,0.417329,0.415285,0.413351,0.411641,0.410258,0.409286,0.408786,0.408786,0.409286,0.410258,0.411641,0.413351,0.415285,0.417329,0.419376,0.421337,0.423157,0.424828,0.426386,0.427911,0.429506,0.431278,0.433313,0.435658,0.43831,0.441212,0.444267,0.447351,0.450335,0.453102,0.455563,0.457664,0.459383,0.46073,0.461736,0.46244,0.462882,0.463095,0.463095
0.457296,0.457296,0.457113,0.456729,0.456111,0.45522,0.454015,0.452467,0.450571,0.448351,0.445867,0.443214,0.44051,0.437885,0.435457,0.433313,0.431493,0.42998,0.428704,0.427555,0.426405,0.425133,0.423649,0.421912,0.419935,0.417786,0.415572,0.413429,0.4115,0.40992,0.408799,0.408218,0.408218,0.408799,0.40992,0.4115,0.413429,0.415572,0.417786,0.419935,0.421912,0.423649,0.425133,0.426405,0.427555,0.428704,0.42998,0.431493,0.433313,0.435457,0.437885,0.44051,0.443214,0.445867,0.448351,0.450571,0.452467,0.454015,0.45522,0.456111,0.456729,0.457113,0.457296,0.457296
0.451788,0.451788,0.451634,0.451307,0.450775,0.449997,0.448933,0.447559,0.44587,0.443895,0.441699,0.439381,0.437062,0.43487,0.432916,0.431278,0.42998,0.428986,0.428207,0.427511,0.426754,0.425797,0.424544,0.422947,0.421024,0.41885,0.41655,0.41428,0.412207,0.41049,0.409263,0.408625,0.408625,0.409263,0.41049,0.412207,0.41428,0.41655,0.41885,0.421024,0.422947,0.424544,0.425797,0.426754,0.427511,0.428207,0.428986,0.42998,0.431278,0.432916,0.43487,0.437062,0.439381,0.441699,0.443895,0.44587,0.447559,0.448933,0.449997,0.450775,0.451307,0.451634,0.451788,0.451788
0.446863,0.446863,0.446731,0.44645,0.445986,0.4453,0.444356,0.443128,0.44162,0.439863,0.43793,0.435921,0.43396,0.432173,0.430666,0.429506,0.428704,0.428207,0.427907,0.427658,0.427298,0.426679,0.425694,0.424295,0.422499,0.420387,0.418095,0.415793,0.413663,0.411884,0.410606,0.409938,0.409938,0.410606,0.411884,0.413663,0.415793,0.418095,0.420387,0.422499,0.424295,0.425694,0.426679,0.427298,0.427658,0.427907,0.428207,0.428704,0.429506,0.430666,0.432173,0.43396,0.435921,0.43793,0.439863,0.44162,0.443128,0.444356,0.4453,0.445986,0.44645,0.446731,0.446863,0.446863
0.442777,0.442777,0.442657,0.442399,0.441972,0.441339,0.440465,0.439333,0.437949,0.436353,0.434623,0.432864,0.431202,0.429762,0.428646,0.427911,0.427555,0.427511,0.427658,0.427834,0.427867,0.427599,0.426919,0.425775,0.424183,0.422227,0.420047,0.417818,0.415733,0.413976,0.412708,0.412043,0.412043,0.412708,0.413976,0.415733,0.417818,0.420047,0.422227,0.424183,0.425775,0.426919,0.427599,0.427867,0.427834,0.427658,0.427511,0.427555,0.427911,0.428646,0.429762,0.431202,0.432864,0.434623,0.436353,0.437949,0.439333,0.440465,0.441339,0.441972,0.442399,0.442657,0.442777,0.442777
0.439721,0.439721,0.439597,0.439332,0.438898,0.438262,0.437394,0.436283,0.434943,0.433423,0.431808,0.430211,0.428761,0.427583,0.426775,0.426386,0.426405,0.426754,0.427298,0.427867,0.428279,0.428373,0.428032,0.4272,0.425892,0.424191,0.422232,0.420191,0.418257,0.416615,0.415422,0.414795,0.414795,0.415422,0.416615,0.418257,0.420191,0.422232,0.424191,0.425892,0.4272,0.428032,0.428373,0.428279,0.427867,0.427298,0.426754,0.426405,0.426386,0.426775,0.427583,0.428761,0.430211,0.431808,0.433423,0.434943,0.436283,0.437394,0.438262,0.438898,0.439332,0.439597,0.439721,0.439721
0.437793,0.437793,0.437648,0.437342,0.436852,0.436148,0.435208,0.434031,0.432639,0.431094,0.429488,0.427944,0.426596,0.425572,0.424968,0.424828,0.425133,0.425797,0.426679,0.427599,0.428373,0.428834,0.428864,0.428403,0.427462,0.426115,0.424492,0.422753,0.42108,0.419644,0.418596,0.418043,0.418043,0.418596,0.419644,0.42108,0.422753,0.424492,0.426115,0.427462,0.428403,0.428864,0.428834,0.428373,0.427599,0.426679,0.425797,0.425133,0.424828,0.424968,0.425572,0.426596,0.427944,0.429488,0.431094,0.432639,0.434031,0.435208,0.436148,0.436852,0.437342,0.437648,0.437793,0.437793
0.436989,0.436989,0.436806,0.436427,0.43583,0.434995,0.433907,0.432573,0.431031,0.429351,0.427641,0.426031,0.424665,0.423675,0.423158,0.423157,0.423649,0.424544,0.425694,0.426919,0.428032,0.428864,0.429294,0.429261,0.428765,0.427871,0.42669,0.425367,0.424059,0.422919,0.422078,0.421633,0.421633,0.422078,0.422919,0.424059,0.425367,0.42669,0.427871,0.428765,0.429261,0.429294,0.428864,0.428032,0.426919,0.425694,0.424544,0.423649,0.423157,0.423158,0.423675,0.424665,0.426031,0.427641,0.429351,0.431031,0.432573,0.433907,0.434995,0.43583,0.436427,0.436806,0.436989,0.436989
0.437207,0.437207,0.436972,0.43649,0.435747,0.434725,0.433421,0.431852,0.430069,0.428155,0.426231,0.424441,0.422938,0.421861,0.421312,0.421337,0.421912,0.422947,0.424295,0.425775,0.4272,0.428403,0.429261,0.429705,0.429727,0.429373,0.428732,0.427922,0.427071,0.426305,0.425729,0.42542,0.42542,0.425729,0.426305,0.427071,0.427922,0.428732,0.429373,0.429727,0.429705,0.429261,0.428403,0.4272,0.425775,0.424295,0.422947,0.421912,0.421337,0.421312,0.421861,0.422938,0.424441,0.426231,0.428155,0.430069,0.431852,0.433421,0.434725,0.435747,0.43649,0.436972,0.437207,0.437207
0.438261,0.438261,0.437965,0.437363,0.436443,0.435197,0.433628,0.431765,0.42967,0.427442,0.425214,0.423144,0.421397,0.420123,0.419433,0.419376,0.419935,0.421024,0.422499,0.424183,0.425892,0.427462,0.428765,0.429727,0.430323,0.430579,0.430556,0.430338,0.430017,0.429685,0.429417,0.429268,0.429268,0.429417,0.429685,0.430017,0.430338,0.430556,0.430579,0.430323,0.429727,0.428765,0.427462,0.425892,0.424183,0.422499,0.421024,0.419935,0.419376,0.419433,0.420123,0.421397,0.423144,0.425214,0.427442,0.42967,0.431765,0.433628,0.435197,0.436443,0.437363,0.437965,0.438261,0.438261
0.439914,0.439914,0.439552,0.438822,0.437714,0.436225,0.434366,0.432176,0.429727,0.427132,0.424536,0.422114,0.420042,0.418483,0.417558,0.417329,0.417786,0.41885,0.420387,0.422227,0.424191,0.426115,0.427871,0.429373,0.430579,0.43149,0.432134,0.432557,0.432812,0.432951,0.433018,0.433043,0.433043,0.433018,0.432951,0.432812,0.432557,0.432134,0.43149,0.430579,0.429373,0.427871,0.426115,0.424191,0.422227,0.420387,0.41885,0.417786,0.417329,0.417558,0.418483,0.420042,0.422114,0.424536,0.427132,0.429727,0.432176,0.434366,0.436225,0.437714,0.438822,0.439552,0.439914,0.439914
0.441903,0.441903,0.441478,0.440623,0.439331,0.437601,0.435453,0.43293,0.430116,0.427133,0.424141,0.421325,0.418879,0.416977,0.415754,0.415285,0.415572,0.41655,0.418095,0.420047,0.422232,0.424492,0.42669,0.428732,0.430556,0.432134,0.433459,0.434537,0.43538,0.436002,0.436411,0.436614,0.436614,0.436411,0.436002,0.43538,0.434537,0.433459,0.432134,0.430556,0.428732,0.42669,0.424492,0.422232,0.420047,0.418095,0.41655,0.415572,0.415285,0.415754,0.416977,0.418879,0.421325,0.424141,0.427133,0.430116,0.43293,0.435453,0.437601,0.439331,0.440623,0.441478,0.441903,0.441903
0.443975,0.443975,0.443493,0.442526,0.441066,0.439118,0.436701,0.433867,0.430705,0.427347,0.423962,0.42075,0.417915,0.415648,0.414096,0.413351,0.413429,0.41428,0.415793,0.417818,0.420191,0.422753,0.425367,0.427922,0.430338,0.432557,0.434537,0.436246,0.437655,0.438739,0.439476,0.439849,0.439849,0.439476,0.438739,0.437655,0.436246,0.434537,0.432557,0.430338,0.427922,0.425367,0.422753,0.420191,0.417818,0.415793,0.41428,0.413429,0.413351,0.414096,0.415648,0.417915,0.42075,0.423962,0.427347,0.430705,0.433867,0.436701,0.439118,0.441066,0.442526,0.443493,0.443975,0.443975
0.445902,0.445902,0.445374,0.444313,0.442714,0.44058,0.437935,0.434832,0.431365,0.427673,0.423934,0.420355,0.417156,0.414538,0.412664,0.411641,0.4115,0.412207,0.413663,0.415733,0.418257,0.42108,0.424059,0.427071,0.430017,0.432812,0.43538,0.437655,0.439571,0.441069,0.4421,0.442625,0.442625,0.4421,0.441069,0.439571,0.437655,0.43538,0.432812,0.430017,0.427071,0.424059,0.42108,0.418257,0.415733,0.413663,0.412207,0.4115,0.411641,0.412664,0.414538,0.417156,0.420355,0.423934,0.427673,0.431365,0.434832,0.437935,0.44058,0.442714,0.444313,0.445374,0.445902,0.445902
0.447502,0.447502,0.446939,0.445807,0.444101,0.441825,0.439002,0.435688,0.431978,0.428016,0.423987,0.420105,0.416598,0.41368,0.411527,0.410258,0.40992,0.41049,0.411884,0.413976,0.416615,0.419644,0.422919,0.426305,0.429685,0.432951,0.436002,0.438739,0.441069,0.442906,0.444175,0.444823,0.444823,0.444175,0.442906,0.441069,0.438739,0.436002,0.432951,0.429685,0.426305,0.422919,0.419644,0.416615,0.413976,0.411884,0.41049,0.40992,0.410258,0.411527,0.41368,0.416598,0.420105,0.423987,0.428016,0.431978,0.435688,0.439002,0.441825,0.444101,0.445807,0.446939,0.447502,0.447502
0.448641,0.448641,0.448055,0.446876,0.445099,0.442727,0.439783,0.436324,0.432447,0.428296,0.424061,0.419962,0.416234,0.413098,0.410739,0.409286,0.408799,0.409263,0.410606,0.412708,0.415422,0.418596,0.422078,0.425729,0.429417,0.433018,0.436411,0.439476,0.4421,0.444175,0.445613,0.446349,0.446349,0.445613,0.444175,0.4421,0.439476,0.436411,0.433018,0.429417,0.425729,0.422078,0.418596,0.415422,0.412708,0.410606,0.409263,0.408799,0.409286,0.410739,0.413098,0.416234,0.419962,0.424061,0.428296,0.432447,0.436324,0.439783,0.442727,0.445099,0.446876,0.448055,0.448641,0.448641
0.449232,0.449232,0.448634,0.447431,0.445619,0.443199,0.440195,0.436662,0.432699,0.428452,0.424111,0.419899,0.416055,0.412803,0.410336,0.408786,0.408218,0.408625,0.409938,0.412043,0.414795,0.418043,0.421633,0.42542,0.429268,0.433043,0.436614,0.439849,0.442625,0.444823,0.446349,0.44713,0.44713,0.446349,0.444823,0.442625,0.439849,0.436614,0.433043,0.429268,0.42542,0.421633,0.418043,0.414795,0.412043,0.409938,0.408625,0.408218,0.408786,0.410336,0.412803,0.416055,0.419899,0.424111,0.428452,0.432699,0.436662,0.440195,0.443199,0.445619,0.447431,0.448634,0.449232,0.449232
0.449232,0.449232,0.448634,0.447431,0.445619,0.443199,0.440195,0.436662,0.432699,0.428452,0.424111,0.419899,0.416055,0.412803,0.410336,0.408786,0.408218,0.408625,0.409938,0.412043,0.414795,0.418043,0.421633,0.42542,0.429268,0.433043,0.436614,0.439849,0.442625,0.444823,0.446349,0.44713,0.44713,0.446349,0.444823,0.442625,0.439849,0.436614,0.433043,0.429268,0.42542,0.421633,0.418043,0.414795,0.412043,0.409938,0.408625,0.408218,0.408786,0.410336,0.412803,0.416055,0.419899,0.424111,0.428452,0.432699,0.436662,0.440195,0.443199,0.445619,0.447431,0.448634,0.449232,0.449232
0.448641,0.448641,0.448055,0.446876,0.445099,0.442727,0.439783,0.436324,0.432447,0.428296,0.424061,0.419962,0.416234,0.413098,0.410739,0.409286,0.408799,0.409263,0.410606,0.412708,0.415422,0.418596,0.422078,0.425729,0.429417,0.433018,0.436411,0.439476,0.4421,0.444175,0.445613,0.446349,0.446349,0.445613,0.444175,0.4421,0.439476,0.436411,0.433018,0.429417,0.425729,0.422078,0.418596,0.415422,0.412708,0.410606,0.409263,0.408799,0.409286,0.410739,0.413098,0.416234,0.419962,0.424061,0.428296,0.432447,0.436324,0.439783,0.442727,0.445099,0.446876,0.448055,0.448641,0.448641
0.447502,0.447502,0.446939,0.445807,0.444101,0.441825,0.439002,0.435688,0.431978,0.428016,0.423987,0.420105,0.416598,0.41368,0.411527,0.410258,0.40992,0.41049,0.411884,0.413976,0.416615,0.419644,0.422919,0.426305,0.429685,0.432951,0.436002,0.438739,0.441069,0.442906,0.444175,0.444823,0.444823,0.444175,0.442906,0.441069,0.438739,0.436002,0.432951,0.429685,0.426305,0.422919,0.419644,0.416615,0.413976,0.411884,0.41049,0.40992,0.410258,0.411527,0.41368,0.416598,0.420105,0.423987,0.428016,0.431978,0.435688,0.439002,0.441825,0.444101,0.445807,0.446939,0.447502,0.447502
0.445902,0.445902,0.445374,0.444313,0.442714,0.44058,0.437935,0.434832,0.431365,0.427673,0.423934,0.420355,0.417156,0.414538,0.412664,0.411641,0.4115,0.412207,0.413663,0.415733,0.418257,0.42108,0.424059,0.427071,0.430017,0.432812,0.43538,0.437655,0.439571,0.441069,0.4421,0.442625,0.442625,0.4421,0.441069,0.439571,0.437655,0.43538,0.432812,0.430017,0.427071,0.424059,0.42108,0.418257,0.415733,0.413663,0.412207,0.4115,0.411641,0.412664,0.414538,0.417156,0.420355,0.423934,0.427673,0.431365,0.434832,0.437935,0.44058,0.442714,0.444313,0.445374,0.445902,0.445902
0.443975,0.443975,0.443493,0.442526,0.441066,0.439118,0.436701,0.433867,0.430705,0.427347,0.423962,0.42075,0.417915,0.415648,0.414096,0.413351,0.413429,0.41428,0.415793,0.417818,0.420191,0.422753,0.425367,0.427922,0.430338,0.432557,0.434537,0.436246,0.437655,0.438739,0.439476,0.439849,0.439849,0.439476,0.438739,0.437655,0.436246,0.434537,0.432557,0.430338,0.427922,0.425367,0.422753,0.420191,0.417818,0.415793,0.41428,0.413429,0.413351,0.414096,0.415648,0.417915,0.42075,0.423962,0.427347,0.430705,0.433867,0.436701,0.439118,0.441066,0.442526,0.443493,0.443975,0.443975
0.441903,0.441903,0.441478,0.440623,0.439331,0.437601,0.435453,0.43293,0.430116,0.427133,0.424141,0.421325,0.418879,0.416977,0.415754,0.415285,0.415572,0.41655,0.418095,0.420047,0.422232,0.424492,0.42669,0.428732,0.430556,0.432134,0.433459,0.434537,0.43538,0.436002,0.436411,0.436614,0.436614,0.436411,0.436002,0.43538,0.434537,0.433459,0.432134,0.430556,0.428732,0.42669,0.424492,0.422232,0.420047,0.418095,0.41655,0.415572,0.415285,0.415754,0.416977,0.418879,0.421325,0.424141,0.427133,0.430116,0.43293,0.435453,0.437601,0.439331,0.440623,0.441478,0.441903,0.441903
0.439914,0.439914,0.439552,0.438822,0.437714,0.436225,0.434366,0.432176,0.429727,0.427132,0.424536,0.422114,0.420042,0.418483,0.417558,0.417329,0.417786,0.41885,0.420387,0.422227,0.424191,0.426115,0.427871,0.429373,0.430579,0.43149,0.432134,0.432557,0.432812,0.432951,0.433018,0.433043,0.433043,0.433018,0.432951,0.432812,0.432557,0.432134,0.43149,0.430579,0.429373,0.427871,0.426115,0.424191,0.422227,0.420387,0.41885,0.417786,0.417329,0.417558,0.418483,0.420042,0.422114,0.424536,0.427132,0.429727,0.432176,0.434366,0.436225,0.437714,0.438822,0.439552,0.439914,0.439914
0.438261,0.438261,0.437965,0.437363,0.436443,0.435197,0.433628,0.431765,0.42967,0.427442,0.425214,0.423144,0.421397,0.420123,0.419433,0.419376,0.419935,0.421024,0.422499,0.424183,0.425892,0.427462,0.428765,0.429727,0.430323,0.430579,0.430556,0.430338,0.430017,0.429685,0.429417,0.429268,0.429268,0.429417,0.429685,0.430017,0.430338,0.430556,0.430579,0.430323,0.429727,0.428765,0.427462,0.425892,0.424183,0.422499,0.421024,0.419935,0.419376,0.419433,0.420123,0.421397,0.423144,0.425214,0.427442,0.42967,0.431765,0.433628,0.435197,0.436443,0.437363,0.437965,0.438261,0.438261
0.437207,0.437207,0.436972,0.43649,0.435747,0.434725,0.433421,0.431852,0.430069,0.428155,0.426231,0.424441,0.422938,0.421861,0.421312,0.421337,0.421912,0.422947,0.424295,0.425775,0.4272,0.428403,0.429261,0.429705,0.429727,0.429373,0.428732,0.427922,0.427071,0.426305,0.425729,0.42542,0.42542,0.425729,0.426305,0.427071,0.427922,0.428732,0.429373,0.429727,0.429705,0.429261,0.428403,0.4272,0.425775,0.424295,0.422947,0.421912,0.421337,0.421312,0.421861,0.422938,0.424441,0.426231,0.428155,0.430069,0.431852,0.433421,0.434725,0.435747,0.43649,0.436972,0.437207,0.437207
0.436989,0.436989,0.436806,0.436427,0.43583,0.434995,0.433907,0.432573,0.431031,0.429351,0.427641,0.426031,0.424665,0.423675,0.423158,0.423157,0.423649,0.424544,0.425694,0.426919,0.428032,0.428864,0.429294,0.429261,0.428765,0.427871,0.42669,0.425367,0.424059,0.422919,0.422078,0.421633,0.421633,0.422078,0.422919,0.424059,0.425367,0.42669,0.427871,0.428765,0.429261,0.429294,0.428864,0.428032,0.426919,0.425694,0.424544,0.423649,0.423157,0.423158,0.423675,0.424665,0.426031,0.427641,0.429351,0.431031,0.432573,0.433907,0.434995,0.43583,0.436427,0.436806,0.436989,0.436989
0.437793,0.437793,0.437648,0.437342,0.436852,0.436148,0.435208,0.434031,0.432639,0.431094,0.429488,0.427944,0.426596,0.425572,0.424968,0.424828,0.425133,0.425797,0.426679,0.427599,0.428373,0.428834,0.428864,0.428403,0.427462,0.426115,0.424492,0.422753,0.42108,0.419644,0.418596,0.418043,0.418043,0.418596,0.419644,0.42108,0.422753,0.424492,0.426115,0.427462,0.428403,0.428864,0.428834,0.428373,0.427599,0.426679,0.425797,0.425133,0.424828,0.424968,0.425572,0.426596,0.427944,0.429488,0.431094,0.432639,0.434031,0.435208,0.436148,0.436852,0.437342,0.437648,0.437793,0.437793
0.439721,0.439721,0.439597,0.439332,0.438898,0.438262,0.437394,0.436283,0.434943,0.433423,0.431808,0.430211,0.428761,0.427583,0.426775,0.426386,0.426405,0.426754,0.427298,0.427867,0.428279,0.428373,0.428032,0.4272,0.425892,0.424191,0.422232,0.420191,0.418257,0.416615,0.415422,0.414795,0.414795,0.415422,0.416615,0.418257,0.420191,0.422232,0.424191,0.425892,0.4272,0.428032,0.428373,0.428279,0.427867,0.427298,0.426754,0.426405,0.426386,0.426775,0.427583,0.428761,0.430211,0.431808,0.433423,0.434943,0.436283,0.437394,0.438262,0.438898,0.439332,0.439597,0.439721,0.439721
0.442777,0.442777,0.442657,0.442399,0.441972,0.441339,0.440465,0.439333,0.437949,0.436353,0.434623,0.432864,0.431202,0.429762,0.428646,0.427911,0.427555,0.427511,0.427658,0.427834,0.427867,0.427599,0.426919,0.425775,0.424183,0.422227,0.420047,0.417818,0.415733,0.413976,0.412708,0.412043,0.412043,0.412708,0.413976,0.415733,0.417818,0.420047,0.422227,0.424183,0.425775,0.426919,0.427599,0.427867,0.427834,0.427658,0.427511,0.427555,0.427911,0.428646,0.429762,0.431202,0.432864,0.434623,0.436353,0.437949,0.439333,0.440465,0.441339,0.441972,0.442399,0.442657,0.442777,0.442777
0.446863,0.446863,0.446731,0.44645,0.445986,0.4453,0.444356,0.443128,0.44162,0.439863,0.43793,0.435921,0.43396,0.432173,0.430666,0.429506,0.428704,0.428207,0.427907,0.427658,0.427298,0.426679,0.425694,0.424295,0.422499,0.420387,0.418095,0.415793,0.413663,0.411884,0.410606,0.409938,0.409938,0.410606,0.411884,0.413663,0.415793,0.418095,0.420387,0.422499,0.424295,0.425694,0.426679,0.427298,0.427658,0.427907,0.428207,0.428704,0.429506,0.430666,0.432173,0.43396,0.435921,0.43793,0.439863,0.44162,0.443128,0.444356,0.4453,0.445986,0.44645,0.446731,0.446863,0.446863
0.451788,0.451788,0.451634,0.451307,0.450775,0.449997,0.448933,0.447559,0.44587,0.443895,0.441699,0.439381,0.437062,0.43487,0.432916,0.431278,0.42998,0.428986,0.428207,0.427511,0.426754,0.425797,0.424544,0.422947,0.421024,0.41885,0.41655,0.41428,0.412207,0.41049,0.409263,0.408625,0.408625,0.409263,0.41049,0.412207,0.41428,0.41655,0.41885,0.421024,0.422947,0.424544,0.425797,0.426754,0.427511,0.428207,0.428986,0.42998,0.431278,0.432916,0.43487,0.437062,0.439381,0.441699,0.443895,0.44587,0.447559,0.448933,0.449997,0.450775,0.451307,0.451634,0.451788,0.451788
0.457296,0.457296,0.457113,0.456729,0.456111,0.45522,0.454015,0.452467,0.450571,0.448351,0.445867,0.443214,0.44051,0.437885,0.435457,0.433313,0.431493,0.42998,0.428704,0.427555,0.426405,0.425133,0.423649,0.421912,0.419935,0.417786,0.415572,0.413429,0.4115,0.40992,0.408799,0.408218,0.408218,0.408799,0.40992,0.4115,0.413429,0.415572,0.417786,0.419935,0.421912,0.423649,0.425133,0.426405,0.427555,0.428704,0.42998,0.431493,0.433313,0.435457,0.437885,0.44051,0.443214,0.445867,0.448351,0.450571,0.452467,0.454015,0.45522,0.456111,0.456729,0.457113,0.457296,0.457296
0.463095,0.463095,0.462882,0.46244,0.461736,0.46073,0.459383,0.457664,0.455563,0.453102,0.450335,0.447351,0.444267,0.441212,0.43831,0.435658,0.433313,0.431278,0.429506,0.427911,0.426386,0.424828,0.423157,0.421337,0.419376,0.417329,0.415285,0.413351,0.411641,0.410258,0.409286,0.408786,0.408786,0.409286,0.410258,0.411641,0.413351,0.415285,0.417329,0.419376,0.421337,0.423157,0.424828,0.426386,0.427911,0.429506,0.431278,0.433313,0.435658,0.43831,0.441212,0.444267,0.447351,0.450335,0.453102,0.455563,0.457664,0.459383,0.46073,0.461736,0.46244,0.462882,0.463095,0.463095
0.468895,0.468895,0.468657,0.468164,0.467386,0.466282,0.464812,0.462945,0.460668,0.457995,0.454976,0.451693,0.448258,0.444801,0.441448,0.43831,0.435457,0.432916,0.430666,0.428646,0.426775,0.424968,0.423158,0.421312,0.419433,0.417558,0.415754,0.414096,0.412664,0.411527,0.410739,0.410336,0.410336,0.410739,0.411527,0.412664,0.414096,0.415754,0.417558,0.419433,0.421312,0.423158,0.424968,0.426775,0.428646,0.430666,0.432916,0.435457,0.43831,0.441448,0.444801,0.448258,0.451693,0.454976,0.457995,0.460668,0.462945,0.464812,0.466282,0.467386,0.468164,0.468657,0.468895,0.468895
0.47444,0.47444,0.474183,0.473654,0.472822,0.471648,0.47009,0.468115,0.465704,0.462868,0.459646,0.456113,0.452377,0.448562,0.444801,0.441212,0.437885,0.43487,0.432173,0.429762,0.427583,0.425572,0.423675,0.421861,0.420123,0.418483,0.416977,0.415648,0.414538,0.41368,0.413098,0.412803,0.412803,0.413098,0.41368,0.414538,0.415648,0.416977,0.418483,0.420123,0.421861,0.423675,0.425572,0.427583,0.429762,0.432173,0.43487,0.437885,0.441212,0.444801,0.448562,0.452377,0.456113,0.459646,0.462868,0.465704,0.468115,0.47009,0.471648,0.472822,0.473654,0.474183,0.47444,0.47444
0.479525,0.479525,0.479259,0.478711,0.477851,0.47664,0.475035,0.472998,0.470507,0.467563,0.464196,0.460474,0.456493,0.452377,0.448258,0.444267,0.44051,0.437062,0.43396,0.431202,0.428761,0.426596,0.424665,0.422938,0.421397,0.420042,0.418879,0.417915,0.417156,0.416598,0.416234,0.416055,0.416055,0.416234,0.416598,0.417156,0.417915,0.418879,0.420042,0.421397,0.422938,0.424665,0.426596,0.428761,0.431202,0.43396,0.437062,0.44051,0.444267,0.448258,0.452377,0.456493,0.460474,0.464196,0.467563,0.470507,0.472998,0.475035,0.47664,0.477851,0.478711,0.479259,0.479525,0.479525
0.484014,0.484014,0.483748,0.483199,0.482337,0.481122,0.479511,0.47746,0.474941,0.471945,0.468493,0.464639,0.460474,0.456113,0.451693,0.447351,0.443214,0.439381,0.435921,0.432864,0.430211,0.427944,0.426031,0.424441,0.423144,0.422114,0.421325,0.42075,0.420355,0.420105,0.419962,0.419899,0.419899,0.419962,0.420105,0.420355,0.42075,0.421325,0.422114,0.423144,0.424441,0.426031,0.427944,0.430211,0.432864,0.435921,0.439381,0.443214,0.447351,0.451693,0.456113,0.460474,0.464639,0.468493,0.471945,0.474941,0.47746,0.479511,0.481122,0.482337,0.483199,0.483748,0.484014,0.484014
0.48784,0.48784,0.487581,0.487045,0.486204,0.485016,0.483433,0.481409,0.478907,0.475908,0.472423,0.468493,0.464196,0.459646,0.454976,0.450335,0.445867,0.441699,0.43793,0.434623,0.431808,0.429488,0.427641,0.426231,0.425214,0.424536,0.424141,0.423962,0.423934,0.423987,0.424061,0.424111,0.424111,0.424061,0.423987,0.423934,0.423962,0.424141,0.424536,0.425214,0.426231,0.427641,0.429488,0.431808,0.434623,0.43793,0.441699,0.445867,0.450335,0.454976,0.459646,0.464196,0.468493,0.472423,0.475908,0.478907,0.481409,0.483433,0.485016,0.486204,0.487045,0.487581,0.48784,0.48784
0.490993,0.490993,0.490746,0.490237,0.489433,0.488292,0.486765,0.484799,0.482349,0.479386,0.475908,0.471945,0.467563,0.462868,0.457995,0.453102,0.448351,0.443895,0.439863,0.436353,0.433423,0.431094,0.429351,0.428155,0.427442,0.427132,0.427133,0.427347,0.427673,0.428016,0.428296,0.428452,0.428452,0.428296,0.428016,0.427673,0.427347,0.427133,0.427132,0.427442,0.428155,0.429351,0.431094,0.433423,0.436353,0.439863,0.443895,0.448351,0.453102,0.457995,0.462868,0.467563,0.471945,0.475908,0.479386,0.482349,0.484799,0.486765,0.488292,0.489433,0.490237,0.490746,0.490993,0.490993
0.493512,0.493512,0.493281,0.492804,0.492048,0.490969,0.489514,0.487625,0.48525,0.482349,0.478907,0.474941,0.470507,0.465704,0.460668,0.455563,0.450571,0.44587,0.44162,0.437949,0.434943,0.432639,0.431031,0.430069,0.42967,0.429727,0.430116,0.430705,0.431365,0.431978,0.432447,0.432699,0.432699,0.432447,0.431978,0.431365,0.430705,0.430116,0.429727,0.42967,0.430069,0.431031,0.432639,0.434943,0.437949,0.44162,0.44587,0.450571,0.455563,0.460668,0.465704,0.470507,0.474941,0.478907,0.482349,0.48525,0.487625,0.489514,0.490969,0.492048,0.492804,0.493281,0.493512,0.493512
0.495464,0.495464,0.495251,0.494809,0.494105,0.493093,0.491717,0.489915,0.487625,0.484799,0.481409,0.47746,0.472998,0.468115,0.462945,0.457664,0.452467,0.447559,0.443128,0.439333,0.436283,0.434031,0.432573,0.431852,0.431765,0.432176,0.43293,0.433867,0.434832,0.435688,0.436324,0.436662,0.436662,0.436324,0.435688,0.434832,0.433867,0.43293,0.432176,0.431765,0.431852,0.432573,0.434031,0.436283,0.439333,0.443128,0.447559,0.452467,0.457664,0.462945,0.468115,0.472998,0.47746,0.481409,0.484799,0.487625,0.489915,0.491717,0.493093,0.494105,0.494809,0.495251,0.495464,0.495464
0.496933,0.496933,0.496737,0.49633,0.495677,0.494732,0.493434,0.491717,0.489514,0.486765,0.483433,0.479511,0.475035,0.47009,0.464812,0.459383,0.454015,0.448933,0.444356,0.440465,0.437394,0.435208,0.433907,0.433421,0.433628,0.434366,0.435453,0.436701,0.437935,0.439002,0.439783,0.440195,0.440195,0.439783,0.439002,0.437935,0.436701,0.435453,0.434366,0.433628,0.433421,0.433907,0.435208,0.437394,0.440465,0.444356,0.448933,0.454015,0.459383,0.464812,0.47009,0.475035,0.479511,0.483433,0.486765,0.489514,0.491717,0.493434,0.494732,0.495677,0.49633,0.496737,0.496933,0.496933
0.498006,0.498006,0.497826,0.49745,0.496843,0.495958,0.494732,0.493093,0.490969,0.488292,0.485016,0.481122,0.47664,0.471648,0.466282,0.46073,0.45522,0.449997,0.4453,0.441339,0.438262,0.436148,0.434995,0.434725,0.435197,0.436225,0.437601,0.439118,0.44058,0.441825,0.442727,0.443199,0.443199,0.442727,0.441825,0.44058,0.439118,0.437601,0.436225,0.435197,0.434725,0.434995,0.436148,0.438262,0.441339,0.4453,0.449997,0.45522,0.46073,0.466282,0.471648,0.47664,0.481122,0.485016,0.488292,0.490969,0.493093,0.494732,0.495958,0.496843,0.49745,0.497826,0.498006,0.498006
0.498762,0.498762,0.498596,0.498246,0.497678,0.496843,0.495677,0.494105,0.492048,0.489433,0.486204,0.482337,0.477851,0.472822,0.467386,0.461736,0.456111,0.450775,0.445986,0.441972,0.438898,0.436852,0.43583,0.435747,0.436443,0.437714,0.439331,0.441066,0.442714,0.444101,0.445099,0.445619,0.445619,0.445099,0.444101,0.442714,0.441066,0.439331,0.437714,0.436443,0.435747,0.43583,0.436852,0.438898,0.441972,0.445986,0.450775,0.456111,0.461736,0.467386,0.472822,0.477851,0.482337,0.486204,0.489433,0.492048,0.494105,0.495677,0.496843,0.497678,0.498246,0.498596,0.498762,0.498762
0.49927,0.49927,0.499113,0.498783,0.498246,0.49745,0.49633,0.494809,0.492804,0.490237,0.487045,0.483199,0.478711,0.473654,0.468164,0.46244,0.456729,0.451307,0.44645,0.442399,0.439332,0.437342,0.436427,0.43649,0.437363,0.438822,0.440623,0.442526,0.444313,0.445807,0.446876,0.447431,0.447431,0.446876,0.445807,0.444313,0.442526,0.440623,0.438822,0.437363,0.43649,0.436427,0.437342,0.439332,0.442399,0.44645,0.451307,0.456729,0.46244,0.468164,0.473654,0.478711,0.483199,0.487045,0.490237,0.492804,0.494809,0.49633,0.49745,0.498246,0.498783,0.499113,0.49927,0.49927
0.499579,0.499579,0.499429,0.499113,0.498596,0.497826,0.496737,0.495251,0.493281,0.490746,0.487581,0.483748,0.479259,0.474183,0.468657,0.462882,0.457113,0.451634,0.446731,0.442657,0.439597,0.437648,0.436806,0.436972,0.437965,0.439552,0.441478,0.443493,0.445374,0.446939,0.448055,0.448634,0.448634,0.448055,0.446939,0.445374,0.443493,0.441478,0.439552,0.437965,0.436972,0.436806,0.437648,0.439597,0.442657,0.446731,0.451634,0.457113,0.462882,0.468657,0.474183,0.479259,0.483748,0.487581,0.490746,0.493281,0.495251,0.496737,0.497826,0.498596,0.499113,0.499429,0.499579,0.499579
0.499725,0.499725,0.499579,0.49927,0.498762,0.498006,0.496933,0.495464,0.493512,0.490993,0.48784,0.484014,0.479525,0.47444,0.468895,0.463095,0.457296,0.451788,0.446863,0.442777,0.439721,0.437793,0.436989,0.437207,0.438261,0.439914,0.441903,0.443975,0.445902,0.447502,0.448641,0.449232,0.449232,0.448641,0.447502,0.445902,0.443975,0.441903,0.439914,0.438261,0.437207,0.436989,0.437793,0.439721,0.442777,0.446863,0.451788,0.457296,0.463095,0.468895,0.47444,0.479525,0.484014,0.48784,0.490993,0.493512,0.495464,0.496933,0.498006,0.498762,0.49927,0.499579,0.499725,0.499725
0.499725,0.499725,0.499579,0.49927,0.498762,0.498006,0.496933,0.495464,0.493512,0.490993,0.48784,0.484014,0.479525,0.47444,0.468895,0.463095,0.457296,0.451788,0.446863,0.442777,0.439721,0.437793,0.436989,0.437207,0.438261,0.439914,0.441903,0.443975,0.445902,0.447502,0.448641,0.449232,0.449232,0.448641,0.447502,0.445902,0.443975,0.441903,0.439914,0.438261,0.437207,0.436989,0.437793,0.439721,0.442777,0.446863,0.451788,0.457296,0.463095,0.468895,0.47444,0.479525,0.484014,0.48784,0.490993,0.493512,0.495464,0.496933,0.498006,0.498762,0.49927,0.499579,0.499725,0.499725
