0.5,0.5,0.5,0.5,0.5,0.5,0.5,0.5,0.499999,0.499999,0.499998,0.499996,0.499994,0.49999,0.499984,0.499975,0.499963,0.499946,0.499925,0.499897,0.499862,0.49982,0.499771,0.499717,0.499657,0.499596,0.499534,0.499477,0.499425,0.499383,0.499354,0.499339,0.499339,0.499354,0.499383,0.499425,0.499477,0.499534,0.499596,0.499657,0.499717,0.499771,0.49982,0.499862,0.499897,0.499925,0.499946,0.499963,0.499975,0.499984,0.49999,0.499994,0.499996,0.499998,0.499999,0.499999,0.5,0.5,0.5,0.5,0.5,0.5,0.5,0.5
0.5,0.5,0.5,0.5,0.5,0.5,0.5,0.5,0.499999,0.499999,0.499998,0.499996,0.499994,0.49999,0.499984,0.499975,0.499963,0.499946,0.499925,0.499897,0.499862,0.49982,0.499771,0.499717,0.499657,0.499596,0.499534,0.499477,0.499425,0.499383,0.499354,0.499339,0.499339,0.499354,0.499383,0.499425,0.499477,0.499534,0.499596,0.499657,0.499717,0.499771,0.49982,0.499862,0.499897,0.499925,0.499946,0.499963,0.499975,0.499984,0.49999,0.499994,0.499996,0.499998,0.499999,0.499999,0.5,0.5,0.5,0.5,0.5,0.5,0.5,0.5
0.5,0.5,0.5,0.5,0.5,0.5,0.5,0.499999,0.499999,0.499998,0.499996,0.499994,0.49999,0.499984,0.499975,0.499962,0.499943,0.499918,0.499886,0.499844,0.499793,0.499731,0.49966,0.49958,0.499494,0.499405,0.499316,0.499233,0.499159,0.4991,0.499058,0.499036,0.499036,0.499058,0.4991,0.499159,0.499233,0.499316,0.499405,0.499494,0.49958,0.49966,0.499731,0.499793,0.499844,0.499886,0.499918,0.499943,0.499962,0.499975,0.499984,0.49999,0.499994,0.499996,0.499998,0.499999,0.499999,0.5,0.5,0.5,0.5,0.5,0.5,0.5
0.5,0.5,0.5,0.5,0.5,0.5,0.499999,0.499999,0.499998,0.499996,0.499993,0.499988,0.499981,0.49997,0.499953,0.499929,0.499896,0.499852,0.499794,0.49972,0.49963,0.499522,0.499398,0.499261,0.499114,0.498962,0.498811,0.49867,0.498546,0.498445,0.498375,0.498338,0.498338,0.498375,0.498445,0.498546,0.49867,0.498811,0.498962,0.499114,0.499261,0.499398,0.499522,0.49963,0.49972,0.499794,0.499852,0.499896,0.499929,0.499953,0.49997,0.499981,0.499988,0.499993,0.499996,0.499998,0.499999,0.499999,0.5,0.5,0.5,0.5,0.5,0.5
0.5,0.5,0.5,0.5,0.5,0.499999,0.499999,0.499998,0.499996,0.499992,0.499987,0.499978,0.499963,0.499942,0.499911,0.499866,0.499805,0.499723,0.499617,0.499483,0.49932,0.499127,0.498907,0.498663,0.498403,0.498136,0.497873,0.497627,0.497411,0.497237,0.497115,0.497052,0.497052,0.497115,0.497237,0.497411,0.497627,0.497873,0.498136,0.498403,0.498663,0.498907,0.499127,0.49932,0.499483,0.499617,0.499723,0.499805,0.499866,0.499911,0.499942,0.499963,0.499978,0.499987,0.499992,0.499996,0.499998,0.499999,0.499999,0.5,0.5,0.5,0.5,0.5
0.5,0.5,0.5,0.5,0.499999,0.499999,0.499997,0.499995,0.499991,0.499985,0.499974,0.499957,0.499931,0.499891,0.499833,0.499752,0.49964,0.499491,0.4993,0.499062,0.498772,0.498433,0.498047,0.497623,0.497172,0.496712,0.496261,0.495841,0.495472,0.495176,0.494968,0.494861,0.494861,0.494968,0.495176,0.495472,0.495841,0.496261,0.496712,0.497172,0.497623,0.498047,0.498433,0.498772,0.499062,0.4993,0.499491,0.49964,0.499752,0.499833,0.499891,0.499931,0.499957,0.499974,0.499985,0.499991,0.499995,0.499997,0.499999,0.499999,0.5,0.5,0.5,0.5
0.5,0.5,0.5,0.499999,0.499999,0.499997,0.499995,0.499991,0.499984,0.499972,0.499952,0.499921,0.499872,0.4998,0.499697,0.499551,0.499354,0.499093,0.49876,0.498346,0.497849,0.497268,0.496613,0.495896,0.49514,0.494371,0.493621,0.492924,0.492316,0.491828,0.491486,0.491311,0.491311,0.491486,0.491828,0.492316,0.492924,0.493621,0.494371,0.49514,0.495896,0.496613,0.497268,0.497849,0.498346,0.49876,0.499093,0.499354,0.499551,0.499697,0.4998,0.499872,0.499921,0.499952,0.499972,0.499984,0.499991,0.499995,0.499997,0.499999,0.499999,0.5,0.5,0.5
0.5,0.5,0.499999,0.499999,0.499998,0.499995,0.499991,0.499983,0.49997,0.499949,0.499913,0.499857,0.499772,0.499646,0.499465,0.499214,0.498875,0.498431,0.497868,0.497175,0.496347,0.495387,0.494311,0.493141,0.491914,0.490672,0.489468,0.488354,0.487385,0.486609,0.486067,0.485788,0.485788,0.486067,0.486609,0.487385,0.488354,0.489468,0.490672,0.491914,0.493141,0.494311,0.495387,0.496347,0.497175,0.497868,0.498431,0.498875,0.499214,0.499465,0.499646,0.499772,0.499857,0.499913,0.499949,0.49997,0.499983,0.499991,0.499995,0.499998,0.499999,0.499999,0.5,0.5
0.499999,0.499999,0.499999,0.499998,0.499996,0.499991,0.499984,0.49997,0.499947,0.499909,0.499847,0.49975,0.499604,0.49939,0.499085,0.498665,0.498102,0.497371,0.496451,0.495326,0.493992,0.492459,0.49075,0.488906,0.486983,0.48505,0.483184,0.481466,0.479976,0.478788,0.47796,0.477535,0.477535,0.47796,0.478788,0.479976,0.481466,0.483184,0.48505,0.486983,0.488906,0.49075,0.492459,0.493992,0.495326,0.496451,0.497371,0.498102,0.498665,0.499085,0.49939,0.499604,0.49975,0.499847,0.499909,0.499947,0.49997,0.499984,0.499991,0.499996,0.499998,0.499999,0.499999,0.499999
0.499999,0.499999,0.499998,0.499996,0.499992,0.499985,0.499972,0.499949,0.499909,0.499844,0.499739,0.499577,0.499334,0.498981,0.498482,0.4978,0.496894,0.495728,0.494272,0.492506,0.490429,0.48806,0.485441,0.482634,0.479727,0.476822,0.474033,0.471479,0.469274,0.46752,0.466301,0.465677,0.465677,0.466301,0.46752,0.469274,0.471479,0.474033,0.476822,0.479727,0.482634,0.485441,0.48806,0.490429,0.492506,0.494272,0.495728,0.496894,0.4978,0.498482,0.498981,0.499334,0.499577,0.499739,0.499844,0.499909,0.499949,0.499972,0.499985,0.499992,0.499996,0.499998,0.499999,0.499999
0.499998,0.499998,0.499996,0.499993,0.499987,0.499974,0.499952,0.499913,0.499847,0.499739,0.499568,0.499305,0.498913,0.498348,0.497557,0.496484,0.495072,0.49327,0.491038,0.488356,0.485228,0.48169,0.477809,0.473684,0.469441,0.465231,0.461214,0.457555,0.454411,0.451918,0.450191,0.449307,0.449307,0.450191,0.451918,0.454411,0.457555,0.461214,0.465231,0.469441,0.473684,0.477809,0.48169,0.485228,0.488356,0.491038,0.49327,0.495072,0.496484,0.497557,0.498348,0.498913,0.499305,0.499568,0.499739,0.499847,0.499913,0.499952,0.499974,0.499987,0.499993,0.499996,0.499998,0.499998
0.499996,0.499996,0.499994,0.499988,0.499978,0.499957,0.499921,0.499857,0.49975,0.499577,0.499305,0.498889,0.498276,0.497399,0.496182,0.494545,0.492411,0.489712,0.4864,0.482457,0.4779,0.472791,0.467235,0.461379,0.455405,0.449519,0.443943,0.438893,0.434574,0.431166,0.428811,0.427608,0.427608,0.428811,0.431166,0.434574,0.438893,0.443943,0.449519,0.455405,0.461379,0.467235,0.472791,0.4779,0.482457,0.4864,0.489712,0.492411,0.494545,0.496182,0.497399,0.498276,0.498889,0.499305,0.499577,0.49975,0.499857,0.499921,0.499957,0.499978,0.499988,0.499994,0.499996,0.499996
0.499994,0.499994,0.49999,0.499981,0.499963,0.499931,0.499872,0.499772,0.499604,0.499334,0.498913,0.498276,0.497344,0.496021,0.494204,0.491782,0.488655,0.484736,0.479975,0.47436,0.467934,0.460799,0.453113,0.445085,0.436966,0.429033,0.421572,0.41486,0.409153,0.404669,0.40158,0.400006,0.400006,0.40158,0.404669,0.409153,0.41486,0.421572,0.429033,0.436966,0.445085,0.453113,0.460799,0.467934,0.47436,0.479975,0.484736,0.488655,0.491782,0.494204,0.496021,0.497344,0.498276,0.498913,0.499334,0.499604,0.499772,0.499872,0.499931,0.499963,0.499981,0.49999,0.499994,0.499994
0.49999,0.49999,0.499984,0.49997,0.499942,0.499891,0.4998,0.499646,0.49939,0.498981,0.498348,0.497399,0.496021,0.494085,0.49145,0.487972,0.483524,0.478007,0.471371,0.463626,0.454855,0.445215,0.434936,0.424307,0.41366,0.403349,0.393732,0.385144,0.377888,0.372216,0.368325,0.366345,0.366345,0.368325,0.372216,0.377888,0.385144,0.393732,0.403349,0.41366,0.424307,0.434936,0.445215,0.454855,0.463626,0.471371,0.478007,0.483524,0.487972,0.49145,0.494085,0.496021,0.497399,0.498348,0.498981,0.49939,0.499646,0.4998,0.499891,0.499942,0.49997,0.499984,0.49999,0.49999
0.499984,0.499984,0.499975,0.499953,0.499911,0.499833,0.499697,0.499465,0.499085,0.498482,0.497557,0.496182,0.494204,0.49145,0.487736,0.482884,0.476742,0.469205,0.460235,0.449881,0.438285,0.425683,0.412392,0.398798,0.385323,0.372404,0.360465,0.349893,0.341025,0.334133,0.329425,0.327037,0.327037,0.329425,0.334133,0.341025,0.349893,0.360465,0.372404,0.385323,0.398798,0.412392,0.425683,0.438285,0.449881,0.460235,0.469205,0.476742,0.482884,0.487736,0.49145,0.494204,0.496182,0.497557,0.498482,0.499085,0.499465,0.499697,0.499833,0.499911,0.499953,0.499975,0.499984,0.499984
0.499975,0.499975,0.499962,0.499929,0.499866,0.499752,0.499551,0.499214,0.498665,0.4978,0.496484,0.494545,0.491782,0.487972,0.482884,0.476306,0.468067,0.458067,0.446302,0.432879,0.418023,0.402071,0.385451,0.368653,0.352197,0.336596,0.322328,0.309814,0.299403,0.291368,0.285905,0.283143,0.283143,0.285905,0.291368,0.299403,0.309814,0.322328,0.336596,0.352197,0.368653,0.385451,0.402071,0.418023,0.432879,0.446302,0.458067,0.468067,0.476306,0.482884,0.487972,0.491782,0.494545,0.496484,0.4978,0.498665,0.499214,0.499551,0.499752,0.499866,0.499929,0.499962,0.499975,0.499975
0.499963,0.499963,0.499943,0.499896,0.499805,0.49964,0.499354,0.498875,0.498102,0.496894,0.495072,0.492411,0.488655,0.483524,0.476742,0.468067,0.457321,0.444428,0.429441,0.412553,0.3941,0.374542,0.354433,0.334376,0.314982,0.296828,0.280424,0.266194,0.254468,0.24549,0.239423,0.236366,0.236366,0.239423,0.24549,0.254468,0.266194,0.280424,0.296828,0.314982,0.334376,0.354433,0.374542,0.3941,0.412553,0.429441,0.444428,0.457321,0.468067,0.476742,0.483524,0.488655,0.492411,0.495072,0.496894,0.498102,0.498875,0.499354,0.49964,0.499805,0.499896,0.499943,0.499963,0.499963
0.499946,0.499946,0.499918,0.499852,0.499723,0.499491,0.499093,0.498431,0.497371,0.495728,0.49327,0.489712,0.484736,0.478007,0.469205,0.458067,0.444428,0.428262,0.409705,0.389069,0.366827,0.343586,0.320033,0.296886,0.274832,0.254484,0.236352,0.220825,0.208177,0.198585,0.192149,0.188922,0.188922,0.192149,0.198585,0.208177,0.220825,0.236352,0.254484,0.274832,0.296886,0.320033,0.343586,0.366827,0.389069,0.409705,0.428262,0.444428,0.458067,0.469205,0.478007,0.484736,0.489712,0.49327,0.495728,0.497371,0.498431,0.499093,0.499491,0.499723,0.499852,0.499918,0.499946,0.499946
0.499925,0.499925,0.499886,0.499794,0.499617,0.4993,0.49876,0.497868,0.496451,0.494272,0.491038,0.4864,0.479975,0.471371,0.460235,0.446302,0.429441,0.409705,0.387349,0.362834,0.336798,0.310007,0.283289,0.257461,0.233262,0.211308,0.192061,0.175833,0.162798,0.153029,0.146534,0.143294,0.143294,0.146534,0.153029,0.162798,0.175833,0.192061,0.211308,0.233262,0.257461,0.283289,0.310007,0.336798,0.362834,0.387349,0.409705,0.429441,0.446302,0.460235,0.471371,0.479975,0.4864,0.491038,0.494272,0.496451,0.497868,0.49876,0.4993,0.499617,0.499794,0.499886,0.499925,0.499925
0.499897,0.499897,0.499844,0.49972,0.499483,0.499062,0.498346,0.497175,0.495326,0.492506,0.488356,0.482457,0.47436,0.463626,0.449881,0.432879,0.412553,0.389069,0.362834,0.334488,0.304856,0.274872,0.245496,0.217621,0.192005,0.169218,0.149631,0.133428,0.12064,0.111201,0.105,0.10193,0.10193,0.105,0.111201,0.12064,0.133428,0.149631,0.169218,0.192005,0.217621,0.245496,0.274872,0.304856,0.334488,0.362834,0.389069,0.412553,0.432879,0.449881,0.463626,0.47436,0.482457,0.488356,0.492506,0.495326,0.497175,0.498346,0.499062,0.499483,0.49972,0.499844,0.499897,0.499897
0.499862,0.499862,0.499793,0.49963,0.49932,0.498772,0.497849,0.496347,0.493992,0.490429,0.485228,0.4779,0.467934,0.454855,0.438285,0.418023,0.3941,0.366827,0.336798,0.304856,0.272024,0.239406,0.208072,0.178962,0.152805,0.130081,0.111017,0.0956243,0.0837539,0.0751704,0.0696227,0.0669059,0.0669059,0.0696227,0.0751704,0.0837539,0.0956243,0.111017,0.130081,0.152805,0.178962,0.208072,0.239406,0.272024,0.304856,0.336798,0.366827,0.3941,0.418023,0.438285,0.454855,0.467934,0.4779,0.485228,0.490429,0.493992,0.496347,0.497849,0.498772,0.49932,0.49963,0.499793,0.499862,0.499862
0.49982,0.49982,0.499731,0.499522,0.499127,0.498433,0.497268,0.495387,0.492459,0.48806,0.48169,0.472791,0.460799,0.445215,0.425683,0.402071,0.374542,0.343586,0.310007,0.274872,0.239406,0.204865,0.172406,0.142972,0.117218,0.0954815,0.0778029,0.0639823,0.0536625,0.0464208,0.0418554,0.0396565,0.0396565,0.0418554,0.0464208,0.0536625,0.0639823,0.0778029,0.0954815,0.117218,0.142972,0.172406,0.204865,0.239406,0.274872,0.310007,0.343586,0.374542,0.402071,0.425683,0.445215,0.460799,0.472791,0.48169,0.48806,0.492459,0.495387,0.497268,0.498433,0.499127,0.499522,0.499731,0.49982,0.49982
0.499771,0.499771,0.49966,0.499398,0.498907,0.498047,0.496613,0.494311,0.49075,0.485441,0.477809,0.467235,0.453113,0.434936,0.412392,0.385451,0.354433,0.320033,0.283289,0.245496,0.208072,0.172406,0.139702,0.110864,0.0864255,0.0665374,0.0510158,0.0394252,0.0311849,0.0256795,0.0223566,0.0208046,0.0208046,0.0223566,0.0256795,0.0311849,0.0394252,0.0510158,0.0665374,0.0864255,0.110864,0.139702,0.172406,0.208072,0.245496,0.283289,0.320033,0.354433,0.385451,0.412392,0.434936,0.453113,0.467235,0.477809,0.485441,0.49075,0.494311,0.496613,0.498047,0.498907,0.499398,0.49966,0.499771,0.499771
0.499717,0.499717,0.49958,0.499261,0.498663,0.497623,0.495896,0.493141,0.488906,0.482634,0.473684,0.461379,0.445085,0.424307,0.398798,0.368653,0.334376,0.296886,0.257461,0.217621,0.178962,0.142972,0.110864,0.0834592,0.061125,0.0437938,0.0310335,0.0221612,0.0163729,0.0128679,0.0109547,0.01013,0.01013,0.0109547,0.0128679,0.0163729,0.0221612,0.0310335,0.0437938,0.061125,0.0834592,0.110864,0.142972,0.178962,0.217621,0.257461,0.296886,0.334376,0.368653,0.398798,0.424307,0.445085,0.461379,0.473684,0.482634,0.488906,0.493141,0.495896,0.497623,0.498663,0.499261,0.49958,0.499717,0.499717
0.499657,0.499657,0.499494,0.499114,0.498403,0.497172,0.49514,0.491914,0.486983,0.479727,0.469441,0.455405,0.436966,0.41366,0.385323,0.352197,0.314982,0.274832,0.233262,0.192005,0.152805,0.117218,0.0864255,0.061125,0.0414893,0.0272084,0.0175939,0.0117196,0.00857119,0.0071821,0.00674167,0.00667142,0.00667142,0.00674167,0.0071821,0.00857119,0.0117196,0.0175939,0.0272084,0.0414893,0.061125,0.0864255,0.117218,0.152805,0.192005,0.233262,0.274832,0.314982,0.352197,0.385323,0.41366,0.436966,0.455405,0.469441,0.479727,0.486983,0.491914,0.49514,0.497172,0.498403,0.499114,0.499494,0.499657,0.499657
0.499596,0.499596,0.499405,0.498962,0.498136,0.496712,0.494371,0.490672,0.48505,0.476822,0.465231,0.449519,0.429033,0.403349,0.372404,0.336596,0.296828,0.254484,0.211308,0.169218,0.130081,0.0954815,0.0665374,0.0437938,0.0272084,0.0162228,0.00989853,0.00708295,0.00657606,0.0072726,0.00826823,0.00892873,0.00892873,0.00826823,0.0072726,0.00657606,0.00708295,0.00989853,0.0162228,0.0272084,0.0437938,0.0665374,0.0954815,0.130081,0.169218,0.211308,0.254484,0.296828,0.336596,0.372404,0.403349,0.429033,0.449519,0.465231,0.476822,0.48505,0.490672,0.494371,0.496712,0.498136,0.498962,0.499405,0.499596,0.499596
0.499534,0.499534,0.499316,0.498811,0.497873,0.496261,0.493621,0.489468,0.483184,0.474033,0.461214,0.443943,0.421572,0.393732,0.360465,0.322328,0.280424,0.236352,0.192061,0.149631,0.111017,0.0778029,0.0510158,0.0310335,0.0175939,0.00989853,0.00677772,0.00687985,0.00885054,0.011477,0.0137882,0.015114,0.015114,0.0137882,0.011477,0.00885054,0.00687985,0.00677772,0.00989853,0.0175939,0.0310335,0.0510158,0.0778029,0.111017,0.149631,0.192061,0.236352,0.280424,0.322328,0.360465,0.393732,0.421572,0.443943,0.461214,0.474033,0.483184,0.489468,0.493621,0.496261,0.497873,0.498811,0.499316,0.499534,0.499534
0.499477,0.499477,0.499233,0.49867,0.497627,0.495841,0.492924,0.488354,0.481466,0.471479,0.457555,0.438893,0.41486,0.385144,0.349893,0.309814,0.266194,0.220825,0.175833,0.133428,0.0956243,0.0639823,0.0394252,0.0221612,0.0117196,0.00708295,0.00687985,0.00959318,0.013748,0.0180547,0.0215005,0.0233966,0.0233966,0.0215005,0.0180547,0.013748,0.00959318,0.00687985,0.00708295,0.0117196,0.0221612,0.0394252,0.0639823,0.0956243,0.133428,0.175833,0.220825,0.266194,0.309814,0.349893,0.385144,0.41486,0.438893,0.457555,0.471479,0.481466,0.488354,0.492924,0.495841,0.497627,0.49867,0.499233,0.499477,0.499477
0.499425,0.499425,0.499159,0.498546,0.497411,0.495472,0.492316,0.487385,0.479976,0.469274,0.454411,0.434574,0.409153,0.377888,0.341025,0.299403,0.254468,0.208177,0.162798,0.12064,0.0837539,0.0536625,0.0311849,0.0163729,0.00857119,0.00657606,0.00885054,0.013748,0.0197055,0.0253832,0.0297464,0.0321012,0.0321012,0.0297464,0.0253832,0.0197055,0.013748,0.00885054,0.00657606,0.00857119,0.0163729,0.0311849,0.0536625,0.0837539,0.12064,0.162798,0.208177,0.254468,0.299403,0.341025,0.377888,0.409153,0.434574,0.454411,0.469274,0.479976,0.487385,0.492316,0.495472,0.497411,0.498546,0.499159,0.499425,0.499425
0.499383,0.499383,0.4991,0.498445,0.497237,0.495176,0.491828,0.486609,0.478788,0.46752,0.451918,0.431166,0.404669,0.372216,0.334133,0.291368,0.24549,0.198585,0.153029,0.111201,0.0751704,0.0464208,0.0256795,0.0128679,0.0071821,0.0072726,0.011477,0.0180547,0.0253832,0.0320932,0.0371419,0.0398374,0.0398374,0.0371419,0.0320932,0.0253832,0.0180547,0.011477,0.0072726,0.0071821,0.0128679,0.0256795,0.0464208,0.0751704,0.111201,0.153029,0.198585,0.24549,0.291368,0.334133,0.372216,0.404669,0.431166,0.451918,0.46752,0.478788,0.486609,0.491828,0.495176,0.497237,0.498445,0.4991,0.499383,0.499383
0.499354,0.499354,0.499058,0.498375,0.497115,0.494968,0.491486,0.486067,0.47796,0.466301,0.450191,0.428811,0.40158,0.368325,0.329425,0.285905,0.239423,0.192149,0.146534,0.105,0.0696227,0.0418554,0.0223566,0.0109547,0.00674167,0.00826823,0.0137882,0.0215005,0.0297464,0.0371419,0.0426427,0.0455622,0.0455622,0.0426427,0.0371419,0.0297464,0.0215005,0.0137882,0.00826823,0.00674167,0.0109547,0.0223566,0.0418554,0.0696227,0.105,0.146534,0.192149,0.239423,0.285905,0.329425,0.368325,0.40158,0.428811,0.450191,0.466301,0.47796,0.486067,0.491486,0.494968,0.497115,0.498375,0.499058,0.499354,0.499354
0.499339,0.499339,0.499036,0.498338,0.497052,0.494861,0.491311,0.485788,0.477535,0.465677,0.449307,0.427608,0.400006,0.366345,0.327037,0.283143,0.236366,0.188922,0.143294,0.10193,0.0669059,0.0396565,0.0208046,0.01013,0.00667142,0.00892873,0.015114,0.0233966,0.0321012,0.0398374,0.0455622,0.0485922,0.0485922,0.0455622,0.0398374,0.0321012,0.0233966,0.015114,0.00892873,0.00667142,0.01013,0.0208046,0.0396565,0.0669059,0.10193,0.143294,0.188922,0.236366,0.283143,0.327037,0.366345,0.400006,0.427608,0.449307,0.465677,0.477535,0.485788,0.491311,0.494861,0.497052,0.498338,0.499036,0.499339,0.499339
0.499339,0.499339,0.499036,0.498338,0.497052,0.494861,0.491311,0.485788,0.477535,0.465677,0.449307,0.427608,0.400006,0.366345,0.327037,0.283143,0.236366,0.188922,0.143294,0.10193,0.0669059,0.0396565,0.0208046,0.01013,0.00667142,0.00892873,0.015114,0.0233966,0.0321012,0.0398374,0.0455622,0.0485922,0.0485922,0.0455622,0.0398374,0.0321012,0.0233966,0.015114,0.00892873,0.00667142,0.01013,0.0208046,0.0396565,0.0669059,0.10193,0.143294,0.188922,0.236366,0.283143,0.327037,0.366345,0.400006,0.427608,0.449307,0.465677,0.477535,0.485788,0.491311,0.494861,0.497052,0.498338,0.499036,0.499339,0.499339
0.499354,0.499354,0.499058,0.498375,0.497115,0.494968,0.491486,0.486067,0.47796,0.466301,0.450191,0.428811,0.40158,0.368325,0.329425,0.285905,0.239423,0.192149,0.146534,0.105,0.0696227,0.0418554,0.0223566,0.0109547,0.00674167,0.00826823,0.0137882,0.0215005,0.0297464,0.0371419,0.0426427,0.0455622,0.0455622,0.0426427,0.0371419,0.0297464,0.0215005,0.0137882,0.00826823,0.00674167,0.0109547,0.0223566,0.0418554,0.0696227,0.105,0.146534,0.192149,0.239423,0.285905,0.329425,0.368325,0.40158,0.428811,0.450191,0.466301,0.47796,0.486067,0.491486,0.494968,0.497115,0.498375,0.499058,0.499354,0.499354
0.499383,0.499383,0.4991,0.498445,0.497237,0.495176,0.491828,0.486609,0.478788,0.46752,0.451918,0.431166,0.404669,0.372216,0.334133,0.291368,0.24549,0.198585,0.153029,0.111201,0.0751704,0.0464208,0.0256795,0.0128679,0.0071821,0.0072726,0.011477,0.0180547,0.0253832,0.0320932,0.0371419,0.0398374,0.0398374,0.0371419,0.0320932,0.0253832,0.0180547,0.011477,0.0072726,0.0071821,0.0128679,0.0256795,0.0464208,0.0751704,0.111201,0.153029,0.198585,0.24549,0.291368,0.334133,0.372216,0.404669,0.431166,0.451918,0.46752,0.478788,0.486609,0.491828,0.495176,0.497237,0.498445,0.4991,0.499383,0.499383
0.499425,0.499425,0.499159,0.498546,0.497411,0.495472,0.492316,0.487385,0.479976,0.469274,0.454411,0.434574,0.409153,0.377888,0.341025,0.299403,0.254468,0.208177,0.162798,0.12064,0.0837539,0.0536625,0.0311849,0.0163729,0.00857119,0.00657606,0.00885054,0.013748,0.0197055,0.0253832,0.0297464,0.0321012,0.0321012,0.0297464,0.0253832,0.0197055,0.013748,0.00885054,0.00657606,0.00857119,0.0163729,0.0311849,0.0536625,0.0837539,0.12064,0.162798,0.208177,0.254468,0.299403,0.341025,0.377888,0.409153,0.434574,0.454411,0.469274,0.479976,0.487385,0.492316,0.495472,0.497411,0.498546,0.499159,0.499425,0.499425
0.499477,0.499477,0.499233,0.49867,0.497627,0.495841,0.492924,0.488354,0.481466,0.471479,0.457555,0.438893,0.41486,0.385144,0.349893,0.309814,0.266194,0.220825,0.175833,0.133428,0.0956243,0.0639823,0.0394252,0.0221612,0.0117196,0.00708295,0.00687985,0.00959318,0.013748,0.0180547,0.0215005,0.0233966,0.0233966,0.0215005,0.0180547,0.013748,0.00959318,0.00687985,0.00708295,0.0117196,0.0221612,0.0394252,0.0639823,0.0956243,0.133428,0.175833,0.220825,0.266194,0.309814,0.349893,0.385144,0.41486,0.438893,0.457555,0.471479,0.481466,0.488354,0.492924,0.495841,0.497627,0.49867,0.499233,0.499477,0.499477
0.499534,0.499534,0.499316,0.498811,0.497873,0.496261,0.493621,0.489468,0.483184,0.474033,0.461214,0.443943,0.421572,0.393732,0.360465,0.322328,0.280424,0.236352,0.192061,0.149631,0.111017,0.0778029,0.0510158,0.0310335,0.0175939,0.00989853,0.00677772,0.00687985,0.00885054,0.011477,0.0137882,0.015114,0.015114,0.0137882,0.011477,0.00885054,0.00687985,0.00677772,0.00989853,0.0175939,0.0310335,0.0510158,0.0778029,0.111017,0.149631,0.192061,0.236352,0.280424,0.322328,0.360465,0.393732,0.421572,0.443943,0.461214,0.474033,0.483184,0.489468,0.493621,0.496261,0.497873,0.498811,0.499316,0.499534,0.499534
0.499596,0.499596,0.499405,0.498962,0.498136,0.496712,0.494371,0.490672,0.48505,0.476822,0.465231,0.449519,0.429033,0.403349,0.372404,0.336596,0.296828,0.254484,0.211308,0.169218,0.130081,0.0954815,0.0665374,0.0437938,0.0272084,0.0162228,0.00989853,0.00708295,0.00657606,0.0072726,0.00826823,0.00892873,0.00892873,0.00826823,0.0072726,0.00657606,0.00708295,0.00989853,0.0162228,0.0272084,0.0437938,0.0665374,0.0954815,0.130081,0.169218,0.211308,0.254484,0.296828,0.336596,0.372404,0.403349,0.429033,0.449519,0.465231,0.476822,0.48505,0.490672,0.494371,0.496712,0.498136,0.498962,0.499405,0.499596,0.499596
0.499657,0.499657,0.499494,0.499114,0.498403,0.497172,0.49514,0.491914,0.486983,0.479727,0.469441,0.455405,0.436966,0.41366,0.385323,0.352197,0.314982,0.274832,0.233262,0.192005,0.152805,0.117218,0.0864255,0.061125,0.0414893,0.0272084,0.0175939,0.0117196,0.00857119,0.0071821,0.00674167,0.00667142,0.00667142,0.00674167,0.0071821,0.00857119,0.0117196,0.0175939,0.0272084,0.0414893,0.061125,0.0864255,0.117218,0.152805,0.192005,0.233262,0.274832,0.314982,0.352197,0.385323,0.41366,0.436966,0.455405,0.469441,0.479727,0.486983,0.491914,0.49514,0.497172,0.498403,0.499114,0.499494,0.499657,0.499657
0.499717,0.499717,0.49958,0.499261,0.498663,0.497623,0.495896,0.493141,0.488906,0.482634,0.473684,0.461379,0.445085,0.424307,0.398798,0.368653,0.334376,0.296886,0.257461,0.217621,0.178962,0.142972,0.110864,0.0834592,0.061125,0.0437938,0.0310335,0.0221612,0.0163729,0.0128679,0.0109547,0.01013,0.01013,0.0109547,0.0128679,0.0163729,0.0221612,0.0310335,0.0437938,0.061125,0.0834592,0.110864,0.142972,0.178962,0.217621,0.257461,0.296886,0.334376,0.368653,0.398798,0.424307,0.445085,0.461379,0.473684,0.482634,0.488906,0.493141,0.495896,0.497623,0.498663,0.499261,0.49958,0.499717,0.499717
0.499771,0.499771,0.49966,0.499398,0.498907,0.498047,0.496613,0.494311,0.49075,0.485441,0.477809,0.467235,0.453113,0.434936,0.412392,0.385451,0.354433,0.320033,0.283289,0.245496,0.208072,0.172406,0.139702,0.110864,0.0864255,0.0665374,0.0510158,0.0394252,0.0311849,0.0256795,0.0223566,0.0208046,0.0208046,0.0223566,0.0256795,0.0311849,0.0394252,0.0510158,0.0665374,0.0864255,0.110864,0.139702,0.172406,0.208072,0.245496,0.283289,0.320033,0.354433,0.385451,0.412392,0.434936,0.453113,0.467235,0.477809,0.485441,0.49075,0.494311,0.496613,0.498047,0.498907,0.499398,0.49966,0.499771,0.499771
0.49982,0.49982,0.499731,0.499522,0.499127,0.498433,0.497268,0.495387,0.492459,0.48806,0.48169,0.472791,0.460799,0.445215,0.425683,0.402071,0.374542,0.343586,0.310007,0.274872,0.239406,0.204865,0.172406,0.142972,0.117218,0.0954815,0.0778029,0.0639823,0.0536625,0.0464208,0.0418554,0.0396565,0.0396565,0.0418554,0.0464208,0.0536625,0.0639823,0.0778029,0.0954815,0.117218,0.142972,0.172406,0.204865,0.239406,0.274872,0.310007,0.343586,0.374542,0.402071,0.425683,0.445215,0.460799,0.472791,0.48169,0.48806,0.492459,0.495387,0.497268,0.498433,0.499127,0.499522,0.499731,0.49982,0.49982
0.499862,0.499862,0.499793,0.49963,0.49932,0.498772,0.497849,0.496347,0.493992,0.490429,0.485228,0.4779,0.467934,0.454855,0.438285,0.418023,0.3941,0.366827,0.336798,0.304856,0.272024,0.239406,0.208072,0.178962,0.152805,0.130081,0.111017,0.0956243,0.0837539,0.0751704,0.0696227,0.0669059,0.0669059,0.0696227,0.0751704,0.0837539,0.0956243,0.111017,0.130081,0.152805,0.178962,0.208072,0.239406,0.272024,0.304856,0.336798,0.366827,0.3941,0.418023,0.438285,0.454855,0.467934,0.4779,0.485228,0.490429,0.493992,0.496347,0.497849,0.498772,0.49932,0.49963,0.499793,0.499862,0.499862
0.499897,0.499897,0.499844,0.49972,0.499483,0.499062,0.498346,0.497175,0.495326,0.492506,0.488356,0.482457,0.47436,0.463626,0.449881,0.432879,0.412553,0.389069,0.362834,0.334488,0.304856,0.274872,0.245496,0.217621,0.192005,0.169218,0.149631,0.133428,0.12064,0.111201,0.105,0.10193,0.10193,0.105,0.111201,0.12064,0.133428,0.149631,0.169218,0.192005,0.217621,0.245496,0.274872,0.304856,0.334488,0.362834,0.389069,0.412553,0.432879,0.449881,0.463626,0.47436,0.482457,0.488356,0.492506,0.495326,0.497175,0.498346,0.499062,0.499483,0.49972,0.499844,0.499897,0.499897
0.499925,0.499925,0.499886,0.499794,0.499617,0.4993,0.49876,0.497868,0.496451,0.494272,0.491038,0.4864,0.479975,0.471371,0.460235,0.446302,0.429441,0.409705,0.387349,0.362834,0.336798,0.310007,0.283289,0.257461,0.233262,0.211308,0.192061,0.175833,0.162798,0.153029,0.146534,0.143294,0.143294,0.146534,0.153029,0.162798,0.175833,0.192061,0.211308,0.233262,0.257461,0.283289,0.310007,0.336798,0.362834,0.387349,0.409705,0.429441,0.446302,0.460235,0.471371,0.479975,0.4864,0.491038,0.494272,0.496451,0.497868,0.49876,0.4993,0.499617,0.499794,0.499886,0.499925,0.499925
0.499946,0.499946,0.499918,0.499852,0.499723,0.499491,0.499093,0.498431,0.497371,0.495728,0.49327,0.489712,0.484736,0.478007,0.469205,0.458067,0.444428,0.428262,0.409705,0.389069,0.366827,0.343586,0.320033,0.296886,0.274832,0.254484,0.236352,0.220825,0.208177,0.198585,0.192149,0.188922,0.188922,0.192149,0.198585,0.208177,0.220825,0.236352,0.254484,0.274832,0.296886,0.320033,0.343586,0.366827,0.389069,0.409705,0.428262,0.444428,0.458067,0.469205,0.478007,0.484736,0.489712,0.49327,0.495728,0.497371,0.498431,0.499093,0.499491,0.499723,0.499852,0.499918,0.499946,0.499946
0.499963,0.499963,0.499943,0.499896,0.499805,0.49964,0.499354,0.498875,0.498102,0.496894,0.495072,0.492411,0.488655,0.483524,0.476742,0.468067,0.457321,0.444428,0.429441,0.412553,0.3941,0.374542,0.354433,0.334376,0.314982,0.296828,0.280424,0.266194,0.254468,0.24549,0.239423,0.236366,0.236366,0.239423,0.24549,0.254468,0.266194,0.280424,0.296828,0.314982,0.334376,0.354433,0.374542,0.3941,0.412553,0.429441,0.444428,0.457321,0.468067,0.476742,0.483524,0.488655,0.492411,0.495072,0.496894,0.498102,0.498875,0.499354,0.49964,0.499805,0.499896,0.499943,0.499963,0.499963
0.499975,0.499975,0.499962,0.499929,0.499866,0.499752,0.499551,0.499214,0.498665,0.4978,0.496484,0.494545,0.491782,0.487972,0.482884,0.476306,0.468067,0.458067,0.446302,0.432879,0.418023,0.402071,0.385451,0.368653,0.352197,0.336596,0.322328,0.309814,0.299403,0.291368,0.285905,0.283143,0.283143,0.285905,0.291368,0.299403,0.309814,0.322328,0.336596,0.352197,0.368653,0.385451,0.402071,0.418023,0.432879,0.446302,0.458067,0.468067,0.476306,0.482884,0.487972,0.491782,0.494545,0.496484,0.4978,0.498665,0.499214,0.499551,0.499752,0.499866,0.499929,0.499962,0.499975,0.499975
0.499984,0.499984,0.499975,0.499953,0.499911,0.499833,0.499697,0.499465,0.499085,0.498482,0.497557,0.496182,0.494204,0.49145,0.487736,0.482884,0.476742,0.469205,0.460235,0.449881,0.438285,0.425683,0.412392,0.398798,0.385323,0.372404,0.360465,0.349893,0.341025,0.334133,0.329425,0.327037,0.327037,0.329425,0.334133,0.341025,0.349893,0.360465,0.372404,0.385323,0.398798,0.412392,0.425683,0.438285,0.449881,0.460235,0.469205,0.476742,0.482884,0.487736,0.49145,0.494204,0.496182,0.497557,0.498482,0.499085,0.499465,0.499697,0.499833,0.499911,0.499953,0.499975,0.499984,0.499984
0.49999,0.49999,0.499984,0.49997,0.499942,0.499891,0.4998,0.499646,0.49939,0.498981,0.498348,0.497399,0.496021,0.494085,0.49145,0.487972,0.483524,0.478007,0.471371,0.463626,0.454855,0.445215,0.434936,0.424307,0.41366,0.403349,0.393732,0.385144,0.377888,0.372216,0.368325,0.366345,0.366345,0.368325,0.372216,0.377888,0.385144,0.393732,0.403349,0.41366,0.424307,0.434936,0.445215,0.454855,0.463626,0.471371,0.478007,0.483524,0.487972,0.49145,0.494085,0.496021,0.497399,0.498348,0.498981,0.49939,0.499646,0.4998,0.499891,0.499942,0.49997,0.499984,0.49999,0.49999
0.499994,0.499994,0.49999,0.499981,0.499963,0.499931,0.499872,0.499772,0.499604,0.499334,0.498913,0.498276,0.497344,0.496021,0.494204,0.491782,0.488655,0.484736,0.479975,0.47436,0.467934,0.460799,0.453113,0.445085,0.436966,0.429033,0.421572,0.41486,0.409153,0.404669,0.40158,0.400006,0.400006,0.40158,0.404669,0.409153,0.41486,0.421572,0.429033,0.436966,0.445085,0.453113,0.460799,0.467934,0.47436,0.479975,0.484736,0.488655,0.491782,0.494204,0.496021,0.497344,0.498276,0.498913,0.499334,0.499604,0.499772,0.499872,0.499931,0.499963,0.499981,0.49999,0.499994,0.499994
0.499996,0.499996,0.499994,0.499988,0.499978,0.499957,0.499921,0.499857,0.49975,0.499577,0.499305,0.498889,0.498276,0.497399,0.496182,0.494545,0.492411,0.489712,0.4864,0.482457,0.4779,0.472791,0.467235,0.461379,0.455405,0.449519,0.443943,0.438893,0.434574,0.431166,0.428811,0.427608,0.427608,0.428811,0.431166,0.434574,0.438893,0.443943,0.449519,0.455405,0.461379,0.467235,0.472791,0.4779,0.482457,0.4864,0.489712,0.492411,0.494545,0.496182,0.497399,0.498276,0.498889,0.499305,0.499577,0.49975,0.499857,0.499921,0.499957,0.499978,0.499988,0.499994,0.499996,0.499996
0.499998,0.499998,0.499996,0.499993,0.499987,0.499974,0.499952,0.499913,0.499847,0.499739,0.499568,0.499305,0.498913,0.498348,0.497557,0.496484,0.495072,0.49327,0.491038,0.488356,0.485228,0.48169,0.477809,0.473684,0.469441,0.465231,0.461214,0.457555,0.454411,0.451918,0.450191,0.449307,0.449307,0.450191,0.451918,0.454411,0.457555,0.461214,0.465231,0.469441,0.473684,0.477809,0.48169,0.485228,0.488356,0.491038,0.49327,0.495072,0.496484,0.497557,0.498348,0.498913,0.499305,0.499568,0.499739,0.499847,0.499913,0.499952,0.499974,0.499987,0.499993,0.499996,0.499998,0.499998
0.499999,0.499999,0.499998,0.499996,0.499992,0.499985,0.499972,0.499949,0.499909,0.499844,0.499739,0.499577,0.499334,0.498981,0.498482,0.4978,0.496894,0.495728,0.494272,0.492506,0.490429,0.48806,0.485441,0.482634,0.479727,0.476822,0.474033,0.471479,0.469274,0.46752,0.466301,0.465677,0.465677,0.466301,0.46752,0.469274,0.471479,0.474033,0.476822,0.479727,0.482634,0.485441,0.48806,0.490429,0.492506,0.494272,0.495728,0.496894,0.4978,0.498482,0.498981,0.499334,0.499577,0.499739,0.499844,0.499909,0.499949,0.499972,0.499985,0.499992,0.499996,0.499998,0.499999,0.499999
0.499999,0.499999,0.499999,0.499998,0.499996,0.499991,0.499984,0.49997,0.499947,0.499909,0.499847,0.49975,0.499604,0.49939,0.499085,0.498665,0.498102,0.497371,0.496451,0.495326,0.493992,0.492459,0.49075,0.488906,0.486983,0.48505,0.483184,0.481466,0.479976,0.478788,0.47796,0.477535,0.477535,0.47796,0.478788,0.479976,0.481466,0.483184,0.48505,0.486983,0.488906,0.49075,0.492459,0.493992,0.495326,0.496451,0.497371,0.498102,0.498665,0.499085,0.49939,0.499604,0.49975,0.499847,0.499909,0.499947,0.49997,0.499984,0.499991,0.499996,0.499998,0.499999,0.499999,0.499999
0.5,0.5,0.499999,0.499999,0.499998,0.499995,0.499991,0.499983,0.49997,0.499949,0.499913,0.499857,0.499772,0.499646,0.499465,0.499214,0.498875,0.498431,0.497868,0.497175,0.496347,0.495387,0.494311,0.493141,0.491914,0.490672,0.489468,0.488354,0.487385,0.486609,0.486067,0.485788,0.485788,0.486067,0.486609,0.487385,0.488354,0.489468,0.490672,0.491914,0.493141,0.494311,0.495387,0.496347,0.497175,0.497868,0.498431,0.498875,0.499214,0.499465,0.499646,0.499772,0.499857,0.499913,0.499949,0.49997,0.499983,0.499991,0.499995,0.499998,0.499999,0.499999,0.5,0.5
0.5,0.5,0.5,0.499999,0.499999,0.499997,0.499995,0.499991,0.499984,0.499972,0.499952,0.499921,0.499872,0.4998,0.499697,0.499551,0.499354,0.499093,0.49876,0.498346,0.497849,0.497268,0.496613,0.495896,0.49514,0.494371,0.493621,0.492924,0.492316,0.491828,0.491486,0.491311,0.491311,0.491486,0.491828,0.492316,0.492924,0.493621,0.494371,0.49514,0.495896,0.496613,0.497268,0.497849,0.498346,0.49876,0.499093,0.499354,0.499551,0.499697,0.4998,0.499872,0.499921,0.499952,0.499972,0.499984,0.499991,0.499995,0.499997,0.499999,0.499999,0.5,0.5,0.5
0.5,0.5,0.5,0.5,0.499999,0.499999,0.499997,0.499995,0.499991,0.499985,0.499974,0.499957,0.499931,0.499891,0.499833,0.499752,0.49964,0.499491,0.4993,0.499062,0.498772,0.498433,0.498047,0.497623,0.497172,0.496712,0.496261,0.495841,0.495472,0.495176,0.494968,0.494861,0.494861,0.494968,0.495176,0.495472,0.495841,0.496261,0.496712,0.497172,0.497623,0.498047,0.498433,0.498772,0.499062,0.4993,0.499491,0.49964,0.499752,0.499833,0.499891,0.499931,0.499957,0.499974,0.499985,0.499991,0.499995,0.499997,0.499999,0.499999,0.5,0.5,0.5,0.5
0.5,0.5,0.5,0.5,0.5,0.499999,0.499999,0.499998,0.499996,0.499992,0.499987,0.499978,0.499963,0.499942,0.499911,0.499866,0.499805,0.499723,0.499617,0.499483,0.49932,0.499127,0.498907,0.498663,0.498403,0.498136,0.497873,0.497627,0.497411,0.497237,0.497115,0.497052,0.497052,0.497115,0.497237,0.497411,0.497627,0.497873,0.498136,0.498403,0.498663,0.498907,0.499127,0.49932,0.499483,0.499617,0.499723,0.499805,0.499866,0.499911,0.499942,0.499963,0.499978,0.499987,0.499992,0.499996,0.499998,0.499999,0.499999,0.5,0.5,0.5,0.5,0.5
0.5,0.5,0.5,0.5,0.5,0.5,0.499999,0.499999,0.499998,0.499996,0.499993,0.499988,0.499981,0.49997,0.499953,0.499929,0.499896,0.499852,0.499794,0.49972,0.49963,0.499522,0.499398,0.499261,0.499114,0.498962,0.498811,0.49867,0.498546,0.498445,0.498375,0.498338,0.498338,0.498375,0.498445,0.498546,0.49867,0.498811,0.498962,0.499114,0.499261,0.499398,0.499522,0.49963,0.49972,0.499794,0.499852,0.499896,0.499929,0.499953,0.49997,0.499981,0.499988,0.499993,0.499996,0.499998,0.499999,0.499999,0.5,0.5,0.5,0.5,0.5,0.5
0.5,0.5,0.5,0.5,0.5,0.5,0.5,0.499999,0.499999,0.499998,0.499996,0.499994,0.49999,0.499984,0.499975,0.499962,0.499943,0.499918,0.499886,0.499844,0.499793,0.499731,0.49966,0.49958,0.499494,0.499405,0.499316,0.499233,0.499159,0.4991,0.499058,0.499036,0.499036,0.499058,0.4991,0.499159,0.499233,0.499316,0.499405,0.499494,0.49958,0.49966,0.499731,0.499793,0.499844,0.499886,0.499918,0.499943,0.499962,0.499975,0.499984,0.49999,0.499994,0.499996,0.499998,0.499999,0.499999,0.5,0.5,0.5,0.5,0.5,0.5,0.5
0.5,0.5,0.5,0.5,0.5,0.5,0.5,0.5,0.499999,0.499999,0.499998,0.499996,0.499994,0.49999,0.499984,0.499975,0.499963,0.499946,0.499925,0.499897,0.499862,0.49982,0.499771,0.499717,0.499657,0.499596,0.499534,0.499477,0.499425,0.499383,0.499354,0.499339,0.499339,0.499354,0.499383,0.499425,0.499477,0.499534,0.499596,0.499657,0.499717,0.499771,0.49982,0.499862,0.499897,0.499925,0.499946,0.499963,0.499975,0.499984,0.49999,0.499994,0.499996,0.499998,0.499999,0.499999,0.5,0.5,0.5,0.5,0.5,0.5,0.5,0.5
0.5,0.5,0.5,0.5,0.5,0.5,0.5,0.5,0.499999,0.499999,0.499998,0.499996,0.499994,0.49999,0.499984,0.499975,0.499963,0.499946,0.499925,0.499897,0.499862,0.49982,0.499771,0.499717,0.499657,0.499596,0.499534,0.499477,0.499425,0.499383,0.499354,0.499339,0.499339,0.499354,0.499383,0.499425,0.499477,0.499534,0.499596,0.499657,0.499717,0.499771,0.49982,0.499862,0.499897,0.499925,0.499946,0.499963,0.499975,0.499984,0.49999,0.499994,0.499996,0.499998,0.499999,0.499999,0.5,0.5,0.5,0.5,0.5,0.5,0.5,0.5
