0.5,0.5,0.5,0.5,0.5,0.5,0.5,0.5,0.5,0.5,0.5,0.5,0.5,0.5,0.5,0.5,0.5,0.5,0.5,0.5,0.5,0.5,0.5,0.5,0.5,0.5,0.5,0.5,0.5,0.5,0.5,0.5,0.5,0.5,0.5,0.5,0.5,0.5,0.5,0.5,0.5,0.5,0.5,0.5,0.5,0.5,0.5,0.5,0.5,0.5,0.5,0.5,0.5,0.5,0.5,0.5,0.5,0.5,0.5,0.5,0.5,0.5,0.5,0.5
0.5,0.5,0.5,0.5,0.5,0.5,0.5,0.5,0.5,0.5,0.5,0.5,0.5,0.5,0.5,0.5,0.5,0.5,0.5,0.5,0.5,0.5,0.5,0.5,0.5,0.5,0.5,0.5,0.5,0.5,0.5,0.5,0.5,0.5,0.5,0.5,0.5,0.5,0.5,0.5,0.5,0.5,0.5,0.5,0.5,0.5,0.5,0.5,0.5,0.5,0.5,0.5,0.5,0.5,0.5,0.5,0.5,0.5,0.5,0.5,0.5,0.5,0.5,0.5
0.5,0.5,0.5,0.5,0.5,0.5,0.5,0.5,0.5,0.5,0.5,0.5,0.5,0.5,0.5,0.5,0.5,0.5,0.5,0.5,0.5,0.5,0.5,0.5,0.5,0.5,0.5,0.5,0.5,0.5,0.5,0.5,0.5,0.5,0.5,0.5,0.5,0.5,0.5,0.5,0.5,0.5,0.5,0.5,0.5,0.5,0.5,0.5,0.5,0.5,0.5,0.5,0.5,0.5,0.5,0.5,0.5,0.5,0.5,0.5,0.5,0.5,0.5,0.5
0.5,0.5,0.5,0.5,0.5,0.5,0.5,0.5,0.5,0.5,0.5,0.5,0.5,0.5,0.5,0.5,0.5,0.5,0.5,0.5,0.5,0.5,0.5,0.5,0.5,0.5,0.5,0.5,0.5,0.5,0.5,0.5,0.5,0.5,0.5,0.5,0.5,0.5,0.5,0.5,0.5,0.5,0.5,0.5,0.5,0.5,0.5,0.5,0.5,0.5,0.5,0.5,0.5,0.5,0.5,0.5,0.5,0.5,0.5,0.5,0.5,0.5,0.5,0.5
0.5,0.5,0.5,0.5,0.5,0.5,0.5,0.5,0.5,0.5,0.5,0.5,0.5,0.5,0.5,0.5,0.5,0.5,0.5,0.5,0.5,0.5,0.5,0.5,0.5,0.5,0.5,0.499999,0.499999,0.499999,0.499999,0.499999,0.499999,0.499999,0.499999,0.499999,0.499999,0.5,0.5,0.5,0.5,0.5,0.5,0.5,0.5,0.5,0.5,0.5,0.5,0.5,0.5,0.5,0.5,0.5,0.5,0.5,0.5,0.5,0.5,0.5,0.5,0.5,0.5,0.5
0.5,0.5,0.5,0.5,0.5,0.5,0.5,0.5,0.5,0.5,0.5,0.5,0.5,0.5,0.5,0.5,0.5,0.5,0.5,0.5,0.5,0.5,0.5,0.499999,0.499999,0.499999,0.499999,0.499999,0.499998,0.499998,0.499998,0.499998,0.499998,0.499998,0.499998,0.499998,0.499999,0.499999,0.499999,0.499999,0.499999,0.5,0.5,0.5,0.5,0.5,0.5,0.5,0.5,0.5,0.5,0.5,0.5,0.5,0.5,0.5,0.5,0.5,0.5,0.5,0.5,0.5,0.5,0.5
0.5,0.5,0.5,0.5,0.5,0.5,0.5,0.5,0.5,0.5,0.5,0.5,0.5,0.5,0.5,0.5,0.5,0.5,0.5,0.5,0.5,0.499999,0.499999,0.499999,0.499998,0.499997,0.499997,0.499996,0.499996,0.499995,0.499995,0.499995,0.499995,0.499995,0.499995,0.499996,0.499996,0.499997,0.499997,0.499998,0.499999,0.499999,0.499999,0.5,0.5,0.5,0.5,0.5,0.5,0.5,0.5,0.5,0.5,0.5,0.5,0.5,0.5,0.5,0.5,0.5,0.5,0.5,0.5,0.5
0.5,0.5,0.5,0.5,0.5,0.5,0.5,0.5,0.5,0.5,0.5,0.5,0.5,0.5,0.5,0.5,0.5,0.5,0.5,0.499999,0.499999,0.499998,0.499997,0.499996,0.499995,0.499994,0.499992,0.499991,0.499989,0.499988,0.499987,0.499987,0.499987,0.499987,0.499988,0.499989,0.499991,0.499992,0.499994,0.499995,0.499996,0.499997,0.499998,0.499999,0.499999,0.5,0.5,0.5,0.5,0.5,0.5,0.5,0.5,0.5,0.5,0.5,0.5,0.5,0.5,0.5,0.5,0.5,0.5,0.5
0.5,0.5,0.5,0.5,0.5,0.5,0.5,0.5,0.5,0.5,0.5,0.5,0.5,0.5,0.5,0.5,0.5,0.499999,0.499999,0.499998,0.499997,0.499996,0.499994,0.499991,0.499989,0.499985,0.499982,0.499978,0.499975,0.499972,0.49997,0.499969,0.499969,0.49997,0.499972,0.499975,0.499978,0.499982,0.499985,0.499989,0.499991,0.499994,0.499996,0.499997,0.499998,0.499999,0.499999,0.5,0.5,0.5,0.5,0.5,0.5,0.5,0.5,0.5,0.5,0.5,0.5,0.5,0.5,0.5,0.5,0.5
0.5,0.5,0.5,0.5,0.5,0.5,0.5,0.5,0.5,0.5,0.5,0.5,0.5,0.5,0.5,0.499999,0.499999,0.499998,0.499997,0.499996,0.499993,0.49999,0.499986,0.49998,0.499974,0.499966,0.499958,0.49995,0.499942,0.499936,0.499931,0.499928,0.499928,0.499931,0.499936,0.499942,0.49995,0.499958,0.499966,0.499974,0.49998,0.499986,0.49999,0.499993,0.499996,0.499997,0.499998,0.499999,0.499999,0.5,0.5,0.5,0.5,0.5,0.5,0.5,0.5,0.5,0.5,0.5,0.5,0.5,0.5,0.5
0.5,0.5,0.5,0.5,0.5,0.5,0.5,0.5,0.5,0.5,0.5,0.5,0.5,0.5,0.499999,0.499999,0.499998,0.499996,0.499994,0.499991,0.499985,0.499978,0.499969,0.499957,0.499943,0.499926,0.499908,0.49989,0.499873,0.499859,0.499848,0.499842,0.499842,0.499848,0.499859,0.499873,0.49989,0.499908,0.499926,0.499943,0.499957,0.499969,0.499978,0.499985,0.499991,0.499994,0.499996,0.499998,0.499999,0.499999,0.5,0.5,0.5,0.5,0.5,0.5,0.5,0.5,0.5,0.5,0.5,0.5,0.5,0.5
0.5,0.5,0.5,0.5,0.5,0.5,0.5,0.5,0.5,0.5,0.5,0.5,0.5,0.499999,0.499999,0.499998,0.499996,0.499992,0.499987,0.49998,0.499969,0.499954,0.499934,0.499909,0.499878,0.499843,0.499806,0.499767,0.499731,0.499701,0.499678,0.499667,0.499667,0.499678,0.499701,0.499731,0.499767,0.499806,0.499843,0.499878,0.499909,0.499934,0.499954,0.499969,0.49998,0.499987,0.499992,0.499996,0.499998,0.499999,0.499999,0.5,0.5,0.5,0.5,0.5,0.5,0.5,0.5,0.5,0.5,0.5,0.5,0.5
0.5,0.5,0.5,0.5,0.5,0.5,0.5,0.5,0.5,0.5,0.5,0.5,0.499999,0.499999,0.499997,0.499995,0.499991,0.499984,0.499974,0.499959,0.499937,0.499906,0.499865,0.499813,0.499751,0.49968,0.499603,0.499525,0.499452,0.499389,0.499344,0.49932,0.49932,0.499344,0.499389,0.499452,0.499525,0.499603,0.49968,0.499751,0.499813,0.499865,0.499906,0.499937,0.499959,0.499974,0.499984,0.499991,0.499995,0.499997,0.499999,0.499999,0.5,0.5,0.5,0.5,0.5,0.5,0.5,0.5,0.5,0.5,0.5,0.5
0.5,0.5,0.5,0.5,0.5,0.5,0.5,0.5,0.5,0.5,0.5,0.499999,0.499999,0.499997,0.499995,0.49999,0.499982,0.499969,0.499949,0.499919,0.499875,0.499814,0.499734,0.499632,0.49951,0.49937,0.499219,0.499065,0.498921,0.498799,0.498709,0.498662,0.498662,0.498709,0.498799,0.498921,0.499065,0.499219,0.49937,0.49951,0.499632,0.499734,0.499814,0.499875,0.499919,0.499949,0.499969,0.499982,0.49999,0.499995,0.499997,0.499999,0.499999,0.5,0.5,0.5,0.5,0.5,0.5,0.5,0.5,0.5,0.5,0.5
0.5,0.5,0.5,0.5,0.5,0.5,0.5,0.5,0.5,0.5,0.499999,0.499999,0.499997,0.499995,0.49999,0.499981,0.499966,0.499941,0.499903,0.499845,0.499762,0.499646,0.499494,0.499301,0.499069,0.498803,0.498517,0.498226,0.497953,0.497721,0.497552,0.497463,0.497463,0.497552,0.497721,0.497953,0.498226,0.498517,0.498803,0.499069,0.499301,0.499494,0.499646,0.499762,0.499845,0.499903,0.499941,0.499966,0.499981,0.49999,0.499995,0.499997,0.499999,0.499999,0.5,0.5,0.5,0.5,0.5,0.5,0.5,0.5,0.5,0.5
0.5,0.5,0.5,0.5,0.5,0.5,0.5,0.5,0.5,0.499999,0.499999,0.499998,0.499995,0.49999,0.499981,0.499965,0.499937,0.499892,0.499821,0.499715,0.499562,0.499351,0.499071,0.498718,0.498294,0.497809,0.497285,0.496755,0.496257,0.495834,0.495525,0.495363,0.495363,0.495525,0.495834,0.496257,0.496755,0.497285,0.497809,0.498294,0.498718,0.499071,0.499351,0.499562,0.499715,0.499821,0.499892,0.499937,0.499965,0.499981,0.49999,0.499995,0.499998,0.499999,0.499999,0.5,0.5,0.5,0.5,0.5,0.5,0.5,0.5,0.5
0.5,0.5,0.5,0.5,0.5,0.5,0.5,0.5,0.5,0.499999,0.499998,0.499996,0.499991,0.499982,0.499966,0.499937,0.499888,0.499808,0.499683,0.499496,0.499225,0.498851,0.498358,0.497735,0.496986,0.496132,0.495209,0.494275,0.493398,0.492653,0.492111,0.491825,0.491825,0.492111,0.492653,0.493398,0.494275,0.495209,0.496132,0.496986,0.497735,0.498358,0.498851,0.499225,0.499496,0.499683,0.499808,0.499888,0.499937,0.499966,0.499982,0.499991,0.499996,0.499998,0.499999,0.5,0.5,0.5,0.5,0.5,0.5,0.5,0.5,0.5
0.5,0.5,0.5,0.5,0.5,0.5,0.5,0.5,0.499999,0.499998,0.499996,0.499992,0.499984,0.499969,0.499941,0.499892,0.499808,0.499672,0.499458,0.499138,0.498676,0.498039,0.497199,0.496139,0.494866,0.493414,0.491846,0.490259,0.488771,0.487508,0.486588,0.486103,0.486103,0.486588,0.487508,0.488771,0.490259,0.491846,0.493414,0.494866,0.496139,0.497199,0.498039,0.498676,0.499138,0.499458,0.499672,0.499808,0.499892,0.499941,0.499969,0.499984,0.499992,0.499996,0.499998,0.499999,0.5,0.5,0.5,0.5,0.5,0.5,0.5,0.5
0.5,0.5,0.5,0.5,0.5,0.5,0.5,0.5,0.499999,0.499997,0.499994,0.499987,0.499974,0.499949,0.499903,0.499821,0.499683,0.499458,0.499107,0.498579,0.49782,0.496773,0.495393,0.493654,0.491565,0.489184,0.486615,0.484016,0.481579,0.479512,0.478006,0.477213,0.477213,0.478006,0.479512,0.481579,0.484016,0.486615,0.489184,0.491565,0.493654,0.495393,0.496773,0.49782,0.498579,0.499107,0.499458,0.499683,0.499821,0.499903,0.499949,0.499974,0.499987,0.499994,0.499997,0.499999,0.5,0.5,0.5,0.5,0.5,0.5,0.5,0.5
0.5,0.5,0.5,0.5,0.5,0.5,0.5,0.499999,0.499998,0.499996,0.499991,0.49998,0.499959,0.499919,0.499845,0.499715,0.499496,0.499138,0.498579,0.497741,0.496537,0.494877,0.49269,0.489937,0.486633,0.482867,0.478807,0.474701,0.470852,0.467587,0.46521,0.463958,0.463958,0.46521,0.467587,0.470852,0.474701,0.478807,0.482867,0.486633,0.489937,0.49269,0.494877,0.496537,0.497741,0.498579,0.499138,0.499496,0.499715,0.499845,0.499919,0.499959,0.49998,0.499991,0.499996,0.499998,0.499999,0.5,0.5,0.5,0.5,0.5,0.5,0.5
0.5,0.5,0.5,0.5,0.5,0.5,0.5,0.499999,0.499997,0.499993,0.499985,0.499969,0.499937,0.499875,0.499762,0.499562,0.499225,0.498676,0.49782,0.496537,0.494693,0.492156,0.488814,0.484608,0.479565,0.473819,0.467628,0.461369,0.455504,0.450531,0.446911,0.445003,0.445003,0.446911,0.450531,0.455504,0.461369,0.467628,0.473819,0.479565,0.484608,0.488814,0.492156,0.494693,0.496537,0.49782,0.498676,0.499225,0.499562,0.499762,0.499875,0.499937,0.499969,0.499985,0.499993,0.499997,0.499999,0.5,0.5,0.5,0.5,0.5,0.5,0.5
0.5,0.5,0.5,0.5,0.5,0.5,0.499999,0.499998,0.499996,0.49999,0.499978,0.499954,0.499906,0.499814,0.499646,0.499351,0.498851,0.498039,0.496773,0.494877,0.492156,0.488412,0.483484,0.477287,0.46986,0.461402,0.452293,0.443087,0.434465,0.427154,0.421834,0.41903,0.41903,0.421834,0.427154,0.434465,0.443087,0.452293,0.461402,0.46986,0.477287,0.483484,0.488412,0.492156,0.494877,0.496773,0.498039,0.498851,0.499351,0.499646,0.499814,0.499906,0.499954,0.499978,0.49999,0.499996,0.499998,0.499999,0.5,0.5,0.5,0.5,0.5,0.5
0.5,0.5,0.5,0.5,0.5,0.5,0.499999,0.499997,0.499994,0.499986,0.499969,0.499934,0.499865,0.499734,0.499494,0.499071,0.498358,0.497199,0.495393,0.49269,0.488814,0.483484,0.476473,0.467663,0.457107,0.445092,0.43216,0.419094,0.406859,0.396488,0.388943,0.384968,0.384968,0.388943,0.396488,0.406859,0.419094,0.43216,0.445092,0.457107,0.467663,0.476473,0.483484,0.488814,0.49269,0.495393,0.497199,0.498358,0.499071,0.499494,0.499734,0.499865,0.499934,0.499969,0.499986,0.499994,0.499997,0.499999,0.5,0.5,0.5,0.5,0.5,0.5
0.5,0.5,0.5,0.5,0.5,0.499999,0.499999,0.499996,0.499991,0.49998,0.499957,0.499909,0.499813,0.499632,0.499301,0.498718,0.497735,0.496139,0.493654,0.489937,0.484608,0.477287,0.467663,0.455573,0.441096,0.424625,0.406903,0.389005,0.37225,0.358051,0.347722,0.342281,0.342281,0.347722,0.358051,0.37225,0.389005,0.406903,0.424625,0.441096,0.455573,0.467663,0.477287,0.484608,0.489937,0.493654,0.496139,0.497735,0.498718,0.499301,0.499632,0.499813,0.499909,0.499957,0.49998,0.499991,0.499996,0.499999,0.499999,0.5,0.5,0.5,0.5,0.5
0.5,0.5,0.5,0.5,0.5,0.499999,0.499998,0.499995,0.499989,0.499974,0.499943,0.499878,0.499751,0.49951,0.499069,0.498294,0.496986,0.494866,0.491565,0.486633,0.479565,0.46986,0.457107,0.441096,0.421933,0.400138,0.376698,0.353031,0.330883,0.312117,0.298469,0.291279,0.291279,0.298469,0.312117,0.330883,0.353031,0.376698,0.400138,0.421933,0.441096,0.457107,0.46986,0.479565,0.486633,0.491565,0.494866,0.496986,0.498294,0.499069,0.49951,0.499751,0.499878,0.499943,0.499974,0.499989,0.499995,0.499998,0.499999,0.5,0.5,0.5,0.5,0.5
0.5,0.5,0.5,0.5,0.5,0.499999,0.499997,0.499994,0.499985,0.499966,0.499926,0.499843,0.49968,0.49937,0.498803,0.497809,0.496132,0.493414,0.489184,0.482867,0.473819,0.461402,0.445092,0.424625,0.400138,0.372301,0.34237,0.312159,0.283893,0.259949,0.242537,0.233365,0.233365,0.242537,0.259949,0.283893,0.312159,0.34237,0.372301,0.400138,0.424625,0.445092,0.461402,0.473819,0.482867,0.489184,0.493414,0.496132,0.497809,0.498803,0.49937,0.49968,0.499843,0.499926,0.499966,0.499985,0.499994,0.499997,0.499999,0.5,0.5,0.5,0.5,0.5
0.5,0.5,0.5,0.5,0.5,0.499999,0.499997,0.499992,0.499982,0.499958,0.499908,0.499806,0.499603,0.499219,0.498517,0.497285,0.495209,0.491846,0.486615,0.478807,0.467628,0.452293,0.43216,0.406903,0.376698,0.34237,0.305471,0.268238,0.233409,0.20391,0.182461,0.171163,0.171163,0.182461,0.20391,0.233409,0.268238,0.305471,0.34237,0.376698,0.406903,0.43216,0.452293,0.467628,0.478807,0.486615,0.491846,0.495209,0.497285,0.498517,0.499219,0.499603,0.499806,0.499908,0.499958,0.499982,0.499992,0.499997,0.499999,0.5,0.5,0.5,0.5,0.5
0.5,0.5,0.5,0.5,0.499999,0.499999,0.499996,0.499991,0.499978,0.49995,0.49989,0.499767,0.499525,0.499065,0.498226,0.496755,0.494275,0.490259,0.484016,0.474701,0.461369,0.443087,0.419094,0.389005,0.353031,0.312159,0.268238,0.223929,0.182487,0.147393,0.121878,0.10844,0.10844,0.121878,0.147393,0.182487,0.223929,0.268238,0.312159,0.353031,0.389005,0.419094,0.443087,0.461369,0.474701,0.484016,0.490259,0.494275,0.496755,0.498226,0.499065,0.499525,0.499767,0.49989,0.49995,0.499978,0.499991,0.499996,0.499999,0.499999,0.5,0.5,0.5,0.5
0.5,0.5,0.5,0.5,0.499999,0.499998,0.499996,0.499989,0.499975,0.499942,0.499873,0.499731,0.499452,0.498921,0.497953,0.496257,0.493398,0.488771,0.481579,0.470852,0.455504,0.434465,0.406859,0.37225,0.330883,0.283893,0.233409,0.182487,0.134868,0.0945475,0.0652358,0.0497986,0.0497986,0.0652358,0.0945475,0.134868,0.182487,0.233409,0.283893,0.330883,0.37225,0.406859,0.434465,0.455504,0.470852,0.481579,0.488771,0.493398,0.496257,0.497953,0.498921,0.499452,0.499731,0.499873,0.499942,0.499975,0.499989,0.499996,0.499998,0.499999,0.5,0.5,0.5,0.5
0.5,0.5,0.5,0.5,0.499999,0.499998,0.499995,0.499988,0.499972,0.499936,0.499859,0.499701,0.499389,0.498799,0.497721,0.495834,0.492653,0.487508,0.479512,0.467587,0.450531,0.427154,0.396488,0.358051,0.312117,0.259949,0.20391,0.147393,0.0945475,0.0498061,0.0172825,0.000154394,0.000154394,0.0172825,0.0498061,0.0945475,0.147393,0.20391,0.259949,0.312117,0.358051,0.396488,0.427154,0.450531,0.467587,0.479512,0.487508,0.492653,0.495834,0.497721,0.498799,0.499389,0.499701,0.499859,0.499936,0.499972,0.499988,0.499995,0.499998,0.499999,0.5,0.5,0.5,0.5
0.5,0.5,0.5,0.5,0.499999,0.499998,0.499995,0.499987,0.49997,0.499931,0.499848,0.499678,0.499344,0.498709,0.497552,0.495525,0.492111,0.486588,0.478006,0.46521,0.446911,0.421834,0.388943,0.347722,0.298469,0.242537,0.182461,0.121878,0.0652358,0.0172825,-0.0175744,-0.0359307,-0.0359307,-0.0175744,0.0172825,0.0652358,0.121878,0.182461,0.242537,0.298469,0.347722,0.388943,0.421834,0.446911,0.46521,0.478006,0.486588,0.492111,0.495525,0.497552,0.498709,0.499344,0.499678,0.499848,0.499931,0.49997,0.499987,0.499995,0.499998,0.499999,0.5,0.5,0.5,0.5
0.5,0.5,0.5,0.5,0.499999,0.499998,0.499995,0.499987,0.499969,0.499928,0.499842,0.499667,0.49932,0.498662,0.497463,0.495363,0.491825,0.486103,0.477213,0.463958,0.445003,0.41903,0.384968,0.342281,0.291279,0.233365,0.171163,0.10844,0.0497986,0.000154394,-0.0359307,-0.0549336,-0.0549336,-0.0359307,0.000154394,0.0497986,0.10844,0.171163,0.233365,0.291279,0.342281,0.384968,0.41903,0.445003,0.463958,0.477213,0.486103,0.491825,0.495363,0.497463,0.498662,0.49932,0.499667,0.499842,0.499928,0.499969,0.499987,0.499995,0.499998,0.499999,0.5,0.5,0.5,0.5
0.5,0.5,0.5,0.5,0.499999,0.499998,0.499995,0.499987,0.499969,0.499928,0.499842,0.499667,0.49932,0.498662,0.497463,0.495363,0.491825,0.486103,0.477213,0.463958,0.445003,0.41903,0.384968,0.342281,0.291279,0.233365,0.171163,0.10844,0.0497986,0.000154394,-0.0359307,-0.0549336,-0.0549336,-0.0359307,0.000154394,0.0497986,0.10844,0.171163,0.233365,0.291279,0.342281,0.384968,0.41903,0.445003,0.463958,0.477213,0.486103,0.491825,0.495363,0.497463,0.498662,0.49932,0.499667,0.499842,0.499928,0.499969,0.499987,0.499995,0.499998,0.499999,0.5,0.5,0.5,0.5
0.5,0.5,0.5,0.5,0.499999,0.499998,0.499995,0.499987,0.49997,0.499931,0.499848,0.499678,0.499344,0.498709,0.497552,0.495525,0.492111,0.486588,0.478006,0.46521,0.446911,0.421834,0.388943,0.347722,0.298469,0.242537,0.182461,0.121878,0.0652358,0.0172825,-0.0175744,-0.0359307,-0.0359307,-0.0175744,0.0172825,0.0652358,0.121878,0.182461,0.242537,0.298469,0.347722,0.388943,0.421834,0.446911,0.46521,0.478006,0.486588,0.492111,0.495525,0.497552,0.498709,0.499344,0.499678,0.499848,0.499931,0.49997,0.499987,0.499995,0.499998,0.499999,0.5,0.5,0.5,0.5
0.5,0.5,0.5,0.5,0.499999,0.499998,0.499995,0.499988,0.499972,0.499936,0.499859,0.499701,0.499389,0.498799,0.497721,0.495834,0.492653,0.487508,0.479512,0.467587,0.450531,0.427154,0.396488,0.358051,0.312117,0.259949,0.20391,0.147393,0.0945475,0.0498061,0.0172825,0.000154394,0.000154394,0.0172825,0.0498061,0.0945475,0.147393,0.20391,0.259949,0.312117,0.358051,0.396488,0.427154,0.450531,0.467587,0.479512,0.487508,0.492653,0.495834,0.497721,0.498799,0.499389,0.499701,0.499859,0.499936,0.499972,0.499988,0.499995,0.499998,0.499999,0.5,0.5,0.5,0.5
0.5,0.5,0.5,0.5,0.499999,0.499998,0.499996,0.499989,0.499975,0.499942,0.499873,0.499731,0.499452,0.498921,0.497953,0.496257,0.493398,0.488771,0.481579,0.470852,0.455504,0.434465,0.406859,0.37225,0.330883,0.283893,0.233409,0.182487,0.134868,0.0945475,0.0652358,0.0497986,0.0497986,0.0652358,0.0945475,0.134868,0.182487,0.233409,0.283893,0.330883,0.37225,0.406859,0.434465,0.455504,0.470852,0.481579,0.488771,0.493398,0.496257,0.497953,0.498921,0.499452,0.499731,0.499873,0.499942,0.499975,0.499989,0.499996,0.499998,0.499999,0.5,0.5,0.5,0.5
0.5,0.5,0.5,0.5,0.499999,0.499999,0.499996,0.499991,0.499978,0.49995,0.49989,0.499767,0.499525,0.499065,0.498226,0.496755,0.494275,0.490259,0.484016,0.474701,0.461369,0.443087,0.419094,0.389005,0.353031,0.312159,0.268238,0.223929,0.182487,0.147393,0.121878,0.10844,0.10844,0.121878,0.147393,0.182487,0.223929,0.268238,0.312159,0.353031,0.389005,0.419094,0.443087,0.461369,0.474701,0.484016,0.490259,0.494275,0.496755,0.498226,0.499065,0.499525,0.499767,0.49989,0.49995,0.499978,0.499991,0.499996,0.499999,0.499999,0.5,0.5,0.5,0.5
0.5,0.5,0.5,0.5,0.5,0.499999,0.499997,0.499992,0.499982,0.499958,0.499908,0.499806,0.499603,0.499219,0.498517,0.497285,0.495209,0.491846,0.486615,0.478807,0.467628,0.452293,0.43216,0.406903,0.376698,0.34237,0.305471,0.268238,0.233409,0.20391,0.182461,0.171163,0.171163,0.182461,0.20391,0.233409,0.268238,0.305471,0.34237,0.376698,0.406903,0.43216,0.452293,0.467628,0.478807,0.486615,0.491846,0.495209,0.497285,0.498517,0.499219,0.499603,0.499806,0.499908,0.499958,0.499982,0.499992,0.499997,0.499999,0.5,0.5,0.5,0.5,0.5
0.5,0.5,0.5,0.5,0.5,0.499999,0.499997,0.499994,0.499985,0.499966,0.499926,0.499843,0.49968,0.49937,0.498803,0.497809,0.496132,0.493414,0.489184,0.482867,0.473819,0.461402,0.445092,0.424625,0.400138,0.372301,0.34237,0.312159,0.283893,0.259949,0.242537,0.233365,0.233365,0.242537,0.259949,0.283893,0.312159,0.34237,0.372301,0.400138,0.424625,0.445092,0.461402,0.473819,0.482867,0.489184,0.493414,0.496132,0.497809,0.498803,0.49937,0.49968,0.499843,0.499926,0.499966,0.499985,0.499994,0.499997,0.499999,0.5,0.5,0.5,0.5,0.5
0.5,0.5,0.5,0.5,0.5,0.499999,0.499998,0.499995,0.499989,0.499974,0.499943,0.499878,0.499751,0.49951,0.499069,0.498294,0.496986,0.494866,0.491565,0.486633,0.479565,0.46986,0.457107,0.441096,0.421933,0.400138,0.376698,0.353031,0.330883,0.312117,0.298469,0.291279,0.291279,0.298469,0.312117,0.330883,0.353031,0.376698,0.400138,0.421933,0.441096,0.457107,0.46986,0.479565,0.486633,0.491565,0.494866,0.496986,0.498294,0.499069,0.49951,0.499751,0.499878,0.499943,0.499974,0.499989,0.499995,0.499998,0.499999,0.5,0.5,0.5,0.5,0.5
0.5,0.5,0.5,0.5,0.5,0.499999,0.499999,0.499996,0.499991,0.49998,0.499957,0.499909,0.499813,0.499632,0.499301,0.498718,0.497735,0.496139,0.493654,0.489937,0.484608,0.477287,0.467663,0.455573,0.441096,0.424625,0.406903,0.389005,0.37225,0.358051,0.347722,0.342281,0.342281,0.347722,0.358051,0.37225,0.389005,0.406903,0.424625,0.441096,0.455573,0.467663,0.477287,0.484608,0.489937,0.493654,0.496139,0.497735,0.498718,0.499301,0.499632,0.499813,0.499909,0.499957,0.49998,0.499991,0.499996,0.499999,0.499999,0.5,0.5,0.5,0.5,0.5
0.5,0.5,0.5,0.5,0.5,0.5,0.499999,0.499997,0.499994,0.499986,0.499969,0.499934,0.499865,0.499734,0.499494,0.499071,0.498358,0.497199,0.495393,0.49269,0.488814,0.483484,0.476473,0.467663,0.457107,0.445092,0.43216,0.419094,0.406859,0.396488,0.388943,0.384968,0.384968,0.388943,0.396488,0.406859,0.419094,0.43216,0.445092,0.457107,0.467663,0.476473,0.483484,0.488814,0.49269,0.495393,0.497199,0.498358,0.499071,0.499494,0.499734,0.499865,0.499934,0.499969,0.499986,0.499994,0.499997,0.499999,0.5,0.5,0.5,0.5,0.5,0.5
0.5,0.5,0.5,0.5,0.5,0.5,0.499999,0.499998,0.499996,0.49999,0.499978,0.499954,0.499906,0.499814,0.499646,0.499351,0.498851,0.498039,0.496773,0.494877,0.492156,0.488412,0.483484,0.477287,0.46986,0.461402,0.452293,0.443087,0.434465,0.427154,0.421834,0.41903,0.41903,0.421834,0.427154,0.434465,0.443087,0.452293,0.461402,0.46986,0.477287,0.483484,0.488412,0.492156,0.494877,0.496773,0.498039,0.498851,0.499351,0.499646,0.499814,0.499906,0.499954,0.499978,0.49999,0.499996,0.499998,0.499999,0.5,0.5,0.5,0.5,0.5,0.5
0.5,0.5,0.5,0.5,0.5,0.5,0.5,0.499999,0.499997,0.499993,0.499985,0.499969,0.499937,0.499875,0.499762,0.499562,0.499225,0.498676,0.49782,0.496537,0.494693,0.492156,0.488814,0.484608,0.479565,0.473819,0.467628,0.461369,0.455504,0.450531,0.446911,0.445003,0.445003,0.446911,0.450531,0.455504,0.461369,0.467628,0.473819,0.479565,0.484608,0.488814,0.492156,0.494693,0.496537,0.49782,0.498676,0.499225,0.499562,0.499762,0.499875,0.499937,0.499969,0.499985,0.499993,0.499997,0.499999,0.5,0.5,0.5,0.5,0.5,0.5,0.5
0.5,0.5,0.5,0.5,0.5,0.5,0.5,0.499999,0.499998,0.499996,0.499991,0.49998,0.499959,0.499919,0.499845,0.499715,0.499496,0.499138,0.498579,0.497741,0.496537,0.494877,0.49269,0.489937,0.486633,0.482867,0.478807,0.474701,0.470852,0.467587,0.46521,0.463958,0.463958,0.46521,0.467587,0.470852,0.474701,0.478807,0.482867,0.486633,0.489937,0.49269,0.494877,0.496537,0.497741,0.498579,0.499138,0.499496,0.499715,0.499845,0.499919,0.499959,0.49998,0.499991,0.499996,0.499998,0.499999,0.5,0.5,0.5,0.5,0.5,0.5,0.5
0.5,0.5,0.5,0.5,0.5,0.5,0.5,0.5,0.499999,0.499997,0.499994,0.499987,0.499974,0.499949,0.499903,0.499821,0.499683,0.499458,0.499107,0.498579,0.49782,0.496773,0.495393,0.493654,0.491565,0.489184,0.486615,0.484016,0.481579,0.479512,0.478006,0.477213,0.477213,0.478006,0.479512,0.481579,0.484016,0.486615,0.489184,0.491565,0.493654,0.495393,0.496773,0.49782,0.498579,0.499107,0.499458,0.499683,0.499821,0.499903,0.499949,0.499974,0.499987,0.499994,0.499997,0.499999,0.5,0.5,0.5,0.5,0.5,0.5,0.5,0.5
0.5,0.5,0.5,0.5,0.5,0.5,0.5,0.5,0.499999,0.499998,0.499996,0.499992,0.499984,0.499969,0.499941,0.499892,0.499808,0.499672,0.499458,0.499138,0.498676,0.498039,0.497199,0.496139,0.494866,0.493414,0.491846,0.490259,0.488771,0.487508,0.486588,0.486103,0.486103,0.486588,0.487508,0.488771,0.490259,0.491846,0.493414,0.494866,0.496139,0.497199,0.498039,0.498676,0.499138,0.499458,0.499672,0.499808,0.499892,0.499941,0.499969,0.499984,0.499992,0.499996,0.499998,0.499999,0.5,0.5,0.5,0.5,0.5,0.5,0.5,0.5
0.5,0.5,0.5,0.5,0.5,0.5,0.5,0.5,0.5,0.499999,0.499998,0.499996,0.499991,0.499982,0.499966,0.499937,0.499888,0.499808,0.499683,0.499496,0.499225,0.498851,0.498358,0.497735,0.496986,0.496132,0.495209,0.494275,0.493398,0.492653,0.492111,0.491825,0.491825,0.492111,0.492653,0.493398,0.494275,0.495209,0.496132,0.496986,0.497735,0.498358,0.498851,0.499225,0.499496,0.499683,0.499808,0.499888,0.499937,0.499966,0.499982,0.499991,0.499996,0.499998,0.499999,0.5,0.5,0.5,0.5,0.5,0.5,0.5,0.5,0.5
0.5,0.5,0.5,0.5,0.5,0.5,0.5,0.5,0.5,0.499999,0.499999,0.499998,0.499995,0.49999,0.499981,0.499965,0.499937,0.499892,0.499821,0.499715,0.499562,0.499351,0.499071,0.498718,0.498294,0.497809,0.497285,0.496755,0.496257,0.495834,0.495525,0.495363,0.495363,0.495525,0.495834,0.496257,0.496755,0.497285,0.497809,0.498294,0.498718,0.499071,0.499351,0.499562,0.499715,0.499821,0.499892,0.499937,0.499965,0.499981,0.49999,0.499995,0.499998,0.499999,0.499999,0.5,0.5,0.5,0.5,0.5,0.5,0.5,0.5,0.5
0.5,0.5,0.5,0.5,0.5,0.5,0.5,0.5,0.5,0.5,0.499999,0.499999,0.499997,0.499995,0.49999,0.499981,0.499966,0.499941,0.499903,0.499845,0.499762,0.499646,0.499494,0.499301,0.499069,0.498803,0.498517,0.498226,0.497953,0.497721,0.497552,0.497463,0.497463,0.497552,0.497721,0.497953,0.498226,0.498517,0.498803,0.499069,0.499301,0.499494,0.499646,0.499762,0.499845,0.499903,0.499941,0.499966,0.499981,0.49999,0.499995,0.499997,0.499999,0.499999,0.5,0.5,0.5,0.5,0.5,0.5,0.5,0.5,0.5,0.5
0.5,0.5,0.5,0.5,0.5,0.5,0.5,0.5,0.5,0.5,0.5,0.499999,0.499999,0.499997,0.499995,0.49999,0.499982,0.499969,0.499949,0.499919,0.499875,0.499814,0.499734,0.499632,0.49951,0.49937,0.499219,0.499065,0.498921,0.498799,0.498709,0.498662,0.498662,0.498709,0.498799,0.498921,0.499065,0.499219,0.49937,0.49951,0.499632,0.499734,0.499814,0.499875,0.499919,0.499949,0.499969,0.499982,0.49999,0.499995,0.499997,0.499999,0.499999,0.5,0.5,0.5,0.5,0.5,0.5,0.5,0.5,0.5,0.5,0.5
0.5,0.5,0.5,0.5,0.5,0.5,0.5,0.5,0.5,0.5,0.5,0.5,0.499999,0.499999,0.499997,0.499995,0.499991,0.499984,0.499974,0.499959,0.499937,0.499906,0.499865,0.499813,0.499751,0.49968,0.499603,0.499525,0.499452,0.499389,0.499344,0.49932,0.49932,0.499344,0.499389,0.499452,0.499525,0.499603,0.49968,0.499751,0.499813,0.499865,0.499906,0.499937,0.499959,0.499974,0.499984,0.499991,0.499995,0.499997,0.499999,0.499999,0.5,0.5,0.5,0.5,0.5,0.5,0.5,0.5,0.5,0.5,0.5,0.5
0.5,0.5,0.5,0.5,0.5,0.5,0.5,0.5,0.5,0.5,0.5,0.5,0.5,0.499999,0.499999,0.499998,0.499996,0.499992,0.499987,0.49998,0.499969,0.499954,0.499934,0.499909,0.499878,0.499843,0.499806,0.499767,0.499731,0.499701,0.499678,0.499667,0.499667,0.499678,0.499701,0.499731,0.499767,0.499806,0.499843,0.499878,0.499909,0.499934,0.499954,0.499969,0.49998,0.499987,0.499992,0.499996,0.499998,0.499999,0.499999,0.5,0.5,0.5,0.5,0.5,0.5,0.5,0.5,0.5,0.5,0.5,0.5,0.5
0.5,0.5,0.5,0.5,0.5,0.5,0.5,0.5,0.5,0.5,0.5,0.5,0.5,0.5,0.499999,0.499999,0.499998,0.499996,0.499994,0.499991,0.499985,0.499978,0.499969,0.499957,0.499943,0.499926,0.499908,0.49989,0.499873,0.499859,0.499848,0.499842,0.499842,0.499848,0.499859,0.499873,0.49989,0.499908,0.499926,0.499943,0.499957,0.499969,0.499978,0.499985,0.499991,0.499994,0.499996,0.499998,0.499999,0.499999,0.5,0.5,0.5,0.5,0.5,0.5,0.5,0.5,0.5,0.5,0.5,0.5,0.5,0.5
0.5,0.5,0.5,0.5,0.5,0.5,0.5,0.5,0.5,0.5,0.5,0.5,0.5,0.5,0.5,0.499999,0.499999,0.499998,0.499997,0.499996,0.499993,0.49999,0.499986,0.49998,0.499974,0.499966,0.499958,0.49995,0.499942,0.499936,0.499931,0.499928,0.499928,0.499931,0.499936,0.499942,0.49995,0.499958,0.499966,0.499974,0.49998,0.499986,0.49999,0.499993,0.499996,0.499997,0.499998,0.499999,0.499999,0.5,0.5,0.5,0.5,0.5,0.5,0.5,0.5,0.5,0.5,0.5,0.5,0.5,0.5,0.5
0.5,0.5,0.5,0.5,0.5,0.5,0.5,0.5,0.5,0.5,0.5,0.5,0.5,0.5,0.5,0.5,0.5,0.499999,0.499999,0.499998,0.499997,0.499996,0.499994,0.499991,0.499989,0.499985,0.499982,0.499978,0.499975,0.499972,0.49997,0.499969,0.499969,0.49997,0.499972,0.499975,0.499978,0.499982,0.499985,0.499989,0.499991,0.499994,0.499996,0.499997,0.499998,0.499999,0.499999,0.5,0.5,0.5,0.5,0.5,0.5,0.5,0.5,0.5,0.5,0.5,0.5,0.5,0.5,0.5,0.5,0.5
0.5,0.5,0.5,0.5,0.5,0.5,0.5,0.5,0.5,0.5,0.5,0.5,0.5,0.5,0.5,0.5,0.5,0.5,0.5,0.499999,0.499999,0.499998,0.499997,0.499996,0.499995,0.499994,0.499992,0.499991,0.499989,0.499988,0.499987,0.499987,0.499987,0.499987,0.499988,0.499989,0.499991,0.499992,0.499994,0.499995,0.499996,0.499997,0.499998,0.499999,0.499999,0.5,0.5,0.5,0.5,0.5,0.5,0.5,0.5,0.5,0.5,0.5,0.5,0.5,0.5,0.5,0.5,0.5,0.5,0.5
0.5,0.5,0.5,0.5,0.5,0.5,0.5,0.5,0.5,0.5,0.5,0.5,0.5,0.5,0.5,0.5,0.5,0.5,0.5,0.5,0.5,0.499999,0.499999,0.499999,0.499998,0.499997,0.499997,0.499996,0.499996,0.499995,0.499995,0.499995,0.499995,0.499995,0.499995,0.499996,0.499996,0.499997,0.499997,0.499998,0.499999,0.499999,0.499999,0.5,0.5,0.5,0.5,0.5,0.5,0.5,0.5,0.5,0.5,0.5,0.5,0.5,0.5,0.5,0.5,0.5,0.5,0.5,0.5,0.5
0.5,0.5,0.5,0.5,0.5,0.5,0.5,0.5,0.5,0.5,0.5,0.5,0.5,0.5,0.5,0.5,0.5,0.5,0.5,0.5,0.5,0.5,0.5,0.499999,0.499999,0.499999,0.499999,0.499999,0.499998,0.499998,0.499998,0.499998,0.499998,0.499998,0.499998,0.499998,0.499999,0.499999,0.499999,0.499999,0.499999,0.5,0.5,0.5,0.5,0.5,0.5,0.5,0.5,0.5,0.5,0.5,0.5,0.5,0.5,0.5,0.5,0.5,0.5,0.5,0.5,0.5,0.5,0.5
0.5,0.5,0.5,0.5,0.5,0.5,0.5,0.5,0.5,0.5,0.5,0.5,0.5,0.5,0.5,0.5,0.5,0.5,0.5,0.5,0.5,0.5,0.5,0.5,0.5,0.5,0.5,0.499999,0.499999,0.499999,0.499999,0.499999,0.499999,0.499999,0.499999,0.499999,0.499999,0.5,0.5,0.5,0.5,0.5,0.5,0.5,0.5,0.5,0.5,0.5,0.5,0.5,0.5,0.5,0.5,0.5,0.5,0.5,0.5,0.5,0.5,0.5,0.5,0.5,0.5,0.5
0.5,0.5,0.5,0.5,0.5,0.5,0.5,0.5,0.5,0.5,0.5,0.5,0.5,0.5,0.5,0.5,0.5,0.5,0.5,0.5,0.5,0.5,0.5,0.5,0.5,0.5,0.5,0.5,0.5,0.5,0.5,0.5,0.5,0.5,0.5,0.5,0.5,0.5,0.5,0.5,0.5,0.5,0.5,0.5,0.5,0.5,0.5,0.5,0.5,0.5,0.5,0.5,0.5,0.5,0.5,0.5,0.5,0.5,0.5,0.5,0.5,0.5,0.5,0.5
0.5,0.5,0.5,0.5,0.5,0.5,0.5,0.5,0.5,0.5,0.5,0.5,0.5,0.5,0.5,0.5,0.5,0.5,0.5,0.5,0.5,0.5,0.5,0.5,0.5,0.5,0.5,0.5,0.5,0.5,0.5,0.5,0.5,0.5,0.5,0.5,0.5,0.5,0.5,0.5,0.5,0.5,0.5,0.5,0.5,0.5,0.5,0.5,0.5,0.5,0.5,0.5,0.5,0.5,0.5,0.5,0.5,0.5,0.5,0.5,0.5,0.5,0.5,0.5
0.5,0.5,0.5,0.5,0.5,0.5,0.5,0.5,0.5,0.5,0.5,0.5,0.5,0.5,0.5,0.5,0.5,0.5,0.5,0.5,0.5,0.5,0.5,0.5,0.5,0.5,0.5,0.5,0.5,0.5,0.5,0.5,0.5,0.5,0.5,0.5,0.5,0.5,0.5,0.5,0.5,0.5,0.5,0.5,0.5,0.5,0.5,0.5,0.5,0.5,0.5,0.5,0.5,0.5,0.5,0.5,0.5,0.5,0.5,0.5,0.5,0.5,0.5,0.5
0.5,0.5,0.5,0.5,0.5,0.5,0.5,0.5,0.5,0.5,0.5,0.5,0.5,0.5,0.5,0.5,0.5,0.5,0.5,0.5,0.5,0.5,0.5,0.5,0.5,0.5,0.5,0.5,0.5,0.5,0.5,0.5,0.5,0.5,0.5,0.5,0.5,0.5,0.5,0.5,0.5,0.5,0.5,0.5,0.5,0.5,0.5,0.5,0.5,0.5,0.5,0.5,0.5,0.5,0.5,0.5,0.5,0.5,0.5,0.5,0.5,0.5,0.5,0.5
