0.5,0.5,0.5,0.5,0.5,0.5,0.5,0.5,0.5,0.5,0.5,0.5,0.5,0.5,0.5,0.5,0.5,0.5,0.5,0.5,0.5,0.5,0.5,0.5,0.5,0.5,0.5,0.5,0.5,0.5,0.5,0.5,0.5,0.5,0.5,0.5,0.5,0.5,0.5,0.5,0.5,0.5,0.5,0.5,0.5,0.5,0.5,0.5,0.5,0.5,0.5,0.5,0.5,0.5,0.5,0.5,0.5,0.5,0.5,0.5,0.5,0.5,0.5,0.5
0.5,0.5,0.5,0.5,0.5,0.5,0.5,0.5,0.5,0.5,0.5,0.5,0.5,0.5,0.5,0.5,0.5,0.5,0.5,0.5,0.5,0.5,0.5,0.5,0.5,0.5,0.5,0.5,0.5,0.5,0.5,0.5,0.5,0.5,0.5,0.5,0.5,0.5,0.5,0.5,0.5,0.5,0.5,0.5,0.5,0.5,0.5,0.5,0.5,0.5,0.5,0.5,0.5,0.5,0.5,0.5,0.5,0.5,0.5,0.5,0.5,0.5,0.5,0.5
0.5,0.5,0.5,0.5,0.5,0.5,0.5,0.5,0.5,0.5,0.5,0.5,0.5,0.5,0.5,0.5,0.5,0.5,0.5,0.5,0.5,0.5,0.5,0.5,0.5,0.5,0.5,0.499999,0.499999,0.499999,0.499999,0.499999,0.499999,0.499999,0.499999,0.499999,0.499999,0.5,0.5,0.5,0.5,0.5,0.5,0.5,0.5,0.5,0.5,0.5,0.5,0.5,0.5,0.5,0.5,0.5,0.5,0.5,0.5,0.5,0.5,0.5,0.5,0.5,0.5,0.5
0.5,0.5,0.5,0.5,0.5,0.5,0.5,0.5,0.5,0.5,0.5,0.5,0.5,0.5,0.5,0.5,0.5,0.5,0.5,0.5,0.5,0.5,0.5,0.499999,0.499999,0.499999,0.499999,0.499999,0.499999,0.499998,0.499998,0.499998,0.499998,0.499998,0.499998,0.499999,0.499999,0.499999,0.499999,0.499999,0.499999,0.5,0.5,0.5,0.5,0.5,0.5,0.5,0.5,0.5,0.5,0.5,0.5,0.5,0.5,0.5,0.5,0.5,0.5,0.5,0.5,0.5,0.5,0.5
0.5,0.5,0.5,0.5,0.5,0.5,0.5,0.5,0.5,0.5,0.5,0.5,0.5,0.5,0.5,0.5,0.5,0.5,0.5,0.5,0.5,0.499999,0.499999,0.499999,0.499998,0.499998,0.499997,0.499997,0.499996,0.499996,0.499996,0.499995,0.499995,0.499996,0.499996,0.499996,0.499997,0.499997,0.499998,0.499998,0.499999,0.499999,0.499999,0.5,0.5,0.5,0.5,0.5,0.5,0.5,0.5,0.5,0.5,0.5,0.5,0.5,0.5,0.5,0.5,0.5,0.5,0.5,0.5,0.5
0.5,0.5,0.5,0.5,0.5,0.5,0.5,0.5,0.5,0.5,0.5,0.5,0.5,0.5,0.5,0.5,0.5,0.5,0.499999,0.499999,0.499999,0.499998,0.499998,0.499997,0.499996,0.499995,0.499993,0.499992,0.499991,0.49999,0.499989,0.499989,0.499989,0.499989,0.49999,0.499991,0.499992,0.499993,0.499995,0.499996,0.499997,0.499998,0.499998,0.499999,0.499999,0.499999,0.5,0.5,0.5,0.5,0.5,0.5,0.5,0.5,0.5,0.5,0.5,0.5,0.5,0.5,0.5,0.5,0.5,0.5
0.5,0.5,0.5,0.5,0.5,0.5,0.5,0.5,0.5,0.5,0.5,0.5,0.5,0.5,0.5,0.5,0.5,0.499999,0.499999,0.499998,0.499997,0.499996,0.499994,0.499992,0.49999,0.499987,0.499984,0.499981,0.499978,0.499976,0.499974,0.499974,0.499974,0.499974,0.499976,0.499978,0.499981,0.499984,0.499987,0.49999,0.499992,0.499994,0.499996,0.499997,0.499998,0.499999,0.499999,0.5,0.5,0.5,0.5,0.5,0.5,0.5,0.5,0.5,0.5,0.5,0.5,0.5,0.5,0.5,0.5,0.5
0.5,0.5,0.5,0.5,0.5,0.5,0.5,0.5,0.5,0.5,0.5,0.5,0.5,0.5,0.5,0.499999,0.499999,0.499998,0.499997,0.499996,0.499993,0.499991,0.499987,0.499982,0.499976,0.49997,0.499964,0.499957,0.499951,0.499946,0.499942,0.49994,0.49994,0.499942,0.499946,0.499951,0.499957,0.499964,0.49997,0.499976,0.499982,0.499987,0.499991,0.499993,0.499996,0.499997,0.499998,0.499999,0.499999,0.5,0.5,0.5,0.5,0.5,0.5,0.5,0.5,0.5,0.5,0.5,0.5,0.5,0.5,0.5
0.5,0.5,0.5,0.5,0.5,0.5,0.5,0.5,0.5,0.5,0.5,0.5,0.5,0.5,0.499999,0.499999,0.499998,0.499996,0.499994,0.49999,0.499985,0.499979,0.499971,0.49996,0.499948,0.499934,0.49992,0.499905,0.499891,0.49988,0.499872,0.499867,0.499867,0.499872,0.49988,0.499891,0.499905,0.49992,0.499934,0.499948,0.49996,0.499971,0.499979,0.499985,0.49999,0.499994,0.499996,0.499998,0.499999,0.499999,0.5,0.5,0.5,0.5,0.5,0.5,0.5,0.5,0.5,0.5,0.5,0.5,0.5,0.5
0.5,0.5,0.5,0.5,0.5,0.5,0.5,0.5,0.5,0.5,0.5,0.5,0.5,0.499999,0.499998,0.499997,0.499995,0.499992,0.499987,0.499979,0.499969,0.499955,0.499937,0.499915,0.499889,0.49986,0.499829,0.499798,0.499769,0.499745,0.499728,0.499719,0.499719,0.499728,0.499745,0.499769,0.499798,0.499829,0.49986,0.499889,0.499915,0.499937,0.499955,0.499969,0.499979,0.499987,0.499992,0.499995,0.499997,0.499998,0.499999,0.5,0.5,0.5,0.5,0.5,0.5,0.5,0.5,0.5,0.5,0.5,0.5,0.5
0.5,0.5,0.5,0.5,0.5,0.5,0.5,0.5,0.5,0.5,0.5,0.499999,0.499999,0.499998,0.499997,0.499994,0.499989,0.499983,0.499972,0.499957,0.499936,0.499907,0.49987,0.499825,0.499772,0.499712,0.499649,0.499586,0.499528,0.499479,0.499443,0.499424,0.499424,0.499443,0.499479,0.499528,0.499586,0.499649,0.499712,0.499772,0.499825,0.49987,0.499907,0.499936,0.499957,0.499972,0.499983,0.499989,0.499994,0.499997,0.499998,0.499999,0.499999,0.5,0.5,0.5,0.5,0.5,0.5,0.5,0.5,0.5,0.5,0.5
0.5,0.5,0.5,0.5,0.5,0.5,0.5,0.5,0.5,0.5,0.499999,0.499999,0.499998,0.499996,0.499993,0.499988,0.499979,0.499965,0.499944,0.499914,0.499871,0.499814,0.499742,0.499652,0.499547,0.49943,0.499305,0.499181,0.499066,0.49897,0.4989,0.498864,0.498864,0.4989,0.49897,0.499066,0.499181,0.499305,0.49943,0.499547,0.499652,0.499742,0.499814,0.499871,0.499914,0.499944,0.499965,0.499979,0.499988,0.499993,0.499996,0.499998,0.499999,0.499999,0.5,0.5,0.5,0.5,0.5,0.5,0.5,0.5,0.5,0.5
0.5,0.5,0.5,0.5,0.5,0.5,0.5,0.5,0.5,0.5,0.499999,0.499998,0.499996,0.499992,0.499986,0.499976,0.499959,0.499932,0.499891,0.499833,0.499752,0.499643,0.499504,0.499333,0.499133,0.498909,0.498673,0.498438,0.49822,0.498037,0.497905,0.497836,0.497836,0.497905,0.498037,0.49822,0.498438,0.498673,0.498909,0.499133,0.499333,0.499504,0.499643,0.499752,0.499833,0.499891,0.499932,0.499959,0.499976,0.499986,0.499992,0.499996,0.499998,0.499999,0.5,0.5,0.5,0.5,0.5,0.5,0.5,0.5,0.5,0.5
0.5,0.5,0.5,0.5,0.5,0.5,0.5,0.5,0.5,0.499999,0.499998,0.499996,0.499992,0.499986,0.499974,0.499954,0.499922,0.499872,0.499797,0.499688,0.499538,0.499337,0.49908,0.498765,0.498397,0.497987,0.497553,0.497122,0.496724,0.49639,0.496149,0.496023,0.496023,0.496149,0.49639,0.496724,0.497122,0.497553,0.497987,0.498397,0.498765,0.49908,0.499337,0.499538,0.499688,0.499797,0.499872,0.499922,0.499954,0.499974,0.499986,0.499992,0.499996,0.499998,0.499999,0.5,0.5,0.5,0.5,0.5,0.5,0.5,0.5,0.5
0.5,0.5,0.5,0.5,0.5,0.5,0.5,0.5,0.499999,0.499998,0.499997,0.499993,0.499986,0.499974,0.499953,0.499917,0.499859,0.499769,0.499634,0.499439,0.499169,0.49881,0.498352,0.497793,0.497139,0.496413,0.495646,0.494885,0.494183,0.493594,0.493169,0.492946,0.492946,0.493169,0.493594,0.494183,0.494885,0.495646,0.496413,0.497139,0.497793,0.498352,0.49881,0.499169,0.499439,0.499634,0.499769,0.499859,0.499917,0.499953,0.499974,0.499986,0.499993,0.499997,0.499998,0.499999,0.5,0.5,0.5,0.5,0.5,0.5,0.5,0.5
0.5,0.5,0.5,0.5,0.5,0.5,0.5,0.499999,0.499999,0.499997,0.499994,0.499988,0.499976,0.499954,0.499917,0.499855,0.499754,0.499597,0.499362,0.499024,0.498558,0.497939,0.497151,0.496191,0.495072,0.493829,0.49252,0.491223,0.490027,0.489025,0.488303,0.487924,0.487924,0.488303,0.489025,0.490027,0.491223,0.49252,0.493829,0.495072,0.496191,0.497151,0.497939,0.498558,0.499024,0.499362,0.499597,0.499754,0.499855,0.499917,0.499954,0.499976,0.499988,0.499994,0.499997,0.499999,0.499999,0.5,0.5,0.5,0.5,0.5,0.5,0.5
0.5,0.5,0.5,0.5,0.5,0.5,0.5,0.499999,0.499998,0.499995,0.499989,0.499979,0.499959,0.499922,0.499859,0.499754,0.499583,0.499319,0.498926,0.498361,0.497583,0.496552,0.495244,0.493652,0.4918,0.489748,0.487592,0.485456,0.48349,0.481846,0.48066,0.48004,0.48004,0.48066,0.481846,0.48349,0.485456,0.487592,0.489748,0.4918,0.493652,0.495244,0.496552,0.497583,0.498361,0.498926,0.499319,0.499583,0.499754,0.499859,0.499922,0.499959,0.499979,0.499989,0.499995,0.499998,0.499999,0.5,0.5,0.5,0.5,0.5,0.5,0.5
0.5,0.5,0.5,0.5,0.5,0.5,0.499999,0.499998,0.499996,0.499992,0.499983,0.499965,0.499932,0.499872,0.499769,0.499597,0.499319,0.498891,0.498253,0.497341,0.496086,0.494428,0.492328,0.489779,0.486821,0.48355,0.480117,0.476723,0.473603,0.470996,0.469118,0.468135,0.468135,0.469118,0.470996,0.473603,0.476723,0.480117,0.48355,0.486821,0.489779,0.492328,0.494428,0.496086,0.497341,0.498253,0.498891,0.499319,0.499597,0.499769,0.499872,0.499932,0.499965,0.499983,0.499992,0.499996,0.499998,0.499999,0.5,0.5,0.5,0.5,0.5,0.5
0.5,0.5,0.5,0.5,0.5,0.499999,0.499999,0.499997,0.499994,0.499987,0.499972,0.499944,0.499891,0.499797,0.499634,0.499362,0.498926,0.498253,0.497255,0.495829,0.493874,0.491298,0.488043,0.4841,0.479534,0.474495,0.469216,0.464007,0.459223,0.455231,0.452358,0.450855,0.450855,0.452358,0.455231,0.459223,0.464007,0.469216,0.474495,0.479534,0.4841,0.488043,0.491298,0.493874,0.495829,0.497255,0.498253,0.498926,0.499362,0.499634,0.499797,0.499891,0.499944,0.499972,0.499987,0.499994,0.499997,0.499999,0.499999,0.5,0.5,0.5,0.5,0.5
0.5,0.5,0.5,0.5,0.5,0.499999,0.499998,0.499996,0.49999,0.499979,0.499957,0.499914,0.499833,0.499688,0.499439,0.499024,0.498361,0.497341,0.495829,0.493678,0.490734,0.486864,0.481985,0.47609,0.469279,0.461777,0.453933,0.446206,0.43912,0.433212,0.428965,0.426744,0.426744,0.428965,0.433212,0.43912,0.446206,0.453933,0.461777,0.469279,0.47609,0.481985,0.486864,0.490734,0.493678,0.495829,0.497341,0.498361,0.499024,0.499439,0.499688,0.499833,0.499914,0.499957,0.499979,0.49999,0.499996,0.499998,0.499999,0.5,0.5,0.5,0.5,0.5
0.5,0.5,0.5,0.5,0.5,0.499999,0.499997,0.499993,0.499985,0.499969,0.499936,0.499871,0.499752,0.499538,0.499169,0.498558,0.497583,0.496086,0.493874,0.490734,0.486447,0.480827,0.473757,0.465235,0.455411,0.444612,0.433344,0.422262,0.412114,0.403664,0.397595,0.394421,0.394421,0.397595,0.403664,0.412114,0.422262,0.433344,0.444612,0.455411,0.465235,0.473757,0.480827,0.486447,0.490734,0.493874,0.496086,0.497583,0.498558,0.499169,0.499538,0.499752,0.499871,0.499936,0.499969,0.499985,0.499993,0.499997,0.499999,0.5,0.5,0.5,0.5,0.5
0.5,0.5,0.5,0.5,0.499999,0.499998,0.499996,0.499991,0.499979,0.499955,0.499907,0.499814,0.499643,0.499337,0.49881,0.497939,0.496552,0.494428,0.491298,0.486864,0.480827,0.47293,0.463021,0.451104,0.437398,0.422363,0.406705,0.391332,0.377277,0.365586,0.357197,0.352813,0.352813,0.357197,0.365586,0.377277,0.391332,0.406705,0.422363,0.437398,0.451104,0.463021,0.47293,0.480827,0.486864,0.491298,0.494428,0.496552,0.497939,0.49881,0.499337,0.499643,0.499814,0.499907,0.499955,0.499979,0.499991,0.499996,0.499998,0.499999,0.5,0.5,0.5,0.5
0.5,0.5,0.5,0.5,0.499999,0.499998,0.499994,0.499987,0.499971,0.499937,0.49987,0.499742,0.499504,0.49908,0.498352,0.497151,0.495244,0.492328,0.488043,0.481985,0.473757,0.463021,0.44958,0.433454,0.414947,0.394689,0.373632,0.352994,0.334153,0.318501,0.307278,0.301417,0.301417,0.307278,0.318501,0.334153,0.352994,0.373632,0.394689,0.414947,0.433454,0.44958,0.463021,0.473757,0.481985,0.488043,0.492328,0.495244,0.497151,0.498352,0.49908,0.499504,0.499742,0.49987,0.499937,0.499971,0.499987,0.499994,0.499998,0.499999,0.5,0.5,0.5,0.5
0.5,0.5,0.5,0.499999,0.499999,0.499997,0.499992,0.499982,0.49996,0.499915,0.499825,0.499652,0.499333,0.498765,0.497793,0.496191,0.493652,0.489779,0.4841,0.47609,0.465235,0.451104,0.433454,0.412324,0.388128,0.361698,0.334277,0.307448,0.28299,0.262697,0.248159,0.24057,0.24057,0.248159,0.262697,0.28299,0.307448,0.334277,0.361698,0.388128,0.412324,0.433454,0.451104,0.465235,0.47609,0.4841,0.489779,0.493652,0.496191,0.497793,0.498765,0.499333,0.499652,0.499825,0.499915,0.49996,0.499982,0.499992,0.499997,0.499999,0.499999,0.5,0.5,0.5
0.5,0.5,0.5,0.499999,0.499998,0.499996,0.49999,0.499976,0.499948,0.499889,0.499772,0.499547,0.499133,0.498397,0.497139,0.495072,0.4918,0.486821,0.479534,0.469279,0.455411,0.437398,0.414947,0.388128,0.357481,0.324071,0.289473,0.255677,0.224913,0.199416,0.181166,0.171645,0.171645,0.181166,0.199416,0.224913,0.255677,0.289473,0.324071,0.357481,0.388128,0.414947,0.437398,0.455411,0.469279,0.479534,0.486821,0.4918,0.495072,0.497139,0.498397,0.499133,0.499547,0.499772,0.499889,0.499948,0.499976,0.49999,0.499996,0.499998,0.499999,0.5,0.5,0.5
0.5,0.5,0.5,0.499999,0.499998,0.499995,0.499987,0.49997,0.499934,0.49986,0.499712,0.49943,0.498909,0.497987,0.496413,0.493829,0.489748,0.48355,0.474495,0.461777,0.444612,0.422363,0.394689,0.361698,0.324071,0.283128,0.240803,0.199525,0.162002,0.130937,0.10872,0.0971351,0.0971351,0.10872,0.130937,0.162002,0.199525,0.240803,0.283128,0.324071,0.361698,0.394689,0.422363,0.444612,0.461777,0.474495,0.48355,0.489748,0.493829,0.496413,0.497987,0.498909,0.49943,0.499712,0.49986,0.499934,0.49997,0.499987,0.499995,0.499998,0.499999,0.5,0.5,0.5
0.5,0.5,0.5,0.499999,0.499997,0.499993,0.499984,0.499964,0.49992,0.499829,0.499649,0.499305,0.498673,0.497553,0.495646,0.49252,0.487592,0.480117,0.469216,0.453933,0.433344,0.406705,0.373632,0.334277,0.289473,0.240803,0.190572,0.141654,0.0972422,0.0605122,0.0342641,0.0205834,0.0205834,0.0342641,0.0605122,0.0972422,0.141654,0.190572,0.240803,0.289473,0.334277,0.373632,0.406705,0.433344,0.453933,0.469216,0.480117,0.487592,0.49252,0.495646,0.497553,0.498673,0.499305,0.499649,0.499829,0.49992,0.499964,0.499984,0.499993,0.499997,0.499999,0.5,0.5,0.5
0.5,0.5,0.499999,0.499999,0.499997,0.499992,0.499981,0.499957,0.499905,0.499798,0.499586,0.499181,0.498438,0.497122,0.494885,0.491223,0.485456,0.476723,0.464007,0.446206,0.422262,0.391332,0.352994,0.307448,0.255677,0.199525,0.141654,0.0853697,0.0343267,-0.00784823,-0.037967,-0.0536584,-0.0536584,-0.037967,-0.00784823,0.0343267,0.0853697,0.141654,0.199525,0.255677,0.307448,0.352994,0.391332,0.422262,0.446206,0.464007,0.476723,0.485456,0.491223,0.494885,0.497122,0.498438,0.499181,0.499586,0.499798,0.499905,0.499957,0.499981,0.499992,0.499997,0.499999,0.499999,0.5,0.5
0.5,0.5,0.499999,0.499999,0.499996,0.499991,0.499978,0.499951,0.499891,0.499769,0.499528,0.499066,0.49822,0.496724,0.494183,0.490027,0.48349,0.473603,0.459223,0.43912,0.412114,0.377277,0.334153,0.28299,0.224913,0.162002,0.0972422,0.0343267,-0.0226752,-0.0697371,-0.103326,-0.120819,-0.120819,-0.103326,-0.0697371,-0.0226752,0.0343267,0.0972422,0.162002,0.224913,0.28299,0.334153,0.377277,0.412114,0.43912,0.459223,0.473603,0.48349,0.490027,0.494183,0.496724,0.49822,0.499066,0.499528,0.499769,0.499891,0.499951,0.499978,0.499991,0.499996,0.499999,0.499999,0.5,0.5
0.5,0.5,0.499999,0.499998,0.499996,0.49999,0.499976,0.499946,0.49988,0.499745,0.499479,0.49897,0.498037,0.49639,0.493594,0.489025,0.481846,0.470996,0.455231,0.433212,0.403664,0.365586,0.318501,0.262697,0.199416,0.130937,0.0605122,-0.00784823,-0.0697371,-0.120802,-0.157232,-0.176199,-0.176199,-0.157232,-0.120802,-0.0697371,-0.00784823,0.0605122,0.130937,0.199416,0.262697,0.318501,0.365586,0.403664,0.433212,0.455231,0.470996,0.481846,0.489025,0.493594,0.49639,0.498037,0.49897,0.499479,0.499745,0.49988,0.499946,0.499976,0.49999,0.499996,0.499998,0.499999,0.5,0.5
0.5,0.5,0.499999,0.499998,0.499996,0.499989,0.499974,0.499942,0.499872,0.499728,0.499443,0.4989,0.497905,0.496149,0.493169,0.488303,0.48066,0.469118,0.452358,0.428965,0.397595,0.357197,0.307278,0.248159,0.181166,0.10872,0.0342641,-0.037967,-0.103326,-0.157232,-0.195676,-0.215688,-0.215688,-0.195676,-0.157232,-0.103326,-0.037967,0.0342641,0.10872,0.181166,0.248159,0.307278,0.357197,0.397595,0.428965,0.452358,0.469118,0.48066,0.488303,0.493169,0.496149,0.497905,0.4989,0.499443,0.499728,0.499872,0.499942,0.499974,0.499989,0.499996,0.499998,0.499999,0.5,0.5
0.5,0.5,0.499999,0.499998,0.499995,0.499989,0.499974,0.49994,0.499867,0.499719,0.499424,0.498864,0.497836,0.496023,0.492946,0.487924,0.48004,0.468135,0.450855,0.426744,0.394421,0.352813,0.301417,0.24057,0.171645,0.0971351,0.0205834,-0.0536584,-0.120819,-0.176199,-0.215688,-0.236242,-0.236242,-0.215688,-0.176199,-0.120819,-0.0536584,0.0205834,0.0971351,0.171645,0.24057,0.301417,0.352813,0.394421,0.426744,0.450855,0.468135,0.48004,0.487924,0.492946,0.496023,0.497836,0.498864,0.499424,0.499719,0.499867,0.49994,0.499974,0.499989,0.499995,0.499998,0.499999,0.5,0.5
0.5,0.5,0.499999,0.499998,0.499995,0.499989,0.499974,0.49994,0.499867,0.499719,0.499424,0.498864,0.497836,0.496023,0.492946,0.487924,0.48004,0.468135,0.450855,0.426744,0.394421,0.352813,0.301417,0.24057,0.171645,0.0971351,0.0205834,-0.0536584,-0.120819,-0.176199,-0.215688,-0.236242,-0.236242,-0.215688,-0.176199,-0.120819,-0.0536584,0.0205834,0.0971351,0.171645,0.24057,0.301417,0.352813,0.394421,0.426744,0.450855,0.468135,0.48004,0.487924,0.492946,0.496023,0.497836,0.498864,0.499424,0.499719,0.499867,0.49994,0.499974,0.499989,0.499995,0.499998,0.499999,0.5,0.5
0.5,0.5,0.499999,0.499998,0.499996,0.499989,0.499974,0.499942,0.499872,0.499728,0.499443,0.4989,0.497905,0.496149,0.493169,0.488303,0.48066,0.469118,0.452358,0.428965,0.397595,0.357197,0.307278,0.248159,0.181166,0.10872,0.0342641,-0.037967,-0.103326,-0.157232,-0.195676,-0.215688,-0.215688,-0.195676,-0.157232,-0.103326,-0.037967,0.0342641,0.10872,0.181166,0.248159,0.307278,0.357197,0.397595,0.428965,0.452358,0.469118,0.48066,0.488303,0.493169,0.496149,0.497905,0.4989,0.499443,0.499728,0.499872,0.499942,0.499974,0.499989,0.499996,0.499998,0.499999,0.5,0.5
0.5,0.5,0.499999,0.499998,0.499996,0.49999,0.499976,0.499946,0.49988,0.499745,0.499479,0.49897,0.498037,0.49639,0.493594,0.489025,0.481846,0.470996,0.455231,0.433212,0.403664,0.365586,0.318501,0.262697,0.199416,0.130937,0.0605122,-0.00784823,-0.0697371,-0.120802,-0.157232,-0.176199,-0.176199,-0.157232,-0.120802,-0.0697371,-0.00784823,0.0605122,0.130937,0.199416,0.262697,0.318501,0.365586,0.403664,0.433212,0.455231,0.470996,0.481846,0.489025,0.493594,0.49639,0.498037,0.49897,0.499479,0.499745,0.49988,0.499946,0.499976,0.49999,0.499996,0.499998,0.499999,0.5,0.5
0.5,0.5,0.499999,0.499999,0.499996,0.499991,0.499978,0.499951,0.499891,0.499769,0.499528,0.499066,0.49822,0.496724,0.494183,0.490027,0.48349,0.473603,0.459223,0.43912,0.412114,0.377277,0.334153,0.28299,0.224913,0.162002,0.0972422,0.0343267,-0.0226752,-0.0697371,-0.103326,-0.120819,-0.120819,-0.103326,-0.0697371,-0.0226752,0.0343267,0.0972422,0.162002,0.224913,0.28299,0.334153,0.377277,0.412114,0.43912,0.459223,0.473603,0.48349,0.490027,0.494183,0.496724,0.49822,0.499066,0.499528,0.499769,0.499891,0.499951,0.499978,0.499991,0.499996,0.499999,0.499999,0.5,0.5
0.5,0.5,0.499999,0.499999,0.499997,0.499992,0.499981,0.499957,0.499905,0.499798,0.499586,0.499181,0.498438,0.497122,0.494885,0.491223,0.485456,0.476723,0.464007,0.446206,0.422262,0.391332,0.352994,0.307448,0.255677,0.199525,0.141654,0.0853697,0.0343267,-0.00784823,-0.037967,-0.0536584,-0.0536584,-0.037967,-0.00784823,0.0343267,0.0853697,0.141654,0.199525,0.255677,0.307448,0.352994,0.391332,0.422262,0.446206,0.464007,0.476723,0.485456,0.491223,0.494885,0.497122,0.498438,0.499181,0.499586,0.499798,0.499905,0.499957,0.499981,0.499992,0.499997,0.499999,0.499999,0.5,0.5
0.5,0.5,0.5,0.499999,0.499997,0.499993,0.499984,0.499964,0.49992,0.499829,0.499649,0.499305,0.498673,0.497553,0.495646,0.49252,0.487592,0.480117,0.469216,0.453933,0.433344,0.406705,0.373632,0.334277,0.289473,0.240803,0.190572,0.141654,0.0972422,0.0605122,0.0342641,0.0205834,0.0205834,0.0342641,0.0605122,0.0972422,0.141654,0.190572,0.240803,0.289473,0.334277,0.373632,0.406705,0.433344,0.453933,0.469216,0.480117,0.487592,0.49252,0.495646,0.497553,0.498673,0.499305,0.499649,0.499829,0.49992,0.499964,0.499984,0.499993,0.499997,0.499999,0.5,0.5,0.5
0.5,0.5,0.5,0.499999,0.499998,0.499995,0.499987,0.49997,0.499934,0.49986,0.499712,0.49943,0.498909,0.497987,0.496413,0.493829,0.489748,0.48355,0.474495,0.461777,0.444612,0.422363,0.394689,0.361698,0.324071,0.283128,0.240803,0.199525,0.162002,0.130937,0.10872,0.0971351,0.0971351,0.10872,0.130937,0.162002,0.199525,0.240803,0.283128,0.324071,0.361698,0.394689,0.422363,0.444612,0.461777,0.474495,0.48355,0.489748,0.493829,0.496413,0.497987,0.498909,0.49943,0.499712,0.49986,0.499934,0.49997,0.499987,0.499995,0.499998,0.499999,0.5,0.5,0.5
0.5,0.5,0.5,0.499999,0.499998,0.499996,0.49999,0.499976,0.499948,0.499889,0.499772,0.499547,0.499133,0.498397,0.497139,0.495072,0.4918,0.486821,0.479534,0.469279,0.455411,0.437398,0.414947,0.388128,0.357481,0.324071,0.289473,0.255677,0.224913,0.199416,0.181166,0.171645,0.171645,0.181166,0.199416,0.224913,0.255677,0.289473,0.324071,0.357481,0.388128,0.414947,0.437398,0.455411,0.469279,0.479534,0.486821,0.4918,0.495072,0.497139,0.498397,0.499133,0.499547,0.499772,0.499889,0.499948,0.499976,0.49999,0.499996,0.499998,0.499999,0.5,0.5,0.5
0.5,0.5,0.5,0.499999,0.499999,0.499997,0.499992,0.499982,0.49996,0.499915,0.499825,0.499652,0.499333,0.498765,0.497793,0.496191,0.493652,0.489779,0.4841,0.47609,0.465235,0.451104,0.433454,0.412324,0.388128,0.361698,0.334277,0.307448,0.28299,0.262697,0.248159,0.24057,0.24057,0.248159,0.262697,0.28299,0.307448,0.334277,0.361698,0.388128,0.412324,0.433454,0.451104,0.465235,0.47609,0.4841,0.489779,0.493652,0.496191,0.497793,0.498765,0.499333,0.499652,0.499825,0.499915,0.49996,0.499982,0.499992,0.499997,0.499999,0.499999,0.5,0.5,0.5
0.5,0.5,0.5,0.5,0.499999,0.499998,0.499994,0.499987,0.499971,0.499937,0.49987,0.499742,0.499504,0.49908,0.498352,0.497151,0.495244,0.492328,0.488043,0.481985,0.473757,0.463021,0.44958,0.433454,0.414947,0.394689,0.373632,0.352994,0.334153,0.318501,0.307278,0.301417,0.301417,0.307278,0.318501,0.334153,0.352994,0.373632,0.394689,0.414947,0.433454,0.44958,0.463021,0.473757,0.481985,0.488043,0.492328,0.495244,0.497151,0.498352,0.49908,0.499504,0.499742,0.49987,0.499937,0.499971,0.499987,0.499994,0.499998,0.499999,0.5,0.5,0.5,0.5
0.5,0.5,0.5,0.5,0.499999,0.499998,0.499996,0.499991,0.499979,0.499955,0.499907,0.499814,0.499643,0.499337,0.49881,0.497939,0.496552,0.494428,0.491298,0.486864,0.480827,0.47293,0.463021,0.451104,0.437398,0.422363,0.406705,0.391332,0.377277,0.365586,0.357197,0.352813,0.352813,0.357197,0.365586,0.377277,0.391332,0.406705,0.422363,0.437398,0.451104,0.463021,0.47293,0.480827,0.486864,0.491298,0.494428,0.496552,0.497939,0.49881,0.499337,0.499643,0.499814,0.499907,0.499955,0.499979,0.499991,0.499996,0.499998,0.499999,0.5,0.5,0.5,0.5
0.5,0.5,0.5,0.5,0.5,0.499999,0.499997,0.499993,0.499985,0.499969,0.499936,0.499871,0.499752,0.499538,0.499169,0.498558,0.497583,0.496086,0.493874,0.490734,0.486447,0.480827,0.473757,0.465235,0.455411,0.444612,0.433344,0.422262,0.412114,0.403664,0.397595,0.394421,0.394421,0.397595,0.403664,0.412114,0.422262,0.433344,0.444612,0.455411,0.465235,0.473757,0.480827,0.486447,0.490734,0.493874,0.496086,0.497583,0.498558,0.499169,0.499538,0.499752,0.499871,0.499936,0.499969,0.499985,0.499993,0.499997,0.499999,0.5,0.5,0.5,0.5,0.5
0.5,0.5,0.5,0.5,0.5,0.499999,0.499998,0.499996,0.49999,0.499979,0.499957,0.499914,0.499833,0.499688,0.499439,0.499024,0.498361,0.497341,0.495829,0.493678,0.490734,0.486864,0.481985,0.47609,0.469279,0.461777,0.453933,0.446206,0.43912,0.433212,0.428965,0.426744,0.426744,0.428965,0.433212,0.43912,0.446206,0.453933,0.461777,0.469279,0.47609,0.481985,0.486864,0.490734,0.493678,0.495829,0.497341,0.498361,0.499024,0.499439,0.499688,0.499833,0.499914,0.499957,0.499979,0.49999,0.499996,0.499998,0.499999,0.5,0.5,0.5,0.5,0.5
0.5,0.5,0.5,0.5,0.5,0.499999,0.499999,0.499997,0.499994,0.499987,0.499972,0.499944,0.499891,0.499797,0.499634,0.499362,0.498926,0.498253,0.497255,0.495829,0.493874,0.491298,0.488043,0.4841,0.479534,0.474495,0.469216,0.464007,0.459223,0.455231,0.452358,0.450855,0.450855,0.452358,0.455231,0.459223,0.464007,0.469216,0.474495,0.479534,0.4841,0.488043,0.491298,0.493874,0.495829,0.497255,0.498253,0.498926,0.499362,0.499634,0.499797,0.499891,0.499944,0.499972,0.499987,0.499994,0.499997,0.499999,0.499999,0.5,0.5,0.5,0.5,0.5
0.5,0.5,0.5,0.5,0.5,0.5,0.499999,0.499998,0.499996,0.499992,0.499983,0.499965,0.499932,0.499872,0.499769,0.499597,0.499319,0.498891,0.498253,0.497341,0.496086,0.494428,0.492328,0.489779,0.486821,0.48355,0.480117,0.476723,0.473603,0.470996,0.469118,0.468135,0.468135,0.469118,0.470996,0.473603,0.476723,0.480117,0.48355,0.486821,0.489779,0.492328,0.494428,0.496086,0.497341,0.498253,0.498891,0.499319,0.499597,0.499769,0.499872,0.499932,0.499965,0.499983,0.499992,0.499996,0.499998,0.499999,0.5,0.5,0.5,0.5,0.5,0.5
0.5,0.5,0.5,0.5,0.5,0.5,0.5,0.499999,0.499998,0.499995,0.499989,0.499979,0.499959,0.499922,0.499859,0.499754,0.499583,0.499319,0.498926,0.498361,0.497583,0.496552,0.495244,0.493652,0.4918,0.489748,0.487592,0.485456,0.48349,0.481846,0.48066,0.48004,0.48004,0.48066,0.481846,0.48349,0.485456,0.487592,0.489748,0.4918,0.493652,0.495244,0.496552,0.497583,0.498361,0.498926,0.499319,0.499583,0.499754,0.499859,0.499922,0.499959,0.499979,0.499989,0.499995,0.499998,0.499999,0.5,0.5,0.5,0.5,0.5,0.5,0.5
0.5,0.5,0.5,0.5,0.5,0.5,0.5,0.499999,0.499999,0.499997,0.499994,0.499988,0.499976,0.499954,0.499917,0.499855,0.499754,0.499597,0.499362,0.499024,0.498558,0.497939,0.497151,0.496191,0.495072,0.493829,0.49252,0.491223,0.490027,0.489025,0.488303,0.487924,0.487924,0.488303,0.489025,0.490027,0.491223,0.49252,0.493829,0.495072,0.496191,0.497151,0.497939,0.498558,0.499024,0.499362,0.499597,0.499754,0.499855,0.499917,0.499954,0.499976,0.499988,0.499994,0.499997,0.499999,0.499999,0.5,0.5,0.5,0.5,0.5,0.5,0.5
0.5,0.5,0.5,0.5,0.5,0.5,0.5,0.5,0.499999,0.499998,0.499997,0.499993,0.499986,0.499974,0.499953,0.499917,0.499859,0.499769,0.499634,0.499439,0.499169,0.49881,0.498352,0.497793,0.497139,0.496413,0.495646,0.494885,0.494183,0.493594,0.493169,0.492946,0.492946,0.493169,0.493594,0.494183,0.494885,0.495646,0.496413,0.497139,0.497793,0.498352,0.49881,0.499169,0.499439,0.499634,0.499769,0.499859,0.499917,0.499953,0.499974,0.499986,0.499993,0.499997,0.499998,0.499999,0.5,0.5,0.5,0.5,0.5,0.5,0.5,0.5
0.5,0.5,0.5,0.5,0.5,0.5,0.5,0.5,0.5,0.499999,0.499998,0.499996,0.499992,0.499986,0.499974,0.499954,0.499922,0.499872,0.499797,0.499688,0.499538,0.499337,0.49908,0.498765,0.498397,0.497987,0.497553,0.497122,0.496724,0.49639,0.496149,0.496023,0.496023,0.496149,0.49639,0.496724,0.497122,0.497553,0.497987,0.498397,0.498765,0.49908,0.499337,0.499538,0.499688,0.499797,0.499872,0.499922,0.499954,0.499974,0.499986,0.499992,0.499996,0.499998,0.499999,0.5,0.5,0.5,0.5,0.5,0.5,0.5,0.5,0.5
0.5,0.5,0.5,0.5,0.5,0.5,0.5,0.5,0.5,0.5,0.499999,0.499998,0.499996,0.499992,0.499986,0.499976,0.499959,0.499932,0.499891,0.499833,0.499752,0.499643,0.499504,0.499333,0.499133,0.498909,0.498673,0.498438,0.49822,0.498037,0.497905,0.497836,0.497836,0.497905,0.498037,0.49822,0.498438,0.498673,0.498909,0.499133,0.499333,0.499504,0.499643,0.499752,0.499833,0.499891,0.499932,0.499959,0.499976,0.499986,0.499992,0.499996,0.499998,0.499999,0.5,0.5,0.5,0.5,0.5,0.5,0.5,0.5,0.5,0.5
0.5,0.5,0.5,0.5,0.5,0.5,0.5,0.5,0.5,0.5,0.499999,0.499999,0.499998,0.499996,0.499993,0.499988,0.499979,0.499965,0.499944,0.499914,0.499871,0.499814,0.499742,0.499652,0.499547,0.49943,0.499305,0.499181,0.499066,0.49897,0.4989,0.498864,0.498864,0.4989,0.49897,0.499066,0.499181,0.499305,0.49943,0.499547,0.499652,0.499742,0.499814,0.499871,0.499914,0.499944,0.499965,0.499979,0.499988,0.499993,0.499996,0.499998,0.499999,0.499999,0.5,0.5,0.5,0.5,0.5,0.5,0.5,0.5,0.5,0.5
0.5,0.5,0.5,0.5,0.5,0.5,0.5,0.5,0.5,0.5,0.5,0.499999,0.499999,0.499998,0.499997,0.499994,0.499989,0.499983,0.499972,0.499957,0.499936,0.499907,0.49987,0.499825,0.499772,0.499712,0.499649,0.499586,0.499528,0.499479,0.499443,0.499424,0.499424,0.499443,0.499479,0.499528,0.499586,0.499649,0.499712,0.499772,0.499825,0.49987,0.499907,0.499936,0.499957,0.499972,0.499983,0.499989,0.499994,0.499997,0.499998,0.499999,0.499999,0.5,0.5,0.5,0.5,0.5,0.5,0.5,0.5,0.5,0.5,0.5
0.5,0.5,0.5,0.5,0.5,0.5,0.5,0.5,0.5,0.5,0.5,0.5,0.5,0.499999,0.499998,0.499997,0.499995,0.499992,0.499987,0.499979,0.499969,0.499955,0.499937,0.499915,0.499889,0.49986,0.499829,0.499798,0.499769,0.499745,0.499728,0.499719,0.499719,0.499728,0.499745,0.499769,0.499798,0.499829,0.49986,0.499889,0.499915,0.499937,0.499955,0.499969,0.499979,0.499987,0.499992,0.499995,0.499997,0.499998,0.499999,0.5,0.5,0.5,0.5,0.5,0.5,0.5,0.5,0.5,0.5,0.5,0.5,0.5
0.5,0.5,0.5,0.5,0.5,0.5,0.5,0.5,0.5,0.5,0.5,0.5,0.5,0.5,0.499999,0.499999,0.499998,0.499996,0.499994,0.49999,0.499985,0.499979,0.499971,0.49996,0.499948,0.499934,0.49992,0.499905,0.499891,0.49988,0.499872,0.499867,0.499867,0.499872,0.49988,0.499891,0.499905,0.49992,0.499934,0.499948,0.49996,0.499971,0.499979,0.499985,0.49999,0.499994,0.499996,0.499998,0.499999,0.499999,0.5,0.5,0.5,0.5,0.5,0.5,0.5,0.5,0.5,0.5,0.5,0.5,0.5,0.5
0.5,0.5,0.5,0.5,0.5,0.5,0.5,0.5,0.5,0.5,0.5,0.5,0.5,0.5,0.5,0.499999,0.499999,0.499998,0.499997,0.499996,0.499993,0.499991,0.499987,0.499982,0.499976,0.49997,0.499964,0.499957,0.499951,0.499946,0.499942,0.49994,0.49994,0.499942,0.499946,0.499951,0.499957,0.499964,0.49997,0.499976,0.499982,0.499987,0.499991,0.499993,0.499996,0.499997,0.499998,0.499999,0.499999,0.5,0.5,0.5,0.5,0.5,0.5,0.5,0.5,0.5,0.5,0.5,0.5,0.5,0.5,0.5
0.5,0.5,0.5,0.5,0.5,0.5,0.5,0.5,0.5,0.5,0.5,0.5,0.5,0.5,0.5,0.5,0.5,0.499999,0.499999,0.499998,0.499997,0.499996,0.499994,0.499992,0.49999,0.499987,0.499984,0.499981,0.499978,0.499976,0.499974,0.499974,0.499974,0.499974,0.499976,0.499978,0.499981,0.499984,0.499987,0.49999,0.499992,0.499994,0.499996,0.499997,0.499998,0.499999,0.499999,0.5,0.5,0.5,0.5,0.5,0.5,0.5,0.5,0.5,0.5,0.5,0.5,0.5,0.5,0.5,0.5,0.5
0.5,0.5,0.5,0.5,0.5,0.5,0.5,0.5,0.5,0.5,0.5,0.5,0.5,0.5,0.5,0.5,0.5,0.5,0.499999,0.499999,0.499999,0.499998,0.499998,0.499997,0.499996,0.499995,0.499993,0.499992,0.499991,0.49999,0.499989,0.499989,0.499989,0.499989,0.49999,0.499991,0.499992,0.499993,0.499995,0.499996,0.499997,0.499998,0.499998,0.499999,0.499999,0.499999,0.5,0.5,0.5,0.5,0.5,0.5,0.5,0.5,0.5,0.5,0.5,0.5,0.5,0.5,0.5,0.5,0.5,0.5
0.5,0.5,0.5,0.5,0.5,0.5,0.5,0.5,0.5,0.5,0.5,0.5,0.5,0.5,0.5,0.5,0.5,0.5,0.5,0.5,0.5,0.499999,0.499999,0.499999,0.499998,0.499998,0.499997,0.499997,0.499996,0.499996,0.499996,0.499995,0.499995,0.499996,0.499996,0.499996,0.499997,0.499997,0.499998,0.499998,0.499999,0.499999,0.499999,0.5,0.5,0.5,0.5,0.5,0.5,0.5,0.5,0.5,0.5,0.5,0.5,0.5,0.5,0.5,0.5,0.5,0.5,0.5,0.5,0.5
0.5,0.5,0.5,0.5,0.5,0.5,0.5,0.5,0.5,0.5,0.5,0.5,0.5,0.5,0.5,0.5,0.5,0.5,0.5,0.5,0.5,0.5,0.5,0.499999,0.499999,0.499999,0.499999,0.499999,0.499999,0.499998,0.499998,0.499998,0.499998,0.499998,0.499998,0.499999,0.499999,0.499999,0.499999,0.499999,0.499999,0.5,0.5,0.5,0.5,0.5,0.5,0.5,0.5,0.5,0.5,0.5,0.5,0.5,0.5,0.5,0.5,0.5,0.5,0.5,0.5,0.5,0.5,0.5
0.5,0.5,0.5,0.5,0.5,0.5,0.5,0.5,0.5,0.5,0.5,0.5,0.5,0.5,0.5,0.5,0.5,0.5,0.5,0.5,0.5,0.5,0.5,0.5,0.5,0.5,0.5,0.499999,0.499999,0.499999,0.499999,0.499999,0.499999,0.499999,0.499999,0.499999,0.499999,0.5,0.5,0.5,0.5,0.5,0.5,0.5,0.5,0.5,0.5,0.5,0.5,0.5,0.5,0.5,0.5,0.5,0.5,0.5,0.5,0.5,0.5,0.5,0.5,0.5,0.5,0.5
0.5,0.5,0.5,0.5,0.5,0.5,0.5,0.5,0.5,0.5,0.5,0.5,0.5,0.5,0.5,0.5,0.5,0.5,0.5,0.5,0.5,0.5,0.5,0.5,0.5,0.5,0.5,0.5,0.5,0.5,0.5,0.5,0.5,0.5,0.5,0.5,0.5,0.5,0.5,0.5,0.5,0.5,0.5,0.5,0.5,0.5,0.5,0.5,0.5,0.5,0.5,0.5,0.5,0.5,0.5,0.5,0.5,0.5,0.5,0.5,0.5,0.5,0.5,0.5
0.5,0.5,0.5,0.5,0.5,0.5,0.5,0.5,0.5,0.5,0.5,0.5,0.5,0.5,0.5,0.5,0.5,0.5,0.5,0.5,0.5,0.5,0.5,0.5,0.5,0.5,0.5,0.5,0.5,0.5,0.5,0.5,0.5,0.5,0.5,0.5,0.5,0.5,0.5,0.5,0.5,0.5,0.5,0.5,0.5,0.5,0.5,0.5,0.5,0.5,0.5,0.5,0.5,0.5,0.5,0.5,0.5,0.5,0.5,0.5,0.5,0.5,0.5,0.5
