0.5,0.5,0.5,0.5,0.5,0.5,0.5,0.5,0.5,0.5,0.5,0.5,0.5,0.5,0.5,0.5,0.5,0.5,0.5,0.5,0.5,0.499999,0.499999,0.499999,0.499999,0.499998,0.499998,0.499997,0.499997,0.499997,0.499997,0.499996,0.499996,0.499997,0.499997,0.499997,0.499997,0.499998,0.499998,0.499999,0.499999,0.499999,0.499999,0.5,0.5,0.5,0.5,0.5,0.5,0.5,0.5,0.5,0.5,0.5,0.5,0.5,0.5,0.5,0.5,0.5,0.5,0.5,0.5,0.5
0.5,0.5,0.5,0.5,0.5,0.5,0.5,0.5,0.5,0.5,0.5,0.5,0.5,0.5,0.5,0.5,0.5,0.5,0.5,0.5,0.5,0.499999,0.499999,0.499999,0.499999,0.499998,0.499998,0.499997,0.499997,0.499997,0.499997,0.499996,0.499996,0.499997,0.499997,0.499997,0.499997,0.499998,0.499998,0.499999,0.499999,0.499999,0.499999,0.5,0.5,0.5,0.5,0.5,0.5,0.5,0.5,0.5,0.5,0.5,0.5,0.5,0.5,0.5,0.5,0.5,0.5,0.5,0.5,0.5
0.5,0.5,0.5,0.5,0.5,0.5,0.5,0.5,0.5,0.5,0.5,0.5,0.5,0.5,0.5,0.5,0.5,0.5,0.5,0.499999,0.499999,0.499999,0.499998,0.499998,0.499997,0.499996,0.499996,0.499995,0.499994,0.499994,0.499993,0.499993,0.499993,0.499993,0.499994,0.499994,0.499995,0.499996,0.499996,0.499997,0.499998,0.499998,0.499999,0.499999,0.499999,0.5,0.5,0.5,0.5,0.5,0.5,0.5,0.5,0.5,0.5,0.5,0.5,0.5,0.5,0.5,0.5,0.5,0.5,0.5
0.5,0.5,0.5,0.5,0.5,0.5,0.5,0.5,0.5,0.5,0.5,0.5,0.5,0.5,0.5,0.5,0.5,0.499999,0.499999,0.499999,0.499998,0.499997,0.499996,0.499995,0.499994,0.499992,0.49999,0.499989,0.499987,0.499986,0.499985,0.499985,0.499985,0.499985,0.499986,0.499987,0.499989,0.49999,0.499992,0.499994,0.499995,0.499996,0.499997,0.499998,0.499999,0.499999,0.499999,0.5,0.5,0.5,0.5,0.5,0.5,0.5,0.5,0.5,0.5,0.5,0.5,0.5,0.5,0.5,0.5,0.5
0.5,0.5,0.5,0.5,0.5,0.5,0.5,0.5,0.5,0.5,0.5,0.5,0.5,0.5,0.5,0.499999,0.499999,0.499999,0.499998,0.499997,0.499995,0.499994,0.499991,0.499988,0.499985,0.499981,0.499978,0.499974,0.49997,0.499968,0.499966,0.499965,0.499965,0.499966,0.499968,0.49997,0.499974,0.499978,0.499981,0.499985,0.499988,0.499991,0.499994,0.499995,0.499997,0.499998,0.499999,0.499999,0.499999,0.5,0.5,0.5,0.5,0.5,0.5,0.5,0.5,0.5,0.5,0.5,0.5,0.5,0.5,0.5
0.5,0.5,0.5,0.5,0.5,0.5,0.5,0.5,0.5,0.5,0.5,0.5,0.5,0.5,0.499999,0.499999,0.499998,0.499997,0.499995,0.499993,0.49999,0.499985,0.49998,0.499974,0.499966,0.499958,0.49995,0.499942,0.499934,0.499928,0.499923,0.499921,0.499921,0.499923,0.499928,0.499934,0.499942,0.49995,0.499958,0.499966,0.499974,0.49998,0.499985,0.49999,0.499993,0.499995,0.499997,0.499998,0.499999,0.499999,0.5,0.5,0.5,0.5,0.5,0.5,0.5,0.5,0.5,0.5,0.5,0.5,0.5,0.5
0.5,0.5,0.5,0.5,0.5,0.5,0.5,0.5,0.5,0.5,0.5,0.5,0.5,0.499999,0.499998,0.499997,0.499996,0.499993,0.499989,0.499984,0.499977,0.499968,0.499956,0.499943,0.499927,0.49991,0.499892,0.499874,0.499858,0.499844,0.499835,0.499829,0.499829,0.499835,0.499844,0.499858,0.499874,0.499892,0.49991,0.499927,0.499943,0.499956,0.499968,0.499977,0.499984,0.499989,0.499993,0.499996,0.499997,0.499998,0.499999,0.5,0.5,0.5,0.5,0.5,0.5,0.5,0.5,0.5,0.5,0.5,0.5,0.5
0.5,0.5,0.5,0.5,0.5,0.5,0.5,0.5,0.5,0.5,0.5,0.499999,0.499999,0.499998,0.499997,0.499994,0.499991,0.499985,0.499977,0.499966,0.499952,0.499932,0.499908,0.49988,0.499847,0.499811,0.499774,0.499737,0.499704,0.499676,0.499656,0.499645,0.499645,0.499656,0.499676,0.499704,0.499737,0.499774,0.499811,0.499847,0.49988,0.499908,0.499932,0.499952,0.499966,0.499977,0.499985,0.499991,0.499994,0.499997,0.499998,0.499999,0.499999,0.5,0.5,0.5,0.5,0.5,0.5,0.5,0.5,0.5,0.5,0.5
0.5,0.5,0.5,0.5,0.5,0.5,0.5,0.5,0.5,0.5,0.499999,0.499999,0.499998,0.499996,0.499993,0.499988,0.499981,0.49997,0.499953,0.499931,0.499901,0.499862,0.499814,0.499756,0.49969,0.499618,0.499544,0.499471,0.499404,0.499349,0.499309,0.499289,0.499289,0.499309,0.499349,0.499404,0.499471,0.499544,0.499618,0.49969,0.499756,0.499814,0.499862,0.499901,0.499931,0.499953,0.49997,0.499981,0.499988,0.499993,0.499996,0.499998,0.499999,0.499999,0.5,0.5,0.5,0.5,0.5,0.5,0.5,0.5,0.5,0.5
0.5,0.5,0.5,0.5,0.5,0.5,0.5,0.5,0.5,0.499999,0.499999,0.499998,0.499995,0.499992,0.499986,0.499976,0.499962,0.499939,0.499908,0.499863,0.499804,0.499728,0.499634,0.499522,0.499394,0.499256,0.499112,0.498972,0.498844,0.498739,0.498663,0.498623,0.498623,0.498663,0.498739,0.498844,0.498972,0.499112,0.499256,0.499394,0.499522,0.499634,0.499728,0.499804,0.499863,0.499908,0.499939,0.499962,0.499976,0.499986,0.499992,0.499995,0.499998,0.499999,0.499999,0.5,0.5,0.5,0.5,0.5,0.5,0.5,0.5,0.5
0.5,0.5,0.5,0.5,0.5,0.5,0.5,0.5,0.499999,0.499999,0.499997,0.499995,0.499991,0.499984,0.499973,0.499954,0.499926,0.499883,0.499822,0.499738,0.499626,0.499483,0.499306,0.499096,0.498858,0.498599,0.498333,0.498073,0.497836,0.497641,0.497501,0.497428,0.497428,0.497501,0.497641,0.497836,0.498073,0.498333,0.498599,0.498858,0.499096,0.499306,0.499483,0.499626,0.499738,0.499822,0.499883,0.499926,0.499954,0.499973,0.499984,0.499991,0.499995,0.499997,0.499999,0.499999,0.5,0.5,0.5,0.5,0.5,0.5,0.5,0.5
0.5,0.5,0.5,0.5,0.5,0.5,0.5,0.499999,0.499999,0.499998,0.499995,0.499991,0.499983,0.49997,0.499948,0.499914,0.499861,0.499783,0.49967,0.499516,0.499311,0.49905,0.498728,0.498349,0.497919,0.497454,0.496976,0.496511,0.496089,0.49574,0.495491,0.495361,0.495361,0.495491,0.49574,0.496089,0.496511,0.496976,0.497454,0.497919,0.498349,0.498728,0.49905,0.499311,0.499516,0.49967,0.499783,0.499861,0.499914,0.499948,0.49997,0.499983,0.499991,0.499995,0.499998,0.499999,0.499999,0.5,0.5,0.5,0.5,0.5,0.5,0.5
0.5,0.5,0.5,0.5,0.5,0.5,0.5,0.499999,0.499998,0.499995,0.499991,0.499983,0.499969,0.499945,0.499906,0.499844,0.499749,0.499608,0.499409,0.499135,0.498773,0.498312,0.497749,0.497086,0.496338,0.495531,0.494704,0.493901,0.493174,0.492574,0.492146,0.491923,0.491923,0.492146,0.492574,0.493174,0.493901,0.494704,0.495531,0.496338,0.497086,0.497749,0.498312,0.498773,0.499135,0.499409,0.499608,0.499749,0.499844,0.499906,0.499945,0.499969,0.499983,0.499991,0.499995,0.499998,0.499999,0.5,0.5,0.5,0.5,0.5,0.5,0.5
0.5,0.5,0.5,0.5,0.5,0.5,0.499999,0.499998,0.499996,0.499992,0.499984,0.49997,0.499945,0.499903,0.499835,0.499726,0.499561,0.499318,0.498974,0.498504,0.497886,0.497103,0.496148,0.49503,0.493773,0.492422,0.491039,0.489702,0.488495,0.4875,0.486791,0.486422,0.486422,0.486791,0.4875,0.488495,0.489702,0.491039,0.492422,0.493773,0.49503,0.496148,0.497103,0.497886,0.498504,0.498974,0.499318,0.499561,0.499726,0.499835,0.499903,0.499945,0.49997,0.499984,0.499992,0.499996,0.499998,0.499999,0.5,0.5,0.5,0.5,0.5,0.5
0.5,0.5,0.5,0.5,0.5,0.499999,0.499998,0.499997,0.499993,0.499986,0.499973,0.499948,0.499906,0.499835,0.499718,0.499535,0.499257,0.498851,0.498278,0.497499,0.496479,0.495192,0.49363,0.491807,0.489766,0.487581,0.485353,0.483204,0.481268,0.479676,0.478543,0.477953,0.477953,0.478543,0.479676,0.481268,0.483204,0.485353,0.487581,0.489766,0.491807,0.49363,0.495192,0.496479,0.497499,0.498278,0.498851,0.499257,0.499535,0.499718,0.499835,0.499906,0.499948,0.499973,0.499986,0.499993,0.499997,0.499998,0.499999,0.5,0.5,0.5,0.5,0.5
0.5,0.5,0.5,0.5,0.499999,0.499999,0.499997,0.499994,0.499988,0.499976,0.499954,0.499914,0.499844,0.499726,0.499535,0.499235,0.498784,0.498126,0.497203,0.495955,0.494327,0.492282,0.489811,0.48694,0.483741,0.480328,0.47686,0.473526,0.47053,0.468072,0.466325,0.465417,0.465417,0.466325,0.468072,0.47053,0.473526,0.47686,0.480328,0.483741,0.48694,0.489811,0.492282,0.494327,0.495955,0.497203,0.498126,0.498784,0.499235,0.499535,0.499726,0.499844,0.499914,0.499954,0.499976,0.499988,0.499994,0.499997,0.499999,0.499999,0.5,0.5,0.5,0.5
0.5,0.5,0.5,0.5,0.499999,0.499998,0.499996,0.499991,0.499981,0.499962,0.499926,0.499861,0.499749,0.499561,0.499257,0.498784,0.498073,0.497043,0.495604,0.493667,0.491154,0.488013,0.484234,0.479865,0.475016,0.469866,0.464653,0.459658,0.455184,0.451521,0.448922,0.447574,0.447574,0.448922,0.451521,0.455184,0.459658,0.464653,0.469866,0.475016,0.479865,0.484234,0.488013,0.491154,0.493667,0.495604,0.497043,0.498073,0.498784,0.499257,0.499561,0.499749,0.499861,0.499926,0.499962,0.499981,0.499991,0.499996,0.499998,0.499999,0.5,0.5,0.5,0.5
0.5,0.5,0.5,0.499999,0.499999,0.499997,0.499993,0.499985,0.49997,0.499939,0.499883,0.499783,0.499608,0.499318,0.498851,0.498126,0.497043,0.495481,0.49331,0.490402,0.486647,0.481977,0.476389,0.469958,0.462855,0.455345,0.447774,0.440547,0.434092,0.428823,0.425091,0.423157,0.423157,0.425091,0.428823,0.434092,0.440547,0.447774,0.455345,0.462855,0.469958,0.476389,0.481977,0.486647,0.490402,0.49331,0.495481,0.497043,0.498126,0.498851,0.499318,0.499608,0.499783,0.499883,0.499939,0.49997,0.499985,0.499993,0.499997,0.499999,0.499999,0.5,0.5,0.5
0.5,0.5,0.5,0.499999,0.499998,0.499995,0.499989,0.499977,0.499953,0.499908,0.499822,0.49967,0.499409,0.498974,0.498278,0.497203,0.495604,0.49331,0.490137,0.485908,0.480477,0.473758,0.465759,0.456602,0.446539,0.435949,0.42532,0.415215,0.406222,0.3989,0.393726,0.391048,0.391048,0.393726,0.3989,0.406222,0.415215,0.42532,0.435949,0.446539,0.456602,0.465759,0.473758,0.480477,0.485908,0.490137,0.49331,0.495604,0.497203,0.498278,0.498974,0.499409,0.49967,0.499822,0.499908,0.499953,0.499977,0.499989,0.499995,0.499998,0.499999,0.5,0.5,0.5
0.5,0.5,0.499999,0.499999,0.499997,0.499993,0.499984,0.499966,0.499931,0.499863,0.499738,0.499516,0.499135,0.498504,0.497499,0.495955,0.493667,0.490402,0.485908,0.479951,0.47234,0.462977,0.45189,0.439267,0.425468,0.411021,0.396591,0.38293,0.370819,0.360988,0.354058,0.350475,0.350475,0.354058,0.360988,0.370819,0.38293,0.396591,0.411021,0.425468,0.439267,0.45189,0.462977,0.47234,0.479951,0.485908,0.490402,0.493667,0.495955,0.497499,0.498504,0.499135,0.499516,0.499738,0.499863,0.499931,0.499966,0.499984,0.499993,0.499997,0.499999,0.499999,0.5,0.5
0.5,0.5,0.499999,0.499998,0.499995,0.49999,0.499977,0.499952,0.499901,0.499804,0.499626,0.499311,0.498773,0.497886,0.496479,0.494327,0.491154,0.486647,0.480477,0.47234,0.462002,0.449356,0.434466,0.417609,0.399285,0.380203,0.361241,0.343375,0.3276,0.314838,0.305864,0.301232,0.301232,0.305864,0.314838,0.3276,0.343375,0.361241,0.380203,0.399285,0.417609,0.434466,0.449356,0.462002,0.47234,0.480477,0.486647,0.491154,0.494327,0.496479,0.497886,0.498773,0.499311,0.499626,0.499804,0.499901,0.499952,0.499977,0.49999,0.499995,0.499998,0.499999,0.5,0.5
0.499999,0.499999,0.499999,0.499997,0.499994,0.499985,0.499968,0.499932,0.499862,0.499728,0.499483,0.49905,0.498312,0.497103,0.495192,0.492282,0.488013,0.481977,0.473758,0.462977,0.449356,0.432787,0.413394,0.391568,0.367982,0.343561,0.319426,0.2968,0.27691,0.260879,0.249637,0.243844,0.243844,0.249637,0.260879,0.27691,0.2968,0.319426,0.343561,0.367982,0.391568,0.413394,0.432787,0.449356,0.462977,0.473758,0.481977,0.488013,0.492282,0.495192,0.497103,0.498312,0.49905,0.499483,0.499728,0.499862,0.499932,0.499968,0.499985,0.499994,0.499997,0.499999,0.499999,0.499999
0.499999,0.499999,0.499998,0.499996,0.499991,0.49998,0.499956,0.499908,0.499814,0.499634,0.499306,0.498728,0.497749,0.496148,0.49363,0.489811,0.484234,0.476389,0.465759,0.45189,0.434466,0.413394,0.388877,0.361451,0.331995,0.30168,0.271891,0.244116,0.219815,0.200308,0.186669,0.179654,0.179654,0.186669,0.200308,0.219815,0.244116,0.271891,0.30168,0.331995,0.361451,0.388877,0.413394,0.434466,0.45189,0.465759,0.476389,0.484234,0.489811,0.49363,0.496148,0.497749,0.498728,0.499306,0.499634,0.499814,0.499908,0.499956,0.49998,0.499991,0.499996,0.499998,0.499999,0.499999
0.499999,0.499999,0.499998,0.499995,0.499988,0.499974,0.499943,0.49988,0.499756,0.499522,0.499096,0.498349,0.497086,0.49503,0.491807,0.48694,0.479865,0.469958,0.456602,0.439267,0.417609,0.391568,0.361451,0.327971,0.292235,0.255688,0.219993,0.186899,0.158092,0.135067,0.11902,0.110785,0.110785,0.11902,0.135067,0.158092,0.186899,0.219993,0.255688,0.292235,0.327971,0.361451,0.391568,0.417609,0.439267,0.456602,0.469958,0.479865,0.48694,0.491807,0.49503,0.497086,0.498349,0.499096,0.499522,0.499756,0.49988,0.499943,0.499974,0.499988,0.499995,0.499998,0.499999,0.499999
0.499999,0.499999,0.499997,0.499994,0.499985,0.499966,0.499927,0.499847,0.49969,0.499394,0.498858,0.497919,0.496338,0.493773,0.489766,0.483741,0.475016,0.462855,0.446539,0.425468,0.399285,0.367982,0.331995,0.292235,0.250067,0.207215,0.165624,0.127292,0.0941053,0.0676997,0.0493619,0.0399709,0.0399709,0.0493619,0.0676997,0.0941053,0.127292,0.165624,0.207215,0.250067,0.292235,0.331995,0.367982,0.399285,0.425468,0.446539,0.462855,0.475016,0.483741,0.489766,0.493773,0.496338,0.497919,0.498858,0.499394,0.49969,0.499847,0.499927,0.499966,0.499985,0.499994,0.499997,0.499999,0.499999
0.499998,0.499998,0.499996,0.499992,0.499981,0.499958,0.49991,0.499811,0.499618,0.499256,0.498599,0.497454,0.495531,0.492422,0.487581,0.480328,0.469866,0.455345,0.435949,0.411021,0.380203,0.343561,0.30168,0.255688,0.207215,0.15827,0.111065,0.0678228,0.0305928,0.00111082,-0.0192886,-0.0297112,-0.0297112,-0.0192886,0.00111082,0.0305928,0.0678228,0.111065,0.15827,0.207215,0.255688,0.30168,0.343561,0.380203,0.411021,0.435949,0.455345,0.469866,0.480328,0.487581,0.492422,0.495531,0.497454,0.498599,0.499256,0.499618,0.499811,0.49991,0.499958,0.499981,0.499992,0.499996,0.499998,0.499998
0.499998,0.499998,0.499996,0.49999,0.499978,0.49995,0.499892,0.499774,0.499544,0.499112,0.498333,0.496976,0.494704,0.491039,0.485353,0.47686,0.464653,0.447774,0.42532,0.396591,0.361241,0.319426,0.271891,0.219993,0.165624,0.111065,0.0587727,0.0111588,-0.0296066,-0.0617328,-0.0838786,-0.0951666,-0.0951666,-0.0838786,-0.0617328,-0.0296066,0.0111588,0.0587727,0.111065,0.165624,0.219993,0.271891,0.319426,0.361241,0.396591,0.42532,0.447774,0.464653,0.47686,0.485353,0.491039,0.494704,0.496976,0.498333,0.499112,0.499544,0.499774,0.499892,0.49995,0.499978,0.49999,0.499996,0.499998,0.499998
0.499997,0.499997,0.499995,0.499989,0.499974,0.499942,0.499874,0.499737,0.499471,0.498972,0.498073,0.496511,0.493901,0.489702,0.483204,0.473526,0.459658,0.440547,0.415215,0.38293,0.343375,0.2968,0.244116,0.186899,0.127292,0.0678228,0.0111588,-0.0401389,-0.0838221,-0.118086,-0.141619,-0.153585,-0.153585,-0.141619,-0.118086,-0.0838221,-0.0401389,0.0111588,0.0678228,0.127292,0.186899,0.244116,0.2968,0.343375,0.38293,0.415215,0.440547,0.459658,0.473526,0.483204,0.489702,0.493901,0.496511,0.498073,0.498972,0.499471,0.499737,0.499874,0.499942,0.499974,0.499989,0.499995,0.499997,0.499997
0.499997,0.499997,0.499994,0.499987,0.49997,0.499934,0.499858,0.499704,0.499404,0.498844,0.497836,0.496089,0.493174,0.488495,0.481268,0.47053,0.455184,0.434092,0.406222,0.370819,0.3276,0.27691,0.219815,0.158092,0.0941053,0.0305928,-0.0296066,-0.0838221,-0.129764,-0.165643,-0.190202,-0.202663,-0.202663,-0.190202,-0.165643,-0.129764,-0.0838221,-0.0296066,0.0305928,0.0941053,0.158092,0.219815,0.27691,0.3276,0.370819,0.406222,0.434092,0.455184,0.47053,0.481268,0.488495,0.493174,0.496089,0.497836,0.498844,0.499404,0.499704,0.499858,0.499934,0.49997,0.499987,0.499994,0.499997,0.499997
0.499997,0.499997,0.499994,0.499986,0.499968,0.499928,0.499844,0.499676,0.499349,0.498739,0.497641,0.49574,0.492574,0.4875,0.479676,0.468072,0.451521,0.428823,0.3989,0.360988,0.314838,0.260879,0.200308,0.135067,0.0676997,0.00111082,-0.0617328,-0.118086,-0.165643,-0.20265,-0.227906,-0.240698,-0.240698,-0.227906,-0.20265,-0.165643,-0.118086,-0.0617328,0.00111082,0.0676997,0.135067,0.200308,0.260879,0.314838,0.360988,0.3989,0.428823,0.451521,0.468072,0.479676,0.4875,0.492574,0.49574,0.497641,0.498739,0.499349,0.499676,0.499844,0.499928,0.499968,0.499986,0.499994,0.499997,0.499997
0.499997,0.499997,0.499993,0.499985,0.499966,0.499923,0.499835,0.499656,0.499309,0.498663,0.497501,0.495491,0.492146,0.486791,0.478543,0.466325,0.448922,0.425091,0.393726,0.354058,0.305864,0.249637,0.186669,0.11902,0.0493619,-0.0192886,-0.0838786,-0.141619,-0.190202,-0.227906,-0.253585,-0.266572,-0.266572,-0.253585,-0.227906,-0.190202,-0.141619,-0.0838786,-0.0192886,0.0493619,0.11902,0.186669,0.249637,0.305864,0.354058,0.393726,0.425091,0.448922,0.466325,0.478543,0.486791,0.492146,0.495491,0.497501,0.498663,0.499309,0.499656,0.499835,0.499923,0.499966,0.499985,0.499993,0.499997,0.499997
0.499996,0.499996,0.499993,0.499985,0.499965,0.499921,0.499829,0.499645,0.499289,0.498623,0.497428,0.495361,0.491923,0.486422,0.477953,0.465417,0.447574,0.423157,0.391048,0.350475,0.301232,0.243844,0.179654,0.110785,0.0399709,-0.0297112,-0.0951666,-0.153585,-0.202663,-0.240698,-0.266572,-0.279649,-0.279649,-0.266572,-0.240698,-0.202663,-0.153585,-0.0951666,-0.0297112,0.0399709,0.110785,0.179654,0.243844,0.301232,0.350475,0.391048,0.423157,0.447574,0.465417,0.477953,0.486422,0.491923,0.495361,0.497428,0.498623,0.499289,0.499645,0.499829,0.499921,0.499965,0.499985,0.499993,0.499996,0.499996
0.499996,0.499996,0.499993,0.499985,0.499965,0.499921,0.499829,0.499645,0.499289,0.498623,0.497428,0.495361,0.491923,0.486422,0.477953,0.465417,0.447574,0.423157,0.391048,0.350475,0.301232,0.243844,0.179654,0.110785,0.0399709,-0.0297112,-0.0951666,-0.153585,-0.202663,-0.240698,-0.266572,-0.279649,-0.279649,-0.266572,-0.240698,-0.202663,-0.153585,-0.0951666,-0.0297112,0.0399709,0.110785,0.179654,0.243844,0.301232,0.350475,0.391048,0.423157,0.447574,0.465417,0.477953,0.486422,0.491923,0.495361,0.497428,0.498623,0.499289,0.499645,0.499829,0.499921,0.499965,0.499985,0.499993,0.499996,0.499996
0.499997,0.499997,0.499993,0.499985,0.499966,0.499923,0.499835,0.499656,0.499309,0.498663,0.497501,0.495491,0.492146,0.486791,0.478543,0.466325,0.448922,0.425091,0.393726,0.354058,0.305864,0.249637,0.186669,0.11902,0.0493619,-0.0192886,-0.0838786,-0.141619,-0.190202,-0.227906,-0.253585,-0.266572,-0.266572,-0.253585,-0.227906,-0.190202,-0.141619,-0.0838786,-0.0192886,0.0493619,0.11902,0.186669,0.249637,0.305864,0.354058,0.393726,0.425091,0.448922,0.466325,0.478543,0.486791,0.492146,0.495491,0.497501,0.498663,0.499309,0.499656,0.499835,0.499923,0.499966,0.499985,0.499993,0.499997,0.499997
0.499997,0.499997,0.499994,0.499986,0.499968,0.499928,0.499844,0.499676,0.499349,0.498739,0.497641,0.49574,0.492574,0.4875,0.479676,0.468072,0.451521,0.428823,0.3989,0.360988,0.314838,0.260879,0.200308,0.135067,0.0676997,0.00111082,-0.0617328,-0.118086,-0.165643,-0.20265,-0.227906,-0.240698,-0.240698,-0.227906,-0.20265,-0.165643,-0.118086,-0.0617328,0.00111082,0.0676997,0.135067,0.200308,0.260879,0.314838,0.360988,0.3989,0.428823,0.451521,0.468072,0.479676,0.4875,0.492574,0.49574,0.497641,0.498739,0.499349,0.499676,0.499844,0.499928,0.499968,0.499986,0.499994,0.499997,0.499997
0.499997,0.499997,0.499994,0.499987,0.49997,0.499934,0.499858,0.499704,0.499404,0.498844,0.497836,0.496089,0.493174,0.488495,0.481268,0.47053,0.455184,0.434092,0.406222,0.370819,0.3276,0.27691,0.219815,0.158092,0.0941053,0.0305928,-0.0296066,-0.0838221,-0.129764,-0.165643,-0.190202,-0.202663,-0.202663,-0.190202,-0.165643,-0.129764,-0.0838221,-0.0296066,0.0305928,0.0941053,0.158092,0.219815,0.27691,0.3276,0.370819,0.406222,0.434092,0.455184,0.47053,0.481268,0.488495,0.493174,0.496089,0.497836,0.498844,0.499404,0.499704,0.499858,0.499934,0.49997,0.499987,0.499994,0.499997,0.499997
0.499997,0.499997,0.499995,0.499989,0.499974,0.499942,0.499874,0.499737,0.499471,0.498972,0.498073,0.496511,0.493901,0.489702,0.483204,0.473526,0.459658,0.440547,0.415215,0.38293,0.343375,0.2968,0.244116,0.186899,0.127292,0.0678228,0.0111588,-0.0401389,-0.0838221,-0.118086,-0.141619,-0.153585,-0.153585,-0.141619,-0.118086,-0.0838221,-0.0401389,0.0111588,0.0678228,0.127292,0.186899,0.244116,0.2968,0.343375,0.38293,0.415215,0.440547,0.459658,0.473526,0.483204,0.489702,0.493901,0.496511,0.498073,0.498972,0.499471,0.499737,0.499874,0.499942,0.499974,0.499989,0.499995,0.499997,0.499997
0.499998,0.499998,0.499996,0.49999,0.499978,0.49995,0.499892,0.499774,0.499544,0.499112,0.498333,0.496976,0.494704,0.491039,0.485353,0.47686,0.464653,0.447774,0.42532,0.396591,0.361241,0.319426,0.271891,0.219993,0.165624,0.111065,0.0587727,0.0111588,-0.0296066,-0.0617328,-0.0838786,-0.0951666,-0.0951666,-0.0838786,-0.0617328,-0.0296066,0.0111588,0.0587727,0.111065,0.165624,0.219993,0.271891,0.319426,0.361241,0.396591,0.42532,0.447774,0.464653,0.47686,0.485353,0.491039,0.494704,0.496976,0.498333,0.499112,0.499544,0.499774,0.499892,0.49995,0.499978,0.49999,0.499996,0.499998,0.499998
0.499998,0.499998,0.499996,0.499992,0.499981,0.499958,0.49991,0.499811,0.499618,0.499256,0.498599,0.497454,0.495531,0.492422,0.487581,0.480328,0.469866,0.455345,0.435949,0.411021,0.380203,0.343561,0.30168,0.255688,0.207215,0.15827,0.111065,0.0678228,0.0305928,0.00111082,-0.0192886,-0.0297112,-0.0297112,-0.0192886,0.00111082,0.0305928,0.0678228,0.111065,0.15827,0.207215,0.255688,0.30168,0.343561,0.380203,0.411021,0.435949,0.455345,0.469866,0.480328,0.487581,0.492422,0.495531,0.497454,0.498599,0.499256,0.499618,0.499811,0.49991,0.499958,0.499981,0.499992,0.499996,0.499998,0.499998
0.499999,0.499999,0.499997,0.499994,0.499985,0.499966,0.499927,0.499847,0.49969,0.499394,0.498858,0.497919,0.496338,0.493773,0.489766,0.483741,0.475016,0.462855,0.446539,0.425468,0.399285,0.367982,0.331995,0.292235,0.250067,0.207215,0.165624,0.127292,0.0941053,0.0676997,0.0493619,0.0399709,0.0399709,0.0493619,0.0676997,0.0941053,0.127292,0.165624,0.207215,0.250067,0.292235,0.331995,0.367982,0.399285,0.425468,0.446539,0.462855,0.475016,0.483741,0.489766,0.493773,0.496338,0.497919,0.498858,0.499394,0.49969,0.499847,0.499927,0.499966,0.499985,0.499994,0.499997,0.499999,0.499999
0.499999,0.499999,0.499998,0.499995,0.499988,0.499974,0.499943,0.49988,0.499756,0.499522,0.499096,0.498349,0.497086,0.49503,0.491807,0.48694,0.479865,0.469958,0.456602,0.439267,0.417609,0.391568,0.361451,0.327971,0.292235,0.255688,0.219993,0.186899,0.158092,0.135067,0.11902,0.110785,0.110785,0.11902,0.135067,0.158092,0.186899,0.219993,0.255688,0.292235,0.327971,0.361451,0.391568,0.417609,0.439267,0.456602,0.469958,0.479865,0.48694,0.491807,0.49503,0.497086,0.498349,0.499096,0.499522,0.499756,0.49988,0.499943,0.499974,0.499988,0.499995,0.499998,0.499999,0.499999
0.499999,0.499999,0.499998,0.499996,0.499991,0.49998,0.499956,0.499908,0.499814,0.499634,0.499306,0.498728,0.497749,0.496148,0.49363,0.489811,0.484234,0.476389,0.465759,0.45189,0.434466,0.413394,0.388877,0.361451,0.331995,0.30168,0.271891,0.244116,0.219815,0.200308,0.186669,0.179654,0.179654,0.186669,0.200308,0.219815,0.244116,0.271891,0.30168,0.331995,0.361451,0.388877,0.413394,0.434466,0.45189,0.465759,0.476389,0.484234,0.489811,0.49363,0.496148,0.497749,0.498728,0.499306,0.499634,0.499814,0.499908,0.499956,0.49998,0.499991,0.499996,0.499998,0.499999,0.499999
0.499999,0.499999,0.499999,0.499997,0.499994,0.499985,0.499968,0.499932,0.499862,0.499728,0.499483,0.49905,0.498312,0.497103,0.495192,0.492282,0.488013,0.481977,0.473758,0.462977,0.449356,0.432787,0.413394,0.391568,0.367982,0.343561,0.319426,0.2968,0.27691,0.260879,0.249637,0.243844,0.243844,0.249637,0.260879,0.27691,0.2968,0.319426,0.343561,0.367982,0.391568,0.413394,0.432787,0.449356,0.462977,0.473758,0.481977,0.488013,0.492282,0.495192,0.497103,0.498312,0.49905,0.499483,0.499728,0.499862,0.499932,0.499968,0.499985,0.499994,0.499997,0.499999,0.499999,0.499999
0.5,0.5,0.499999,0.499998,0.499995,0.49999,0.499977,0.499952,0.499901,0.499804,0.499626,0.499311,0.498773,0.497886,0.496479,0.494327,0.491154,0.486647,0.480477,0.47234,0.462002,0.449356,0.434466,0.417609,0.399285,0.380203,0.361241,0.343375,0.3276,0.314838,0.305864,0.301232,0.301232,0.305864,0.314838,0.3276,0.343375,0.361241,0.380203,0.399285,0.417609,0.434466,0.449356,0.462002,0.47234,0.480477,0.486647,0.491154,0.494327,0.496479,0.497886,0.498773,0.499311,0.499626,0.499804,0.499901,0.499952,0.499977,0.49999,0.499995,0.499998,0.499999,0.5,0.5
0.5,0.5,0.499999,0.499999,0.499997,0.499993,0.499984,0.499966,0.499931,0.499863,0.499738,0.499516,0.499135,0.498504,0.497499,0.495955,0.493667,0.490402,0.485908,0.479951,0.47234,0.462977,0.45189,0.439267,0.425468,0.411021,0.396591,0.38293,0.370819,0.360988,0.354058,0.350475,0.350475,0.354058,0.360988,0.370819,0.38293,0.396591,0.411021,0.425468,0.439267,0.45189,0.462977,0.47234,0.479951,0.485908,0.490402,0.493667,0.495955,0.497499,0.498504,0.499135,0.499516,0.499738,0.499863,0.499931,0.499966,0.499984,0.499993,0.499997,0.499999,0.499999,0.5,0.5
0.5,0.5,0.5,0.499999,0.499998,0.499995,0.499989,0.499977,0.499953,0.499908,0.499822,0.49967,0.499409,0.498974,0.498278,0.497203,0.495604,0.49331,0.490137,0.485908,0.480477,0.473758,0.465759,0.456602,0.446539,0.435949,0.42532,0.415215,0.406222,0.3989,0.393726,0.391048,0.391048,0.393726,0.3989,0.406222,0.415215,0.42532,0.435949,0.446539,0.456602,0.465759,0.473758,0.480477,0.485908,0.490137,0.49331,0.495604,0.497203,0.498278,0.498974,0.499409,0.49967,0.499822,0.499908,0.499953,0.499977,0.499989,0.499995,0.499998,0.499999,0.5,0.5,0.5
0.5,0.5,0.5,0.499999,0.499999,0.499997,0.499993,0.499985,0.49997,0.499939,0.499883,0.499783,0.499608,0.499318,0.498851,0.498126,0.497043,0.495481,0.49331,0.490402,0.486647,0.481977,0.476389,0.469958,0.462855,0.455345,0.447774,0.440547,0.434092,0.428823,0.425091,0.423157,0.423157,0.425091,0.428823,0.434092,0.440547,0.447774,0.455345,0.462855,0.469958,0.476389,0.481977,0.486647,0.490402,0.49331,0.495481,0.497043,0.498126,0.498851,0.499318,0.499608,0.499783,0.499883,0.499939,0.49997,0.499985,0.499993,0.499997,0.499999,0.499999,0.5,0.5,0.5
0.5,0.5,0.5,0.5,0.499999,0.499998,0.499996,0.499991,0.499981,0.499962,0.499926,0.499861,0.499749,0.499561,0.499257,0.498784,0.498073,0.497043,0.495604,0.493667,0.491154,0.488013,0.484234,0.479865,0.475016,0.469866,0.464653,0.459658,0.455184,0.451521,0.448922,0.447574,0.447574,0.448922,0.451521,0.455184,0.459658,0.464653,0.469866,0.475016,0.479865,0.484234,0.488013,0.491154,0.493667,0.495604,0.497043,0.498073,0.498784,0.499257,0.499561,0.499749,0.499861,0.499926,0.499962,0.499981,0.499991,0.499996,0.499998,0.499999,0.5,0.5,0.5,0.5
0.5,0.5,0.5,0.5,0.499999,0.499999,0.499997,0.499994,0.499988,0.499976,0.499954,0.499914,0.499844,0.499726,0.499535,0.499235,0.498784,0.498126,0.497203,0.495955,0.494327,0.492282,0.489811,0.48694,0.483741,0.480328,0.47686,0.473526,0.47053,0.468072,0.466325,0.465417,0.465417,0.466325,0.468072,0.47053,0.473526,0.47686,0.480328,0.483741,0.48694,0.489811,0.492282,0.494327,0.495955,0.497203,0.498126,0.498784,0.499235,0.499535,0.499726,0.499844,0.499914,0.499954,0.499976,0.499988,0.499994,0.499997,0.499999,0.499999,0.5,0.5,0.5,0.5
0.5,0.5,0.5,0.5,0.5,0.499999,0.499998,0.499997,0.499993,0.499986,0.499973,0.499948,0.499906,0.499835,0.499718,0.499535,0.499257,0.498851,0.498278,0.497499,0.496479,0.495192,0.49363,0.491807,0.489766,0.487581,0.485353,0.483204,0.481268,0.479676,0.478543,0.477953,0.477953,0.478543,0.479676,0.481268,0.483204,0.485353,0.487581,0.489766,0.491807,0.49363,0.495192,0.496479,0.497499,0.498278,0.498851,0.499257,0.499535,0.499718,0.499835,0.499906,0.499948,0.499973,0.499986,0.499993,0.499997,0.499998,0.499999,0.5,0.5,0.5,0.5,0.5
0.5,0.5,0.5,0.5,0.5,0.5,0.499999,0.499998,0.499996,0.499992,0.499984,0.49997,0.499945,0.499903,0.499835,0.499726,0.499561,0.499318,0.498974,0.498504,0.497886,0.497103,0.496148,0.49503,0.493773,0.492422,0.491039,0.489702,0.488495,0.4875,0.486791,0.486422,0.486422,0.486791,0.4875,0.488495,0.489702,0.491039,0.492422,0.493773,0.49503,0.496148,0.497103,0.497886,0.498504,0.498974,0.499318,0.499561,0.499726,0.499835,0.499903,0.499945,0.49997,0.499984,0.499992,0.499996,0.499998,0.499999,0.5,0.5,0.5,0.5,0.5,0.5
0.5,0.5,0.5,0.5,0.5,0.5,0.5,0.499999,0.499998,0.499995,0.499991,0.499983,0.499969,0.499945,0.499906,0.499844,0.499749,0.499608,0.499409,0.499135,0.498773,0.498312,0.497749,0.497086,0.496338,0.495531,0.494704,0.493901,0.493174,0.492574,0.492146,0.491923,0.491923,0.492146,0.492574,0.493174,0.493901,0.494704,0.495531,0.496338,0.497086,0.497749,0.498312,0.498773,0.499135,0.499409,0.499608,0.499749,0.499844,0.499906,0.499945,0.499969,0.499983,0.499991,0.499995,0.499998,0.499999,0.5,0.5,0.5,0.5,0.5,0.5,0.5
0.5,0.5,0.5,0.5,0.5,0.5,0.5,0.499999,0.499999,0.499998,0.499995,0.499991,0.499983,0.49997,0.499948,0.499914,0.499861,0.499783,0.49967,0.499516,0.499311,0.49905,0.498728,0.498349,0.497919,0.497454,0.496976,0.496511,0.496089,0.49574,0.495491,0.495361,0.495361,0.495491,0.49574,0.496089,0.496511,0.496976,0.497454,0.497919,0.498349,0.498728,0.49905,0.499311,0.499516,0.49967,0.499783,0.499861,0.499914,0.499948,0.49997,0.499983,0.499991,0.499995,0.499998,0.499999,0.499999,0.5,0.5,0.5,0.5,0.5,0.5,0.5
0.5,0.5,0.5,0.5,0.5,0.5,0.5,0.5,0.499999,0.499999,0.499997,0.499995,0.499991,0.499984,0.499973,0.499954,0.499926,0.499883,0.499822,0.499738,0.499626,0.499483,0.499306,0.499096,0.498858,0.498599,0.498333,0.498073,0.497836,0.497641,0.497501,0.497428,0.497428,0.497501,0.497641,0.497836,0.498073,0.498333,0.498599,0.498858,0.499096,0.499306,0.499483,0.499626,0.499738,0.499822,0.499883,0.499926,0.499954,0.499973,0.499984,0.499991,0.499995,0.499997,0.499999,0.499999,0.5,0.5,0.5,0.5,0.5,0.5,0.5,0.5
0.5,0.5,0.5,0.5,0.5,0.5,0.5,0.5,0.5,0.499999,0.499999,0.499998,0.499995,0.499992,0.499986,0.499976,0.499962,0.499939,0.499908,0.499863,0.499804,0.499728,0.499634,0.499522,0.499394,0.499256,0.499112,0.498972,0.498844,0.498739,0.498663,0.498623,0.498623,0.498663,0.498739,0.498844,0.498972,0.499112,0.499256,0.499394,0.499522,0.499634,0.499728,0.499804,0.499863,0.499908,0.499939,0.499962,0.499976,0.499986,0.499992,0.499995,0.499998,0.499999,0.499999,0.5,0.5,0.5,0.5,0.5,0.5,0.5,0.5,0.5
0.5,0.5,0.5,0.5,0.5,0.5,0.5,0.5,0.5,0.5,0.499999,0.499999,0.499998,0.499996,0.499993,0.499988,0.499981,0.49997,0.499953,0.499931,0.499901,0.499862,0.499814,0.499756,0.49969,0.499618,0.499544,0.499471,0.499404,0.499349,0.499309,0.499289,0.499289,0.499309,0.499349,0.499404,0.499471,0.499544,0.499618,0.49969,0.499756,0.499814,0.499862,0.499901,0.499931,0.499953,0.49997,0.499981,0.499988,0.499993,0.499996,0.499998,0.499999,0.499999,0.5,0.5,0.5,0.5,0.5,0.5,0.5,0.5,0.5,0.5
0.5,0.5,0.5,0.5,0.5,0.5,0.5,0.5,0.5,0.5,0.5,0.499999,0.499999,0.499998,0.499997,0.499994,0.499991,0.499985,0.499977,0.499966,0.499952,0.499932,0.499908,0.49988,0.499847,0.499811,0.499774,0.499737,0.499704,0.499676,0.499656,0.499645,0.499645,0.499656,0.499676,0.499704,0.499737,0.499774,0.499811,0.499847,0.49988,0.499908,0.499932,0.499952,0.499966,0.499977,0.499985,0.499991,0.499994,0.499997,0.499998,0.499999,0.499999,0.5,0.5,0.5,0.5,0.5,0.5,0.5,0.5,0.5,0.5,0.5
0.5,0.5,0.5,0.5,0.5,0.5,0.5,0.5,0.5,0.5,0.5,0.5,0.5,0.499999,0.499998,0.499997,0.499996,0.499993,0.499989,0.499984,0.499977,0.499968,0.499956,0.499943,0.499927,0.49991,0.499892,0.499874,0.499858,0.499844,0.499835,0.499829,0.499829,0.499835,0.499844,0.499858,0.499874,0.499892,0.49991,0.499927,0.499943,0.499956,0.499968,0.499977,0.499984,0.499989,0.499993,0.499996,0.499997,0.499998,0.499999,0.5,0.5,0.5,0.5,0.5,0.5,0.5,0.5,0.5,0.5,0.5,0.5,0.5
0.5,0.5,0.5,0.5,0.5,0.5,0.5,0.5,0.5,0.5,0.5,0.5,0.5,0.5,0.499999,0.499999,0.499998,0.499997,0.499995,0.499993,0.49999,0.499985,0.49998,0.499974,0.499966,0.499958,0.49995,0.499942,0.499934,0.499928,0.499923,0.499921,0.499921,0.499923,0.499928,0.499934,0.499942,0.49995,0.499958,0.499966,0.499974,0.49998,0.499985,0.49999,0.499993,0.499995,0.499997,0.499998,0.499999,0.499999,0.5,0.5,0.5,0.5,0.5,0.5,0.5,0.5,0.5,0.5,0.5,0.5,0.5,0.5
0.5,0.5,0.5,0.5,0.5,0.5,0.5,0.5,0.5,0.5,0.5,0.5,0.5,0.5,0.5,0.499999,0.499999,0.499999,0.499998,0.499997,0.499995,0.499994,0.499991,0.499988,0.499985,0.499981,0.499978,0.499974,0.49997,0.499968,0.499966,0.499965,0.499965,0.499966,0.499968,0.49997,0.499974,0.499978,0.499981,0.499985,0.499988,0.499991,0.499994,0.499995,0.499997,0.499998,0.499999,0.499999,0.499999,0.5,0.5,0.5,0.5,0.5,0.5,0.5,0.5,0.5,0.5,0.5,0.5,0.5,0.5,0.5
0.5,0.5,0.5,0.5,0.5,0.5,0.5,0.5,0.5,0.5,0.5,0.5,0.5,0.5,0.5,0.5,0.5,0.499999,0.499999,0.499999,0.499998,0.499997,0.499996,0.499995,0.499994,0.499992,0.49999,0.499989,0.499987,0.499986,0.499985,0.499985,0.499985,0.499985,0.499986,0.499987,0.499989,0.49999,0.499992,0.499994,0.499995,0.499996,0.499997,0.499998,0.499999,0.499999,0.499999,0.5,0.5,0.5,0.5,0.5,0.5,0.5,0.5,0.5,0.5,0.5,0.5,0.5,0.5,0.5,0.5,0.5
0.5,0.5,0.5,0.5,0.5,0.5,0.5,0.5,0.5,0.5,0.5,0.5,0.5,0.5,0.5,0.5,0.5,0.5,0.5,0.499999,0.499999,0.499999,0.499998,0.499998,0.499997,0.499996,0.499996,0.499995,0.499994,0.499994,0.499993,0.499993,0.499993,0.499993,0.499994,0.499994,0.499995,0.499996,0.499996,0.499997,0.499998,0.499998,0.499999,0.499999,0.499999,0.5,0.5,0.5,0.5,0.5,0.5,0.5,0.5,0.5,0.5,0.5,0.5,0.5,0.5,0.5,0.5,0.5,0.5,0.5
0.5,0.5,0.5,0.5,0.5,0.5,0.5,0.5,0.5,0.5,0.5,0.5,0.5,0.5,0.5,0.5,0.5,0.5,0.5,0.5,0.5,0.499999,0.499999,0.499999,0.499999,0.499998,0.499998,0.499997,0.499997,0.499997,0.499997,0.499996,0.499996,0.499997,0.499997,0.499997,0.499997,0.499998,0.499998,0.499999,0.499999,0.499999,0.499999,0.5,0.5,0.5,0.5,0.5,0.5,0.5,0.5,0.5,0.5,0.5,0.5,0.5,0.5,0.5,0.5,0.5,0.5,0.5,0.5,0.5
0.5,0.5,0.5,0.5,0.5,0.5,0.5,0.5,0.5,0.5,0.5,0.5,0.5,0.5,0.5,0.5,0.5,0.5,0.5,0.5,0.5,0.499999,0.499999,0.499999,0.499999,0.499998,0.499998,0.499997,0.499997,0.499997,0.499997,0.499996,0.499996,0.499997,0.499997,0.499997,0.499997,0.499998,0.499998,0.499999,0.499999,0.499999,0.499999,0.5,0.5,0.5,0.5,0.5,0.5,0.5,0.5,0.5,0.5,0.5,0.5,0.5,0.5,0.5,0.5,0.5,0.5,0.5,0.5,0.5
