0.5,0.5,0.5,0.5,0.5,0.5,0.499999,0.499998,0.499997,0.499995,0.499991,0.499985,0.499976,0.499962,0.499942,0.499915,0.499877,0.499826,0.499761,0.499679,0.49958,0.499464,0.499331,0.499185,0.499029,0.498869,0.498712,0.498566,0.498437,0.498333,0.49826,0.498222,0.498222,0.49826,0.498333,0.498437,0.498566,0.498712,0.498869,0.499029,0.499185,0.499331,0.499464,0.49958,0.499679,0.499761,0.499826,0.499877,0.499915,0.499942,0.499962,0.499976,0.499985,0.499991,0.499995,0.499997,0.499998,0.499999,0.5,0.5,0.5,0.5,0.5,0.5
0.5,0.5,0.5,0.5,0.5,0.5,0.499999,0.499998,0.499997,0.499995,0.499991,0.499985,0.499976,0.499962,0.499942,0.499915,0.499877,0.499826,0.499761,0.499679,0.49958,0.499464,0.499331,0.499185,0.499029,0.498869,0.498712,0.498566,0.498437,0.498333,0.49826,0.498222,0.498222,0.49826,0.498333,0.498437,0.498566,0.498712,0.498869,0.499029,0.499185,0.499331,0.499464,0.49958,0.499679,0.499761,0.499826,0.499877,0.499915,0.499942,0.499962,0.499976,0.499985,0.499991,0.499995,0.499997,0.499998,0.499999,0.5,0.5,0.5,0.5,0.5,0.5
0.5,0.5,0.5,0.5,0.5,0.499999,0.499999,0.499997,0.499995,0.499992,0.499986,0.499977,0.499964,0.499944,0.499915,0.499875,0.49982,0.499748,0.499656,0.499541,0.499402,0.49924,0.499056,0.498854,0.49864,0.498422,0.498208,0.498009,0.497835,0.497694,0.497596,0.497545,0.497545,0.497596,0.497694,0.497835,0.498009,0.498208,0.498422,0.49864,0.498854,0.499056,0.49924,0.499402,0.499541,0.499656,0.499748,0.49982,0.499875,0.499915,0.499944,0.499964,0.499977,0.499986,0.499992,0.499995,0.499997,0.499999,0.499999,0.5,0.5,0.5,0.5,0.5
0.5,0.5,0.5,0.5,0.499999,0.499999,0.499997,0.499995,0.499991,0.499985,0.499975,0.49996,0.499936,0.499901,0.499851,0.499783,0.49969,0.499568,0.499414,0.499224,0.498996,0.498731,0.498433,0.498108,0.497765,0.497418,0.497079,0.496764,0.49649,0.49627,0.496116,0.496036,0.496036,0.496116,0.49627,0.49649,0.496764,0.497079,0.497418,0.497765,0.498108,0.498433,0.498731,0.498996,0.499224,0.499414,0.499568,0.49969,0.499783,0.499851,0.499901,0.499936,0.49996,0.499975,0.499985,0.499991,0.499995,0.499997,0.499999,0.499999,0.5,0.5,0.5,0.5
0.5,0.5,0.5,0.499999,0.499999,0.499997,0.499995,0.499991,0.499984,0.499972,0.499954,0.499925,0.499883,0.49982,0.499732,0.49961,0.499447,0.499236,0.49897,0.498644,0.498257,0.49781,0.497311,0.49677,0.496203,0.49563,0.495075,0.494563,0.494116,0.493759,0.49351,0.493382,0.493382,0.49351,0.493759,0.494116,0.494563,0.495075,0.49563,0.496203,0.49677,0.497311,0.49781,0.498257,0.498644,0.49897,0.499236,0.499447,0.49961,0.499732,0.49982,0.499883,0.499925,0.499954,0.499972,0.499984,0.499991,0.499995,0.499997,0.499999,0.499999,0.5,0.5,0.5
0.5,0.5,0.499999,0.499999,0.499997,0.499995,0.49999,0.499983,0.49997,0.499949,0.499915,0.499864,0.499788,0.499677,0.499522,0.49931,0.499029,0.498667,0.498214,0.497664,0.497016,0.496274,0.495449,0.494561,0.493637,0.492708,0.491813,0.490989,0.490274,0.489704,0.489307,0.489103,0.489103,0.489307,0.489704,0.490274,0.490989,0.491813,0.492708,0.493637,0.494561,0.495449,0.496274,0.497016,0.497664,0.498214,0.498667,0.499029,0.49931,0.499522,0.499677,0.499788,0.499864,0.499915,0.499949,0.49997,0.499983,0.49999,0.499995,0.499997,0.499999,0.499999,0.5,0.5
0.499999,0.499999,0.499999,0.499997,0.499995,0.49999,0.499982,0.499968,0.499945,0.499908,0.499849,0.499759,0.499627,0.499436,0.49917,0.498811,0.498339,0.497735,0.496987,0.496086,0.49503,0.493831,0.492508,0.491094,0.489631,0.488169,0.486767,0.485482,0.484373,0.48349,0.482876,0.482562,0.482562,0.482876,0.48349,0.484373,0.485482,0.486767,0.488169,0.489631,0.491094,0.492508,0.493831,0.49503,0.496086,0.496987,0.497735,0.498339,0.498811,0.49917,0.499436,0.499627,0.499759,0.499849,0.499908,0.499945,0.499968,0.499982,0.49999,0.499995,0.499997,0.499999,0.499999,0.499999
0.499998,0.499998,0.499997,0.499995,0.499991,0.499983,0.499968,0.499944,0.499904,0.499839,0.499738,0.499585,0.499362,0.499043,0.498603,0.498012,0.497242,0.496268,0.495069,0.493637,0.491973,0.490098,0.488046,0.485867,0.483628,0.481406,0.479285,0.477351,0.475688,0.474369,0.473454,0.472986,0.472986,0.473454,0.474369,0.475688,0.477351,0.479285,0.481406,0.483628,0.485867,0.488046,0.490098,0.491973,0.493637,0.495069,0.496268,0.497242,0.498012,0.498603,0.499043,0.499362,0.499585,0.499738,0.499839,0.499904,0.499944,0.499968,0.499983,0.499991,0.499995,0.499997,0.499998,0.499998
0.499997,0.499997,0.499995,0.499991,0.499984,0.49997,0.499945,0.499904,0.499836,0.499727,0.499559,0.499307,0.498941,0.498424,0.497716,0.496775,0.495559,0.494033,0.492174,0.489971,0.487436,0.484602,0.481524,0.478283,0.474975,0.471714,0.468621,0.465816,0.463413,0.461514,0.460201,0.459529,0.459529,0.460201,0.461514,0.463413,0.465816,0.468621,0.471714,0.474975,0.478283,0.481524,0.484602,0.487436,0.489971,0.492174,0.494033,0.495559,0.496775,0.497716,0.498424,0.498941,0.499307,0.499559,0.499727,0.499836,0.499904,0.499945,0.49997,0.499984,0.499991,0.499995,0.499997,0.499997
0.499995,0.499995,0.499992,0.499985,0.499972,0.499949,0.499908,0.499839,0.499727,0.499549,0.499278,0.498874,0.498292,0.497479,0.496375,0.49492,0.49306,0.490747,0.487954,0.484677,0.480939,0.476797,0.47234,0.467683,0.46297,0.458356,0.454007,0.450086,0.446745,0.444114,0.442299,0.441373,0.441373,0.442299,0.444114,0.446745,0.450086,0.454007,0.458356,0.46297,0.467683,0.47234,0.476797,0.480939,0.484677,0.487954,0.490747,0.49306,0.49492,0.496375,0.497479,0.498292,0.498874,0.499278,0.499549,0.499727,0.499839,0.499908,0.499949,0.499972,0.499985,0.499992,0.499995,0.499995
0.499991,0.499991,0.499986,0.499975,0.499954,0.499915,0.499849,0.499738,0.499559,0.499278,0.498851,0.498223,0.497325,0.496083,0.494412,0.492233,0.489471,0.486073,0.482011,0.477291,0.471961,0.466111,0.459875,0.453418,0.446937,0.440644,0.434755,0.429479,0.425006,0.4215,0.419089,0.417861,0.417861,0.419089,0.4215,0.425006,0.429479,0.434755,0.440644,0.446937,0.453418,0.459875,0.466111,0.471961,0.477291,0.482011,0.486073,0.489471,0.492233,0.494412,0.496083,0.497325,0.498223,0.498851,0.499278,0.499559,0.499738,0.499849,0.499915,0.499954,0.499975,0.499986,0.499991,0.499991
0.499985,0.499985,0.499977,0.49996,0.499925,0.499864,0.499759,0.499585,0.499307,0.498874,0.498223,0.497272,0.495928,0.494084,0.491631,0.488461,0.484488,0.479649,0.473924,0.467343,0.459989,0.452002,0.443572,0.434931,0.426338,0.418066,0.410386,0.403554,0.397797,0.393306,0.390228,0.388664,0.388664,0.390228,0.393306,0.397797,0.403554,0.410386,0.418066,0.426338,0.434931,0.443572,0.452002,0.459989,0.467343,0.473924,0.479649,0.484488,0.488461,0.491631,0.494084,0.495928,0.497272,0.498223,0.498874,0.499307,0.499585,0.499759,0.499864,0.499925,0.49996,0.499977,0.499985,0.499985
0.499976,0.499976,0.499964,0.499936,0.499883,0.499788,0.499627,0.499362,0.498941,0.498292,0.497325,0.495928,0.493971,0.491313,0.487813,0.483339,0.47779,0.471107,0.463289,0.454403,0.444584,0.43404,0.423033,0.41187,0.400883,0.390408,0.380769,0.372261,0.365141,0.359616,0.355845,0.353934,0.353934,0.355845,0.359616,0.365141,0.372261,0.380769,0.390408,0.400883,0.41187,0.423033,0.43404,0.444584,0.454403,0.463289,0.471107,0.47779,0.483339,0.487813,0.491313,0.493971,0.495928,0.497325,0.498292,0.498941,0.499362,0.499627,0.499788,0.499883,0.499936,0.499964,0.499976,0.499976
0.499962,0.499962,0.499944,0.499901,0.49982,0.499677,0.499436,0.499043,0.498424,0.497479,0.496083,0.494084,0.491313,0.487589,0.482736,0.476602,0.469079,0.460124,0.449772,0.438146,0.425455,0.411992,0.398106,0.384189,0.370646,0.357873,0.346237,0.336057,0.327603,0.321084,0.316655,0.314416,0.314416,0.316655,0.321084,0.327603,0.336057,0.346237,0.357873,0.370646,0.384189,0.398106,0.411992,0.425455,0.438146,0.449772,0.460124,0.469079,0.476602,0.482736,0.487589,0.491313,0.494084,0.496083,0.497479,0.498424,0.499043,0.499436,0.499677,0.49982,0.499901,0.499944,0.499962,0.499962
0.499942,0.499942,0.499915,0.499851,0.499732,0.499522,0.49917,0.498603,0.497716,0.496375,0.494412,0.491631,0.487813,0.482736,0.476193,0.468018,0.458111,0.446461,0.433162,0.418417,0.402534,0.385903,0.368976,0.352232,0.336145,0.321155,0.307653,0.295963,0.28634,0.278974,0.273996,0.271488,0.271488,0.273996,0.278974,0.28634,0.295963,0.307653,0.321155,0.336145,0.352232,0.368976,0.385903,0.402534,0.418417,0.433162,0.446461,0.458111,0.468018,0.476193,0.482736,0.487813,0.491631,0.494412,0.496375,0.497716,0.498603,0.49917,0.499522,0.499732,0.499851,0.499915,0.499942,0.499942
0.499915,0.499915,0.499875,0.499783,0.49961,0.49931,0.498811,0.498012,0.496775,0.49492,0.492233,0.488461,0.483339,0.476602,0.468018,0.45742,0.444735,0.430011,0.413425,0.395289,0.376026,0.356147,0.336208,0.316769,0.298358,0.281441,0.266402,0.253535,0.243055,0.235102,0.229762,0.227082,0.227082,0.229762,0.235102,0.243055,0.253535,0.266402,0.281441,0.298358,0.316769,0.336208,0.356147,0.376026,0.395289,0.413425,0.430011,0.444735,0.45742,0.468018,0.476602,0.483339,0.488461,0.492233,0.49492,0.496775,0.498012,0.498811,0.49931,0.49961,0.499783,0.499875,0.499915,0.499915
0.499877,0.499877,0.49982,0.49969,0.499447,0.499029,0.498339,0.497242,0.495559,0.49306,0.489471,0.484488,0.47779,0.469079,0.458111,0.444735,0.428933,0.410837,0.390741,0.369088,0.346442,0.323439,0.300736,0.278964,0.258679,0.240337,0.22428,0.210738,0.199846,0.191668,0.186221,0.1835,0.1835,0.186221,0.191668,0.199846,0.210738,0.22428,0.240337,0.258679,0.278964,0.300736,0.323439,0.346442,0.369088,0.390741,0.410837,0.428933,0.444735,0.458111,0.469079,0.47779,0.484488,0.489471,0.49306,0.495559,0.497242,0.498339,0.499029,0.499447,0.49969,0.49982,0.499877,0.499877
0.499826,0.499826,0.499748,0.499568,0.499236,0.498667,0.497735,0.496268,0.494033,0.490747,0.486073,0.479649,0.471107,0.460124,0.446461,0.430011,0.410837,0.38919,0.365512,0.340403,0.314575,0.288794,0.263807,0.240287,0.218785,0.199708,0.183314,0.169728,0.158973,0.151004,0.145751,0.143144,0.143144,0.145751,0.151004,0.158973,0.169728,0.183314,0.199708,0.218785,0.240287,0.263807,0.288794,0.314575,0.340403,0.365512,0.38919,0.410837,0.430011,0.446461,0.460124,0.471107,0.479649,0.486073,0.490747,0.494033,0.496268,0.497735,0.498667,0.499236,0.499568,0.499748,0.499826,0.499826
0.499761,0.499761,0.499656,0.499414,0.49897,0.498214,0.496987,0.495069,0.492174,0.487954,0.482011,0.473924,0.463289,0.449772,0.433162,0.413425,0.390741,0.365512,0.338353,0.31004,0.281442,0.253441,0.226852,0.202356,0.180457,0.161466,0.145517,0.13259,0.122565,0.115271,0.110528,0.108196,0.108196,0.110528,0.115271,0.122565,0.13259,0.145517,0.161466,0.180457,0.202356,0.226852,0.253441,0.281442,0.31004,0.338353,0.365512,0.390741,0.413425,0.433162,0.449772,0.463289,0.473924,0.482011,0.487954,0.492174,0.495069,0.496987,0.498214,0.49897,0.499414,0.499656,0.499761,0.499761
0.499679,0.499679,0.499541,0.499224,0.498644,0.497664,0.496086,0.493637,0.489971,0.484677,0.477291,0.467343,0.454403,0.438146,0.418417,0.395289,0.369088,0.340403,0.31004,0.278961,0.248187,0.218696,0.191337,0.166757,0.145365,0.127335,0.112632,0.101066,0.0923506,0.0861705,0.0822355,0.0803266,0.0803266,0.0822355,0.0861705,0.0923506,0.101066,0.112632,0.127335,0.145365,0.166757,0.191337,0.218696,0.248187,0.278961,0.31004,0.340403,0.369088,0.395289,0.418417,0.438146,0.454403,0.467343,0.477291,0.484677,0.489971,0.493637,0.496086,0.497664,0.498644,0.499224,0.499541,0.499679,0.499679
0.49958,0.49958,0.499402,0.498996,0.498257,0.497016,0.49503,0.491973,0.487436,0.480939,0.471961,0.459989,0.444584,0.425455,0.402534,0.376026,0.346442,0.314575,0.281442,0.248187,0.215965,0.185822,0.158598,0.134858,0.114874,0.098639,0.0859228,0.0763404,0.0694316,0.0647347,0.0618496,0.0604838,0.0604838,0.0618496,0.0647347,0.0694316,0.0763404,0.0859228,0.098639,0.114874,0.134858,0.158598,0.185822,0.215965,0.248187,0.281442,0.314575,0.346442,0.376026,0.402534,0.425455,0.444584,0.459989,0.471961,0.480939,0.487436,0.491973,0.49503,0.497016,0.498257,0.498996,0.499402,0.49958,0.49958
0.499464,0.499464,0.49924,0.498731,0.49781,0.496274,0.493831,0.490098,0.484602,0.476797,0.466111,0.452002,0.43404,0.411992,0.385903,0.356147,0.323439,0.288794,0.253441,0.218696,0.185822,0.155893,0.129694,0.107663,0.0898915,0.076164,0.0660338,0.0589156,0.0541771,0.051221,0.0495484,0.0488041,0.0488041,0.0495484,0.051221,0.0541771,0.0589156,0.0660338,0.076164,0.0898915,0.107663,0.129694,0.155893,0.185822,0.218696,0.253441,0.288794,0.323439,0.356147,0.385903,0.411992,0.43404,0.452002,0.466111,0.476797,0.484602,0.490098,0.493831,0.496274,0.49781,0.498731,0.49924,0.499464,0.499464
0.499331,0.499331,0.499056,0.498433,0.497311,0.495449,0.492508,0.488046,0.481524,0.47234,0.459875,0.443572,0.423033,0.398106,0.368976,0.336208,0.300736,0.263807,0.226852,0.191337,0.158598,0.129694,0.105309,0.0857163,0.0707938,0.060097,0.0529589,0.0485999,0.0462319,0.0451415,0.0447515,0.0446593,0.0446593,0.0447515,0.0451415,0.0462319,0.0485999,0.0529589,0.060097,0.0707938,0.0857163,0.105309,0.129694,0.158598,0.191337,0.226852,0.263807,0.300736,0.336208,0.368976,0.398106,0.423033,0.443572,0.459875,0.47234,0.481524,0.488046,0.492508,0.495449,0.497311,0.498433,0.499056,0.499331,0.499331
0.499185,0.499185,0.498854,0.498108,0.49677,0.494561,0.491094,0.485867,0.478283,0.467683,0.453418,0.434931,0.41187,0.384189,0.352232,0.316769,0.278964,0.240287,0.202356,0.166757,0.134858,0.107663,0.0857163,0.0690908,0.0574335,0.0500653,0.0461065,0.0446029,0.0446355,0.0454028,0.0462739,0.0468183,0.0468183,0.0462739,0.0454028,0.0446355,0.0446029,0.0461065,0.0500653,0.0574335,0.0690908,0.0857163,0.107663,0.134858,0.166757,0.202356,0.240287,0.278964,0.316769,0.352232,0.384189,0.41187,0.434931,0.453418,0.467683,0.478283,0.485867,0.491094,0.494561,0.49677,0.498108,0.498854,0.499185,0.499185
0.499029,0.499029,0.49864,0.497765,0.496203,0.493637,0.489631,0.483628,0.474975,0.46297,0.446937,0.426338,0.400883,0.370646,0.336145,0.298358,0.258679,0.218785,0.180457,0.145365,0.114874,0.0898915,0.0707938,0.0574335,0.0492198,0.0452472,0.0444427,0.0457051,0.0480164,0.0505177,0.0525515,0.0536779,0.0536779,0.0525515,0.0505177,0.0480164,0.0457051,0.0444427,0.0452472,0.0492198,0.0574335,0.0707938,0.0898915,0.114874,0.145365,0.180457,0.218785,0.258679,0.298358,0.336145,0.370646,0.400883,0.426338,0.446937,0.46297,0.474975,0.483628,0.489631,0.493637,0.496203,0.497765,0.49864,0.499029,0.499029
0.498869,0.498869,0.498422,0.497418,0.49563,0.492708,0.488169,0.481406,0.471714,0.458356,0.440644,0.418066,0.390408,0.357873,0.321155,0.281441,0.240337,0.199708,0.161466,0.127335,0.098639,0.076164,0.060097,0.0500653,0.0452472,0.0445292,0.0466728,0.0504621,0.0548131,0.0588401,0.061883,0.0635104,0.0635104,0.061883,0.0588401,0.0548131,0.0504621,0.0466728,0.0445292,0.0452472,0.0500653,0.060097,0.076164,0.098639,0.127335,0.161466,0.199708,0.240337,0.281441,0.321155,0.357873,0.390408,0.418066,0.440644,0.458356,0.471714,0.481406,0.488169,0.492708,0.49563,0.497418,0.498422,0.498869,0.498869
0.498712,0.498712,0.498208,0.497079,0.495075,0.491813,0.486767,0.479285,0.468621,0.454007,0.434755,0.410386,0.380769,0.346237,0.307653,0.266402,0.22428,0.183314,0.145517,0.112632,0.0859228,0.0660338,0.0529589,0.0461065,0.0444427,0.0466728,0.0514244,0.0573993,0.063478,0.0687734,0.0726431,0.074677,0.074677,0.0726431,0.0687734,0.063478,0.0573993,0.0514244,0.0466728,0.0444427,0.0461065,0.0529589,0.0660338,0.0859228,0.112632,0.145517,0.183314,0.22428,0.266402,0.307653,0.346237,0.380769,0.410386,0.434755,0.454007,0.468621,0.479285,0.486767,0.491813,0.495075,0.497079,0.498208,0.498712,0.498712
0.498566,0.498566,0.498009,0.496764,0.494563,0.490989,0.485482,0.477351,0.465816,0.450086,0.429479,0.403554,0.372261,0.336057,0.295963,0.253535,0.210738,0.169728,0.13259,0.101066,0.0763404,0.0589156,0.0485999,0.0446029,0.0457051,0.0504621,0.0573993,0.0651654,0.0726298,0.0789225,0.0834316,0.0857764,0.0857764,0.0834316,0.0789225,0.0726298,0.0651654,0.0573993,0.0504621,0.0457051,0.0446029,0.0485999,0.0589156,0.0763404,0.101066,0.13259,0.169728,0.210738,0.253535,0.295963,0.336057,0.372261,0.403554,0.429479,0.450086,0.465816,0.477351,0.485482,0.490989,0.494563,0.496764,0.498009,0.498566,0.498566
0.498437,0.498437,0.497835,0.49649,0.494116,0.490274,0.484373,0.475688,0.463413,0.446745,0.425006,0.397797,0.365141,0.327603,0.28634,0.243055,0.199846,0.158973,0.122565,0.0923506,0.0694316,0.0541771,0.0462319,0.0446355,0.0480164,0.0548131,0.063478,0.0726298,0.0811428,0.0881746,0.0931492,0.0957176,0.0957176,0.0931492,0.0881746,0.0811428,0.0726298,0.063478,0.0548131,0.0480164,0.0446355,0.0462319,0.0541771,0.0694316,0.0923506,0.122565,0.158973,0.199846,0.243055,0.28634,0.327603,0.365141,0.397797,0.425006,0.446745,0.463413,0.475688,0.484373,0.490274,0.494116,0.49649,0.497835,0.498437,0.498437
0.498333,0.498333,0.497694,0.49627,0.493759,0.489704,0.48349,0.474369,0.461514,0.444114,0.4215,0.393306,0.359616,0.321084,0.278974,0.235102,0.191668,0.151004,0.115271,0.0861705,0.0647347,0.051221,0.0451415,0.0454028,0.0505177,0.0588401,0.0687734,0.0789225,0.0881746,0.0957166,0.101007,0.103724,0.103724,0.101007,0.0957166,0.0881746,0.0789225,0.0687734,0.0588401,0.0505177,0.0454028,0.0451415,0.051221,0.0647347,0.0861705,0.115271,0.151004,0.191668,0.235102,0.278974,0.321084,0.359616,0.393306,0.4215,0.444114,0.461514,0.474369,0.48349,0.489704,0.493759,0.49627,0.497694,0.498333,0.498333
0.49826,0.49826,0.497596,0.496116,0.49351,0.489307,0.482876,0.473454,0.460201,0.442299,0.419089,0.390228,0.355845,0.316655,0.273996,0.229762,0.186221,0.145751,0.110528,0.0822355,0.0618496,0.0495484,0.0447515,0.0462739,0.0525515,0.061883,0.0726431,0.0834316,0.0931492,0.101007,0.106488,0.109296,0.109296,0.106488,0.101007,0.0931492,0.0834316,0.0726431,0.061883,0.0525515,0.0462739,0.0447515,0.0495484,0.0618496,0.0822355,0.110528,0.145751,0.186221,0.229762,0.273996,0.316655,0.355845,0.390228,0.419089,0.442299,0.460201,0.473454,0.482876,0.489307,0.49351,0.496116,0.497596,0.49826,0.49826
0.498222,0.498222,0.497545,0.496036,0.493382,0.489103,0.482562,0.472986,0.459529,0.441373,0.417861,0.388664,0.353934,0.314416,0.271488,0.227082,0.1835,0.143144,0.108196,0.0803266,0.0604838,0.0488041,0.0446593,0.0468183,0.0536779,0.0635104,0.074677,0.0857764,0.0957176,0.103724,0.109296,0.112145,0.112145,0.109296,0.103724,0.0957176,0.0857764,0.074677,0.0635104,0.0536779,0.0468183,0.0446593,0.0488041,0.0604838,0.0803266,0.108196,0.143144,0.1835,0.227082,0.271488,0.314416,0.353934,0.388664,0.417861,0.441373,0.459529,0.472986,0.482562,0.489103,0.493382,0.496036,0.497545,0.498222,0.498222
0.498222,0.498222,0.497545,0.496036,0.493382,0.489103,0.482562,0.472986,0.459529,0.441373,0.417861,0.388664,0.353934,0.314416,0.271488,0.227082,0.1835,0.143144,0.108196,0.0803266,0.0604838,0.0488041,0.0446593,0.0468183,0.0536779,0.0635104,0.074677,0.0857764,0.0957176,0.103724,0.109296,0.112145,0.112145,0.109296,0.103724,0.0957176,0.0857764,0.074677,0.0635104,0.0536779,0.0468183,0.0446593,0.0488041,0.0604838,0.0803266,0.108196,0.143144,0.1835,0.227082,0.271488,0.314416,0.353934,0.388664,0.417861,0.441373,0.459529,0.472986,0.482562,0.489103,0.493382,0.496036,0.497545,0.498222,0.498222
0.49826,0.49826,0.497596,0.496116,0.49351,0.489307,0.482876,0.473454,0.460201,0.442299,0.419089,0.390228,0.355845,0.316655,0.273996,0.229762,0.186221,0.145751,0.110528,0.0822355,0.0618496,0.0495484,0.0447515,0.0462739,0.0525515,0.061883,0.0726431,0.0834316,0.0931492,0.101007,0.106488,0.109296,0.109296,0.106488,0.101007,0.0931492,0.0834316,0.0726431,0.061883,0.0525515,0.0462739,0.0447515,0.0495484,0.0618496,0.0822355,0.110528,0.145751,0.186221,0.229762,0.273996,0.316655,0.355845,0.390228,0.419089,0.442299,0.460201,0.473454,0.482876,0.489307,0.49351,0.496116,0.497596,0.49826,0.49826
0.498333,0.498333,0.497694,0.49627,0.493759,0.489704,0.48349,0.474369,0.461514,0.444114,0.4215,0.393306,0.359616,0.321084,0.278974,0.235102,0.191668,0.151004,0.115271,0.0861705,0.0647347,0.051221,0.0451415,0.0454028,0.0505177,0.0588401,0.0687734,0.0789225,0.0881746,0.0957166,0.101007,0.103724,0.103724,0.101007,0.0957166,0.0881746,0.0789225,0.0687734,0.0588401,0.0505177,0.0454028,0.0451415,0.051221,0.0647347,0.0861705,0.115271,0.151004,0.191668,0.235102,0.278974,0.321084,0.359616,0.393306,0.4215,0.444114,0.461514,0.474369,0.48349,0.489704,0.493759,0.49627,0.497694,0.498333,0.498333
0.498437,0.498437,0.497835,0.49649,0.494116,0.490274,0.484373,0.475688,0.463413,0.446745,0.425006,0.397797,0.365141,0.327603,0.28634,0.243055,0.199846,0.158973,0.122565,0.0923506,0.0694316,0.0541771,0.0462319,0.0446355,0.0480164,0.0548131,0.063478,0.0726298,0.0811428,0.0881746,0.0931492,0.0957176,0.0957176,0.0931492,0.0881746,0.0811428,0.0726298,0.063478,0.0548131,0.0480164,0.0446355,0.0462319,0.0541771,0.0694316,0.0923506,0.122565,0.158973,0.199846,0.243055,0.28634,0.327603,0.365141,0.397797,0.425006,0.446745,0.463413,0.475688,0.484373,0.490274,0.494116,0.49649,0.497835,0.498437,0.498437
0.498566,0.498566,0.498009,0.496764,0.494563,0.490989,0.485482,0.477351,0.465816,0.450086,0.429479,0.403554,0.372261,0.336057,0.295963,0.253535,0.210738,0.169728,0.13259,0.101066,0.0763404,0.0589156,0.0485999,0.0446029,0.0457051,0.0504621,0.0573993,0.0651654,0.0726298,0.0789225,0.0834316,0.0857764,0.0857764,0.0834316,0.0789225,0.0726298,0.0651654,0.0573993,0.0504621,0.0457051,0.0446029,0.0485999,0.0589156,0.0763404,0.101066,0.13259,0.169728,0.210738,0.253535,0.295963,0.336057,0.372261,0.403554,0.429479,0.450086,0.465816,0.477351,0.485482,0.490989,0.494563,0.496764,0.498009,0.498566,0.498566
0.498712,0.498712,0.498208,0.497079,0.495075,0.491813,0.486767,0.479285,0.468621,0.454007,0.434755,0.410386,0.380769,0.346237,0.307653,0.266402,0.22428,0.183314,0.145517,0.112632,0.0859228,0.0660338,0.0529589,0.0461065,0.0444427,0.0466728,0.0514244,0.0573993,0.063478,0.0687734,0.0726431,0.074677,0.074677,0.0726431,0.0687734,0.063478,0.0573993,0.0514244,0.0466728,0.0444427,0.0461065,0.0529589,0.0660338,0.0859228,0.112632,0.145517,0.183314,0.22428,0.266402,0.307653,0.346237,0.380769,0.410386,0.434755,0.454007,0.468621,0.479285,0.486767,0.491813,0.495075,0.497079,0.498208,0.498712,0.498712
0.498869,0.498869,0.498422,0.497418,0.49563,0.492708,0.488169,0.481406,0.471714,0.458356,0.440644,0.418066,0.390408,0.357873,0.321155,0.281441,0.240337,0.199708,0.161466,0.127335,0.098639,0.076164,0.060097,0.0500653,0.0452472,0.0445292,0.0466728,0.0504621,0.0548131,0.0588401,0.061883,0.0635104,0.0635104,0.061883,0.0588401,0.0548131,0.0504621,0.0466728,0.0445292,0.0452472,0.0500653,0.060097,0.076164,0.098639,0.127335,0.161466,0.199708,0.240337,0.281441,0.321155,0.357873,0.390408,0.418066,0.440644,0.458356,0.471714,0.481406,0.488169,0.492708,0.49563,0.497418,0.498422,0.498869,0.498869
0.499029,0.499029,0.49864,0.497765,0.496203,0.493637,0.489631,0.483628,0.474975,0.46297,0.446937,0.426338,0.400883,0.370646,0.336145,0.298358,0.258679,0.218785,0.180457,0.145365,0.114874,0.0898915,0.0707938,0.0574335,0.0492198,0.0452472,0.0444427,0.0457051,0.0480164,0.0505177,0.0525515,0.0536779,0.0536779,0.0525515,0.0505177,0.0480164,0.0457051,0.0444427,0.0452472,0.0492198,0.0574335,0.0707938,0.0898915,0.114874,0.145365,0.180457,0.218785,0.258679,0.298358,0.336145,0.370646,0.400883,0.426338,0.446937,0.46297,0.474975,0.483628,0.489631,0.493637,0.496203,0.497765,0.49864,0.499029,0.499029
0.499185,0.499185,0.498854,0.498108,0.49677,0.494561,0.491094,0.485867,0.478283,0.467683,0.453418,0.434931,0.41187,0.384189,0.352232,0.316769,0.278964,0.240287,0.202356,0.166757,0.134858,0.107663,0.0857163,0.0690908,0.0574335,0.0500653,0.0461065,0.0446029,0.0446355,0.0454028,0.0462739,0.0468183,0.0468183,0.0462739,0.0454028,0.0446355,0.0446029,0.0461065,0.0500653,0.0574335,0.0690908,0.0857163,0.107663,0.134858,0.166757,0.202356,0.240287,0.278964,0.316769,0.352232,0.384189,0.41187,0.434931,0.453418,0.467683,0.478283,0.485867,0.491094,0.494561,0.49677,0.498108,0.498854,0.499185,0.499185
0.499331,0.499331,0.499056,0.498433,0.497311,0.495449,0.492508,0.488046,0.481524,0.47234,0.459875,0.443572,0.423033,0.398106,0.368976,0.336208,0.300736,0.263807,0.226852,0.191337,0.158598,0.129694,0.105309,0.0857163,0.0707938,0.060097,0.0529589,0.0485999,0.0462319,0.0451415,0.0447515,0.0446593,0.0446593,0.0447515,0.0451415,0.0462319,0.0485999,0.0529589,0.060097,0.0707938,0.0857163,0.105309,0.129694,0.158598,0.191337,0.226852,0.263807,0.300736,0.336208,0.368976,0.398106,0.423033,0.443572,0.459875,0.47234,0.481524,0.488046,0.492508,0.495449,0.497311,0.498433,0.499056,0.499331,0.499331
0.499464,0.499464,0.49924,0.498731,0.49781,0.496274,0.493831,0.490098,0.484602,0.476797,0.466111,0.452002,0.43404,0.411992,0.385903,0.356147,0.323439,0.288794,0.253441,0.218696,0.185822,0.155893,0.129694,0.107663,0.0898915,0.076164,0.0660338,0.0589156,0.0541771,0.051221,0.0495484,0.0488041,0.0488041,0.0495484,0.051221,0.0541771,0.0589156,0.0660338,0.076164,0.0898915,0.107663,0.129694,0.155893,0.185822,0.218696,0.253441,0.288794,0.323439,0.356147,0.385903,0.411992,0.43404,0.452002,0.466111,0.476797,0.484602,0.490098,0.493831,0.496274,0.49781,0.498731,0.49924,0.499464,0.499464
0.49958,0.49958,0.499402,0.498996,0.498257,0.497016,0.49503,0.491973,0.487436,0.480939,0.471961,0.459989,0.444584,0.425455,0.402534,0.376026,0.346442,0.314575,0.281442,0.248187,0.215965,0.185822,0.158598,0.134858,0.114874,0.098639,0.0859228,0.0763404,0.0694316,0.0647347,0.0618496,0.0604838,0.0604838,0.0618496,0.0647347,0.0694316,0.0763404,0.0859228,0.098639,0.114874,0.134858,0.158598,0.185822,0.215965,0.248187,0.281442,0.314575,0.346442,0.376026,0.402534,0.425455,0.444584,0.459989,0.471961,0.480939,0.487436,0.491973,0.49503,0.497016,0.498257,0.498996,0.499402,0.49958,0.49958
0.499679,0.499679,0.499541,0.499224,0.498644,0.497664,0.496086,0.493637,0.489971,0.484677,0.477291,0.467343,0.454403,0.438146,0.418417,0.395289,0.369088,0.340403,0.31004,0.278961,0.248187,0.218696,0.191337,0.166757,0.145365,0.127335,0.112632,0.101066,0.0923506,0.0861705,0.0822355,0.0803266,0.0803266,0.0822355,0.0861705,0.0923506,0.101066,0.112632,0.127335,0.145365,0.166757,0.191337,0.218696,0.248187,0.278961,0.31004,0.340403,0.369088,0.395289,0.418417,0.438146,0.454403,0.467343,0.477291,0.484677,0.489971,0.493637,0.496086,0.497664,0.498644,0.499224,0.499541,0.499679,0.499679
0.499761,0.499761,0.499656,0.499414,0.49897,0.498214,0.496987,0.495069,0.492174,0.487954,0.482011,0.473924,0.463289,0.449772,0.433162,0.413425,0.390741,0.365512,0.338353,0.31004,0.281442,0.253441,0.226852,0.202356,0.180457,0.161466,0.145517,0.13259,0.122565,0.115271,0.110528,0.108196,0.108196,0.110528,0.115271,0.122565,0.13259,0.145517,0.161466,0.180457,0.202356,0.226852,0.253441,0.281442,0.31004,0.338353,0.365512,0.390741,0.413425,0.433162,0.449772,0.463289,0.473924,0.482011,0.487954,0.492174,0.495069,0.496987,0.498214,0.49897,0.499414,0.499656,0.499761,0.499761
0.499826,0.499826,0.499748,0.499568,0.499236,0.498667,0.497735,0.496268,0.494033,0.490747,0.486073,0.479649,0.471107,0.460124,0.446461,0.430011,0.410837,0.38919,0.365512,0.340403,0.314575,0.288794,0.263807,0.240287,0.218785,0.199708,0.183314,0.169728,0.158973,0.151004,0.145751,0.143144,0.143144,0.145751,0.151004,0.158973,0.169728,0.183314,0.199708,0.218785,0.240287,0.263807,0.288794,0.314575,0.340403,0.365512,0.38919,0.410837,0.430011,0.446461,0.460124,0.471107,0.479649,0.486073,0.490747,0.494033,0.496268,0.497735,0.498667,0.499236,0.499568,0.499748,0.499826,0.499826
0.499877,0.499877,0.49982,0.49969,0.499447,0.499029,0.498339,0.497242,0.495559,0.49306,0.489471,0.484488,0.47779,0.469079,0.458111,0.444735,0.428933,0.410837,0.390741,0.369088,0.346442,0.323439,0.300736,0.278964,0.258679,0.240337,0.22428,0.210738,0.199846,0.191668,0.186221,0.1835,0.1835,0.186221,0.191668,0.199846,0.210738,0.22428,0.240337,0.258679,0.278964,0.300736,0.323439,0.346442,0.369088,0.390741,0.410837,0.428933,0.444735,0.458111,0.469079,0.47779,0.484488,0.489471,0.49306,0.495559,0.497242,0.498339,0.499029,0.499447,0.49969,0.49982,0.499877,0.499877
0.499915,0.499915,0.499875,0.499783,0.49961,0.49931,0.498811,0.498012,0.496775,0.49492,0.492233,0.488461,0.483339,0.476602,0.468018,0.45742,0.444735,0.430011,0.413425,0.395289,0.376026,0.356147,0.336208,0.316769,0.298358,0.281441,0.266402,0.253535,0.243055,0.235102,0.229762,0.227082,0.227082,0.229762,0.235102,0.243055,0.253535,0.266402,0.281441,0.298358,0.316769,0.336208,0.356147,0.376026,0.395289,0.413425,0.430011,0.444735,0.45742,0.468018,0.476602,0.483339,0.488461,0.492233,0.49492,0.496775,0.498012,0.498811,0.49931,0.49961,0.499783,0.499875,0.499915,0.499915
0.499942,0.499942,0.499915,0.499851,0.499732,0.499522,0.49917,0.498603,0.497716,0.496375,0.494412,0.491631,0.487813,0.482736,0.476193,0.468018,0.458111,0.446461,0.433162,0.418417,0.402534,0.385903,0.368976,0.352232,0.336145,0.321155,0.307653,0.295963,0.28634,0.278974,0.273996,0.271488,0.271488,0.273996,0.278974,0.28634,0.295963,0.307653,0.321155,0.336145,0.352232,0.368976,0.385903,0.402534,0.418417,0.433162,0.446461,0.458111,0.468018,0.476193,0.482736,0.487813,0.491631,0.494412,0.496375,0.497716,0.498603,0.49917,0.499522,0.499732,0.499851,0.499915,0.499942,0.499942
0.499962,0.499962,0.499944,0.499901,0.49982,0.499677,0.499436,0.499043,0.498424,0.497479,0.496083,0.494084,0.491313,0.487589,0.482736,0.476602,0.469079,0.460124,0.449772,0.438146,0.425455,0.411992,0.398106,0.384189,0.370646,0.357873,0.346237,0.336057,0.327603,0.321084,0.316655,0.314416,0.314416,0.316655,0.321084,0.327603,0.336057,0.346237,0.357873,0.370646,0.384189,0.398106,0.411992,0.425455,0.438146,0.449772,0.460124,0.469079,0.476602,0.482736,0.487589,0.491313,0.494084,0.496083,0.497479,0.498424,0.499043,0.499436,0.499677,0.49982,0.499901,0.499944,0.499962,0.499962
0.499976,0.499976,0.499964,0.499936,0.499883,0.499788,0.499627,0.499362,0.498941,0.498292,0.497325,0.495928,0.493971,0.491313,0.487813,0.483339,0.47779,0.471107,0.463289,0.454403,0.444584,0.43404,0.423033,0.41187,0.400883,0.390408,0.380769,0.372261,0.365141,0.359616,0.355845,0.353934,0.353934,0.355845,0.359616,0.365141,0.372261,0.380769,0.390408,0.400883,0.41187,0.423033,0.43404,0.444584,0.454403,0.463289,0.471107,0.47779,0.483339,0.487813,0.491313,0.493971,0.495928,0.497325,0.498292,0.498941,0.499362,0.499627,0.499788,0.499883,0.499936,0.499964,0.499976,0.499976
0.499985,0.499985,0.499977,0.49996,0.499925,0.499864,0.499759,0.499585,0.499307,0.498874,0.498223,0.497272,0.495928,0.494084,0.491631,0.488461,0.484488,0.479649,0.473924,0.467343,0.459989,0.452002,0.443572,0.434931,0.426338,0.418066,0.410386,0.403554,0.397797,0.393306,0.390228,0.388664,0.388664,0.390228,0.393306,0.397797,0.403554,0.410386,0.418066,0.426338,0.434931,0.443572,0.452002,0.459989,0.467343,0.473924,0.479649,0.484488,0.488461,0.491631,0.494084,0.495928,0.497272,0.498223,0.498874,0.499307,0.499585,0.499759,0.499864,0.499925,0.49996,0.499977,0.499985,0.499985
0.499991,0.499991,0.499986,0.499975,0.499954,0.499915,0.499849,0.499738,0.499559,0.499278,0.498851,0.498223,0.497325,0.496083,0.494412,0.492233,0.489471,0.486073,0.482011,0.477291,0.471961,0.466111,0.459875,0.453418,0.446937,0.440644,0.434755,0.429479,0.425006,0.4215,0.419089,0.417861,0.417861,0.419089,0.4215,0.425006,0.429479,0.434755,0.440644,0.446937,0.453418,0.459875,0.466111,0.471961,0.477291,0.482011,0.486073,0.489471,0.492233,0.494412,0.496083,0.497325,0.498223,0.498851,0.499278,0.499559,0.499738,0.499849,0.499915,0.499954,0.499975,0.499986,0.499991,0.499991
0.499995,0.499995,0.499992,0.499985,0.499972,0.499949,0.499908,0.499839,0.499727,0.499549,0.499278,0.498874,0.498292,0.497479,0.496375,0.49492,0.49306,0.490747,0.487954,0.484677,0.480939,0.476797,0.47234,0.467683,0.46297,0.458356,0.454007,0.450086,0.446745,0.444114,0.442299,0.441373,0.441373,0.442299,0.444114,0.446745,0.450086,0.454007,0.458356,0.46297,0.467683,0.47234,0.476797,0.480939,0.484677,0.487954,0.490747,0.49306,0.49492,0.496375,0.497479,0.498292,0.498874,0.499278,0.499549,0.499727,0.499839,0.499908,0.499949,0.499972,0.499985,0.499992,0.499995,0.499995
0.499997,0.499997,0.499995,0.499991,0.499984,0.49997,0.499945,0.499904,0.499836,0.499727,0.499559,0.499307,0.498941,0.498424,0.497716,0.496775,0.495559,0.494033,0.492174,0.489971,0.487436,0.484602,0.481524,0.478283,0.474975,0.471714,0.468621,0.465816,0.463413,0.461514,0.460201,0.459529,0.459529,0.460201,0.461514,0.463413,0.465816,0.468621,0.471714,0.474975,0.478283,0.481524,0.484602,0.487436,0.489971,0.492174,0.494033,0.495559,0.496775,0.497716,0.498424,0.498941,0.499307,0.499559,0.499727,0.499836,0.499904,0.499945,0.49997,0.499984,0.499991,0.499995,0.499997,0.499997
0.499998,0.499998,0.499997,0.499995,0.499991,0.499983,0.499968,0.499944,0.499904,0.499839,0.499738,0.499585,0.499362,0.499043,0.498603,0.498012,0.497242,0.496268,0.495069,0.493637,0.491973,0.490098,0.488046,0.485867,0.483628,0.481406,0.479285,0.477351,0.475688,0.474369,0.473454,0.472986,0.472986,0.473454,0.474369,0.475688,0.477351,0.479285,0.481406,0.483628,0.485867,0.488046,0.490098,0.491973,0.493637,0.495069,0.496268,0.497242,0.498012,0.498603,0.499043,0.499362,0.499585,0.499738,0.499839,0.499904,0.499944,0.499968,0.499983,0.499991,0.499995,0.499997,0.499998,0.499998
0.499999,0.499999,0.499999,0.499997,0.499995,0.49999,0.499982,0.499968,0.499945,0.499908,0.499849,0.499759,0.499627,0.499436,0.49917,0.498811,0.498339,0.497735,0.496987,0.496086,0.49503,0.493831,0.492508,0.491094,0.489631,0.488169,0.486767,0.485482,0.484373,0.48349,0.482876,0.482562,0.482562,0.482876,0.48349,0.484373,0.485482,0.486767,0.488169,0.489631,0.491094,0.492508,0.493831,0.49503,0.496086,0.496987,0.497735,0.498339,0.498811,0.49917,0.499436,0.499627,0.499759,0.499849,0.499908,0.499945,0.499968,0.499982,0.49999,0.499995,0.499997,0.499999,0.499999,0.499999
0.5,0.5,0.499999,0.499999,0.499997,0.499995,0.49999,0.499983,0.49997,0.499949,0.499915,0.499864,0.499788,0.499677,0.499522,0.49931,0.499029,0.498667,0.498214,0.497664,0.497016,0.496274,0.495449,0.494561,0.493637,0.492708,0.491813,0.490989,0.490274,0.489704,0.489307,0.489103,0.489103,0.489307,0.489704,0.490274,0.490989,0.491813,0.492708,0.493637,0.494561,0.495449,0.496274,0.497016,0.497664,0.498214,0.498667,0.499029,0.49931,0.499522,0.499677,0.499788,0.499864,0.499915,0.499949,0.49997,0.499983,0.49999,0.499995,0.499997,0.499999,0.499999,0.5,0.5
0.5,0.5,0.5,0.499999,0.499999,0.499997,0.499995,0.499991,0.499984,0.499972,0.499954,0.499925,0.499883,0.49982,0.499732,0.49961,0.499447,0.499236,0.49897,0.498644,0.498257,0.49781,0.497311,0.49677,0.496203,0.49563,0.495075,0.494563,0.494116,0.493759,0.49351,0.493382,0.493382,0.49351,0.493759,0.494116,0.494563,0.495075,0.49563,0.496203,0.49677,0.497311,0.49781,0.498257,0.498644,0.49897,0.499236,0.499447,0.49961,0.499732,0.49982,0.499883,0.499925,0.499954,0.499972,0.499984,0.499991,0.499995,0.499997,0.499999,0.499999,0.5,0.5,0.5
0.5,0.5,0.5,0.5,0.499999,0.499999,0.499997,0.499995,0.499991,0.499985,0.499975,0.49996,0.499936,0.499901,0.499851,0.499783,0.49969,0.499568,0.499414,0.499224,0.498996,0.498731,0.498433,0.498108,0.497765,0.497418,0.497079,0.496764,0.49649,0.49627,0.496116,0.496036,0.496036,0.496116,0.49627,0.49649,0.496764,0.497079,0.497418,0.497765,0.498108,0.498433,0.498731,0.498996,0.499224,0.499414,0.499568,0.49969,0.499783,0.499851,0.499901,0.499936,0.49996,0.499975,0.499985,0.499991,0.499995,0.499997,0.499999,0.499999,0.5,0.5,0.5,0.5
0.5,0.5,0.5,0.5,0.5,0.499999,0.499999,0.499997,0.499995,0.499992,0.499986,0.499977,0.499964,0.499944,0.499915,0.499875,0.49982,0.499748,0.499656,0.499541,0.499402,0.49924,0.499056,0.498854,0.49864,0.498422,0.498208,0.498009,0.497835,0.497694,0.497596,0.497545,0.497545,0.497596,0.497694,0.497835,0.498009,0.498208,0.498422,0.49864,0.498854,0.499056,0.49924,0.499402,0.499541,0.499656,0.499748,0.49982,0.499875,0.499915,0.499944,0.499964,0.499977,0.499986,0.499992,0.499995,0.499997,0.499999,0.499999,0.5,0.5,0.5,0.5,0.5
0.5,0.5,0.5,0.5,0.5,0.5,0.499999,0.499998,0.499997,0.499995,0.499991,0.499985,0.499976,0.499962,0.499942,0.499915,0.499877,0.499826,0.499761,0.499679,0.49958,0.499464,0.499331,0.499185,0.499029,0.498869,0.498712,0.498566,0.498437,0.498333,0.49826,0.498222,0.498222,0.49826,0.498333,0.498437,0.498566,0.498712,0.498869,0.499029,0.499185,0.499331,0.499464,0.49958,0.499679,0.499761,0.499826,0.499877,0.499915,0.499942,0.499962,0.499976,0.499985,0.499991,0.499995,0.499997,0.499998,0.499999,0.5,0.5,0.5,0.5,0.5,0.5
0.5,0.5,0.5,0.5,0.5,0.5,0.499999,0.499998,0.499997,0.499995,0.499991,0.499985,0.499976,0.499962,0.499942,0.499915,0.499877,0.499826,0.499761,0.499679,0.49958,0.499464,0.499331,0.499185,0.499029,0.498869,0.498712,0.498566,0.498437,0.498333,0.49826,0.498222,0.498222,0.49826,0.498333,0.498437,0.498566,0.498712,0.498869,0.499029,0.499185,0.499331,0.499464,0.49958,0.499679,0.499761,0.499826,0.499877,0.499915,0.499942,0.499962,0.499976,0.499985,0.499991,0.499995,0.499997,0.499998,0.499999,0.5,0.5,0.5,0.5,0.5,0.5
