0.5,0.5,0.5,0.5,0.5,0.5,0.5,0.5,0.5,0.5,0.5,0.5,0.5,0.5,0.5,0.5,0.5,0.5,0.5,0.5,0.5,0.5,0.5,0.5,0.5,0.5,0.5,0.5,0.499999,0.499999,0.499999,0.499999,0.499999,0.499999,0.499999,0.499999,0.5,0.5,0.5,0.5,0.5,0.5,0.5,0.5,0.5,0.5,0.5,0.5,0.5,0.5,0.5,0.5,0.5,0.5,0.5,0.5,0.5,0.5,0.5,0.5,0.5,0.5,0.5,0.5
0.5,0.5,0.5,0.5,0.5,0.5,0.5,0.5,0.5,0.5,0.5,0.5,0.5,0.5,0.5,0.5,0.5,0.5,0.5,0.5,0.5,0.5,0.5,0.5,0.5,0.5,0.5,0.5,0.499999,0.499999,0.499999,0.499999,0.499999,0.499999,0.499999,0.499999,0.5,0.5,0.5,0.5,0.5,0.5,0.5,0.5,0.5,0.5,0.5,0.5,0.5,0.5,0.5,0.5,0.5,0.5,0.5,0.5,0.5,0.5,0.5,0.5,0.5,0.5,0.5,0.5
0.5,0.5,0.5,0.5,0.5,0.5,0.5,0.5,0.5,0.5,0.5,0.5,0.5,0.5,0.5,0.5,0.5,0.5,0.5,0.5,0.5,0.5,0.5,0.5,0.499999,0.499999,0.499999,0.499999,0.499999,0.499999,0.499999,0.499999,0.499999,0.499999,0.499999,0.499999,0.499999,0.499999,0.499999,0.499999,0.5,0.5,0.5,0.5,0.5,0.5,0.5,0.5,0.5,0.5,0.5,0.5,0.5,0.5,0.5,0.5,0.5,0.5,0.5,0.5,0.5,0.5,0.5,0.5
0.5,0.5,0.5,0.5,0.5,0.5,0.5,0.5,0.5,0.5,0.5,0.5,0.5,0.5,0.5,0.5,0.5,0.5,0.5,0.5,0.5,0.499999,0.499999,0.499999,0.499999,0.499998,0.499998,0.499998,0.499997,0.499997,0.499997,0.499997,0.499997,0.499997,0.499997,0.499997,0.499998,0.499998,0.499998,0.499999,0.499999,0.499999,0.499999,0.5,0.5,0.5,0.5,0.5,0.5,0.5,0.5,0.5,0.5,0.5,0.5,0.5,0.5,0.5,0.5,0.5,0.5,0.5,0.5,0.5
0.5,0.5,0.5,0.5,0.5,0.5,0.5,0.5,0.5,0.5,0.5,0.5,0.5,0.5,0.5,0.5,0.5,0.5,0.5,0.499999,0.499999,0.499999,0.499998,0.499997,0.499997,0.499996,0.499995,0.499994,0.499993,0.499992,0.499992,0.499992,0.499992,0.499992,0.499992,0.499993,0.499994,0.499995,0.499996,0.499997,0.499997,0.499998,0.499999,0.499999,0.499999,0.5,0.5,0.5,0.5,0.5,0.5,0.5,0.5,0.5,0.5,0.5,0.5,0.5,0.5,0.5,0.5,0.5,0.5,0.5
0.5,0.5,0.5,0.5,0.5,0.5,0.5,0.5,0.5,0.5,0.5,0.5,0.5,0.5,0.5,0.5,0.5,0.499999,0.499999,0.499999,0.499998,0.499997,0.499996,0.499994,0.499992,0.49999,0.499988,0.499986,0.499984,0.499982,0.499981,0.49998,0.49998,0.499981,0.499982,0.499984,0.499986,0.499988,0.49999,0.499992,0.499994,0.499996,0.499997,0.499998,0.499999,0.499999,0.499999,0.5,0.5,0.5,0.5,0.5,0.5,0.5,0.5,0.5,0.5,0.5,0.5,0.5,0.5,0.5,0.5,0.5
0.5,0.5,0.5,0.5,0.5,0.5,0.5,0.5,0.5,0.5,0.5,0.5,0.5,0.5,0.5,0.499999,0.499999,0.499999,0.499998,0.499996,0.499995,0.499993,0.49999,0.499986,0.499982,0.499977,0.499972,0.499967,0.499963,0.499959,0.499956,0.499954,0.499954,0.499956,0.499959,0.499963,0.499967,0.499972,0.499977,0.499982,0.499986,0.49999,0.499993,0.499995,0.499996,0.499998,0.499999,0.499999,0.499999,0.5,0.5,0.5,0.5,0.5,0.5,0.5,0.5,0.5,0.5,0.5,0.5,0.5,0.5,0.5
0.5,0.5,0.5,0.5,0.5,0.5,0.5,0.5,0.5,0.5,0.5,0.5,0.5,0.5,0.499999,0.499999,0.499998,0.499997,0.499995,0.499992,0.499988,0.499983,0.499977,0.499969,0.499959,0.499949,0.499938,0.499927,0.499917,0.499908,0.499902,0.499899,0.499899,0.499902,0.499908,0.499917,0.499927,0.499938,0.499949,0.499959,0.499969,0.499977,0.499983,0.499988,0.499992,0.499995,0.499997,0.499998,0.499999,0.499999,0.5,0.5,0.5,0.5,0.5,0.5,0.5,0.5,0.5,0.5,0.5,0.5,0.5,0.5
0.5,0.5,0.5,0.5,0.5,0.5,0.5,0.5,0.5,0.5,0.5,0.5,0.5,0.499999,0.499999,0.499997,0.499996,0.499993,0.499989,0.499983,0.499975,0.499964,0.49995,0.499932,0.499912,0.49989,0.499866,0.499843,0.499821,0.499803,0.49979,0.499783,0.499783,0.49979,0.499803,0.499821,0.499843,0.499866,0.49989,0.499912,0.499932,0.49995,0.499964,0.499975,0.499983,0.499989,0.499993,0.499996,0.499997,0.499999,0.499999,0.5,0.5,0.5,0.5,0.5,0.5,0.5,0.5,0.5,0.5,0.5,0.5,0.5
0.5,0.5,0.5,0.5,0.5,0.5,0.5,0.5,0.5,0.5,0.5,0.5,0.499999,0.499998,0.499997,0.499995,0.499991,0.499985,0.499976,0.499964,0.499947,0.499924,0.499895,0.499859,0.499817,0.499771,0.499723,0.499674,0.49963,0.499592,0.499565,0.499551,0.499551,0.499565,0.499592,0.49963,0.499674,0.499723,0.499771,0.499817,0.499859,0.499895,0.499924,0.499947,0.499964,0.499976,0.499985,0.499991,0.499995,0.499997,0.499998,0.499999,0.5,0.5,0.5,0.5,0.5,0.5,0.5,0.5,0.5,0.5,0.5,0.5
0.5,0.5,0.5,0.5,0.5,0.5,0.5,0.5,0.5,0.5,0.5,0.499999,0.499998,0.499996,0.499994,0.499989,0.499981,0.49997,0.499952,0.499927,0.499892,0.499846,0.499788,0.499717,0.499634,0.499542,0.499445,0.499349,0.49926,0.499186,0.499132,0.499104,0.499104,0.499132,0.499186,0.49926,0.499349,0.499445,0.499542,0.499634,0.499717,0.499788,0.499846,0.499892,0.499927,0.499952,0.49997,0.499981,0.499989,0.499994,0.499996,0.499998,0.499999,0.5,0.5,0.5,0.5,0.5,0.5,0.5,0.5,0.5,0.5,0.5
0.5,0.5,0.5,0.5,0.5,0.5,0.5,0.5,0.5,0.5,0.499999,0.499998,0.499996,0.499993,0.499987,0.499978,0.499963,0.49994,0.499906,0.499857,0.499789,0.4997,0.499587,0.49945,0.49929,0.499113,0.498927,0.498743,0.498574,0.498432,0.49833,0.498276,0.498276,0.49833,0.498432,0.498574,0.498743,0.498927,0.499113,0.49929,0.49945,0.499587,0.4997,0.499789,0.499857,0.499906,0.49994,0.499963,0.499978,0.499987,0.499993,0.499996,0.499998,0.499999,0.5,0.5,0.5,0.5,0.5,0.5,0.5,0.5,0.5,0.5
0.5,0.5,0.5,0.5,0.5,0.5,0.5,0.5,0.5,0.499999,0.499998,0.499996,0.499993,0.499987,0.499976,0.499958,0.49993,0.499886,0.499822,0.499729,0.499603,0.499436,0.499225,0.498969,0.498673,0.498345,0.498001,0.497661,0.497348,0.497086,0.496898,0.4968,0.4968,0.496898,0.497086,0.497348,0.497661,0.498001,0.498345,0.498673,0.498969,0.499225,0.499436,0.499603,0.499729,0.499822,0.499886,0.49993,0.499958,0.499976,0.499987,0.499993,0.499996,0.499998,0.499999,0.5,0.5,0.5,0.5,0.5,0.5,0.5,0.5,0.5
0.5,0.5,0.5,0.5,0.5,0.5,0.5,0.5,0.499999,0.499998,0.499996,0.499993,0.499987,0.499975,0.499955,0.499923,0.499871,0.499791,0.499673,0.499506,0.499277,0.498975,0.498595,0.498135,0.497603,0.497017,0.496402,0.495796,0.495239,0.494774,0.49444,0.494265,0.494265,0.49444,0.494774,0.495239,0.495796,0.496402,0.497017,0.497603,0.498135,0.498595,0.498975,0.499277,0.499506,0.499673,0.499791,0.499871,0.499923,0.499955,0.499975,0.499987,0.499993,0.499996,0.499998,0.499999,0.5,0.5,0.5,0.5,0.5,0.5,0.5,0.5
0.5,0.5,0.5,0.5,0.5,0.5,0.5,0.499999,0.499999,0.499997,0.499994,0.499987,0.499976,0.499955,0.49992,0.499863,0.499771,0.49963,0.499423,0.499128,0.498727,0.498202,0.49754,0.496743,0.495822,0.494808,0.493749,0.492706,0.49175,0.490952,0.490379,0.490079,0.490079,0.490379,0.490952,0.49175,0.492706,0.493749,0.494808,0.495822,0.496743,0.49754,0.498202,0.498727,0.499128,0.499423,0.49963,0.499771,0.499863,0.49992,0.499955,0.499976,0.499987,0.499994,0.499997,0.499999,0.499999,0.5,0.5,0.5,0.5,0.5,0.5,0.5
0.5,0.5,0.5,0.5,0.5,0.5,0.499999,0.499999,0.499997,0.499995,0.499989,0.499978,0.499958,0.499923,0.499863,0.499763,0.499606,0.499366,0.499014,0.498515,0.497837,0.496952,0.49584,0.494503,0.492964,0.491275,0.489512,0.48778,0.486194,0.484874,0.483925,0.483429,0.483429,0.483925,0.484874,0.486194,0.48778,0.489512,0.491275,0.492964,0.494503,0.49584,0.496952,0.497837,0.498515,0.499014,0.499366,0.499606,0.499763,0.499863,0.499923,0.499958,0.499978,0.499989,0.499995,0.499997,0.499999,0.499999,0.5,0.5,0.5,0.5,0.5,0.5
0.5,0.5,0.5,0.5,0.5,0.5,0.499999,0.499998,0.499996,0.499991,0.499981,0.499963,0.49993,0.499871,0.499771,0.499606,0.499346,0.498951,0.498371,0.497555,0.496448,0.495006,0.493202,0.491038,0.488554,0.485833,0.483002,0.480224,0.477685,0.475574,0.47406,0.473268,0.473268,0.47406,0.475574,0.477685,0.480224,0.483002,0.485833,0.488554,0.491038,0.493202,0.495006,0.496448,0.497555,0.498371,0.498951,0.499346,0.499606,0.499771,0.499871,0.49993,0.499963,0.499981,0.499991,0.499996,0.499998,0.499999,0.5,0.5,0.5,0.5,0.5,0.5
0.5,0.5,0.5,0.5,0.5,0.499999,0.499999,0.499997,0.499993,0.499985,0.49997,0.49994,0.499886,0.499791,0.49963,0.499366,0.498951,0.49832,0.4974,0.496107,0.494361,0.492092,0.489262,0.485877,0.482003,0.47777,0.473376,0.469075,0.465151,0.461892,0.459556,0.458337,0.458337,0.459556,0.461892,0.465151,0.469075,0.473376,0.47777,0.482003,0.485877,0.489262,0.492092,0.494361,0.496107,0.4974,0.49832,0.498951,0.499366,0.49963,0.499791,0.499886,0.49994,0.49997,0.499985,0.499993,0.499997,0.499999,0.499999,0.5,0.5,0.5,0.5,0.5
0.5,0.5,0.5,0.5,0.5,0.499999,0.499998,0.499995,0.499989,0.499976,0.499952,0.499906,0.499822,0.499673,0.499423,0.499014,0.498371,0.4974,0.495987,0.494008,0.491342,0.487891,0.4836,0.478483,0.472642,0.466278,0.45969,0.453253,0.447393,0.442534,0.439055,0.43724,0.43724,0.439055,0.442534,0.447393,0.453253,0.45969,0.466278,0.472642,0.478483,0.4836,0.487891,0.491342,0.494008,0.495987,0.4974,0.498371,0.499014,0.499423,0.499673,0.499822,0.499906,0.499952,0.499976,0.499989,0.499995,0.499998,0.499999,0.5,0.5,0.5,0.5,0.5
0.5,0.5,0.5,0.5,0.499999,0.499999,0.499996,0.499992,0.499983,0.499964,0.499927,0.499857,0.499729,0.499506,0.499128,0.498515,0.497555,0.496107,0.494008,0.491077,0.487142,0.482064,0.475771,0.46829,0.459776,0.450527,0.440975,0.431666,0.423206,0.416204,0.411196,0.408584,0.408584,0.411196,0.416204,0.423206,0.431666,0.440975,0.450527,0.459776,0.46829,0.475771,0.482064,0.487142,0.491077,0.494008,0.496107,0.497555,0.498515,0.499128,0.499506,0.499729,0.499857,0.499927,0.499964,0.499983,0.499992,0.499996,0.499999,0.499999,0.5,0.5,0.5,0.5
0.5,0.5,0.5,0.5,0.499999,0.499998,0.499995,0.499988,0.499975,0.499947,0.499892,0.499789,0.499603,0.499277,0.498727,0.497837,0.496448,0.494361,0.491342,0.487142,0.481522,0.474293,0.465362,0.45478,0.442775,0.429769,0.416375,0.403353,0.391543,0.381784,0.374813,0.371181,0.371181,0.374813,0.381784,0.391543,0.403353,0.416375,0.429769,0.442775,0.45478,0.465362,0.474293,0.481522,0.487142,0.491342,0.494361,0.496448,0.497837,0.498727,0.499277,0.499603,0.499789,0.499892,0.499947,0.499975,0.499988,0.499995,0.499998,0.499999,0.5,0.5,0.5,0.5
0.5,0.5,0.5,0.499999,0.499999,0.499997,0.499993,0.499983,0.499964,0.499924,0.499846,0.4997,0.499436,0.498975,0.498202,0.496952,0.495006,0.492092,0.487891,0.482064,0.474293,0.464329,0.452061,0.437571,0.421183,0.403483,0.385305,0.367674,0.35172,0.338559,0.329171,0.324283,0.324283,0.329171,0.338559,0.35172,0.367674,0.385305,0.403483,0.421183,0.437571,0.452061,0.464329,0.474293,0.482064,0.487891,0.492092,0.495006,0.496952,0.498202,0.498975,0.499436,0.4997,0.499846,0.499924,0.499964,0.499983,0.499993,0.499997,0.499999,0.499999,0.5,0.5,0.5
0.5,0.5,0.5,0.499999,0.499998,0.499996,0.49999,0.499977,0.49995,0.499895,0.499788,0.499587,0.499225,0.498595,0.49754,0.49584,0.493202,0.489262,0.4836,0.475771,0.465362,0.452061,0.435737,0.416518,0.39485,0.371519,0.347623,0.324506,0.303634,0.286447,0.274203,0.267833,0.267833,0.274203,0.286447,0.303634,0.324506,0.347623,0.371519,0.39485,0.416518,0.435737,0.452061,0.465362,0.475771,0.4836,0.489262,0.493202,0.49584,0.49754,0.498595,0.499225,0.499587,0.499788,0.499895,0.49995,0.499977,0.49999,0.499996,0.499998,0.499999,0.5,0.5,0.5
0.5,0.5,0.5,0.499999,0.499997,0.499994,0.499986,0.499969,0.499932,0.499859,0.499717,0.49945,0.498969,0.498135,0.496743,0.494503,0.491038,0.485877,0.478483,0.46829,0.45478,0.437571,0.416518,0.391811,0.364043,0.334231,0.303785,0.274407,0.247941,0.226186,0.21071,0.202665,0.202665,0.21071,0.226186,0.247941,0.274407,0.303785,0.334231,0.364043,0.391811,0.416518,0.437571,0.45478,0.46829,0.478483,0.485877,0.491038,0.494503,0.496743,0.498135,0.498969,0.49945,0.499717,0.499859,0.499932,0.499969,0.499986,0.499994,0.499997,0.499999,0.5,0.5,0.5
0.5,0.5,0.499999,0.499999,0.499997,0.499992,0.499982,0.499959,0.499912,0.499817,0.499634,0.49929,0.498673,0.497603,0.495822,0.492964,0.488554,0.482003,0.472642,0.459776,0.442775,0.421183,0.39485,0.364043,0.329522,0.292572,0.25494,0.218719,0.186161,0.159448,0.140469,0.130613,0.130613,0.140469,0.159448,0.186161,0.218719,0.25494,0.292572,0.329522,0.364043,0.39485,0.421183,0.442775,0.459776,0.472642,0.482003,0.488554,0.492964,0.495822,0.497603,0.498673,0.49929,0.499634,0.499817,0.499912,0.499959,0.499982,0.499992,0.499997,0.499999,0.499999,0.5,0.5
0.5,0.5,0.499999,0.499998,0.499996,0.49999,0.499977,0.499949,0.49989,0.499771,0.499542,0.499113,0.498345,0.497017,0.494808,0.491275,0.485833,0.47777,0.466278,0.450527,0.429769,0.403483,0.371519,0.334231,0.292572,0.248105,0.202939,0.159575,0.120678,0.0888222,0.0662195,0.0544904,0.0544904,0.0662195,0.0888222,0.120678,0.159575,0.202939,0.248105,0.292572,0.334231,0.371519,0.403483,0.429769,0.450527,0.466278,0.47777,0.485833,0.491275,0.494808,0.497017,0.498345,0.499113,0.499542,0.499771,0.49989,0.499949,0.499977,0.49999,0.499996,0.499998,0.499999,0.5,0.5
0.5,0.5,0.499999,0.499998,0.499995,0.499988,0.499972,0.499938,0.499866,0.499723,0.499445,0.498927,0.498001,0.496402,0.493749,0.489512,0.483002,0.473376,0.45969,0.440975,0.416375,0.385305,0.347623,0.303785,0.25494,0.202939,0.150255,0.0997872,0.0546117,0.0176755,-0.0084985,-0.0220702,-0.0220702,-0.0084985,0.0176755,0.0546117,0.0997872,0.150255,0.202939,0.25494,0.303785,0.347623,0.385305,0.416375,0.440975,0.45969,0.473376,0.483002,0.489512,0.493749,0.496402,0.498001,0.498927,0.499445,0.499723,0.499866,0.499938,0.499972,0.499988,0.499995,0.499998,0.499999,0.5,0.5
0.5,0.5,0.499999,0.499998,0.499994,0.499986,0.499967,0.499927,0.499843,0.499674,0.499349,0.498743,0.497661,0.495796,0.492706,0.48778,0.480224,0.469075,0.453253,0.431666,0.403353,0.367674,0.324506,0.274407,0.218719,0.159575,0.0997872,0.0426356,-0.00842851,-0.0501151,-0.0796213,-0.0949099,-0.0949099,-0.0796213,-0.0501151,-0.00842851,0.0426356,0.0997872,0.159575,0.218719,0.274407,0.324506,0.367674,0.403353,0.431666,0.453253,0.469075,0.480224,0.48778,0.492706,0.495796,0.497661,0.498743,0.499349,0.499674,0.499843,0.499927,0.499967,0.499986,0.499994,0.499998,0.499999,0.5,0.5
0.499999,0.499999,0.499999,0.499997,0.499993,0.499984,0.499963,0.499917,0.499821,0.49963,0.49926,0.498574,0.497348,0.495239,0.49175,0.486194,0.477685,0.465151,0.447393,0.423206,0.391543,0.35172,0.303634,0.247941,0.186161,0.120678,0.0546117,-0.00842851,-0.0646642,-0.110512,-0.14293,-0.159718,-0.159718,-0.14293,-0.110512,-0.0646642,-0.00842851,0.0546117,0.120678,0.186161,0.247941,0.303634,0.35172,0.391543,0.423206,0.447393,0.465151,0.477685,0.486194,0.49175,0.495239,0.497348,0.498574,0.49926,0.49963,0.499821,0.499917,0.499963,0.499984,0.499993,0.499997,0.499999,0.499999,0.499999
0.499999,0.499999,0.499999,0.499997,0.499992,0.499982,0.499959,0.499908,0.499803,0.499592,0.499186,0.498432,0.497086,0.494774,0.490952,0.484874,0.475574,0.461892,0.442534,0.416204,0.381784,0.338559,0.286447,0.226186,0.159448,0.0888222,0.0176755,-0.0501151,-0.110512,-0.159699,-0.194452,-0.212439,-0.212439,-0.194452,-0.159699,-0.110512,-0.0501151,0.0176755,0.0888222,0.159448,0.226186,0.286447,0.338559,0.381784,0.416204,0.442534,0.461892,0.475574,0.484874,0.490952,0.494774,0.497086,0.498432,0.499186,0.499592,0.499803,0.499908,0.499959,0.499982,0.499992,0.499997,0.499999,0.499999,0.499999
0.499999,0.499999,0.499999,0.499997,0.499992,0.499981,0.499956,0.499902,0.49979,0.499565,0.499132,0.49833,0.496898,0.49444,0.490379,0.483925,0.47406,0.459556,0.439055,0.411196,0.374813,0.329171,0.274203,0.21071,0.140469,0.0662195,-0.0084985,-0.0796213,-0.14293,-0.194452,-0.230833,-0.249656,-0.249656,-0.230833,-0.194452,-0.14293,-0.0796213,-0.0084985,0.0662195,0.140469,0.21071,0.274203,0.329171,0.374813,0.411196,0.439055,0.459556,0.47406,0.483925,0.490379,0.49444,0.496898,0.49833,0.499132,0.499565,0.49979,0.499902,0.499956,0.499981,0.499992,0.499997,0.499999,0.499999,0.499999
0.499999,0.499999,0.499999,0.499997,0.499992,0.49998,0.499954,0.499899,0.499783,0.499551,0.499104,0.498276,0.4968,0.494265,0.490079,0.483429,0.473268,0.458337,0.43724,0.408584,0.371181,0.324283,0.267833,0.202665,0.130613,0.0544904,-0.0220702,-0.0949099,-0.159718,-0.212439,-0.249656,-0.268908,-0.268908,-0.249656,-0.212439,-0.159718,-0.0949099,-0.0220702,0.0544904,0.130613,0.202665,0.267833,0.324283,0.371181,0.408584,0.43724,0.458337,0.473268,0.483429,0.490079,0.494265,0.4968,0.498276,0.499104,0.499551,0.499783,0.499899,0.499954,0.49998,0.499992,0.499997,0.499999,0.499999,0.499999
0.499999,0.499999,0.499999,0.499997,0.499992,0.49998,0.499954,0.499899,0.499783,0.499551,0.499104,0.498276,0.4968,0.494265,0.490079,0.483429,0.473268,0.458337,0.43724,0.408584,0.371181,0.324283,0.267833,0.202665,0.130613,0.0544904,-0.0220702,-0.0949099,-0.159718,-0.212439,-0.249656,-0.268908,-0.268908,-0.249656,-0.212439,-0.159718,-0.0949099,-0.0220702,0.0544904,0.130613,0.202665,0.267833,0.324283,0.371181,0.408584,0.43724,0.458337,0.473268,0.483429,0.490079,0.494265,0.4968,0.498276,0.499104,0.499551,0.499783,0.499899,0.499954,0.49998,0.499992,0.499997,0.499999,0.499999,0.499999
0.499999,0.499999,0.499999,0.499997,0.499992,0.499981,0.499956,0.499902,0.49979,0.499565,0.499132,0.49833,0.496898,0.49444,0.490379,0.483925,0.47406,0.459556,0.439055,0.411196,0.374813,0.329171,0.274203,0.21071,0.140469,0.0662195,-0.0084985,-0.0796213,-0.14293,-0.194452,-0.230833,-0.249656,-0.249656,-0.230833,-0.194452,-0.14293,-0.0796213,-0.0084985,0.0662195,0.140469,0.21071,0.274203,0.329171,0.374813,0.411196,0.439055,0.459556,0.47406,0.483925,0.490379,0.49444,0.496898,0.49833,0.499132,0.499565,0.49979,0.499902,0.499956,0.499981,0.499992,0.499997,0.499999,0.499999,0.499999
0.499999,0.499999,0.499999,0.499997,0.499992,0.499982,0.499959,0.499908,0.499803,0.499592,0.499186,0.498432,0.497086,0.494774,0.490952,0.484874,0.475574,0.461892,0.442534,0.416204,0.381784,0.338559,0.286447,0.226186,0.159448,0.0888222,0.0176755,-0.0501151,-0.110512,-0.159699,-0.194452,-0.212439,-0.212439,-0.194452,-0.159699,-0.110512,-0.0501151,0.0176755,0.0888222,0.159448,0.226186,0.286447,0.338559,0.381784,0.416204,0.442534,0.461892,0.475574,0.484874,0.490952,0.494774,0.497086,0.498432,0.499186,0.499592,0.499803,0.499908,0.499959,0.499982,0.499992,0.499997,0.499999,0.499999,0.499999
0.499999,0.499999,0.499999,0.499997,0.499993,0.499984,0.499963,0.499917,0.499821,0.49963,0.49926,0.498574,0.497348,0.495239,0.49175,0.486194,0.477685,0.465151,0.447393,0.423206,0.391543,0.35172,0.303634,0.247941,0.186161,0.120678,0.0546117,-0.00842851,-0.0646642,-0.110512,-0.14293,-0.159718,-0.159718,-0.14293,-0.110512,-0.0646642,-0.00842851,0.0546117,0.120678,0.186161,0.247941,0.303634,0.35172,0.391543,0.423206,0.447393,0.465151,0.477685,0.486194,0.49175,0.495239,0.497348,0.498574,0.49926,0.49963,0.499821,0.499917,0.499963,0.499984,0.499993,0.499997,0.499999,0.499999,0.499999
0.5,0.5,0.499999,0.499998,0.499994,0.499986,0.499967,0.499927,0.499843,0.499674,0.499349,0.498743,0.497661,0.495796,0.492706,0.48778,0.480224,0.469075,0.453253,0.431666,0.403353,0.367674,0.324506,0.274407,0.218719,0.159575,0.0997872,0.0426356,-0.00842851,-0.0501151,-0.0796213,-0.0949099,-0.0949099,-0.0796213,-0.0501151,-0.00842851,0.0426356,0.0997872,0.159575,0.218719,0.274407,0.324506,0.367674,0.403353,0.431666,0.453253,0.469075,0.480224,0.48778,0.492706,0.495796,0.497661,0.498743,0.499349,0.499674,0.499843,0.499927,0.499967,0.499986,0.499994,0.499998,0.499999,0.5,0.5
0.5,0.5,0.499999,0.499998,0.499995,0.499988,0.499972,0.499938,0.499866,0.499723,0.499445,0.498927,0.498001,0.496402,0.493749,0.489512,0.483002,0.473376,0.45969,0.440975,0.416375,0.385305,0.347623,0.303785,0.25494,0.202939,0.150255,0.0997872,0.0546117,0.0176755,-0.0084985,-0.0220702,-0.0220702,-0.0084985,0.0176755,0.0546117,0.0997872,0.150255,0.202939,0.25494,0.303785,0.347623,0.385305,0.416375,0.440975,0.45969,0.473376,0.483002,0.489512,0.493749,0.496402,0.498001,0.498927,0.499445,0.499723,0.499866,0.499938,0.499972,0.499988,0.499995,0.499998,0.499999,0.5,0.5
0.5,0.5,0.499999,0.499998,0.499996,0.49999,0.499977,0.499949,0.49989,0.499771,0.499542,0.499113,0.498345,0.497017,0.494808,0.491275,0.485833,0.47777,0.466278,0.450527,0.429769,0.403483,0.371519,0.334231,0.292572,0.248105,0.202939,0.159575,0.120678,0.0888222,0.0662195,0.0544904,0.0544904,0.0662195,0.0888222,0.120678,0.159575,0.202939,0.248105,0.292572,0.334231,0.371519,0.403483,0.429769,0.450527,0.466278,0.47777,0.485833,0.491275,0.494808,0.497017,0.498345,0.499113,0.499542,0.499771,0.49989,0.499949,0.499977,0.49999,0.499996,0.499998,0.499999,0.5,0.5
0.5,0.5,0.499999,0.499999,0.499997,0.499992,0.499982,0.499959,0.499912,0.499817,0.499634,0.49929,0.498673,0.497603,0.495822,0.492964,0.488554,0.482003,0.472642,0.459776,0.442775,0.421183,0.39485,0.364043,0.329522,0.292572,0.25494,0.218719,0.186161,0.159448,0.140469,0.130613,0.130613,0.140469,0.159448,0.186161,0.218719,0.25494,0.292572,0.329522,0.364043,0.39485,0.421183,0.442775,0.459776,0.472642,0.482003,0.488554,0.492964,0.495822,0.497603,0.498673,0.49929,0.499634,0.499817,0.499912,0.499959,0.499982,0.499992,0.499997,0.499999,0.499999,0.5,0.5
0.5,0.5,0.5,0.499999,0.499997,0.499994,0.499986,0.499969,0.499932,0.499859,0.499717,0.49945,0.498969,0.498135,0.496743,0.494503,0.491038,0.485877,0.478483,0.46829,0.45478,0.437571,0.416518,0.391811,0.364043,0.334231,0.303785,0.274407,0.247941,0.226186,0.21071,0.202665,0.202665,0.21071,0.226186,0.247941,0.274407,0.303785,0.334231,0.364043,0.391811,0.416518,0.437571,0.45478,0.46829,0.478483,0.485877,0.491038,0.494503,0.496743,0.498135,0.498969,0.49945,0.499717,0.499859,0.499932,0.499969,0.499986,0.499994,0.499997,0.499999,0.5,0.5,0.5
0.5,0.5,0.5,0.499999,0.499998,0.499996,0.49999,0.499977,0.49995,0.499895,0.499788,0.499587,0.499225,0.498595,0.49754,0.49584,0.493202,0.489262,0.4836,0.475771,0.465362,0.452061,0.435737,0.416518,0.39485,0.371519,0.347623,0.324506,0.303634,0.286447,0.274203,0.267833,0.267833,0.274203,0.286447,0.303634,0.324506,0.347623,0.371519,0.39485,0.416518,0.435737,0.452061,0.465362,0.475771,0.4836,0.489262,0.493202,0.49584,0.49754,0.498595,0.499225,0.499587,0.499788,0.499895,0.49995,0.499977,0.49999,0.499996,0.499998,0.499999,0.5,0.5,0.5
0.5,0.5,0.5,0.499999,0.499999,0.499997,0.499993,0.499983,0.499964,0.499924,0.499846,0.4997,0.499436,0.498975,0.498202,0.496952,0.495006,0.492092,0.487891,0.482064,0.474293,0.464329,0.452061,0.437571,0.421183,0.403483,0.385305,0.367674,0.35172,0.338559,0.329171,0.324283,0.324283,0.329171,0.338559,0.35172,0.367674,0.385305,0.403483,0.421183,0.437571,0.452061,0.464329,0.474293,0.482064,0.487891,0.492092,0.495006,0.496952,0.498202,0.498975,0.499436,0.4997,0.499846,0.499924,0.499964,0.499983,0.499993,0.499997,0.499999,0.499999,0.5,0.5,0.5
0.5,0.5,0.5,0.5,0.499999,0.499998,0.499995,0.499988,0.499975,0.499947,0.499892,0.499789,0.499603,0.499277,0.498727,0.497837,0.496448,0.494361,0.491342,0.487142,0.481522,0.474293,0.465362,0.45478,0.442775,0.429769,0.416375,0.403353,0.391543,0.381784,0.374813,0.371181,0.371181,0.374813,0.381784,0.391543,0.403353,0.416375,0.429769,0.442775,0.45478,0.465362,0.474293,0.481522,0.487142,0.491342,0.494361,0.496448,0.497837,0.498727,0.499277,0.499603,0.499789,0.499892,0.499947,0.499975,0.499988,0.499995,0.499998,0.499999,0.5,0.5,0.5,0.5
0.5,0.5,0.5,0.5,0.499999,0.499999,0.499996,0.499992,0.499983,0.499964,0.499927,0.499857,0.499729,0.499506,0.499128,0.498515,0.497555,0.496107,0.494008,0.491077,0.487142,0.482064,0.475771,0.46829,0.459776,0.450527,0.440975,0.431666,0.423206,0.416204,0.411196,0.408584,0.408584,0.411196,0.416204,0.423206,0.431666,0.440975,0.450527,0.459776,0.46829,0.475771,0.482064,0.487142,0.491077,0.494008,0.496107,0.497555,0.498515,0.499128,0.499506,0.499729,0.499857,0.499927,0.499964,0.499983,0.499992,0.499996,0.499999,0.499999,0.5,0.5,0.5,0.5
0.5,0.5,0.5,0.5,0.5,0.499999,0.499998,0.499995,0.499989,0.499976,0.499952,0.499906,0.499822,0.499673,0.499423,0.499014,0.498371,0.4974,0.495987,0.494008,0.491342,0.487891,0.4836,0.478483,0.472642,0.466278,0.45969,0.453253,0.447393,0.442534,0.439055,0.43724,0.43724,0.439055,0.442534,0.447393,0.453253,0.45969,0.466278,0.472642,0.478483,0.4836,0.487891,0.491342,0.494008,0.495987,0.4974,0.498371,0.499014,0.499423,0.499673,0.499822,0.499906,0.499952,0.499976,0.499989,0.499995,0.499998,0.499999,0.5,0.5,0.5,0.5,0.5
0.5,0.5,0.5,0.5,0.5,0.499999,0.499999,0.499997,0.499993,0.499985,0.49997,0.49994,0.499886,0.499791,0.49963,0.499366,0.498951,0.49832,0.4974,0.496107,0.494361,0.492092,0.489262,0.485877,0.482003,0.47777,0.473376,0.469075,0.465151,0.461892,0.459556,0.458337,0.458337,0.459556,0.461892,0.465151,0.469075,0.473376,0.47777,0.482003,0.485877,0.489262,0.492092,0.494361,0.496107,0.4974,0.49832,0.498951,0.499366,0.49963,0.499791,0.499886,0.49994,0.49997,0.499985,0.499993,0.499997,0.499999,0.499999,0.5,0.5,0.5,0.5,0.5
0.5,0.5,0.5,0.5,0.5,0.5,0.499999,0.499998,0.499996,0.499991,0.499981,0.499963,0.49993,0.499871,0.499771,0.499606,0.499346,0.498951,0.498371,0.497555,0.496448,0.495006,0.493202,0.491038,0.488554,0.485833,0.483002,0.480224,0.477685,0.475574,0.47406,0.473268,0.473268,0.47406,0.475574,0.477685,0.480224,0.483002,0.485833,0.488554,0.491038,0.493202,0.495006,0.496448,0.497555,0.498371,0.498951,0.499346,0.499606,0.499771,0.499871,0.49993,0.499963,0.499981,0.499991,0.499996,0.499998,0.499999,0.5,0.5,0.5,0.5,0.5,0.5
0.5,0.5,0.5,0.5,0.5,0.5,0.499999,0.499999,0.499997,0.499995,0.499989,0.499978,0.499958,0.499923,0.499863,0.499763,0.499606,0.499366,0.499014,0.498515,0.497837,0.496952,0.49584,0.494503,0.492964,0.491275,0.489512,0.48778,0.486194,0.484874,0.483925,0.483429,0.483429,0.483925,0.484874,0.486194,0.48778,0.489512,0.491275,0.492964,0.494503,0.49584,0.496952,0.497837,0.498515,0.499014,0.499366,0.499606,0.499763,0.499863,0.499923,0.499958,0.499978,0.499989,0.499995,0.499997,0.499999,0.499999,0.5,0.5,0.5,0.5,0.5,0.5
0.5,0.5,0.5,0.5,0.5,0.5,0.5,0.499999,0.499999,0.499997,0.499994,0.499987,0.499976,0.499955,0.49992,0.499863,0.499771,0.49963,0.499423,0.499128,0.498727,0.498202,0.49754,0.496743,0.495822,0.494808,0.493749,0.492706,0.49175,0.490952,0.490379,0.490079,0.490079,0.490379,0.490952,0.49175,0.492706,0.493749,0.494808,0.495822,0.496743,0.49754,0.498202,0.498727,0.499128,0.499423,0.49963,0.499771,0.499863,0.49992,0.499955,0.499976,0.499987,0.499994,0.499997,0.499999,0.499999,0.5,0.5,0.5,0.5,0.5,0.5,0.5
0.5,0.5,0.5,0.5,0.5,0.5,0.5,0.5,0.499999,0.499998,0.499996,0.499993,0.499987,0.499975,0.499955,0.499923,0.499871,0.499791,0.499673,0.499506,0.499277,0.498975,0.498595,0.498135,0.497603,0.497017,0.496402,0.495796,0.495239,0.494774,0.49444,0.494265,0.494265,0.49444,0.494774,0.495239,0.495796,0.496402,0.497017,0.497603,0.498135,0.498595,0.498975,0.499277,0.499506,0.499673,0.499791,0.499871,0.499923,0.499955,0.499975,0.499987,0.499993,0.499996,0.499998,0.499999,0.5,0.5,0.5,0.5,0.5,0.5,0.5,0.5
0.5,0.5,0.5,0.5,0.5,0.5,0.5,0.5,0.5,0.499999,0.499998,0.499996,0.499993,0.499987,0.499976,0.499958,0.49993,0.499886,0.499822,0.499729,0.499603,0.499436,0.499225,0.498969,0.498673,0.498345,0.498001,0.497661,0.497348,0.497086,0.496898,0.4968,0.4968,0.496898,0.497086,0.497348,0.497661,0.498001,0.498345,0.498673,0.498969,0.499225,0.499436,0.499603,0.499729,0.499822,0.499886,0.49993,0.499958,0.499976,0.499987,0.499993,0.499996,0.499998,0.499999,0.5,0.5,0.5,0.5,0.5,0.5,0.5,0.5,0.5
0.5,0.5,0.5,0.5,0.5,0.5,0.5,0.5,0.5,0.5,0.499999,0.499998,0.499996,0.499993,0.499987,0.499978,0.499963,0.49994,0.499906,0.499857,0.499789,0.4997,0.499587,0.49945,0.49929,0.499113,0.498927,0.498743,0.498574,0.498432,0.49833,0.498276,0.498276,0.49833,0.498432,0.498574,0.498743,0.498927,0.499113,0.49929,0.49945,0.499587,0.4997,0.499789,0.499857,0.499906,0.49994,0.499963,0.499978,0.499987,0.499993,0.499996,0.499998,0.499999,0.5,0.5,0.5,0.5,0.5,0.5,0.5,0.5,0.5,0.5
0.5,0.5,0.5,0.5,0.5,0.5,0.5,0.5,0.5,0.5,0.5,0.499999,0.499998,0.499996,0.499994,0.499989,0.499981,0.49997,0.499952,0.499927,0.499892,0.499846,0.499788,0.499717,0.499634,0.499542,0.499445,0.499349,0.49926,0.499186,0.499132,0.499104,0.499104,0.499132,0.499186,0.49926,0.499349,0.499445,0.499542,0.499634,0.499717,0.499788,0.499846,0.499892,0.499927,0.499952,0.49997,0.499981,0.499989,0.499994,0.499996,0.499998,0.499999,0.5,0.5,0.5,0.5,0.5,0.5,0.5,0.5,0.5,0.5,0.5
0.5,0.5,0.5,0.5,0.5,0.5,0.5,0.5,0.5,0.5,0.5,0.5,0.499999,0.499998,0.499997,0.499995,0.499991,0.499985,0.499976,0.499964,0.499947,0.499924,0.499895,0.499859,0.499817,0.499771,0.499723,0.499674,0.49963,0.499592,0.499565,0.499551,0.499551,0.499565,0.499592,0.49963,0.499674,0.499723,0.499771,0.499817,0.499859,0.499895,0.499924,0.499947,0.499964,0.499976,0.499985,0.499991,0.499995,0.499997,0.499998,0.499999,0.5,0.5,0.5,0.5,0.5,0.5,0.5,0.5,0.5,0.5,0.5,0.5
0.5,0.5,0.5,0.5,0.5,0.5,0.5,0.5,0.5,0.5,0.5,0.5,0.5,0.499999,0.499999,0.499997,0.499996,0.499993,0.499989,0.499983,0.499975,0.499964,0.49995,0.499932,0.499912,0.49989,0.499866,0.499843,0.499821,0.499803,0.49979,0.499783,0.499783,0.49979,0.499803,0.499821,0.499843,0.499866,0.49989,0.499912,0.499932,0.49995,0.499964,0.499975,0.499983,0.499989,0.499993,0.499996,0.499997,0.499999,0.499999,0.5,0.5,0.5,0.5,0.5,0.5,0.5,0.5,0.5,0.5,0.5,0.5,0.5
0.5,0.5,0.5,0.5,0.5,0.5,0.5,0.5,0.5,0.5,0.5,0.5,0.5,0.5,0.499999,0.499999,0.499998,0.499997,0.499995,0.499992,0.499988,0.499983,0.499977,0.499969,0.499959,0.499949,0.499938,0.499927,0.499917,0.499908,0.499902,0.499899,0.499899,0.499902,0.499908,0.499917,0.499927,0.499938,0.499949,0.499959,0.499969,0.499977,0.499983,0.499988,0.499992,0.499995,0.499997,0.499998,0.499999,0.499999,0.5,0.5,0.5,0.5,0.5,0.5,0.5,0.5,0.5,0.5,0.5,0.5,0.5,0.5
0.5,0.5,0.5,0.5,0.5,0.5,0.5,0.5,0.5,0.5,0.5,0.5,0.5,0.5,0.5,0.499999,0.499999,0.499999,0.499998,0.499996,0.499995,0.499993,0.49999,0.499986,0.499982,0.499977,0.499972,0.499967,0.499963,0.499959,0.499956,0.499954,0.499954,0.499956,0.499959,0.499963,0.499967,0.499972,0.499977,0.499982,0.499986,0.49999,0.499993,0.499995,0.499996,0.499998,0.499999,0.499999,0.499999,0.5,0.5,0.5,0.5,0.5,0.5,0.5,0.5,0.5,0.5,0.5,0.5,0.5,0.5,0.5
0.5,0.5,0.5,0.5,0.5,0.5,0.5,0.5,0.5,0.5,0.5,0.5,0.5,0.5,0.5,0.5,0.5,0.499999,0.499999,0.499999,0.499998,0.499997,0.499996,0.499994,0.499992,0.49999,0.499988,0.499986,0.499984,0.499982,0.499981,0.49998,0.49998,0.499981,0.499982,0.499984,0.499986,0.499988,0.49999,0.499992,0.499994,0.499996,0.499997,0.499998,0.499999,0.499999,0.499999,0.5,0.5,0.5,0.5,0.5,0.5,0.5,0.5,0.5,0.5,0.5,0.5,0.5,0.5,0.5,0.5,0.5
0.5,0.5,0.5,0.5,0.5,0.5,0.5,0.5,0.5,0.5,0.5,0.5,0.5,0.5,0.5,0.5,0.5,0.5,0.5,0.499999,0.499999,0.499999,0.499998,0.499997,0.499997,0.499996,0.499995,0.499994,0.499993,0.499992,0.499992,0.499992,0.499992,0.499992,0.499992,0.499993,0.499994,0.499995,0.499996,0.499997,0.499997,0.499998,0.499999,0.499999,0.499999,0.5,0.5,0.5,0.5,0.5,0.5,0.5,0.5,0.5,0.5,0.5,0.5,0.5,0.5,0.5,0.5,0.5,0.5,0.5
0.5,0.5,0.5,0.5,0.5,0.5,0.5,0.5,0.5,0.5,0.5,0.5,0.5,0.5,0.5,0.5,0.5,0.5,0.5,0.5,0.5,0.499999,0.499999,0.499999,0.499999,0.499998,0.499998,0.499998,0.499997,0.499997,0.499997,0.499997,0.499997,0.499997,0.499997,0.499997,0.499998,0.499998,0.499998,0.499999,0.499999,0.499999,0.499999,0.5,0.5,0.5,0.5,0.5,0.5,0.5,0.5,0.5,0.5,0.5,0.5,0.5,0.5,0.5,0.5,0.5,0.5,0.5,0.5,0.5
0.5,0.5,0.5,0.5,0.5,0.5,0.5,0.5,0.5,0.5,0.5,0.5,0.5,0.5,0.5,0.5,0.5,0.5,0.5,0.5,0.5,0.5,0.5,0.5,0.499999,0.499999,0.499999,0.499999,0.499999,0.499999,0.499999,0.499999,0.499999,0.499999,0.499999,0.499999,0.499999,0.499999,0.499999,0.499999,0.5,0.5,0.5,0.5,0.5,0.5,0.5,0.5,0.5,0.5,0.5,0.5,0.5,0.5,0.5,0.5,0.5,0.5,0.5,0.5,0.5,0.5,0.5,0.5
0.5,0.5,0.5,0.5,0.5,0.5,0.5,0.5,0.5,0.5,0.5,0.5,0.5,0.5,0.5,0.5,0.5,0.5,0.5,0.5,0.5,0.5,0.5,0.5,0.5,0.5,0.5,0.5,0.499999,0.499999,0.499999,0.499999,0.499999,0.499999,0.499999,0.499999,0.5,0.5,0.5,0.5,0.5,0.5,0.5,0.5,0.5,0.5,0.5,0.5,0.5,0.5,0.5,0.5,0.5,0.5,0.5,0.5,0.5,0.5,0.5,0.5,0.5,0.5,0.5,0.5
0.5,0.5,0.5,0.5,0.5,0.5,0.5,0.5,0.5,0.5,0.5,0.5,0.5,0.5,0.5,0.5,0.5,0.5,0.5,0.5,0.5,0.5,0.5,0.5,0.5,0.5,0.5,0.5,0.499999,0.499999,0.499999,0.499999,0.499999,0.499999,0.499999,0.499999,0.5,0.5,0.5,0.5,0.5,0.5,0.5,0.5,0.5,0.5,0.5,0.5,0.5,0.5,0.5,0.5,0.5,0.5,0.5,0.5,0.5,0.5,0.5,0.5,0.5,0.5,0.5,0.5
