0.5,0.5,0.5,0.5,0.5,0.5,0.5,0.5,0.5,0.5,0.5,0.5,0.5,0.5,0.5,0.5,0.5,0.5,0.5,0.5,0.5,0.5,0.5,0.499999,0.499999,0.499999,0.499999,0.499999,0.499998,0.499998,0.499998,0.499998,0.499998,0.499998,0.499998,0.499998,0.499999,0.499999,0.499999,0.499999,0.499999,0.5,0.5,0.5,0.5,0.5,0.5,0.5,0.5,0.5,0.5,0.5,0.5,0.5,0.5,0.5,0.5,0.5,0.5,0.5,0.5,0.5,0.5,0.5
0.5,0.5,0.5,0.5,0.5,0.5,0.5,0.5,0.5,0.5,0.5,0.5,0.5,0.5,0.5,0.5,0.5,0.5,0.5,0.5,0.5,0.5,0.5,0.499999,0.499999,0.499999,0.499999,0.499999,0.499998,0.499998,0.499998,0.499998,0.499998,0.499998,0.499998,0.499998,0.499999,0.499999,0.499999,0.499999,0.499999,0.5,0.5,0.5,0.5,0.5,0.5,0.5,0.5,0.5,0.5,0.5,0.5,0.5,0.5,0.5,0.5,0.5,0.5,0.5,0.5,0.5,0.5,0.5
0.5,0.5,0.5,0.5,0.5,0.5,0.5,0.5,0.5,0.5,0.5,0.5,0.5,0.5,0.5,0.5,0.5,0.5,0.5,0.5,0.5,0.499999,0.499999,0.499999,0.499999,0.499998,0.499998,0.499997,0.499997,0.499997,0.499996,0.499996,0.499996,0.499996,0.499997,0.499997,0.499997,0.499998,0.499998,0.499999,0.499999,0.499999,0.499999,0.5,0.5,0.5,0.5,0.5,0.5,0.5,0.5,0.5,0.5,0.5,0.5,0.5,0.5,0.5,0.5,0.5,0.5,0.5,0.5,0.5
0.5,0.5,0.5,0.5,0.5,0.5,0.5,0.5,0.5,0.5,0.5,0.5,0.5,0.5,0.5,0.5,0.5,0.5,0.5,0.499999,0.499999,0.499999,0.499998,0.499997,0.499996,0.499996,0.499995,0.499994,0.499993,0.499992,0.499992,0.499991,0.499991,0.499992,0.499992,0.499993,0.499994,0.499995,0.499996,0.499996,0.499997,0.499998,0.499999,0.499999,0.499999,0.5,0.5,0.5,0.5,0.5,0.5,0.5,0.5,0.5,0.5,0.5,0.5,0.5,0.5,0.5,0.5,0.5,0.5,0.5
0.5,0.5,0.5,0.5,0.5,0.5,0.5,0.5,0.5,0.5,0.5,0.5,0.5,0.5,0.5,0.5,0.5,0.499999,0.499999,0.499998,0.499997,0.499996,0.499995,0.499993,0.499992,0.499989,0.499987,0.499985,0.499983,0.499981,0.49998,0.49998,0.49998,0.49998,0.499981,0.499983,0.499985,0.499987,0.499989,0.499992,0.499993,0.499995,0.499996,0.499997,0.499998,0.499999,0.499999,0.5,0.5,0.5,0.5,0.5,0.5,0.5,0.5,0.5,0.5,0.5,0.5,0.5,0.5,0.5,0.5,0.5
0.5,0.5,0.5,0.5,0.5,0.5,0.5,0.5,0.5,0.5,0.5,0.5,0.5,0.5,0.5,0.499999,0.499999,0.499998,0.499997,0.499996,0.499994,0.499992,0.499989,0.499985,0.499981,0.499976,0.499971,0.499966,0.499961,0.499957,0.499955,0.499953,0.499953,0.499955,0.499957,0.499961,0.499966,0.499971,0.499976,0.499981,0.499985,0.499989,0.499992,0.499994,0.499996,0.499997,0.499998,0.499999,0.499999,0.5,0.5,0.5,0.5,0.5,0.5,0.5,0.5,0.5,0.5,0.5,0.5,0.5,0.5,0.5
0.5,0.5,0.5,0.5,0.5,0.5,0.5,0.5,0.5,0.5,0.5,0.5,0.5,0.5,0.499999,0.499999,0.499998,0.499996,0.499994,0.499991,0.499987,0.499982,0.499975,0.499966,0.499957,0.499946,0.499935,0.499924,0.499914,0.499906,0.4999,0.499896,0.499896,0.4999,0.499906,0.499914,0.499924,0.499935,0.499946,0.499957,0.499966,0.499975,0.499982,0.499987,0.499991,0.499994,0.499996,0.499998,0.499999,0.499999,0.5,0.5,0.5,0.5,0.5,0.5,0.5,0.5,0.5,0.5,0.5,0.5,0.5,0.5
0.5,0.5,0.5,0.5,0.5,0.5,0.5,0.5,0.5,0.5,0.5,0.5,0.499999,0.499999,0.499998,0.499997,0.499995,0.499992,0.499987,0.499981,0.499972,0.49996,0.499945,0.499928,0.499907,0.499885,0.499861,0.499838,0.499816,0.499799,0.499786,0.499779,0.499779,0.499786,0.499799,0.499816,0.499838,0.499861,0.499885,0.499907,0.499928,0.499945,0.49996,0.499972,0.499981,0.499987,0.499992,0.499995,0.499997,0.499998,0.499999,0.499999,0.5,0.5,0.5,0.5,0.5,0.5,0.5,0.5,0.5,0.5,0.5,0.5
0.5,0.5,0.5,0.5,0.5,0.5,0.5,0.5,0.5,0.5,0.5,0.499999,0.499999,0.499998,0.499996,0.499993,0.499989,0.499983,0.499973,0.499959,0.499941,0.499917,0.499886,0.49985,0.499808,0.499761,0.499713,0.499665,0.499622,0.499585,0.499559,0.499545,0.499545,0.499559,0.499585,0.499622,0.499665,0.499713,0.499761,0.499808,0.49985,0.499886,0.499917,0.499941,0.499959,0.499973,0.499983,0.499989,0.499993,0.499996,0.499998,0.499999,0.499999,0.5,0.5,0.5,0.5,0.5,0.5,0.5,0.5,0.5,0.5,0.5
0.5,0.5,0.5,0.5,0.5,0.5,0.5,0.5,0.5,0.5,0.499999,0.499999,0.499998,0.499996,0.499992,0.499986,0.499978,0.499964,0.499945,0.499917,0.49988,0.499832,0.499771,0.499699,0.499615,0.499523,0.499427,0.499333,0.499247,0.499175,0.499124,0.499097,0.499097,0.499124,0.499175,0.499247,0.499333,0.499427,0.499523,0.499615,0.499699,0.499771,0.499832,0.49988,0.499917,0.499945,0.499964,0.499978,0.499986,0.499992,0.499996,0.499998,0.499999,0.499999,0.5,0.5,0.5,0.5,0.5,0.5,0.5,0.5,0.5,0.5
0.5,0.5,0.5,0.5,0.5,0.5,0.5,0.5,0.5,0.499999,0.499999,0.499997,0.499995,0.499991,0.499984,0.499973,0.499956,0.49993,0.499892,0.499838,0.499766,0.499673,0.499556,0.499416,0.499256,0.49908,0.498898,0.498718,0.498555,0.498418,0.498321,0.49827,0.49827,0.498321,0.498418,0.498555,0.498718,0.498898,0.49908,0.499256,0.499416,0.499556,0.499673,0.499766,0.499838,0.499892,0.49993,0.499956,0.499973,0.499984,0.499991,0.499995,0.499997,0.499999,0.499999,0.5,0.5,0.5,0.5,0.5,0.5,0.5,0.5,0.5
0.5,0.5,0.5,0.5,0.5,0.5,0.5,0.5,0.499999,0.499999,0.499997,0.499995,0.49999,0.499983,0.49997,0.499949,0.499916,0.499866,0.499795,0.499694,0.49956,0.499385,0.499168,0.498908,0.498612,0.498288,0.497951,0.497622,0.497322,0.497072,0.496894,0.4968,0.4968,0.496894,0.497072,0.497322,0.497622,0.497951,0.498288,0.498612,0.498908,0.499168,0.499385,0.49956,0.499694,0.499795,0.499866,0.499916,0.499949,0.49997,0.499983,0.49999,0.499995,0.499997,0.499999,0.499999,0.5,0.5,0.5,0.5,0.5,0.5,0.5,0.5
0.5,0.5,0.5,0.5,0.5,0.5,0.5,0.499999,0.499999,0.499998,0.499995,0.49999,0.499982,0.499968,0.499944,0.499905,0.499845,0.499754,0.499624,0.499442,0.499198,0.498883,0.498493,0.498028,0.497498,0.496922,0.496325,0.495741,0.49521,0.494769,0.494453,0.494288,0.494288,0.494453,0.494769,0.49521,0.495741,0.496325,0.496922,0.497498,0.498028,0.498493,0.498883,0.499198,0.499442,0.499624,0.499754,0.499845,0.499905,0.499944,0.499968,0.499982,0.49999,0.499995,0.499998,0.499999,0.499999,0.5,0.5,0.5,0.5,0.5,0.5,0.5
0.5,0.5,0.5,0.5,0.5,0.5,0.5,0.499999,0.499998,0.499996,0.499991,0.499983,0.499968,0.499942,0.499899,0.49983,0.499723,0.499564,0.499334,0.499014,0.498588,0.49804,0.497363,0.49656,0.495647,0.494655,0.493632,0.492634,0.491727,0.490976,0.490439,0.490158,0.490158,0.490439,0.490976,0.491727,0.492634,0.493632,0.494655,0.495647,0.49656,0.497363,0.49804,0.498588,0.499014,0.499334,0.499564,0.499723,0.49983,0.499899,0.499942,0.499968,0.499983,0.499991,0.499996,0.499998,0.499999,0.5,0.5,0.5,0.5,0.5,0.5,0.5
0.5,0.5,0.5,0.5,0.5,0.5,0.499999,0.499998,0.499996,0.499992,0.499984,0.49997,0.499944,0.499899,0.499825,0.499707,0.499523,0.49925,0.498859,0.498318,0.497598,0.496676,0.495542,0.4942,0.492681,0.491036,0.489342,0.487696,0.486202,0.484967,0.484084,0.483624,0.483624,0.484084,0.484967,0.486202,0.487696,0.489342,0.491036,0.492681,0.4942,0.495542,0.496676,0.497598,0.498318,0.498859,0.49925,0.499523,0.499707,0.499825,0.499899,0.499944,0.49997,0.499984,0.499992,0.499996,0.499998,0.499999,0.5,0.5,0.5,0.5,0.5,0.5
0.5,0.5,0.5,0.5,0.5,0.499999,0.499999,0.499997,0.499993,0.499986,0.499973,0.499949,0.499905,0.49983,0.499707,0.499509,0.499205,0.498754,0.49811,0.497224,0.496049,0.494551,0.492713,0.490549,0.488107,0.485471,0.482766,0.480142,0.477768,0.475808,0.474409,0.473681,0.473681,0.474409,0.475808,0.477768,0.480142,0.482766,0.485471,0.488107,0.490549,0.492713,0.494551,0.496049,0.497224,0.49811,0.498754,0.499205,0.499509,0.499707,0.49983,0.499905,0.499949,0.499973,0.499986,0.499993,0.499997,0.499999,0.499999,0.5,0.5,0.5,0.5,0.5
0.5,0.5,0.5,0.5,0.5,0.499999,0.499998,0.499995,0.499989,0.499978,0.499956,0.499916,0.499845,0.499723,0.499523,0.499205,0.498717,0.497997,0.496973,0.495568,0.493715,0.49136,0.488484,0.485111,0.481316,0.477238,0.473064,0.469028,0.465384,0.462382,0.460243,0.459129,0.459129,0.460243,0.462382,0.465384,0.469028,0.473064,0.477238,0.481316,0.485111,0.488484,0.49136,0.493715,0.495568,0.496973,0.497997,0.498717,0.499205,0.499523,0.499723,0.499845,0.499916,0.499956,0.499978,0.499989,0.499995,0.499998,0.499999,0.5,0.5,0.5,0.5,0.5
0.5,0.5,0.5,0.5,0.499999,0.499998,0.499996,0.499992,0.499983,0.499964,0.49993,0.499866,0.499754,0.499564,0.49925,0.498754,0.497997,0.496884,0.495307,0.493154,0.490325,0.486747,0.482395,0.47731,0.471614,0.465514,0.459293,0.453296,0.447894,0.443455,0.440296,0.438654,0.438654,0.440296,0.443455,0.447894,0.453296,0.459293,0.465514,0.471614,0.47731,0.482395,0.486747,0.490325,0.493154,0.495307,0.496884,0.497997,0.498754,0.49925,0.499564,0.499754,0.499866,0.49993,0.499964,0.499983,0.499992,0.499996,0.499998,0.499999,0.5,0.5,0.5,0.5
0.5,0.5,0.5,0.5,0.499999,0.499997,0.499994,0.499987,0.499973,0.499945,0.499892,0.499795,0.499624,0.499334,0.498859,0.49811,0.496973,0.495307,0.492957,0.489763,0.485585,0.480323,0.473951,0.466539,0.458271,0.449451,0.440489,0.431877,0.424143,0.4178,0.413295,0.410955,0.410955,0.413295,0.4178,0.424143,0.431877,0.440489,0.449451,0.458271,0.466539,0.473951,0.480323,0.485585,0.489763,0.492957,0.495307,0.496973,0.49811,0.498859,0.499334,0.499624,0.499795,0.499892,0.499945,0.499973,0.499987,0.499994,0.499997,0.499999,0.5,0.5,0.5,0.5
0.5,0.5,0.5,0.499999,0.499998,0.499996,0.499991,0.499981,0.499959,0.499917,0.499838,0.499694,0.499442,0.499014,0.498318,0.497224,0.495568,0.493154,0.489763,0.485176,0.479201,0.471711,0.462682,0.452227,0.440614,0.428278,0.415792,0.403836,0.39313,0.384373,0.378163,0.374943,0.374943,0.378163,0.384373,0.39313,0.403836,0.415792,0.428278,0.440614,0.452227,0.462682,0.471711,0.479201,0.485176,0.489763,0.493154,0.495568,0.497224,0.498318,0.499014,0.499442,0.499694,0.499838,0.499917,0.499959,0.499981,0.499991,0.499996,0.499998,0.499999,0.5,0.5,0.5
0.5,0.5,0.5,0.499999,0.499997,0.499994,0.499987,0.499972,0.499941,0.49988,0.499766,0.49956,0.499198,0.498588,0.497598,0.496049,0.493715,0.490325,0.485585,0.479201,0.470924,0.460597,0.448206,0.433924,0.418135,0.401434,0.384601,0.368541,0.354208,0.342514,0.334239,0.329952,0.329952,0.334239,0.342514,0.354208,0.368541,0.384601,0.401434,0.418135,0.433924,0.448206,0.460597,0.470924,0.479201,0.485585,0.490325,0.493715,0.496049,0.497598,0.498588,0.499198,0.49956,0.499766,0.49988,0.499941,0.499972,0.499987,0.499994,0.499997,0.499999,0.5,0.5,0.5
0.5,0.5,0.499999,0.499999,0.499996,0.499992,0.499982,0.49996,0.499917,0.499832,0.499673,0.499385,0.498883,0.49804,0.496676,0.494551,0.49136,0.486747,0.480323,0.471711,0.460597,0.446795,0.430316,0.411412,0.390612,0.368711,0.346732,0.325845,0.307268,0.292155,0.281483,0.275962,0.275962,0.281483,0.292155,0.307268,0.325845,0.346732,0.368711,0.390612,0.411412,0.430316,0.446795,0.460597,0.471711,0.480323,0.486747,0.49136,0.494551,0.496676,0.49804,0.498883,0.499385,0.499673,0.499832,0.499917,0.49996,0.499982,0.499992,0.499996,0.499999,0.499999,0.5,0.5
0.5,0.5,0.499999,0.499998,0.499995,0.499989,0.499975,0.499945,0.499886,0.499771,0.499556,0.499168,0.498493,0.497363,0.495542,0.492713,0.488484,0.482395,0.473951,0.462682,0.448206,0.430316,0.409057,0.384791,0.358219,0.330374,0.302555,0.276228,0.252899,0.233977,0.220645,0.213757,0.213757,0.220645,0.233977,0.252899,0.276228,0.302555,0.330374,0.358219,0.384791,0.409057,0.430316,0.448206,0.462682,0.473951,0.482395,0.488484,0.492713,0.495542,0.497363,0.498493,0.499168,0.499556,0.499771,0.499886,0.499945,0.499975,0.499989,0.499995,0.499998,0.499999,0.5,0.5
0.499999,0.499999,0.499999,0.499997,0.499993,0.499985,0.499966,0.499928,0.49985,0.499699,0.499416,0.498908,0.498028,0.49656,0.4942,0.490549,0.485111,0.47731,0.466539,0.452227,0.433924,0.411412,0.384791,0.354552,0.321604,0.287245,0.253076,0.220879,0.192457,0.169477,0.153325,0.144992,0.144992,0.153325,0.169477,0.192457,0.220879,0.253076,0.287245,0.321604,0.354552,0.384791,0.411412,0.433924,0.452227,0.466539,0.47731,0.485111,0.490549,0.4942,0.49656,0.498028,0.498908,0.499416,0.499699,0.49985,0.499928,0.499966,0.499985,0.499993,0.499997,0.499999,0.499999,0.499999
0.499999,0.499999,0.499999,0.499996,0.499992,0.499981,0.499957,0.499907,0.499808,0.499615,0.499256,0.498612,0.497498,0.495647,0.492681,0.488107,0.481316,0.471614,0.458271,0.440614,0.418135,0.390612,0.358219,0.321604,0.281905,0.240706,0.199929,0.161674,0.128036,0.100929,0.0819236,0.0721334,0.0721334,0.0819236,0.100929,0.128036,0.161674,0.199929,0.240706,0.281905,0.321604,0.358219,0.390612,0.418135,0.440614,0.458271,0.471614,0.481316,0.488107,0.492681,0.495647,0.497498,0.498612,0.499256,0.499615,0.499808,0.499907,0.499957,0.499981,0.499992,0.499996,0.499999,0.499999,0.499999
0.499999,0.499999,0.499998,0.499996,0.499989,0.499976,0.499946,0.499885,0.499761,0.499523,0.49908,0.498288,0.496922,0.494655,0.491036,0.485471,0.477238,0.465514,0.449451,0.428278,0.401434,0.368711,0.330374,0.287245,0.240706,0.192641,0.14529,0.101063,0.0623284,0.0312175,0.0094608,-0.001729,-0.001729,0.0094608,0.0312175,0.0623284,0.101063,0.14529,0.192641,0.240706,0.287245,0.330374,0.368711,0.401434,0.428278,0.449451,0.465514,0.477238,0.485471,0.491036,0.494655,0.496922,0.498288,0.49908,0.499523,0.499761,0.499885,0.499946,0.499976,0.499989,0.499996,0.499998,0.499999,0.499999
0.499999,0.499999,0.499998,0.499995,0.499987,0.499971,0.499935,0.499861,0.499713,0.499427,0.498898,0.497951,0.496325,0.493632,0.489342,0.482766,0.473064,0.459293,0.440489,0.415792,0.384601,0.346732,0.302555,0.253076,0.199929,0.14529,0.0917058,0.0418697,-0.00160809,-0.0364137,-0.0606929,-0.0731603,-0.0731603,-0.0606929,-0.0364137,-0.00160809,0.0418697,0.0917058,0.14529,0.199929,0.253076,0.302555,0.346732,0.384601,0.415792,0.440489,0.459293,0.473064,0.482766,0.489342,0.493632,0.496325,0.497951,0.498898,0.499427,0.499713,0.499861,0.499935,0.499971,0.499987,0.499995,0.499998,0.499999,0.499999
0.499999,0.499999,0.499997,0.499994,0.499985,0.499966,0.499924,0.499838,0.499665,0.499333,0.498718,0.497622,0.495741,0.492634,0.487696,0.480142,0.469028,0.453296,0.431877,0.403836,0.368541,0.325845,0.276228,0.220879,0.161674,0.101063,0.0418697,-0.012963,-0.0606253,-0.098662,-0.125132,-0.138703,-0.138703,-0.125132,-0.098662,-0.0606253,-0.012963,0.0418697,0.101063,0.161674,0.220879,0.276228,0.325845,0.368541,0.403836,0.431877,0.453296,0.469028,0.480142,0.487696,0.492634,0.495741,0.497622,0.498718,0.499333,0.499665,0.499838,0.499924,0.499966,0.499985,0.499994,0.499997,0.499999,0.499999
0.499998,0.499998,0.499997,0.499993,0.499983,0.499961,0.499914,0.499816,0.499622,0.499247,0.498555,0.497322,0.49521,0.491727,0.486202,0.477768,0.465384,0.447894,0.424143,0.39313,0.354208,0.307268,0.252899,0.192457,0.128036,0.0623284,-0.00160809,-0.0606253,-0.111759,-0.152451,-0.180708,-0.195176,-0.195176,-0.180708,-0.152451,-0.111759,-0.0606253,-0.00160809,0.0623284,0.128036,0.192457,0.252899,0.307268,0.354208,0.39313,0.424143,0.447894,0.465384,0.477768,0.486202,0.491727,0.49521,0.497322,0.498555,0.499247,0.499622,0.499816,0.499914,0.499961,0.499983,0.499993,0.499997,0.499998,0.499998
0.499998,0.499998,0.499997,0.499992,0.499981,0.499957,0.499906,0.499799,0.499585,0.499175,0.498418,0.497072,0.494769,0.490976,0.484967,0.475808,0.462382,0.443455,0.4178,0.384373,0.342514,0.292155,0.233977,0.169477,0.100929,0.0312175,-0.0364137,-0.098662,-0.152451,-0.19516,-0.224763,-0.239904,-0.239904,-0.224763,-0.19516,-0.152451,-0.098662,-0.0364137,0.0312175,0.100929,0.169477,0.233977,0.292155,0.342514,0.384373,0.4178,0.443455,0.462382,0.475808,0.484967,0.490976,0.494769,0.497072,0.498418,0.499175,0.499585,0.499799,0.499906,0.499957,0.499981,0.499992,0.499997,0.499998,0.499998
0.499998,0.499998,0.499996,0.499992,0.49998,0.499955,0.4999,0.499786,0.499559,0.499124,0.498321,0.496894,0.494453,0.490439,0.484084,0.474409,0.460243,0.440296,0.413295,0.378163,0.334239,0.281483,0.220645,0.153325,0.0819236,0.0094608,-0.0606929,-0.125132,-0.180708,-0.224763,-0.255261,-0.270847,-0.270847,-0.255261,-0.224763,-0.180708,-0.125132,-0.0606929,0.0094608,0.0819236,0.153325,0.220645,0.281483,0.334239,0.378163,0.413295,0.440296,0.460243,0.474409,0.484084,0.490439,0.494453,0.496894,0.498321,0.499124,0.499559,0.499786,0.4999,0.499955,0.49998,0.499992,0.499996,0.499998,0.499998
0.499998,0.499998,0.499996,0.499991,0.49998,0.499953,0.499896,0.499779,0.499545,0.499097,0.49827,0.4968,0.494288,0.490158,0.483624,0.473681,0.459129,0.438654,0.410955,0.374943,0.329952,0.275962,0.213757,0.144992,0.0721334,-0.001729,-0.0731603,-0.138703,-0.195176,-0.239904,-0.270847,-0.286653,-0.286653,-0.270847,-0.239904,-0.195176,-0.138703,-0.0731603,-0.001729,0.0721334,0.144992,0.213757,0.275962,0.329952,0.374943,0.410955,0.438654,0.459129,0.473681,0.483624,0.490158,0.494288,0.4968,0.49827,0.499097,0.499545,0.499779,0.499896,0.499953,0.49998,0.499991,0.499996,0.499998,0.499998
0.499998,0.499998,0.499996,0.499991,0.49998,0.499953,0.499896,0.499779,0.499545,0.499097,0.49827,0.4968,0.494288,0.490158,0.483624,0.473681,0.459129,0.438654,0.410955,0.374943,0.329952,0.275962,0.213757,0.144992,0.0721334,-0.001729,-0.0731603,-0.138703,-0.195176,-0.239904,-0.270847,-0.286653,-0.286653,-0.270847,-0.239904,-0.195176,-0.138703,-0.0731603,-0.001729,0.0721334,0.144992,0.213757,0.275962,0.329952,0.374943,0.410955,0.438654,0.459129,0.473681,0.483624,0.490158,0.494288,0.4968,0.49827,0.499097,0.499545,0.499779,0.499896,0.499953,0.49998,0.499991,0.499996,0.499998,0.499998
0.499998,0.499998,0.499996,0.499992,0.49998,0.499955,0.4999,0.499786,0.499559,0.499124,0.498321,0.496894,0.494453,0.490439,0.484084,0.474409,0.460243,0.440296,0.413295,0.378163,0.334239,0.281483,0.220645,0.153325,0.0819236,0.0094608,-0.0606929,-0.125132,-0.180708,-0.224763,-0.255261,-0.270847,-0.270847,-0.255261,-0.224763,-0.180708,-0.125132,-0.0606929,0.0094608,0.0819236,0.153325,0.220645,0.281483,0.334239,0.378163,0.413295,0.440296,0.460243,0.474409,0.484084,0.490439,0.494453,0.496894,0.498321,0.499124,0.499559,0.499786,0.4999,0.499955,0.49998,0.499992,0.499996,0.499998,0.499998
0.499998,0.499998,0.499997,0.499992,0.499981,0.499957,0.499906,0.499799,0.499585,0.499175,0.498418,0.497072,0.494769,0.490976,0.484967,0.475808,0.462382,0.443455,0.4178,0.384373,0.342514,0.292155,0.233977,0.169477,0.100929,0.0312175,-0.0364137,-0.098662,-0.152451,-0.19516,-0.224763,-0.239904,-0.239904,-0.224763,-0.19516,-0.152451,-0.098662,-0.0364137,0.0312175,0.100929,0.169477,0.233977,0.292155,0.342514,0.384373,0.4178,0.443455,0.462382,0.475808,0.484967,0.490976,0.494769,0.497072,0.498418,0.499175,0.499585,0.499799,0.499906,0.499957,0.499981,0.499992,0.499997,0.499998,0.499998
0.499998,0.499998,0.499997,0.499993,0.499983,0.499961,0.499914,0.499816,0.499622,0.499247,0.498555,0.497322,0.49521,0.491727,0.486202,0.477768,0.465384,0.447894,0.424143,0.39313,0.354208,0.307268,0.252899,0.192457,0.128036,0.0623284,-0.00160809,-0.0606253,-0.111759,-0.152451,-0.180708,-0.195176,-0.195176,-0.180708,-0.152451,-0.111759,-0.0606253,-0.00160809,0.0623284,0.128036,0.192457,0.252899,0.307268,0.354208,0.39313,0.424143,0.447894,0.465384,0.477768,0.486202,0.491727,0.49521,0.497322,0.498555,0.499247,0.499622,0.499816,0.499914,0.499961,0.499983,0.499993,0.499997,0.499998,0.499998
0.499999,0.499999,0.499997,0.499994,0.499985,0.499966,0.499924,0.499838,0.499665,0.499333,0.498718,0.497622,0.495741,0.492634,0.487696,0.480142,0.469028,0.453296,0.431877,0.403836,0.368541,0.325845,0.276228,0.220879,0.161674,0.101063,0.0418697,-0.012963,-0.0606253,-0.098662,-0.125132,-0.138703,-0.138703,-0.125132,-0.098662,-0.0606253,-0.012963,0.0418697,0.101063,0.161674,0.220879,0.276228,0.325845,0.368541,0.403836,0.431877,0.453296,0.469028,0.480142,0.487696,0.492634,0.495741,0.497622,0.498718,0.499333,0.499665,0.499838,0.499924,0.499966,0.499985,0.499994,0.499997,0.499999,0.499999
0.499999,0.499999,0.499998,0.499995,0.499987,0.499971,0.499935,0.499861,0.499713,0.499427,0.498898,0.497951,0.496325,0.493632,0.489342,0.482766,0.473064,0.459293,0.440489,0.415792,0.384601,0.346732,0.302555,0.253076,0.199929,0.14529,0.0917058,0.0418697,-0.00160809,-0.0364137,-0.0606929,-0.0731603,-0.0731603,-0.0606929,-0.0364137,-0.00160809,0.0418697,0.0917058,0.14529,0.199929,0.253076,0.302555,0.346732,0.384601,0.415792,0.440489,0.459293,0.473064,0.482766,0.489342,0.493632,0.496325,0.497951,0.498898,0.499427,0.499713,0.499861,0.499935,0.499971,0.499987,0.499995,0.499998,0.499999,0.499999
0.499999,0.499999,0.499998,0.499996,0.499989,0.499976,0.499946,0.499885,0.499761,0.499523,0.49908,0.498288,0.496922,0.494655,0.491036,0.485471,0.477238,0.465514,0.449451,0.428278,0.401434,0.368711,0.330374,0.287245,0.240706,0.192641,0.14529,0.101063,0.0623284,0.0312175,0.0094608,-0.001729,-0.001729,0.0094608,0.0312175,0.0623284,0.101063,0.14529,0.192641,0.240706,0.287245,0.330374,0.368711,0.401434,0.428278,0.449451,0.465514,0.477238,0.485471,0.491036,0.494655,0.496922,0.498288,0.49908,0.499523,0.499761,0.499885,0.499946,0.499976,0.499989,0.499996,0.499998,0.499999,0.499999
0.499999,0.499999,0.499999,0.499996,0.499992,0.499981,0.499957,0.499907,0.499808,0.499615,0.499256,0.498612,0.497498,0.495647,0.492681,0.488107,0.481316,0.471614,0.458271,0.440614,0.418135,0.390612,0.358219,0.321604,0.281905,0.240706,0.199929,0.161674,0.128036,0.100929,0.0819236,0.0721334,0.0721334,0.0819236,0.100929,0.128036,0.161674,0.199929,0.240706,0.281905,0.321604,0.358219,0.390612,0.418135,0.440614,0.458271,0.471614,0.481316,0.488107,0.492681,0.495647,0.497498,0.498612,0.499256,0.499615,0.499808,0.499907,0.499957,0.499981,0.499992,0.499996,0.499999,0.499999,0.499999
0.499999,0.499999,0.499999,0.499997,0.499993,0.499985,0.499966,0.499928,0.49985,0.499699,0.499416,0.498908,0.498028,0.49656,0.4942,0.490549,0.485111,0.47731,0.466539,0.452227,0.433924,0.411412,0.384791,0.354552,0.321604,0.287245,0.253076,0.220879,0.192457,0.169477,0.153325,0.144992,0.144992,0.153325,0.169477,0.192457,0.220879,0.253076,0.287245,0.321604,0.354552,0.384791,0.411412,0.433924,0.452227,0.466539,0.47731,0.485111,0.490549,0.4942,0.49656,0.498028,0.498908,0.499416,0.499699,0.49985,0.499928,0.499966,0.499985,0.499993,0.499997,0.499999,0.499999,0.499999
0.5,0.5,0.499999,0.499998,0.499995,0.499989,0.499975,0.499945,0.499886,0.499771,0.499556,0.499168,0.498493,0.497363,0.495542,0.492713,0.488484,0.482395,0.473951,0.462682,0.448206,0.430316,0.409057,0.384791,0.358219,0.330374,0.302555,0.276228,0.252899,0.233977,0.220645,0.213757,0.213757,0.220645,0.233977,0.252899,0.276228,0.302555,0.330374,0.358219,0.384791,0.409057,0.430316,0.448206,0.462682,0.473951,0.482395,0.488484,0.492713,0.495542,0.497363,0.498493,0.499168,0.499556,0.499771,0.499886,0.499945,0.499975,0.499989,0.499995,0.499998,0.499999,0.5,0.5
0.5,0.5,0.499999,0.499999,0.499996,0.499992,0.499982,0.49996,0.499917,0.499832,0.499673,0.499385,0.498883,0.49804,0.496676,0.494551,0.49136,0.486747,0.480323,0.471711,0.460597,0.446795,0.430316,0.411412,0.390612,0.368711,0.346732,0.325845,0.307268,0.292155,0.281483,0.275962,0.275962,0.281483,0.292155,0.307268,0.325845,0.346732,0.368711,0.390612,0.411412,0.430316,0.446795,0.460597,0.471711,0.480323,0.486747,0.49136,0.494551,0.496676,0.49804,0.498883,0.499385,0.499673,0.499832,0.499917,0.49996,0.499982,0.499992,0.499996,0.499999,0.499999,0.5,0.5
0.5,0.5,0.5,0.499999,0.499997,0.499994,0.499987,0.499972,0.499941,0.49988,0.499766,0.49956,0.499198,0.498588,0.497598,0.496049,0.493715,0.490325,0.485585,0.479201,0.470924,0.460597,0.448206,0.433924,0.418135,0.401434,0.384601,0.368541,0.354208,0.342514,0.334239,0.329952,0.329952,0.334239,0.342514,0.354208,0.368541,0.384601,0.401434,0.418135,0.433924,0.448206,0.460597,0.470924,0.479201,0.485585,0.490325,0.493715,0.496049,0.497598,0.498588,0.499198,0.49956,0.499766,0.49988,0.499941,0.499972,0.499987,0.499994,0.499997,0.499999,0.5,0.5,0.5
0.5,0.5,0.5,0.499999,0.499998,0.499996,0.499991,0.499981,0.499959,0.499917,0.499838,0.499694,0.499442,0.499014,0.498318,0.497224,0.495568,0.493154,0.489763,0.485176,0.479201,0.471711,0.462682,0.452227,0.440614,0.428278,0.415792,0.403836,0.39313,0.384373,0.378163,0.374943,0.374943,0.378163,0.384373,0.39313,0.403836,0.415792,0.428278,0.440614,0.452227,0.462682,0.471711,0.479201,0.485176,0.489763,0.493154,0.495568,0.497224,0.498318,0.499014,0.499442,0.499694,0.499838,0.499917,0.499959,0.499981,0.499991,0.499996,0.499998,0.499999,0.5,0.5,0.5
0.5,0.5,0.5,0.5,0.499999,0.499997,0.499994,0.499987,0.499973,0.499945,0.499892,0.499795,0.499624,0.499334,0.498859,0.49811,0.496973,0.495307,0.492957,0.489763,0.485585,0.480323,0.473951,0.466539,0.458271,0.449451,0.440489,0.431877,0.424143,0.4178,0.413295,0.410955,0.410955,0.413295,0.4178,0.424143,0.431877,0.440489,0.449451,0.458271,0.466539,0.473951,0.480323,0.485585,0.489763,0.492957,0.495307,0.496973,0.49811,0.498859,0.499334,0.499624,0.499795,0.499892,0.499945,0.499973,0.499987,0.499994,0.499997,0.499999,0.5,0.5,0.5,0.5
0.5,0.5,0.5,0.5,0.499999,0.499998,0.499996,0.499992,0.499983,0.499964,0.49993,0.499866,0.499754,0.499564,0.49925,0.498754,0.497997,0.496884,0.495307,0.493154,0.490325,0.486747,0.482395,0.47731,0.471614,0.465514,0.459293,0.453296,0.447894,0.443455,0.440296,0.438654,0.438654,0.440296,0.443455,0.447894,0.453296,0.459293,0.465514,0.471614,0.47731,0.482395,0.486747,0.490325,0.493154,0.495307,0.496884,0.497997,0.498754,0.49925,0.499564,0.499754,0.499866,0.49993,0.499964,0.499983,0.499992,0.499996,0.499998,0.499999,0.5,0.5,0.5,0.5
0.5,0.5,0.5,0.5,0.5,0.499999,0.499998,0.499995,0.499989,0.499978,0.499956,0.499916,0.499845,0.499723,0.499523,0.499205,0.498717,0.497997,0.496973,0.495568,0.493715,0.49136,0.488484,0.485111,0.481316,0.477238,0.473064,0.469028,0.465384,0.462382,0.460243,0.459129,0.459129,0.460243,0.462382,0.465384,0.469028,0.473064,0.477238,0.481316,0.485111,0.488484,0.49136,0.493715,0.495568,0.496973,0.497997,0.498717,0.499205,0.499523,0.499723,0.499845,0.499916,0.499956,0.499978,0.499989,0.499995,0.499998,0.499999,0.5,0.5,0.5,0.5,0.5
0.5,0.5,0.5,0.5,0.5,0.499999,0.499999,0.499997,0.499993,0.499986,0.499973,0.499949,0.499905,0.49983,0.499707,0.499509,0.499205,0.498754,0.49811,0.497224,0.496049,0.494551,0.492713,0.490549,0.488107,0.485471,0.482766,0.480142,0.477768,0.475808,0.474409,0.473681,0.473681,0.474409,0.475808,0.477768,0.480142,0.482766,0.485471,0.488107,0.490549,0.492713,0.494551,0.496049,0.497224,0.49811,0.498754,0.499205,0.499509,0.499707,0.49983,0.499905,0.499949,0.499973,0.499986,0.499993,0.499997,0.499999,0.499999,0.5,0.5,0.5,0.5,0.5
0.5,0.5,0.5,0.5,0.5,0.5,0.499999,0.499998,0.499996,0.499992,0.499984,0.49997,0.499944,0.499899,0.499825,0.499707,0.499523,0.49925,0.498859,0.498318,0.497598,0.496676,0.495542,0.4942,0.492681,0.491036,0.489342,0.487696,0.486202,0.484967,0.484084,0.483624,0.483624,0.484084,0.484967,0.486202,0.487696,0.489342,0.491036,0.492681,0.4942,0.495542,0.496676,0.497598,0.498318,0.498859,0.49925,0.499523,0.499707,0.499825,0.499899,0.499944,0.49997,0.499984,0.499992,0.499996,0.499998,0.499999,0.5,0.5,0.5,0.5,0.5,0.5
0.5,0.5,0.5,0.5,0.5,0.5,0.5,0.499999,0.499998,0.499996,0.499991,0.499983,0.499968,0.499942,0.499899,0.49983,0.499723,0.499564,0.499334,0.499014,0.498588,0.49804,0.497363,0.49656,0.495647,0.494655,0.493632,0.492634,0.491727,0.490976,0.490439,0.490158,0.490158,0.490439,0.490976,0.491727,0.492634,0.493632,0.494655,0.495647,0.49656,0.497363,0.49804,0.498588,0.499014,0.499334,0.499564,0.499723,0.49983,0.499899,0.499942,0.499968,0.499983,0.499991,0.499996,0.499998,0.499999,0.5,0.5,0.5,0.5,0.5,0.5,0.5
0.5,0.5,0.5,0.5,0.5,0.5,0.5,0.499999,0.499999,0.499998,0.499995,0.49999,0.499982,0.499968,0.499944,0.499905,0.499845,0.499754,0.499624,0.499442,0.499198,0.498883,0.498493,0.498028,0.497498,0.496922,0.496325,0.495741,0.49521,0.494769,0.494453,0.494288,0.494288,0.494453,0.494769,0.49521,0.495741,0.496325,0.496922,0.497498,0.498028,0.498493,0.498883,0.499198,0.499442,0.499624,0.499754,0.499845,0.499905,0.499944,0.499968,0.499982,0.49999,0.499995,0.499998,0.499999,0.499999,0.5,0.5,0.5,0.5,0.5,0.5,0.5
0.5,0.5,0.5,0.5,0.5,0.5,0.5,0.5,0.499999,0.499999,0.499997,0.499995,0.49999,0.499983,0.49997,0.499949,0.499916,0.499866,0.499795,0.499694,0.49956,0.499385,0.499168,0.498908,0.498612,0.498288,0.497951,0.497622,0.497322,0.497072,0.496894,0.4968,0.4968,0.496894,0.497072,0.497322,0.497622,0.497951,0.498288,0.498612,0.498908,0.499168,0.499385,0.49956,0.499694,0.499795,0.499866,0.499916,0.499949,0.49997,0.499983,0.49999,0.499995,0.499997,0.499999,0.499999,0.5,0.5,0.5,0.5,0.5,0.5,0.5,0.5
0.5,0.5,0.5,0.5,0.5,0.5,0.5,0.5,0.5,0.499999,0.499999,0.499997,0.499995,0.499991,0.499984,0.499973,0.499956,0.49993,0.499892,0.499838,0.499766,0.499673,0.499556,0.499416,0.499256,0.49908,0.498898,0.498718,0.498555,0.498418,0.498321,0.49827,0.49827,0.498321,0.498418,0.498555,0.498718,0.498898,0.49908,0.499256,0.499416,0.499556,0.499673,0.499766,0.499838,0.499892,0.49993,0.499956,0.499973,0.499984,0.499991,0.499995,0.499997,0.499999,0.499999,0.5,0.5,0.5,0.5,0.5,0.5,0.5,0.5,0.5
0.5,0.5,0.5,0.5,0.5,0.5,0.5,0.5,0.5,0.5,0.499999,0.499999,0.499998,0.499996,0.499992,0.499986,0.499978,0.499964,0.499945,0.499917,0.49988,0.499832,0.499771,0.499699,0.499615,0.499523,0.499427,0.499333,0.499247,0.499175,0.499124,0.499097,0.499097,0.499124,0.499175,0.499247,0.499333,0.499427,0.499523,0.499615,0.499699,0.499771,0.499832,0.49988,0.499917,0.499945,0.499964,0.499978,0.499986,0.499992,0.499996,0.499998,0.499999,0.499999,0.5,0.5,0.5,0.5,0.5,0.5,0.5,0.5,0.5,0.5
0.5,0.5,0.5,0.5,0.5,0.5,0.5,0.5,0.5,0.5,0.5,0.499999,0.499999,0.499998,0.499996,0.499993,0.499989,0.499983,0.499973,0.499959,0.499941,0.499917,0.499886,0.49985,0.499808,0.499761,0.499713,0.499665,0.499622,0.499585,0.499559,0.499545,0.499545,0.499559,0.499585,0.499622,0.499665,0.499713,0.499761,0.499808,0.49985,0.499886,0.499917,0.499941,0.499959,0.499973,0.499983,0.499989,0.499993,0.499996,0.499998,0.499999,0.499999,0.5,0.5,0.5,0.5,0.5,0.5,0.5,0.5,0.5,0.5,0.5
0.5,0.5,0.5,0.5,0.5,0.5,0.5,0.5,0.5,0.5,0.5,0.5,0.499999,0.499999,0.499998,0.499997,0.499995,0.499992,0.499987,0.499981,0.499972,0.49996,0.499945,0.499928,0.499907,0.499885,0.499861,0.499838,0.499816,0.499799,0.499786,0.499779,0.499779,0.499786,0.499799,0.499816,0.499838,0.499861,0.499885,0.499907,0.499928,0.499945,0.49996,0.499972,0.499981,0.499987,0.499992,0.499995,0.499997,0.499998,0.499999,0.499999,0.5,0.5,0.5,0.5,0.5,0.5,0.5,0.5,0.5,0.5,0.5,0.5
0.5,0.5,0.5,0.5,0.5,0.5,0.5,0.5,0.5,0.5,0.5,0.5,0.5,0.5,0.499999,0.499999,0.499998,0.499996,0.499994,0.499991,0.499987,0.499982,0.499975,0.499966,0.499957,0.499946,0.499935,0.499924,0.499914,0.499906,0.4999,0.499896,0.499896,0.4999,0.499906,0.499914,0.499924,0.499935,0.499946,0.499957,0.499966,0.499975,0.499982,0.499987,0.499991,0.499994,0.499996,0.499998,0.499999,0.499999,0.5,0.5,0.5,0.5,0.5,0.5,0.5,0.5,0.5,0.5,0.5,0.5,0.5,0.5
0.5,0.5,0.5,0.5,0.5,0.5,0.5,0.5,0.5,0.5,0.5,0.5,0.5,0.5,0.5,0.499999,0.499999,0.499998,0.499997,0.499996,0.499994,0.499992,0.499989,0.499985,0.499981,0.499976,0.499971,0.499966,0.499961,0.499957,0.499955,0.499953,0.499953,0.499955,0.499957,0.499961,0.499966,0.499971,0.499976,0.499981,0.499985,0.499989,0.499992,0.499994,0.499996,0.499997,0.499998,0.499999,0.499999,0.5,0.5,0.5,0.5,0.5,0.5,0.5,0.5,0.5,0.5,0.5,0.5,0.5,0.5,0.5
0.5,0.5,0.5,0.5,0.5,0.5,0.5,0.5,0.5,0.5,0.5,0.5,0.5,0.5,0.5,0.5,0.5,0.499999,0.499999,0.499998,0.499997,0.499996,0.499995,0.499993,0.499992,0.499989,0.499987,0.499985,0.499983,0.499981,0.49998,0.49998,0.49998,0.49998,0.499981,0.499983,0.499985,0.499987,0.499989,0.499992,0.499993,0.499995,0.499996,0.499997,0.499998,0.499999,0.499999,0.5,0.5,0.5,0.5,0.5,0.5,0.5,0.5,0.5,0.5,0.5,0.5,0.5,0.5,0.5,0.5,0.5
0.5,0.5,0.5,0.5,0.5,0.5,0.5,0.5,0.5,0.5,0.5,0.5,0.5,0.5,0.5,0.5,0.5,0.5,0.5,0.499999,0.499999,0.499999,0.499998,0.499997,0.499996,0.499996,0.499995,0.499994,0.499993,0.499992,0.499992,0.499991,0.499991,0.499992,0.499992,0.499993,0.499994,0.499995,0.499996,0.499996,0.499997,0.499998,0.499999,0.499999,0.499999,0.5,0.5,0.5,0.5,0.5,0.5,0.5,0.5,0.5,0.5,0.5,0.5,0.5,0.5,0.5,0.5,0.5,0.5,0.5
0.5,0.5,0.5,0.5,0.5,0.5,0.5,0.5,0.5,0.5,0.5,0.5,0.5,0.5,0.5,0.5,0.5,0.5,0.5,0.5,0.5,0.499999,0.499999,0.499999,0.499999,0.499998,0.499998,0.499997,0.499997,0.499997,0.499996,0.499996,0.499996,0.499996,0.499997,0.499997,0.499997,0.499998,0.499998,0.499999,0.499999,0.499999,0.499999,0.5,0.5,0.5,0.5,0.5,0.5,0.5,0.5,0.5,0.5,0.5,0.5,0.5,0.5,0.5,0.5,0.5,0.5,0.5,0.5,0.5
0.5,0.5,0.5,0.5,0.5,0.5,0.5,0.5,0.5,0.5,0.5,0.5,0.5,0.5,0.5,0.5,0.5,0.5,0.5,0.5,0.5,0.5,0.5,0.499999,0.499999,0.499999,0.499999,0.499999,0.499998,0.499998,0.499998,0.499998,0.499998,0.499998,0.499998,0.499998,0.499999,0.499999,0.499999,0.499999,0.499999,0.5,0.5,0.5,0.5,0.5,0.5,0.5,0.5,0.5,0.5,0.5,0.5,0.5,0.5,0.5,0.5,0.5,0.5,0.5,0.5,0.5,0.5,0.5
0.5,0.5,0.5,0.5,0.5,0.5,0.5,0.5,0.5,0.5,0.5,0.5,0.5,0.5,0.5,0.5,0.5,0.5,0.5,0.5,0.5,0.5,0.5,0.499999,0.499999,0.499999,0.499999,0.499999,0.499998,0.499998,0.499998,0.499998,0.499998,0.499998,0.499998,0.499998,0.499999,0.499999,0.499999,0.499999,0.499999,0.5,0.5,0.5,0.5,0.5,0.5,0.5,0.5,0.5,0.5,0.5,0.5,0.5,0.5,0.5,0.5,0.5,0.5,0.5,0.5,0.5,0.5,0.5
