0.499999,0.499999,0.499999,0.499998,0.499996,0.499993,0.499987,0.499978,0.499963,0.49994,0.499904,0.499851,0.499775,0.499667,0.499519,0.499323,0.499069,0.498748,0.498354,0.497884,0.497338,0.496721,0.496044,0.495322,0.494578,0.493835,0.493124,0.492472,0.491909,0.491462,0.49115,0.490991,0.490991,0.49115,0.491462,0.491909,0.492472,0.493124,0.493835,0.494578,0.495322,0.496044,0.496721,0.497338,0.497884,0.498354,0.498748,0.499069,0.499323,0.499519,0.499667,0.499775,0.499851,0.499904,0.49994,0.499963,0.499978,0.499987,0.499993,0.499996,0.499998,0.499999,0.499999,0.499999
0.499999,0.499999,0.499999,0.499998,0.499996,0.499993,0.499987,0.499978,0.499963,0.49994,0.499904,0.499851,0.499775,0.499667,0.499519,0.499323,0.499069,0.498748,0.498354,0.497884,0.497338,0.496721,0.496044,0.495322,0.494578,0.493835,0.493124,0.492472,0.491909,0.491462,0.49115,0.490991,0.490991,0.49115,0.491462,0.491909,0.492472,0.493124,0.493835,0.494578,0.495322,0.496044,0.496721,0.497338,0.497884,0.498354,0.498748,0.499069,0.499323,0.499519,0.499667,0.499775,0.499851,0.499904,0.49994,0.499963,0.499978,0.499987,0.499993,0.499996,0.499998,0.499999,0.499999,0.499999
0.499999,0.499999,0.499998,0.499997,0.499994,0.49999,0.499982,0.499969,0.499948,0.499916,0.499867,0.499795,0.499691,0.499547,0.499351,0.499092,0.498759,0.498342,0.497834,0.497232,0.496537,0.495757,0.494906,0.494004,0.493079,0.49216,0.491282,0.490482,0.489793,0.489246,0.488866,0.488672,0.488672,0.488866,0.489246,0.489793,0.490482,0.491282,0.49216,0.493079,0.494004,0.494906,0.495757,0.496537,0.497232,0.497834,0.498342,0.498759,0.499092,0.499351,0.499547,0.499691,0.499795,0.499867,0.499916,0.499948,0.499969,0.499982,0.49999,0.499994,0.499997,0.499998,0.499999,0.499999
0.499998,0.499998,0.499997,0.499995,0.49999,0.499982,0.499969,0.499948,0.499914,0.499862,0.499783,0.499668,0.499505,0.49928,0.498977,0.498581,0.498078,0.497454,0.496702,0.495818,0.494808,0.493683,0.492466,0.491187,0.489883,0.488598,0.487378,0.48627,0.48532,0.484569,0.484048,0.483782,0.483782,0.484048,0.484569,0.48532,0.48627,0.487378,0.488598,0.489883,0.491187,0.492466,0.493683,0.494808,0.495818,0.496702,0.497454,0.498078,0.498581,0.498977,0.49928,0.499505,0.499668,0.499783,0.499862,0.499914,0.499948,0.499969,0.499982,0.49999,0.499995,0.499997,0.499998,0.499998
0.499996,0.499996,0.499994,0.49999,0.499982,0.499969,0.499946,0.49991,0.499852,0.499763,0.499631,0.499441,0.499174,0.498809,0.498323,0.497695,0.496903,0.495932,0.494773,0.493424,0.491896,0.490212,0.488405,0.486521,0.484615,0.482748,0.480988,0.479398,0.478041,0.476971,0.476232,0.475855,0.475855,0.476232,0.476971,0.478041,0.479398,0.480988,0.482748,0.484615,0.486521,0.488405,0.490212,0.491896,0.493424,0.494773,0.495932,0.496903,0.497695,0.498323,0.498809,0.499174,0.499441,0.499631,0.499763,0.499852,0.49991,0.499946,0.499969,0.499982,0.49999,0.499994,0.499996,0.499996
0.499993,0.499993,0.49999,0.499982,0.499969,0.499945,0.499907,0.499844,0.499746,0.499598,0.49938,0.499068,0.498633,0.498046,0.497272,0.496282,0.495047,0.493547,0.491773,0.48973,0.487437,0.484933,0.48227,0.479515,0.476751,0.474063,0.471543,0.46928,0.467357,0.465847,0.464807,0.464277,0.464277,0.464807,0.465847,0.467357,0.46928,0.471543,0.474063,0.476751,0.479515,0.48227,0.484933,0.487437,0.48973,0.491773,0.493547,0.495047,0.496282,0.497272,0.498046,0.498633,0.499068,0.49938,0.499598,0.499746,0.499844,0.499907,0.499945,0.499969,0.499982,0.49999,0.499993,0.499993
0.499987,0.499987,0.499982,0.499969,0.499946,0.499907,0.499841,0.499737,0.499575,0.499333,0.49898,0.498479,0.49779,0.496867,0.495664,0.494139,0.492257,0.489995,0.487347,0.484327,0.480972,0.477341,0.473514,0.469592,0.465685,0.461915,0.458403,0.455269,0.452618,0.450544,0.44912,0.448395,0.448395,0.44912,0.450544,0.452618,0.455269,0.458403,0.461915,0.465685,0.469592,0.473514,0.477341,0.480972,0.484327,0.487347,0.489995,0.492257,0.494139,0.495664,0.496867,0.49779,0.498479,0.49898,0.499333,0.499575,0.499737,0.499841,0.499907,0.499946,0.499969,0.499982,0.499987,0.499987
0.499978,0.499978,0.499969,0.499948,0.49991,0.499844,0.499737,0.499567,0.499308,0.498922,0.498366,0.497585,0.496521,0.49511,0.493292,0.491011,0.488226,0.484913,0.481077,0.476748,0.471987,0.466885,0.461561,0.456152,0.450812,0.445699,0.44097,0.436775,0.433247,0.430498,0.428615,0.427658,0.427658,0.428615,0.430498,0.433247,0.436775,0.44097,0.445699,0.450812,0.456152,0.461561,0.466885,0.471987,0.476748,0.481077,0.484913,0.488226,0.491011,0.493292,0.49511,0.496521,0.497585,0.498366,0.498922,0.499308,0.499567,0.499737,0.499844,0.49991,0.499948,0.499969,0.499978,0.499978
0.499963,0.499963,0.499948,0.499914,0.499852,0.499746,0.499575,0.499308,0.498902,0.498306,0.497453,0.496269,0.494673,0.49258,0.489911,0.486599,0.482601,0.477899,0.472514,0.466505,0.459968,0.453038,0.44588,0.43868,0.431637,0.424951,0.418816,0.413411,0.40889,0.405383,0.40299,0.401776,0.401776,0.40299,0.405383,0.40889,0.413411,0.418816,0.424951,0.431637,0.43868,0.44588,0.453038,0.459968,0.466505,0.472514,0.477899,0.482601,0.486599,0.489911,0.49258,0.494673,0.496269,0.497453,0.498306,0.498902,0.499308,0.499575,0.499746,0.499852,0.499914,0.499948,0.499963,0.499963
0.49994,0.49994,0.499916,0.499862,0.499763,0.499598,0.499333,0.498922,0.498306,0.497407,0.496137,0.494393,0.492065,0.489048,0.485244,0.48058,0.475013,0.468546,0.461226,0.453153,0.444474,0.43538,0.426091,0.416847,0.407896,0.39948,0.391823,0.385127,0.379564,0.37527,0.372351,0.370874,0.370874,0.372351,0.37527,0.379564,0.385127,0.391823,0.39948,0.407896,0.416847,0.426091,0.43538,0.444474,0.453153,0.461226,0.468546,0.475013,0.48058,0.485244,0.489048,0.492065,0.494393,0.496137,0.497407,0.498306,0.498922,0.499333,0.499598,0.499763,0.499862,0.499916,0.49994,0.49994
0.499904,0.499904,0.499867,0.499783,0.499631,0.49938,0.49898,0.498366,0.497453,0.496137,0.494296,0.491796,0.488498,0.484272,0.479007,0.47263,0.465114,0.45649,0.446852,0.436358,0.425219,0.413691,0.402061,0.390623,0.379672,0.369483,0.360302,0.352342,0.345775,0.340738,0.337326,0.335605,0.335605,0.337326,0.340738,0.345775,0.352342,0.360302,0.369483,0.379672,0.390623,0.402061,0.413691,0.425219,0.436358,0.446852,0.45649,0.465114,0.47263,0.479007,0.484272,0.488498,0.491796,0.494296,0.496137,0.497453,0.498366,0.49898,0.49938,0.499631,0.499783,0.499867,0.499904,0.499904
0.499851,0.499851,0.499795,0.499668,0.499441,0.499068,0.498479,0.497585,0.496269,0.494393,0.491796,0.488309,0.483763,0.478009,0.47093,0.462464,0.452615,0.441465,0.429173,0.415971,0.402149,0.38804,0.373995,0.360363,0.347475,0.335625,0.325064,0.315995,0.308577,0.302924,0.299115,0.297199,0.297199,0.299115,0.302924,0.308577,0.315995,0.325064,0.335625,0.347475,0.360363,0.373995,0.38804,0.402149,0.415971,0.429173,0.441465,0.452615,0.462464,0.47093,0.478009,0.483763,0.488309,0.491796,0.494393,0.496269,0.497585,0.498479,0.499068,0.499441,0.499668,0.499795,0.499851,0.499851
0.499775,0.499775,0.499691,0.499505,0.499174,0.498633,0.49779,0.496521,0.494673,0.492065,0.488498,0.483763,0.477667,0.470045,0.46079,0.44987,0.437342,0.423359,0.408166,0.392089,0.375508,0.358835,0.342485,0.326847,0.312272,0.299051,0.287416,0.277537,0.269535,0.263486,0.259434,0.257404,0.257404,0.259434,0.263486,0.269535,0.277537,0.287416,0.299051,0.312272,0.326847,0.342485,0.358835,0.375508,0.392089,0.408166,0.423359,0.437342,0.44987,0.46079,0.470045,0.477667,0.483763,0.488498,0.492065,0.494673,0.496521,0.49779,0.498633,0.499174,0.499505,0.499691,0.499775,0.499775
0.499667,0.499667,0.499547,0.49928,0.498809,0.498046,0.496867,0.49511,0.49258,0.489048,0.484272,0.478009,0.470045,0.460218,0.448447,0.434753,0.419272,0.402253,0.384051,0.365095,0.345864,0.326847,0.308507,0.291257,0.27544,0.261317,0.249071,0.238813,0.230602,0.224453,0.220365,0.218325,0.218325,0.220365,0.224453,0.230602,0.238813,0.249071,0.261317,0.27544,0.291257,0.308507,0.326847,0.345864,0.365095,0.384051,0.402253,0.419272,0.434753,0.448447,0.460218,0.470045,0.478009,0.484272,0.489048,0.49258,0.49511,0.496867,0.498046,0.498809,0.49928,0.499547,0.499667,0.499667
0.499519,0.499519,0.499351,0.498977,0.498323,0.497272,0.495664,0.493292,0.489911,0.485244,0.479007,0.47093,0.46079,0.448447,0.433871,0.417164,0.398567,0.378453,0.357301,0.335656,0.314092,0.293162,0.273357,0.255084,0.238647,0.224242,0.211973,0.201866,0.193893,0.187996,0.184112,0.182184,0.182184,0.184112,0.187996,0.193893,0.201866,0.211973,0.224242,0.238647,0.255084,0.273357,0.293162,0.314092,0.335656,0.357301,0.378453,0.398567,0.417164,0.433871,0.448447,0.46079,0.47093,0.479007,0.485244,0.489911,0.493292,0.495664,0.497272,0.498323,0.498977,0.499351,0.499519,0.499519
0.499323,0.499323,0.499092,0.498581,0.497695,0.496282,0.494139,0.491011,0.486599,0.48058,0.47263,0.462464,0.44987,0.434753,0.417164,0.397315,0.375583,0.352483,0.32863,0.304687,0.281311,0.259094,0.238528,0.219976,0.203666,0.189697,0.178065,0.168685,0.161427,0.156148,0.152713,0.151023,0.151023,0.152713,0.156148,0.161427,0.168685,0.178065,0.189697,0.203666,0.219976,0.238528,0.259094,0.281311,0.304687,0.32863,0.352483,0.375583,0.397315,0.417164,0.434753,0.44987,0.462464,0.47263,0.48058,0.486599,0.491011,0.494139,0.496282,0.497695,0.498581,0.499092,0.499323,0.499323
0.499069,0.499069,0.498759,0.498078,0.496903,0.495047,0.492257,0.488226,0.482601,0.475013,0.465114,0.452615,0.437342,0.419272,0.398567,0.375583,0.350853,0.325052,0.298934,0.27327,0.248774,0.226049,0.205547,0.187548,0.172168,0.159379,0.149042,0.140948,0.134856,0.130531,0.127771,0.126429,0.126429,0.127771,0.130531,0.134856,0.140948,0.149042,0.159379,0.172168,0.187548,0.205547,0.226049,0.248774,0.27327,0.298934,0.325052,0.350853,0.375583,0.398567,0.419272,0.437342,0.452615,0.465114,0.475013,0.482601,0.488226,0.492257,0.495047,0.496903,0.498078,0.498759,0.499069,0.499069
0.498748,0.498748,0.498342,0.497454,0.495932,0.493547,0.489995,0.484913,0.477899,0.468546,0.45649,0.441465,0.423359,0.402253,0.378453,0.352483,0.325052,0.296999,0.269212,0.242546,0.21774,0.195369,0.175799,0.159192,0.145517,0.134595,0.126139,0.119808,0.115252,0.112151,0.110239,0.109331,0.109331,0.110239,0.112151,0.115252,0.119808,0.126139,0.134595,0.145517,0.159192,0.175799,0.195369,0.21774,0.242546,0.269212,0.296999,0.325052,0.352483,0.378453,0.402253,0.423359,0.441465,0.45649,0.468546,0.477899,0.484913,0.489995,0.493547,0.495932,0.497454,0.498342,0.498748,0.498748
0.498354,0.498354,0.497834,0.496702,0.494773,0.491773,0.487347,0.481077,0.472514,0.461226,0.446852,0.429173,0.408166,0.384051,0.357301,0.32863,0.298934,0.269212,0.240465,0.213597,0.189338,0.168182,0.150375,0.13592,0.124617,0.11612,0.109991,0.105766,0.102996,0.101288,0.100329,0.0999044,0.0999044,0.100329,0.101288,0.102996,0.105766,0.109991,0.11612,0.124617,0.13592,0.150375,0.168182,0.189338,0.213597,0.240465,0.269212,0.298934,0.32863,0.357301,0.384051,0.408166,0.429173,0.446852,0.461226,0.472514,0.481077,0.487347,0.491773,0.494773,0.496702,0.497834,0.498354,0.498354
0.497884,0.497884,0.497232,0.495818,0.493424,0.48973,0.484327,0.476748,0.466505,0.453153,0.436358,0.415971,0.392089,0.365095,0.335656,0.304687,0.27327,0.242546,0.213597,0.187342,0.16445,0.145296,0.129962,0.118268,0.10983,0.104133,0.1006,0.098657,0.0977779,0.0975195,0.0975397,0.0976078,0.0976078,0.0975397,0.0975195,0.0977779,0.098657,0.1006,0.104133,0.10983,0.118268,0.129962,0.145296,0.16445,0.187342,0.213597,0.242546,0.27327,0.304687,0.335656,0.365095,0.392089,0.415971,0.436358,0.453153,0.466505,0.476748,0.484327,0.48973,0.493424,0.495818,0.497232,0.497884,0.497884
0.497338,0.497338,0.496537,0.494808,0.491896,0.487437,0.480972,0.471987,0.459968,0.444474,0.425219,0.402149,0.375508,0.345864,0.314092,0.281311,0.248774,0.21774,0.189338,0.16445,0.14364,0.127126,0.114797,0.106273,0.100983,0.0982542,0.0973901,0.0977329,0.0987071,0.0998448,0.100796,0.101328,0.101328,0.100796,0.0998448,0.0987071,0.0977329,0.0973901,0.0982542,0.100983,0.106273,0.114797,0.127126,0.14364,0.16445,0.189338,0.21774,0.248774,0.281311,0.314092,0.345864,0.375508,0.402149,0.425219,0.444474,0.459968,0.471987,0.480972,0.487437,0.491896,0.494808,0.496537,0.497338,0.497338
0.496721,0.496721,0.495757,0.493683,0.490212,0.484933,0.477341,0.466885,0.453038,0.43538,0.413691,0.38804,0.358835,0.326847,0.293162,0.259094,0.226049,0.195369,0.168182,0.145296,0.127126,0.1137,0.104695,0.0995273,0.0974506,0.0976553,0.0993522,0.101831,0.104498,0.106887,0.108659,0.109598,0.109598,0.108659,0.106887,0.104498,0.101831,0.0993522,0.0976553,0.0974506,0.0995273,0.104695,0.1137,0.127126,0.145296,0.168182,0.195369,0.226049,0.259094,0.293162,0.326847,0.358835,0.38804,0.413691,0.43538,0.453038,0.466885,0.477341,0.484933,0.490212,0.493683,0.495757,0.496721,0.496721
0.496044,0.496044,0.494906,0.492466,0.488405,0.48227,0.473514,0.461561,0.44588,0.426091,0.402061,0.373995,0.342485,0.308507,0.273357,0.238528,0.205547,0.175799,0.150375,0.129962,0.114797,0.104695,0.0991164,0.0972818,0.0982889,0.10122,0.105225,0.109576,0.113687,0.117118,0.119563,0.120831,0.120831,0.119563,0.117118,0.113687,0.109576,0.105225,0.10122,0.0982889,0.0972818,0.0991164,0.104695,0.114797,0.129962,0.150375,0.175799,0.205547,0.238528,0.273357,0.308507,0.342485,0.373995,0.402061,0.426091,0.44588,0.461561,0.473514,0.48227,0.488405,0.492466,0.494906,0.496044,0.496044
0.495322,0.495322,0.494004,0.491187,0.486521,0.479515,0.469592,0.456152,0.43868,0.416847,0.390623,0.360363,0.326847,0.291257,0.255084,0.219976,0.187548,0.159192,0.13592,0.118268,0.106273,0.0995273,0.0972818,0.0985794,0.102388,0.107714,0.113681,0.119569,0.124829,0.129066,0.132019,0.133532,0.133532,0.132019,0.129066,0.124829,0.119569,0.113681,0.107714,0.102388,0.0985794,0.0972818,0.0995273,0.106273,0.118268,0.13592,0.159192,0.187548,0.219976,0.255084,0.291257,0.326847,0.360363,0.390623,0.416847,0.43868,0.456152,0.469592,0.479515,0.486521,0.491187,0.494004,0.495322,0.495322
0.494578,0.494578,0.493079,0.489883,0.484615,0.476751,0.465685,0.450812,0.431637,0.407896,0.379672,0.347475,0.312272,0.27544,0.238647,0.203666,0.172168,0.145517,0.124617,0.10983,0.100983,0.0974506,0.0982889,0.102388,0.108618,0.11594,0.123478,0.130549,0.136656,0.141464,0.144764,0.14644,0.14644,0.144764,0.141464,0.136656,0.130549,0.123478,0.11594,0.108618,0.102388,0.0982889,0.0974506,0.100983,0.10983,0.124617,0.145517,0.172168,0.203666,0.238647,0.27544,0.312272,0.347475,0.379672,0.407896,0.431637,0.450812,0.465685,0.476751,0.484615,0.489883,0.493079,0.494578,0.494578
0.493835,0.493835,0.49216,0.488598,0.482748,0.474063,0.461915,0.445699,0.424951,0.39948,0.369483,0.335625,0.299051,0.261317,0.224242,0.189697,0.159379,0.134595,0.11612,0.104133,0.0982542,0.0976553,0.10122,0.107714,0.11594,0.124841,0.133566,0.141484,0.148163,0.153333,0.156841,0.15861,0.15861,0.156841,0.153333,0.148163,0.141484,0.133566,0.124841,0.11594,0.107714,0.10122,0.0976553,0.0982542,0.104133,0.11612,0.134595,0.159379,0.189697,0.224242,0.261317,0.299051,0.335625,0.369483,0.39948,0.424951,0.445699,0.461915,0.474063,0.482748,0.488598,0.49216,0.493835,0.493835
0.493124,0.493124,0.491282,0.487378,0.480988,0.471543,0.458403,0.44097,0.418816,0.391823,0.360302,0.325064,0.287416,0.249071,0.211973,0.178065,0.149042,0.126139,0.109991,0.1006,0.0973901,0.0993522,0.105225,0.113681,0.123478,0.133566,0.143134,0.151611,0.158634,0.163998,0.167603,0.169411,0.169411,0.167603,0.163998,0.158634,0.151611,0.143134,0.133566,0.123478,0.113681,0.105225,0.0993522,0.0973901,0.1006,0.109991,0.126139,0.149042,0.178065,0.211973,0.249071,0.287416,0.325064,0.360302,0.391823,0.418816,0.44097,0.458403,0.471543,0.480988,0.487378,0.491282,0.493124,0.493124
0.492472,0.492472,0.490482,0.48627,0.479398,0.46928,0.455269,0.436775,0.413411,0.385127,0.352342,0.315995,0.277537,0.238813,0.201866,0.168685,0.140948,0.119808,0.105766,0.098657,0.0977329,0.101831,0.109576,0.119569,0.130549,0.141484,0.151611,0.160421,0.167618,0.173054,0.176681,0.178491,0.178491,0.176681,0.173054,0.167618,0.160421,0.151611,0.141484,0.130549,0.119569,0.109576,0.101831,0.0977329,0.098657,0.105766,0.119808,0.140948,0.168685,0.201866,0.238813,0.277537,0.315995,0.352342,0.385127,0.413411,0.436775,0.455269,0.46928,0.479398,0.48627,0.490482,0.492472,0.492472
0.491909,0.491909,0.489793,0.48532,0.478041,0.467357,0.452618,0.433247,0.40889,0.379564,0.345775,0.308577,0.269535,0.230602,0.193893,0.161427,0.134856,0.115252,0.102996,0.0977779,0.0987071,0.104498,0.113687,0.124829,0.136656,0.148163,0.158634,0.167618,0.174874,0.180309,0.183913,0.185704,0.185704,0.183913,0.180309,0.174874,0.167618,0.158634,0.148163,0.136656,0.124829,0.113687,0.104498,0.0987071,0.0977779,0.102996,0.115252,0.134856,0.161427,0.193893,0.230602,0.269535,0.308577,0.345775,0.379564,0.40889,0.433247,0.452618,0.467357,0.478041,0.48532,0.489793,0.491909,0.491909
0.491462,0.491462,0.489246,0.484569,0.476971,0.465847,0.450544,0.430498,0.405383,0.37527,0.340738,0.302924,0.263486,0.224453,0.187996,0.156148,0.130531,0.112151,0.101288,0.0975195,0.0998448,0.106887,0.117118,0.129066,0.141464,0.153333,0.163998,0.173054,0.180309,0.185708,0.18927,0.191036,0.191036,0.18927,0.185708,0.180309,0.173054,0.163998,0.153333,0.141464,0.129066,0.117118,0.106887,0.0998448,0.0975195,0.101288,0.112151,0.130531,0.156148,0.187996,0.224453,0.263486,0.302924,0.340738,0.37527,0.405383,0.430498,0.450544,0.465847,0.476971,0.484569,0.489246,0.491462,0.491462
0.49115,0.49115,0.488866,0.484048,0.476232,0.464807,0.44912,0.428615,0.40299,0.372351,0.337326,0.299115,0.259434,0.220365,0.184112,0.152713,0.127771,0.110239,0.100329,0.0975397,0.100796,0.108659,0.119563,0.132019,0.144764,0.156841,0.167603,0.176681,0.183913,0.18927,0.192793,0.194536,0.194536,0.192793,0.18927,0.183913,0.176681,0.167603,0.156841,0.144764,0.132019,0.119563,0.108659,0.100796,0.0975397,0.100329,0.110239,0.127771,0.152713,0.184112,0.220365,0.259434,0.299115,0.337326,0.372351,0.40299,0.428615,0.44912,0.464807,0.476232,0.484048,0.488866,0.49115,0.49115
0.490991,0.490991,0.488672,0.483782,0.475855,0.464277,0.448395,0.427658,0.401776,0.370874,0.335605,0.297199,0.257404,0.218325,0.182184,0.151023,0.126429,0.109331,0.0999044,0.0976078,0.101328,0.109598,0.120831,0.133532,0.14644,0.15861,0.169411,0.178491,0.185704,0.191036,0.194536,0.196267,0.196267,0.194536,0.191036,0.185704,0.178491,0.169411,0.15861,0.14644,0.133532,0.120831,0.109598,0.101328,0.0976078,0.0999044,0.109331,0.126429,0.151023,0.182184,0.218325,0.257404,0.297199,0.335605,0.370874,0.401776,0.427658,0.448395,0.464277,0.475855,0.483782,0.488672,0.490991,0.490991
0.490991,0.490991,0.488672,0.483782,0.475855,0.464277,0.448395,0.427658,0.401776,0.370874,0.335605,0.297199,0.257404,0.218325,0.182184,0.151023,0.126429,0.109331,0.0999044,0.0976078,0.101328,0.109598,0.120831,0.133532,0.14644,0.15861,0.169411,0.178491,0.185704,0.191036,0.194536,0.196267,0.196267,0.194536,0.191036,0.185704,0.178491,0.169411,0.15861,0.14644,0.133532,0.120831,0.109598,0.101328,0.0976078,0.0999044,0.109331,0.126429,0.151023,0.182184,0.218325,0.257404,0.297199,0.335605,0.370874,0.401776,0.427658,0.448395,0.464277,0.475855,0.483782,0.488672,0.490991,0.490991
0.49115,0.49115,0.488866,0.484048,0.476232,0.464807,0.44912,0.428615,0.40299,0.372351,0.337326,0.299115,0.259434,0.220365,0.184112,0.152713,0.127771,0.110239,0.100329,0.0975397,0.100796,0.108659,0.119563,0.132019,0.144764,0.156841,0.167603,0.176681,0.183913,0.18927,0.192793,0.194536,0.194536,0.192793,0.18927,0.183913,0.176681,0.167603,0.156841,0.144764,0.132019,0.119563,0.108659,0.100796,0.0975397,0.100329,0.110239,0.127771,0.152713,0.184112,0.220365,0.259434,0.299115,0.337326,0.372351,0.40299,0.428615,0.44912,0.464807,0.476232,0.484048,0.488866,0.49115,0.49115
0.491462,0.491462,0.489246,0.484569,0.476971,0.465847,0.450544,0.430498,0.405383,0.37527,0.340738,0.302924,0.263486,0.224453,0.187996,0.156148,0.130531,0.112151,0.101288,0.0975195,0.0998448,0.106887,0.117118,0.129066,0.141464,0.153333,0.163998,0.173054,0.180309,0.185708,0.18927,0.191036,0.191036,0.18927,0.185708,0.180309,0.173054,0.163998,0.153333,0.141464,0.129066,0.117118,0.106887,0.0998448,0.0975195,0.101288,0.112151,0.130531,0.156148,0.187996,0.224453,0.263486,0.302924,0.340738,0.37527,0.405383,0.430498,0.450544,0.465847,0.476971,0.484569,0.489246,0.491462,0.491462
0.491909,0.491909,0.489793,0.48532,0.478041,0.467357,0.452618,0.433247,0.40889,0.379564,0.345775,0.308577,0.269535,0.230602,0.193893,0.161427,0.134856,0.115252,0.102996,0.0977779,0.0987071,0.104498,0.113687,0.124829,0.136656,0.148163,0.158634,0.167618,0.174874,0.180309,0.183913,0.185704,0.185704,0.183913,0.180309,0.174874,0.167618,0.158634,0.148163,0.136656,0.124829,0.113687,0.104498,0.0987071,0.0977779,0.102996,0.115252,0.134856,0.161427,0.193893,0.230602,0.269535,0.308577,0.345775,0.379564,0.40889,0.433247,0.452618,0.467357,0.478041,0.48532,0.489793,0.491909,0.491909
0.492472,0.492472,0.490482,0.48627,0.479398,0.46928,0.455269,0.436775,0.413411,0.385127,0.352342,0.315995,0.277537,0.238813,0.201866,0.168685,0.140948,0.119808,0.105766,0.098657,0.0977329,0.101831,0.109576,0.119569,0.130549,0.141484,0.151611,0.160421,0.167618,0.173054,0.176681,0.178491,0.178491,0.176681,0.173054,0.167618,0.160421,0.151611,0.141484,0.130549,0.119569,0.109576,0.101831,0.0977329,0.098657,0.105766,0.119808,0.140948,0.168685,0.201866,0.238813,0.277537,0.315995,0.352342,0.385127,0.413411,0.436775,0.455269,0.46928,0.479398,0.48627,0.490482,0.492472,0.492472
0.493124,0.493124,0.491282,0.487378,0.480988,0.471543,0.458403,0.44097,0.418816,0.391823,0.360302,0.325064,0.287416,0.249071,0.211973,0.178065,0.149042,0.126139,0.109991,0.1006,0.0973901,0.0993522,0.105225,0.113681,0.123478,0.133566,0.143134,0.151611,0.158634,0.163998,0.167603,0.169411,0.169411,0.167603,0.163998,0.158634,0.151611,0.143134,0.133566,0.123478,0.113681,0.105225,0.0993522,0.0973901,0.1006,0.109991,0.126139,0.149042,0.178065,0.211973,0.249071,0.287416,0.325064,0.360302,0.391823,0.418816,0.44097,0.458403,0.471543,0.480988,0.487378,0.491282,0.493124,0.493124
0.493835,0.493835,0.49216,0.488598,0.482748,0.474063,0.461915,0.445699,0.424951,0.39948,0.369483,0.335625,0.299051,0.261317,0.224242,0.189697,0.159379,0.134595,0.11612,0.104133,0.0982542,0.0976553,0.10122,0.107714,0.11594,0.124841,0.133566,0.141484,0.148163,0.153333,0.156841,0.15861,0.15861,0.156841,0.153333,0.148163,0.141484,0.133566,0.124841,0.11594,0.107714,0.10122,0.0976553,0.0982542,0.104133,0.11612,0.134595,0.159379,0.189697,0.224242,0.261317,0.299051,0.335625,0.369483,0.39948,0.424951,0.445699,0.461915,0.474063,0.482748,0.488598,0.49216,0.493835,0.493835
0.494578,0.494578,0.493079,0.489883,0.484615,0.476751,0.465685,0.450812,0.431637,0.407896,0.379672,0.347475,0.312272,0.27544,0.238647,0.203666,0.172168,0.145517,0.124617,0.10983,0.100983,0.0974506,0.0982889,0.102388,0.108618,0.11594,0.123478,0.130549,0.136656,0.141464,0.144764,0.14644,0.14644,0.144764,0.141464,0.136656,0.130549,0.123478,0.11594,0.108618,0.102388,0.0982889,0.0974506,0.100983,0.10983,0.124617,0.145517,0.172168,0.203666,0.238647,0.27544,0.312272,0.347475,0.379672,0.407896,0.431637,0.450812,0.465685,0.476751,0.484615,0.489883,0.493079,0.494578,0.494578
0.495322,0.495322,0.494004,0.491187,0.486521,0.479515,0.469592,0.456152,0.43868,0.416847,0.390623,0.360363,0.326847,0.291257,0.255084,0.219976,0.187548,0.159192,0.13592,0.118268,0.106273,0.0995273,0.0972818,0.0985794,0.102388,0.107714,0.113681,0.119569,0.124829,0.129066,0.132019,0.133532,0.133532,0.132019,0.129066,0.124829,0.119569,0.113681,0.107714,0.102388,0.0985794,0.0972818,0.0995273,0.106273,0.118268,0.13592,0.159192,0.187548,0.219976,0.255084,0.291257,0.326847,0.360363,0.390623,0.416847,0.43868,0.456152,0.469592,0.479515,0.486521,0.491187,0.494004,0.495322,0.495322
0.496044,0.496044,0.494906,0.492466,0.488405,0.48227,0.473514,0.461561,0.44588,0.426091,0.402061,0.373995,0.342485,0.308507,0.273357,0.238528,0.205547,0.175799,0.150375,0.129962,0.114797,0.104695,0.0991164,0.0972818,0.0982889,0.10122,0.105225,0.109576,0.113687,0.117118,0.119563,0.120831,0.120831,0.119563,0.117118,0.113687,0.109576,0.105225,0.10122,0.0982889,0.0972818,0.0991164,0.104695,0.114797,0.129962,0.150375,0.175799,0.205547,0.238528,0.273357,0.308507,0.342485,0.373995,0.402061,0.426091,0.44588,0.461561,0.473514,0.48227,0.488405,0.492466,0.494906,0.496044,0.496044
0.496721,0.496721,0.495757,0.493683,0.490212,0.484933,0.477341,0.466885,0.453038,0.43538,0.413691,0.38804,0.358835,0.326847,0.293162,0.259094,0.226049,0.195369,0.168182,0.145296,0.127126,0.1137,0.104695,0.0995273,0.0974506,0.0976553,0.0993522,0.101831,0.104498,0.106887,0.108659,0.109598,0.109598,0.108659,0.106887,0.104498,0.101831,0.0993522,0.0976553,0.0974506,0.0995273,0.104695,0.1137,0.127126,0.145296,0.168182,0.195369,0.226049,0.259094,0.293162,0.326847,0.358835,0.38804,0.413691,0.43538,0.453038,0.466885,0.477341,0.484933,0.490212,0.493683,0.495757,0.496721,0.496721
0.497338,0.497338,0.496537,0.494808,0.491896,0.487437,0.480972,0.471987,0.459968,0.444474,0.425219,0.402149,0.375508,0.345864,0.314092,0.281311,0.248774,0.21774,0.189338,0.16445,0.14364,0.127126,0.114797,0.106273,0.100983,0.0982542,0.0973901,0.0977329,0.0987071,0.0998448,0.100796,0.101328,0.101328,0.100796,0.0998448,0.0987071,0.0977329,0.0973901,0.0982542,0.100983,0.106273,0.114797,0.127126,0.14364,0.16445,0.189338,0.21774,0.248774,0.281311,0.314092,0.345864,0.375508,0.402149,0.425219,0.444474,0.459968,0.471987,0.480972,0.487437,0.491896,0.494808,0.496537,0.497338,0.497338
0.497884,0.497884,0.497232,0.495818,0.493424,0.48973,0.484327,0.476748,0.466505,0.453153,0.436358,0.415971,0.392089,0.365095,0.335656,0.304687,0.27327,0.242546,0.213597,0.187342,0.16445,0.145296,0.129962,0.118268,0.10983,0.104133,0.1006,0.098657,0.0977779,0.0975195,0.0975397,0.0976078,0.0976078,0.0975397,0.0975195,0.0977779,0.098657,0.1006,0.104133,0.10983,0.118268,0.129962,0.145296,0.16445,0.187342,0.213597,0.242546,0.27327,0.304687,0.335656,0.365095,0.392089,0.415971,0.436358,0.453153,0.466505,0.476748,0.484327,0.48973,0.493424,0.495818,0.497232,0.497884,0.497884
0.498354,0.498354,0.497834,0.496702,0.494773,0.491773,0.487347,0.481077,0.472514,0.461226,0.446852,0.429173,0.408166,0.384051,0.357301,0.32863,0.298934,0.269212,0.240465,0.213597,0.189338,0.168182,0.150375,0.13592,0.124617,0.11612,0.109991,0.105766,0.102996,0.101288,0.100329,0.0999044,0.0999044,0.100329,0.101288,0.102996,0.105766,0.109991,0.11612,0.124617,0.13592,0.150375,0.168182,0.189338,0.213597,0.240465,0.269212,0.298934,0.32863,0.357301,0.384051,0.408166,0.429173,0.446852,0.461226,0.472514,0.481077,0.487347,0.491773,0.494773,0.496702,0.497834,0.498354,0.498354
0.498748,0.498748,0.498342,0.497454,0.495932,0.493547,0.489995,0.484913,0.477899,0.468546,0.45649,0.441465,0.423359,0.402253,0.378453,0.352483,0.325052,0.296999,0.269212,0.242546,0.21774,0.195369,0.175799,0.159192,0.145517,0.134595,0.126139,0.119808,0.115252,0.112151,0.110239,0.109331,0.109331,0.110239,0.112151,0.115252,0.119808,0.126139,0.134595,0.145517,0.159192,0.175799,0.195369,0.21774,0.242546,0.269212,0.296999,0.325052,0.352483,0.378453,0.402253,0.423359,0.441465,0.45649,0.468546,0.477899,0.484913,0.489995,0.493547,0.495932,0.497454,0.498342,0.498748,0.498748
0.499069,0.499069,0.498759,0.498078,0.496903,0.495047,0.492257,0.488226,0.482601,0.475013,0.465114,0.452615,0.437342,0.419272,0.398567,0.375583,0.350853,0.325052,0.298934,0.27327,0.248774,0.226049,0.205547,0.187548,0.172168,0.159379,0.149042,0.140948,0.134856,0.130531,0.127771,0.126429,0.126429,0.127771,0.130531,0.134856,0.140948,0.149042,0.159379,0.172168,0.187548,0.205547,0.226049,0.248774,0.27327,0.298934,0.325052,0.350853,0.375583,0.398567,0.419272,0.437342,0.452615,0.465114,0.475013,0.482601,0.488226,0.492257,0.495047,0.496903,0.498078,0.498759,0.499069,0.499069
0.499323,0.499323,0.499092,0.498581,0.497695,0.496282,0.494139,0.491011,0.486599,0.48058,0.47263,0.462464,0.44987,0.434753,0.417164,0.397315,0.375583,0.352483,0.32863,0.304687,0.281311,0.259094,0.238528,0.219976,0.203666,0.189697,0.178065,0.168685,0.161427,0.156148,0.152713,0.151023,0.151023,0.152713,0.156148,0.161427,0.168685,0.178065,0.189697,0.203666,0.219976,0.238528,0.259094,0.281311,0.304687,0.32863,0.352483,0.375583,0.397315,0.417164,0.434753,0.44987,0.462464,0.47263,0.48058,0.486599,0.491011,0.494139,0.496282,0.497695,0.498581,0.499092,0.499323,0.499323
0.499519,0.499519,0.499351,0.498977,0.498323,0.497272,0.495664,0.493292,0.489911,0.485244,0.479007,0.47093,0.46079,0.448447,0.433871,0.417164,0.398567,0.378453,0.357301,0.335656,0.314092,0.293162,0.273357,0.255084,0.238647,0.224242,0.211973,0.201866,0.193893,0.187996,0.184112,0.182184,0.182184,0.184112,0.187996,0.193893,0.201866,0.211973,0.224242,0.238647,0.255084,0.273357,0.293162,0.314092,0.335656,0.357301,0.378453,0.398567,0.417164,0.433871,0.448447,0.46079,0.47093,0.479007,0.485244,0.489911,0.493292,0.495664,0.497272,0.498323,0.498977,0.499351,0.499519,0.499519
0.499667,0.499667,0.499547,0.49928,0.498809,0.498046,0.496867,0.49511,0.49258,0.489048,0.484272,0.478009,0.470045,0.460218,0.448447,0.434753,0.419272,0.402253,0.384051,0.365095,0.345864,0.326847,0.308507,0.291257,0.27544,0.261317,0.249071,0.238813,0.230602,0.224453,0.220365,0.218325,0.218325,0.220365,0.224453,0.230602,0.238813,0.249071,0.261317,0.27544,0.291257,0.308507,0.326847,0.345864,0.365095,0.384051,0.402253,0.419272,0.434753,0.448447,0.460218,0.470045,0.478009,0.484272,0.489048,0.49258,0.49511,0.496867,0.498046,0.498809,0.49928,0.499547,0.499667,0.499667
0.499775,0.499775,0.499691,0.499505,0.499174,0.498633,0.49779,0.496521,0.494673,0.492065,0.488498,0.483763,0.477667,0.470045,0.46079,0.44987,0.437342,0.423359,0.408166,0.392089,0.375508,0.358835,0.342485,0.326847,0.312272,0.299051,0.287416,0.277537,0.269535,0.263486,0.259434,0.257404,0.257404,0.259434,0.263486,0.269535,0.277537,0.287416,0.299051,0.312272,0.326847,0.342485,0.358835,0.375508,0.392089,0.408166,0.423359,0.437342,0.44987,0.46079,0.470045,0.477667,0.483763,0.488498,0.492065,0.494673,0.496521,0.49779,0.498633,0.499174,0.499505,0.499691,0.499775,0.499775
0.499851,0.499851,0.499795,0.499668,0.499441,0.499068,0.498479,0.497585,0.496269,0.494393,0.491796,0.488309,0.483763,0.478009,0.47093,0.462464,0.452615,0.441465,0.429173,0.415971,0.402149,0.38804,0.373995,0.360363,0.347475,0.335625,0.325064,0.315995,0.308577,0.302924,0.299115,0.297199,0.297199,0.299115,0.302924,0.308577,0.315995,0.325064,0.335625,0.347475,0.360363,0.373995,0.38804,0.402149,0.415971,0.429173,0.441465,0.452615,0.462464,0.47093,0.478009,0.483763,0.488309,0.491796,0.494393,0.496269,0.497585,0.498479,0.499068,0.499441,0.499668,0.499795,0.499851,0.499851
0.499904,0.499904,0.499867,0.499783,0.499631,0.49938,0.49898,0.498366,0.497453,0.496137,0.494296,0.491796,0.488498,0.484272,0.479007,0.47263,0.465114,0.45649,0.446852,0.436358,0.425219,0.413691,0.402061,0.390623,0.379672,0.369483,0.360302,0.352342,0.345775,0.340738,0.337326,0.335605,0.335605,0.337326,0.340738,0.345775,0.352342,0.360302,0.369483,0.379672,0.390623,0.402061,0.413691,0.425219,0.436358,0.446852,0.45649,0.465114,0.47263,0.479007,0.484272,0.488498,0.491796,0.494296,0.496137,0.497453,0.498366,0.49898,0.49938,0.499631,0.499783,0.499867,0.499904,0.499904
0.49994,0.49994,0.499916,0.499862,0.499763,0.499598,0.499333,0.498922,0.498306,0.497407,0.496137,0.494393,0.492065,0.489048,0.485244,0.48058,0.475013,0.468546,0.461226,0.453153,0.444474,0.43538,0.426091,0.416847,0.407896,0.39948,0.391823,0.385127,0.379564,0.37527,0.372351,0.370874,0.370874,0.372351,0.37527,0.379564,0.385127,0.391823,0.39948,0.407896,0.416847,0.426091,0.43538,0.444474,0.453153,0.461226,0.468546,0.475013,0.48058,0.485244,0.489048,0.492065,0.494393,0.496137,0.497407,0.498306,0.498922,0.499333,0.499598,0.499763,0.499862,0.499916,0.49994,0.49994
0.499963,0.499963,0.499948,0.499914,0.499852,0.499746,0.499575,0.499308,0.498902,0.498306,0.497453,0.496269,0.494673,0.49258,0.489911,0.486599,0.482601,0.477899,0.472514,0.466505,0.459968,0.453038,0.44588,0.43868,0.431637,0.424951,0.418816,0.413411,0.40889,0.405383,0.40299,0.401776,0.401776,0.40299,0.405383,0.40889,0.413411,0.418816,0.424951,0.431637,0.43868,0.44588,0.453038,0.459968,0.466505,0.472514,0.477899,0.482601,0.486599,0.489911,0.49258,0.494673,0.496269,0.497453,0.498306,0.498902,0.499308,0.499575,0.499746,0.499852,0.499914,0.499948,0.499963,0.499963
0.499978,0.499978,0.499969,0.499948,0.49991,0.499844,0.499737,0.499567,0.499308,0.498922,0.498366,0.497585,0.496521,0.49511,0.493292,0.491011,0.488226,0.484913,0.481077,0.476748,0.471987,0.466885,0.461561,0.456152,0.450812,0.445699,0.44097,0.436775,0.433247,0.430498,0.428615,0.427658,0.427658,0.428615,0.430498,0.433247,0.436775,0.44097,0.445699,0.450812,0.456152,0.461561,0.466885,0.471987,0.476748,0.481077,0.484913,0.488226,0.491011,0.493292,0.49511,0.496521,0.497585,0.498366,0.498922,0.499308,0.499567,0.499737,0.499844,0.49991,0.499948,0.499969,0.499978,0.499978
0.499987,0.499987,0.499982,0.499969,0.499946,0.499907,0.499841,0.499737,0.499575,0.499333,0.49898,0.498479,0.49779,0.496867,0.495664,0.494139,0.492257,0.489995,0.487347,0.484327,0.480972,0.477341,0.473514,0.469592,0.465685,0.461915,0.458403,0.455269,0.452618,0.450544,0.44912,0.448395,0.448395,0.44912,0.450544,0.452618,0.455269,0.458403,0.461915,0.465685,0.469592,0.473514,0.477341,0.480972,0.484327,0.487347,0.489995,0.492257,0.494139,0.495664,0.496867,0.49779,0.498479,0.49898,0.499333,0.499575,0.499737,0.499841,0.499907,0.499946,0.499969,0.499982,0.499987,0.499987
0.499993,0.499993,0.49999,0.499982,0.499969,0.499945,0.499907,0.499844,0.499746,0.499598,0.49938,0.499068,0.498633,0.498046,0.497272,0.496282,0.495047,0.493547,0.491773,0.48973,0.487437,0.484933,0.48227,0.479515,0.476751,0.474063,0.471543,0.46928,0.467357,0.465847,0.464807,0.464277,0.464277,0.464807,0.465847,0.467357,0.46928,0.471543,0.474063,0.476751,0.479515,0.48227,0.484933,0.487437,0.48973,0.491773,0.493547,0.495047,0.496282,0.497272,0.498046,0.498633,0.499068,0.49938,0.499598,0.499746,0.499844,0.499907,0.499945,0.499969,0.499982,0.49999,0.499993,0.499993
0.499996,0.499996,0.499994,0.49999,0.499982,0.499969,0.499946,0.49991,0.499852,0.499763,0.499631,0.499441,0.499174,0.498809,0.498323,0.497695,0.496903,0.495932,0.494773,0.493424,0.491896,0.490212,0.488405,0.486521,0.484615,0.482748,0.480988,0.479398,0.478041,0.476971,0.476232,0.475855,0.475855,0.476232,0.476971,0.478041,0.479398,0.480988,0.482748,0.484615,0.486521,0.488405,0.490212,0.491896,0.493424,0.494773,0.495932,0.496903,0.497695,0.498323,0.498809,0.499174,0.499441,0.499631,0.499763,0.499852,0.49991,0.499946,0.499969,0.499982,0.49999,0.499994,0.499996,0.499996
0.499998,0.499998,0.499997,0.499995,0.49999,0.499982,0.499969,0.499948,0.499914,0.499862,0.499783,0.499668,0.499505,0.49928,0.498977,0.498581,0.498078,0.497454,0.496702,0.495818,0.494808,0.493683,0.492466,0.491187,0.489883,0.488598,0.487378,0.48627,0.48532,0.484569,0.484048,0.483782,0.483782,0.484048,0.484569,0.48532,0.48627,0.487378,0.488598,0.489883,0.491187,0.492466,0.493683,0.494808,0.495818,0.496702,0.497454,0.498078,0.498581,0.498977,0.49928,0.499505,0.499668,0.499783,0.499862,0.499914,0.499948,0.499969,0.499982,0.49999,0.499995,0.499997,0.499998,0.499998
0.499999,0.499999,0.499998,0.499997,0.499994,0.49999,0.499982,0.499969,0.499948,0.499916,0.499867,0.499795,0.499691,0.499547,0.499351,0.499092,0.498759,0.498342,0.497834,0.497232,0.496537,0.495757,0.494906,0.494004,0.493079,0.49216,0.491282,0.490482,0.489793,0.489246,0.488866,0.488672,0.488672,0.488866,0.489246,0.489793,0.490482,0.491282,0.49216,0.493079,0.494004,0.494906,0.495757,0.496537,0.497232,0.497834,0.498342,0.498759,0.499092,0.499351,0.499547,0.499691,0.499795,0.499867,0.499916,0.499948,0.499969,0.499982,0.49999,0.499994,0.499997,0.499998,0.499999,0.499999
0.499999,0.499999,0.499999,0.499998,0.499996,0.499993,0.499987,0.499978,0.499963,0.49994,0.499904,0.499851,0.499775,0.499667,0.499519,0.499323,0.499069,0.498748,0.498354,0.497884,0.497338,0.496721,0.496044,0.495322,0.494578,0.493835,0.493124,0.492472,0.491909,0.491462,0.49115,0.490991,0.490991,0.49115,0.491462,0.491909,0.492472,0.493124,0.493835,0.494578,0.495322,0.496044,0.496721,0.497338,0.497884,0.498354,0.498748,0.499069,0.499323,0.499519,0.499667,0.499775,0.499851,0.499904,0.49994,0.499963,0.499978,0.499987,0.499993,0.499996,0.499998,0.499999,0.499999,0.499999
0.499999,0.499999,0.499999,0.499998,0.499996,0.499993,0.499987,0.499978,0.499963,0.49994,0.499904,0.499851,0.499775,0.499667,0.499519,0.499323,0.499069,0.498748,0.498354,0.497884,0.497338,0.496721,0.496044,0.495322,0.494578,0.493835,0.493124,0.492472,0.491909,0.491462,0.49115,0.490991,0.490991,0.49115,0.491462,0.491909,0.492472,0.493124,0.493835,0.494578,0.495322,0.496044,0.496721,0.497338,0.497884,0.498354,0.498748,0.499069,0.499323,0.499519,0.499667,0.499775,0.499851,0.499904,0.49994,0.499963,0.499978,0.499987,0.499993,0.499996,0.499998,0.499999,0.499999,0.499999
