0.5,0.5,0.5,0.5,0.5,0.499999,0.499998,0.499997,0.499995,0.499991,0.499985,0.499976,0.499961,0.49994,0.49991,0.499868,0.499811,0.499735,0.49964,0.499521,0.499378,0.499211,0.499022,0.498816,0.498597,0.498374,0.498156,0.497953,0.497775,0.497633,0.497532,0.497481,0.497481,0.497532,0.497633,0.497775,0.497953,0.498156,0.498374,0.498597,0.498816,0.499022,0.499211,0.499378,0.499521,0.49964,0.499735,0.499811,0.499868,0.49991,0.49994,0.499961,0.499976,0.499985,0.499991,0.499995,0.499997,0.499998,0.499999,0.5,0.5,0.5,0.5,0.5
0.5,0.5,0.5,0.5,0.5,0.499999,0.499998,0.499997,0.499995,0.499991,0.499985,0.499976,0.499961,0.49994,0.49991,0.499868,0.499811,0.499735,0.49964,0.499521,0.499378,0.499211,0.499022,0.498816,0.498597,0.498374,0.498156,0.497953,0.497775,0.497633,0.497532,0.497481,0.497481,0.497532,0.497633,0.497775,0.497953,0.498156,0.498374,0.498597,0.498816,0.499022,0.499211,0.499378,0.499521,0.49964,0.499735,0.499811,0.499868,0.49991,0.49994,0.499961,0.499976,0.499985,0.499991,0.499995,0.499997,0.499998,0.499999,0.5,0.5,0.5,0.5,0.5
0.5,0.5,0.5,0.5,0.499999,0.499999,0.499998,0.499996,0.499992,0.499987,0.499978,0.499964,0.499943,0.499913,0.499869,0.49981,0.499729,0.499624,0.499491,0.499326,0.49913,0.498902,0.498646,0.498367,0.498073,0.497774,0.497484,0.497214,0.496978,0.496789,0.496657,0.496589,0.496589,0.496657,0.496789,0.496978,0.497214,0.497484,0.497774,0.498073,0.498367,0.498646,0.498902,0.49913,0.499326,0.499491,0.499624,0.499729,0.49981,0.499869,0.499913,0.499943,0.499964,0.499978,0.499987,0.499992,0.499996,0.499998,0.499999,0.499999,0.5,0.5,0.5,0.5
0.5,0.5,0.5,0.499999,0.499999,0.499998,0.499996,0.499992,0.499986,0.499976,0.499961,0.499937,0.499901,0.499849,0.499776,0.499676,0.499542,0.49937,0.499152,0.498887,0.498572,0.498209,0.497804,0.497366,0.496907,0.496444,0.495995,0.49558,0.495219,0.494931,0.494729,0.494625,0.494625,0.494729,0.494931,0.495219,0.49558,0.495995,0.496444,0.496907,0.497366,0.497804,0.498209,0.498572,0.498887,0.499152,0.49937,0.499542,0.499676,0.499776,0.499849,0.499901,0.499937,0.499961,0.499976,0.499986,0.499992,0.499996,0.499998,0.499999,0.499999,0.5,0.5,0.5
0.5,0.5,0.499999,0.499999,0.499998,0.499995,0.499992,0.499985,0.499974,0.499956,0.499928,0.499886,0.499822,0.499731,0.499603,0.49943,0.499201,0.498907,0.49854,0.498096,0.497573,0.496976,0.496313,0.4956,0.494859,0.494115,0.493398,0.492738,0.492166,0.49171,0.491392,0.491229,0.491229,0.491392,0.49171,0.492166,0.492738,0.493398,0.494115,0.494859,0.4956,0.496313,0.496976,0.497573,0.498096,0.49854,0.498907,0.499201,0.49943,0.499603,0.499731,0.499822,0.499886,0.499928,0.499956,0.499974,0.499985,0.499992,0.499995,0.499998,0.499999,0.499999,0.5,0.5
0.499999,0.499999,0.499999,0.499998,0.499995,0.499991,0.499984,0.499972,0.499953,0.499921,0.499871,0.499795,0.499684,0.499526,0.499306,0.49901,0.498622,0.498128,0.497518,0.496784,0.495927,0.494955,0.493885,0.492742,0.491561,0.490382,0.489251,0.488216,0.487322,0.48661,0.486116,0.485863,0.485863,0.486116,0.48661,0.487322,0.488216,0.489251,0.490382,0.491561,0.492742,0.493885,0.494955,0.495927,0.496784,0.497518,0.498128,0.498622,0.49901,0.499306,0.499526,0.499684,0.499795,0.499871,0.499921,0.499953,0.499972,0.499984,0.499991,0.499995,0.499998,0.499999,0.499999,0.499999
0.499998,0.499998,0.499998,0.499996,0.499992,0.499984,0.499972,0.499951,0.499916,0.49986,0.499773,0.499643,0.499454,0.499186,0.498817,0.498325,0.497685,0.496879,0.49589,0.494711,0.493345,0.491808,0.490128,0.488347,0.486518,0.484704,0.482973,0.481396,0.48004,0.478964,0.478218,0.477836,0.477836,0.478218,0.478964,0.48004,0.481396,0.482973,0.484704,0.486518,0.488347,0.490128,0.491808,0.493345,0.494711,0.49589,0.496879,0.497685,0.498325,0.498817,0.499186,0.499454,0.499643,0.499773,0.49986,0.499916,0.499951,0.499972,0.499984,0.499992,0.499996,0.499998,0.499998,0.499998
0.499997,0.499997,0.499996,0.499992,0.499985,0.499972,0.499951,0.499914,0.499854,0.499759,0.499613,0.499396,0.499082,0.498642,0.498041,0.497247,0.496225,0.494947,0.493393,0.491558,0.48945,0.487097,0.484546,0.481861,0.479124,0.476427,0.473868,0.471549,0.469562,0.467992,0.466906,0.46635,0.46635,0.466906,0.467992,0.469562,0.471549,0.473868,0.476427,0.479124,0.481861,0.484546,0.487097,0.48945,0.491558,0.493393,0.494947,0.496225,0.497247,0.498041,0.498642,0.499082,0.499396,0.499613,0.499759,0.499854,0.499914,0.499951,0.499972,0.499985,0.499992,0.499996,0.499997,0.499997
0.499995,0.499995,0.499992,0.499986,0.499974,0.499953,0.499916,0.499854,0.499754,0.499597,0.499358,0.499006,0.498501,0.497799,0.496852,0.495609,0.494024,0.492062,0.4897,0.486935,0.483787,0.480305,0.476561,0.472653,0.468699,0.464829,0.461182,0.457894,0.45509,0.452883,0.45136,0.450583,0.450583,0.45136,0.452883,0.45509,0.457894,0.461182,0.464829,0.468699,0.472653,0.476561,0.480305,0.483787,0.486935,0.4897,0.492062,0.494024,0.495609,0.496852,0.497799,0.498501,0.499006,0.499358,0.499597,0.499754,0.499854,0.499916,0.499953,0.499974,0.499986,0.499992,0.499995,0.499995
0.499991,0.499991,0.499987,0.499976,0.499956,0.499921,0.49986,0.499759,0.499597,0.499345,0.498965,0.49841,0.497622,0.496536,0.495085,0.493199,0.49082,0.487902,0.484423,0.48039,0.475844,0.470863,0.465555,0.460064,0.454554,0.449202,0.444193,0.439704,0.435896,0.432911,0.430857,0.42981,0.42981,0.430857,0.432911,0.435896,0.439704,0.444193,0.449202,0.454554,0.460064,0.465555,0.470863,0.475844,0.48039,0.484423,0.487902,0.49082,0.493199,0.495085,0.496536,0.497622,0.49841,0.498965,0.499345,0.499597,0.499759,0.49986,0.499921,0.499956,0.499976,0.499987,0.499991,0.499991
0.499985,0.499985,0.499978,0.499961,0.499928,0.499871,0.499773,0.499613,0.499358,0.498965,0.498378,0.497528,0.496333,0.494703,0.492545,0.48977,0.486305,0.482099,0.477137,0.471445,0.465095,0.458207,0.450941,0.443494,0.436088,0.428956,0.42233,0.416432,0.411459,0.407576,0.404914,0.403561,0.403561,0.404914,0.407576,0.411459,0.416432,0.42233,0.428956,0.436088,0.443494,0.450941,0.458207,0.465095,0.471445,0.477137,0.482099,0.486305,0.48977,0.492545,0.494703,0.496333,0.497528,0.498378,0.498965,0.499358,0.499613,0.499773,0.499871,0.499928,0.499961,0.499978,0.499985,0.499985
0.499976,0.499976,0.499964,0.499937,0.499886,0.499795,0.499643,0.499396,0.499006,0.49841,0.497528,0.496263,0.494502,0.492124,0.489009,0.485046,0.480151,0.474274,0.467418,0.45964,0.451059,0.441852,0.432244,0.422499,0.412902,0.403746,0.395312,0.387859,0.381615,0.376766,0.373453,0.371773,0.371773,0.373453,0.376766,0.381615,0.387859,0.395312,0.403746,0.412902,0.422499,0.432244,0.441852,0.451059,0.45964,0.467418,0.474274,0.480151,0.485046,0.489009,0.492124,0.494502,0.496263,0.497528,0.49841,0.499006,0.499396,0.499643,0.499795,0.499886,0.499937,0.499964,0.499976,0.499976
0.499961,0.499961,0.499943,0.499901,0.499822,0.499684,0.499454,0.499082,0.498501,0.497622,0.496333,0.494502,0.491979,0.488609,0.484241,0.478746,0.472034,0.464071,0.454888,0.444595,0.433374,0.421477,0.409206,0.396902,0.384916,0.373598,0.363271,0.354222,0.346695,0.340883,0.336931,0.334931,0.334931,0.336931,0.340883,0.346695,0.354222,0.363271,0.373598,0.384916,0.396902,0.409206,0.421477,0.433374,0.444595,0.454888,0.464071,0.472034,0.478746,0.484241,0.488609,0.491979,0.494502,0.496333,0.497622,0.498501,0.499082,0.499454,0.499684,0.499822,0.499901,0.499943,0.499961,0.499961
0.49994,0.49994,0.499913,0.499849,0.499731,0.499526,0.499186,0.498642,0.497799,0.496536,0.494703,0.492124,0.488609,0.483964,0.47801,0.470607,0.461672,0.451199,0.439275,0.426078,0.411876,0.39701,0.381874,0.366886,0.352464,0.339001,0.326848,0.316301,0.307601,0.300929,0.296413,0.294136,0.294136,0.296413,0.300929,0.307601,0.316301,0.326848,0.339001,0.352464,0.366886,0.381874,0.39701,0.411876,0.426078,0.439275,0.451199,0.461672,0.470607,0.47801,0.483964,0.488609,0.492124,0.494703,0.496536,0.497799,0.498642,0.499186,0.499526,0.499731,0.499849,0.499913,0.49994,0.49994
0.49991,0.49991,0.499869,0.499776,0.499603,0.499306,0.498817,0.498041,0.496852,0.495085,0.492545,0.489009,0.484241,0.47801,0.470117,0.46042,0.448862,0.43549,0.420466,0.404065,0.386659,0.368695,0.350662,0.333053,0.316341,0.300943,0.287213,0.275431,0.265805,0.258482,0.253554,0.251078,0.251078,0.253554,0.258482,0.265805,0.275431,0.287213,0.300943,0.316341,0.333053,0.350662,0.368695,0.386659,0.404065,0.420466,0.43549,0.448862,0.46042,0.470117,0.47801,0.484241,0.489009,0.492545,0.495085,0.496852,0.498041,0.498817,0.499306,0.499603,0.499776,0.499869,0.49991,0.49991
0.499868,0.499868,0.49981,0.499676,0.49943,0.49901,0.498325,0.497247,0.495609,0.493199,0.48977,0.485046,0.478746,0.470607,0.46042,0.448061,0.433524,0.416934,0.398556,0.378787,0.358122,0.337122,0.31637,0.296423,0.277784,0.26087,0.246002,0.233411,0.223243,0.21558,0.210462,0.207901,0.207901,0.210462,0.21558,0.223243,0.233411,0.246002,0.26087,0.277784,0.296423,0.31637,0.337122,0.358122,0.378787,0.398556,0.416934,0.433524,0.448061,0.46042,0.470607,0.478746,0.485046,0.48977,0.493199,0.495609,0.497247,0.498325,0.49901,0.49943,0.499676,0.49981,0.499868,0.499868
0.499811,0.499811,0.499729,0.499542,0.499201,0.498622,0.497685,0.496225,0.494024,0.49082,0.486305,0.480151,0.472034,0.461672,0.448862,0.433524,0.415728,0.395709,0.373869,0.350742,0.326963,0.303209,0.280143,0.258366,0.238378,0.220559,0.205162,0.192329,0.182112,0.174505,0.169469,0.166964,0.166964,0.169469,0.174505,0.182112,0.192329,0.205162,0.220559,0.238378,0.258366,0.280143,0.303209,0.326963,0.350742,0.373869,0.395709,0.415728,0.433524,0.448862,0.461672,0.472034,0.480151,0.486305,0.49082,0.494024,0.496225,0.497685,0.498622,0.499201,0.499542,0.499729,0.499811,0.499811
0.499735,0.499735,0.499624,0.49937,0.498907,0.498128,0.496879,0.494947,0.492062,0.487902,0.482099,0.474274,0.464071,0.451199,0.43549,0.416934,0.395709,0.372196,0.346953,0.320676,0.294141,0.268131,0.24337,0.220469,0.199888,0.181926,0.166728,0.154312,0.144606,0.137491,0.132838,0.130541,0.130541,0.132838,0.137491,0.144606,0.154312,0.166728,0.181926,0.199888,0.220469,0.24337,0.268131,0.294141,0.320676,0.346953,0.372196,0.395709,0.416934,0.43549,0.451199,0.464071,0.474274,0.482099,0.487902,0.492062,0.494947,0.496879,0.498128,0.498907,0.49937,0.499624,0.499735,0.499735
0.49964,0.49964,0.499491,0.499152,0.49854,0.497518,0.49589,0.493393,0.4897,0.484423,0.477137,0.467418,0.454888,0.439275,0.420466,0.398556,0.373869,0.346953,0.318549,0.289522,0.260784,0.233206,0.207539,0.184364,0.164057,0.146794,0.132571,0.121255,0.112626,0.106437,0.102459,0.100517,0.100517,0.102459,0.106437,0.112626,0.121255,0.132571,0.146794,0.164057,0.184364,0.207539,0.233206,0.260784,0.289522,0.318549,0.346953,0.373869,0.398556,0.420466,0.439275,0.454888,0.467418,0.477137,0.484423,0.4897,0.493393,0.49589,0.497518,0.49854,0.499152,0.499491,0.49964,0.49964
0.499521,0.499521,0.499326,0.498887,0.498096,0.496784,0.494711,0.491558,0.486935,0.48039,0.471445,0.45964,0.444595,0.426078,0.404065,0.378787,0.350742,0.320676,0.289522,0.258314,0.228083,0.199755,0.174072,0.151537,0.132398,0.116667,0.104163,0.0945776,0.0875329,0.0826497,0.0795978,0.0781355,0.0781355,0.0795978,0.0826497,0.0875329,0.0945776,0.104163,0.116667,0.132398,0.151537,0.174072,0.199755,0.228083,0.258314,0.289522,0.320676,0.350742,0.378787,0.404065,0.426078,0.444595,0.45964,0.471445,0.48039,0.486935,0.491558,0.494711,0.496784,0.498096,0.498887,0.499326,0.499521,0.499521
0.499378,0.499378,0.49913,0.498572,0.497573,0.495927,0.493345,0.48945,0.483787,0.475844,0.465095,0.451059,0.433374,0.411876,0.386659,0.358122,0.326963,0.294141,0.260784,0.228083,0.197159,0.168958,0.144164,0.123157,0.106015,0.092557,0.0824042,0.0750619,0.0699959,0.0667017,0.0647577,0.0638636,0.0638636,0.0647577,0.0667017,0.0699959,0.0750619,0.0824042,0.092557,0.106015,0.123157,0.144164,0.168958,0.197159,0.228083,0.260784,0.294141,0.326963,0.358122,0.386659,0.411876,0.433374,0.451059,0.465095,0.475844,0.483787,0.48945,0.493345,0.495927,0.497573,0.498572,0.49913,0.499378,0.499378
0.499211,0.499211,0.498902,0.498209,0.496976,0.494955,0.491808,0.487097,0.480305,0.470863,0.458207,0.441852,0.421477,0.39701,0.368695,0.337122,0.303209,0.268131,0.233206,0.199755,0.168958,0.141734,0.118662,0.0999592,0.0855014,0.0748915,0.0675462,0.0627911,0.0599473,0.0584024,0.0576614,0.0573791,0.0573791,0.0576614,0.0584024,0.0599473,0.0627911,0.0675462,0.0748915,0.0855014,0.0999592,0.118662,0.141734,0.168958,0.199755,0.233206,0.268131,0.303209,0.337122,0.368695,0.39701,0.421477,0.441852,0.458207,0.470863,0.480305,0.487097,0.491808,0.494955,0.496976,0.498209,0.498902,0.499211,0.499211
0.499022,0.499022,0.498646,0.497804,0.496313,0.493885,0.490128,0.484546,0.476561,0.465555,0.450941,0.432244,0.409206,0.381874,0.350662,0.31637,0.280143,0.24337,0.207539,0.174072,0.144164,0.118662,0.0980016,0.0821994,0.0709089,0.0635106,0.0592217,0.0572054,0.0566616,0.0568959,0.0573627,0.0576901,0.0576901,0.0573627,0.0568959,0.0566616,0.0572054,0.0592217,0.0635106,0.0709089,0.0821994,0.0980016,0.118662,0.144164,0.174072,0.207539,0.24337,0.280143,0.31637,0.350662,0.381874,0.409206,0.432244,0.450941,0.465555,0.476561,0.484546,0.490128,0.493885,0.496313,0.497804,0.498646,0.499022,0.499022
0.498816,0.498816,0.498367,0.497366,0.4956,0.492742,0.488347,0.481861,0.472653,0.460064,0.443494,0.422499,0.396902,0.366886,0.333053,0.296423,0.258366,0.220469,0.184364,0.151537,0.123157,0.0999592,0.0821994,0.069674,0.061804,0.0577532,0.0565579,0.0572449,0.0589238,0.0608477,0.0624471,0.0633414,0.0633414,0.0624471,0.0608477,0.0589238,0.0572449,0.0565579,0.0577532,0.061804,0.069674,0.0821994,0.0999592,0.123157,0.151537,0.184364,0.220469,0.258366,0.296423,0.333053,0.366886,0.396902,0.422499,0.443494,0.460064,0.472653,0.481861,0.488347,0.492742,0.4956,0.497366,0.498367,0.498816,0.498816
0.498597,0.498597,0.498073,0.496907,0.494859,0.491561,0.486518,0.479124,0.468699,0.454554,0.436088,0.412902,0.384916,0.352464,0.316341,0.277784,0.238378,0.199888,0.164057,0.132398,0.106015,0.0855014,0.0709089,0.061804,0.0573797,0.0566004,0.058348,0.061545,0.0652435,0.0686752,0.0712711,0.0726599,0.0726599,0.0712711,0.0686752,0.0652435,0.061545,0.058348,0.0566004,0.0573797,0.061804,0.0709089,0.0855014,0.106015,0.132398,0.164057,0.199888,0.238378,0.277784,0.316341,0.352464,0.384916,0.412902,0.436088,0.454554,0.468699,0.479124,0.486518,0.491561,0.494859,0.496907,0.498073,0.498597,0.498597
0.498374,0.498374,0.497774,0.496444,0.494115,0.490382,0.484704,0.476427,0.464829,0.449202,0.428956,0.403746,0.373598,0.339001,0.300943,0.26087,0.220559,0.181926,0.146794,0.116667,0.092557,0.0748915,0.0635106,0.0577532,0.0566004,0.0588427,0.0632382,0.0686389,0.0740704,0.0787702,0.0821909,0.0839849,0.0839849,0.0821909,0.0787702,0.0740704,0.0686389,0.0632382,0.0588427,0.0566004,0.0577532,0.0635106,0.0748915,0.092557,0.116667,0.146794,0.181926,0.220559,0.26087,0.300943,0.339001,0.373598,0.403746,0.428956,0.449202,0.464829,0.476427,0.484704,0.490382,0.494115,0.496444,0.497774,0.498374,0.498374
0.498156,0.498156,0.497484,0.495995,0.493398,0.489251,0.482973,0.473868,0.461182,0.444193,0.42233,0.395312,0.363271,0.326848,0.287213,0.246002,0.205162,0.166728,0.132571,0.104163,0.0824042,0.0675462,0.0592217,0.0565579,0.058348,0.0632382,0.0698954,0.0771304,0.0839693,0.0896758,0.0937391,0.0958448,0.0958448,0.0937391,0.0896758,0.0839693,0.0771304,0.0698954,0.0632382,0.058348,0.0565579,0.0592217,0.0675462,0.0824042,0.104163,0.132571,0.166728,0.205162,0.246002,0.287213,0.326848,0.363271,0.395312,0.42233,0.444193,0.461182,0.473868,0.482973,0.489251,0.493398,0.495995,0.497484,0.498156,0.498156
0.497953,0.497953,0.497214,0.49558,0.492738,0.488216,0.481396,0.471549,0.457894,0.439704,0.416432,0.387859,0.354222,0.316301,0.275431,0.233411,0.192329,0.154312,0.121255,0.0945776,0.0750619,0.0627911,0.0572054,0.0572449,0.061545,0.0686389,0.0771304,0.0858142,0.0937349,0.100195,0.104729,0.10706,0.10706,0.104729,0.100195,0.0937349,0.0858142,0.0771304,0.0686389,0.061545,0.0572449,0.0572054,0.0627911,0.0750619,0.0945776,0.121255,0.154312,0.192329,0.233411,0.275431,0.316301,0.354222,0.387859,0.416432,0.439704,0.457894,0.471549,0.481396,0.488216,0.492738,0.49558,0.497214,0.497953,0.497953
0.497775,0.497775,0.496978,0.495219,0.492166,0.487322,0.48004,0.469562,0.45509,0.435896,0.411459,0.381615,0.346695,0.307601,0.265805,0.223243,0.182112,0.144606,0.112626,0.0875329,0.0699959,0.0599473,0.0566616,0.0589238,0.0652435,0.0740704,0.0839693,0.0937349,0.10244,0.109431,0.114288,0.11677,0.11677,0.114288,0.109431,0.10244,0.0937349,0.0839693,0.0740704,0.0652435,0.0589238,0.0566616,0.0599473,0.0699959,0.0875329,0.112626,0.144606,0.182112,0.223243,0.265805,0.307601,0.346695,0.381615,0.411459,0.435896,0.45509,0.469562,0.48004,0.487322,0.492166,0.495219,0.496978,0.497775,0.497775
0.497633,0.497633,0.496789,0.494931,0.49171,0.48661,0.478964,0.467992,0.452883,0.432911,0.407576,0.376766,0.340883,0.300929,0.258482,0.21558,0.174505,0.137491,0.106437,0.0826497,0.0667017,0.0584024,0.0568959,0.0608477,0.0686752,0.0787702,0.0896758,0.100195,0.109431,0.116771,0.121833,0.124409,0.124409,0.121833,0.116771,0.109431,0.100195,0.0896758,0.0787702,0.0686752,0.0608477,0.0568959,0.0584024,0.0667017,0.0826497,0.106437,0.137491,0.174505,0.21558,0.258482,0.300929,0.340883,0.376766,0.407576,0.432911,0.452883,0.467992,0.478964,0.48661,0.49171,0.494931,0.496789,0.497633,0.497633
0.497532,0.497532,0.496657,0.494729,0.491392,0.486116,0.478218,0.466906,0.45136,0.430857,0.404914,0.373453,0.336931,0.296413,0.253554,0.210462,0.169469,0.132838,0.102459,0.0795978,0.0647577,0.0576614,0.0573627,0.0624471,0.0712711,0.0821909,0.0937391,0.104729,0.114288,0.121833,0.127013,0.129642,0.129642,0.127013,0.121833,0.114288,0.104729,0.0937391,0.0821909,0.0712711,0.0624471,0.0573627,0.0576614,0.0647577,0.0795978,0.102459,0.132838,0.169469,0.210462,0.253554,0.296413,0.336931,0.373453,0.404914,0.430857,0.45136,0.466906,0.478218,0.486116,0.491392,0.494729,0.496657,0.497532,0.497532
0.497481,0.497481,0.496589,0.494625,0.491229,0.485863,0.477836,0.46635,0.450583,0.42981,0.403561,0.371773,0.334931,0.294136,0.251078,0.207901,0.166964,0.130541,0.100517,0.0781355,0.0638636,0.0573791,0.0576901,0.0633414,0.0726599,0.0839849,0.0958448,0.10706,0.11677,0.124409,0.129642,0.132294,0.132294,0.129642,0.124409,0.11677,0.10706,0.0958448,0.0839849,0.0726599,0.0633414,0.0576901,0.0573791,0.0638636,0.0781355,0.100517,0.130541,0.166964,0.207901,0.251078,0.294136,0.334931,0.371773,0.403561,0.42981,0.450583,0.46635,0.477836,0.485863,0.491229,0.494625,0.496589,0.497481,0.497481
0.497481,0.497481,0.496589,0.494625,0.491229,0.485863,0.477836,0.46635,0.450583,0.42981,0.403561,0.371773,0.334931,0.294136,0.251078,0.207901,0.166964,0.130541,0.100517,0.0781355,0.0638636,0.0573791,0.0576901,0.0633414,0.0726599,0.0839849,0.0958448,0.10706,0.11677,0.124409,0.129642,0.132294,0.132294,0.129642,0.124409,0.11677,0.10706,0.0958448,0.0839849,0.0726599,0.0633414,0.0576901,0.0573791,0.0638636,0.0781355,0.100517,0.130541,0.166964,0.207901,0.251078,0.294136,0.334931,0.371773,0.403561,0.42981,0.450583,0.46635,0.477836,0.485863,0.491229,0.494625,0.496589,0.497481,0.497481
0.497532,0.497532,0.496657,0.494729,0.491392,0.486116,0.478218,0.466906,0.45136,0.430857,0.404914,0.373453,0.336931,0.296413,0.253554,0.210462,0.169469,0.132838,0.102459,0.0795978,0.0647577,0.0576614,0.0573627,0.0624471,0.0712711,0.0821909,0.0937391,0.104729,0.114288,0.121833,0.127013,0.129642,0.129642,0.127013,0.121833,0.114288,0.104729,0.0937391,0.0821909,0.0712711,0.0624471,0.0573627,0.0576614,0.0647577,0.0795978,0.102459,0.132838,0.169469,0.210462,0.253554,0.296413,0.336931,0.373453,0.404914,0.430857,0.45136,0.466906,0.478218,0.486116,0.491392,0.494729,0.496657,0.497532,0.497532
0.497633,0.497633,0.496789,0.494931,0.49171,0.48661,0.478964,0.467992,0.452883,0.432911,0.407576,0.376766,0.340883,0.300929,0.258482,0.21558,0.174505,0.137491,0.106437,0.0826497,0.0667017,0.0584024,0.0568959,0.0608477,0.0686752,0.0787702,0.0896758,0.100195,0.109431,0.116771,0.121833,0.124409,0.124409,0.121833,0.116771,0.109431,0.100195,0.0896758,0.0787702,0.0686752,0.0608477,0.0568959,0.0584024,0.0667017,0.0826497,0.106437,0.137491,0.174505,0.21558,0.258482,0.300929,0.340883,0.376766,0.407576,0.432911,0.452883,0.467992,0.478964,0.48661,0.49171,0.494931,0.496789,0.497633,0.497633
0.497775,0.497775,0.496978,0.495219,0.492166,0.487322,0.48004,0.469562,0.45509,0.435896,0.411459,0.381615,0.346695,0.307601,0.265805,0.223243,0.182112,0.144606,0.112626,0.0875329,0.0699959,0.0599473,0.0566616,0.0589238,0.0652435,0.0740704,0.0839693,0.0937349,0.10244,0.109431,0.114288,0.11677,0.11677,0.114288,0.109431,0.10244,0.0937349,0.0839693,0.0740704,0.0652435,0.0589238,0.0566616,0.0599473,0.0699959,0.0875329,0.112626,0.144606,0.182112,0.223243,0.265805,0.307601,0.346695,0.381615,0.411459,0.435896,0.45509,0.469562,0.48004,0.487322,0.492166,0.495219,0.496978,0.497775,0.497775
0.497953,0.497953,0.497214,0.49558,0.492738,0.488216,0.481396,0.471549,0.457894,0.439704,0.416432,0.387859,0.354222,0.316301,0.275431,0.233411,0.192329,0.154312,0.121255,0.0945776,0.0750619,0.0627911,0.0572054,0.0572449,0.061545,0.0686389,0.0771304,0.0858142,0.0937349,0.100195,0.104729,0.10706,0.10706,0.104729,0.100195,0.0937349,0.0858142,0.0771304,0.0686389,0.061545,0.0572449,0.0572054,0.0627911,0.0750619,0.0945776,0.121255,0.154312,0.192329,0.233411,0.275431,0.316301,0.354222,0.387859,0.416432,0.439704,0.457894,0.471549,0.481396,0.488216,0.492738,0.49558,0.497214,0.497953,0.497953
0.498156,0.498156,0.497484,0.495995,0.493398,0.489251,0.482973,0.473868,0.461182,0.444193,0.42233,0.395312,0.363271,0.326848,0.287213,0.246002,0.205162,0.166728,0.132571,0.104163,0.0824042,0.0675462,0.0592217,0.0565579,0.058348,0.0632382,0.0698954,0.0771304,0.0839693,0.0896758,0.0937391,0.0958448,0.0958448,0.0937391,0.0896758,0.0839693,0.0771304,0.0698954,0.0632382,0.058348,0.0565579,0.0592217,0.0675462,0.0824042,0.104163,0.132571,0.166728,0.205162,0.246002,0.287213,0.326848,0.363271,0.395312,0.42233,0.444193,0.461182,0.473868,0.482973,0.489251,0.493398,0.495995,0.497484,0.498156,0.498156
0.498374,0.498374,0.497774,0.496444,0.494115,0.490382,0.484704,0.476427,0.464829,0.449202,0.428956,0.403746,0.373598,0.339001,0.300943,0.26087,0.220559,0.181926,0.146794,0.116667,0.092557,0.0748915,0.0635106,0.0577532,0.0566004,0.0588427,0.0632382,0.0686389,0.0740704,0.0787702,0.0821909,0.0839849,0.0839849,0.0821909,0.0787702,0.0740704,0.0686389,0.0632382,0.0588427,0.0566004,0.0577532,0.0635106,0.0748915,0.092557,0.116667,0.146794,0.181926,0.220559,0.26087,0.300943,0.339001,0.373598,0.403746,0.428956,0.449202,0.464829,0.476427,0.484704,0.490382,0.494115,0.496444,0.497774,0.498374,0.498374
0.498597,0.498597,0.498073,0.496907,0.494859,0.491561,0.486518,0.479124,0.468699,0.454554,0.436088,0.412902,0.384916,0.352464,0.316341,0.277784,0.238378,0.199888,0.164057,0.132398,0.106015,0.0855014,0.0709089,0.061804,0.0573797,0.0566004,0.058348,0.061545,0.0652435,0.0686752,0.0712711,0.0726599,0.0726599,0.0712711,0.0686752,0.0652435,0.061545,0.058348,0.0566004,0.0573797,0.061804,0.0709089,0.0855014,0.106015,0.132398,0.164057,0.199888,0.238378,0.277784,0.316341,0.352464,0.384916,0.412902,0.436088,0.454554,0.468699,0.479124,0.486518,0.491561,0.494859,0.496907,0.498073,0.498597,0.498597
0.498816,0.498816,0.498367,0.497366,0.4956,0.492742,0.488347,0.481861,0.472653,0.460064,0.443494,0.422499,0.396902,0.366886,0.333053,0.296423,0.258366,0.220469,0.184364,0.151537,0.123157,0.0999592,0.0821994,0.069674,0.061804,0.0577532,0.0565579,0.0572449,0.0589238,0.0608477,0.0624471,0.0633414,0.0633414,0.0624471,0.0608477,0.0589238,0.0572449,0.0565579,0.0577532,0.061804,0.069674,0.0821994,0.0999592,0.123157,0.151537,0.184364,0.220469,0.258366,0.296423,0.333053,0.366886,0.396902,0.422499,0.443494,0.460064,0.472653,0.481861,0.488347,0.492742,0.4956,0.497366,0.498367,0.498816,0.498816
0.499022,0.499022,0.498646,0.497804,0.496313,0.493885,0.490128,0.484546,0.476561,0.465555,0.450941,0.432244,0.409206,0.381874,0.350662,0.31637,0.280143,0.24337,0.207539,0.174072,0.144164,0.118662,0.0980016,0.0821994,0.0709089,0.0635106,0.0592217,0.0572054,0.0566616,0.0568959,0.0573627,0.0576901,0.0576901,0.0573627,0.0568959,0.0566616,0.0572054,0.0592217,0.0635106,0.0709089,0.0821994,0.0980016,0.118662,0.144164,0.174072,0.207539,0.24337,0.280143,0.31637,0.350662,0.381874,0.409206,0.432244,0.450941,0.465555,0.476561,0.484546,0.490128,0.493885,0.496313,0.497804,0.498646,0.499022,0.499022
0.499211,0.499211,0.498902,0.498209,0.496976,0.494955,0.491808,0.487097,0.480305,0.470863,0.458207,0.441852,0.421477,0.39701,0.368695,0.337122,0.303209,0.268131,0.233206,0.199755,0.168958,0.141734,0.118662,0.0999592,0.0855014,0.0748915,0.0675462,0.0627911,0.0599473,0.0584024,0.0576614,0.0573791,0.0573791,0.0576614,0.0584024,0.0599473,0.0627911,0.0675462,0.0748915,0.0855014,0.0999592,0.118662,0.141734,0.168958,0.199755,0.233206,0.268131,0.303209,0.337122,0.368695,0.39701,0.421477,0.441852,0.458207,0.470863,0.480305,0.487097,0.491808,0.494955,0.496976,0.498209,0.498902,0.499211,0.499211
0.499378,0.499378,0.49913,0.498572,0.497573,0.495927,0.493345,0.48945,0.483787,0.475844,0.465095,0.451059,0.433374,0.411876,0.386659,0.358122,0.326963,0.294141,0.260784,0.228083,0.197159,0.168958,0.144164,0.123157,0.106015,0.092557,0.0824042,0.0750619,0.0699959,0.0667017,0.0647577,0.0638636,0.0638636,0.0647577,0.0667017,0.0699959,0.0750619,0.0824042,0.092557,0.106015,0.123157,0.144164,0.168958,0.197159,0.228083,0.260784,0.294141,0.326963,0.358122,0.386659,0.411876,0.433374,0.451059,0.465095,0.475844,0.483787,0.48945,0.493345,0.495927,0.497573,0.498572,0.49913,0.499378,0.499378
0.499521,0.499521,0.499326,0.498887,0.498096,0.496784,0.494711,0.491558,0.486935,0.48039,0.471445,0.45964,0.444595,0.426078,0.404065,0.378787,0.350742,0.320676,0.289522,0.258314,0.228083,0.199755,0.174072,0.151537,0.132398,0.116667,0.104163,0.0945776,0.0875329,0.0826497,0.0795978,0.0781355,0.0781355,0.0795978,0.0826497,0.0875329,0.0945776,0.104163,0.116667,0.132398,0.151537,0.174072,0.199755,0.228083,0.258314,0.289522,0.320676,0.350742,0.378787,0.404065,0.426078,0.444595,0.45964,0.471445,0.48039,0.486935,0.491558,0.494711,0.496784,0.498096,0.498887,0.499326,0.499521,0.499521
0.49964,0.49964,0.499491,0.499152,0.49854,0.497518,0.49589,0.493393,0.4897,0.484423,0.477137,0.467418,0.454888,0.439275,0.420466,0.398556,0.373869,0.346953,0.318549,0.289522,0.260784,0.233206,0.207539,0.184364,0.164057,0.146794,0.132571,0.121255,0.112626,0.106437,0.102459,0.100517,0.100517,0.102459,0.106437,0.112626,0.121255,0.132571,0.146794,0.164057,0.184364,0.207539,0.233206,0.260784,0.289522,0.318549,0.346953,0.373869,0.398556,0.420466,0.439275,0.454888,0.467418,0.477137,0.484423,0.4897,0.493393,0.49589,0.497518,0.49854,0.499152,0.499491,0.49964,0.49964
0.499735,0.499735,0.499624,0.49937,0.498907,0.498128,0.496879,0.494947,0.492062,0.487902,0.482099,0.474274,0.464071,0.451199,0.43549,0.416934,0.395709,0.372196,0.346953,0.320676,0.294141,0.268131,0.24337,0.220469,0.199888,0.181926,0.166728,0.154312,0.144606,0.137491,0.132838,0.130541,0.130541,0.132838,0.137491,0.144606,0.154312,0.166728,0.181926,0.199888,0.220469,0.24337,0.268131,0.294141,0.320676,0.346953,0.372196,0.395709,0.416934,0.43549,0.451199,0.464071,0.474274,0.482099,0.487902,0.492062,0.494947,0.496879,0.498128,0.498907,0.49937,0.499624,0.499735,0.499735
0.499811,0.499811,0.499729,0.499542,0.499201,0.498622,0.497685,0.496225,0.494024,0.49082,0.486305,0.480151,0.472034,0.461672,0.448862,0.433524,0.415728,0.395709,0.373869,0.350742,0.326963,0.303209,0.280143,0.258366,0.238378,0.220559,0.205162,0.192329,0.182112,0.174505,0.169469,0.166964,0.166964,0.169469,0.174505,0.182112,0.192329,0.205162,0.220559,0.238378,0.258366,0.280143,0.303209,0.326963,0.350742,0.373869,0.395709,0.415728,0.433524,0.448862,0.461672,0.472034,0.480151,0.486305,0.49082,0.494024,0.496225,0.497685,0.498622,0.499201,0.499542,0.499729,0.499811,0.499811
0.499868,0.499868,0.49981,0.499676,0.49943,0.49901,0.498325,0.497247,0.495609,0.493199,0.48977,0.485046,0.478746,0.470607,0.46042,0.448061,0.433524,0.416934,0.398556,0.378787,0.358122,0.337122,0.31637,0.296423,0.277784,0.26087,0.246002,0.233411,0.223243,0.21558,0.210462,0.207901,0.207901,0.210462,0.21558,0.223243,0.233411,0.246002,0.26087,0.277784,0.296423,0.31637,0.337122,0.358122,0.378787,0.398556,0.416934,0.433524,0.448061,0.46042,0.470607,0.478746,0.485046,0.48977,0.493199,0.495609,0.497247,0.498325,0.49901,0.49943,0.499676,0.49981,0.499868,0.499868
0.49991,0.49991,0.499869,0.499776,0.499603,0.499306,0.498817,0.498041,0.496852,0.495085,0.492545,0.489009,0.484241,0.47801,0.470117,0.46042,0.448862,0.43549,0.420466,0.404065,0.386659,0.368695,0.350662,0.333053,0.316341,0.300943,0.287213,0.275431,0.265805,0.258482,0.253554,0.251078,0.251078,0.253554,0.258482,0.265805,0.275431,0.287213,0.300943,0.316341,0.333053,0.350662,0.368695,0.386659,0.404065,0.420466,0.43549,0.448862,0.46042,0.470117,0.47801,0.484241,0.489009,0.492545,0.495085,0.496852,0.498041,0.498817,0.499306,0.499603,0.499776,0.499869,0.49991,0.49991
0.49994,0.49994,0.499913,0.499849,0.499731,0.499526,0.499186,0.498642,0.497799,0.496536,0.494703,0.492124,0.488609,0.483964,0.47801,0.470607,0.461672,0.451199,0.439275,0.426078,0.411876,0.39701,0.381874,0.366886,0.352464,0.339001,0.326848,0.316301,0.307601,0.300929,0.296413,0.294136,0.294136,0.296413,0.300929,0.307601,0.316301,0.326848,0.339001,0.352464,0.366886,0.381874,0.39701,0.411876,0.426078,0.439275,0.451199,0.461672,0.470607,0.47801,0.483964,0.488609,0.492124,0.494703,0.496536,0.497799,0.498642,0.499186,0.499526,0.499731,0.499849,0.499913,0.49994,0.49994
0.499961,0.499961,0.499943,0.499901,0.499822,0.499684,0.499454,0.499082,0.498501,0.497622,0.496333,0.494502,0.491979,0.488609,0.484241,0.478746,0.472034,0.464071,0.454888,0.444595,0.433374,0.421477,0.409206,0.396902,0.384916,0.373598,0.363271,0.354222,0.346695,0.340883,0.336931,0.334931,0.334931,0.336931,0.340883,0.346695,0.354222,0.363271,0.373598,0.384916,0.396902,0.409206,0.421477,0.433374,0.444595,0.454888,0.464071,0.472034,0.478746,0.484241,0.488609,0.491979,0.494502,0.496333,0.497622,0.498501,0.499082,0.499454,0.499684,0.499822,0.499901,0.499943,0.499961,0.499961
0.499976,0.499976,0.499964,0.499937,0.499886,0.499795,0.499643,0.499396,0.499006,0.49841,0.497528,0.496263,0.494502,0.492124,0.489009,0.485046,0.480151,0.474274,0.467418,0.45964,0.451059,0.441852,0.432244,0.422499,0.412902,0.403746,0.395312,0.387859,0.381615,0.376766,0.373453,0.371773,0.371773,0.373453,0.376766,0.381615,0.387859,0.395312,0.403746,0.412902,0.422499,0.432244,0.441852,0.451059,0.45964,0.467418,0.474274,0.480151,0.485046,0.489009,0.492124,0.494502,0.496263,0.497528,0.49841,0.499006,0.499396,0.499643,0.499795,0.499886,0.499937,0.499964,0.499976,0.499976
0.499985,0.499985,0.499978,0.499961,0.499928,0.499871,0.499773,0.499613,0.499358,0.498965,0.498378,0.497528,0.496333,0.494703,0.492545,0.48977,0.486305,0.482099,0.477137,0.471445,0.465095,0.458207,0.450941,0.443494,0.436088,0.428956,0.42233,0.416432,0.411459,0.407576,0.404914,0.403561,0.403561,0.404914,0.407576,0.411459,0.416432,0.42233,0.428956,0.436088,0.443494,0.450941,0.458207,0.465095,0.471445,0.477137,0.482099,0.486305,0.48977,0.492545,0.494703,0.496333,0.497528,0.498378,0.498965,0.499358,0.499613,0.499773,0.499871,0.499928,0.499961,0.499978,0.499985,0.499985
0.499991,0.499991,0.499987,0.499976,0.499956,0.499921,0.49986,0.499759,0.499597,0.499345,0.498965,0.49841,0.497622,0.496536,0.495085,0.493199,0.49082,0.487902,0.484423,0.48039,0.475844,0.470863,0.465555,0.460064,0.454554,0.449202,0.444193,0.439704,0.435896,0.432911,0.430857,0.42981,0.42981,0.430857,0.432911,0.435896,0.439704,0.444193,0.449202,0.454554,0.460064,0.465555,0.470863,0.475844,0.48039,0.484423,0.487902,0.49082,0.493199,0.495085,0.496536,0.497622,0.49841,0.498965,0.499345,0.499597,0.499759,0.49986,0.499921,0.499956,0.499976,0.499987,0.499991,0.499991
0.499995,0.499995,0.499992,0.499986,0.499974,0.499953,0.499916,0.499854,0.499754,0.499597,0.499358,0.499006,0.498501,0.497799,0.496852,0.495609,0.494024,0.492062,0.4897,0.486935,0.483787,0.480305,0.476561,0.472653,0.468699,0.464829,0.461182,0.457894,0.45509,0.452883,0.45136,0.450583,0.450583,0.45136,0.452883,0.45509,0.457894,0.461182,0.464829,0.468699,0.472653,0.476561,0.480305,0.483787,0.486935,0.4897,0.492062,0.494024,0.495609,0.496852,0.497799,0.498501,0.499006,0.499358,0.499597,0.499754,0.499854,0.499916,0.499953,0.499974,0.499986,0.499992,0.499995,0.499995
0.499997,0.499997,0.499996,0.499992,0.499985,0.499972,0.499951,0.499914,0.499854,0.499759,0.499613,0.499396,0.499082,0.498642,0.498041,0.497247,0.496225,0.494947,0.493393,0.491558,0.48945,0.487097,0.484546,0.481861,0.479124,0.476427,0.473868,0.471549,0.469562,0.467992,0.466906,0.46635,0.46635,0.466906,0.467992,0.469562,0.471549,0.473868,0.476427,0.479124,0.481861,0.484546,0.487097,0.48945,0.491558,0.493393,0.494947,0.496225,0.497247,0.498041,0.498642,0.499082,0.499396,0.499613,0.499759,0.499854,0.499914,0.499951,0.499972,0.499985,0.499992,0.499996,0.499997,0.499997
0.499998,0.499998,0.499998,0.499996,0.499992,0.499984,0.499972,0.499951,0.499916,0.49986,0.499773,0.499643,0.499454,0.499186,0.498817,0.498325,0.497685,0.496879,0.49589,0.494711,0.493345,0.491808,0.490128,0.488347,0.486518,0.484704,0.482973,0.481396,0.48004,0.478964,0.478218,0.477836,0.477836,0.478218,0.478964,0.48004,0.481396,0.482973,0.484704,0.486518,0.488347,0.490128,0.491808,0.493345,0.494711,0.49589,0.496879,0.497685,0.498325,0.498817,0.499186,0.499454,0.499643,0.499773,0.49986,0.499916,0.499951,0.499972,0.499984,0.499992,0.499996,0.499998,0.499998,0.499998
0.499999,0.499999,0.499999,0.499998,0.499995,0.499991,0.499984,0.499972,0.499953,0.499921,0.499871,0.499795,0.499684,0.499526,0.499306,0.49901,0.498622,0.498128,0.497518,0.496784,0.495927,0.494955,0.493885,0.492742,0.491561,0.490382,0.489251,0.488216,0.487322,0.48661,0.486116,0.485863,0.485863,0.486116,0.48661,0.487322,0.488216,0.489251,0.490382,0.491561,0.492742,0.493885,0.494955,0.495927,0.496784,0.497518,0.498128,0.498622,0.49901,0.499306,0.499526,0.499684,0.499795,0.499871,0.499921,0.499953,0.499972,0.499984,0.499991,0.499995,0.499998,0.499999,0.499999,0.499999
0.5,0.5,0.499999,0.499999,0.499998,0.499995,0.499992,0.499985,0.499974,0.499956,0.499928,0.499886,0.499822,0.499731,0.499603,0.49943,0.499201,0.498907,0.49854,0.498096,0.497573,0.496976,0.496313,0.4956,0.494859,0.494115,0.493398,0.492738,0.492166,0.49171,0.491392,0.491229,0.491229,0.491392,0.49171,0.492166,0.492738,0.493398,0.494115,0.494859,0.4956,0.496313,0.496976,0.497573,0.498096,0.49854,0.498907,0.499201,0.49943,0.499603,0.499731,0.499822,0.499886,0.499928,0.499956,0.499974,0.499985,0.499992,0.499995,0.499998,0.499999,0.499999,0.5,0.5
0.5,0.5,0.5,0.499999,0.499999,0.499998,0.499996,0.499992,0.499986,0.499976,0.499961,0.499937,0.499901,0.499849,0.499776,0.499676,0.499542,0.49937,0.499152,0.498887,0.498572,0.498209,0.497804,0.497366,0.496907,0.496444,0.495995,0.49558,0.495219,0.494931,0.494729,0.494625,0.494625,0.494729,0.494931,0.495219,0.49558,0.495995,0.496444,0.496907,0.497366,0.497804,0.498209,0.498572,0.498887,0.499152,0.49937,0.499542,0.499676,0.499776,0.499849,0.499901,0.499937,0.499961,0.499976,0.499986,0.499992,0.499996,0.499998,0.499999,0.499999,0.5,0.5,0.5
0.5,0.5,0.5,0.5,0.499999,0.499999,0.499998,0.499996,0.499992,0.499987,0.499978,0.499964,0.499943,0.499913,0.499869,0.49981,0.499729,0.499624,0.499491,0.499326,0.49913,0.498902,0.498646,0.498367,0.498073,0.497774,0.497484,0.497214,0.496978,0.496789,0.496657,0.496589,0.496589,0.496657,0.496789,0.496978,0.497214,0.497484,0.497774,0.498073,0.498367,0.498646,0.498902,0.49913,0.499326,0.499491,0.499624,0.499729,0.49981,0.499869,0.499913,0.499943,0.499964,0.499978,0.499987,0.499992,0.499996,0.499998,0.499999,0.499999,0.5,0.5,0.5,0.5
0.5,0.5,0.5,0.5,0.5,0.499999,0.499998,0.499997,0.499995,0.499991,0.499985,0.499976,0.499961,0.49994,0.49991,0.499868,0.499811,0.499735,0.49964,0.499521,0.499378,0.499211,0.499022,0.498816,0.498597,0.498374,0.498156,0.497953,0.497775,0.497633,0.497532,0.497481,0.497481,0.497532,0.497633,0.497775,0.497953,0.498156,0.498374,0.498597,0.498816,0.499022,0.499211,0.499378,0.499521,0.49964,0.499735,0.499811,0.499868,0.49991,0.49994,0.499961,0.499976,0.499985,0.499991,0.499995,0.499997,0.499998,0.499999,0.5,0.5,0.5,0.5,0.5
0.5,0.5,0.5,0.5,0.5,0.499999,0.499998,0.499997,0.499995,0.499991,0.499985,0.499976,0.499961,0.49994,0.49991,0.499868,0.499811,0.499735,0.49964,0.499521,0.499378,0.499211,0.499022,0.498816,0.498597,0.498374,0.498156,0.497953,0.497775,0.497633,0.497532,0.497481,0.497481,0.497532,0.497633,0.497775,0.497953,0.498156,0.498374,0.498597,0.498816,0.499022,0.499211,0.499378,0.499521,0.49964,0.499735,0.499811,0.499868,0.49991,0.49994,0.499961,0.499976,0.499985,0.499991,0.499995,0.499997,0.499998,0.499999,0.5,0.5,0.5,0.5,0.5
