0.5,0.5,0.5,0.5,0.5,0.5,0.5,0.5,0.5,0.5,0.5,0.5,0.5,0.5,0.5,0.5,0.5,0.5,0.5,0.5,0.5,0.5,0.5,0.5,0.5,0.5,0.5,0.5,0.5,0.5,0.5,0.5,0.5,0.5,0.5,0.5,0.5,0.5,0.5,0.5,0.5,0.5,0.5,0.5,0.5,0.5,0.5,0.5,0.5,0.5,0.5,0.5,0.5,0.5,0.5,0.5,0.5,0.5,0.5,0.5,0.5,0.5,0.5,0.5
0.5,0.5,0.5,0.5,0.5,0.5,0.5,0.5,0.5,0.5,0.5,0.5,0.5,0.5,0.5,0.5,0.5,0.5,0.5,0.5,0.5,0.5,0.5,0.5,0.5,0.5,0.5,0.5,0.5,0.5,0.5,0.5,0.5,0.5,0.5,0.5,0.5,0.5,0.5,0.5,0.5,0.5,0.5,0.5,0.5,0.5,0.5,0.5,0.5,0.5,0.5,0.5,0.5,0.5,0.5,0.5,0.5,0.5,0.5,0.5,0.5,0.5,0.5,0.5
0.5,0.5,0.5,0.5,0.5,0.5,0.5,0.5,0.5,0.5,0.5,0.5,0.5,0.5,0.5,0.5,0.5,0.5,0.5,0.5,0.5,0.5,0.5,0.5,0.5,0.5,0.5,0.5,0.5,0.5,0.5,0.5,0.5,0.5,0.5,0.5,0.5,0.5,0.5,0.5,0.5,0.5,0.5,0.5,0.5,0.5,0.5,0.5,0.5,0.5,0.5,0.5,0.5,0.5,0.5,0.5,0.5,0.5,0.5,0.5,0.5,0.5,0.5,0.5
0.5,0.5,0.5,0.5,0.5,0.5,0.5,0.5,0.5,0.5,0.5,0.5,0.5,0.5,0.5,0.5,0.5,0.5,0.5,0.5,0.5,0.5,0.5,0.5,0.5,0.5,0.499999,0.499999,0.499999,0.499999,0.499999,0.499999,0.499999,0.499999,0.499999,0.499999,0.499999,0.499999,0.5,0.5,0.5,0.5,0.5,0.5,0.5,0.5,0.5,0.5,0.5,0.5,0.5,0.5,0.5,0.5,0.5,0.5,0.5,0.5,0.5,0.5,0.5,0.5,0.5,0.5
0.5,0.5,0.5,0.5,0.5,0.5,0.5,0.5,0.5,0.5,0.5,0.5,0.5,0.5,0.5,0.5,0.5,0.5,0.5,0.5,0.5,0.5,0.499999,0.499999,0.499999,0.499999,0.499999,0.499998,0.499998,0.499998,0.499998,0.499998,0.499998,0.499998,0.499998,0.499998,0.499998,0.499999,0.499999,0.499999,0.499999,0.499999,0.5,0.5,0.5,0.5,0.5,0.5,0.5,0.5,0.5,0.5,0.5,0.5,0.5,0.5,0.5,0.5,0.5,0.5,0.5,0.5,0.5,0.5
0.5,0.5,0.5,0.5,0.5,0.5,0.5,0.5,0.5,0.5,0.5,0.5,0.5,0.5,0.5,0.5,0.5,0.5,0.5,0.5,0.499999,0.499999,0.499999,0.499998,0.499998,0.499997,0.499996,0.499996,0.499995,0.499994,0.499994,0.499994,0.499994,0.499994,0.499994,0.499995,0.499996,0.499996,0.499997,0.499998,0.499998,0.499999,0.499999,0.499999,0.5,0.5,0.5,0.5,0.5,0.5,0.5,0.5,0.5,0.5,0.5,0.5,0.5,0.5,0.5,0.5,0.5,0.5,0.5,0.5
0.5,0.5,0.5,0.5,0.5,0.5,0.5,0.5,0.5,0.5,0.5,0.5,0.5,0.5,0.5,0.5,0.5,0.5,0.499999,0.499999,0.499998,0.499998,0.499997,0.499996,0.499994,0.499993,0.499991,0.499989,0.499988,0.499986,0.499986,0.499985,0.499985,0.499986,0.499986,0.499988,0.499989,0.499991,0.499993,0.499994,0.499996,0.499997,0.499998,0.499998,0.499999,0.499999,0.5,0.5,0.5,0.5,0.5,0.5,0.5,0.5,0.5,0.5,0.5,0.5,0.5,0.5,0.5,0.5,0.5,0.5
0.5,0.5,0.5,0.5,0.5,0.5,0.5,0.5,0.5,0.5,0.5,0.5,0.5,0.5,0.5,0.5,0.499999,0.499999,0.499999,0.499998,0.499996,0.499995,0.499993,0.49999,0.499987,0.499983,0.499979,0.499975,0.499971,0.499968,0.499966,0.499965,0.499965,0.499966,0.499968,0.499971,0.499975,0.499979,0.499983,0.499987,0.49999,0.499993,0.499995,0.499996,0.499998,0.499999,0.499999,0.499999,0.5,0.5,0.5,0.5,0.5,0.5,0.5,0.5,0.5,0.5,0.5,0.5,0.5,0.5,0.5,0.5
0.5,0.5,0.5,0.5,0.5,0.5,0.5,0.5,0.5,0.5,0.5,0.5,0.5,0.5,0.5,0.499999,0.499999,0.499998,0.499997,0.499995,0.499992,0.499988,0.499983,0.499977,0.49997,0.499961,0.499953,0.499944,0.499935,0.499928,0.499923,0.499921,0.499921,0.499923,0.499928,0.499935,0.499944,0.499953,0.499961,0.49997,0.499977,0.499983,0.499988,0.499992,0.499995,0.499997,0.499998,0.499999,0.499999,0.5,0.5,0.5,0.5,0.5,0.5,0.5,0.5,0.5,0.5,0.5,0.5,0.5,0.5,0.5
0.5,0.5,0.5,0.5,0.5,0.5,0.5,0.5,0.5,0.5,0.5,0.5,0.5,0.5,0.499999,0.499998,0.499997,0.499995,0.499992,0.499988,0.499982,0.499974,0.499963,0.49995,0.499934,0.499916,0.499897,0.499877,0.499859,0.499844,0.499833,0.499827,0.499827,0.499833,0.499844,0.499859,0.499877,0.499897,0.499916,0.499934,0.49995,0.499963,0.499974,0.499982,0.499988,0.499992,0.499995,0.499997,0.499998,0.499999,0.5,0.5,0.5,0.5,0.5,0.5,0.5,0.5,0.5,0.5,0.5,0.5,0.5,0.5
0.5,0.5,0.5,0.5,0.5,0.5,0.5,0.5,0.5,0.5,0.5,0.5,0.499999,0.499999,0.499998,0.499997,0.499994,0.49999,0.499984,0.499975,0.499962,0.499945,0.499922,0.499894,0.499861,0.499823,0.499782,0.499742,0.499704,0.499672,0.499649,0.499637,0.499637,0.499649,0.499672,0.499704,0.499742,0.499782,0.499823,0.499861,0.499894,0.499922,0.499945,0.499962,0.499975,0.499984,0.49999,0.499994,0.499997,0.499998,0.499999,0.499999,0.5,0.5,0.5,0.5,0.5,0.5,0.5,0.5,0.5,0.5,0.5,0.5
0.5,0.5,0.5,0.5,0.5,0.5,0.5,0.5,0.5,0.5,0.5,0.499999,0.499999,0.499998,0.499996,0.499993,0.499988,0.49998,0.499967,0.499949,0.499923,0.499887,0.499841,0.499784,0.499716,0.49964,0.499558,0.499476,0.4994,0.499336,0.499289,0.499264,0.499264,0.499289,0.499336,0.4994,0.499476,0.499558,0.49964,0.499716,0.499784,0.499841,0.499887,0.499923,0.499949,0.499967,0.49998,0.499988,0.499993,0.499996,0.499998,0.499999,0.499999,0.5,0.5,0.5,0.5,0.5,0.5,0.5,0.5,0.5,0.5,0.5
0.5,0.5,0.5,0.5,0.5,0.5,0.5,0.5,0.5,0.5,0.499999,0.499999,0.499998,0.499996,0.499992,0.499986,0.499976,0.49996,0.499935,0.499899,0.499847,0.499778,0.499688,0.499576,0.499443,0.499294,0.499135,0.498975,0.498827,0.498701,0.49861,0.498563,0.498563,0.49861,0.498701,0.498827,0.498975,0.499135,0.499294,0.499443,0.499576,0.499688,0.499778,0.499847,0.499899,0.499935,0.49996,0.499976,0.499986,0.499992,0.499996,0.499998,0.499999,0.499999,0.5,0.5,0.5,0.5,0.5,0.5,0.5,0.5,0.5,0.5
0.5,0.5,0.5,0.5,0.5,0.5,0.5,0.5,0.5,0.5,0.499999,0.499998,0.499996,0.499992,0.499985,0.499973,0.499954,0.499923,0.499876,0.499807,0.49971,0.499578,0.499408,0.499196,0.498946,0.498665,0.498366,0.498066,0.497786,0.497551,0.497381,0.497291,0.497291,0.497381,0.497551,0.497786,0.498066,0.498366,0.498665,0.498946,0.499196,0.499408,0.499578,0.49971,0.499807,0.499876,0.499923,0.499954,0.499973,0.499985,0.499992,0.499996,0.499998,0.499999,0.5,0.5,0.5,0.5,0.5,0.5,0.5,0.5,0.5,0.5
0.5,0.5,0.5,0.5,0.5,0.5,0.5,0.5,0.5,0.499999,0.499998,0.499996,0.499992,0.499985,0.499973,0.499951,0.499915,0.499858,0.499772,0.499645,0.499467,0.499226,0.498915,0.49853,0.498076,0.497565,0.497021,0.496477,0.495971,0.495545,0.495237,0.495074,0.495074,0.495237,0.495545,0.495971,0.496477,0.497021,0.497565,0.498076,0.49853,0.498915,0.499226,0.499467,0.499645,0.499772,0.499858,0.499915,0.499951,0.499973,0.499985,0.499992,0.499996,0.499998,0.499999,0.5,0.5,0.5,0.5,0.5,0.5,0.5,0.5,0.5
0.5,0.5,0.5,0.5,0.5,0.5,0.5,0.5,0.499999,0.499998,0.499997,0.499993,0.499986,0.499973,0.499951,0.499912,0.499849,0.499748,0.499594,0.49937,0.499055,0.498631,0.498083,0.497406,0.496608,0.495712,0.49476,0.493808,0.492924,0.49218,0.491641,0.491358,0.491358,0.491641,0.49218,0.492924,0.493808,0.49476,0.495712,0.496608,0.497406,0.498083,0.498631,0.499055,0.49937,0.499594,0.499748,0.499849,0.499912,0.499951,0.499973,0.499986,0.499993,0.499997,0.499998,0.499999,0.5,0.5,0.5,0.5,0.5,0.5,0.5,0.5
0.5,0.5,0.5,0.5,0.5,0.5,0.5,0.499999,0.499999,0.499997,0.499994,0.499988,0.499976,0.499954,0.499915,0.499849,0.499739,0.499566,0.499304,0.498921,0.498384,0.497661,0.49673,0.495582,0.494229,0.492713,0.491103,0.489495,0.488004,0.48675,0.485842,0.485365,0.485365,0.485842,0.48675,0.488004,0.489495,0.491103,0.492713,0.494229,0.495582,0.49673,0.497661,0.498384,0.498921,0.499304,0.499566,0.499739,0.499849,0.499915,0.499954,0.499976,0.499988,0.499994,0.499997,0.499999,0.499999,0.5,0.5,0.5,0.5,0.5,0.5,0.5
0.5,0.5,0.5,0.5,0.5,0.5,0.5,0.499999,0.499998,0.499995,0.49999,0.49998,0.49996,0.499923,0.499858,0.499748,0.499566,0.49928,0.498846,0.498214,0.49733,0.496143,0.494615,0.492733,0.49052,0.488044,0.485417,0.482796,0.480368,0.478326,0.47685,0.476075,0.476075,0.47685,0.478326,0.480368,0.482796,0.485417,0.488044,0.49052,0.492733,0.494615,0.496143,0.49733,0.498214,0.498846,0.49928,0.499566,0.499748,0.499858,0.499923,0.49996,0.49998,0.49999,0.499995,0.499998,0.499999,0.5,0.5,0.5,0.5,0.5,0.5,0.5
0.5,0.5,0.5,0.5,0.5,0.5,0.499999,0.499999,0.499997,0.499992,0.499984,0.499967,0.499935,0.499876,0.499772,0.499594,0.499304,0.498846,0.498154,0.497147,0.495741,0.493856,0.491435,0.488458,0.484963,0.481055,0.476916,0.472792,0.468973,0.465766,0.463447,0.46223,0.46223,0.463447,0.465766,0.468973,0.472792,0.476916,0.481055,0.484963,0.488458,0.491435,0.493856,0.495741,0.497147,0.498154,0.498846,0.499304,0.499594,0.499772,0.499876,0.499935,0.499967,0.499984,0.499992,0.499997,0.499999,0.499999,0.5,0.5,0.5,0.5,0.5,0.5
0.5,0.5,0.5,0.5,0.5,0.5,0.499999,0.499998,0.499995,0.499988,0.499975,0.499949,0.499899,0.499807,0.499645,0.49937,0.498921,0.498214,0.497147,0.495598,0.493438,0.490548,0.486842,0.482293,0.476959,0.471005,0.464707,0.458437,0.452638,0.44777,0.444254,0.442408,0.442408,0.444254,0.44777,0.452638,0.458437,0.464707,0.471005,0.476959,0.482293,0.486842,0.490548,0.493438,0.495598,0.497147,0.498214,0.498921,0.49937,0.499645,0.499807,0.499899,0.499949,0.499975,0.499988,0.499995,0.499998,0.499999,0.5,0.5,0.5,0.5,0.5,0.5
0.5,0.5,0.5,0.5,0.5,0.499999,0.499998,0.499996,0.499992,0.499982,0.499962,0.499923,0.499847,0.49971,0.499467,0.499055,0.498384,0.49733,0.495741,0.493438,0.490233,0.485952,0.480471,0.473754,0.465891,0.457126,0.447864,0.438655,0.430146,0.423009,0.417856,0.415153,0.415153,0.417856,0.423009,0.430146,0.438655,0.447864,0.457126,0.465891,0.473754,0.480471,0.485952,0.490233,0.493438,0.495741,0.49733,0.498384,0.499055,0.499467,0.49971,0.499847,0.499923,0.499962,0.499982,0.499992,0.499996,0.499998,0.499999,0.5,0.5,0.5,0.5,0.5
0.5,0.5,0.5,0.5,0.5,0.499999,0.499998,0.499995,0.499988,0.499974,0.499945,0.499887,0.499778,0.499578,0.499226,0.498631,0.497661,0.496143,0.493856,0.490548,0.485952,0.479824,0.47199,0.462405,0.4512,0.438728,0.425566,0.412494,0.400426,0.390311,0.383012,0.379185,0.379185,0.383012,0.390311,0.400426,0.412494,0.425566,0.438728,0.4512,0.462405,0.47199,0.479824,0.485952,0.490548,0.493856,0.496143,0.497661,0.498631,0.499226,0.499578,0.499778,0.499887,0.499945,0.499974,0.499988,0.499995,0.499998,0.499999,0.5,0.5,0.5,0.5,0.5
0.5,0.5,0.5,0.5,0.499999,0.499999,0.499997,0.499993,0.499983,0.499963,0.499922,0.499841,0.499688,0.499408,0.498915,0.498083,0.49673,0.494615,0.491435,0.486842,0.480471,0.47199,0.461166,0.447942,0.432507,0.415348,0.397263,0.37932,0.362772,0.348912,0.338916,0.333676,0.333676,0.338916,0.348912,0.362772,0.37932,0.397263,0.415348,0.432507,0.447942,0.461166,0.47199,0.480471,0.486842,0.491435,0.494615,0.49673,0.498083,0.498915,0.499408,0.499688,0.499841,0.499922,0.499963,0.499983,0.499993,0.499997,0.499999,0.499999,0.5,0.5,0.5,0.5
0.5,0.5,0.5,0.5,0.499999,0.499998,0.499996,0.49999,0.499977,0.49995,0.499894,0.499784,0.499576,0.499196,0.49853,0.497406,0.495582,0.492733,0.488458,0.482293,0.473754,0.462405,0.447942,0.430298,0.409733,0.386901,0.362865,0.339044,0.317094,0.298723,0.28548,0.27854,0.27854,0.28548,0.298723,0.317094,0.339044,0.362865,0.386901,0.409733,0.430298,0.447942,0.462405,0.473754,0.482293,0.488458,0.492733,0.495582,0.497406,0.49853,0.499196,0.499576,0.499784,0.499894,0.49995,0.499977,0.49999,0.499996,0.499998,0.499999,0.5,0.5,0.5,0.5
0.5,0.5,0.5,0.5,0.499999,0.499998,0.499994,0.499987,0.49997,0.499934,0.499861,0.499716,0.499443,0.498946,0.498076,0.496608,0.494229,0.49052,0.484963,0.476959,0.465891,0.4512,0.432507,0.409733,0.383224,0.353829,0.322919,0.292316,0.264141,0.240576,0.223597,0.214703,0.214703,0.223597,0.240576,0.264141,0.292316,0.322919,0.353829,0.383224,0.409733,0.432507,0.4512,0.465891,0.476959,0.484963,0.49052,0.494229,0.496608,0.498076,0.498946,0.499443,0.499716,0.499861,0.499934,0.49997,0.499987,0.499994,0.499998,0.499999,0.5,0.5,0.5,0.5
0.5,0.5,0.5,0.5,0.499999,0.499997,0.499993,0.499983,0.499961,0.499916,0.499823,0.49964,0.499294,0.498665,0.497565,0.495712,0.492713,0.488044,0.481055,0.471005,0.457126,0.438728,0.415348,0.386901,0.353829,0.317199,0.278721,0.240661,0.205648,0.176383,0.155307,0.144271,0.144271,0.155307,0.176383,0.205648,0.240661,0.278721,0.317199,0.353829,0.386901,0.415348,0.438728,0.457126,0.471005,0.481055,0.488044,0.492713,0.495712,0.497565,0.498665,0.499294,0.49964,0.499823,0.499916,0.499961,0.499983,0.499993,0.499997,0.499999,0.5,0.5,0.5,0.5
0.5,0.5,0.5,0.499999,0.499999,0.499996,0.499991,0.499979,0.499953,0.499897,0.499782,0.499558,0.499135,0.498366,0.497021,0.49476,0.491103,0.485417,0.476916,0.464707,0.447864,0.425566,0.397263,0.362865,0.322919,0.278721,0.232337,0.186497,0.144356,0.109155,0.0838148,0.0705485,0.0705485,0.0838148,0.109155,0.144356,0.186497,0.232337,0.278721,0.322919,0.362865,0.397263,0.425566,0.447864,0.464707,0.476916,0.485417,0.491103,0.49476,0.497021,0.498366,0.499135,0.499558,0.499782,0.499897,0.499953,0.499979,0.499991,0.499996,0.499999,0.499999,0.5,0.5,0.5
0.5,0.5,0.5,0.499999,0.499998,0.499996,0.499989,0.499975,0.499944,0.499877,0.499742,0.499476,0.498975,0.498066,0.496477,0.493808,0.489495,0.482796,0.472792,0.458437,0.438655,0.412494,0.37932,0.339044,0.292316,0.240661,0.186497,0.133007,0.0838654,0.0428371,0.0133133,-0.00213977,-0.00213977,0.0133133,0.0428371,0.0838654,0.133007,0.186497,0.240661,0.292316,0.339044,0.37932,0.412494,0.438655,0.458437,0.472792,0.482796,0.489495,0.493808,0.496477,0.498066,0.498975,0.499476,0.499742,0.499877,0.499944,0.499975,0.499989,0.499996,0.499998,0.499999,0.5,0.5,0.5
0.5,0.5,0.5,0.499999,0.499998,0.499995,0.499988,0.499971,0.499935,0.499859,0.499704,0.4994,0.498827,0.497786,0.495971,0.492924,0.488004,0.480368,0.468973,0.452638,0.430146,0.400426,0.362772,0.317094,0.264141,0.205648,0.144356,0.0838654,0.0283216,-0.0180323,-0.0513777,-0.0688277,-0.0688277,-0.0513777,-0.0180323,0.0283216,0.0838654,0.144356,0.205648,0.264141,0.317094,0.362772,0.400426,0.430146,0.452638,0.468973,0.480368,0.488004,0.492924,0.495971,0.497786,0.498827,0.4994,0.499704,0.499859,0.499935,0.499971,0.499988,0.499995,0.499998,0.499999,0.5,0.5,0.5
0.5,0.5,0.5,0.499999,0.499998,0.499994,0.499986,0.499968,0.499928,0.499844,0.499672,0.499336,0.498701,0.497551,0.495545,0.49218,0.48675,0.478326,0.465766,0.44777,0.423009,0.390311,0.348912,0.298723,0.240576,0.176383,0.109155,0.0428371,-0.0180323,-0.0688136,-0.105335,-0.124444,-0.124444,-0.105335,-0.0688136,-0.0180323,0.0428371,0.109155,0.176383,0.240576,0.298723,0.348912,0.390311,0.423009,0.44777,0.465766,0.478326,0.48675,0.49218,0.495545,0.497551,0.498701,0.499336,0.499672,0.499844,0.499928,0.499968,0.499986,0.499994,0.499998,0.499999,0.5,0.5,0.5
0.5,0.5,0.5,0.499999,0.499998,0.499994,0.499986,0.499966,0.499923,0.499833,0.499649,0.499289,0.49861,0.497381,0.495237,0.491641,0.485842,0.47685,0.463447,0.444254,0.417856,0.383012,0.338916,0.28548,0.223597,0.155307,0.0838148,0.0133133,-0.0513777,-0.105335,-0.144134,-0.164433,-0.164433,-0.144134,-0.105335,-0.0513777,0.0133133,0.0838148,0.155307,0.223597,0.28548,0.338916,0.383012,0.417856,0.444254,0.463447,0.47685,0.485842,0.491641,0.495237,0.497381,0.49861,0.499289,0.499649,0.499833,0.499923,0.499966,0.499986,0.499994,0.499998,0.499999,0.5,0.5,0.5
0.5,0.5,0.5,0.499999,0.499998,0.499994,0.499985,0.499965,0.499921,0.499827,0.499637,0.499264,0.498563,0.497291,0.495074,0.491358,0.485365,0.476075,0.46223,0.442408,0.415153,0.379185,0.333676,0.27854,0.214703,0.144271,0.0705485,-0.00213977,-0.0688277,-0.124444,-0.164433,-0.185353,-0.185353,-0.164433,-0.124444,-0.0688277,-0.00213977,0.0705485,0.144271,0.214703,0.27854,0.333676,0.379185,0.415153,0.442408,0.46223,0.476075,0.485365,0.491358,0.495074,0.497291,0.498563,0.499264,0.499637,0.499827,0.499921,0.499965,0.499985,0.499994,0.499998,0.499999,0.5,0.5,0.5
0.5,0.5,0.5,0.499999,0.499998,0.499994,0.499985,0.499965,0.499921,0.499827,0.499637,0.499264,0.498563,0.497291,0.495074,0.491358,0.485365,0.476075,0.46223,0.442408,0.415153,0.379185,0.333676,0.27854,0.214703,0.144271,0.0705485,-0.00213977,-0.0688277,-0.124444,-0.164433,-0.185353,-0.185353,-0.164433,-0.124444,-0.0688277,-0.00213977,0.0705485,0.144271,0.214703,0.27854,0.333676,0.379185,0.415153,0.442408,0.46223,0.476075,0.485365,0.491358,0.495074,0.497291,0.498563,0.499264,0.499637,0.499827,0.499921,0.499965,0.499985,0.499994,0.499998,0.499999,0.5,0.5,0.5
0.5,0.5,0.5,0.499999,0.499998,0.499994,0.499986,0.499966,0.499923,0.499833,0.499649,0.499289,0.49861,0.497381,0.495237,0.491641,0.485842,0.47685,0.463447,0.444254,0.417856,0.383012,0.338916,0.28548,0.223597,0.155307,0.0838148,0.0133133,-0.0513777,-0.105335,-0.144134,-0.164433,-0.164433,-0.144134,-0.105335,-0.0513777,0.0133133,0.0838148,0.155307,0.223597,0.28548,0.338916,0.383012,0.417856,0.444254,0.463447,0.47685,0.485842,0.491641,0.495237,0.497381,0.49861,0.499289,0.499649,0.499833,0.499923,0.499966,0.499986,0.499994,0.499998,0.499999,0.5,0.5,0.5
0.5,0.5,0.5,0.499999,0.499998,0.499994,0.499986,0.499968,0.499928,0.499844,0.499672,0.499336,0.498701,0.497551,0.495545,0.49218,0.48675,0.478326,0.465766,0.44777,0.423009,0.390311,0.348912,0.298723,0.240576,0.176383,0.109155,0.0428371,-0.0180323,-0.0688136,-0.105335,-0.124444,-0.124444,-0.105335,-0.0688136,-0.0180323,0.0428371,0.109155,0.176383,0.240576,0.298723,0.348912,0.390311,0.423009,0.44777,0.465766,0.478326,0.48675,0.49218,0.495545,0.497551,0.498701,0.499336,0.499672,0.499844,0.499928,0.499968,0.499986,0.499994,0.499998,0.499999,0.5,0.5,0.5
0.5,0.5,0.5,0.499999,0.499998,0.499995,0.499988,0.499971,0.499935,0.499859,0.499704,0.4994,0.498827,0.497786,0.495971,0.492924,0.488004,0.480368,0.468973,0.452638,0.430146,0.400426,0.362772,0.317094,0.264141,0.205648,0.144356,0.0838654,0.0283216,-0.0180323,-0.0513777,-0.0688277,-0.0688277,-0.0513777,-0.0180323,0.0283216,0.0838654,0.144356,0.205648,0.264141,0.317094,0.362772,0.400426,0.430146,0.452638,0.468973,0.480368,0.488004,0.492924,0.495971,0.497786,0.498827,0.4994,0.499704,0.499859,0.499935,0.499971,0.499988,0.499995,0.499998,0.499999,0.5,0.5,0.5
0.5,0.5,0.5,0.499999,0.499998,0.499996,0.499989,0.499975,0.499944,0.499877,0.499742,0.499476,0.498975,0.498066,0.496477,0.493808,0.489495,0.482796,0.472792,0.458437,0.438655,0.412494,0.37932,0.339044,0.292316,0.240661,0.186497,0.133007,0.0838654,0.0428371,0.0133133,-0.00213977,-0.00213977,0.0133133,0.0428371,0.0838654,0.133007,0.186497,0.240661,0.292316,0.339044,0.37932,0.412494,0.438655,0.458437,0.472792,0.482796,0.489495,0.493808,0.496477,0.498066,0.498975,0.499476,0.499742,0.499877,0.499944,0.499975,0.499989,0.499996,0.499998,0.499999,0.5,0.5,0.5
0.5,0.5,0.5,0.499999,0.499999,0.499996,0.499991,0.499979,0.499953,0.499897,0.499782,0.499558,0.499135,0.498366,0.497021,0.49476,0.491103,0.485417,0.476916,0.464707,0.447864,0.425566,0.397263,0.362865,0.322919,0.278721,0.232337,0.186497,0.144356,0.109155,0.0838148,0.0705485,0.0705485,0.0838148,0.109155,0.144356,0.186497,0.232337,0.278721,0.322919,0.362865,0.397263,0.425566,0.447864,0.464707,0.476916,0.485417,0.491103,0.49476,0.497021,0.498366,0.499135,0.499558,0.499782,0.499897,0.499953,0.499979,0.499991,0.499996,0.499999,0.499999,0.5,0.5,0.5
0.5,0.5,0.5,0.5,0.499999,0.499997,0.499993,0.499983,0.499961,0.499916,0.499823,0.49964,0.499294,0.498665,0.497565,0.495712,0.492713,0.488044,0.481055,0.471005,0.457126,0.438728,0.415348,0.386901,0.353829,0.317199,0.278721,0.240661,0.205648,0.176383,0.155307,0.144271,0.144271,0.155307,0.176383,0.205648,0.240661,0.278721,0.317199,0.353829,0.386901,0.415348,0.438728,0.457126,0.471005,0.481055,0.488044,0.492713,0.495712,0.497565,0.498665,0.499294,0.49964,0.499823,0.499916,0.499961,0.499983,0.499993,0.499997,0.499999,0.5,0.5,0.5,0.5
0.5,0.5,0.5,0.5,0.499999,0.499998,0.499994,0.499987,0.49997,0.499934,0.499861,0.499716,0.499443,0.498946,0.498076,0.496608,0.494229,0.49052,0.484963,0.476959,0.465891,0.4512,0.432507,0.409733,0.383224,0.353829,0.322919,0.292316,0.264141,0.240576,0.223597,0.214703,0.214703,0.223597,0.240576,0.264141,0.292316,0.322919,0.353829,0.383224,0.409733,0.432507,0.4512,0.465891,0.476959,0.484963,0.49052,0.494229,0.496608,0.498076,0.498946,0.499443,0.499716,0.499861,0.499934,0.49997,0.499987,0.499994,0.499998,0.499999,0.5,0.5,0.5,0.5
0.5,0.5,0.5,0.5,0.499999,0.499998,0.499996,0.49999,0.499977,0.49995,0.499894,0.499784,0.499576,0.499196,0.49853,0.497406,0.495582,0.492733,0.488458,0.482293,0.473754,0.462405,0.447942,0.430298,0.409733,0.386901,0.362865,0.339044,0.317094,0.298723,0.28548,0.27854,0.27854,0.28548,0.298723,0.317094,0.339044,0.362865,0.386901,0.409733,0.430298,0.447942,0.462405,0.473754,0.482293,0.488458,0.492733,0.495582,0.497406,0.49853,0.499196,0.499576,0.499784,0.499894,0.49995,0.499977,0.49999,0.499996,0.499998,0.499999,0.5,0.5,0.5,0.5
0.5,0.5,0.5,0.5,0.499999,0.499999,0.499997,0.499993,0.499983,0.499963,0.499922,0.499841,0.499688,0.499408,0.498915,0.498083,0.49673,0.494615,0.491435,0.486842,0.480471,0.47199,0.461166,0.447942,0.432507,0.415348,0.397263,0.37932,0.362772,0.348912,0.338916,0.333676,0.333676,0.338916,0.348912,0.362772,0.37932,0.397263,0.415348,0.432507,0.447942,0.461166,0.47199,0.480471,0.486842,0.491435,0.494615,0.49673,0.498083,0.498915,0.499408,0.499688,0.499841,0.499922,0.499963,0.499983,0.499993,0.499997,0.499999,0.499999,0.5,0.5,0.5,0.5
0.5,0.5,0.5,0.5,0.5,0.499999,0.499998,0.499995,0.499988,0.499974,0.499945,0.499887,0.499778,0.499578,0.499226,0.498631,0.497661,0.496143,0.493856,0.490548,0.485952,0.479824,0.47199,0.462405,0.4512,0.438728,0.425566,0.412494,0.400426,0.390311,0.383012,0.379185,0.379185,0.383012,0.390311,0.400426,0.412494,0.425566,0.438728,0.4512,0.462405,0.47199,0.479824,0.485952,0.490548,0.493856,0.496143,0.497661,0.498631,0.499226,0.499578,0.499778,0.499887,0.499945,0.499974,0.499988,0.499995,0.499998,0.499999,0.5,0.5,0.5,0.5,0.5
0.5,0.5,0.5,0.5,0.5,0.499999,0.499998,0.499996,0.499992,0.499982,0.499962,0.499923,0.499847,0.49971,0.499467,0.499055,0.498384,0.49733,0.495741,0.493438,0.490233,0.485952,0.480471,0.473754,0.465891,0.457126,0.447864,0.438655,0.430146,0.423009,0.417856,0.415153,0.415153,0.417856,0.423009,0.430146,0.438655,0.447864,0.457126,0.465891,0.473754,0.480471,0.485952,0.490233,0.493438,0.495741,0.49733,0.498384,0.499055,0.499467,0.49971,0.499847,0.499923,0.499962,0.499982,0.499992,0.499996,0.499998,0.499999,0.5,0.5,0.5,0.5,0.5
0.5,0.5,0.5,0.5,0.5,0.5,0.499999,0.499998,0.499995,0.499988,0.499975,0.499949,0.499899,0.499807,0.499645,0.49937,0.498921,0.498214,0.497147,0.495598,0.493438,0.490548,0.486842,0.482293,0.476959,0.471005,0.464707,0.458437,0.452638,0.44777,0.444254,0.442408,0.442408,0.444254,0.44777,0.452638,0.458437,0.464707,0.471005,0.476959,0.482293,0.486842,0.490548,0.493438,0.495598,0.497147,0.498214,0.498921,0.49937,0.499645,0.499807,0.499899,0.499949,0.499975,0.499988,0.499995,0.499998,0.499999,0.5,0.5,0.5,0.5,0.5,0.5
0.5,0.5,0.5,0.5,0.5,0.5,0.499999,0.499999,0.499997,0.499992,0.499984,0.499967,0.499935,0.499876,0.499772,0.499594,0.499304,0.498846,0.498154,0.497147,0.495741,0.493856,0.491435,0.488458,0.484963,0.481055,0.476916,0.472792,0.468973,0.465766,0.463447,0.46223,0.46223,0.463447,0.465766,0.468973,0.472792,0.476916,0.481055,0.484963,0.488458,0.491435,0.493856,0.495741,0.497147,0.498154,0.498846,0.499304,0.499594,0.499772,0.499876,0.499935,0.499967,0.499984,0.499992,0.499997,0.499999,0.499999,0.5,0.5,0.5,0.5,0.5,0.5
0.5,0.5,0.5,0.5,0.5,0.5,0.5,0.499999,0.499998,0.499995,0.49999,0.49998,0.49996,0.499923,0.499858,0.499748,0.499566,0.49928,0.498846,0.498214,0.49733,0.496143,0.494615,0.492733,0.49052,0.488044,0.485417,0.482796,0.480368,0.478326,0.47685,0.476075,0.476075,0.47685,0.478326,0.480368,0.482796,0.485417,0.488044,0.49052,0.492733,0.494615,0.496143,0.49733,0.498214,0.498846,0.49928,0.499566,0.499748,0.499858,0.499923,0.49996,0.49998,0.49999,0.499995,0.499998,0.499999,0.5,0.5,0.5,0.5,0.5,0.5,0.5
0.5,0.5,0.5,0.5,0.5,0.5,0.5,0.499999,0.499999,0.499997,0.499994,0.499988,0.499976,0.499954,0.499915,0.499849,0.499739,0.499566,0.499304,0.498921,0.498384,0.497661,0.49673,0.495582,0.494229,0.492713,0.491103,0.489495,0.488004,0.48675,0.485842,0.485365,0.485365,0.485842,0.48675,0.488004,0.489495,0.491103,0.492713,0.494229,0.495582,0.49673,0.497661,0.498384,0.498921,0.499304,0.499566,0.499739,0.499849,0.499915,0.499954,0.499976,0.499988,0.499994,0.499997,0.499999,0.499999,0.5,0.5,0.5,0.5,0.5,0.5,0.5
0.5,0.5,0.5,0.5,0.5,0.5,0.5,0.5,0.499999,0.499998,0.499997,0.499993,0.499986,0.499973,0.499951,0.499912,0.499849,0.499748,0.499594,0.49937,0.499055,0.498631,0.498083,0.497406,0.496608,0.495712,0.49476,0.493808,0.492924,0.49218,0.491641,0.491358,0.491358,0.491641,0.49218,0.492924,0.493808,0.49476,0.495712,0.496608,0.497406,0.498083,0.498631,0.499055,0.49937,0.499594,0.499748,0.499849,0.499912,0.499951,0.499973,0.499986,0.499993,0.499997,0.499998,0.499999,0.5,0.5,0.5,0.5,0.5,0.5,0.5,0.5
0.5,0.5,0.5,0.5,0.5,0.5,0.5,0.5,0.5,0.499999,0.499998,0.499996,0.499992,0.499985,0.499973,0.499951,0.499915,0.499858,0.499772,0.499645,0.499467,0.499226,0.498915,0.49853,0.498076,0.497565,0.497021,0.496477,0.495971,0.495545,0.495237,0.495074,0.495074,0.495237,0.495545,0.495971,0.496477,0.497021,0.497565,0.498076,0.49853,0.498915,0.499226,0.499467,0.499645,0.499772,0.499858,0.499915,0.499951,0.499973,0.499985,0.499992,0.499996,0.499998,0.499999,0.5,0.5,0.5,0.5,0.5,0.5,0.5,0.5,0.5
0.5,0.5,0.5,0.5,0.5,0.5,0.5,0.5,0.5,0.5,0.499999,0.499998,0.499996,0.499992,0.499985,0.499973,0.499954,0.499923,0.499876,0.499807,0.49971,0.499578,0.499408,0.499196,0.498946,0.498665,0.498366,0.498066,0.497786,0.497551,0.497381,0.497291,0.497291,0.497381,0.497551,0.497786,0.498066,0.498366,0.498665,0.498946,0.499196,0.499408,0.499578,0.49971,0.499807,0.499876,0.499923,0.499954,0.499973,0.499985,0.499992,0.499996,0.499998,0.499999,0.5,0.5,0.5,0.5,0.5,0.5,0.5,0.5,0.5,0.5
0.5,0.5,0.5,0.5,0.5,0.5,0.5,0.5,0.5,0.5,0.499999,0.499999,0.499998,0.499996,0.499992,0.499986,0.499976,0.49996,0.499935,0.499899,0.499847,0.499778,0.499688,0.499576,0.499443,0.499294,0.499135,0.498975,0.498827,0.498701,0.49861,0.498563,0.498563,0.49861,0.498701,0.498827,0.498975,0.499135,0.499294,0.499443,0.499576,0.499688,0.499778,0.499847,0.499899,0.499935,0.49996,0.499976,0.499986,0.499992,0.499996,0.499998,0.499999,0.499999,0.5,0.5,0.5,0.5,0.5,0.5,0.5,0.5,0.5,0.5
0.5,0.5,0.5,0.5,0.5,0.5,0.5,0.5,0.5,0.5,0.5,0.499999,0.499999,0.499998,0.499996,0.499993,0.499988,0.49998,0.499967,0.499949,0.499923,0.499887,0.499841,0.499784,0.499716,0.49964,0.499558,0.499476,0.4994,0.499336,0.499289,0.499264,0.499264,0.499289,0.499336,0.4994,0.499476,0.499558,0.49964,0.499716,0.499784,0.499841,0.499887,0.499923,0.499949,0.499967,0.49998,0.499988,0.499993,0.499996,0.499998,0.499999,0.499999,0.5,0.5,0.5,0.5,0.5,0.5,0.5,0.5,0.5,0.5,0.5
0.5,0.5,0.5,0.5,0.5,0.5,0.5,0.5,0.5,0.5,0.5,0.5,0.499999,0.499999,0.499998,0.499997,0.499994,0.49999,0.499984,0.499975,0.499962,0.499945,0.499922,0.499894,0.499861,0.499823,0.499782,0.499742,0.499704,0.499672,0.499649,0.499637,0.499637,0.499649,0.499672,0.499704,0.499742,0.499782,0.499823,0.499861,0.499894,0.499922,0.499945,0.499962,0.499975,0.499984,0.49999,0.499994,0.499997,0.499998,0.499999,0.499999,0.5,0.5,0.5,0.5,0.5,0.5,0.5,0.5,0.5,0.5,0.5,0.5
0.5,0.5,0.5,0.5,0.5,0.5,0.5,0.5,0.5,0.5,0.5,0.5,0.5,0.5,0.499999,0.499998,0.499997,0.499995,0.499992,0.499988,0.499982,0.499974,0.499963,0.49995,0.499934,0.499916,0.499897,0.499877,0.499859,0.499844,0.499833,0.499827,0.499827,0.499833,0.499844,0.499859,0.499877,0.499897,0.499916,0.499934,0.49995,0.499963,0.499974,0.499982,0.499988,0.499992,0.499995,0.499997,0.499998,0.499999,0.5,0.5,0.5,0.5,0.5,0.5,0.5,0.5,0.5,0.5,0.5,0.5,0.5,0.5
0.5,0.5,0.5,0.5,0.5,0.5,0.5,0.5,0.5,0.5,0.5,0.5,0.5,0.5,0.5,0.499999,0.499999,0.499998,0.499997,0.499995,0.499992,0.499988,0.499983,0.499977,0.49997,0.499961,0.499953,0.499944,0.499935,0.499928,0.499923,0.499921,0.499921,0.499923,0.499928,0.499935,0.499944,0.499953,0.499961,0.49997,0.499977,0.499983,0.499988,0.499992,0.499995,0.499997,0.499998,0.499999,0.499999,0.5,0.5,0.5,0.5,0.5,0.5,0.5,0.5,0.5,0.5,0.5,0.5,0.5,0.5,0.5
0.5,0.5,0.5,0.5,0.5,0.5,0.5,0.5,0.5,0.5,0.5,0.5,0.5,0.5,0.5,0.5,0.499999,0.499999,0.499999,0.499998,0.499996,0.499995,0.499993,0.49999,0.499987,0.499983,0.499979,0.499975,0.499971,0.499968,0.499966,0.499965,0.499965,0.499966,0.499968,0.499971,0.499975,0.499979,0.499983,0.499987,0.49999,0.499993,0.499995,0.499996,0.499998,0.499999,0.499999,0.499999,0.5,0.5,0.5,0.5,0.5,0.5,0.5,0.5,0.5,0.5,0.5,0.5,0.5,0.5,0.5,0.5
0.5,0.5,0.5,0.5,0.5,0.5,0.5,0.5,0.5,0.5,0.5,0.5,0.5,0.5,0.5,0.5,0.5,0.5,0.499999,0.499999,0.499998,0.499998,0.499997,0.499996,0.499994,0.499993,0.499991,0.499989,0.499988,0.499986,0.499986,0.499985,0.499985,0.499986,0.499986,0.499988,0.499989,0.499991,0.499993,0.499994,0.499996,0.499997,0.499998,0.499998,0.499999,0.499999,0.5,0.5,0.5,0.5,0.5,0.5,0.5,0.5,0.5,0.5,0.5,0.5,0.5,0.5,0.5,0.5,0.5,0.5
0.5,0.5,0.5,0.5,0.5,0.5,0.5,0.5,0.5,0.5,0.5,0.5,0.5,0.5,0.5,0.5,0.5,0.5,0.5,0.5,0.499999,0.499999,0.499999,0.499998,0.499998,0.499997,0.499996,0.499996,0.499995,0.499994,0.499994,0.499994,0.499994,0.499994,0.499994,0.499995,0.499996,0.499996,0.499997,0.499998,0.499998,0.499999,0.499999,0.499999,0.5,0.5,0.5,0.5,0.5,0.5,0.5,0.5,0.5,0.5,0.5,0.5,0.5,0.5,0.5,0.5,0.5,0.5,0.5,0.5
0.5,0.5,0.5,0.5,0.5,0.5,0.5,0.5,0.5,0.5,0.5,0.5,0.5,0.5,0.5,0.5,0.5,0.5,0.5,0.5,0.5,0.5,0.499999,0.499999,0.499999,0.499999,0.499999,0.499998,0.499998,0.499998,0.499998,0.499998,0.499998,0.499998,0.499998,0.499998,0.499998,0.499999,0.499999,0.499999,0.499999,0.499999,0.5,0.5,0.5,0.5,0.5,0.5,0.5,0.5,0.5,0.5,0.5,0.5,0.5,0.5,0.5,0.5,0.5,0.5,0.5,0.5,0.5,0.5
0.5,0.5,0.5,0.5,0.5,0.5,0.5,0.5,0.5,0.5,0.5,0.5,0.5,0.5,0.5,0.5,0.5,0.5,0.5,0.5,0.5,0.5,0.5,0.5,0.5,0.5,0.499999,0.499999,0.499999,0.499999,0.499999,0.499999,0.499999,0.499999,0.499999,0.499999,0.499999,0.499999,0.5,0.5,0.5,0.5,0.5,0.5,0.5,0.5,0.5,0.5,0.5,0.5,0.5,0.5,0.5,0.5,0.5,0.5,0.5,0.5,0.5,0.5,0.5,0.5,0.5,0.5
0.5,0.5,0.5,0.5,0.5,0.5,0.5,0.5,0.5,0.5,0.5,0.5,0.5,0.5,0.5,0.5,0.5,0.5,0.5,0.5,0.5,0.5,0.5,0.5,0.5,0.5,0.5,0.5,0.5,0.5,0.5,0.5,0.5,0.5,0.5,0.5,0.5,0.5,0.5,0.5,0.5,0.5,0.5,0.5,0.5,0.5,0.5,0.5,0.5,0.5,0.5,0.5,0.5,0.5,0.5,0.5,0.5,0.5,0.5,0.5,0.5,0.5,0.5,0.5
0.5,0.5,0.5,0.5,0.5,0.5,0.5,0.5,0.5,0.5,0.5,0.5,0.5,0.5,0.5,0.5,0.5,0.5,0.5,0.5,0.5,0.5,0.5,0.5,0.5,0.5,0.5,0.5,0.5,0.5,0.5,0.5,0.5,0.5,0.5,0.5,0.5,0.5,0.5,0.5,0.5,0.5,0.5,0.5,0.5,0.5,0.5,0.5,0.5,0.5,0.5,0.5,0.5,0.5,0.5,0.5,0.5,0.5,0.5,0.5,0.5,0.5,0.5,0.5
0.5,0.5,0.5,0.5,0.5,0.5,0.5,0.5,0.5,0.5,0.5,0.5,0.5,0.5,0.5,0.5,0.5,0.5,0.5,0.5,0.5,0.5,0.5,0.5,0.5,0.5,0.5,0.5,0.5,0.5,0.5,0.5,0.5,0.5,0.5,0.5,0.5,0.5,0.5,0.5,0.5,0.5,0.5,0.5,0.5,0.5,0.5,0.5,0.5,0.5,0.5,0.5,0.5,0.5,0.5,0.5,0.5,0.5,0.5,0.5,0.5,0.5,0.5,0.5
