0.5,0.5,0.5,0.5,0.5,0.5,0.5,0.5,0.5,0.5,0.5,0.5,0.5,0.5,0.5,0.5,0.5,0.5,0.5,0.5,0.5,0.5,0.5,0.5,0.5,0.5,0.5,0.5,0.5,0.5,0.5,0.5,0.5,0.5,0.5,0.5,0.5,0.5,0.5,0.5,0.5,0.5,0.5,0.5,0.5,0.5,0.5,0.5,0.5,0.5,0.5,0.5,0.5,0.5,0.5,0.5,0.5,0.5,0.5,0.5,0.5,0.5,0.5,0.5
0.5,0.5,0.5,0.5,0.5,0.5,0.5,0.5,0.5,0.5,0.5,0.5,0.5,0.5,0.5,0.5,0.5,0.5,0.5,0.5,0.5,0.5,0.5,0.5,0.5,0.5,0.5,0.5,0.5,0.5,0.5,0.5,0.5,0.5,0.5,0.5,0.5,0.5,0.5,0.5,0.5,0.5,0.5,0.5,0.5,0.5,0.5,0.5,0.5,0.5,0.5,0.5,0.5,0.5,0.5,0.5,0.5,0.5,0.5,0.5,0.5,0.5,0.5,0.5
0.5,0.5,0.5,0.5,0.5,0.5,0.5,0.5,0.5,0.5,0.5,0.5,0.5,0.5,0.5,0.5,0.5,0.5,0.5,0.5,0.5,0.5,0.5,0.5,0.5,0.5,0.5,0.5,0.5,0.5,0.5,0.5,0.5,0.5,0.5,0.5,0.5,0.5,0.5,0.5,0.5,0.5,0.5,0.5,0.5,0.5,0.5,0.5,0.5,0.5,0.5,0.5,0.5,0.5,0.5,0.5,0.5,0.5,0.5,0.5,0.5,0.5,0.5,0.5
0.5,0.5,0.5,0.5,0.5,0.5,0.5,0.5,0.5,0.5,0.5,0.5,0.5,0.5,0.5,0.5,0.5,0.5,0.5,0.5,0.5,0.5,0.5,0.5,0.5,0.5,0.5,0.5,0.5,0.5,0.5,0.5,0.5,0.5,0.5,0.5,0.5,0.5,0.5,0.5,0.5,0.5,0.5,0.5,0.5,0.5,0.5,0.5,0.5,0.5,0.5,0.5,0.5,0.5,0.5,0.5,0.5,0.5,0.5,0.5,0.5,0.5,0.5,0.5
0.5,0.5,0.5,0.5,0.5,0.5,0.5,0.5,0.5,0.5,0.5,0.5,0.5,0.5,0.5,0.5,0.5,0.5,0.5,0.5,0.5,0.5,0.5,0.5,0.5,0.5,0.5,0.5,0.5,0.5,0.5,0.5,0.5,0.5,0.5,0.5,0.5,0.5,0.5,0.5,0.5,0.5,0.5,0.5,0.5,0.5,0.5,0.5,0.5,0.5,0.5,0.5,0.5,0.5,0.5,0.5,0.5,0.5,0.5,0.5,0.5,0.5,0.5,0.5
0.5,0.5,0.5,0.5,0.5,0.5,0.5,0.5,0.5,0.5,0.5,0.5,0.5,0.5,0.5,0.5,0.5,0.5,0.5,0.5,0.5,0.5,0.5,0.5,0.5,0.499999,0.499999,0.499999,0.499999,0.499999,0.499999,0.499999,0.499999,0.499999,0.499999,0.499999,0.499999,0.499999,0.499999,0.5,0.5,0.5,0.5,0.5,0.5,0.5,0.5,0.5,0.5,0.5,0.5,0.5,0.5,0.5,0.5,0.5,0.5,0.5,0.5,0.5,0.5,0.5,0.5,0.5
0.5,0.5,0.5,0.5,0.5,0.5,0.5,0.5,0.5,0.5,0.5,0.5,0.5,0.5,0.5,0.5,0.5,0.5,0.5,0.5,0.5,0.5,0.499999,0.499999,0.499999,0.499999,0.499998,0.499998,0.499997,0.499997,0.499997,0.499997,0.499997,0.499997,0.499997,0.499997,0.499998,0.499998,0.499999,0.499999,0.499999,0.499999,0.5,0.5,0.5,0.5,0.5,0.5,0.5,0.5,0.5,0.5,0.5,0.5,0.5,0.5,0.5,0.5,0.5,0.5,0.5,0.5,0.5,0.5
0.5,0.5,0.5,0.5,0.5,0.5,0.5,0.5,0.5,0.5,0.5,0.5,0.5,0.5,0.5,0.5,0.5,0.5,0.5,0.5,0.499999,0.499999,0.499998,0.499998,0.499997,0.499996,0.499995,0.499994,0.499994,0.499993,0.499992,0.499992,0.499992,0.499992,0.499993,0.499994,0.499994,0.499995,0.499996,0.499997,0.499998,0.499998,0.499999,0.499999,0.5,0.5,0.5,0.5,0.5,0.5,0.5,0.5,0.5,0.5,0.5,0.5,0.5,0.5,0.5,0.5,0.5,0.5,0.5,0.5
0.5,0.5,0.5,0.5,0.5,0.5,0.5,0.5,0.5,0.5,0.5,0.5,0.5,0.5,0.5,0.5,0.5,0.5,0.499999,0.499999,0.499998,0.499997,0.499996,0.499995,0.499993,0.499991,0.499989,0.499987,0.499985,0.499983,0.499981,0.499981,0.499981,0.499981,0.499983,0.499985,0.499987,0.499989,0.499991,0.499993,0.499995,0.499996,0.499997,0.499998,0.499999,0.499999,0.5,0.5,0.5,0.5,0.5,0.5,0.5,0.5,0.5,0.5,0.5,0.5,0.5,0.5,0.5,0.5,0.5,0.5
0.5,0.5,0.5,0.5,0.5,0.5,0.5,0.5,0.5,0.5,0.5,0.5,0.5,0.5,0.5,0.5,0.499999,0.499999,0.499998,0.499997,0.499996,0.499994,0.499991,0.499988,0.499984,0.499979,0.499974,0.499969,0.499964,0.49996,0.499957,0.499955,0.499955,0.499957,0.49996,0.499964,0.499969,0.499974,0.499979,0.499984,0.499988,0.499991,0.499994,0.499996,0.499997,0.499998,0.499999,0.499999,0.5,0.5,0.5,0.5,0.5,0.5,0.5,0.5,0.5,0.5,0.5,0.5,0.5,0.5,0.5,0.5
0.5,0.5,0.5,0.5,0.5,0.5,0.5,0.5,0.5,0.5,0.5,0.5,0.5,0.5,0.5,0.499999,0.499999,0.499998,0.499997,0.499994,0.499991,0.499987,0.499981,0.499973,0.499964,0.499954,0.499942,0.49993,0.499919,0.49991,0.499903,0.499899,0.499899,0.499903,0.49991,0.499919,0.49993,0.499942,0.499954,0.499964,0.499973,0.499981,0.499987,0.499991,0.499994,0.499997,0.499998,0.499999,0.499999,0.5,0.5,0.5,0.5,0.5,0.5,0.5,0.5,0.5,0.5,0.5,0.5,0.5,0.5,0.5
0.5,0.5,0.5,0.5,0.5,0.5,0.5,0.5,0.5,0.5,0.5,0.5,0.5,0.5,0.499999,0.499999,0.499997,0.499995,0.499992,0.499988,0.499981,0.499971,0.499959,0.499942,0.499922,0.499899,0.499874,0.499849,0.499825,0.499804,0.499789,0.499782,0.499782,0.499789,0.499804,0.499825,0.499849,0.499874,0.499899,0.499922,0.499942,0.499959,0.499971,0.499981,0.499988,0.499992,0.499995,0.499997,0.499999,0.499999,0.5,0.5,0.5,0.5,0.5,0.5,0.5,0.5,0.5,0.5,0.5,0.5,0.5,0.5
0.5,0.5,0.5,0.5,0.5,0.5,0.5,0.5,0.5,0.5,0.5,0.5,0.5,0.499999,0.499998,0.499997,0.499995,0.499991,0.499984,0.499974,0.49996,0.49994,0.499914,0.49988,0.499838,0.49979,0.499738,0.499685,0.499635,0.499593,0.499562,0.499545,0.499545,0.499562,0.499593,0.499635,0.499685,0.499738,0.49979,0.499838,0.49988,0.499914,0.49994,0.49996,0.499974,0.499984,0.499991,0.499995,0.499997,0.499998,0.499999,0.5,0.5,0.5,0.5,0.5,0.5,0.5,0.5,0.5,0.5,0.5,0.5,0.5
0.5,0.5,0.5,0.5,0.5,0.5,0.5,0.5,0.5,0.5,0.5,0.5,0.499999,0.499998,0.499997,0.499994,0.499989,0.499981,0.499968,0.499949,0.49992,0.49988,0.499826,0.499758,0.499675,0.499579,0.499475,0.499368,0.499268,0.499182,0.49912,0.499087,0.499087,0.49912,0.499182,0.499268,0.499368,0.499475,0.499579,0.499675,0.499758,0.499826,0.49988,0.49992,0.499949,0.499968,0.499981,0.499989,0.499994,0.499997,0.499998,0.499999,0.5,0.5,0.5,0.5,0.5,0.5,0.5,0.5,0.5,0.5,0.5,0.5
0.5,0.5,0.5,0.5,0.5,0.5,0.5,0.5,0.5,0.5,0.5,0.499999,0.499998,0.499997,0.499994,0.499988,0.499979,0.499963,0.499938,0.4999,0.499845,0.499767,0.499663,0.499531,0.49937,0.499185,0.498984,0.498778,0.498584,0.498419,0.498298,0.498234,0.498234,0.498298,0.498419,0.498584,0.498778,0.498984,0.499185,0.49937,0.499531,0.499663,0.499767,0.499845,0.4999,0.499938,0.499963,0.499979,0.499988,0.499994,0.499997,0.499998,0.499999,0.5,0.5,0.5,0.5,0.5,0.5,0.5,0.5,0.5,0.5,0.5
0.5,0.5,0.5,0.5,0.5,0.5,0.5,0.5,0.5,0.5,0.499999,0.499999,0.499997,0.499994,0.499988,0.499978,0.49996,0.499931,0.499885,0.499814,0.49971,0.499565,0.499372,0.499125,0.498825,0.49848,0.498105,0.497722,0.497361,0.497053,0.496828,0.49671,0.49671,0.496828,0.497053,0.497361,0.497722,0.498105,0.49848,0.498825,0.499125,0.499372,0.499565,0.49971,0.499814,0.499885,0.499931,0.49996,0.499978,0.499988,0.499994,0.499997,0.499999,0.499999,0.5,0.5,0.5,0.5,0.5,0.5,0.5,0.5,0.5,0.5
0.5,0.5,0.5,0.5,0.5,0.5,0.5,0.5,0.5,0.499999,0.499999,0.499997,0.499995,0.499989,0.499979,0.49996,0.499929,0.499876,0.499792,0.499664,0.499478,0.499217,0.49887,0.498426,0.497888,0.497268,0.496594,0.495907,0.49526,0.494708,0.494304,0.494091,0.494091,0.494304,0.494708,0.49526,0.495907,0.496594,0.497268,0.497888,0.498426,0.49887,0.499217,0.499478,0.499664,0.499792,0.499876,0.499929,0.49996,0.499979,0.499989,0.499995,0.499997,0.499999,0.499999,0.5,0.5,0.5,0.5,0.5,0.5,0.5,0.5,0.5
0.5,0.5,0.5,0.5,0.5,0.5,0.5,0.5,0.5,0.499999,0.499998,0.499995,0.499991,0.499981,0.499963,0.499931,0.499876,0.499784,0.499639,0.499417,0.499094,0.498643,0.49804,0.497272,0.496341,0.495268,0.494102,0.492914,0.491794,0.490839,0.490142,0.489774,0.489774,0.490142,0.490839,0.491794,0.492914,0.494102,0.495268,0.496341,0.497272,0.49804,0.498643,0.499094,0.499417,0.499639,0.499784,0.499876,0.499931,0.499963,0.499981,0.499991,0.499995,0.499998,0.499999,0.5,0.5,0.5,0.5,0.5,0.5,0.5,0.5,0.5
0.5,0.5,0.5,0.5,0.5,0.5,0.5,0.5,0.499999,0.499998,0.499997,0.499992,0.499984,0.499968,0.499938,0.499885,0.499792,0.499639,0.499396,0.499026,0.498486,0.497732,0.496726,0.495444,0.49389,0.492101,0.490157,0.488177,0.48631,0.484718,0.483556,0.482943,0.482943,0.483556,0.484718,0.48631,0.488177,0.490157,0.492101,0.49389,0.495444,0.496726,0.497732,0.498486,0.499026,0.499396,0.499639,0.499792,0.499885,0.499938,0.499968,0.499984,0.499992,0.499997,0.499998,0.499999,0.5,0.5,0.5,0.5,0.5,0.5,0.5,0.5
0.5,0.5,0.5,0.5,0.5,0.5,0.5,0.5,0.499999,0.499997,0.499994,0.499988,0.499974,0.499949,0.4999,0.499814,0.499664,0.499417,0.499026,0.498429,0.49756,0.496347,0.494728,0.492666,0.490167,0.487292,0.484167,0.480985,0.477986,0.47543,0.473563,0.472577,0.472577,0.473563,0.47543,0.477986,0.480985,0.484167,0.487292,0.490167,0.492666,0.494728,0.496347,0.49756,0.498429,0.499026,0.499417,0.499664,0.499814,0.4999,0.499949,0.499974,0.499988,0.499994,0.499997,0.499999,0.5,0.5,0.5,0.5,0.5,0.5,0.5,0.5
0.5,0.5,0.5,0.5,0.5,0.5,0.5,0.499999,0.499998,0.499996,0.499991,0.499981,0.49996,0.49992,0.499845,0.49971,0.499478,0.499094,0.498486,0.49756,0.496211,0.494328,0.491818,0.488622,0.484748,0.480293,0.475453,0.470524,0.465879,0.461922,0.459032,0.457506,0.457506,0.459032,0.461922,0.465879,0.470524,0.475453,0.480293,0.484748,0.488622,0.491818,0.494328,0.496211,0.49756,0.498486,0.499094,0.499478,0.49971,0.499845,0.49992,0.49996,0.499981,0.499991,0.499996,0.499998,0.499999,0.5,0.5,0.5,0.5,0.5,0.5,0.5
0.5,0.5,0.5,0.5,0.5,0.5,0.5,0.499999,0.499997,0.499994,0.499987,0.499971,0.49994,0.49988,0.499767,0.499565,0.499217,0.498643,0.497732,0.496347,0.494328,0.491513,0.48776,0.482984,0.477197,0.470543,0.463315,0.455957,0.449023,0.443116,0.438802,0.436525,0.436525,0.438802,0.443116,0.449023,0.455957,0.463315,0.470543,0.477197,0.482984,0.48776,0.491513,0.494328,0.496347,0.497732,0.498643,0.499217,0.499565,0.499767,0.49988,0.49994,0.499971,0.499987,0.499994,0.499997,0.499999,0.5,0.5,0.5,0.5,0.5,0.5,0.5
0.5,0.5,0.5,0.5,0.5,0.5,0.499999,0.499998,0.499996,0.499991,0.499981,0.499959,0.499914,0.499826,0.499663,0.499372,0.49887,0.49804,0.496726,0.494728,0.491818,0.48776,0.482352,0.475472,0.467138,0.457556,0.447152,0.436561,0.426582,0.418082,0.411877,0.4086,0.4086,0.411877,0.418082,0.426582,0.436561,0.447152,0.457556,0.467138,0.475472,0.482352,0.48776,0.491818,0.494728,0.496726,0.49804,0.49887,0.499372,0.499663,0.499826,0.499914,0.499959,0.499981,0.499991,0.499996,0.499998,0.499999,0.5,0.5,0.5,0.5,0.5,0.5
0.5,0.5,0.5,0.5,0.5,0.5,0.499999,0.499998,0.499995,0.499988,0.499973,0.499942,0.49988,0.499758,0.499531,0.499125,0.498426,0.497272,0.495444,0.492666,0.488622,0.482984,0.475472,0.465918,0.454347,0.441047,0.426608,0.411912,0.398067,0.386276,0.377668,0.373122,0.373122,0.377668,0.386276,0.398067,0.411912,0.426608,0.441047,0.454347,0.465918,0.475472,0.482984,0.488622,0.492666,0.495444,0.497272,0.498426,0.499125,0.499531,0.499758,0.49988,0.499942,0.499973,0.499988,0.499995,0.499998,0.499999,0.5,0.5,0.5,0.5,0.5,0.5
0.5,0.5,0.5,0.5,0.5,0.5,0.499999,0.499997,0.499993,0.499984,0.499964,0.499922,0.499838,0.499675,0.49937,0.498825,0.497888,0.496341,0.49389,0.490167,0.484748,0.477197,0.467138,0.454347,0.438859,0.421061,0.401742,0.382082,0.363563,0.347791,0.336278,0.3302,0.3302,0.336278,0.347791,0.363563,0.382082,0.401742,0.421061,0.438859,0.454347,0.467138,0.477197,0.484748,0.490167,0.49389,0.496341,0.497888,0.498825,0.49937,0.499675,0.499838,0.499922,0.499964,0.499984,0.499993,0.499997,0.499999,0.5,0.5,0.5,0.5,0.5,0.5
0.5,0.5,0.5,0.5,0.5,0.499999,0.499999,0.499996,0.499991,0.499979,0.499954,0.499899,0.49979,0.499579,0.499185,0.49848,0.497268,0.495268,0.492101,0.487292,0.480293,0.470543,0.457556,0.441047,0.421061,0.398097,0.373174,0.347816,0.323932,0.303593,0.288747,0.280909,0.280909,0.288747,0.303593,0.323932,0.347816,0.373174,0.398097,0.421061,0.441047,0.457556,0.470543,0.480293,0.487292,0.492101,0.495268,0.497268,0.49848,0.499185,0.499579,0.49979,0.499899,0.499954,0.499979,0.499991,0.499996,0.499999,0.499999,0.5,0.5,0.5,0.5,0.5
0.5,0.5,0.5,0.5,0.5,0.499999,0.499998,0.499995,0.499989,0.499974,0.499942,0.499874,0.499738,0.499475,0.498984,0.498105,0.496594,0.494102,0.490157,0.484167,0.475453,0.463315,0.447152,0.426608,0.401742,0.373174,0.342175,0.310637,0.280935,0.255644,0.237184,0.227439,0.227439,0.237184,0.255644,0.280935,0.310637,0.342175,0.373174,0.401742,0.426608,0.447152,0.463315,0.475453,0.484167,0.490157,0.494102,0.496594,0.498105,0.498984,0.499475,0.499738,0.499874,0.499942,0.499974,0.499989,0.499995,0.499998,0.499999,0.5,0.5,0.5,0.5,0.5
0.5,0.5,0.5,0.5,0.5,0.499999,0.499998,0.499994,0.499987,0.499969,0.49993,0.499849,0.499685,0.499368,0.498778,0.497722,0.495907,0.492914,0.488177,0.480985,0.470524,0.455957,0.436561,0.411912,0.382082,0.347816,0.310637,0.272817,0.2372,0.206875,0.184742,0.173057,0.173057,0.184742,0.206875,0.2372,0.272817,0.310637,0.347816,0.382082,0.411912,0.436561,0.455957,0.470524,0.480985,0.488177,0.492914,0.495907,0.497722,0.498778,0.499368,0.499685,0.499849,0.49993,0.499969,0.499987,0.499994,0.499998,0.499999,0.5,0.5,0.5,0.5,0.5
0.5,0.5,0.5,0.5,0.5,0.499999,0.499997,0.499994,0.499985,0.499964,0.499919,0.499825,0.499635,0.499268,0.498584,0.497361,0.49526,0.491794,0.48631,0.477986,0.465879,0.449023,0.426582,0.398067,0.363563,0.323932,0.280935,0.2372,0.196016,0.160953,0.135363,0.121853,0.121853,0.135363,0.160953,0.196016,0.2372,0.280935,0.323932,0.363563,0.398067,0.426582,0.449023,0.465879,0.477986,0.48631,0.491794,0.49526,0.497361,0.498584,0.499268,0.499635,0.499825,0.499919,0.499964,0.499985,0.499994,0.499997,0.499999,0.5,0.5,0.5,0.5,0.5
0.5,0.5,0.5,0.5,0.5,0.499999,0.499997,0.499993,0.499983,0.49996,0.49991,0.499804,0.499593,0.499182,0.498419,0.497053,0.494708,0.490839,0.484718,0.47543,0.461922,0.443116,0.418082,0.386276,0.347791,0.303593,0.255644,0.206875,0.160953,0.121858,0.093325,0.0782626,0.0782626,0.093325,0.121858,0.160953,0.206875,0.255644,0.303593,0.347791,0.386276,0.418082,0.443116,0.461922,0.47543,0.484718,0.490839,0.494708,0.497053,0.498419,0.499182,0.499593,0.499804,0.49991,0.49996,0.499983,0.499993,0.499997,0.499999,0.5,0.5,0.5,0.5,0.5
0.5,0.5,0.5,0.5,0.5,0.499999,0.499997,0.499992,0.499981,0.499957,0.499903,0.499789,0.499562,0.49912,0.498298,0.496828,0.494304,0.490142,0.483556,0.473563,0.459032,0.438802,0.411877,0.377668,0.336278,0.288747,0.237184,0.184742,0.135363,0.093325,0.0626457,0.0464502,0.0464502,0.0626457,0.093325,0.135363,0.184742,0.237184,0.288747,0.336278,0.377668,0.411877,0.438802,0.459032,0.473563,0.483556,0.490142,0.494304,0.496828,0.498298,0.49912,0.499562,0.499789,0.499903,0.499957,0.499981,0.499992,0.499997,0.499999,0.5,0.5,0.5,0.5,0.5
0.5,0.5,0.5,0.5,0.5,0.499999,0.499997,0.499992,0.499981,0.499955,0.499899,0.499782,0.499545,0.499087,0.498234,0.49671,0.494091,0.489774,0.482943,0.472577,0.457506,0.436525,0.4086,0.373122,0.3302,0.280909,0.227439,0.173057,0.121853,0.0782626,0.0464502,0.0296567,0.0296567,0.0464502,0.0782626,0.121853,0.173057,0.227439,0.280909,0.3302,0.373122,0.4086,0.436525,0.457506,0.472577,0.482943,0.489774,0.494091,0.49671,0.498234,0.499087,0.499545,0.499782,0.499899,0.499955,0.499981,0.499992,0.499997,0.499999,0.5,0.5,0.5,0.5,0.5
0.5,0.5,0.5,0.5,0.5,0.499999,0.499997,0.499992,0.499981,0.499955,0.499899,0.499782,0.499545,0.499087,0.498234,0.49671,0.494091,0.489774,0.482943,0.472577,0.457506,0.436525,0.4086,0.373122,0.3302,0.280909,0.227439,0.173057,0.121853,0.0782626,0.0464502,0.0296567,0.0296567,0.0464502,0.0782626,0.121853,0.173057,0.227439,0.280909,0.3302,0.373122,0.4086,0.436525,0.457506,0.472577,0.482943,0.489774,0.494091,0.49671,0.498234,0.499087,0.499545,0.499782,0.499899,0.499955,0.499981,0.499992,0.499997,0.499999,0.5,0.5,0.5,0.5,0.5
0.5,0.5,0.5,0.5,0.5,0.499999,0.499997,0.499992,0.499981,0.499957,0.499903,0.499789,0.499562,0.49912,0.498298,0.496828,0.494304,0.490142,0.483556,0.473563,0.459032,0.438802,0.411877,0.377668,0.336278,0.288747,0.237184,0.184742,0.135363,0.093325,0.0626457,0.0464502,0.0464502,0.0626457,0.093325,0.135363,0.184742,0.237184,0.288747,0.336278,0.377668,0.411877,0.438802,0.459032,0.473563,0.483556,0.490142,0.494304,0.496828,0.498298,0.49912,0.499562,0.499789,0.499903,0.499957,0.499981,0.499992,0.499997,0.499999,0.5,0.5,0.5,0.5,0.5
0.5,0.5,0.5,0.5,0.5,0.499999,0.499997,0.499993,0.499983,0.49996,0.49991,0.499804,0.499593,0.499182,0.498419,0.497053,0.494708,0.490839,0.484718,0.47543,0.461922,0.443116,0.418082,0.386276,0.347791,0.303593,0.255644,0.206875,0.160953,0.121858,0.093325,0.0782626,0.0782626,0.093325,0.121858,0.160953,0.206875,0.255644,0.303593,0.347791,0.386276,0.418082,0.443116,0.461922,0.47543,0.484718,0.490839,0.494708,0.497053,0.498419,0.499182,0.499593,0.499804,0.49991,0.49996,0.499983,0.499993,0.499997,0.499999,0.5,0.5,0.5,0.5,0.5
0.5,0.5,0.5,0.5,0.5,0.499999,0.499997,0.499994,0.499985,0.499964,0.499919,0.499825,0.499635,0.499268,0.498584,0.497361,0.49526,0.491794,0.48631,0.477986,0.465879,0.449023,0.426582,0.398067,0.363563,0.323932,0.280935,0.2372,0.196016,0.160953,0.135363,0.121853,0.121853,0.135363,0.160953,0.196016,0.2372,0.280935,0.323932,0.363563,0.398067,0.426582,0.449023,0.465879,0.477986,0.48631,0.491794,0.49526,0.497361,0.498584,0.499268,0.499635,0.499825,0.499919,0.499964,0.499985,0.499994,0.499997,0.499999,0.5,0.5,0.5,0.5,0.5
0.5,0.5,0.5,0.5,0.5,0.499999,0.499998,0.499994,0.499987,0.499969,0.49993,0.499849,0.499685,0.499368,0.498778,0.497722,0.495907,0.492914,0.488177,0.480985,0.470524,0.455957,0.436561,0.411912,0.382082,0.347816,0.310637,0.272817,0.2372,0.206875,0.184742,0.173057,0.173057,0.184742,0.206875,0.2372,0.272817,0.310637,0.347816,0.382082,0.411912,0.436561,0.455957,0.470524,0.480985,0.488177,0.492914,0.495907,0.497722,0.498778,0.499368,0.499685,0.499849,0.49993,0.499969,0.499987,0.499994,0.499998,0.499999,0.5,0.5,0.5,0.5,0.5
0.5,0.5,0.5,0.5,0.5,0.499999,0.499998,0.499995,0.499989,0.499974,0.499942,0.499874,0.499738,0.499475,0.498984,0.498105,0.496594,0.494102,0.490157,0.484167,0.475453,0.463315,0.447152,0.426608,0.401742,0.373174,0.342175,0.310637,0.280935,0.255644,0.237184,0.227439,0.227439,0.237184,0.255644,0.280935,0.310637,0.342175,0.373174,0.401742,0.426608,0.447152,0.463315,0.475453,0.484167,0.490157,0.494102,0.496594,0.498105,0.498984,0.499475,0.499738,0.499874,0.499942,0.499974,0.499989,0.499995,0.499998,0.499999,0.5,0.5,0.5,0.5,0.5
0.5,0.5,0.5,0.5,0.5,0.499999,0.499999,0.499996,0.499991,0.499979,0.499954,0.499899,0.49979,0.499579,0.499185,0.49848,0.497268,0.495268,0.492101,0.487292,0.480293,0.470543,0.457556,0.441047,0.421061,0.398097,0.373174,0.347816,0.323932,0.303593,0.288747,0.280909,0.280909,0.288747,0.303593,0.323932,0.347816,0.373174,0.398097,0.421061,0.441047,0.457556,0.470543,0.480293,0.487292,0.492101,0.495268,0.497268,0.49848,0.499185,0.499579,0.49979,0.499899,0.499954,0.499979,0.499991,0.499996,0.499999,0.499999,0.5,0.5,0.5,0.5,0.5
0.5,0.5,0.5,0.5,0.5,0.5,0.499999,0.499997,0.499993,0.499984,0.499964,0.499922,0.499838,0.499675,0.49937,0.498825,0.497888,0.496341,0.49389,0.490167,0.484748,0.477197,0.467138,0.454347,0.438859,0.421061,0.401742,0.382082,0.363563,0.347791,0.336278,0.3302,0.3302,0.336278,0.347791,0.363563,0.382082,0.401742,0.421061,0.438859,0.454347,0.467138,0.477197,0.484748,0.490167,0.49389,0.496341,0.497888,0.498825,0.49937,0.499675,0.499838,0.499922,0.499964,0.499984,0.499993,0.499997,0.499999,0.5,0.5,0.5,0.5,0.5,0.5
0.5,0.5,0.5,0.5,0.5,0.5,0.499999,0.499998,0.499995,0.499988,0.499973,0.499942,0.49988,0.499758,0.499531,0.499125,0.498426,0.497272,0.495444,0.492666,0.488622,0.482984,0.475472,0.465918,0.454347,0.441047,0.426608,0.411912,0.398067,0.386276,0.377668,0.373122,0.373122,0.377668,0.386276,0.398067,0.411912,0.426608,0.441047,0.454347,0.465918,0.475472,0.482984,0.488622,0.492666,0.495444,0.497272,0.498426,0.499125,0.499531,0.499758,0.49988,0.499942,0.499973,0.499988,0.499995,0.499998,0.499999,0.5,0.5,0.5,0.5,0.5,0.5
0.5,0.5,0.5,0.5,0.5,0.5,0.499999,0.499998,0.499996,0.499991,0.499981,0.499959,0.499914,0.499826,0.499663,0.499372,0.49887,0.49804,0.496726,0.494728,0.491818,0.48776,0.482352,0.475472,0.467138,0.457556,0.447152,0.436561,0.426582,0.418082,0.411877,0.4086,0.4086,0.411877,0.418082,0.426582,0.436561,0.447152,0.457556,0.467138,0.475472,0.482352,0.48776,0.491818,0.494728,0.496726,0.49804,0.49887,0.499372,0.499663,0.499826,0.499914,0.499959,0.499981,0.499991,0.499996,0.499998,0.499999,0.5,0.5,0.5,0.5,0.5,0.5
0.5,0.5,0.5,0.5,0.5,0.5,0.5,0.499999,0.499997,0.499994,0.499987,0.499971,0.49994,0.49988,0.499767,0.499565,0.499217,0.498643,0.497732,0.496347,0.494328,0.491513,0.48776,0.482984,0.477197,0.470543,0.463315,0.455957,0.449023,0.443116,0.438802,0.436525,0.436525,0.438802,0.443116,0.449023,0.455957,0.463315,0.470543,0.477197,0.482984,0.48776,0.491513,0.494328,0.496347,0.497732,0.498643,0.499217,0.499565,0.499767,0.49988,0.49994,0.499971,0.499987,0.499994,0.499997,0.499999,0.5,0.5,0.5,0.5,0.5,0.5,0.5
0.5,0.5,0.5,0.5,0.5,0.5,0.5,0.499999,0.499998,0.499996,0.499991,0.499981,0.49996,0.49992,0.499845,0.49971,0.499478,0.499094,0.498486,0.49756,0.496211,0.494328,0.491818,0.488622,0.484748,0.480293,0.475453,0.470524,0.465879,0.461922,0.459032,0.457506,0.457506,0.459032,0.461922,0.465879,0.470524,0.475453,0.480293,0.484748,0.488622,0.491818,0.494328,0.496211,0.49756,0.498486,0.499094,0.499478,0.49971,0.499845,0.49992,0.49996,0.499981,0.499991,0.499996,0.499998,0.499999,0.5,0.5,0.5,0.5,0.5,0.5,0.5
0.5,0.5,0.5,0.5,0.5,0.5,0.5,0.5,0.499999,0.499997,0.499994,0.499988,0.499974,0.499949,0.4999,0.499814,0.499664,0.499417,0.499026,0.498429,0.49756,0.496347,0.494728,0.492666,0.490167,0.487292,0.484167,0.480985,0.477986,0.47543,0.473563,0.472577,0.472577,0.473563,0.47543,0.477986,0.480985,0.484167,0.487292,0.490167,0.492666,0.494728,0.496347,0.49756,0.498429,0.499026,0.499417,0.499664,0.499814,0.4999,0.499949,0.499974,0.499988,0.499994,0.499997,0.499999,0.5,0.5,0.5,0.5,0.5,0.5,0.5,0.5
0.5,0.5,0.5,0.5,0.5,0.5,0.5,0.5,0.499999,0.499998,0.499997,0.499992,0.499984,0.499968,0.499938,0.499885,0.499792,0.499639,0.499396,0.499026,0.498486,0.497732,0.496726,0.495444,0.49389,0.492101,0.490157,0.488177,0.48631,0.484718,0.483556,0.482943,0.482943,0.483556,0.484718,0.48631,0.488177,0.490157,0.492101,0.49389,0.495444,0.496726,0.497732,0.498486,0.499026,0.499396,0.499639,0.499792,0.499885,0.499938,0.499968,0.499984,0.499992,0.499997,0.499998,0.499999,0.5,0.5,0.5,0.5,0.5,0.5,0.5,0.5
0.5,0.5,0.5,0.5,0.5,0.5,0.5,0.5,0.5,0.499999,0.499998,0.499995,0.499991,0.499981,0.499963,0.499931,0.499876,0.499784,0.499639,0.499417,0.499094,0.498643,0.49804,0.497272,0.496341,0.495268,0.494102,0.492914,0.491794,0.490839,0.490142,0.489774,0.489774,0.490142,0.490839,0.491794,0.492914,0.494102,0.495268,0.496341,0.497272,0.49804,0.498643,0.499094,0.499417,0.499639,0.499784,0.499876,0.499931,0.499963,0.499981,0.499991,0.499995,0.499998,0.499999,0.5,0.5,0.5,0.5,0.5,0.5,0.5,0.5,0.5
0.5,0.5,0.5,0.5,0.5,0.5,0.5,0.5,0.5,0.499999,0.499999,0.499997,0.499995,0.499989,0.499979,0.49996,0.499929,0.499876,0.499792,0.499664,0.499478,0.499217,0.49887,0.498426,0.497888,0.497268,0.496594,0.495907,0.49526,0.494708,0.494304,0.494091,0.494091,0.494304,0.494708,0.49526,0.495907,0.496594,0.497268,0.497888,0.498426,0.49887,0.499217,0.499478,0.499664,0.499792,0.499876,0.499929,0.49996,0.499979,0.499989,0.499995,0.499997,0.499999,0.499999,0.5,0.5,0.5,0.5,0.5,0.5,0.5,0.5,0.5
0.5,0.5,0.5,0.5,0.5,0.5,0.5,0.5,0.5,0.5,0.499999,0.499999,0.499997,0.499994,0.499988,0.499978,0.49996,0.499931,0.499885,0.499814,0.49971,0.499565,0.499372,0.499125,0.498825,0.49848,0.498105,0.497722,0.497361,0.497053,0.496828,0.49671,0.49671,0.496828,0.497053,0.497361,0.497722,0.498105,0.49848,0.498825,0.499125,0.499372,0.499565,0.49971,0.499814,0.499885,0.499931,0.49996,0.499978,0.499988,0.499994,0.499997,0.499999,0.499999,0.5,0.5,0.5,0.5,0.5,0.5,0.5,0.5,0.5,0.5
0.5,0.5,0.5,0.5,0.5,0.5,0.5,0.5,0.5,0.5,0.5,0.499999,0.499998,0.499997,0.499994,0.499988,0.499979,0.499963,0.499938,0.4999,0.499845,0.499767,0.499663,0.499531,0.49937,0.499185,0.498984,0.498778,0.498584,0.498419,0.498298,0.498234,0.498234,0.498298,0.498419,0.498584,0.498778,0.498984,0.499185,0.49937,0.499531,0.499663,0.499767,0.499845,0.4999,0.499938,0.499963,0.499979,0.499988,0.499994,0.499997,0.499998,0.499999,0.5,0.5,0.5,0.5,0.5,0.5,0.5,0.5,0.5,0.5,0.5
0.5,0.5,0.5,0.5,0.5,0.5,0.5,0.5,0.5,0.5,0.5,0.5,0.499999,0.499998,0.499997,0.499994,0.499989,0.499981,0.499968,0.499949,0.49992,0.49988,0.499826,0.499758,0.499675,0.499579,0.499475,0.499368,0.499268,0.499182,0.49912,0.499087,0.499087,0.49912,0.499182,0.499268,0.499368,0.499475,0.499579,0.499675,0.499758,0.499826,0.49988,0.49992,0.499949,0.499968,0.499981,0.499989,0.499994,0.499997,0.499998,0.499999,0.5,0.5,0.5,0.5,0.5,0.5,0.5,0.5,0.5,0.5,0.5,0.5
0.5,0.5,0.5,0.5,0.5,0.5,0.5,0.5,0.5,0.5,0.5,0.5,0.5,0.499999,0.499998,0.499997,0.499995,0.499991,0.499984,0.499974,0.49996,0.49994,0.499914,0.49988,0.499838,0.49979,0.499738,0.499685,0.499635,0.499593,0.499562,0.499545,0.499545,0.499562,0.499593,0.499635,0.499685,0.499738,0.49979,0.499838,0.49988,0.499914,0.49994,0.49996,0.499974,0.499984,0.499991,0.499995,0.499997,0.499998,0.499999,0.5,0.5,0.5,0.5,0.5,0.5,0.5,0.5,0.5,0.5,0.5,0.5,0.5
0.5,0.5,0.5,0.5,0.5,0.5,0.5,0.5,0.5,0.5,0.5,0.5,0.5,0.5,0.499999,0.499999,0.499997,0.499995,0.499992,0.499988,0.499981,0.499971,0.499959,0.499942,0.499922,0.499899,0.499874,0.499849,0.499825,0.499804,0.499789,0.499782,0.499782,0.499789,0.499804,0.499825,0.499849,0.499874,0.499899,0.499922,0.499942,0.499959,0.499971,0.499981,0.499988,0.499992,0.499995,0.499997,0.499999,0.499999,0.5,0.5,0.5,0.5,0.5,0.5,0.5,0.5,0.5,0.5,0.5,0.5,0.5,0.5
0.5,0.5,0.5,0.5,0.5,0.5,0.5,0.5,0.5,0.5,0.5,0.5,0.5,0.5,0.5,0.499999,0.499999,0.499998,0.499997,0.499994,0.499991,0.499987,0.499981,0.499973,0.499964,0.499954,0.499942,0.49993,0.499919,0.49991,0.499903,0.499899,0.499899,0.499903,0.49991,0.499919,0.49993,0.499942,0.499954,0.499964,0.499973,0.499981,0.499987,0.499991,0.499994,0.499997,0.499998,0.499999,0.499999,0.5,0.5,0.5,0.5,0.5,0.5,0.5,0.5,0.5,0.5,0.5,0.5,0.5,0.5,0.5
0.5,0.5,0.5,0.5,0.5,0.5,0.5,0.5,0.5,0.5,0.5,0.5,0.5,0.5,0.5,0.5,0.499999,0.499999,0.499998,0.499997,0.499996,0.499994,0.499991,0.499988,0.499984,0.499979,0.499974,0.499969,0.499964,0.49996,0.499957,0.499955,0.499955,0.499957,0.49996,0.499964,0.499969,0.499974,0.499979,0.499984,0.499988,0.499991,0.499994,0.499996,0.499997,0.499998,0.499999,0.499999,0.5,0.5,0.5,0.5,0.5,0.5,0.5,0.5,0.5,0.5,0.5,0.5,0.5,0.5,0.5,0.5
0.5,0.5,0.5,0.5,0.5,0.5,0.5,0.5,0.5,0.5,0.5,0.5,0.5,0.5,0.5,0.5,0.5,0.5,0.499999,0.499999,0.499998,0.499997,0.499996,0.499995,0.499993,0.499991,0.499989,0.499987,0.499985,0.499983,0.499981,0.499981,0.499981,0.499981,0.499983,0.499985,0.499987,0.499989,0.499991,0.499993,0.499995,0.499996,0.499997,0.499998,0.499999,0.499999,0.5,0.5,0.5,0.5,0.5,0.5,0.5,0.5,0.5,0.5,0.5,0.5,0.5,0.5,0.5,0.5,0.5,0.5
0.5,0.5,0.5,0.5,0.5,0.5,0.5,0.5,0.5,0.5,0.5,0.5,0.5,0.5,0.5,0.5,0.5,0.5,0.5,0.5,0.499999,0.499999,0.499998,0.499998,0.499997,0.499996,0.499995,0.499994,0.499994,0.499993,0.499992,0.499992,0.499992,0.499992,0.499993,0.499994,0.499994,0.499995,0.499996,0.499997,0.499998,0.499998,0.499999,0.499999,0.5,0.5,0.5,0.5,0.5,0.5,0.5,0.5,0.5,0.5,0.5,0.5,0.5,0.5,0.5,0.5,0.5,0.5,0.5,0.5
0.5,0.5,0.5,0.5,0.5,0.5,0.5,0.5,0.5,0.5,0.5,0.5,0.5,0.5,0.5,0.5,0.5,0.5,0.5,0.5,0.5,0.5,0.499999,0.499999,0.499999,0.499999,0.499998,0.499998,0.499997,0.499997,0.499997,0.499997,0.499997,0.499997,0.499997,0.499997,0.499998,0.499998,0.499999,0.499999,0.499999,0.499999,0.5,0.5,0.5,0.5,0.5,0.5,0.5,0.5,0.5,0.5,0.5,0.5,0.5,0.5,0.5,0.5,0.5,0.5,0.5,0.5,0.5,0.5
0.5,0.5,0.5,0.5,0.5,0.5,0.5,0.5,0.5,0.5,0.5,0.5,0.5,0.5,0.5,0.5,0.5,0.5,0.5,0.5,0.5,0.5,0.5,0.5,0.5,0.499999,0.499999,0.499999,0.499999,0.499999,0.499999,0.499999,0.499999,0.499999,0.499999,0.499999,0.499999,0.499999,0.499999,0.5,0.5,0.5,0.5,0.5,0.5,0.5,0.5,0.5,0.5,0.5,0.5,0.5,0.5,0.5,0.5,0.5,0.5,0.5,0.5,0.5,0.5,0.5,0.5,0.5
0.5,0.5,0.5,0.5,0.5,0.5,0.5,0.5,0.5,0.5,0.5,0.5,0.5,0.5,0.5,0.5,0.5,0.5,0.5,0.5,0.5,0.5,0.5,0.5,0.5,0.5,0.5,0.5,0.5,0.5,0.5,0.5,0.5,0.5,0.5,0.5,0.5,0.5,0.5,0.5,0.5,0.5,0.5,0.5,0.5,0.5,0.5,0.5,0.5,0.5,0.5,0.5,0.5,0.5,0.5,0.5,0.5,0.5,0.5,0.5,0.5,0.5,0.5,0.5
0.5,0.5,0.5,0.5,0.5,0.5,0.5,0.5,0.5,0.5,0.5,0.5,0.5,0.5,0.5,0.5,0.5,0.5,0.5,0.5,0.5,0.5,0.5,0.5,0.5,0.5,0.5,0.5,0.5,0.5,0.5,0.5,0.5,0.5,0.5,0.5,0.5,0.5,0.5,0.5,0.5,0.5,0.5,0.5,0.5,0.5,0.5,0.5,0.5,0.5,0.5,0.5,0.5,0.5,0.5,0.5,0.5,0.5,0.5,0.5,0.5,0.5,0.5,0.5
0.5,0.5,0.5,0.5,0.5,0.5,0.5,0.5,0.5,0.5,0.5,0.5,0.5,0.5,0.5,0.5,0.5,0.5,0.5,0.5,0.5,0.5,0.5,0.5,0.5,0.5,0.5,0.5,0.5,0.5,0.5,0.5,0.5,0.5,0.5,0.5,0.5,0.5,0.5,0.5,0.5,0.5,0.5,0.5,0.5,0.5,0.5,0.5,0.5,0.5,0.5,0.5,0.5,0.5,0.5,0.5,0.5,0.5,0.5,0.5,0.5,0.5,0.5,0.5
0.5,0.5,0.5,0.5,0.5,0.5,0.5,0.5,0.5,0.5,0.5,0.5,0.5,0.5,0.5,0.5,0.5,0.5,0.5,0.5,0.5,0.5,0.5,0.5,0.5,0.5,0.5,0.5,0.5,0.5,0.5,0.5,0.5,0.5,0.5,0.5,0.5,0.5,0.5,0.5,0.5,0.5,0.5,0.5,0.5,0.5,0.5,0.5,0.5,0.5,0.5,0.5,0.5,0.5,0.5,0.5,0.5,0.5,0.5,0.5,0.5,0.5,0.5,0.5
0.5,0.5,0.5,0.5,0.5,0.5,0.5,0.5,0.5,0.5,0.5,0.5,0.5,0.5,0.5,0.5,0.5,0.5,0.5,0.5,0.5,0.5,0.5,0.5,0.5,0.5,0.5,0.5,0.5,0.5,0.5,0.5,0.5,0.5,0.5,0.5,0.5,0.5,0.5,0.5,0.5,0.5,0.5,0.5,0.5,0.5,0.5,0.5,0.5,0.5,0.5,0.5,0.5,0.5,0.5,0.5,0.5,0.5,0.5,0.5,0.5,0.5,0.5,0.5
