0.5,0.5,0.5,0.5,0.5,0.5,0.5,0.5,0.5,0.5,0.5,0.5,0.5,0.5,0.5,0.499999,0.499999,0.499998,0.499997,0.499996,0.499994,0.499992,0.499989,0.499986,0.499983,0.499979,0.499975,0.499972,0.499968,0.499965,0.499963,0.499962,0.499962,0.499963,0.499965,0.499968,0.499972,0.499975,0.499979,0.499983,0.499986,0.499989,0.499992,0.499994,0.499996,0.499997,0.499998,0.499999,0.499999,0.5,0.5,0.5,0.5,0.5,0.5,0.5,0.5,0.5,0.5,0.5,0.5,0.5,0.5,0.5
0.5,0.5,0.5,0.5,0.5,0.5,0.5,0.5,0.5,0.5,0.5,0.5,0.5,0.5,0.5,0.499999,0.499999,0.499998,0.499997,0.499996,0.499994,0.499992,0.499989,0.499986,0.499983,0.499979,0.499975,0.499972,0.499968,0.499965,0.499963,0.499962,0.499962,0.499963,0.499965,0.499968,0.499972,0.499975,0.499979,0.499983,0.499986,0.499989,0.499992,0.499994,0.499996,0.499997,0.499998,0.499999,0.499999,0.5,0.5,0.5,0.5,0.5,0.5,0.5,0.5,0.5,0.5,0.5,0.5,0.5,0.5,0.5
0.5,0.5,0.5,0.5,0.5,0.5,0.5,0.5,0.5,0.5,0.5,0.5,0.5,0.5,0.499999,0.499999,0.499998,0.499997,0.499995,0.499993,0.49999,0.499986,0.499982,0.499977,0.499971,0.499965,0.499958,0.499952,0.499946,0.499941,0.499938,0.499936,0.499936,0.499938,0.499941,0.499946,0.499952,0.499958,0.499965,0.499971,0.499977,0.499982,0.499986,0.49999,0.499993,0.499995,0.499997,0.499998,0.499999,0.499999,0.5,0.5,0.5,0.5,0.5,0.5,0.5,0.5,0.5,0.5,0.5,0.5,0.5,0.5
0.5,0.5,0.5,0.5,0.5,0.5,0.5,0.5,0.5,0.5,0.5,0.5,0.499999,0.499999,0.499998,0.499997,0.499995,0.499993,0.49999,0.499985,0.499979,0.499972,0.499963,0.499952,0.49994,0.499927,0.499914,0.499902,0.49989,0.499881,0.499874,0.49987,0.49987,0.499874,0.499881,0.49989,0.499902,0.499914,0.499927,0.49994,0.499952,0.499963,0.499972,0.499979,0.499985,0.49999,0.499993,0.499995,0.499997,0.499998,0.499999,0.499999,0.5,0.5,0.5,0.5,0.5,0.5,0.5,0.5,0.5,0.5,0.5,0.5
0.5,0.5,0.5,0.5,0.5,0.5,0.5,0.5,0.5,0.5,0.5,0.499999,0.499999,0.499998,0.499996,0.499994,0.49999,0.499985,0.499978,0.499968,0.499956,0.49994,0.499921,0.499899,0.499875,0.499849,0.499822,0.499796,0.499773,0.499753,0.49974,0.499733,0.499733,0.49974,0.499753,0.499773,0.499796,0.499822,0.499849,0.499875,0.499899,0.499921,0.49994,0.499956,0.499968,0.499978,0.499985,0.49999,0.499994,0.499996,0.499998,0.499999,0.499999,0.5,0.5,0.5,0.5,0.5,0.5,0.5,0.5,0.5,0.5,0.5
0.5,0.5,0.5,0.5,0.5,0.5,0.5,0.5,0.5,0.5,0.499999,0.499998,0.499997,0.499995,0.499992,0.499987,0.49998,0.499969,0.499954,0.499935,0.499909,0.499877,0.499839,0.499795,0.499745,0.499693,0.499639,0.499588,0.499541,0.499503,0.499476,0.499462,0.499462,0.499476,0.499503,0.499541,0.499588,0.499639,0.499693,0.499745,0.499795,0.499839,0.499877,0.499909,0.499935,0.499954,0.499969,0.49998,0.499987,0.499992,0.499995,0.499997,0.499998,0.499999,0.5,0.5,0.5,0.5,0.5,0.5,0.5,0.5,0.5,0.5
0.5,0.5,0.5,0.5,0.5,0.5,0.5,0.5,0.499999,0.499999,0.499998,0.499997,0.499994,0.49999,0.499983,0.499973,0.499958,0.499937,0.499908,0.499869,0.499819,0.499756,0.499681,0.499595,0.499499,0.499397,0.499294,0.499194,0.499105,0.499032,0.49898,0.498953,0.498953,0.49898,0.499032,0.499105,0.499194,0.499294,0.499397,0.499499,0.499595,0.499681,0.499756,0.499819,0.499869,0.499908,0.499937,0.499958,0.499973,0.499983,0.49999,0.499994,0.499997,0.499998,0.499999,0.499999,0.5,0.5,0.5,0.5,0.5,0.5,0.5,0.5
0.5,0.5,0.5,0.5,0.5,0.5,0.5,0.499999,0.499999,0.499998,0.499996,0.499993,0.499988,0.49998,0.499967,0.499947,0.499918,0.499877,0.499821,0.499746,0.49965,0.499532,0.49939,0.499227,0.499047,0.498856,0.498664,0.498479,0.498314,0.498178,0.498082,0.498032,0.498032,0.498082,0.498178,0.498314,0.498479,0.498664,0.498856,0.499047,0.499227,0.49939,0.499532,0.49965,0.499746,0.499821,0.499877,0.499918,0.499947,0.499967,0.49998,0.499988,0.499993,0.499996,0.499998,0.499999,0.499999,0.5,0.5,0.5,0.5,0.5,0.5,0.5
0.5,0.5,0.5,0.5,0.5,0.5,0.499999,0.499999,0.499998,0.499996,0.499993,0.499987,0.499977,0.499961,0.499937,0.499899,0.499845,0.499768,0.499663,0.499524,0.499348,0.49913,0.498871,0.498575,0.498248,0.497904,0.497558,0.497227,0.496931,0.496689,0.496518,0.496429,0.496429,0.496518,0.496689,0.496931,0.497227,0.497558,0.497904,0.498248,0.498575,0.498871,0.49913,0.499348,0.499524,0.499663,0.499768,0.499845,0.499899,0.499937,0.499961,0.499977,0.499987,0.499993,0.499996,0.499998,0.499999,0.499999,0.5,0.5,0.5,0.5,0.5,0.5
0.5,0.5,0.5,0.5,0.5,0.5,0.499999,0.499998,0.499996,0.499992,0.499986,0.499975,0.499957,0.499928,0.499882,0.499814,0.499715,0.499576,0.499386,0.499138,0.498823,0.498436,0.497979,0.497459,0.496889,0.496289,0.495688,0.495115,0.494605,0.494189,0.493895,0.493742,0.493742,0.493895,0.494189,0.494605,0.495115,0.495688,0.496289,0.496889,0.497459,0.497979,0.498436,0.498823,0.499138,0.499386,0.499576,0.499715,0.499814,0.499882,0.499928,0.499957,0.499975,0.499986,0.499992,0.499996,0.499998,0.499999,0.5,0.5,0.5,0.5,0.5,0.5
0.5,0.5,0.5,0.5,0.5,0.499999,0.499998,0.499996,0.499993,0.499986,0.499975,0.499955,0.499922,0.49987,0.499789,0.499668,0.499493,0.499249,0.498919,0.498488,0.497945,0.497283,0.496504,0.495621,0.494659,0.493651,0.492644,0.491689,0.490841,0.49015,0.489662,0.48941,0.48941,0.489662,0.49015,0.490841,0.491689,0.492644,0.493651,0.494659,0.495621,0.496504,0.497283,0.497945,0.498488,0.498919,0.499249,0.499493,0.499668,0.499789,0.49987,0.499922,0.499955,0.499975,0.499986,0.499993,0.499996,0.499998,0.499999,0.5,0.5,0.5,0.5,0.5
0.5,0.5,0.5,0.5,0.499999,0.499998,0.499997,0.499993,0.499987,0.499975,0.499955,0.49992,0.499863,0.499772,0.499632,0.499424,0.499126,0.498711,0.498155,0.497434,0.496529,0.495432,0.49415,0.492704,0.491135,0.489501,0.487874,0.486337,0.484976,0.483871,0.483092,0.482689,0.482689,0.483092,0.483871,0.484976,0.486337,0.487874,0.489501,0.491135,0.492704,0.49415,0.495432,0.496529,0.497434,0.498155,0.498711,0.499126,0.499424,0.499632,0.499772,0.499863,0.49992,0.499955,0.499975,0.499987,0.499993,0.499997,0.499998,0.499999,0.5,0.5,0.5,0.5
0.5,0.5,0.5,0.499999,0.499999,0.499997,0.499994,0.499988,0.499977,0.499957,0.499922,0.499863,0.499766,0.499612,0.499378,0.499033,0.49854,0.49786,0.496953,0.495783,0.494325,0.492569,0.490529,0.488241,0.485772,0.483214,0.480678,0.478293,0.476186,0.474482,0.473283,0.472663,0.472663,0.473283,0.474482,0.476186,0.478293,0.480678,0.483214,0.485772,0.488241,0.490529,0.492569,0.494325,0.495783,0.496953,0.49786,0.49854,0.499033,0.499378,0.499612,0.499766,0.499863,0.499922,0.499957,0.499977,0.499988,0.499994,0.499997,0.499999,0.499999,0.5,0.5,0.5
0.5,0.5,0.5,0.499999,0.499998,0.499995,0.49999,0.49998,0.499961,0.499928,0.49987,0.499772,0.499612,0.499362,0.498983,0.498427,0.497638,0.496557,0.495125,0.49329,0.491018,0.4883,0.485161,0.481663,0.477911,0.474044,0.47023,0.466658,0.463517,0.460982,0.459203,0.458285,0.458285,0.459203,0.460982,0.463517,0.466658,0.47023,0.474044,0.477911,0.481663,0.485161,0.4883,0.491018,0.49329,0.495125,0.496557,0.497638,0.498427,0.498983,0.499362,0.499612,0.499772,0.49987,0.499928,0.499961,0.49998,0.49999,0.499995,0.499998,0.499999,0.5,0.5,0.5
0.5,0.5,0.499999,0.499998,0.499996,0.499992,0.499983,0.499967,0.499937,0.499882,0.499789,0.499632,0.499378,0.498983,0.498387,0.497519,0.496297,0.494632,0.492441,0.489655,0.486228,0.482158,0.47749,0.472322,0.466813,0.461169,0.455635,0.450476,0.445957,0.442324,0.439779,0.438468,0.438468,0.439779,0.442324,0.445957,0.450476,0.455635,0.461169,0.466813,0.472322,0.47749,0.482158,0.486228,0.489655,0.492441,0.494632,0.496297,0.497519,0.498387,0.498983,0.499378,0.499632,0.499789,0.499882,0.499937,0.499967,0.499983,0.499992,0.499996,0.499998,0.499999,0.5,0.5
0.499999,0.499999,0.499999,0.499997,0.499994,0.499987,0.499973,0.499947,0.499899,0.499814,0.499668,0.499424,0.499033,0.498427,0.497519,0.496206,0.494368,0.491884,0.488638,0.48454,0.479538,0.47364,0.466924,0.459543,0.451728,0.443774,0.436021,0.428832,0.422564,0.417544,0.414037,0.412234,0.412234,0.414037,0.417544,0.422564,0.428832,0.436021,0.443774,0.451728,0.459543,0.466924,0.47364,0.479538,0.48454,0.488638,0.491884,0.494368,0.496206,0.497519,0.498427,0.499033,0.499424,0.499668,0.499814,0.499899,0.499947,0.499973,0.499987,0.499994,0.499997,0.499999,0.499999,0.499999
0.499999,0.499999,0.499998,0.499995,0.49999,0.49998,0.499958,0.499918,0.499845,0.499715,0.499493,0.499126,0.49854,0.497638,0.496297,0.494368,0.491689,0.488095,0.483434,0.477594,0.470521,0.462246,0.452896,0.4427,0.431985,0.421156,0.41067,0.401005,0.392622,0.385935,0.381279,0.37889,0.37889,0.381279,0.385935,0.392622,0.401005,0.41067,0.421156,0.431985,0.4427,0.452896,0.462246,0.470521,0.477594,0.483434,0.488095,0.491689,0.494368,0.496297,0.497638,0.49854,0.499126,0.499493,0.499715,0.499845,0.499918,0.499958,0.49998,0.49999,0.499995,0.499998,0.499999,0.499999
0.499998,0.499998,0.499997,0.499993,0.499985,0.499969,0.499937,0.499877,0.499768,0.499576,0.499249,0.498711,0.49786,0.496557,0.494632,0.491884,0.488095,0.483049,0.476557,0.468487,0.458793,0.447547,0.434944,0.421316,0.407109,0.392862,0.379168,0.366629,0.355816,0.347231,0.341275,0.338225,0.338225,0.341275,0.347231,0.355816,0.366629,0.379168,0.392862,0.407109,0.421316,0.434944,0.447547,0.458793,0.468487,0.476557,0.483049,0.488095,0.491884,0.494632,0.496557,0.49786,0.498711,0.499249,0.499576,0.499768,0.499877,0.499937,0.499969,0.499985,0.499993,0.499997,0.499998,0.499998
0.499997,0.499997,0.499995,0.49999,0.499978,0.499954,0.499908,0.499821,0.499663,0.499386,0.498919,0.498155,0.496953,0.495125,0.492441,0.488638,0.483434,0.476557,0.46778,0.45696,0.444075,0.429257,0.4128,0.395162,0.376937,0.358817,0.34154,0.325838,0.312387,0.301764,0.294423,0.290674,0.290674,0.294423,0.301764,0.312387,0.325838,0.34154,0.358817,0.376937,0.395162,0.4128,0.429257,0.444075,0.45696,0.46778,0.476557,0.483434,0.488638,0.492441,0.495125,0.496953,0.498155,0.498919,0.499386,0.499663,0.499821,0.499908,0.499954,0.499978,0.49999,0.499995,0.499997,0.499997
0.499996,0.499996,0.499993,0.499985,0.499968,0.499935,0.499869,0.499746,0.499524,0.499138,0.498488,0.497434,0.495783,0.49329,0.489655,0.48454,0.477594,0.468487,0.45696,0.442872,0.426247,0.407305,0.386467,0.364348,0.341713,0.31942,0.298356,0.279372,0.263229,0.250559,0.241844,0.237407,0.237407,0.241844,0.250559,0.263229,0.279372,0.298356,0.31942,0.341713,0.364348,0.386467,0.407305,0.426247,0.442872,0.45696,0.468487,0.477594,0.48454,0.489655,0.49329,0.495783,0.497434,0.498488,0.499138,0.499524,0.499746,0.499869,0.499935,0.499968,0.499985,0.499993,0.499996,0.499996
0.499994,0.499994,0.49999,0.499979,0.499956,0.499909,0.499819,0.49965,0.499348,0.498823,0.497945,0.496529,0.494325,0.491018,0.486228,0.479538,0.470521,0.458793,0.444075,0.426247,0.405406,0.381889,0.356281,0.329379,0.302137,0.275586,0.250751,0.228581,0.209889,0.195323,0.18536,0.180303,0.180303,0.18536,0.195323,0.209889,0.228581,0.250751,0.275586,0.302137,0.329379,0.356281,0.381889,0.405406,0.426247,0.444075,0.458793,0.470521,0.479538,0.486228,0.491018,0.494325,0.496529,0.497945,0.498823,0.499348,0.49965,0.499819,0.499909,0.499956,0.499979,0.49999,0.499994,0.499994
0.499992,0.499992,0.499986,0.499972,0.49994,0.499877,0.499756,0.499532,0.49913,0.498436,0.497283,0.495432,0.492569,0.4883,0.482158,0.47364,0.462246,0.447547,0.429257,0.407305,0.381889,0.353503,0.322923,0.291154,0.25935,0.228708,0.200371,0.175347,0.154456,0.138313,0.127342,0.121796,0.121796,0.127342,0.138313,0.154456,0.175347,0.200371,0.228708,0.25935,0.291154,0.322923,0.353503,0.381889,0.407305,0.429257,0.447547,0.462246,0.47364,0.482158,0.4883,0.492569,0.495432,0.497283,0.498436,0.49913,0.499532,0.499756,0.499877,0.49994,0.499972,0.499986,0.499992,0.499992
0.499989,0.499989,0.499982,0.499963,0.499921,0.499839,0.499681,0.49939,0.498871,0.497979,0.496504,0.49415,0.490529,0.485161,0.47749,0.466924,0.452896,0.434944,0.4128,0.386467,0.356281,0.322923,0.287389,0.250912,0.214844,0.180535,0.149209,0.121887,0.0993375,0.0820861,0.0704511,0.0645995,0.0645995,0.0704511,0.0820861,0.0993375,0.121887,0.149209,0.180535,0.214844,0.250912,0.287389,0.322923,0.356281,0.386467,0.4128,0.434944,0.452896,0.466924,0.47749,0.485161,0.490529,0.49415,0.496504,0.497979,0.498871,0.49939,0.499681,0.499839,0.499921,0.499963,0.499982,0.499989,0.499989
0.499986,0.499986,0.499977,0.499952,0.499899,0.499795,0.499595,0.499227,0.498575,0.497459,0.495621,0.492704,0.488241,0.481663,0.472322,0.459543,0.4427,0.421316,0.395162,0.364348,0.329379,0.291154,0.250912,0.210118,0.170318,0.132985,0.0993845,0.0704916,0.0469652,0.0291792,0.0172959,0.0113557,0.0113557,0.0172959,0.0291792,0.0469652,0.0704916,0.0993845,0.132985,0.170318,0.210118,0.250912,0.291154,0.329379,0.364348,0.395162,0.421316,0.4427,0.459543,0.472322,0.481663,0.488241,0.492704,0.495621,0.497459,0.498575,0.499227,0.499595,0.499795,0.499899,0.499952,0.499977,0.499986,0.499986
0.499983,0.499983,0.499971,0.49994,0.499875,0.499745,0.499499,0.499047,0.498248,0.496889,0.494659,0.491135,0.485772,0.477911,0.466813,0.451728,0.431985,0.407109,0.376937,0.341713,0.302137,0.25935,0.214844,0.170318,0.127493,0.0879297,0.0528882,0.0232435,-0.000515845,-0.0182223,-0.0299162,-0.0357176,-0.0357176,-0.0299162,-0.0182223,-0.000515845,0.0232435,0.0528882,0.0879297,0.127493,0.170318,0.214844,0.25935,0.302137,0.341713,0.376937,0.407109,0.431985,0.451728,0.466813,0.477911,0.485772,0.491135,0.494659,0.496889,0.498248,0.499047,0.499499,0.499745,0.499875,0.49994,0.499971,0.499983,0.499983
0.499979,0.499979,0.499965,0.499927,0.499849,0.499693,0.499397,0.498856,0.497904,0.496289,0.493651,0.489501,0.483214,0.474044,0.461169,0.443774,0.421156,0.392862,0.358817,0.31942,0.275586,0.228708,0.180535,0.132985,0.0879297,0.0469839,0.0113534,-0.0182354,-0.0415133,-0.0585628,-0.069662,-0.0751157,-0.0751157,-0.069662,-0.0585628,-0.0415133,-0.0182354,0.0113534,0.0469839,0.0879297,0.132985,0.180535,0.228708,0.275586,0.31942,0.358817,0.392862,0.421156,0.443774,0.461169,0.474044,0.483214,0.489501,0.493651,0.496289,0.497904,0.498856,0.499397,0.499693,0.499849,0.499927,0.499965,0.499979,0.499979
0.499975,0.499975,0.499958,0.499914,0.499822,0.499639,0.499294,0.498664,0.497558,0.495688,0.492644,0.487874,0.480678,0.47023,0.455635,0.436021,0.41067,0.379168,0.34154,0.298356,0.250751,0.200371,0.149209,0.0993845,0.0528882,0.0113534,-0.0241043,-0.0529446,-0.0751492,-0.0910764,-0.101261,-0.106204,-0.106204,-0.101261,-0.0910764,-0.0751492,-0.0529446,-0.0241043,0.0113534,0.0528882,0.0993845,0.149209,0.200371,0.250751,0.298356,0.34154,0.379168,0.41067,0.436021,0.455635,0.47023,0.480678,0.487874,0.492644,0.495688,0.497558,0.498664,0.499294,0.499639,0.499822,0.499914,0.499958,0.499975,0.499975
0.499972,0.499972,0.499952,0.499902,0.499796,0.499588,0.499194,0.498479,0.497227,0.495115,0.491689,0.486337,0.478293,0.466658,0.450476,0.428832,0.401005,0.366629,0.325838,0.279372,0.228581,0.175347,0.121887,0.0704916,0.0232435,-0.0182354,-0.0529446,-0.080547,-0.101286,-0.115799,-0.124876,-0.129213,-0.129213,-0.124876,-0.115799,-0.101286,-0.080547,-0.0529446,-0.0182354,0.0232435,0.0704916,0.121887,0.175347,0.228581,0.279372,0.325838,0.366629,0.401005,0.428832,0.450476,0.466658,0.478293,0.486337,0.491689,0.495115,0.497227,0.498479,0.499194,0.499588,0.499796,0.499902,0.499952,0.499972,0.499972
0.499968,0.499968,0.499946,0.49989,0.499773,0.499541,0.499105,0.498314,0.496931,0.494605,0.490841,0.484976,0.476186,0.463517,0.445957,0.422564,0.392622,0.355816,0.312387,0.263229,0.209889,0.154456,0.0993375,0.0469652,-0.000515845,-0.0415133,-0.0751492,-0.101286,-0.120413,-0.13343,-0.141361,-0.145077,-0.145077,-0.141361,-0.13343,-0.120413,-0.101286,-0.0751492,-0.0415133,-0.000515845,0.0469652,0.0993375,0.154456,0.209889,0.263229,0.312387,0.355816,0.392622,0.422564,0.445957,0.463517,0.476186,0.484976,0.490841,0.494605,0.496931,0.498314,0.499105,0.499541,0.499773,0.49989,0.499946,0.499968,0.499968
0.499965,0.499965,0.499941,0.499881,0.499753,0.499503,0.499032,0.498178,0.496689,0.494189,0.49015,0.483871,0.474482,0.460982,0.442324,0.417544,0.385935,0.347231,0.301764,0.250559,0.195323,0.138313,0.0820861,0.0291792,-0.0182223,-0.0585628,-0.0910764,-0.115799,-0.13343,-0.145087,-0.151987,-0.15515,-0.15515,-0.151987,-0.145087,-0.13343,-0.115799,-0.0910764,-0.0585628,-0.0182223,0.0291792,0.0820861,0.138313,0.195323,0.250559,0.301764,0.347231,0.385935,0.417544,0.442324,0.460982,0.474482,0.483871,0.49015,0.494189,0.496689,0.498178,0.499032,0.499503,0.499753,0.499881,0.499941,0.499965,0.499965
0.499963,0.499963,0.499938,0.499874,0.49974,0.499476,0.49898,0.498082,0.496518,0.493895,0.489662,0.483092,0.473283,0.459203,0.439779,0.414037,0.381279,0.341275,0.294423,0.241844,0.18536,0.127342,0.0704511,0.0172959,-0.0299162,-0.069662,-0.101261,-0.124876,-0.141361,-0.151987,-0.158113,-0.160861,-0.160861,-0.158113,-0.151987,-0.141361,-0.124876,-0.101261,-0.069662,-0.0299162,0.0172959,0.0704511,0.127342,0.18536,0.241844,0.294423,0.341275,0.381279,0.414037,0.439779,0.459203,0.473283,0.483092,0.489662,0.493895,0.496518,0.498082,0.49898,0.499476,0.49974,0.499874,0.499938,0.499963,0.499963
0.499962,0.499962,0.499936,0.49987,0.499733,0.499462,0.498953,0.498032,0.496429,0.493742,0.48941,0.482689,0.472663,0.458285,0.438468,0.412234,0.37889,0.338225,0.290674,0.237407,0.180303,0.121796,0.0645995,0.0113557,-0.0357176,-0.0751157,-0.106204,-0.129213,-0.145077,-0.15515,-0.160861,-0.163387,-0.163387,-0.160861,-0.15515,-0.145077,-0.129213,-0.106204,-0.0751157,-0.0357176,0.0113557,0.0645995,0.121796,0.180303,0.237407,0.290674,0.338225,0.37889,0.412234,0.438468,0.458285,0.472663,0.482689,0.48941,0.493742,0.496429,0.498032,0.498953,0.499462,0.499733,0.49987,0.499936,0.499962,0.499962
0.499962,0.499962,0.499936,0.49987,0.499733,0.499462,0.498953,0.498032,0.496429,0.493742,0.48941,0.482689,0.472663,0.458285,0.438468,0.412234,0.37889,0.338225,0.290674,0.237407,0.180303,0.121796,0.0645995,0.0113557,-0.0357176,-0.0751157,-0.106204,-0.129213,-0.145077,-0.15515,-0.160861,-0.163387,-0.163387,-0.160861,-0.15515,-0.145077,-0.129213,-0.106204,-0.0751157,-0.0357176,0.0113557,0.0645995,0.121796,0.180303,0.237407,0.290674,0.338225,0.37889,0.412234,0.438468,0.458285,0.472663,0.482689,0.48941,0.493742,0.496429,0.498032,0.498953,0.499462,0.499733,0.49987,0.499936,0.499962,0.499962
0.499963,0.499963,0.499938,0.499874,0.49974,0.499476,0.49898,0.498082,0.496518,0.493895,0.489662,0.483092,0.473283,0.459203,0.439779,0.414037,0.381279,0.341275,0.294423,0.241844,0.18536,0.127342,0.0704511,0.0172959,-0.0299162,-0.069662,-0.101261,-0.124876,-0.141361,-0.151987,-0.158113,-0.160861,-0.160861,-0.158113,-0.151987,-0.141361,-0.124876,-0.101261,-0.069662,-0.0299162,0.0172959,0.0704511,0.127342,0.18536,0.241844,0.294423,0.341275,0.381279,0.414037,0.439779,0.459203,0.473283,0.483092,0.489662,0.493895,0.496518,0.498082,0.49898,0.499476,0.49974,0.499874,0.499938,0.499963,0.499963
0.499965,0.499965,0.499941,0.499881,0.499753,0.499503,0.499032,0.498178,0.496689,0.494189,0.49015,0.483871,0.474482,0.460982,0.442324,0.417544,0.385935,0.347231,0.301764,0.250559,0.195323,0.138313,0.0820861,0.0291792,-0.0182223,-0.0585628,-0.0910764,-0.115799,-0.13343,-0.145087,-0.151987,-0.15515,-0.15515,-0.151987,-0.145087,-0.13343,-0.115799,-0.0910764,-0.0585628,-0.0182223,0.0291792,0.0820861,0.138313,0.195323,0.250559,0.301764,0.347231,0.385935,0.417544,0.442324,0.460982,0.474482,0.483871,0.49015,0.494189,0.496689,0.498178,0.499032,0.499503,0.499753,0.499881,0.499941,0.499965,0.499965
0.499968,0.499968,0.499946,0.49989,0.499773,0.499541,0.499105,0.498314,0.496931,0.494605,0.490841,0.484976,0.476186,0.463517,0.445957,0.422564,0.392622,0.355816,0.312387,0.263229,0.209889,0.154456,0.0993375,0.0469652,-0.000515845,-0.0415133,-0.0751492,-0.101286,-0.120413,-0.13343,-0.141361,-0.145077,-0.145077,-0.141361,-0.13343,-0.120413,-0.101286,-0.0751492,-0.0415133,-0.000515845,0.0469652,0.0993375,0.154456,0.209889,0.263229,0.312387,0.355816,0.392622,0.422564,0.445957,0.463517,0.476186,0.484976,0.490841,0.494605,0.496931,0.498314,0.499105,0.499541,0.499773,0.49989,0.499946,0.499968,0.499968
0.499972,0.499972,0.499952,0.499902,0.499796,0.499588,0.499194,0.498479,0.497227,0.495115,0.491689,0.486337,0.478293,0.466658,0.450476,0.428832,0.401005,0.366629,0.325838,0.279372,0.228581,0.175347,0.121887,0.0704916,0.0232435,-0.0182354,-0.0529446,-0.080547,-0.101286,-0.115799,-0.124876,-0.129213,-0.129213,-0.124876,-0.115799,-0.101286,-0.080547,-0.0529446,-0.0182354,0.0232435,0.0704916,0.121887,0.175347,0.228581,0.279372,0.325838,0.366629,0.401005,0.428832,0.450476,0.466658,0.478293,0.486337,0.491689,0.495115,0.497227,0.498479,0.499194,0.499588,0.499796,0.499902,0.499952,0.499972,0.499972
0.499975,0.499975,0.499958,0.499914,0.499822,0.499639,0.499294,0.498664,0.497558,0.495688,0.492644,0.487874,0.480678,0.47023,0.455635,0.436021,0.41067,0.379168,0.34154,0.298356,0.250751,0.200371,0.149209,0.0993845,0.0528882,0.0113534,-0.0241043,-0.0529446,-0.0751492,-0.0910764,-0.101261,-0.106204,-0.106204,-0.101261,-0.0910764,-0.0751492,-0.0529446,-0.0241043,0.0113534,0.0528882,0.0993845,0.149209,0.200371,0.250751,0.298356,0.34154,0.379168,0.41067,0.436021,0.455635,0.47023,0.480678,0.487874,0.492644,0.495688,0.497558,0.498664,0.499294,0.499639,0.499822,0.499914,0.499958,0.499975,0.499975
0.499979,0.499979,0.499965,0.499927,0.499849,0.499693,0.499397,0.498856,0.497904,0.496289,0.493651,0.489501,0.483214,0.474044,0.461169,0.443774,0.421156,0.392862,0.358817,0.31942,0.275586,0.228708,0.180535,0.132985,0.0879297,0.0469839,0.0113534,-0.0182354,-0.0415133,-0.0585628,-0.069662,-0.0751157,-0.0751157,-0.069662,-0.0585628,-0.0415133,-0.0182354,0.0113534,0.0469839,0.0879297,0.132985,0.180535,0.228708,0.275586,0.31942,0.358817,0.392862,0.421156,0.443774,0.461169,0.474044,0.483214,0.489501,0.493651,0.496289,0.497904,0.498856,0.499397,0.499693,0.499849,0.499927,0.499965,0.499979,0.499979
0.499983,0.499983,0.499971,0.49994,0.499875,0.499745,0.499499,0.499047,0.498248,0.496889,0.494659,0.491135,0.485772,0.477911,0.466813,0.451728,0.431985,0.407109,0.376937,0.341713,0.302137,0.25935,0.214844,0.170318,0.127493,0.0879297,0.0528882,0.0232435,-0.000515845,-0.0182223,-0.0299162,-0.0357176,-0.0357176,-0.0299162,-0.0182223,-0.000515845,0.0232435,0.0528882,0.0879297,0.127493,0.170318,0.214844,0.25935,0.302137,0.341713,0.376937,0.407109,0.431985,0.451728,0.466813,0.477911,0.485772,0.491135,0.494659,0.496889,0.498248,0.499047,0.499499,0.499745,0.499875,0.49994,0.499971,0.499983,0.499983
0.499986,0.499986,0.499977,0.499952,0.499899,0.499795,0.499595,0.499227,0.498575,0.497459,0.495621,0.492704,0.488241,0.481663,0.472322,0.459543,0.4427,0.421316,0.395162,0.364348,0.329379,0.291154,0.250912,0.210118,0.170318,0.132985,0.0993845,0.0704916,0.0469652,0.0291792,0.0172959,0.0113557,0.0113557,0.0172959,0.0291792,0.0469652,0.0704916,0.0993845,0.132985,0.170318,0.210118,0.250912,0.291154,0.329379,0.364348,0.395162,0.421316,0.4427,0.459543,0.472322,0.481663,0.488241,0.492704,0.495621,0.497459,0.498575,0.499227,0.499595,0.499795,0.499899,0.499952,0.499977,0.499986,0.499986
0.499989,0.499989,0.499982,0.499963,0.499921,0.499839,0.499681,0.49939,0.498871,0.497979,0.496504,0.49415,0.490529,0.485161,0.47749,0.466924,0.452896,0.434944,0.4128,0.386467,0.356281,0.322923,0.287389,0.250912,0.214844,0.180535,0.149209,0.121887,0.0993375,0.0820861,0.0704511,0.0645995,0.0645995,0.0704511,0.0820861,0.0993375,0.121887,0.149209,0.180535,0.214844,0.250912,0.287389,0.322923,0.356281,0.386467,0.4128,0.434944,0.452896,0.466924,0.47749,0.485161,0.490529,0.49415,0.496504,0.497979,0.498871,0.49939,0.499681,0.499839,0.499921,0.499963,0.499982,0.499989,0.499989
0.499992,0.499992,0.499986,0.499972,0.49994,0.499877,0.499756,0.499532,0.49913,0.498436,0.497283,0.495432,0.492569,0.4883,0.482158,0.47364,0.462246,0.447547,0.429257,0.407305,0.381889,0.353503,0.322923,0.291154,0.25935,0.228708,0.200371,0.175347,0.154456,0.138313,0.127342,0.121796,0.121796,0.127342,0.138313,0.154456,0.175347,0.200371,0.228708,0.25935,0.291154,0.322923,0.353503,0.381889,0.407305,0.429257,0.447547,0.462246,0.47364,0.482158,0.4883,0.492569,0.495432,0.497283,0.498436,0.49913,0.499532,0.499756,0.499877,0.49994,0.499972,0.499986,0.499992,0.499992
0.499994,0.499994,0.49999,0.499979,0.499956,0.499909,0.499819,0.49965,0.499348,0.498823,0.497945,0.496529,0.494325,0.491018,0.486228,0.479538,0.470521,0.458793,0.444075,0.426247,0.405406,0.381889,0.356281,0.329379,0.302137,0.275586,0.250751,0.228581,0.209889,0.195323,0.18536,0.180303,0.180303,0.18536,0.195323,0.209889,0.228581,0.250751,0.275586,0.302137,0.329379,0.356281,0.381889,0.405406,0.426247,0.444075,0.458793,0.470521,0.479538,0.486228,0.491018,0.494325,0.496529,0.497945,0.498823,0.499348,0.49965,0.499819,0.499909,0.499956,0.499979,0.49999,0.499994,0.499994
0.499996,0.499996,0.499993,0.499985,0.499968,0.499935,0.499869,0.499746,0.499524,0.499138,0.498488,0.497434,0.495783,0.49329,0.489655,0.48454,0.477594,0.468487,0.45696,0.442872,0.426247,0.407305,0.386467,0.364348,0.341713,0.31942,0.298356,0.279372,0.263229,0.250559,0.241844,0.237407,0.237407,0.241844,0.250559,0.263229,0.279372,0.298356,0.31942,0.341713,0.364348,0.386467,0.407305,0.426247,0.442872,0.45696,0.468487,0.477594,0.48454,0.489655,0.49329,0.495783,0.497434,0.498488,0.499138,0.499524,0.499746,0.499869,0.499935,0.499968,0.499985,0.499993,0.499996,0.499996
0.499997,0.499997,0.499995,0.49999,0.499978,0.499954,0.499908,0.499821,0.499663,0.499386,0.498919,0.498155,0.496953,0.495125,0.492441,0.488638,0.483434,0.476557,0.46778,0.45696,0.444075,0.429257,0.4128,0.395162,0.376937,0.358817,0.34154,0.325838,0.312387,0.301764,0.294423,0.290674,0.290674,0.294423,0.301764,0.312387,0.325838,0.34154,0.358817,0.376937,0.395162,0.4128,0.429257,0.444075,0.45696,0.46778,0.476557,0.483434,0.488638,0.492441,0.495125,0.496953,0.498155,0.498919,0.499386,0.499663,0.499821,0.499908,0.499954,0.499978,0.49999,0.499995,0.499997,0.499997
0.499998,0.499998,0.499997,0.499993,0.499985,0.499969,0.499937,0.499877,0.499768,0.499576,0.499249,0.498711,0.49786,0.496557,0.494632,0.491884,0.488095,0.483049,0.476557,0.468487,0.458793,0.447547,0.434944,0.421316,0.407109,0.392862,0.379168,0.366629,0.355816,0.347231,0.341275,0.338225,0.338225,0.341275,0.347231,0.355816,0.366629,0.379168,0.392862,0.407109,0.421316,0.434944,0.447547,0.458793,0.468487,0.476557,0.483049,0.488095,0.491884,0.494632,0.496557,0.49786,0.498711,0.499249,0.499576,0.499768,0.499877,0.499937,0.499969,0.499985,0.499993,0.499997,0.499998,0.499998
0.499999,0.499999,0.499998,0.499995,0.49999,0.49998,0.499958,0.499918,0.499845,0.499715,0.499493,0.499126,0.49854,0.497638,0.496297,0.494368,0.491689,0.488095,0.483434,0.477594,0.470521,0.462246,0.452896,0.4427,0.431985,0.421156,0.41067,0.401005,0.392622,0.385935,0.381279,0.37889,0.37889,0.381279,0.385935,0.392622,0.401005,0.41067,0.421156,0.431985,0.4427,0.452896,0.462246,0.470521,0.477594,0.483434,0.488095,0.491689,0.494368,0.496297,0.497638,0.49854,0.499126,0.499493,0.499715,0.499845,0.499918,0.499958,0.49998,0.49999,0.499995,0.499998,0.499999,0.499999
0.499999,0.499999,0.499999,0.499997,0.499994,0.499987,0.499973,0.499947,0.499899,0.499814,0.499668,0.499424,0.499033,0.498427,0.497519,0.496206,0.494368,0.491884,0.488638,0.48454,0.479538,0.47364,0.466924,0.459543,0.451728,0.443774,0.436021,0.428832,0.422564,0.417544,0.414037,0.412234,0.412234,0.414037,0.417544,0.422564,0.428832,0.436021,0.443774,0.451728,0.459543,0.466924,0.47364,0.479538,0.48454,0.488638,0.491884,0.494368,0.496206,0.497519,0.498427,0.499033,0.499424,0.499668,0.499814,0.499899,0.499947,0.499973,0.499987,0.499994,0.499997,0.499999,0.499999,0.499999
0.5,0.5,0.499999,0.499998,0.499996,0.499992,0.499983,0.499967,0.499937,0.499882,0.499789,0.499632,0.499378,0.498983,0.498387,0.497519,0.496297,0.494632,0.492441,0.489655,0.486228,0.482158,0.47749,0.472322,0.466813,0.461169,0.455635,0.450476,0.445957,0.442324,0.439779,0.438468,0.438468,0.439779,0.442324,0.445957,0.450476,0.455635,0.461169,0.466813,0.472322,0.47749,0.482158,0.486228,0.489655,0.492441,0.494632,0.496297,0.497519,0.498387,0.498983,0.499378,0.499632,0.499789,0.499882,0.499937,0.499967,0.499983,0.499992,0.499996,0.499998,0.499999,0.5,0.5
0.5,0.5,0.5,0.499999,0.499998,0.499995,0.49999,0.49998,0.499961,0.499928,0.49987,0.499772,0.499612,0.499362,0.498983,0.498427,0.497638,0.496557,0.495125,0.49329,0.491018,0.4883,0.485161,0.481663,0.477911,0.474044,0.47023,0.466658,0.463517,0.460982,0.459203,0.458285,0.458285,0.459203,0.460982,0.463517,0.466658,0.47023,0.474044,0.477911,0.481663,0.485161,0.4883,0.491018,0.49329,0.495125,0.496557,0.497638,0.498427,0.498983,0.499362,0.499612,0.499772,0.49987,0.499928,0.499961,0.49998,0.49999,0.499995,0.499998,0.499999,0.5,0.5,0.5
0.5,0.5,0.5,0.499999,0.499999,0.499997,0.499994,0.499988,0.499977,0.499957,0.499922,0.499863,0.499766,0.499612,0.499378,0.499033,0.49854,0.49786,0.496953,0.495783,0.494325,0.492569,0.490529,0.488241,0.485772,0.483214,0.480678,0.478293,0.476186,0.474482,0.473283,0.472663,0.472663,0.473283,0.474482,0.476186,0.478293,0.480678,0.483214,0.485772,0.488241,0.490529,0.492569,0.494325,0.495783,0.496953,0.49786,0.49854,0.499033,0.499378,0.499612,0.499766,0.499863,0.499922,0.499957,0.499977,0.499988,0.499994,0.499997,0.499999,0.499999,0.5,0.5,0.5
0.5,0.5,0.5,0.5,0.499999,0.499998,0.499997,0.499993,0.499987,0.499975,0.499955,0.49992,0.499863,0.499772,0.499632,0.499424,0.499126,0.498711,0.498155,0.497434,0.496529,0.495432,0.49415,0.492704,0.491135,0.489501,0.487874,0.486337,0.484976,0.483871,0.483092,0.482689,0.482689,0.483092,0.483871,0.484976,0.486337,0.487874,0.489501,0.491135,0.492704,0.49415,0.495432,0.496529,0.497434,0.498155,0.498711,0.499126,0.499424,0.499632,0.499772,0.499863,0.49992,0.499955,0.499975,0.499987,0.499993,0.499997,0.499998,0.499999,0.5,0.5,0.5,0.5
0.5,0.5,0.5,0.5,0.5,0.499999,0.499998,0.499996,0.499993,0.499986,0.499975,0.499955,0.499922,0.49987,0.499789,0.499668,0.499493,0.499249,0.498919,0.498488,0.497945,0.497283,0.496504,0.495621,0.494659,0.493651,0.492644,0.491689,0.490841,0.49015,0.489662,0.48941,0.48941,0.489662,0.49015,0.490841,0.491689,0.492644,0.493651,0.494659,0.495621,0.496504,0.497283,0.497945,0.498488,0.498919,0.499249,0.499493,0.499668,0.499789,0.49987,0.499922,0.499955,0.499975,0.499986,0.499993,0.499996,0.499998,0.499999,0.5,0.5,0.5,0.5,0.5
0.5,0.5,0.5,0.5,0.5,0.5,0.499999,0.499998,0.499996,0.499992,0.499986,0.499975,0.499957,0.499928,0.499882,0.499814,0.499715,0.499576,0.499386,0.499138,0.498823,0.498436,0.497979,0.497459,0.496889,0.496289,0.495688,0.495115,0.494605,0.494189,0.493895,0.493742,0.493742,0.493895,0.494189,0.494605,0.495115,0.495688,0.496289,0.496889,0.497459,0.497979,0.498436,0.498823,0.499138,0.499386,0.499576,0.499715,0.499814,0.499882,0.499928,0.499957,0.499975,0.499986,0.499992,0.499996,0.499998,0.499999,0.5,0.5,0.5,0.5,0.5,0.5
0.5,0.5,0.5,0.5,0.5,0.5,0.499999,0.499999,0.499998,0.499996,0.499993,0.499987,0.499977,0.499961,0.499937,0.499899,0.499845,0.499768,0.499663,0.499524,0.499348,0.49913,0.498871,0.498575,0.498248,0.497904,0.497558,0.497227,0.496931,0.496689,0.496518,0.496429,0.496429,0.496518,0.496689,0.496931,0.497227,0.497558,0.497904,0.498248,0.498575,0.498871,0.49913,0.499348,0.499524,0.499663,0.499768,0.499845,0.499899,0.499937,0.499961,0.499977,0.499987,0.499993,0.499996,0.499998,0.499999,0.499999,0.5,0.5,0.5,0.5,0.5,0.5
0.5,0.5,0.5,0.5,0.5,0.5,0.5,0.499999,0.499999,0.499998,0.499996,0.499993,0.499988,0.49998,0.499967,0.499947,0.499918,0.499877,0.499821,0.499746,0.49965,0.499532,0.49939,0.499227,0.499047,0.498856,0.498664,0.498479,0.498314,0.498178,0.498082,0.498032,0.498032,0.498082,0.498178,0.498314,0.498479,0.498664,0.498856,0.499047,0.499227,0.49939,0.499532,0.49965,0.499746,0.499821,0.499877,0.499918,0.499947,0.499967,0.49998,0.499988,0.499993,0.499996,0.499998,0.499999,0.499999,0.5,0.5,0.5,0.5,0.5,0.5,0.5
0.5,0.5,0.5,0.5,0.5,0.5,0.5,0.5,0.499999,0.499999,0.499998,0.499997,0.499994,0.49999,0.499983,0.499973,0.499958,0.499937,0.499908,0.499869,0.499819,0.499756,0.499681,0.499595,0.499499,0.499397,0.499294,0.499194,0.499105,0.499032,0.49898,0.498953,0.498953,0.49898,0.499032,0.499105,0.499194,0.499294,0.499397,0.499499,0.499595,0.499681,0.499756,0.499819,0.499869,0.499908,0.499937,0.499958,0.499973,0.499983,0.49999,0.499994,0.499997,0.499998,0.499999,0.499999,0.5,0.5,0.5,0.5,0.5,0.5,0.5,0.5
0.5,0.5,0.5,0.5,0.5,0.5,0.5,0.5,0.5,0.5,0.499999,0.499998,0.499997,0.499995,0.499992,0.499987,0.49998,0.499969,0.499954,0.499935,0.499909,0.499877,0.499839,0.499795,0.499745,0.499693,0.499639,0.499588,0.499541,0.499503,0.499476,0.499462,0.499462,0.499476,0.499503,0.499541,0.499588,0.499639,0.499693,0.499745,0.499795,0.499839,0.499877,0.499909,0.499935,0.499954,0.499969,0.49998,0.499987,0.499992,0.499995,0.499997,0.499998,0.499999,0.5,0.5,0.5,0.5,0.5,0.5,0.5,0.5,0.5,0.5
0.5,0.5,0.5,0.5,0.5,0.5,0.5,0.5,0.5,0.5,0.5,0.499999,0.499999,0.499998,0.499996,0.499994,0.49999,0.499985,0.499978,0.499968,0.499956,0.49994,0.499921,0.499899,0.499875,0.499849,0.499822,0.499796,0.499773,0.499753,0.49974,0.499733,0.499733,0.49974,0.499753,0.499773,0.499796,0.499822,0.499849,0.499875,0.499899,0.499921,0.49994,0.499956,0.499968,0.499978,0.499985,0.49999,0.499994,0.499996,0.499998,0.499999,0.499999,0.5,0.5,0.5,0.5,0.5,0.5,0.5,0.5,0.5,0.5,0.5
0.5,0.5,0.5,0.5,0.5,0.5,0.5,0.5,0.5,0.5,0.5,0.5,0.499999,0.499999,0.499998,0.499997,0.499995,0.499993,0.49999,0.499985,0.499979,0.499972,0.499963,0.499952,0.49994,0.499927,0.499914,0.499902,0.49989,0.499881,0.499874,0.49987,0.49987,0.499874,0.499881,0.49989,0.499902,0.499914,0.499927,0.49994,0.499952,0.499963,0.499972,0.499979,0.499985,0.49999,0.499993,0.499995,0.499997,0.499998,0.499999,0.499999,0.5,0.5,0.5,0.5,0.5,0.5,0.5,0.5,0.5,0.5,0.5,0.5
0.5,0.5,0.5,0.5,0.5,0.5,0.5,0.5,0.5,0.5,0.5,0.5,0.5,0.5,0.499999,0.499999,0.499998,0.499997,0.499995,0.499993,0.49999,0.499986,0.499982,0.499977,0.499971,0.499965,0.499958,0.499952,0.499946,0.499941,0.499938,0.499936,0.499936,0.499938,0.499941,0.499946,0.499952,0.499958,0.499965,0.499971,0.499977,0.499982,0.499986,0.49999,0.499993,0.499995,0.499997,0.499998,0.499999,0.499999,0.5,0.5,0.5,0.5,0.5,0.5,0.5,0.5,0.5,0.5,0.5,0.5,0.5,0.5
0.5,0.5,0.5,0.5,0.5,0.5,0.5,0.5,0.5,0.5,0.5,0.5,0.5,0.5,0.5,0.499999,0.499999,0.499998,0.499997,0.499996,0.499994,0.499992,0.499989,0.499986,0.499983,0.499979,0.499975,0.499972,0.499968,0.499965,0.499963,0.499962,0.499962,0.499963,0.499965,0.499968,0.499972,0.499975,0.499979,0.499983,0.499986,0.499989,0.499992,0.499994,0.499996,0.499997,0.499998,0.499999,0.499999,0.5,0.5,0.5,0.5,0.5,0.5,0.5,0.5,0.5,0.5,0.5,0.5,0.5,0.5,0.5
0.5,0.5,0.5,0.5,0.5,0.5,0.5,0.5,0.5,0.5,0.5,0.5,0.5,0.5,0.5,0.499999,0.499999,0.499998,0.499997,0.499996,0.499994,0.499992,0.499989,0.499986,0.499983,0.499979,0.499975,0.499972,0.499968,0.499965,0.499963,0.499962,0.499962,0.499963,0.499965,0.499968,0.499972,0.499975,0.499979,0.499983,0.499986,0.499989,0.499992,0.499994,0.499996,0.499997,0.499998,0.499999,0.499999,0.5,0.5,0.5,0.5,0.5,0.5,0.5,0.5,0.5,0.5,0.5,0.5,0.5,0.5,0.5
