0.5,0.5,0.5,0.5,0.5,0.5,0.5,0.5,0.5,0.499999,0.499999,0.499998,0.499996,0.499994,0.499991,0.499986,0.499979,0.499969,0.499956,0.499939,0.499917,0.499891,0.499861,0.499826,0.499789,0.499749,0.49971,0.499672,0.499639,0.499612,0.499593,0.499583,0.499583,0.499593,0.499612,0.499639,0.499672,0.49971,0.499749,0.499789,0.499826,0.499861,0.499891,0.499917,0.499939,0.499956,0.499969,0.499979,0.499986,0.499991,0.499994,0.499996,0.499998,0.499999,0.499999,0.5,0.5,0.5,0.5,0.5,0.5,0.5,0.5,0.5
0.5,0.5,0.5,0.5,0.5,0.5,0.5,0.5,0.5,0.499999,0.499999,0.499998,0.499996,0.499994,0.499991,0.499986,0.499979,0.499969,0.499956,0.499939,0.499917,0.499891,0.499861,0.499826,0.499789,0.499749,0.49971,0.499672,0.499639,0.499612,0.499593,0.499583,0.499583,0.499593,0.499612,0.499639,0.499672,0.49971,0.499749,0.499789,0.499826,0.499861,0.499891,0.499917,0.499939,0.499956,0.499969,0.499979,0.499986,0.499991,0.499994,0.499996,0.499998,0.499999,0.499999,0.5,0.5,0.5,0.5,0.5,0.5,0.5,0.5,0.5
0.5,0.5,0.5,0.5,0.5,0.5,0.5,0.5,0.499999,0.499999,0.499998,0.499997,0.499994,0.499991,0.499986,0.499978,0.499967,0.499952,0.499931,0.499905,0.499873,0.499834,0.499788,0.499736,0.49968,0.499622,0.499563,0.499508,0.499459,0.499419,0.499391,0.499376,0.499376,0.499391,0.499419,0.499459,0.499508,0.499563,0.499622,0.49968,0.499736,0.499788,0.499834,0.499873,0.499905,0.499931,0.499952,0.499967,0.499978,0.499986,0.499991,0.499994,0.499997,0.499998,0.499999,0.499999,0.5,0.5,0.5,0.5,0.5,0.5,0.5,0.5
0.5,0.5,0.5,0.5,0.5,0.5,0.5,0.499999,0.499999,0.499998,0.499996,0.499993,0.499989,0.499982,0.499972,0.499958,0.499937,0.49991,0.499873,0.499826,0.499767,0.499697,0.499615,0.499523,0.499424,0.499321,0.499219,0.499123,0.499037,0.498968,0.498919,0.498894,0.498894,0.498919,0.498968,0.499037,0.499123,0.499219,0.499321,0.499424,0.499523,0.499615,0.499697,0.499767,0.499826,0.499873,0.49991,0.499937,0.499958,0.499972,0.499982,0.499989,0.499993,0.499996,0.499998,0.499999,0.499999,0.5,0.5,0.5,0.5,0.5,0.5,0.5
0.5,0.5,0.5,0.5,0.5,0.5,0.499999,0.499999,0.499998,0.499996,0.499992,0.499987,0.499979,0.499966,0.499946,0.499919,0.49988,0.499827,0.499758,0.49967,0.499561,0.499432,0.499282,0.499115,0.498936,0.49875,0.498566,0.498393,0.49824,0.498117,0.49803,0.497985,0.497985,0.49803,0.498117,0.49824,0.498393,0.498566,0.49875,0.498936,0.499115,0.499282,0.499432,0.499561,0.49967,0.499758,0.499827,0.49988,0.499919,0.499946,0.499966,0.499979,0.499987,0.499992,0.499996,0.499998,0.499999,0.499999,0.5,0.5,0.5,0.5,0.5,0.5
0.5,0.5,0.5,0.5,0.5,0.499999,0.499999,0.499997,0.499995,0.499991,0.499985,0.499975,0.499959,0.499934,0.499898,0.499845,0.499773,0.499675,0.499548,0.499387,0.49919,0.498956,0.498687,0.498389,0.498069,0.497741,0.497416,0.497113,0.496845,0.496629,0.496477,0.496399,0.496399,0.496477,0.496629,0.496845,0.497113,0.497416,0.497741,0.498069,0.498389,0.498687,0.498956,0.49919,0.499387,0.499548,0.499675,0.499773,0.499845,0.499898,0.499934,0.499959,0.499975,0.499985,0.499991,0.499995,0.499997,0.499999,0.499999,0.5,0.5,0.5,0.5,0.5
0.5,0.5,0.5,0.5,0.499999,0.499999,0.499997,0.499995,0.499991,0.499984,0.499972,0.499952,0.499922,0.499877,0.49981,0.499715,0.499584,0.499409,0.499181,0.498896,0.498548,0.498138,0.49767,0.497153,0.496603,0.496039,0.495486,0.494969,0.494515,0.494149,0.493893,0.493761,0.493761,0.493893,0.494149,0.494515,0.494969,0.495486,0.496039,0.496603,0.497153,0.49767,0.498138,0.498548,0.498896,0.499181,0.499409,0.499584,0.499715,0.49981,0.499877,0.499922,0.499952,0.499972,0.499984,0.499991,0.499995,0.499997,0.499999,0.499999,0.5,0.5,0.5,0.5
0.5,0.5,0.5,0.499999,0.499999,0.499997,0.499995,0.499991,0.499983,0.49997,0.499948,0.499913,0.499858,0.499777,0.499658,0.49949,0.49926,0.498955,0.498563,0.498072,0.49748,0.496785,0.495997,0.495132,0.494216,0.493283,0.49237,0.491521,0.490778,0.490181,0.489763,0.489548,0.489548,0.489763,0.490181,0.490778,0.491521,0.49237,0.493283,0.494216,0.495132,0.495997,0.496785,0.49748,0.498072,0.498563,0.498955,0.49926,0.49949,0.499658,0.499777,0.499858,0.499913,0.499948,0.49997,0.499983,0.499991,0.499995,0.499997,0.499999,0.499999,0.5,0.5,0.5
0.5,0.5,0.499999,0.499999,0.499998,0.499995,0.499991,0.499983,0.499969,0.499945,0.499906,0.499845,0.49975,0.499608,0.499403,0.499116,0.498726,0.498212,0.497555,0.496741,0.495764,0.494626,0.493344,0.491947,0.490475,0.488982,0.487531,0.486186,0.485014,0.484075,0.483418,0.483081,0.483081,0.483418,0.484075,0.485014,0.486186,0.487531,0.488982,0.490475,0.491947,0.493344,0.494626,0.495764,0.496741,0.497555,0.498212,0.498726,0.499116,0.499403,0.499608,0.49975,0.499845,0.499906,0.499945,0.499969,0.499983,0.499991,0.499995,0.499998,0.499999,0.499999,0.5,0.5
0.499999,0.499999,0.499999,0.499998,0.499996,0.499991,0.499984,0.49997,0.499945,0.499904,0.499837,0.499732,0.499571,0.499333,0.498991,0.498515,0.497873,0.497035,0.495971,0.494664,0.493105,0.491305,0.48929,0.487108,0.484825,0.482524,0.480297,0.478243,0.47646,0.475036,0.474043,0.473533,0.473533,0.474043,0.475036,0.47646,0.478243,0.480297,0.482524,0.484825,0.487108,0.48929,0.491305,0.493105,0.494664,0.495971,0.497035,0.497873,0.498515,0.498991,0.499333,0.499571,0.499732,0.499837,0.499904,0.499945,0.49997,0.499984,0.499991,0.499996,0.499998,0.499999,0.499999,0.499999
0.499999,0.499999,0.499998,0.499996,0.499992,0.499985,0.499972,0.499948,0.499906,0.499837,0.499726,0.499551,0.499287,0.498898,0.498344,0.49758,0.496558,0.495232,0.493566,0.491533,0.48913,0.486375,0.483315,0.480026,0.476608,0.473184,0.46989,0.466867,0.464254,0.462174,0.460727,0.459985,0.459985,0.460727,0.462174,0.464254,0.466867,0.46989,0.473184,0.476608,0.480026,0.483315,0.486375,0.48913,0.491533,0.493566,0.495232,0.496558,0.49758,0.498344,0.498898,0.499287,0.499551,0.499726,0.499837,0.499906,0.499948,0.499972,0.499985,0.499992,0.499996,0.499998,0.499999,0.499999
0.499998,0.499998,0.499997,0.499993,0.499987,0.499975,0.499952,0.499913,0.499845,0.499732,0.499551,0.499271,0.498848,0.498232,0.497363,0.496173,0.494595,0.492566,0.490037,0.486978,0.483393,0.479317,0.474828,0.470039,0.465099,0.460184,0.455486,0.451199,0.44751,0.444585,0.442555,0.441516,0.441516,0.442555,0.444585,0.44751,0.451199,0.455486,0.460184,0.465099,0.470039,0.474828,0.479317,0.483393,0.486978,0.490037,0.492566,0.494595,0.496173,0.497363,0.498232,0.498848,0.499271,0.499551,0.499732,0.499845,0.499913,0.499952,0.499975,0.499987,0.499993,0.499997,0.499998,0.499998
0.499996,0.499996,0.499994,0.499989,0.499979,0.499959,0.499922,0.499858,0.49975,0.499571,0.499287,0.498848,0.498194,0.497247,0.495923,0.494126,0.491764,0.488754,0.485035,0.48058,0.475403,0.469572,0.463205,0.45647,0.449579,0.442775,0.436315,0.430458,0.425443,0.421482,0.418743,0.417344,0.417344,0.418743,0.421482,0.425443,0.430458,0.436315,0.442775,0.449579,0.45647,0.463205,0.469572,0.475403,0.48058,0.485035,0.488754,0.491764,0.494126,0.495923,0.497247,0.498194,0.498848,0.499287,0.499571,0.49975,0.499858,0.499922,0.499959,0.499979,0.499989,0.499994,0.499996,0.499996
0.499994,0.499994,0.499991,0.499982,0.499966,0.499934,0.499877,0.499777,0.499608,0.499333,0.498898,0.498232,0.497247,0.495836,0.493877,0.491244,0.487814,0.483484,0.478186,0.471899,0.464665,0.456594,0.447863,0.438714,0.429436,0.42035,0.411789,0.404078,0.397516,0.392357,0.388802,0.38699,0.38699,0.388802,0.392357,0.397516,0.404078,0.411789,0.42035,0.429436,0.438714,0.447863,0.456594,0.464665,0.471899,0.478186,0.483484,0.487814,0.491244,0.493877,0.495836,0.497247,0.498232,0.498898,0.499333,0.499608,0.499777,0.499877,0.499934,0.499966,0.499982,0.499991,0.499994,0.499994
0.499991,0.499991,0.499986,0.499972,0.499946,0.499898,0.49981,0.499658,0.499403,0.498991,0.498344,0.497363,0.495923,0.493877,0.491064,0.487317,0.482483,0.476441,0.469121,0.460523,0.450733,0.439922,0.428347,0.416338,0.404277,0.392574,0.381641,0.371869,0.363607,0.357147,0.352712,0.350457,0.350457,0.352712,0.357147,0.363607,0.371869,0.381641,0.392574,0.404277,0.416338,0.428347,0.439922,0.450733,0.460523,0.469121,0.476441,0.482483,0.487317,0.491064,0.493877,0.495923,0.497363,0.498344,0.498991,0.499403,0.499658,0.49981,0.499898,0.499946,0.499972,0.499986,0.499991,0.499991
0.499986,0.499986,0.499978,0.499958,0.499919,0.499845,0.499715,0.49949,0.499116,0.498515,0.49758,0.496173,0.494126,0.491244,0.487317,0.482137,0.475521,0.467335,0.457523,0.446124,0.433285,0.419264,0.404419,0.389186,0.37405,0.359513,0.346062,0.334143,0.32414,0.316366,0.311055,0.308361,0.308361,0.311055,0.316366,0.32414,0.334143,0.346062,0.359513,0.37405,0.389186,0.404419,0.419264,0.433285,0.446124,0.457523,0.467335,0.475521,0.482137,0.487317,0.491244,0.494126,0.496173,0.49758,0.498515,0.499116,0.49949,0.499715,0.499845,0.499919,0.499958,0.499978,0.499986,0.499986
0.499979,0.499979,0.499967,0.499937,0.49988,0.499773,0.499584,0.49926,0.498726,0.497873,0.496558,0.494595,0.491764,0.487814,0.482483,0.475521,0.46672,0.455948,0.443179,0.428513,0.412188,0.394573,0.376149,0.357469,0.339129,0.321716,0.305777,0.291792,0.280157,0.271179,0.265077,0.261993,0.261993,0.265077,0.271179,0.280157,0.291792,0.305777,0.321716,0.339129,0.357469,0.376149,0.394573,0.412188,0.428513,0.443179,0.455948,0.46672,0.475521,0.482483,0.487814,0.491764,0.494595,0.496558,0.497873,0.498726,0.49926,0.499584,0.499773,0.49988,0.499937,0.499967,0.499979,0.499979
0.499969,0.499969,0.499952,0.49991,0.499827,0.499675,0.499409,0.498955,0.498212,0.497035,0.495232,0.492566,0.488754,0.483484,0.476441,0.467335,0.455948,0.442166,0.426017,0.407695,0.387556,0.366105,0.343963,0.321813,0.300352,0.28024,0.262057,0.246286,0.233298,0.223359,0.216648,0.213268,0.213268,0.216648,0.223359,0.233298,0.246286,0.262057,0.28024,0.300352,0.321813,0.343963,0.366105,0.387556,0.407695,0.426017,0.442166,0.455948,0.467335,0.476441,0.483484,0.488754,0.492566,0.495232,0.497035,0.498212,0.498955,0.499409,0.499675,0.499827,0.49991,0.499952,0.499969,0.499969
0.499956,0.499956,0.499931,0.499873,0.499758,0.499548,0.499181,0.498563,0.497555,0.495971,0.493566,0.490037,0.485035,0.478186,0.469121,0.457523,0.443179,0.426017,0.406155,0.383906,0.359778,0.334437,0.308654,0.283243,0.258989,0.236594,0.216638,0.199562,0.185667,0.175144,0.168092,0.164558,0.164558,0.168092,0.175144,0.185667,0.199562,0.216638,0.236594,0.258989,0.283243,0.308654,0.334437,0.359778,0.383906,0.406155,0.426017,0.443179,0.457523,0.469121,0.478186,0.485035,0.490037,0.493566,0.495971,0.497555,0.498563,0.499181,0.499548,0.499758,0.499873,0.499931,0.499956,0.499956
0.499939,0.499939,0.499905,0.499826,0.49967,0.499387,0.498896,0.498072,0.496741,0.494664,0.491533,0.486978,0.48058,0.471899,0.460523,0.446124,0.428513,0.407695,0.383906,0.357618,0.329516,0.300444,0.271334,0.243114,0.216633,0.192599,0.171544,0.153817,0.139607,0.12898,0.121928,0.118416,0.118416,0.121928,0.12898,0.139607,0.153817,0.171544,0.192599,0.216633,0.243114,0.271334,0.300444,0.329516,0.357618,0.383906,0.407695,0.428513,0.446124,0.460523,0.471899,0.48058,0.486978,0.491533,0.494664,0.496741,0.498072,0.498896,0.499387,0.49967,0.499826,0.499905,0.499939,0.499939
0.499917,0.499917,0.499873,0.499767,0.499561,0.49919,0.498548,0.49748,0.495764,0.493105,0.48913,0.483393,0.475403,0.464665,0.450733,0.433285,0.412188,0.387556,0.359778,0.329516,0.297656,0.265233,0.23333,0.202971,0.175032,0.150182,0.128852,0.11125,0.0974028,0.087216,0.0805433,0.0772475,0.0772475,0.0805433,0.087216,0.0974028,0.11125,0.128852,0.150182,0.175032,0.202971,0.23333,0.265233,0.297656,0.329516,0.359778,0.387556,0.412188,0.433285,0.450733,0.464665,0.475403,0.483393,0.48913,0.493105,0.495764,0.49748,0.498548,0.49919,0.499561,0.499767,0.499873,0.499917,0.499917
0.499891,0.499891,0.499834,0.499697,0.499432,0.498956,0.498138,0.496785,0.494626,0.491305,0.486375,0.479317,0.469572,0.456594,0.439922,0.419264,0.394573,0.366105,0.334437,0.300444,0.265233,0.230028,0.196046,0.164379,0.135886,0.111144,0.0904336,0.0737736,0.0609877,0.0517904,0.045874,0.0429863,0.0429863,0.045874,0.0517904,0.0609877,0.0737736,0.0904336,0.111144,0.135886,0.164379,0.196046,0.230028,0.265233,0.300444,0.334437,0.366105,0.394573,0.419264,0.439922,0.456594,0.469572,0.479317,0.486375,0.491305,0.494626,0.496785,0.498138,0.498956,0.499432,0.499697,0.499834,0.499891,0.499891
0.499861,0.499861,0.499788,0.499615,0.499282,0.498687,0.49767,0.495997,0.493344,0.48929,0.483315,0.474828,0.463205,0.447863,0.428347,0.404419,0.376149,0.343963,0.308654,0.271334,0.23333,0.196046,0.160814,0.128747,0.100644,0.0769411,0.0577215,0.0427751,0.0316938,0.0239802,0.0191543,0.0168428,0.0168428,0.0191543,0.0239802,0.0316938,0.0427751,0.0577215,0.0769411,0.100644,0.128747,0.160814,0.196046,0.23333,0.271334,0.308654,0.343963,0.376149,0.404419,0.428347,0.447863,0.463205,0.474828,0.483315,0.48929,0.493344,0.495997,0.49767,0.498687,0.499282,0.499615,0.499788,0.499861,0.499861
0.499826,0.499826,0.499736,0.499523,0.499115,0.498389,0.497153,0.495132,0.491947,0.487108,0.480026,0.470039,0.45647,0.438714,0.416338,0.389186,0.357469,0.321813,0.283243,0.243114,0.202971,0.164379,0.128747,0.0971727,0.0703481,0.0485246,0.0315513,0.0189635,0.0101056,0.0042627,0.000782577,-0.000826123,-0.000826123,0.000782577,0.0042627,0.0101056,0.0189635,0.0315513,0.0485246,0.0703481,0.0971727,0.128747,0.164379,0.202971,0.243114,0.283243,0.321813,0.357469,0.389186,0.416338,0.438714,0.45647,0.470039,0.480026,0.487108,0.491947,0.495132,0.497153,0.498389,0.499115,0.499523,0.499736,0.499826,0.499826
0.499789,0.499789,0.49968,0.499424,0.498936,0.498069,0.496603,0.494216,0.490475,0.484825,0.476608,0.465099,0.449579,0.429436,0.404277,0.37405,0.339129,0.300352,0.258989,0.216633,0.175032,0.135886,0.100644,0.0703481,0.0455425,0.0262624,0.0121003,0.00232619,-0.00396287,-0.00769148,-0.00967275,-0.0105053,-0.0105053,-0.00967275,-0.00769148,-0.00396287,0.00232619,0.0121003,0.0262624,0.0455425,0.0703481,0.100644,0.135886,0.175032,0.216633,0.258989,0.300352,0.339129,0.37405,0.404277,0.429436,0.449579,0.465099,0.476608,0.484825,0.490475,0.494216,0.496603,0.498069,0.498936,0.499424,0.49968,0.499789,0.499789
0.499749,0.499749,0.499622,0.499321,0.49875,0.497741,0.496039,0.493283,0.488982,0.482524,0.473184,0.460184,0.442775,0.42035,0.392574,0.359513,0.321716,0.28024,0.236594,0.192599,0.150182,0.111144,0.0769411,0.0485246,0.0262624,0.00995471,-0.00106919,-0.00779953,-0.0113723,-0.0129019,-0.013342,-0.0133819,-0.0133819,-0.013342,-0.0129019,-0.0113723,-0.00779953,-0.00106919,0.00995471,0.0262624,0.0485246,0.0769411,0.111144,0.150182,0.192599,0.236594,0.28024,0.321716,0.359513,0.392574,0.42035,0.442775,0.460184,0.473184,0.482524,0.488982,0.493283,0.496039,0.497741,0.49875,0.499321,0.499622,0.499749,0.499749
0.49971,0.49971,0.499563,0.499219,0.498566,0.497416,0.495486,0.49237,0.487531,0.480297,0.46989,0.455486,0.436315,0.411789,0.381641,0.346062,0.305777,0.262057,0.216638,0.171544,0.128852,0.0904336,0.0577215,0.0315513,0.0121003,-0.00106919,-0.00888189,-0.0125692,-0.0134743,-0.0128734,-0.0118346,-0.0111183,-0.0111183,-0.0118346,-0.0128734,-0.0134743,-0.0125692,-0.00888189,-0.00106919,0.0121003,0.0315513,0.0577215,0.0904336,0.128852,0.171544,0.216638,0.262057,0.305777,0.346062,0.381641,0.411789,0.436315,0.455486,0.46989,0.480297,0.487531,0.49237,0.495486,0.497416,0.498566,0.499219,0.499563,0.49971,0.49971
0.499672,0.499672,0.499508,0.499123,0.498393,0.497113,0.494969,0.491521,0.486186,0.478243,0.466867,0.451199,0.430458,0.404078,0.371869,0.334143,0.291792,0.246286,0.199562,0.153817,0.11125,0.0737736,0.0427751,0.0189635,0.00232619,-0.00779953,-0.0125692,-0.0134252,-0.0118843,-0.00935238,-0.00698443,-0.00559205,-0.00559205,-0.00698443,-0.00935238,-0.0118843,-0.0134252,-0.0125692,-0.00779953,0.00232619,0.0189635,0.0427751,0.0737736,0.11125,0.153817,0.199562,0.246286,0.291792,0.334143,0.371869,0.404078,0.430458,0.451199,0.466867,0.478243,0.486186,0.491521,0.494969,0.497113,0.498393,0.499123,0.499508,0.499672,0.499672
0.499639,0.499639,0.499459,0.499037,0.49824,0.496845,0.494515,0.490778,0.485014,0.47646,0.464254,0.44751,0.425443,0.397516,0.363607,0.32414,0.280157,0.233298,0.185667,0.139607,0.0974028,0.0609877,0.0316938,0.0101056,-0.00396287,-0.0113723,-0.0134743,-0.0118843,-0.00825598,-0.00409248,-0.000609808,0.001347,0.001347,-0.000609808,-0.00409248,-0.00825598,-0.0118843,-0.0134743,-0.0113723,-0.00396287,0.0101056,0.0316938,0.0609877,0.0974028,0.139607,0.185667,0.233298,0.280157,0.32414,0.363607,0.397516,0.425443,0.44751,0.464254,0.47646,0.485014,0.490778,0.494515,0.496845,0.49824,0.499037,0.499459,0.499639,0.499639
0.499612,0.499612,0.499419,0.498968,0.498117,0.496629,0.494149,0.490181,0.484075,0.475036,0.462174,0.444585,0.421482,0.392357,0.357147,0.316366,0.271179,0.223359,0.175144,0.12898,0.087216,0.0517904,0.0239802,0.0042627,-0.00769148,-0.0129019,-0.0128734,-0.00935238,-0.00409248,0.00133593,0.00567741,0.00806733,0.00806733,0.00567741,0.00133593,-0.00409248,-0.00935238,-0.0128734,-0.0129019,-0.00769148,0.0042627,0.0239802,0.0517904,0.087216,0.12898,0.175144,0.223359,0.271179,0.316366,0.357147,0.392357,0.421482,0.444585,0.462174,0.475036,0.484075,0.490181,0.494149,0.496629,0.498117,0.498968,0.499419,0.499612,0.499612
0.499593,0.499593,0.499391,0.498919,0.49803,0.496477,0.493893,0.489763,0.483418,0.474043,0.460727,0.442555,0.418743,0.388802,0.352712,0.311055,0.265077,0.216648,0.168092,0.121928,0.0805433,0.045874,0.0191543,0.000782577,-0.00967275,-0.013342,-0.0118346,-0.00698443,-0.000609808,0.00567741,0.0105991,0.0132808,0.0132808,0.0105991,0.00567741,-0.000609808,-0.00698443,-0.0118346,-0.013342,-0.00967275,0.000782577,0.0191543,0.045874,0.0805433,0.121928,0.168092,0.216648,0.265077,0.311055,0.352712,0.388802,0.418743,0.442555,0.460727,0.474043,0.483418,0.489763,0.493893,0.496477,0.49803,0.498919,0.499391,0.499593,0.499593
0.499583,0.499583,0.499376,0.498894,0.497985,0.496399,0.493761,0.489548,0.483081,0.473533,0.459985,0.441516,0.417344,0.38699,0.350457,0.308361,0.261993,0.213268,0.164558,0.118416,0.0772475,0.0429863,0.0168428,-0.000826123,-0.0105053,-0.0133819,-0.0111183,-0.00559205,0.001347,0.00806733,0.0132808,0.0161088,0.0161088,0.0132808,0.00806733,0.001347,-0.00559205,-0.0111183,-0.0133819,-0.0105053,-0.000826123,0.0168428,0.0429863,0.0772475,0.118416,0.164558,0.213268,0.261993,0.308361,0.350457,0.38699,0.417344,0.441516,0.459985,0.473533,0.483081,0.489548,0.493761,0.496399,0.497985,0.498894,0.499376,0.499583,0.499583
0.499583,0.499583,0.499376,0.498894,0.497985,0.496399,0.493761,0.489548,0.483081,0.473533,0.459985,0.441516,0.417344,0.38699,0.350457,0.308361,0.261993,0.213268,0.164558,0.118416,0.0772475,0.0429863,0.0168428,-0.000826123,-0.0105053,-0.0133819,-0.0111183,-0.00559205,0.001347,0.00806733,0.0132808,0.0161088,0.0161088,0.0132808,0.00806733,0.001347,-0.00559205,-0.0111183,-0.0133819,-0.0105053,-0.000826123,0.0168428,0.0429863,0.0772475,0.118416,0.164558,0.213268,0.261993,0.308361,0.350457,0.38699,0.417344,0.441516,0.459985,0.473533,0.483081,0.489548,0.493761,0.496399,0.497985,0.498894,0.499376,0.499583,0.499583
0.499593,0.499593,0.499391,0.498919,0.49803,0.496477,0.493893,0.489763,0.483418,0.474043,0.460727,0.442555,0.418743,0.388802,0.352712,0.311055,0.265077,0.216648,0.168092,0.121928,0.0805433,0.045874,0.0191543,0.000782577,-0.00967275,-0.013342,-0.0118346,-0.00698443,-0.000609808,0.00567741,0.0105991,0.0132808,0.0132808,0.0105991,0.00567741,-0.000609808,-0.00698443,-0.0118346,-0.013342,-0.00967275,0.000782577,0.0191543,0.045874,0.0805433,0.121928,0.168092,0.216648,0.265077,0.311055,0.352712,0.388802,0.418743,0.442555,0.460727,0.474043,0.483418,0.489763,0.493893,0.496477,0.49803,0.498919,0.499391,0.499593,0.499593
0.499612,0.499612,0.499419,0.498968,0.498117,0.496629,0.494149,0.490181,0.484075,0.475036,0.462174,0.444585,0.421482,0.392357,0.357147,0.316366,0.271179,0.223359,0.175144,0.12898,0.087216,0.0517904,0.0239802,0.0042627,-0.00769148,-0.0129019,-0.0128734,-0.00935238,-0.00409248,0.00133593,0.00567741,0.00806733,0.00806733,0.00567741,0.00133593,-0.00409248,-0.00935238,-0.0128734,-0.0129019,-0.00769148,0.0042627,0.0239802,0.0517904,0.087216,0.12898,0.175144,0.223359,0.271179,0.316366,0.357147,0.392357,0.421482,0.444585,0.462174,0.475036,0.484075,0.490181,0.494149,0.496629,0.498117,0.498968,0.499419,0.499612,0.499612
0.499639,0.499639,0.499459,0.499037,0.49824,0.496845,0.494515,0.490778,0.485014,0.47646,0.464254,0.44751,0.425443,0.397516,0.363607,0.32414,0.280157,0.233298,0.185667,0.139607,0.0974028,0.0609877,0.0316938,0.0101056,-0.00396287,-0.0113723,-0.0134743,-0.0118843,-0.00825598,-0.00409248,-0.000609808,0.001347,0.001347,-0.000609808,-0.00409248,-0.00825598,-0.0118843,-0.0134743,-0.0113723,-0.00396287,0.0101056,0.0316938,0.0609877,0.0974028,0.139607,0.185667,0.233298,0.280157,0.32414,0.363607,0.397516,0.425443,0.44751,0.464254,0.47646,0.485014,0.490778,0.494515,0.496845,0.49824,0.499037,0.499459,0.499639,0.499639
0.499672,0.499672,0.499508,0.499123,0.498393,0.497113,0.494969,0.491521,0.486186,0.478243,0.466867,0.451199,0.430458,0.404078,0.371869,0.334143,0.291792,0.246286,0.199562,0.153817,0.11125,0.0737736,0.0427751,0.0189635,0.00232619,-0.00779953,-0.0125692,-0.0134252,-0.0118843,-0.00935238,-0.00698443,-0.00559205,-0.00559205,-0.00698443,-0.00935238,-0.0118843,-0.0134252,-0.0125692,-0.00779953,0.00232619,0.0189635,0.0427751,0.0737736,0.11125,0.153817,0.199562,0.246286,0.291792,0.334143,0.371869,0.404078,0.430458,0.451199,0.466867,0.478243,0.486186,0.491521,0.494969,0.497113,0.498393,0.499123,0.499508,0.499672,0.499672
0.49971,0.49971,0.499563,0.499219,0.498566,0.497416,0.495486,0.49237,0.487531,0.480297,0.46989,0.455486,0.436315,0.411789,0.381641,0.346062,0.305777,0.262057,0.216638,0.171544,0.128852,0.0904336,0.0577215,0.0315513,0.0121003,-0.00106919,-0.00888189,-0.0125692,-0.0134743,-0.0128734,-0.0118346,-0.0111183,-0.0111183,-0.0118346,-0.0128734,-0.0134743,-0.0125692,-0.00888189,-0.00106919,0.0121003,0.0315513,0.0577215,0.0904336,0.128852,0.171544,0.216638,0.262057,0.305777,0.346062,0.381641,0.411789,0.436315,0.455486,0.46989,0.480297,0.487531,0.49237,0.495486,0.497416,0.498566,0.499219,0.499563,0.49971,0.49971
0.499749,0.499749,0.499622,0.499321,0.49875,0.497741,0.496039,0.493283,0.488982,0.482524,0.473184,0.460184,0.442775,0.42035,0.392574,0.359513,0.321716,0.28024,0.236594,0.192599,0.150182,0.111144,0.0769411,0.0485246,0.0262624,0.00995471,-0.00106919,-0.00779953,-0.0113723,-0.0129019,-0.013342,-0.0133819,-0.0133819,-0.013342,-0.0129019,-0.0113723,-0.00779953,-0.00106919,0.00995471,0.0262624,0.0485246,0.0769411,0.111144,0.150182,0.192599,0.236594,0.28024,0.321716,0.359513,0.392574,0.42035,0.442775,0.460184,0.473184,0.482524,0.488982,0.493283,0.496039,0.497741,0.49875,0.499321,0.499622,0.499749,0.499749
0.499789,0.499789,0.49968,0.499424,0.498936,0.498069,0.496603,0.494216,0.490475,0.484825,0.476608,0.465099,0.449579,0.429436,0.404277,0.37405,0.339129,0.300352,0.258989,0.216633,0.175032,0.135886,0.100644,0.0703481,0.0455425,0.0262624,0.0121003,0.00232619,-0.00396287,-0.00769148,-0.00967275,-0.0105053,-0.0105053,-0.00967275,-0.00769148,-0.00396287,0.00232619,0.0121003,0.0262624,0.0455425,0.0703481,0.100644,0.135886,0.175032,0.216633,0.258989,0.300352,0.339129,0.37405,0.404277,0.429436,0.449579,0.465099,0.476608,0.484825,0.490475,0.494216,0.496603,0.498069,0.498936,0.499424,0.49968,0.499789,0.499789
0.499826,0.499826,0.499736,0.499523,0.499115,0.498389,0.497153,0.495132,0.491947,0.487108,0.480026,0.470039,0.45647,0.438714,0.416338,0.389186,0.357469,0.321813,0.283243,0.243114,0.202971,0.164379,0.128747,0.0971727,0.0703481,0.0485246,0.0315513,0.0189635,0.0101056,0.0042627,0.000782577,-0.000826123,-0.000826123,0.000782577,0.0042627,0.0101056,0.0189635,0.0315513,0.0485246,0.0703481,0.0971727,0.128747,0.164379,0.202971,0.243114,0.283243,0.321813,0.357469,0.389186,0.416338,0.438714,0.45647,0.470039,0.480026,0.487108,0.491947,0.495132,0.497153,0.498389,0.499115,0.499523,0.499736,0.499826,0.499826
0.499861,0.499861,0.499788,0.499615,0.499282,0.498687,0.49767,0.495997,0.493344,0.48929,0.483315,0.474828,0.463205,0.447863,0.428347,0.404419,0.376149,0.343963,0.308654,0.271334,0.23333,0.196046,0.160814,0.128747,0.100644,0.0769411,0.0577215,0.0427751,0.0316938,0.0239802,0.0191543,0.0168428,0.0168428,0.0191543,0.0239802,0.0316938,0.0427751,0.0577215,0.0769411,0.100644,0.128747,0.160814,0.196046,0.23333,0.271334,0.308654,0.343963,0.376149,0.404419,0.428347,0.447863,0.463205,0.474828,0.483315,0.48929,0.493344,0.495997,0.49767,0.498687,0.499282,0.499615,0.499788,0.499861,0.499861
0.499891,0.499891,0.499834,0.499697,0.499432,0.498956,0.498138,0.496785,0.494626,0.491305,0.486375,0.479317,0.469572,0.456594,0.439922,0.419264,0.394573,0.366105,0.334437,0.300444,0.265233,0.230028,0.196046,0.164379,0.135886,0.111144,0.0904336,0.0737736,0.0609877,0.0517904,0.045874,0.0429863,0.0429863,0.045874,0.0517904,0.0609877,0.0737736,0.0904336,0.111144,0.135886,0.164379,0.196046,0.230028,0.265233,0.300444,0.334437,0.366105,0.394573,0.419264,0.439922,0.456594,0.469572,0.479317,0.486375,0.491305,0.494626,0.496785,0.498138,0.498956,0.499432,0.499697,0.499834,0.499891,0.499891
0.499917,0.499917,0.499873,0.499767,0.499561,0.49919,0.498548,0.49748,0.495764,0.493105,0.48913,0.483393,0.475403,0.464665,0.450733,0.433285,0.412188,0.387556,0.359778,0.329516,0.297656,0.265233,0.23333,0.202971,0.175032,0.150182,0.128852,0.11125,0.0974028,0.087216,0.0805433,0.0772475,0.0772475,0.0805433,0.087216,0.0974028,0.11125,0.128852,0.150182,0.175032,0.202971,0.23333,0.265233,0.297656,0.329516,0.359778,0.387556,0.412188,0.433285,0.450733,0.464665,0.475403,0.483393,0.48913,0.493105,0.495764,0.49748,0.498548,0.49919,0.499561,0.499767,0.499873,0.499917,0.499917
0.499939,0.499939,0.499905,0.499826,0.49967,0.499387,0.498896,0.498072,0.496741,0.494664,0.491533,0.486978,0.48058,0.471899,0.460523,0.446124,0.428513,0.407695,0.383906,0.357618,0.329516,0.300444,0.271334,0.243114,0.216633,0.192599,0.171544,0.153817,0.139607,0.12898,0.121928,0.118416,0.118416,0.121928,0.12898,0.139607,0.153817,0.171544,0.192599,0.216633,0.243114,0.271334,0.300444,0.329516,0.357618,0.383906,0.407695,0.428513,0.446124,0.460523,0.471899,0.48058,0.486978,0.491533,0.494664,0.496741,0.498072,0.498896,0.499387,0.49967,0.499826,0.499905,0.499939,0.499939
0.499956,0.499956,0.499931,0.499873,0.499758,0.499548,0.499181,0.498563,0.497555,0.495971,0.493566,0.490037,0.485035,0.478186,0.469121,0.457523,0.443179,0.426017,0.406155,0.383906,0.359778,0.334437,0.308654,0.283243,0.258989,0.236594,0.216638,0.199562,0.185667,0.175144,0.168092,0.164558,0.164558,0.168092,0.175144,0.185667,0.199562,0.216638,0.236594,0.258989,0.283243,0.308654,0.334437,0.359778,0.383906,0.406155,0.426017,0.443179,0.457523,0.469121,0.478186,0.485035,0.490037,0.493566,0.495971,0.497555,0.498563,0.499181,0.499548,0.499758,0.499873,0.499931,0.499956,0.499956
0.499969,0.499969,0.499952,0.49991,0.499827,0.499675,0.499409,0.498955,0.498212,0.497035,0.495232,0.492566,0.488754,0.483484,0.476441,0.467335,0.455948,0.442166,0.426017,0.407695,0.387556,0.366105,0.343963,0.321813,0.300352,0.28024,0.262057,0.246286,0.233298,0.223359,0.216648,0.213268,0.213268,0.216648,0.223359,0.233298,0.246286,0.262057,0.28024,0.300352,0.321813,0.343963,0.366105,0.387556,0.407695,0.426017,0.442166,0.455948,0.467335,0.476441,0.483484,0.488754,0.492566,0.495232,0.497035,0.498212,0.498955,0.499409,0.499675,0.499827,0.49991,0.499952,0.499969,0.499969
0.499979,0.499979,0.499967,0.499937,0.49988,0.499773,0.499584,0.49926,0.498726,0.497873,0.496558,0.494595,0.491764,0.487814,0.482483,0.475521,0.46672,0.455948,0.443179,0.428513,0.412188,0.394573,0.376149,0.357469,0.339129,0.321716,0.305777,0.291792,0.280157,0.271179,0.265077,0.261993,0.261993,0.265077,0.271179,0.280157,0.291792,0.305777,0.321716,0.339129,0.357469,0.376149,0.394573,0.412188,0.428513,0.443179,0.455948,0.46672,0.475521,0.482483,0.487814,0.491764,0.494595,0.496558,0.497873,0.498726,0.49926,0.499584,0.499773,0.49988,0.499937,0.499967,0.499979,0.499979
0.499986,0.499986,0.499978,0.499958,0.499919,0.499845,0.499715,0.49949,0.499116,0.498515,0.49758,0.496173,0.494126,0.491244,0.487317,0.482137,0.475521,0.467335,0.457523,0.446124,0.433285,0.419264,0.404419,0.389186,0.37405,0.359513,0.346062,0.334143,0.32414,0.316366,0.311055,0.308361,0.308361,0.311055,0.316366,0.32414,0.334143,0.346062,0.359513,0.37405,0.389186,0.404419,0.419264,0.433285,0.446124,0.457523,0.467335,0.475521,0.482137,0.487317,0.491244,0.494126,0.496173,0.49758,0.498515,0.499116,0.49949,0.499715,0.499845,0.499919,0.499958,0.499978,0.499986,0.499986
0.499991,0.499991,0.499986,0.499972,0.499946,0.499898,0.49981,0.499658,0.499403,0.498991,0.498344,0.497363,0.495923,0.493877,0.491064,0.487317,0.482483,0.476441,0.469121,0.460523,0.450733,0.439922,0.428347,0.416338,0.404277,0.392574,0.381641,0.371869,0.363607,0.357147,0.352712,0.350457,0.350457,0.352712,0.357147,0.363607,0.371869,0.381641,0.392574,0.404277,0.416338,0.428347,0.439922,0.450733,0.460523,0.469121,0.476441,0.482483,0.487317,0.491064,0.493877,0.495923,0.497363,0.498344,0.498991,0.499403,0.499658,0.49981,0.499898,0.499946,0.499972,0.499986,0.499991,0.499991
0.499994,0.499994,0.499991,0.499982,0.499966,0.499934,0.499877,0.499777,0.499608,0.499333,0.498898,0.498232,0.497247,0.495836,0.493877,0.491244,0.487814,0.483484,0.478186,0.471899,0.464665,0.456594,0.447863,0.438714,0.429436,0.42035,0.411789,0.404078,0.397516,0.392357,0.388802,0.38699,0.38699,0.388802,0.392357,0.397516,0.404078,0.411789,0.42035,0.429436,0.438714,0.447863,0.456594,0.464665,0.471899,0.478186,0.483484,0.487814,0.491244,0.493877,0.495836,0.497247,0.498232,0.498898,0.499333,0.499608,0.499777,0.499877,0.499934,0.499966,0.499982,0.499991,0.499994,0.499994
0.499996,0.499996,0.499994,0.499989,0.499979,0.499959,0.499922,0.499858,0.49975,0.499571,0.499287,0.498848,0.498194,0.497247,0.495923,0.494126,0.491764,0.488754,0.485035,0.48058,0.475403,0.469572,0.463205,0.45647,0.449579,0.442775,0.436315,0.430458,0.425443,0.421482,0.418743,0.417344,0.417344,0.418743,0.421482,0.425443,0.430458,0.436315,0.442775,0.449579,0.45647,0.463205,0.469572,0.475403,0.48058,0.485035,0.488754,0.491764,0.494126,0.495923,0.497247,0.498194,0.498848,0.499287,0.499571,0.49975,0.499858,0.499922,0.499959,0.499979,0.499989,0.499994,0.499996,0.499996
0.499998,0.499998,0.499997,0.499993,0.499987,0.499975,0.499952,0.499913,0.499845,0.499732,0.499551,0.499271,0.498848,0.498232,0.497363,0.496173,0.494595,0.492566,0.490037,0.486978,0.483393,0.479317,0.474828,0.470039,0.465099,0.460184,0.455486,0.451199,0.44751,0.444585,0.442555,0.441516,0.441516,0.442555,0.444585,0.44751,0.451199,0.455486,0.460184,0.465099,0.470039,0.474828,0.479317,0.483393,0.486978,0.490037,0.492566,0.494595,0.496173,0.497363,0.498232,0.498848,0.499271,0.499551,0.499732,0.499845,0.499913,0.499952,0.499975,0.499987,0.499993,0.499997,0.499998,0.499998
0.499999,0.499999,0.499998,0.499996,0.499992,0.499985,0.499972,0.499948,0.499906,0.499837,0.499726,0.499551,0.499287,0.498898,0.498344,0.49758,0.496558,0.495232,0.493566,0.491533,0.48913,0.486375,0.483315,0.480026,0.476608,0.473184,0.46989,0.466867,0.464254,0.462174,0.460727,0.459985,0.459985,0.460727,0.462174,0.464254,0.466867,0.46989,0.473184,0.476608,0.480026,0.483315,0.486375,0.48913,0.491533,0.493566,0.495232,0.496558,0.49758,0.498344,0.498898,0.499287,0.499551,0.499726,0.499837,0.499906,0.499948,0.499972,0.499985,0.499992,0.499996,0.499998,0.499999,0.499999
0.499999,0.499999,0.499999,0.499998,0.499996,0.499991,0.499984,0.49997,0.499945,0.499904,0.499837,0.499732,0.499571,0.499333,0.498991,0.498515,0.497873,0.497035,0.495971,0.494664,0.493105,0.491305,0.48929,0.487108,0.484825,0.482524,0.480297,0.478243,0.47646,0.475036,0.474043,0.473533,0.473533,0.474043,0.475036,0.47646,0.478243,0.480297,0.482524,0.484825,0.487108,0.48929,0.491305,0.493105,0.494664,0.495971,0.497035,0.497873,0.498515,0.498991,0.499333,0.499571,0.499732,0.499837,0.499904,0.499945,0.49997,0.499984,0.499991,0.499996,0.499998,0.499999,0.499999,0.499999
0.5,0.5,0.499999,0.499999,0.499998,0.499995,0.499991,0.499983,0.499969,0.499945,0.499906,0.499845,0.49975,0.499608,0.499403,0.499116,0.498726,0.498212,0.497555,0.496741,0.495764,0.494626,0.493344,0.491947,0.490475,0.488982,0.487531,0.486186,0.485014,0.484075,0.483418,0.483081,0.483081,0.483418,0.484075,0.485014,0.486186,0.487531,0.488982,0.490475,0.491947,0.493344,0.494626,0.495764,0.496741,0.497555,0.498212,0.498726,0.499116,0.499403,0.499608,0.49975,0.499845,0.499906,0.499945,0.499969,0.499983,0.499991,0.499995,0.499998,0.499999,0.499999,0.5,0.5
0.5,0.5,0.5,0.499999,0.499999,0.499997,0.499995,0.499991,0.499983,0.49997,0.499948,0.499913,0.499858,0.499777,0.499658,0.49949,0.49926,0.498955,0.498563,0.498072,0.49748,0.496785,0.495997,0.495132,0.494216,0.493283,0.49237,0.491521,0.490778,0.490181,0.489763,0.489548,0.489548,0.489763,0.490181,0.490778,0.491521,0.49237,0.493283,0.494216,0.495132,0.495997,0.496785,0.49748,0.498072,0.498563,0.498955,0.49926,0.49949,0.499658,0.499777,0.499858,0.499913,0.499948,0.49997,0.499983,0.499991,0.499995,0.499997,0.499999,0.499999,0.5,0.5,0.5
0.5,0.5,0.5,0.5,0.499999,0.499999,0.499997,0.499995,0.499991,0.499984,0.499972,0.499952,0.499922,0.499877,0.49981,0.499715,0.499584,0.499409,0.499181,0.498896,0.498548,0.498138,0.49767,0.497153,0.496603,0.496039,0.495486,0.494969,0.494515,0.494149,0.493893,0.493761,0.493761,0.493893,0.494149,0.494515,0.494969,0.495486,0.496039,0.496603,0.497153,0.49767,0.498138,0.498548,0.498896,0.499181,0.499409,0.499584,0.499715,0.49981,0.499877,0.499922,0.499952,0.499972,0.499984,0.499991,0.499995,0.499997,0.499999,0.499999,0.5,0.5,0.5,0.5
0.5,0.5,0.5,0.5,0.5,0.499999,0.499999,0.499997,0.499995,0.499991,0.499985,0.499975,0.499959,0.499934,0.499898,0.499845,0.499773,0.499675,0.499548,0.499387,0.49919,0.498956,0.498687,0.498389,0.498069,0.497741,0.497416,0.497113,0.496845,0.496629,0.496477,0.496399,0.496399,0.496477,0.496629,0.496845,0.497113,0.497416,0.497741,0.498069,0.498389,0.498687,0.498956,0.49919,0.499387,0.499548,0.499675,0.499773,0.499845,0.499898,0.499934,0.499959,0.499975,0.499985,0.499991,0.499995,0.499997,0.499999,0.499999,0.5,0.5,0.5,0.5,0.5
0.5,0.5,0.5,0.5,0.5,0.5,0.499999,0.499999,0.499998,0.499996,0.499992,0.499987,0.499979,0.499966,0.499946,0.499919,0.49988,0.499827,0.499758,0.49967,0.499561,0.499432,0.499282,0.499115,0.498936,0.49875,0.498566,0.498393,0.49824,0.498117,0.49803,0.497985,0.497985,0.49803,0.498117,0.49824,0.498393,0.498566,0.49875,0.498936,0.499115,0.499282,0.499432,0.499561,0.49967,0.499758,0.499827,0.49988,0.499919,0.499946,0.499966,0.499979,0.499987,0.499992,0.499996,0.499998,0.499999,0.499999,0.5,0.5,0.5,0.5,0.5,0.5
0.5,0.5,0.5,0.5,0.5,0.5,0.5,0.499999,0.499999,0.499998,0.499996,0.499993,0.499989,0.499982,0.499972,0.499958,0.499937,0.49991,0.499873,0.499826,0.499767,0.499697,0.499615,0.499523,0.499424,0.499321,0.499219,0.499123,0.499037,0.498968,0.498919,0.498894,0.498894,0.498919,0.498968,0.499037,0.499123,0.499219,0.499321,0.499424,0.499523,0.499615,0.499697,0.499767,0.499826,0.499873,0.49991,0.499937,0.499958,0.499972,0.499982,0.499989,0.499993,0.499996,0.499998,0.499999,0.499999,0.5,0.5,0.5,0.5,0.5,0.5,0.5
0.5,0.5,0.5,0.5,0.5,0.5,0.5,0.5,0.499999,0.499999,0.499998,0.499997,0.499994,0.499991,0.499986,0.499978,0.499967,0.499952,0.499931,0.499905,0.499873,0.499834,0.499788,0.499736,0.49968,0.499622,0.499563,0.499508,0.499459,0.499419,0.499391,0.499376,0.499376,0.499391,0.499419,0.499459,0.499508,0.499563,0.499622,0.49968,0.499736,0.499788,0.499834,0.499873,0.499905,0.499931,0.499952,0.499967,0.499978,0.499986,0.499991,0.499994,0.499997,0.499998,0.499999,0.499999,0.5,0.5,0.5,0.5,0.5,0.5,0.5,0.5
0.5,0.5,0.5,0.5,0.5,0.5,0.5,0.5,0.5,0.499999,0.499999,0.499998,0.499996,0.499994,0.499991,0.499986,0.499979,0.499969,0.499956,0.499939,0.499917,0.499891,0.499861,0.499826,0.499789,0.499749,0.49971,0.499672,0.499639,0.499612,0.499593,0.499583,0.499583,0.499593,0.499612,0.499639,0.499672,0.49971,0.499749,0.499789,0.499826,0.499861,0.499891,0.499917,0.499939,0.499956,0.499969,0.499979,0.499986,0.499991,0.499994,0.499996,0.499998,0.499999,0.499999,0.5,0.5,0.5,0.5,0.5,0.5,0.5,0.5,0.5
0.5,0.5,0.5,0.5,0.5,0.5,0.5,0.5,0.5,0.499999,0.499999,0.499998,0.499996,0.499994,0.499991,0.499986,0.499979,0.499969,0.499956,0.499939,0.499917,0.499891,0.499861,0.499826,0.499789,0.499749,0.49971,0.499672,0.499639,0.499612,0.499593,0.499583,0.499583,0.499593,0.499612,0.499639,0.499672,0.49971,0.499749,0.499789,0.499826,0.499861,0.499891,0.499917,0.499939,0.499956,0.499969,0.499979,0.499986,0.499991,0.499994,0.499996,0.499998,0.499999,0.499999,0.5,0.5,0.5,0.5,0.5,0.5,0.5,0.5,0.5
