0.5,0.5,0.5,0.5,0.5,0.5,0.5,0.5,0.5,0.5,0.499999,0.499999,0.499998,0.499996,0.499994,0.499992,0.499988,0.499982,0.499975,0.499966,0.499954,0.499941,0.499925,0.499908,0.499889,0.499869,0.49985,0.499832,0.499815,0.499802,0.499793,0.499788,0.499788,0.499793,0.499802,0.499815,0.499832,0.49985,0.499869,0.499889,0.499908,0.499925,0.499941,0.499954,0.499966,0.499975,0.499982,0.499988,0.499992,0.499994,0.499996,0.499998,0.499999,0.499999,0.5,0.5,0.5,0.5,0.5,0.5,0.5,0.5,0.5,0.5
0.5,0.5,0.5,0.5,0.5,0.5,0.5,0.5,0.5,0.5,0.499999,0.499999,0.499998,0.499996,0.499994,0.499992,0.499988,0.499982,0.499975,0.499966,0.499954,0.499941,0.499925,0.499908,0.499889,0.499869,0.49985,0.499832,0.499815,0.499802,0.499793,0.499788,0.499788,0.499793,0.499802,0.499815,0.499832,0.49985,0.499869,0.499889,0.499908,0.499925,0.499941,0.499954,0.499966,0.499975,0.499982,0.499988,0.499992,0.499994,0.499996,0.499998,0.499999,0.499999,0.5,0.5,0.5,0.5,0.5,0.5,0.5,0.5,0.5,0.5
0.5,0.5,0.5,0.5,0.5,0.5,0.5,0.5,0.5,0.499999,0.499999,0.499998,0.499997,0.499994,0.499991,0.499987,0.499981,0.499973,0.499962,0.499949,0.499932,0.499913,0.49989,0.499865,0.499838,0.49981,0.499783,0.499757,0.499734,0.499715,0.499702,0.499695,0.499695,0.499702,0.499715,0.499734,0.499757,0.499783,0.49981,0.499838,0.499865,0.49989,0.499913,0.499932,0.499949,0.499962,0.499973,0.499981,0.499987,0.499991,0.499994,0.499997,0.499998,0.499999,0.499999,0.5,0.5,0.5,0.5,0.5,0.5,0.5,0.5,0.5
0.5,0.5,0.5,0.5,0.5,0.5,0.5,0.5,0.499999,0.499999,0.499998,0.499996,0.499994,0.49999,0.499984,0.499977,0.499966,0.499952,0.499933,0.49991,0.499881,0.499848,0.499809,0.499766,0.499721,0.499674,0.499628,0.499585,0.499547,0.499516,0.499495,0.499483,0.499483,0.499495,0.499516,0.499547,0.499585,0.499628,0.499674,0.499721,0.499766,0.499809,0.499848,0.499881,0.49991,0.499933,0.499952,0.499966,0.499977,0.499984,0.49999,0.499994,0.499996,0.499998,0.499999,0.499999,0.5,0.5,0.5,0.5,0.5,0.5,0.5,0.5
0.5,0.5,0.5,0.5,0.5,0.5,0.5,0.499999,0.499998,0.499997,0.499995,0.499992,0.499988,0.499981,0.499971,0.499956,0.499937,0.499911,0.499877,0.499835,0.499785,0.499725,0.499658,0.499583,0.499504,0.499423,0.499344,0.49927,0.499205,0.499153,0.499116,0.499097,0.499097,0.499116,0.499153,0.499205,0.49927,0.499344,0.499423,0.499504,0.499583,0.499658,0.499725,0.499785,0.499835,0.499877,0.499911,0.499937,0.499956,0.499971,0.499981,0.499988,0.499992,0.499995,0.499997,0.499998,0.499999,0.5,0.5,0.5,0.5,0.5,0.5,0.5
0.5,0.5,0.5,0.5,0.5,0.5,0.499999,0.499998,0.499997,0.499995,0.499991,0.499986,0.499977,0.499964,0.499946,0.49992,0.499885,0.499838,0.499779,0.499705,0.499617,0.499513,0.499396,0.499268,0.499133,0.498996,0.498862,0.498737,0.498628,0.498541,0.49848,0.498448,0.498448,0.49848,0.498541,0.498628,0.498737,0.498862,0.498996,0.499133,0.499268,0.499396,0.499513,0.499617,0.499705,0.499779,0.499838,0.499885,0.49992,0.499946,0.499964,0.499977,0.499986,0.499991,0.499995,0.499997,0.499998,0.499999,0.5,0.5,0.5,0.5,0.5,0.5
0.5,0.5,0.5,0.5,0.5,0.499999,0.499998,0.499997,0.499995,0.499991,0.499984,0.499974,0.499958,0.499935,0.499902,0.499857,0.499795,0.499715,0.499613,0.499487,0.499336,0.499162,0.498966,0.498754,0.49853,0.498304,0.498084,0.497881,0.497704,0.497562,0.497463,0.497412,0.497412,0.497463,0.497562,0.497704,0.497881,0.498084,0.498304,0.49853,0.498754,0.498966,0.499162,0.499336,0.499487,0.499613,0.499715,0.499795,0.499857,0.499902,0.499935,0.499958,0.499974,0.499984,0.499991,0.499995,0.499997,0.499998,0.499999,0.5,0.5,0.5,0.5,0.5
0.5,0.5,0.5,0.5,0.499999,0.499998,0.499997,0.499994,0.49999,0.499983,0.499971,0.499953,0.499926,0.499886,0.49983,0.499752,0.499648,0.499513,0.499342,0.499134,0.498887,0.498603,0.498286,0.497944,0.497586,0.497227,0.496879,0.496559,0.496281,0.496059,0.495905,0.495825,0.495825,0.495905,0.496059,0.496281,0.496559,0.496879,0.497227,0.497586,0.497944,0.498286,0.498603,0.498887,0.499134,0.499342,0.499513,0.499648,0.499752,0.49983,0.499886,0.499926,0.499953,0.499971,0.499983,0.49999,0.499994,0.499997,0.499998,0.499999,0.5,0.5,0.5,0.5
0.5,0.5,0.5,0.499999,0.499998,0.499997,0.499995,0.49999,0.499983,0.49997,0.49995,0.49992,0.499873,0.499807,0.499712,0.499584,0.499413,0.499193,0.498918,0.498584,0.498192,0.497744,0.497248,0.496717,0.496165,0.495614,0.495083,0.494597,0.494177,0.493842,0.49361,0.493491,0.493491,0.49361,0.493842,0.494177,0.494597,0.495083,0.495614,0.496165,0.496717,0.497248,0.497744,0.498192,0.498584,0.498918,0.499193,0.499413,0.499584,0.499712,0.499807,0.499873,0.49992,0.49995,0.49997,0.499983,0.49999,0.499995,0.499997,0.499998,0.499999,0.5,0.5,0.5
0.5,0.5,0.499999,0.499999,0.499997,0.499995,0.499991,0.499983,0.49997,0.499949,0.499916,0.499865,0.499789,0.49968,0.499528,0.499321,0.49905,0.498703,0.498274,0.497758,0.497155,0.496473,0.495724,0.494926,0.494105,0.493288,0.492509,0.491797,0.491185,0.490699,0.490362,0.49019,0.49019,0.490362,0.490699,0.491185,0.491797,0.492509,0.493288,0.494105,0.494926,0.495724,0.496473,0.497155,0.497758,0.498274,0.498703,0.49905,0.499321,0.499528,0.49968,0.499789,0.499865,0.499916,0.499949,0.49997,0.499983,0.499991,0.499995,0.499997,0.499999,0.499999,0.5,0.5
0.499999,0.499999,0.499999,0.499998,0.499995,0.499991,0.499984,0.499971,0.49995,0.499916,0.499862,0.49978,0.499659,0.499487,0.499248,0.498927,0.498509,0.49798,0.497331,0.496557,0.495662,0.494658,0.493564,0.492409,0.491229,0.490064,0.488958,0.487955,0.487096,0.486417,0.485948,0.485708,0.485708,0.485948,0.486417,0.487096,0.487955,0.488958,0.490064,0.491229,0.492409,0.493564,0.494658,0.495662,0.496557,0.497331,0.49798,0.498509,0.498927,0.499248,0.499487,0.499659,0.49978,0.499862,0.499916,0.49995,0.499971,0.499984,0.499991,0.499995,0.499998,0.499999,0.499999,0.499999
0.499999,0.499999,0.499998,0.499996,0.499992,0.499986,0.499974,0.499953,0.49992,0.499865,0.49978,0.499652,0.499465,0.499201,0.498837,0.498354,0.497729,0.496947,0.495996,0.494874,0.493588,0.492158,0.490615,0.489,0.487364,0.485761,0.484251,0.482889,0.481729,0.480817,0.480188,0.479867,0.479867,0.480188,0.480817,0.481729,0.482889,0.484251,0.485761,0.487364,0.489,0.490615,0.492158,0.493588,0.494874,0.495996,0.496947,0.497729,0.498354,0.498837,0.499201,0.499465,0.499652,0.49978,0.499865,0.49992,0.499953,0.499974,0.499986,0.499992,0.499996,0.499998,0.499999,0.499999
0.499998,0.499998,0.499997,0.499994,0.499988,0.499977,0.499958,0.499926,0.499873,0.499789,0.499659,0.499465,0.499184,0.49879,0.498253,0.497546,0.496642,0.495521,0.494171,0.492595,0.490807,0.488839,0.486736,0.484556,0.482367,0.480241,0.478254,0.476475,0.474969,0.473789,0.472979,0.472566,0.472566,0.472979,0.473789,0.474969,0.476475,0.478254,0.480241,0.482367,0.484556,0.486736,0.488839,0.490807,0.492595,0.494171,0.495521,0.496642,0.497546,0.498253,0.49879,0.499184,0.499465,0.499659,0.499789,0.499873,0.499926,0.499958,0.499977,0.499988,0.499994,0.499997,0.499998,0.499998
0.499996,0.499996,0.499994,0.49999,0.499981,0.499964,0.499935,0.499886,0.499807,0.49968,0.499487,0.499201,0.49879,0.498219,0.49745,0.496446,0.495176,0.493617,0.49176,0.489615,0.487209,0.484588,0.481818,0.478977,0.476152,0.473436,0.470917,0.468681,0.4668,0.465335,0.464333,0.463824,0.463824,0.464333,0.465335,0.4668,0.468681,0.470917,0.473436,0.476152,0.478977,0.481818,0.484588,0.487209,0.489615,0.49176,0.493617,0.495176,0.496446,0.49745,0.498219,0.49879,0.499201,0.499487,0.49968,0.499807,0.499886,0.499935,0.499964,0.499981,0.49999,0.499994,0.499996,0.499996
0.499994,0.499994,0.499991,0.499984,0.499971,0.499946,0.499902,0.49983,0.499712,0.499528,0.499248,0.498837,0.498253,0.49745,0.496378,0.494994,0.493261,0.491158,0.488681,0.485852,0.482716,0.47934,0.475813,0.472236,0.468721,0.465375,0.462305,0.459602,0.457346,0.4556,0.454411,0.453809,0.453809,0.454411,0.4556,0.457346,0.459602,0.462305,0.465375,0.468721,0.472236,0.475813,0.47934,0.482716,0.485852,0.488681,0.491158,0.493261,0.494994,0.496378,0.49745,0.498253,0.498837,0.499248,0.499528,0.499712,0.49983,0.499902,0.499946,0.499971,0.499984,0.499991,0.499994,0.499994
0.499992,0.499992,0.499987,0.499977,0.499956,0.49992,0.499857,0.499752,0.499584,0.499321,0.498927,0.498354,0.497546,0.496446,0.494994,0.493139,0.490842,0.488086,0.484879,0.481262,0.477301,0.473091,0.468749,0.464402,0.460182,0.456214,0.452612,0.449475,0.446879,0.444885,0.443533,0.442851,0.442851,0.443533,0.444885,0.446879,0.449475,0.452612,0.456214,0.460182,0.464402,0.468749,0.473091,0.477301,0.481262,0.484879,0.488086,0.490842,0.493139,0.494994,0.496446,0.497546,0.498354,0.498927,0.499321,0.499584,0.499752,0.499857,0.49992,0.499956,0.499977,0.499987,0.499992,0.499992
0.499988,0.499988,0.499981,0.499966,0.499937,0.499885,0.499795,0.499648,0.499413,0.49905,0.498509,0.497729,0.496642,0.495176,0.493261,0.490842,0.487881,0.484372,0.48034,0.47585,0.471001,0.465918,0.460748,0.455645,0.45076,0.446229,0.442169,0.438674,0.435813,0.433634,0.432167,0.43143,0.43143,0.432167,0.433634,0.435813,0.438674,0.442169,0.446229,0.45076,0.455645,0.460748,0.465918,0.471001,0.47585,0.48034,0.484372,0.487881,0.490842,0.493261,0.495176,0.496642,0.497729,0.498509,0.49905,0.499413,0.499648,0.499795,0.499885,0.499937,0.499966,0.499981,0.499988,0.499988
0.499982,0.499982,0.499973,0.499952,0.499911,0.499838,0.499715,0.499513,0.499193,0.498703,0.49798,0.496947,0.495521,0.493617,0.491158,0.488086,0.484372,0.480025,0.475098,0.469686,0.463925,0.457978,0.452022,0.446236,0.440784,0.435806,0.431413,0.427685,0.424671,0.4224,0.420883,0.420125,0.420125,0.420883,0.4224,0.424671,0.427685,0.431413,0.435806,0.440784,0.446236,0.452022,0.457978,0.463925,0.469686,0.475098,0.480025,0.484372,0.488086,0.491158,0.493617,0.495521,0.496947,0.49798,0.498703,0.499193,0.499513,0.499715,0.499838,0.499911,0.499952,0.499973,0.499982,0.499982
0.499975,0.499975,0.499962,0.499933,0.499877,0.499779,0.499613,0.499342,0.498918,0.498274,0.497331,0.495996,0.494171,0.49176,0.488681,0.484879,0.48034,0.475098,0.469238,0.462897,0.456252,0.449504,0.442862,0.436524,0.43066,0.425404,0.420849,0.41705,0.414026,0.411778,0.410292,0.409554,0.409554,0.410292,0.411778,0.414026,0.41705,0.420849,0.425404,0.43066,0.436524,0.442862,0.449504,0.456252,0.462897,0.469238,0.475098,0.48034,0.484879,0.488681,0.49176,0.494171,0.495996,0.497331,0.498274,0.498918,0.499342,0.499613,0.499779,0.499877,0.499933,0.499962,0.499975,0.499975
0.499966,0.499966,0.499949,0.49991,0.499835,0.499705,0.499487,0.499134,0.498584,0.497758,0.496557,0.494874,0.492595,0.489615,0.485852,0.481262,0.47585,0.469686,0.462897,0.455666,0.448215,0.440785,0.433611,0.426903,0.420828,0.415501,0.410987,0.407302,0.404429,0.40233,0.400962,0.400288,0.400288,0.400962,0.40233,0.404429,0.407302,0.410987,0.415501,0.420828,0.426903,0.433611,0.440785,0.448215,0.455666,0.462897,0.469686,0.47585,0.481262,0.485852,0.489615,0.492595,0.494874,0.496557,0.497758,0.498584,0.499134,0.499487,0.499705,0.499835,0.49991,0.499949,0.499966,0.499966
0.499954,0.499954,0.499932,0.499881,0.499785,0.499617,0.499336,0.498887,0.498192,0.497155,0.495662,0.493588,0.490807,0.487209,0.482716,0.477301,0.471001,0.463925,0.456252,0.448215,0.440084,0.432135,0.424624,0.417764,0.411707,0.406537,0.402277,0.398898,0.396336,0.394511,0.393345,0.392779,0.392779,0.393345,0.394511,0.396336,0.398898,0.402277,0.406537,0.411707,0.417764,0.424624,0.432135,0.440084,0.448215,0.456252,0.463925,0.471001,0.477301,0.482716,0.487209,0.490807,0.493588,0.495662,0.497155,0.498192,0.498887,0.499336,0.499617,0.499785,0.499881,0.499932,0.499954,0.499954
0.499941,0.499941,0.499913,0.499848,0.499725,0.499513,0.499162,0.498603,0.497744,0.496473,0.494658,0.492158,0.488839,0.484588,0.47934,0.473091,0.465918,0.457978,0.449504,0.440785,0.432135,0.423861,0.416233,0.409454,0.403648,0.398858,0.395056,0.392159,0.390051,0.388608,0.387717,0.387294,0.387294,0.387717,0.388608,0.390051,0.392159,0.395056,0.398858,0.403648,0.409454,0.416233,0.423861,0.432135,0.440785,0.449504,0.457978,0.465918,0.473091,0.47934,0.484588,0.488839,0.492158,0.494658,0.496473,0.497744,0.498603,0.499162,0.499513,0.499725,0.499848,0.499913,0.499941,0.499941
0.499925,0.499925,0.49989,0.499809,0.499658,0.499396,0.498966,0.498286,0.497248,0.495724,0.493564,0.490615,0.486736,0.481818,0.475813,0.468749,0.460748,0.452022,0.442862,0.433611,0.424624,0.416233,0.408708,0.402233,0.396893,0.392681,0.389509,0.387236,0.385693,0.384713,0.384149,0.383896,0.383896,0.384149,0.384713,0.385693,0.387236,0.389509,0.392681,0.396893,0.402233,0.408708,0.416233,0.424624,0.433611,0.442862,0.452022,0.460748,0.468749,0.475813,0.481818,0.486736,0.490615,0.493564,0.495724,0.497248,0.498286,0.498966,0.499396,0.499658,0.499809,0.49989,0.499925,0.499925
0.499908,0.499908,0.499865,0.499766,0.499583,0.499268,0.498754,0.497944,0.496717,0.494926,0.492409,0.489,0.484556,0.478977,0.472236,0.464402,0.455645,0.446236,0.436524,0.426903,0.417764,0.409454,0.402233,0.396255,0.391558,0.388074,0.385656,0.384102,0.383194,0.382723,0.382514,0.382442,0.382442,0.382514,0.382723,0.383194,0.384102,0.385656,0.388074,0.391558,0.396255,0.402233,0.409454,0.417764,0.426903,0.436524,0.446236,0.455645,0.464402,0.472236,0.478977,0.484556,0.489,0.492409,0.494926,0.496717,0.497944,0.498754,0.499268,0.499583,0.499766,0.499865,0.499908,0.499908
0.499889,0.499889,0.499838,0.499721,0.499504,0.499133,0.49853,0.497586,0.496165,0.494105,0.491229,0.487364,0.482367,0.476152,0.468721,0.460182,0.45076,0.440784,0.43066,0.420828,0.411707,0.403648,0.396893,0.391558,0.387624,0.384964,0.383365,0.382573,0.382323,0.382372,0.38252,0.38263,0.38263,0.38252,0.382372,0.382323,0.382573,0.383365,0.384964,0.387624,0.391558,0.396893,0.403648,0.411707,0.420828,0.43066,0.440784,0.45076,0.460182,0.468721,0.476152,0.482367,0.487364,0.491229,0.494105,0.496165,0.497586,0.49853,0.499133,0.499504,0.499721,0.499838,0.499889,0.499889
0.499869,0.499869,0.49981,0.499674,0.499423,0.498996,0.498304,0.497227,0.495614,0.493288,0.490064,0.485761,0.480241,0.473436,0.465375,0.456214,0.446229,0.435806,0.425404,0.415501,0.406537,0.398858,0.392681,0.388074,0.384964,0.383158,0.382388,0.382349,0.382736,0.383281,0.383768,0.384049,0.384049,0.383768,0.383281,0.382736,0.382349,0.382388,0.383158,0.384964,0.388074,0.392681,0.398858,0.406537,0.415501,0.425404,0.435806,0.446229,0.456214,0.465375,0.473436,0.480241,0.485761,0.490064,0.493288,0.495614,0.497227,0.498304,0.498996,0.499423,0.499674,0.49981,0.499869,0.499869
0.49985,0.49985,0.499783,0.499628,0.499344,0.498862,0.498084,0.496879,0.495083,0.492509,0.488958,0.484251,0.478254,0.470917,0.462305,0.452612,0.442169,0.431413,0.420849,0.410987,0.402277,0.395056,0.389509,0.385656,0.383365,0.382388,0.382404,0.383063,0.384032,0.385023,0.385811,0.386243,0.386243,0.385811,0.385023,0.384032,0.383063,0.382404,0.382388,0.383365,0.385656,0.389509,0.395056,0.402277,0.410987,0.420849,0.431413,0.442169,0.452612,0.462305,0.470917,0.478254,0.484251,0.488958,0.492509,0.495083,0.496879,0.498084,0.498862,0.499344,0.499628,0.499783,0.49985,0.49985
0.499832,0.499832,0.499757,0.499585,0.49927,0.498737,0.497881,0.496559,0.494597,0.491797,0.487955,0.482889,0.476475,0.468681,0.459602,0.449475,0.438674,0.427685,0.41705,0.407302,0.398898,0.392159,0.387236,0.384102,0.382573,0.382349,0.383063,0.384332,0.385802,0.387172,0.388213,0.388771,0.388771,0.388213,0.387172,0.385802,0.384332,0.383063,0.382349,0.382573,0.384102,0.387236,0.392159,0.398898,0.407302,0.41705,0.427685,0.438674,0.449475,0.459602,0.468681,0.476475,0.482889,0.487955,0.491797,0.494597,0.496559,0.497881,0.498737,0.49927,0.499585,0.499757,0.499832,0.499832
0.499815,0.499815,0.499734,0.499547,0.499205,0.498628,0.497704,0.496281,0.494177,0.491185,0.487096,0.481729,0.474969,0.4668,0.457346,0.446879,0.435813,0.424671,0.414026,0.404429,0.396336,0.390051,0.385693,0.383194,0.382323,0.382736,0.384032,0.385802,0.387677,0.389349,0.390589,0.391246,0.391246,0.390589,0.389349,0.387677,0.385802,0.384032,0.382736,0.382323,0.383194,0.385693,0.390051,0.396336,0.404429,0.414026,0.424671,0.435813,0.446879,0.457346,0.4668,0.474969,0.481729,0.487096,0.491185,0.494177,0.496281,0.497704,0.498628,0.499205,0.499547,0.499734,0.499815,0.499815
0.499802,0.499802,0.499715,0.499516,0.499153,0.498541,0.497562,0.496059,0.493842,0.490699,0.486417,0.480817,0.473789,0.465335,0.4556,0.444885,0.433634,0.4224,0.411778,0.40233,0.394511,0.388608,0.384713,0.382723,0.382372,0.383281,0.385023,0.387172,0.389349,0.391244,0.39263,0.393358,0.393358,0.39263,0.391244,0.389349,0.387172,0.385023,0.383281,0.382372,0.382723,0.384713,0.388608,0.394511,0.40233,0.411778,0.4224,0.433634,0.444885,0.4556,0.465335,0.473789,0.480817,0.486417,0.490699,0.493842,0.496059,0.497562,0.498541,0.499153,0.499516,0.499715,0.499802,0.499802
0.499793,0.499793,0.499702,0.499495,0.499116,0.49848,0.497463,0.495905,0.49361,0.490362,0.485948,0.480188,0.472979,0.464333,0.454411,0.443533,0.432167,0.420883,0.410292,0.400962,0.393345,0.387717,0.384149,0.382514,0.38252,0.383768,0.385811,0.388213,0.390589,0.39263,0.39411,0.394885,0.394885,0.39411,0.39263,0.390589,0.388213,0.385811,0.383768,0.38252,0.382514,0.384149,0.387717,0.393345,0.400962,0.410292,0.420883,0.432167,0.443533,0.454411,0.464333,0.472979,0.480188,0.485948,0.490362,0.49361,0.495905,0.497463,0.49848,0.499116,0.499495,0.499702,0.499793,0.499793
0.499788,0.499788,0.499695,0.499483,0.499097,0.498448,0.497412,0.495825,0.493491,0.49019,0.485708,0.479867,0.472566,0.463824,0.453809,0.442851,0.43143,0.420125,0.409554,0.400288,0.392779,0.387294,0.383896,0.382442,0.38263,0.384049,0.386243,0.388771,0.391246,0.393358,0.394885,0.395683,0.395683,0.394885,0.393358,0.391246,0.388771,0.386243,0.384049,0.38263,0.382442,0.383896,0.387294,0.392779,0.400288,0.409554,0.420125,0.43143,0.442851,0.453809,0.463824,0.472566,0.479867,0.485708,0.49019,0.493491,0.495825,0.497412,0.498448,0.499097,0.499483,0.499695,0.499788,0.499788
0.499788,0.499788,0.499695,0.499483,0.499097,0.498448,0.497412,0.495825,0.493491,0.49019,0.485708,0.479867,0.472566,0.463824,0.453809,0.442851,0.43143,0.420125,0.409554,0.400288,0.392779,0.387294,0.383896,0.382442,0.38263,0.384049,0.386243,0.388771,0.391246,0.393358,0.394885,0.395683,0.395683,0.394885,0.393358,0.391246,0.388771,0.386243,0.384049,0.38263,0.382442,0.383896,0.387294,0.392779,0.400288,0.409554,0.420125,0.43143,0.442851,0.453809,0.463824,0.472566,0.479867,0.485708,0.49019,0.493491,0.495825,0.497412,0.498448,0.499097,0.499483,0.499695,0.499788,0.499788
0.499793,0.499793,0.499702,0.499495,0.499116,0.49848,0.497463,0.495905,0.49361,0.490362,0.485948,0.480188,0.472979,0.464333,0.454411,0.443533,0.432167,0.420883,0.410292,0.400962,0.393345,0.387717,0.384149,0.382514,0.38252,0.383768,0.385811,0.388213,0.390589,0.39263,0.39411,0.394885,0.394885,0.39411,0.39263,0.390589,0.388213,0.385811,0.383768,0.38252,0.382514,0.384149,0.387717,0.393345,0.400962,0.410292,0.420883,0.432167,0.443533,0.454411,0.464333,0.472979,0.480188,0.485948,0.490362,0.49361,0.495905,0.497463,0.49848,0.499116,0.499495,0.499702,0.499793,0.499793
0.499802,0.499802,0.499715,0.499516,0.499153,0.498541,0.497562,0.496059,0.493842,0.490699,0.486417,0.480817,0.473789,0.465335,0.4556,0.444885,0.433634,0.4224,0.411778,0.40233,0.394511,0.388608,0.384713,0.382723,0.382372,0.383281,0.385023,0.387172,0.389349,0.391244,0.39263,0.393358,0.393358,0.39263,0.391244,0.389349,0.387172,0.385023,0.383281,0.382372,0.382723,0.384713,0.388608,0.394511,0.40233,0.411778,0.4224,0.433634,0.444885,0.4556,0.465335,0.473789,0.480817,0.486417,0.490699,0.493842,0.496059,0.497562,0.498541,0.499153,0.499516,0.499715,0.499802,0.499802
0.499815,0.499815,0.499734,0.499547,0.499205,0.498628,0.497704,0.496281,0.494177,0.491185,0.487096,0.481729,0.474969,0.4668,0.457346,0.446879,0.435813,0.424671,0.414026,0.404429,0.396336,0.390051,0.385693,0.383194,0.382323,0.382736,0.384032,0.385802,0.387677,0.389349,0.390589,0.391246,0.391246,0.390589,0.389349,0.387677,0.385802,0.384032,0.382736,0.382323,0.383194,0.385693,0.390051,0.396336,0.404429,0.414026,0.424671,0.435813,0.446879,0.457346,0.4668,0.474969,0.481729,0.487096,0.491185,0.494177,0.496281,0.497704,0.498628,0.499205,0.499547,0.499734,0.499815,0.499815
0.499832,0.499832,0.499757,0.499585,0.49927,0.498737,0.497881,0.496559,0.494597,0.491797,0.487955,0.482889,0.476475,0.468681,0.459602,0.449475,0.438674,0.427685,0.41705,0.407302,0.398898,0.392159,0.387236,0.384102,0.382573,0.382349,0.383063,0.384332,0.385802,0.387172,0.388213,0.388771,0.388771,0.388213,0.387172,0.385802,0.384332,0.383063,0.382349,0.382573,0.384102,0.387236,0.392159,0.398898,0.407302,0.41705,0.427685,0.438674,0.449475,0.459602,0.468681,0.476475,0.482889,0.487955,0.491797,0.494597,0.496559,0.497881,0.498737,0.49927,0.499585,0.499757,0.499832,0.499832
0.49985,0.49985,0.499783,0.499628,0.499344,0.498862,0.498084,0.496879,0.495083,0.492509,0.488958,0.484251,0.478254,0.470917,0.462305,0.452612,0.442169,0.431413,0.420849,0.410987,0.402277,0.395056,0.389509,0.385656,0.383365,0.382388,0.382404,0.383063,0.384032,0.385023,0.385811,0.386243,0.386243,0.385811,0.385023,0.384032,0.383063,0.382404,0.382388,0.383365,0.385656,0.389509,0.395056,0.402277,0.410987,0.420849,0.431413,0.442169,0.452612,0.462305,0.470917,0.478254,0.484251,0.488958,0.492509,0.495083,0.496879,0.498084,0.498862,0.499344,0.499628,0.499783,0.49985,0.49985
0.499869,0.499869,0.49981,0.499674,0.499423,0.498996,0.498304,0.497227,0.495614,0.493288,0.490064,0.485761,0.480241,0.473436,0.465375,0.456214,0.446229,0.435806,0.425404,0.415501,0.406537,0.398858,0.392681,0.388074,0.384964,0.383158,0.382388,0.382349,0.382736,0.383281,0.383768,0.384049,0.384049,0.383768,0.383281,0.382736,0.382349,0.382388,0.383158,0.384964,0.388074,0.392681,0.398858,0.406537,0.415501,0.425404,0.435806,0.446229,0.456214,0.465375,0.473436,0.480241,0.485761,0.490064,0.493288,0.495614,0.497227,0.498304,0.498996,0.499423,0.499674,0.49981,0.499869,0.499869
0.499889,0.499889,0.499838,0.499721,0.499504,0.499133,0.49853,0.497586,0.496165,0.494105,0.491229,0.487364,0.482367,0.476152,0.468721,0.460182,0.45076,0.440784,0.43066,0.420828,0.411707,0.403648,0.396893,0.391558,0.387624,0.384964,0.383365,0.382573,0.382323,0.382372,0.38252,0.38263,0.38263,0.38252,0.382372,0.382323,0.382573,0.383365,0.384964,0.387624,0.391558,0.396893,0.403648,0.411707,0.420828,0.43066,0.440784,0.45076,0.460182,0.468721,0.476152,0.482367,0.487364,0.491229,0.494105,0.496165,0.497586,0.49853,0.499133,0.499504,0.499721,0.499838,0.499889,0.499889
0.499908,0.499908,0.499865,0.499766,0.499583,0.499268,0.498754,0.497944,0.496717,0.494926,0.492409,0.489,0.484556,0.478977,0.472236,0.464402,0.455645,0.446236,0.436524,0.426903,0.417764,0.409454,0.402233,0.396255,0.391558,0.388074,0.385656,0.384102,0.383194,0.382723,0.382514,0.382442,0.382442,0.382514,0.382723,0.383194,0.384102,0.385656,0.388074,0.391558,0.396255,0.402233,0.409454,0.417764,0.426903,0.436524,0.446236,0.455645,0.464402,0.472236,0.478977,0.484556,0.489,0.492409,0.494926,0.496717,0.497944,0.498754,0.499268,0.499583,0.499766,0.499865,0.499908,0.499908
0.499925,0.499925,0.49989,0.499809,0.499658,0.499396,0.498966,0.498286,0.497248,0.495724,0.493564,0.490615,0.486736,0.481818,0.475813,0.468749,0.460748,0.452022,0.442862,0.433611,0.424624,0.416233,0.408708,0.402233,0.396893,0.392681,0.389509,0.387236,0.385693,0.384713,0.384149,0.383896,0.383896,0.384149,0.384713,0.385693,0.387236,0.389509,0.392681,0.396893,0.402233,0.408708,0.416233,0.424624,0.433611,0.442862,0.452022,0.460748,0.468749,0.475813,0.481818,0.486736,0.490615,0.493564,0.495724,0.497248,0.498286,0.498966,0.499396,0.499658,0.499809,0.49989,0.499925,0.499925
0.499941,0.499941,0.499913,0.499848,0.499725,0.499513,0.499162,0.498603,0.497744,0.496473,0.494658,0.492158,0.488839,0.484588,0.47934,0.473091,0.465918,0.457978,0.449504,0.440785,0.432135,0.423861,0.416233,0.409454,0.403648,0.398858,0.395056,0.392159,0.390051,0.388608,0.387717,0.387294,0.387294,0.387717,0.388608,0.390051,0.392159,0.395056,0.398858,0.403648,0.409454,0.416233,0.423861,0.432135,0.440785,0.449504,0.457978,0.465918,0.473091,0.47934,0.484588,0.488839,0.492158,0.494658,0.496473,0.497744,0.498603,0.499162,0.499513,0.499725,0.499848,0.499913,0.499941,0.499941
0.499954,0.499954,0.499932,0.499881,0.499785,0.499617,0.499336,0.498887,0.498192,0.497155,0.495662,0.493588,0.490807,0.487209,0.482716,0.477301,0.471001,0.463925,0.456252,0.448215,0.440084,0.432135,0.424624,0.417764,0.411707,0.406537,0.402277,0.398898,0.396336,0.394511,0.393345,0.392779,0.392779,0.393345,0.394511,0.396336,0.398898,0.402277,0.406537,0.411707,0.417764,0.424624,0.432135,0.440084,0.448215,0.456252,0.463925,0.471001,0.477301,0.482716,0.487209,0.490807,0.493588,0.495662,0.497155,0.498192,0.498887,0.499336,0.499617,0.499785,0.499881,0.499932,0.499954,0.499954
0.499966,0.499966,0.499949,0.49991,0.499835,0.499705,0.499487,0.499134,0.498584,0.497758,0.496557,0.494874,0.492595,0.489615,0.485852,0.481262,0.47585,0.469686,0.462897,0.455666,0.448215,0.440785,0.433611,0.426903,0.420828,0.415501,0.410987,0.407302,0.404429,0.40233,0.400962,0.400288,0.400288,0.400962,0.40233,0.404429,0.407302,0.410987,0.415501,0.420828,0.426903,0.433611,0.440785,0.448215,0.455666,0.462897,0.469686,0.47585,0.481262,0.485852,0.489615,0.492595,0.494874,0.496557,0.497758,0.498584,0.499134,0.499487,0.499705,0.499835,0.49991,0.499949,0.499966,0.499966
0.499975,0.499975,0.499962,0.499933,0.499877,0.499779,0.499613,0.499342,0.498918,0.498274,0.497331,0.495996,0.494171,0.49176,0.488681,0.484879,0.48034,0.475098,0.469238,0.462897,0.456252,0.449504,0.442862,0.436524,0.43066,0.425404,0.420849,0.41705,0.414026,0.411778,0.410292,0.409554,0.409554,0.410292,0.411778,0.414026,0.41705,0.420849,0.425404,0.43066,0.436524,0.442862,0.449504,0.456252,0.462897,0.469238,0.475098,0.48034,0.484879,0.488681,0.49176,0.494171,0.495996,0.497331,0.498274,0.498918,0.499342,0.499613,0.499779,0.499877,0.499933,0.499962,0.499975,0.499975
0.499982,0.499982,0.499973,0.499952,0.499911,0.499838,0.499715,0.499513,0.499193,0.498703,0.49798,0.496947,0.495521,0.493617,0.491158,0.488086,0.484372,0.480025,0.475098,0.469686,0.463925,0.457978,0.452022,0.446236,0.440784,0.435806,0.431413,0.427685,0.424671,0.4224,0.420883,0.420125,0.420125,0.420883,0.4224,0.424671,0.427685,0.431413,0.435806,0.440784,0.446236,0.452022,0.457978,0.463925,0.469686,0.475098,0.480025,0.484372,0.488086,0.491158,0.493617,0.495521,0.496947,0.49798,0.498703,0.499193,0.499513,0.499715,0.499838,0.499911,0.499952,0.499973,0.499982,0.499982
0.499988,0.499988,0.499981,0.499966,0.499937,0.499885,0.499795,0.499648,0.499413,0.49905,0.498509,0.497729,0.496642,0.495176,0.493261,0.490842,0.487881,0.484372,0.48034,0.47585,0.471001,0.465918,0.460748,0.455645,0.45076,0.446229,0.442169,0.438674,0.435813,0.433634,0.432167,0.43143,0.43143,0.432167,0.433634,0.435813,0.438674,0.442169,0.446229,0.45076,0.455645,0.460748,0.465918,0.471001,0.47585,0.48034,0.484372,0.487881,0.490842,0.493261,0.495176,0.496642,0.497729,0.498509,0.49905,0.499413,0.499648,0.499795,0.499885,0.499937,0.499966,0.499981,0.499988,0.499988
0.499992,0.499992,0.499987,0.499977,0.499956,0.49992,0.499857,0.499752,0.499584,0.499321,0.498927,0.498354,0.497546,0.496446,0.494994,0.493139,0.490842,0.488086,0.484879,0.481262,0.477301,0.473091,0.468749,0.464402,0.460182,0.456214,0.452612,0.449475,0.446879,0.444885,0.443533,0.442851,0.442851,0.443533,0.444885,0.446879,0.449475,0.452612,0.456214,0.460182,0.464402,0.468749,0.473091,0.477301,0.481262,0.484879,0.488086,0.490842,0.493139,0.494994,0.496446,0.497546,0.498354,0.498927,0.499321,0.499584,0.499752,0.499857,0.49992,0.499956,0.499977,0.499987,0.499992,0.499992
0.499994,0.499994,0.499991,0.499984,0.499971,0.499946,0.499902,0.49983,0.499712,0.499528,0.499248,0.498837,0.498253,0.49745,0.496378,0.494994,0.493261,0.491158,0.488681,0.485852,0.482716,0.47934,0.475813,0.472236,0.468721,0.465375,0.462305,0.459602,0.457346,0.4556,0.454411,0.453809,0.453809,0.454411,0.4556,0.457346,0.459602,0.462305,0.465375,0.468721,0.472236,0.475813,0.47934,0.482716,0.485852,0.488681,0.491158,0.493261,0.494994,0.496378,0.49745,0.498253,0.498837,0.499248,0.499528,0.499712,0.49983,0.499902,0.499946,0.499971,0.499984,0.499991,0.499994,0.499994
0.499996,0.499996,0.499994,0.49999,0.499981,0.499964,0.499935,0.499886,0.499807,0.49968,0.499487,0.499201,0.49879,0.498219,0.49745,0.496446,0.495176,0.493617,0.49176,0.489615,0.487209,0.484588,0.481818,0.478977,0.476152,0.473436,0.470917,0.468681,0.4668,0.465335,0.464333,0.463824,0.463824,0.464333,0.465335,0.4668,0.468681,0.470917,0.473436,0.476152,0.478977,0.481818,0.484588,0.487209,0.489615,0.49176,0.493617,0.495176,0.496446,0.49745,0.498219,0.49879,0.499201,0.499487,0.49968,0.499807,0.499886,0.499935,0.499964,0.499981,0.49999,0.499994,0.499996,0.499996
0.499998,0.499998,0.499997,0.499994,0.499988,0.499977,0.499958,0.499926,0.499873,0.499789,0.499659,0.499465,0.499184,0.49879,0.498253,0.497546,0.496642,0.495521,0.494171,0.492595,0.490807,0.488839,0.486736,0.484556,0.482367,0.480241,0.478254,0.476475,0.474969,0.473789,0.472979,0.472566,0.472566,0.472979,0.473789,0.474969,0.476475,0.478254,0.480241,0.482367,0.484556,0.486736,0.488839,0.490807,0.492595,0.494171,0.495521,0.496642,0.497546,0.498253,0.49879,0.499184,0.499465,0.499659,0.499789,0.499873,0.499926,0.499958,0.499977,0.499988,0.499994,0.499997,0.499998,0.499998
0.499999,0.499999,0.499998,0.499996,0.499992,0.499986,0.499974,0.499953,0.49992,0.499865,0.49978,0.499652,0.499465,0.499201,0.498837,0.498354,0.497729,0.496947,0.495996,0.494874,0.493588,0.492158,0.490615,0.489,0.487364,0.485761,0.484251,0.482889,0.481729,0.480817,0.480188,0.479867,0.479867,0.480188,0.480817,0.481729,0.482889,0.484251,0.485761,0.487364,0.489,0.490615,0.492158,0.493588,0.494874,0.495996,0.496947,0.497729,0.498354,0.498837,0.499201,0.499465,0.499652,0.49978,0.499865,0.49992,0.499953,0.499974,0.499986,0.499992,0.499996,0.499998,0.499999,0.499999
0.499999,0.499999,0.499999,0.499998,0.499995,0.499991,0.499984,0.499971,0.49995,0.499916,0.499862,0.49978,0.499659,0.499487,0.499248,0.498927,0.498509,0.49798,0.497331,0.496557,0.495662,0.494658,0.493564,0.492409,0.491229,0.490064,0.488958,0.487955,0.487096,0.486417,0.485948,0.485708,0.485708,0.485948,0.486417,0.487096,0.487955,0.488958,0.490064,0.491229,0.492409,0.493564,0.494658,0.495662,0.496557,0.497331,0.49798,0.498509,0.498927,0.499248,0.499487,0.499659,0.49978,0.499862,0.499916,0.49995,0.499971,0.499984,0.499991,0.499995,0.499998,0.499999,0.499999,0.499999
0.5,0.5,0.499999,0.499999,0.499997,0.499995,0.499991,0.499983,0.49997,0.499949,0.499916,0.499865,0.499789,0.49968,0.499528,0.499321,0.49905,0.498703,0.498274,0.497758,0.497155,0.496473,0.495724,0.494926,0.494105,0.493288,0.492509,0.491797,0.491185,0.490699,0.490362,0.49019,0.49019,0.490362,0.490699,0.491185,0.491797,0.492509,0.493288,0.494105,0.494926,0.495724,0.496473,0.497155,0.497758,0.498274,0.498703,0.49905,0.499321,0.499528,0.49968,0.499789,0.499865,0.499916,0.499949,0.49997,0.499983,0.499991,0.499995,0.499997,0.499999,0.499999,0.5,0.5
0.5,0.5,0.5,0.499999,0.499998,0.499997,0.499995,0.49999,0.499983,0.49997,0.49995,0.49992,0.499873,0.499807,0.499712,0.499584,0.499413,0.499193,0.498918,0.498584,0.498192,0.497744,0.497248,0.496717,0.496165,0.495614,0.495083,0.494597,0.494177,0.493842,0.49361,0.493491,0.493491,0.49361,0.493842,0.494177,0.494597,0.495083,0.495614,0.496165,0.496717,0.497248,0.497744,0.498192,0.498584,0.498918,0.499193,0.499413,0.499584,0.499712,0.499807,0.499873,0.49992,0.49995,0.49997,0.499983,0.49999,0.499995,0.499997,0.499998,0.499999,0.5,0.5,0.5
0.5,0.5,0.5,0.5,0.499999,0.499998,0.499997,0.499994,0.49999,0.499983,0.499971,0.499953,0.499926,0.499886,0.49983,0.499752,0.499648,0.499513,0.499342,0.499134,0.498887,0.498603,0.498286,0.497944,0.497586,0.497227,0.496879,0.496559,0.496281,0.496059,0.495905,0.495825,0.495825,0.495905,0.496059,0.496281,0.496559,0.496879,0.497227,0.497586,0.497944,0.498286,0.498603,0.498887,0.499134,0.499342,0.499513,0.499648,0.499752,0.49983,0.499886,0.499926,0.499953,0.499971,0.499983,0.49999,0.499994,0.499997,0.499998,0.499999,0.5,0.5,0.5,0.5
0.5,0.5,0.5,0.5,0.5,0.499999,0.499998,0.499997,0.499995,0.499991,0.499984,0.499974,0.499958,0.499935,0.499902,0.499857,0.499795,0.499715,0.499613,0.499487,0.499336,0.499162,0.498966,0.498754,0.49853,0.498304,0.498084,0.497881,0.497704,0.497562,0.497463,0.497412,0.497412,0.497463,0.497562,0.497704,0.497881,0.498084,0.498304,0.49853,0.498754,0.498966,0.499162,0.499336,0.499487,0.499613,0.499715,0.499795,0.499857,0.499902,0.499935,0.499958,0.499974,0.499984,0.499991,0.499995,0.499997,0.499998,0.499999,0.5,0.5,0.5,0.5,0.5
0.5,0.5,0.5,0.5,0.5,0.5,0.499999,0.499998,0.499997,0.499995,0.499991,0.499986,0.499977,0.499964,0.499946,0.49992,0.499885,0.499838,0.499779,0.499705,0.499617,0.499513,0.499396,0.499268,0.499133,0.498996,0.498862,0.498737,0.498628,0.498541,0.49848,0.498448,0.498448,0.49848,0.498541,0.498628,0.498737,0.498862,0.498996,0.499133,0.499268,0.499396,0.499513,0.499617,0.499705,0.499779,0.499838,0.499885,0.49992,0.499946,0.499964,0.499977,0.499986,0.499991,0.499995,0.499997,0.499998,0.499999,0.5,0.5,0.5,0.5,0.5,0.5
0.5,0.5,0.5,0.5,0.5,0.5,0.5,0.499999,0.499998,0.499997,0.499995,0.499992,0.499988,0.499981,0.499971,0.499956,0.499937,0.499911,0.499877,0.499835,0.499785,0.499725,0.499658,0.499583,0.499504,0.499423,0.499344,0.49927,0.499205,0.499153,0.499116,0.499097,0.499097,0.499116,0.499153,0.499205,0.49927,0.499344,0.499423,0.499504,0.499583,0.499658,0.499725,0.499785,0.499835,0.499877,0.499911,0.499937,0.499956,0.499971,0.499981,0.499988,0.499992,0.499995,0.499997,0.499998,0.499999,0.5,0.5,0.5,0.5,0.5,0.5,0.5
0.5,0.5,0.5,0.5,0.5,0.5,0.5,0.5,0.499999,0.499999,0.499998,0.499996,0.499994,0.49999,0.499984,0.499977,0.499966,0.499952,0.499933,0.49991,0.499881,0.499848,0.499809,0.499766,0.499721,0.499674,0.499628,0.499585,0.499547,0.499516,0.499495,0.499483,0.499483,0.499495,0.499516,0.499547,0.499585,0.499628,0.499674,0.499721,0.499766,0.499809,0.499848,0.499881,0.49991,0.499933,0.499952,0.499966,0.499977,0.499984,0.49999,0.499994,0.499996,0.499998,0.499999,0.499999,0.5,0.5,0.5,0.5,0.5,0.5,0.5,0.5
0.5,0.5,0.5,0.5,0.5,0.5,0.5,0.5,0.5,0.499999,0.499999,0.499998,0.499997,0.499994,0.499991,0.499987,0.499981,0.499973,0.499962,0.499949,0.499932,0.499913,0.49989,0.499865,0.499838,0.49981,0.499783,0.499757,0.499734,0.499715,0.499702,0.499695,0.499695,0.499702,0.499715,0.499734,0.499757,0.499783,0.49981,0.499838,0.499865,0.49989,0.499913,0.499932,0.499949,0.499962,0.499973,0.499981,0.499987,0.499991,0.499994,0.499997,0.499998,0.499999,0.499999,0.5,0.5,0.5,0.5,0.5,0.5,0.5,0.5,0.5
0.5,0.5,0.5,0.5,0.5,0.5,0.5,0.5,0.5,0.5,0.499999,0.499999,0.499998,0.499996,0.499994,0.499992,0.499988,0.499982,0.499975,0.499966,0.499954,0.499941,0.499925,0.499908,0.499889,0.499869,0.49985,0.499832,0.499815,0.499802,0.499793,0.499788,0.499788,0.499793,0.499802,0.499815,0.499832,0.49985,0.499869,0.499889,0.499908,0.499925,0.499941,0.499954,0.499966,0.499975,0.499982,0.499988,0.499992,0.499994,0.499996,0.499998,0.499999,0.499999,0.5,0.5,0.5,0.5,0.5,0.5,0.5,0.5,0.5,0.5
0.5,0.5,0.5,0.5,0.5,0.5,0.5,0.5,0.5,0.5,0.499999,0.499999,0.499998,0.499996,0.499994,0.499992,0.499988,0.499982,0.499975,0.499966,0.499954,0.499941,0.499925,0.499908,0.499889,0.499869,0.49985,0.499832,0.499815,0.499802,0.499793,0.499788,0.499788,0.499793,0.499802,0.499815,0.499832,0.49985,0.499869,0.499889,0.499908,0.499925,0.499941,0.499954,0.499966,0.499975,0.499982,0.499988,0.499992,0.499994,0.499996,0.499998,0.499999,0.499999,0.5,0.5,0.5,0.5,0.5,0.5,0.5,0.5,0.5,0.5
