0.5,0.5,0.5,0.5,0.5,0.5,0.5,0.5,0.5,0.5,0.5,0.5,0.5,0.5,0.5,0.5,0.5,0.5,0.5,0.5,0.5,0.5,0.5,0.5,0.5,0.5,0.5,0.5,0.5,0.5,0.5,0.5,0.5,0.5,0.5,0.5,0.5,0.5,0.5,0.5,0.5,0.5,0.5,0.5,0.5,0.5,0.5,0.5,0.5,0.5,0.5,0.5,0.5,0.5,0.5,0.5,0.5,0.5,0.5,0.5,0.5,0.5,0.5,0.5
0.5,0.5,0.5,0.5,0.5,0.5,0.5,0.5,0.5,0.5,0.5,0.5,0.5,0.5,0.5,0.5,0.5,0.5,0.5,0.5,0.5,0.5,0.5,0.5,0.5,0.5,0.5,0.5,0.5,0.5,0.5,0.5,0.5,0.5,0.5,0.5,0.5,0.5,0.5,0.5,0.5,0.5,0.5,0.5,0.5,0.5,0.5,0.5,0.5,0.5,0.5,0.5,0.5,0.5,0.5,0.5,0.5,0.5,0.5,0.5,0.5,0.5,0.5,0.5
0.5,0.5,0.5,0.5,0.5,0.5,0.5,0.5,0.5,0.5,0.5,0.5,0.5,0.5,0.5,0.5,0.5,0.5,0.5,0.5,0.5,0.5,0.5,0.5,0.5,0.5,0.5,0.5,0.5,0.5,0.5,0.5,0.5,0.5,0.5,0.5,0.5,0.5,0.5,0.5,0.5,0.5,0.5,0.5,0.5,0.5,0.5,0.5,0.5,0.5,0.5,0.5,0.5,0.5,0.5,0.5,0.5,0.5,0.5,0.5,0.5,0.5,0.5,0.5
0.5,0.5,0.5,0.5,0.5,0.5,0.5,0.5,0.5,0.5,0.5,0.5,0.5,0.5,0.5,0.5,0.5,0.5,0.5,0.5,0.5,0.5,0.5,0.5,0.5,0.5,0.5,0.5,0.5,0.5,0.5,0.5,0.5,0.5,0.5,0.5,0.5,0.5,0.5,0.5,0.5,0.5,0.5,0.5,0.5,0.5,0.5,0.5,0.5,0.5,0.5,0.5,0.5,0.5,0.5,0.5,0.5,0.5,0.5,0.5,0.5,0.5,0.5,0.5
0.5,0.5,0.5,0.5,0.5,0.5,0.5,0.5,0.5,0.5,0.5,0.5,0.5,0.5,0.5,0.5,0.5,0.5,0.5,0.5,0.5,0.5,0.5,0.5,0.5,0.5,0.499999,0.499999,0.499999,0.499999,0.499999,0.499999,0.499999,0.499999,0.499999,0.499999,0.499999,0.499999,0.5,0.5,0.5,0.5,0.5,0.5,0.5,0.5,0.5,0.5,0.5,0.5,0.5,0.5,0.5,0.5,0.5,0.5,0.5,0.5,0.5,0.5,0.5,0.5,0.5,0.5
0.5,0.5,0.5,0.5,0.5,0.5,0.5,0.5,0.5,0.5,0.5,0.5,0.5,0.5,0.5,0.5,0.5,0.5,0.5,0.5,0.5,0.5,0.499999,0.499999,0.499999,0.499999,0.499999,0.499998,0.499998,0.499998,0.499998,0.499997,0.499997,0.499998,0.499998,0.499998,0.499998,0.499999,0.499999,0.499999,0.499999,0.499999,0.5,0.5,0.5,0.5,0.5,0.5,0.5,0.5,0.5,0.5,0.5,0.5,0.5,0.5,0.5,0.5,0.5,0.5,0.5,0.5,0.5,0.5
0.5,0.5,0.5,0.5,0.5,0.5,0.5,0.5,0.5,0.5,0.5,0.5,0.5,0.5,0.5,0.5,0.5,0.5,0.5,0.5,0.499999,0.499999,0.499999,0.499998,0.499998,0.499997,0.499996,0.499995,0.499995,0.499994,0.499994,0.499994,0.499994,0.499994,0.499994,0.499995,0.499995,0.499996,0.499997,0.499998,0.499998,0.499999,0.499999,0.499999,0.5,0.5,0.5,0.5,0.5,0.5,0.5,0.5,0.5,0.5,0.5,0.5,0.5,0.5,0.5,0.5,0.5,0.5,0.5,0.5
0.5,0.5,0.5,0.5,0.5,0.5,0.5,0.5,0.5,0.5,0.5,0.5,0.5,0.5,0.5,0.5,0.5,0.5,0.499999,0.499999,0.499999,0.499998,0.499997,0.499996,0.499994,0.499993,0.499991,0.499989,0.499987,0.499986,0.499985,0.499984,0.499984,0.499985,0.499986,0.499987,0.499989,0.499991,0.499993,0.499994,0.499996,0.499997,0.499998,0.499999,0.499999,0.499999,0.5,0.5,0.5,0.5,0.5,0.5,0.5,0.5,0.5,0.5,0.5,0.5,0.5,0.5,0.5,0.5,0.5,0.5
0.5,0.5,0.5,0.5,0.5,0.5,0.5,0.5,0.5,0.5,0.5,0.5,0.5,0.5,0.5,0.5,0.5,0.499999,0.499999,0.499998,0.499997,0.499995,0.499993,0.49999,0.499987,0.499983,0.499978,0.499974,0.49997,0.499967,0.499964,0.499963,0.499963,0.499964,0.499967,0.49997,0.499974,0.499978,0.499983,0.499987,0.49999,0.499993,0.499995,0.499997,0.499998,0.499999,0.499999,0.5,0.5,0.5,0.5,0.5,0.5,0.5,0.5,0.5,0.5,0.5,0.5,0.5,0.5,0.5,0.5,0.5
0.5,0.5,0.5,0.5,0.5,0.5,0.5,0.5,0.5,0.5,0.5,0.5,0.5,0.5,0.5,0.499999,0.499999,0.499998,0.499997,0.499995,0.499992,0.499988,0.499983,0.499977,0.499969,0.499961,0.499951,0.499942,0.499933,0.499925,0.499919,0.499917,0.499917,0.499919,0.499925,0.499933,0.499942,0.499951,0.499961,0.499969,0.499977,0.499983,0.499988,0.499992,0.499995,0.499997,0.499998,0.499999,0.499999,0.5,0.5,0.5,0.5,0.5,0.5,0.5,0.5,0.5,0.5,0.5,0.5,0.5,0.5,0.5
0.5,0.5,0.5,0.5,0.5,0.5,0.5,0.5,0.5,0.5,0.5,0.5,0.5,0.5,0.499999,0.499999,0.499998,0.499996,0.499993,0.499989,0.499983,0.499975,0.499964,0.49995,0.499933,0.499914,0.499894,0.499873,0.499853,0.499837,0.499824,0.499818,0.499818,0.499824,0.499837,0.499853,0.499873,0.499894,0.499914,0.499933,0.49995,0.499964,0.499975,0.499983,0.499989,0.499993,0.499996,0.499998,0.499999,0.499999,0.5,0.5,0.5,0.5,0.5,0.5,0.5,0.5,0.5,0.5,0.5,0.5,0.5,0.5
0.5,0.5,0.5,0.5,0.5,0.5,0.5,0.5,0.5,0.5,0.5,0.5,0.5,0.499999,0.499998,0.499997,0.499995,0.499991,0.499985,0.499976,0.499964,0.499946,0.499923,0.499894,0.499859,0.499819,0.499776,0.499732,0.499691,0.499657,0.499631,0.499618,0.499618,0.499631,0.499657,0.499691,0.499732,0.499776,0.499819,0.499859,0.499894,0.499923,0.499946,0.499964,0.499976,0.499985,0.499991,0.499995,0.499997,0.499998,0.499999,0.5,0.5,0.5,0.5,0.5,0.5,0.5,0.5,0.5,0.5,0.5,0.5,0.5
0.5,0.5,0.5,0.5,0.5,0.5,0.5,0.5,0.5,0.5,0.5,0.5,0.499999,0.499998,0.499997,0.499994,0.499989,0.499982,0.49997,0.499952,0.499926,0.499891,0.499844,0.499785,0.499714,0.499633,0.499546,0.499458,0.499375,0.499304,0.499253,0.499226,0.499226,0.499253,0.499304,0.499375,0.499458,0.499546,0.499633,0.499714,0.499785,0.499844,0.499891,0.499926,0.499952,0.49997,0.499982,0.499989,0.499994,0.499997,0.499998,0.499999,0.5,0.5,0.5,0.5,0.5,0.5,0.5,0.5,0.5,0.5,0.5,0.5
0.5,0.5,0.5,0.5,0.5,0.5,0.5,0.5,0.5,0.5,0.5,0.499999,0.499998,0.499997,0.499994,0.499988,0.499979,0.499964,0.499941,0.499906,0.499855,0.499786,0.499695,0.499579,0.499441,0.499283,0.499112,0.49894,0.498778,0.498641,0.498541,0.498488,0.498488,0.498541,0.498641,0.498778,0.49894,0.499112,0.499283,0.499441,0.499579,0.499695,0.499786,0.499855,0.499906,0.499941,0.499964,0.499979,0.499988,0.499994,0.499997,0.499998,0.499999,0.5,0.5,0.5,0.5,0.5,0.5,0.5,0.5,0.5,0.5,0.5
0.5,0.5,0.5,0.5,0.5,0.5,0.5,0.5,0.5,0.5,0.499999,0.499998,0.499997,0.499994,0.499988,0.499977,0.49996,0.499932,0.499888,0.499821,0.499726,0.499595,0.499423,0.499205,0.498944,0.498647,0.498326,0.498002,0.497698,0.49744,0.497252,0.497153,0.497153,0.497252,0.49744,0.497698,0.498002,0.498326,0.498647,0.498944,0.499205,0.499423,0.499595,0.499726,0.499821,0.499888,0.499932,0.49996,0.499977,0.499988,0.499994,0.499997,0.499998,0.499999,0.5,0.5,0.5,0.5,0.5,0.5,0.5,0.5,0.5,0.5
0.5,0.5,0.5,0.5,0.5,0.5,0.5,0.5,0.5,0.499999,0.499999,0.499997,0.499994,0.499988,0.499977,0.499959,0.499927,0.499875,0.499794,0.499674,0.4995,0.499262,0.498947,0.498552,0.498078,0.497538,0.496956,0.496368,0.495817,0.495349,0.495009,0.49483,0.49483,0.495009,0.495349,0.495817,0.496368,0.496956,0.497538,0.498078,0.498552,0.498947,0.499262,0.4995,0.499674,0.499794,0.499875,0.499927,0.499959,0.499977,0.499988,0.499994,0.499997,0.499999,0.499999,0.5,0.5,0.5,0.5,0.5,0.5,0.5,0.5,0.5
0.5,0.5,0.5,0.5,0.5,0.5,0.5,0.5,0.5,0.499999,0.499998,0.499995,0.499989,0.499979,0.49996,0.499927,0.499871,0.499779,0.499637,0.499425,0.49912,0.498701,0.498149,0.497456,0.496625,0.49568,0.494661,0.493633,0.492669,0.491852,0.491258,0.490944,0.490944,0.491258,0.491852,0.492669,0.493633,0.494661,0.49568,0.496625,0.497456,0.498149,0.498701,0.49912,0.499425,0.499637,0.499779,0.499871,0.499927,0.49996,0.499979,0.499989,0.499995,0.499998,0.499999,0.5,0.5,0.5,0.5,0.5,0.5,0.5,0.5,0.5
0.5,0.5,0.5,0.5,0.5,0.5,0.5,0.5,0.499999,0.499998,0.499996,0.499991,0.499982,0.499964,0.499932,0.499875,0.499779,0.499624,0.499383,0.499022,0.498505,0.497795,0.496861,0.495689,0.494285,0.492688,0.490969,0.489233,0.487608,0.486231,0.485229,0.484701,0.484701,0.485229,0.486231,0.487608,0.489233,0.490969,0.492688,0.494285,0.495689,0.496861,0.497795,0.498505,0.499022,0.499383,0.499624,0.499779,0.499875,0.499932,0.499964,0.499982,0.499991,0.499996,0.499998,0.499999,0.5,0.5,0.5,0.5,0.5,0.5,0.5,0.5
0.5,0.5,0.5,0.5,0.5,0.5,0.5,0.499999,0.499999,0.499997,0.499993,0.499985,0.49997,0.499941,0.499888,0.499794,0.499637,0.499383,0.498987,0.498397,0.497551,0.49639,0.494865,0.492952,0.490663,0.48806,0.485262,0.482436,0.479793,0.477553,0.475924,0.475066,0.475066,0.475924,0.477553,0.479793,0.482436,0.485262,0.48806,0.490663,0.492952,0.494865,0.49639,0.497551,0.498397,0.498987,0.499383,0.499637,0.499794,0.499888,0.499941,0.49997,0.499985,0.499993,0.499997,0.499999,0.499999,0.5,0.5,0.5,0.5,0.5,0.5,0.5
0.5,0.5,0.5,0.5,0.5,0.5,0.5,0.499999,0.499998,0.499995,0.499989,0.499976,0.499952,0.499906,0.499821,0.499674,0.499425,0.499022,0.498397,0.497463,0.496128,0.494298,0.491896,0.488884,0.485283,0.481191,0.476794,0.472357,0.468206,0.464692,0.462136,0.46079,0.46079,0.462136,0.464692,0.468206,0.472357,0.476794,0.481191,0.485283,0.488884,0.491896,0.494298,0.496128,0.497463,0.498397,0.499022,0.499425,0.499674,0.499821,0.499906,0.499952,0.499976,0.499989,0.499995,0.499998,0.499999,0.5,0.5,0.5,0.5,0.5,0.5,0.5
0.5,0.5,0.5,0.5,0.5,0.5,0.499999,0.499999,0.499997,0.499992,0.499983,0.499964,0.499926,0.499855,0.499726,0.4995,0.49912,0.498505,0.497551,0.496128,0.494095,0.49131,0.487659,0.483083,0.477616,0.471408,0.46474,0.458016,0.451729,0.446406,0.442536,0.440499,0.440499,0.442536,0.446406,0.451729,0.458016,0.46474,0.471408,0.477616,0.483083,0.487659,0.49131,0.494095,0.496128,0.497551,0.498505,0.49912,0.4995,0.499726,0.499855,0.499926,0.499964,0.499983,0.499992,0.499997,0.499999,0.499999,0.5,0.5,0.5,0.5,0.5,0.5
0.5,0.5,0.5,0.5,0.5,0.5,0.499999,0.499998,0.499995,0.499988,0.499975,0.499946,0.499891,0.499786,0.499595,0.499262,0.498701,0.497795,0.49639,0.494298,0.49131,0.487221,0.481863,0.475154,0.467144,0.458054,0.448296,0.43846,0.429267,0.421486,0.415832,0.412854,0.412854,0.415832,0.421486,0.429267,0.43846,0.448296,0.458054,0.467144,0.475154,0.481863,0.487221,0.49131,0.494298,0.49639,0.497795,0.498701,0.499262,0.499595,0.499786,0.499891,0.499946,0.499975,0.499988,0.499995,0.499998,0.499999,0.5,0.5,0.5,0.5,0.5,0.5
0.5,0.5,0.5,0.5,0.5,0.499999,0.499999,0.499997,0.499993,0.499983,0.499964,0.499923,0.499844,0.499695,0.499423,0.498947,0.498149,0.496861,0.494865,0.491896,0.487659,0.481863,0.474275,0.46478,0.453452,0.440603,0.426817,0.412928,0.399952,0.388972,0.380995,0.376795,0.376795,0.380995,0.388972,0.399952,0.412928,0.426817,0.440603,0.453452,0.46478,0.474275,0.481863,0.487659,0.491896,0.494865,0.496861,0.498149,0.498947,0.499423,0.499695,0.499844,0.499923,0.499964,0.499983,0.499993,0.499997,0.499999,0.499999,0.5,0.5,0.5,0.5,0.5
0.5,0.5,0.5,0.5,0.5,0.499999,0.499998,0.499996,0.49999,0.499977,0.49995,0.499894,0.499785,0.499579,0.499205,0.498552,0.497456,0.495689,0.492952,0.488884,0.483083,0.475154,0.46478,0.451809,0.43634,0.418806,0.400003,0.381067,0.363382,0.348422,0.337555,0.331835,0.331835,0.337555,0.348422,0.363382,0.381067,0.400003,0.418806,0.43634,0.451809,0.46478,0.475154,0.483083,0.488884,0.492952,0.495689,0.497456,0.498552,0.499205,0.499579,0.499785,0.499894,0.49995,0.499977,0.49999,0.499996,0.499998,0.499999,0.5,0.5,0.5,0.5,0.5
0.5,0.5,0.5,0.5,0.5,0.499999,0.499998,0.499994,0.499987,0.499969,0.499933,0.499859,0.499714,0.499441,0.498944,0.498078,0.496625,0.494285,0.490663,0.485283,0.477616,0.467144,0.453452,0.43634,0.415947,0.392842,0.368077,0.343146,0.31987,0.300187,0.285891,0.278366,0.278366,0.285891,0.300187,0.31987,0.343146,0.368077,0.392842,0.415947,0.43634,0.453452,0.467144,0.477616,0.485283,0.490663,0.494285,0.496625,0.498078,0.498944,0.499441,0.499714,0.499859,0.499933,0.499969,0.499987,0.499994,0.499998,0.499999,0.5,0.5,0.5,0.5,0.5
0.5,0.5,0.5,0.5,0.5,0.499999,0.499997,0.499993,0.499983,0.499961,0.499914,0.499819,0.499633,0.499283,0.498647,0.497538,0.49568,0.492688,0.48806,0.481191,0.471408,0.458054,0.440603,0.418806,0.392842,0.363441,0.331937,0.300236,0.270648,0.245634,0.227469,0.217909,0.217909,0.227469,0.245634,0.270648,0.300236,0.331937,0.363441,0.392842,0.418806,0.440603,0.458054,0.471408,0.481191,0.48806,0.492688,0.49568,0.497538,0.498647,0.499283,0.499633,0.499819,0.499914,0.499961,0.499983,0.499993,0.499997,0.499999,0.5,0.5,0.5,0.5,0.5
0.5,0.5,0.5,0.5,0.499999,0.499999,0.499996,0.499991,0.499978,0.499951,0.499894,0.499776,0.499546,0.499112,0.498326,0.496956,0.494661,0.490969,0.485262,0.476794,0.46474,0.448296,0.426817,0.400003,0.368077,0.331937,0.29323,0.254292,0.217959,0.187249,0.164952,0.153218,0.153218,0.164952,0.187249,0.217959,0.254292,0.29323,0.331937,0.368077,0.400003,0.426817,0.448296,0.46474,0.476794,0.485262,0.490969,0.494661,0.496956,0.498326,0.499112,0.499546,0.499776,0.499894,0.499951,0.499978,0.499991,0.499996,0.499999,0.499999,0.5,0.5,0.5,0.5
0.5,0.5,0.5,0.5,0.499999,0.499998,0.499995,0.499989,0.499974,0.499942,0.499873,0.499732,0.499458,0.49894,0.498002,0.496368,0.493633,0.489233,0.482436,0.472357,0.458016,0.43846,0.412928,0.381067,0.343146,0.300236,0.254292,0.208085,0.164982,0.128556,0.102111,0.0881963,0.0881963,0.102111,0.128556,0.164982,0.208085,0.254292,0.300236,0.343146,0.381067,0.412928,0.43846,0.458016,0.472357,0.482436,0.489233,0.493633,0.496368,0.498002,0.49894,0.499458,0.499732,0.499873,0.499942,0.499974,0.499989,0.499995,0.499998,0.499999,0.5,0.5,0.5,0.5
0.5,0.5,0.5,0.5,0.499999,0.499998,0.499995,0.499987,0.49997,0.499933,0.499853,0.499691,0.499375,0.498778,0.497698,0.495817,0.492669,0.487608,0.479793,0.468206,0.451729,0.429267,0.399952,0.363382,0.31987,0.270648,0.217959,0.164982,0.115572,0.0738218,0.0435163,0.0275702,0.0275702,0.0435163,0.0738218,0.115572,0.164982,0.217959,0.270648,0.31987,0.363382,0.399952,0.429267,0.451729,0.468206,0.479793,0.487608,0.492669,0.495817,0.497698,0.498778,0.499375,0.499691,0.499853,0.499933,0.49997,0.499987,0.499995,0.499998,0.499999,0.5,0.5,0.5,0.5
0.5,0.5,0.5,0.5,0.499999,0.499998,0.499994,0.499986,0.499967,0.499925,0.499837,0.499657,0.499304,0.498641,0.49744,0.495349,0.491852,0.486231,0.477553,0.464692,0.446406,0.421486,0.388972,0.348422,0.300187,0.245634,0.187249,0.128556,0.0738218,0.0275788,-0.0059851,-0.0236448,-0.0236448,-0.0059851,0.0275788,0.0738218,0.128556,0.187249,0.245634,0.300187,0.348422,0.388972,0.421486,0.446406,0.464692,0.477553,0.486231,0.491852,0.495349,0.49744,0.498641,0.499304,0.499657,0.499837,0.499925,0.499967,0.499986,0.499994,0.499998,0.499999,0.5,0.5,0.5,0.5
0.5,0.5,0.5,0.5,0.499999,0.499998,0.499994,0.499985,0.499964,0.499919,0.499824,0.499631,0.499253,0.498541,0.497252,0.495009,0.491258,0.485229,0.475924,0.462136,0.442536,0.415832,0.380995,0.337555,0.285891,0.227469,0.164952,0.102111,0.0435163,-0.0059851,-0.041912,-0.0608143,-0.0608143,-0.041912,-0.0059851,0.0435163,0.102111,0.164952,0.227469,0.285891,0.337555,0.380995,0.415832,0.442536,0.462136,0.475924,0.485229,0.491258,0.495009,0.497252,0.498541,0.499253,0.499631,0.499824,0.499919,0.499964,0.499985,0.499994,0.499998,0.499999,0.5,0.5,0.5,0.5
0.5,0.5,0.5,0.5,0.499999,0.499997,0.499994,0.499984,0.499963,0.499917,0.499818,0.499618,0.499226,0.498488,0.497153,0.49483,0.490944,0.484701,0.475066,0.46079,0.440499,0.412854,0.376795,0.331835,0.278366,0.217909,0.153218,0.0881963,0.0275702,-0.0236448,-0.0608143,-0.0803701,-0.0803701,-0.0608143,-0.0236448,0.0275702,0.0881963,0.153218,0.217909,0.278366,0.331835,0.376795,0.412854,0.440499,0.46079,0.475066,0.484701,0.490944,0.49483,0.497153,0.498488,0.499226,0.499618,0.499818,0.499917,0.499963,0.499984,0.499994,0.499997,0.499999,0.5,0.5,0.5,0.5
0.5,0.5,0.5,0.5,0.499999,0.499997,0.499994,0.499984,0.499963,0.499917,0.499818,0.499618,0.499226,0.498488,0.497153,0.49483,0.490944,0.484701,0.475066,0.46079,0.440499,0.412854,0.376795,0.331835,0.278366,0.217909,0.153218,0.0881963,0.0275702,-0.0236448,-0.0608143,-0.0803701,-0.0803701,-0.0608143,-0.0236448,0.0275702,0.0881963,0.153218,0.217909,0.278366,0.331835,0.376795,0.412854,0.440499,0.46079,0.475066,0.484701,0.490944,0.49483,0.497153,0.498488,0.499226,0.499618,0.499818,0.499917,0.499963,0.499984,0.499994,0.499997,0.499999,0.5,0.5,0.5,0.5
0.5,0.5,0.5,0.5,0.499999,0.499998,0.499994,0.499985,0.499964,0.499919,0.499824,0.499631,0.499253,0.498541,0.497252,0.495009,0.491258,0.485229,0.475924,0.462136,0.442536,0.415832,0.380995,0.337555,0.285891,0.227469,0.164952,0.102111,0.0435163,-0.0059851,-0.041912,-0.0608143,-0.0608143,-0.041912,-0.0059851,0.0435163,0.102111,0.164952,0.227469,0.285891,0.337555,0.380995,0.415832,0.442536,0.462136,0.475924,0.485229,0.491258,0.495009,0.497252,0.498541,0.499253,0.499631,0.499824,0.499919,0.499964,0.499985,0.499994,0.499998,0.499999,0.5,0.5,0.5,0.5
0.5,0.5,0.5,0.5,0.499999,0.499998,0.499994,0.499986,0.499967,0.499925,0.499837,0.499657,0.499304,0.498641,0.49744,0.495349,0.491852,0.486231,0.477553,0.464692,0.446406,0.421486,0.388972,0.348422,0.300187,0.245634,0.187249,0.128556,0.0738218,0.0275788,-0.0059851,-0.0236448,-0.0236448,-0.0059851,0.0275788,0.0738218,0.128556,0.187249,0.245634,0.300187,0.348422,0.388972,0.421486,0.446406,0.464692,0.477553,0.486231,0.491852,0.495349,0.49744,0.498641,0.499304,0.499657,0.499837,0.499925,0.499967,0.499986,0.499994,0.499998,0.499999,0.5,0.5,0.5,0.5
0.5,0.5,0.5,0.5,0.499999,0.499998,0.499995,0.499987,0.49997,0.499933,0.499853,0.499691,0.499375,0.498778,0.497698,0.495817,0.492669,0.487608,0.479793,0.468206,0.451729,0.429267,0.399952,0.363382,0.31987,0.270648,0.217959,0.164982,0.115572,0.0738218,0.0435163,0.0275702,0.0275702,0.0435163,0.0738218,0.115572,0.164982,0.217959,0.270648,0.31987,0.363382,0.399952,0.429267,0.451729,0.468206,0.479793,0.487608,0.492669,0.495817,0.497698,0.498778,0.499375,0.499691,0.499853,0.499933,0.49997,0.499987,0.499995,0.499998,0.499999,0.5,0.5,0.5,0.5
0.5,0.5,0.5,0.5,0.499999,0.499998,0.499995,0.499989,0.499974,0.499942,0.499873,0.499732,0.499458,0.49894,0.498002,0.496368,0.493633,0.489233,0.482436,0.472357,0.458016,0.43846,0.412928,0.381067,0.343146,0.300236,0.254292,0.208085,0.164982,0.128556,0.102111,0.0881963,0.0881963,0.102111,0.128556,0.164982,0.208085,0.254292,0.300236,0.343146,0.381067,0.412928,0.43846,0.458016,0.472357,0.482436,0.489233,0.493633,0.496368,0.498002,0.49894,0.499458,0.499732,0.499873,0.499942,0.499974,0.499989,0.499995,0.499998,0.499999,0.5,0.5,0.5,0.5
0.5,0.5,0.5,0.5,0.499999,0.499999,0.499996,0.499991,0.499978,0.499951,0.499894,0.499776,0.499546,0.499112,0.498326,0.496956,0.494661,0.490969,0.485262,0.476794,0.46474,0.448296,0.426817,0.400003,0.368077,0.331937,0.29323,0.254292,0.217959,0.187249,0.164952,0.153218,0.153218,0.164952,0.187249,0.217959,0.254292,0.29323,0.331937,0.368077,0.400003,0.426817,0.448296,0.46474,0.476794,0.485262,0.490969,0.494661,0.496956,0.498326,0.499112,0.499546,0.499776,0.499894,0.499951,0.499978,0.499991,0.499996,0.499999,0.499999,0.5,0.5,0.5,0.5
0.5,0.5,0.5,0.5,0.5,0.499999,0.499997,0.499993,0.499983,0.499961,0.499914,0.499819,0.499633,0.499283,0.498647,0.497538,0.49568,0.492688,0.48806,0.481191,0.471408,0.458054,0.440603,0.418806,0.392842,0.363441,0.331937,0.300236,0.270648,0.245634,0.227469,0.217909,0.217909,0.227469,0.245634,0.270648,0.300236,0.331937,0.363441,0.392842,0.418806,0.440603,0.458054,0.471408,0.481191,0.48806,0.492688,0.49568,0.497538,0.498647,0.499283,0.499633,0.499819,0.499914,0.499961,0.499983,0.499993,0.499997,0.499999,0.5,0.5,0.5,0.5,0.5
0.5,0.5,0.5,0.5,0.5,0.499999,0.499998,0.499994,0.499987,0.499969,0.499933,0.499859,0.499714,0.499441,0.498944,0.498078,0.496625,0.494285,0.490663,0.485283,0.477616,0.467144,0.453452,0.43634,0.415947,0.392842,0.368077,0.343146,0.31987,0.300187,0.285891,0.278366,0.278366,0.285891,0.300187,0.31987,0.343146,0.368077,0.392842,0.415947,0.43634,0.453452,0.467144,0.477616,0.485283,0.490663,0.494285,0.496625,0.498078,0.498944,0.499441,0.499714,0.499859,0.499933,0.499969,0.499987,0.499994,0.499998,0.499999,0.5,0.5,0.5,0.5,0.5
0.5,0.5,0.5,0.5,0.5,0.499999,0.499998,0.499996,0.49999,0.499977,0.49995,0.499894,0.499785,0.499579,0.499205,0.498552,0.497456,0.495689,0.492952,0.488884,0.483083,0.475154,0.46478,0.451809,0.43634,0.418806,0.400003,0.381067,0.363382,0.348422,0.337555,0.331835,0.331835,0.337555,0.348422,0.363382,0.381067,0.400003,0.418806,0.43634,0.451809,0.46478,0.475154,0.483083,0.488884,0.492952,0.495689,0.497456,0.498552,0.499205,0.499579,0.499785,0.499894,0.49995,0.499977,0.49999,0.499996,0.499998,0.499999,0.5,0.5,0.5,0.5,0.5
0.5,0.5,0.5,0.5,0.5,0.499999,0.499999,0.499997,0.499993,0.499983,0.499964,0.499923,0.499844,0.499695,0.499423,0.498947,0.498149,0.496861,0.494865,0.491896,0.487659,0.481863,0.474275,0.46478,0.453452,0.440603,0.426817,0.412928,0.399952,0.388972,0.380995,0.376795,0.376795,0.380995,0.388972,0.399952,0.412928,0.426817,0.440603,0.453452,0.46478,0.474275,0.481863,0.487659,0.491896,0.494865,0.496861,0.498149,0.498947,0.499423,0.499695,0.499844,0.499923,0.499964,0.499983,0.499993,0.499997,0.499999,0.499999,0.5,0.5,0.5,0.5,0.5
0.5,0.5,0.5,0.5,0.5,0.5,0.499999,0.499998,0.499995,0.499988,0.499975,0.499946,0.499891,0.499786,0.499595,0.499262,0.498701,0.497795,0.49639,0.494298,0.49131,0.487221,0.481863,0.475154,0.467144,0.458054,0.448296,0.43846,0.429267,0.421486,0.415832,0.412854,0.412854,0.415832,0.421486,0.429267,0.43846,0.448296,0.458054,0.467144,0.475154,0.481863,0.487221,0.49131,0.494298,0.49639,0.497795,0.498701,0.499262,0.499595,0.499786,0.499891,0.499946,0.499975,0.499988,0.499995,0.499998,0.499999,0.5,0.5,0.5,0.5,0.5,0.5
0.5,0.5,0.5,0.5,0.5,0.5,0.499999,0.499999,0.499997,0.499992,0.499983,0.499964,0.499926,0.499855,0.499726,0.4995,0.49912,0.498505,0.497551,0.496128,0.494095,0.49131,0.487659,0.483083,0.477616,0.471408,0.46474,0.458016,0.451729,0.446406,0.442536,0.440499,0.440499,0.442536,0.446406,0.451729,0.458016,0.46474,0.471408,0.477616,0.483083,0.487659,0.49131,0.494095,0.496128,0.497551,0.498505,0.49912,0.4995,0.499726,0.499855,0.499926,0.499964,0.499983,0.499992,0.499997,0.499999,0.499999,0.5,0.5,0.5,0.5,0.5,0.5
0.5,0.5,0.5,0.5,0.5,0.5,0.5,0.499999,0.499998,0.499995,0.499989,0.499976,0.499952,0.499906,0.499821,0.499674,0.499425,0.499022,0.498397,0.497463,0.496128,0.494298,0.491896,0.488884,0.485283,0.481191,0.476794,0.472357,0.468206,0.464692,0.462136,0.46079,0.46079,0.462136,0.464692,0.468206,0.472357,0.476794,0.481191,0.485283,0.488884,0.491896,0.494298,0.496128,0.497463,0.498397,0.499022,0.499425,0.499674,0.499821,0.499906,0.499952,0.499976,0.499989,0.499995,0.499998,0.499999,0.5,0.5,0.5,0.5,0.5,0.5,0.5
0.5,0.5,0.5,0.5,0.5,0.5,0.5,0.499999,0.499999,0.499997,0.499993,0.499985,0.49997,0.499941,0.499888,0.499794,0.499637,0.499383,0.498987,0.498397,0.497551,0.49639,0.494865,0.492952,0.490663,0.48806,0.485262,0.482436,0.479793,0.477553,0.475924,0.475066,0.475066,0.475924,0.477553,0.479793,0.482436,0.485262,0.48806,0.490663,0.492952,0.494865,0.49639,0.497551,0.498397,0.498987,0.499383,0.499637,0.499794,0.499888,0.499941,0.49997,0.499985,0.499993,0.499997,0.499999,0.499999,0.5,0.5,0.5,0.5,0.5,0.5,0.5
0.5,0.5,0.5,0.5,0.5,0.5,0.5,0.5,0.499999,0.499998,0.499996,0.499991,0.499982,0.499964,0.499932,0.499875,0.499779,0.499624,0.499383,0.499022,0.498505,0.497795,0.496861,0.495689,0.494285,0.492688,0.490969,0.489233,0.487608,0.486231,0.485229,0.484701,0.484701,0.485229,0.486231,0.487608,0.489233,0.490969,0.492688,0.494285,0.495689,0.496861,0.497795,0.498505,0.499022,0.499383,0.499624,0.499779,0.499875,0.499932,0.499964,0.499982,0.499991,0.499996,0.499998,0.499999,0.5,0.5,0.5,0.5,0.5,0.5,0.5,0.5
0.5,0.5,0.5,0.5,0.5,0.5,0.5,0.5,0.5,0.499999,0.499998,0.499995,0.499989,0.499979,0.49996,0.499927,0.499871,0.499779,0.499637,0.499425,0.49912,0.498701,0.498149,0.497456,0.496625,0.49568,0.494661,0.493633,0.492669,0.491852,0.491258,0.490944,0.490944,0.491258,0.491852,0.492669,0.493633,0.494661,0.49568,0.496625,0.497456,0.498149,0.498701,0.49912,0.499425,0.499637,0.499779,0.499871,0.499927,0.49996,0.499979,0.499989,0.499995,0.499998,0.499999,0.5,0.5,0.5,0.5,0.5,0.5,0.5,0.5,0.5
0.5,0.5,0.5,0.5,0.5,0.5,0.5,0.5,0.5,0.499999,0.499999,0.499997,0.499994,0.499988,0.499977,0.499959,0.499927,0.499875,0.499794,0.499674,0.4995,0.499262,0.498947,0.498552,0.498078,0.497538,0.496956,0.496368,0.495817,0.495349,0.495009,0.49483,0.49483,0.495009,0.495349,0.495817,0.496368,0.496956,0.497538,0.498078,0.498552,0.498947,0.499262,0.4995,0.499674,0.499794,0.499875,0.499927,0.499959,0.499977,0.499988,0.499994,0.499997,0.499999,0.499999,0.5,0.5,0.5,0.5,0.5,0.5,0.5,0.5,0.5
0.5,0.5,0.5,0.5,0.5,0.5,0.5,0.5,0.5,0.5,0.499999,0.499998,0.499997,0.499994,0.499988,0.499977,0.49996,0.499932,0.499888,0.499821,0.499726,0.499595,0.499423,0.499205,0.498944,0.498647,0.498326,0.498002,0.497698,0.49744,0.497252,0.497153,0.497153,0.497252,0.49744,0.497698,0.498002,0.498326,0.498647,0.498944,0.499205,0.499423,0.499595,0.499726,0.499821,0.499888,0.499932,0.49996,0.499977,0.499988,0.499994,0.499997,0.499998,0.499999,0.5,0.5,0.5,0.5,0.5,0.5,0.5,0.5,0.5,0.5
0.5,0.5,0.5,0.5,0.5,0.5,0.5,0.5,0.5,0.5,0.5,0.499999,0.499998,0.499997,0.499994,0.499988,0.499979,0.499964,0.499941,0.499906,0.499855,0.499786,0.499695,0.499579,0.499441,0.499283,0.499112,0.49894,0.498778,0.498641,0.498541,0.498488,0.498488,0.498541,0.498641,0.498778,0.49894,0.499112,0.499283,0.499441,0.499579,0.499695,0.499786,0.499855,0.499906,0.499941,0.499964,0.499979,0.499988,0.499994,0.499997,0.499998,0.499999,0.5,0.5,0.5,0.5,0.5,0.5,0.5,0.5,0.5,0.5,0.5
0.5,0.5,0.5,0.5,0.5,0.5,0.5,0.5,0.5,0.5,0.5,0.5,0.499999,0.499998,0.499997,0.499994,0.499989,0.499982,0.49997,0.499952,0.499926,0.499891,0.499844,0.499785,0.499714,0.499633,0.499546,0.499458,0.499375,0.499304,0.499253,0.499226,0.499226,0.499253,0.499304,0.499375,0.499458,0.499546,0.499633,0.499714,0.499785,0.499844,0.499891,0.499926,0.499952,0.49997,0.499982,0.499989,0.499994,0.499997,0.499998,0.499999,0.5,0.5,0.5,0.5,0.5,0.5,0.5,0.5,0.5,0.5,0.5,0.5
0.5,0.5,0.5,0.5,0.5,0.5,0.5,0.5,0.5,0.5,0.5,0.5,0.5,0.499999,0.499998,0.499997,0.499995,0.499991,0.499985,0.499976,0.499964,0.499946,0.499923,0.499894,0.499859,0.499819,0.499776,0.499732,0.499691,0.499657,0.499631,0.499618,0.499618,0.499631,0.499657,0.499691,0.499732,0.499776,0.499819,0.499859,0.499894,0.499923,0.499946,0.499964,0.499976,0.499985,0.499991,0.499995,0.499997,0.499998,0.499999,0.5,0.5,0.5,0.5,0.5,0.5,0.5,0.5,0.5,0.5,0.5,0.5,0.5
0.5,0.5,0.5,0.5,0.5,0.5,0.5,0.5,0.5,0.5,0.5,0.5,0.5,0.5,0.499999,0.499999,0.499998,0.499996,0.499993,0.499989,0.499983,0.499975,0.499964,0.49995,0.499933,0.499914,0.499894,0.499873,0.499853,0.499837,0.499824,0.499818,0.499818,0.499824,0.499837,0.499853,0.499873,0.499894,0.499914,0.499933,0.49995,0.499964,0.499975,0.499983,0.499989,0.499993,0.499996,0.499998,0.499999,0.499999,0.5,0.5,0.5,0.5,0.5,0.5,0.5,0.5,0.5,0.5,0.5,0.5,0.5,0.5
0.5,0.5,0.5,0.5,0.5,0.5,0.5,0.5,0.5,0.5,0.5,0.5,0.5,0.5,0.5,0.499999,0.499999,0.499998,0.499997,0.499995,0.499992,0.499988,0.499983,0.499977,0.499969,0.499961,0.499951,0.499942,0.499933,0.499925,0.499919,0.499917,0.499917,0.499919,0.499925,0.499933,0.499942,0.499951,0.499961,0.499969,0.499977,0.499983,0.499988,0.499992,0.499995,0.499997,0.499998,0.499999,0.499999,0.5,0.5,0.5,0.5,0.5,0.5,0.5,0.5,0.5,0.5,0.5,0.5,0.5,0.5,0.5
0.5,0.5,0.5,0.5,0.5,0.5,0.5,0.5,0.5,0.5,0.5,0.5,0.5,0.5,0.5,0.5,0.5,0.499999,0.499999,0.499998,0.499997,0.499995,0.499993,0.49999,0.499987,0.499983,0.499978,0.499974,0.49997,0.499967,0.499964,0.499963,0.499963,0.499964,0.499967,0.49997,0.499974,0.499978,0.499983,0.499987,0.49999,0.499993,0.499995,0.499997,0.499998,0.499999,0.499999,0.5,0.5,0.5,0.5,0.5,0.5,0.5,0.5,0.5,0.5,0.5,0.5,0.5,0.5,0.5,0.5,0.5
0.5,0.5,0.5,0.5,0.5,0.5,0.5,0.5,0.5,0.5,0.5,0.5,0.5,0.5,0.5,0.5,0.5,0.5,0.499999,0.499999,0.499999,0.499998,0.499997,0.499996,0.499994,0.499993,0.499991,0.499989,0.499987,0.499986,0.499985,0.499984,0.499984,0.499985,0.499986,0.499987,0.499989,0.499991,0.499993,0.499994,0.499996,0.499997,0.499998,0.499999,0.499999,0.499999,0.5,0.5,0.5,0.5,0.5,0.5,0.5,0.5,0.5,0.5,0.5,0.5,0.5,0.5,0.5,0.5,0.5,0.5
0.5,0.5,0.5,0.5,0.5,0.5,0.5,0.5,0.5,0.5,0.5,0.5,0.5,0.5,0.5,0.5,0.5,0.5,0.5,0.5,0.499999,0.499999,0.499999,0.499998,0.499998,0.499997,0.499996,0.499995,0.499995,0.499994,0.499994,0.499994,0.499994,0.499994,0.499994,0.499995,0.499995,0.499996,0.499997,0.499998,0.499998,0.499999,0.499999,0.499999,0.5,0.5,0.5,0.5,0.5,0.5,0.5,0.5,0.5,0.5,0.5,0.5,0.5,0.5,0.5,0.5,0.5,0.5,0.5,0.5
0.5,0.5,0.5,0.5,0.5,0.5,0.5,0.5,0.5,0.5,0.5,0.5,0.5,0.5,0.5,0.5,0.5,0.5,0.5,0.5,0.5,0.5,0.499999,0.499999,0.499999,0.499999,0.499999,0.499998,0.499998,0.499998,0.499998,0.499997,0.499997,0.499998,0.499998,0.499998,0.499998,0.499999,0.499999,0.499999,0.499999,0.499999,0.5,0.5,0.5,0.5,0.5,0.5,0.5,0.5,0.5,0.5,0.5,0.5,0.5,0.5,0.5,0.5,0.5,0.5,0.5,0.5,0.5,0.5
0.5,0.5,0.5,0.5,0.5,0.5,0.5,0.5,0.5,0.5,0.5,0.5,0.5,0.5,0.5,0.5,0.5,0.5,0.5,0.5,0.5,0.5,0.5,0.5,0.5,0.5,0.499999,0.499999,0.499999,0.499999,0.499999,0.499999,0.499999,0.499999,0.499999,0.499999,0.499999,0.499999,0.5,0.5,0.5,0.5,0.5,0.5,0.5,0.5,0.5,0.5,0.5,0.5,0.5,0.5,0.5,0.5,0.5,0.5,0.5,0.5,0.5,0.5,0.5,0.5,0.5,0.5
0.5,0.5,0.5,0.5,0.5,0.5,0.5,0.5,0.5,0.5,0.5,0.5,0.5,0.5,0.5,0.5,0.5,0.5,0.5,0.5,0.5,0.5,0.5,0.5,0.5,0.5,0.5,0.5,0.5,0.5,0.5,0.5,0.5,0.5,0.5,0.5,0.5,0.5,0.5,0.5,0.5,0.5,0.5,0.5,0.5,0.5,0.5,0.5,0.5,0.5,0.5,0.5,0.5,0.5,0.5,0.5,0.5,0.5,0.5,0.5,0.5,0.5,0.5,0.5
0.5,0.5,0.5,0.5,0.5,0.5,0.5,0.5,0.5,0.5,0.5,0.5,0.5,0.5,0.5,0.5,0.5,0.5,0.5,0.5,0.5,0.5,0.5,0.5,0.5,0.5,0.5,0.5,0.5,0.5,0.5,0.5,0.5,0.5,0.5,0.5,0.5,0.5,0.5,0.5,0.5,0.5,0.5,0.5,0.5,0.5,0.5,0.5,0.5,0.5,0.5,0.5,0.5,0.5,0.5,0.5,0.5,0.5,0.5,0.5,0.5,0.5,0.5,0.5
0.5,0.5,0.5,0.5,0.5,0.5,0.5,0.5,0.5,0.5,0.5,0.5,0.5,0.5,0.5,0.5,0.5,0.5,0.5,0.5,0.5,0.5,0.5,0.5,0.5,0.5,0.5,0.5,0.5,0.5,0.5,0.5,0.5,0.5,0.5,0.5,0.5,0.5,0.5,0.5,0.5,0.5,0.5,0.5,0.5,0.5,0.5,0.5,0.5,0.5,0.5,0.5,0.5,0.5,0.5,0.5,0.5,0.5,0.5,0.5,0.5,0.5,0.5,0.5
0.5,0.5,0.5,0.5,0.5,0.5,0.5,0.5,0.5,0.5,0.5,0.5,0.5,0.5,0.5,0.5,0.5,0.5,0.5,0.5,0.5,0.5,0.5,0.5,0.5,0.5,0.5,0.5,0.5,0.5,0.5,0.5,0.5,0.5,0.5,0.5,0.5,0.5,0.5,0.5,0.5,0.5,0.5,0.5,0.5,0.5,0.5,0.5,0.5,0.5,0.5,0.5,0.5,0.5,0.5,0.5,0.5,0.5,0.5,0.5,0.5,0.5,0.5,0.5
