0.5,0.5,0.5,0.5,0.5,0.5,0.5,0.5,0.5,0.5,0.5,0.499999,0.499999,0.499998,0.499997,0.499996,0.499993,0.49999,0.499986,0.49998,0.499972,0.499962,0.499951,0.499938,0.499924,0.499909,0.499893,0.499878,0.499865,0.499854,0.499846,0.499842,0.499842,0.499846,0.499854,0.499865,0.499878,0.499893,0.499909,0.499924,0.499938,0.499951,0.499962,0.499972,0.49998,0.499986,0.49999,0.499993,0.499996,0.499997,0.499998,0.499999,0.499999,0.5,0.5,0.5,0.5,0.5,0.5,0.5,0.5,0.5,0.5,0.5
0.5,0.5,0.5,0.5,0.5,0.5,0.5,0.5,0.5,0.5,0.5,0.499999,0.499999,0.499998,0.499997,0.499996,0.499993,0.49999,0.499986,0.49998,0.499972,0.499962,0.499951,0.499938,0.499924,0.499909,0.499893,0.499878,0.499865,0.499854,0.499846,0.499842,0.499842,0.499846,0.499854,0.499865,0.499878,0.499893,0.499909,0.499924,0.499938,0.499951,0.499962,0.499972,0.49998,0.499986,0.49999,0.499993,0.499996,0.499997,0.499998,0.499999,0.499999,0.5,0.5,0.5,0.5,0.5,0.5,0.5,0.5,0.5,0.5,0.5
0.5,0.5,0.5,0.5,0.5,0.5,0.5,0.5,0.5,0.5,0.499999,0.499999,0.499998,0.499997,0.499995,0.499993,0.499989,0.499984,0.499976,0.499967,0.499955,0.49994,0.499922,0.499901,0.499879,0.499855,0.499831,0.499808,0.499787,0.49977,0.499758,0.499752,0.499752,0.499758,0.49977,0.499787,0.499808,0.499831,0.499855,0.499879,0.499901,0.499922,0.49994,0.499955,0.499967,0.499976,0.499984,0.499989,0.499993,0.499995,0.499997,0.499998,0.499999,0.499999,0.5,0.5,0.5,0.5,0.5,0.5,0.5,0.5,0.5,0.5
0.5,0.5,0.5,0.5,0.5,0.5,0.5,0.5,0.5,0.499999,0.499999,0.499998,0.499997,0.499994,0.499991,0.499986,0.499978,0.499968,0.499954,0.499936,0.499912,0.499884,0.49985,0.499811,0.499769,0.499724,0.499679,0.499637,0.499598,0.499567,0.499545,0.499534,0.499534,0.499545,0.499567,0.499598,0.499637,0.499679,0.499724,0.499769,0.499811,0.49985,0.499884,0.499912,0.499936,0.499954,0.499968,0.499978,0.499986,0.499991,0.499994,0.499997,0.499998,0.499999,0.499999,0.5,0.5,0.5,0.5,0.5,0.5,0.5,0.5,0.5
0.5,0.5,0.5,0.5,0.5,0.5,0.5,0.5,0.499999,0.499999,0.499998,0.499996,0.499993,0.499989,0.499982,0.499971,0.499957,0.499936,0.499908,0.499872,0.499827,0.499771,0.499706,0.499632,0.49955,0.499465,0.49938,0.499299,0.499226,0.499167,0.499126,0.499104,0.499104,0.499126,0.499167,0.499226,0.499299,0.49938,0.499465,0.49955,0.499632,0.499706,0.499771,0.499827,0.499872,0.499908,0.499936,0.499957,0.499971,0.499982,0.499989,0.499993,0.499996,0.499998,0.499999,0.499999,0.5,0.5,0.5,0.5,0.5,0.5,0.5,0.5
0.5,0.5,0.5,0.5,0.5,0.5,0.5,0.499999,0.499999,0.499997,0.499995,0.499992,0.499986,0.499977,0.499963,0.499943,0.499914,0.499874,0.499821,0.499752,0.499665,0.499559,0.499436,0.499296,0.499144,0.498985,0.498827,0.498676,0.498542,0.498434,0.498357,0.498317,0.498317,0.498357,0.498434,0.498542,0.498676,0.498827,0.498985,0.499144,0.499296,0.499436,0.499559,0.499665,0.499752,0.499821,0.499874,0.499914,0.499943,0.499963,0.499977,0.499986,0.499992,0.499995,0.499997,0.499999,0.499999,0.5,0.5,0.5,0.5,0.5,0.5,0.5
0.5,0.5,0.5,0.5,0.5,0.5,0.499999,0.499999,0.499997,0.499995,0.499991,0.499984,0.499973,0.499955,0.499929,0.499891,0.499836,0.499761,0.499661,0.499532,0.499371,0.499177,0.498951,0.498697,0.498421,0.498134,0.497849,0.497579,0.49734,0.497146,0.497009,0.496938,0.496938,0.497009,0.497146,0.49734,0.497579,0.497849,0.498134,0.498421,0.498697,0.498951,0.499177,0.499371,0.499532,0.499661,0.499761,0.499836,0.499891,0.499929,0.499955,0.499973,0.499984,0.499991,0.499995,0.499997,0.499999,0.499999,0.5,0.5,0.5,0.5,0.5,0.5
0.5,0.5,0.5,0.5,0.5,0.499999,0.499999,0.499997,0.499995,0.49999,0.499982,0.499969,0.499948,0.499916,0.499867,0.499796,0.499696,0.499559,0.499378,0.499146,0.498859,0.498514,0.498114,0.497666,0.497184,0.496684,0.496188,0.495721,0.495308,0.494973,0.494738,0.494616,0.494616,0.494738,0.494973,0.495308,0.495721,0.496188,0.496684,0.497184,0.497666,0.498114,0.498514,0.498859,0.499146,0.499378,0.499559,0.499696,0.499796,0.499867,0.499916,0.499948,0.499969,0.499982,0.49999,0.499995,0.499997,0.499999,0.499999,0.5,0.5,0.5,0.5,0.5
0.5,0.5,0.5,0.5,0.499999,0.499999,0.499997,0.499995,0.49999,0.499981,0.499967,0.499943,0.499905,0.499846,0.499759,0.499632,0.499454,0.499213,0.498896,0.498493,0.497995,0.497403,0.496719,0.495959,0.495143,0.494301,0.49347,0.49269,0.492003,0.491448,0.491057,0.490856,0.490856,0.491057,0.491448,0.492003,0.49269,0.49347,0.494301,0.495143,0.495959,0.496719,0.497403,0.497995,0.498493,0.498896,0.499213,0.499454,0.499632,0.499759,0.499846,0.499905,0.499943,0.499967,0.499981,0.49999,0.499995,0.499997,0.499999,0.499999,0.5,0.5,0.5,0.5
0.5,0.5,0.5,0.499999,0.499999,0.499997,0.499995,0.49999,0.499981,0.499966,0.49994,0.499898,0.499831,0.499728,0.499576,0.499356,0.499051,0.49864,0.498103,0.497424,0.496593,0.495608,0.49448,0.493232,0.4919,0.490532,0.489189,0.487933,0.486831,0.485942,0.485319,0.484997,0.484997,0.485319,0.485942,0.486831,0.487933,0.489189,0.490532,0.4919,0.493232,0.49448,0.495608,0.496593,0.497424,0.498103,0.49864,0.499051,0.499356,0.499576,0.499728,0.499831,0.499898,0.49994,0.499966,0.499981,0.49999,0.499995,0.499997,0.499999,0.499999,0.5,0.5,0.5
0.5,0.5,0.499999,0.499999,0.499998,0.499995,0.499991,0.499982,0.499967,0.49994,0.499895,0.499822,0.499708,0.499533,0.499276,0.498909,0.498402,0.497722,0.496842,0.495736,0.494393,0.492812,0.491012,0.489034,0.486935,0.484792,0.482697,0.480748,0.479042,0.477672,0.476712,0.476218,0.476218,0.476712,0.477672,0.479042,0.480748,0.482697,0.484792,0.486935,0.489034,0.491012,0.492812,0.494393,0.495736,0.496842,0.497722,0.498402,0.498909,0.499276,0.499533,0.499708,0.499822,0.499895,0.49994,0.499967,0.499982,0.499991,0.499995,0.499998,0.499999,0.499999,0.5,0.5
0.499999,0.499999,0.499999,0.499998,0.499996,0.499992,0.499984,0.499969,0.499943,0.499898,0.499822,0.499701,0.499511,0.499223,0.498803,0.498207,0.49739,0.496304,0.494906,0.493165,0.491064,0.48861,0.485837,0.482807,0.479614,0.476375,0.473223,0.470304,0.467761,0.465724,0.464302,0.46357,0.46357,0.464302,0.465724,0.467761,0.470304,0.473223,0.476375,0.479614,0.482807,0.485837,0.48861,0.491064,0.493165,0.494906,0.496304,0.49739,0.498207,0.498803,0.499223,0.499511,0.499701,0.499822,0.499898,0.499943,0.499969,0.499984,0.499992,0.499996,0.499998,0.499999,0.499999,0.499999
0.499999,0.499999,0.499998,0.499997,0.499993,0.499986,0.499973,0.499948,0.499905,0.499831,0.499708,0.499511,0.499205,0.498746,0.49808,0.497142,0.495866,0.494184,0.492037,0.489382,0.486204,0.48252,0.478389,0.473909,0.469219,0.464491,0.459919,0.455706,0.452052,0.449136,0.447104,0.446061,0.446061,0.447104,0.449136,0.452052,0.455706,0.459919,0.464491,0.469219,0.473909,0.478389,0.48252,0.486204,0.489382,0.492037,0.494184,0.495866,0.497142,0.49808,0.498746,0.499205,0.499511,0.499708,0.499831,0.499905,0.499948,0.499973,0.499986,0.499993,0.499997,0.499998,0.499999,0.499999
0.499998,0.499998,0.499997,0.499994,0.499989,0.499977,0.499955,0.499916,0.499846,0.499728,0.499533,0.499223,0.498746,0.498035,0.49701,0.49558,0.493649,0.491125,0.487928,0.484009,0.479356,0.474007,0.468057,0.461655,0.455004,0.448345,0.441948,0.436087,0.431028,0.427007,0.424213,0.422781,0.422781,0.424213,0.427007,0.431028,0.436087,0.441948,0.448345,0.455004,0.461655,0.468057,0.474007,0.479356,0.484009,0.487928,0.491125,0.493649,0.49558,0.49701,0.498035,0.498746,0.499223,0.499533,0.499728,0.499846,0.499916,0.499955,0.499977,0.499989,0.499994,0.499997,0.499998,0.499998
0.499997,0.499997,0.499995,0.499991,0.499982,0.499963,0.499929,0.499867,0.499759,0.499576,0.499276,0.498803,0.49808,0.49701,0.495481,0.493365,0.49053,0.486856,0.482244,0.47664,0.470044,0.46253,0.454242,0.445401,0.43629,0.42724,0.418606,0.410747,0.404,0.398661,0.394963,0.393072,0.393072,0.394963,0.398661,0.404,0.410747,0.418606,0.42724,0.43629,0.445401,0.454242,0.46253,0.470044,0.47664,0.482244,0.486856,0.49053,0.493365,0.495481,0.49701,0.49808,0.498803,0.499276,0.499576,0.499759,0.499867,0.499929,0.499963,0.499982,0.499991,0.499995,0.499997,0.499997
0.499996,0.499996,0.499993,0.499986,0.499971,0.499943,0.499891,0.499796,0.499632,0.499356,0.498909,0.498207,0.497142,0.49558,0.493365,0.490324,0.486287,0.4811,0.474648,0.46688,0.457823,0.447602,0.436434,0.424631,0.412576,0.400703,0.389465,0.379309,0.370644,0.363819,0.359112,0.35671,0.35671,0.359112,0.363819,0.370644,0.379309,0.389465,0.400703,0.412576,0.424631,0.436434,0.447602,0.457823,0.46688,0.474648,0.4811,0.486287,0.490324,0.493365,0.49558,0.497142,0.498207,0.498909,0.499356,0.499632,0.499796,0.499891,0.499943,0.499971,0.499986,0.499993,0.499996,0.499996
0.499993,0.499993,0.499989,0.499978,0.499957,0.499914,0.499836,0.499696,0.499454,0.499051,0.498402,0.49739,0.495866,0.493649,0.49053,0.486287,0.480703,0.473594,0.464836,0.454393,0.44234,0.428873,0.414308,0.399069,0.383657,0.36862,0.354514,0.341867,0.331152,0.322761,0.316997,0.314064,0.314064,0.316997,0.322761,0.331152,0.341867,0.354514,0.36862,0.383657,0.399069,0.414308,0.428873,0.44234,0.454393,0.464836,0.473594,0.480703,0.486287,0.49053,0.493649,0.495866,0.49739,0.498402,0.499051,0.499454,0.499696,0.499836,0.499914,0.499957,0.499978,0.499989,0.499993,0.499993
0.49999,0.49999,0.499984,0.499968,0.499936,0.499874,0.499761,0.499559,0.499213,0.49864,0.497722,0.496304,0.494184,0.491125,0.486856,0.4811,0.473594,0.464129,0.452585,0.438961,0.423402,0.406204,0.387808,0.368771,0.349726,0.331339,0.314261,0.29909,0.286337,0.276417,0.269637,0.266197,0.266197,0.269637,0.276417,0.286337,0.29909,0.314261,0.331339,0.349726,0.368771,0.387808,0.406204,0.423402,0.438961,0.452585,0.464129,0.473594,0.4811,0.486856,0.491125,0.494184,0.496304,0.497722,0.49864,0.499213,0.499559,0.499761,0.499874,0.499936,0.499968,0.499984,0.49999,0.49999
0.499986,0.499986,0.499976,0.499954,0.499908,0.499821,0.499661,0.499378,0.498896,0.498103,0.496842,0.494906,0.492037,0.487928,0.482244,0.474648,0.464836,0.452585,0.437796,0.42053,0.401033,0.37973,0.357212,0.334188,0.311431,0.289718,0.269778,0.252248,0.237651,0.226383,0.218726,0.214856,0.214856,0.218726,0.226383,0.237651,0.252248,0.269778,0.289718,0.311431,0.334188,0.357212,0.37973,0.401033,0.42053,0.437796,0.452585,0.464836,0.474648,0.482244,0.487928,0.492037,0.494906,0.496842,0.498103,0.498896,0.499378,0.499661,0.499821,0.499908,0.499954,0.499976,0.499986,0.499986
0.49998,0.49998,0.499967,0.499936,0.499872,0.499752,0.499532,0.499146,0.498493,0.497424,0.495736,0.493165,0.489382,0.484009,0.47664,0.46688,0.454393,0.438961,0.42053,0.399255,0.375513,0.349894,0.323159,0.296181,0.26987,0.2451,0.222646,0.203145,0.187083,0.1748,0.166512,0.162341,0.162341,0.166512,0.1748,0.187083,0.203145,0.222646,0.2451,0.26987,0.296181,0.323159,0.349894,0.375513,0.399255,0.42053,0.438961,0.454393,0.46688,0.47664,0.484009,0.489382,0.493165,0.495736,0.497424,0.498493,0.499146,0.499532,0.499752,0.499872,0.499936,0.499967,0.49998,0.49998
0.499972,0.499972,0.499955,0.499912,0.499827,0.499665,0.499371,0.498859,0.497995,0.496593,0.494393,0.491064,0.486204,0.479356,0.470044,0.457823,0.44234,0.423402,0.401033,0.375513,0.347389,0.317439,0.286617,0.255963,0.226512,0.199202,0.174815,0.153938,0.136968,0.124136,0.115553,0.111257,0.111257,0.115553,0.124136,0.136968,0.153938,0.174815,0.199202,0.226512,0.255963,0.286617,0.317439,0.347389,0.375513,0.401033,0.423402,0.44234,0.457823,0.470044,0.479356,0.486204,0.491064,0.494393,0.496593,0.497995,0.498859,0.499371,0.499665,0.499827,0.499912,0.499955,0.499972,0.499972
0.499962,0.499962,0.49994,0.499884,0.499771,0.499559,0.499177,0.498514,0.497403,0.495608,0.492812,0.48861,0.48252,0.474007,0.46253,0.447602,0.428873,0.406204,0.37973,0.349894,0.317439,0.28336,0.248812,0.214996,0.183046,0.15393,0.128383,0.106888,0.089695,0.0768774,0.0683984,0.0641851,0.0641851,0.0683984,0.0768774,0.089695,0.106888,0.128383,0.15393,0.183046,0.214996,0.248812,0.28336,0.317439,0.349894,0.37973,0.406204,0.428873,0.447602,0.46253,0.474007,0.48252,0.48861,0.492812,0.495608,0.497403,0.498514,0.499177,0.499559,0.499771,0.499884,0.49994,0.499962,0.499962
0.499951,0.499951,0.499922,0.49985,0.499706,0.499436,0.498951,0.498114,0.496719,0.49448,0.491012,0.485837,0.478389,0.468057,0.454242,0.436434,0.414308,0.387808,0.357212,0.323159,0.286617,0.248812,0.211099,0.174827,0.141197,0.111155,0.0853404,0.0640726,0.0474047,0.0352037,0.0272507,0.0233366,0.0233366,0.0272507,0.0352037,0.0474047,0.0640726,0.0853404,0.111155,0.141197,0.174827,0.211099,0.248812,0.286617,0.323159,0.357212,0.387808,0.414308,0.436434,0.454242,0.468057,0.478389,0.485837,0.491012,0.49448,0.496719,0.498114,0.498951,0.499436,0.499706,0.49985,0.499922,0.499951,0.499951
0.499938,0.499938,0.499901,0.499811,0.499632,0.499296,0.498697,0.497666,0.495959,0.493232,0.489034,0.482807,0.473909,0.461655,0.445401,0.424631,0.399069,0.368771,0.334188,0.296181,0.255963,0.214996,0.174827,0.136925,0.102518,0.0724878,0.04732,0.0271231,0.0117069,0.000697679,-0.00633219,-0.00974452,-0.00974452,-0.00633219,0.000697679,0.0117069,0.0271231,0.04732,0.0724878,0.102518,0.136925,0.174827,0.214996,0.255963,0.296181,0.334188,0.368771,0.399069,0.424631,0.445401,0.461655,0.473909,0.482807,0.489034,0.493232,0.495959,0.497666,0.498697,0.499296,0.499632,0.499811,0.499901,0.499938,0.499938
0.499924,0.499924,0.499879,0.499769,0.49955,0.499144,0.498421,0.497184,0.495143,0.4919,0.486935,0.479614,0.469219,0.455004,0.43629,0.412576,0.383657,0.349726,0.311431,0.26987,0.226512,0.183046,0.141197,0.102518,0.0682274,0.0390949,0.0154098,-0.00297038,-0.0165095,-0.0258436,-0.0316225,-0.0343676,-0.0343676,-0.0316225,-0.0258436,-0.0165095,-0.00297038,0.0154098,0.0390949,0.0682274,0.102518,0.141197,0.183046,0.226512,0.26987,0.311431,0.349726,0.383657,0.412576,0.43629,0.455004,0.469219,0.479614,0.486935,0.4919,0.495143,0.497184,0.498421,0.499144,0.49955,0.499769,0.499879,0.499924,0.499924
0.499909,0.499909,0.499855,0.499724,0.499465,0.498985,0.498134,0.496684,0.494301,0.490532,0.484792,0.476375,0.464491,0.448345,0.42724,0.400703,0.36862,0.331339,0.289718,0.2451,0.199202,0.15393,0.111155,0.0724878,0.0390949,0.0115975,-0.00994153,-0.0259389,-0.0371457,-0.0444656,-0.0487699,-0.0507373,-0.0507373,-0.0487699,-0.0444656,-0.0371457,-0.0259389,-0.00994153,0.0115975,0.0390949,0.0724878,0.111155,0.15393,0.199202,0.2451,0.289718,0.331339,0.36862,0.400703,0.42724,0.448345,0.464491,0.476375,0.484792,0.490532,0.494301,0.496684,0.498134,0.498985,0.499465,0.499724,0.499855,0.499909,0.499909
0.499893,0.499893,0.499831,0.499679,0.49938,0.498827,0.497849,0.496188,0.49347,0.489189,0.482697,0.473223,0.459919,0.441948,0.418606,0.389465,0.354514,0.314261,0.269778,0.222646,0.174815,0.128383,0.0853404,0.04732,0.0154098,-0.00994153,-0.0289124,-0.0421983,-0.0508328,-0.0559762,-0.058708,-0.059852,-0.059852,-0.058708,-0.0559762,-0.0508328,-0.0421983,-0.0289124,-0.00994153,0.0154098,0.04732,0.0853404,0.128383,0.174815,0.222646,0.269778,0.314261,0.354514,0.389465,0.418606,0.441948,0.459919,0.473223,0.482697,0.489189,0.49347,0.496188,0.497849,0.498827,0.49938,0.499679,0.499831,0.499893,0.499893
0.499878,0.499878,0.499808,0.499637,0.499299,0.498676,0.497579,0.495721,0.49269,0.487933,0.480748,0.470304,0.455706,0.436087,0.410747,0.379309,0.341867,0.29909,0.252248,0.203145,0.153938,0.106888,0.0640726,0.0271231,-0.00297038,-0.0259389,-0.0421983,-0.0527084,-0.0587636,-0.0617555,-0.0629475,-0.0632896,-0.0632896,-0.0629475,-0.0617555,-0.0587636,-0.0527084,-0.0421983,-0.0259389,-0.00297038,0.0271231,0.0640726,0.106888,0.153938,0.203145,0.252248,0.29909,0.341867,0.379309,0.410747,0.436087,0.455706,0.470304,0.480748,0.487933,0.49269,0.495721,0.497579,0.498676,0.499299,0.499637,0.499808,0.499878,0.499878
0.499865,0.499865,0.499787,0.499598,0.499226,0.498542,0.49734,0.495308,0.492003,0.486831,0.479042,0.467761,0.452052,0.431028,0.404,0.370644,0.331152,0.286337,0.237651,0.187083,0.136968,0.089695,0.0474047,0.0117069,-0.0165095,-0.0371457,-0.0508328,-0.0587636,-0.0624568,-0.0634987,-0.0633051,-0.0629287,-0.0629287,-0.0633051,-0.0634987,-0.0624568,-0.0587636,-0.0508328,-0.0371457,-0.0165095,0.0117069,0.0474047,0.089695,0.136968,0.187083,0.237651,0.286337,0.331152,0.370644,0.404,0.431028,0.452052,0.467761,0.479042,0.486831,0.492003,0.495308,0.49734,0.498542,0.499226,0.499598,0.499787,0.499865,0.499865
0.499854,0.499854,0.49977,0.499567,0.499167,0.498434,0.497146,0.494973,0.491448,0.485942,0.477672,0.465724,0.449136,0.427007,0.398661,0.363819,0.322761,0.276417,0.226383,0.1748,0.124136,0.0768774,0.0352037,0.000697679,-0.0258436,-0.0444656,-0.0559762,-0.0617555,-0.0634987,-0.0629433,-0.0616205,-0.0606604,-0.0606604,-0.0616205,-0.0629433,-0.0634987,-0.0617555,-0.0559762,-0.0444656,-0.0258436,0.000697679,0.0352037,0.0768774,0.124136,0.1748,0.226383,0.276417,0.322761,0.363819,0.398661,0.427007,0.449136,0.465724,0.477672,0.485942,0.491448,0.494973,0.497146,0.498434,0.499167,0.499567,0.49977,0.499854,0.499854
0.499846,0.499846,0.499758,0.499545,0.499126,0.498357,0.497009,0.494738,0.491057,0.485319,0.476712,0.464302,0.447104,0.424213,0.394963,0.359112,0.316997,0.269637,0.218726,0.166512,0.115553,0.0683984,0.0272507,-0.00633219,-0.0316225,-0.0487699,-0.058708,-0.0629475,-0.0633051,-0.0616205,-0.0595026,-0.0581323,-0.0581323,-0.0595026,-0.0616205,-0.0633051,-0.0629475,-0.058708,-0.0487699,-0.0316225,-0.00633219,0.0272507,0.0683984,0.115553,0.166512,0.218726,0.269637,0.316997,0.359112,0.394963,0.424213,0.447104,0.464302,0.476712,0.485319,0.491057,0.494738,0.497009,0.498357,0.499126,0.499545,0.499758,0.499846,0.499846
0.499842,0.499842,0.499752,0.499534,0.499104,0.498317,0.496938,0.494616,0.490856,0.484997,0.476218,0.46357,0.446061,0.422781,0.393072,0.35671,0.314064,0.266197,0.214856,0.162341,0.111257,0.0641851,0.0233366,-0.00974452,-0.0343676,-0.0507373,-0.059852,-0.0632896,-0.0629287,-0.0606604,-0.0581323,-0.0565508,-0.0565508,-0.0581323,-0.0606604,-0.0629287,-0.0632896,-0.059852,-0.0507373,-0.0343676,-0.00974452,0.0233366,0.0641851,0.111257,0.162341,0.214856,0.266197,0.314064,0.35671,0.393072,0.422781,0.446061,0.46357,0.476218,0.484997,0.490856,0.494616,0.496938,0.498317,0.499104,0.499534,0.499752,0.499842,0.499842
0.499842,0.499842,0.499752,0.499534,0.499104,0.498317,0.496938,0.494616,0.490856,0.484997,0.476218,0.46357,0.446061,0.422781,0.393072,0.35671,0.314064,0.266197,0.214856,0.162341,0.111257,0.0641851,0.0233366,-0.00974452,-0.0343676,-0.0507373,-0.059852,-0.0632896,-0.0629287,-0.0606604,-0.0581323,-0.0565508,-0.0565508,-0.0581323,-0.0606604,-0.0629287,-0.0632896,-0.059852,-0.0507373,-0.0343676,-0.00974452,0.0233366,0.0641851,0.111257,0.162341,0.214856,0.266197,0.314064,0.35671,0.393072,0.422781,0.446061,0.46357,0.476218,0.484997,0.490856,0.494616,0.496938,0.498317,0.499104,0.499534,0.499752,0.499842,0.499842
0.499846,0.499846,0.499758,0.499545,0.499126,0.498357,0.497009,0.494738,0.491057,0.485319,0.476712,0.464302,0.447104,0.424213,0.394963,0.359112,0.316997,0.269637,0.218726,0.166512,0.115553,0.0683984,0.0272507,-0.00633219,-0.0316225,-0.0487699,-0.058708,-0.0629475,-0.0633051,-0.0616205,-0.0595026,-0.0581323,-0.0581323,-0.0595026,-0.0616205,-0.0633051,-0.0629475,-0.058708,-0.0487699,-0.0316225,-0.00633219,0.0272507,0.0683984,0.115553,0.166512,0.218726,0.269637,0.316997,0.359112,0.394963,0.424213,0.447104,0.464302,0.476712,0.485319,0.491057,0.494738,0.497009,0.498357,0.499126,0.499545,0.499758,0.499846,0.499846
0.499854,0.499854,0.49977,0.499567,0.499167,0.498434,0.497146,0.494973,0.491448,0.485942,0.477672,0.465724,0.449136,0.427007,0.398661,0.363819,0.322761,0.276417,0.226383,0.1748,0.124136,0.0768774,0.0352037,0.000697679,-0.0258436,-0.0444656,-0.0559762,-0.0617555,-0.0634987,-0.0629433,-0.0616205,-0.0606604,-0.0606604,-0.0616205,-0.0629433,-0.0634987,-0.0617555,-0.0559762,-0.0444656,-0.0258436,0.000697679,0.0352037,0.0768774,0.124136,0.1748,0.226383,0.276417,0.322761,0.363819,0.398661,0.427007,0.449136,0.465724,0.477672,0.485942,0.491448,0.494973,0.497146,0.498434,0.499167,0.499567,0.49977,0.499854,0.499854
0.499865,0.499865,0.499787,0.499598,0.499226,0.498542,0.49734,0.495308,0.492003,0.486831,0.479042,0.467761,0.452052,0.431028,0.404,0.370644,0.331152,0.286337,0.237651,0.187083,0.136968,0.089695,0.0474047,0.0117069,-0.0165095,-0.0371457,-0.0508328,-0.0587636,-0.0624568,-0.0634987,-0.0633051,-0.0629287,-0.0629287,-0.0633051,-0.0634987,-0.0624568,-0.0587636,-0.0508328,-0.0371457,-0.0165095,0.0117069,0.0474047,0.089695,0.136968,0.187083,0.237651,0.286337,0.331152,0.370644,0.404,0.431028,0.452052,0.467761,0.479042,0.486831,0.492003,0.495308,0.49734,0.498542,0.499226,0.499598,0.499787,0.499865,0.499865
0.499878,0.499878,0.499808,0.499637,0.499299,0.498676,0.497579,0.495721,0.49269,0.487933,0.480748,0.470304,0.455706,0.436087,0.410747,0.379309,0.341867,0.29909,0.252248,0.203145,0.153938,0.106888,0.0640726,0.0271231,-0.00297038,-0.0259389,-0.0421983,-0.0527084,-0.0587636,-0.0617555,-0.0629475,-0.0632896,-0.0632896,-0.0629475,-0.0617555,-0.0587636,-0.0527084,-0.0421983,-0.0259389,-0.00297038,0.0271231,0.0640726,0.106888,0.153938,0.203145,0.252248,0.29909,0.341867,0.379309,0.410747,0.436087,0.455706,0.470304,0.480748,0.487933,0.49269,0.495721,0.497579,0.498676,0.499299,0.499637,0.499808,0.499878,0.499878
0.499893,0.499893,0.499831,0.499679,0.49938,0.498827,0.497849,0.496188,0.49347,0.489189,0.482697,0.473223,0.459919,0.441948,0.418606,0.389465,0.354514,0.314261,0.269778,0.222646,0.174815,0.128383,0.0853404,0.04732,0.0154098,-0.00994153,-0.0289124,-0.0421983,-0.0508328,-0.0559762,-0.058708,-0.059852,-0.059852,-0.058708,-0.0559762,-0.0508328,-0.0421983,-0.0289124,-0.00994153,0.0154098,0.04732,0.0853404,0.128383,0.174815,0.222646,0.269778,0.314261,0.354514,0.389465,0.418606,0.441948,0.459919,0.473223,0.482697,0.489189,0.49347,0.496188,0.497849,0.498827,0.49938,0.499679,0.499831,0.499893,0.499893
0.499909,0.499909,0.499855,0.499724,0.499465,0.498985,0.498134,0.496684,0.494301,0.490532,0.484792,0.476375,0.464491,0.448345,0.42724,0.400703,0.36862,0.331339,0.289718,0.2451,0.199202,0.15393,0.111155,0.0724878,0.0390949,0.0115975,-0.00994153,-0.0259389,-0.0371457,-0.0444656,-0.0487699,-0.0507373,-0.0507373,-0.0487699,-0.0444656,-0.0371457,-0.0259389,-0.00994153,0.0115975,0.0390949,0.0724878,0.111155,0.15393,0.199202,0.2451,0.289718,0.331339,0.36862,0.400703,0.42724,0.448345,0.464491,0.476375,0.484792,0.490532,0.494301,0.496684,0.498134,0.498985,0.499465,0.499724,0.499855,0.499909,0.499909
0.499924,0.499924,0.499879,0.499769,0.49955,0.499144,0.498421,0.497184,0.495143,0.4919,0.486935,0.479614,0.469219,0.455004,0.43629,0.412576,0.383657,0.349726,0.311431,0.26987,0.226512,0.183046,0.141197,0.102518,0.0682274,0.0390949,0.0154098,-0.00297038,-0.0165095,-0.0258436,-0.0316225,-0.0343676,-0.0343676,-0.0316225,-0.0258436,-0.0165095,-0.00297038,0.0154098,0.0390949,0.0682274,0.102518,0.141197,0.183046,0.226512,0.26987,0.311431,0.349726,0.383657,0.412576,0.43629,0.455004,0.469219,0.479614,0.486935,0.4919,0.495143,0.497184,0.498421,0.499144,0.49955,0.499769,0.499879,0.499924,0.499924
0.499938,0.499938,0.499901,0.499811,0.499632,0.499296,0.498697,0.497666,0.495959,0.493232,0.489034,0.482807,0.473909,0.461655,0.445401,0.424631,0.399069,0.368771,0.334188,0.296181,0.255963,0.214996,0.174827,0.136925,0.102518,0.0724878,0.04732,0.0271231,0.0117069,0.000697679,-0.00633219,-0.00974452,-0.00974452,-0.00633219,0.000697679,0.0117069,0.0271231,0.04732,0.0724878,0.102518,0.136925,0.174827,0.214996,0.255963,0.296181,0.334188,0.368771,0.399069,0.424631,0.445401,0.461655,0.473909,0.482807,0.489034,0.493232,0.495959,0.497666,0.498697,0.499296,0.499632,0.499811,0.499901,0.499938,0.499938
0.499951,0.499951,0.499922,0.49985,0.499706,0.499436,0.498951,0.498114,0.496719,0.49448,0.491012,0.485837,0.478389,0.468057,0.454242,0.436434,0.414308,0.387808,0.357212,0.323159,0.286617,0.248812,0.211099,0.174827,0.141197,0.111155,0.0853404,0.0640726,0.0474047,0.0352037,0.0272507,0.0233366,0.0233366,0.0272507,0.0352037,0.0474047,0.0640726,0.0853404,0.111155,0.141197,0.174827,0.211099,0.248812,0.286617,0.323159,0.357212,0.387808,0.414308,0.436434,0.454242,0.468057,0.478389,0.485837,0.491012,0.49448,0.496719,0.498114,0.498951,0.499436,0.499706,0.49985,0.499922,0.499951,0.499951
0.499962,0.499962,0.49994,0.499884,0.499771,0.499559,0.499177,0.498514,0.497403,0.495608,0.492812,0.48861,0.48252,0.474007,0.46253,0.447602,0.428873,0.406204,0.37973,0.349894,0.317439,0.28336,0.248812,0.214996,0.183046,0.15393,0.128383,0.106888,0.089695,0.0768774,0.0683984,0.0641851,0.0641851,0.0683984,0.0768774,0.089695,0.106888,0.128383,0.15393,0.183046,0.214996,0.248812,0.28336,0.317439,0.349894,0.37973,0.406204,0.428873,0.447602,0.46253,0.474007,0.48252,0.48861,0.492812,0.495608,0.497403,0.498514,0.499177,0.499559,0.499771,0.499884,0.49994,0.499962,0.499962
0.499972,0.499972,0.499955,0.499912,0.499827,0.499665,0.499371,0.498859,0.497995,0.496593,0.494393,0.491064,0.486204,0.479356,0.470044,0.457823,0.44234,0.423402,0.401033,0.375513,0.347389,0.317439,0.286617,0.255963,0.226512,0.199202,0.174815,0.153938,0.136968,0.124136,0.115553,0.111257,0.111257,0.115553,0.124136,0.136968,0.153938,0.174815,0.199202,0.226512,0.255963,0.286617,0.317439,0.347389,0.375513,0.401033,0.423402,0.44234,0.457823,0.470044,0.479356,0.486204,0.491064,0.494393,0.496593,0.497995,0.498859,0.499371,0.499665,0.499827,0.499912,0.499955,0.499972,0.499972
0.49998,0.49998,0.499967,0.499936,0.499872,0.499752,0.499532,0.499146,0.498493,0.497424,0.495736,0.493165,0.489382,0.484009,0.47664,0.46688,0.454393,0.438961,0.42053,0.399255,0.375513,0.349894,0.323159,0.296181,0.26987,0.2451,0.222646,0.203145,0.187083,0.1748,0.166512,0.162341,0.162341,0.166512,0.1748,0.187083,0.203145,0.222646,0.2451,0.26987,0.296181,0.323159,0.349894,0.375513,0.399255,0.42053,0.438961,0.454393,0.46688,0.47664,0.484009,0.489382,0.493165,0.495736,0.497424,0.498493,0.499146,0.499532,0.499752,0.499872,0.499936,0.499967,0.49998,0.49998
0.499986,0.499986,0.499976,0.499954,0.499908,0.499821,0.499661,0.499378,0.498896,0.498103,0.496842,0.494906,0.492037,0.487928,0.482244,0.474648,0.464836,0.452585,0.437796,0.42053,0.401033,0.37973,0.357212,0.334188,0.311431,0.289718,0.269778,0.252248,0.237651,0.226383,0.218726,0.214856,0.214856,0.218726,0.226383,0.237651,0.252248,0.269778,0.289718,0.311431,0.334188,0.357212,0.37973,0.401033,0.42053,0.437796,0.452585,0.464836,0.474648,0.482244,0.487928,0.492037,0.494906,0.496842,0.498103,0.498896,0.499378,0.499661,0.499821,0.499908,0.499954,0.499976,0.499986,0.499986
0.49999,0.49999,0.499984,0.499968,0.499936,0.499874,0.499761,0.499559,0.499213,0.49864,0.497722,0.496304,0.494184,0.491125,0.486856,0.4811,0.473594,0.464129,0.452585,0.438961,0.423402,0.406204,0.387808,0.368771,0.349726,0.331339,0.314261,0.29909,0.286337,0.276417,0.269637,0.266197,0.266197,0.269637,0.276417,0.286337,0.29909,0.314261,0.331339,0.349726,0.368771,0.387808,0.406204,0.423402,0.438961,0.452585,0.464129,0.473594,0.4811,0.486856,0.491125,0.494184,0.496304,0.497722,0.49864,0.499213,0.499559,0.499761,0.499874,0.499936,0.499968,0.499984,0.49999,0.49999
0.499993,0.499993,0.499989,0.499978,0.499957,0.499914,0.499836,0.499696,0.499454,0.499051,0.498402,0.49739,0.495866,0.493649,0.49053,0.486287,0.480703,0.473594,0.464836,0.454393,0.44234,0.428873,0.414308,0.399069,0.383657,0.36862,0.354514,0.341867,0.331152,0.322761,0.316997,0.314064,0.314064,0.316997,0.322761,0.331152,0.341867,0.354514,0.36862,0.383657,0.399069,0.414308,0.428873,0.44234,0.454393,0.464836,0.473594,0.480703,0.486287,0.49053,0.493649,0.495866,0.49739,0.498402,0.499051,0.499454,0.499696,0.499836,0.499914,0.499957,0.499978,0.499989,0.499993,0.499993
0.499996,0.499996,0.499993,0.499986,0.499971,0.499943,0.499891,0.499796,0.499632,0.499356,0.498909,0.498207,0.497142,0.49558,0.493365,0.490324,0.486287,0.4811,0.474648,0.46688,0.457823,0.447602,0.436434,0.424631,0.412576,0.400703,0.389465,0.379309,0.370644,0.363819,0.359112,0.35671,0.35671,0.359112,0.363819,0.370644,0.379309,0.389465,0.400703,0.412576,0.424631,0.436434,0.447602,0.457823,0.46688,0.474648,0.4811,0.486287,0.490324,0.493365,0.49558,0.497142,0.498207,0.498909,0.499356,0.499632,0.499796,0.499891,0.499943,0.499971,0.499986,0.499993,0.499996,0.499996
0.499997,0.499997,0.499995,0.499991,0.499982,0.499963,0.499929,0.499867,0.499759,0.499576,0.499276,0.498803,0.49808,0.49701,0.495481,0.493365,0.49053,0.486856,0.482244,0.47664,0.470044,0.46253,0.454242,0.445401,0.43629,0.42724,0.418606,0.410747,0.404,0.398661,0.394963,0.393072,0.393072,0.394963,0.398661,0.404,0.410747,0.418606,0.42724,0.43629,0.445401,0.454242,0.46253,0.470044,0.47664,0.482244,0.486856,0.49053,0.493365,0.495481,0.49701,0.49808,0.498803,0.499276,0.499576,0.499759,0.499867,0.499929,0.499963,0.499982,0.499991,0.499995,0.499997,0.499997
0.499998,0.499998,0.499997,0.499994,0.499989,0.499977,0.499955,0.499916,0.499846,0.499728,0.499533,0.499223,0.498746,0.498035,0.49701,0.49558,0.493649,0.491125,0.487928,0.484009,0.479356,0.474007,0.468057,0.461655,0.455004,0.448345,0.441948,0.436087,0.431028,0.427007,0.424213,0.422781,0.422781,0.424213,0.427007,0.431028,0.436087,0.441948,0.448345,0.455004,0.461655,0.468057,0.474007,0.479356,0.484009,0.487928,0.491125,0.493649,0.49558,0.49701,0.498035,0.498746,0.499223,0.499533,0.499728,0.499846,0.499916,0.499955,0.499977,0.499989,0.499994,0.499997,0.499998,0.499998
0.499999,0.499999,0.499998,0.499997,0.499993,0.499986,0.499973,0.499948,0.499905,0.499831,0.499708,0.499511,0.499205,0.498746,0.49808,0.497142,0.495866,0.494184,0.492037,0.489382,0.486204,0.48252,0.478389,0.473909,0.469219,0.464491,0.459919,0.455706,0.452052,0.449136,0.447104,0.446061,0.446061,0.447104,0.449136,0.452052,0.455706,0.459919,0.464491,0.469219,0.473909,0.478389,0.48252,0.486204,0.489382,0.492037,0.494184,0.495866,0.497142,0.49808,0.498746,0.499205,0.499511,0.499708,0.499831,0.499905,0.499948,0.499973,0.499986,0.499993,0.499997,0.499998,0.499999,0.499999
0.499999,0.499999,0.499999,0.499998,0.499996,0.499992,0.499984,0.499969,0.499943,0.499898,0.499822,0.499701,0.499511,0.499223,0.498803,0.498207,0.49739,0.496304,0.494906,0.493165,0.491064,0.48861,0.485837,0.482807,0.479614,0.476375,0.473223,0.470304,0.467761,0.465724,0.464302,0.46357,0.46357,0.464302,0.465724,0.467761,0.470304,0.473223,0.476375,0.479614,0.482807,0.485837,0.48861,0.491064,0.493165,0.494906,0.496304,0.49739,0.498207,0.498803,0.499223,0.499511,0.499701,0.499822,0.499898,0.499943,0.499969,0.499984,0.499992,0.499996,0.499998,0.499999,0.499999,0.499999
0.5,0.5,0.499999,0.499999,0.499998,0.499995,0.499991,0.499982,0.499967,0.49994,0.499895,0.499822,0.499708,0.499533,0.499276,0.498909,0.498402,0.497722,0.496842,0.495736,0.494393,0.492812,0.491012,0.489034,0.486935,0.484792,0.482697,0.480748,0.479042,0.477672,0.476712,0.476218,0.476218,0.476712,0.477672,0.479042,0.480748,0.482697,0.484792,0.486935,0.489034,0.491012,0.492812,0.494393,0.495736,0.496842,0.497722,0.498402,0.498909,0.499276,0.499533,0.499708,0.499822,0.499895,0.49994,0.499967,0.499982,0.499991,0.499995,0.499998,0.499999,0.499999,0.5,0.5
0.5,0.5,0.5,0.499999,0.499999,0.499997,0.499995,0.49999,0.499981,0.499966,0.49994,0.499898,0.499831,0.499728,0.499576,0.499356,0.499051,0.49864,0.498103,0.497424,0.496593,0.495608,0.49448,0.493232,0.4919,0.490532,0.489189,0.487933,0.486831,0.485942,0.485319,0.484997,0.484997,0.485319,0.485942,0.486831,0.487933,0.489189,0.490532,0.4919,0.493232,0.49448,0.495608,0.496593,0.497424,0.498103,0.49864,0.499051,0.499356,0.499576,0.499728,0.499831,0.499898,0.49994,0.499966,0.499981,0.49999,0.499995,0.499997,0.499999,0.499999,0.5,0.5,0.5
0.5,0.5,0.5,0.5,0.499999,0.499999,0.499997,0.499995,0.49999,0.499981,0.499967,0.499943,0.499905,0.499846,0.499759,0.499632,0.499454,0.499213,0.498896,0.498493,0.497995,0.497403,0.496719,0.495959,0.495143,0.494301,0.49347,0.49269,0.492003,0.491448,0.491057,0.490856,0.490856,0.491057,0.491448,0.492003,0.49269,0.49347,0.494301,0.495143,0.495959,0.496719,0.497403,0.497995,0.498493,0.498896,0.499213,0.499454,0.499632,0.499759,0.499846,0.499905,0.499943,0.499967,0.499981,0.49999,0.499995,0.499997,0.499999,0.499999,0.5,0.5,0.5,0.5
0.5,0.5,0.5,0.5,0.5,0.499999,0.499999,0.499997,0.499995,0.49999,0.499982,0.499969,0.499948,0.499916,0.499867,0.499796,0.499696,0.499559,0.499378,0.499146,0.498859,0.498514,0.498114,0.497666,0.497184,0.496684,0.496188,0.495721,0.495308,0.494973,0.494738,0.494616,0.494616,0.494738,0.494973,0.495308,0.495721,0.496188,0.496684,0.497184,0.497666,0.498114,0.498514,0.498859,0.499146,0.499378,0.499559,0.499696,0.499796,0.499867,0.499916,0.499948,0.499969,0.499982,0.49999,0.499995,0.499997,0.499999,0.499999,0.5,0.5,0.5,0.5,0.5
0.5,0.5,0.5,0.5,0.5,0.5,0.499999,0.499999,0.499997,0.499995,0.499991,0.499984,0.499973,0.499955,0.499929,0.499891,0.499836,0.499761,0.499661,0.499532,0.499371,0.499177,0.498951,0.498697,0.498421,0.498134,0.497849,0.497579,0.49734,0.497146,0.497009,0.496938,0.496938,0.497009,0.497146,0.49734,0.497579,0.497849,0.498134,0.498421,0.498697,0.498951,0.499177,0.499371,0.499532,0.499661,0.499761,0.499836,0.499891,0.499929,0.499955,0.499973,0.499984,0.499991,0.499995,0.499997,0.499999,0.499999,0.5,0.5,0.5,0.5,0.5,0.5
0.5,0.5,0.5,0.5,0.5,0.5,0.5,0.499999,0.499999,0.499997,0.499995,0.499992,0.499986,0.499977,0.499963,0.499943,0.499914,0.499874,0.499821,0.499752,0.499665,0.499559,0.499436,0.499296,0.499144,0.498985,0.498827,0.498676,0.498542,0.498434,0.498357,0.498317,0.498317,0.498357,0.498434,0.498542,0.498676,0.498827,0.498985,0.499144,0.499296,0.499436,0.499559,0.499665,0.499752,0.499821,0.499874,0.499914,0.499943,0.499963,0.499977,0.499986,0.499992,0.499995,0.499997,0.499999,0.499999,0.5,0.5,0.5,0.5,0.5,0.5,0.5
0.5,0.5,0.5,0.5,0.5,0.5,0.5,0.5,0.499999,0.499999,0.499998,0.499996,0.499993,0.499989,0.499982,0.499971,0.499957,0.499936,0.499908,0.499872,0.499827,0.499771,0.499706,0.499632,0.49955,0.499465,0.49938,0.499299,0.499226,0.499167,0.499126,0.499104,0.499104,0.499126,0.499167,0.499226,0.499299,0.49938,0.499465,0.49955,0.499632,0.499706,0.499771,0.499827,0.499872,0.499908,0.499936,0.499957,0.499971,0.499982,0.499989,0.499993,0.499996,0.499998,0.499999,0.499999,0.5,0.5,0.5,0.5,0.5,0.5,0.5,0.5
0.5,0.5,0.5,0.5,0.5,0.5,0.5,0.5,0.5,0.499999,0.499999,0.499998,0.499997,0.499994,0.499991,0.499986,0.499978,0.499968,0.499954,0.499936,0.499912,0.499884,0.49985,0.499811,0.499769,0.499724,0.499679,0.499637,0.499598,0.499567,0.499545,0.499534,0.499534,0.499545,0.499567,0.499598,0.499637,0.499679,0.499724,0.499769,0.499811,0.49985,0.499884,0.499912,0.499936,0.499954,0.499968,0.499978,0.499986,0.499991,0.499994,0.499997,0.499998,0.499999,0.499999,0.5,0.5,0.5,0.5,0.5,0.5,0.5,0.5,0.5
0.5,0.5,0.5,0.5,0.5,0.5,0.5,0.5,0.5,0.5,0.499999,0.499999,0.499998,0.499997,0.499995,0.499993,0.499989,0.499984,0.499976,0.499967,0.499955,0.49994,0.499922,0.499901,0.499879,0.499855,0.499831,0.499808,0.499787,0.49977,0.499758,0.499752,0.499752,0.499758,0.49977,0.499787,0.499808,0.499831,0.499855,0.499879,0.499901,0.499922,0.49994,0.499955,0.499967,0.499976,0.499984,0.499989,0.499993,0.499995,0.499997,0.499998,0.499999,0.499999,0.5,0.5,0.5,0.5,0.5,0.5,0.5,0.5,0.5,0.5
0.5,0.5,0.5,0.5,0.5,0.5,0.5,0.5,0.5,0.5,0.5,0.499999,0.499999,0.499998,0.499997,0.499996,0.499993,0.49999,0.499986,0.49998,0.499972,0.499962,0.499951,0.499938,0.499924,0.499909,0.499893,0.499878,0.499865,0.499854,0.499846,0.499842,0.499842,0.499846,0.499854,0.499865,0.499878,0.499893,0.499909,0.499924,0.499938,0.499951,0.499962,0.499972,0.49998,0.499986,0.49999,0.499993,0.499996,0.499997,0.499998,0.499999,0.499999,0.5,0.5,0.5,0.5,0.5,0.5,0.5,0.5,0.5,0.5,0.5
0.5,0.5,0.5,0.5,0.5,0.5,0.5,0.5,0.5,0.5,0.5,0.499999,0.499999,0.499998,0.499997,0.499996,0.499993,0.49999,0.499986,0.49998,0.499972,0.499962,0.499951,0.499938,0.499924,0.499909,0.499893,0.499878,0.499865,0.499854,0.499846,0.499842,0.499842,0.499846,0.499854,0.499865,0.499878,0.499893,0.499909,0.499924,0.499938,0.499951,0.499962,0.499972,0.49998,0.499986,0.49999,0.499993,0.499996,0.499997,0.499998,0.499999,0.499999,0.5,0.5,0.5,0.5,0.5,0.5,0.5,0.5,0.5,0.5,0.5
