0.468972,0.470176,0.470078,0.469879,0.469578,0.469168,0.468644,0.467997,0.467213,0.466279,0.465173,0.463872,0.462347,0.460565,0.45849,0.456088,0.453328,0.45019,0.446674,0.442802,0.438626,0.434232,0.429733,0.425267,0.420979,0.417011,0.413484,0.410488,0.408078,0.406278,0.405088,0.404498,0.404498,0.405088,0.406278,0.408078,0.410488,0.413484,0.417011,0.420979,0.425267,0.429733,0.434232,0.438626,0.442802,0.446674,0.45019,0.453328,0.456088,0.45849,0.460565,0.462347,0.463872,0.465173,0.466279,0.467213,0.467997,0.468644,0.469168,0.469578,0.469879,0.470078,0.470176,0.470176
0.470176,0.470176,0.470078,0.469879,0.469578,0.469168,0.468644,0.467997,0.467213,0.466279,0.465173,0.463872,0.462347,0.460565,0.45849,0.456088,0.453328,0.45019,0.446674,0.442802,0.438626,0.434232,0.429733,0.425267,0.420979,0.417011,0.413484,0.410488,0.408078,0.406278,0.405088,0.404498,0.404498,0.405088,0.406278,0.408078,0.410488,0.413484,0.417011,0.420979,0.425267,0.429733,0.434232,0.438626,0.442802,0.446674,0.45019,0.453328,0.456088,0.45849,0.460565,0.462347,0.463872,0.465173,0.466279,0.467213,0.467997,0.468644,0.469168,0.469578,0.469879,0.470078,0.470176,0.470176
0.470078,0.470078,0.469978,0.469778,0.469474,0.469061,0.468532,0.467878,0.467086,0.466142,0.465025,0.463711,0.462172,0.460377,0.458291,0.455883,0.453123,0.449997,0.446503,0.442667,0.438541,0.434206,0.429774,0.425374,0.421148,0.417231,0.41374,0.410765,0.408363,0.406562,0.405367,0.404773,0.404773,0.405367,0.406562,0.408363,0.410765,0.41374,0.417231,0.421148,0.425374,0.429774,0.434206,0.438541,0.442667,0.446503,0.449997,0.453123,0.455883,0.458291,0.460377,0.462172,0.463711,0.465025,0.466142,0.467086,0.467878,0.468532,0.469061,0.469474,0.469778,0.469978,0.470078,0.470078
0.469879,0.469879,0.469778,0.469574,0.469265,0.468844,0.468305,0.467638,0.46683,0.465866,0.464726,0.463387,0.461822,0.460002,0.457896,0.455476,0.452721,0.449618,0.446171,0.442409,0.43838,0.434165,0.429863,0.425595,0.421488,0.417669,0.414247,0.411311,0.408924,0.407119,0.405914,0.405311,0.405311,0.405914,0.407119,0.408924,0.411311,0.414247,0.417669,0.421488,0.425595,0.429863,0.434165,0.43838,0.442409,0.446171,0.449618,0.452721,0.455476,0.457896,0.460002,0.461822,0.463387,0.464726,0.465866,0.46683,0.467638,0.468305,0.468844,0.469265,0.469574,0.469778,0.469879,0.469879
0.469578,0.469578,0.469474,0.469265,0.468946,0.468514,0.467959,0.467272,0.466439,0.465446,0.464273,0.462897,0.461294,0.45944,0.457308,0.454877,0.452132,0.449069,0.445698,0.442048,0.438167,0.434127,0.430016,0.425937,0.422002,0.418321,0.414995,0.412113,0.409741,0.407929,0.406706,0.406091,0.406091,0.406706,0.407929,0.409741,0.412113,0.414995,0.418321,0.422002,0.425937,0.430016,0.434127,0.438167,0.442048,0.445698,0.449069,0.452132,0.454877,0.457308,0.45944,0.461294,0.462897,0.464273,0.465446,0.466439,0.467272,0.467959,0.468514,0.468946,0.469265,0.469474,0.469578,0.469578
0.469168,0.469168,0.469061,0.468844,0.468514,0.468064,0.467488,0.466773,0.465908,0.464876,0.463659,0.462236,0.460588,0.458693,0.456534,0.454097,0.451376,0.448375,0.445112,0.441616,0.437932,0.434121,0.430254,0.426414,0.422692,0.41918,0.415969,0.413146,0.410788,0.408961,0.407713,0.407081,0.407081,0.407713,0.408961,0.410788,0.413146,0.415969,0.41918,0.422692,0.426414,0.430254,0.434121,0.437932,0.441616,0.445112,0.448375,0.451376,0.454097,0.456534,0.458693,0.460588,0.462236,0.463659,0.464876,0.465908,0.466773,0.467488,0.468064,0.468514,0.468844,0.469061,0.469168,0.469168
0.468644,0.468644,0.468532,0.468305,0.467959,0.467488,0.466883,0.466134,0.465227,0.464147,0.462877,0.461401,0.459702,0.457767,0.455585,0.453154,0.450478,0.447569,0.44445,0.441152,0.437712,0.434178,0.430601,0.427039,0.42356,0.420235,0.417147,0.414383,0.412031,0.410177,0.408895,0.40824,0.40824,0.408895,0.410177,0.412031,0.414383,0.417147,0.420235,0.42356,0.427039,0.430601,0.434178,0.437712,0.441152,0.44445,0.447569,0.450478,0.453154,0.455585,0.457767,0.459702,0.461401,0.462877,0.464147,0.465227,0.466134,0.466883,0.467488,0.467959,0.468305,0.468532,0.468644,0.468644
0.467997,0.467997,0.467878,0.467638,0.467272,0.466773,0.466134,0.465342,0.464386,0.46325,0.461922,0.460389,0.45864,0.45667,0.454479,0.452075,0.449472,0.44669,0.443757,0.440701,0.43755,0.434334,0.431081,0.427823,0.424602,0.421471,0.418502,0.415786,0.413428,0.411534,0.410207,0.409522,0.409522,0.410207,0.411534,0.413428,0.415786,0.418502,0.421471,0.424602,0.427823,0.431081,0.434334,0.43755,0.440701,0.443757,0.44669,0.449472,0.452075,0.454479,0.45667,0.45864,0.460389,0.461922,0.46325,0.464386,0.465342,0.466134,0.466773,0.467272,0.467638,0.467878,0.467997,0.467997
0.467213,0.467213,0.467086,0.46683,0.466439,0.465908,0.465227,0.464386,0.463373,0.462177,0.460788,0.459199,0.457408,0.455417,0.453239,0.450892,0.448398,0.445786,0.443083,0.440312,0.437489,0.434622,0.431715,0.428772,0.425809,0.422863,0.419999,0.417314,0.414931,0.412982,0.411598,0.410878,0.410878,0.411598,0.412982,0.414931,0.417314,0.419999,0.422863,0.425809,0.428772,0.431715,0.434622,0.437489,0.440312,0.443083,0.445786,0.448398,0.450892,0.453239,0.455417,0.457408,0.459199,0.460788,0.462177,0.463373,0.464386,0.465227,0.465908,0.466439,0.46683,0.467086,0.467213,0.467213
0.466279,0.466279,0.466142,0.465866,0.465446,0.464876,0.464147,0.46325,0.462177,0.460919,0.459472,0.457836,0.456017,0.454031,0.451897,0.449644,0.447305,0.444908,0.44248,0.440034,0.437569,0.435071,0.432515,0.429882,0.427162,0.42438,0.421596,0.418918,0.416488,0.414468,0.413015,0.412254,0.412254,0.413015,0.414468,0.416488,0.418918,0.421596,0.42438,0.427162,0.429882,0.432515,0.435071,0.437569,0.440034,0.44248,0.444908,0.447305,0.449644,0.451897,0.454031,0.456017,0.457836,0.459472,0.460919,0.462177,0.46325,0.464147,0.464876,0.465446,0.465866,0.466142,0.466279,0.466279
0.465173,0.465173,0.465025,0.464726,0.464273,0.463659,0.462877,0.461922,0.460788,0.459472,0.457976,0.45631,0.45449,0.452539,0.450491,0.44838,0.446243,0.44411,0.441999,0.43991,0.437822,0.435697,0.433485,0.431139,0.428633,0.425981,0.423244,0.420544,0.418043,0.415934,0.414403,0.413596,0.413596,0.414403,0.415934,0.418043,0.420544,0.423244,0.425981,0.428633,0.431139,0.433485,0.435697,0.437822,0.43991,0.441999,0.44411,0.446243,0.44838,0.450491,0.452539,0.45449,0.45631,0.457976,0.459472,0.460788,0.461922,0.462877,0.463659,0.464273,0.464726,0.465025,0.465173,0.465173
0.463872,0.463872,0.463711,0.463387,0.462897,0.462236,0.461401,0.460389,0.459199,0.457836,0.45631,0.45464,0.452853,0.450982,0.449067,0.447149,0.445266,0.443442,0.441683,0.439973,0.438269,0.436506,0.434611,0.432515,0.430181,0.427615,0.424886,0.422131,0.419537,0.417324,0.415705,0.414848,0.414848,0.415705,0.417324,0.419537,0.422131,0.424886,0.427615,0.430181,0.432515,0.434611,0.436506,0.438269,0.439973,0.441683,0.443442,0.445266,0.447149,0.449067,0.450982,0.452853,0.45464,0.45631,0.457836,0.459199,0.460389,0.461401,0.462236,0.462897,0.463387,0.463711,0.463872,0.463872
0.462347,0.462347,0.462172,0.461822,0.461294,0.460588,0.459702,0.45864,0.457408,0.456017,0.45449,0.452853,0.451142,0.449401,0.447675,0.446005,0.444424,0.442948,0.441567,0.440243,0.43891,0.437482,0.435861,0.433967,0.43175,0.429219,0.426456,0.423614,0.420905,0.418576,0.416863,0.415954,0.415954,0.416863,0.418576,0.420905,0.423614,0.426456,0.429219,0.43175,0.433967,0.435861,0.437482,0.43891,0.440243,0.441567,0.442948,0.444424,0.446005,0.447675,0.449401,0.451142,0.452853,0.45449,0.456017,0.457408,0.45864,0.459702,0.460588,0.461294,0.461822,0.462172,0.462347,0.462347
0.460565,0.460565,0.460377,0.460002,0.45944,0.458693,0.457767,0.45667,0.455417,0.454031,0.452539,0.450982,0.449401,0.447847,0.446365,0.444993,0.443757,0.442657,0.441663,0.440716,0.439728,0.438588,0.437187,0.43543,0.43327,0.430722,0.427881,0.424922,0.42208,0.419625,0.417816,0.416855,0.416855,0.417816,0.419625,0.42208,0.424922,0.427881,0.430722,0.43327,0.43543,0.437187,0.438588,0.439728,0.440716,0.441663,0.442657,0.443757,0.444993,0.446365,0.447847,0.449401,0.450982,0.452539,0.454031,0.455417,0.45667,0.457767,0.458693,0.45944,0.460002,0.460377,0.460565,0.460565
0.45849,0.45849,0.458291,0.457896,0.457308,0.456534,0.455585,0.454479,0.453239,0.451897,0.450491,0.449067,0.447675,0.446365,0.44518,0.444152,0.44329,0.442578,0.441964,0.441367,0.440676,0.439766,0.438515,0.436827,0.434658,0.432038,0.42908,0.425977,0.422989,0.420405,0.418499,0.417487,0.417487,0.418499,0.420405,0.422989,0.425977,0.42908,0.432038,0.434658,0.436827,0.438515,0.439766,0.440676,0.441367,0.441964,0.442578,0.44329,0.444152,0.44518,0.446365,0.447675,0.449067,0.450491,0.451897,0.453239,0.454479,0.455585,0.456534,0.457308,0.457896,0.458291,0.45849,0.45849
0.456088,0.456088,0.455883,0.455476,0.454877,0.454097,0.453154,0.452075,0.450892,0.449644,0.44838,0.447149,0.446005,0.444993,0.444152,0.443498,0.443025,0.442694,0.442434,0.442139,0.441683,0.44093,0.439752,0.438059,0.435818,0.433076,0.429964,0.426698,0.423556,0.420843,0.418844,0.417784,0.417784,0.418844,0.420843,0.423556,0.426698,0.429964,0.433076,0.435818,0.438059,0.439752,0.44093,0.441683,0.442139,0.442434,0.442694,0.443025,0.443498,0.444152,0.444993,0.446005,0.447149,0.44838,0.449644,0.450892,0.452075,0.453154,0.454097,0.454877,0.455476,0.455883,0.456088,0.456088
0.453328,0.453328,0.453123,0.452721,0.452132,0.451376,0.450478,0.449472,0.448398,0.447305,0.446243,0.445266,0.444424,0.443757,0.44329,0.443025,0.442934,0.442958,0.443003,0.442947,0.442651,0.441972,0.440788,0.439017,0.436644,0.433734,0.43044,0.426998,0.423701,0.420863,0.418779,0.417675,0.417675,0.418779,0.420863,0.423701,0.426998,0.43044,0.433734,0.436644,0.439017,0.440788,0.441972,0.442651,0.442947,0.443003,0.442958,0.442934,0.443025,0.44329,0.443757,0.444424,0.445266,0.446243,0.447305,0.448398,0.449472,0.450478,0.451376,0.452132,0.452721,0.453123,0.453328,0.453328
0.45019,0.45019,0.449997,0.449618,0.449069,0.448375,0.447569,0.44669,0.445786,0.444908,0.44411,0.443442,0.442948,0.442657,0.442578,0.442694,0.442958,0.443288,0.443574,0.443679,0.443458,0.44277,0.4415,0.439583,0.437024,0.43391,0.430416,0.426792,0.423343,0.420391,0.418231,0.417089,0.417089,0.418231,0.420391,0.423343,0.426792,0.430416,0.43391,0.437024,0.439583,0.4415,0.44277,0.443458,0.443679,0.443574,0.443288,0.442958,0.442694,0.442578,0.442657,0.442948,0.443442,0.44411,0.444908,0.445786,0.44669,0.447569,0.448375,0.449069,0.449618,0.449997,0.45019,0.45019
0.446674,0.446674,0.446503,0.446171,0.445698,0.445112,0.44445,0.443757,0.443083,0.44248,0.441999,0.441683,0.441567,0.441663,0.441964,0.442434,0.443003,0.443574,0.444021,0.444201,0.443967,0.443186,0.441758,0.439638,0.436851,0.433509,0.429803,0.426,0.42241,0.419356,0.417131,0.415958,0.415958,0.417131,0.419356,0.42241,0.426,0.429803,0.433509,0.436851,0.439638,0.441758,0.443186,0.443967,0.444201,0.444021,0.443574,0.443003,0.442434,0.441964,0.441663,0.441567,0.441683,0.441999,0.44248,0.443083,0.443757,0.44445,0.445112,0.445698,0.446171,0.446503,0.446674,0.446674
0.442802,0.442802,0.442667,0.442409,0.442048,0.441616,0.441152,0.440701,0.440312,0.440034,0.43991,0.439973,0.440243,0.440716,0.441367,0.442139,0.442947,0.443679,0.444201,0.444368,0.444038,0.44309,0.441442,0.439072,0.43603,0.432446,0.42853,0.424556,0.420839,0.4177,0.415423,0.414227,0.414227,0.415423,0.4177,0.420839,0.424556,0.42853,0.432446,0.43603,0.439072,0.441442,0.44309,0.444038,0.444368,0.444201,0.443679,0.442947,0.442139,0.441367,0.440716,0.440243,0.439973,0.43991,0.440034,0.440312,0.440701,0.441152,0.441616,0.442048,0.442409,0.442667,0.442802,0.442802
0.438626,0.438626,0.438541,0.43838,0.438167,0.437932,0.437712,0.43755,0.437489,0.437569,0.437822,0.438269,0.43891,0.439728,0.440676,0.441683,0.442651,0.443458,0.443967,0.444038,0.443538,0.442362,0.440449,0.437801,0.434489,0.430663,0.426547,0.42242,0.418596,0.415388,0.413074,0.411862,0.411862,0.413074,0.415388,0.418596,0.42242,0.426547,0.430663,0.434489,0.437801,0.440449,0.442362,0.443538,0.444038,0.443967,0.443458,0.442651,0.441683,0.440676,0.439728,0.43891,0.438269,0.437822,0.437569,0.437489,0.43755,0.437712,0.437932,0.438167,0.43838,0.438541,0.438626,0.438626
0.434232,0.434232,0.434206,0.434165,0.434127,0.434121,0.434178,0.434334,0.434622,0.435071,0.435697,0.436506,0.437482,0.438588,0.439766,0.44093,0.441972,0.44277,0.443186,0.44309,0.442362,0.440916,0.438712,0.435774,0.432195,0.42814,0.423843,0.419585,0.415677,0.412421,0.410084,0.408863,0.408863,0.410084,0.412421,0.415677,0.419585,0.423843,0.42814,0.432195,0.435774,0.438712,0.440916,0.442362,0.44309,0.443186,0.44277,0.441972,0.44093,0.439766,0.438588,0.437482,0.436506,0.435697,0.435071,0.434622,0.434334,0.434178,0.434121,0.434127,0.434165,0.434206,0.434232,0.434232
0.429733,0.429733,0.429774,0.429863,0.430016,0.430254,0.430601,0.431081,0.431715,0.432515,0.433485,0.434611,0.435861,0.437187,0.438515,0.439752,0.440788,0.4415,0.441758,0.441442,0.440449,0.438712,0.436213,0.432993,0.429164,0.424905,0.420454,0.416094,0.412127,0.408844,0.406498,0.405276,0.405276,0.406498,0.408844,0.412127,0.416094,0.420454,0.424905,0.429164,0.432993,0.436213,0.438712,0.440449,0.441442,0.441758,0.4415,0.440788,0.439752,0.438515,0.437187,0.435861,0.434611,0.433485,0.432515,0.431715,0.431081,0.430601,0.430254,0.430016,0.429863,0.429774,0.429733,0.429733
0.425267,0.425267,0.425374,0.425595,0.425937,0.426414,0.427039,0.427823,0.428772,0.429882,0.431139,0.432515,0.433967,0.43543,0.436827,0.438059,0.439017,0.439583,0.439638,0.439072,0.437801,0.435774,0.432993,0.429516,0.425469,0.42104,0.41647,0.412039,0.40804,0.40475,0.40241,0.401194,0.401194,0.40241,0.40475,0.40804,0.412039,0.41647,0.42104,0.425469,0.429516,0.432993,0.435774,0.437801,0.439072,0.439638,0.439583,0.439017,0.438059,0.436827,0.43543,0.433967,0.432515,0.431139,0.429882,0.428772,0.427823,0.427039,0.426414,0.425937,0.425595,0.425374,0.425267,0.425267
0.420979,0.420979,0.421148,0.421488,0.422002,0.422692,0.42356,0.424602,0.425809,0.427162,0.428633,0.430181,0.43175,0.43327,0.434658,0.435818,0.436644,0.437024,0.436851,0.43603,0.434489,0.432195,0.429164,0.425469,0.421246,0.416688,0.412038,0.407569,0.403563,0.400287,0.397965,0.396762,0.396762,0.397965,0.400287,0.403563,0.407569,0.412038,0.416688,0.421246,0.425469,0.429164,0.432195,0.434489,0.43603,0.436851,0.437024,0.436644,0.435818,0.434658,0.43327,0.43175,0.430181,0.428633,0.427162,0.425809,0.424602,0.42356,0.422692,0.422002,0.421488,0.421148,0.420979,0.420979
0.417011,0.417011,0.417231,0.417669,0.418321,0.41918,0.420235,0.421471,0.422863,0.42438,0.425981,0.427615,0.429219,0.430722,0.432038,0.433076,0.433734,0.43391,0.433509,0.432446,0.430663,0.42814,0.424905,0.42104,0.416688,0.412046,0.407354,0.402878,0.398892,0.395646,0.393354,0.392168,0.392168,0.393354,0.395646,0.398892,0.402878,0.407354,0.412046,0.416688,0.42104,0.424905,0.42814,0.430663,0.432446,0.433509,0.43391,0.433734,0.433076,0.432038,0.430722,0.429219,0.427615,0.425981,0.42438,0.422863,0.421471,0.420235,0.41918,0.418321,0.417669,0.417231,0.417011,0.417011
0.413484,0.413484,0.41374,0.414247,0.414995,0.415969,0.417147,0.418502,0.419999,0.421596,0.423244,0.424886,0.426456,0.427881,0.42908,0.429964,0.43044,0.430416,0.429803,0.42853,0.426547,0.423843,0.420454,0.41647,0.412038,0.407354,0.402655,0.398201,0.394254,0.391053,0.388799,0.387635,0.387635,0.388799,0.391053,0.394254,0.398201,0.402655,0.407354,0.412038,0.41647,0.420454,0.423843,0.426547,0.42853,0.429803,0.430416,0.43044,0.429964,0.42908,0.427881,0.426456,0.424886,0.423244,0.421596,0.419999,0.418502,0.417147,0.415969,0.414995,0.414247,0.41374,0.413484,0.413484
0.410488,0.410488,0.410765,0.411311,0.412113,0.413146,0.414383,0.415786,0.417314,0.418918,0.420544,0.422131,0.423614,0.424922,0.425977,0.426698,0.426998,0.426792,0.426,0.424556,0.42242,0.419585,0.416094,0.412039,0.407569,0.402878,0.398201,0.39379,0.389895,0.386747,0.384536,0.383395,0.383395,0.384536,0.386747,0.389895,0.39379,0.398201,0.402878,0.407569,0.412039,0.416094,0.419585,0.42242,0.424556,0.426,0.426792,0.426998,0.426698,0.425977,0.424922,0.423614,0.422131,0.420544,0.418918,0.417314,0.415786,0.414383,0.413146,0.412113,0.411311,0.410765,0.410488,0.410488
0.408078,0.408078,0.408363,0.408924,0.409741,0.410788,0.412031,0.413428,0.414931,0.416488,0.418043,0.419537,0.420905,0.42208,0.422989,0.423556,0.423701,0.423343,0.42241,0.420839,0.418596,0.415677,0.412127,0.40804,0.403563,0.398892,0.394254,0.389895,0.386059,0.382966,0.380797,0.37968,0.37968,0.380797,0.382966,0.386059,0.389895,0.394254,0.398892,0.403563,0.40804,0.412127,0.415677,0.418596,0.420839,0.42241,0.423343,0.423701,0.423556,0.422989,0.42208,0.420905,0.419537,0.418043,0.416488,0.414931,0.413428,0.412031,0.410788,0.409741,0.408924,0.408363,0.408078,0.408078
0.406278,0.406278,0.406562,0.407119,0.407929,0.408961,0.410177,0.411534,0.412982,0.414468,0.415934,0.417324,0.418576,0.419625,0.420405,0.420843,0.420863,0.420391,0.419356,0.4177,0.415388,0.412421,0.408844,0.40475,0.400287,0.395646,0.391053,0.386747,0.382966,0.379923,0.377791,0.376694,0.376694,0.377791,0.379923,0.382966,0.386747,0.391053,0.395646,0.400287,0.40475,0.408844,0.412421,0.415388,0.4177,0.419356,0.420391,0.420863,0.420843,0.420405,0.419625,0.418576,0.417324,0.415934,0.414468,0.412982,0.411534,0.410177,0.408961,0.407929,0.407119,0.406562,0.406278,0.406278
0.405088,0.405088,0.405367,0.405914,0.406706,0.407713,0.408895,0.410207,0.411598,0.413015,0.414403,0.415705,0.416863,0.417816,0.418499,0.418844,0.418779,0.418231,0.417131,0.415423,0.413074,0.410084,0.406498,0.40241,0.397965,0.393354,0.388799,0.384536,0.380797,0.377791,0.375688,0.374606,0.374606,0.375688,0.377791,0.380797,0.384536,0.388799,0.393354,0.397965,0.40241,0.406498,0.410084,0.413074,0.415423,0.417131,0.418231,0.418779,0.418844,0.418499,0.417816,0.416863,0.415705,0.414403,0.413015,0.411598,0.410207,0.408895,0.407713,0.406706,0.405914,0.405367,0.405088,0.405088
0.404498,0.404498,0.404773,0.405311,0.406091,0.407081,0.40824,0.409522,0.410878,0.412254,0.413596,0.414848,0.415954,0.416855,0.417487,0.417784,0.417675,0.417089,0.415958,0.414227,0.411862,0.408863,0.405276,0.401194,0.396762,0.392168,0.387635,0.383395,0.37968,0.376694,0.374606,0.373531,0.373531,0.374606,0.376694,0.37968,0.383395,0.387635,0.392168,0.396762,0.401194,0.405276,0.408863,0.411862,0.414227,0.415958,0.417089,0.417675,0.417784,0.417487,0.416855,0.415954,0.414848,0.413596,0.412254,0.410878,0.409522,0.40824,0.407081,0.406091,0.405311,0.404773,0.404498,0.404498
0.404498,0.404498,0.404773,0.405311,0.406091,0.407081,0.40824,0.409522,0.410878,0.412254,0.413596,0.414848,0.415954,0.416855,0.417487,0.417784,0.417675,0.417089,0.415958,0.414227,0.411862,0.408863,0.405276,0.401194,0.396762,0.392168,0.387635,0.383395,0.37968,0.376694,0.374606,0.373531,0.373531,0.374606,0.376694,0.37968,0.383395,0.387635,0.392168,0.396762,0.401194,0.405276,0.408863,0.411862,0.414227,0.415958,0.417089,0.417675,0.417784,0.417487,0.416855,0.415954,0.414848,0.413596,0.412254,0.410878,0.409522,0.40824,0.407081,0.406091,0.405311,0.404773,0.404498,0.404498
0.405088,0.405088,0.405367,0.405914,0.406706,0.407713,0.408895,0.410207,0.411598,0.413015,0.414403,0.415705,0.416863,0.417816,0.418499,0.418844,0.418779,0.418231,0.417131,0.415423,0.413074,0.410084,0.406498,0.40241,0.397965,0.393354,0.388799,0.384536,0.380797,0.377791,0.375688,0.374606,0.374606,0.375688,0.377791,0.380797,0.384536,0.388799,0.393354,0.397965,0.40241,0.406498,0.410084,0.413074,0.415423,0.417131,0.418231,0.418779,0.418844,0.418499,0.417816,0.416863,0.415705,0.414403,0.413015,0.411598,0.410207,0.408895,0.407713,0.406706,0.405914,0.405367,0.405088,0.405088
0.406278,0.406278,0.406562,0.407119,0.407929,0.408961,0.410177,0.411534,0.412982,0.414468,0.415934,0.417324,0.418576,0.419625,0.420405,0.420843,0.420863,0.420391,0.419356,0.4177,0.415388,0.412421,0.408844,0.40475,0.400287,0.395646,0.391053,0.386747,0.382966,0.379923,0.377791,0.376694,0.376694,0.377791,0.379923,0.382966,0.386747,0.391053,0.395646,0.400287,0.40475,0.408844,0.412421,0.415388,0.4177,0.419356,0.420391,0.420863,0.420843,0.420405,0.419625,0.418576,0.417324,0.415934,0.414468,0.412982,0.411534,0.410177,0.408961,0.407929,0.407119,0.406562,0.406278,0.406278
0.408078,0.408078,0.408363,0.408924,0.409741,0.410788,0.412031,0.413428,0.414931,0.416488,0.418043,0.419537,0.420905,0.42208,0.422989,0.423556,0.423701,0.423343,0.42241,0.420839,0.418596,0.415677,0.412127,0.40804,0.403563,0.398892,0.394254,0.389895,0.386059,0.382966,0.380797,0.37968,0.37968,0.380797,0.382966,0.386059,0.389895,0.394254,0.398892,0.403563,0.40804,0.412127,0.415677,0.418596,0.420839,0.42241,0.423343,0.423701,0.423556,0.422989,0.42208,0.420905,0.419537,0.418043,0.416488,0.414931,0.413428,0.412031,0.410788,0.409741,0.408924,0.408363,0.408078,0.408078
0.410488,0.410488,0.410765,0.411311,0.412113,0.413146,0.414383,0.415786,0.417314,0.418918,0.420544,0.422131,0.423614,0.424922,0.425977,0.426698,0.426998,0.426792,0.426,0.424556,0.42242,0.419585,0.416094,0.412039,0.407569,0.402878,0.398201,0.39379,0.389895,0.386747,0.384536,0.383395,0.383395,0.384536,0.386747,0.389895,0.39379,0.398201,0.402878,0.407569,0.412039,0.416094,0.419585,0.42242,0.424556,0.426,0.426792,0.426998,0.426698,0.425977,0.424922,0.423614,0.422131,0.420544,0.418918,0.417314,0.415786,0.414383,0.413146,0.412113,0.411311,0.410765,0.410488,0.410488
0.413484,0.413484,0.41374,0.414247,0.414995,0.415969,0.417147,0.418502,0.419999,0.421596,0.423244,0.424886,0.426456,0.427881,0.42908,0.429964,0.43044,0.430416,0.429803,0.42853,0.426547,0.423843,0.420454,0.41647,0.412038,0.407354,0.402655,0.398201,0.394254,0.391053,0.388799,0.387635,0.387635,0.388799,0.391053,0.394254,0.398201,0.402655,0.407354,0.412038,0.41647,0.420454,0.423843,0.426547,0.42853,0.429803,0.430416,0.43044,0.429964,0.42908,0.427881,0.426456,0.424886,0.423244,0.421596,0.419999,0.418502,0.417147,0.415969,0.414995,0.414247,0.41374,0.413484,0.413484
0.417011,0.417011,0.417231,0.417669,0.418321,0.41918,0.420235,0.421471,0.422863,0.42438,0.425981,0.427615,0.429219,0.430722,0.432038,0.433076,0.433734,0.43391,0.433509,0.432446,0.430663,0.42814,0.424905,0.42104,0.416688,0.412046,0.407354,0.402878,0.398892,0.395646,0.393354,0.392168,0.392168,0.393354,0.395646,0.398892,0.402878,0.407354,0.412046,0.416688,0.42104,0.424905,0.42814,0.430663,0.432446,0.433509,0.43391,0.433734,0.433076,0.432038,0.430722,0.429219,0.427615,0.425981,0.42438,0.422863,0.421471,0.420235,0.41918,0.418321,0.417669,0.417231,0.417011,0.417011
0.420979,0.420979,0.421148,0.421488,0.422002,0.422692,0.42356,0.424602,0.425809,0.427162,0.428633,0.430181,0.43175,0.43327,0.434658,0.435818,0.436644,0.437024,0.436851,0.43603,0.434489,0.432195,0.429164,0.425469,0.421246,0.416688,0.412038,0.407569,0.403563,0.400287,0.397965,0.396762,0.396762,0.397965,0.400287,0.403563,0.407569,0.412038,0.416688,0.421246,0.425469,0.429164,0.432195,0.434489,0.43603,0.436851,0.437024,0.436644,0.435818,0.434658,0.43327,0.43175,0.430181,0.428633,0.427162,0.425809,0.424602,0.42356,0.422692,0.422002,0.421488,0.421148,0.420979,0.420979
0.425267,0.425267,0.425374,0.425595,0.425937,0.426414,0.427039,0.427823,0.428772,0.429882,0.431139,0.432515,0.433967,0.43543,0.436827,0.438059,0.439017,0.439583,0.439638,0.439072,0.437801,0.435774,0.432993,0.429516,0.425469,0.42104,0.41647,0.412039,0.40804,0.40475,0.40241,0.401194,0.401194,0.40241,0.40475,0.40804,0.412039,0.41647,0.42104,0.425469,0.429516,0.432993,0.435774,0.437801,0.439072,0.439638,0.439583,0.439017,0.438059,0.436827,0.43543,0.433967,0.432515,0.431139,0.429882,0.428772,0.427823,0.427039,0.426414,0.425937,0.425595,0.425374,0.425267,0.425267
0.429733,0.429733,0.429774,0.429863,0.430016,0.430254,0.430601,0.431081,0.431715,0.432515,0.433485,0.434611,0.435861,0.437187,0.438515,0.439752,0.440788,0.4415,0.441758,0.441442,0.440449,0.438712,0.436213,0.432993,0.429164,0.424905,0.420454,0.416094,0.412127,0.408844,0.406498,0.405276,0.405276,0.406498,0.408844,0.412127,0.416094,0.420454,0.424905,0.429164,0.432993,0.436213,0.438712,0.440449,0.441442,0.441758,0.4415,0.440788,0.439752,0.438515,0.437187,0.435861,0.434611,0.433485,0.432515,0.431715,0.431081,0.430601,0.430254,0.430016,0.429863,0.429774,0.429733,0.429733
0.434232,0.434232,0.434206,0.434165,0.434127,0.434121,0.434178,0.434334,0.434622,0.435071,0.435697,0.436506,0.437482,0.438588,0.439766,0.44093,0.441972,0.44277,0.443186,0.44309,0.442362,0.440916,0.438712,0.435774,0.432195,0.42814,0.423843,0.419585,0.415677,0.412421,0.410084,0.408863,0.408863,0.410084,0.412421,0.415677,0.419585,0.423843,0.42814,0.432195,0.435774,0.438712,0.440916,0.442362,0.44309,0.443186,0.44277,0.441972,0.44093,0.439766,0.438588,0.437482,0.436506,0.435697,0.435071,0.434622,0.434334,0.434178,0.434121,0.434127,0.434165,0.434206,0.434232,0.434232
0.438626,0.438626,0.438541,0.43838,0.438167,0.437932,0.437712,0.43755,0.437489,0.437569,0.437822,0.438269,0.43891,0.439728,0.440676,0.441683,0.442651,0.443458,0.443967,0.444038,0.443538,0.442362,0.440449,0.437801,0.434489,0.430663,0.426547,0.42242,0.418596,0.415388,0.413074,0.411862,0.411862,0.413074,0.415388,0.418596,0.42242,0.426547,0.430663,0.434489,0.437801,0.440449,0.442362,0.443538,0.444038,0.443967,0.443458,0.442651,0.441683,0.440676,0.439728,0.43891,0.438269,0.437822,0.437569,0.437489,0.43755,0.437712,0.437932,0.438167,0.43838,0.438541,0.438626,0.438626
0.442802,0.442802,0.442667,0.442409,0.442048,0.441616,0.441152,0.440701,0.440312,0.440034,0.43991,0.439973,0.440243,0.440716,0.441367,0.442139,0.442947,0.443679,0.444201,0.444368,0.444038,0.44309,0.441442,0.439072,0.43603,0.432446,0.42853,0.424556,0.420839,0.4177,0.415423,0.414227,0.414227,0.415423,0.4177,0.420839,0.424556,0.42853,0.432446,0.43603,0.439072,0.441442,0.44309,0.444038,0.444368,0.444201,0.443679,0.442947,0.442139,0.441367,0.440716,0.440243,0.439973,0.43991,0.440034,0.440312,0.440701,0.441152,0.441616,0.442048,0.442409,0.442667,0.442802,0.442802
0.446674,0.446674,0.446503,0.446171,0.445698,0.445112,0.44445,0.443757,0.443083,0.44248,0.441999,0.441683,0.441567,0.441663,0.441964,0.442434,0.443003,0.443574,0.444021,0.444201,0.443967,0.443186,0.441758,0.439638,0.436851,0.433509,0.429803,0.426,0.42241,0.419356,0.417131,0.415958,0.415958,0.417131,0.419356,0.42241,0.426,0.429803,0.433509,0.436851,0.439638,0.441758,0.443186,0.443967,0.444201,0.444021,0.443574,0.443003,0.442434,0.441964,0.441663,0.441567,0.441683,0.441999,0.44248,0.443083,0.443757,0.44445,0.445112,0.445698,0.446171,0.446503,0.446674,0.446674
0.45019,0.45019,0.449997,0.449618,0.449069,0.448375,0.447569,0.44669,0.445786,0.444908,0.44411,0.443442,0.442948,0.442657,0.442578,0.442694,0.442958,0.443288,0.443574,0.443679,0.443458,0.44277,0.4415,0.439583,0.437024,0.43391,0.430416,0.426792,0.423343,0.420391,0.418231,0.417089,0.417089,0.418231,0.420391,0.423343,0.426792,0.430416,0.43391,0.437024,0.439583,0.4415,0.44277,0.443458,0.443679,0.443574,0.443288,0.442958,0.442694,0.442578,0.442657,0.442948,0.443442,0.44411,0.444908,0.445786,0.44669,0.447569,0.448375,0.449069,0.449618,0.449997,0.45019,0.45019
0.453328,0.453328,0.453123,0.452721,0.452132,0.451376,0.450478,0.449472,0.448398,0.447305,0.446243,0.445266,0.444424,0.443757,0.44329,0.443025,0.442934,0.442958,0.443003,0.442947,0.442651,0.441972,0.440788,0.439017,0.436644,0.433734,0.43044,0.426998,0.423701,0.420863,0.418779,0.417675,0.417675,0.418779,0.420863,0.423701,0.426998,0.43044,0.433734,0.436644,0.439017,0.440788,0.441972,0.442651,0.442947,0.443003,0.442958,0.442934,0.443025,0.44329,0.443757,0.444424,0.445266,0.446243,0.447305,0.448398,0.449472,0.450478,0.451376,0.452132,0.452721,0.453123,0.453328,0.453328
0.456088,0.456088,0.455883,0.455476,0.454877,0.454097,0.453154,0.452075,0.450892,0.449644,0.44838,0.447149,0.446005,0.444993,0.444152,0.443498,0.443025,0.442694,0.442434,0.442139,0.441683,0.44093,0.439752,0.438059,0.435818,0.433076,0.429964,0.426698,0.423556,0.420843,0.418844,0.417784,0.417784,0.418844,0.420843,0.423556,0.426698,0.429964,0.433076,0.435818,0.438059,0.439752,0.44093,0.441683,0.442139,0.442434,0.442694,0.443025,0.443498,0.444152,0.444993,0.446005,0.447149,0.44838,0.449644,0.450892,0.452075,0.453154,0.454097,0.454877,0.455476,0.455883,0.456088,0.456088
0.45849,0.45849,0.458291,0.457896,0.457308,0.456534,0.455585,0.454479,0.453239,0.451897,0.450491,0.449067,0.447675,0.446365,0.44518,0.444152,0.44329,0.442578,0.441964,0.441367,0.440676,0.439766,0.438515,0.436827,0.434658,0.432038,0.42908,0.425977,0.422989,0.420405,0.418499,0.417487,0.417487,0.418499,0.420405,0.422989,0.425977,0.42908,0.432038,0.434658,0.436827,0.438515,0.439766,0.440676,0.441367,0.441964,0.442578,0.44329,0.444152,0.44518,0.446365,0.447675,0.449067,0.450491,0.451897,0.453239,0.454479,0.455585,0.456534,0.457308,0.457896,0.458291,0.45849,0.45849
0.460565,0.460565,0.460377,0.460002,0.45944,0.458693,0.457767,0.45667,0.455417,0.454031,0.452539,0.450982,0.449401,0.447847,0.446365,0.444993,0.443757,0.442657,0.441663,0.440716,0.439728,0.438588,0.437187,0.43543,0.43327,0.430722,0.427881,0.424922,0.42208,0.419625,0.417816,0.416855,0.416855,0.417816,0.419625,0.42208,0.424922,0.427881,0.430722,0.43327,0.43543,0.437187,0.438588,0.439728,0.440716,0.441663,0.442657,0.443757,0.444993,0.446365,0.447847,0.449401,0.450982,0.452539,0.454031,0.455417,0.45667,0.457767,0.458693,0.45944,0.460002,0.460377,0.460565,0.460565
0.462347,0.462347,0.462172,0.461822,0.461294,0.460588,0.459702,0.45864,0.457408,0.456017,0.45449,0.452853,0.451142,0.449401,0.447675,0.446005,0.444424,0.442948,0.441567,0.440243,0.43891,0.437482,0.435861,0.433967,0.43175,0.429219,0.426456,0.423614,0.420905,0.418576,0.416863,0.415954,0.415954,0.416863,0.418576,0.420905,0.423614,0.426456,0.429219,0.43175,0.433967,0.435861,0.437482,0.43891,0.440243,0.441567,0.442948,0.444424,0.446005,0.447675,0.449401,0.451142,0.452853,0.45449,0.456017,0.457408,0.45864,0.459702,0.460588,0.461294,0.461822,0.462172,0.462347,0.462347
0.463872,0.463872,0.463711,0.463387,0.462897,0.462236,0.461401,0.460389,0.459199,0.457836,0.45631,0.45464,0.452853,0.450982,0.449067,0.447149,0.445266,0.443442,0.441683,0.439973,0.438269,0.436506,0.434611,0.432515,0.430181,0.427615,0.424886,0.422131,0.419537,0.417324,0.415705,0.414848,0.414848,0.415705,0.417324,0.419537,0.422131,0.424886,0.427615,0.430181,0.432515,0.434611,0.436506,0.438269,0.439973,0.441683,0.443442,0.445266,0.447149,0.449067,0.450982,0.452853,0.45464,0.45631,0.457836,0.459199,0.460389,0.461401,0.462236,0.462897,0.463387,0.463711,0.463872,0.463872
0.465173,0.465173,0.465025,0.464726,0.464273,0.463659,0.462877,0.461922,0.460788,0.459472,0.457976,0.45631,0.45449,0.452539,0.450491,0.44838,0.446243,0.44411,0.441999,0.43991,0.437822,0.435697,0.433485,0.431139,0.428633,0.425981,0.423244,0.420544,0.418043,0.415934,0.414403,0.413596,0.413596,0.414403,0.415934,0.418043,0.420544,0.423244,0.425981,0.428633,0.431139,0.433485,0.435697,0.437822,0.43991,0.441999,0.44411,0.446243,0.44838,0.450491,0.452539,0.45449,0.45631,0.457976,0.459472,0.460788,0.461922,0.462877,0.463659,0.464273,0.464726,0.465025,0.465173,0.465173
0.466279,0.466279,0.466142,0.465866,0.465446,0.464876,0.464147,0.46325,0.462177,0.460919,0.459472,0.457836,0.456017,0.454031,0.451897,0.449644,0.447305,0.444908,0.44248,0.440034,0.437569,0.435071,0.432515,0.429882,0.427162,0.42438,0.421596,0.418918,0.416488,0.414468,0.413015,0.412254,0.412254,0.413015,0.414468,0.416488,0.418918,0.421596,0.42438,0.427162,0.429882,0.432515,0.435071,0.437569,0.440034,0.44248,0.444908,0.447305,0.449644,0.451897,0.454031,0.456017,0.457836,0.459472,0.460919,0.462177,0.46325,0.464147,0.464876,0.465446,0.465866,0.466142,0.466279,0.466279
0.467213,0.467213,0.467086,0.46683,0.466439,0.465908,0.465227,0.464386,0.463373,0.462177,0.460788,0.459199,0.457408,0.455417,0.453239,0.450892,0.448398,0.445786,0.443083,0.440312,0.437489,0.434622,0.431715,0.428772,0.425809,0.422863,0.419999,0.417314,0.414931,0.412982,0.411598,0.410878,0.410878,0.411598,0.412982,0.414931,0.417314,0.419999,0.422863,0.425809,0.428772,0.431715,0.434622,0.437489,0.440312,0.443083,0.445786,0.448398,0.450892,0.453239,0.455417,0.457408,0.459199,0.460788,0.462177,0.463373,0.464386,0.465227,0.465908,0.466439,0.46683,0.467086,0.467213,0.467213
0.467997,0.467997,0.467878,0.467638,0.467272,0.466773,0.466134,0.465342,0.464386,0.46325,0.461922,0.460389,0.45864,0.45667,0.454479,0.452075,0.449472,0.44669,0.443757,0.440701,0.43755,0.434334,0.431081,0.427823,0.424602,0.421471,0.418502,0.415786,0.413428,0.411534,0.410207,0.409522,0.409522,0.410207,0.411534,0.413428,0.415786,0.418502,0.421471,0.424602,0.427823,0.431081,0.434334,0.43755,0.440701,0.443757,0.44669,0.449472,0.452075,0.454479,0.45667,0.45864,0.460389,0.461922,0.46325,0.464386,0.465342,0.466134,0.466773,0.467272,0.467638,0.467878,0.467997,0.467997
0.468644,0.468644,0.468532,0.468305,0.467959,0.467488,0.466883,0.466134,0.465227,0.464147,0.462877,0.461401,0.459702,0.457767,0.455585,0.453154,0.450478,0.447569,0.44445,0.441152,0.437712,0.434178,0.430601,0.427039,0.42356,0.420235,0.417147,0.414383,0.412031,0.410177,0.408895,0.40824,0.40824,0.408895,0.410177,0.412031,0.414383,0.417147,0.420235,0.42356,0.427039,0.430601,0.434178,0.437712,0.441152,0.44445,0.447569,0.450478,0.453154,0.455585,0.457767,0.459702,0.461401,0.462877,0.464147,0.465227,0.466134,0.466883,0.467488,0.467959,0.468305,0.468532,0.468644,0.468644
0.469168,0.469168,0.469061,0.468844,0.468514,0.468064,0.467488,0.466773,0.465908,0.464876,0.463659,0.462236,0.460588,0.458693,0.456534,0.454097,0.451376,0.448375,0.445112,0.441616,0.437932,0.434121,0.430254,0.426414,0.422692,0.41918,0.415969,0.413146,0.410788,0.408961,0.407713,0.407081,0.407081,0.407713,0.408961,0.410788,0.413146,0.415969,0.41918,0.422692,0.426414,0.430254,0.434121,0.437932,0.441616,0.445112,0.448375,0.451376,0.454097,0.456534,0.458693,0.460588,0.462236,0.463659,0.464876,0.465908,0.466773,0.467488,0.468064,0.468514,0.468844,0.469061,0.469168,0.469168
0.469578,0.469578,0.469474,0.469265,0.468946,0.468514,0.467959,0.467272,0.466439,0.465446,0.464273,0.462897,0.461294,0.45944,0.457308,0.454877,0.452132,0.449069,0.445698,0.442048,0.438167,0.434127,0.430016,0.425937,0.422002,0.418321,0.414995,0.412113,0.409741,0.407929,0.406706,0.406091,0.406091,0.406706,0.407929,0.409741,0.412113,0.414995,0.418321,0.422002,0.425937,0.430016,0.434127,0.438167,0.442048,0.445698,0.449069,0.452132,0.454877,0.457308,0.45944,0.461294,0.462897,0.464273,0.465446,0.466439,0.467272,0.467959,0.468514,0.468946,0.469265,0.469474,0.469578,0.469578
0.469879,0.469879,0.469778,0.469574,0.469265,0.468844,0.468305,0.467638,0.46683,0.465866,0.464726,0.463387,0.461822,0.460002,0.457896,0.455476,0.452721,0.449618,0.446171,0.442409,0.43838,0.434165,0.429863,0.425595,0.421488,0.417669,0.414247,0.411311,0.408924,0.407119,0.405914,0.405311,0.405311,0.405914,0.407119,0.408924,0.411311,0.414247,0.417669,0.421488,0.425595,0.429863,0.434165,0.43838,0.442409,0.446171,0.449618,0.452721,0.455476,0.457896,0.460002,0.461822,0.463387,0.464726,0.465866,0.46683,0.467638,0.468305,0.468844,0.469265,0.469574,0.469778,0.469879,0.469879
0.470078,0.470078,0.469978,0.469778,0.469474,0.469061,0.468532,0.467878,0.467086,0.466142,0.465025,0.463711,0.462172,0.460377,0.458291,0.455883,0.453123,0.449997,0.446503,0.442667,0.438541,0.434206,0.429774,0.425374,0.421148,0.417231,0.41374,0.410765,0.408363,0.406562,0.405367,0.404773,0.404773,0.405367,0.406562,0.408363,0.410765,0.41374,0.417231,0.421148,0.425374,0.429774,0.434206,0.438541,0.442667,0.446503,0.449997,0.453123,0.455883,0.458291,0.460377,0.462172,0.463711,0.465025,0.466142,0.467086,0.467878,0.468532,0.469061,0.469474,0.469778,0.469978,0.470078,0.470078
0.470176,0.470176,0.470078,0.469879,0.469578,0.469168,0.468644,0.467997,0.467213,0.466279,0.465173,0.463872,0.462347,0.460565,0.45849,0.456088,0.453328,0.45019,0.446674,0.442802,0.438626,0.434232,0.429733,0.425267,0.420979,0.417011,0.413484,0.410488,0.408078,0.406278,0.405088,0.404498,0.404498,0.405088,0.406278,0.408078,0.410488,0.413484,0.417011,0.420979,0.425267,0.429733,0.434232,0.438626,0.442802,0.446674,0.45019,0.453328,0.456088,0.45849,0.460565,0.462347,0.463872,0.465173,0.466279,0.467213,0.467997,0.468644,0.469168,0.469578,0.469879,0.470078,0.470176,0.470176
0.470176,0.470176,0.470078,0.469879,0.469578,0.469168,0.468644,0.467997,0.467213,0.466279,0.465173,0.463872,0.462347,0.460565,0.45849,0.456088,0.453328,0.45019,0.446674,0.442802,0.438626,0.434232,0.429733,0.425267,0.420979,0.417011,0.413484,0.410488,0.408078,0.406278,0.405088,0.404498,0.404498,0.405088,0.406278,0.408078,0.410488,0.413484,0.417011,0.420979,0.425267,0.429733,0.434232,0.438626,0.442802,0.446674,0.45019,0.453328,0.456088,0.45849,0.460565,0.462347,0.463872,0.465173,0.466279,0.467213,0.467997,0.468644,0.469168,0.469578,0.469879,0.470078,0.470176,0.470176
