0.5,0.5,0.5,0.5,0.5,0.5,0.5,0.499999,0.499999,0.499998,0.499997,0.499995,0.499992,0.499987,0.499979,0.499968,0.499953,0.499933,0.499906,0.499871,0.499829,0.499778,0.499718,0.499652,0.499581,0.499507,0.499433,0.499363,0.499302,0.499252,0.499217,0.499199,0.499199,0.499217,0.499252,0.499302,0.499363,0.499433,0.499507,0.499581,0.499652,0.499718,0.499778,0.499829,0.499871,0.499906,0.499933,0.499953,0.499968,0.499979,0.499987,0.499992,0.499995,0.499997,0.499998,0.499999,0.499999,0.5,0.5,0.5,0.5,0.5,0.5,0.5
0.5,0.5,0.5,0.5,0.5,0.5,0.5,0.499999,0.499999,0.499998,0.499997,0.499995,0.499992,0.499987,0.499979,0.499968,0.499953,0.499933,0.499906,0.499871,0.499829,0.499778,0.499718,0.499652,0.499581,0.499507,0.499433,0.499363,0.499302,0.499252,0.499217,0.499199,0.499199,0.499217,0.499252,0.499302,0.499363,0.499433,0.499507,0.499581,0.499652,0.499718,0.499778,0.499829,0.499871,0.499906,0.499933,0.499953,0.499968,0.499979,0.499987,0.499992,0.499995,0.499997,0.499998,0.499999,0.499999,0.5,0.5,0.5,0.5,0.5,0.5,0.5
0.5,0.5,0.5,0.5,0.5,0.5,0.5,0.499999,0.499998,0.499997,0.499995,0.499992,0.499987,0.499979,0.499968,0.499952,0.499929,0.499899,0.499859,0.499808,0.499745,0.499671,0.499585,0.49949,0.499387,0.499281,0.499176,0.499077,0.49899,0.498919,0.498869,0.498844,0.498844,0.498869,0.498919,0.49899,0.499077,0.499176,0.499281,0.499387,0.49949,0.499585,0.499671,0.499745,0.499808,0.499859,0.499899,0.499929,0.499952,0.499968,0.499979,0.499987,0.499992,0.499995,0.499997,0.499998,0.499999,0.5,0.5,0.5,0.5,0.5,0.5,0.5
0.5,0.5,0.5,0.5,0.5,0.5,0.499999,0.499998,0.499997,0.499995,0.499991,0.499985,0.499976,0.499962,0.499941,0.499912,0.499872,0.499818,0.499747,0.499659,0.49955,0.499422,0.499275,0.499113,0.498939,0.49876,0.498584,0.498419,0.498274,0.498156,0.498074,0.498031,0.498031,0.498074,0.498156,0.498274,0.498419,0.498584,0.49876,0.498939,0.499113,0.499275,0.499422,0.49955,0.499659,0.499747,0.499818,0.499872,0.499912,0.499941,0.499962,0.499976,0.499985,0.499991,0.499995,0.499997,0.499998,0.499999,0.5,0.5,0.5,0.5,0.5,0.5
0.5,0.5,0.5,0.5,0.5,0.499999,0.499998,0.499997,0.499994,0.49999,0.499983,0.499972,0.499954,0.499928,0.49989,0.499835,0.499761,0.499663,0.499535,0.499376,0.499183,0.498956,0.498697,0.498412,0.498109,0.497799,0.497494,0.49721,0.496961,0.49676,0.49662,0.496547,0.496547,0.49662,0.49676,0.496961,0.49721,0.497494,0.497799,0.498109,0.498412,0.498697,0.498956,0.499183,0.499376,0.499535,0.499663,0.499761,0.499835,0.49989,0.499928,0.499954,0.499972,0.499983,0.49999,0.499994,0.499997,0.499998,0.499999,0.5,0.5,0.5,0.5,0.5
0.5,0.5,0.5,0.5,0.499999,0.499998,0.499997,0.499994,0.499989,0.499981,0.499968,0.499946,0.499914,0.499865,0.499795,0.499697,0.499563,0.499387,0.49916,0.498879,0.49854,0.498144,0.497696,0.497205,0.496686,0.496157,0.495641,0.495161,0.494741,0.494403,0.494167,0.494045,0.494045,0.494167,0.494403,0.494741,0.495161,0.495641,0.496157,0.496686,0.497205,0.497696,0.498144,0.49854,0.498879,0.49916,0.499387,0.499563,0.499697,0.499795,0.499865,0.499914,0.499946,0.499968,0.499981,0.499989,0.499994,0.499997,0.499998,0.499999,0.5,0.5,0.5,0.5
0.5,0.5,0.5,0.499999,0.499998,0.499997,0.499994,0.499989,0.49998,0.499964,0.49994,0.499902,0.499843,0.499756,0.499631,0.499458,0.499223,0.498916,0.498525,0.498043,0.497466,0.496797,0.496043,0.495224,0.494361,0.493488,0.492638,0.491851,0.491166,0.490616,0.490232,0.490035,0.490035,0.490232,0.490616,0.491166,0.491851,0.492638,0.493488,0.494361,0.495224,0.496043,0.496797,0.497466,0.498043,0.498525,0.498916,0.499223,0.499458,0.499631,0.499756,0.499843,0.499902,0.49994,0.499964,0.49998,0.499989,0.499994,0.499997,0.499998,0.499999,0.5,0.5,0.5
0.499999,0.499999,0.499999,0.499998,0.499997,0.499994,0.499989,0.499979,0.499963,0.499936,0.499892,0.499824,0.499721,0.49957,0.499355,0.499058,0.49866,0.498142,0.497489,0.496689,0.495738,0.494642,0.493418,0.492095,0.490711,0.489316,0.487967,0.486723,0.485642,0.484779,0.484177,0.483868,0.483868,0.484177,0.484779,0.485642,0.486723,0.487967,0.489316,0.490711,0.492095,0.493418,0.494642,0.495738,0.496689,0.497489,0.498142,0.49866,0.499058,0.499355,0.49957,0.499721,0.499824,0.499892,0.499936,0.499963,0.499979,0.499989,0.499994,0.499997,0.499998,0.499999,0.499999,0.499999
0.499999,0.499999,0.499998,0.499997,0.499994,0.499989,0.49998,0.499963,0.499934,0.499887,0.499812,0.499696,0.499521,0.499266,0.498907,0.498414,0.497759,0.496914,0.495857,0.494571,0.493056,0.491323,0.489401,0.487337,0.485192,0.483044,0.480977,0.47908,0.477439,0.476132,0.475222,0.474756,0.474756,0.475222,0.476132,0.477439,0.47908,0.480977,0.483044,0.485192,0.487337,0.489401,0.491323,0.493056,0.494571,0.495857,0.496914,0.497759,0.498414,0.498907,0.499266,0.499521,0.499696,0.499812,0.499887,0.499934,0.499963,0.49998,0.499989,0.499994,0.499997,0.499998,0.499999,0.499999
0.499998,0.499998,0.499997,0.499995,0.49999,0.499981,0.499964,0.499936,0.499887,0.499808,0.499682,0.499489,0.499201,0.498784,0.498201,0.497409,0.496365,0.49503,0.493373,0.491375,0.48904,0.48639,0.483474,0.480366,0.477159,0.473967,0.470914,0.468126,0.465724,0.463817,0.462494,0.461816,0.461816,0.462494,0.463817,0.465724,0.468126,0.470914,0.473967,0.477159,0.480366,0.483474,0.48639,0.48904,0.491375,0.493373,0.49503,0.496365,0.497409,0.498201,0.498784,0.499201,0.499489,0.499682,0.499808,0.499887,0.499936,0.499964,0.499981,0.49999,0.499995,0.499997,0.499998,0.499998
0.499997,0.499997,0.499995,0.499991,0.499983,0.499968,0.49994,0.499892,0.499812,0.499682,0.499477,0.499166,0.498705,0.498045,0.497128,0.495894,0.494281,0.492237,0.489722,0.486718,0.483236,0.47932,0.475046,0.470526,0.465898,0.461324,0.456976,0.453028,0.449643,0.446966,0.445113,0.444165,0.444165,0.445113,0.446966,0.449643,0.453028,0.456976,0.461324,0.465898,0.470526,0.475046,0.47932,0.483236,0.486718,0.489722,0.492237,0.494281,0.495894,0.497128,0.498045,0.498705,0.499166,0.499477,0.499682,0.499812,0.499892,0.49994,0.499968,0.499983,0.499991,0.499995,0.499997,0.499997
0.499995,0.499995,0.499992,0.499985,0.499972,0.499946,0.499902,0.499824,0.499696,0.499489,0.499166,0.498677,0.497961,0.496946,0.495547,0.493682,0.491267,0.488234,0.484537,0.480164,0.475142,0.469545,0.463492,0.457146,0.450702,0.444381,0.438413,0.433028,0.428435,0.424818,0.422322,0.421048,0.421048,0.422322,0.424818,0.428435,0.433028,0.438413,0.444381,0.450702,0.457146,0.463492,0.469545,0.475142,0.480164,0.484537,0.488234,0.491267,0.493682,0.495547,0.496946,0.497961,0.498677,0.499166,0.499489,0.499696,0.499824,0.499902,0.499946,0.499972,0.499985,0.499992,0.499995,0.499995
0.499992,0.499992,0.499987,0.499976,0.499954,0.499914,0.499843,0.499721,0.499521,0.499201,0.498705,0.497961,0.496882,0.495364,0.493294,0.490557,0.487049,0.482687,0.477423,0.471257,0.464248,0.456513,0.448229,0.439623,0.430964,0.422541,0.414651,0.407579,0.401582,0.396882,0.39365,0.392004,0.392004,0.39365,0.396882,0.401582,0.407579,0.414651,0.422541,0.430964,0.439623,0.448229,0.456513,0.464248,0.471257,0.477423,0.482687,0.487049,0.490557,0.493294,0.495364,0.496882,0.497961,0.498705,0.499201,0.499521,0.499721,0.499843,0.499914,0.499954,0.499976,0.499987,0.499992,0.499992
0.499987,0.499987,0.499979,0.499962,0.499928,0.499865,0.499756,0.49957,0.499266,0.498784,0.498045,0.496946,0.495364,0.49316,0.490183,0.486286,0.481342,0.475256,0.467989,0.459568,0.450096,0.439755,0.428795,0.417527,0.4063,0.395481,0.385433,0.376494,0.368966,0.363096,0.359075,0.357032,0.357032,0.359075,0.363096,0.368966,0.376494,0.385433,0.395481,0.4063,0.417527,0.428795,0.439755,0.450096,0.459568,0.467989,0.475256,0.481342,0.486286,0.490183,0.49316,0.495364,0.496946,0.498045,0.498784,0.499266,0.49957,0.499756,0.499865,0.499928,0.499962,0.499979,0.499987,0.499987
0.499979,0.499979,0.499968,0.499941,0.49989,0.499795,0.499631,0.499355,0.498907,0.498201,0.497128,0.495547,0.493294,0.490183,0.486023,0.480633,0.473865,0.465626,0.455896,0.444748,0.432352,0.418973,0.404955,0.390705,0.376661,0.363267,0.350946,0.34008,0.330997,0.323958,0.319158,0.316727,0.316727,0.319158,0.323958,0.330997,0.34008,0.350946,0.363267,0.376661,0.390705,0.404955,0.418973,0.432352,0.444748,0.455896,0.465626,0.473865,0.480633,0.486023,0.490183,0.493294,0.495547,0.497128,0.498201,0.498907,0.499355,0.499631,0.499795,0.49989,0.499941,0.499968,0.499979,0.499979
0.499968,0.499968,0.499952,0.499912,0.499835,0.499697,0.499458,0.499058,0.498414,0.497409,0.495894,0.493682,0.490557,0.486286,0.480633,0.473386,0.464386,0.453552,0.440909,0.426596,0.410876,0.394118,0.37678,0.359372,0.342422,0.326445,0.311907,0.299214,0.288694,0.280599,0.275108,0.272335,0.272335,0.275108,0.280599,0.288694,0.299214,0.311907,0.326445,0.342422,0.359372,0.37678,0.394118,0.410876,0.426596,0.440909,0.453552,0.464386,0.473386,0.480633,0.486286,0.490557,0.493682,0.495894,0.497409,0.498414,0.499058,0.499458,0.499697,0.499835,0.499912,0.499952,0.499968,0.499968
0.499953,0.499953,0.499929,0.499872,0.499761,0.499563,0.499223,0.49866,0.497759,0.496365,0.494281,0.491267,0.487049,0.481342,0.473865,0.464386,0.452747,0.438903,0.422945,0.405111,0.385781,0.365452,0.344705,0.324159,0.304426,0.286069,0.269575,0.255339,0.243658,0.234745,0.228738,0.225715,0.225715,0.228738,0.234745,0.243658,0.255339,0.269575,0.286069,0.304426,0.324159,0.344705,0.365452,0.385781,0.405111,0.422945,0.438903,0.452747,0.464386,0.473865,0.481342,0.487049,0.491267,0.494281,0.496365,0.497759,0.49866,0.499223,0.499563,0.499761,0.499872,0.499929,0.499953,0.499953
0.499933,0.499933,0.499899,0.499818,0.499663,0.499387,0.498916,0.498142,0.496914,0.49503,0.492237,0.488234,0.482687,0.475256,0.465626,0.453552,0.438903,0.421694,0.402115,0.380531,0.357466,0.333565,0.309538,0.286107,0.263948,0.243645,0.225667,0.21036,0.197952,0.18858,0.182311,0.179173,0.179173,0.182311,0.18858,0.197952,0.21036,0.225667,0.243645,0.263948,0.286107,0.309538,0.333565,0.357466,0.380531,0.402115,0.421694,0.438903,0.453552,0.465626,0.475256,0.482687,0.488234,0.492237,0.49503,0.496914,0.498142,0.498916,0.499387,0.499663,0.499818,0.499899,0.499933,0.499933
0.499906,0.499906,0.499859,0.499747,0.499535,0.49916,0.498525,0.497489,0.495857,0.493373,0.489722,0.484537,0.477423,0.467989,0.455896,0.440909,0.422945,0.402115,0.37874,0.353342,0.326614,0.299357,0.272413,0.246587,0.22259,0.200989,0.182191,0.166447,0.153875,0.144498,0.138287,0.135196,0.135196,0.138287,0.144498,0.153875,0.166447,0.182191,0.200989,0.22259,0.246587,0.272413,0.299357,0.326614,0.353342,0.37874,0.402115,0.422945,0.440909,0.455896,0.467989,0.477423,0.484537,0.489722,0.493373,0.495857,0.497489,0.498525,0.49916,0.499535,0.499747,0.499859,0.499906,0.499906
0.499871,0.499871,0.499808,0.499659,0.499376,0.498879,0.498043,0.496689,0.494571,0.491375,0.486718,0.480164,0.471257,0.459568,0.444748,0.426596,0.405111,0.380531,0.353342,0.324253,0.294139,0.263964,0.234685,0.207167,0.182114,0.16003,0.141214,0.125773,0.113677,0.104803,0.0990001,0.0961367,0.0961367,0.0990001,0.104803,0.113677,0.125773,0.141214,0.16003,0.182114,0.207167,0.234685,0.263964,0.294139,0.324253,0.353342,0.380531,0.405111,0.426596,0.444748,0.459568,0.471257,0.480164,0.486718,0.491375,0.494571,0.496689,0.498043,0.498879,0.499376,0.499659,0.499808,0.499871,0.499871
0.499829,0.499829,0.499745,0.49955,0.499183,0.49854,0.497466,0.495738,0.493056,0.48904,0.483236,0.475142,0.464248,0.450096,0.432352,0.410876,0.385781,0.357466,0.326614,0.294139,0.261111,0.228645,0.197791,0.169435,0.144232,0.122574,0.104599,0.0902366,0.0792677,0.0714037,0.0663553,0.0638937,0.0638937,0.0663553,0.0714037,0.0792677,0.0902366,0.104599,0.122574,0.144232,0.169435,0.197791,0.228645,0.261111,0.294139,0.326614,0.357466,0.385781,0.410876,0.432352,0.450096,0.464248,0.475142,0.483236,0.48904,0.493056,0.495738,0.497466,0.49854,0.499183,0.49955,0.499745,0.499829,0.499829
0.499778,0.499778,0.499671,0.499422,0.498956,0.498144,0.496797,0.494642,0.491323,0.48639,0.47932,0.469545,0.456513,0.439755,0.418973,0.394118,0.365452,0.333565,0.299357,0.263964,0.228645,0.194649,0.163085,0.13482,0.110408,0.0900819,0.0737809,0.0612188,0.0519711,0.0455673,0.0415747,0.039666,0.039666,0.0415747,0.0455673,0.0519711,0.0612188,0.0737809,0.0900819,0.110408,0.13482,0.163085,0.194649,0.228645,0.263964,0.299357,0.333565,0.365452,0.394118,0.418973,0.439755,0.456513,0.469545,0.47932,0.48639,0.491323,0.494642,0.496797,0.498144,0.498956,0.499422,0.499671,0.499778,0.499778
0.499718,0.499718,0.499585,0.499275,0.498697,0.497696,0.496043,0.493418,0.489401,0.483474,0.475046,0.463492,0.448229,0.428795,0.404955,0.37678,0.344705,0.309538,0.272413,0.234685,0.197791,0.163085,0.131699,0.10443,0.0816896,0.0635086,0.0495962,0.0394325,0.0323778,0.0277803,0.0250688,0.0238237,0.0238237,0.0250688,0.0277803,0.0323778,0.0394325,0.0495962,0.0635086,0.0816896,0.10443,0.131699,0.163085,0.197791,0.234685,0.272413,0.309538,0.344705,0.37678,0.404955,0.428795,0.448229,0.463492,0.475046,0.483474,0.489401,0.493418,0.496043,0.497696,0.498697,0.499275,0.499585,0.499718,0.499718
0.499652,0.499652,0.49949,0.499113,0.498412,0.497205,0.495224,0.492095,0.487337,0.480366,0.470526,0.457146,0.439623,0.417527,0.390705,0.359372,0.324159,0.286107,0.246587,0.207167,0.169435,0.13482,0.10443,0.0789533,0.0586163,0.0432203,0.0322266,0.0248767,0.0203214,0.0177403,0.0164388,0.0159179,0.0159179,0.0164388,0.0177403,0.0203214,0.0248767,0.0322266,0.0432203,0.0586163,0.0789533,0.10443,0.13482,0.169435,0.207167,0.246587,0.286107,0.324159,0.359372,0.390705,0.417527,0.439623,0.457146,0.470526,0.480366,0.487337,0.492095,0.495224,0.497205,0.498412,0.499113,0.49949,0.499652,0.499652
0.499581,0.499581,0.499387,0.498939,0.498109,0.496686,0.494361,0.490711,0.485192,0.477159,0.465898,0.450702,0.430964,0.4063,0.376661,0.342422,0.304426,0.263948,0.22259,0.182114,0.144232,0.110408,0.0816896,0.0586163,0.0412038,0.029007,0.0212365,0.0169044,0.0149707,0.0144694,0.014605,0.0148171,0.0148171,0.014605,0.0144694,0.0149707,0.0169044,0.0212365,0.029007,0.0412038,0.0586163,0.0816896,0.110408,0.144232,0.182114,0.22259,0.263948,0.304426,0.342422,0.376661,0.4063,0.430964,0.450702,0.465898,0.477159,0.485192,0.490711,0.494361,0.496686,0.498109,0.498939,0.499387,0.499581,0.499581
0.499507,0.499507,0.499281,0.49876,0.497799,0.496157,0.493488,0.489316,0.483044,0.473967,0.461324,0.444381,0.422541,0.395481,0.363267,0.326445,0.286069,0.243645,0.200989,0.16003,0.122574,0.0900819,0.0635086,0.0432203,0.029007,0.0201756,0.0156973,0.0143765,0.0150095,0.0165142,0.018021,0.0189276,0.0189276,0.018021,0.0165142,0.0150095,0.0143765,0.0156973,0.0201756,0.029007,0.0432203,0.0635086,0.0900819,0.122574,0.16003,0.200989,0.243645,0.286069,0.326445,0.363267,0.395481,0.422541,0.444381,0.461324,0.473967,0.483044,0.489316,0.493488,0.496157,0.497799,0.49876,0.499281,0.499507,0.499507
0.499433,0.499433,0.499176,0.498584,0.497494,0.495641,0.492638,0.487967,0.480977,0.470914,0.456976,0.438413,0.414651,0.385433,0.350946,0.311907,0.269575,0.225667,0.182191,0.141214,0.104599,0.0737809,0.0495962,0.0322266,0.0212365,0.0156973,0.0143637,0.0158619,0.0188572,0.0221826,0.0249209,0.0264473,0.0264473,0.0249209,0.0221826,0.0188572,0.0158619,0.0143637,0.0156973,0.0212365,0.0322266,0.0495962,0.0737809,0.104599,0.141214,0.182191,0.225667,0.269575,0.311907,0.350946,0.385433,0.414651,0.438413,0.456976,0.470914,0.480977,0.487967,0.492638,0.495641,0.497494,0.498584,0.499176,0.499433,0.499433
0.499363,0.499363,0.499077,0.498419,0.49721,0.495161,0.491851,0.486723,0.47908,0.468126,0.453028,0.433028,0.407579,0.376494,0.34008,0.299214,0.255339,0.21036,0.166447,0.125773,0.0902366,0.0612188,0.0394325,0.0248767,0.0169044,0.0143765,0.0158619,0.0198423,0.0248855,0.0297686,0.0335496,0.0355974,0.0355974,0.0335496,0.0297686,0.0248855,0.0198423,0.0158619,0.0143765,0.0169044,0.0248767,0.0394325,0.0612188,0.0902366,0.125773,0.166447,0.21036,0.255339,0.299214,0.34008,0.376494,0.407579,0.433028,0.453028,0.468126,0.47908,0.486723,0.491851,0.495161,0.49721,0.498419,0.499077,0.499363,0.499363
0.499302,0.499302,0.49899,0.498274,0.496961,0.494741,0.491166,0.485642,0.477439,0.465724,0.449643,0.428435,0.401582,0.368966,0.330997,0.288694,0.243658,0.197952,0.153875,0.113677,0.0792677,0.0519711,0.0323778,0.0203214,0.0149707,0.0150095,0.0188572,0.0248855,0.0315942,0.0377283,0.0423387,0.0447985,0.0447985,0.0423387,0.0377283,0.0315942,0.0248855,0.0188572,0.0150095,0.0149707,0.0203214,0.0323778,0.0519711,0.0792677,0.113677,0.153875,0.197952,0.243658,0.288694,0.330997,0.368966,0.401582,0.428435,0.449643,0.465724,0.477439,0.485642,0.491166,0.494741,0.496961,0.498274,0.49899,0.499302,0.499302
0.499252,0.499252,0.498919,0.498156,0.49676,0.494403,0.490616,0.484779,0.476132,0.463817,0.446966,0.424818,0.396882,0.363096,0.323958,0.280599,0.234745,0.18858,0.144498,0.104803,0.0714037,0.0455673,0.0277803,0.0177403,0.0144694,0.0165142,0.0221826,0.0297686,0.0377283,0.0447919,0.0500128,0.0527742,0.0527742,0.0500128,0.0447919,0.0377283,0.0297686,0.0221826,0.0165142,0.0144694,0.0177403,0.0277803,0.0455673,0.0714037,0.104803,0.144498,0.18858,0.234745,0.280599,0.323958,0.363096,0.396882,0.424818,0.446966,0.463817,0.476132,0.484779,0.490616,0.494403,0.49676,0.498156,0.498919,0.499252,0.499252
0.499217,0.499217,0.498869,0.498074,0.49662,0.494167,0.490232,0.484177,0.475222,0.462494,0.445113,0.422322,0.39365,0.359075,0.319158,0.275108,0.228738,0.182311,0.138287,0.0990001,0.0663553,0.0415747,0.0250688,0.0164388,0.014605,0.018021,0.0249209,0.0335496,0.0423387,0.0500128,0.055632,0.058589,0.058589,0.055632,0.0500128,0.0423387,0.0335496,0.0249209,0.018021,0.014605,0.0164388,0.0250688,0.0415747,0.0663553,0.0990001,0.138287,0.182311,0.228738,0.275108,0.319158,0.359075,0.39365,0.422322,0.445113,0.462494,0.475222,0.484177,0.490232,0.494167,0.49662,0.498074,0.498869,0.499217,0.499217
0.499199,0.499199,0.498844,0.498031,0.496547,0.494045,0.490035,0.483868,0.474756,0.461816,0.444165,0.421048,0.392004,0.357032,0.316727,0.272335,0.225715,0.179173,0.135196,0.0961367,0.0638937,0.039666,0.0238237,0.0159179,0.0148171,0.0189276,0.0264473,0.0355974,0.0447985,0.0527742,0.058589,0.061642,0.061642,0.058589,0.0527742,0.0447985,0.0355974,0.0264473,0.0189276,0.0148171,0.0159179,0.0238237,0.039666,0.0638937,0.0961367,0.135196,0.179173,0.225715,0.272335,0.316727,0.357032,0.392004,0.421048,0.444165,0.461816,0.474756,0.483868,0.490035,0.494045,0.496547,0.498031,0.498844,0.499199,0.499199
0.499199,0.499199,0.498844,0.498031,0.496547,0.494045,0.490035,0.483868,0.474756,0.461816,0.444165,0.421048,0.392004,0.357032,0.316727,0.272335,0.225715,0.179173,0.135196,0.0961367,0.0638937,0.039666,0.0238237,0.0159179,0.0148171,0.0189276,0.0264473,0.0355974,0.0447985,0.0527742,0.058589,0.061642,0.061642,0.058589,0.0527742,0.0447985,0.0355974,0.0264473,0.0189276,0.0148171,0.0159179,0.0238237,0.039666,0.0638937,0.0961367,0.135196,0.179173,0.225715,0.272335,0.316727,0.357032,0.392004,0.421048,0.444165,0.461816,0.474756,0.483868,0.490035,0.494045,0.496547,0.498031,0.498844,0.499199,0.499199
0.499217,0.499217,0.498869,0.498074,0.49662,0.494167,0.490232,0.484177,0.475222,0.462494,0.445113,0.422322,0.39365,0.359075,0.319158,0.275108,0.228738,0.182311,0.138287,0.0990001,0.0663553,0.0415747,0.0250688,0.0164388,0.014605,0.018021,0.0249209,0.0335496,0.0423387,0.0500128,0.055632,0.058589,0.058589,0.055632,0.0500128,0.0423387,0.0335496,0.0249209,0.018021,0.014605,0.0164388,0.0250688,0.0415747,0.0663553,0.0990001,0.138287,0.182311,0.228738,0.275108,0.319158,0.359075,0.39365,0.422322,0.445113,0.462494,0.475222,0.484177,0.490232,0.494167,0.49662,0.498074,0.498869,0.499217,0.499217
0.499252,0.499252,0.498919,0.498156,0.49676,0.494403,0.490616,0.484779,0.476132,0.463817,0.446966,0.424818,0.396882,0.363096,0.323958,0.280599,0.234745,0.18858,0.144498,0.104803,0.0714037,0.0455673,0.0277803,0.0177403,0.0144694,0.0165142,0.0221826,0.0297686,0.0377283,0.0447919,0.0500128,0.0527742,0.0527742,0.0500128,0.0447919,0.0377283,0.0297686,0.0221826,0.0165142,0.0144694,0.0177403,0.0277803,0.0455673,0.0714037,0.104803,0.144498,0.18858,0.234745,0.280599,0.323958,0.363096,0.396882,0.424818,0.446966,0.463817,0.476132,0.484779,0.490616,0.494403,0.49676,0.498156,0.498919,0.499252,0.499252
0.499302,0.499302,0.49899,0.498274,0.496961,0.494741,0.491166,0.485642,0.477439,0.465724,0.449643,0.428435,0.401582,0.368966,0.330997,0.288694,0.243658,0.197952,0.153875,0.113677,0.0792677,0.0519711,0.0323778,0.0203214,0.0149707,0.0150095,0.0188572,0.0248855,0.0315942,0.0377283,0.0423387,0.0447985,0.0447985,0.0423387,0.0377283,0.0315942,0.0248855,0.0188572,0.0150095,0.0149707,0.0203214,0.0323778,0.0519711,0.0792677,0.113677,0.153875,0.197952,0.243658,0.288694,0.330997,0.368966,0.401582,0.428435,0.449643,0.465724,0.477439,0.485642,0.491166,0.494741,0.496961,0.498274,0.49899,0.499302,0.499302
0.499363,0.499363,0.499077,0.498419,0.49721,0.495161,0.491851,0.486723,0.47908,0.468126,0.453028,0.433028,0.407579,0.376494,0.34008,0.299214,0.255339,0.21036,0.166447,0.125773,0.0902366,0.0612188,0.0394325,0.0248767,0.0169044,0.0143765,0.0158619,0.0198423,0.0248855,0.0297686,0.0335496,0.0355974,0.0355974,0.0335496,0.0297686,0.0248855,0.0198423,0.0158619,0.0143765,0.0169044,0.0248767,0.0394325,0.0612188,0.0902366,0.125773,0.166447,0.21036,0.255339,0.299214,0.34008,0.376494,0.407579,0.433028,0.453028,0.468126,0.47908,0.486723,0.491851,0.495161,0.49721,0.498419,0.499077,0.499363,0.499363
0.499433,0.499433,0.499176,0.498584,0.497494,0.495641,0.492638,0.487967,0.480977,0.470914,0.456976,0.438413,0.414651,0.385433,0.350946,0.311907,0.269575,0.225667,0.182191,0.141214,0.104599,0.0737809,0.0495962,0.0322266,0.0212365,0.0156973,0.0143637,0.0158619,0.0188572,0.0221826,0.0249209,0.0264473,0.0264473,0.0249209,0.0221826,0.0188572,0.0158619,0.0143637,0.0156973,0.0212365,0.0322266,0.0495962,0.0737809,0.104599,0.141214,0.182191,0.225667,0.269575,0.311907,0.350946,0.385433,0.414651,0.438413,0.456976,0.470914,0.480977,0.487967,0.492638,0.495641,0.497494,0.498584,0.499176,0.499433,0.499433
0.499507,0.499507,0.499281,0.49876,0.497799,0.496157,0.493488,0.489316,0.483044,0.473967,0.461324,0.444381,0.422541,0.395481,0.363267,0.326445,0.286069,0.243645,0.200989,0.16003,0.122574,0.0900819,0.0635086,0.0432203,0.029007,0.0201756,0.0156973,0.0143765,0.0150095,0.0165142,0.018021,0.0189276,0.0189276,0.018021,0.0165142,0.0150095,0.0143765,0.0156973,0.0201756,0.029007,0.0432203,0.0635086,0.0900819,0.122574,0.16003,0.200989,0.243645,0.286069,0.326445,0.363267,0.395481,0.422541,0.444381,0.461324,0.473967,0.483044,0.489316,0.493488,0.496157,0.497799,0.49876,0.499281,0.499507,0.499507
0.499581,0.499581,0.499387,0.498939,0.498109,0.496686,0.494361,0.490711,0.485192,0.477159,0.465898,0.450702,0.430964,0.4063,0.376661,0.342422,0.304426,0.263948,0.22259,0.182114,0.144232,0.110408,0.0816896,0.0586163,0.0412038,0.029007,0.0212365,0.0169044,0.0149707,0.0144694,0.014605,0.0148171,0.0148171,0.014605,0.0144694,0.0149707,0.0169044,0.0212365,0.029007,0.0412038,0.0586163,0.0816896,0.110408,0.144232,0.182114,0.22259,0.263948,0.304426,0.342422,0.376661,0.4063,0.430964,0.450702,0.465898,0.477159,0.485192,0.490711,0.494361,0.496686,0.498109,0.498939,0.499387,0.499581,0.499581
0.499652,0.499652,0.49949,0.499113,0.498412,0.497205,0.495224,0.492095,0.487337,0.480366,0.470526,0.457146,0.439623,0.417527,0.390705,0.359372,0.324159,0.286107,0.246587,0.207167,0.169435,0.13482,0.10443,0.0789533,0.0586163,0.0432203,0.0322266,0.0248767,0.0203214,0.0177403,0.0164388,0.0159179,0.0159179,0.0164388,0.0177403,0.0203214,0.0248767,0.0322266,0.0432203,0.0586163,0.0789533,0.10443,0.13482,0.169435,0.207167,0.246587,0.286107,0.324159,0.359372,0.390705,0.417527,0.439623,0.457146,0.470526,0.480366,0.487337,0.492095,0.495224,0.497205,0.498412,0.499113,0.49949,0.499652,0.499652
0.499718,0.499718,0.499585,0.499275,0.498697,0.497696,0.496043,0.493418,0.489401,0.483474,0.475046,0.463492,0.448229,0.428795,0.404955,0.37678,0.344705,0.309538,0.272413,0.234685,0.197791,0.163085,0.131699,0.10443,0.0816896,0.0635086,0.0495962,0.0394325,0.0323778,0.0277803,0.0250688,0.0238237,0.0238237,0.0250688,0.0277803,0.0323778,0.0394325,0.0495962,0.0635086,0.0816896,0.10443,0.131699,0.163085,0.197791,0.234685,0.272413,0.309538,0.344705,0.37678,0.404955,0.428795,0.448229,0.463492,0.475046,0.483474,0.489401,0.493418,0.496043,0.497696,0.498697,0.499275,0.499585,0.499718,0.499718
0.499778,0.499778,0.499671,0.499422,0.498956,0.498144,0.496797,0.494642,0.491323,0.48639,0.47932,0.469545,0.456513,0.439755,0.418973,0.394118,0.365452,0.333565,0.299357,0.263964,0.228645,0.194649,0.163085,0.13482,0.110408,0.0900819,0.0737809,0.0612188,0.0519711,0.0455673,0.0415747,0.039666,0.039666,0.0415747,0.0455673,0.0519711,0.0612188,0.0737809,0.0900819,0.110408,0.13482,0.163085,0.194649,0.228645,0.263964,0.299357,0.333565,0.365452,0.394118,0.418973,0.439755,0.456513,0.469545,0.47932,0.48639,0.491323,0.494642,0.496797,0.498144,0.498956,0.499422,0.499671,0.499778,0.499778
0.499829,0.499829,0.499745,0.49955,0.499183,0.49854,0.497466,0.495738,0.493056,0.48904,0.483236,0.475142,0.464248,0.450096,0.432352,0.410876,0.385781,0.357466,0.326614,0.294139,0.261111,0.228645,0.197791,0.169435,0.144232,0.122574,0.104599,0.0902366,0.0792677,0.0714037,0.0663553,0.0638937,0.0638937,0.0663553,0.0714037,0.0792677,0.0902366,0.104599,0.122574,0.144232,0.169435,0.197791,0.228645,0.261111,0.294139,0.326614,0.357466,0.385781,0.410876,0.432352,0.450096,0.464248,0.475142,0.483236,0.48904,0.493056,0.495738,0.497466,0.49854,0.499183,0.49955,0.499745,0.499829,0.499829
0.499871,0.499871,0.499808,0.499659,0.499376,0.498879,0.498043,0.496689,0.494571,0.491375,0.486718,0.480164,0.471257,0.459568,0.444748,0.426596,0.405111,0.380531,0.353342,0.324253,0.294139,0.263964,0.234685,0.207167,0.182114,0.16003,0.141214,0.125773,0.113677,0.104803,0.0990001,0.0961367,0.0961367,0.0990001,0.104803,0.113677,0.125773,0.141214,0.16003,0.182114,0.207167,0.234685,0.263964,0.294139,0.324253,0.353342,0.380531,0.405111,0.426596,0.444748,0.459568,0.471257,0.480164,0.486718,0.491375,0.494571,0.496689,0.498043,0.498879,0.499376,0.499659,0.499808,0.499871,0.499871
0.499906,0.499906,0.499859,0.499747,0.499535,0.49916,0.498525,0.497489,0.495857,0.493373,0.489722,0.484537,0.477423,0.467989,0.455896,0.440909,0.422945,0.402115,0.37874,0.353342,0.326614,0.299357,0.272413,0.246587,0.22259,0.200989,0.182191,0.166447,0.153875,0.144498,0.138287,0.135196,0.135196,0.138287,0.144498,0.153875,0.166447,0.182191,0.200989,0.22259,0.246587,0.272413,0.299357,0.326614,0.353342,0.37874,0.402115,0.422945,0.440909,0.455896,0.467989,0.477423,0.484537,0.489722,0.493373,0.495857,0.497489,0.498525,0.49916,0.499535,0.499747,0.499859,0.499906,0.499906
0.499933,0.499933,0.499899,0.499818,0.499663,0.499387,0.498916,0.498142,0.496914,0.49503,0.492237,0.488234,0.482687,0.475256,0.465626,0.453552,0.438903,0.421694,0.402115,0.380531,0.357466,0.333565,0.309538,0.286107,0.263948,0.243645,0.225667,0.21036,0.197952,0.18858,0.182311,0.179173,0.179173,0.182311,0.18858,0.197952,0.21036,0.225667,0.243645,0.263948,0.286107,0.309538,0.333565,0.357466,0.380531,0.402115,0.421694,0.438903,0.453552,0.465626,0.475256,0.482687,0.488234,0.492237,0.49503,0.496914,0.498142,0.498916,0.499387,0.499663,0.499818,0.499899,0.499933,0.499933
0.499953,0.499953,0.499929,0.499872,0.499761,0.499563,0.499223,0.49866,0.497759,0.496365,0.494281,0.491267,0.487049,0.481342,0.473865,0.464386,0.452747,0.438903,0.422945,0.405111,0.385781,0.365452,0.344705,0.324159,0.304426,0.286069,0.269575,0.255339,0.243658,0.234745,0.228738,0.225715,0.225715,0.228738,0.234745,0.243658,0.255339,0.269575,0.286069,0.304426,0.324159,0.344705,0.365452,0.385781,0.405111,0.422945,0.438903,0.452747,0.464386,0.473865,0.481342,0.487049,0.491267,0.494281,0.496365,0.497759,0.49866,0.499223,0.499563,0.499761,0.499872,0.499929,0.499953,0.499953
0.499968,0.499968,0.499952,0.499912,0.499835,0.499697,0.499458,0.499058,0.498414,0.497409,0.495894,0.493682,0.490557,0.486286,0.480633,0.473386,0.464386,0.453552,0.440909,0.426596,0.410876,0.394118,0.37678,0.359372,0.342422,0.326445,0.311907,0.299214,0.288694,0.280599,0.275108,0.272335,0.272335,0.275108,0.280599,0.288694,0.299214,0.311907,0.326445,0.342422,0.359372,0.37678,0.394118,0.410876,0.426596,0.440909,0.453552,0.464386,0.473386,0.480633,0.486286,0.490557,0.493682,0.495894,0.497409,0.498414,0.499058,0.499458,0.499697,0.499835,0.499912,0.499952,0.499968,0.499968
0.499979,0.499979,0.499968,0.499941,0.49989,0.499795,0.499631,0.499355,0.498907,0.498201,0.497128,0.495547,0.493294,0.490183,0.486023,0.480633,0.473865,0.465626,0.455896,0.444748,0.432352,0.418973,0.404955,0.390705,0.376661,0.363267,0.350946,0.34008,0.330997,0.323958,0.319158,0.316727,0.316727,0.319158,0.323958,0.330997,0.34008,0.350946,0.363267,0.376661,0.390705,0.404955,0.418973,0.432352,0.444748,0.455896,0.465626,0.473865,0.480633,0.486023,0.490183,0.493294,0.495547,0.497128,0.498201,0.498907,0.499355,0.499631,0.499795,0.49989,0.499941,0.499968,0.499979,0.499979
0.499987,0.499987,0.499979,0.499962,0.499928,0.499865,0.499756,0.49957,0.499266,0.498784,0.498045,0.496946,0.495364,0.49316,0.490183,0.486286,0.481342,0.475256,0.467989,0.459568,0.450096,0.439755,0.428795,0.417527,0.4063,0.395481,0.385433,0.376494,0.368966,0.363096,0.359075,0.357032,0.357032,0.359075,0.363096,0.368966,0.376494,0.385433,0.395481,0.4063,0.417527,0.428795,0.439755,0.450096,0.459568,0.467989,0.475256,0.481342,0.486286,0.490183,0.49316,0.495364,0.496946,0.498045,0.498784,0.499266,0.49957,0.499756,0.499865,0.499928,0.499962,0.499979,0.499987,0.499987
0.499992,0.499992,0.499987,0.499976,0.499954,0.499914,0.499843,0.499721,0.499521,0.499201,0.498705,0.497961,0.496882,0.495364,0.493294,0.490557,0.487049,0.482687,0.477423,0.471257,0.464248,0.456513,0.448229,0.439623,0.430964,0.422541,0.414651,0.407579,0.401582,0.396882,0.39365,0.392004,0.392004,0.39365,0.396882,0.401582,0.407579,0.414651,0.422541,0.430964,0.439623,0.448229,0.456513,0.464248,0.471257,0.477423,0.482687,0.487049,0.490557,0.493294,0.495364,0.496882,0.497961,0.498705,0.499201,0.499521,0.499721,0.499843,0.499914,0.499954,0.499976,0.499987,0.499992,0.499992
0.499995,0.499995,0.499992,0.499985,0.499972,0.499946,0.499902,0.499824,0.499696,0.499489,0.499166,0.498677,0.497961,0.496946,0.495547,0.493682,0.491267,0.488234,0.484537,0.480164,0.475142,0.469545,0.463492,0.457146,0.450702,0.444381,0.438413,0.433028,0.428435,0.424818,0.422322,0.421048,0.421048,0.422322,0.424818,0.428435,0.433028,0.438413,0.444381,0.450702,0.457146,0.463492,0.469545,0.475142,0.480164,0.484537,0.488234,0.491267,0.493682,0.495547,0.496946,0.497961,0.498677,0.499166,0.499489,0.499696,0.499824,0.499902,0.499946,0.499972,0.499985,0.499992,0.499995,0.499995
0.499997,0.499997,0.499995,0.499991,0.499983,0.499968,0.49994,0.499892,0.499812,0.499682,0.499477,0.499166,0.498705,0.498045,0.497128,0.495894,0.494281,0.492237,0.489722,0.486718,0.483236,0.47932,0.475046,0.470526,0.465898,0.461324,0.456976,0.453028,0.449643,0.446966,0.445113,0.444165,0.444165,0.445113,0.446966,0.449643,0.453028,0.456976,0.461324,0.465898,0.470526,0.475046,0.47932,0.483236,0.486718,0.489722,0.492237,0.494281,0.495894,0.497128,0.498045,0.498705,0.499166,0.499477,0.499682,0.499812,0.499892,0.49994,0.499968,0.499983,0.499991,0.499995,0.499997,0.499997
0.499998,0.499998,0.499997,0.499995,0.49999,0.499981,0.499964,0.499936,0.499887,0.499808,0.499682,0.499489,0.499201,0.498784,0.498201,0.497409,0.496365,0.49503,0.493373,0.491375,0.48904,0.48639,0.483474,0.480366,0.477159,0.473967,0.470914,0.468126,0.465724,0.463817,0.462494,0.461816,0.461816,0.462494,0.463817,0.465724,0.468126,0.470914,0.473967,0.477159,0.480366,0.483474,0.48639,0.48904,0.491375,0.493373,0.49503,0.496365,0.497409,0.498201,0.498784,0.499201,0.499489,0.499682,0.499808,0.499887,0.499936,0.499964,0.499981,0.49999,0.499995,0.499997,0.499998,0.499998
0.499999,0.499999,0.499998,0.499997,0.499994,0.499989,0.49998,0.499963,0.499934,0.499887,0.499812,0.499696,0.499521,0.499266,0.498907,0.498414,0.497759,0.496914,0.495857,0.494571,0.493056,0.491323,0.489401,0.487337,0.485192,0.483044,0.480977,0.47908,0.477439,0.476132,0.475222,0.474756,0.474756,0.475222,0.476132,0.477439,0.47908,0.480977,0.483044,0.485192,0.487337,0.489401,0.491323,0.493056,0.494571,0.495857,0.496914,0.497759,0.498414,0.498907,0.499266,0.499521,0.499696,0.499812,0.499887,0.499934,0.499963,0.49998,0.499989,0.499994,0.499997,0.499998,0.499999,0.499999
0.499999,0.499999,0.499999,0.499998,0.499997,0.499994,0.499989,0.499979,0.499963,0.499936,0.499892,0.499824,0.499721,0.49957,0.499355,0.499058,0.49866,0.498142,0.497489,0.496689,0.495738,0.494642,0.493418,0.492095,0.490711,0.489316,0.487967,0.486723,0.485642,0.484779,0.484177,0.483868,0.483868,0.484177,0.484779,0.485642,0.486723,0.487967,0.489316,0.490711,0.492095,0.493418,0.494642,0.495738,0.496689,0.497489,0.498142,0.49866,0.499058,0.499355,0.49957,0.499721,0.499824,0.499892,0.499936,0.499963,0.499979,0.499989,0.499994,0.499997,0.499998,0.499999,0.499999,0.499999
0.5,0.5,0.5,0.499999,0.499998,0.499997,0.499994,0.499989,0.49998,0.499964,0.49994,0.499902,0.499843,0.499756,0.499631,0.499458,0.499223,0.498916,0.498525,0.498043,0.497466,0.496797,0.496043,0.495224,0.494361,0.493488,0.492638,0.491851,0.491166,0.490616,0.490232,0.490035,0.490035,0.490232,0.490616,0.491166,0.491851,0.492638,0.493488,0.494361,0.495224,0.496043,0.496797,0.497466,0.498043,0.498525,0.498916,0.499223,0.499458,0.499631,0.499756,0.499843,0.499902,0.49994,0.499964,0.49998,0.499989,0.499994,0.499997,0.499998,0.499999,0.5,0.5,0.5
0.5,0.5,0.5,0.5,0.499999,0.499998,0.499997,0.499994,0.499989,0.499981,0.499968,0.499946,0.499914,0.499865,0.499795,0.499697,0.499563,0.499387,0.49916,0.498879,0.49854,0.498144,0.497696,0.497205,0.496686,0.496157,0.495641,0.495161,0.494741,0.494403,0.494167,0.494045,0.494045,0.494167,0.494403,0.494741,0.495161,0.495641,0.496157,0.496686,0.497205,0.497696,0.498144,0.49854,0.498879,0.49916,0.499387,0.499563,0.499697,0.499795,0.499865,0.499914,0.499946,0.499968,0.499981,0.499989,0.499994,0.499997,0.499998,0.499999,0.5,0.5,0.5,0.5
0.5,0.5,0.5,0.5,0.5,0.499999,0.499998,0.499997,0.499994,0.49999,0.499983,0.499972,0.499954,0.499928,0.49989,0.499835,0.499761,0.499663,0.499535,0.499376,0.499183,0.498956,0.498697,0.498412,0.498109,0.497799,0.497494,0.49721,0.496961,0.49676,0.49662,0.496547,0.496547,0.49662,0.49676,0.496961,0.49721,0.497494,0.497799,0.498109,0.498412,0.498697,0.498956,0.499183,0.499376,0.499535,0.499663,0.499761,0.499835,0.49989,0.499928,0.499954,0.499972,0.499983,0.49999,0.499994,0.499997,0.499998,0.499999,0.5,0.5,0.5,0.5,0.5
0.5,0.5,0.5,0.5,0.5,0.5,0.499999,0.499998,0.499997,0.499995,0.499991,0.499985,0.499976,0.499962,0.499941,0.499912,0.499872,0.499818,0.499747,0.499659,0.49955,0.499422,0.499275,0.499113,0.498939,0.49876,0.498584,0.498419,0.498274,0.498156,0.498074,0.498031,0.498031,0.498074,0.498156,0.498274,0.498419,0.498584,0.49876,0.498939,0.499113,0.499275,0.499422,0.49955,0.499659,0.499747,0.499818,0.499872,0.499912,0.499941,0.499962,0.499976,0.499985,0.499991,0.499995,0.499997,0.499998,0.499999,0.5,0.5,0.5,0.5,0.5,0.5
0.5,0.5,0.5,0.5,0.5,0.5,0.5,0.499999,0.499998,0.499997,0.499995,0.499992,0.499987,0.499979,0.499968,0.499952,0.499929,0.499899,0.499859,0.499808,0.499745,0.499671,0.499585,0.49949,0.499387,0.499281,0.499176,0.499077,0.49899,0.498919,0.498869,0.498844,0.498844,0.498869,0.498919,0.49899,0.499077,0.499176,0.499281,0.499387,0.49949,0.499585,0.499671,0.499745,0.499808,0.499859,0.499899,0.499929,0.499952,0.499968,0.499979,0.499987,0.499992,0.499995,0.499997,0.499998,0.499999,0.5,0.5,0.5,0.5,0.5,0.5,0.5
0.5,0.5,0.5,0.5,0.5,0.5,0.5,0.499999,0.499999,0.499998,0.499997,0.499995,0.499992,0.499987,0.499979,0.499968,0.499953,0.499933,0.499906,0.499871,0.499829,0.499778,0.499718,0.499652,0.499581,0.499507,0.499433,0.499363,0.499302,0.499252,0.499217,0.499199,0.499199,0.499217,0.499252,0.499302,0.499363,0.499433,0.499507,0.499581,0.499652,0.499718,0.499778,0.499829,0.499871,0.499906,0.499933,0.499953,0.499968,0.499979,0.499987,0.499992,0.499995,0.499997,0.499998,0.499999,0.499999,0.5,0.5,0.5,0.5,0.5,0.5,0.5
0.5,0.5,0.5,0.5,0.5,0.5,0.5,0.499999,0.499999,0.499998,0.499997,0.499995,0.499992,0.499987,0.499979,0.499968,0.499953,0.499933,0.499906,0.499871,0.499829,0.499778,0.499718,0.499652,0.499581,0.499507,0.499433,0.499363,0.499302,0.499252,0.499217,0.499199,0.499199,0.499217,0.499252,0.499302,0.499363,0.499433,0.499507,0.499581,0.499652,0.499718,0.499778,0.499829,0.499871,0.499906,0.499933,0.499953,0.499968,0.499979,0.499987,0.499992,0.499995,0.499997,0.499998,0.499999,0.499999,0.5,0.5,0.5,0.5,0.5,0.5,0.5
