0.5,0.5,0.5,0.5,0.499999,0.499999,0.499998,0.499996,0.499993,0.499989,0.499981,0.499969,0.499951,0.499925,0.499888,0.499836,0.499766,0.499675,0.49956,0.499417,0.499246,0.499047,0.498823,0.498579,0.498321,0.498059,0.497803,0.497566,0.497358,0.497192,0.497075,0.497015,0.497015,0.497075,0.497192,0.497358,0.497566,0.497803,0.498059,0.498321,0.498579,0.498823,0.499047,0.499246,0.499417,0.49956,0.499675,0.499766,0.499836,0.499888,0.499925,0.499951,0.499969,0.499981,0.499989,0.499993,0.499996,0.499998,0.499999,0.499999,0.5,0.5,0.5,0.5
0.5,0.5,0.5,0.5,0.499999,0.499999,0.499998,0.499996,0.499993,0.499989,0.499981,0.499969,0.499951,0.499925,0.499888,0.499836,0.499766,0.499675,0.49956,0.499417,0.499246,0.499047,0.498823,0.498579,0.498321,0.498059,0.497803,0.497566,0.497358,0.497192,0.497075,0.497015,0.497015,0.497075,0.497192,0.497358,0.497566,0.497803,0.498059,0.498321,0.498579,0.498823,0.499047,0.499246,0.499417,0.49956,0.499675,0.499766,0.499836,0.499888,0.499925,0.499951,0.499969,0.499981,0.499989,0.499993,0.499996,0.499998,0.499999,0.499999,0.5,0.5,0.5,0.5
0.5,0.5,0.5,0.5,0.499999,0.499998,0.499997,0.499994,0.49999,0.499983,0.499972,0.499955,0.499929,0.499892,0.499839,0.499766,0.499669,0.499543,0.499383,0.499188,0.498956,0.498687,0.498386,0.498059,0.497716,0.497369,0.497031,0.496719,0.496446,0.496228,0.496076,0.495997,0.495997,0.496076,0.496228,0.496446,0.496719,0.497031,0.497369,0.497716,0.498059,0.498386,0.498687,0.498956,0.499188,0.499383,0.499543,0.499669,0.499766,0.499839,0.499892,0.499929,0.499955,0.499972,0.499983,0.49999,0.499994,0.499997,0.499998,0.499999,0.5,0.5,0.5,0.5
0.5,0.5,0.5,0.499999,0.499998,0.499997,0.499994,0.49999,0.499982,0.49997,0.499951,0.499922,0.499878,0.499815,0.499727,0.499606,0.499447,0.499242,0.498985,0.498673,0.498305,0.497882,0.497413,0.496906,0.496377,0.495845,0.495331,0.494856,0.494445,0.494116,0.493886,0.493768,0.493768,0.493886,0.494116,0.494445,0.494856,0.495331,0.495845,0.496377,0.496906,0.497413,0.497882,0.498305,0.498673,0.498985,0.499242,0.499447,0.499606,0.499727,0.499815,0.499878,0.499922,0.499951,0.49997,0.499982,0.49999,0.499994,0.499997,0.499998,0.499999,0.5,0.5,0.5
0.499999,0.499999,0.499999,0.499998,0.499997,0.499994,0.499989,0.499981,0.499967,0.499945,0.499911,0.499859,0.499782,0.499673,0.49952,0.499314,0.499043,0.498698,0.49827,0.497754,0.497149,0.496461,0.495702,0.494888,0.494044,0.4932,0.492389,0.491644,0.490999,0.490486,0.490129,0.489946,0.489946,0.490129,0.490486,0.490999,0.491644,0.492389,0.4932,0.494044,0.494888,0.495702,0.496461,0.497149,0.497754,0.49827,0.498698,0.499043,0.499314,0.49952,0.499673,0.499782,0.499859,0.499911,0.499945,0.499967,0.499981,0.499989,0.499994,0.499997,0.499998,0.499999,0.499999,0.499999
0.499999,0.499999,0.499998,0.499997,0.499994,0.499989,0.49998,0.499965,0.499941,0.499902,0.499841,0.49975,0.499617,0.499428,0.499168,0.498819,0.498366,0.497792,0.497087,0.496243,0.495263,0.494156,0.492943,0.491653,0.490324,0.489002,0.487738,0.486583,0.485587,0.484797,0.484248,0.483967,0.483967,0.484248,0.484797,0.485587,0.486583,0.487738,0.489002,0.490324,0.491653,0.492943,0.494156,0.495263,0.496243,0.497087,0.497792,0.498366,0.498819,0.499168,0.499428,0.499617,0.49975,0.499841,0.499902,0.499941,0.499965,0.49998,0.499989,0.499994,0.499997,0.499998,0.499999,0.499999
0.499998,0.499998,0.499997,0.499994,0.499989,0.49998,0.499965,0.499938,0.499896,0.499828,0.499723,0.499568,0.499343,0.499026,0.498594,0.49802,0.49728,0.496352,0.49522,0.493879,0.492333,0.490602,0.488718,0.486729,0.484694,0.482683,0.48077,0.479032,0.477539,0.476358,0.475539,0.47512,0.47512,0.475539,0.476358,0.477539,0.479032,0.48077,0.482683,0.484694,0.486729,0.488718,0.490602,0.492333,0.493879,0.49522,0.496352,0.49728,0.49802,0.498594,0.499026,0.499343,0.499568,0.499723,0.499828,0.499896,0.499938,0.499965,0.49998,0.499989,0.499994,0.499997,0.499998,0.499998
0.499996,0.499996,0.499994,0.49999,0.499981,0.499965,0.499938,0.499893,0.49982,0.499706,0.499532,0.499274,0.498904,0.498389,0.497692,0.496775,0.495603,0.494146,0.492387,0.49032,0.487958,0.485336,0.482506,0.479541,0.476529,0.473573,0.470777,0.468249,0.466089,0.464384,0.463207,0.462605,0.462605,0.463207,0.464384,0.466089,0.468249,0.470777,0.473573,0.476529,0.479541,0.482506,0.485336,0.487958,0.49032,0.492387,0.494146,0.495603,0.496775,0.497692,0.498389,0.498904,0.499274,0.499532,0.499706,0.49982,0.499893,0.499938,0.499965,0.499981,0.49999,0.499994,0.499996,0.499996
0.499993,0.499993,0.49999,0.499982,0.499967,0.499941,0.499896,0.49982,0.4997,0.499512,0.499229,0.498815,0.498225,0.497411,0.49632,0.494899,0.4931,0.490885,0.488236,0.485153,0.481663,0.477823,0.473714,0.469445,0.465144,0.46095,0.45701,0.453468,0.450456,0.448088,0.446457,0.445625,0.445625,0.446457,0.448088,0.450456,0.453468,0.45701,0.46095,0.465144,0.469445,0.473714,0.477823,0.481663,0.485153,0.488236,0.490885,0.4931,0.494899,0.49632,0.497411,0.498225,0.498815,0.499229,0.499512,0.4997,0.49982,0.499896,0.499941,0.499967,0.499982,0.49999,0.499993,0.499993
0.499989,0.499989,0.499983,0.49997,0.499945,0.499902,0.499828,0.499706,0.499512,0.499214,0.498767,0.498119,0.497206,0.495958,0.494302,0.492166,0.489488,0.486227,0.482364,0.477913,0.472925,0.467489,0.461728,0.455796,0.449868,0.444135,0.438787,0.434008,0.429965,0.426801,0.424628,0.423521,0.423521,0.424628,0.426801,0.429965,0.434008,0.438787,0.444135,0.449868,0.455796,0.461728,0.467489,0.472925,0.477913,0.482364,0.486227,0.489488,0.492166,0.494302,0.495958,0.497206,0.498119,0.498767,0.499214,0.499512,0.499706,0.499828,0.499902,0.499945,0.49997,0.499983,0.499989,0.499989
0.499981,0.499981,0.499972,0.499951,0.499911,0.499841,0.499723,0.499532,0.499229,0.498767,0.498082,0.497098,0.495726,0.493868,0.491427,0.488312,0.484449,0.479793,0.474337,0.468119,0.461224,0.453787,0.445985,0.438029,0.430153,0.422601,0.415611,0.409408,0.404192,0.400128,0.397346,0.395933,0.395933,0.397346,0.400128,0.404192,0.409408,0.415611,0.422601,0.430153,0.438029,0.445985,0.453787,0.461224,0.468119,0.474337,0.479793,0.484449,0.488312,0.491427,0.493868,0.495726,0.497098,0.498082,0.498767,0.499229,0.499532,0.499723,0.499841,0.499911,0.499951,0.499972,0.499981,0.499981
0.499969,0.499969,0.499955,0.499922,0.499859,0.49975,0.499568,0.499274,0.498815,0.498119,0.497098,0.495645,0.493639,0.490953,0.487461,0.483052,0.477645,0.471202,0.463737,0.455325,0.446104,0.43627,0.426066,0.415773,0.405686,0.396105,0.387314,0.379574,0.373107,0.368095,0.364678,0.362946,0.362946,0.364678,0.368095,0.373107,0.379574,0.387314,0.396105,0.405686,0.415773,0.426066,0.43627,0.446104,0.455325,0.463737,0.471202,0.477645,0.483052,0.487461,0.490953,0.493639,0.495645,0.497098,0.498119,0.498815,0.499274,0.499568,0.49975,0.499859,0.499922,0.499955,0.499969,0.499969
0.499951,0.499951,0.499929,0.499878,0.499782,0.499617,0.499343,0.498904,0.498225,0.497206,0.495726,0.493639,0.49079,0.487014,0.482159,0.476099,0.468755,0.460106,0.450206,0.439187,0.427255,0.414684,0.401798,0.38895,0.376502,0.364803,0.354173,0.344895,0.337201,0.331275,0.327251,0.325218,0.325218,0.327251,0.331275,0.337201,0.344895,0.354173,0.364803,0.376502,0.38895,0.401798,0.414684,0.427255,0.439187,0.450206,0.460106,0.468755,0.476099,0.482159,0.487014,0.49079,0.493639,0.495726,0.497206,0.498225,0.498904,0.499343,0.499617,0.499782,0.499878,0.499929,0.499951,0.499951
0.499925,0.499925,0.499892,0.499815,0.499673,0.499428,0.499026,0.498389,0.497411,0.495958,0.493868,0.490953,0.487014,0.481851,0.47529,0.467199,0.457511,0.446245,0.433514,0.419528,0.404585,0.38905,0.373335,0.357869,0.343071,0.32933,0.316983,0.306313,0.297542,0.290833,0.286302,0.284019,0.284019,0.286302,0.290833,0.297542,0.306313,0.316983,0.32933,0.343071,0.357869,0.373335,0.38905,0.404585,0.419528,0.433514,0.446245,0.457511,0.467199,0.47529,0.481851,0.487014,0.490953,0.493868,0.495958,0.497411,0.498389,0.499026,0.499428,0.499673,0.499815,0.499892,0.499925,0.499925
0.499888,0.499888,0.499839,0.499727,0.49952,0.499168,0.498594,0.497692,0.49632,0.494302,0.491427,0.487461,0.482159,0.47529,0.466665,0.456158,0.443739,0.429489,0.413606,0.396401,0.378281,0.359716,0.341209,0.323259,0.306327,0.290817,0.277059,0.265307,0.255743,0.248489,0.24362,0.241176,0.241176,0.24362,0.248489,0.255743,0.265307,0.277059,0.290817,0.306327,0.323259,0.341209,0.359716,0.378281,0.396401,0.413606,0.429489,0.443739,0.456158,0.466665,0.47529,0.482159,0.487461,0.491427,0.494302,0.49632,0.497692,0.498594,0.499168,0.49952,0.499727,0.499839,0.499888,0.499888
0.499836,0.499836,0.499766,0.499606,0.499314,0.498819,0.49802,0.496775,0.494899,0.492166,0.488312,0.483052,0.476099,0.467199,0.456158,0.442882,0.427401,0.409885,0.390646,0.370121,0.348838,0.327381,0.306337,0.286258,0.267623,0.250821,0.23614,0.223772,0.213829,0.206363,0.20139,0.198906,0.198906,0.20139,0.206363,0.213829,0.223772,0.23614,0.250821,0.267623,0.286258,0.306337,0.327381,0.348838,0.370121,0.390646,0.409885,0.427401,0.442882,0.456158,0.467199,0.476099,0.483052,0.488312,0.492166,0.494899,0.496775,0.49802,0.498819,0.499314,0.499606,0.499766,0.499836,0.499836
0.499766,0.499766,0.499669,0.499447,0.499043,0.498366,0.49728,0.495603,0.4931,0.489488,0.484449,0.477645,0.468755,0.457511,0.443739,0.427401,0.408616,0.387677,0.365035,0.341271,0.317049,0.293058,0.269956,0.248321,0.228618,0.211181,0.196218,0.183825,0.174012,0.166738,0.161939,0.159557,0.159557,0.161939,0.166738,0.174012,0.183825,0.196218,0.211181,0.228618,0.248321,0.269956,0.293058,0.317049,0.341271,0.365035,0.387677,0.408616,0.427401,0.443739,0.457511,0.468755,0.477645,0.484449,0.489488,0.4931,0.495603,0.49728,0.498366,0.499043,0.499447,0.499669,0.499766,0.499766
0.499675,0.499675,0.499543,0.499242,0.498698,0.497792,0.496352,0.494146,0.490885,0.486227,0.479793,0.471202,0.460106,0.446245,0.429489,0.409885,0.387677,0.363308,0.337394,0.310674,0.283944,0.257988,0.233507,0.211073,0.191092,0.173806,0.159301,0.147543,0.138416,0.131764,0.127434,0.125302,0.125302,0.127434,0.131764,0.138416,0.147543,0.159301,0.173806,0.191092,0.211073,0.233507,0.257988,0.283944,0.310674,0.337394,0.363308,0.387677,0.409885,0.429489,0.446245,0.460106,0.471202,0.479793,0.486227,0.490885,0.494146,0.496352,0.497792,0.498698,0.499242,0.499543,0.499675,0.499675
0.49956,0.49956,0.499383,0.498985,0.49827,0.497087,0.49522,0.492387,0.488236,0.482364,0.474337,0.463737,0.450206,0.433514,0.413606,0.390646,0.365035,0.337394,0.308519,0.279313,0.250694,0.223514,0.198485,0.176125,0.156742,0.140442,0.127156,0.116694,0.108794,0.103176,0.0995888,0.0978453,0.0978453,0.0995888,0.103176,0.108794,0.116694,0.127156,0.140442,0.156742,0.176125,0.198485,0.223514,0.250694,0.279313,0.308519,0.337394,0.365035,0.390646,0.413606,0.433514,0.450206,0.463737,0.474337,0.482364,0.488236,0.492387,0.49522,0.497087,0.49827,0.498985,0.499383,0.49956,0.49956
0.499417,0.499417,0.499188,0.498673,0.497754,0.496243,0.493879,0.49032,0.485153,0.477913,0.468119,0.455325,0.439187,0.419528,0.396401,0.370121,0.341271,0.310674,0.279313,0.248245,0.218492,0.190939,0.166263,0.144887,0.126975,0.112461,0.101095,0.0925159,0.0863077,0.0820669,0.0794491,0.0782052,0.0782052,0.0794491,0.0820669,0.0863077,0.0925159,0.101095,0.112461,0.126975,0.144887,0.166263,0.190939,0.218492,0.248245,0.279313,0.310674,0.341271,0.370121,0.396401,0.419528,0.439187,0.455325,0.468119,0.477913,0.485153,0.49032,0.493879,0.496243,0.497754,0.498673,0.499188,0.499417,0.499417
0.499246,0.499246,0.498956,0.498305,0.497149,0.495263,0.492333,0.487958,0.481663,0.472925,0.461224,0.446104,0.427255,0.404585,0.378281,0.348838,0.317049,0.283944,0.250694,0.218492,0.188429,0.161383,0.137949,0.11841,0.102751,0.090704,0.0818276,0.0755815,0.0714046,0.0687795,0.0672807,0.0666086,0.0666086,0.0672807,0.0687795,0.0714046,0.0755815,0.0818276,0.090704,0.102751,0.11841,0.137949,0.161383,0.188429,0.218492,0.250694,0.283944,0.317049,0.348838,0.378281,0.404585,0.427255,0.446104,0.461224,0.472925,0.481663,0.487958,0.492333,0.495263,0.497149,0.498305,0.498956,0.499246,0.499246
0.499047,0.499047,0.498687,0.497882,0.496461,0.494156,0.490602,0.485336,0.477823,0.467489,0.453787,0.43627,0.414684,0.38905,0.359716,0.327381,0.293058,0.257988,0.223514,0.190939,0.161383,0.13567,0.11427,0.0972877,0.0844963,0.0754176,0.0694121,0.0657734,0.063811,0.0629144,0.0625971,0.0625238,0.0625238,0.0625971,0.0629144,0.063811,0.0657734,0.0694121,0.0754176,0.0844963,0.0972877,0.11427,0.13567,0.161383,0.190939,0.223514,0.257988,0.293058,0.327381,0.359716,0.38905,0.414684,0.43627,0.453787,0.467489,0.477823,0.485336,0.490602,0.494156,0.496461,0.497882,0.498687,0.499047,0.499047
0.498823,0.498823,0.498386,0.497413,0.495702,0.492943,0.488718,0.482506,0.473714,0.461728,0.445985,0.426066,0.401798,0.373335,0.341209,0.306337,0.269956,0.233507,0.198485,0.166263,0.137949,0.11427,0.0955321,0.0816278,0.0721078,0.0662788,0.063316,0.0623678,0.0626408,0.0634589,0.0642988,0.0648074,0.0648074,0.0642988,0.0634589,0.0626408,0.0623678,0.063316,0.0662788,0.0721078,0.0816278,0.0955321,0.11427,0.137949,0.166263,0.198485,0.233507,0.269956,0.306337,0.341209,0.373335,0.401798,0.426066,0.445985,0.461728,0.473714,0.482506,0.488718,0.492943,0.495702,0.497413,0.498386,0.498823,0.498823
0.498579,0.498579,0.498059,0.496906,0.494888,0.491653,0.486729,0.479541,0.469445,0.455796,0.438029,0.415773,0.38895,0.357869,0.323259,0.286258,0.248321,0.211073,0.176125,0.144887,0.11841,0.0972877,0.0816278,0.0710984,0.065022,0.0625016,0.0625493,0.0641976,0.0665819,0.068991,0.0708903,0.0719272,0.0719272,0.0708903,0.068991,0.0665819,0.0641976,0.0625493,0.0625016,0.065022,0.0710984,0.0816278,0.0972877,0.11841,0.144887,0.176125,0.211073,0.248321,0.286258,0.323259,0.357869,0.38895,0.415773,0.438029,0.455796,0.469445,0.479541,0.486729,0.491653,0.494888,0.496906,0.498059,0.498579,0.498579
0.498321,0.498321,0.497716,0.496377,0.494044,0.490324,0.484694,0.476529,0.465144,0.449868,0.430153,0.405686,0.376502,0.343071,0.306327,0.267623,0.228618,0.191092,0.156742,0.126975,0.102751,0.0844963,0.0721078,0.065022,0.0623431,0.0629916,0.0658453,0.0698541,0.0741151,0.0779114,0.0807206,0.0822068,0.0822068,0.0807206,0.0779114,0.0741151,0.0698541,0.0658453,0.0629916,0.0623431,0.065022,0.0721078,0.0844963,0.102751,0.126975,0.156742,0.191092,0.228618,0.267623,0.306327,0.343071,0.376502,0.405686,0.430153,0.449868,0.465144,0.476529,0.484694,0.490324,0.494044,0.496377,0.497716,0.498321,0.498321
0.498059,0.498059,0.497369,0.495845,0.4932,0.489002,0.482683,0.473573,0.46095,0.444135,0.422601,0.396105,0.364803,0.32933,0.290817,0.250821,0.211181,0.173806,0.140442,0.112461,0.090704,0.0754176,0.0662788,0.0625016,0.0629916,0.066514,0.0718451,0.0778843,0.0837204,0.0886555,0.0921987,0.0940433,0.0940433,0.0921987,0.0886555,0.0837204,0.0778843,0.0718451,0.066514,0.0629916,0.0625016,0.0662788,0.0754176,0.090704,0.112461,0.140442,0.173806,0.211181,0.250821,0.290817,0.32933,0.364803,0.396105,0.422601,0.444135,0.46095,0.473573,0.482683,0.489002,0.4932,0.495845,0.497369,0.498059,0.498059
0.497803,0.497803,0.497031,0.495331,0.492389,0.487738,0.48077,0.470777,0.45701,0.438787,0.415611,0.387314,0.354173,0.316983,0.277059,0.23614,0.196218,0.159301,0.127156,0.101095,0.0818276,0.0694121,0.063316,0.0625493,0.0658453,0.0718451,0.079254,0.0869494,0.0940354,0.0998515,0.10395,0.106062,0.106062,0.10395,0.0998515,0.0940354,0.0869494,0.079254,0.0718451,0.0658453,0.0625493,0.063316,0.0694121,0.0818276,0.101095,0.127156,0.159301,0.196218,0.23614,0.277059,0.316983,0.354173,0.387314,0.415611,0.438787,0.45701,0.470777,0.48077,0.487738,0.492389,0.495331,0.497031,0.497803,0.497803
0.497566,0.497566,0.496719,0.494856,0.491644,0.486583,0.479032,0.468249,0.453468,0.434008,0.409408,0.379574,0.344895,0.306313,0.265307,0.223772,0.183825,0.147543,0.116694,0.0925159,0.0755815,0.0657734,0.0623678,0.0641976,0.0698541,0.0778843,0.0869494,0.0959264,0.10395,0.110407,0.1149,0.117198,0.117198,0.1149,0.110407,0.10395,0.0959264,0.0869494,0.0778843,0.0698541,0.0641976,0.0623678,0.0657734,0.0755815,0.0925159,0.116694,0.147543,0.183825,0.223772,0.265307,0.306313,0.344895,0.379574,0.409408,0.434008,0.453468,0.468249,0.479032,0.486583,0.491644,0.494856,0.496719,0.497566,0.497566
0.497358,0.497358,0.496446,0.494445,0.490999,0.485587,0.477539,0.466089,0.450456,0.429965,0.404192,0.373107,0.337201,0.297542,0.255743,0.213829,0.174012,0.138416,0.108794,0.0863077,0.0714046,0.063811,0.0626408,0.0665819,0.0741151,0.0837204,0.0940354,0.10395,0.112637,0.119532,0.124284,0.126701,0.126701,0.124284,0.119532,0.112637,0.10395,0.0940354,0.0837204,0.0741151,0.0665819,0.0626408,0.063811,0.0714046,0.0863077,0.108794,0.138416,0.174012,0.213829,0.255743,0.297542,0.337201,0.373107,0.404192,0.429965,0.450456,0.466089,0.477539,0.485587,0.490999,0.494445,0.496446,0.497358,0.497358
0.497192,0.497192,0.496228,0.494116,0.490486,0.484797,0.476358,0.464384,0.448088,0.426801,0.400128,0.368095,0.331275,0.290833,0.248489,0.206363,0.166738,0.131764,0.103176,0.0820669,0.0687795,0.0629144,0.0634589,0.068991,0.0779114,0.0886555,0.0998515,0.110407,0.119532,0.126703,0.131614,0.134102,0.134102,0.131614,0.126703,0.119532,0.110407,0.0998515,0.0886555,0.0779114,0.068991,0.0634589,0.0629144,0.0687795,0.0820669,0.103176,0.131764,0.166738,0.206363,0.248489,0.290833,0.331275,0.368095,0.400128,0.426801,0.448088,0.464384,0.476358,0.484797,0.490486,0.494116,0.496228,0.497192,0.497192
0.497075,0.497075,0.496076,0.493886,0.490129,0.484248,0.475539,0.463207,0.446457,0.424628,0.397346,0.364678,0.327251,0.286302,0.24362,0.20139,0.161939,0.127434,0.0995888,0.0794491,0.0672807,0.0625971,0.0642988,0.0708903,0.0807206,0.0921987,0.10395,0.1149,0.124284,0.131614,0.13661,0.139135,0.139135,0.13661,0.131614,0.124284,0.1149,0.10395,0.0921987,0.0807206,0.0708903,0.0642988,0.0625971,0.0672807,0.0794491,0.0995888,0.127434,0.161939,0.20139,0.24362,0.286302,0.327251,0.364678,0.397346,0.424628,0.446457,0.463207,0.475539,0.484248,0.490129,0.493886,0.496076,0.497075,0.497075
0.497015,0.497015,0.495997,0.493768,0.489946,0.483967,0.47512,0.462605,0.445625,0.423521,0.395933,0.362946,0.325218,0.284019,0.241176,0.198906,0.159557,0.125302,0.0978453,0.0782052,0.0666086,0.0625238,0.0648074,0.0719272,0.0822068,0.0940433,0.106062,0.117198,0.126701,0.134102,0.139135,0.141676,0.141676,0.139135,0.134102,0.126701,0.117198,0.106062,0.0940433,0.0822068,0.0719272,0.0648074,0.0625238,0.0666086,0.0782052,0.0978453,0.125302,0.159557,0.198906,0.241176,0.284019,0.325218,0.362946,0.395933,0.423521,0.445625,0.462605,0.47512,0.483967,0.489946,0.493768,0.495997,0.497015,0.497015
0.497015,0.497015,0.495997,0.493768,0.489946,0.483967,0.47512,0.462605,0.445625,0.423521,0.395933,0.362946,0.325218,0.284019,0.241176,0.198906,0.159557,0.125302,0.0978453,0.0782052,0.0666086,0.0625238,0.0648074,0.0719272,0.0822068,0.0940433,0.106062,0.117198,0.126701,0.134102,0.139135,0.141676,0.141676,0.139135,0.134102,0.126701,0.117198,0.106062,0.0940433,0.0822068,0.0719272,0.0648074,0.0625238,0.0666086,0.0782052,0.0978453,0.125302,0.159557,0.198906,0.241176,0.284019,0.325218,0.362946,0.395933,0.423521,0.445625,0.462605,0.47512,0.483967,0.489946,0.493768,0.495997,0.497015,0.497015
0.497075,0.497075,0.496076,0.493886,0.490129,0.484248,0.475539,0.463207,0.446457,0.424628,0.397346,0.364678,0.327251,0.286302,0.24362,0.20139,0.161939,0.127434,0.0995888,0.0794491,0.0672807,0.0625971,0.0642988,0.0708903,0.0807206,0.0921987,0.10395,0.1149,0.124284,0.131614,0.13661,0.139135,0.139135,0.13661,0.131614,0.124284,0.1149,0.10395,0.0921987,0.0807206,0.0708903,0.0642988,0.0625971,0.0672807,0.0794491,0.0995888,0.127434,0.161939,0.20139,0.24362,0.286302,0.327251,0.364678,0.397346,0.424628,0.446457,0.463207,0.475539,0.484248,0.490129,0.493886,0.496076,0.497075,0.497075
0.497192,0.497192,0.496228,0.494116,0.490486,0.484797,0.476358,0.464384,0.448088,0.426801,0.400128,0.368095,0.331275,0.290833,0.248489,0.206363,0.166738,0.131764,0.103176,0.0820669,0.0687795,0.0629144,0.0634589,0.068991,0.0779114,0.0886555,0.0998515,0.110407,0.119532,0.126703,0.131614,0.134102,0.134102,0.131614,0.126703,0.119532,0.110407,0.0998515,0.0886555,0.0779114,0.068991,0.0634589,0.0629144,0.0687795,0.0820669,0.103176,0.131764,0.166738,0.206363,0.248489,0.290833,0.331275,0.368095,0.400128,0.426801,0.448088,0.464384,0.476358,0.484797,0.490486,0.494116,0.496228,0.497192,0.497192
0.497358,0.497358,0.496446,0.494445,0.490999,0.485587,0.477539,0.466089,0.450456,0.429965,0.404192,0.373107,0.337201,0.297542,0.255743,0.213829,0.174012,0.138416,0.108794,0.0863077,0.0714046,0.063811,0.0626408,0.0665819,0.0741151,0.0837204,0.0940354,0.10395,0.112637,0.119532,0.124284,0.126701,0.126701,0.124284,0.119532,0.112637,0.10395,0.0940354,0.0837204,0.0741151,0.0665819,0.0626408,0.063811,0.0714046,0.0863077,0.108794,0.138416,0.174012,0.213829,0.255743,0.297542,0.337201,0.373107,0.404192,0.429965,0.450456,0.466089,0.477539,0.485587,0.490999,0.494445,0.496446,0.497358,0.497358
0.497566,0.497566,0.496719,0.494856,0.491644,0.486583,0.479032,0.468249,0.453468,0.434008,0.409408,0.379574,0.344895,0.306313,0.265307,0.223772,0.183825,0.147543,0.116694,0.0925159,0.0755815,0.0657734,0.0623678,0.0641976,0.0698541,0.0778843,0.0869494,0.0959264,0.10395,0.110407,0.1149,0.117198,0.117198,0.1149,0.110407,0.10395,0.0959264,0.0869494,0.0778843,0.0698541,0.0641976,0.0623678,0.0657734,0.0755815,0.0925159,0.116694,0.147543,0.183825,0.223772,0.265307,0.306313,0.344895,0.379574,0.409408,0.434008,0.453468,0.468249,0.479032,0.486583,0.491644,0.494856,0.496719,0.497566,0.497566
0.497803,0.497803,0.497031,0.495331,0.492389,0.487738,0.48077,0.470777,0.45701,0.438787,0.415611,0.387314,0.354173,0.316983,0.277059,0.23614,0.196218,0.159301,0.127156,0.101095,0.0818276,0.0694121,0.063316,0.0625493,0.0658453,0.0718451,0.079254,0.0869494,0.0940354,0.0998515,0.10395,0.106062,0.106062,0.10395,0.0998515,0.0940354,0.0869494,0.079254,0.0718451,0.0658453,0.0625493,0.063316,0.0694121,0.0818276,0.101095,0.127156,0.159301,0.196218,0.23614,0.277059,0.316983,0.354173,0.387314,0.415611,0.438787,0.45701,0.470777,0.48077,0.487738,0.492389,0.495331,0.497031,0.497803,0.497803
0.498059,0.498059,0.497369,0.495845,0.4932,0.489002,0.482683,0.473573,0.46095,0.444135,0.422601,0.396105,0.364803,0.32933,0.290817,0.250821,0.211181,0.173806,0.140442,0.112461,0.090704,0.0754176,0.0662788,0.0625016,0.0629916,0.066514,0.0718451,0.0778843,0.0837204,0.0886555,0.0921987,0.0940433,0.0940433,0.0921987,0.0886555,0.0837204,0.0778843,0.0718451,0.066514,0.0629916,0.0625016,0.0662788,0.0754176,0.090704,0.112461,0.140442,0.173806,0.211181,0.250821,0.290817,0.32933,0.364803,0.396105,0.422601,0.444135,0.46095,0.473573,0.482683,0.489002,0.4932,0.495845,0.497369,0.498059,0.498059
0.498321,0.498321,0.497716,0.496377,0.494044,0.490324,0.484694,0.476529,0.465144,0.449868,0.430153,0.405686,0.376502,0.343071,0.306327,0.267623,0.228618,0.191092,0.156742,0.126975,0.102751,0.0844963,0.0721078,0.065022,0.0623431,0.0629916,0.0658453,0.0698541,0.0741151,0.0779114,0.0807206,0.0822068,0.0822068,0.0807206,0.0779114,0.0741151,0.0698541,0.0658453,0.0629916,0.0623431,0.065022,0.0721078,0.0844963,0.102751,0.126975,0.156742,0.191092,0.228618,0.267623,0.306327,0.343071,0.376502,0.405686,0.430153,0.449868,0.465144,0.476529,0.484694,0.490324,0.494044,0.496377,0.497716,0.498321,0.498321
0.498579,0.498579,0.498059,0.496906,0.494888,0.491653,0.486729,0.479541,0.469445,0.455796,0.438029,0.415773,0.38895,0.357869,0.323259,0.286258,0.248321,0.211073,0.176125,0.144887,0.11841,0.0972877,0.0816278,0.0710984,0.065022,0.0625016,0.0625493,0.0641976,0.0665819,0.068991,0.0708903,0.0719272,0.0719272,0.0708903,0.068991,0.0665819,0.0641976,0.0625493,0.0625016,0.065022,0.0710984,0.0816278,0.0972877,0.11841,0.144887,0.176125,0.211073,0.248321,0.286258,0.323259,0.357869,0.38895,0.415773,0.438029,0.455796,0.469445,0.479541,0.486729,0.491653,0.494888,0.496906,0.498059,0.498579,0.498579
0.498823,0.498823,0.498386,0.497413,0.495702,0.492943,0.488718,0.482506,0.473714,0.461728,0.445985,0.426066,0.401798,0.373335,0.341209,0.306337,0.269956,0.233507,0.198485,0.166263,0.137949,0.11427,0.0955321,0.0816278,0.0721078,0.0662788,0.063316,0.0623678,0.0626408,0.0634589,0.0642988,0.0648074,0.0648074,0.0642988,0.0634589,0.0626408,0.0623678,0.063316,0.0662788,0.0721078,0.0816278,0.0955321,0.11427,0.137949,0.166263,0.198485,0.233507,0.269956,0.306337,0.341209,0.373335,0.401798,0.426066,0.445985,0.461728,0.473714,0.482506,0.488718,0.492943,0.495702,0.497413,0.498386,0.498823,0.498823
0.499047,0.499047,0.498687,0.497882,0.496461,0.494156,0.490602,0.485336,0.477823,0.467489,0.453787,0.43627,0.414684,0.38905,0.359716,0.327381,0.293058,0.257988,0.223514,0.190939,0.161383,0.13567,0.11427,0.0972877,0.0844963,0.0754176,0.0694121,0.0657734,0.063811,0.0629144,0.0625971,0.0625238,0.0625238,0.0625971,0.0629144,0.063811,0.0657734,0.0694121,0.0754176,0.0844963,0.0972877,0.11427,0.13567,0.161383,0.190939,0.223514,0.257988,0.293058,0.327381,0.359716,0.38905,0.414684,0.43627,0.453787,0.467489,0.477823,0.485336,0.490602,0.494156,0.496461,0.497882,0.498687,0.499047,0.499047
0.499246,0.499246,0.498956,0.498305,0.497149,0.495263,0.492333,0.487958,0.481663,0.472925,0.461224,0.446104,0.427255,0.404585,0.378281,0.348838,0.317049,0.283944,0.250694,0.218492,0.188429,0.161383,0.137949,0.11841,0.102751,0.090704,0.0818276,0.0755815,0.0714046,0.0687795,0.0672807,0.0666086,0.0666086,0.0672807,0.0687795,0.0714046,0.0755815,0.0818276,0.090704,0.102751,0.11841,0.137949,0.161383,0.188429,0.218492,0.250694,0.283944,0.317049,0.348838,0.378281,0.404585,0.427255,0.446104,0.461224,0.472925,0.481663,0.487958,0.492333,0.495263,0.497149,0.498305,0.498956,0.499246,0.499246
0.499417,0.499417,0.499188,0.498673,0.497754,0.496243,0.493879,0.49032,0.485153,0.477913,0.468119,0.455325,0.439187,0.419528,0.396401,0.370121,0.341271,0.310674,0.279313,0.248245,0.218492,0.190939,0.166263,0.144887,0.126975,0.112461,0.101095,0.0925159,0.0863077,0.0820669,0.0794491,0.0782052,0.0782052,0.0794491,0.0820669,0.0863077,0.0925159,0.101095,0.112461,0.126975,0.144887,0.166263,0.190939,0.218492,0.248245,0.279313,0.310674,0.341271,0.370121,0.396401,0.419528,0.439187,0.455325,0.468119,0.477913,0.485153,0.49032,0.493879,0.496243,0.497754,0.498673,0.499188,0.499417,0.499417
0.49956,0.49956,0.499383,0.498985,0.49827,0.497087,0.49522,0.492387,0.488236,0.482364,0.474337,0.463737,0.450206,0.433514,0.413606,0.390646,0.365035,0.337394,0.308519,0.279313,0.250694,0.223514,0.198485,0.176125,0.156742,0.140442,0.127156,0.116694,0.108794,0.103176,0.0995888,0.0978453,0.0978453,0.0995888,0.103176,0.108794,0.116694,0.127156,0.140442,0.156742,0.176125,0.198485,0.223514,0.250694,0.279313,0.308519,0.337394,0.365035,0.390646,0.413606,0.433514,0.450206,0.463737,0.474337,0.482364,0.488236,0.492387,0.49522,0.497087,0.49827,0.498985,0.499383,0.49956,0.49956
0.499675,0.499675,0.499543,0.499242,0.498698,0.497792,0.496352,0.494146,0.490885,0.486227,0.479793,0.471202,0.460106,0.446245,0.429489,0.409885,0.387677,0.363308,0.337394,0.310674,0.283944,0.257988,0.233507,0.211073,0.191092,0.173806,0.159301,0.147543,0.138416,0.131764,0.127434,0.125302,0.125302,0.127434,0.131764,0.138416,0.147543,0.159301,0.173806,0.191092,0.211073,0.233507,0.257988,0.283944,0.310674,0.337394,0.363308,0.387677,0.409885,0.429489,0.446245,0.460106,0.471202,0.479793,0.486227,0.490885,0.494146,0.496352,0.497792,0.498698,0.499242,0.499543,0.499675,0.499675
0.499766,0.499766,0.499669,0.499447,0.499043,0.498366,0.49728,0.495603,0.4931,0.489488,0.484449,0.477645,0.468755,0.457511,0.443739,0.427401,0.408616,0.387677,0.365035,0.341271,0.317049,0.293058,0.269956,0.248321,0.228618,0.211181,0.196218,0.183825,0.174012,0.166738,0.161939,0.159557,0.159557,0.161939,0.166738,0.174012,0.183825,0.196218,0.211181,0.228618,0.248321,0.269956,0.293058,0.317049,0.341271,0.365035,0.387677,0.408616,0.427401,0.443739,0.457511,0.468755,0.477645,0.484449,0.489488,0.4931,0.495603,0.49728,0.498366,0.499043,0.499447,0.499669,0.499766,0.499766
0.499836,0.499836,0.499766,0.499606,0.499314,0.498819,0.49802,0.496775,0.494899,0.492166,0.488312,0.483052,0.476099,0.467199,0.456158,0.442882,0.427401,0.409885,0.390646,0.370121,0.348838,0.327381,0.306337,0.286258,0.267623,0.250821,0.23614,0.223772,0.213829,0.206363,0.20139,0.198906,0.198906,0.20139,0.206363,0.213829,0.223772,0.23614,0.250821,0.267623,0.286258,0.306337,0.327381,0.348838,0.370121,0.390646,0.409885,0.427401,0.442882,0.456158,0.467199,0.476099,0.483052,0.488312,0.492166,0.494899,0.496775,0.49802,0.498819,0.499314,0.499606,0.499766,0.499836,0.499836
0.499888,0.499888,0.499839,0.499727,0.49952,0.499168,0.498594,0.497692,0.49632,0.494302,0.491427,0.487461,0.482159,0.47529,0.466665,0.456158,0.443739,0.429489,0.413606,0.396401,0.378281,0.359716,0.341209,0.323259,0.306327,0.290817,0.277059,0.265307,0.255743,0.248489,0.24362,0.241176,0.241176,0.24362,0.248489,0.255743,0.265307,0.277059,0.290817,0.306327,0.323259,0.341209,0.359716,0.378281,0.396401,0.413606,0.429489,0.443739,0.456158,0.466665,0.47529,0.482159,0.487461,0.491427,0.494302,0.49632,0.497692,0.498594,0.499168,0.49952,0.499727,0.499839,0.499888,0.499888
0.499925,0.499925,0.499892,0.499815,0.499673,0.499428,0.499026,0.498389,0.497411,0.495958,0.493868,0.490953,0.487014,0.481851,0.47529,0.467199,0.457511,0.446245,0.433514,0.419528,0.404585,0.38905,0.373335,0.357869,0.343071,0.32933,0.316983,0.306313,0.297542,0.290833,0.286302,0.284019,0.284019,0.286302,0.290833,0.297542,0.306313,0.316983,0.32933,0.343071,0.357869,0.373335,0.38905,0.404585,0.419528,0.433514,0.446245,0.457511,0.467199,0.47529,0.481851,0.487014,0.490953,0.493868,0.495958,0.497411,0.498389,0.499026,0.499428,0.499673,0.499815,0.499892,0.499925,0.499925
0.499951,0.499951,0.499929,0.499878,0.499782,0.499617,0.499343,0.498904,0.498225,0.497206,0.495726,0.493639,0.49079,0.487014,0.482159,0.476099,0.468755,0.460106,0.450206,0.439187,0.427255,0.414684,0.401798,0.38895,0.376502,0.364803,0.354173,0.344895,0.337201,0.331275,0.327251,0.325218,0.325218,0.327251,0.331275,0.337201,0.344895,0.354173,0.364803,0.376502,0.38895,0.401798,0.414684,0.427255,0.439187,0.450206,0.460106,0.468755,0.476099,0.482159,0.487014,0.49079,0.493639,0.495726,0.497206,0.498225,0.498904,0.499343,0.499617,0.499782,0.499878,0.499929,0.499951,0.499951
0.499969,0.499969,0.499955,0.499922,0.499859,0.49975,0.499568,0.499274,0.498815,0.498119,0.497098,0.495645,0.493639,0.490953,0.487461,0.483052,0.477645,0.471202,0.463737,0.455325,0.446104,0.43627,0.426066,0.415773,0.405686,0.396105,0.387314,0.379574,0.373107,0.368095,0.364678,0.362946,0.362946,0.364678,0.368095,0.373107,0.379574,0.387314,0.396105,0.405686,0.415773,0.426066,0.43627,0.446104,0.455325,0.463737,0.471202,0.477645,0.483052,0.487461,0.490953,0.493639,0.495645,0.497098,0.498119,0.498815,0.499274,0.499568,0.49975,0.499859,0.499922,0.499955,0.499969,0.499969
0.499981,0.499981,0.499972,0.499951,0.499911,0.499841,0.499723,0.499532,0.499229,0.498767,0.498082,0.497098,0.495726,0.493868,0.491427,0.488312,0.484449,0.479793,0.474337,0.468119,0.461224,0.453787,0.445985,0.438029,0.430153,0.422601,0.415611,0.409408,0.404192,0.400128,0.397346,0.395933,0.395933,0.397346,0.400128,0.404192,0.409408,0.415611,0.422601,0.430153,0.438029,0.445985,0.453787,0.461224,0.468119,0.474337,0.479793,0.484449,0.488312,0.491427,0.493868,0.495726,0.497098,0.498082,0.498767,0.499229,0.499532,0.499723,0.499841,0.499911,0.499951,0.499972,0.499981,0.499981
0.499989,0.499989,0.499983,0.49997,0.499945,0.499902,0.499828,0.499706,0.499512,0.499214,0.498767,0.498119,0.497206,0.495958,0.494302,0.492166,0.489488,0.486227,0.482364,0.477913,0.472925,0.467489,0.461728,0.455796,0.449868,0.444135,0.438787,0.434008,0.429965,0.426801,0.424628,0.423521,0.423521,0.424628,0.426801,0.429965,0.434008,0.438787,0.444135,0.449868,0.455796,0.461728,0.467489,0.472925,0.477913,0.482364,0.486227,0.489488,0.492166,0.494302,0.495958,0.497206,0.498119,0.498767,0.499214,0.499512,0.499706,0.499828,0.499902,0.499945,0.49997,0.499983,0.499989,0.499989
0.499993,0.499993,0.49999,0.499982,0.499967,0.499941,0.499896,0.49982,0.4997,0.499512,0.499229,0.498815,0.498225,0.497411,0.49632,0.494899,0.4931,0.490885,0.488236,0.485153,0.481663,0.477823,0.473714,0.469445,0.465144,0.46095,0.45701,0.453468,0.450456,0.448088,0.446457,0.445625,0.445625,0.446457,0.448088,0.450456,0.453468,0.45701,0.46095,0.465144,0.469445,0.473714,0.477823,0.481663,0.485153,0.488236,0.490885,0.4931,0.494899,0.49632,0.497411,0.498225,0.498815,0.499229,0.499512,0.4997,0.49982,0.499896,0.499941,0.499967,0.499982,0.49999,0.499993,0.499993
0.499996,0.499996,0.499994,0.49999,0.499981,0.499965,0.499938,0.499893,0.49982,0.499706,0.499532,0.499274,0.498904,0.498389,0.497692,0.496775,0.495603,0.494146,0.492387,0.49032,0.487958,0.485336,0.482506,0.479541,0.476529,0.473573,0.470777,0.468249,0.466089,0.464384,0.463207,0.462605,0.462605,0.463207,0.464384,0.466089,0.468249,0.470777,0.473573,0.476529,0.479541,0.482506,0.485336,0.487958,0.49032,0.492387,0.494146,0.495603,0.496775,0.497692,0.498389,0.498904,0.499274,0.499532,0.499706,0.49982,0.499893,0.499938,0.499965,0.499981,0.49999,0.499994,0.499996,0.499996
0.499998,0.499998,0.499997,0.499994,0.499989,0.49998,0.499965,0.499938,0.499896,0.499828,0.499723,0.499568,0.499343,0.499026,0.498594,0.49802,0.49728,0.496352,0.49522,0.493879,0.492333,0.490602,0.488718,0.486729,0.484694,0.482683,0.48077,0.479032,0.477539,0.476358,0.475539,0.47512,0.47512,0.475539,0.476358,0.477539,0.479032,0.48077,0.482683,0.484694,0.486729,0.488718,0.490602,0.492333,0.493879,0.49522,0.496352,0.49728,0.49802,0.498594,0.499026,0.499343,0.499568,0.499723,0.499828,0.499896,0.499938,0.499965,0.49998,0.499989,0.499994,0.499997,0.499998,0.499998
0.499999,0.499999,0.499998,0.499997,0.499994,0.499989,0.49998,0.499965,0.499941,0.499902,0.499841,0.49975,0.499617,0.499428,0.499168,0.498819,0.498366,0.497792,0.497087,0.496243,0.495263,0.494156,0.492943,0.491653,0.490324,0.489002,0.487738,0.486583,0.485587,0.484797,0.484248,0.483967,0.483967,0.484248,0.484797,0.485587,0.486583,0.487738,0.489002,0.490324,0.491653,0.492943,0.494156,0.495263,0.496243,0.497087,0.497792,0.498366,0.498819,0.499168,0.499428,0.499617,0.49975,0.499841,0.499902,0.499941,0.499965,0.49998,0.499989,0.499994,0.499997,0.499998,0.499999,0.499999
0.499999,0.499999,0.499999,0.499998,0.499997,0.499994,0.499989,0.499981,0.499967,0.499945,0.499911,0.499859,0.499782,0.499673,0.49952,0.499314,0.499043,0.498698,0.49827,0.497754,0.497149,0.496461,0.495702,0.494888,0.494044,0.4932,0.492389,0.491644,0.490999,0.490486,0.490129,0.489946,0.489946,0.490129,0.490486,0.490999,0.491644,0.492389,0.4932,0.494044,0.494888,0.495702,0.496461,0.497149,0.497754,0.49827,0.498698,0.499043,0.499314,0.49952,0.499673,0.499782,0.499859,0.499911,0.499945,0.499967,0.499981,0.499989,0.499994,0.499997,0.499998,0.499999,0.499999,0.499999
0.5,0.5,0.5,0.499999,0.499998,0.499997,0.499994,0.49999,0.499982,0.49997,0.499951,0.499922,0.499878,0.499815,0.499727,0.499606,0.499447,0.499242,0.498985,0.498673,0.498305,0.497882,0.497413,0.496906,0.496377,0.495845,0.495331,0.494856,0.494445,0.494116,0.493886,0.493768,0.493768,0.493886,0.494116,0.494445,0.494856,0.495331,0.495845,0.496377,0.496906,0.497413,0.497882,0.498305,0.498673,0.498985,0.499242,0.499447,0.499606,0.499727,0.499815,0.499878,0.499922,0.499951,0.49997,0.499982,0.49999,0.499994,0.499997,0.499998,0.499999,0.5,0.5,0.5
0.5,0.5,0.5,0.5,0.499999,0.499998,0.499997,0.499994,0.49999,0.499983,0.499972,0.499955,0.499929,0.499892,0.499839,0.499766,0.499669,0.499543,0.499383,0.499188,0.498956,0.498687,0.498386,0.498059,0.497716,0.497369,0.497031,0.496719,0.496446,0.496228,0.496076,0.495997,0.495997,0.496076,0.496228,0.496446,0.496719,0.497031,0.497369,0.497716,0.498059,0.498386,0.498687,0.498956,0.499188,0.499383,0.499543,0.499669,0.499766,0.499839,0.499892,0.499929,0.499955,0.499972,0.499983,0.49999,0.499994,0.499997,0.499998,0.499999,0.5,0.5,0.5,0.5
0.5,0.5,0.5,0.5,0.499999,0.499999,0.499998,0.499996,0.499993,0.499989,0.499981,0.499969,0.499951,0.499925,0.499888,0.499836,0.499766,0.499675,0.49956,0.499417,0.499246,0.499047,0.498823,0.498579,0.498321,0.498059,0.497803,0.497566,0.497358,0.497192,0.497075,0.497015,0.497015,0.497075,0.497192,0.497358,0.497566,0.497803,0.498059,0.498321,0.498579,0.498823,0.499047,0.499246,0.499417,0.49956,0.499675,0.499766,0.499836,0.499888,0.499925,0.499951,0.499969,0.499981,0.499989,0.499993,0.499996,0.499998,0.499999,0.499999,0.5,0.5,0.5,0.5
0.5,0.5,0.5,0.5,0.499999,0.499999,0.499998,0.499996,0.499993,0.499989,0.499981,0.499969,0.499951,0.499925,0.499888,0.499836,0.499766,0.499675,0.49956,0.499417,0.499246,0.499047,0.498823,0.498579,0.498321,0.498059,0.497803,0.497566,0.497358,0.497192,0.497075,0.497015,0.497015,0.497075,0.497192,0.497358,0.497566,0.497803,0.498059,0.498321,0.498579,0.498823,0.499047,0.499246,0.499417,0.49956,0.499675,0.499766,0.499836,0.499888,0.499925,0.499951,0.499969,0.499981,0.499989,0.499993,0.499996,0.499998,0.499999,0.499999,0.5,0.5,0.5,0.5
