0.5,0.5,0.5,0.5,0.5,0.5,0.5,0.5,0.5,0.5,0.5,0.5,0.5,0.499999,0.499999,0.499998,0.499997,0.499995,0.499993,0.49999,0.499987,0.499982,0.499976,0.499969,0.499962,0.499954,0.499946,0.499938,0.499931,0.499925,0.499921,0.499919,0.499919,0.499921,0.499925,0.499931,0.499938,0.499946,0.499954,0.499962,0.499969,0.499976,0.499982,0.499987,0.49999,0.499993,0.499995,0.499997,0.499998,0.499999,0.499999,0.5,0.5,0.5,0.5,0.5,0.5,0.5,0.5,0.5,0.5,0.5,0.5,0.5
0.5,0.5,0.5,0.5,0.5,0.5,0.5,0.5,0.5,0.5,0.5,0.5,0.5,0.499999,0.499999,0.499998,0.499997,0.499995,0.499993,0.49999,0.499987,0.499982,0.499976,0.499969,0.499962,0.499954,0.499946,0.499938,0.499931,0.499925,0.499921,0.499919,0.499919,0.499921,0.499925,0.499931,0.499938,0.499946,0.499954,0.499962,0.499969,0.499976,0.499982,0.499987,0.49999,0.499993,0.499995,0.499997,0.499998,0.499999,0.499999,0.5,0.5,0.5,0.5,0.5,0.5,0.5,0.5,0.5,0.5,0.5,0.5,0.5
0.5,0.5,0.5,0.5,0.5,0.5,0.5,0.5,0.5,0.5,0.5,0.5,0.499999,0.499999,0.499998,0.499997,0.499995,0.499992,0.499989,0.499984,0.499977,0.49997,0.49996,0.499949,0.499937,0.499924,0.499911,0.499898,0.499887,0.499878,0.499871,0.499868,0.499868,0.499871,0.499878,0.499887,0.499898,0.499911,0.499924,0.499937,0.499949,0.49996,0.49997,0.499977,0.499984,0.499989,0.499992,0.499995,0.499997,0.499998,0.499999,0.499999,0.5,0.5,0.5,0.5,0.5,0.5,0.5,0.5,0.5,0.5,0.5,0.5
0.5,0.5,0.5,0.5,0.5,0.5,0.5,0.5,0.5,0.5,0.5,0.499999,0.499998,0.499997,0.499996,0.499993,0.49999,0.499984,0.499977,0.499967,0.499955,0.499939,0.499921,0.4999,0.499876,0.499851,0.499826,0.499801,0.499779,0.499761,0.499748,0.499742,0.499742,0.499748,0.499761,0.499779,0.499801,0.499826,0.499851,0.499876,0.4999,0.499921,0.499939,0.499955,0.499967,0.499977,0.499984,0.49999,0.499993,0.499996,0.499997,0.499998,0.499999,0.5,0.5,0.5,0.5,0.5,0.5,0.5,0.5,0.5,0.5,0.5
0.5,0.5,0.5,0.5,0.5,0.5,0.5,0.5,0.5,0.499999,0.499999,0.499998,0.499997,0.499995,0.499991,0.499986,0.499978,0.499967,0.499953,0.499933,0.499908,0.499877,0.49984,0.499798,0.499751,0.499701,0.499651,0.499603,0.49956,0.499525,0.4995,0.499487,0.499487,0.4995,0.499525,0.49956,0.499603,0.499651,0.499701,0.499751,0.499798,0.49984,0.499877,0.499908,0.499933,0.499953,0.499967,0.499978,0.499986,0.499991,0.499995,0.499997,0.499998,0.499999,0.499999,0.5,0.5,0.5,0.5,0.5,0.5,0.5,0.5,0.5
0.5,0.5,0.5,0.5,0.5,0.5,0.5,0.5,0.499999,0.499999,0.499998,0.499996,0.499993,0.499989,0.499982,0.499971,0.499956,0.499934,0.499905,0.499866,0.499817,0.499756,0.499684,0.499601,0.49951,0.499415,0.499318,0.499226,0.499144,0.499076,0.499029,0.499004,0.499004,0.499029,0.499076,0.499144,0.499226,0.499318,0.499415,0.49951,0.499601,0.499684,0.499756,0.499817,0.499866,0.499905,0.499934,0.499956,0.499971,0.499982,0.499989,0.499993,0.499996,0.499998,0.499999,0.499999,0.5,0.5,0.5,0.5,0.5,0.5,0.5,0.5
0.5,0.5,0.5,0.5,0.5,0.5,0.5,0.499999,0.499999,0.499998,0.499996,0.499992,0.499987,0.499978,0.499964,0.499943,0.499913,0.499871,0.499814,0.49974,0.499646,0.49953,0.499394,0.499239,0.499069,0.49889,0.498711,0.49854,0.498387,0.498263,0.498175,0.498129,0.498129,0.498175,0.498263,0.498387,0.49854,0.498711,0.49889,0.499069,0.499239,0.499394,0.49953,0.499646,0.49974,0.499814,0.499871,0.499913,0.499943,0.499964,0.499978,0.499987,0.499992,0.499996,0.499998,0.499999,0.499999,0.5,0.5,0.5,0.5,0.5,0.5,0.5
0.5,0.5,0.5,0.5,0.5,0.5,0.499999,0.499999,0.499997,0.499995,0.499991,0.499985,0.499974,0.499957,0.49993,0.499891,0.499834,0.499756,0.49965,0.499512,0.499338,0.499126,0.498878,0.498596,0.498288,0.497966,0.497643,0.497337,0.497065,0.496844,0.496687,0.496606,0.496606,0.496687,0.496844,0.497065,0.497337,0.497643,0.497966,0.498288,0.498596,0.498878,0.499126,0.499338,0.499512,0.49965,0.499756,0.499834,0.499891,0.49993,0.499957,0.499974,0.499985,0.499991,0.499995,0.499997,0.499999,0.499999,0.5,0.5,0.5,0.5,0.5,0.5
0.5,0.5,0.5,0.5,0.5,0.499999,0.499999,0.499997,0.499995,0.499991,0.499983,0.499971,0.499951,0.499919,0.49987,0.499798,0.499695,0.499552,0.499361,0.499114,0.498804,0.498429,0.49799,0.497495,0.496957,0.496397,0.495838,0.49531,0.494841,0.49446,0.494192,0.494053,0.494053,0.494192,0.49446,0.494841,0.49531,0.495838,0.496397,0.496957,0.497495,0.49799,0.498429,0.498804,0.499114,0.499361,0.499552,0.499695,0.499798,0.49987,0.499919,0.499951,0.499971,0.499983,0.499991,0.499995,0.499997,0.499999,0.499999,0.5,0.5,0.5,0.5,0.5
0.5,0.5,0.5,0.5,0.499999,0.499999,0.499998,0.499995,0.499991,0.499983,0.49997,0.499947,0.49991,0.499853,0.499765,0.499637,0.499455,0.499205,0.498871,0.498442,0.497908,0.497265,0.496518,0.495679,0.494773,0.493832,0.492898,0.492018,0.491239,0.490608,0.490164,0.489934,0.489934,0.490164,0.490608,0.491239,0.492018,0.492898,0.493832,0.494773,0.495679,0.496518,0.497265,0.497908,0.498442,0.498871,0.499205,0.499455,0.499637,0.499765,0.499853,0.49991,0.499947,0.49997,0.499983,0.499991,0.499995,0.499998,0.499999,0.499999,0.5,0.5,0.5,0.5
0.5,0.5,0.5,0.5,0.499999,0.499998,0.499996,0.499991,0.499983,0.49997,0.499946,0.499906,0.499841,0.499741,0.49959,0.499369,0.499058,0.498632,0.49807,0.497351,0.496461,0.495396,0.494166,0.492793,0.491317,0.489793,0.488287,0.486873,0.485626,0.484619,0.48391,0.483545,0.483545,0.48391,0.484619,0.485626,0.486873,0.488287,0.489793,0.491317,0.492793,0.494166,0.495396,0.496461,0.497351,0.49807,0.498632,0.499058,0.499369,0.49959,0.499741,0.499841,0.499906,0.499946,0.49997,0.499983,0.499991,0.499996,0.499998,0.499999,0.5,0.5,0.5,0.5
0.5,0.5,0.5,0.499999,0.499998,0.499996,0.499992,0.499985,0.499971,0.499947,0.499906,0.499837,0.499728,0.499558,0.499304,0.498937,0.498421,0.497722,0.496803,0.495637,0.494203,0.492499,0.490542,0.488372,0.486052,0.483669,0.481326,0.479135,0.47721,0.475659,0.474571,0.47401,0.47401,0.474571,0.475659,0.47721,0.479135,0.481326,0.483669,0.486052,0.488372,0.490542,0.492499,0.494203,0.495637,0.496803,0.497722,0.498421,0.498937,0.499304,0.499558,0.499728,0.499837,0.499906,0.499947,0.499971,0.499985,0.499992,0.499996,0.499998,0.499999,0.5,0.5,0.5
0.5,0.5,0.499999,0.499998,0.499997,0.499993,0.499987,0.499974,0.499951,0.49991,0.499841,0.499728,0.499547,0.49927,0.498857,0.498263,0.497437,0.496323,0.494871,0.49304,0.490806,0.488168,0.48516,0.481846,0.478325,0.47473,0.471212,0.467938,0.465074,0.462773,0.461163,0.460333,0.460333,0.461163,0.462773,0.465074,0.467938,0.471212,0.47473,0.478325,0.481846,0.48516,0.488168,0.490806,0.49304,0.494871,0.496323,0.497437,0.498263,0.498857,0.49927,0.499547,0.499728,0.499841,0.49991,0.499951,0.499974,0.499987,0.499993,0.499997,0.499998,0.499999,0.5,0.5
0.499999,0.499999,0.499999,0.499997,0.499995,0.499989,0.499978,0.499957,0.499919,0.499853,0.499741,0.499558,0.49927,0.498829,0.498179,0.497249,0.495965,0.494247,0.492024,0.489242,0.485873,0.481925,0.477454,0.472564,0.467404,0.462167,0.457072,0.452355,0.448247,0.444958,0.442662,0.441481,0.441481,0.442662,0.444958,0.448247,0.452355,0.457072,0.462167,0.467404,0.472564,0.477454,0.481925,0.485873,0.489242,0.492024,0.494247,0.495965,0.497249,0.498179,0.498829,0.49927,0.499558,0.499741,0.499853,0.499919,0.499957,0.499978,0.499989,0.499995,0.499997,0.499999,0.499999,0.499999
0.499999,0.499999,0.499998,0.499996,0.499991,0.499982,0.499964,0.49993,0.49987,0.499765,0.49959,0.499304,0.498857,0.498179,0.497184,0.495773,0.493838,0.49127,0.487974,0.48388,0.478961,0.473244,0.46682,0.459845,0.45254,0.445176,0.438058,0.431505,0.425825,0.421295,0.418141,0.416523,0.416523,0.418141,0.421295,0.425825,0.431505,0.438058,0.445176,0.45254,0.459845,0.46682,0.473244,0.478961,0.48388,0.487974,0.49127,0.493838,0.495773,0.497184,0.498179,0.498857,0.499304,0.49959,0.499765,0.49987,0.49993,0.499964,0.499982,0.499991,0.499996,0.499998,0.499999,0.499999
0.499998,0.499998,0.499997,0.499993,0.499986,0.499971,0.499943,0.499891,0.499798,0.499637,0.499369,0.498937,0.498263,0.497249,0.495773,0.493696,0.490868,0.487146,0.482408,0.476571,0.469617,0.461603,0.452672,0.443056,0.433064,0.423067,0.413471,0.404691,0.397122,0.391112,0.386941,0.384806,0.384806,0.386941,0.391112,0.397122,0.404691,0.413471,0.423067,0.433064,0.443056,0.452672,0.461603,0.469617,0.476571,0.482408,0.487146,0.490868,0.493696,0.495773,0.497249,0.498263,0.498937,0.499369,0.499637,0.499798,0.499891,0.499943,0.499971,0.499986,0.499993,0.499997,0.499998,0.499998
0.499997,0.499997,0.499995,0.49999,0.499978,0.499956,0.499913,0.499834,0.499695,0.499455,0.499058,0.498421,0.497437,0.495965,0.493838,0.490868,0.486859,0.481625,0.475018,0.466951,0.457425,0.446545,0.434529,0.421706,0.408497,0.39539,0.382906,0.371563,0.361844,0.354165,0.348856,0.346144,0.346144,0.348856,0.354165,0.361844,0.371563,0.382906,0.39539,0.408497,0.421706,0.434529,0.446545,0.457425,0.466951,0.475018,0.481625,0.486859,0.490868,0.493838,0.495965,0.497437,0.498421,0.499058,0.499455,0.499695,0.499834,0.499913,0.499956,0.499978,0.49999,0.499995,0.499997,0.499997
0.499995,0.499995,0.499992,0.499984,0.499967,0.499934,0.499871,0.499756,0.499552,0.499205,0.498632,0.497722,0.496323,0.494247,0.49127,0.487146,0.481625,0.474479,0.465538,0.454722,0.442069,0.427755,0.4121,0.395553,0.37867,0.36207,0.346395,0.332266,0.320241,0.310795,0.304291,0.300977,0.300977,0.304291,0.310795,0.320241,0.332266,0.346395,0.36207,0.37867,0.395553,0.4121,0.427755,0.442069,0.454722,0.465538,0.474479,0.481625,0.487146,0.49127,0.494247,0.496323,0.497722,0.498632,0.499205,0.499552,0.499756,0.499871,0.499934,0.499967,0.499984,0.499992,0.499995,0.499995
0.499993,0.499993,0.499989,0.499977,0.499953,0.499905,0.499814,0.49965,0.499361,0.498871,0.49807,0.496803,0.494871,0.492024,0.487974,0.482408,0.475018,0.465538,0.453786,0.439706,0.423397,0.405135,0.385369,0.364697,0.343822,0.323505,0.304506,0.287532,0.273201,0.262016,0.254353,0.25046,0.25046,0.254353,0.262016,0.273201,0.287532,0.304506,0.323505,0.343822,0.364697,0.385369,0.405135,0.423397,0.439706,0.453786,0.465538,0.475018,0.482408,0.487974,0.492024,0.494871,0.496803,0.49807,0.498871,0.499361,0.49965,0.499814,0.499905,0.499953,0.499977,0.499989,0.499993,0.499993
0.49999,0.49999,0.499984,0.499967,0.499933,0.499866,0.49974,0.499512,0.499114,0.498442,0.497351,0.495637,0.49304,0.489242,0.48388,0.476571,0.466951,0.454722,0.439706,0.421893,0.401477,0.378862,0.354657,0.32963,0.304646,0.280606,0.25837,0.238706,0.222255,0.209513,0.200833,0.19644,0.19644,0.200833,0.209513,0.222255,0.238706,0.25837,0.280606,0.304646,0.32963,0.354657,0.378862,0.401477,0.421893,0.439706,0.454722,0.466951,0.476571,0.48388,0.489242,0.49304,0.495637,0.497351,0.498442,0.499114,0.499512,0.49974,0.499866,0.499933,0.499967,0.499984,0.49999,0.49999
0.499987,0.499987,0.499977,0.499955,0.499908,0.499817,0.499646,0.499338,0.498804,0.497908,0.496461,0.494203,0.490806,0.485873,0.478961,0.469617,0.457425,0.442069,0.423397,0.401477,0.376625,0.349413,0.320636,0.291247,0.262281,0.23476,0.20962,0.187649,0.169465,0.155507,0.146066,0.141308,0.141308,0.146066,0.155507,0.169465,0.187649,0.20962,0.23476,0.262281,0.291247,0.320636,0.349413,0.376625,0.401477,0.423397,0.442069,0.457425,0.469617,0.478961,0.485873,0.490806,0.494203,0.496461,0.497908,0.498804,0.499338,0.499646,0.499817,0.499908,0.499955,0.499977,0.499987,0.499987
0.499982,0.499982,0.49997,0.499939,0.499877,0.499756,0.49953,0.499126,0.498429,0.497265,0.495396,0.492499,0.488168,0.481925,0.473244,0.461603,0.446545,0.427755,0.405135,0.378862,0.349413,0.317556,0.284296,0.250785,0.218215,0.18771,0.160239,0.136561,0.117211,0.102521,0.0926693,0.087731,0.087731,0.0926693,0.102521,0.117211,0.136561,0.160239,0.18771,0.218215,0.250785,0.284296,0.317556,0.349413,0.378862,0.405135,0.427755,0.446545,0.461603,0.473244,0.481925,0.488168,0.492499,0.495396,0.497265,0.498429,0.499126,0.49953,0.499756,0.499877,0.499939,0.49997,0.499982,0.499982
0.499976,0.499976,0.49996,0.499921,0.49984,0.499684,0.499394,0.498878,0.49799,0.496518,0.494166,0.490542,0.48516,0.477454,0.46682,0.452672,0.434529,0.4121,0.385369,0.354657,0.320636,0.284296,0.246871,0.209709,0.174145,0.141368,0.112333,0.0877114,0.0678969,0.0530574,0.0432106,0.038309,0.038309,0.0432106,0.0530574,0.0678969,0.0877114,0.112333,0.141368,0.174145,0.209709,0.246871,0.284296,0.320636,0.354657,0.385369,0.4121,0.434529,0.452672,0.46682,0.477454,0.48516,0.490542,0.494166,0.496518,0.49799,0.498878,0.499394,0.499684,0.49984,0.499921,0.49996,0.499976,0.499976
0.499969,0.499969,0.499949,0.4999,0.499798,0.499601,0.499239,0.498596,0.497495,0.495679,0.492793,0.488372,0.481846,0.472564,0.459845,0.443056,0.421706,0.395553,0.364697,0.32963,0.291247,0.250785,0.209709,0.169557,0.131778,0.0975872,0.0678711,0.0431557,0.0236377,0.00926776,-0.00013645,-0.00477555,-0.00477555,-0.00013645,0.00926776,0.0236377,0.0431557,0.0678711,0.0975872,0.131778,0.169557,0.209709,0.250785,0.291247,0.32963,0.364697,0.395553,0.421706,0.443056,0.459845,0.472564,0.481846,0.488372,0.492793,0.495679,0.497495,0.498596,0.499239,0.499601,0.499798,0.4999,0.499949,0.499969,0.499969
0.499962,0.499962,0.499937,0.499876,0.499751,0.49951,0.499069,0.498288,0.496957,0.494773,0.491317,0.486052,0.478325,0.467404,0.45254,0.433064,0.408497,0.37867,0.343822,0.304646,0.262281,0.218215,0.174145,0.131778,0.0926464,0.0579461,0.0284467,0.00447685,-0.0140124,-0.0273272,-0.0358814,-0.0400491,-0.0400491,-0.0358814,-0.0273272,-0.0140124,0.00447685,0.0284467,0.0579461,0.0926464,0.131778,0.174145,0.218215,0.262281,0.304646,0.343822,0.37867,0.408497,0.433064,0.45254,0.467404,0.478325,0.486052,0.491317,0.494773,0.496957,0.498288,0.499069,0.49951,0.499751,0.499876,0.499937,0.499962,0.499962
0.499954,0.499954,0.499924,0.499851,0.499701,0.499415,0.49889,0.497966,0.496397,0.493832,0.489793,0.483669,0.47473,0.462167,0.445176,0.423067,0.39539,0.36207,0.323505,0.280606,0.23476,0.18771,0.141368,0.0975872,0.0579461,0.0235821,-0.00489467,-0.0273912,-0.0442347,-0.0560131,-0.0633882,-0.0669177,-0.0669177,-0.0633882,-0.0560131,-0.0442347,-0.0273912,-0.00489467,0.0235821,0.0579461,0.0975872,0.141368,0.18771,0.23476,0.280606,0.323505,0.36207,0.39539,0.423067,0.445176,0.462167,0.47473,0.483669,0.489793,0.493832,0.496397,0.497966,0.49889,0.499415,0.499701,0.499851,0.499924,0.499954,0.499954
0.499946,0.499946,0.499911,0.499826,0.499651,0.499318,0.498711,0.497643,0.495838,0.492898,0.488287,0.481326,0.471212,0.457072,0.438058,0.413471,0.382906,0.346395,0.304506,0.25837,0.20962,0.160239,0.112333,0.0678711,0.0284467,-0.00489467,-0.03173,-0.0522232,-0.0669929,-0.0769145,-0.0828986,-0.0856848,-0.0856848,-0.0828986,-0.0769145,-0.0669929,-0.0522232,-0.03173,-0.00489467,0.0284467,0.0678711,0.112333,0.160239,0.20962,0.25837,0.304506,0.346395,0.382906,0.413471,0.438058,0.457072,0.471212,0.481326,0.488287,0.492898,0.495838,0.497643,0.498711,0.499318,0.499651,0.499826,0.499911,0.499946,0.499946
0.499938,0.499938,0.499898,0.499801,0.499603,0.499226,0.49854,0.497337,0.49531,0.492018,0.486873,0.479135,0.467938,0.452355,0.431505,0.404691,0.371563,0.332266,0.287532,0.238706,0.187649,0.136561,0.0877114,0.0431557,0.00447685,-0.0273912,-0.0522232,-0.0704407,-0.0829452,-0.0908866,-0.0954086,-0.0974197,-0.0974197,-0.0954086,-0.0908866,-0.0829452,-0.0704407,-0.0522232,-0.0273912,0.00447685,0.0431557,0.0877114,0.136561,0.187649,0.238706,0.287532,0.332266,0.371563,0.404691,0.431505,0.452355,0.467938,0.479135,0.486873,0.492018,0.49531,0.497337,0.49854,0.499226,0.499603,0.499801,0.499898,0.499938,0.499938
0.499931,0.499931,0.499887,0.499779,0.49956,0.499144,0.498387,0.497065,0.494841,0.491239,0.485626,0.47721,0.465074,0.448247,0.425825,0.397122,0.361844,0.320241,0.273201,0.222255,0.169465,0.117211,0.0678969,0.0236377,-0.0140124,-0.0442347,-0.0669929,-0.0829452,-0.0932483,-0.0992939,-0.10243,-0.103709,-0.103709,-0.10243,-0.0992939,-0.0932483,-0.0829452,-0.0669929,-0.0442347,-0.0140124,0.0236377,0.0678969,0.117211,0.169465,0.222255,0.273201,0.320241,0.361844,0.397122,0.425825,0.448247,0.465074,0.47721,0.485626,0.491239,0.494841,0.497065,0.498387,0.499144,0.49956,0.499779,0.499887,0.499931,0.499931
0.499925,0.499925,0.499878,0.499761,0.499525,0.499076,0.498263,0.496844,0.49446,0.490608,0.484619,0.475659,0.462773,0.444958,0.421295,0.391112,0.354165,0.310795,0.262016,0.209513,0.155507,0.102521,0.0530574,0.00926776,-0.0273272,-0.0560131,-0.0769145,-0.0908866,-0.0992939,-0.103723,-0.105685,-0.106348,-0.106348,-0.105685,-0.103723,-0.0992939,-0.0908866,-0.0769145,-0.0560131,-0.0273272,0.00926776,0.0530574,0.102521,0.155507,0.209513,0.262016,0.310795,0.354165,0.391112,0.421295,0.444958,0.462773,0.475659,0.484619,0.490608,0.49446,0.496844,0.498263,0.499076,0.499525,0.499761,0.499878,0.499925,0.499925
0.499921,0.499921,0.499871,0.499748,0.4995,0.499029,0.498175,0.496687,0.494192,0.490164,0.48391,0.474571,0.461163,0.442662,0.418141,0.386941,0.348856,0.304291,0.254353,0.200833,0.146066,0.0926693,0.0432106,-0.00013645,-0.0358814,-0.0633882,-0.0828986,-0.0954086,-0.10243,-0.105685,-0.106796,-0.107014,-0.107014,-0.106796,-0.105685,-0.10243,-0.0954086,-0.0828986,-0.0633882,-0.0358814,-0.00013645,0.0432106,0.0926693,0.146066,0.200833,0.254353,0.304291,0.348856,0.386941,0.418141,0.442662,0.461163,0.474571,0.48391,0.490164,0.494192,0.496687,0.498175,0.499029,0.4995,0.499748,0.499871,0.499921,0.499921
0.499919,0.499919,0.499868,0.499742,0.499487,0.499004,0.498129,0.496606,0.494053,0.489934,0.483545,0.47401,0.460333,0.441481,0.416523,0.384806,0.346144,0.300977,0.25046,0.19644,0.141308,0.087731,0.038309,-0.00477555,-0.0400491,-0.0669177,-0.0856848,-0.0974197,-0.103709,-0.106348,-0.107014,-0.106999,-0.106999,-0.107014,-0.106348,-0.103709,-0.0974197,-0.0856848,-0.0669177,-0.0400491,-0.00477555,0.038309,0.087731,0.141308,0.19644,0.25046,0.300977,0.346144,0.384806,0.416523,0.441481,0.460333,0.47401,0.483545,0.489934,0.494053,0.496606,0.498129,0.499004,0.499487,0.499742,0.499868,0.499919,0.499919
0.499919,0.499919,0.499868,0.499742,0.499487,0.499004,0.498129,0.496606,0.494053,0.489934,0.483545,0.47401,0.460333,0.441481,0.416523,0.384806,0.346144,0.300977,0.25046,0.19644,0.141308,0.087731,0.038309,-0.00477555,-0.0400491,-0.0669177,-0.0856848,-0.0974197,-0.103709,-0.106348,-0.107014,-0.106999,-0.106999,-0.107014,-0.106348,-0.103709,-0.0974197,-0.0856848,-0.0669177,-0.0400491,-0.00477555,0.038309,0.087731,0.141308,0.19644,0.25046,0.300977,0.346144,0.384806,0.416523,0.441481,0.460333,0.47401,0.483545,0.489934,0.494053,0.496606,0.498129,0.499004,0.499487,0.499742,0.499868,0.499919,0.499919
0.499921,0.499921,0.499871,0.499748,0.4995,0.499029,0.498175,0.496687,0.494192,0.490164,0.48391,0.474571,0.461163,0.442662,0.418141,0.386941,0.348856,0.304291,0.254353,0.200833,0.146066,0.0926693,0.0432106,-0.00013645,-0.0358814,-0.0633882,-0.0828986,-0.0954086,-0.10243,-0.105685,-0.106796,-0.107014,-0.107014,-0.106796,-0.105685,-0.10243,-0.0954086,-0.0828986,-0.0633882,-0.0358814,-0.00013645,0.0432106,0.0926693,0.146066,0.200833,0.254353,0.304291,0.348856,0.386941,0.418141,0.442662,0.461163,0.474571,0.48391,0.490164,0.494192,0.496687,0.498175,0.499029,0.4995,0.499748,0.499871,0.499921,0.499921
0.499925,0.499925,0.499878,0.499761,0.499525,0.499076,0.498263,0.496844,0.49446,0.490608,0.484619,0.475659,0.462773,0.444958,0.421295,0.391112,0.354165,0.310795,0.262016,0.209513,0.155507,0.102521,0.0530574,0.00926776,-0.0273272,-0.0560131,-0.0769145,-0.0908866,-0.0992939,-0.103723,-0.105685,-0.106348,-0.106348,-0.105685,-0.103723,-0.0992939,-0.0908866,-0.0769145,-0.0560131,-0.0273272,0.00926776,0.0530574,0.102521,0.155507,0.209513,0.262016,0.310795,0.354165,0.391112,0.421295,0.444958,0.462773,0.475659,0.484619,0.490608,0.49446,0.496844,0.498263,0.499076,0.499525,0.499761,0.499878,0.499925,0.499925
0.499931,0.499931,0.499887,0.499779,0.49956,0.499144,0.498387,0.497065,0.494841,0.491239,0.485626,0.47721,0.465074,0.448247,0.425825,0.397122,0.361844,0.320241,0.273201,0.222255,0.169465,0.117211,0.0678969,0.0236377,-0.0140124,-0.0442347,-0.0669929,-0.0829452,-0.0932483,-0.0992939,-0.10243,-0.103709,-0.103709,-0.10243,-0.0992939,-0.0932483,-0.0829452,-0.0669929,-0.0442347,-0.0140124,0.0236377,0.0678969,0.117211,0.169465,0.222255,0.273201,0.320241,0.361844,0.397122,0.425825,0.448247,0.465074,0.47721,0.485626,0.491239,0.494841,0.497065,0.498387,0.499144,0.49956,0.499779,0.499887,0.499931,0.499931
0.499938,0.499938,0.499898,0.499801,0.499603,0.499226,0.49854,0.497337,0.49531,0.492018,0.486873,0.479135,0.467938,0.452355,0.431505,0.404691,0.371563,0.332266,0.287532,0.238706,0.187649,0.136561,0.0877114,0.0431557,0.00447685,-0.0273912,-0.0522232,-0.0704407,-0.0829452,-0.0908866,-0.0954086,-0.0974197,-0.0974197,-0.0954086,-0.0908866,-0.0829452,-0.0704407,-0.0522232,-0.0273912,0.00447685,0.0431557,0.0877114,0.136561,0.187649,0.238706,0.287532,0.332266,0.371563,0.404691,0.431505,0.452355,0.467938,0.479135,0.486873,0.492018,0.49531,0.497337,0.49854,0.499226,0.499603,0.499801,0.499898,0.499938,0.499938
0.499946,0.499946,0.499911,0.499826,0.499651,0.499318,0.498711,0.497643,0.495838,0.492898,0.488287,0.481326,0.471212,0.457072,0.438058,0.413471,0.382906,0.346395,0.304506,0.25837,0.20962,0.160239,0.112333,0.0678711,0.0284467,-0.00489467,-0.03173,-0.0522232,-0.0669929,-0.0769145,-0.0828986,-0.0856848,-0.0856848,-0.0828986,-0.0769145,-0.0669929,-0.0522232,-0.03173,-0.00489467,0.0284467,0.0678711,0.112333,0.160239,0.20962,0.25837,0.304506,0.346395,0.382906,0.413471,0.438058,0.457072,0.471212,0.481326,0.488287,0.492898,0.495838,0.497643,0.498711,0.499318,0.499651,0.499826,0.499911,0.499946,0.499946
0.499954,0.499954,0.499924,0.499851,0.499701,0.499415,0.49889,0.497966,0.496397,0.493832,0.489793,0.483669,0.47473,0.462167,0.445176,0.423067,0.39539,0.36207,0.323505,0.280606,0.23476,0.18771,0.141368,0.0975872,0.0579461,0.0235821,-0.00489467,-0.0273912,-0.0442347,-0.0560131,-0.0633882,-0.0669177,-0.0669177,-0.0633882,-0.0560131,-0.0442347,-0.0273912,-0.00489467,0.0235821,0.0579461,0.0975872,0.141368,0.18771,0.23476,0.280606,0.323505,0.36207,0.39539,0.423067,0.445176,0.462167,0.47473,0.483669,0.489793,0.493832,0.496397,0.497966,0.49889,0.499415,0.499701,0.499851,0.499924,0.499954,0.499954
0.499962,0.499962,0.499937,0.499876,0.499751,0.49951,0.499069,0.498288,0.496957,0.494773,0.491317,0.486052,0.478325,0.467404,0.45254,0.433064,0.408497,0.37867,0.343822,0.304646,0.262281,0.218215,0.174145,0.131778,0.0926464,0.0579461,0.0284467,0.00447685,-0.0140124,-0.0273272,-0.0358814,-0.0400491,-0.0400491,-0.0358814,-0.0273272,-0.0140124,0.00447685,0.0284467,0.0579461,0.0926464,0.131778,0.174145,0.218215,0.262281,0.304646,0.343822,0.37867,0.408497,0.433064,0.45254,0.467404,0.478325,0.486052,0.491317,0.494773,0.496957,0.498288,0.499069,0.49951,0.499751,0.499876,0.499937,0.499962,0.499962
0.499969,0.499969,0.499949,0.4999,0.499798,0.499601,0.499239,0.498596,0.497495,0.495679,0.492793,0.488372,0.481846,0.472564,0.459845,0.443056,0.421706,0.395553,0.364697,0.32963,0.291247,0.250785,0.209709,0.169557,0.131778,0.0975872,0.0678711,0.0431557,0.0236377,0.00926776,-0.00013645,-0.00477555,-0.00477555,-0.00013645,0.00926776,0.0236377,0.0431557,0.0678711,0.0975872,0.131778,0.169557,0.209709,0.250785,0.291247,0.32963,0.364697,0.395553,0.421706,0.443056,0.459845,0.472564,0.481846,0.488372,0.492793,0.495679,0.497495,0.498596,0.499239,0.499601,0.499798,0.4999,0.499949,0.499969,0.499969
0.499976,0.499976,0.49996,0.499921,0.49984,0.499684,0.499394,0.498878,0.49799,0.496518,0.494166,0.490542,0.48516,0.477454,0.46682,0.452672,0.434529,0.4121,0.385369,0.354657,0.320636,0.284296,0.246871,0.209709,0.174145,0.141368,0.112333,0.0877114,0.0678969,0.0530574,0.0432106,0.038309,0.038309,0.0432106,0.0530574,0.0678969,0.0877114,0.112333,0.141368,0.174145,0.209709,0.246871,0.284296,0.320636,0.354657,0.385369,0.4121,0.434529,0.452672,0.46682,0.477454,0.48516,0.490542,0.494166,0.496518,0.49799,0.498878,0.499394,0.499684,0.49984,0.499921,0.49996,0.499976,0.499976
0.499982,0.499982,0.49997,0.499939,0.499877,0.499756,0.49953,0.499126,0.498429,0.497265,0.495396,0.492499,0.488168,0.481925,0.473244,0.461603,0.446545,0.427755,0.405135,0.378862,0.349413,0.317556,0.284296,0.250785,0.218215,0.18771,0.160239,0.136561,0.117211,0.102521,0.0926693,0.087731,0.087731,0.0926693,0.102521,0.117211,0.136561,0.160239,0.18771,0.218215,0.250785,0.284296,0.317556,0.349413,0.378862,0.405135,0.427755,0.446545,0.461603,0.473244,0.481925,0.488168,0.492499,0.495396,0.497265,0.498429,0.499126,0.49953,0.499756,0.499877,0.499939,0.49997,0.499982,0.499982
0.499987,0.499987,0.499977,0.499955,0.499908,0.499817,0.499646,0.499338,0.498804,0.497908,0.496461,0.494203,0.490806,0.485873,0.478961,0.469617,0.457425,0.442069,0.423397,0.401477,0.376625,0.349413,0.320636,0.291247,0.262281,0.23476,0.20962,0.187649,0.169465,0.155507,0.146066,0.141308,0.141308,0.146066,0.155507,0.169465,0.187649,0.20962,0.23476,0.262281,0.291247,0.320636,0.349413,0.376625,0.401477,0.423397,0.442069,0.457425,0.469617,0.478961,0.485873,0.490806,0.494203,0.496461,0.497908,0.498804,0.499338,0.499646,0.499817,0.499908,0.499955,0.499977,0.499987,0.499987
0.49999,0.49999,0.499984,0.499967,0.499933,0.499866,0.49974,0.499512,0.499114,0.498442,0.497351,0.495637,0.49304,0.489242,0.48388,0.476571,0.466951,0.454722,0.439706,0.421893,0.401477,0.378862,0.354657,0.32963,0.304646,0.280606,0.25837,0.238706,0.222255,0.209513,0.200833,0.19644,0.19644,0.200833,0.209513,0.222255,0.238706,0.25837,0.280606,0.304646,0.32963,0.354657,0.378862,0.401477,0.421893,0.439706,0.454722,0.466951,0.476571,0.48388,0.489242,0.49304,0.495637,0.497351,0.498442,0.499114,0.499512,0.49974,0.499866,0.499933,0.499967,0.499984,0.49999,0.49999
0.499993,0.499993,0.499989,0.499977,0.499953,0.499905,0.499814,0.49965,0.499361,0.498871,0.49807,0.496803,0.494871,0.492024,0.487974,0.482408,0.475018,0.465538,0.453786,0.439706,0.423397,0.405135,0.385369,0.364697,0.343822,0.323505,0.304506,0.287532,0.273201,0.262016,0.254353,0.25046,0.25046,0.254353,0.262016,0.273201,0.287532,0.304506,0.323505,0.343822,0.364697,0.385369,0.405135,0.423397,0.439706,0.453786,0.465538,0.475018,0.482408,0.487974,0.492024,0.494871,0.496803,0.49807,0.498871,0.499361,0.49965,0.499814,0.499905,0.499953,0.499977,0.499989,0.499993,0.499993
0.499995,0.499995,0.499992,0.499984,0.499967,0.499934,0.499871,0.499756,0.499552,0.499205,0.498632,0.497722,0.496323,0.494247,0.49127,0.487146,0.481625,0.474479,0.465538,0.454722,0.442069,0.427755,0.4121,0.395553,0.37867,0.36207,0.346395,0.332266,0.320241,0.310795,0.304291,0.300977,0.300977,0.304291,0.310795,0.320241,0.332266,0.346395,0.36207,0.37867,0.395553,0.4121,0.427755,0.442069,0.454722,0.465538,0.474479,0.481625,0.487146,0.49127,0.494247,0.496323,0.497722,0.498632,0.499205,0.499552,0.499756,0.499871,0.499934,0.499967,0.499984,0.499992,0.499995,0.499995
0.499997,0.499997,0.499995,0.49999,0.499978,0.499956,0.499913,0.499834,0.499695,0.499455,0.499058,0.498421,0.497437,0.495965,0.493838,0.490868,0.486859,0.481625,0.475018,0.466951,0.457425,0.446545,0.434529,0.421706,0.408497,0.39539,0.382906,0.371563,0.361844,0.354165,0.348856,0.346144,0.346144,0.348856,0.354165,0.361844,0.371563,0.382906,0.39539,0.408497,0.421706,0.434529,0.446545,0.457425,0.466951,0.475018,0.481625,0.486859,0.490868,0.493838,0.495965,0.497437,0.498421,0.499058,0.499455,0.499695,0.499834,0.499913,0.499956,0.499978,0.49999,0.499995,0.499997,0.499997
0.499998,0.499998,0.499997,0.499993,0.499986,0.499971,0.499943,0.499891,0.499798,0.499637,0.499369,0.498937,0.498263,0.497249,0.495773,0.493696,0.490868,0.487146,0.482408,0.476571,0.469617,0.461603,0.452672,0.443056,0.433064,0.423067,0.413471,0.404691,0.397122,0.391112,0.386941,0.384806,0.384806,0.386941,0.391112,0.397122,0.404691,0.413471,0.423067,0.433064,0.443056,0.452672,0.461603,0.469617,0.476571,0.482408,0.487146,0.490868,0.493696,0.495773,0.497249,0.498263,0.498937,0.499369,0.499637,0.499798,0.499891,0.499943,0.499971,0.499986,0.499993,0.499997,0.499998,0.499998
0.499999,0.499999,0.499998,0.499996,0.499991,0.499982,0.499964,0.49993,0.49987,0.499765,0.49959,0.499304,0.498857,0.498179,0.497184,0.495773,0.493838,0.49127,0.487974,0.48388,0.478961,0.473244,0.46682,0.459845,0.45254,0.445176,0.438058,0.431505,0.425825,0.421295,0.418141,0.416523,0.416523,0.418141,0.421295,0.425825,0.431505,0.438058,0.445176,0.45254,0.459845,0.46682,0.473244,0.478961,0.48388,0.487974,0.49127,0.493838,0.495773,0.497184,0.498179,0.498857,0.499304,0.49959,0.499765,0.49987,0.49993,0.499964,0.499982,0.499991,0.499996,0.499998,0.499999,0.499999
0.499999,0.499999,0.499999,0.499997,0.499995,0.499989,0.499978,0.499957,0.499919,0.499853,0.499741,0.499558,0.49927,0.498829,0.498179,0.497249,0.495965,0.494247,0.492024,0.489242,0.485873,0.481925,0.477454,0.472564,0.467404,0.462167,0.457072,0.452355,0.448247,0.444958,0.442662,0.441481,0.441481,0.442662,0.444958,0.448247,0.452355,0.457072,0.462167,0.467404,0.472564,0.477454,0.481925,0.485873,0.489242,0.492024,0.494247,0.495965,0.497249,0.498179,0.498829,0.49927,0.499558,0.499741,0.499853,0.499919,0.499957,0.499978,0.499989,0.499995,0.499997,0.499999,0.499999,0.499999
0.5,0.5,0.499999,0.499998,0.499997,0.499993,0.499987,0.499974,0.499951,0.49991,0.499841,0.499728,0.499547,0.49927,0.498857,0.498263,0.497437,0.496323,0.494871,0.49304,0.490806,0.488168,0.48516,0.481846,0.478325,0.47473,0.471212,0.467938,0.465074,0.462773,0.461163,0.460333,0.460333,0.461163,0.462773,0.465074,0.467938,0.471212,0.47473,0.478325,0.481846,0.48516,0.488168,0.490806,0.49304,0.494871,0.496323,0.497437,0.498263,0.498857,0.49927,0.499547,0.499728,0.499841,0.49991,0.499951,0.499974,0.499987,0.499993,0.499997,0.499998,0.499999,0.5,0.5
0.5,0.5,0.5,0.499999,0.499998,0.499996,0.499992,0.499985,0.499971,0.499947,0.499906,0.499837,0.499728,0.499558,0.499304,0.498937,0.498421,0.497722,0.496803,0.495637,0.494203,0.492499,0.490542,0.488372,0.486052,0.483669,0.481326,0.479135,0.47721,0.475659,0.474571,0.47401,0.47401,0.474571,0.475659,0.47721,0.479135,0.481326,0.483669,0.486052,0.488372,0.490542,0.492499,0.494203,0.495637,0.496803,0.497722,0.498421,0.498937,0.499304,0.499558,0.499728,0.499837,0.499906,0.499947,0.499971,0.499985,0.499992,0.499996,0.499998,0.499999,0.5,0.5,0.5
0.5,0.5,0.5,0.5,0.499999,0.499998,0.499996,0.499991,0.499983,0.49997,0.499946,0.499906,0.499841,0.499741,0.49959,0.499369,0.499058,0.498632,0.49807,0.497351,0.496461,0.495396,0.494166,0.492793,0.491317,0.489793,0.488287,0.486873,0.485626,0.484619,0.48391,0.483545,0.483545,0.48391,0.484619,0.485626,0.486873,0.488287,0.489793,0.491317,0.492793,0.494166,0.495396,0.496461,0.497351,0.49807,0.498632,0.499058,0.499369,0.49959,0.499741,0.499841,0.499906,0.499946,0.49997,0.499983,0.499991,0.499996,0.499998,0.499999,0.5,0.5,0.5,0.5
0.5,0.5,0.5,0.5,0.499999,0.499999,0.499998,0.499995,0.499991,0.499983,0.49997,0.499947,0.49991,0.499853,0.499765,0.499637,0.499455,0.499205,0.498871,0.498442,0.497908,0.497265,0.496518,0.495679,0.494773,0.493832,0.492898,0.492018,0.491239,0.490608,0.490164,0.489934,0.489934,0.490164,0.490608,0.491239,0.492018,0.492898,0.493832,0.494773,0.495679,0.496518,0.497265,0.497908,0.498442,0.498871,0.499205,0.499455,0.499637,0.499765,0.499853,0.49991,0.499947,0.49997,0.499983,0.499991,0.499995,0.499998,0.499999,0.499999,0.5,0.5,0.5,0.5
0.5,0.5,0.5,0.5,0.5,0.499999,0.499999,0.499997,0.499995,0.499991,0.499983,0.499971,0.499951,0.499919,0.49987,0.499798,0.499695,0.499552,0.499361,0.499114,0.498804,0.498429,0.49799,0.497495,0.496957,0.496397,0.495838,0.49531,0.494841,0.49446,0.494192,0.494053,0.494053,0.494192,0.49446,0.494841,0.49531,0.495838,0.496397,0.496957,0.497495,0.49799,0.498429,0.498804,0.499114,0.499361,0.499552,0.499695,0.499798,0.49987,0.499919,0.499951,0.499971,0.499983,0.499991,0.499995,0.499997,0.499999,0.499999,0.5,0.5,0.5,0.5,0.5
0.5,0.5,0.5,0.5,0.5,0.5,0.499999,0.499999,0.499997,0.499995,0.499991,0.499985,0.499974,0.499957,0.49993,0.499891,0.499834,0.499756,0.49965,0.499512,0.499338,0.499126,0.498878,0.498596,0.498288,0.497966,0.497643,0.497337,0.497065,0.496844,0.496687,0.496606,0.496606,0.496687,0.496844,0.497065,0.497337,0.497643,0.497966,0.498288,0.498596,0.498878,0.499126,0.499338,0.499512,0.49965,0.499756,0.499834,0.499891,0.49993,0.499957,0.499974,0.499985,0.499991,0.499995,0.499997,0.499999,0.499999,0.5,0.5,0.5,0.5,0.5,0.5
0.5,0.5,0.5,0.5,0.5,0.5,0.5,0.499999,0.499999,0.499998,0.499996,0.499992,0.499987,0.499978,0.499964,0.499943,0.499913,0.499871,0.499814,0.49974,0.499646,0.49953,0.499394,0.499239,0.499069,0.49889,0.498711,0.49854,0.498387,0.498263,0.498175,0.498129,0.498129,0.498175,0.498263,0.498387,0.49854,0.498711,0.49889,0.499069,0.499239,0.499394,0.49953,0.499646,0.49974,0.499814,0.499871,0.499913,0.499943,0.499964,0.499978,0.499987,0.499992,0.499996,0.499998,0.499999,0.499999,0.5,0.5,0.5,0.5,0.5,0.5,0.5
0.5,0.5,0.5,0.5,0.5,0.5,0.5,0.5,0.499999,0.499999,0.499998,0.499996,0.499993,0.499989,0.499982,0.499971,0.499956,0.499934,0.499905,0.499866,0.499817,0.499756,0.499684,0.499601,0.49951,0.499415,0.499318,0.499226,0.499144,0.499076,0.499029,0.499004,0.499004,0.499029,0.499076,0.499144,0.499226,0.499318,0.499415,0.49951,0.499601,0.499684,0.499756,0.499817,0.499866,0.499905,0.499934,0.499956,0.499971,0.499982,0.499989,0.499993,0.499996,0.499998,0.499999,0.499999,0.5,0.5,0.5,0.5,0.5,0.5,0.5,0.5
0.5,0.5,0.5,0.5,0.5,0.5,0.5,0.5,0.5,0.499999,0.499999,0.499998,0.499997,0.499995,0.499991,0.499986,0.499978,0.499967,0.499953,0.499933,0.499908,0.499877,0.49984,0.499798,0.499751,0.499701,0.499651,0.499603,0.49956,0.499525,0.4995,0.499487,0.499487,0.4995,0.499525,0.49956,0.499603,0.499651,0.499701,0.499751,0.499798,0.49984,0.499877,0.499908,0.499933,0.499953,0.499967,0.499978,0.499986,0.499991,0.499995,0.499997,0.499998,0.499999,0.499999,0.5,0.5,0.5,0.5,0.5,0.5,0.5,0.5,0.5
0.5,0.5,0.5,0.5,0.5,0.5,0.5,0.5,0.5,0.5,0.5,0.499999,0.499998,0.499997,0.499996,0.499993,0.49999,0.499984,0.499977,0.499967,0.499955,0.499939,0.499921,0.4999,0.499876,0.499851,0.499826,0.499801,0.499779,0.499761,0.499748,0.499742,0.499742,0.499748,0.499761,0.499779,0.499801,0.499826,0.499851,0.499876,0.4999,0.499921,0.499939,0.499955,0.499967,0.499977,0.499984,0.49999,0.499993,0.499996,0.499997,0.499998,0.499999,0.5,0.5,0.5,0.5,0.5,0.5,0.5,0.5,0.5,0.5,0.5
0.5,0.5,0.5,0.5,0.5,0.5,0.5,0.5,0.5,0.5,0.5,0.5,0.499999,0.499999,0.499998,0.499997,0.499995,0.499992,0.499989,0.499984,0.499977,0.49997,0.49996,0.499949,0.499937,0.499924,0.499911,0.499898,0.499887,0.499878,0.499871,0.499868,0.499868,0.499871,0.499878,0.499887,0.499898,0.499911,0.499924,0.499937,0.499949,0.49996,0.49997,0.499977,0.499984,0.499989,0.499992,0.499995,0.499997,0.499998,0.499999,0.499999,0.5,0.5,0.5,0.5,0.5,0.5,0.5,0.5,0.5,0.5,0.5,0.5
0.5,0.5,0.5,0.5,0.5,0.5,0.5,0.5,0.5,0.5,0.5,0.5,0.5,0.499999,0.499999,0.499998,0.499997,0.499995,0.499993,0.49999,0.499987,0.499982,0.499976,0.499969,0.499962,0.499954,0.499946,0.499938,0.499931,0.499925,0.499921,0.499919,0.499919,0.499921,0.499925,0.499931,0.499938,0.499946,0.499954,0.499962,0.499969,0.499976,0.499982,0.499987,0.49999,0.499993,0.499995,0.499997,0.499998,0.499999,0.499999,0.5,0.5,0.5,0.5,0.5,0.5,0.5,0.5,0.5,0.5,0.5,0.5,0.5
0.5,0.5,0.5,0.5,0.5,0.5,0.5,0.5,0.5,0.5,0.5,0.5,0.5,0.499999,0.499999,0.499998,0.499997,0.499995,0.499993,0.49999,0.499987,0.499982,0.499976,0.499969,0.499962,0.499954,0.499946,0.499938,0.499931,0.499925,0.499921,0.499919,0.499919,0.499921,0.499925,0.499931,0.499938,0.499946,0.499954,0.499962,0.499969,0.499976,0.499982,0.499987,0.49999,0.499993,0.499995,0.499997,0.499998,0.499999,0.499999,0.5,0.5,0.5,0.5,0.5,0.5,0.5,0.5,0.5,0.5,0.5,0.5,0.5
