0.5,0.5,0.5,0.5,0.5,0.5,0.5,0.5,0.5,0.5,0.5,0.5,0.5,0.5,0.5,0.5,0.5,0.5,0.5,0.5,0.5,0.5,0.5,0.5,0.499999,0.499999,0.499999,0.499999,0.499999,0.499999,0.499999,0.499999,0.499999,0.499999,0.499999,0.499999,0.499999,0.499999,0.499999,0.499999,0.5,0.5,0.5,0.5,0.5,0.5,0.5,0.5,0.5,0.5,0.5,0.5,0.5,0.5,0.5,0.5,0.5,0.5,0.5,0.5,0.5,0.5,0.5,0.5
0.5,0.5,0.5,0.5,0.5,0.5,0.5,0.5,0.5,0.5,0.5,0.5,0.5,0.5,0.5,0.5,0.5,0.5,0.5,0.5,0.5,0.5,0.5,0.5,0.499999,0.499999,0.499999,0.499999,0.499999,0.499999,0.499999,0.499999,0.499999,0.499999,0.499999,0.499999,0.499999,0.499999,0.499999,0.499999,0.5,0.5,0.5,0.5,0.5,0.5,0.5,0.5,0.5,0.5,0.5,0.5,0.5,0.5,0.5,0.5,0.5,0.5,0.5,0.5,0.5,0.5,0.5,0.5
0.5,0.5,0.5,0.5,0.5,0.5,0.5,0.5,0.5,0.5,0.5,0.5,0.5,0.5,0.5,0.5,0.5,0.5,0.5,0.5,0.5,0.5,0.499999,0.499999,0.499999,0.499999,0.499998,0.499998,0.499998,0.499998,0.499998,0.499997,0.499997,0.499998,0.499998,0.499998,0.499998,0.499998,0.499999,0.499999,0.499999,0.499999,0.5,0.5,0.5,0.5,0.5,0.5,0.5,0.5,0.5,0.5,0.5,0.5,0.5,0.5,0.5,0.5,0.5,0.5,0.5,0.5,0.5,0.5
0.5,0.5,0.5,0.5,0.5,0.5,0.5,0.5,0.5,0.5,0.5,0.5,0.5,0.5,0.5,0.5,0.5,0.5,0.5,0.5,0.499999,0.499999,0.499999,0.499998,0.499998,0.499997,0.499996,0.499996,0.499995,0.499994,0.499994,0.499994,0.499994,0.499994,0.499994,0.499995,0.499996,0.499996,0.499997,0.499998,0.499998,0.499999,0.499999,0.499999,0.5,0.5,0.5,0.5,0.5,0.5,0.5,0.5,0.5,0.5,0.5,0.5,0.5,0.5,0.5,0.5,0.5,0.5,0.5,0.5
0.5,0.5,0.5,0.5,0.5,0.5,0.5,0.5,0.5,0.5,0.5,0.5,0.5,0.5,0.5,0.5,0.5,0.5,0.499999,0.499999,0.499998,0.499997,0.499997,0.499995,0.499994,0.499992,0.499991,0.499989,0.499988,0.499987,0.499986,0.499985,0.499985,0.499986,0.499987,0.499988,0.499989,0.499991,0.499992,0.499994,0.499995,0.499997,0.499997,0.499998,0.499999,0.499999,0.5,0.5,0.5,0.5,0.5,0.5,0.5,0.5,0.5,0.5,0.5,0.5,0.5,0.5,0.5,0.5,0.5,0.5
0.5,0.5,0.5,0.5,0.5,0.5,0.5,0.5,0.5,0.5,0.5,0.5,0.5,0.5,0.5,0.5,0.499999,0.499999,0.499998,0.499997,0.499996,0.499994,0.499992,0.499989,0.499986,0.499982,0.499979,0.499975,0.499972,0.499969,0.499967,0.499966,0.499966,0.499967,0.499969,0.499972,0.499975,0.499979,0.499982,0.499986,0.499989,0.499992,0.499994,0.499996,0.499997,0.499998,0.499999,0.499999,0.5,0.5,0.5,0.5,0.5,0.5,0.5,0.5,0.5,0.5,0.5,0.5,0.5,0.5,0.5,0.5
0.5,0.5,0.5,0.5,0.5,0.5,0.5,0.5,0.5,0.5,0.5,0.5,0.5,0.5,0.499999,0.499999,0.499998,0.499997,0.499996,0.499994,0.499991,0.499987,0.499982,0.499975,0.499968,0.49996,0.499952,0.499944,0.499936,0.49993,0.499925,0.499923,0.499923,0.499925,0.49993,0.499936,0.499944,0.499952,0.49996,0.499968,0.499975,0.499982,0.499987,0.499991,0.499994,0.499996,0.499997,0.499998,0.499999,0.499999,0.5,0.5,0.5,0.5,0.5,0.5,0.5,0.5,0.5,0.5,0.5,0.5,0.5,0.5
0.5,0.5,0.5,0.5,0.5,0.5,0.5,0.5,0.5,0.5,0.5,0.5,0.5,0.499999,0.499999,0.499998,0.499996,0.499994,0.499991,0.499986,0.499979,0.499971,0.49996,0.499946,0.499931,0.499914,0.499896,0.499878,0.499861,0.499848,0.499838,0.499833,0.499833,0.499838,0.499848,0.499861,0.499878,0.499896,0.499914,0.499931,0.499946,0.49996,0.499971,0.499979,0.499986,0.499991,0.499994,0.499996,0.499998,0.499999,0.499999,0.5,0.5,0.5,0.5,0.5,0.5,0.5,0.5,0.5,0.5,0.5,0.5,0.5
0.5,0.5,0.5,0.5,0.5,0.5,0.5,0.5,0.5,0.5,0.5,0.5,0.499999,0.499998,0.499997,0.499995,0.499992,0.499987,0.49998,0.49997,0.499956,0.499938,0.499915,0.499887,0.499855,0.499819,0.499781,0.499744,0.49971,0.499682,0.499661,0.499651,0.499651,0.499661,0.499682,0.49971,0.499744,0.499781,0.499819,0.499855,0.499887,0.499915,0.499938,0.499956,0.49997,0.49998,0.499987,0.499992,0.499995,0.499997,0.499998,0.499999,0.5,0.5,0.5,0.5,0.5,0.5,0.5,0.5,0.5,0.5,0.5,0.5
0.5,0.5,0.5,0.5,0.5,0.5,0.5,0.5,0.5,0.5,0.5,0.499999,0.499998,0.499997,0.499994,0.49999,0.499984,0.499974,0.499959,0.499939,0.49991,0.499873,0.499827,0.49977,0.499705,0.499633,0.499558,0.499483,0.499415,0.499358,0.499317,0.499296,0.499296,0.499317,0.499358,0.499415,0.499483,0.499558,0.499633,0.499705,0.49977,0.499827,0.499873,0.49991,0.499939,0.499959,0.499974,0.499984,0.49999,0.499994,0.499997,0.499998,0.499999,0.5,0.5,0.5,0.5,0.5,0.5,0.5,0.5,0.5,0.5,0.5
0.5,0.5,0.5,0.5,0.5,0.5,0.5,0.5,0.5,0.5,0.499999,0.499998,0.499997,0.499994,0.499989,0.49998,0.499968,0.499948,0.499919,0.499878,0.499823,0.49975,0.499659,0.499549,0.499422,0.499282,0.499137,0.498993,0.498861,0.498751,0.498672,0.498631,0.498631,0.498672,0.498751,0.498861,0.498993,0.499137,0.499282,0.499422,0.499549,0.499659,0.49975,0.499823,0.499878,0.499919,0.499948,0.499968,0.49998,0.499989,0.499994,0.499997,0.499998,0.499999,0.5,0.5,0.5,0.5,0.5,0.5,0.5,0.5,0.5,0.5
0.5,0.5,0.5,0.5,0.5,0.5,0.5,0.5,0.5,0.499999,0.499998,0.499996,0.499993,0.499988,0.499978,0.499962,0.499937,0.4999,0.499845,0.499767,0.499661,0.499524,0.499352,0.499145,0.498907,0.498645,0.498373,0.498105,0.49786,0.497655,0.497509,0.497432,0.497432,0.497509,0.497655,0.49786,0.498105,0.498373,0.498645,0.498907,0.499145,0.499352,0.499524,0.499661,0.499767,0.499845,0.4999,0.499937,0.499962,0.499978,0.499988,0.499993,0.499996,0.499998,0.499999,0.5,0.5,0.5,0.5,0.5,0.5,0.5,0.5,0.5
0.5,0.5,0.5,0.5,0.5,0.5,0.5,0.5,0.499999,0.499998,0.499997,0.499993,0.499987,0.499977,0.499959,0.499929,0.499883,0.499813,0.499712,0.499569,0.499376,0.499124,0.498811,0.498435,0.498003,0.497531,0.49704,0.496558,0.496117,0.495751,0.495488,0.49535,0.49535,0.495488,0.495751,0.496117,0.496558,0.49704,0.497531,0.498003,0.498435,0.498811,0.499124,0.499376,0.499569,0.499712,0.499813,0.499883,0.499929,0.499959,0.499977,0.499987,0.499993,0.499997,0.499998,0.499999,0.5,0.5,0.5,0.5,0.5,0.5,0.5,0.5
0.5,0.5,0.5,0.5,0.5,0.5,0.5,0.499999,0.499998,0.499997,0.499994,0.499988,0.499977,0.499957,0.499925,0.499872,0.499789,0.499665,0.499483,0.499229,0.498887,0.498444,0.497892,0.497233,0.496479,0.495655,0.494801,0.493964,0.4932,0.492566,0.492111,0.491873,0.491873,0.492111,0.492566,0.4932,0.493964,0.494801,0.495655,0.496479,0.497233,0.497892,0.498444,0.498887,0.499229,0.499483,0.499665,0.499789,0.499872,0.499925,0.499957,0.499977,0.499988,0.499994,0.499997,0.499998,0.499999,0.5,0.5,0.5,0.5,0.5,0.5,0.5
0.5,0.5,0.5,0.5,0.5,0.5,0.499999,0.499999,0.499997,0.499994,0.499989,0.499978,0.499959,0.499925,0.499868,0.499776,0.499633,0.499417,0.499105,0.498669,0.498084,0.497329,0.496391,0.495275,0.494002,0.492615,0.491179,0.489777,0.4885,0.48744,0.486682,0.486286,0.486286,0.486682,0.48744,0.4885,0.489777,0.491179,0.492615,0.494002,0.495275,0.496391,0.497329,0.498084,0.498669,0.499105,0.499417,0.499633,0.499776,0.499868,0.499925,0.499959,0.499978,0.499989,0.499994,0.499997,0.499999,0.499999,0.5,0.5,0.5,0.5,0.5,0.5
0.5,0.5,0.5,0.5,0.5,0.5,0.499999,0.499998,0.499995,0.49999,0.49998,0.499962,0.499929,0.499872,0.499776,0.499622,0.499381,0.499021,0.498501,0.497778,0.496811,0.495567,0.494029,0.492202,0.490126,0.487872,0.485545,0.483276,0.481214,0.479507,0.478286,0.477649,0.477649,0.478286,0.479507,0.481214,0.483276,0.485545,0.487872,0.490126,0.492202,0.494029,0.495567,0.496811,0.497778,0.498501,0.499021,0.499381,0.499622,0.499776,0.499872,0.499929,0.499962,0.49998,0.49999,0.499995,0.499998,0.499999,0.5,0.5,0.5,0.5,0.5,0.5
0.5,0.5,0.5,0.5,0.5,0.499999,0.499998,0.499996,0.499992,0.499984,0.499968,0.499937,0.499883,0.499789,0.499633,0.499381,0.498991,0.498409,0.497572,0.496413,0.494868,0.492888,0.490447,0.487561,0.484291,0.480751,0.477107,0.473565,0.470351,0.467695,0.465798,0.464809,0.464809,0.465798,0.467695,0.470351,0.473565,0.477107,0.480751,0.484291,0.487561,0.490447,0.492888,0.494868,0.496413,0.497572,0.498409,0.498991,0.499381,0.499633,0.499789,0.499883,0.499937,0.499968,0.499984,0.499992,0.499996,0.499998,0.499999,0.5,0.5,0.5,0.5,0.5
0.5,0.5,0.5,0.5,0.5,0.499999,0.499997,0.499994,0.499987,0.499974,0.499948,0.4999,0.499813,0.499665,0.499417,0.499021,0.498409,0.497499,0.496196,0.494398,0.492011,0.488963,0.485222,0.480813,0.475835,0.470464,0.464952,0.459607,0.454771,0.450781,0.447935,0.446453,0.446453,0.447935,0.450781,0.454771,0.459607,0.464952,0.470464,0.475835,0.480813,0.485222,0.488963,0.492011,0.494398,0.496196,0.497499,0.498409,0.499021,0.499417,0.499665,0.499813,0.4999,0.499948,0.499974,0.499987,0.499994,0.499997,0.499999,0.5,0.5,0.5,0.5,0.5
0.5,0.5,0.5,0.5,0.499999,0.499998,0.499996,0.499991,0.49998,0.499959,0.499919,0.499845,0.499712,0.499483,0.499105,0.498501,0.497572,0.496196,0.494232,0.491534,0.487967,0.48343,0.477881,0.471368,0.464042,0.456165,0.448106,0.440315,0.433283,0.427492,0.423367,0.421221,0.421221,0.423367,0.427492,0.433283,0.440315,0.448106,0.456165,0.464042,0.471368,0.477881,0.48343,0.487967,0.491534,0.494232,0.496196,0.497572,0.498501,0.499105,0.499483,0.499712,0.499845,0.499919,0.499959,0.49998,0.499991,0.499996,0.499998,0.499999,0.5,0.5,0.5,0.5
0.5,0.5,0.5,0.5,0.499999,0.499997,0.499994,0.499986,0.49997,0.499939,0.499878,0.499767,0.499569,0.499229,0.498669,0.497778,0.496413,0.494398,0.491534,0.487616,0.482456,0.475918,0.467957,0.458648,0.448217,0.437044,0.425652,0.414672,0.404786,0.396664,0.390887,0.387885,0.387885,0.390887,0.396664,0.404786,0.414672,0.425652,0.437044,0.448217,0.458648,0.467957,0.475918,0.482456,0.487616,0.491534,0.494398,0.496413,0.497778,0.498669,0.499229,0.499569,0.499767,0.499878,0.499939,0.49997,0.499986,0.499994,0.499997,0.499999,0.5,0.5,0.5,0.5
0.5,0.5,0.5,0.499999,0.499998,0.499996,0.499991,0.499979,0.499956,0.49991,0.499823,0.499661,0.499376,0.498887,0.498084,0.496811,0.494868,0.492011,0.487967,0.482456,0.475227,0.466107,0.455046,0.442168,0.427794,0.412457,0.396874,0.381902,0.368462,0.357444,0.34962,0.345558,0.345558,0.34962,0.357444,0.368462,0.381902,0.396874,0.412457,0.427794,0.442168,0.455046,0.466107,0.475227,0.482456,0.487967,0.492011,0.494868,0.496811,0.498084,0.498887,0.499376,0.499661,0.499823,0.49991,0.499956,0.499979,0.499991,0.499996,0.499998,0.499999,0.5,0.5,0.5
0.5,0.5,0.5,0.499999,0.499997,0.499994,0.499987,0.499971,0.499938,0.499873,0.49975,0.499524,0.499124,0.498444,0.497329,0.495567,0.492888,0.488963,0.48343,0.475918,0.466107,0.45378,0.438894,0.421635,0.40245,0.38206,0.361421,0.341659,0.323969,0.309504,0.29925,0.293932,0.293932,0.29925,0.309504,0.323969,0.341659,0.361421,0.38206,0.40245,0.421635,0.438894,0.45378,0.466107,0.475918,0.48343,0.488963,0.492888,0.495567,0.497329,0.498444,0.499124,0.499524,0.49975,0.499873,0.499938,0.499971,0.499987,0.499994,0.499997,0.499999,0.5,0.5,0.5
0.5,0.5,0.499999,0.499999,0.499997,0.499992,0.499982,0.49996,0.499915,0.499827,0.499659,0.499352,0.498811,0.497892,0.496391,0.494029,0.490447,0.485222,0.477881,0.467957,0.455046,0.438894,0.419472,0.397048,0.372228,0.345955,0.319464,0.294188,0.271632,0.253233,0.240216,0.233473,0.233473,0.240216,0.253233,0.271632,0.294188,0.319464,0.345955,0.372228,0.397048,0.419472,0.438894,0.455046,0.467957,0.477881,0.485222,0.490447,0.494029,0.496391,0.497892,0.498811,0.499352,0.499659,0.499827,0.499915,0.49996,0.499982,0.499992,0.499997,0.499999,0.499999,0.5,0.5
0.5,0.5,0.499999,0.499998,0.499995,0.499989,0.499975,0.499946,0.499887,0.49977,0.499549,0.499145,0.498435,0.497233,0.495275,0.492202,0.487561,0.480813,0.471368,0.458648,0.442168,0.421635,0.397048,0.368782,0.337628,0.304787,0.271802,0.240443,0.212549,0.189855,0.173831,0.165541,0.165541,0.173831,0.189855,0.212549,0.240443,0.271802,0.304787,0.337628,0.368782,0.397048,0.421635,0.442168,0.458648,0.471368,0.480813,0.487561,0.492202,0.495275,0.497233,0.498435,0.499145,0.499549,0.49977,0.499887,0.499946,0.499975,0.499989,0.499995,0.499998,0.499999,0.5,0.5
0.499999,0.499999,0.499999,0.499998,0.499994,0.499986,0.499968,0.499931,0.499855,0.499705,0.499422,0.498907,0.498003,0.496479,0.494002,0.490126,0.484291,0.475835,0.464042,0.448217,0.427794,0.40245,0.372228,0.337628,0.299653,0.259785,0.219901,0.182121,0.148623,0.121443,0.102291,0.0923945,0.0923945,0.102291,0.121443,0.148623,0.182121,0.219901,0.259785,0.299653,0.337628,0.372228,0.40245,0.427794,0.448217,0.464042,0.475835,0.484291,0.490126,0.494002,0.496479,0.498003,0.498907,0.499422,0.499705,0.499855,0.499931,0.499968,0.499986,0.499994,0.499998,0.499999,0.499999,0.499999
0.499999,0.499999,0.499999,0.499997,0.499992,0.499982,0.49996,0.499914,0.499819,0.499633,0.499282,0.498645,0.497531,0.495655,0.492615,0.487872,0.480751,0.470464,0.456165,0.437044,0.412457,0.38206,0.345955,0.304787,0.259785,0.21273,0.165837,0.121579,0.0824623,0.0508097,0.0285507,0.0170632,0.0170632,0.0285507,0.0508097,0.0824623,0.121579,0.165837,0.21273,0.259785,0.304787,0.345955,0.38206,0.412457,0.437044,0.456165,0.470464,0.480751,0.487872,0.492615,0.495655,0.497531,0.498645,0.499282,0.499633,0.499819,0.499914,0.49996,0.499982,0.499992,0.499997,0.499999,0.499999,0.499999
0.499999,0.499999,0.499998,0.499996,0.499991,0.499979,0.499952,0.499896,0.499781,0.499558,0.499137,0.498373,0.49704,0.494801,0.491179,0.485545,0.477107,0.464952,0.448106,0.425652,0.396874,0.361421,0.319464,0.271802,0.219901,0.165837,0.112159,0.0616709,0.0171878,-0.0187138,-0.0439108,-0.0568985,-0.0568985,-0.0439108,-0.0187138,0.0171878,0.0616709,0.112159,0.165837,0.219901,0.271802,0.319464,0.361421,0.396874,0.425652,0.448106,0.464952,0.477107,0.485545,0.491179,0.494801,0.49704,0.498373,0.499137,0.499558,0.499781,0.499896,0.499952,0.499979,0.499991,0.499996,0.499998,0.499999,0.499999
0.499999,0.499999,0.499998,0.499996,0.499989,0.499975,0.499944,0.499878,0.499744,0.499483,0.498993,0.498105,0.496558,0.493964,0.489777,0.483276,0.473565,0.459607,0.440315,0.414672,0.381902,0.341659,0.294188,0.240443,0.182121,0.121579,0.0616709,0.00550387,-0.0438402,-0.0835679,-0.111398,-0.125727,-0.125727,-0.111398,-0.0835679,-0.0438402,0.00550387,0.0616709,0.121579,0.182121,0.240443,0.294188,0.341659,0.381902,0.414672,0.440315,0.459607,0.473565,0.483276,0.489777,0.493964,0.496558,0.498105,0.498993,0.499483,0.499744,0.499878,0.499944,0.499975,0.499989,0.499996,0.499998,0.499999,0.499999
0.499999,0.499999,0.499998,0.499995,0.499988,0.499972,0.499936,0.499861,0.49971,0.499415,0.498861,0.49786,0.496117,0.4932,0.4885,0.481214,0.470351,0.454771,0.433283,0.404786,0.368462,0.323969,0.271632,0.212549,0.148623,0.0824623,0.0171878,-0.0438402,-0.0973188,-0.140283,-0.170331,-0.185785,-0.185785,-0.170331,-0.140283,-0.0973188,-0.0438402,0.0171878,0.0824623,0.148623,0.212549,0.271632,0.323969,0.368462,0.404786,0.433283,0.454771,0.470351,0.481214,0.4885,0.4932,0.496117,0.49786,0.498861,0.499415,0.49971,0.499861,0.499936,0.499972,0.499988,0.499995,0.499998,0.499999,0.499999
0.499999,0.499999,0.499998,0.499994,0.499987,0.499969,0.49993,0.499848,0.499682,0.499358,0.498751,0.497655,0.495751,0.492566,0.48744,0.479507,0.467695,0.450781,0.427492,0.396664,0.357444,0.309504,0.253233,0.189855,0.121443,0.0508097,-0.0187138,-0.0835679,-0.140283,-0.185767,-0.217535,-0.233859,-0.233859,-0.217535,-0.185767,-0.140283,-0.0835679,-0.0187138,0.0508097,0.121443,0.189855,0.253233,0.309504,0.357444,0.396664,0.427492,0.450781,0.467695,0.479507,0.48744,0.492566,0.495751,0.497655,0.498751,0.499358,0.499682,0.499848,0.49993,0.499969,0.499987,0.499994,0.499998,0.499999,0.499999
0.499999,0.499999,0.499998,0.499994,0.499986,0.499967,0.499925,0.499838,0.499661,0.499317,0.498672,0.497509,0.495488,0.492111,0.486682,0.478286,0.465798,0.447935,0.423367,0.390887,0.34962,0.29925,0.240216,0.173831,0.102291,0.0285507,-0.0439108,-0.111398,-0.170331,-0.217535,-0.250472,-0.267388,-0.267388,-0.250472,-0.217535,-0.170331,-0.111398,-0.0439108,0.0285507,0.102291,0.173831,0.240216,0.29925,0.34962,0.390887,0.423367,0.447935,0.465798,0.478286,0.486682,0.492111,0.495488,0.497509,0.498672,0.499317,0.499661,0.499838,0.499925,0.499967,0.499986,0.499994,0.499998,0.499999,0.499999
0.499999,0.499999,0.499997,0.499994,0.499985,0.499966,0.499923,0.499833,0.499651,0.499296,0.498631,0.497432,0.49535,0.491873,0.486286,0.477649,0.464809,0.446453,0.421221,0.387885,0.345558,0.293932,0.233473,0.165541,0.0923945,0.0170632,-0.0568985,-0.125727,-0.185785,-0.233859,-0.267388,-0.284602,-0.284602,-0.267388,-0.233859,-0.185785,-0.125727,-0.0568985,0.0170632,0.0923945,0.165541,0.233473,0.293932,0.345558,0.387885,0.421221,0.446453,0.464809,0.477649,0.486286,0.491873,0.49535,0.497432,0.498631,0.499296,0.499651,0.499833,0.499923,0.499966,0.499985,0.499994,0.499997,0.499999,0.499999
0.499999,0.499999,0.499997,0.499994,0.499985,0.499966,0.499923,0.499833,0.499651,0.499296,0.498631,0.497432,0.49535,0.491873,0.486286,0.477649,0.464809,0.446453,0.421221,0.387885,0.345558,0.293932,0.233473,0.165541,0.0923945,0.0170632,-0.0568985,-0.125727,-0.185785,-0.233859,-0.267388,-0.284602,-0.284602,-0.267388,-0.233859,-0.185785,-0.125727,-0.0568985,0.0170632,0.0923945,0.165541,0.233473,0.293932,0.345558,0.387885,0.421221,0.446453,0.464809,0.477649,0.486286,0.491873,0.49535,0.497432,0.498631,0.499296,0.499651,0.499833,0.499923,0.499966,0.499985,0.499994,0.499997,0.499999,0.499999
0.499999,0.499999,0.499998,0.499994,0.499986,0.499967,0.499925,0.499838,0.499661,0.499317,0.498672,0.497509,0.495488,0.492111,0.486682,0.478286,0.465798,0.447935,0.423367,0.390887,0.34962,0.29925,0.240216,0.173831,0.102291,0.0285507,-0.0439108,-0.111398,-0.170331,-0.217535,-0.250472,-0.267388,-0.267388,-0.250472,-0.217535,-0.170331,-0.111398,-0.0439108,0.0285507,0.102291,0.173831,0.240216,0.29925,0.34962,0.390887,0.423367,0.447935,0.465798,0.478286,0.486682,0.492111,0.495488,0.497509,0.498672,0.499317,0.499661,0.499838,0.499925,0.499967,0.499986,0.499994,0.499998,0.499999,0.499999
0.499999,0.499999,0.499998,0.499994,0.499987,0.499969,0.49993,0.499848,0.499682,0.499358,0.498751,0.497655,0.495751,0.492566,0.48744,0.479507,0.467695,0.450781,0.427492,0.396664,0.357444,0.309504,0.253233,0.189855,0.121443,0.0508097,-0.0187138,-0.0835679,-0.140283,-0.185767,-0.217535,-0.233859,-0.233859,-0.217535,-0.185767,-0.140283,-0.0835679,-0.0187138,0.0508097,0.121443,0.189855,0.253233,0.309504,0.357444,0.396664,0.427492,0.450781,0.467695,0.479507,0.48744,0.492566,0.495751,0.497655,0.498751,0.499358,0.499682,0.499848,0.49993,0.499969,0.499987,0.499994,0.499998,0.499999,0.499999
0.499999,0.499999,0.499998,0.499995,0.499988,0.499972,0.499936,0.499861,0.49971,0.499415,0.498861,0.49786,0.496117,0.4932,0.4885,0.481214,0.470351,0.454771,0.433283,0.404786,0.368462,0.323969,0.271632,0.212549,0.148623,0.0824623,0.0171878,-0.0438402,-0.0973188,-0.140283,-0.170331,-0.185785,-0.185785,-0.170331,-0.140283,-0.0973188,-0.0438402,0.0171878,0.0824623,0.148623,0.212549,0.271632,0.323969,0.368462,0.404786,0.433283,0.454771,0.470351,0.481214,0.4885,0.4932,0.496117,0.49786,0.498861,0.499415,0.49971,0.499861,0.499936,0.499972,0.499988,0.499995,0.499998,0.499999,0.499999
0.499999,0.499999,0.499998,0.499996,0.499989,0.499975,0.499944,0.499878,0.499744,0.499483,0.498993,0.498105,0.496558,0.493964,0.489777,0.483276,0.473565,0.459607,0.440315,0.414672,0.381902,0.341659,0.294188,0.240443,0.182121,0.121579,0.0616709,0.00550387,-0.0438402,-0.0835679,-0.111398,-0.125727,-0.125727,-0.111398,-0.0835679,-0.0438402,0.00550387,0.0616709,0.121579,0.182121,0.240443,0.294188,0.341659,0.381902,0.414672,0.440315,0.459607,0.473565,0.483276,0.489777,0.493964,0.496558,0.498105,0.498993,0.499483,0.499744,0.499878,0.499944,0.499975,0.499989,0.499996,0.499998,0.499999,0.499999
0.499999,0.499999,0.499998,0.499996,0.499991,0.499979,0.499952,0.499896,0.499781,0.499558,0.499137,0.498373,0.49704,0.494801,0.491179,0.485545,0.477107,0.464952,0.448106,0.425652,0.396874,0.361421,0.319464,0.271802,0.219901,0.165837,0.112159,0.0616709,0.0171878,-0.0187138,-0.0439108,-0.0568985,-0.0568985,-0.0439108,-0.0187138,0.0171878,0.0616709,0.112159,0.165837,0.219901,0.271802,0.319464,0.361421,0.396874,0.425652,0.448106,0.464952,0.477107,0.485545,0.491179,0.494801,0.49704,0.498373,0.499137,0.499558,0.499781,0.499896,0.499952,0.499979,0.499991,0.499996,0.499998,0.499999,0.499999
0.499999,0.499999,0.499999,0.499997,0.499992,0.499982,0.49996,0.499914,0.499819,0.499633,0.499282,0.498645,0.497531,0.495655,0.492615,0.487872,0.480751,0.470464,0.456165,0.437044,0.412457,0.38206,0.345955,0.304787,0.259785,0.21273,0.165837,0.121579,0.0824623,0.0508097,0.0285507,0.0170632,0.0170632,0.0285507,0.0508097,0.0824623,0.121579,0.165837,0.21273,0.259785,0.304787,0.345955,0.38206,0.412457,0.437044,0.456165,0.470464,0.480751,0.487872,0.492615,0.495655,0.497531,0.498645,0.499282,0.499633,0.499819,0.499914,0.49996,0.499982,0.499992,0.499997,0.499999,0.499999,0.499999
0.499999,0.499999,0.499999,0.499998,0.499994,0.499986,0.499968,0.499931,0.499855,0.499705,0.499422,0.498907,0.498003,0.496479,0.494002,0.490126,0.484291,0.475835,0.464042,0.448217,0.427794,0.40245,0.372228,0.337628,0.299653,0.259785,0.219901,0.182121,0.148623,0.121443,0.102291,0.0923945,0.0923945,0.102291,0.121443,0.148623,0.182121,0.219901,0.259785,0.299653,0.337628,0.372228,0.40245,0.427794,0.448217,0.464042,0.475835,0.484291,0.490126,0.494002,0.496479,0.498003,0.498907,0.499422,0.499705,0.499855,0.499931,0.499968,0.499986,0.499994,0.499998,0.499999,0.499999,0.499999
0.5,0.5,0.499999,0.499998,0.499995,0.499989,0.499975,0.499946,0.499887,0.49977,0.499549,0.499145,0.498435,0.497233,0.495275,0.492202,0.487561,0.480813,0.471368,0.458648,0.442168,0.421635,0.397048,0.368782,0.337628,0.304787,0.271802,0.240443,0.212549,0.189855,0.173831,0.165541,0.165541,0.173831,0.189855,0.212549,0.240443,0.271802,0.304787,0.337628,0.368782,0.397048,0.421635,0.442168,0.458648,0.471368,0.480813,0.487561,0.492202,0.495275,0.497233,0.498435,0.499145,0.499549,0.49977,0.499887,0.499946,0.499975,0.499989,0.499995,0.499998,0.499999,0.5,0.5
0.5,0.5,0.499999,0.499999,0.499997,0.499992,0.499982,0.49996,0.499915,0.499827,0.499659,0.499352,0.498811,0.497892,0.496391,0.494029,0.490447,0.485222,0.477881,0.467957,0.455046,0.438894,0.419472,0.397048,0.372228,0.345955,0.319464,0.294188,0.271632,0.253233,0.240216,0.233473,0.233473,0.240216,0.253233,0.271632,0.294188,0.319464,0.345955,0.372228,0.397048,0.419472,0.438894,0.455046,0.467957,0.477881,0.485222,0.490447,0.494029,0.496391,0.497892,0.498811,0.499352,0.499659,0.499827,0.499915,0.49996,0.499982,0.499992,0.499997,0.499999,0.499999,0.5,0.5
0.5,0.5,0.5,0.499999,0.499997,0.499994,0.499987,0.499971,0.499938,0.499873,0.49975,0.499524,0.499124,0.498444,0.497329,0.495567,0.492888,0.488963,0.48343,0.475918,0.466107,0.45378,0.438894,0.421635,0.40245,0.38206,0.361421,0.341659,0.323969,0.309504,0.29925,0.293932,0.293932,0.29925,0.309504,0.323969,0.341659,0.361421,0.38206,0.40245,0.421635,0.438894,0.45378,0.466107,0.475918,0.48343,0.488963,0.492888,0.495567,0.497329,0.498444,0.499124,0.499524,0.49975,0.499873,0.499938,0.499971,0.499987,0.499994,0.499997,0.499999,0.5,0.5,0.5
0.5,0.5,0.5,0.499999,0.499998,0.499996,0.499991,0.499979,0.499956,0.49991,0.499823,0.499661,0.499376,0.498887,0.498084,0.496811,0.494868,0.492011,0.487967,0.482456,0.475227,0.466107,0.455046,0.442168,0.427794,0.412457,0.396874,0.381902,0.368462,0.357444,0.34962,0.345558,0.345558,0.34962,0.357444,0.368462,0.381902,0.396874,0.412457,0.427794,0.442168,0.455046,0.466107,0.475227,0.482456,0.487967,0.492011,0.494868,0.496811,0.498084,0.498887,0.499376,0.499661,0.499823,0.49991,0.499956,0.499979,0.499991,0.499996,0.499998,0.499999,0.5,0.5,0.5
0.5,0.5,0.5,0.5,0.499999,0.499997,0.499994,0.499986,0.49997,0.499939,0.499878,0.499767,0.499569,0.499229,0.498669,0.497778,0.496413,0.494398,0.491534,0.487616,0.482456,0.475918,0.467957,0.458648,0.448217,0.437044,0.425652,0.414672,0.404786,0.396664,0.390887,0.387885,0.387885,0.390887,0.396664,0.404786,0.414672,0.425652,0.437044,0.448217,0.458648,0.467957,0.475918,0.482456,0.487616,0.491534,0.494398,0.496413,0.497778,0.498669,0.499229,0.499569,0.499767,0.499878,0.499939,0.49997,0.499986,0.499994,0.499997,0.499999,0.5,0.5,0.5,0.5
0.5,0.5,0.5,0.5,0.499999,0.499998,0.499996,0.499991,0.49998,0.499959,0.499919,0.499845,0.499712,0.499483,0.499105,0.498501,0.497572,0.496196,0.494232,0.491534,0.487967,0.48343,0.477881,0.471368,0.464042,0.456165,0.448106,0.440315,0.433283,0.427492,0.423367,0.421221,0.421221,0.423367,0.427492,0.433283,0.440315,0.448106,0.456165,0.464042,0.471368,0.477881,0.48343,0.487967,0.491534,0.494232,0.496196,0.497572,0.498501,0.499105,0.499483,0.499712,0.499845,0.499919,0.499959,0.49998,0.499991,0.499996,0.499998,0.499999,0.5,0.5,0.5,0.5
0.5,0.5,0.5,0.5,0.5,0.499999,0.499997,0.499994,0.499987,0.499974,0.499948,0.4999,0.499813,0.499665,0.499417,0.499021,0.498409,0.497499,0.496196,0.494398,0.492011,0.488963,0.485222,0.480813,0.475835,0.470464,0.464952,0.459607,0.454771,0.450781,0.447935,0.446453,0.446453,0.447935,0.450781,0.454771,0.459607,0.464952,0.470464,0.475835,0.480813,0.485222,0.488963,0.492011,0.494398,0.496196,0.497499,0.498409,0.499021,0.499417,0.499665,0.499813,0.4999,0.499948,0.499974,0.499987,0.499994,0.499997,0.499999,0.5,0.5,0.5,0.5,0.5
0.5,0.5,0.5,0.5,0.5,0.499999,0.499998,0.499996,0.499992,0.499984,0.499968,0.499937,0.499883,0.499789,0.499633,0.499381,0.498991,0.498409,0.497572,0.496413,0.494868,0.492888,0.490447,0.487561,0.484291,0.480751,0.477107,0.473565,0.470351,0.467695,0.465798,0.464809,0.464809,0.465798,0.467695,0.470351,0.473565,0.477107,0.480751,0.484291,0.487561,0.490447,0.492888,0.494868,0.496413,0.497572,0.498409,0.498991,0.499381,0.499633,0.499789,0.499883,0.499937,0.499968,0.499984,0.499992,0.499996,0.499998,0.499999,0.5,0.5,0.5,0.5,0.5
0.5,0.5,0.5,0.5,0.5,0.5,0.499999,0.499998,0.499995,0.49999,0.49998,0.499962,0.499929,0.499872,0.499776,0.499622,0.499381,0.499021,0.498501,0.497778,0.496811,0.495567,0.494029,0.492202,0.490126,0.487872,0.485545,0.483276,0.481214,0.479507,0.478286,0.477649,0.477649,0.478286,0.479507,0.481214,0.483276,0.485545,0.487872,0.490126,0.492202,0.494029,0.495567,0.496811,0.497778,0.498501,0.499021,0.499381,0.499622,0.499776,0.499872,0.499929,0.499962,0.49998,0.49999,0.499995,0.499998,0.499999,0.5,0.5,0.5,0.5,0.5,0.5
0.5,0.5,0.5,0.5,0.5,0.5,0.499999,0.499999,0.499997,0.499994,0.499989,0.499978,0.499959,0.499925,0.499868,0.499776,0.499633,0.499417,0.499105,0.498669,0.498084,0.497329,0.496391,0.495275,0.494002,0.492615,0.491179,0.489777,0.4885,0.48744,0.486682,0.486286,0.486286,0.486682,0.48744,0.4885,0.489777,0.491179,0.492615,0.494002,0.495275,0.496391,0.497329,0.498084,0.498669,0.499105,0.499417,0.499633,0.499776,0.499868,0.499925,0.499959,0.499978,0.499989,0.499994,0.499997,0.499999,0.499999,0.5,0.5,0.5,0.5,0.5,0.5
0.5,0.5,0.5,0.5,0.5,0.5,0.5,0.499999,0.499998,0.499997,0.499994,0.499988,0.499977,0.499957,0.499925,0.499872,0.499789,0.499665,0.499483,0.499229,0.498887,0.498444,0.497892,0.497233,0.496479,0.495655,0.494801,0.493964,0.4932,0.492566,0.492111,0.491873,0.491873,0.492111,0.492566,0.4932,0.493964,0.494801,0.495655,0.496479,0.497233,0.497892,0.498444,0.498887,0.499229,0.499483,0.499665,0.499789,0.499872,0.499925,0.499957,0.499977,0.499988,0.499994,0.499997,0.499998,0.499999,0.5,0.5,0.5,0.5,0.5,0.5,0.5
0.5,0.5,0.5,0.5,0.5,0.5,0.5,0.5,0.499999,0.499998,0.499997,0.499993,0.499987,0.499977,0.499959,0.499929,0.499883,0.499813,0.499712,0.499569,0.499376,0.499124,0.498811,0.498435,0.498003,0.497531,0.49704,0.496558,0.496117,0.495751,0.495488,0.49535,0.49535,0.495488,0.495751,0.496117,0.496558,0.49704,0.497531,0.498003,0.498435,0.498811,0.499124,0.499376,0.499569,0.499712,0.499813,0.499883,0.499929,0.499959,0.499977,0.499987,0.499993,0.499997,0.499998,0.499999,0.5,0.5,0.5,0.5,0.5,0.5,0.5,0.5
0.5,0.5,0.5,0.5,0.5,0.5,0.5,0.5,0.5,0.499999,0.499998,0.499996,0.499993,0.499988,0.499978,0.499962,0.499937,0.4999,0.499845,0.499767,0.499661,0.499524,0.499352,0.499145,0.498907,0.498645,0.498373,0.498105,0.49786,0.497655,0.497509,0.497432,0.497432,0.497509,0.497655,0.49786,0.498105,0.498373,0.498645,0.498907,0.499145,0.499352,0.499524,0.499661,0.499767,0.499845,0.4999,0.499937,0.499962,0.499978,0.499988,0.499993,0.499996,0.499998,0.499999,0.5,0.5,0.5,0.5,0.5,0.5,0.5,0.5,0.5
0.5,0.5,0.5,0.5,0.5,0.5,0.5,0.5,0.5,0.5,0.499999,0.499998,0.499997,0.499994,0.499989,0.49998,0.499968,0.499948,0.499919,0.499878,0.499823,0.49975,0.499659,0.499549,0.499422,0.499282,0.499137,0.498993,0.498861,0.498751,0.498672,0.498631,0.498631,0.498672,0.498751,0.498861,0.498993,0.499137,0.499282,0.499422,0.499549,0.499659,0.49975,0.499823,0.499878,0.499919,0.499948,0.499968,0.49998,0.499989,0.499994,0.499997,0.499998,0.499999,0.5,0.5,0.5,0.5,0.5,0.5,0.5,0.5,0.5,0.5
0.5,0.5,0.5,0.5,0.5,0.5,0.5,0.5,0.5,0.5,0.5,0.499999,0.499998,0.499997,0.499994,0.49999,0.499984,0.499974,0.499959,0.499939,0.49991,0.499873,0.499827,0.49977,0.499705,0.499633,0.499558,0.499483,0.499415,0.499358,0.499317,0.499296,0.499296,0.499317,0.499358,0.499415,0.499483,0.499558,0.499633,0.499705,0.49977,0.499827,0.499873,0.49991,0.499939,0.499959,0.499974,0.499984,0.49999,0.499994,0.499997,0.499998,0.499999,0.5,0.5,0.5,0.5,0.5,0.5,0.5,0.5,0.5,0.5,0.5
0.5,0.5,0.5,0.5,0.5,0.5,0.5,0.5,0.5,0.5,0.5,0.5,0.499999,0.499998,0.499997,0.499995,0.499992,0.499987,0.49998,0.49997,0.499956,0.499938,0.499915,0.499887,0.499855,0.499819,0.499781,0.499744,0.49971,0.499682,0.499661,0.499651,0.499651,0.499661,0.499682,0.49971,0.499744,0.499781,0.499819,0.499855,0.499887,0.499915,0.499938,0.499956,0.49997,0.49998,0.499987,0.499992,0.499995,0.499997,0.499998,0.499999,0.5,0.5,0.5,0.5,0.5,0.5,0.5,0.5,0.5,0.5,0.5,0.5
0.5,0.5,0.5,0.5,0.5,0.5,0.5,0.5,0.5,0.5,0.5,0.5,0.5,0.499999,0.499999,0.499998,0.499996,0.499994,0.499991,0.499986,0.499979,0.499971,0.49996,0.499946,0.499931,0.499914,0.499896,0.499878,0.499861,0.499848,0.499838,0.499833,0.499833,0.499838,0.499848,0.499861,0.499878,0.499896,0.499914,0.499931,0.499946,0.49996,0.499971,0.499979,0.499986,0.499991,0.499994,0.499996,0.499998,0.499999,0.499999,0.5,0.5,0.5,0.5,0.5,0.5,0.5,0.5,0.5,0.5,0.5,0.5,0.5
0.5,0.5,0.5,0.5,0.5,0.5,0.5,0.5,0.5,0.5,0.5,0.5,0.5,0.5,0.499999,0.499999,0.499998,0.499997,0.499996,0.499994,0.499991,0.499987,0.499982,0.499975,0.499968,0.49996,0.499952,0.499944,0.499936,0.49993,0.499925,0.499923,0.499923,0.499925,0.49993,0.499936,0.499944,0.499952,0.49996,0.499968,0.499975,0.499982,0.499987,0.499991,0.499994,0.499996,0.499997,0.499998,0.499999,0.499999,0.5,0.5,0.5,0.5,0.5,0.5,0.5,0.5,0.5,0.5,0.5,0.5,0.5,0.5
0.5,0.5,0.5,0.5,0.5,0.5,0.5,0.5,0.5,0.5,0.5,0.5,0.5,0.5,0.5,0.5,0.499999,0.499999,0.499998,0.499997,0.499996,0.499994,0.499992,0.499989,0.499986,0.499982,0.499979,0.499975,0.499972,0.499969,0.499967,0.499966,0.499966,0.499967,0.499969,0.499972,0.499975,0.499979,0.499982,0.499986,0.499989,0.499992,0.499994,0.499996,0.499997,0.499998,0.499999,0.499999,0.5,0.5,0.5,0.5,0.5,0.5,0.5,0.5,0.5,0.5,0.5,0.5,0.5,0.5,0.5,0.5
0.5,0.5,0.5,0.5,0.5,0.5,0.5,0.5,0.5,0.5,0.5,0.5,0.5,0.5,0.5,0.5,0.5,0.5,0.499999,0.499999,0.499998,0.499997,0.499997,0.499995,0.499994,0.499992,0.499991,0.499989,0.499988,0.499987,0.499986,0.499985,0.499985,0.499986,0.499987,0.499988,0.499989,0.499991,0.499992,0.499994,0.499995,0.499997,0.499997,0.499998,0.499999,0.499999,0.5,0.5,0.5,0.5,0.5,0.5,0.5,0.5,0.5,0.5,0.5,0.5,0.5,0.5,0.5,0.5,0.5,0.5
0.5,0.5,0.5,0.5,0.5,0.5,0.5,0.5,0.5,0.5,0.5,0.5,0.5,0.5,0.5,0.5,0.5,0.5,0.5,0.5,0.499999,0.499999,0.499999,0.499998,0.499998,0.499997,0.499996,0.499996,0.499995,0.499994,0.499994,0.499994,0.499994,0.499994,0.499994,0.499995,0.499996,0.499996,0.499997,0.499998,0.499998,0.499999,0.499999,0.499999,0.5,0.5,0.5,0.5,0.5,0.5,0.5,0.5,0.5,0.5,0.5,0.5,0.5,0.5,0.5,0.5,0.5,0.5,0.5,0.5
0.5,0.5,0.5,0.5,0.5,0.5,0.5,0.5,0.5,0.5,0.5,0.5,0.5,0.5,0.5,0.5,0.5,0.5,0.5,0.5,0.5,0.5,0.499999,0.499999,0.499999,0.499999,0.499998,0.499998,0.499998,0.499998,0.499998,0.499997,0.499997,0.499998,0.499998,0.499998,0.499998,0.499998,0.499999,0.499999,0.499999,0.499999,0.5,0.5,0.5,0.5,0.5,0.5,0.5,0.5,0.5,0.5,0.5,0.5,0.5,0.5,0.5,0.5,0.5,0.5,0.5,0.5,0.5,0.5
0.5,0.5,0.5,0.5,0.5,0.5,0.5,0.5,0.5,0.5,0.5,0.5,0.5,0.5,0.5,0.5,0.5,0.5,0.5,0.5,0.5,0.5,0.5,0.5,0.499999,0.499999,0.499999,0.499999,0.499999,0.499999,0.499999,0.499999,0.499999,0.499999,0.499999,0.499999,0.499999,0.499999,0.499999,0.499999,0.5,0.5,0.5,0.5,0.5,0.5,0.5,0.5,0.5,0.5,0.5,0.5,0.5,0.5,0.5,0.5,0.5,0.5,0.5,0.5,0.5,0.5,0.5,0.5
0.5,0.5,0.5,0.5,0.5,0.5,0.5,0.5,0.5,0.5,0.5,0.5,0.5,0.5,0.5,0.5,0.5,0.5,0.5,0.5,0.5,0.5,0.5,0.5,0.499999,0.499999,0.499999,0.499999,0.499999,0.499999,0.499999,0.499999,0.499999,0.499999,0.499999,0.499999,0.499999,0.499999,0.499999,0.499999,0.5,0.5,0.5,0.5,0.5,0.5,0.5,0.5,0.5,0.5,0.5,0.5,0.5,0.5,0.5,0.5,0.5,0.5,0.5,0.5,0.5,0.5,0.5,0.5
