0.5,0.5,0.5,0.5,0.5,0.5,0.5,0.5,0.5,0.5,0.5,0.5,0.5,0.5,0.5,0.5,0.5,0.5,0.499999,0.499999,0.499999,0.499998,0.499998,0.499997,0.499996,0.499995,0.499995,0.499994,0.499993,0.499992,0.499992,0.499991,0.499991,0.499992,0.499992,0.499993,0.499994,0.499995,0.499995,0.499996,0.499997,0.499998,0.499998,0.499999,0.499999,0.499999,0.5,0.5,0.5,0.5,0.5,0.5,0.5,0.5,0.5,0.5,0.5,0.5,0.5,0.5,0.5,0.5,0.5,0.5
0.5,0.5,0.5,0.5,0.5,0.5,0.5,0.5,0.5,0.5,0.5,0.5,0.5,0.5,0.5,0.5,0.5,0.5,0.499999,0.499999,0.499999,0.499998,0.499998,0.499997,0.499996,0.499995,0.499995,0.499994,0.499993,0.499992,0.499992,0.499991,0.499991,0.499992,0.499992,0.499993,0.499994,0.499995,0.499995,0.499996,0.499997,0.499998,0.499998,0.499999,0.499999,0.499999,0.5,0.5,0.5,0.5,0.5,0.5,0.5,0.5,0.5,0.5,0.5,0.5,0.5,0.5,0.5,0.5,0.5,0.5
0.5,0.5,0.5,0.5,0.5,0.5,0.5,0.5,0.5,0.5,0.5,0.5,0.5,0.5,0.5,0.5,0.5,0.499999,0.499999,0.499999,0.499998,0.499997,0.499996,0.499995,0.499993,0.499992,0.49999,0.499988,0.499987,0.499986,0.499985,0.499984,0.499984,0.499985,0.499986,0.499987,0.499988,0.49999,0.499992,0.499993,0.499995,0.499996,0.499997,0.499998,0.499999,0.499999,0.499999,0.5,0.5,0.5,0.5,0.5,0.5,0.5,0.5,0.5,0.5,0.5,0.5,0.5,0.5,0.5,0.5,0.5
0.5,0.5,0.5,0.5,0.5,0.5,0.5,0.5,0.5,0.5,0.5,0.5,0.5,0.5,0.5,0.499999,0.499999,0.499999,0.499998,0.499997,0.499995,0.499993,0.499991,0.499988,0.499985,0.499982,0.499978,0.499975,0.499971,0.499969,0.499967,0.499966,0.499966,0.499967,0.499969,0.499971,0.499975,0.499978,0.499982,0.499985,0.499988,0.499991,0.499993,0.499995,0.499997,0.499998,0.499999,0.499999,0.499999,0.5,0.5,0.5,0.5,0.5,0.5,0.5,0.5,0.5,0.5,0.5,0.5,0.5,0.5,0.5
0.5,0.5,0.5,0.5,0.5,0.5,0.5,0.5,0.5,0.5,0.5,0.5,0.5,0.5,0.499999,0.499999,0.499998,0.499997,0.499995,0.499993,0.499989,0.499985,0.49998,0.499974,0.499967,0.499959,0.499951,0.499944,0.499937,0.499931,0.499927,0.499925,0.499925,0.499927,0.499931,0.499937,0.499944,0.499951,0.499959,0.499967,0.499974,0.49998,0.499985,0.499989,0.499993,0.499995,0.499997,0.499998,0.499999,0.499999,0.5,0.5,0.5,0.5,0.5,0.5,0.5,0.5,0.5,0.5,0.5,0.5,0.5,0.5
0.5,0.5,0.5,0.5,0.5,0.5,0.5,0.5,0.5,0.5,0.5,0.5,0.499999,0.499999,0.499998,0.499997,0.499995,0.499993,0.499989,0.499984,0.499977,0.499968,0.499957,0.499943,0.499928,0.499912,0.499895,0.499879,0.499864,0.499851,0.499842,0.499838,0.499838,0.499842,0.499851,0.499864,0.499879,0.499895,0.499912,0.499928,0.499943,0.499957,0.499968,0.499977,0.499984,0.499989,0.499993,0.499995,0.499997,0.499998,0.499999,0.499999,0.5,0.5,0.5,0.5,0.5,0.5,0.5,0.5,0.5,0.5,0.5,0.5
0.5,0.5,0.5,0.5,0.5,0.5,0.5,0.5,0.5,0.5,0.5,0.499999,0.499999,0.499998,0.499996,0.499994,0.49999,0.499984,0.499976,0.499965,0.49995,0.499932,0.499908,0.499881,0.49985,0.499816,0.499781,0.499747,0.499717,0.499691,0.499673,0.499663,0.499663,0.499673,0.499691,0.499717,0.499747,0.499781,0.499816,0.49985,0.499881,0.499908,0.499932,0.49995,0.499965,0.499976,0.499984,0.49999,0.499994,0.499996,0.499998,0.499999,0.499999,0.5,0.5,0.5,0.5,0.5,0.5,0.5,0.5,0.5,0.5,0.5
0.5,0.5,0.5,0.5,0.5,0.5,0.5,0.5,0.5,0.5,0.499999,0.499999,0.499997,0.499995,0.499992,0.499987,0.499979,0.499968,0.499951,0.499928,0.499899,0.49986,0.499814,0.499758,0.499696,0.499629,0.499559,0.499492,0.49943,0.49938,0.499344,0.499325,0.499325,0.499344,0.49938,0.49943,0.499492,0.499559,0.499629,0.499696,0.499758,0.499814,0.49986,0.499899,0.499928,0.499951,0.499968,0.499979,0.499987,0.499992,0.499995,0.499997,0.499999,0.499999,0.5,0.5,0.5,0.5,0.5,0.5,0.5,0.5,0.5,0.5
0.5,0.5,0.5,0.5,0.5,0.5,0.5,0.5,0.5,0.499999,0.499998,0.499997,0.499995,0.499991,0.499984,0.499974,0.499958,0.499935,0.499903,0.499858,0.499799,0.499725,0.499634,0.499527,0.499406,0.499276,0.499142,0.499013,0.498896,0.498799,0.49873,0.498694,0.498694,0.49873,0.498799,0.498896,0.499013,0.499142,0.499276,0.499406,0.499527,0.499634,0.499725,0.499799,0.499858,0.499903,0.499935,0.499958,0.499974,0.499984,0.499991,0.499995,0.499997,0.499998,0.499999,0.5,0.5,0.5,0.5,0.5,0.5,0.5,0.5,0.5
0.5,0.5,0.5,0.5,0.5,0.5,0.5,0.5,0.499999,0.499998,0.499997,0.499994,0.49999,0.499982,0.499969,0.499949,0.499919,0.499875,0.499812,0.499728,0.499616,0.499476,0.499305,0.499104,0.498879,0.498637,0.498389,0.498149,0.497933,0.497754,0.497626,0.49756,0.49756,0.497626,0.497754,0.497933,0.498149,0.498389,0.498637,0.498879,0.499104,0.499305,0.499476,0.499616,0.499728,0.499812,0.499875,0.499919,0.499949,0.499969,0.499982,0.49999,0.499994,0.499997,0.499998,0.499999,0.5,0.5,0.5,0.5,0.5,0.5,0.5,0.5
0.5,0.5,0.5,0.5,0.5,0.5,0.5,0.499999,0.499998,0.499997,0.499994,0.499989,0.49998,0.499965,0.499941,0.499904,0.499848,0.499766,0.499651,0.499495,0.499291,0.499035,0.498724,0.498361,0.497956,0.497521,0.497077,0.496649,0.496263,0.495945,0.495719,0.495601,0.495601,0.495719,0.495945,0.496263,0.496649,0.497077,0.497521,0.497956,0.498361,0.498724,0.499035,0.499291,0.499495,0.499651,0.499766,0.499848,0.499904,0.499941,0.499965,0.49998,0.499989,0.499994,0.499997,0.499998,0.499999,0.5,0.5,0.5,0.5,0.5,0.5,0.5
0.5,0.5,0.5,0.5,0.5,0.5,0.499999,0.499999,0.499997,0.499994,0.499989,0.49998,0.499963,0.499936,0.499893,0.499825,0.499723,0.499576,0.499371,0.499094,0.498734,0.498283,0.497738,0.497104,0.496399,0.495645,0.494879,0.494141,0.493478,0.492933,0.492545,0.492344,0.492344,0.492545,0.492933,0.493478,0.494141,0.494879,0.495645,0.496399,0.497104,0.497738,0.498283,0.498734,0.499094,0.499371,0.499576,0.499723,0.499825,0.499893,0.499936,0.499963,0.49998,0.499989,0.499994,0.499997,0.499999,0.499999,0.5,0.5,0.5,0.5,0.5,0.5
0.5,0.5,0.5,0.5,0.5,0.499999,0.499999,0.499997,0.499995,0.49999,0.49998,0.499963,0.499934,0.499886,0.49981,0.499691,0.499514,0.499259,0.498905,0.498429,0.497813,0.497045,0.496122,0.495054,0.493869,0.492609,0.491331,0.490105,0.489005,0.488104,0.487464,0.487131,0.487131,0.487464,0.488104,0.489005,0.490105,0.491331,0.492609,0.493869,0.495054,0.496122,0.497045,0.497813,0.498429,0.498905,0.499259,0.499514,0.499691,0.49981,0.499886,0.499934,0.499963,0.49998,0.49999,0.499995,0.499997,0.499999,0.499999,0.5,0.5,0.5,0.5,0.5
0.5,0.5,0.5,0.5,0.5,0.499999,0.499998,0.499995,0.499991,0.499982,0.499965,0.499936,0.499886,0.499804,0.499673,0.499472,0.499174,0.498746,0.498154,0.497364,0.496346,0.495083,0.493572,0.491834,0.489911,0.487876,0.485821,0.483855,0.482096,0.480658,0.479638,0.479109,0.479109,0.479638,0.480658,0.482096,0.483855,0.485821,0.487876,0.489911,0.491834,0.493572,0.495083,0.496346,0.497364,0.498154,0.498746,0.499174,0.499472,0.499673,0.499804,0.499886,0.499936,0.499965,0.499982,0.499991,0.499995,0.499998,0.499999,0.5,0.5,0.5,0.5,0.5
0.5,0.5,0.5,0.5,0.499999,0.499998,0.499996,0.499992,0.499984,0.499969,0.499941,0.499893,0.49981,0.499673,0.499458,0.499128,0.49864,0.497945,0.496989,0.495719,0.494093,0.492085,0.489695,0.486959,0.483948,0.480775,0.477583,0.474541,0.471828,0.469614,0.468047,0.467235,0.467235,0.468047,0.469614,0.471828,0.474541,0.477583,0.480775,0.483948,0.486959,0.489695,0.492085,0.494093,0.495719,0.496989,0.497945,0.49864,0.499128,0.499458,0.499673,0.49981,0.499893,0.499941,0.499969,0.499984,0.499992,0.499996,0.499998,0.499999,0.5,0.5,0.5,0.5
0.5,0.5,0.5,0.499999,0.499999,0.499997,0.499994,0.499987,0.499974,0.499949,0.499904,0.499825,0.499691,0.499472,0.499128,0.498603,0.497832,0.496739,0.495244,0.49327,0.490756,0.487668,0.484015,0.479853,0.475297,0.470517,0.465731,0.461188,0.457149,0.453863,0.451542,0.45034,0.45034,0.451542,0.453863,0.457149,0.461188,0.465731,0.470517,0.475297,0.479853,0.484015,0.487668,0.490756,0.49327,0.495244,0.496739,0.497832,0.498603,0.499128,0.499472,0.499691,0.499825,0.499904,0.499949,0.499974,0.499987,0.499994,0.499997,0.499999,0.499999,0.5,0.5,0.5
0.5,0.5,0.5,0.499999,0.499998,0.499995,0.49999,0.499979,0.499958,0.499919,0.499848,0.499723,0.499514,0.499174,0.49864,0.497832,0.496652,0.494988,0.492724,0.489753,0.485991,0.481398,0.475994,0.469874,0.463211,0.456257,0.449326,0.442775,0.436973,0.432266,0.428948,0.427234,0.427234,0.428948,0.432266,0.436973,0.442775,0.449326,0.456257,0.463211,0.469874,0.475994,0.481398,0.485991,0.489753,0.492724,0.494988,0.496652,0.497832,0.49864,0.499174,0.499514,0.499723,0.499848,0.499919,0.499958,0.499979,0.49999,0.499995,0.499998,0.499999,0.5,0.5,0.5
0.5,0.5,0.499999,0.499999,0.499997,0.499993,0.499984,0.499968,0.499935,0.499875,0.499766,0.499576,0.499259,0.498746,0.497945,0.496739,0.494988,0.492533,0.489213,0.484882,0.479431,0.472817,0.465084,0.456378,0.446955,0.437175,0.42748,0.418358,0.410311,0.403805,0.39923,0.396869,0.396869,0.39923,0.403805,0.410311,0.418358,0.42748,0.437175,0.446955,0.456378,0.465084,0.472817,0.479431,0.484882,0.489213,0.492533,0.494988,0.496739,0.497945,0.498746,0.499259,0.499576,0.499766,0.499875,0.499935,0.499968,0.499984,0.499993,0.499997,0.499999,0.499999,0.5,0.5
0.499999,0.499999,0.499999,0.499998,0.499995,0.499989,0.499976,0.499951,0.499903,0.499812,0.499651,0.499371,0.498905,0.498154,0.496989,0.495244,0.492724,0.489213,0.484493,0.478374,0.470723,0.461499,0.450783,0.438797,0.425906,0.412607,0.399497,0.387226,0.376449,0.367767,0.36168,0.358543,0.358543,0.36168,0.367767,0.376449,0.387226,0.399497,0.412607,0.425906,0.438797,0.450783,0.461499,0.470723,0.478374,0.484493,0.489213,0.492724,0.495244,0.496989,0.498154,0.498905,0.499371,0.499651,0.499812,0.499903,0.499951,0.499976,0.499989,0.499995,0.499998,0.499999,0.499999,0.499999
0.499999,0.499999,0.499999,0.499997,0.499993,0.499984,0.499965,0.499928,0.499858,0.499728,0.499495,0.499094,0.498429,0.497364,0.495719,0.49327,0.489753,0.484882,0.478374,0.469992,0.459579,0.447111,0.432725,0.416742,0.39967,0.382172,0.365028,0.349072,0.335128,0.32394,0.316119,0.312096,0.312096,0.316119,0.32394,0.335128,0.349072,0.365028,0.382172,0.39967,0.416742,0.432725,0.447111,0.459579,0.469992,0.478374,0.484882,0.489753,0.49327,0.495719,0.497364,0.498429,0.499094,0.499495,0.499728,0.499858,0.499928,0.499965,0.499984,0.499993,0.499997,0.499999,0.499999,0.499999
0.499999,0.499999,0.499998,0.499995,0.499989,0.499977,0.49995,0.499899,0.499799,0.499616,0.499291,0.498734,0.497813,0.496346,0.494093,0.490756,0.485991,0.479431,0.470723,0.459579,0.445831,0.429483,0.410755,0.3901,0.368194,0.3459,0.324203,0.304136,0.286693,0.272762,0.263056,0.258075,0.258075,0.263056,0.272762,0.286693,0.304136,0.324203,0.3459,0.368194,0.3901,0.410755,0.429483,0.445831,0.459579,0.470723,0.479431,0.485991,0.490756,0.494093,0.496346,0.497813,0.498734,0.499291,0.499616,0.499799,0.499899,0.49995,0.499977,0.499989,0.499995,0.499998,0.499999,0.499999
0.499998,0.499998,0.499997,0.499993,0.499985,0.499968,0.499932,0.49986,0.499725,0.499476,0.499035,0.498283,0.497045,0.495083,0.492085,0.487668,0.481398,0.472817,0.461499,0.447111,0.429483,0.408673,0.385012,0.359113,0.331856,0.304325,0.277727,0.253292,0.232183,0.215409,0.203767,0.197807,0.197807,0.203767,0.215409,0.232183,0.253292,0.277727,0.304325,0.331856,0.359113,0.385012,0.408673,0.429483,0.447111,0.461499,0.472817,0.481398,0.487668,0.492085,0.495083,0.497045,0.498283,0.499035,0.499476,0.499725,0.49986,0.499932,0.499968,0.499985,0.499993,0.499997,0.499998,0.499998
0.499998,0.499998,0.499996,0.499991,0.49998,0.499957,0.499908,0.499814,0.499634,0.499305,0.498724,0.497738,0.496122,0.493572,0.489695,0.484015,0.475994,0.465084,0.450783,0.432725,0.410755,0.385012,0.355964,0.324423,0.291495,0.258504,0.226882,0.198048,0.173305,0.153754,0.140243,0.133345,0.133345,0.140243,0.153754,0.173305,0.198048,0.226882,0.258504,0.291495,0.324423,0.355964,0.385012,0.410755,0.432725,0.450783,0.465084,0.475994,0.484015,0.489695,0.493572,0.496122,0.497738,0.498724,0.499305,0.499634,0.499814,0.499908,0.499957,0.49998,0.499991,0.499996,0.499998,0.499998
0.499997,0.499997,0.499995,0.499988,0.499974,0.499943,0.499881,0.499758,0.499527,0.499104,0.498361,0.497104,0.495054,0.491834,0.486959,0.479853,0.469874,0.456378,0.438797,0.416742,0.3901,0.359113,0.324423,0.287062,0.248388,0.209971,0.173458,0.140433,0.112302,0.0902144,0.0750254,0.067294,0.067294,0.0750254,0.0902144,0.112302,0.140433,0.173458,0.209971,0.248388,0.287062,0.324423,0.359113,0.3901,0.416742,0.438797,0.456378,0.469874,0.479853,0.486959,0.491834,0.495054,0.497104,0.498361,0.499104,0.499527,0.499758,0.499881,0.499943,0.499974,0.499988,0.499995,0.499997,0.499997
0.499996,0.499996,0.499993,0.499985,0.499967,0.499928,0.49985,0.499696,0.499406,0.498879,0.497956,0.496399,0.493869,0.489911,0.483948,0.475297,0.463211,0.446955,0.425906,0.39967,0.368194,0.331856,0.291495,0.248388,0.204152,0.160603,0.119582,0.0828016,0.0517238,0.0274916,0.0109181,0.00251105,0.00251105,0.0109181,0.0274916,0.0517238,0.0828016,0.119582,0.160603,0.204152,0.248388,0.291495,0.331856,0.368194,0.39967,0.425906,0.446955,0.463211,0.475297,0.483948,0.489911,0.493869,0.496399,0.497956,0.498879,0.499406,0.499696,0.49985,0.499928,0.499967,0.499985,0.499993,0.499996,0.499996
0.499995,0.499995,0.499992,0.499982,0.499959,0.499912,0.499816,0.499629,0.499276,0.498637,0.497521,0.495645,0.492609,0.487876,0.480775,0.470517,0.456257,0.437175,0.412607,0.382172,0.3459,0.304325,0.258504,0.209971,0.160603,0.112444,0.0675029,0.0275779,-0.00586634,-0.0317463,-0.0493413,-0.0582324,-0.0582324,-0.0493413,-0.0317463,-0.00586634,0.0275779,0.0675029,0.112444,0.160603,0.209971,0.258504,0.304325,0.3459,0.382172,0.412607,0.437175,0.456257,0.470517,0.480775,0.487876,0.492609,0.495645,0.497521,0.498637,0.499276,0.499629,0.499816,0.499912,0.499959,0.499982,0.499992,0.499995,0.499995
0.499995,0.499995,0.49999,0.499978,0.499951,0.499895,0.499781,0.499559,0.499142,0.498389,0.497077,0.494879,0.491331,0.485821,0.477583,0.465731,0.449326,0.42748,0.399497,0.365028,0.324203,0.277727,0.226882,0.173458,0.119582,0.0675029,0.0193619,-0.0230024,-0.0581697,-0.0851641,-0.103399,-0.112575,-0.112575,-0.103399,-0.0851641,-0.0581697,-0.0230024,0.0193619,0.0675029,0.119582,0.173458,0.226882,0.277727,0.324203,0.365028,0.399497,0.42748,0.449326,0.465731,0.477583,0.485821,0.491331,0.494879,0.497077,0.498389,0.499142,0.499559,0.499781,0.499895,0.499951,0.499978,0.49999,0.499995,0.499995
0.499994,0.499994,0.499988,0.499975,0.499944,0.499879,0.499747,0.499492,0.499013,0.498149,0.496649,0.494141,0.490105,0.483855,0.474541,0.461188,0.442775,0.418358,0.387226,0.349072,0.304136,0.253292,0.198048,0.140433,0.0828016,0.0275779,-0.0230024,-0.0670974,-0.103369,-0.130981,-0.149509,-0.158792,-0.158792,-0.149509,-0.130981,-0.103369,-0.0670974,-0.0230024,0.0275779,0.0828016,0.140433,0.198048,0.253292,0.304136,0.349072,0.387226,0.418358,0.442775,0.461188,0.474541,0.483855,0.490105,0.494141,0.496649,0.498149,0.499013,0.499492,0.499747,0.499879,0.499944,0.499975,0.499988,0.499994,0.499994
0.499993,0.499993,0.499987,0.499971,0.499937,0.499864,0.499717,0.49943,0.498896,0.497933,0.496263,0.493478,0.489005,0.482096,0.471828,0.457149,0.436973,0.410311,0.376449,0.335128,0.286693,0.232183,0.173305,0.112302,0.0517238,-0.00586634,-0.0581697,-0.103369,-0.140226,-0.168062,-0.186619,-0.195875,-0.195875,-0.186619,-0.168062,-0.140226,-0.103369,-0.0581697,-0.00586634,0.0517238,0.112302,0.173305,0.232183,0.286693,0.335128,0.376449,0.410311,0.436973,0.457149,0.471828,0.482096,0.489005,0.493478,0.496263,0.497933,0.498896,0.49943,0.499717,0.499864,0.499937,0.499971,0.499987,0.499993,0.499993
0.499992,0.499992,0.499986,0.499969,0.499931,0.499851,0.499691,0.49938,0.498799,0.497754,0.495945,0.492933,0.488104,0.480658,0.469614,0.453863,0.432266,0.403805,0.367767,0.32394,0.272762,0.215409,0.153754,0.0902144,0.0274916,-0.0317463,-0.0851641,-0.130981,-0.168062,-0.19587,-0.2143,-0.223458,-0.223458,-0.2143,-0.19587,-0.168062,-0.130981,-0.0851641,-0.0317463,0.0274916,0.0902144,0.153754,0.215409,0.272762,0.32394,0.367767,0.403805,0.432266,0.453863,0.469614,0.480658,0.488104,0.492933,0.495945,0.497754,0.498799,0.49938,0.499691,0.499851,0.499931,0.499969,0.499986,0.499992,0.499992
0.499992,0.499992,0.499985,0.499967,0.499927,0.499842,0.499673,0.499344,0.49873,0.497626,0.495719,0.492545,0.487464,0.479638,0.468047,0.451542,0.428948,0.39923,0.36168,0.316119,0.263056,0.203767,0.140243,0.0750254,0.0109181,-0.0493413,-0.103399,-0.149509,-0.186619,-0.2143,-0.232565,-0.241613,-0.241613,-0.232565,-0.2143,-0.186619,-0.149509,-0.103399,-0.0493413,0.0109181,0.0750254,0.140243,0.203767,0.263056,0.316119,0.36168,0.39923,0.428948,0.451542,0.468047,0.479638,0.487464,0.492545,0.495719,0.497626,0.49873,0.499344,0.499673,0.499842,0.499927,0.499967,0.499985,0.499992,0.499992
0.499991,0.499991,0.499984,0.499966,0.499925,0.499838,0.499663,0.499325,0.498694,0.49756,0.495601,0.492344,0.487131,0.479109,0.467235,0.45034,0.427234,0.396869,0.358543,0.312096,0.258075,0.197807,0.133345,0.067294,0.00251105,-0.0582324,-0.112575,-0.158792,-0.195875,-0.223458,-0.241613,-0.250593,-0.250593,-0.241613,-0.223458,-0.195875,-0.158792,-0.112575,-0.0582324,0.00251105,0.067294,0.133345,0.197807,0.258075,0.312096,0.358543,0.396869,0.427234,0.45034,0.467235,0.479109,0.487131,0.492344,0.495601,0.49756,0.498694,0.499325,0.499663,0.499838,0.499925,0.499966,0.499984,0.499991,0.499991
0.499991,0.499991,0.499984,0.499966,0.499925,0.499838,0.499663,0.499325,0.498694,0.49756,0.495601,0.492344,0.487131,0.479109,0.467235,0.45034,0.427234,0.396869,0.358543,0.312096,0.258075,0.197807,0.133345,0.067294,0.00251105,-0.0582324,-0.112575,-0.158792,-0.195875,-0.223458,-0.241613,-0.250593,-0.250593,-0.241613,-0.223458,-0.195875,-0.158792,-0.112575,-0.0582324,0.00251105,0.067294,0.133345,0.197807,0.258075,0.312096,0.358543,0.396869,0.427234,0.45034,0.467235,0.479109,0.487131,0.492344,0.495601,0.49756,0.498694,0.499325,0.499663,0.499838,0.499925,0.499966,0.499984,0.499991,0.499991
0.499992,0.499992,0.499985,0.499967,0.499927,0.499842,0.499673,0.499344,0.49873,0.497626,0.495719,0.492545,0.487464,0.479638,0.468047,0.451542,0.428948,0.39923,0.36168,0.316119,0.263056,0.203767,0.140243,0.0750254,0.0109181,-0.0493413,-0.103399,-0.149509,-0.186619,-0.2143,-0.232565,-0.241613,-0.241613,-0.232565,-0.2143,-0.186619,-0.149509,-0.103399,-0.0493413,0.0109181,0.0750254,0.140243,0.203767,0.263056,0.316119,0.36168,0.39923,0.428948,0.451542,0.468047,0.479638,0.487464,0.492545,0.495719,0.497626,0.49873,0.499344,0.499673,0.499842,0.499927,0.499967,0.499985,0.499992,0.499992
0.499992,0.499992,0.499986,0.499969,0.499931,0.499851,0.499691,0.49938,0.498799,0.497754,0.495945,0.492933,0.488104,0.480658,0.469614,0.453863,0.432266,0.403805,0.367767,0.32394,0.272762,0.215409,0.153754,0.0902144,0.0274916,-0.0317463,-0.0851641,-0.130981,-0.168062,-0.19587,-0.2143,-0.223458,-0.223458,-0.2143,-0.19587,-0.168062,-0.130981,-0.0851641,-0.0317463,0.0274916,0.0902144,0.153754,0.215409,0.272762,0.32394,0.367767,0.403805,0.432266,0.453863,0.469614,0.480658,0.488104,0.492933,0.495945,0.497754,0.498799,0.49938,0.499691,0.499851,0.499931,0.499969,0.499986,0.499992,0.499992
0.499993,0.499993,0.499987,0.499971,0.499937,0.499864,0.499717,0.49943,0.498896,0.497933,0.496263,0.493478,0.489005,0.482096,0.471828,0.457149,0.436973,0.410311,0.376449,0.335128,0.286693,0.232183,0.173305,0.112302,0.0517238,-0.00586634,-0.0581697,-0.103369,-0.140226,-0.168062,-0.186619,-0.195875,-0.195875,-0.186619,-0.168062,-0.140226,-0.103369,-0.0581697,-0.00586634,0.0517238,0.112302,0.173305,0.232183,0.286693,0.335128,0.376449,0.410311,0.436973,0.457149,0.471828,0.482096,0.489005,0.493478,0.496263,0.497933,0.498896,0.49943,0.499717,0.499864,0.499937,0.499971,0.499987,0.499993,0.499993
0.499994,0.499994,0.499988,0.499975,0.499944,0.499879,0.499747,0.499492,0.499013,0.498149,0.496649,0.494141,0.490105,0.483855,0.474541,0.461188,0.442775,0.418358,0.387226,0.349072,0.304136,0.253292,0.198048,0.140433,0.0828016,0.0275779,-0.0230024,-0.0670974,-0.103369,-0.130981,-0.149509,-0.158792,-0.158792,-0.149509,-0.130981,-0.103369,-0.0670974,-0.0230024,0.0275779,0.0828016,0.140433,0.198048,0.253292,0.304136,0.349072,0.387226,0.418358,0.442775,0.461188,0.474541,0.483855,0.490105,0.494141,0.496649,0.498149,0.499013,0.499492,0.499747,0.499879,0.499944,0.499975,0.499988,0.499994,0.499994
0.499995,0.499995,0.49999,0.499978,0.499951,0.499895,0.499781,0.499559,0.499142,0.498389,0.497077,0.494879,0.491331,0.485821,0.477583,0.465731,0.449326,0.42748,0.399497,0.365028,0.324203,0.277727,0.226882,0.173458,0.119582,0.0675029,0.0193619,-0.0230024,-0.0581697,-0.0851641,-0.103399,-0.112575,-0.112575,-0.103399,-0.0851641,-0.0581697,-0.0230024,0.0193619,0.0675029,0.119582,0.173458,0.226882,0.277727,0.324203,0.365028,0.399497,0.42748,0.449326,0.465731,0.477583,0.485821,0.491331,0.494879,0.497077,0.498389,0.499142,0.499559,0.499781,0.499895,0.499951,0.499978,0.49999,0.499995,0.499995
0.499995,0.499995,0.499992,0.499982,0.499959,0.499912,0.499816,0.499629,0.499276,0.498637,0.497521,0.495645,0.492609,0.487876,0.480775,0.470517,0.456257,0.437175,0.412607,0.382172,0.3459,0.304325,0.258504,0.209971,0.160603,0.112444,0.0675029,0.0275779,-0.00586634,-0.0317463,-0.0493413,-0.0582324,-0.0582324,-0.0493413,-0.0317463,-0.00586634,0.0275779,0.0675029,0.112444,0.160603,0.209971,0.258504,0.304325,0.3459,0.382172,0.412607,0.437175,0.456257,0.470517,0.480775,0.487876,0.492609,0.495645,0.497521,0.498637,0.499276,0.499629,0.499816,0.499912,0.499959,0.499982,0.499992,0.499995,0.499995
0.499996,0.499996,0.499993,0.499985,0.499967,0.499928,0.49985,0.499696,0.499406,0.498879,0.497956,0.496399,0.493869,0.489911,0.483948,0.475297,0.463211,0.446955,0.425906,0.39967,0.368194,0.331856,0.291495,0.248388,0.204152,0.160603,0.119582,0.0828016,0.0517238,0.0274916,0.0109181,0.00251105,0.00251105,0.0109181,0.0274916,0.0517238,0.0828016,0.119582,0.160603,0.204152,0.248388,0.291495,0.331856,0.368194,0.39967,0.425906,0.446955,0.463211,0.475297,0.483948,0.489911,0.493869,0.496399,0.497956,0.498879,0.499406,0.499696,0.49985,0.499928,0.499967,0.499985,0.499993,0.499996,0.499996
0.499997,0.499997,0.499995,0.499988,0.499974,0.499943,0.499881,0.499758,0.499527,0.499104,0.498361,0.497104,0.495054,0.491834,0.486959,0.479853,0.469874,0.456378,0.438797,0.416742,0.3901,0.359113,0.324423,0.287062,0.248388,0.209971,0.173458,0.140433,0.112302,0.0902144,0.0750254,0.067294,0.067294,0.0750254,0.0902144,0.112302,0.140433,0.173458,0.209971,0.248388,0.287062,0.324423,0.359113,0.3901,0.416742,0.438797,0.456378,0.469874,0.479853,0.486959,0.491834,0.495054,0.497104,0.498361,0.499104,0.499527,0.499758,0.499881,0.499943,0.499974,0.499988,0.499995,0.499997,0.499997
0.499998,0.499998,0.499996,0.499991,0.49998,0.499957,0.499908,0.499814,0.499634,0.499305,0.498724,0.497738,0.496122,0.493572,0.489695,0.484015,0.475994,0.465084,0.450783,0.432725,0.410755,0.385012,0.355964,0.324423,0.291495,0.258504,0.226882,0.198048,0.173305,0.153754,0.140243,0.133345,0.133345,0.140243,0.153754,0.173305,0.198048,0.226882,0.258504,0.291495,0.324423,0.355964,0.385012,0.410755,0.432725,0.450783,0.465084,0.475994,0.484015,0.489695,0.493572,0.496122,0.497738,0.498724,0.499305,0.499634,0.499814,0.499908,0.499957,0.49998,0.499991,0.499996,0.499998,0.499998
0.499998,0.499998,0.499997,0.499993,0.499985,0.499968,0.499932,0.49986,0.499725,0.499476,0.499035,0.498283,0.497045,0.495083,0.492085,0.487668,0.481398,0.472817,0.461499,0.447111,0.429483,0.408673,0.385012,0.359113,0.331856,0.304325,0.277727,0.253292,0.232183,0.215409,0.203767,0.197807,0.197807,0.203767,0.215409,0.232183,0.253292,0.277727,0.304325,0.331856,0.359113,0.385012,0.408673,0.429483,0.447111,0.461499,0.472817,0.481398,0.487668,0.492085,0.495083,0.497045,0.498283,0.499035,0.499476,0.499725,0.49986,0.499932,0.499968,0.499985,0.499993,0.499997,0.499998,0.499998
0.499999,0.499999,0.499998,0.499995,0.499989,0.499977,0.49995,0.499899,0.499799,0.499616,0.499291,0.498734,0.497813,0.496346,0.494093,0.490756,0.485991,0.479431,0.470723,0.459579,0.445831,0.429483,0.410755,0.3901,0.368194,0.3459,0.324203,0.304136,0.286693,0.272762,0.263056,0.258075,0.258075,0.263056,0.272762,0.286693,0.304136,0.324203,0.3459,0.368194,0.3901,0.410755,0.429483,0.445831,0.459579,0.470723,0.479431,0.485991,0.490756,0.494093,0.496346,0.497813,0.498734,0.499291,0.499616,0.499799,0.499899,0.49995,0.499977,0.499989,0.499995,0.499998,0.499999,0.499999
0.499999,0.499999,0.499999,0.499997,0.499993,0.499984,0.499965,0.499928,0.499858,0.499728,0.499495,0.499094,0.498429,0.497364,0.495719,0.49327,0.489753,0.484882,0.478374,0.469992,0.459579,0.447111,0.432725,0.416742,0.39967,0.382172,0.365028,0.349072,0.335128,0.32394,0.316119,0.312096,0.312096,0.316119,0.32394,0.335128,0.349072,0.365028,0.382172,0.39967,0.416742,0.432725,0.447111,0.459579,0.469992,0.478374,0.484882,0.489753,0.49327,0.495719,0.497364,0.498429,0.499094,0.499495,0.499728,0.499858,0.499928,0.499965,0.499984,0.499993,0.499997,0.499999,0.499999,0.499999
0.499999,0.499999,0.499999,0.499998,0.499995,0.499989,0.499976,0.499951,0.499903,0.499812,0.499651,0.499371,0.498905,0.498154,0.496989,0.495244,0.492724,0.489213,0.484493,0.478374,0.470723,0.461499,0.450783,0.438797,0.425906,0.412607,0.399497,0.387226,0.376449,0.367767,0.36168,0.358543,0.358543,0.36168,0.367767,0.376449,0.387226,0.399497,0.412607,0.425906,0.438797,0.450783,0.461499,0.470723,0.478374,0.484493,0.489213,0.492724,0.495244,0.496989,0.498154,0.498905,0.499371,0.499651,0.499812,0.499903,0.499951,0.499976,0.499989,0.499995,0.499998,0.499999,0.499999,0.499999
0.5,0.5,0.499999,0.499999,0.499997,0.499993,0.499984,0.499968,0.499935,0.499875,0.499766,0.499576,0.499259,0.498746,0.497945,0.496739,0.494988,0.492533,0.489213,0.484882,0.479431,0.472817,0.465084,0.456378,0.446955,0.437175,0.42748,0.418358,0.410311,0.403805,0.39923,0.396869,0.396869,0.39923,0.403805,0.410311,0.418358,0.42748,0.437175,0.446955,0.456378,0.465084,0.472817,0.479431,0.484882,0.489213,0.492533,0.494988,0.496739,0.497945,0.498746,0.499259,0.499576,0.499766,0.499875,0.499935,0.499968,0.499984,0.499993,0.499997,0.499999,0.499999,0.5,0.5
0.5,0.5,0.5,0.499999,0.499998,0.499995,0.49999,0.499979,0.499958,0.499919,0.499848,0.499723,0.499514,0.499174,0.49864,0.497832,0.496652,0.494988,0.492724,0.489753,0.485991,0.481398,0.475994,0.469874,0.463211,0.456257,0.449326,0.442775,0.436973,0.432266,0.428948,0.427234,0.427234,0.428948,0.432266,0.436973,0.442775,0.449326,0.456257,0.463211,0.469874,0.475994,0.481398,0.485991,0.489753,0.492724,0.494988,0.496652,0.497832,0.49864,0.499174,0.499514,0.499723,0.499848,0.499919,0.499958,0.499979,0.49999,0.499995,0.499998,0.499999,0.5,0.5,0.5
0.5,0.5,0.5,0.499999,0.499999,0.499997,0.499994,0.499987,0.499974,0.499949,0.499904,0.499825,0.499691,0.499472,0.499128,0.498603,0.497832,0.496739,0.495244,0.49327,0.490756,0.487668,0.484015,0.479853,0.475297,0.470517,0.465731,0.461188,0.457149,0.453863,0.451542,0.45034,0.45034,0.451542,0.453863,0.457149,0.461188,0.465731,0.470517,0.475297,0.479853,0.484015,0.487668,0.490756,0.49327,0.495244,0.496739,0.497832,0.498603,0.499128,0.499472,0.499691,0.499825,0.499904,0.499949,0.499974,0.499987,0.499994,0.499997,0.499999,0.499999,0.5,0.5,0.5
0.5,0.5,0.5,0.5,0.499999,0.499998,0.499996,0.499992,0.499984,0.499969,0.499941,0.499893,0.49981,0.499673,0.499458,0.499128,0.49864,0.497945,0.496989,0.495719,0.494093,0.492085,0.489695,0.486959,0.483948,0.480775,0.477583,0.474541,0.471828,0.469614,0.468047,0.467235,0.467235,0.468047,0.469614,0.471828,0.474541,0.477583,0.480775,0.483948,0.486959,0.489695,0.492085,0.494093,0.495719,0.496989,0.497945,0.49864,0.499128,0.499458,0.499673,0.49981,0.499893,0.499941,0.499969,0.499984,0.499992,0.499996,0.499998,0.499999,0.5,0.5,0.5,0.5
0.5,0.5,0.5,0.5,0.5,0.499999,0.499998,0.499995,0.499991,0.499982,0.499965,0.499936,0.499886,0.499804,0.499673,0.499472,0.499174,0.498746,0.498154,0.497364,0.496346,0.495083,0.493572,0.491834,0.489911,0.487876,0.485821,0.483855,0.482096,0.480658,0.479638,0.479109,0.479109,0.479638,0.480658,0.482096,0.483855,0.485821,0.487876,0.489911,0.491834,0.493572,0.495083,0.496346,0.497364,0.498154,0.498746,0.499174,0.499472,0.499673,0.499804,0.499886,0.499936,0.499965,0.499982,0.499991,0.499995,0.499998,0.499999,0.5,0.5,0.5,0.5,0.5
0.5,0.5,0.5,0.5,0.5,0.499999,0.499999,0.499997,0.499995,0.49999,0.49998,0.499963,0.499934,0.499886,0.49981,0.499691,0.499514,0.499259,0.498905,0.498429,0.497813,0.497045,0.496122,0.495054,0.493869,0.492609,0.491331,0.490105,0.489005,0.488104,0.487464,0.487131,0.487131,0.487464,0.488104,0.489005,0.490105,0.491331,0.492609,0.493869,0.495054,0.496122,0.497045,0.497813,0.498429,0.498905,0.499259,0.499514,0.499691,0.49981,0.499886,0.499934,0.499963,0.49998,0.49999,0.499995,0.499997,0.499999,0.499999,0.5,0.5,0.5,0.5,0.5
0.5,0.5,0.5,0.5,0.5,0.5,0.499999,0.499999,0.499997,0.499994,0.499989,0.49998,0.499963,0.499936,0.499893,0.499825,0.499723,0.499576,0.499371,0.499094,0.498734,0.498283,0.497738,0.497104,0.496399,0.495645,0.494879,0.494141,0.493478,0.492933,0.492545,0.492344,0.492344,0.492545,0.492933,0.493478,0.494141,0.494879,0.495645,0.496399,0.497104,0.497738,0.498283,0.498734,0.499094,0.499371,0.499576,0.499723,0.499825,0.499893,0.499936,0.499963,0.49998,0.499989,0.499994,0.499997,0.499999,0.499999,0.5,0.5,0.5,0.5,0.5,0.5
0.5,0.5,0.5,0.5,0.5,0.5,0.5,0.499999,0.499998,0.499997,0.499994,0.499989,0.49998,0.499965,0.499941,0.499904,0.499848,0.499766,0.499651,0.499495,0.499291,0.499035,0.498724,0.498361,0.497956,0.497521,0.497077,0.496649,0.496263,0.495945,0.495719,0.495601,0.495601,0.495719,0.495945,0.496263,0.496649,0.497077,0.497521,0.497956,0.498361,0.498724,0.499035,0.499291,0.499495,0.499651,0.499766,0.499848,0.499904,0.499941,0.499965,0.49998,0.499989,0.499994,0.499997,0.499998,0.499999,0.5,0.5,0.5,0.5,0.5,0.5,0.5
0.5,0.5,0.5,0.5,0.5,0.5,0.5,0.5,0.499999,0.499998,0.499997,0.499994,0.49999,0.499982,0.499969,0.499949,0.499919,0.499875,0.499812,0.499728,0.499616,0.499476,0.499305,0.499104,0.498879,0.498637,0.498389,0.498149,0.497933,0.497754,0.497626,0.49756,0.49756,0.497626,0.497754,0.497933,0.498149,0.498389,0.498637,0.498879,0.499104,0.499305,0.499476,0.499616,0.499728,0.499812,0.499875,0.499919,0.499949,0.499969,0.499982,0.49999,0.499994,0.499997,0.499998,0.499999,0.5,0.5,0.5,0.5,0.5,0.5,0.5,0.5
0.5,0.5,0.5,0.5,0.5,0.5,0.5,0.5,0.5,0.499999,0.499998,0.499997,0.499995,0.499991,0.499984,0.499974,0.499958,0.499935,0.499903,0.499858,0.499799,0.499725,0.499634,0.499527,0.499406,0.499276,0.499142,0.499013,0.498896,0.498799,0.49873,0.498694,0.498694,0.49873,0.498799,0.498896,0.499013,0.499142,0.499276,0.499406,0.499527,0.499634,0.499725,0.499799,0.499858,0.499903,0.499935,0.499958,0.499974,0.499984,0.499991,0.499995,0.499997,0.499998,0.499999,0.5,0.5,0.5,0.5,0.5,0.5,0.5,0.5,0.5
0.5,0.5,0.5,0.5,0.5,0.5,0.5,0.5,0.5,0.5,0.499999,0.499999,0.499997,0.499995,0.499992,0.499987,0.499979,0.499968,0.499951,0.499928,0.499899,0.49986,0.499814,0.499758,0.499696,0.499629,0.499559,0.499492,0.49943,0.49938,0.499344,0.499325,0.499325,0.499344,0.49938,0.49943,0.499492,0.499559,0.499629,0.499696,0.499758,0.499814,0.49986,0.499899,0.499928,0.499951,0.499968,0.499979,0.499987,0.499992,0.499995,0.499997,0.499999,0.499999,0.5,0.5,0.5,0.5,0.5,0.5,0.5,0.5,0.5,0.5
0.5,0.5,0.5,0.5,0.5,0.5,0.5,0.5,0.5,0.5,0.5,0.499999,0.499999,0.499998,0.499996,0.499994,0.49999,0.499984,0.499976,0.499965,0.49995,0.499932,0.499908,0.499881,0.49985,0.499816,0.499781,0.499747,0.499717,0.499691,0.499673,0.499663,0.499663,0.499673,0.499691,0.499717,0.499747,0.499781,0.499816,0.49985,0.499881,0.499908,0.499932,0.49995,0.499965,0.499976,0.499984,0.49999,0.499994,0.499996,0.499998,0.499999,0.499999,0.5,0.5,0.5,0.5,0.5,0.5,0.5,0.5,0.5,0.5,0.5
0.5,0.5,0.5,0.5,0.5,0.5,0.5,0.5,0.5,0.5,0.5,0.5,0.499999,0.499999,0.499998,0.499997,0.499995,0.499993,0.499989,0.499984,0.499977,0.499968,0.499957,0.499943,0.499928,0.499912,0.499895,0.499879,0.499864,0.499851,0.499842,0.499838,0.499838,0.499842,0.499851,0.499864,0.499879,0.499895,0.499912,0.499928,0.499943,0.499957,0.499968,0.499977,0.499984,0.499989,0.499993,0.499995,0.499997,0.499998,0.499999,0.499999,0.5,0.5,0.5,0.5,0.5,0.5,0.5,0.5,0.5,0.5,0.5,0.5
0.5,0.5,0.5,0.5,0.5,0.5,0.5,0.5,0.5,0.5,0.5,0.5,0.5,0.5,0.499999,0.499999,0.499998,0.499997,0.499995,0.499993,0.499989,0.499985,0.49998,0.499974,0.499967,0.499959,0.499951,0.499944,0.499937,0.499931,0.499927,0.499925,0.499925,0.499927,0.499931,0.499937,0.499944,0.499951,0.499959,0.499967,0.499974,0.49998,0.499985,0.499989,0.499993,0.499995,0.499997,0.499998,0.499999,0.499999,0.5,0.5,0.5,0.5,0.5,0.5,0.5,0.5,0.5,0.5,0.5,0.5,0.5,0.5
0.5,0.5,0.5,0.5,0.5,0.5,0.5,0.5,0.5,0.5,0.5,0.5,0.5,0.5,0.5,0.499999,0.499999,0.499999,0.499998,0.499997,0.499995,0.499993,0.499991,0.499988,0.499985,0.499982,0.499978,0.499975,0.499971,0.499969,0.499967,0.499966,0.499966,0.499967,0.499969,0.499971,0.499975,0.499978,0.499982,0.499985,0.499988,0.499991,0.499993,0.499995,0.499997,0.499998,0.499999,0.499999,0.499999,0.5,0.5,0.5,0.5,0.5,0.5,0.5,0.5,0.5,0.5,0.5,0.5,0.5,0.5,0.5
0.5,0.5,0.5,0.5,0.5,0.5,0.5,0.5,0.5,0.5,0.5,0.5,0.5,0.5,0.5,0.5,0.5,0.499999,0.499999,0.499999,0.499998,0.499997,0.499996,0.499995,0.499993,0.499992,0.49999,0.499988,0.499987,0.499986,0.499985,0.499984,0.499984,0.499985,0.499986,0.499987,0.499988,0.49999,0.499992,0.499993,0.499995,0.499996,0.499997,0.499998,0.499999,0.499999,0.499999,0.5,0.5,0.5,0.5,0.5,0.5,0.5,0.5,0.5,0.5,0.5,0.5,0.5,0.5,0.5,0.5,0.5
0.5,0.5,0.5,0.5,0.5,0.5,0.5,0.5,0.5,0.5,0.5,0.5,0.5,0.5,0.5,0.5,0.5,0.5,0.499999,0.499999,0.499999,0.499998,0.499998,0.499997,0.499996,0.499995,0.499995,0.499994,0.499993,0.499992,0.499992,0.499991,0.499991,0.499992,0.499992,0.499993,0.499994,0.499995,0.499995,0.499996,0.499997,0.499998,0.499998,0.499999,0.499999,0.499999,0.5,0.5,0.5,0.5,0.5,0.5,0.5,0.5,0.5,0.5,0.5,0.5,0.5,0.5,0.5,0.5,0.5,0.5
0.5,0.5,0.5,0.5,0.5,0.5,0.5,0.5,0.5,0.5,0.5,0.5,0.5,0.5,0.5,0.5,0.5,0.5,0.499999,0.499999,0.499999,0.499998,0.499998,0.499997,0.499996,0.499995,0.499995,0.499994,0.499993,0.499992,0.499992,0.499991,0.499991,0.499992,0.499992,0.499993,0.499994,0.499995,0.499995,0.499996,0.499997,0.499998,0.499998,0.499999,0.499999,0.499999,0.5,0.5,0.5,0.5,0.5,0.5,0.5,0.5,0.5,0.5,0.5,0.5,0.5,0.5,0.5,0.5,0.5,0.5
