0.490799,0.488583,0.487533,0.485463,0.482434,0.478554,0.473976,0.46891,0.463615,0.458385,0.453524,0.449321,0.446011,0.443752,0.442604,0.442528,0.443396,0.445012,0.447149,0.449574,0.452077,0.454493,0.456706,0.458647,0.460292,0.461643,0.462723,0.463563,0.464192,0.46464,0.464926,0.465065,0.465065,0.464926,0.46464,0.464192,0.463563,0.462723,0.461643,0.460292,0.458647,0.456706,0.454493,0.452077,0.449574,0.447149,0.445012,0.443396,0.442528,0.442604,0.443752,0.446011,0.449321,0.453524,0.458385,0.463615,0.46891,0.473976,0.478554,0.482434,0.485463,0.487533,0.488583,0.488583
0.488583,0.488583,0.487533,0.485463,0.482434,0.478554,0.473976,0.46891,0.463615,0.458385,0.453524,0.449321,0.446011,0.443752,0.442604,0.442528,0.443396,0.445012,0.447149,0.449574,0.452077,0.454493,0.456706,0.458647,0.460292,0.461643,0.462723,0.463563,0.464192,0.46464,0.464926,0.465065,0.465065,0.464926,0.46464,0.464192,0.463563,0.462723,0.461643,0.460292,0.458647,0.456706,0.454493,0.452077,0.449574,0.447149,0.445012,0.443396,0.442528,0.442604,0.443752,0.446011,0.449321,0.453524,0.458385,0.463615,0.46891,0.473976,0.478554,0.482434,0.485463,0.487533,0.488583,0.488583
0.487533,0.487533,0.486492,0.484437,0.481435,0.47759,0.473057,0.468045,0.46281,0.457641,0.452841,0.448692,0.445425,0.443195,0.442061,0.441987,0.442846,0.444449,0.446571,0.448984,0.451481,0.453899,0.45612,0.458075,0.459738,0.461109,0.462209,0.463066,0.46371,0.464169,0.464463,0.464606,0.464606,0.464463,0.464169,0.46371,0.463066,0.462209,0.461109,0.459738,0.458075,0.45612,0.453899,0.451481,0.448984,0.446571,0.444449,0.442846,0.441987,0.442061,0.443195,0.445425,0.448692,0.452841,0.457641,0.46281,0.468045,0.473057,0.47759,0.481435,0.484437,0.486492,0.487533,0.487533
0.485463,0.485463,0.484437,0.482418,0.479468,0.475695,0.471255,0.466352,0.461238,0.456196,0.451519,0.44748,0.444302,0.442134,0.441034,0.440968,0.441814,0.443392,0.445487,0.447877,0.450364,0.452785,0.455023,0.457007,0.458705,0.460116,0.461254,0.462146,0.46282,0.463302,0.463611,0.463763,0.463763,0.463611,0.463302,0.46282,0.462146,0.461254,0.460116,0.458705,0.457007,0.455023,0.452785,0.450364,0.447877,0.445487,0.443392,0.441814,0.440968,0.441034,0.442134,0.444302,0.44748,0.451519,0.456196,0.461238,0.466352,0.471255,0.475695,0.479468,0.482418,0.484437,0.485463,0.485463
0.482434,0.482434,0.481435,0.479468,0.4766,0.472939,0.46864,0.463904,0.458977,0.45413,0.449643,0.445776,0.442739,0.440673,0.439633,0.439586,0.440421,0.441969,0.444029,0.44639,0.448864,0.45129,0.453554,0.45558,0.457331,0.458799,0.459995,0.46094,0.461658,0.462174,0.462506,0.462669,0.462669,0.462506,0.462174,0.461658,0.46094,0.459995,0.458799,0.457331,0.45558,0.453554,0.45129,0.448864,0.44639,0.444029,0.441969,0.440421,0.439586,0.439633,0.440673,0.442739,0.445776,0.449643,0.45413,0.458977,0.463904,0.46864,0.472939,0.4766,0.479468,0.481435,0.482434,0.482434
0.478554,0.478554,0.47759,0.475695,0.472939,0.46943,0.465323,0.460816,0.456142,0.451562,0.447336,0.443707,0.440869,0.438951,0.438003,0.437997,0.43883,0.44035,0.442371,0.444701,0.447159,0.449595,0.451892,0.453972,0.455791,0.457335,0.458605,0.459618,0.460394,0.460955,0.461317,0.461496,0.461496,0.461317,0.460955,0.460394,0.459618,0.458605,0.457335,0.455791,0.453972,0.451892,0.449595,0.447159,0.444701,0.442371,0.44035,0.43883,0.437997,0.438003,0.438951,0.440869,0.443707,0.447336,0.451562,0.456142,0.460816,0.465323,0.46943,0.472939,0.475695,0.47759,0.478554,0.478554
0.473976,0.473976,0.473057,0.471255,0.46864,0.465323,0.461459,0.457238,0.452884,0.448641,0.444749,0.441426,0.438848,0.437129,0.436312,0.436373,0.43722,0.438719,0.440703,0.443,0.445443,0.44789,0.450226,0.452369,0.45427,0.455902,0.457262,0.458358,0.459204,0.45982,0.46022,0.460417,0.460417,0.46022,0.45982,0.459204,0.458358,0.457262,0.455902,0.45427,0.452369,0.450226,0.44789,0.445443,0.443,0.440703,0.438719,0.43722,0.436373,0.436312,0.437129,0.438848,0.441426,0.444749,0.448641,0.452884,0.457238,0.461459,0.465323,0.46864,0.471255,0.473057,0.473976,0.473976
0.46891,0.46891,0.468045,0.466352,0.463904,0.460816,0.457238,0.453357,0.449383,0.445541,0.442048,0.439096,0.436836,0.435367,0.434723,0.43488,0.435761,0.437249,0.439201,0.441464,0.443891,0.446348,0.448725,0.450937,0.452927,0.454659,0.45612,0.45731,0.458238,0.458917,0.459361,0.45958,0.45958,0.459361,0.458917,0.458238,0.45731,0.45612,0.454659,0.452927,0.450937,0.448725,0.446348,0.443891,0.441464,0.439201,0.437249,0.435761,0.43488,0.434723,0.435367,0.436836,0.439096,0.442048,0.445541,0.449383,0.453357,0.457238,0.460816,0.463904,0.466352,0.468045,0.46891,0.46891
0.463615,0.463615,0.46281,0.461238,0.458977,0.456142,0.452884,0.449383,0.445836,0.442446,0.439405,0.436876,0.434986,0.43381,0.433375,0.433657,0.434591,0.436078,0.438,0.440229,0.442635,0.445098,0.447513,0.449794,0.451874,0.453712,0.455282,0.456575,0.457592,0.458342,0.458835,0.459079,0.459079,0.458835,0.458342,0.457592,0.456575,0.455282,0.453712,0.451874,0.449794,0.447513,0.445098,0.442635,0.440229,0.438,0.436078,0.434591,0.433657,0.433375,0.43381,0.434986,0.436876,0.439405,0.442446,0.445836,0.449383,0.452884,0.456142,0.458977,0.461238,0.46281,0.463615,0.463615
0.458385,0.458385,0.457641,0.456196,0.45413,0.451562,0.448641,0.445541,0.442446,0.439538,0.43698,0.434909,0.433421,0.43257,0.432371,0.432798,0.433797,0.43529,0.437183,0.439371,0.441747,0.444206,0.446649,0.44899,0.451159,0.453101,0.454782,0.456182,0.457295,0.458121,0.458667,0.458938,0.458938,0.458667,0.458121,0.457295,0.456182,0.454782,0.453101,0.451159,0.44899,0.446649,0.444206,0.441747,0.439371,0.437183,0.43529,0.433797,0.432798,0.432371,0.43257,0.433421,0.434909,0.43698,0.439538,0.442446,0.445541,0.448641,0.451562,0.45413,0.456196,0.457641,0.458385,0.458385
0.453524,0.453524,0.452841,0.451519,0.449643,0.447336,0.444749,0.442048,0.439405,0.43698,0.434913,0.433307,0.432231,0.431716,0.431763,0.432343,0.433412,0.434909,0.436765,0.438901,0.441232,0.443669,0.446124,0.448511,0.450756,0.452796,0.454586,0.456094,0.457304,0.45821,0.458812,0.459112,0.459112,0.458812,0.45821,0.457304,0.456094,0.454586,0.452796,0.450756,0.448511,0.446124,0.443669,0.441232,0.438901,0.436765,0.434909,0.433412,0.432343,0.431763,0.431716,0.432231,0.433307,0.434913,0.43698,0.439405,0.442048,0.444749,0.447336,0.449643,0.451519,0.452841,0.453524,0.453524
0.449321,0.449321,0.448692,0.44748,0.445776,0.443707,0.441426,0.439096,0.436876,0.434909,0.433307,0.432146,0.431466,0.431275,0.431557,0.432282,0.433411,0.434901,0.436705,0.43877,0.441033,0.443425,0.445868,0.44828,0.450583,0.452708,0.454598,0.456211,0.457518,0.458505,0.459165,0.459494,0.459494,0.459165,0.458505,0.457518,0.456211,0.454598,0.452708,0.450583,0.44828,0.445868,0.443425,0.441033,0.43877,0.436705,0.434901,0.433411,0.432282,0.431557,0.431275,0.431466,0.432146,0.433307,0.434909,0.436876,0.439096,0.441426,0.443707,0.445776,0.44748,0.448692,0.449321,0.449321
0.446011,0.446011,0.445425,0.444302,0.442739,0.440869,0.438848,0.436836,0.434986,0.433421,0.432231,0.431466,0.431138,0.431234,0.431721,0.432565,0.433731,0.435191,0.436919,0.438886,0.441053,0.443369,0.445769,0.448177,0.450515,0.452706,0.454683,0.456392,0.457792,0.458859,0.459577,0.459937,0.459937,0.459577,0.458859,0.457792,0.456392,0.454683,0.452706,0.450515,0.448177,0.445769,0.443369,0.441053,0.438886,0.436919,0.435191,0.433731,0.432565,0.431721,0.431234,0.431138,0.431466,0.432231,0.433421,0.434986,0.436836,0.438848,0.440869,0.442739,0.444302,0.445425,0.446011,0.446011
0.443752,0.443752,0.443195,0.442134,0.440673,0.438951,0.437129,0.435367,0.43381,0.43257,0.431716,0.431275,0.431234,0.431558,0.432201,0.433121,0.434288,0.435685,0.437304,0.43914,0.441176,0.443379,0.445699,0.44807,0.450411,0.452643,0.454688,0.45648,0.457966,0.459109,0.459883,0.460273,0.460273,0.459883,0.459109,0.457966,0.45648,0.454688,0.452643,0.450411,0.44807,0.445699,0.443379,0.441176,0.43914,0.437304,0.435685,0.434288,0.433121,0.432201,0.431558,0.431234,0.431275,0.431716,0.43257,0.43381,0.435367,0.437129,0.438951,0.440673,0.442134,0.443195,0.443752,0.443752
0.442604,0.442604,0.442061,0.441034,0.439633,0.438003,0.436312,0.434723,0.433375,0.432371,0.431763,0.431557,0.431721,0.432201,0.432936,0.433878,0.434999,0.436291,0.437763,0.439429,0.441292,0.443342,0.445541,0.447832,0.45014,0.452381,0.454468,0.456324,0.457883,0.459093,0.45992,0.460338,0.460338,0.45992,0.459093,0.457883,0.456324,0.454468,0.452381,0.45014,0.447832,0.445541,0.443342,0.441292,0.439429,0.437763,0.436291,0.434999,0.433878,0.432936,0.432201,0.431721,0.431557,0.431763,0.432371,0.433375,0.434723,0.436312,0.438003,0.439633,0.441034,0.442061,0.442604,0.442604
0.442528,0.442528,0.441987,0.440968,0.439586,0.437997,0.436373,0.43488,0.433657,0.432798,0.432343,0.432282,0.432565,0.433121,0.433878,0.434782,0.435804,0.436944,0.438226,0.439678,0.441325,0.443174,0.445205,0.447371,0.449601,0.45181,0.453906,0.455799,0.457411,0.458676,0.459547,0.45999,0.45999,0.459547,0.458676,0.457411,0.455799,0.453906,0.45181,0.449601,0.447371,0.445205,0.443174,0.441325,0.439678,0.438226,0.436944,0.435804,0.434782,0.433878,0.433121,0.432565,0.432282,0.432343,0.432798,0.433657,0.43488,0.436373,0.437997,0.439586,0.440968,0.441987,0.442528,0.442528
0.443396,0.443396,0.442846,0.441814,0.440421,0.43883,0.43722,0.435761,0.434591,0.433797,0.433412,0.433411,0.433731,0.434288,0.434999,0.435804,0.436674,0.437616,0.438661,0.439854,0.441239,0.442838,0.444648,0.446634,0.448734,0.450863,0.452924,0.454818,0.456454,0.457753,0.458654,0.459115,0.459115,0.458654,0.457753,0.456454,0.454818,0.452924,0.450863,0.448734,0.446634,0.444648,0.442838,0.441239,0.439854,0.438661,0.437616,0.436674,0.435804,0.434999,0.434288,0.433731,0.433411,0.433412,0.433797,0.434591,0.435761,0.43722,0.43883,0.440421,0.441814,0.442846,0.443396,0.443396
0.445012,0.445012,0.444449,0.443392,0.441969,0.44035,0.438719,0.437249,0.436078,0.43529,0.434909,0.434901,0.435191,0.435685,0.436291,0.436944,0.437616,0.438314,0.43908,0.439971,0.441045,0.442342,0.443874,0.445621,0.447529,0.449517,0.451488,0.453334,0.454955,0.456257,0.457168,0.457636,0.457636,0.457168,0.456257,0.454955,0.453334,0.451488,0.449517,0.447529,0.445621,0.443874,0.442342,0.441045,0.439971,0.43908,0.438314,0.437616,0.436944,0.436291,0.435685,0.435191,0.434901,0.434909,0.43529,0.436078,0.437249,0.438719,0.44035,0.441969,0.443392,0.444449,0.445012,0.445012
0.447149,0.447149,0.446571,0.445487,0.444029,0.442371,0.440703,0.439201,0.438,0.437183,0.436765,0.436705,0.436919,0.437304,0.437763,0.438226,0.438661,0.43908,0.43953,0.440079,0.440796,0.441737,0.442931,0.444372,0.446017,0.447794,0.449606,0.451342,0.452893,0.454157,0.455049,0.45551,0.45551,0.455049,0.454157,0.452893,0.451342,0.449606,0.447794,0.446017,0.444372,0.442931,0.441737,0.440796,0.440079,0.43953,0.43908,0.438661,0.438226,0.437763,0.437304,0.436919,0.436705,0.436765,0.437183,0.438,0.439201,0.440703,0.442371,0.444029,0.445487,0.446571,0.447149,0.447149
0.449574,0.449574,0.448984,0.447877,0.44639,0.444701,0.443,0.441464,0.440229,0.439371,0.438901,0.43877,0.438886,0.43914,0.439429,0.439678,0.439854,0.439971,0.440079,0.440252,0.44057,0.441104,0.441898,0.442962,0.444267,0.44575,0.447321,0.448871,0.450285,0.451456,0.452292,0.452727,0.452727,0.452292,0.451456,0.450285,0.448871,0.447321,0.44575,0.444267,0.442962,0.441898,0.441104,0.44057,0.440252,0.440079,0.439971,0.439854,0.439678,0.439429,0.43914,0.438886,0.43877,0.438901,0.439371,0.440229,0.441464,0.443,0.444701,0.44639,0.447877,0.448984,0.449574,0.449574
0.452077,0.452077,0.451481,0.450364,0.448864,0.447159,0.445443,0.443891,0.442635,0.441747,0.441232,0.441033,0.441053,0.441176,0.441292,0.441325,0.441239,0.441045,0.440796,0.44057,0.440457,0.440539,0.440873,0.441487,0.442367,0.443467,0.444704,0.445977,0.447175,0.448188,0.448922,0.449307,0.449307,0.448922,0.448188,0.447175,0.445977,0.444704,0.443467,0.442367,0.441487,0.440873,0.440539,0.440457,0.44057,0.440796,0.441045,0.441239,0.441325,0.441292,0.441176,0.441053,0.441033,0.441232,0.441747,0.442635,0.443891,0.445443,0.447159,0.448864,0.450364,0.451481,0.452077,0.452077
0.454493,0.454493,0.453899,0.452785,0.45129,0.449595,0.44789,0.446348,0.445098,0.444206,0.443669,0.443425,0.443369,0.443379,0.443342,0.443174,0.442838,0.442342,0.441737,0.441104,0.440539,0.440131,0.439953,0.440047,0.44042,0.44104,0.441844,0.442743,0.443635,0.444415,0.444993,0.4453,0.4453,0.444993,0.444415,0.443635,0.442743,0.441844,0.44104,0.44042,0.440047,0.439953,0.440131,0.440539,0.441104,0.441737,0.442342,0.442838,0.443174,0.443342,0.443379,0.443369,0.443425,0.443669,0.444206,0.445098,0.446348,0.44789,0.449595,0.45129,0.452785,0.453899,0.454493,0.454493
0.456706,0.456706,0.45612,0.455023,0.453554,0.451892,0.450226,0.448725,0.447513,0.446649,0.446124,0.445868,0.445769,0.445699,0.445541,0.445205,0.444648,0.443874,0.442931,0.441898,0.440873,0.439953,0.439221,0.438735,0.438522,0.438572,0.438843,0.439267,0.439758,0.440226,0.44059,0.440789,0.440789,0.44059,0.440226,0.439758,0.439267,0.438843,0.438572,0.438522,0.438735,0.439221,0.439953,0.440873,0.441898,0.442931,0.443874,0.444648,0.445205,0.445541,0.445699,0.445769,0.445868,0.446124,0.446649,0.447513,0.448725,0.450226,0.451892,0.453554,0.455023,0.45612,0.456706,0.456706
0.458647,0.458647,0.458075,0.457007,0.45558,0.453972,0.452369,0.450937,0.449794,0.44899,0.448511,0.44828,0.448177,0.44807,0.447832,0.447371,0.446634,0.445621,0.444372,0.442962,0.441487,0.440047,0.438735,0.437624,0.436761,0.43616,0.435806,0.435659,0.435658,0.435737,0.435831,0.435891,0.435891,0.435831,0.435737,0.435658,0.435659,0.435806,0.43616,0.436761,0.437624,0.438735,0.440047,0.441487,0.442962,0.444372,0.445621,0.446634,0.447371,0.447832,0.44807,0.448177,0.44828,0.448511,0.44899,0.449794,0.450937,0.452369,0.453972,0.45558,0.457007,0.458075,0.458647,0.458647
0.460292,0.460292,0.459738,0.458705,0.457331,0.455791,0.45427,0.452927,0.451874,0.451159,0.450756,0.450583,0.450515,0.450411,0.45014,0.449601,0.448734,0.447529,0.446017,0.444267,0.442367,0.44042,0.438522,0.436761,0.435202,0.433889,0.432837,0.432039,0.431468,0.431089,0.430863,0.430759,0.430759,0.430863,0.431089,0.431468,0.432039,0.432837,0.433889,0.435202,0.436761,0.438522,0.44042,0.442367,0.444267,0.446017,0.447529,0.448734,0.449601,0.45014,0.450411,0.450515,0.450583,0.450756,0.451159,0.451874,0.452927,0.45427,0.455791,0.457331,0.458705,0.459738,0.460292,0.460292
0.461643,0.461643,0.461109,0.460116,0.458799,0.457335,0.455902,0.454659,0.453712,0.453101,0.452796,0.452708,0.452706,0.452643,0.452381,0.45181,0.450863,0.449517,0.447794,0.44575,0.443467,0.44104,0.438572,0.43616,0.433889,0.43183,0.430033,0.428529,0.427333,0.426447,0.425863,0.425574,0.425574,0.425863,0.426447,0.427333,0.428529,0.430033,0.43183,0.433889,0.43616,0.438572,0.44104,0.443467,0.44575,0.447794,0.449517,0.450863,0.45181,0.452381,0.452643,0.452706,0.452708,0.452796,0.453101,0.453712,0.454659,0.455902,0.457335,0.458799,0.460116,0.461109,0.461643,0.461643
0.462723,0.462723,0.462209,0.461254,0.459995,0.458605,0.457262,0.45612,0.455282,0.454782,0.454586,0.454598,0.454683,0.454688,0.454468,0.453906,0.452924,0.451488,0.449606,0.447321,0.444704,0.441844,0.438843,0.435806,0.432837,0.430033,0.42748,0.425252,0.423407,0.421989,0.421029,0.420544,0.420544,0.421029,0.421989,0.423407,0.425252,0.42748,0.430033,0.432837,0.435806,0.438843,0.441844,0.444704,0.447321,0.449606,0.451488,0.452924,0.453906,0.454468,0.454688,0.454683,0.454598,0.454586,0.454782,0.455282,0.45612,0.457262,0.458605,0.459995,0.461254,0.462209,0.462723,0.462723
0.463563,0.463563,0.463066,0.462146,0.46094,0.459618,0.458358,0.45731,0.456575,0.456182,0.456094,0.456211,0.456392,0.45648,0.456324,0.455799,0.454818,0.453334,0.451342,0.448871,0.445977,0.442743,0.439267,0.435659,0.432039,0.428529,0.425252,0.422322,0.419843,0.417903,0.41657,0.415891,0.415891,0.41657,0.417903,0.419843,0.422322,0.425252,0.428529,0.432039,0.435659,0.439267,0.442743,0.445977,0.448871,0.451342,0.453334,0.454818,0.455799,0.456324,0.45648,0.456392,0.456211,0.456094,0.456182,0.456575,0.45731,0.458358,0.459618,0.46094,0.462146,0.463066,0.463563,0.463563
0.464192,0.464192,0.46371,0.46282,0.461658,0.460394,0.459204,0.458238,0.457592,0.457295,0.457304,0.457518,0.457792,0.457966,0.457883,0.457411,0.456454,0.454955,0.452893,0.450285,0.447175,0.443635,0.439758,0.435658,0.431468,0.427333,0.423407,0.419843,0.416787,0.414369,0.412695,0.411839,0.411839,0.412695,0.414369,0.416787,0.419843,0.423407,0.427333,0.431468,0.435658,0.439758,0.443635,0.447175,0.450285,0.452893,0.454955,0.456454,0.457411,0.457883,0.457966,0.457792,0.457518,0.457304,0.457295,0.457592,0.458238,0.459204,0.460394,0.461658,0.46282,0.46371,0.464192,0.464192
0.46464,0.46464,0.464169,0.463302,0.462174,0.460955,0.45982,0.458917,0.458342,0.458121,0.45821,0.458505,0.458859,0.459109,0.459093,0.458676,0.457753,0.456257,0.454157,0.451456,0.448188,0.444415,0.440226,0.435737,0.431089,0.426447,0.421989,0.417903,0.414369,0.411555,0.409596,0.408591,0.408591,0.409596,0.411555,0.414369,0.417903,0.421989,0.426447,0.431089,0.435737,0.440226,0.444415,0.448188,0.451456,0.454157,0.456257,0.457753,0.458676,0.459093,0.459109,0.458859,0.458505,0.45821,0.458121,0.458342,0.458917,0.45982,0.460955,0.462174,0.463302,0.464169,0.46464,0.46464
0.464926,0.464926,0.464463,0.463611,0.462506,0.461317,0.46022,0.459361,0.458835,0.458667,0.458812,0.459165,0.459577,0.459883,0.45992,0.459547,0.458654,0.457168,0.455049,0.452292,0.448922,0.444993,0.44059,0.435831,0.430863,0.425863,0.421029,0.41657,0.412695,0.409596,0.407433,0.406321,0.406321,0.407433,0.409596,0.412695,0.41657,0.421029,0.425863,0.430863,0.435831,0.44059,0.444993,0.448922,0.452292,0.455049,0.457168,0.458654,0.459547,0.45992,0.459883,0.459577,0.459165,0.458812,0.458667,0.458835,0.459361,0.46022,0.461317,0.462506,0.463611,0.464463,0.464926,0.464926
0.465065,0.465065,0.464606,0.463763,0.462669,0.461496,0.460417,0.45958,0.459079,0.458938,0.459112,0.459494,0.459937,0.460273,0.460338,0.45999,0.459115,0.457636,0.45551,0.452727,0.449307,0.4453,0.440789,0.435891,0.430759,0.425574,0.420544,0.415891,0.411839,0.408591,0.406321,0.405153,0.405153,0.406321,0.408591,0.411839,0.415891,0.420544,0.425574,0.430759,0.435891,0.440789,0.4453,0.449307,0.452727,0.45551,0.457636,0.459115,0.45999,0.460338,0.460273,0.459937,0.459494,0.459112,0.458938,0.459079,0.45958,0.460417,0.461496,0.462669,0.463763,0.464606,0.465065,0.465065
0.465065,0.465065,0.464606,0.463763,0.462669,0.461496,0.460417,0.45958,0.459079,0.458938,0.459112,0.459494,0.459937,0.460273,0.460338,0.45999,0.459115,0.457636,0.45551,0.452727,0.449307,0.4453,0.440789,0.435891,0.430759,0.425574,0.420544,0.415891,0.411839,0.408591,0.406321,0.405153,0.405153,0.406321,0.408591,0.411839,0.415891,0.420544,0.425574,0.430759,0.435891,0.440789,0.4453,0.449307,0.452727,0.45551,0.457636,0.459115,0.45999,0.460338,0.460273,0.459937,0.459494,0.459112,0.458938,0.459079,0.45958,0.460417,0.461496,0.462669,0.463763,0.464606,0.465065,0.465065
0.464926,0.464926,0.464463,0.463611,0.462506,0.461317,0.46022,0.459361,0.458835,0.458667,0.458812,0.459165,0.459577,0.459883,0.45992,0.459547,0.458654,0.457168,0.455049,0.452292,0.448922,0.444993,0.44059,0.435831,0.430863,0.425863,0.421029,0.41657,0.412695,0.409596,0.407433,0.406321,0.406321,0.407433,0.409596,0.412695,0.41657,0.421029,0.425863,0.430863,0.435831,0.44059,0.444993,0.448922,0.452292,0.455049,0.457168,0.458654,0.459547,0.45992,0.459883,0.459577,0.459165,0.458812,0.458667,0.458835,0.459361,0.46022,0.461317,0.462506,0.463611,0.464463,0.464926,0.464926
0.46464,0.46464,0.464169,0.463302,0.462174,0.460955,0.45982,0.458917,0.458342,0.458121,0.45821,0.458505,0.458859,0.459109,0.459093,0.458676,0.457753,0.456257,0.454157,0.451456,0.448188,0.444415,0.440226,0.435737,0.431089,0.426447,0.421989,0.417903,0.414369,0.411555,0.409596,0.408591,0.408591,0.409596,0.411555,0.414369,0.417903,0.421989,0.426447,0.431089,0.435737,0.440226,0.444415,0.448188,0.451456,0.454157,0.456257,0.457753,0.458676,0.459093,0.459109,0.458859,0.458505,0.45821,0.458121,0.458342,0.458917,0.45982,0.460955,0.462174,0.463302,0.464169,0.46464,0.46464
0.464192,0.464192,0.46371,0.46282,0.461658,0.460394,0.459204,0.458238,0.457592,0.457295,0.457304,0.457518,0.457792,0.457966,0.457883,0.457411,0.456454,0.454955,0.452893,0.450285,0.447175,0.443635,0.439758,0.435658,0.431468,0.427333,0.423407,0.419843,0.416787,0.414369,0.412695,0.411839,0.411839,0.412695,0.414369,0.416787,0.419843,0.423407,0.427333,0.431468,0.435658,0.439758,0.443635,0.447175,0.450285,0.452893,0.454955,0.456454,0.457411,0.457883,0.457966,0.457792,0.457518,0.457304,0.457295,0.457592,0.458238,0.459204,0.460394,0.461658,0.46282,0.46371,0.464192,0.464192
0.463563,0.463563,0.463066,0.462146,0.46094,0.459618,0.458358,0.45731,0.456575,0.456182,0.456094,0.456211,0.456392,0.45648,0.456324,0.455799,0.454818,0.453334,0.451342,0.448871,0.445977,0.442743,0.439267,0.435659,0.432039,0.428529,0.425252,0.422322,0.419843,0.417903,0.41657,0.415891,0.415891,0.41657,0.417903,0.419843,0.422322,0.425252,0.428529,0.432039,0.435659,0.439267,0.442743,0.445977,0.448871,0.451342,0.453334,0.454818,0.455799,0.456324,0.45648,0.456392,0.456211,0.456094,0.456182,0.456575,0.45731,0.458358,0.459618,0.46094,0.462146,0.463066,0.463563,0.463563
0.462723,0.462723,0.462209,0.461254,0.459995,0.458605,0.457262,0.45612,0.455282,0.454782,0.454586,0.454598,0.454683,0.454688,0.454468,0.453906,0.452924,0.451488,0.449606,0.447321,0.444704,0.441844,0.438843,0.435806,0.432837,0.430033,0.42748,0.425252,0.423407,0.421989,0.421029,0.420544,0.420544,0.421029,0.421989,0.423407,0.425252,0.42748,0.430033,0.432837,0.435806,0.438843,0.441844,0.444704,0.447321,0.449606,0.451488,0.452924,0.453906,0.454468,0.454688,0.454683,0.454598,0.454586,0.454782,0.455282,0.45612,0.457262,0.458605,0.459995,0.461254,0.462209,0.462723,0.462723
0.461643,0.461643,0.461109,0.460116,0.458799,0.457335,0.455902,0.454659,0.453712,0.453101,0.452796,0.452708,0.452706,0.452643,0.452381,0.45181,0.450863,0.449517,0.447794,0.44575,0.443467,0.44104,0.438572,0.43616,0.433889,0.43183,0.430033,0.428529,0.427333,0.426447,0.425863,0.425574,0.425574,0.425863,0.426447,0.427333,0.428529,0.430033,0.43183,0.433889,0.43616,0.438572,0.44104,0.443467,0.44575,0.447794,0.449517,0.450863,0.45181,0.452381,0.452643,0.452706,0.452708,0.452796,0.453101,0.453712,0.454659,0.455902,0.457335,0.458799,0.460116,0.461109,0.461643,0.461643
0.460292,0.460292,0.459738,0.458705,0.457331,0.455791,0.45427,0.452927,0.451874,0.451159,0.450756,0.450583,0.450515,0.450411,0.45014,0.449601,0.448734,0.447529,0.446017,0.444267,0.442367,0.44042,0.438522,0.436761,0.435202,0.433889,0.432837,0.432039,0.431468,0.431089,0.430863,0.430759,0.430759,0.430863,0.431089,0.431468,0.432039,0.432837,0.433889,0.435202,0.436761,0.438522,0.44042,0.442367,0.444267,0.446017,0.447529,0.448734,0.449601,0.45014,0.450411,0.450515,0.450583,0.450756,0.451159,0.451874,0.452927,0.45427,0.455791,0.457331,0.458705,0.459738,0.460292,0.460292
0.458647,0.458647,0.458075,0.457007,0.45558,0.453972,0.452369,0.450937,0.449794,0.44899,0.448511,0.44828,0.448177,0.44807,0.447832,0.447371,0.446634,0.445621,0.444372,0.442962,0.441487,0.440047,0.438735,0.437624,0.436761,0.43616,0.435806,0.435659,0.435658,0.435737,0.435831,0.435891,0.435891,0.435831,0.435737,0.435658,0.435659,0.435806,0.43616,0.436761,0.437624,0.438735,0.440047,0.441487,0.442962,0.444372,0.445621,0.446634,0.447371,0.447832,0.44807,0.448177,0.44828,0.448511,0.44899,0.449794,0.450937,0.452369,0.453972,0.45558,0.457007,0.458075,0.458647,0.458647
0.456706,0.456706,0.45612,0.455023,0.453554,0.451892,0.450226,0.448725,0.447513,0.446649,0.446124,0.445868,0.445769,0.445699,0.445541,0.445205,0.444648,0.443874,0.442931,0.441898,0.440873,0.439953,0.439221,0.438735,0.438522,0.438572,0.438843,0.439267,0.439758,0.440226,0.44059,0.440789,0.440789,0.44059,0.440226,0.439758,0.439267,0.438843,0.438572,0.438522,0.438735,0.439221,0.439953,0.440873,0.441898,0.442931,0.443874,0.444648,0.445205,0.445541,0.445699,0.445769,0.445868,0.446124,0.446649,0.447513,0.448725,0.450226,0.451892,0.453554,0.455023,0.45612,0.456706,0.456706
0.454493,0.454493,0.453899,0.452785,0.45129,0.449595,0.44789,0.446348,0.445098,0.444206,0.443669,0.443425,0.443369,0.443379,0.443342,0.443174,0.442838,0.442342,0.441737,0.441104,0.440539,0.440131,0.439953,0.440047,0.44042,0.44104,0.441844,0.442743,0.443635,0.444415,0.444993,0.4453,0.4453,0.444993,0.444415,0.443635,0.442743,0.441844,0.44104,0.44042,0.440047,0.439953,0.440131,0.440539,0.441104,0.441737,0.442342,0.442838,0.443174,0.443342,0.443379,0.443369,0.443425,0.443669,0.444206,0.445098,0.446348,0.44789,0.449595,0.45129,0.452785,0.453899,0.454493,0.454493
0.452077,0.452077,0.451481,0.450364,0.448864,0.447159,0.445443,0.443891,0.442635,0.441747,0.441232,0.441033,0.441053,0.441176,0.441292,0.441325,0.441239,0.441045,0.440796,0.44057,0.440457,0.440539,0.440873,0.441487,0.442367,0.443467,0.444704,0.445977,0.447175,0.448188,0.448922,0.449307,0.449307,0.448922,0.448188,0.447175,0.445977,0.444704,0.443467,0.442367,0.441487,0.440873,0.440539,0.440457,0.44057,0.440796,0.441045,0.441239,0.441325,0.441292,0.441176,0.441053,0.441033,0.441232,0.441747,0.442635,0.443891,0.445443,0.447159,0.448864,0.450364,0.451481,0.452077,0.452077
0.449574,0.449574,0.448984,0.447877,0.44639,0.444701,0.443,0.441464,0.440229,0.439371,0.438901,0.43877,0.438886,0.43914,0.439429,0.439678,0.439854,0.439971,0.440079,0.440252,0.44057,0.441104,0.441898,0.442962,0.444267,0.44575,0.447321,0.448871,0.450285,0.451456,0.452292,0.452727,0.452727,0.452292,0.451456,0.450285,0.448871,0.447321,0.44575,0.444267,0.442962,0.441898,0.441104,0.44057,0.440252,0.440079,0.439971,0.439854,0.439678,0.439429,0.43914,0.438886,0.43877,0.438901,0.439371,0.440229,0.441464,0.443,0.444701,0.44639,0.447877,0.448984,0.449574,0.449574
0.447149,0.447149,0.446571,0.445487,0.444029,0.442371,0.440703,0.439201,0.438,0.437183,0.436765,0.436705,0.436919,0.437304,0.437763,0.438226,0.438661,0.43908,0.43953,0.440079,0.440796,0.441737,0.442931,0.444372,0.446017,0.447794,0.449606,0.451342,0.452893,0.454157,0.455049,0.45551,0.45551,0.455049,0.454157,0.452893,0.451342,0.449606,0.447794,0.446017,0.444372,0.442931,0.441737,0.440796,0.440079,0.43953,0.43908,0.438661,0.438226,0.437763,0.437304,0.436919,0.436705,0.436765,0.437183,0.438,0.439201,0.440703,0.442371,0.444029,0.445487,0.446571,0.447149,0.447149
0.445012,0.445012,0.444449,0.443392,0.441969,0.44035,0.438719,0.437249,0.436078,0.43529,0.434909,0.434901,0.435191,0.435685,0.436291,0.436944,0.437616,0.438314,0.43908,0.439971,0.441045,0.442342,0.443874,0.445621,0.447529,0.449517,0.451488,0.453334,0.454955,0.456257,0.457168,0.457636,0.457636,0.457168,0.456257,0.454955,0.453334,0.451488,0.449517,0.447529,0.445621,0.443874,0.442342,0.441045,0.439971,0.43908,0.438314,0.437616,0.436944,0.436291,0.435685,0.435191,0.434901,0.434909,0.43529,0.436078,0.437249,0.438719,0.44035,0.441969,0.443392,0.444449,0.445012,0.445012
0.443396,0.443396,0.442846,0.441814,0.440421,0.43883,0.43722,0.435761,0.434591,0.433797,0.433412,0.433411,0.433731,0.434288,0.434999,0.435804,0.436674,0.437616,0.438661,0.439854,0.441239,0.442838,0.444648,0.446634,0.448734,0.450863,0.452924,0.454818,0.456454,0.457753,0.458654,0.459115,0.459115,0.458654,0.457753,0.456454,0.454818,0.452924,0.450863,0.448734,0.446634,0.444648,0.442838,0.441239,0.439854,0.438661,0.437616,0.436674,0.435804,0.434999,0.434288,0.433731,0.433411,0.433412,0.433797,0.434591,0.435761,0.43722,0.43883,0.440421,0.441814,0.442846,0.443396,0.443396
0.442528,0.442528,0.441987,0.440968,0.439586,0.437997,0.436373,0.43488,0.433657,0.432798,0.432343,0.432282,0.432565,0.433121,0.433878,0.434782,0.435804,0.436944,0.438226,0.439678,0.441325,0.443174,0.445205,0.447371,0.449601,0.45181,0.453906,0.455799,0.457411,0.458676,0.459547,0.45999,0.45999,0.459547,0.458676,0.457411,0.455799,0.453906,0.45181,0.449601,0.447371,0.445205,0.443174,0.441325,0.439678,0.438226,0.436944,0.435804,0.434782,0.433878,0.433121,0.432565,0.432282,0.432343,0.432798,0.433657,0.43488,0.436373,0.437997,0.439586,0.440968,0.441987,0.442528,0.442528
0.442604,0.442604,0.442061,0.441034,0.439633,0.438003,0.436312,0.434723,0.433375,0.432371,0.431763,0.431557,0.431721,0.432201,0.432936,0.433878,0.434999,0.436291,0.437763,0.439429,0.441292,0.443342,0.445541,0.447832,0.45014,0.452381,0.454468,0.456324,0.457883,0.459093,0.45992,0.460338,0.460338,0.45992,0.459093,0.457883,0.456324,0.454468,0.452381,0.45014,0.447832,0.445541,0.443342,0.441292,0.439429,0.437763,0.436291,0.434999,0.433878,0.432936,0.432201,0.431721,0.431557,0.431763,0.432371,0.433375,0.434723,0.436312,0.438003,0.439633,0.441034,0.442061,0.442604,0.442604
0.443752,0.443752,0.443195,0.442134,0.440673,0.438951,0.437129,0.435367,0.43381,0.43257,0.431716,0.431275,0.431234,0.431558,0.432201,0.433121,0.434288,0.435685,0.437304,0.43914,0.441176,0.443379,0.445699,0.44807,0.450411,0.452643,0.454688,0.45648,0.457966,0.459109,0.459883,0.460273,0.460273,0.459883,0.459109,0.457966,0.45648,0.454688,0.452643,0.450411,0.44807,0.445699,0.443379,0.441176,0.43914,0.437304,0.435685,0.434288,0.433121,0.432201,0.431558,0.431234,0.431275,0.431716,0.43257,0.43381,0.435367,0.437129,0.438951,0.440673,0.442134,0.443195,0.443752,0.443752
0.446011,0.446011,0.445425,0.444302,0.442739,0.440869,0.438848,0.436836,0.434986,0.433421,0.432231,0.431466,0.431138,0.431234,0.431721,0.432565,0.433731,0.435191,0.436919,0.438886,0.441053,0.443369,0.445769,0.448177,0.450515,0.452706,0.454683,0.456392,0.457792,0.458859,0.459577,0.459937,0.459937,0.459577,0.458859,0.457792,0.456392,0.454683,0.452706,0.450515,0.448177,0.445769,0.443369,0.441053,0.438886,0.436919,0.435191,0.433731,0.432565,0.431721,0.431234,0.431138,0.431466,0.432231,0.433421,0.434986,0.436836,0.438848,0.440869,0.442739,0.444302,0.445425,0.446011,0.446011
0.449321,0.449321,0.448692,0.44748,0.445776,0.443707,0.441426,0.439096,0.436876,0.434909,0.433307,0.432146,0.431466,0.431275,0.431557,0.432282,0.433411,0.434901,0.436705,0.43877,0.441033,0.443425,0.445868,0.44828,0.450583,0.452708,0.454598,0.456211,0.457518,0.458505,0.459165,0.459494,0.459494,0.459165,0.458505,0.457518,0.456211,0.454598,0.452708,0.450583,0.44828,0.445868,0.443425,0.441033,0.43877,0.436705,0.434901,0.433411,0.432282,0.431557,0.431275,0.431466,0.432146,0.433307,0.434909,0.436876,0.439096,0.441426,0.443707,0.445776,0.44748,0.448692,0.449321,0.449321
0.453524,0.453524,0.452841,0.451519,0.449643,0.447336,0.444749,0.442048,0.439405,0.43698,0.434913,0.433307,0.432231,0.431716,0.431763,0.432343,0.433412,0.434909,0.436765,0.438901,0.441232,0.443669,0.446124,0.448511,0.450756,0.452796,0.454586,0.456094,0.457304,0.45821,0.458812,0.459112,0.459112,0.458812,0.45821,0.457304,0.456094,0.454586,0.452796,0.450756,0.448511,0.446124,0.443669,0.441232,0.438901,0.436765,0.434909,0.433412,0.432343,0.431763,0.431716,0.432231,0.433307,0.434913,0.43698,0.439405,0.442048,0.444749,0.447336,0.449643,0.451519,0.452841,0.453524,0.453524
0.458385,0.458385,0.457641,0.456196,0.45413,0.451562,0.448641,0.445541,0.442446,0.439538,0.43698,0.434909,0.433421,0.43257,0.432371,0.432798,0.433797,0.43529,0.437183,0.439371,0.441747,0.444206,0.446649,0.44899,0.451159,0.453101,0.454782,0.456182,0.457295,0.458121,0.458667,0.458938,0.458938,0.458667,0.458121,0.457295,0.456182,0.454782,0.453101,0.451159,0.44899,0.446649,0.444206,0.441747,0.439371,0.437183,0.43529,0.433797,0.432798,0.432371,0.43257,0.433421,0.434909,0.43698,0.439538,0.442446,0.445541,0.448641,0.451562,0.45413,0.456196,0.457641,0.458385,0.458385
0.463615,0.463615,0.46281,0.461238,0.458977,0.456142,0.452884,0.449383,0.445836,0.442446,0.439405,0.436876,0.434986,0.43381,0.433375,0.433657,0.434591,0.436078,0.438,0.440229,0.442635,0.445098,0.447513,0.449794,0.451874,0.453712,0.455282,0.456575,0.457592,0.458342,0.458835,0.459079,0.459079,0.458835,0.458342,0.457592,0.456575,0.455282,0.453712,0.451874,0.449794,0.447513,0.445098,0.442635,0.440229,0.438,0.436078,0.434591,0.433657,0.433375,0.43381,0.434986,0.436876,0.439405,0.442446,0.445836,0.449383,0.452884,0.456142,0.458977,0.461238,0.46281,0.463615,0.463615
0.46891,0.46891,0.468045,0.466352,0.463904,0.460816,0.457238,0.453357,0.449383,0.445541,0.442048,0.439096,0.436836,0.435367,0.434723,0.43488,0.435761,0.437249,0.439201,0.441464,0.443891,0.446348,0.448725,0.450937,0.452927,0.454659,0.45612,0.45731,0.458238,0.458917,0.459361,0.45958,0.45958,0.459361,0.458917,0.458238,0.45731,0.45612,0.454659,0.452927,0.450937,0.448725,0.446348,0.443891,0.441464,0.439201,0.437249,0.435761,0.43488,0.434723,0.435367,0.436836,0.439096,0.442048,0.445541,0.449383,0.453357,0.457238,0.460816,0.463904,0.466352,0.468045,0.46891,0.46891
0.473976,0.473976,0.473057,0.471255,0.46864,0.465323,0.461459,0.457238,0.452884,0.448641,0.444749,0.441426,0.438848,0.437129,0.436312,0.436373,0.43722,0.438719,0.440703,0.443,0.445443,0.44789,0.450226,0.452369,0.45427,0.455902,0.457262,0.458358,0.459204,0.45982,0.46022,0.460417,0.460417,0.46022,0.45982,0.459204,0.458358,0.457262,0.455902,0.45427,0.452369,0.450226,0.44789,0.445443,0.443,0.440703,0.438719,0.43722,0.436373,0.436312,0.437129,0.438848,0.441426,0.444749,0.448641,0.452884,0.457238,0.461459,0.465323,0.46864,0.471255,0.473057,0.473976,0.473976
0.478554,0.478554,0.47759,0.475695,0.472939,0.46943,0.465323,0.460816,0.456142,0.451562,0.447336,0.443707,0.440869,0.438951,0.438003,0.437997,0.43883,0.44035,0.442371,0.444701,0.447159,0.449595,0.451892,0.453972,0.455791,0.457335,0.458605,0.459618,0.460394,0.460955,0.461317,0.461496,0.461496,0.461317,0.460955,0.460394,0.459618,0.458605,0.457335,0.455791,0.453972,0.451892,0.449595,0.447159,0.444701,0.442371,0.44035,0.43883,0.437997,0.438003,0.438951,0.440869,0.443707,0.447336,0.451562,0.456142,0.460816,0.465323,0.46943,0.472939,0.475695,0.47759,0.478554,0.478554
0.482434,0.482434,0.481435,0.479468,0.4766,0.472939,0.46864,0.463904,0.458977,0.45413,0.449643,0.445776,0.442739,0.440673,0.439633,0.439586,0.440421,0.441969,0.444029,0.44639,0.448864,0.45129,0.453554,0.45558,0.457331,0.458799,0.459995,0.46094,0.461658,0.462174,0.462506,0.462669,0.462669,0.462506,0.462174,0.461658,0.46094,0.459995,0.458799,0.457331,0.45558,0.453554,0.45129,0.448864,0.44639,0.444029,0.441969,0.440421,0.439586,0.439633,0.440673,0.442739,0.445776,0.449643,0.45413,0.458977,0.463904,0.46864,0.472939,0.4766,0.479468,0.481435,0.482434,0.482434
0.485463,0.485463,0.484437,0.482418,0.479468,0.475695,0.471255,0.466352,0.461238,0.456196,0.451519,0.44748,0.444302,0.442134,0.441034,0.440968,0.441814,0.443392,0.445487,0.447877,0.450364,0.452785,0.455023,0.457007,0.458705,0.460116,0.461254,0.462146,0.46282,0.463302,0.463611,0.463763,0.463763,0.463611,0.463302,0.46282,0.462146,0.461254,0.460116,0.458705,0.457007,0.455023,0.452785,0.450364,0.447877,0.445487,0.443392,0.441814,0.440968,0.441034,0.442134,0.444302,0.44748,0.451519,0.456196,0.461238,0.466352,0.471255,0.475695,0.479468,0.482418,0.484437,0.485463,0.485463
0.487533,0.487533,0.486492,0.484437,0.481435,0.47759,0.473057,0.468045,0.46281,0.457641,0.452841,0.448692,0.445425,0.443195,0.442061,0.441987,0.442846,0.444449,0.446571,0.448984,0.451481,0.453899,0.45612,0.458075,0.459738,0.461109,0.462209,0.463066,0.46371,0.464169,0.464463,0.464606,0.464606,0.464463,0.464169,0.46371,0.463066,0.462209,0.461109,0.459738,0.458075,0.45612,0.453899,0.451481,0.448984,0.446571,0.444449,0.442846,0.441987,0.442061,0.443195,0.445425,0.448692,0.452841,0.457641,0.46281,0.468045,0.473057,0.47759,0.481435,0.484437,0.486492,0.487533,0.487533
0.488583,0.488583,0.487533,0.485463,0.482434,0.478554,0.473976,0.46891,0.463615,0.458385,0.453524,0.449321,0.446011,0.443752,0.442604,0.442528,0.443396,0.445012,0.447149,0.449574,0.452077,0.454493,0.456706,0.458647,0.460292,0.461643,0.462723,0.463563,0.464192,0.46464,0.464926,0.465065,0.465065,0.464926,0.46464,0.464192,0.463563,0.462723,0.461643,0.460292,0.458647,0.456706,0.454493,0.452077,0.449574,0.447149,0.445012,0.443396,0.442528,0.442604,0.443752,0.446011,0.449321,0.453524,0.458385,0.463615,0.46891,0.473976,0.478554,0.482434,0.485463,0.487533,0.488583,0.488583
0.488583,0.488583,0.487533,0.485463,0.482434,0.478554,0.473976,0.46891,0.463615,0.458385,0.453524,0.449321,0.446011,0.443752,0.442604,0.442528,0.443396,0.445012,0.447149,0.449574,0.452077,0.454493,0.456706,0.458647,0.460292,0.461643,0.462723,0.463563,0.464192,0.46464,0.464926,0.465065,0.465065,0.464926,0.46464,0.464192,0.463563,0.462723,0.461643,0.460292,0.458647,0.456706,0.454493,0.452077,0.449574,0.447149,0.445012,0.443396,0.442528,0.442604,0.443752,0.446011,0.449321,0.453524,0.458385,0.463615,0.46891,0.473976,0.478554,0.482434,0.485463,0.487533,0.488583,0.488583
