0.5,0.5,0.5,0.5,0.5,0.5,0.5,0.5,0.5,0.5,0.5,0.5,0.5,0.5,0.5,0.5,0.5,0.5,0.5,0.5,0.5,0.5,0.5,0.5,0.5,0.5,0.5,0.5,0.5,0.5,0.5,0.5,0.5,0.5,0.5,0.5,0.5,0.5,0.5,0.5,0.5,0.5,0.5,0.5,0.5,0.5,0.5,0.5,0.5,0.5,0.5,0.5,0.5,0.5,0.5,0.5,0.5,0.5,0.5,0.5,0.5,0.5,0.5,0.5
0.5,0.5,0.5,0.5,0.5,0.5,0.5,0.5,0.5,0.5,0.5,0.5,0.5,0.5,0.5,0.5,0.5,0.5,0.5,0.5,0.5,0.5,0.5,0.5,0.5,0.5,0.5,0.5,0.5,0.5,0.5,0.5,0.5,0.5,0.5,0.5,0.5,0.5,0.5,0.5,0.5,0.5,0.5,0.5,0.5,0.5,0.5,0.5,0.5,0.5,0.5,0.5,0.5,0.5,0.5,0.5,0.5,0.5,0.5,0.5,0.5,0.5,0.5,0.5
0.5,0.5,0.5,0.5,0.5,0.5,0.5,0.5,0.5,0.5,0.5,0.5,0.5,0.5,0.5,0.5,0.5,0.5,0.5,0.5,0.5,0.5,0.5,0.5,0.5,0.499999,0.499999,0.499999,0.499999,0.499999,0.499999,0.499999,0.499999,0.499999,0.499999,0.499999,0.499999,0.499999,0.499999,0.5,0.5,0.5,0.5,0.5,0.5,0.5,0.5,0.5,0.5,0.5,0.5,0.5,0.5,0.5,0.5,0.5,0.5,0.5,0.5,0.5,0.5,0.5,0.5,0.5
0.5,0.5,0.5,0.5,0.5,0.5,0.5,0.5,0.5,0.5,0.5,0.5,0.5,0.5,0.5,0.5,0.5,0.5,0.5,0.5,0.5,0.5,0.499999,0.499999,0.499999,0.499999,0.499998,0.499998,0.499998,0.499998,0.499998,0.499997,0.499997,0.499998,0.499998,0.499998,0.499998,0.499998,0.499999,0.499999,0.499999,0.499999,0.5,0.5,0.5,0.5,0.5,0.5,0.5,0.5,0.5,0.5,0.5,0.5,0.5,0.5,0.5,0.5,0.5,0.5,0.5,0.5,0.5,0.5
0.5,0.5,0.5,0.5,0.5,0.5,0.5,0.5,0.5,0.5,0.5,0.5,0.5,0.5,0.5,0.5,0.5,0.5,0.5,0.5,0.499999,0.499999,0.499999,0.499998,0.499997,0.499997,0.499996,0.499995,0.499995,0.499994,0.499994,0.499994,0.499994,0.499994,0.499994,0.499995,0.499995,0.499996,0.499997,0.499997,0.499998,0.499999,0.499999,0.499999,0.5,0.5,0.5,0.5,0.5,0.5,0.5,0.5,0.5,0.5,0.5,0.5,0.5,0.5,0.5,0.5,0.5,0.5,0.5,0.5
0.5,0.5,0.5,0.5,0.5,0.5,0.5,0.5,0.5,0.5,0.5,0.5,0.5,0.5,0.5,0.5,0.5,0.5,0.499999,0.499999,0.499998,0.499998,0.499997,0.499995,0.499994,0.499992,0.499991,0.499989,0.499987,0.499986,0.499985,0.499984,0.499984,0.499985,0.499986,0.499987,0.499989,0.499991,0.499992,0.499994,0.499995,0.499997,0.499998,0.499998,0.499999,0.499999,0.5,0.5,0.5,0.5,0.5,0.5,0.5,0.5,0.5,0.5,0.5,0.5,0.5,0.5,0.5,0.5,0.5,0.5
0.5,0.5,0.5,0.5,0.5,0.5,0.5,0.5,0.5,0.5,0.5,0.5,0.5,0.5,0.5,0.5,0.499999,0.499999,0.499998,0.499997,0.499996,0.499994,0.499992,0.499989,0.499986,0.499982,0.499978,0.499974,0.49997,0.499967,0.499965,0.499964,0.499964,0.499965,0.499967,0.49997,0.499974,0.499978,0.499982,0.499986,0.499989,0.499992,0.499994,0.499996,0.499997,0.499998,0.499999,0.499999,0.5,0.5,0.5,0.5,0.5,0.5,0.5,0.5,0.5,0.5,0.5,0.5,0.5,0.5,0.5,0.5
0.5,0.5,0.5,0.5,0.5,0.5,0.5,0.5,0.5,0.5,0.5,0.5,0.5,0.5,0.5,0.499999,0.499998,0.499998,0.499996,0.499994,0.499991,0.499987,0.499982,0.499975,0.499968,0.499959,0.49995,0.499942,0.499933,0.499926,0.499921,0.499919,0.499919,0.499921,0.499926,0.499933,0.499942,0.49995,0.499959,0.499968,0.499975,0.499982,0.499987,0.499991,0.499994,0.499996,0.499998,0.499998,0.499999,0.5,0.5,0.5,0.5,0.5,0.5,0.5,0.5,0.5,0.5,0.5,0.5,0.5,0.5,0.5
0.5,0.5,0.5,0.5,0.5,0.5,0.5,0.5,0.5,0.5,0.5,0.5,0.5,0.499999,0.499999,0.499998,0.499997,0.499995,0.499991,0.499987,0.49998,0.499971,0.49996,0.499946,0.49993,0.499912,0.499892,0.499873,0.499855,0.49984,0.499829,0.499824,0.499824,0.499829,0.49984,0.499855,0.499873,0.499892,0.499912,0.49993,0.499946,0.49996,0.499971,0.49998,0.499987,0.499991,0.499995,0.499997,0.499998,0.499999,0.499999,0.5,0.5,0.5,0.5,0.5,0.5,0.5,0.5,0.5,0.5,0.5,0.5,0.5
0.5,0.5,0.5,0.5,0.5,0.5,0.5,0.5,0.5,0.5,0.5,0.5,0.499999,0.499999,0.499998,0.499996,0.499993,0.499988,0.499981,0.499971,0.499958,0.499939,0.499915,0.499886,0.499852,0.499814,0.499774,0.499734,0.499697,0.499666,0.499643,0.499632,0.499632,0.499643,0.499666,0.499697,0.499734,0.499774,0.499814,0.499852,0.499886,0.499915,0.499939,0.499958,0.499971,0.499981,0.499988,0.499993,0.499996,0.499998,0.499999,0.499999,0.5,0.5,0.5,0.5,0.5,0.5,0.5,0.5,0.5,0.5,0.5,0.5
0.5,0.5,0.5,0.5,0.5,0.5,0.5,0.5,0.5,0.5,0.5,0.499999,0.499999,0.499997,0.499995,0.499991,0.499985,0.499976,0.499962,0.499941,0.499913,0.499876,0.499828,0.499769,0.4997,0.499624,0.499543,0.499463,0.499388,0.499326,0.499281,0.499257,0.499257,0.499281,0.499326,0.499388,0.499463,0.499543,0.499624,0.4997,0.499769,0.499828,0.499876,0.499913,0.499941,0.499962,0.499976,0.499985,0.499991,0.499995,0.499997,0.499999,0.499999,0.5,0.5,0.5,0.5,0.5,0.5,0.5,0.5,0.5,0.5,0.5
0.5,0.5,0.5,0.5,0.5,0.5,0.5,0.5,0.5,0.5,0.499999,0.499999,0.499997,0.499995,0.49999,0.499983,0.499971,0.499952,0.499924,0.499884,0.499829,0.499755,0.499662,0.499547,0.499413,0.499265,0.499108,0.498952,0.498808,0.498688,0.498601,0.498555,0.498555,0.498601,0.498688,0.498808,0.498952,0.499108,0.499265,0.499413,0.499547,0.499662,0.499755,0.499829,0.499884,0.499924,0.499952,0.499971,0.499983,0.49999,0.499995,0.499997,0.499999,0.499999,0.5,0.5,0.5,0.5,0.5,0.5,0.5,0.5,0.5,0.5
0.5,0.5,0.5,0.5,0.5,0.5,0.5,0.5,0.5,0.499999,0.499999,0.499997,0.499994,0.49999,0.499981,0.499967,0.499944,0.499908,0.499855,0.499779,0.499674,0.499535,0.499358,0.499143,0.498892,0.498613,0.498319,0.498028,0.49776,0.497535,0.497373,0.497288,0.497288,0.497373,0.497535,0.49776,0.498028,0.498319,0.498613,0.498892,0.499143,0.499358,0.499535,0.499674,0.499779,0.499855,0.499908,0.499944,0.499967,0.499981,0.49999,0.499994,0.499997,0.499999,0.499999,0.5,0.5,0.5,0.5,0.5,0.5,0.5,0.5,0.5
0.5,0.5,0.5,0.5,0.5,0.5,0.5,0.5,0.499999,0.499999,0.499997,0.499995,0.49999,0.49998,0.499965,0.499938,0.499896,0.499831,0.499733,0.499594,0.499402,0.499148,0.498825,0.498434,0.497978,0.497474,0.496944,0.496419,0.495935,0.495531,0.495239,0.495087,0.495087,0.495239,0.495531,0.495935,0.496419,0.496944,0.497474,0.497978,0.498434,0.498825,0.499148,0.499402,0.499594,0.499733,0.499831,0.499896,0.499938,0.499965,0.49998,0.49999,0.499995,0.499997,0.499999,0.499999,0.5,0.5,0.5,0.5,0.5,0.5,0.5,0.5
0.5,0.5,0.5,0.5,0.5,0.5,0.5,0.5,0.499999,0.499998,0.499995,0.49999,0.499981,0.499965,0.499936,0.499889,0.499814,0.499697,0.499524,0.499277,0.498938,0.49849,0.497924,0.497237,0.49644,0.495559,0.494635,0.493722,0.492882,0.49218,0.491674,0.49141,0.49141,0.491674,0.49218,0.492882,0.493722,0.494635,0.495559,0.49644,0.497237,0.497924,0.49849,0.498938,0.499277,0.499524,0.499697,0.499814,0.499889,0.499936,0.499965,0.499981,0.49999,0.499995,0.499998,0.499999,0.5,0.5,0.5,0.5,0.5,0.5,0.5,0.5
0.5,0.5,0.5,0.5,0.5,0.5,0.5,0.499999,0.499998,0.499996,0.499991,0.499983,0.499967,0.499938,0.499889,0.499808,0.499677,0.499477,0.49918,0.498757,0.498178,0.497417,0.496456,0.495293,0.493947,0.492462,0.490907,0.489373,0.487964,0.486788,0.485942,0.4855,0.4855,0.485942,0.486788,0.487964,0.489373,0.490907,0.492462,0.493947,0.495293,0.496456,0.497417,0.498178,0.498757,0.49918,0.499477,0.499677,0.499808,0.499889,0.499938,0.499967,0.499983,0.499991,0.499996,0.499998,0.499999,0.5,0.5,0.5,0.5,0.5,0.5,0.5
0.5,0.5,0.5,0.5,0.5,0.5,0.499999,0.499998,0.499997,0.499993,0.499985,0.499971,0.499944,0.499896,0.499814,0.499677,0.49946,0.499127,0.498634,0.497936,0.496982,0.49573,0.494155,0.492253,0.490057,0.487641,0.485115,0.482627,0.480346,0.478445,0.477078,0.476363,0.476363,0.477078,0.478445,0.480346,0.482627,0.485115,0.487641,0.490057,0.492253,0.494155,0.49573,0.496982,0.497936,0.498634,0.499127,0.49946,0.499677,0.499814,0.499896,0.499944,0.499971,0.499985,0.499993,0.499997,0.499998,0.499999,0.5,0.5,0.5,0.5,0.5,0.5
0.5,0.5,0.5,0.5,0.5,0.5,0.499999,0.499998,0.499995,0.499988,0.499976,0.499952,0.499908,0.499831,0.499697,0.499477,0.499127,0.498591,0.497803,0.496687,0.495167,0.49318,0.490683,0.487679,0.484219,0.48042,0.476457,0.472562,0.468996,0.466027,0.463894,0.462779,0.462779,0.463894,0.466027,0.468996,0.472562,0.476457,0.48042,0.484219,0.487679,0.490683,0.49318,0.495167,0.496687,0.497803,0.498591,0.499127,0.499477,0.499697,0.499831,0.499908,0.499952,0.499976,0.499988,0.499995,0.499998,0.499999,0.5,0.5,0.5,0.5,0.5,0.5
0.5,0.5,0.5,0.5,0.5,0.499999,0.499998,0.499996,0.499991,0.499981,0.499962,0.499924,0.499855,0.499733,0.499524,0.49918,0.498634,0.497803,0.496582,0.494859,0.49252,0.489468,0.485646,0.481059,0.475791,0.470018,0.464012,0.458118,0.452732,0.448253,0.44504,0.443361,0.443361,0.44504,0.448253,0.452732,0.458118,0.464012,0.470018,0.475791,0.481059,0.485646,0.489468,0.49252,0.494859,0.496582,0.497803,0.498634,0.49918,0.499524,0.499733,0.499855,0.499924,0.499962,0.499981,0.499991,0.499996,0.499998,0.499999,0.5,0.5,0.5,0.5,0.5
0.5,0.5,0.5,0.5,0.5,0.499999,0.499997,0.499994,0.499987,0.499971,0.499941,0.499884,0.499779,0.499594,0.499277,0.498757,0.497936,0.496687,0.494859,0.492286,0.488803,0.484273,0.478616,0.471844,0.464088,0.45561,0.446809,0.438191,0.430329,0.423801,0.419121,0.416678,0.416678,0.419121,0.423801,0.430329,0.438191,0.446809,0.45561,0.464088,0.471844,0.478616,0.484273,0.488803,0.492286,0.494859,0.496687,0.497936,0.498757,0.499277,0.499594,0.499779,0.499884,0.499941,0.499971,0.499987,0.499994,0.499997,0.499999,0.5,0.5,0.5,0.5,0.5
0.5,0.5,0.5,0.5,0.499999,0.499998,0.499996,0.499991,0.49998,0.499958,0.499913,0.499829,0.499674,0.499402,0.498938,0.498178,0.496982,0.495167,0.49252,0.488803,0.483787,0.477281,0.469182,0.459513,0.448468,0.436427,0.423955,0.411769,0.400672,0.39147,0.384882,0.381444,0.381444,0.384882,0.39147,0.400672,0.411769,0.423955,0.436427,0.448468,0.459513,0.469182,0.477281,0.483787,0.488803,0.49252,0.495167,0.496982,0.498178,0.498938,0.499402,0.499674,0.499829,0.499913,0.499958,0.49998,0.499991,0.499996,0.499998,0.499999,0.5,0.5,0.5,0.5
0.5,0.5,0.5,0.5,0.499999,0.499998,0.499994,0.499987,0.499971,0.499939,0.499876,0.499755,0.499535,0.499148,0.49849,0.497417,0.49573,0.49318,0.489468,0.484273,0.477281,0.46824,0.457017,0.443657,0.428437,0.411887,0.394787,0.378114,0.362958,0.350411,0.341437,0.336757,0.336757,0.341437,0.350411,0.362958,0.378114,0.394787,0.411887,0.428437,0.443657,0.457017,0.46824,0.477281,0.484273,0.489468,0.49318,0.49573,0.497417,0.49849,0.499148,0.499535,0.499755,0.499876,0.499939,0.499971,0.499987,0.499994,0.499998,0.499999,0.5,0.5,0.5,0.5
0.5,0.5,0.5,0.499999,0.499999,0.499997,0.499992,0.499982,0.49996,0.499915,0.499828,0.499662,0.499358,0.498825,0.497924,0.496456,0.494155,0.490683,0.485646,0.478616,0.469182,0.457017,0.441959,0.424084,0.403776,0.381752,0.35905,0.336963,0.316924,0.300359,0.288524,0.282357,0.282357,0.288524,0.300359,0.316924,0.336963,0.35905,0.381752,0.403776,0.424084,0.441959,0.457017,0.469182,0.478616,0.485646,0.490683,0.494155,0.496456,0.497924,0.498825,0.499358,0.499662,0.499828,0.499915,0.49996,0.499982,0.499992,0.499997,0.499999,0.499999,0.5,0.5,0.5
0.5,0.5,0.5,0.499999,0.499998,0.499995,0.499989,0.499975,0.499946,0.499886,0.499769,0.499547,0.499143,0.498434,0.497237,0.495293,0.492253,0.487679,0.481059,0.471844,0.459513,0.443657,0.424084,0.400915,0.374663,0.346265,0.317064,0.288715,0.263043,0.241854,0.226733,0.218859,0.218859,0.226733,0.241854,0.263043,0.288715,0.317064,0.346265,0.374663,0.400915,0.424084,0.443657,0.459513,0.471844,0.481059,0.487679,0.492253,0.495293,0.497237,0.498434,0.499143,0.499547,0.499769,0.499886,0.499946,0.499975,0.499989,0.499995,0.499998,0.499999,0.5,0.5,0.5
0.5,0.5,0.5,0.499999,0.499997,0.499994,0.499986,0.499968,0.49993,0.499852,0.4997,0.499413,0.498892,0.497978,0.49644,0.493947,0.490057,0.484219,0.475791,0.464088,0.448468,0.428437,0.403776,0.374663,0.341761,0.30626,0.269839,0.234557,0.202666,0.176384,0.15765,0.147901,0.147901,0.15765,0.176384,0.202666,0.234557,0.269839,0.30626,0.341761,0.374663,0.403776,0.428437,0.448468,0.464088,0.475791,0.484219,0.490057,0.493947,0.49644,0.497978,0.498892,0.499413,0.4997,0.499852,0.49993,0.499968,0.499986,0.499994,0.499997,0.499999,0.5,0.5,0.5
0.5,0.5,0.499999,0.499999,0.499997,0.499992,0.499982,0.499959,0.499912,0.499814,0.499624,0.499265,0.498613,0.497474,0.495559,0.492462,0.487641,0.48042,0.470018,0.45561,0.436427,0.411887,0.381752,0.346265,0.30626,0.263197,0.219118,0.176504,0.138055,0.106414,0.0838849,0.0721689,0.0721689,0.0838849,0.106414,0.138055,0.176504,0.219118,0.263197,0.30626,0.346265,0.381752,0.411887,0.436427,0.45561,0.470018,0.48042,0.487641,0.492462,0.495559,0.497474,0.498613,0.499265,0.499624,0.499814,0.499912,0.499959,0.499982,0.499992,0.499997,0.499999,0.499999,0.5,0.5
0.5,0.5,0.499999,0.499998,0.499996,0.499991,0.499978,0.49995,0.499892,0.499774,0.499543,0.499108,0.498319,0.496944,0.494635,0.490907,0.485115,0.476457,0.464012,0.446809,0.423955,0.394787,0.35905,0.317064,0.269839,0.219118,0.167308,0.117317,0.0722852,0.0352793,0.00895721,-0.00472277,-0.00472277,0.00895721,0.0352793,0.0722852,0.117317,0.167308,0.219118,0.269839,0.317064,0.35905,0.394787,0.423955,0.446809,0.464012,0.476457,0.485115,0.490907,0.494635,0.496944,0.498319,0.499108,0.499543,0.499774,0.499892,0.49995,0.499978,0.499991,0.499996,0.499998,0.499999,0.5,0.5
0.5,0.5,0.499999,0.499998,0.499995,0.499989,0.499974,0.499942,0.499873,0.499734,0.499463,0.498952,0.498028,0.496419,0.493722,0.489373,0.482627,0.472562,0.458118,0.438191,0.411769,0.378114,0.336963,0.288715,0.234557,0.176504,0.117317,0.0603033,0.0090248,-0.0330626,-0.0629713,-0.0785064,-0.0785064,-0.0629713,-0.0330626,0.0090248,0.0603033,0.117317,0.176504,0.234557,0.288715,0.336963,0.378114,0.411769,0.438191,0.458118,0.472562,0.482627,0.489373,0.493722,0.496419,0.498028,0.498952,0.499463,0.499734,0.499873,0.499942,0.499974,0.499989,0.499995,0.499998,0.499999,0.5,0.5
0.5,0.5,0.499999,0.499998,0.499995,0.499987,0.49997,0.499933,0.499855,0.499697,0.499388,0.498808,0.49776,0.495935,0.492882,0.487964,0.480346,0.468996,0.452732,0.430329,0.400672,0.362958,0.316924,0.263043,0.202666,0.138055,0.0722852,0.0090248,-0.0477992,-0.0943885,-0.12747,-0.144644,-0.144644,-0.12747,-0.0943885,-0.0477992,0.0090248,0.0722852,0.138055,0.202666,0.263043,0.316924,0.362958,0.400672,0.430329,0.452732,0.468996,0.480346,0.487964,0.492882,0.495935,0.49776,0.498808,0.499388,0.499697,0.499855,0.499933,0.49997,0.499987,0.499995,0.499998,0.499999,0.5,0.5
0.5,0.5,0.499999,0.499998,0.499994,0.499986,0.499967,0.499926,0.49984,0.499666,0.499326,0.498688,0.497535,0.495531,0.49218,0.486788,0.478445,0.466027,0.448253,0.423801,0.39147,0.350411,0.300359,0.241854,0.176384,0.106414,0.0352793,-0.0330626,-0.0943885,-0.144626,-0.180276,-0.198776,-0.198776,-0.180276,-0.144626,-0.0943885,-0.0330626,0.0352793,0.106414,0.176384,0.241854,0.300359,0.350411,0.39147,0.423801,0.448253,0.466027,0.478445,0.486788,0.49218,0.495531,0.497535,0.498688,0.499326,0.499666,0.49984,0.499926,0.499967,0.499986,0.499994,0.499998,0.499999,0.5,0.5
0.5,0.5,0.499999,0.499998,0.499994,0.499985,0.499965,0.499921,0.499829,0.499643,0.499281,0.498601,0.497373,0.495239,0.491674,0.485942,0.477078,0.463894,0.44504,0.419121,0.384882,0.341437,0.288524,0.226733,0.15765,0.0838849,0.00895721,-0.0629713,-0.12747,-0.180276,-0.217731,-0.237163,-0.237163,-0.217731,-0.180276,-0.12747,-0.0629713,0.00895721,0.0838849,0.15765,0.226733,0.288524,0.341437,0.384882,0.419121,0.44504,0.463894,0.477078,0.485942,0.491674,0.495239,0.497373,0.498601,0.499281,0.499643,0.499829,0.499921,0.499965,0.499985,0.499994,0.499998,0.499999,0.5,0.5
0.5,0.5,0.499999,0.499997,0.499994,0.499984,0.499964,0.499919,0.499824,0.499632,0.499257,0.498555,0.497288,0.495087,0.49141,0.4855,0.476363,0.462779,0.443361,0.416678,0.381444,0.336757,0.282357,0.218859,0.147901,0.0721689,-0.00472277,-0.0785064,-0.144644,-0.198776,-0.237163,-0.257076,-0.257076,-0.237163,-0.198776,-0.144644,-0.0785064,-0.00472277,0.0721689,0.147901,0.218859,0.282357,0.336757,0.381444,0.416678,0.443361,0.462779,0.476363,0.4855,0.49141,0.495087,0.497288,0.498555,0.499257,0.499632,0.499824,0.499919,0.499964,0.499984,0.499994,0.499997,0.499999,0.5,0.5
0.5,0.5,0.499999,0.499997,0.499994,0.499984,0.499964,0.499919,0.499824,0.499632,0.499257,0.498555,0.497288,0.495087,0.49141,0.4855,0.476363,0.462779,0.443361,0.416678,0.381444,0.336757,0.282357,0.218859,0.147901,0.0721689,-0.00472277,-0.0785064,-0.144644,-0.198776,-0.237163,-0.257076,-0.257076,-0.237163,-0.198776,-0.144644,-0.0785064,-0.00472277,0.0721689,0.147901,0.218859,0.282357,0.336757,0.381444,0.416678,0.443361,0.462779,0.476363,0.4855,0.49141,0.495087,0.497288,0.498555,0.499257,0.499632,0.499824,0.499919,0.499964,0.499984,0.499994,0.499997,0.499999,0.5,0.5
0.5,0.5,0.499999,0.499998,0.499994,0.499985,0.499965,0.499921,0.499829,0.499643,0.499281,0.498601,0.497373,0.495239,0.491674,0.485942,0.477078,0.463894,0.44504,0.419121,0.384882,0.341437,0.288524,0.226733,0.15765,0.0838849,0.00895721,-0.0629713,-0.12747,-0.180276,-0.217731,-0.237163,-0.237163,-0.217731,-0.180276,-0.12747,-0.0629713,0.00895721,0.0838849,0.15765,0.226733,0.288524,0.341437,0.384882,0.419121,0.44504,0.463894,0.477078,0.485942,0.491674,0.495239,0.497373,0.498601,0.499281,0.499643,0.499829,0.499921,0.499965,0.499985,0.499994,0.499998,0.499999,0.5,0.5
0.5,0.5,0.499999,0.499998,0.499994,0.499986,0.499967,0.499926,0.49984,0.499666,0.499326,0.498688,0.497535,0.495531,0.49218,0.486788,0.478445,0.466027,0.448253,0.423801,0.39147,0.350411,0.300359,0.241854,0.176384,0.106414,0.0352793,-0.0330626,-0.0943885,-0.144626,-0.180276,-0.198776,-0.198776,-0.180276,-0.144626,-0.0943885,-0.0330626,0.0352793,0.106414,0.176384,0.241854,0.300359,0.350411,0.39147,0.423801,0.448253,0.466027,0.478445,0.486788,0.49218,0.495531,0.497535,0.498688,0.499326,0.499666,0.49984,0.499926,0.499967,0.499986,0.499994,0.499998,0.499999,0.5,0.5
0.5,0.5,0.499999,0.499998,0.499995,0.499987,0.49997,0.499933,0.499855,0.499697,0.499388,0.498808,0.49776,0.495935,0.492882,0.487964,0.480346,0.468996,0.452732,0.430329,0.400672,0.362958,0.316924,0.263043,0.202666,0.138055,0.0722852,0.0090248,-0.0477992,-0.0943885,-0.12747,-0.144644,-0.144644,-0.12747,-0.0943885,-0.0477992,0.0090248,0.0722852,0.138055,0.202666,0.263043,0.316924,0.362958,0.400672,0.430329,0.452732,0.468996,0.480346,0.487964,0.492882,0.495935,0.49776,0.498808,0.499388,0.499697,0.499855,0.499933,0.49997,0.499987,0.499995,0.499998,0.499999,0.5,0.5
0.5,0.5,0.499999,0.499998,0.499995,0.499989,0.499974,0.499942,0.499873,0.499734,0.499463,0.498952,0.498028,0.496419,0.493722,0.489373,0.482627,0.472562,0.458118,0.438191,0.411769,0.378114,0.336963,0.288715,0.234557,0.176504,0.117317,0.0603033,0.0090248,-0.0330626,-0.0629713,-0.0785064,-0.0785064,-0.0629713,-0.0330626,0.0090248,0.0603033,0.117317,0.176504,0.234557,0.288715,0.336963,0.378114,0.411769,0.438191,0.458118,0.472562,0.482627,0.489373,0.493722,0.496419,0.498028,0.498952,0.499463,0.499734,0.499873,0.499942,0.499974,0.499989,0.499995,0.499998,0.499999,0.5,0.5
0.5,0.5,0.499999,0.499998,0.499996,0.499991,0.499978,0.49995,0.499892,0.499774,0.499543,0.499108,0.498319,0.496944,0.494635,0.490907,0.485115,0.476457,0.464012,0.446809,0.423955,0.394787,0.35905,0.317064,0.269839,0.219118,0.167308,0.117317,0.0722852,0.0352793,0.00895721,-0.00472277,-0.00472277,0.00895721,0.0352793,0.0722852,0.117317,0.167308,0.219118,0.269839,0.317064,0.35905,0.394787,0.423955,0.446809,0.464012,0.476457,0.485115,0.490907,0.494635,0.496944,0.498319,0.499108,0.499543,0.499774,0.499892,0.49995,0.499978,0.499991,0.499996,0.499998,0.499999,0.5,0.5
0.5,0.5,0.499999,0.499999,0.499997,0.499992,0.499982,0.499959,0.499912,0.499814,0.499624,0.499265,0.498613,0.497474,0.495559,0.492462,0.487641,0.48042,0.470018,0.45561,0.436427,0.411887,0.381752,0.346265,0.30626,0.263197,0.219118,0.176504,0.138055,0.106414,0.0838849,0.0721689,0.0721689,0.0838849,0.106414,0.138055,0.176504,0.219118,0.263197,0.30626,0.346265,0.381752,0.411887,0.436427,0.45561,0.470018,0.48042,0.487641,0.492462,0.495559,0.497474,0.498613,0.499265,0.499624,0.499814,0.499912,0.499959,0.499982,0.499992,0.499997,0.499999,0.499999,0.5,0.5
0.5,0.5,0.5,0.499999,0.499997,0.499994,0.499986,0.499968,0.49993,0.499852,0.4997,0.499413,0.498892,0.497978,0.49644,0.493947,0.490057,0.484219,0.475791,0.464088,0.448468,0.428437,0.403776,0.374663,0.341761,0.30626,0.269839,0.234557,0.202666,0.176384,0.15765,0.147901,0.147901,0.15765,0.176384,0.202666,0.234557,0.269839,0.30626,0.341761,0.374663,0.403776,0.428437,0.448468,0.464088,0.475791,0.484219,0.490057,0.493947,0.49644,0.497978,0.498892,0.499413,0.4997,0.499852,0.49993,0.499968,0.499986,0.499994,0.499997,0.499999,0.5,0.5,0.5
0.5,0.5,0.5,0.499999,0.499998,0.499995,0.499989,0.499975,0.499946,0.499886,0.499769,0.499547,0.499143,0.498434,0.497237,0.495293,0.492253,0.487679,0.481059,0.471844,0.459513,0.443657,0.424084,0.400915,0.374663,0.346265,0.317064,0.288715,0.263043,0.241854,0.226733,0.218859,0.218859,0.226733,0.241854,0.263043,0.288715,0.317064,0.346265,0.374663,0.400915,0.424084,0.443657,0.459513,0.471844,0.481059,0.487679,0.492253,0.495293,0.497237,0.498434,0.499143,0.499547,0.499769,0.499886,0.499946,0.499975,0.499989,0.499995,0.499998,0.499999,0.5,0.5,0.5
0.5,0.5,0.5,0.499999,0.499999,0.499997,0.499992,0.499982,0.49996,0.499915,0.499828,0.499662,0.499358,0.498825,0.497924,0.496456,0.494155,0.490683,0.485646,0.478616,0.469182,0.457017,0.441959,0.424084,0.403776,0.381752,0.35905,0.336963,0.316924,0.300359,0.288524,0.282357,0.282357,0.288524,0.300359,0.316924,0.336963,0.35905,0.381752,0.403776,0.424084,0.441959,0.457017,0.469182,0.478616,0.485646,0.490683,0.494155,0.496456,0.497924,0.498825,0.499358,0.499662,0.499828,0.499915,0.49996,0.499982,0.499992,0.499997,0.499999,0.499999,0.5,0.5,0.5
0.5,0.5,0.5,0.5,0.499999,0.499998,0.499994,0.499987,0.499971,0.499939,0.499876,0.499755,0.499535,0.499148,0.49849,0.497417,0.49573,0.49318,0.489468,0.484273,0.477281,0.46824,0.457017,0.443657,0.428437,0.411887,0.394787,0.378114,0.362958,0.350411,0.341437,0.336757,0.336757,0.341437,0.350411,0.362958,0.378114,0.394787,0.411887,0.428437,0.443657,0.457017,0.46824,0.477281,0.484273,0.489468,0.49318,0.49573,0.497417,0.49849,0.499148,0.499535,0.499755,0.499876,0.499939,0.499971,0.499987,0.499994,0.499998,0.499999,0.5,0.5,0.5,0.5
0.5,0.5,0.5,0.5,0.499999,0.499998,0.499996,0.499991,0.49998,0.499958,0.499913,0.499829,0.499674,0.499402,0.498938,0.498178,0.496982,0.495167,0.49252,0.488803,0.483787,0.477281,0.469182,0.459513,0.448468,0.436427,0.423955,0.411769,0.400672,0.39147,0.384882,0.381444,0.381444,0.384882,0.39147,0.400672,0.411769,0.423955,0.436427,0.448468,0.459513,0.469182,0.477281,0.483787,0.488803,0.49252,0.495167,0.496982,0.498178,0.498938,0.499402,0.499674,0.499829,0.499913,0.499958,0.49998,0.499991,0.499996,0.499998,0.499999,0.5,0.5,0.5,0.5
0.5,0.5,0.5,0.5,0.5,0.499999,0.499997,0.499994,0.499987,0.499971,0.499941,0.499884,0.499779,0.499594,0.499277,0.498757,0.497936,0.496687,0.494859,0.492286,0.488803,0.484273,0.478616,0.471844,0.464088,0.45561,0.446809,0.438191,0.430329,0.423801,0.419121,0.416678,0.416678,0.419121,0.423801,0.430329,0.438191,0.446809,0.45561,0.464088,0.471844,0.478616,0.484273,0.488803,0.492286,0.494859,0.496687,0.497936,0.498757,0.499277,0.499594,0.499779,0.499884,0.499941,0.499971,0.499987,0.499994,0.499997,0.499999,0.5,0.5,0.5,0.5,0.5
0.5,0.5,0.5,0.5,0.5,0.499999,0.499998,0.499996,0.499991,0.499981,0.499962,0.499924,0.499855,0.499733,0.499524,0.49918,0.498634,0.497803,0.496582,0.494859,0.49252,0.489468,0.485646,0.481059,0.475791,0.470018,0.464012,0.458118,0.452732,0.448253,0.44504,0.443361,0.443361,0.44504,0.448253,0.452732,0.458118,0.464012,0.470018,0.475791,0.481059,0.485646,0.489468,0.49252,0.494859,0.496582,0.497803,0.498634,0.49918,0.499524,0.499733,0.499855,0.499924,0.499962,0.499981,0.499991,0.499996,0.499998,0.499999,0.5,0.5,0.5,0.5,0.5
0.5,0.5,0.5,0.5,0.5,0.5,0.499999,0.499998,0.499995,0.499988,0.499976,0.499952,0.499908,0.499831,0.499697,0.499477,0.499127,0.498591,0.497803,0.496687,0.495167,0.49318,0.490683,0.487679,0.484219,0.48042,0.476457,0.472562,0.468996,0.466027,0.463894,0.462779,0.462779,0.463894,0.466027,0.468996,0.472562,0.476457,0.48042,0.484219,0.487679,0.490683,0.49318,0.495167,0.496687,0.497803,0.498591,0.499127,0.499477,0.499697,0.499831,0.499908,0.499952,0.499976,0.499988,0.499995,0.499998,0.499999,0.5,0.5,0.5,0.5,0.5,0.5
0.5,0.5,0.5,0.5,0.5,0.5,0.499999,0.499998,0.499997,0.499993,0.499985,0.499971,0.499944,0.499896,0.499814,0.499677,0.49946,0.499127,0.498634,0.497936,0.496982,0.49573,0.494155,0.492253,0.490057,0.487641,0.485115,0.482627,0.480346,0.478445,0.477078,0.476363,0.476363,0.477078,0.478445,0.480346,0.482627,0.485115,0.487641,0.490057,0.492253,0.494155,0.49573,0.496982,0.497936,0.498634,0.499127,0.49946,0.499677,0.499814,0.499896,0.499944,0.499971,0.499985,0.499993,0.499997,0.499998,0.499999,0.5,0.5,0.5,0.5,0.5,0.5
0.5,0.5,0.5,0.5,0.5,0.5,0.5,0.499999,0.499998,0.499996,0.499991,0.499983,0.499967,0.499938,0.499889,0.499808,0.499677,0.499477,0.49918,0.498757,0.498178,0.497417,0.496456,0.495293,0.493947,0.492462,0.490907,0.489373,0.487964,0.486788,0.485942,0.4855,0.4855,0.485942,0.486788,0.487964,0.489373,0.490907,0.492462,0.493947,0.495293,0.496456,0.497417,0.498178,0.498757,0.49918,0.499477,0.499677,0.499808,0.499889,0.499938,0.499967,0.499983,0.499991,0.499996,0.499998,0.499999,0.5,0.5,0.5,0.5,0.5,0.5,0.5
0.5,0.5,0.5,0.5,0.5,0.5,0.5,0.5,0.499999,0.499998,0.499995,0.49999,0.499981,0.499965,0.499936,0.499889,0.499814,0.499697,0.499524,0.499277,0.498938,0.49849,0.497924,0.497237,0.49644,0.495559,0.494635,0.493722,0.492882,0.49218,0.491674,0.49141,0.49141,0.491674,0.49218,0.492882,0.493722,0.494635,0.495559,0.49644,0.497237,0.497924,0.49849,0.498938,0.499277,0.499524,0.499697,0.499814,0.499889,0.499936,0.499965,0.499981,0.49999,0.499995,0.499998,0.499999,0.5,0.5,0.5,0.5,0.5,0.5,0.5,0.5
0.5,0.5,0.5,0.5,0.5,0.5,0.5,0.5,0.499999,0.499999,0.499997,0.499995,0.49999,0.49998,0.499965,0.499938,0.499896,0.499831,0.499733,0.499594,0.499402,0.499148,0.498825,0.498434,0.497978,0.497474,0.496944,0.496419,0.495935,0.495531,0.495239,0.495087,0.495087,0.495239,0.495531,0.495935,0.496419,0.496944,0.497474,0.497978,0.498434,0.498825,0.499148,0.499402,0.499594,0.499733,0.499831,0.499896,0.499938,0.499965,0.49998,0.49999,0.499995,0.499997,0.499999,0.499999,0.5,0.5,0.5,0.5,0.5,0.5,0.5,0.5
0.5,0.5,0.5,0.5,0.5,0.5,0.5,0.5,0.5,0.499999,0.499999,0.499997,0.499994,0.49999,0.499981,0.499967,0.499944,0.499908,0.499855,0.499779,0.499674,0.499535,0.499358,0.499143,0.498892,0.498613,0.498319,0.498028,0.49776,0.497535,0.497373,0.497288,0.497288,0.497373,0.497535,0.49776,0.498028,0.498319,0.498613,0.498892,0.499143,0.499358,0.499535,0.499674,0.499779,0.499855,0.499908,0.499944,0.499967,0.499981,0.49999,0.499994,0.499997,0.499999,0.499999,0.5,0.5,0.5,0.5,0.5,0.5,0.5,0.5,0.5
0.5,0.5,0.5,0.5,0.5,0.5,0.5,0.5,0.5,0.5,0.499999,0.499999,0.499997,0.499995,0.49999,0.499983,0.499971,0.499952,0.499924,0.499884,0.499829,0.499755,0.499662,0.499547,0.499413,0.499265,0.499108,0.498952,0.498808,0.498688,0.498601,0.498555,0.498555,0.498601,0.498688,0.498808,0.498952,0.499108,0.499265,0.499413,0.499547,0.499662,0.499755,0.499829,0.499884,0.499924,0.499952,0.499971,0.499983,0.49999,0.499995,0.499997,0.499999,0.499999,0.5,0.5,0.5,0.5,0.5,0.5,0.5,0.5,0.5,0.5
0.5,0.5,0.5,0.5,0.5,0.5,0.5,0.5,0.5,0.5,0.5,0.499999,0.499999,0.499997,0.499995,0.499991,0.499985,0.499976,0.499962,0.499941,0.499913,0.499876,0.499828,0.499769,0.4997,0.499624,0.499543,0.499463,0.499388,0.499326,0.499281,0.499257,0.499257,0.499281,0.499326,0.499388,0.499463,0.499543,0.499624,0.4997,0.499769,0.499828,0.499876,0.499913,0.499941,0.499962,0.499976,0.499985,0.499991,0.499995,0.499997,0.499999,0.499999,0.5,0.5,0.5,0.5,0.5,0.5,0.5,0.5,0.5,0.5,0.5
0.5,0.5,0.5,0.5,0.5,0.5,0.5,0.5,0.5,0.5,0.5,0.5,0.499999,0.499999,0.499998,0.499996,0.499993,0.499988,0.499981,0.499971,0.499958,0.499939,0.499915,0.499886,0.499852,0.499814,0.499774,0.499734,0.499697,0.499666,0.499643,0.499632,0.499632,0.499643,0.499666,0.499697,0.499734,0.499774,0.499814,0.499852,0.499886,0.499915,0.499939,0.499958,0.499971,0.499981,0.499988,0.499993,0.499996,0.499998,0.499999,0.499999,0.5,0.5,0.5,0.5,0.5,0.5,0.5,0.5,0.5,0.5,0.5,0.5
0.5,0.5,0.5,0.5,0.5,0.5,0.5,0.5,0.5,0.5,0.5,0.5,0.5,0.499999,0.499999,0.499998,0.499997,0.499995,0.499991,0.499987,0.49998,0.499971,0.49996,0.499946,0.49993,0.499912,0.499892,0.499873,0.499855,0.49984,0.499829,0.499824,0.499824,0.499829,0.49984,0.499855,0.499873,0.499892,0.499912,0.49993,0.499946,0.49996,0.499971,0.49998,0.499987,0.499991,0.499995,0.499997,0.499998,0.499999,0.499999,0.5,0.5,0.5,0.5,0.5,0.5,0.5,0.5,0.5,0.5,0.5,0.5,0.5
0.5,0.5,0.5,0.5,0.5,0.5,0.5,0.5,0.5,0.5,0.5,0.5,0.5,0.5,0.5,0.499999,0.499998,0.499998,0.499996,0.499994,0.499991,0.499987,0.499982,0.499975,0.499968,0.499959,0.49995,0.499942,0.499933,0.499926,0.499921,0.499919,0.499919,0.499921,0.499926,0.499933,0.499942,0.49995,0.499959,0.499968,0.499975,0.499982,0.499987,0.499991,0.499994,0.499996,0.499998,0.499998,0.499999,0.5,0.5,0.5,0.5,0.5,0.5,0.5,0.5,0.5,0.5,0.5,0.5,0.5,0.5,0.5
0.5,0.5,0.5,0.5,0.5,0.5,0.5,0.5,0.5,0.5,0.5,0.5,0.5,0.5,0.5,0.5,0.499999,0.499999,0.499998,0.499997,0.499996,0.499994,0.499992,0.499989,0.499986,0.499982,0.499978,0.499974,0.49997,0.499967,0.499965,0.499964,0.499964,0.499965,0.499967,0.49997,0.499974,0.499978,0.499982,0.499986,0.499989,0.499992,0.499994,0.499996,0.499997,0.499998,0.499999,0.499999,0.5,0.5,0.5,0.5,0.5,0.5,0.5,0.5,0.5,0.5,0.5,0.5,0.5,0.5,0.5,0.5
0.5,0.5,0.5,0.5,0.5,0.5,0.5,0.5,0.5,0.5,0.5,0.5,0.5,0.5,0.5,0.5,0.5,0.5,0.499999,0.499999,0.499998,0.499998,0.499997,0.499995,0.499994,0.499992,0.499991,0.499989,0.499987,0.499986,0.499985,0.499984,0.499984,0.499985,0.499986,0.499987,0.499989,0.499991,0.499992,0.499994,0.499995,0.499997,0.499998,0.499998,0.499999,0.499999,0.5,0.5,0.5,0.5,0.5,0.5,0.5,0.5,0.5,0.5,0.5,0.5,0.5,0.5,0.5,0.5,0.5,0.5
0.5,0.5,0.5,0.5,0.5,0.5,0.5,0.5,0.5,0.5,0.5,0.5,0.5,0.5,0.5,0.5,0.5,0.5,0.5,0.5,0.499999,0.499999,0.499999,0.499998,0.499997,0.499997,0.499996,0.499995,0.499995,0.499994,0.499994,0.499994,0.499994,0.499994,0.499994,0.499995,0.499995,0.499996,0.499997,0.499997,0.499998,0.499999,0.499999,0.499999,0.5,0.5,0.5,0.5,0.5,0.5,0.5,0.5,0.5,0.5,0.5,0.5,0.5,0.5,0.5,0.5,0.5,0.5,0.5,0.5
0.5,0.5,0.5,0.5,0.5,0.5,0.5,0.5,0.5,0.5,0.5,0.5,0.5,0.5,0.5,0.5,0.5,0.5,0.5,0.5,0.5,0.5,0.499999,0.499999,0.499999,0.499999,0.499998,0.499998,0.499998,0.499998,0.499998,0.499997,0.499997,0.499998,0.499998,0.499998,0.499998,0.499998,0.499999,0.499999,0.499999,0.499999,0.5,0.5,0.5,0.5,0.5,0.5,0.5,0.5,0.5,0.5,0.5,0.5,0.5,0.5,0.5,0.5,0.5,0.5,0.5,0.5,0.5,0.5
0.5,0.5,0.5,0.5,0.5,0.5,0.5,0.5,0.5,0.5,0.5,0.5,0.5,0.5,0.5,0.5,0.5,0.5,0.5,0.5,0.5,0.5,0.5,0.5,0.5,0.499999,0.499999,0.499999,0.499999,0.499999,0.499999,0.499999,0.499999,0.499999,0.499999,0.499999,0.499999,0.499999,0.499999,0.5,0.5,0.5,0.5,0.5,0.5,0.5,0.5,0.5,0.5,0.5,0.5,0.5,0.5,0.5,0.5,0.5,0.5,0.5,0.5,0.5,0.5,0.5,0.5,0.5
0.5,0.5,0.5,0.5,0.5,0.5,0.5,0.5,0.5,0.5,0.5,0.5,0.5,0.5,0.5,0.5,0.5,0.5,0.5,0.5,0.5,0.5,0.5,0.5,0.5,0.5,0.5,0.5,0.5,0.5,0.5,0.5,0.5,0.5,0.5,0.5,0.5,0.5,0.5,0.5,0.5,0.5,0.5,0.5,0.5,0.5,0.5,0.5,0.5,0.5,0.5,0.5,0.5,0.5,0.5,0.5,0.5,0.5,0.5,0.5,0.5,0.5,0.5,0.5
0.5,0.5,0.5,0.5,0.5,0.5,0.5,0.5,0.5,0.5,0.5,0.5,0.5,0.5,0.5,0.5,0.5,0.5,0.5,0.5,0.5,0.5,0.5,0.5,0.5,0.5,0.5,0.5,0.5,0.5,0.5,0.5,0.5,0.5,0.5,0.5,0.5,0.5,0.5,0.5,0.5,0.5,0.5,0.5,0.5,0.5,0.5,0.5,0.5,0.5,0.5,0.5,0.5,0.5,0.5,0.5,0.5,0.5,0.5,0.5,0.5,0.5,0.5,0.5
