0.5,0.5,0.5,0.5,0.5,0.5,0.5,0.499999,0.499999,0.499997,0.499995,0.499992,0.499987,0.49998,0.499969,0.499953,0.499932,0.499902,0.499864,0.499816,0.499757,0.499686,0.499605,0.499514,0.499417,0.499316,0.499217,0.499124,0.499042,0.498975,0.498928,0.498904,0.498904,0.498928,0.498975,0.499042,0.499124,0.499217,0.499316,0.499417,0.499514,0.499605,0.499686,0.499757,0.499816,0.499864,0.499902,0.499932,0.499953,0.499969,0.49998,0.499987,0.499992,0.499995,0.499997,0.499999,0.499999,0.5,0.5,0.5,0.5,0.5,0.5,0.5
0.5,0.5,0.5,0.5,0.5,0.5,0.5,0.499999,0.499999,0.499997,0.499995,0.499992,0.499987,0.49998,0.499969,0.499953,0.499932,0.499902,0.499864,0.499816,0.499757,0.499686,0.499605,0.499514,0.499417,0.499316,0.499217,0.499124,0.499042,0.498975,0.498928,0.498904,0.498904,0.498928,0.498975,0.499042,0.499124,0.499217,0.499316,0.499417,0.499514,0.499605,0.499686,0.499757,0.499816,0.499864,0.499902,0.499932,0.499953,0.499969,0.49998,0.499987,0.499992,0.499995,0.499997,0.499999,0.499999,0.5,0.5,0.5,0.5,0.5,0.5,0.5
0.5,0.5,0.5,0.5,0.5,0.5,0.499999,0.499999,0.499998,0.499996,0.499993,0.499988,0.499981,0.49997,0.499953,0.49993,0.499898,0.499855,0.499799,0.499729,0.499644,0.499543,0.499427,0.499299,0.499162,0.49902,0.498881,0.498751,0.498636,0.498544,0.498479,0.498445,0.498445,0.498479,0.498544,0.498636,0.498751,0.498881,0.49902,0.499162,0.499299,0.499427,0.499543,0.499644,0.499729,0.499799,0.499855,0.499898,0.49993,0.499953,0.49997,0.499981,0.499988,0.499993,0.499996,0.499998,0.499999,0.499999,0.5,0.5,0.5,0.5,0.5,0.5
0.5,0.5,0.5,0.5,0.5,0.499999,0.499999,0.499998,0.499996,0.499992,0.499987,0.499978,0.499965,0.499945,0.499916,0.499875,0.499819,0.499744,0.499648,0.499529,0.499383,0.499213,0.499019,0.498805,0.498578,0.498345,0.498117,0.497904,0.497717,0.497566,0.497461,0.497406,0.497406,0.497461,0.497566,0.497717,0.497904,0.498117,0.498345,0.498578,0.498805,0.499019,0.499213,0.499383,0.499529,0.499648,0.499744,0.499819,0.499875,0.499916,0.499945,0.499965,0.499978,0.499987,0.499992,0.499996,0.499998,0.499999,0.499999,0.5,0.5,0.5,0.5,0.5
0.5,0.5,0.5,0.5,0.499999,0.499999,0.499997,0.499995,0.499991,0.499985,0.499975,0.499959,0.499934,0.499897,0.499843,0.499769,0.499668,0.499535,0.499365,0.499153,0.498899,0.498602,0.498267,0.497899,0.497511,0.497115,0.496729,0.49637,0.496056,0.495804,0.495627,0.495536,0.495536,0.495627,0.495804,0.496056,0.49637,0.496729,0.497115,0.497511,0.497899,0.498267,0.498602,0.498899,0.499153,0.499365,0.499535,0.499668,0.499769,0.499843,0.499897,0.499934,0.499959,0.499975,0.499985,0.499991,0.499995,0.499997,0.499999,0.499999,0.5,0.5,0.5,0.5
0.5,0.5,0.5,0.499999,0.499999,0.499997,0.499995,0.499991,0.499984,0.499972,0.499953,0.499923,0.499877,0.49981,0.499714,0.499581,0.499402,0.499168,0.49887,0.498504,0.498065,0.497557,0.496987,0.496366,0.495713,0.495051,0.494408,0.493813,0.493294,0.492878,0.492587,0.492438,0.492438,0.492587,0.492878,0.493294,0.493813,0.494408,0.495051,0.495713,0.496366,0.496987,0.497557,0.498065,0.498504,0.49887,0.499168,0.499402,0.499581,0.499714,0.49981,0.499877,0.499923,0.499953,0.499972,0.499984,0.499991,0.499995,0.499997,0.499999,0.499999,0.5,0.5,0.5
0.5,0.5,0.499999,0.499999,0.499997,0.499995,0.499991,0.499983,0.49997,0.499948,0.499914,0.49986,0.499779,0.499661,0.499493,0.499262,0.498952,0.498551,0.498046,0.497428,0.496695,0.495851,0.494909,0.49389,0.492825,0.491753,0.490715,0.489758,0.488927,0.488262,0.487799,0.487561,0.487561,0.487799,0.488262,0.488927,0.489758,0.490715,0.491753,0.492825,0.49389,0.494909,0.495851,0.496695,0.497428,0.498046,0.498551,0.498952,0.499262,0.499493,0.499661,0.499779,0.49986,0.499914,0.499948,0.49997,0.499983,0.499991,0.499995,0.499997,0.499999,0.499999,0.5,0.5
0.499999,0.499999,0.499999,0.499998,0.499995,0.499991,0.499983,0.499969,0.499946,0.499908,0.499847,0.499754,0.499614,0.499411,0.499126,0.498736,0.498219,0.497554,0.496723,0.495715,0.494527,0.49317,0.491665,0.49005,0.488372,0.486692,0.485074,0.483589,0.482304,0.48128,0.480568,0.480202,0.480202,0.480568,0.48128,0.482304,0.483589,0.485074,0.486692,0.488372,0.49005,0.491665,0.49317,0.494527,0.495715,0.496723,0.497554,0.498219,0.498736,0.499126,0.499411,0.499614,0.499754,0.499847,0.499908,0.499946,0.499969,0.499983,0.499991,0.499995,0.499998,0.499999,0.499999,0.499999
0.499999,0.499999,0.499998,0.499996,0.499991,0.499984,0.49997,0.499946,0.499906,0.49984,0.499737,0.49958,0.499346,0.499009,0.498539,0.497902,0.497065,0.495997,0.494673,0.49308,0.49122,0.48911,0.486789,0.484315,0.481763,0.479222,0.47679,0.474568,0.472653,0.471133,0.470077,0.469536,0.469536,0.470077,0.471133,0.472653,0.474568,0.47679,0.479222,0.481763,0.484315,0.486789,0.48911,0.49122,0.49308,0.494673,0.495997,0.497065,0.497902,0.498539,0.499009,0.499346,0.49958,0.499737,0.49984,0.499906,0.499946,0.49997,0.499984,0.499991,0.499996,0.499998,0.499999,0.499999
0.499997,0.499997,0.499996,0.499992,0.499985,0.499972,0.499948,0.499908,0.49984,0.499732,0.499561,0.499303,0.498922,0.49838,0.497629,0.496621,0.495308,0.493646,0.491605,0.489171,0.486351,0.483181,0.479723,0.476064,0.472317,0.468611,0.465086,0.461883,0.459135,0.45696,0.455454,0.454684,0.454684,0.455454,0.45696,0.459135,0.461883,0.465086,0.468611,0.472317,0.476064,0.479723,0.483181,0.486351,0.489171,0.491605,0.493646,0.495308,0.496621,0.497629,0.49838,0.498922,0.499303,0.499561,0.499732,0.49984,0.499908,0.499948,0.499972,0.499985,0.499992,0.499996,0.499997,0.499997
0.499995,0.499995,0.499993,0.499987,0.499975,0.499953,0.499914,0.499847,0.499737,0.499561,0.499288,0.498876,0.498277,0.497428,0.496265,0.494718,0.49272,0.490216,0.487169,0.483568,0.479436,0.474831,0.469851,0.464627,0.459319,0.454108,0.449184,0.444735,0.440938,0.437945,0.435878,0.434823,0.434823,0.435878,0.437945,0.440938,0.444735,0.449184,0.454108,0.459319,0.464627,0.469851,0.474831,0.479436,0.483568,0.487169,0.490216,0.49272,0.494718,0.496265,0.497428,0.498277,0.498876,0.499288,0.499561,0.499737,0.499847,0.499914,0.499953,0.499975,0.499987,0.499993,0.499995,0.499995
0.499992,0.499992,0.499988,0.499978,0.499959,0.499923,0.49986,0.499754,0.49958,0.499303,0.498876,0.498241,0.497322,0.496035,0.494286,0.491982,0.489035,0.485378,0.480971,0.475815,0.469956,0.463489,0.456561,0.449359,0.442104,0.435039,0.428412,0.422463,0.417413,0.41345,0.410723,0.409334,0.409334,0.410723,0.41345,0.417413,0.422463,0.428412,0.435039,0.442104,0.449359,0.456561,0.463489,0.469956,0.475815,0.480971,0.485378,0.489035,0.491982,0.494286,0.496035,0.497322,0.498241,0.498876,0.499303,0.49958,0.499754,0.49986,0.499923,0.499959,0.499978,0.499988,0.499992,0.499992
0.499987,0.499987,0.499981,0.499965,0.499934,0.499877,0.499779,0.499614,0.499346,0.498922,0.498277,0.497322,0.495955,0.494058,0.491506,0.488175,0.483959,0.478781,0.472605,0.465454,0.457414,0.448632,0.439318,0.429731,0.420166,0.410933,0.402342,0.394686,0.388227,0.383184,0.379726,0.377968,0.377968,0.379726,0.383184,0.388227,0.394686,0.402342,0.410933,0.420166,0.429731,0.439318,0.448632,0.457414,0.465454,0.472605,0.478781,0.483959,0.488175,0.491506,0.494058,0.495955,0.497322,0.498277,0.498922,0.499346,0.499614,0.499779,0.499877,0.499934,0.499965,0.499981,0.499987,0.499987
0.49998,0.49998,0.49997,0.499945,0.499897,0.49981,0.499661,0.499411,0.499009,0.49838,0.497428,0.496035,0.494058,0.491341,0.487722,0.483048,0.477193,0.470079,0.461689,0.452082,0.441399,0.429862,0.417762,0.405442,0.393276,0.381648,0.370927,0.361451,0.353511,0.347347,0.343137,0.341003,0.341003,0.343137,0.347347,0.353511,0.361451,0.370927,0.381648,0.393276,0.405442,0.417762,0.429862,0.441399,0.452082,0.461689,0.470079,0.477193,0.483048,0.487722,0.491341,0.494058,0.496035,0.497428,0.49838,0.499009,0.499411,0.499661,0.49981,0.499897,0.499945,0.49997,0.49998,0.49998
0.499969,0.499969,0.499953,0.499916,0.499843,0.499714,0.499493,0.499126,0.498539,0.497629,0.496265,0.494286,0.491506,0.487722,0.482733,0.476359,0.468464,0.458978,0.44792,0.435408,0.421664,0.406999,0.391803,0.376514,0.361591,0.347484,0.33461,0.323335,0.313964,0.306735,0.301823,0.29934,0.29934,0.301823,0.306735,0.313964,0.323335,0.33461,0.347484,0.361591,0.376514,0.391803,0.406999,0.421664,0.435408,0.44792,0.458978,0.468464,0.476359,0.482733,0.487722,0.491506,0.494286,0.496265,0.497629,0.498539,0.499126,0.499493,0.499714,0.499843,0.499916,0.499953,0.499969,0.499969
0.499953,0.499953,0.49993,0.499875,0.499769,0.499581,0.499262,0.498736,0.497902,0.496621,0.494718,0.491982,0.488175,0.483048,0.476359,0.467908,0.457559,0.445273,0.431128,0.415325,0.398188,0.380143,0.361692,0.343372,0.32572,0.309239,0.294374,0.281494,0.270888,0.262769,0.257282,0.254518,0.254518,0.257282,0.262769,0.270888,0.281494,0.294374,0.309239,0.32572,0.343372,0.361692,0.380143,0.398188,0.415325,0.431128,0.445273,0.457559,0.467908,0.476359,0.483048,0.488175,0.491982,0.494718,0.496621,0.497902,0.498736,0.499262,0.499581,0.499769,0.499875,0.49993,0.499953,0.499953
0.499932,0.499932,0.499898,0.499819,0.499668,0.499402,0.498952,0.498219,0.497065,0.495308,0.49272,0.489035,0.483959,0.477193,0.468464,0.457559,0.444365,0.428898,0.41132,0.391946,0.37123,0.349728,0.32806,0.306861,0.286731,0.268202,0.251715,0.237606,0.226115,0.217399,0.21155,0.208615,0.208615,0.21155,0.217399,0.226115,0.237606,0.251715,0.268202,0.286731,0.306861,0.32806,0.349728,0.37123,0.391946,0.41132,0.428898,0.444365,0.457559,0.468464,0.477193,0.483959,0.489035,0.49272,0.495308,0.497065,0.498219,0.498952,0.499402,0.499668,0.499819,0.499898,0.499932,0.499932
0.499902,0.499902,0.499855,0.499744,0.499535,0.499168,0.498551,0.497554,0.495997,0.493646,0.490216,0.485378,0.478781,0.470079,0.458978,0.445273,0.428898,0.40995,0.388713,0.365643,0.341343,0.316515,0.291898,0.268207,0.246083,0.226052,0.20851,0.193722,0.181837,0.172923,0.166991,0.164031,0.164031,0.166991,0.172923,0.181837,0.193722,0.20851,0.226052,0.246083,0.268207,0.291898,0.316515,0.341343,0.365643,0.388713,0.40995,0.428898,0.445273,0.458978,0.470079,0.478781,0.485378,0.490216,0.493646,0.495997,0.497554,0.498551,0.499168,0.499535,0.499744,0.499855,0.499902,0.499902
0.499864,0.499864,0.499799,0.499648,0.499365,0.49887,0.498046,0.496723,0.494673,0.491605,0.487169,0.480971,0.472605,0.461689,0.44792,0.431128,0.41132,0.388713,0.36374,0.337028,0.309348,0.281549,0.254478,0.228909,0.205487,0.184689,0.166821,0.152032,0.140344,0.131702,0.126015,0.123197,0.123197,0.126015,0.131702,0.140344,0.152032,0.166821,0.184689,0.205487,0.228909,0.254478,0.281549,0.309348,0.337028,0.36374,0.388713,0.41132,0.431128,0.44792,0.461689,0.472605,0.480971,0.487169,0.491605,0.494673,0.496723,0.498046,0.49887,0.499365,0.499648,0.499799,0.499864,0.499864
0.499816,0.499816,0.499729,0.499529,0.499153,0.498504,0.497428,0.495715,0.49308,0.489171,0.483568,0.475815,0.465454,0.452082,0.435408,0.415325,0.391946,0.365643,0.337028,0.30692,0.276267,0.246058,0.21723,0.19058,0.166712,0.146008,0.128638,0.114593,0.103736,0.095861,0.090757,0.0882523,0.0882523,0.090757,0.095861,0.103736,0.114593,0.128638,0.146008,0.166712,0.19058,0.21723,0.246058,0.276267,0.30692,0.337028,0.365643,0.391946,0.415325,0.435408,0.452082,0.465454,0.475815,0.483568,0.489171,0.49308,0.495715,0.497428,0.498504,0.499153,0.499529,0.499729,0.499816,0.499816
0.499757,0.499757,0.499644,0.499383,0.498899,0.498065,0.496695,0.494527,0.49122,0.486351,0.479436,0.469956,0.457414,0.441399,0.421664,0.398188,0.37123,0.341343,0.309348,0.276267,0.243224,0.211333,0.181585,0.154761,0.131375,0.111668,0.0956326,0.0830654,0.0736438,0.0669998,0.0627912,0.060757,0.060757,0.0627912,0.0669998,0.0736438,0.0830654,0.0956326,0.111668,0.131375,0.154761,0.181585,0.211333,0.243224,0.276267,0.309348,0.341343,0.37123,0.398188,0.421664,0.441399,0.457414,0.469956,0.479436,0.486351,0.49122,0.494527,0.496695,0.498065,0.498899,0.499383,0.499644,0.499757,0.499757
0.499686,0.499686,0.499543,0.499213,0.498602,0.497557,0.495851,0.49317,0.48911,0.483181,0.474831,0.463489,0.448632,0.429862,0.406999,0.380143,0.349728,0.316515,0.281549,0.246058,0.211333,0.178583,0.148815,0.122745,0.100754,0.0828966,0.0689531,0.0585061,0.0510346,0.0460032,0.0429413,0.041502,0.041502,0.0429413,0.0460032,0.0510346,0.0585061,0.0689531,0.0828966,0.100754,0.122745,0.148815,0.178583,0.211333,0.246058,0.281549,0.316515,0.349728,0.380143,0.406999,0.429862,0.448632,0.463489,0.474831,0.483181,0.48911,0.49317,0.495851,0.497557,0.498602,0.499213,0.499543,0.499686,0.499686
0.499605,0.499605,0.499427,0.499019,0.498267,0.496987,0.494909,0.491665,0.486789,0.479723,0.469851,0.456561,0.439318,0.417762,0.391803,0.361692,0.32806,0.291898,0.254478,0.21723,0.181585,0.148815,0.119899,0.0954425,0.07565,0.0603579,0.0491124,0.0412726,0.0361208,0.0329636,0.0312136,0.0304485,0.0304485,0.0312136,0.0329636,0.0361208,0.0412726,0.0491124,0.0603579,0.07565,0.0954425,0.119899,0.148815,0.181585,0.21723,0.254478,0.291898,0.32806,0.361692,0.391803,0.417762,0.439318,0.456561,0.469851,0.479723,0.486789,0.491665,0.494909,0.496987,0.498267,0.499019,0.499427,0.499605,0.499605
0.499514,0.499514,0.499299,0.498805,0.497899,0.496366,0.49389,0.49005,0.484315,0.476064,0.464627,0.449359,0.429731,0.405442,0.376514,0.343372,0.306861,0.268207,0.228909,0.19058,0.154761,0.122745,0.0954425,0.0733077,0.0563355,0.0441228,0.0359753,0.0310332,0.0283973,0.0272357,0.0268647,0.0268029,0.0268029,0.0268647,0.0272357,0.0283973,0.0310332,0.0359753,0.0441228,0.0563355,0.0733077,0.0954425,0.122745,0.154761,0.19058,0.228909,0.268207,0.306861,0.343372,0.376514,0.405442,0.429731,0.449359,0.464627,0.476064,0.484315,0.49005,0.49389,0.496366,0.497899,0.498805,0.499299,0.499514,0.499514
0.499417,0.499417,0.499162,0.498578,0.497511,0.495713,0.492825,0.488372,0.481763,0.472317,0.459319,0.442104,0.420166,0.393276,0.361591,0.32572,0.286731,0.246083,0.205487,0.166712,0.131375,0.100754,0.07565,0.0563355,0.0425753,0.0337206,0.0288427,0.0268813,0.0267804,0.0275972,0.0285774,0.0291999,0.0291999,0.0285774,0.0275972,0.0267804,0.0268813,0.0288427,0.0337206,0.0425753,0.0563355,0.07565,0.100754,0.131375,0.166712,0.205487,0.246083,0.286731,0.32572,0.361591,0.393276,0.420166,0.442104,0.459319,0.472317,0.481763,0.488372,0.492825,0.495713,0.497511,0.498578,0.499162,0.499417,0.499417
0.499316,0.499316,0.49902,0.498345,0.497115,0.495051,0.491753,0.486692,0.479222,0.468611,0.454108,0.435039,0.410933,0.381648,0.347484,0.309239,0.268202,0.226052,0.184689,0.146008,0.111668,0.0828966,0.0603579,0.0441228,0.0337206,0.0282632,0.0266068,0.0275172,0.0298131,0.0324721,0.034696,0.0359438,0.0359438,0.034696,0.0324721,0.0298131,0.0275172,0.0266068,0.0282632,0.0337206,0.0441228,0.0603579,0.0828966,0.111668,0.146008,0.184689,0.226052,0.268202,0.309239,0.347484,0.381648,0.410933,0.435039,0.454108,0.468611,0.479222,0.486692,0.491753,0.495051,0.497115,0.498345,0.49902,0.499316,0.499316
0.499217,0.499217,0.498881,0.498117,0.496729,0.494408,0.490715,0.485074,0.47679,0.465086,0.449184,0.428412,0.402342,0.370927,0.33461,0.294374,0.251715,0.20851,0.166821,0.128638,0.0956326,0.0689531,0.0491124,0.0359753,0.0288427,0.0266068,0.0279357,0.0314538,0.0358875,0.040165,0.0434688,0.0452556,0.0452556,0.0434688,0.040165,0.0358875,0.0314538,0.0279357,0.0266068,0.0288427,0.0359753,0.0491124,0.0689531,0.0956326,0.128638,0.166821,0.20851,0.251715,0.294374,0.33461,0.370927,0.402342,0.428412,0.449184,0.465086,0.47679,0.485074,0.490715,0.494408,0.496729,0.498117,0.498881,0.499217,0.499217
0.499124,0.499124,0.498751,0.497904,0.49637,0.493813,0.489758,0.483589,0.474568,0.461883,0.444735,0.422463,0.394686,0.361451,0.323335,0.281494,0.237606,0.193722,0.152032,0.114593,0.0830654,0.0585061,0.0412726,0.0310332,0.0268813,0.0275172,0.0314538,0.0372071,0.043442,0.0490625,0.0532521,0.0554774,0.0554774,0.0532521,0.0490625,0.043442,0.0372071,0.0314538,0.0275172,0.0268813,0.0310332,0.0412726,0.0585061,0.0830654,0.114593,0.152032,0.193722,0.237606,0.281494,0.323335,0.361451,0.394686,0.422463,0.444735,0.461883,0.474568,0.483589,0.489758,0.493813,0.49637,0.497904,0.498751,0.499124,0.499124
0.499042,0.499042,0.498636,0.497717,0.496056,0.493294,0.488927,0.482304,0.472653,0.459135,0.440938,0.417413,0.388227,0.353511,0.313964,0.270888,0.226115,0.181837,0.140344,0.103736,0.0736438,0.0510346,0.0361208,0.0283973,0.0267804,0.0298131,0.0358875,0.043442,0.0511045,0.0577741,0.0626471,0.0652082,0.0652082,0.0626471,0.0577741,0.0511045,0.043442,0.0358875,0.0298131,0.0267804,0.0283973,0.0361208,0.0510346,0.0736438,0.103736,0.140344,0.181837,0.226115,0.270888,0.313964,0.353511,0.388227,0.417413,0.440938,0.459135,0.472653,0.482304,0.488927,0.493294,0.496056,0.497717,0.498636,0.499042,0.499042
0.498975,0.498975,0.498544,0.497566,0.495804,0.492878,0.488262,0.48128,0.471133,0.45696,0.437945,0.41345,0.383184,0.347347,0.306735,0.262769,0.217399,0.172923,0.131702,0.095861,0.0669998,0.0460032,0.0329636,0.0272357,0.0275972,0.0324721,0.040165,0.0490625,0.0577741,0.0652039,0.0705667,0.0733666,0.0733666,0.0705667,0.0652039,0.0577741,0.0490625,0.040165,0.0324721,0.0275972,0.0272357,0.0329636,0.0460032,0.0669998,0.095861,0.131702,0.172923,0.217399,0.262769,0.306735,0.347347,0.383184,0.41345,0.437945,0.45696,0.471133,0.48128,0.488262,0.492878,0.495804,0.497566,0.498544,0.498975,0.498975
0.498928,0.498928,0.498479,0.497461,0.495627,0.492587,0.487799,0.480568,0.470077,0.455454,0.435878,0.410723,0.379726,0.343137,0.301823,0.257282,0.21155,0.166991,0.126015,0.090757,0.0627912,0.0429413,0.0312136,0.0268647,0.0285774,0.034696,0.0434688,0.0532521,0.0626471,0.0705667,0.0762418,0.079193,0.079193,0.0762418,0.0705667,0.0626471,0.0532521,0.0434688,0.034696,0.0285774,0.0268647,0.0312136,0.0429413,0.0627912,0.090757,0.126015,0.166991,0.21155,0.257282,0.301823,0.343137,0.379726,0.410723,0.435878,0.455454,0.470077,0.480568,0.487799,0.492587,0.495627,0.497461,0.498479,0.498928,0.498928
0.498904,0.498904,0.498445,0.497406,0.495536,0.492438,0.487561,0.480202,0.469536,0.454684,0.434823,0.409334,0.377968,0.341003,0.29934,0.254518,0.208615,0.164031,0.123197,0.0882523,0.060757,0.041502,0.0304485,0.0268029,0.0291999,0.0359438,0.0452556,0.0554774,0.0652082,0.0733666,0.079193,0.0822172,0.0822172,0.079193,0.0733666,0.0652082,0.0554774,0.0452556,0.0359438,0.0291999,0.0268029,0.0304485,0.041502,0.060757,0.0882523,0.123197,0.164031,0.208615,0.254518,0.29934,0.341003,0.377968,0.409334,0.434823,0.454684,0.469536,0.480202,0.487561,0.492438,0.495536,0.497406,0.498445,0.498904,0.498904
0.498904,0.498904,0.498445,0.497406,0.495536,0.492438,0.487561,0.480202,0.469536,0.454684,0.434823,0.409334,0.377968,0.341003,0.29934,0.254518,0.208615,0.164031,0.123197,0.0882523,0.060757,0.041502,0.0304485,0.0268029,0.0291999,0.0359438,0.0452556,0.0554774,0.0652082,0.0733666,0.079193,0.0822172,0.0822172,0.079193,0.0733666,0.0652082,0.0554774,0.0452556,0.0359438,0.0291999,0.0268029,0.0304485,0.041502,0.060757,0.0882523,0.123197,0.164031,0.208615,0.254518,0.29934,0.341003,0.377968,0.409334,0.434823,0.454684,0.469536,0.480202,0.487561,0.492438,0.495536,0.497406,0.498445,0.498904,0.498904
0.498928,0.498928,0.498479,0.497461,0.495627,0.492587,0.487799,0.480568,0.470077,0.455454,0.435878,0.410723,0.379726,0.343137,0.301823,0.257282,0.21155,0.166991,0.126015,0.090757,0.0627912,0.0429413,0.0312136,0.0268647,0.0285774,0.034696,0.0434688,0.0532521,0.0626471,0.0705667,0.0762418,0.079193,0.079193,0.0762418,0.0705667,0.0626471,0.0532521,0.0434688,0.034696,0.0285774,0.0268647,0.0312136,0.0429413,0.0627912,0.090757,0.126015,0.166991,0.21155,0.257282,0.301823,0.343137,0.379726,0.410723,0.435878,0.455454,0.470077,0.480568,0.487799,0.492587,0.495627,0.497461,0.498479,0.498928,0.498928
0.498975,0.498975,0.498544,0.497566,0.495804,0.492878,0.488262,0.48128,0.471133,0.45696,0.437945,0.41345,0.383184,0.347347,0.306735,0.262769,0.217399,0.172923,0.131702,0.095861,0.0669998,0.0460032,0.0329636,0.0272357,0.0275972,0.0324721,0.040165,0.0490625,0.0577741,0.0652039,0.0705667,0.0733666,0.0733666,0.0705667,0.0652039,0.0577741,0.0490625,0.040165,0.0324721,0.0275972,0.0272357,0.0329636,0.0460032,0.0669998,0.095861,0.131702,0.172923,0.217399,0.262769,0.306735,0.347347,0.383184,0.41345,0.437945,0.45696,0.471133,0.48128,0.488262,0.492878,0.495804,0.497566,0.498544,0.498975,0.498975
0.499042,0.499042,0.498636,0.497717,0.496056,0.493294,0.488927,0.482304,0.472653,0.459135,0.440938,0.417413,0.388227,0.353511,0.313964,0.270888,0.226115,0.181837,0.140344,0.103736,0.0736438,0.0510346,0.0361208,0.0283973,0.0267804,0.0298131,0.0358875,0.043442,0.0511045,0.0577741,0.0626471,0.0652082,0.0652082,0.0626471,0.0577741,0.0511045,0.043442,0.0358875,0.0298131,0.0267804,0.0283973,0.0361208,0.0510346,0.0736438,0.103736,0.140344,0.181837,0.226115,0.270888,0.313964,0.353511,0.388227,0.417413,0.440938,0.459135,0.472653,0.482304,0.488927,0.493294,0.496056,0.497717,0.498636,0.499042,0.499042
0.499124,0.499124,0.498751,0.497904,0.49637,0.493813,0.489758,0.483589,0.474568,0.461883,0.444735,0.422463,0.394686,0.361451,0.323335,0.281494,0.237606,0.193722,0.152032,0.114593,0.0830654,0.0585061,0.0412726,0.0310332,0.0268813,0.0275172,0.0314538,0.0372071,0.043442,0.0490625,0.0532521,0.0554774,0.0554774,0.0532521,0.0490625,0.043442,0.0372071,0.0314538,0.0275172,0.0268813,0.0310332,0.0412726,0.0585061,0.0830654,0.114593,0.152032,0.193722,0.237606,0.281494,0.323335,0.361451,0.394686,0.422463,0.444735,0.461883,0.474568,0.483589,0.489758,0.493813,0.49637,0.497904,0.498751,0.499124,0.499124
0.499217,0.499217,0.498881,0.498117,0.496729,0.494408,0.490715,0.485074,0.47679,0.465086,0.449184,0.428412,0.402342,0.370927,0.33461,0.294374,0.251715,0.20851,0.166821,0.128638,0.0956326,0.0689531,0.0491124,0.0359753,0.0288427,0.0266068,0.0279357,0.0314538,0.0358875,0.040165,0.0434688,0.0452556,0.0452556,0.0434688,0.040165,0.0358875,0.0314538,0.0279357,0.0266068,0.0288427,0.0359753,0.0491124,0.0689531,0.0956326,0.128638,0.166821,0.20851,0.251715,0.294374,0.33461,0.370927,0.402342,0.428412,0.449184,0.465086,0.47679,0.485074,0.490715,0.494408,0.496729,0.498117,0.498881,0.499217,0.499217
0.499316,0.499316,0.49902,0.498345,0.497115,0.495051,0.491753,0.486692,0.479222,0.468611,0.454108,0.435039,0.410933,0.381648,0.347484,0.309239,0.268202,0.226052,0.184689,0.146008,0.111668,0.0828966,0.0603579,0.0441228,0.0337206,0.0282632,0.0266068,0.0275172,0.0298131,0.0324721,0.034696,0.0359438,0.0359438,0.034696,0.0324721,0.0298131,0.0275172,0.0266068,0.0282632,0.0337206,0.0441228,0.0603579,0.0828966,0.111668,0.146008,0.184689,0.226052,0.268202,0.309239,0.347484,0.381648,0.410933,0.435039,0.454108,0.468611,0.479222,0.486692,0.491753,0.495051,0.497115,0.498345,0.49902,0.499316,0.499316
0.499417,0.499417,0.499162,0.498578,0.497511,0.495713,0.492825,0.488372,0.481763,0.472317,0.459319,0.442104,0.420166,0.393276,0.361591,0.32572,0.286731,0.246083,0.205487,0.166712,0.131375,0.100754,0.07565,0.0563355,0.0425753,0.0337206,0.0288427,0.0268813,0.0267804,0.0275972,0.0285774,0.0291999,0.0291999,0.0285774,0.0275972,0.0267804,0.0268813,0.0288427,0.0337206,0.0425753,0.0563355,0.07565,0.100754,0.131375,0.166712,0.205487,0.246083,0.286731,0.32572,0.361591,0.393276,0.420166,0.442104,0.459319,0.472317,0.481763,0.488372,0.492825,0.495713,0.497511,0.498578,0.499162,0.499417,0.499417
0.499514,0.499514,0.499299,0.498805,0.497899,0.496366,0.49389,0.49005,0.484315,0.476064,0.464627,0.449359,0.429731,0.405442,0.376514,0.343372,0.306861,0.268207,0.228909,0.19058,0.154761,0.122745,0.0954425,0.0733077,0.0563355,0.0441228,0.0359753,0.0310332,0.0283973,0.0272357,0.0268647,0.0268029,0.0268029,0.0268647,0.0272357,0.0283973,0.0310332,0.0359753,0.0441228,0.0563355,0.0733077,0.0954425,0.122745,0.154761,0.19058,0.228909,0.268207,0.306861,0.343372,0.376514,0.405442,0.429731,0.449359,0.464627,0.476064,0.484315,0.49005,0.49389,0.496366,0.497899,0.498805,0.499299,0.499514,0.499514
0.499605,0.499605,0.499427,0.499019,0.498267,0.496987,0.494909,0.491665,0.486789,0.479723,0.469851,0.456561,0.439318,0.417762,0.391803,0.361692,0.32806,0.291898,0.254478,0.21723,0.181585,0.148815,0.119899,0.0954425,0.07565,0.0603579,0.0491124,0.0412726,0.0361208,0.0329636,0.0312136,0.0304485,0.0304485,0.0312136,0.0329636,0.0361208,0.0412726,0.0491124,0.0603579,0.07565,0.0954425,0.119899,0.148815,0.181585,0.21723,0.254478,0.291898,0.32806,0.361692,0.391803,0.417762,0.439318,0.456561,0.469851,0.479723,0.486789,0.491665,0.494909,0.496987,0.498267,0.499019,0.499427,0.499605,0.499605
0.499686,0.499686,0.499543,0.499213,0.498602,0.497557,0.495851,0.49317,0.48911,0.483181,0.474831,0.463489,0.448632,0.429862,0.406999,0.380143,0.349728,0.316515,0.281549,0.246058,0.211333,0.178583,0.148815,0.122745,0.100754,0.0828966,0.0689531,0.0585061,0.0510346,0.0460032,0.0429413,0.041502,0.041502,0.0429413,0.0460032,0.0510346,0.0585061,0.0689531,0.0828966,0.100754,0.122745,0.148815,0.178583,0.211333,0.246058,0.281549,0.316515,0.349728,0.380143,0.406999,0.429862,0.448632,0.463489,0.474831,0.483181,0.48911,0.49317,0.495851,0.497557,0.498602,0.499213,0.499543,0.499686,0.499686
0.499757,0.499757,0.499644,0.499383,0.498899,0.498065,0.496695,0.494527,0.49122,0.486351,0.479436,0.469956,0.457414,0.441399,0.421664,0.398188,0.37123,0.341343,0.309348,0.276267,0.243224,0.211333,0.181585,0.154761,0.131375,0.111668,0.0956326,0.0830654,0.0736438,0.0669998,0.0627912,0.060757,0.060757,0.0627912,0.0669998,0.0736438,0.0830654,0.0956326,0.111668,0.131375,0.154761,0.181585,0.211333,0.243224,0.276267,0.309348,0.341343,0.37123,0.398188,0.421664,0.441399,0.457414,0.469956,0.479436,0.486351,0.49122,0.494527,0.496695,0.498065,0.498899,0.499383,0.499644,0.499757,0.499757
0.499816,0.499816,0.499729,0.499529,0.499153,0.498504,0.497428,0.495715,0.49308,0.489171,0.483568,0.475815,0.465454,0.452082,0.435408,0.415325,0.391946,0.365643,0.337028,0.30692,0.276267,0.246058,0.21723,0.19058,0.166712,0.146008,0.128638,0.114593,0.103736,0.095861,0.090757,0.0882523,0.0882523,0.090757,0.095861,0.103736,0.114593,0.128638,0.146008,0.166712,0.19058,0.21723,0.246058,0.276267,0.30692,0.337028,0.365643,0.391946,0.415325,0.435408,0.452082,0.465454,0.475815,0.483568,0.489171,0.49308,0.495715,0.497428,0.498504,0.499153,0.499529,0.499729,0.499816,0.499816
0.499864,0.499864,0.499799,0.499648,0.499365,0.49887,0.498046,0.496723,0.494673,0.491605,0.487169,0.480971,0.472605,0.461689,0.44792,0.431128,0.41132,0.388713,0.36374,0.337028,0.309348,0.281549,0.254478,0.228909,0.205487,0.184689,0.166821,0.152032,0.140344,0.131702,0.126015,0.123197,0.123197,0.126015,0.131702,0.140344,0.152032,0.166821,0.184689,0.205487,0.228909,0.254478,0.281549,0.309348,0.337028,0.36374,0.388713,0.41132,0.431128,0.44792,0.461689,0.472605,0.480971,0.487169,0.491605,0.494673,0.496723,0.498046,0.49887,0.499365,0.499648,0.499799,0.499864,0.499864
0.499902,0.499902,0.499855,0.499744,0.499535,0.499168,0.498551,0.497554,0.495997,0.493646,0.490216,0.485378,0.478781,0.470079,0.458978,0.445273,0.428898,0.40995,0.388713,0.365643,0.341343,0.316515,0.291898,0.268207,0.246083,0.226052,0.20851,0.193722,0.181837,0.172923,0.166991,0.164031,0.164031,0.166991,0.172923,0.181837,0.193722,0.20851,0.226052,0.246083,0.268207,0.291898,0.316515,0.341343,0.365643,0.388713,0.40995,0.428898,0.445273,0.458978,0.470079,0.478781,0.485378,0.490216,0.493646,0.495997,0.497554,0.498551,0.499168,0.499535,0.499744,0.499855,0.499902,0.499902
0.499932,0.499932,0.499898,0.499819,0.499668,0.499402,0.498952,0.498219,0.497065,0.495308,0.49272,0.489035,0.483959,0.477193,0.468464,0.457559,0.444365,0.428898,0.41132,0.391946,0.37123,0.349728,0.32806,0.306861,0.286731,0.268202,0.251715,0.237606,0.226115,0.217399,0.21155,0.208615,0.208615,0.21155,0.217399,0.226115,0.237606,0.251715,0.268202,0.286731,0.306861,0.32806,0.349728,0.37123,0.391946,0.41132,0.428898,0.444365,0.457559,0.468464,0.477193,0.483959,0.489035,0.49272,0.495308,0.497065,0.498219,0.498952,0.499402,0.499668,0.499819,0.499898,0.499932,0.499932
0.499953,0.499953,0.49993,0.499875,0.499769,0.499581,0.499262,0.498736,0.497902,0.496621,0.494718,0.491982,0.488175,0.483048,0.476359,0.467908,0.457559,0.445273,0.431128,0.415325,0.398188,0.380143,0.361692,0.343372,0.32572,0.309239,0.294374,0.281494,0.270888,0.262769,0.257282,0.254518,0.254518,0.257282,0.262769,0.270888,0.281494,0.294374,0.309239,0.32572,0.343372,0.361692,0.380143,0.398188,0.415325,0.431128,0.445273,0.457559,0.467908,0.476359,0.483048,0.488175,0.491982,0.494718,0.496621,0.497902,0.498736,0.499262,0.499581,0.499769,0.499875,0.49993,0.499953,0.499953
0.499969,0.499969,0.499953,0.499916,0.499843,0.499714,0.499493,0.499126,0.498539,0.497629,0.496265,0.494286,0.491506,0.487722,0.482733,0.476359,0.468464,0.458978,0.44792,0.435408,0.421664,0.406999,0.391803,0.376514,0.361591,0.347484,0.33461,0.323335,0.313964,0.306735,0.301823,0.29934,0.29934,0.301823,0.306735,0.313964,0.323335,0.33461,0.347484,0.361591,0.376514,0.391803,0.406999,0.421664,0.435408,0.44792,0.458978,0.468464,0.476359,0.482733,0.487722,0.491506,0.494286,0.496265,0.497629,0.498539,0.499126,0.499493,0.499714,0.499843,0.499916,0.499953,0.499969,0.499969
0.49998,0.49998,0.49997,0.499945,0.499897,0.49981,0.499661,0.499411,0.499009,0.49838,0.497428,0.496035,0.494058,0.491341,0.487722,0.483048,0.477193,0.470079,0.461689,0.452082,0.441399,0.429862,0.417762,0.405442,0.393276,0.381648,0.370927,0.361451,0.353511,0.347347,0.343137,0.341003,0.341003,0.343137,0.347347,0.353511,0.361451,0.370927,0.381648,0.393276,0.405442,0.417762,0.429862,0.441399,0.452082,0.461689,0.470079,0.477193,0.483048,0.487722,0.491341,0.494058,0.496035,0.497428,0.49838,0.499009,0.499411,0.499661,0.49981,0.499897,0.499945,0.49997,0.49998,0.49998
0.499987,0.499987,0.499981,0.499965,0.499934,0.499877,0.499779,0.499614,0.499346,0.498922,0.498277,0.497322,0.495955,0.494058,0.491506,0.488175,0.483959,0.478781,0.472605,0.465454,0.457414,0.448632,0.439318,0.429731,0.420166,0.410933,0.402342,0.394686,0.388227,0.383184,0.379726,0.377968,0.377968,0.379726,0.383184,0.388227,0.394686,0.402342,0.410933,0.420166,0.429731,0.439318,0.448632,0.457414,0.465454,0.472605,0.478781,0.483959,0.488175,0.491506,0.494058,0.495955,0.497322,0.498277,0.498922,0.499346,0.499614,0.499779,0.499877,0.499934,0.499965,0.499981,0.499987,0.499987
0.499992,0.499992,0.499988,0.499978,0.499959,0.499923,0.49986,0.499754,0.49958,0.499303,0.498876,0.498241,0.497322,0.496035,0.494286,0.491982,0.489035,0.485378,0.480971,0.475815,0.469956,0.463489,0.456561,0.449359,0.442104,0.435039,0.428412,0.422463,0.417413,0.41345,0.410723,0.409334,0.409334,0.410723,0.41345,0.417413,0.422463,0.428412,0.435039,0.442104,0.449359,0.456561,0.463489,0.469956,0.475815,0.480971,0.485378,0.489035,0.491982,0.494286,0.496035,0.497322,0.498241,0.498876,0.499303,0.49958,0.499754,0.49986,0.499923,0.499959,0.499978,0.499988,0.499992,0.499992
0.499995,0.499995,0.499993,0.499987,0.499975,0.499953,0.499914,0.499847,0.499737,0.499561,0.499288,0.498876,0.498277,0.497428,0.496265,0.494718,0.49272,0.490216,0.487169,0.483568,0.479436,0.474831,0.469851,0.464627,0.459319,0.454108,0.449184,0.444735,0.440938,0.437945,0.435878,0.434823,0.434823,0.435878,0.437945,0.440938,0.444735,0.449184,0.454108,0.459319,0.464627,0.469851,0.474831,0.479436,0.483568,0.487169,0.490216,0.49272,0.494718,0.496265,0.497428,0.498277,0.498876,0.499288,0.499561,0.499737,0.499847,0.499914,0.499953,0.499975,0.499987,0.499993,0.499995,0.499995
0.499997,0.499997,0.499996,0.499992,0.499985,0.499972,0.499948,0.499908,0.49984,0.499732,0.499561,0.499303,0.498922,0.49838,0.497629,0.496621,0.495308,0.493646,0.491605,0.489171,0.486351,0.483181,0.479723,0.476064,0.472317,0.468611,0.465086,0.461883,0.459135,0.45696,0.455454,0.454684,0.454684,0.455454,0.45696,0.459135,0.461883,0.465086,0.468611,0.472317,0.476064,0.479723,0.483181,0.486351,0.489171,0.491605,0.493646,0.495308,0.496621,0.497629,0.49838,0.498922,0.499303,0.499561,0.499732,0.49984,0.499908,0.499948,0.499972,0.499985,0.499992,0.499996,0.499997,0.499997
0.499999,0.499999,0.499998,0.499996,0.499991,0.499984,0.49997,0.499946,0.499906,0.49984,0.499737,0.49958,0.499346,0.499009,0.498539,0.497902,0.497065,0.495997,0.494673,0.49308,0.49122,0.48911,0.486789,0.484315,0.481763,0.479222,0.47679,0.474568,0.472653,0.471133,0.470077,0.469536,0.469536,0.470077,0.471133,0.472653,0.474568,0.47679,0.479222,0.481763,0.484315,0.486789,0.48911,0.49122,0.49308,0.494673,0.495997,0.497065,0.497902,0.498539,0.499009,0.499346,0.49958,0.499737,0.49984,0.499906,0.499946,0.49997,0.499984,0.499991,0.499996,0.499998,0.499999,0.499999
0.499999,0.499999,0.499999,0.499998,0.499995,0.499991,0.499983,0.499969,0.499946,0.499908,0.499847,0.499754,0.499614,0.499411,0.499126,0.498736,0.498219,0.497554,0.496723,0.495715,0.494527,0.49317,0.491665,0.49005,0.488372,0.486692,0.485074,0.483589,0.482304,0.48128,0.480568,0.480202,0.480202,0.480568,0.48128,0.482304,0.483589,0.485074,0.486692,0.488372,0.49005,0.491665,0.49317,0.494527,0.495715,0.496723,0.497554,0.498219,0.498736,0.499126,0.499411,0.499614,0.499754,0.499847,0.499908,0.499946,0.499969,0.499983,0.499991,0.499995,0.499998,0.499999,0.499999,0.499999
0.5,0.5,0.499999,0.499999,0.499997,0.499995,0.499991,0.499983,0.49997,0.499948,0.499914,0.49986,0.499779,0.499661,0.499493,0.499262,0.498952,0.498551,0.498046,0.497428,0.496695,0.495851,0.494909,0.49389,0.492825,0.491753,0.490715,0.489758,0.488927,0.488262,0.487799,0.487561,0.487561,0.487799,0.488262,0.488927,0.489758,0.490715,0.491753,0.492825,0.49389,0.494909,0.495851,0.496695,0.497428,0.498046,0.498551,0.498952,0.499262,0.499493,0.499661,0.499779,0.49986,0.499914,0.499948,0.49997,0.499983,0.499991,0.499995,0.499997,0.499999,0.499999,0.5,0.5
0.5,0.5,0.5,0.499999,0.499999,0.499997,0.499995,0.499991,0.499984,0.499972,0.499953,0.499923,0.499877,0.49981,0.499714,0.499581,0.499402,0.499168,0.49887,0.498504,0.498065,0.497557,0.496987,0.496366,0.495713,0.495051,0.494408,0.493813,0.493294,0.492878,0.492587,0.492438,0.492438,0.492587,0.492878,0.493294,0.493813,0.494408,0.495051,0.495713,0.496366,0.496987,0.497557,0.498065,0.498504,0.49887,0.499168,0.499402,0.499581,0.499714,0.49981,0.499877,0.499923,0.499953,0.499972,0.499984,0.499991,0.499995,0.499997,0.499999,0.499999,0.5,0.5,0.5
0.5,0.5,0.5,0.5,0.499999,0.499999,0.499997,0.499995,0.499991,0.499985,0.499975,0.499959,0.499934,0.499897,0.499843,0.499769,0.499668,0.499535,0.499365,0.499153,0.498899,0.498602,0.498267,0.497899,0.497511,0.497115,0.496729,0.49637,0.496056,0.495804,0.495627,0.495536,0.495536,0.495627,0.495804,0.496056,0.49637,0.496729,0.497115,0.497511,0.497899,0.498267,0.498602,0.498899,0.499153,0.499365,0.499535,0.499668,0.499769,0.499843,0.499897,0.499934,0.499959,0.499975,0.499985,0.499991,0.499995,0.499997,0.499999,0.499999,0.5,0.5,0.5,0.5
0.5,0.5,0.5,0.5,0.5,0.499999,0.499999,0.499998,0.499996,0.499992,0.499987,0.499978,0.499965,0.499945,0.499916,0.499875,0.499819,0.499744,0.499648,0.499529,0.499383,0.499213,0.499019,0.498805,0.498578,0.498345,0.498117,0.497904,0.497717,0.497566,0.497461,0.497406,0.497406,0.497461,0.497566,0.497717,0.497904,0.498117,0.498345,0.498578,0.498805,0.499019,0.499213,0.499383,0.499529,0.499648,0.499744,0.499819,0.499875,0.499916,0.499945,0.499965,0.499978,0.499987,0.499992,0.499996,0.499998,0.499999,0.499999,0.5,0.5,0.5,0.5,0.5
0.5,0.5,0.5,0.5,0.5,0.5,0.499999,0.499999,0.499998,0.499996,0.499993,0.499988,0.499981,0.49997,0.499953,0.49993,0.499898,0.499855,0.499799,0.499729,0.499644,0.499543,0.499427,0.499299,0.499162,0.49902,0.498881,0.498751,0.498636,0.498544,0.498479,0.498445,0.498445,0.498479,0.498544,0.498636,0.498751,0.498881,0.49902,0.499162,0.499299,0.499427,0.499543,0.499644,0.499729,0.499799,0.499855,0.499898,0.49993,0.499953,0.49997,0.499981,0.499988,0.499993,0.499996,0.499998,0.499999,0.499999,0.5,0.5,0.5,0.5,0.5,0.5
0.5,0.5,0.5,0.5,0.5,0.5,0.5,0.499999,0.499999,0.499997,0.499995,0.499992,0.499987,0.49998,0.499969,0.499953,0.499932,0.499902,0.499864,0.499816,0.499757,0.499686,0.499605,0.499514,0.499417,0.499316,0.499217,0.499124,0.499042,0.498975,0.498928,0.498904,0.498904,0.498928,0.498975,0.499042,0.499124,0.499217,0.499316,0.499417,0.499514,0.499605,0.499686,0.499757,0.499816,0.499864,0.499902,0.499932,0.499953,0.499969,0.49998,0.499987,0.499992,0.499995,0.499997,0.499999,0.499999,0.5,0.5,0.5,0.5,0.5,0.5,0.5
0.5,0.5,0.5,0.5,0.5,0.5,0.5,0.499999,0.499999,0.499997,0.499995,0.499992,0.499987,0.49998,0.499969,0.499953,0.499932,0.499902,0.499864,0.499816,0.499757,0.499686,0.499605,0.499514,0.499417,0.499316,0.499217,0.499124,0.499042,0.498975,0.498928,0.498904,0.498904,0.498928,0.498975,0.499042,0.499124,0.499217,0.499316,0.499417,0.499514,0.499605,0.499686,0.499757,0.499816,0.499864,0.499902,0.499932,0.499953,0.499969,0.49998,0.499987,0.499992,0.499995,0.499997,0.499999,0.499999,0.5,0.5,0.5,0.5,0.5,0.5,0.5
