0.5,0.5,0.5,0.5,0.5,0.5,0.5,0.5,0.5,0.5,0.5,0.5,0.5,0.5,0.5,0.5,0.5,0.499999,0.499999,0.499999,0.499998,0.499997,0.499997,0.499996,0.499994,0.499993,0.499992,0.49999,0.499989,0.499988,0.499987,0.499987,0.499987,0.499987,0.499988,0.499989,0.49999,0.499992,0.499993,0.499994,0.499996,0.499997,0.499997,0.499998,0.499999,0.499999,0.499999,0.5,0.5,0.5,0.5,0.5,0.5,0.5,0.5,0.5,0.5,0.5,0.5,0.5,0.5,0.5,0.5,0.5
0.5,0.5,0.5,0.5,0.5,0.5,0.5,0.5,0.5,0.5,0.5,0.5,0.5,0.5,0.5,0.5,0.5,0.499999,0.499999,0.499999,0.499998,0.499997,0.499997,0.499996,0.499994,0.499993,0.499992,0.49999,0.499989,0.499988,0.499987,0.499987,0.499987,0.499987,0.499988,0.499989,0.49999,0.499992,0.499993,0.499994,0.499996,0.499997,0.499997,0.499998,0.499999,0.499999,0.499999,0.5,0.5,0.5,0.5,0.5,0.5,0.5,0.5,0.5,0.5,0.5,0.5,0.5,0.5,0.5,0.5,0.5
0.5,0.5,0.5,0.5,0.5,0.5,0.5,0.5,0.5,0.5,0.5,0.5,0.5,0.5,0.5,0.5,0.499999,0.499999,0.499998,0.499998,0.499997,0.499995,0.499994,0.499992,0.49999,0.499987,0.499985,0.499983,0.49998,0.499979,0.499977,0.499977,0.499977,0.499977,0.499979,0.49998,0.499983,0.499985,0.499987,0.49999,0.499992,0.499994,0.499995,0.499997,0.499998,0.499998,0.499999,0.499999,0.5,0.5,0.5,0.5,0.5,0.5,0.5,0.5,0.5,0.5,0.5,0.5,0.5,0.5,0.5,0.5
0.5,0.5,0.5,0.5,0.5,0.5,0.5,0.5,0.5,0.5,0.5,0.5,0.5,0.5,0.499999,0.499999,0.499999,0.499998,0.499997,0.499995,0.499993,0.49999,0.499987,0.499983,0.499978,0.499973,0.499968,0.499963,0.499958,0.499954,0.499951,0.49995,0.49995,0.499951,0.499954,0.499958,0.499963,0.499968,0.499973,0.499978,0.499983,0.499987,0.49999,0.499993,0.499995,0.499997,0.499998,0.499999,0.499999,0.499999,0.5,0.5,0.5,0.5,0.5,0.5,0.5,0.5,0.5,0.5,0.5,0.5,0.5,0.5
0.5,0.5,0.5,0.5,0.5,0.5,0.5,0.5,0.5,0.5,0.5,0.5,0.5,0.499999,0.499999,0.499998,0.499997,0.499995,0.499992,0.499989,0.499984,0.499978,0.49997,0.499962,0.499952,0.499941,0.49993,0.499919,0.499909,0.4999,0.499895,0.499891,0.499891,0.499895,0.4999,0.499909,0.499919,0.49993,0.499941,0.499952,0.499962,0.49997,0.499978,0.499984,0.499989,0.499992,0.499995,0.499997,0.499998,0.499999,0.499999,0.5,0.5,0.5,0.5,0.5,0.5,0.5,0.5,0.5,0.5,0.5,0.5,0.5
0.5,0.5,0.5,0.5,0.5,0.5,0.5,0.5,0.5,0.5,0.5,0.5,0.499999,0.499998,0.499997,0.499996,0.499993,0.499989,0.499983,0.499976,0.499966,0.499953,0.499937,0.499918,0.499897,0.499874,0.499851,0.499828,0.499807,0.49979,0.499777,0.499771,0.499771,0.499777,0.49979,0.499807,0.499828,0.499851,0.499874,0.499897,0.499918,0.499937,0.499953,0.499966,0.499976,0.499983,0.499989,0.499993,0.499996,0.499997,0.499998,0.499999,0.5,0.5,0.5,0.5,0.5,0.5,0.5,0.5,0.5,0.5,0.5,0.5
0.5,0.5,0.5,0.5,0.5,0.5,0.5,0.5,0.5,0.5,0.499999,0.499999,0.499998,0.499997,0.499994,0.499991,0.499985,0.499977,0.499965,0.499949,0.499928,0.499902,0.499869,0.499831,0.499788,0.499741,0.499694,0.499647,0.499605,0.499571,0.499546,0.499533,0.499533,0.499546,0.499571,0.499605,0.499647,0.499694,0.499741,0.499788,0.499831,0.499869,0.499902,0.499928,0.499949,0.499965,0.499977,0.499985,0.499991,0.499994,0.499997,0.499998,0.499999,0.499999,0.5,0.5,0.5,0.5,0.5,0.5,0.5,0.5,0.5,0.5
0.5,0.5,0.5,0.5,0.5,0.5,0.5,0.5,0.5,0.499999,0.499999,0.499998,0.499996,0.499993,0.499988,0.499981,0.499969,0.499953,0.499929,0.499897,0.499855,0.499802,0.499738,0.499663,0.499578,0.499487,0.499393,0.499303,0.499221,0.499154,0.499106,0.499081,0.499081,0.499106,0.499154,0.499221,0.499303,0.499393,0.499487,0.499578,0.499663,0.499738,0.499802,0.499855,0.499897,0.499929,0.499953,0.499969,0.499981,0.499988,0.499993,0.499996,0.499998,0.499999,0.499999,0.5,0.5,0.5,0.5,0.5,0.5,0.5,0.5,0.5
0.5,0.5,0.5,0.5,0.5,0.5,0.5,0.5,0.499999,0.499999,0.499998,0.499996,0.499992,0.499986,0.499976,0.499962,0.499939,0.499907,0.499861,0.499799,0.499718,0.499617,0.499494,0.49935,0.499189,0.499016,0.49884,0.49867,0.498516,0.49839,0.4983,0.498253,0.498253,0.4983,0.49839,0.498516,0.49867,0.49884,0.499016,0.499189,0.49935,0.499494,0.499617,0.499718,0.499799,0.499861,0.499907,0.499939,0.499962,0.499976,0.499986,0.499992,0.499996,0.499998,0.499999,0.499999,0.5,0.5,0.5,0.5,0.5,0.5,0.5,0.5
0.5,0.5,0.5,0.5,0.5,0.5,0.5,0.499999,0.499999,0.499998,0.499995,0.499991,0.499984,0.499973,0.499955,0.499926,0.499884,0.499822,0.499736,0.499621,0.49947,0.499282,0.499054,0.49879,0.498494,0.498179,0.497858,0.497549,0.497271,0.497042,0.496879,0.496795,0.496795,0.496879,0.497042,0.497271,0.497549,0.497858,0.498179,0.498494,0.49879,0.499054,0.499282,0.49947,0.499621,0.499736,0.499822,0.499884,0.499926,0.499955,0.499973,0.499984,0.499991,0.499995,0.499998,0.499999,0.499999,0.5,0.5,0.5,0.5,0.5,0.5,0.5
0.5,0.5,0.5,0.5,0.5,0.5,0.499999,0.499999,0.499998,0.499995,0.499991,0.499983,0.499971,0.499949,0.499915,0.499863,0.499785,0.499672,0.499516,0.499307,0.499037,0.498699,0.498293,0.497823,0.497301,0.496745,0.496181,0.495639,0.495153,0.494753,0.49447,0.494323,0.494323,0.49447,0.494753,0.495153,0.495639,0.496181,0.496745,0.497301,0.497823,0.498293,0.498699,0.499037,0.499307,0.499516,0.499672,0.499785,0.499863,0.499915,0.499949,0.499971,0.499983,0.499991,0.499995,0.499998,0.499999,0.499999,0.5,0.5,0.5,0.5,0.5,0.5
0.5,0.5,0.5,0.5,0.5,0.5,0.499999,0.499998,0.499996,0.499991,0.499983,0.49997,0.499946,0.499908,0.499847,0.499753,0.499615,0.499416,0.499142,0.498777,0.498306,0.497721,0.497021,0.496215,0.495323,0.494377,0.493421,0.492506,0.491685,0.491014,0.490537,0.49029,0.49029,0.490537,0.491014,0.491685,0.492506,0.493421,0.494377,0.495323,0.496215,0.497021,0.497721,0.498306,0.498777,0.499142,0.499416,0.499615,0.499753,0.499847,0.499908,0.499946,0.49997,0.499983,0.499991,0.499996,0.499998,0.499999,0.5,0.5,0.5,0.5,0.5,0.5
0.5,0.5,0.5,0.5,0.5,0.499999,0.499998,0.499996,0.499992,0.499984,0.499971,0.499946,0.499905,0.499838,0.499733,0.499571,0.499333,0.498994,0.498528,0.49791,0.497118,0.49614,0.494975,0.49364,0.492168,0.490615,0.489051,0.487557,0.486223,0.485134,0.484362,0.483962,0.483962,0.484362,0.485134,0.486223,0.487557,0.489051,0.490615,0.492168,0.49364,0.494975,0.49614,0.497118,0.49791,0.498528,0.498994,0.499333,0.499571,0.499733,0.499838,0.499905,0.499946,0.499971,0.499984,0.499992,0.499996,0.499998,0.499999,0.5,0.5,0.5,0.5,0.5
0.5,0.5,0.5,0.5,0.499999,0.499998,0.499997,0.499993,0.499986,0.499973,0.499949,0.499908,0.499838,0.499725,0.499547,0.499277,0.498881,0.498321,0.497555,0.496545,0.495257,0.493676,0.491802,0.489664,0.487321,0.484858,0.482387,0.480038,0.477946,0.476241,0.475035,0.474411,0.474411,0.475035,0.476241,0.477946,0.480038,0.482387,0.484858,0.487321,0.489664,0.491802,0.493676,0.495257,0.496545,0.497555,0.498321,0.498881,0.499277,0.499547,0.499725,0.499838,0.499908,0.499949,0.499973,0.499986,0.499993,0.499997,0.499998,0.499999,0.5,0.5,0.5,0.5
0.5,0.5,0.5,0.499999,0.499999,0.499997,0.499994,0.499988,0.499976,0.499955,0.499915,0.499847,0.499733,0.499547,0.499258,0.498821,0.498184,0.497287,0.496069,0.49447,0.492445,0.489972,0.487058,0.483753,0.480148,0.476377,0.472611,0.469044,0.465878,0.463306,0.46149,0.460551,0.460551,0.46149,0.463306,0.465878,0.469044,0.472611,0.476377,0.480148,0.483753,0.487058,0.489972,0.492445,0.49447,0.496069,0.497287,0.498184,0.498821,0.499258,0.499547,0.499733,0.499847,0.499915,0.499955,0.499976,0.499988,0.499994,0.499997,0.499999,0.499999,0.5,0.5,0.5
0.5,0.5,0.5,0.499999,0.499998,0.499996,0.499991,0.499981,0.499962,0.499926,0.499863,0.499753,0.499571,0.499277,0.498821,0.498135,0.497142,0.495753,0.493876,0.491429,0.488348,0.484607,0.480226,0.475285,0.469927,0.464351,0.458809,0.453583,0.448961,0.445216,0.44258,0.441218,0.441218,0.44258,0.445216,0.448961,0.453583,0.458809,0.464351,0.469927,0.475285,0.480226,0.484607,0.488348,0.491429,0.493876,0.495753,0.497142,0.498135,0.498821,0.499277,0.499571,0.499753,0.499863,0.499926,0.499962,0.499981,0.499991,0.499996,0.499998,0.499999,0.5,0.5,0.5
0.5,0.5,0.499999,0.499999,0.499997,0.499993,0.499985,0.499969,0.499939,0.499884,0.499785,0.499615,0.499333,0.498881,0.498184,0.497142,0.495642,0.493557,0.490756,0.487128,0.48259,0.477114,0.470743,0.463601,0.455902,0.447937,0.440062,0.43267,0.426159,0.420902,0.417209,0.415304,0.415304,0.417209,0.420902,0.426159,0.43267,0.440062,0.447937,0.455902,0.463601,0.470743,0.477114,0.48259,0.487128,0.490756,0.493557,0.495642,0.497142,0.498184,0.498881,0.499333,0.499615,0.499785,0.499884,0.499939,0.499969,0.499985,0.499993,0.499997,0.499999,0.499999,0.5,0.5
0.499999,0.499999,0.499999,0.499998,0.499995,0.499989,0.499977,0.499953,0.499907,0.499822,0.499672,0.499416,0.498994,0.498321,0.497287,0.495753,0.493557,0.490521,0.486473,0.481261,0.474786,0.467026,0.458057,0.448072,0.437376,0.426378,0.415567,0.405471,0.39662,0.389499,0.38451,0.381941,0.381941,0.38451,0.389499,0.39662,0.405471,0.415567,0.426378,0.437376,0.448072,0.458057,0.467026,0.474786,0.481261,0.486473,0.490521,0.493557,0.495753,0.497287,0.498321,0.498994,0.499416,0.499672,0.499822,0.499907,0.499953,0.499977,0.499989,0.499995,0.499998,0.499999,0.499999,0.499999
0.499999,0.499999,0.499998,0.499997,0.499992,0.499983,0.499965,0.499929,0.499861,0.499736,0.499516,0.499142,0.498528,0.497555,0.496069,0.493876,0.490756,0.486473,0.480797,0.473539,0.464586,0.453932,0.441706,0.42819,0.413813,0.39913,0.384787,0.371469,0.359851,0.350542,0.344041,0.340699,0.340699,0.344041,0.350542,0.359851,0.371469,0.384787,0.39913,0.413813,0.42819,0.441706,0.453932,0.464586,0.473539,0.480797,0.486473,0.490756,0.493876,0.496069,0.497555,0.498528,0.499142,0.499516,0.499736,0.499861,0.499929,0.499965,0.499983,0.499992,0.499997,0.499998,0.499999,0.499999
0.499999,0.499999,0.499998,0.499995,0.499989,0.499976,0.499949,0.499897,0.499799,0.499621,0.499307,0.498777,0.49791,0.496545,0.49447,0.491429,0.487128,0.481261,0.473539,0.463736,0.451729,0.437547,0.421396,0.403675,0.384966,0.365998,0.347596,0.330619,0.315891,0.304144,0.295968,0.291774,0.291774,0.295968,0.304144,0.315891,0.330619,0.347596,0.365998,0.384966,0.403675,0.421396,0.437547,0.451729,0.463736,0.473539,0.481261,0.487128,0.491429,0.49447,0.496545,0.49791,0.498777,0.499307,0.499621,0.499799,0.499897,0.499949,0.499976,0.499989,0.499995,0.499998,0.499999,0.499999
0.499998,0.499998,0.499997,0.499993,0.499984,0.499966,0.499928,0.499855,0.499718,0.49947,0.499037,0.498306,0.497118,0.495257,0.492445,0.488348,0.48259,0.474786,0.464586,0.451729,0.4361,0.417782,0.397086,0.374562,0.350973,0.327245,0.3044,0.28347,0.265427,0.25111,0.241185,0.236106,0.236106,0.241185,0.25111,0.265427,0.28347,0.3044,0.327245,0.350973,0.374562,0.397086,0.417782,0.4361,0.451729,0.464586,0.474786,0.48259,0.488348,0.492445,0.495257,0.497118,0.498306,0.499037,0.49947,0.499718,0.499855,0.499928,0.499966,0.499984,0.499993,0.499997,0.499998,0.499998
0.499997,0.499997,0.499995,0.49999,0.499978,0.499953,0.499902,0.499802,0.499617,0.499282,0.498699,0.497721,0.49614,0.493676,0.489972,0.484607,0.477114,0.467026,0.453932,0.437547,0.417782,0.394801,0.369053,0.341269,0.31242,0.283651,0.256181,0.23121,0.209832,0.19297,0.181331,0.175393,0.175393,0.181331,0.19297,0.209832,0.23121,0.256181,0.283651,0.31242,0.341269,0.369053,0.394801,0.417782,0.437547,0.453932,0.467026,0.477114,0.484607,0.489972,0.493676,0.49614,0.497721,0.498699,0.499282,0.499617,0.499802,0.499902,0.499953,0.499978,0.49999,0.499995,0.499997,0.499997
0.499997,0.499997,0.499994,0.499987,0.49997,0.499937,0.499869,0.499738,0.499494,0.499054,0.498293,0.497021,0.494975,0.491802,0.487058,0.480226,0.470743,0.458057,0.441706,0.421396,0.397086,0.369053,0.337915,0.304613,0.270352,0.2365,0.204469,0.175603,0.151085,0.131873,0.11868,0.111971,0.111971,0.11868,0.131873,0.151085,0.175603,0.204469,0.2365,0.270352,0.304613,0.337915,0.369053,0.397086,0.421396,0.441706,0.458057,0.470743,0.480226,0.487058,0.491802,0.494975,0.497021,0.498293,0.499054,0.499494,0.499738,0.499869,0.499937,0.49997,0.499987,0.499994,0.499997,0.499997
0.499996,0.499996,0.499992,0.499983,0.499962,0.499918,0.499831,0.499663,0.49935,0.49879,0.497823,0.496215,0.49364,0.489664,0.483753,0.475285,0.463601,0.448072,0.42819,0.403675,0.374562,0.341269,0.304613,0.265774,0.226202,0.187487,0.151215,0.118836,0.0915747,0.0703747,0.055902,0.0485685,0.0485685,0.055902,0.0703747,0.0915747,0.118836,0.151215,0.187487,0.226202,0.265774,0.304613,0.341269,0.374562,0.403675,0.42819,0.448072,0.463601,0.475285,0.483753,0.489664,0.49364,0.496215,0.497823,0.49879,0.49935,0.499663,0.499831,0.499918,0.499962,0.499983,0.499992,0.499996,0.499996
0.499994,0.499994,0.49999,0.499978,0.499952,0.499897,0.499788,0.499578,0.499189,0.498494,0.497301,0.495323,0.492168,0.487321,0.480148,0.469927,0.455902,0.437376,0.413813,0.384966,0.350973,0.31242,0.270352,0.226202,0.181669,0.138553,0.0985841,0.0632756,0.0338352,0.0111356,-0.00425761,-0.0120241,-0.0120241,-0.00425761,0.0111356,0.0338352,0.0632756,0.0985841,0.138553,0.181669,0.226202,0.270352,0.31242,0.350973,0.384966,0.413813,0.437376,0.455902,0.469927,0.480148,0.487321,0.492168,0.495323,0.497301,0.498494,0.499189,0.499578,0.499788,0.499897,0.499952,0.499978,0.49999,0.499994,0.499994
0.499993,0.499993,0.499987,0.499973,0.499941,0.499874,0.499741,0.499487,0.499016,0.498179,0.496745,0.494377,0.490615,0.484858,0.476377,0.464351,0.447937,0.426378,0.39913,0.365998,0.327245,0.283651,0.2365,0.187487,0.138553,0.0916874,0.0487257,0.0111966,-0.0197621,-0.0434063,-0.059319,-0.0673083,-0.0673083,-0.059319,-0.0434063,-0.0197621,0.0111966,0.0487257,0.0916874,0.138553,0.187487,0.2365,0.283651,0.327245,0.365998,0.39913,0.426378,0.447937,0.464351,0.476377,0.484858,0.490615,0.494377,0.496745,0.498179,0.499016,0.499487,0.499741,0.499874,0.499941,0.499973,0.499987,0.499993,0.499993
0.499992,0.499992,0.499985,0.499968,0.49993,0.499851,0.499694,0.499393,0.49884,0.497858,0.496181,0.493421,0.489051,0.482387,0.472611,0.458809,0.440062,0.415567,0.384787,0.347596,0.3044,0.256181,0.204469,0.151215,0.0985841,0.0487257,0.00354434,-0.0354617,-0.0672718,-0.0913147,-0.10736,-0.115371,-0.115371,-0.10736,-0.0913147,-0.0672718,-0.0354617,0.00354434,0.0487257,0.0985841,0.151215,0.204469,0.256181,0.3044,0.347596,0.384787,0.415567,0.440062,0.458809,0.472611,0.482387,0.489051,0.493421,0.496181,0.497858,0.49884,0.499393,0.499694,0.499851,0.49993,0.499968,0.499985,0.499992,0.499992
0.49999,0.49999,0.499983,0.499963,0.499919,0.499828,0.499647,0.499303,0.49867,0.497549,0.495639,0.492506,0.487557,0.480038,0.469044,0.453583,0.43267,0.405471,0.371469,0.330619,0.28347,0.23121,0.175603,0.118836,0.0632756,0.0111966,-0.0354617,-0.0752662,-0.107345,-0.131326,-0.147186,-0.155057,-0.155057,-0.147186,-0.131326,-0.107345,-0.0752662,-0.0354617,0.0111966,0.0632756,0.118836,0.175603,0.23121,0.28347,0.330619,0.371469,0.405471,0.43267,0.453583,0.469044,0.480038,0.487557,0.492506,0.495639,0.497549,0.49867,0.499303,0.499647,0.499828,0.499919,0.499963,0.499983,0.49999,0.49999
0.499989,0.499989,0.49998,0.499958,0.499909,0.499807,0.499605,0.499221,0.498516,0.497271,0.495153,0.491685,0.486223,0.477946,0.465878,0.448961,0.426159,0.39662,0.359851,0.315891,0.265427,0.209832,0.151085,0.0915747,0.0338352,-0.0197621,-0.0672718,-0.107345,-0.139269,-0.162875,-0.178343,-0.185973,-0.185973,-0.178343,-0.162875,-0.139269,-0.107345,-0.0672718,-0.0197621,0.0338352,0.0915747,0.151085,0.209832,0.265427,0.315891,0.359851,0.39662,0.426159,0.448961,0.465878,0.477946,0.486223,0.491685,0.495153,0.497271,0.498516,0.499221,0.499605,0.499807,0.499909,0.499958,0.49998,0.499989,0.499989
0.499988,0.499988,0.499979,0.499954,0.4999,0.49979,0.499571,0.499154,0.49839,0.497042,0.494753,0.491014,0.485134,0.476241,0.463306,0.445216,0.420902,0.389499,0.350542,0.304144,0.25111,0.19297,0.131873,0.0703747,0.0111356,-0.0434063,-0.0913147,-0.131326,-0.162875,-0.185972,-0.200979,-0.208338,-0.208338,-0.200979,-0.185972,-0.162875,-0.131326,-0.0913147,-0.0434063,0.0111356,0.0703747,0.131873,0.19297,0.25111,0.304144,0.350542,0.389499,0.420902,0.445216,0.463306,0.476241,0.485134,0.491014,0.494753,0.497042,0.49839,0.499154,0.499571,0.49979,0.4999,0.499954,0.499979,0.499988,0.499988
0.499987,0.499987,0.499977,0.499951,0.499895,0.499777,0.499546,0.499106,0.4983,0.496879,0.49447,0.490537,0.484362,0.475035,0.46149,0.44258,0.417209,0.38451,0.344041,0.295968,0.241185,0.181331,0.11868,0.055902,-0.00425761,-0.059319,-0.10736,-0.147186,-0.178343,-0.200979,-0.215588,-0.222719,-0.222719,-0.215588,-0.200979,-0.178343,-0.147186,-0.10736,-0.059319,-0.00425761,0.055902,0.11868,0.181331,0.241185,0.295968,0.344041,0.38451,0.417209,0.44258,0.46149,0.475035,0.484362,0.490537,0.49447,0.496879,0.4983,0.499106,0.499546,0.499777,0.499895,0.499951,0.499977,0.499987,0.499987
0.499987,0.499987,0.499977,0.49995,0.499891,0.499771,0.499533,0.499081,0.498253,0.496795,0.494323,0.49029,0.483962,0.474411,0.460551,0.441218,0.415304,0.381941,0.340699,0.291774,0.236106,0.175393,0.111971,0.0485685,-0.0120241,-0.0673083,-0.115371,-0.155057,-0.185973,-0.208338,-0.222719,-0.229719,-0.229719,-0.222719,-0.208338,-0.185973,-0.155057,-0.115371,-0.0673083,-0.0120241,0.0485685,0.111971,0.175393,0.236106,0.291774,0.340699,0.381941,0.415304,0.441218,0.460551,0.474411,0.483962,0.49029,0.494323,0.496795,0.498253,0.499081,0.499533,0.499771,0.499891,0.49995,0.499977,0.499987,0.499987
0.499987,0.499987,0.499977,0.49995,0.499891,0.499771,0.499533,0.499081,0.498253,0.496795,0.494323,0.49029,0.483962,0.474411,0.460551,0.441218,0.415304,0.381941,0.340699,0.291774,0.236106,0.175393,0.111971,0.0485685,-0.0120241,-0.0673083,-0.115371,-0.155057,-0.185973,-0.208338,-0.222719,-0.229719,-0.229719,-0.222719,-0.208338,-0.185973,-0.155057,-0.115371,-0.0673083,-0.0120241,0.0485685,0.111971,0.175393,0.236106,0.291774,0.340699,0.381941,0.415304,0.441218,0.460551,0.474411,0.483962,0.49029,0.494323,0.496795,0.498253,0.499081,0.499533,0.499771,0.499891,0.49995,0.499977,0.499987,0.499987
0.499987,0.499987,0.499977,0.499951,0.499895,0.499777,0.499546,0.499106,0.4983,0.496879,0.49447,0.490537,0.484362,0.475035,0.46149,0.44258,0.417209,0.38451,0.344041,0.295968,0.241185,0.181331,0.11868,0.055902,-0.00425761,-0.059319,-0.10736,-0.147186,-0.178343,-0.200979,-0.215588,-0.222719,-0.222719,-0.215588,-0.200979,-0.178343,-0.147186,-0.10736,-0.059319,-0.00425761,0.055902,0.11868,0.181331,0.241185,0.295968,0.344041,0.38451,0.417209,0.44258,0.46149,0.475035,0.484362,0.490537,0.49447,0.496879,0.4983,0.499106,0.499546,0.499777,0.499895,0.499951,0.499977,0.499987,0.499987
0.499988,0.499988,0.499979,0.499954,0.4999,0.49979,0.499571,0.499154,0.49839,0.497042,0.494753,0.491014,0.485134,0.476241,0.463306,0.445216,0.420902,0.389499,0.350542,0.304144,0.25111,0.19297,0.131873,0.0703747,0.0111356,-0.0434063,-0.0913147,-0.131326,-0.162875,-0.185972,-0.200979,-0.208338,-0.208338,-0.200979,-0.185972,-0.162875,-0.131326,-0.0913147,-0.0434063,0.0111356,0.0703747,0.131873,0.19297,0.25111,0.304144,0.350542,0.389499,0.420902,0.445216,0.463306,0.476241,0.485134,0.491014,0.494753,0.497042,0.49839,0.499154,0.499571,0.49979,0.4999,0.499954,0.499979,0.499988,0.499988
0.499989,0.499989,0.49998,0.499958,0.499909,0.499807,0.499605,0.499221,0.498516,0.497271,0.495153,0.491685,0.486223,0.477946,0.465878,0.448961,0.426159,0.39662,0.359851,0.315891,0.265427,0.209832,0.151085,0.0915747,0.0338352,-0.0197621,-0.0672718,-0.107345,-0.139269,-0.162875,-0.178343,-0.185973,-0.185973,-0.178343,-0.162875,-0.139269,-0.107345,-0.0672718,-0.0197621,0.0338352,0.0915747,0.151085,0.209832,0.265427,0.315891,0.359851,0.39662,0.426159,0.448961,0.465878,0.477946,0.486223,0.491685,0.495153,0.497271,0.498516,0.499221,0.499605,0.499807,0.499909,0.499958,0.49998,0.499989,0.499989
0.49999,0.49999,0.499983,0.499963,0.499919,0.499828,0.499647,0.499303,0.49867,0.497549,0.495639,0.492506,0.487557,0.480038,0.469044,0.453583,0.43267,0.405471,0.371469,0.330619,0.28347,0.23121,0.175603,0.118836,0.0632756,0.0111966,-0.0354617,-0.0752662,-0.107345,-0.131326,-0.147186,-0.155057,-0.155057,-0.147186,-0.131326,-0.107345,-0.0752662,-0.0354617,0.0111966,0.0632756,0.118836,0.175603,0.23121,0.28347,0.330619,0.371469,0.405471,0.43267,0.453583,0.469044,0.480038,0.487557,0.492506,0.495639,0.497549,0.49867,0.499303,0.499647,0.499828,0.499919,0.499963,0.499983,0.49999,0.49999
0.499992,0.499992,0.499985,0.499968,0.49993,0.499851,0.499694,0.499393,0.49884,0.497858,0.496181,0.493421,0.489051,0.482387,0.472611,0.458809,0.440062,0.415567,0.384787,0.347596,0.3044,0.256181,0.204469,0.151215,0.0985841,0.0487257,0.00354434,-0.0354617,-0.0672718,-0.0913147,-0.10736,-0.115371,-0.115371,-0.10736,-0.0913147,-0.0672718,-0.0354617,0.00354434,0.0487257,0.0985841,0.151215,0.204469,0.256181,0.3044,0.347596,0.384787,0.415567,0.440062,0.458809,0.472611,0.482387,0.489051,0.493421,0.496181,0.497858,0.49884,0.499393,0.499694,0.499851,0.49993,0.499968,0.499985,0.499992,0.499992
0.499993,0.499993,0.499987,0.499973,0.499941,0.499874,0.499741,0.499487,0.499016,0.498179,0.496745,0.494377,0.490615,0.484858,0.476377,0.464351,0.447937,0.426378,0.39913,0.365998,0.327245,0.283651,0.2365,0.187487,0.138553,0.0916874,0.0487257,0.0111966,-0.0197621,-0.0434063,-0.059319,-0.0673083,-0.0673083,-0.059319,-0.0434063,-0.0197621,0.0111966,0.0487257,0.0916874,0.138553,0.187487,0.2365,0.283651,0.327245,0.365998,0.39913,0.426378,0.447937,0.464351,0.476377,0.484858,0.490615,0.494377,0.496745,0.498179,0.499016,0.499487,0.499741,0.499874,0.499941,0.499973,0.499987,0.499993,0.499993
0.499994,0.499994,0.49999,0.499978,0.499952,0.499897,0.499788,0.499578,0.499189,0.498494,0.497301,0.495323,0.492168,0.487321,0.480148,0.469927,0.455902,0.437376,0.413813,0.384966,0.350973,0.31242,0.270352,0.226202,0.181669,0.138553,0.0985841,0.0632756,0.0338352,0.0111356,-0.00425761,-0.0120241,-0.0120241,-0.00425761,0.0111356,0.0338352,0.0632756,0.0985841,0.138553,0.181669,0.226202,0.270352,0.31242,0.350973,0.384966,0.413813,0.437376,0.455902,0.469927,0.480148,0.487321,0.492168,0.495323,0.497301,0.498494,0.499189,0.499578,0.499788,0.499897,0.499952,0.499978,0.49999,0.499994,0.499994
0.499996,0.499996,0.499992,0.499983,0.499962,0.499918,0.499831,0.499663,0.49935,0.49879,0.497823,0.496215,0.49364,0.489664,0.483753,0.475285,0.463601,0.448072,0.42819,0.403675,0.374562,0.341269,0.304613,0.265774,0.226202,0.187487,0.151215,0.118836,0.0915747,0.0703747,0.055902,0.0485685,0.0485685,0.055902,0.0703747,0.0915747,0.118836,0.151215,0.187487,0.226202,0.265774,0.304613,0.341269,0.374562,0.403675,0.42819,0.448072,0.463601,0.475285,0.483753,0.489664,0.49364,0.496215,0.497823,0.49879,0.49935,0.499663,0.499831,0.499918,0.499962,0.499983,0.499992,0.499996,0.499996
0.499997,0.499997,0.499994,0.499987,0.49997,0.499937,0.499869,0.499738,0.499494,0.499054,0.498293,0.497021,0.494975,0.491802,0.487058,0.480226,0.470743,0.458057,0.441706,0.421396,0.397086,0.369053,0.337915,0.304613,0.270352,0.2365,0.204469,0.175603,0.151085,0.131873,0.11868,0.111971,0.111971,0.11868,0.131873,0.151085,0.175603,0.204469,0.2365,0.270352,0.304613,0.337915,0.369053,0.397086,0.421396,0.441706,0.458057,0.470743,0.480226,0.487058,0.491802,0.494975,0.497021,0.498293,0.499054,0.499494,0.499738,0.499869,0.499937,0.49997,0.499987,0.499994,0.499997,0.499997
0.499997,0.499997,0.499995,0.49999,0.499978,0.499953,0.499902,0.499802,0.499617,0.499282,0.498699,0.497721,0.49614,0.493676,0.489972,0.484607,0.477114,0.467026,0.453932,0.437547,0.417782,0.394801,0.369053,0.341269,0.31242,0.283651,0.256181,0.23121,0.209832,0.19297,0.181331,0.175393,0.175393,0.181331,0.19297,0.209832,0.23121,0.256181,0.283651,0.31242,0.341269,0.369053,0.394801,0.417782,0.437547,0.453932,0.467026,0.477114,0.484607,0.489972,0.493676,0.49614,0.497721,0.498699,0.499282,0.499617,0.499802,0.499902,0.499953,0.499978,0.49999,0.499995,0.499997,0.499997
0.499998,0.499998,0.499997,0.499993,0.499984,0.499966,0.499928,0.499855,0.499718,0.49947,0.499037,0.498306,0.497118,0.495257,0.492445,0.488348,0.48259,0.474786,0.464586,0.451729,0.4361,0.417782,0.397086,0.374562,0.350973,0.327245,0.3044,0.28347,0.265427,0.25111,0.241185,0.236106,0.236106,0.241185,0.25111,0.265427,0.28347,0.3044,0.327245,0.350973,0.374562,0.397086,0.417782,0.4361,0.451729,0.464586,0.474786,0.48259,0.488348,0.492445,0.495257,0.497118,0.498306,0.499037,0.49947,0.499718,0.499855,0.499928,0.499966,0.499984,0.499993,0.499997,0.499998,0.499998
0.499999,0.499999,0.499998,0.499995,0.499989,0.499976,0.499949,0.499897,0.499799,0.499621,0.499307,0.498777,0.49791,0.496545,0.49447,0.491429,0.487128,0.481261,0.473539,0.463736,0.451729,0.437547,0.421396,0.403675,0.384966,0.365998,0.347596,0.330619,0.315891,0.304144,0.295968,0.291774,0.291774,0.295968,0.304144,0.315891,0.330619,0.347596,0.365998,0.384966,0.403675,0.421396,0.437547,0.451729,0.463736,0.473539,0.481261,0.487128,0.491429,0.49447,0.496545,0.49791,0.498777,0.499307,0.499621,0.499799,0.499897,0.499949,0.499976,0.499989,0.499995,0.499998,0.499999,0.499999
0.499999,0.499999,0.499998,0.499997,0.499992,0.499983,0.499965,0.499929,0.499861,0.499736,0.499516,0.499142,0.498528,0.497555,0.496069,0.493876,0.490756,0.486473,0.480797,0.473539,0.464586,0.453932,0.441706,0.42819,0.413813,0.39913,0.384787,0.371469,0.359851,0.350542,0.344041,0.340699,0.340699,0.344041,0.350542,0.359851,0.371469,0.384787,0.39913,0.413813,0.42819,0.441706,0.453932,0.464586,0.473539,0.480797,0.486473,0.490756,0.493876,0.496069,0.497555,0.498528,0.499142,0.499516,0.499736,0.499861,0.499929,0.499965,0.499983,0.499992,0.499997,0.499998,0.499999,0.499999
0.499999,0.499999,0.499999,0.499998,0.499995,0.499989,0.499977,0.499953,0.499907,0.499822,0.499672,0.499416,0.498994,0.498321,0.497287,0.495753,0.493557,0.490521,0.486473,0.481261,0.474786,0.467026,0.458057,0.448072,0.437376,0.426378,0.415567,0.405471,0.39662,0.389499,0.38451,0.381941,0.381941,0.38451,0.389499,0.39662,0.405471,0.415567,0.426378,0.437376,0.448072,0.458057,0.467026,0.474786,0.481261,0.486473,0.490521,0.493557,0.495753,0.497287,0.498321,0.498994,0.499416,0.499672,0.499822,0.499907,0.499953,0.499977,0.499989,0.499995,0.499998,0.499999,0.499999,0.499999
0.5,0.5,0.499999,0.499999,0.499997,0.499993,0.499985,0.499969,0.499939,0.499884,0.499785,0.499615,0.499333,0.498881,0.498184,0.497142,0.495642,0.493557,0.490756,0.487128,0.48259,0.477114,0.470743,0.463601,0.455902,0.447937,0.440062,0.43267,0.426159,0.420902,0.417209,0.415304,0.415304,0.417209,0.420902,0.426159,0.43267,0.440062,0.447937,0.455902,0.463601,0.470743,0.477114,0.48259,0.487128,0.490756,0.493557,0.495642,0.497142,0.498184,0.498881,0.499333,0.499615,0.499785,0.499884,0.499939,0.499969,0.499985,0.499993,0.499997,0.499999,0.499999,0.5,0.5
0.5,0.5,0.5,0.499999,0.499998,0.499996,0.499991,0.499981,0.499962,0.499926,0.499863,0.499753,0.499571,0.499277,0.498821,0.498135,0.497142,0.495753,0.493876,0.491429,0.488348,0.484607,0.480226,0.475285,0.469927,0.464351,0.458809,0.453583,0.448961,0.445216,0.44258,0.441218,0.441218,0.44258,0.445216,0.448961,0.453583,0.458809,0.464351,0.469927,0.475285,0.480226,0.484607,0.488348,0.491429,0.493876,0.495753,0.497142,0.498135,0.498821,0.499277,0.499571,0.499753,0.499863,0.499926,0.499962,0.499981,0.499991,0.499996,0.499998,0.499999,0.5,0.5,0.5
0.5,0.5,0.5,0.499999,0.499999,0.499997,0.499994,0.499988,0.499976,0.499955,0.499915,0.499847,0.499733,0.499547,0.499258,0.498821,0.498184,0.497287,0.496069,0.49447,0.492445,0.489972,0.487058,0.483753,0.480148,0.476377,0.472611,0.469044,0.465878,0.463306,0.46149,0.460551,0.460551,0.46149,0.463306,0.465878,0.469044,0.472611,0.476377,0.480148,0.483753,0.487058,0.489972,0.492445,0.49447,0.496069,0.497287,0.498184,0.498821,0.499258,0.499547,0.499733,0.499847,0.499915,0.499955,0.499976,0.499988,0.499994,0.499997,0.499999,0.499999,0.5,0.5,0.5
0.5,0.5,0.5,0.5,0.499999,0.499998,0.499997,0.499993,0.499986,0.499973,0.499949,0.499908,0.499838,0.499725,0.499547,0.499277,0.498881,0.498321,0.497555,0.496545,0.495257,0.493676,0.491802,0.489664,0.487321,0.484858,0.482387,0.480038,0.477946,0.476241,0.475035,0.474411,0.474411,0.475035,0.476241,0.477946,0.480038,0.482387,0.484858,0.487321,0.489664,0.491802,0.493676,0.495257,0.496545,0.497555,0.498321,0.498881,0.499277,0.499547,0.499725,0.499838,0.499908,0.499949,0.499973,0.499986,0.499993,0.499997,0.499998,0.499999,0.5,0.5,0.5,0.5
0.5,0.5,0.5,0.5,0.5,0.499999,0.499998,0.499996,0.499992,0.499984,0.499971,0.499946,0.499905,0.499838,0.499733,0.499571,0.499333,0.498994,0.498528,0.49791,0.497118,0.49614,0.494975,0.49364,0.492168,0.490615,0.489051,0.487557,0.486223,0.485134,0.484362,0.483962,0.483962,0.484362,0.485134,0.486223,0.487557,0.489051,0.490615,0.492168,0.49364,0.494975,0.49614,0.497118,0.49791,0.498528,0.498994,0.499333,0.499571,0.499733,0.499838,0.499905,0.499946,0.499971,0.499984,0.499992,0.499996,0.499998,0.499999,0.5,0.5,0.5,0.5,0.5
0.5,0.5,0.5,0.5,0.5,0.5,0.499999,0.499998,0.499996,0.499991,0.499983,0.49997,0.499946,0.499908,0.499847,0.499753,0.499615,0.499416,0.499142,0.498777,0.498306,0.497721,0.497021,0.496215,0.495323,0.494377,0.493421,0.492506,0.491685,0.491014,0.490537,0.49029,0.49029,0.490537,0.491014,0.491685,0.492506,0.493421,0.494377,0.495323,0.496215,0.497021,0.497721,0.498306,0.498777,0.499142,0.499416,0.499615,0.499753,0.499847,0.499908,0.499946,0.49997,0.499983,0.499991,0.499996,0.499998,0.499999,0.5,0.5,0.5,0.5,0.5,0.5
0.5,0.5,0.5,0.5,0.5,0.5,0.499999,0.499999,0.499998,0.499995,0.499991,0.499983,0.499971,0.499949,0.499915,0.499863,0.499785,0.499672,0.499516,0.499307,0.499037,0.498699,0.498293,0.497823,0.497301,0.496745,0.496181,0.495639,0.495153,0.494753,0.49447,0.494323,0.494323,0.49447,0.494753,0.495153,0.495639,0.496181,0.496745,0.497301,0.497823,0.498293,0.498699,0.499037,0.499307,0.499516,0.499672,0.499785,0.499863,0.499915,0.499949,0.499971,0.499983,0.499991,0.499995,0.499998,0.499999,0.499999,0.5,0.5,0.5,0.5,0.5,0.5
0.5,0.5,0.5,0.5,0.5,0.5,0.5,0.499999,0.499999,0.499998,0.499995,0.499991,0.499984,0.499973,0.499955,0.499926,0.499884,0.499822,0.499736,0.499621,0.49947,0.499282,0.499054,0.49879,0.498494,0.498179,0.497858,0.497549,0.497271,0.497042,0.496879,0.496795,0.496795,0.496879,0.497042,0.497271,0.497549,0.497858,0.498179,0.498494,0.49879,0.499054,0.499282,0.49947,0.499621,0.499736,0.499822,0.499884,0.499926,0.499955,0.499973,0.499984,0.499991,0.499995,0.499998,0.499999,0.499999,0.5,0.5,0.5,0.5,0.5,0.5,0.5
0.5,0.5,0.5,0.5,0.5,0.5,0.5,0.5,0.499999,0.499999,0.499998,0.499996,0.499992,0.499986,0.499976,0.499962,0.499939,0.499907,0.499861,0.499799,0.499718,0.499617,0.499494,0.49935,0.499189,0.499016,0.49884,0.49867,0.498516,0.49839,0.4983,0.498253,0.498253,0.4983,0.49839,0.498516,0.49867,0.49884,0.499016,0.499189,0.49935,0.499494,0.499617,0.499718,0.499799,0.499861,0.499907,0.499939,0.499962,0.499976,0.499986,0.499992,0.499996,0.499998,0.499999,0.499999,0.5,0.5,0.5,0.5,0.5,0.5,0.5,0.5
0.5,0.5,0.5,0.5,0.5,0.5,0.5,0.5,0.5,0.499999,0.499999,0.499998,0.499996,0.499993,0.499988,0.499981,0.499969,0.499953,0.499929,0.499897,0.499855,0.499802,0.499738,0.499663,0.499578,0.499487,0.499393,0.499303,0.499221,0.499154,0.499106,0.499081,0.499081,0.499106,0.499154,0.499221,0.499303,0.499393,0.499487,0.499578,0.499663,0.499738,0.499802,0.499855,0.499897,0.499929,0.499953,0.499969,0.499981,0.499988,0.499993,0.499996,0.499998,0.499999,0.499999,0.5,0.5,0.5,0.5,0.5,0.5,0.5,0.5,0.5
0.5,0.5,0.5,0.5,0.5,0.5,0.5,0.5,0.5,0.5,0.499999,0.499999,0.499998,0.499997,0.499994,0.499991,0.499985,0.499977,0.499965,0.499949,0.499928,0.499902,0.499869,0.499831,0.499788,0.499741,0.499694,0.499647,0.499605,0.499571,0.499546,0.499533,0.499533,0.499546,0.499571,0.499605,0.499647,0.499694,0.499741,0.499788,0.499831,0.499869,0.499902,0.499928,0.499949,0.499965,0.499977,0.499985,0.499991,0.499994,0.499997,0.499998,0.499999,0.499999,0.5,0.5,0.5,0.5,0.5,0.5,0.5,0.5,0.5,0.5
0.5,0.5,0.5,0.5,0.5,0.5,0.5,0.5,0.5,0.5,0.5,0.5,0.499999,0.499998,0.499997,0.499996,0.499993,0.499989,0.499983,0.499976,0.499966,0.499953,0.499937,0.499918,0.499897,0.499874,0.499851,0.499828,0.499807,0.49979,0.499777,0.499771,0.499771,0.499777,0.49979,0.499807,0.499828,0.499851,0.499874,0.499897,0.499918,0.499937,0.499953,0.499966,0.499976,0.499983,0.499989,0.499993,0.499996,0.499997,0.499998,0.499999,0.5,0.5,0.5,0.5,0.5,0.5,0.5,0.5,0.5,0.5,0.5,0.5
0.5,0.5,0.5,0.5,0.5,0.5,0.5,0.5,0.5,0.5,0.5,0.5,0.5,0.499999,0.499999,0.499998,0.499997,0.499995,0.499992,0.499989,0.499984,0.499978,0.49997,0.499962,0.499952,0.499941,0.49993,0.499919,0.499909,0.4999,0.499895,0.499891,0.499891,0.499895,0.4999,0.499909,0.499919,0.49993,0.499941,0.499952,0.499962,0.49997,0.499978,0.499984,0.499989,0.499992,0.499995,0.499997,0.499998,0.499999,0.499999,0.5,0.5,0.5,0.5,0.5,0.5,0.5,0.5,0.5,0.5,0.5,0.5,0.5
0.5,0.5,0.5,0.5,0.5,0.5,0.5,0.5,0.5,0.5,0.5,0.5,0.5,0.5,0.499999,0.499999,0.499999,0.499998,0.499997,0.499995,0.499993,0.49999,0.499987,0.499983,0.499978,0.499973,0.499968,0.499963,0.499958,0.499954,0.499951,0.49995,0.49995,0.499951,0.499954,0.499958,0.499963,0.499968,0.499973,0.499978,0.499983,0.499987,0.49999,0.499993,0.499995,0.499997,0.499998,0.499999,0.499999,0.499999,0.5,0.5,0.5,0.5,0.5,0.5,0.5,0.5,0.5,0.5,0.5,0.5,0.5,0.5
0.5,0.5,0.5,0.5,0.5,0.5,0.5,0.5,0.5,0.5,0.5,0.5,0.5,0.5,0.5,0.5,0.499999,0.499999,0.499998,0.499998,0.499997,0.499995,0.499994,0.499992,0.49999,0.499987,0.499985,0.499983,0.49998,0.499979,0.499977,0.499977,0.499977,0.499977,0.499979,0.49998,0.499983,0.499985,0.499987,0.49999,0.499992,0.499994,0.499995,0.499997,0.499998,0.499998,0.499999,0.499999,0.5,0.5,0.5,0.5,0.5,0.5,0.5,0.5,0.5,0.5,0.5,0.5,0.5,0.5,0.5,0.5
0.5,0.5,0.5,0.5,0.5,0.5,0.5,0.5,0.5,0.5,0.5,0.5,0.5,0.5,0.5,0.5,0.5,0.499999,0.499999,0.499999,0.499998,0.499997,0.499997,0.499996,0.499994,0.499993,0.499992,0.49999,0.499989,0.499988,0.499987,0.499987,0.499987,0.499987,0.499988,0.499989,0.49999,0.499992,0.499993,0.499994,0.499996,0.499997,0.499997,0.499998,0.499999,0.499999,0.499999,0.5,0.5,0.5,0.5,0.5,0.5,0.5,0.5,0.5,0.5,0.5,0.5,0.5,0.5,0.5,0.5,0.5
0.5,0.5,0.5,0.5,0.5,0.5,0.5,0.5,0.5,0.5,0.5,0.5,0.5,0.5,0.5,0.5,0.5,0.499999,0.499999,0.499999,0.499998,0.499997,0.499997,0.499996,0.499994,0.499993,0.499992,0.49999,0.499989,0.499988,0.499987,0.499987,0.499987,0.499987,0.499988,0.499989,0.49999,0.499992,0.499993,0.499994,0.499996,0.499997,0.499997,0.499998,0.499999,0.499999,0.499999,0.5,0.5,0.5,0.5,0.5,0.5,0.5,0.5,0.5,0.5,0.5,0.5,0.5,0.5,0.5,0.5,0.5
