0.5,0.5,0.5,0.5,0.5,0.5,0.5,0.499999,0.499999,0.499998,0.499996,0.499993,0.499988,0.499982,0.499971,0.499957,0.499937,0.499909,0.499874,0.499829,0.499773,0.499707,0.49963,0.499545,0.499454,0.499359,0.499266,0.499178,0.4991,0.499037,0.498993,0.49897,0.49897,0.498993,0.499037,0.4991,0.499178,0.499266,0.499359,0.499454,0.499545,0.49963,0.499707,0.499773,0.499829,0.499874,0.499909,0.499937,0.499957,0.499971,0.499982,0.499988,0.499993,0.499996,0.499998,0.499999,0.499999,0.5,0.5,0.5,0.5,0.5,0.5,0.5
0.5,0.5,0.5,0.5,0.5,0.5,0.5,0.499999,0.499999,0.499998,0.499996,0.499993,0.499988,0.499982,0.499971,0.499957,0.499937,0.499909,0.499874,0.499829,0.499773,0.499707,0.49963,0.499545,0.499454,0.499359,0.499266,0.499178,0.4991,0.499037,0.498993,0.49897,0.49897,0.498993,0.499037,0.4991,0.499178,0.499266,0.499359,0.499454,0.499545,0.49963,0.499707,0.499773,0.499829,0.499874,0.499909,0.499937,0.499957,0.499971,0.499982,0.499988,0.499993,0.499996,0.499998,0.499999,0.499999,0.5,0.5,0.5,0.5,0.5,0.5,0.5
0.5,0.5,0.5,0.5,0.5,0.5,0.499999,0.499999,0.499998,0.499996,0.499993,0.499989,0.499982,0.499972,0.499957,0.499935,0.499905,0.499865,0.499813,0.499747,0.499667,0.499572,0.499463,0.499341,0.499212,0.499079,0.498947,0.498824,0.498715,0.498627,0.498565,0.498534,0.498534,0.498565,0.498627,0.498715,0.498824,0.498947,0.499079,0.499212,0.499341,0.499463,0.499572,0.499667,0.499747,0.499813,0.499865,0.499905,0.499935,0.499957,0.499972,0.499982,0.499989,0.499993,0.499996,0.499998,0.499999,0.499999,0.5,0.5,0.5,0.5,0.5,0.5
0.5,0.5,0.5,0.5,0.5,0.499999,0.499999,0.499998,0.499996,0.499993,0.499988,0.49998,0.499967,0.499949,0.499922,0.499883,0.499831,0.499761,0.499671,0.499558,0.499421,0.49926,0.499076,0.498873,0.498658,0.498437,0.49822,0.498018,0.49784,0.497696,0.497596,0.497544,0.497544,0.497596,0.497696,0.49784,0.498018,0.49822,0.498437,0.498658,0.498873,0.499076,0.49926,0.499421,0.499558,0.499671,0.499761,0.499831,0.499883,0.499922,0.499949,0.499967,0.49998,0.499988,0.499993,0.499996,0.499998,0.499999,0.499999,0.5,0.5,0.5,0.5,0.5
0.5,0.5,0.5,0.5,0.499999,0.499999,0.499998,0.499996,0.499992,0.499986,0.499977,0.499962,0.499938,0.499904,0.499854,0.499784,0.499689,0.499564,0.499403,0.499203,0.498962,0.498681,0.498362,0.498012,0.497642,0.497265,0.496897,0.496554,0.496254,0.496013,0.495844,0.495757,0.495757,0.495844,0.496013,0.496254,0.496554,0.496897,0.497265,0.497642,0.498012,0.498362,0.498681,0.498962,0.499203,0.499403,0.499564,0.499689,0.499784,0.499854,0.499904,0.499938,0.499962,0.499977,0.499986,0.499992,0.499996,0.499998,0.499999,0.499999,0.5,0.5,0.5,0.5
0.5,0.5,0.5,0.499999,0.499999,0.499998,0.499995,0.499992,0.499985,0.499974,0.499956,0.499928,0.499886,0.499823,0.499733,0.499607,0.499438,0.499216,0.498935,0.498587,0.49817,0.497687,0.497142,0.496549,0.495925,0.495292,0.494677,0.494106,0.493608,0.493209,0.49293,0.492786,0.492786,0.49293,0.493209,0.493608,0.494106,0.494677,0.495292,0.495925,0.496549,0.497142,0.497687,0.49817,0.498587,0.498935,0.499216,0.499438,0.499607,0.499733,0.499823,0.499886,0.499928,0.499956,0.499974,0.499985,0.499992,0.499995,0.499998,0.499999,0.499999,0.5,0.5,0.5
0.5,0.5,0.499999,0.499999,0.499998,0.499995,0.499991,0.499984,0.499972,0.499952,0.49992,0.49987,0.499794,0.499682,0.499524,0.499305,0.499013,0.498632,0.498152,0.497563,0.496864,0.496057,0.495156,0.49418,0.493158,0.492128,0.49113,0.490209,0.489409,0.488769,0.488322,0.488093,0.488093,0.488322,0.488769,0.489409,0.490209,0.49113,0.492128,0.493158,0.49418,0.495156,0.496057,0.496864,0.497563,0.498152,0.498632,0.499013,0.499305,0.499524,0.499682,0.499794,0.49987,0.49992,0.499952,0.499972,0.499984,0.499991,0.499995,0.499998,0.499999,0.499999,0.5,0.5
0.499999,0.499999,0.499999,0.499998,0.499996,0.499992,0.499984,0.499972,0.49995,0.499914,0.499858,0.49977,0.499638,0.499447,0.499177,0.498808,0.498317,0.497684,0.496891,0.495927,0.494791,0.493489,0.492045,0.490491,0.488876,0.487255,0.485694,0.48426,0.483018,0.482027,0.481338,0.480984,0.480984,0.481338,0.482027,0.483018,0.48426,0.485694,0.487255,0.488876,0.490491,0.492045,0.493489,0.494791,0.495927,0.496891,0.497684,0.498317,0.498808,0.499177,0.499447,0.499638,0.49977,0.499858,0.499914,0.49995,0.499972,0.499984,0.499992,0.499996,0.499998,0.499999,0.499999,0.499999
0.499999,0.499999,0.499998,0.499996,0.499992,0.499985,0.499972,0.49995,0.499912,0.499851,0.499754,0.499606,0.499385,0.499066,0.49862,0.498015,0.497217,0.496197,0.494931,0.493404,0.491617,0.489587,0.48735,0.484962,0.482496,0.480037,0.477681,0.475526,0.473668,0.472192,0.471167,0.470641,0.470641,0.471167,0.472192,0.473668,0.475526,0.477681,0.480037,0.482496,0.484962,0.48735,0.489587,0.491617,0.493404,0.494931,0.496197,0.497217,0.498015,0.49862,0.499066,0.499385,0.499606,0.499754,0.499851,0.499912,0.49995,0.499972,0.499985,0.499992,0.499996,0.499998,0.499999,0.499999
0.499998,0.499998,0.499996,0.499993,0.499986,0.499974,0.499952,0.499914,0.499851,0.499749,0.499588,0.499344,0.498984,0.498469,0.497755,0.496794,0.495538,0.493947,0.491987,0.489646,0.486929,0.483868,0.480523,0.476979,0.473344,0.469745,0.466317,0.463199,0.460522,0.458402,0.456933,0.456182,0.456182,0.456933,0.458402,0.460522,0.463199,0.466317,0.469745,0.473344,0.476979,0.480523,0.483868,0.486929,0.489646,0.491987,0.493947,0.495538,0.496794,0.497755,0.498469,0.498984,0.499344,0.499588,0.499749,0.499851,0.499914,0.499952,0.499974,0.499986,0.499993,0.499996,0.499998,0.499998
0.499996,0.499996,0.499993,0.499988,0.499977,0.499956,0.49992,0.499858,0.499754,0.499588,0.49933,0.498941,0.498371,0.497564,0.496454,0.494974,0.493059,0.490652,0.487718,0.484242,0.480246,0.475785,0.470952,0.465872,0.460704,0.455623,0.450816,0.446469,0.442755,0.439826,0.437803,0.436769,0.436769,0.437803,0.439826,0.442755,0.446469,0.450816,0.455623,0.460704,0.465872,0.470952,0.475785,0.480246,0.484242,0.487718,0.490652,0.493059,0.494974,0.496454,0.497564,0.498371,0.498941,0.49933,0.499588,0.499754,0.499858,0.49992,0.499956,0.499977,0.499988,0.499993,0.499996,0.499996
0.499993,0.499993,0.499989,0.49998,0.499962,0.499928,0.49987,0.49977,0.499606,0.499344,0.498941,0.498337,0.497463,0.496234,0.494561,0.49235,0.489516,0.485991,0.481733,0.47674,0.471054,0.464767,0.458019,0.450991,0.443901,0.436985,0.430491,0.424654,0.419696,0.415801,0.41312,0.411753,0.411753,0.41312,0.415801,0.419696,0.424654,0.430491,0.436985,0.443901,0.450991,0.458019,0.464767,0.471054,0.47674,0.481733,0.485991,0.489516,0.49235,0.494561,0.496234,0.497463,0.498337,0.498941,0.499344,0.499606,0.49977,0.49987,0.499928,0.499962,0.49998,0.499989,0.499993,0.499993
0.499988,0.499988,0.499982,0.499967,0.499938,0.499886,0.499794,0.499638,0.499385,0.498984,0.498371,0.497463,0.496158,0.494342,0.491893,0.488688,0.484621,0.479613,0.473627,0.46668,0.458851,0.450283,0.441178,0.431789,0.422405,0.413332,0.404879,0.397338,0.390969,0.385993,0.382578,0.380842,0.380842,0.382578,0.385993,0.390969,0.397338,0.404879,0.413332,0.422405,0.431789,0.441178,0.450283,0.458851,0.46668,0.473627,0.479613,0.484621,0.488688,0.491893,0.494342,0.496158,0.497463,0.498371,0.498984,0.499385,0.499638,0.499794,0.499886,0.499938,0.499967,0.499982,0.499988,0.499988
0.499982,0.499982,0.499972,0.499949,0.499904,0.499823,0.499682,0.499447,0.499066,0.498469,0.497564,0.496234,0.494342,0.491735,0.488251,0.483741,0.478077,0.471176,0.463017,0.453653,0.443216,0.43192,0.420048,0.407936,0.395954,0.384483,0.373892,0.364517,0.356655,0.350546,0.346371,0.344254,0.344254,0.346371,0.350546,0.356655,0.364517,0.373892,0.384483,0.395954,0.407936,0.420048,0.43192,0.443216,0.453653,0.463017,0.471176,0.478077,0.483741,0.488251,0.491735,0.494342,0.496234,0.497564,0.498469,0.499066,0.499447,0.499682,0.499823,0.499904,0.499949,0.499972,0.499982,0.499982
0.499971,0.499971,0.499957,0.499922,0.499854,0.499733,0.499524,0.499177,0.49862,0.497755,0.496454,0.494561,0.491893,0.488251,0.483437,0.477269,0.469607,0.460378,0.449591,0.437355,0.423881,0.409471,0.394507,0.379419,0.364664,0.35069,0.337918,0.326716,0.317395,0.310199,0.305305,0.302829,0.302829,0.305305,0.310199,0.317395,0.326716,0.337918,0.35069,0.364664,0.379419,0.394507,0.409471,0.423881,0.437355,0.449591,0.460378,0.469607,0.477269,0.483437,0.488251,0.491893,0.494561,0.496454,0.497755,0.49862,0.499177,0.499524,0.499733,0.499854,0.499922,0.499957,0.499971,0.499971
0.499957,0.499957,0.499935,0.499883,0.499784,0.499607,0.499305,0.498808,0.498015,0.496794,0.494974,0.49235,0.488688,0.483741,0.477269,0.469067,0.458996,0.447006,0.433163,0.417658,0.400801,0.383007,0.364769,0.346619,0.329095,0.312701,0.297889,0.285035,0.274436,0.266314,0.260821,0.258053,0.258053,0.260821,0.266314,0.274436,0.285035,0.297889,0.312701,0.329095,0.346619,0.364769,0.383007,0.400801,0.417658,0.433163,0.447006,0.458996,0.469067,0.477269,0.483741,0.488688,0.49235,0.494974,0.496794,0.498015,0.498808,0.499305,0.499607,0.499784,0.499883,0.499935,0.499957,0.499957
0.499937,0.499937,0.499905,0.499831,0.499689,0.499438,0.499013,0.498317,0.497217,0.495538,0.493059,0.489516,0.484621,0.478077,0.469607,0.458996,0.446119,0.430978,0.413723,0.394653,0.374204,0.352924,0.331426,0.31034,0.290271,0.27176,0.255255,0.241107,0.229567,0.220803,0.214916,0.211961,0.211961,0.214916,0.220803,0.229567,0.241107,0.255255,0.27176,0.290271,0.31034,0.331426,0.352924,0.374204,0.394653,0.413723,0.430978,0.446119,0.458996,0.469607,0.478077,0.484621,0.489516,0.493059,0.495538,0.497217,0.498317,0.499013,0.499438,0.499689,0.499831,0.499905,0.499937,0.499937
0.499909,0.499909,0.499865,0.499761,0.499564,0.499216,0.498632,0.497684,0.496197,0.493947,0.490652,0.485991,0.479613,0.471176,0.460378,0.447006,0.430978,0.412377,0.391466,0.368682,0.344614,0.319953,0.295432,0.271771,0.249619,0.229514,0.211867,0.196959,0.184959,0.175944,0.169939,0.16694,0.16694,0.169939,0.175944,0.184959,0.196959,0.211867,0.229514,0.249619,0.271771,0.295432,0.319953,0.344614,0.368682,0.391466,0.412377,0.430978,0.447006,0.460378,0.471176,0.479613,0.485991,0.490652,0.493947,0.496197,0.497684,0.498632,0.499216,0.499564,0.499761,0.499865,0.499909,0.499909
0.499874,0.499874,0.499813,0.499671,0.499403,0.498935,0.498152,0.496891,0.494931,0.491987,0.487718,0.481733,0.473627,0.463017,0.449591,0.433163,0.413723,0.391466,0.3668,0.340334,0.312823,0.285107,0.258036,0.23239,0.208829,0.18785,0.169779,0.154784,0.142909,0.134113,0.128316,0.125441,0.125441,0.128316,0.134113,0.142909,0.154784,0.169779,0.18785,0.208829,0.23239,0.258036,0.285107,0.312823,0.340334,0.3668,0.391466,0.413723,0.433163,0.449591,0.463017,0.473627,0.481733,0.487718,0.491987,0.494931,0.496891,0.498152,0.498935,0.499403,0.499671,0.499813,0.499874,0.499874
0.499829,0.499829,0.499747,0.499558,0.499203,0.498587,0.497563,0.495927,0.493404,0.489646,0.484242,0.47674,0.46668,0.453653,0.437355,0.417658,0.394653,0.368682,0.340334,0.310406,0.279833,0.249603,0.220655,0.193804,0.169675,0.148676,0.131002,0.116667,0.105553,0.097474,0.0922275,0.0896498,0.0896498,0.0922275,0.097474,0.105553,0.116667,0.131002,0.148676,0.169675,0.193804,0.220655,0.249603,0.279833,0.310406,0.340334,0.368682,0.394653,0.417658,0.437355,0.453653,0.46668,0.47674,0.484242,0.489646,0.493404,0.495927,0.497563,0.498587,0.499203,0.499558,0.499747,0.499829,0.499829
0.499773,0.499773,0.499667,0.499421,0.498962,0.49817,0.496864,0.494791,0.491617,0.486929,0.480246,0.471054,0.458851,0.443216,0.423881,0.400801,0.374204,0.344614,0.312823,0.279833,0.246761,0.214723,0.184724,0.157567,0.133797,0.113684,0.0972498,0.0843172,0.074583,0.0676939,0.0633172,0.0611977,0.0611977,0.0633172,0.0676939,0.074583,0.0843172,0.0972498,0.113684,0.133797,0.157567,0.184724,0.214723,0.246761,0.279833,0.312823,0.344614,0.374204,0.400801,0.423881,0.443216,0.458851,0.471054,0.480246,0.486929,0.491617,0.494791,0.496864,0.49817,0.498962,0.499421,0.499667,0.499773,0.499773
0.499707,0.499707,0.499572,0.49926,0.498681,0.497687,0.496057,0.493489,0.489587,0.483868,0.475785,0.464767,0.450283,0.43192,0.409471,0.383007,0.352924,0.319953,0.285107,0.249603,0.214723,0.181691,0.151535,0.125003,0.102511,0.0841506,0.0697314,0.0588615,0.0510372,0.0457348,0.0424898,0.0409583,0.0409583,0.0424898,0.0457348,0.0510372,0.0588615,0.0697314,0.0841506,0.102511,0.125003,0.151535,0.181691,0.214723,0.249603,0.285107,0.319953,0.352924,0.383007,0.409471,0.43192,0.450283,0.464767,0.475785,0.483868,0.489587,0.493489,0.496057,0.497687,0.498681,0.49926,0.499572,0.499707,0.499707
0.49963,0.49963,0.499463,0.499076,0.498362,0.497142,0.495156,0.492045,0.48735,0.480523,0.470952,0.458019,0.441178,0.420048,0.394507,0.364769,0.331426,0.295432,0.258036,0.220655,0.184724,0.151535,0.1221,0.0970633,0.0766719,0.0608001,0.0490248,0.0407274,0.0352036,0.0317665,0.0298305,0.0289728,0.0289728,0.0298305,0.0317665,0.0352036,0.0407274,0.0490248,0.0608001,0.0766719,0.0970633,0.1221,0.151535,0.184724,0.220655,0.258036,0.295432,0.331426,0.364769,0.394507,0.420048,0.441178,0.458019,0.470952,0.480523,0.48735,0.492045,0.495156,0.497142,0.498362,0.499076,0.499463,0.49963,0.49963
0.499545,0.499545,0.499341,0.498873,0.498012,0.496549,0.49418,0.490491,0.484962,0.476979,0.465872,0.450991,0.431789,0.407936,0.379419,0.346619,0.31034,0.271771,0.23239,0.193804,0.157567,0.125003,0.0970633,0.0742501,0.056604,0.0437614,0.0350565,0.0296472,0.026642,0.0252091,0.0246612,0.0245125,0.0245125,0.0246612,0.0252091,0.026642,0.0296472,0.0350565,0.0437614,0.056604,0.0742501,0.0970633,0.125003,0.157567,0.193804,0.23239,0.271771,0.31034,0.346619,0.379419,0.407936,0.431789,0.450991,0.465872,0.476979,0.484962,0.490491,0.49418,0.496549,0.498012,0.498873,0.499341,0.499545,0.499545
0.499454,0.499454,0.499212,0.498658,0.497642,0.495925,0.493158,0.488876,0.482496,0.473344,0.460704,0.443901,0.422405,0.395954,0.364664,0.329095,0.290271,0.249619,0.208829,0.169675,0.133797,0.102511,0.0766719,0.056604,0.0421216,0.0326138,0.0271771,0.0247626,0.0243148,0.0248843,0.0257071,0.0262535,0.0262535,0.0257071,0.0248843,0.0243148,0.0247626,0.0271771,0.0326138,0.0421216,0.056604,0.0766719,0.102511,0.133797,0.169675,0.208829,0.249619,0.290271,0.329095,0.364664,0.395954,0.422405,0.443901,0.460704,0.473344,0.482496,0.488876,0.493158,0.495925,0.497642,0.498658,0.499212,0.499454,0.499454
0.499359,0.499359,0.499079,0.498437,0.497265,0.495292,0.492128,0.487255,0.480037,0.469745,0.455623,0.436985,0.413332,0.384483,0.35069,0.312701,0.27176,0.229514,0.18785,0.148676,0.113684,0.0841506,0.0608001,0.0437614,0.0326138,0.0265051,0.0243109,0.0248015,0.0267885,0.0292357,0.0313293,0.0325156,0.0325156,0.0313293,0.0292357,0.0267885,0.0248015,0.0243109,0.0265051,0.0326138,0.0437614,0.0608001,0.0841506,0.113684,0.148676,0.18785,0.229514,0.27176,0.312701,0.35069,0.384483,0.413332,0.436985,0.455623,0.469745,0.480037,0.487255,0.492128,0.495292,0.497265,0.498437,0.499079,0.499359,0.499359
0.499266,0.499266,0.498947,0.49822,0.496897,0.494677,0.49113,0.485694,0.477681,0.466317,0.450816,0.430491,0.404879,0.373892,0.337918,0.297889,0.255255,0.211867,0.169779,0.131002,0.0972498,0.0697314,0.0490248,0.0350565,0.0271771,0.0243109,0.0251394,0.028284,0.0324564,0.036564,0.0397687,0.0415105,0.0415105,0.0397687,0.036564,0.0324564,0.028284,0.0251394,0.0243109,0.0271771,0.0350565,0.0490248,0.0697314,0.0972498,0.131002,0.169779,0.211867,0.255255,0.297889,0.337918,0.373892,0.404879,0.430491,0.450816,0.466317,0.477681,0.485694,0.49113,0.494677,0.496897,0.49822,0.498947,0.499266,0.499266
0.499178,0.499178,0.498824,0.498018,0.496554,0.494106,0.490209,0.48426,0.475526,0.463199,0.446469,0.424654,0.397338,0.364517,0.326716,0.285035,0.241107,0.196959,0.154784,0.116667,0.0843172,0.0588615,0.0407274,0.0296472,0.0247626,0.0248015,0.028284,0.0337159,0.0397401,0.0452343,0.0493562,0.0515531,0.0515531,0.0493562,0.0452343,0.0397401,0.0337159,0.028284,0.0248015,0.0247626,0.0296472,0.0407274,0.0588615,0.0843172,0.116667,0.154784,0.196959,0.241107,0.285035,0.326716,0.364517,0.397338,0.424654,0.446469,0.463199,0.475526,0.48426,0.490209,0.494106,0.496554,0.498018,0.498824,0.499178,0.499178
0.4991,0.4991,0.498715,0.49784,0.496254,0.493608,0.489409,0.483018,0.473668,0.460522,0.442755,0.419696,0.390969,0.356655,0.317395,0.274436,0.229567,0.184959,0.142909,0.105553,0.074583,0.0510372,0.0352036,0.026642,0.0243148,0.0267885,0.0324564,0.0397401,0.0472401,0.0538236,0.0586578,0.0612054,0.0612054,0.0586578,0.0538236,0.0472401,0.0397401,0.0324564,0.0267885,0.0243148,0.026642,0.0352036,0.0510372,0.074583,0.105553,0.142909,0.184959,0.229567,0.274436,0.317395,0.356655,0.390969,0.419696,0.442755,0.460522,0.473668,0.483018,0.489409,0.493608,0.496254,0.49784,0.498715,0.4991,0.4991
0.499037,0.499037,0.498627,0.497696,0.496013,0.493209,0.488769,0.482027,0.472192,0.458402,0.439826,0.415801,0.385993,0.350546,0.310199,0.266314,0.220803,0.175944,0.134113,0.097474,0.0676939,0.0457348,0.0317665,0.0252091,0.0248843,0.0292357,0.036564,0.0452343,0.0538236,0.0612007,0.0665482,0.0693468,0.0693468,0.0665482,0.0612007,0.0538236,0.0452343,0.036564,0.0292357,0.0248843,0.0252091,0.0317665,0.0457348,0.0676939,0.097474,0.134113,0.175944,0.220803,0.266314,0.310199,0.350546,0.385993,0.415801,0.439826,0.458402,0.472192,0.482027,0.488769,0.493209,0.496013,0.497696,0.498627,0.499037,0.499037
0.498993,0.498993,0.498565,0.497596,0.495844,0.49293,0.488322,0.481338,0.471167,0.456933,0.437803,0.41312,0.382578,0.346371,0.305305,0.260821,0.214916,0.169939,0.128316,0.0922275,0.0633172,0.0424898,0.0298305,0.0246612,0.0257071,0.0313293,0.0397687,0.0493562,0.0586578,0.0665482,0.0722248,0.0751833,0.0751833,0.0722248,0.0665482,0.0586578,0.0493562,0.0397687,0.0313293,0.0257071,0.0246612,0.0298305,0.0424898,0.0633172,0.0922275,0.128316,0.169939,0.214916,0.260821,0.305305,0.346371,0.382578,0.41312,0.437803,0.456933,0.471167,0.481338,0.488322,0.49293,0.495844,0.497596,0.498565,0.498993,0.498993
0.49897,0.49897,0.498534,0.497544,0.495757,0.492786,0.488093,0.480984,0.470641,0.456182,0.436769,0.411753,0.380842,0.344254,0.302829,0.258053,0.211961,0.16694,0.125441,0.0896498,0.0611977,0.0409583,0.0289728,0.0245125,0.0262535,0.0325156,0.0415105,0.0515531,0.0612054,0.0693468,0.0751833,0.0782191,0.0782191,0.0751833,0.0693468,0.0612054,0.0515531,0.0415105,0.0325156,0.0262535,0.0245125,0.0289728,0.0409583,0.0611977,0.0896498,0.125441,0.16694,0.211961,0.258053,0.302829,0.344254,0.380842,0.411753,0.436769,0.456182,0.470641,0.480984,0.488093,0.492786,0.495757,0.497544,0.498534,0.49897,0.49897
0.49897,0.49897,0.498534,0.497544,0.495757,0.492786,0.488093,0.480984,0.470641,0.456182,0.436769,0.411753,0.380842,0.344254,0.302829,0.258053,0.211961,0.16694,0.125441,0.0896498,0.0611977,0.0409583,0.0289728,0.0245125,0.0262535,0.0325156,0.0415105,0.0515531,0.0612054,0.0693468,0.0751833,0.0782191,0.0782191,0.0751833,0.0693468,0.0612054,0.0515531,0.0415105,0.0325156,0.0262535,0.0245125,0.0289728,0.0409583,0.0611977,0.0896498,0.125441,0.16694,0.211961,0.258053,0.302829,0.344254,0.380842,0.411753,0.436769,0.456182,0.470641,0.480984,0.488093,0.492786,0.495757,0.497544,0.498534,0.49897,0.49897
0.498993,0.498993,0.498565,0.497596,0.495844,0.49293,0.488322,0.481338,0.471167,0.456933,0.437803,0.41312,0.382578,0.346371,0.305305,0.260821,0.214916,0.169939,0.128316,0.0922275,0.0633172,0.0424898,0.0298305,0.0246612,0.0257071,0.0313293,0.0397687,0.0493562,0.0586578,0.0665482,0.0722248,0.0751833,0.0751833,0.0722248,0.0665482,0.0586578,0.0493562,0.0397687,0.0313293,0.0257071,0.0246612,0.0298305,0.0424898,0.0633172,0.0922275,0.128316,0.169939,0.214916,0.260821,0.305305,0.346371,0.382578,0.41312,0.437803,0.456933,0.471167,0.481338,0.488322,0.49293,0.495844,0.497596,0.498565,0.498993,0.498993
0.499037,0.499037,0.498627,0.497696,0.496013,0.493209,0.488769,0.482027,0.472192,0.458402,0.439826,0.415801,0.385993,0.350546,0.310199,0.266314,0.220803,0.175944,0.134113,0.097474,0.0676939,0.0457348,0.0317665,0.0252091,0.0248843,0.0292357,0.036564,0.0452343,0.0538236,0.0612007,0.0665482,0.0693468,0.0693468,0.0665482,0.0612007,0.0538236,0.0452343,0.036564,0.0292357,0.0248843,0.0252091,0.0317665,0.0457348,0.0676939,0.097474,0.134113,0.175944,0.220803,0.266314,0.310199,0.350546,0.385993,0.415801,0.439826,0.458402,0.472192,0.482027,0.488769,0.493209,0.496013,0.497696,0.498627,0.499037,0.499037
0.4991,0.4991,0.498715,0.49784,0.496254,0.493608,0.489409,0.483018,0.473668,0.460522,0.442755,0.419696,0.390969,0.356655,0.317395,0.274436,0.229567,0.184959,0.142909,0.105553,0.074583,0.0510372,0.0352036,0.026642,0.0243148,0.0267885,0.0324564,0.0397401,0.0472401,0.0538236,0.0586578,0.0612054,0.0612054,0.0586578,0.0538236,0.0472401,0.0397401,0.0324564,0.0267885,0.0243148,0.026642,0.0352036,0.0510372,0.074583,0.105553,0.142909,0.184959,0.229567,0.274436,0.317395,0.356655,0.390969,0.419696,0.442755,0.460522,0.473668,0.483018,0.489409,0.493608,0.496254,0.49784,0.498715,0.4991,0.4991
0.499178,0.499178,0.498824,0.498018,0.496554,0.494106,0.490209,0.48426,0.475526,0.463199,0.446469,0.424654,0.397338,0.364517,0.326716,0.285035,0.241107,0.196959,0.154784,0.116667,0.0843172,0.0588615,0.0407274,0.0296472,0.0247626,0.0248015,0.028284,0.0337159,0.0397401,0.0452343,0.0493562,0.0515531,0.0515531,0.0493562,0.0452343,0.0397401,0.0337159,0.028284,0.0248015,0.0247626,0.0296472,0.0407274,0.0588615,0.0843172,0.116667,0.154784,0.196959,0.241107,0.285035,0.326716,0.364517,0.397338,0.424654,0.446469,0.463199,0.475526,0.48426,0.490209,0.494106,0.496554,0.498018,0.498824,0.499178,0.499178
0.499266,0.499266,0.498947,0.49822,0.496897,0.494677,0.49113,0.485694,0.477681,0.466317,0.450816,0.430491,0.404879,0.373892,0.337918,0.297889,0.255255,0.211867,0.169779,0.131002,0.0972498,0.0697314,0.0490248,0.0350565,0.0271771,0.0243109,0.0251394,0.028284,0.0324564,0.036564,0.0397687,0.0415105,0.0415105,0.0397687,0.036564,0.0324564,0.028284,0.0251394,0.0243109,0.0271771,0.0350565,0.0490248,0.0697314,0.0972498,0.131002,0.169779,0.211867,0.255255,0.297889,0.337918,0.373892,0.404879,0.430491,0.450816,0.466317,0.477681,0.485694,0.49113,0.494677,0.496897,0.49822,0.498947,0.499266,0.499266
0.499359,0.499359,0.499079,0.498437,0.497265,0.495292,0.492128,0.487255,0.480037,0.469745,0.455623,0.436985,0.413332,0.384483,0.35069,0.312701,0.27176,0.229514,0.18785,0.148676,0.113684,0.0841506,0.0608001,0.0437614,0.0326138,0.0265051,0.0243109,0.0248015,0.0267885,0.0292357,0.0313293,0.0325156,0.0325156,0.0313293,0.0292357,0.0267885,0.0248015,0.0243109,0.0265051,0.0326138,0.0437614,0.0608001,0.0841506,0.113684,0.148676,0.18785,0.229514,0.27176,0.312701,0.35069,0.384483,0.413332,0.436985,0.455623,0.469745,0.480037,0.487255,0.492128,0.495292,0.497265,0.498437,0.499079,0.499359,0.499359
0.499454,0.499454,0.499212,0.498658,0.497642,0.495925,0.493158,0.488876,0.482496,0.473344,0.460704,0.443901,0.422405,0.395954,0.364664,0.329095,0.290271,0.249619,0.208829,0.169675,0.133797,0.102511,0.0766719,0.056604,0.0421216,0.0326138,0.0271771,0.0247626,0.0243148,0.0248843,0.0257071,0.0262535,0.0262535,0.0257071,0.0248843,0.0243148,0.0247626,0.0271771,0.0326138,0.0421216,0.056604,0.0766719,0.102511,0.133797,0.169675,0.208829,0.249619,0.290271,0.329095,0.364664,0.395954,0.422405,0.443901,0.460704,0.473344,0.482496,0.488876,0.493158,0.495925,0.497642,0.498658,0.499212,0.499454,0.499454
0.499545,0.499545,0.499341,0.498873,0.498012,0.496549,0.49418,0.490491,0.484962,0.476979,0.465872,0.450991,0.431789,0.407936,0.379419,0.346619,0.31034,0.271771,0.23239,0.193804,0.157567,0.125003,0.0970633,0.0742501,0.056604,0.0437614,0.0350565,0.0296472,0.026642,0.0252091,0.0246612,0.0245125,0.0245125,0.0246612,0.0252091,0.026642,0.0296472,0.0350565,0.0437614,0.056604,0.0742501,0.0970633,0.125003,0.157567,0.193804,0.23239,0.271771,0.31034,0.346619,0.379419,0.407936,0.431789,0.450991,0.465872,0.476979,0.484962,0.490491,0.49418,0.496549,0.498012,0.498873,0.499341,0.499545,0.499545
0.49963,0.49963,0.499463,0.499076,0.498362,0.497142,0.495156,0.492045,0.48735,0.480523,0.470952,0.458019,0.441178,0.420048,0.394507,0.364769,0.331426,0.295432,0.258036,0.220655,0.184724,0.151535,0.1221,0.0970633,0.0766719,0.0608001,0.0490248,0.0407274,0.0352036,0.0317665,0.0298305,0.0289728,0.0289728,0.0298305,0.0317665,0.0352036,0.0407274,0.0490248,0.0608001,0.0766719,0.0970633,0.1221,0.151535,0.184724,0.220655,0.258036,0.295432,0.331426,0.364769,0.394507,0.420048,0.441178,0.458019,0.470952,0.480523,0.48735,0.492045,0.495156,0.497142,0.498362,0.499076,0.499463,0.49963,0.49963
0.499707,0.499707,0.499572,0.49926,0.498681,0.497687,0.496057,0.493489,0.489587,0.483868,0.475785,0.464767,0.450283,0.43192,0.409471,0.383007,0.352924,0.319953,0.285107,0.249603,0.214723,0.181691,0.151535,0.125003,0.102511,0.0841506,0.0697314,0.0588615,0.0510372,0.0457348,0.0424898,0.0409583,0.0409583,0.0424898,0.0457348,0.0510372,0.0588615,0.0697314,0.0841506,0.102511,0.125003,0.151535,0.181691,0.214723,0.249603,0.285107,0.319953,0.352924,0.383007,0.409471,0.43192,0.450283,0.464767,0.475785,0.483868,0.489587,0.493489,0.496057,0.497687,0.498681,0.49926,0.499572,0.499707,0.499707
0.499773,0.499773,0.499667,0.499421,0.498962,0.49817,0.496864,0.494791,0.491617,0.486929,0.480246,0.471054,0.458851,0.443216,0.423881,0.400801,0.374204,0.344614,0.312823,0.279833,0.246761,0.214723,0.184724,0.157567,0.133797,0.113684,0.0972498,0.0843172,0.074583,0.0676939,0.0633172,0.0611977,0.0611977,0.0633172,0.0676939,0.074583,0.0843172,0.0972498,0.113684,0.133797,0.157567,0.184724,0.214723,0.246761,0.279833,0.312823,0.344614,0.374204,0.400801,0.423881,0.443216,0.458851,0.471054,0.480246,0.486929,0.491617,0.494791,0.496864,0.49817,0.498962,0.499421,0.499667,0.499773,0.499773
0.499829,0.499829,0.499747,0.499558,0.499203,0.498587,0.497563,0.495927,0.493404,0.489646,0.484242,0.47674,0.46668,0.453653,0.437355,0.417658,0.394653,0.368682,0.340334,0.310406,0.279833,0.249603,0.220655,0.193804,0.169675,0.148676,0.131002,0.116667,0.105553,0.097474,0.0922275,0.0896498,0.0896498,0.0922275,0.097474,0.105553,0.116667,0.131002,0.148676,0.169675,0.193804,0.220655,0.249603,0.279833,0.310406,0.340334,0.368682,0.394653,0.417658,0.437355,0.453653,0.46668,0.47674,0.484242,0.489646,0.493404,0.495927,0.497563,0.498587,0.499203,0.499558,0.499747,0.499829,0.499829
0.499874,0.499874,0.499813,0.499671,0.499403,0.498935,0.498152,0.496891,0.494931,0.491987,0.487718,0.481733,0.473627,0.463017,0.449591,0.433163,0.413723,0.391466,0.3668,0.340334,0.312823,0.285107,0.258036,0.23239,0.208829,0.18785,0.169779,0.154784,0.142909,0.134113,0.128316,0.125441,0.125441,0.128316,0.134113,0.142909,0.154784,0.169779,0.18785,0.208829,0.23239,0.258036,0.285107,0.312823,0.340334,0.3668,0.391466,0.413723,0.433163,0.449591,0.463017,0.473627,0.481733,0.487718,0.491987,0.494931,0.496891,0.498152,0.498935,0.499403,0.499671,0.499813,0.499874,0.499874
0.499909,0.499909,0.499865,0.499761,0.499564,0.499216,0.498632,0.497684,0.496197,0.493947,0.490652,0.485991,0.479613,0.471176,0.460378,0.447006,0.430978,0.412377,0.391466,0.368682,0.344614,0.319953,0.295432,0.271771,0.249619,0.229514,0.211867,0.196959,0.184959,0.175944,0.169939,0.16694,0.16694,0.169939,0.175944,0.184959,0.196959,0.211867,0.229514,0.249619,0.271771,0.295432,0.319953,0.344614,0.368682,0.391466,0.412377,0.430978,0.447006,0.460378,0.471176,0.479613,0.485991,0.490652,0.493947,0.496197,0.497684,0.498632,0.499216,0.499564,0.499761,0.499865,0.499909,0.499909
0.499937,0.499937,0.499905,0.499831,0.499689,0.499438,0.499013,0.498317,0.497217,0.495538,0.493059,0.489516,0.484621,0.478077,0.469607,0.458996,0.446119,0.430978,0.413723,0.394653,0.374204,0.352924,0.331426,0.31034,0.290271,0.27176,0.255255,0.241107,0.229567,0.220803,0.214916,0.211961,0.211961,0.214916,0.220803,0.229567,0.241107,0.255255,0.27176,0.290271,0.31034,0.331426,0.352924,0.374204,0.394653,0.413723,0.430978,0.446119,0.458996,0.469607,0.478077,0.484621,0.489516,0.493059,0.495538,0.497217,0.498317,0.499013,0.499438,0.499689,0.499831,0.499905,0.499937,0.499937
0.499957,0.499957,0.499935,0.499883,0.499784,0.499607,0.499305,0.498808,0.498015,0.496794,0.494974,0.49235,0.488688,0.483741,0.477269,0.469067,0.458996,0.447006,0.433163,0.417658,0.400801,0.383007,0.364769,0.346619,0.329095,0.312701,0.297889,0.285035,0.274436,0.266314,0.260821,0.258053,0.258053,0.260821,0.266314,0.274436,0.285035,0.297889,0.312701,0.329095,0.346619,0.364769,0.383007,0.400801,0.417658,0.433163,0.447006,0.458996,0.469067,0.477269,0.483741,0.488688,0.49235,0.494974,0.496794,0.498015,0.498808,0.499305,0.499607,0.499784,0.499883,0.499935,0.499957,0.499957
0.499971,0.499971,0.499957,0.499922,0.499854,0.499733,0.499524,0.499177,0.49862,0.497755,0.496454,0.494561,0.491893,0.488251,0.483437,0.477269,0.469607,0.460378,0.449591,0.437355,0.423881,0.409471,0.394507,0.379419,0.364664,0.35069,0.337918,0.326716,0.317395,0.310199,0.305305,0.302829,0.302829,0.305305,0.310199,0.317395,0.326716,0.337918,0.35069,0.364664,0.379419,0.394507,0.409471,0.423881,0.437355,0.449591,0.460378,0.469607,0.477269,0.483437,0.488251,0.491893,0.494561,0.496454,0.497755,0.49862,0.499177,0.499524,0.499733,0.499854,0.499922,0.499957,0.499971,0.499971
0.499982,0.499982,0.499972,0.499949,0.499904,0.499823,0.499682,0.499447,0.499066,0.498469,0.497564,0.496234,0.494342,0.491735,0.488251,0.483741,0.478077,0.471176,0.463017,0.453653,0.443216,0.43192,0.420048,0.407936,0.395954,0.384483,0.373892,0.364517,0.356655,0.350546,0.346371,0.344254,0.344254,0.346371,0.350546,0.356655,0.364517,0.373892,0.384483,0.395954,0.407936,0.420048,0.43192,0.443216,0.453653,0.463017,0.471176,0.478077,0.483741,0.488251,0.491735,0.494342,0.496234,0.497564,0.498469,0.499066,0.499447,0.499682,0.499823,0.499904,0.499949,0.499972,0.499982,0.499982
0.499988,0.499988,0.499982,0.499967,0.499938,0.499886,0.499794,0.499638,0.499385,0.498984,0.498371,0.497463,0.496158,0.494342,0.491893,0.488688,0.484621,0.479613,0.473627,0.46668,0.458851,0.450283,0.441178,0.431789,0.422405,0.413332,0.404879,0.397338,0.390969,0.385993,0.382578,0.380842,0.380842,0.382578,0.385993,0.390969,0.397338,0.404879,0.413332,0.422405,0.431789,0.441178,0.450283,0.458851,0.46668,0.473627,0.479613,0.484621,0.488688,0.491893,0.494342,0.496158,0.497463,0.498371,0.498984,0.499385,0.499638,0.499794,0.499886,0.499938,0.499967,0.499982,0.499988,0.499988
0.499993,0.499993,0.499989,0.49998,0.499962,0.499928,0.49987,0.49977,0.499606,0.499344,0.498941,0.498337,0.497463,0.496234,0.494561,0.49235,0.489516,0.485991,0.481733,0.47674,0.471054,0.464767,0.458019,0.450991,0.443901,0.436985,0.430491,0.424654,0.419696,0.415801,0.41312,0.411753,0.411753,0.41312,0.415801,0.419696,0.424654,0.430491,0.436985,0.443901,0.450991,0.458019,0.464767,0.471054,0.47674,0.481733,0.485991,0.489516,0.49235,0.494561,0.496234,0.497463,0.498337,0.498941,0.499344,0.499606,0.49977,0.49987,0.499928,0.499962,0.49998,0.499989,0.499993,0.499993
0.499996,0.499996,0.499993,0.499988,0.499977,0.499956,0.49992,0.499858,0.499754,0.499588,0.49933,0.498941,0.498371,0.497564,0.496454,0.494974,0.493059,0.490652,0.487718,0.484242,0.480246,0.475785,0.470952,0.465872,0.460704,0.455623,0.450816,0.446469,0.442755,0.439826,0.437803,0.436769,0.436769,0.437803,0.439826,0.442755,0.446469,0.450816,0.455623,0.460704,0.465872,0.470952,0.475785,0.480246,0.484242,0.487718,0.490652,0.493059,0.494974,0.496454,0.497564,0.498371,0.498941,0.49933,0.499588,0.499754,0.499858,0.49992,0.499956,0.499977,0.499988,0.499993,0.499996,0.499996
0.499998,0.499998,0.499996,0.499993,0.499986,0.499974,0.499952,0.499914,0.499851,0.499749,0.499588,0.499344,0.498984,0.498469,0.497755,0.496794,0.495538,0.493947,0.491987,0.489646,0.486929,0.483868,0.480523,0.476979,0.473344,0.469745,0.466317,0.463199,0.460522,0.458402,0.456933,0.456182,0.456182,0.456933,0.458402,0.460522,0.463199,0.466317,0.469745,0.473344,0.476979,0.480523,0.483868,0.486929,0.489646,0.491987,0.493947,0.495538,0.496794,0.497755,0.498469,0.498984,0.499344,0.499588,0.499749,0.499851,0.499914,0.499952,0.499974,0.499986,0.499993,0.499996,0.499998,0.499998
0.499999,0.499999,0.499998,0.499996,0.499992,0.499985,0.499972,0.49995,0.499912,0.499851,0.499754,0.499606,0.499385,0.499066,0.49862,0.498015,0.497217,0.496197,0.494931,0.493404,0.491617,0.489587,0.48735,0.484962,0.482496,0.480037,0.477681,0.475526,0.473668,0.472192,0.471167,0.470641,0.470641,0.471167,0.472192,0.473668,0.475526,0.477681,0.480037,0.482496,0.484962,0.48735,0.489587,0.491617,0.493404,0.494931,0.496197,0.497217,0.498015,0.49862,0.499066,0.499385,0.499606,0.499754,0.499851,0.499912,0.49995,0.499972,0.499985,0.499992,0.499996,0.499998,0.499999,0.499999
0.499999,0.499999,0.499999,0.499998,0.499996,0.499992,0.499984,0.499972,0.49995,0.499914,0.499858,0.49977,0.499638,0.499447,0.499177,0.498808,0.498317,0.497684,0.496891,0.495927,0.494791,0.493489,0.492045,0.490491,0.488876,0.487255,0.485694,0.48426,0.483018,0.482027,0.481338,0.480984,0.480984,0.481338,0.482027,0.483018,0.48426,0.485694,0.487255,0.488876,0.490491,0.492045,0.493489,0.494791,0.495927,0.496891,0.497684,0.498317,0.498808,0.499177,0.499447,0.499638,0.49977,0.499858,0.499914,0.49995,0.499972,0.499984,0.499992,0.499996,0.499998,0.499999,0.499999,0.499999
0.5,0.5,0.499999,0.499999,0.499998,0.499995,0.499991,0.499984,0.499972,0.499952,0.49992,0.49987,0.499794,0.499682,0.499524,0.499305,0.499013,0.498632,0.498152,0.497563,0.496864,0.496057,0.495156,0.49418,0.493158,0.492128,0.49113,0.490209,0.489409,0.488769,0.488322,0.488093,0.488093,0.488322,0.488769,0.489409,0.490209,0.49113,0.492128,0.493158,0.49418,0.495156,0.496057,0.496864,0.497563,0.498152,0.498632,0.499013,0.499305,0.499524,0.499682,0.499794,0.49987,0.49992,0.499952,0.499972,0.499984,0.499991,0.499995,0.499998,0.499999,0.499999,0.5,0.5
0.5,0.5,0.5,0.499999,0.499999,0.499998,0.499995,0.499992,0.499985,0.499974,0.499956,0.499928,0.499886,0.499823,0.499733,0.499607,0.499438,0.499216,0.498935,0.498587,0.49817,0.497687,0.497142,0.496549,0.495925,0.495292,0.494677,0.494106,0.493608,0.493209,0.49293,0.492786,0.492786,0.49293,0.493209,0.493608,0.494106,0.494677,0.495292,0.495925,0.496549,0.497142,0.497687,0.49817,0.498587,0.498935,0.499216,0.499438,0.499607,0.499733,0.499823,0.499886,0.499928,0.499956,0.499974,0.499985,0.499992,0.499995,0.499998,0.499999,0.499999,0.5,0.5,0.5
0.5,0.5,0.5,0.5,0.499999,0.499999,0.499998,0.499996,0.499992,0.499986,0.499977,0.499962,0.499938,0.499904,0.499854,0.499784,0.499689,0.499564,0.499403,0.499203,0.498962,0.498681,0.498362,0.498012,0.497642,0.497265,0.496897,0.496554,0.496254,0.496013,0.495844,0.495757,0.495757,0.495844,0.496013,0.496254,0.496554,0.496897,0.497265,0.497642,0.498012,0.498362,0.498681,0.498962,0.499203,0.499403,0.499564,0.499689,0.499784,0.499854,0.499904,0.499938,0.499962,0.499977,0.499986,0.499992,0.499996,0.499998,0.499999,0.499999,0.5,0.5,0.5,0.5
0.5,0.5,0.5,0.5,0.5,0.499999,0.499999,0.499998,0.499996,0.499993,0.499988,0.49998,0.499967,0.499949,0.499922,0.499883,0.499831,0.499761,0.499671,0.499558,0.499421,0.49926,0.499076,0.498873,0.498658,0.498437,0.49822,0.498018,0.49784,0.497696,0.497596,0.497544,0.497544,0.497596,0.497696,0.49784,0.498018,0.49822,0.498437,0.498658,0.498873,0.499076,0.49926,0.499421,0.499558,0.499671,0.499761,0.499831,0.499883,0.499922,0.499949,0.499967,0.49998,0.499988,0.499993,0.499996,0.499998,0.499999,0.499999,0.5,0.5,0.5,0.5,0.5
0.5,0.5,0.5,0.5,0.5,0.5,0.499999,0.499999,0.499998,0.499996,0.499993,0.499989,0.499982,0.499972,0.499957,0.499935,0.499905,0.499865,0.499813,0.499747,0.499667,0.499572,0.499463,0.499341,0.499212,0.499079,0.498947,0.498824,0.498715,0.498627,0.498565,0.498534,0.498534,0.498565,0.498627,0.498715,0.498824,0.498947,0.499079,0.499212,0.499341,0.499463,0.499572,0.499667,0.499747,0.499813,0.499865,0.499905,0.499935,0.499957,0.499972,0.499982,0.499989,0.499993,0.499996,0.499998,0.499999,0.499999,0.5,0.5,0.5,0.5,0.5,0.5
0.5,0.5,0.5,0.5,0.5,0.5,0.5,0.499999,0.499999,0.499998,0.499996,0.499993,0.499988,0.499982,0.499971,0.499957,0.499937,0.499909,0.499874,0.499829,0.499773,0.499707,0.49963,0.499545,0.499454,0.499359,0.499266,0.499178,0.4991,0.499037,0.498993,0.49897,0.49897,0.498993,0.499037,0.4991,0.499178,0.499266,0.499359,0.499454,0.499545,0.49963,0.499707,0.499773,0.499829,0.499874,0.499909,0.499937,0.499957,0.499971,0.499982,0.499988,0.499993,0.499996,0.499998,0.499999,0.499999,0.5,0.5,0.5,0.5,0.5,0.5,0.5
0.5,0.5,0.5,0.5,0.5,0.5,0.5,0.499999,0.499999,0.499998,0.499996,0.499993,0.499988,0.499982,0.499971,0.499957,0.499937,0.499909,0.499874,0.499829,0.499773,0.499707,0.49963,0.499545,0.499454,0.499359,0.499266,0.499178,0.4991,0.499037,0.498993,0.49897,0.49897,0.498993,0.499037,0.4991,0.499178,0.499266,0.499359,0.499454,0.499545,0.49963,0.499707,0.499773,0.499829,0.499874,0.499909,0.499937,0.499957,0.499971,0.499982,0.499988,0.499993,0.499996,0.499998,0.499999,0.499999,0.5,0.5,0.5,0.5,0.5,0.5,0.5
