0.5,0.5,0.5,0.5,0.5,0.5,0.499999,0.499998,0.499997,0.499995,0.499992,0.499986,0.499978,0.499965,0.499947,0.499921,0.499885,0.499838,0.499777,0.4997,0.499608,0.499498,0.499373,0.499235,0.499088,0.498937,0.498789,0.49865,0.498528,0.498429,0.49836,0.498324,0.498324,0.49836,0.498429,0.498528,0.49865,0.498789,0.498937,0.499088,0.499235,0.499373,0.499498,0.499608,0.4997,0.499777,0.499838,0.499885,0.499921,0.499947,0.499965,0.499978,0.499986,0.499992,0.499995,0.499997,0.499998,0.499999,0.5,0.5,0.5,0.5,0.5,0.5
0.5,0.5,0.5,0.5,0.5,0.5,0.499999,0.499998,0.499997,0.499995,0.499992,0.499986,0.499978,0.499965,0.499947,0.499921,0.499885,0.499838,0.499777,0.4997,0.499608,0.499498,0.499373,0.499235,0.499088,0.498937,0.498789,0.49865,0.498528,0.498429,0.49836,0.498324,0.498324,0.49836,0.498429,0.498528,0.49865,0.498789,0.498937,0.499088,0.499235,0.499373,0.499498,0.499608,0.4997,0.499777,0.499838,0.499885,0.499921,0.499947,0.499965,0.499978,0.499986,0.499992,0.499995,0.499997,0.499998,0.499999,0.5,0.5,0.5,0.5,0.5,0.5
0.5,0.5,0.5,0.5,0.5,0.499999,0.499999,0.499998,0.499996,0.499993,0.499987,0.499979,0.499967,0.499948,0.499921,0.499884,0.499832,0.499765,0.499678,0.49957,0.499439,0.499286,0.499112,0.498921,0.498719,0.498512,0.498309,0.49812,0.497954,0.49782,0.497727,0.497679,0.497679,0.497727,0.49782,0.497954,0.49812,0.498309,0.498512,0.498719,0.498921,0.499112,0.499286,0.499439,0.49957,0.499678,0.499765,0.499832,0.499884,0.499921,0.499948,0.499967,0.499979,0.499987,0.499993,0.499996,0.499998,0.499999,0.499999,0.5,0.5,0.5,0.5,0.5
0.5,0.5,0.5,0.5,0.499999,0.499999,0.499998,0.499996,0.499992,0.499986,0.499977,0.499963,0.49994,0.499908,0.499861,0.499797,0.49971,0.499595,0.49945,0.49927,0.499054,0.498803,0.49852,0.498211,0.497886,0.497555,0.497232,0.496932,0.49667,0.49646,0.496312,0.496237,0.496237,0.496312,0.49646,0.49667,0.496932,0.497232,0.497555,0.497886,0.498211,0.49852,0.498803,0.499054,0.49927,0.49945,0.499595,0.49971,0.499797,0.499861,0.499908,0.49994,0.499963,0.499977,0.499986,0.499992,0.499996,0.499998,0.499999,0.499999,0.5,0.5,0.5,0.5
0.5,0.5,0.5,0.499999,0.499999,0.499997,0.499995,0.499991,0.499985,0.499974,0.499957,0.499931,0.499891,0.499832,0.499749,0.499634,0.499481,0.499281,0.499029,0.49872,0.498352,0.497927,0.497451,0.496935,0.496394,0.495847,0.495316,0.494824,0.494397,0.494055,0.493815,0.493693,0.493693,0.493815,0.494055,0.494397,0.494824,0.495316,0.495847,0.496394,0.496935,0.497451,0.497927,0.498352,0.49872,0.499029,0.499281,0.499481,0.499634,0.499749,0.499832,0.499891,0.499931,0.499957,0.499974,0.499985,0.499991,0.499995,0.499997,0.499999,0.499999,0.5,0.5,0.5
0.5,0.5,0.499999,0.499999,0.499997,0.499995,0.499991,0.499984,0.499972,0.499952,0.499921,0.499873,0.499802,0.499698,0.499551,0.499351,0.499085,0.498741,0.498311,0.497788,0.49717,0.496461,0.495672,0.494822,0.493936,0.493045,0.492185,0.491393,0.490705,0.490157,0.489774,0.489578,0.489578,0.489774,0.490157,0.490705,0.491393,0.492185,0.493045,0.493936,0.494822,0.495672,0.496461,0.49717,0.497788,0.498311,0.498741,0.499085,0.499351,0.499551,0.499698,0.499802,0.499873,0.499921,0.499952,0.499972,0.499984,0.499991,0.499995,0.499997,0.499999,0.499999,0.5,0.5
0.499999,0.499999,0.499999,0.499998,0.499995,0.499991,0.499984,0.499971,0.499949,0.499914,0.499859,0.499775,0.49965,0.49947,0.499219,0.498878,0.49843,0.497856,0.497143,0.496282,0.495272,0.494123,0.492853,0.491494,0.490086,0.488678,0.487326,0.486086,0.485014,0.484161,0.483568,0.483264,0.483264,0.483568,0.484161,0.485014,0.486086,0.487326,0.488678,0.490086,0.491494,0.492853,0.494123,0.495272,0.496282,0.497143,0.497856,0.49843,0.498878,0.499219,0.49947,0.49965,0.499775,0.499859,0.499914,0.499949,0.499971,0.499984,0.499991,0.499995,0.499998,0.499999,0.499999,0.499999
0.499998,0.499998,0.499998,0.499996,0.499991,0.499984,0.499971,0.499948,0.49991,0.49985,0.499755,0.499611,0.4994,0.499098,0.498681,0.498119,0.497386,0.496456,0.495309,0.493936,0.49234,0.490536,0.48856,0.486458,0.484296,0.482147,0.480094,0.478221,0.476608,0.475328,0.47444,0.473986,0.473986,0.47444,0.475328,0.476608,0.478221,0.480094,0.482147,0.484296,0.486458,0.48856,0.490536,0.49234,0.493936,0.495309,0.496456,0.497386,0.498119,0.498681,0.499098,0.4994,0.499611,0.499755,0.49985,0.49991,0.499948,0.499971,0.499984,0.499991,0.499996,0.499998,0.499998,0.499998
0.499997,0.499997,0.499996,0.499992,0.499985,0.499972,0.499949,0.49991,0.499846,0.499744,0.499586,0.499348,0.499001,0.498511,0.497837,0.49694,0.495778,0.494317,0.492533,0.490415,0.487973,0.485237,0.482263,0.479125,0.475918,0.472754,0.469748,0.467019,0.464681,0.462832,0.461552,0.460897,0.460897,0.461552,0.462832,0.464681,0.467019,0.469748,0.472754,0.475918,0.479125,0.482263,0.485237,0.487973,0.490415,0.492533,0.494317,0.495778,0.49694,0.497837,0.498511,0.499001,0.499348,0.499586,0.499744,0.499846,0.49991,0.499949,0.499972,0.499985,0.499992,0.499996,0.499997,0.499997
0.499995,0.499995,0.499993,0.499986,0.499974,0.499952,0.499914,0.49985,0.499744,0.499577,0.499321,0.498938,0.498386,0.497612,0.496558,0.495167,0.493383,0.491161,0.488472,0.48531,0.481698,0.477687,0.473363,0.468839,0.464252,0.459757,0.455515,0.451687,0.448422,0.445849,0.444074,0.443168,0.443168,0.444074,0.445849,0.448422,0.451687,0.455515,0.459757,0.464252,0.468839,0.473363,0.477687,0.481698,0.48531,0.488472,0.491161,0.493383,0.495167,0.496558,0.497612,0.498386,0.498938,0.499321,0.499577,0.499744,0.49985,0.499914,0.499952,0.499974,0.499986,0.499993,0.499995,0.499995
0.499992,0.499992,0.499987,0.499977,0.499957,0.499921,0.499859,0.499755,0.499586,0.499321,0.498916,0.49832,0.497465,0.496279,0.49468,0.49259,0.489934,0.486659,0.482735,0.478166,0.472996,0.467312,0.46124,0.454943,0.448614,0.442459,0.436692,0.43152,0.427132,0.42369,0.421322,0.420115,0.420115,0.421322,0.42369,0.427132,0.43152,0.436692,0.442459,0.448614,0.454943,0.46124,0.467312,0.472996,0.478166,0.482735,0.486659,0.489934,0.49259,0.49468,0.496279,0.497465,0.49832,0.498916,0.499321,0.499586,0.499755,0.499859,0.499921,0.499957,0.499977,0.499987,0.499992,0.499992
0.499986,0.499986,0.499979,0.499963,0.499931,0.499873,0.499775,0.499611,0.499348,0.498938,0.49832,0.497415,0.496131,0.494366,0.492011,0.488962,0.485129,0.48045,0.474903,0.468511,0.461353,0.453564,0.445327,0.436869,0.428444,0.420322,0.412772,0.406048,0.400377,0.395949,0.392913,0.39137,0.39137,0.392913,0.395949,0.400377,0.406048,0.412772,0.420322,0.428444,0.436869,0.445327,0.453564,0.461353,0.468511,0.474903,0.48045,0.485129,0.488962,0.492011,0.494366,0.496131,0.497415,0.49832,0.498938,0.499348,0.499611,0.499775,0.499873,0.499931,0.499963,0.499979,0.499986,0.499986
0.499978,0.499978,0.499967,0.49994,0.499891,0.499802,0.49965,0.4994,0.499001,0.498386,0.497465,0.496131,0.494258,0.491706,0.488337,0.48402,0.478651,0.472169,0.464569,0.455908,0.446319,0.435999,0.425204,0.414237,0.403423,0.393097,0.383583,0.375174,0.36813,0.36266,0.358924,0.35703,0.35703,0.358924,0.36266,0.36813,0.375174,0.383583,0.393097,0.403423,0.414237,0.425204,0.435999,0.446319,0.455908,0.464569,0.472169,0.478651,0.48402,0.488337,0.491706,0.494258,0.496131,0.497465,0.498386,0.499001,0.4994,0.49965,0.499802,0.499891,0.49994,0.499967,0.499978,0.499978
0.499965,0.499965,0.499948,0.499908,0.499832,0.499698,0.49947,0.499098,0.498511,0.497612,0.496279,0.494366,0.491706,0.488121,0.483437,0.4775,0.4702,0.461487,0.45139,0.440022,0.427585,0.41436,0.400692,0.386966,0.373584,0.360942,0.349407,0.339303,0.330902,0.324418,0.320011,0.317782,0.317782,0.320011,0.324418,0.330902,0.339303,0.349407,0.360942,0.373584,0.386966,0.400692,0.41436,0.427585,0.440022,0.45139,0.461487,0.4702,0.4775,0.483437,0.488121,0.491706,0.494366,0.496279,0.497612,0.498511,0.499098,0.49947,0.499698,0.499832,0.499908,0.499948,0.499965,0.499965
0.499947,0.499947,0.499921,0.499861,0.499749,0.499551,0.499219,0.498681,0.497837,0.496558,0.49468,0.492011,0.488337,0.483437,0.477104,0.469169,0.459526,0.448156,0.435143,0.420678,0.405057,0.388662,0.371938,0.355359,0.339397,0.324498,0.311056,0.2994,0.289793,0.282433,0.277455,0.274946,0.274946,0.277455,0.282433,0.289793,0.2994,0.311056,0.324498,0.339397,0.355359,0.371938,0.388662,0.405057,0.420678,0.435143,0.448156,0.459526,0.469169,0.477104,0.483437,0.488337,0.492011,0.49468,0.496558,0.497837,0.498681,0.499219,0.499551,0.499749,0.499861,0.499921,0.499947,0.499947
0.499921,0.499921,0.499884,0.499797,0.499634,0.499351,0.498878,0.498119,0.49694,0.495167,0.49259,0.488962,0.48402,0.4775,0.469169,0.458853,0.44647,0.432055,0.415774,0.397922,0.378911,0.359242,0.339466,0.32014,0.301798,0.284909,0.269866,0.256976,0.246462,0.238474,0.233106,0.230411,0.230411,0.233106,0.238474,0.246462,0.256976,0.269866,0.284909,0.301798,0.32014,0.339466,0.359242,0.378911,0.397922,0.415774,0.432055,0.44647,0.458853,0.469169,0.4775,0.48402,0.488962,0.49259,0.495167,0.49694,0.498119,0.498878,0.499351,0.499634,0.499797,0.499884,0.499921,0.499921
0.499885,0.499885,0.499832,0.49971,0.499481,0.499085,0.49843,0.497386,0.495778,0.493383,0.489934,0.485129,0.478651,0.4702,0.459526,0.44647,0.430999,0.413229,0.393439,0.372055,0.349626,0.326781,0.304175,0.28244,0.26214,0.243743,0.227604,0.213967,0.202981,0.194721,0.189214,0.186462,0.186462,0.189214,0.194721,0.202981,0.213967,0.227604,0.243743,0.26214,0.28244,0.304175,0.326781,0.349626,0.372055,0.393439,0.413229,0.430999,0.44647,0.459526,0.4702,0.478651,0.485129,0.489934,0.493383,0.495778,0.497386,0.49843,0.499085,0.499481,0.49971,0.499832,0.499885,0.499885
0.499838,0.499838,0.499765,0.499595,0.499281,0.498741,0.497856,0.496456,0.494317,0.491161,0.486659,0.48045,0.472169,0.461487,0.448156,0.432055,0.413229,0.39191,0.368518,0.343636,0.317965,0.292264,0.267282,0.2437,0.222082,0.202852,0.186285,0.172525,0.161611,0.153511,0.148164,0.14551,0.14551,0.148164,0.153511,0.161611,0.172525,0.186285,0.202852,0.222082,0.2437,0.267282,0.292264,0.317965,0.343636,0.368518,0.39191,0.413229,0.432055,0.448156,0.461487,0.472169,0.48045,0.486659,0.491161,0.494317,0.496456,0.497856,0.498741,0.499281,0.499595,0.499765,0.499838,0.499838
0.499777,0.499777,0.499678,0.49945,0.499029,0.498311,0.497143,0.495309,0.492533,0.488472,0.482735,0.474903,0.464569,0.45139,0.435143,0.415774,0.393439,0.368518,0.341602,0.313451,0.284923,0.2569,0.230204,0.20553,0.183401,0.164153,0.147937,0.134758,0.124511,0.117039,0.112173,0.109777,0.109777,0.112173,0.117039,0.124511,0.134758,0.147937,0.164153,0.183401,0.20553,0.230204,0.2569,0.284923,0.313451,0.341602,0.368518,0.393439,0.415774,0.435143,0.45139,0.464569,0.474903,0.482735,0.488472,0.492533,0.495309,0.497143,0.498311,0.499029,0.49945,0.499678,0.499777,0.499777
0.4997,0.4997,0.49957,0.49927,0.49872,0.497788,0.496282,0.493936,0.490415,0.48531,0.478166,0.468511,0.455908,0.440022,0.420678,0.397922,0.372055,0.343636,0.313451,0.282445,0.251633,0.222001,0.194409,0.169527,0.14779,0.129398,0.114343,0.102454,0.0934639,0.0870683,0.0829855,0.0810016,0.0810016,0.0829855,0.0870683,0.0934639,0.102454,0.114343,0.129398,0.14779,0.169527,0.194409,0.222001,0.251633,0.282445,0.313451,0.343636,0.372055,0.397922,0.420678,0.440022,0.455908,0.468511,0.478166,0.48531,0.490415,0.493936,0.496282,0.497788,0.49872,0.49927,0.49957,0.4997,0.4997
0.499608,0.499608,0.499439,0.499054,0.498352,0.49717,0.495272,0.49234,0.487973,0.481698,0.472996,0.461353,0.446319,0.427585,0.405057,0.378911,0.349626,0.317965,0.284923,0.251633,0.219252,0.188837,0.16125,0.137086,0.116649,0.099962,0.0868215,0.0768632,0.0696416,0.0647047,0.0616573,0.06021,0.06021,0.0616573,0.0647047,0.0696416,0.0768632,0.0868215,0.099962,0.116649,0.137086,0.16125,0.188837,0.219252,0.251633,0.284923,0.317965,0.349626,0.378911,0.405057,0.427585,0.446319,0.461353,0.472996,0.481698,0.487973,0.49234,0.495272,0.49717,0.498352,0.499054,0.499439,0.499608,0.499608
0.499498,0.499498,0.499286,0.498803,0.497927,0.496461,0.494123,0.490536,0.485237,0.477687,0.467312,0.453564,0.435999,0.41436,0.388662,0.359242,0.326781,0.292264,0.2569,0.222001,0.188837,0.158503,0.131816,0.109251,0.0909359,0.0766867,0.066083,0.0585573,0.0534882,0.0502834,0.0484456,0.047619,0.047619,0.0484456,0.0502834,0.0534882,0.0585573,0.066083,0.0766867,0.0909359,0.109251,0.131816,0.158503,0.188837,0.222001,0.2569,0.292264,0.326781,0.359242,0.388662,0.41436,0.435999,0.453564,0.467312,0.477687,0.485237,0.490536,0.494123,0.496461,0.497927,0.498803,0.499286,0.499498,0.499498
0.499373,0.499373,0.499112,0.49852,0.497451,0.495672,0.492853,0.48856,0.482263,0.473363,0.46124,0.445327,0.425204,0.400692,0.371938,0.339466,0.304175,0.267282,0.230204,0.194409,0.16125,0.131816,0.106833,0.0866159,0.071082,0.0598195,0.0521843,0.0474106,0.0447152,0.0433844,0.0428375,0.0426682,0.0426682,0.0428375,0.0433844,0.0447152,0.0474106,0.0521843,0.0598195,0.071082,0.0866159,0.106833,0.131816,0.16125,0.194409,0.230204,0.267282,0.304175,0.339466,0.371938,0.400692,0.425204,0.445327,0.46124,0.473363,0.482263,0.48856,0.492853,0.495672,0.497451,0.49852,0.499112,0.499373,0.499373
0.499235,0.499235,0.498921,0.498211,0.496935,0.494822,0.491494,0.486458,0.479125,0.468839,0.454943,0.436869,0.414237,0.386966,0.355359,0.32014,0.28244,0.2437,0.20553,0.169527,0.137086,0.109251,0.0866159,0.0692995,0.0569902,0.0490397,0.0445866,0.0426843,0.0424123,0.0429625,0.0436953,0.0441727,0.0441727,0.0436953,0.0429625,0.0424123,0.0426843,0.0445866,0.0490397,0.0569902,0.0692995,0.0866159,0.109251,0.137086,0.169527,0.20553,0.2437,0.28244,0.32014,0.355359,0.386966,0.414237,0.436869,0.454943,0.468839,0.479125,0.486458,0.491494,0.494822,0.496935,0.498211,0.498921,0.499235,0.499235
0.499088,0.499088,0.498719,0.497886,0.496394,0.493936,0.490086,0.484296,0.475918,0.464252,0.448614,0.428444,0.403423,0.373584,0.339397,0.301798,0.26214,0.222082,0.183401,0.14779,0.116649,0.0909359,0.071082,0.0569902,0.0481105,0.0435643,0.0422913,0.0431907,0.0452359,0.0475549,0.0494765,0.0505499,0.0505499,0.0494765,0.0475549,0.0452359,0.0431907,0.0422913,0.0435643,0.0481105,0.0569902,0.071082,0.0909359,0.116649,0.14779,0.183401,0.222082,0.26214,0.301798,0.339397,0.373584,0.403423,0.428444,0.448614,0.464252,0.475918,0.484296,0.490086,0.493936,0.496394,0.497886,0.498719,0.499088,0.499088
0.498937,0.498937,0.498512,0.497555,0.495847,0.493045,0.488678,0.482147,0.472754,0.459757,0.442459,0.420322,0.393097,0.360942,0.324498,0.284909,0.243743,0.202852,0.164153,0.129398,0.099962,0.0766867,0.0598195,0.0490397,0.0435643,0.042302,0.0440203,0.0474961,0.0516298,0.0555164,0.0584776,0.060068,0.060068,0.0584776,0.0555164,0.0516298,0.0474961,0.0440203,0.042302,0.0435643,0.0490397,0.0598195,0.0766867,0.099962,0.129398,0.164153,0.202852,0.243743,0.284909,0.324498,0.360942,0.393097,0.420322,0.442459,0.459757,0.472754,0.482147,0.488678,0.493045,0.495847,0.497555,0.498512,0.498937,0.498937
0.498789,0.498789,0.498309,0.497232,0.495316,0.492185,0.487326,0.480094,0.469748,0.455515,0.436692,0.412772,0.383583,0.349407,0.311056,0.269866,0.227604,0.186285,0.147937,0.114343,0.0868215,0.066083,0.0521843,0.0445866,0.0422913,0.0440203,0.0484001,0.0541181,0.0600326,0.065232,0.0690515,0.0710647,0.0710647,0.0690515,0.065232,0.0600326,0.0541181,0.0484001,0.0440203,0.0422913,0.0445866,0.0521843,0.066083,0.0868215,0.114343,0.147937,0.186285,0.227604,0.269866,0.311056,0.349407,0.383583,0.412772,0.436692,0.455515,0.469748,0.480094,0.487326,0.492185,0.495316,0.497232,0.498309,0.498789,0.498789
0.49865,0.49865,0.49812,0.496932,0.494824,0.491393,0.486086,0.478221,0.467019,0.451687,0.43152,0.406048,0.375174,0.339303,0.2994,0.256976,0.213967,0.172525,0.134758,0.102454,0.0768632,0.0585573,0.0474106,0.0426843,0.0431907,0.0474961,0.0541181,0.0616845,0.0690366,0.0752756,0.0797643,0.0821038,0.0821038,0.0797643,0.0752756,0.0690366,0.0616845,0.0541181,0.0474961,0.0431907,0.0426843,0.0474106,0.0585573,0.0768632,0.102454,0.134758,0.172525,0.213967,0.256976,0.2994,0.339303,0.375174,0.406048,0.43152,0.451687,0.467019,0.478221,0.486086,0.491393,0.494824,0.496932,0.49812,0.49865,0.49865
0.498528,0.498528,0.497954,0.49667,0.494397,0.490705,0.485014,0.476608,0.464681,0.448422,0.427132,0.400377,0.36813,0.330902,0.289793,0.246462,0.202981,0.161611,0.124511,0.0934639,0.0696416,0.0534882,0.0447152,0.0424123,0.0452359,0.0516298,0.0600326,0.0690366,0.0774835,0.0844987,0.0894786,0.0920547,0.0920547,0.0894786,0.0844987,0.0774835,0.0690366,0.0600326,0.0516298,0.0452359,0.0424123,0.0447152,0.0534882,0.0696416,0.0934639,0.124511,0.161611,0.202981,0.246462,0.289793,0.330902,0.36813,0.400377,0.427132,0.448422,0.464681,0.476608,0.485014,0.490705,0.494397,0.49667,0.497954,0.498528,0.498528
0.498429,0.498429,0.49782,0.49646,0.494055,0.490157,0.484161,0.475328,0.462832,0.445849,0.42369,0.395949,0.36266,0.324418,0.282433,0.238474,0.194721,0.153511,0.117039,0.0870683,0.0647047,0.0502834,0.0433844,0.0429625,0.0475549,0.0555164,0.065232,0.0752756,0.0844987,0.0920533,0.0973688,0.100105,0.100105,0.0973688,0.0920533,0.0844987,0.0752756,0.065232,0.0555164,0.0475549,0.0429625,0.0433844,0.0502834,0.0647047,0.0870683,0.117039,0.153511,0.194721,0.238474,0.282433,0.324418,0.36266,0.395949,0.42369,0.445849,0.462832,0.475328,0.484161,0.490157,0.494055,0.49646,0.49782,0.498429,0.498429
0.49836,0.49836,0.497727,0.496312,0.493815,0.489774,0.483568,0.47444,0.461552,0.444074,0.421322,0.392913,0.358924,0.320011,0.277455,0.233106,0.189214,0.148164,0.112173,0.0829855,0.0616573,0.0484456,0.0428375,0.0436953,0.0494765,0.0584776,0.0690515,0.0797643,0.0894786,0.0973688,0.10289,0.105722,0.105722,0.10289,0.0973688,0.0894786,0.0797643,0.0690515,0.0584776,0.0494765,0.0436953,0.0428375,0.0484456,0.0616573,0.0829855,0.112173,0.148164,0.189214,0.233106,0.277455,0.320011,0.358924,0.392913,0.421322,0.444074,0.461552,0.47444,0.483568,0.489774,0.493815,0.496312,0.497727,0.49836,0.49836
0.498324,0.498324,0.497679,0.496237,0.493693,0.489578,0.483264,0.473986,0.460897,0.443168,0.420115,0.39137,0.35703,0.317782,0.274946,0.230411,0.186462,0.14551,0.109777,0.0810016,0.06021,0.047619,0.0426682,0.0441727,0.0505499,0.060068,0.0710647,0.0821038,0.0920547,0.100105,0.105722,0.1086,0.1086,0.105722,0.100105,0.0920547,0.0821038,0.0710647,0.060068,0.0505499,0.0441727,0.0426682,0.047619,0.06021,0.0810016,0.109777,0.14551,0.186462,0.230411,0.274946,0.317782,0.35703,0.39137,0.420115,0.443168,0.460897,0.473986,0.483264,0.489578,0.493693,0.496237,0.497679,0.498324,0.498324
0.498324,0.498324,0.497679,0.496237,0.493693,0.489578,0.483264,0.473986,0.460897,0.443168,0.420115,0.39137,0.35703,0.317782,0.274946,0.230411,0.186462,0.14551,0.109777,0.0810016,0.06021,0.047619,0.0426682,0.0441727,0.0505499,0.060068,0.0710647,0.0821038,0.0920547,0.100105,0.105722,0.1086,0.1086,0.105722,0.100105,0.0920547,0.0821038,0.0710647,0.060068,0.0505499,0.0441727,0.0426682,0.047619,0.06021,0.0810016,0.109777,0.14551,0.186462,0.230411,0.274946,0.317782,0.35703,0.39137,0.420115,0.443168,0.460897,0.473986,0.483264,0.489578,0.493693,0.496237,0.497679,0.498324,0.498324
0.49836,0.49836,0.497727,0.496312,0.493815,0.489774,0.483568,0.47444,0.461552,0.444074,0.421322,0.392913,0.358924,0.320011,0.277455,0.233106,0.189214,0.148164,0.112173,0.0829855,0.0616573,0.0484456,0.0428375,0.0436953,0.0494765,0.0584776,0.0690515,0.0797643,0.0894786,0.0973688,0.10289,0.105722,0.105722,0.10289,0.0973688,0.0894786,0.0797643,0.0690515,0.0584776,0.0494765,0.0436953,0.0428375,0.0484456,0.0616573,0.0829855,0.112173,0.148164,0.189214,0.233106,0.277455,0.320011,0.358924,0.392913,0.421322,0.444074,0.461552,0.47444,0.483568,0.489774,0.493815,0.496312,0.497727,0.49836,0.49836
0.498429,0.498429,0.49782,0.49646,0.494055,0.490157,0.484161,0.475328,0.462832,0.445849,0.42369,0.395949,0.36266,0.324418,0.282433,0.238474,0.194721,0.153511,0.117039,0.0870683,0.0647047,0.0502834,0.0433844,0.0429625,0.0475549,0.0555164,0.065232,0.0752756,0.0844987,0.0920533,0.0973688,0.100105,0.100105,0.0973688,0.0920533,0.0844987,0.0752756,0.065232,0.0555164,0.0475549,0.0429625,0.0433844,0.0502834,0.0647047,0.0870683,0.117039,0.153511,0.194721,0.238474,0.282433,0.324418,0.36266,0.395949,0.42369,0.445849,0.462832,0.475328,0.484161,0.490157,0.494055,0.49646,0.49782,0.498429,0.498429
0.498528,0.498528,0.497954,0.49667,0.494397,0.490705,0.485014,0.476608,0.464681,0.448422,0.427132,0.400377,0.36813,0.330902,0.289793,0.246462,0.202981,0.161611,0.124511,0.0934639,0.0696416,0.0534882,0.0447152,0.0424123,0.0452359,0.0516298,0.0600326,0.0690366,0.0774835,0.0844987,0.0894786,0.0920547,0.0920547,0.0894786,0.0844987,0.0774835,0.0690366,0.0600326,0.0516298,0.0452359,0.0424123,0.0447152,0.0534882,0.0696416,0.0934639,0.124511,0.161611,0.202981,0.246462,0.289793,0.330902,0.36813,0.400377,0.427132,0.448422,0.464681,0.476608,0.485014,0.490705,0.494397,0.49667,0.497954,0.498528,0.498528
0.49865,0.49865,0.49812,0.496932,0.494824,0.491393,0.486086,0.478221,0.467019,0.451687,0.43152,0.406048,0.375174,0.339303,0.2994,0.256976,0.213967,0.172525,0.134758,0.102454,0.0768632,0.0585573,0.0474106,0.0426843,0.0431907,0.0474961,0.0541181,0.0616845,0.0690366,0.0752756,0.0797643,0.0821038,0.0821038,0.0797643,0.0752756,0.0690366,0.0616845,0.0541181,0.0474961,0.0431907,0.0426843,0.0474106,0.0585573,0.0768632,0.102454,0.134758,0.172525,0.213967,0.256976,0.2994,0.339303,0.375174,0.406048,0.43152,0.451687,0.467019,0.478221,0.486086,0.491393,0.494824,0.496932,0.49812,0.49865,0.49865
0.498789,0.498789,0.498309,0.497232,0.495316,0.492185,0.487326,0.480094,0.469748,0.455515,0.436692,0.412772,0.383583,0.349407,0.311056,0.269866,0.227604,0.186285,0.147937,0.114343,0.0868215,0.066083,0.0521843,0.0445866,0.0422913,0.0440203,0.0484001,0.0541181,0.0600326,0.065232,0.0690515,0.0710647,0.0710647,0.0690515,0.065232,0.0600326,0.0541181,0.0484001,0.0440203,0.0422913,0.0445866,0.0521843,0.066083,0.0868215,0.114343,0.147937,0.186285,0.227604,0.269866,0.311056,0.349407,0.383583,0.412772,0.436692,0.455515,0.469748,0.480094,0.487326,0.492185,0.495316,0.497232,0.498309,0.498789,0.498789
0.498937,0.498937,0.498512,0.497555,0.495847,0.493045,0.488678,0.482147,0.472754,0.459757,0.442459,0.420322,0.393097,0.360942,0.324498,0.284909,0.243743,0.202852,0.164153,0.129398,0.099962,0.0766867,0.0598195,0.0490397,0.0435643,0.042302,0.0440203,0.0474961,0.0516298,0.0555164,0.0584776,0.060068,0.060068,0.0584776,0.0555164,0.0516298,0.0474961,0.0440203,0.042302,0.0435643,0.0490397,0.0598195,0.0766867,0.099962,0.129398,0.164153,0.202852,0.243743,0.284909,0.324498,0.360942,0.393097,0.420322,0.442459,0.459757,0.472754,0.482147,0.488678,0.493045,0.495847,0.497555,0.498512,0.498937,0.498937
0.499088,0.499088,0.498719,0.497886,0.496394,0.493936,0.490086,0.484296,0.475918,0.464252,0.448614,0.428444,0.403423,0.373584,0.339397,0.301798,0.26214,0.222082,0.183401,0.14779,0.116649,0.0909359,0.071082,0.0569902,0.0481105,0.0435643,0.0422913,0.0431907,0.0452359,0.0475549,0.0494765,0.0505499,0.0505499,0.0494765,0.0475549,0.0452359,0.0431907,0.0422913,0.0435643,0.0481105,0.0569902,0.071082,0.0909359,0.116649,0.14779,0.183401,0.222082,0.26214,0.301798,0.339397,0.373584,0.403423,0.428444,0.448614,0.464252,0.475918,0.484296,0.490086,0.493936,0.496394,0.497886,0.498719,0.499088,0.499088
0.499235,0.499235,0.498921,0.498211,0.496935,0.494822,0.491494,0.486458,0.479125,0.468839,0.454943,0.436869,0.414237,0.386966,0.355359,0.32014,0.28244,0.2437,0.20553,0.169527,0.137086,0.109251,0.0866159,0.0692995,0.0569902,0.0490397,0.0445866,0.0426843,0.0424123,0.0429625,0.0436953,0.0441727,0.0441727,0.0436953,0.0429625,0.0424123,0.0426843,0.0445866,0.0490397,0.0569902,0.0692995,0.0866159,0.109251,0.137086,0.169527,0.20553,0.2437,0.28244,0.32014,0.355359,0.386966,0.414237,0.436869,0.454943,0.468839,0.479125,0.486458,0.491494,0.494822,0.496935,0.498211,0.498921,0.499235,0.499235
0.499373,0.499373,0.499112,0.49852,0.497451,0.495672,0.492853,0.48856,0.482263,0.473363,0.46124,0.445327,0.425204,0.400692,0.371938,0.339466,0.304175,0.267282,0.230204,0.194409,0.16125,0.131816,0.106833,0.0866159,0.071082,0.0598195,0.0521843,0.0474106,0.0447152,0.0433844,0.0428375,0.0426682,0.0426682,0.0428375,0.0433844,0.0447152,0.0474106,0.0521843,0.0598195,0.071082,0.0866159,0.106833,0.131816,0.16125,0.194409,0.230204,0.267282,0.304175,0.339466,0.371938,0.400692,0.425204,0.445327,0.46124,0.473363,0.482263,0.48856,0.492853,0.495672,0.497451,0.49852,0.499112,0.499373,0.499373
0.499498,0.499498,0.499286,0.498803,0.497927,0.496461,0.494123,0.490536,0.485237,0.477687,0.467312,0.453564,0.435999,0.41436,0.388662,0.359242,0.326781,0.292264,0.2569,0.222001,0.188837,0.158503,0.131816,0.109251,0.0909359,0.0766867,0.066083,0.0585573,0.0534882,0.0502834,0.0484456,0.047619,0.047619,0.0484456,0.0502834,0.0534882,0.0585573,0.066083,0.0766867,0.0909359,0.109251,0.131816,0.158503,0.188837,0.222001,0.2569,0.292264,0.326781,0.359242,0.388662,0.41436,0.435999,0.453564,0.467312,0.477687,0.485237,0.490536,0.494123,0.496461,0.497927,0.498803,0.499286,0.499498,0.499498
0.499608,0.499608,0.499439,0.499054,0.498352,0.49717,0.495272,0.49234,0.487973,0.481698,0.472996,0.461353,0.446319,0.427585,0.405057,0.378911,0.349626,0.317965,0.284923,0.251633,0.219252,0.188837,0.16125,0.137086,0.116649,0.099962,0.0868215,0.0768632,0.0696416,0.0647047,0.0616573,0.06021,0.06021,0.0616573,0.0647047,0.0696416,0.0768632,0.0868215,0.099962,0.116649,0.137086,0.16125,0.188837,0.219252,0.251633,0.284923,0.317965,0.349626,0.378911,0.405057,0.427585,0.446319,0.461353,0.472996,0.481698,0.487973,0.49234,0.495272,0.49717,0.498352,0.499054,0.499439,0.499608,0.499608
0.4997,0.4997,0.49957,0.49927,0.49872,0.497788,0.496282,0.493936,0.490415,0.48531,0.478166,0.468511,0.455908,0.440022,0.420678,0.397922,0.372055,0.343636,0.313451,0.282445,0.251633,0.222001,0.194409,0.169527,0.14779,0.129398,0.114343,0.102454,0.0934639,0.0870683,0.0829855,0.0810016,0.0810016,0.0829855,0.0870683,0.0934639,0.102454,0.114343,0.129398,0.14779,0.169527,0.194409,0.222001,0.251633,0.282445,0.313451,0.343636,0.372055,0.397922,0.420678,0.440022,0.455908,0.468511,0.478166,0.48531,0.490415,0.493936,0.496282,0.497788,0.49872,0.49927,0.49957,0.4997,0.4997
0.499777,0.499777,0.499678,0.49945,0.499029,0.498311,0.497143,0.495309,0.492533,0.488472,0.482735,0.474903,0.464569,0.45139,0.435143,0.415774,0.393439,0.368518,0.341602,0.313451,0.284923,0.2569,0.230204,0.20553,0.183401,0.164153,0.147937,0.134758,0.124511,0.117039,0.112173,0.109777,0.109777,0.112173,0.117039,0.124511,0.134758,0.147937,0.164153,0.183401,0.20553,0.230204,0.2569,0.284923,0.313451,0.341602,0.368518,0.393439,0.415774,0.435143,0.45139,0.464569,0.474903,0.482735,0.488472,0.492533,0.495309,0.497143,0.498311,0.499029,0.49945,0.499678,0.499777,0.499777
0.499838,0.499838,0.499765,0.499595,0.499281,0.498741,0.497856,0.496456,0.494317,0.491161,0.486659,0.48045,0.472169,0.461487,0.448156,0.432055,0.413229,0.39191,0.368518,0.343636,0.317965,0.292264,0.267282,0.2437,0.222082,0.202852,0.186285,0.172525,0.161611,0.153511,0.148164,0.14551,0.14551,0.148164,0.153511,0.161611,0.172525,0.186285,0.202852,0.222082,0.2437,0.267282,0.292264,0.317965,0.343636,0.368518,0.39191,0.413229,0.432055,0.448156,0.461487,0.472169,0.48045,0.486659,0.491161,0.494317,0.496456,0.497856,0.498741,0.499281,0.499595,0.499765,0.499838,0.499838
0.499885,0.499885,0.499832,0.49971,0.499481,0.499085,0.49843,0.497386,0.495778,0.493383,0.489934,0.485129,0.478651,0.4702,0.459526,0.44647,0.430999,0.413229,0.393439,0.372055,0.349626,0.326781,0.304175,0.28244,0.26214,0.243743,0.227604,0.213967,0.202981,0.194721,0.189214,0.186462,0.186462,0.189214,0.194721,0.202981,0.213967,0.227604,0.243743,0.26214,0.28244,0.304175,0.326781,0.349626,0.372055,0.393439,0.413229,0.430999,0.44647,0.459526,0.4702,0.478651,0.485129,0.489934,0.493383,0.495778,0.497386,0.49843,0.499085,0.499481,0.49971,0.499832,0.499885,0.499885
0.499921,0.499921,0.499884,0.499797,0.499634,0.499351,0.498878,0.498119,0.49694,0.495167,0.49259,0.488962,0.48402,0.4775,0.469169,0.458853,0.44647,0.432055,0.415774,0.397922,0.378911,0.359242,0.339466,0.32014,0.301798,0.284909,0.269866,0.256976,0.246462,0.238474,0.233106,0.230411,0.230411,0.233106,0.238474,0.246462,0.256976,0.269866,0.284909,0.301798,0.32014,0.339466,0.359242,0.378911,0.397922,0.415774,0.432055,0.44647,0.458853,0.469169,0.4775,0.48402,0.488962,0.49259,0.495167,0.49694,0.498119,0.498878,0.499351,0.499634,0.499797,0.499884,0.499921,0.499921
0.499947,0.499947,0.499921,0.499861,0.499749,0.499551,0.499219,0.498681,0.497837,0.496558,0.49468,0.492011,0.488337,0.483437,0.477104,0.469169,0.459526,0.448156,0.435143,0.420678,0.405057,0.388662,0.371938,0.355359,0.339397,0.324498,0.311056,0.2994,0.289793,0.282433,0.277455,0.274946,0.274946,0.277455,0.282433,0.289793,0.2994,0.311056,0.324498,0.339397,0.355359,0.371938,0.388662,0.405057,0.420678,0.435143,0.448156,0.459526,0.469169,0.477104,0.483437,0.488337,0.492011,0.49468,0.496558,0.497837,0.498681,0.499219,0.499551,0.499749,0.499861,0.499921,0.499947,0.499947
0.499965,0.499965,0.499948,0.499908,0.499832,0.499698,0.49947,0.499098,0.498511,0.497612,0.496279,0.494366,0.491706,0.488121,0.483437,0.4775,0.4702,0.461487,0.45139,0.440022,0.427585,0.41436,0.400692,0.386966,0.373584,0.360942,0.349407,0.339303,0.330902,0.324418,0.320011,0.317782,0.317782,0.320011,0.324418,0.330902,0.339303,0.349407,0.360942,0.373584,0.386966,0.400692,0.41436,0.427585,0.440022,0.45139,0.461487,0.4702,0.4775,0.483437,0.488121,0.491706,0.494366,0.496279,0.497612,0.498511,0.499098,0.49947,0.499698,0.499832,0.499908,0.499948,0.499965,0.499965
0.499978,0.499978,0.499967,0.49994,0.499891,0.499802,0.49965,0.4994,0.499001,0.498386,0.497465,0.496131,0.494258,0.491706,0.488337,0.48402,0.478651,0.472169,0.464569,0.455908,0.446319,0.435999,0.425204,0.414237,0.403423,0.393097,0.383583,0.375174,0.36813,0.36266,0.358924,0.35703,0.35703,0.358924,0.36266,0.36813,0.375174,0.383583,0.393097,0.403423,0.414237,0.425204,0.435999,0.446319,0.455908,0.464569,0.472169,0.478651,0.48402,0.488337,0.491706,0.494258,0.496131,0.497465,0.498386,0.499001,0.4994,0.49965,0.499802,0.499891,0.49994,0.499967,0.499978,0.499978
0.499986,0.499986,0.499979,0.499963,0.499931,0.499873,0.499775,0.499611,0.499348,0.498938,0.49832,0.497415,0.496131,0.494366,0.492011,0.488962,0.485129,0.48045,0.474903,0.468511,0.461353,0.453564,0.445327,0.436869,0.428444,0.420322,0.412772,0.406048,0.400377,0.395949,0.392913,0.39137,0.39137,0.392913,0.395949,0.400377,0.406048,0.412772,0.420322,0.428444,0.436869,0.445327,0.453564,0.461353,0.468511,0.474903,0.48045,0.485129,0.488962,0.492011,0.494366,0.496131,0.497415,0.49832,0.498938,0.499348,0.499611,0.499775,0.499873,0.499931,0.499963,0.499979,0.499986,0.499986
0.499992,0.499992,0.499987,0.499977,0.499957,0.499921,0.499859,0.499755,0.499586,0.499321,0.498916,0.49832,0.497465,0.496279,0.49468,0.49259,0.489934,0.486659,0.482735,0.478166,0.472996,0.467312,0.46124,0.454943,0.448614,0.442459,0.436692,0.43152,0.427132,0.42369,0.421322,0.420115,0.420115,0.421322,0.42369,0.427132,0.43152,0.436692,0.442459,0.448614,0.454943,0.46124,0.467312,0.472996,0.478166,0.482735,0.486659,0.489934,0.49259,0.49468,0.496279,0.497465,0.49832,0.498916,0.499321,0.499586,0.499755,0.499859,0.499921,0.499957,0.499977,0.499987,0.499992,0.499992
0.499995,0.499995,0.499993,0.499986,0.499974,0.499952,0.499914,0.49985,0.499744,0.499577,0.499321,0.498938,0.498386,0.497612,0.496558,0.495167,0.493383,0.491161,0.488472,0.48531,0.481698,0.477687,0.473363,0.468839,0.464252,0.459757,0.455515,0.451687,0.448422,0.445849,0.444074,0.443168,0.443168,0.444074,0.445849,0.448422,0.451687,0.455515,0.459757,0.464252,0.468839,0.473363,0.477687,0.481698,0.48531,0.488472,0.491161,0.493383,0.495167,0.496558,0.497612,0.498386,0.498938,0.499321,0.499577,0.499744,0.49985,0.499914,0.499952,0.499974,0.499986,0.499993,0.499995,0.499995
0.499997,0.499997,0.499996,0.499992,0.499985,0.499972,0.499949,0.49991,0.499846,0.499744,0.499586,0.499348,0.499001,0.498511,0.497837,0.49694,0.495778,0.494317,0.492533,0.490415,0.487973,0.485237,0.482263,0.479125,0.475918,0.472754,0.469748,0.467019,0.464681,0.462832,0.461552,0.460897,0.460897,0.461552,0.462832,0.464681,0.467019,0.469748,0.472754,0.475918,0.479125,0.482263,0.485237,0.487973,0.490415,0.492533,0.494317,0.495778,0.49694,0.497837,0.498511,0.499001,0.499348,0.499586,0.499744,0.499846,0.49991,0.499949,0.499972,0.499985,0.499992,0.499996,0.499997,0.499997
0.499998,0.499998,0.499998,0.499996,0.499991,0.499984,0.499971,0.499948,0.49991,0.49985,0.499755,0.499611,0.4994,0.499098,0.498681,0.498119,0.497386,0.496456,0.495309,0.493936,0.49234,0.490536,0.48856,0.486458,0.484296,0.482147,0.480094,0.478221,0.476608,0.475328,0.47444,0.473986,0.473986,0.47444,0.475328,0.476608,0.478221,0.480094,0.482147,0.484296,0.486458,0.48856,0.490536,0.49234,0.493936,0.495309,0.496456,0.497386,0.498119,0.498681,0.499098,0.4994,0.499611,0.499755,0.49985,0.49991,0.499948,0.499971,0.499984,0.499991,0.499996,0.499998,0.499998,0.499998
0.499999,0.499999,0.499999,0.499998,0.499995,0.499991,0.499984,0.499971,0.499949,0.499914,0.499859,0.499775,0.49965,0.49947,0.499219,0.498878,0.49843,0.497856,0.497143,0.496282,0.495272,0.494123,0.492853,0.491494,0.490086,0.488678,0.487326,0.486086,0.485014,0.484161,0.483568,0.483264,0.483264,0.483568,0.484161,0.485014,0.486086,0.487326,0.488678,0.490086,0.491494,0.492853,0.494123,0.495272,0.496282,0.497143,0.497856,0.49843,0.498878,0.499219,0.49947,0.49965,0.499775,0.499859,0.499914,0.499949,0.499971,0.499984,0.499991,0.499995,0.499998,0.499999,0.499999,0.499999
0.5,0.5,0.499999,0.499999,0.499997,0.499995,0.499991,0.499984,0.499972,0.499952,0.499921,0.499873,0.499802,0.499698,0.499551,0.499351,0.499085,0.498741,0.498311,0.497788,0.49717,0.496461,0.495672,0.494822,0.493936,0.493045,0.492185,0.491393,0.490705,0.490157,0.489774,0.489578,0.489578,0.489774,0.490157,0.490705,0.491393,0.492185,0.493045,0.493936,0.494822,0.495672,0.496461,0.49717,0.497788,0.498311,0.498741,0.499085,0.499351,0.499551,0.499698,0.499802,0.499873,0.499921,0.499952,0.499972,0.499984,0.499991,0.499995,0.499997,0.499999,0.499999,0.5,0.5
0.5,0.5,0.5,0.499999,0.499999,0.499997,0.499995,0.499991,0.499985,0.499974,0.499957,0.499931,0.499891,0.499832,0.499749,0.499634,0.499481,0.499281,0.499029,0.49872,0.498352,0.497927,0.497451,0.496935,0.496394,0.495847,0.495316,0.494824,0.494397,0.494055,0.493815,0.493693,0.493693,0.493815,0.494055,0.494397,0.494824,0.495316,0.495847,0.496394,0.496935,0.497451,0.497927,0.498352,0.49872,0.499029,0.499281,0.499481,0.499634,0.499749,0.499832,0.499891,0.499931,0.499957,0.499974,0.499985,0.499991,0.499995,0.499997,0.499999,0.499999,0.5,0.5,0.5
0.5,0.5,0.5,0.5,0.499999,0.499999,0.499998,0.499996,0.499992,0.499986,0.499977,0.499963,0.49994,0.499908,0.499861,0.499797,0.49971,0.499595,0.49945,0.49927,0.499054,0.498803,0.49852,0.498211,0.497886,0.497555,0.497232,0.496932,0.49667,0.49646,0.496312,0.496237,0.496237,0.496312,0.49646,0.49667,0.496932,0.497232,0.497555,0.497886,0.498211,0.49852,0.498803,0.499054,0.49927,0.49945,0.499595,0.49971,0.499797,0.499861,0.499908,0.49994,0.499963,0.499977,0.499986,0.499992,0.499996,0.499998,0.499999,0.499999,0.5,0.5,0.5,0.5
0.5,0.5,0.5,0.5,0.5,0.499999,0.499999,0.499998,0.499996,0.499993,0.499987,0.499979,0.499967,0.499948,0.499921,0.499884,0.499832,0.499765,0.499678,0.49957,0.499439,0.499286,0.499112,0.498921,0.498719,0.498512,0.498309,0.49812,0.497954,0.49782,0.497727,0.497679,0.497679,0.497727,0.49782,0.497954,0.49812,0.498309,0.498512,0.498719,0.498921,0.499112,0.499286,0.499439,0.49957,0.499678,0.499765,0.499832,0.499884,0.499921,0.499948,0.499967,0.499979,0.499987,0.499993,0.499996,0.499998,0.499999,0.499999,0.5,0.5,0.5,0.5,0.5
0.5,0.5,0.5,0.5,0.5,0.5,0.499999,0.499998,0.499997,0.499995,0.499992,0.499986,0.499978,0.499965,0.499947,0.499921,0.499885,0.499838,0.499777,0.4997,0.499608,0.499498,0.499373,0.499235,0.499088,0.498937,0.498789,0.49865,0.498528,0.498429,0.49836,0.498324,0.498324,0.49836,0.498429,0.498528,0.49865,0.498789,0.498937,0.499088,0.499235,0.499373,0.499498,0.499608,0.4997,0.499777,0.499838,0.499885,0.499921,0.499947,0.499965,0.499978,0.499986,0.499992,0.499995,0.499997,0.499998,0.499999,0.5,0.5,0.5,0.5,0.5,0.5
0.5,0.5,0.5,0.5,0.5,0.5,0.499999,0.499998,0.499997,0.499995,0.499992,0.499986,0.499978,0.499965,0.499947,0.499921,0.499885,0.499838,0.499777,0.4997,0.499608,0.499498,0.499373,0.499235,0.499088,0.498937,0.498789,0.49865,0.498528,0.498429,0.49836,0.498324,0.498324,0.49836,0.498429,0.498528,0.49865,0.498789,0.498937,0.499088,0.499235,0.499373,0.499498,0.499608,0.4997,0.499777,0.499838,0.499885,0.499921,0.499947,0.499965,0.499978,0.499986,0.499992,0.499995,0.499997,0.499998,0.499999,0.5,0.5,0.5,0.5,0.5,0.5
