0.5,0.5,0.5,0.5,0.5,0.5,0.5,0.5,0.499999,0.499999,0.499998,0.499997,0.499995,0.499991,0.499986,0.499979,0.499968,0.499954,0.499935,0.499911,0.49988,0.499844,0.499801,0.499753,0.499701,0.499647,0.499593,0.499541,0.499496,0.499459,0.499433,0.499419,0.499419,0.499433,0.499459,0.499496,0.499541,0.499593,0.499647,0.499701,0.499753,0.499801,0.499844,0.49988,0.499911,0.499935,0.499954,0.499968,0.499979,0.499986,0.499991,0.499995,0.499997,0.499998,0.499999,0.499999,0.5,0.5,0.5,0.5,0.5,0.5,0.5,0.5
0.5,0.5,0.5,0.5,0.5,0.5,0.5,0.5,0.499999,0.499999,0.499998,0.499997,0.499995,0.499991,0.499986,0.499979,0.499968,0.499954,0.499935,0.499911,0.49988,0.499844,0.499801,0.499753,0.499701,0.499647,0.499593,0.499541,0.499496,0.499459,0.499433,0.499419,0.499419,0.499433,0.499459,0.499496,0.499541,0.499593,0.499647,0.499701,0.499753,0.499801,0.499844,0.49988,0.499911,0.499935,0.499954,0.499968,0.499979,0.499986,0.499991,0.499995,0.499997,0.499998,0.499999,0.499999,0.5,0.5,0.5,0.5,0.5,0.5,0.5,0.5
0.5,0.5,0.5,0.5,0.5,0.5,0.5,0.499999,0.499999,0.499998,0.499997,0.499995,0.499991,0.499986,0.499978,0.499967,0.499951,0.49993,0.499901,0.499865,0.499819,0.499765,0.499702,0.499632,0.499555,0.499476,0.499398,0.499323,0.499258,0.499204,0.499167,0.499147,0.499147,0.499167,0.499204,0.499258,0.499323,0.499398,0.499476,0.499555,0.499632,0.499702,0.499765,0.499819,0.499865,0.499901,0.49993,0.499951,0.499967,0.499978,0.499986,0.499991,0.499995,0.499997,0.499998,0.499999,0.499999,0.5,0.5,0.5,0.5,0.5,0.5,0.5
0.5,0.5,0.5,0.5,0.5,0.5,0.499999,0.499999,0.499998,0.499997,0.499994,0.49999,0.499984,0.499974,0.49996,0.499939,0.49991,0.499871,0.49982,0.499755,0.499675,0.49958,0.49947,0.499347,0.499215,0.499079,0.498944,0.498817,0.498705,0.498615,0.498551,0.498518,0.498518,0.498551,0.498615,0.498705,0.498817,0.498944,0.499079,0.499215,0.499347,0.49947,0.49958,0.499675,0.499755,0.49982,0.499871,0.49991,0.499939,0.49996,0.499974,0.499984,0.49999,0.499994,0.499997,0.499998,0.499999,0.499999,0.5,0.5,0.5,0.5,0.5,0.5
0.5,0.5,0.5,0.5,0.5,0.499999,0.499999,0.499998,0.499996,0.499993,0.499989,0.499981,0.499969,0.49995,0.499923,0.499884,0.49983,0.499757,0.499663,0.499544,0.499399,0.499226,0.499029,0.49881,0.498575,0.498334,0.498096,0.497874,0.497678,0.49752,0.497408,0.497351,0.497351,0.497408,0.49752,0.497678,0.497874,0.498096,0.498334,0.498575,0.49881,0.499029,0.499226,0.499399,0.499544,0.499663,0.499757,0.49983,0.499884,0.499923,0.49995,0.499969,0.499981,0.499989,0.499993,0.499996,0.499998,0.499999,0.499999,0.5,0.5,0.5,0.5,0.5
0.5,0.5,0.5,0.5,0.499999,0.499999,0.499998,0.499996,0.499993,0.499987,0.499978,0.499963,0.49994,0.499905,0.499855,0.499783,0.499684,0.499552,0.499381,0.499168,0.498908,0.498602,0.498253,0.497869,0.49746,0.497041,0.49663,0.496246,0.49591,0.495638,0.495448,0.49535,0.49535,0.495448,0.495638,0.49591,0.496246,0.49663,0.497041,0.49746,0.497869,0.498253,0.498602,0.498908,0.499168,0.499381,0.499552,0.499684,0.499783,0.499855,0.499905,0.49994,0.499963,0.499978,0.499987,0.499993,0.499996,0.499998,0.499999,0.499999,0.5,0.5,0.5,0.5
0.5,0.5,0.5,0.499999,0.499999,0.499998,0.499996,0.499992,0.499986,0.499976,0.499959,0.499931,0.499889,0.499826,0.499734,0.499605,0.499429,0.499196,0.498897,0.498524,0.498074,0.497547,0.496951,0.496297,0.495605,0.4949,0.494211,0.49357,0.49301,0.49256,0.492244,0.492082,0.492082,0.492244,0.49256,0.49301,0.49357,0.494211,0.4949,0.495605,0.496297,0.496951,0.497547,0.498074,0.498524,0.498897,0.499196,0.499429,0.499605,0.499734,0.499826,0.499889,0.499931,0.499959,0.499976,0.499986,0.499992,0.499996,0.499998,0.499999,0.499999,0.5,0.5,0.5
0.5,0.5,0.499999,0.499999,0.499998,0.499996,0.499992,0.499986,0.499975,0.499956,0.499925,0.499876,0.499801,0.499689,0.499528,0.499304,0.499,0.498601,0.498092,0.497463,0.496709,0.495832,0.494846,0.493771,0.49264,0.491493,0.490379,0.489346,0.488446,0.487725,0.487221,0.486962,0.486962,0.487221,0.487725,0.488446,0.489346,0.490379,0.491493,0.49264,0.493771,0.494846,0.495832,0.496709,0.497463,0.498092,0.498601,0.499,0.499304,0.499528,0.499689,0.499801,0.499876,0.499925,0.499956,0.499975,0.499986,0.499992,0.499996,0.499998,0.499999,0.499999,0.5,0.5
0.499999,0.499999,0.499999,0.499998,0.499996,0.499993,0.499986,0.499975,0.499955,0.499921,0.499867,0.499782,0.499652,0.499462,0.499189,0.498811,0.498303,0.497641,0.496804,0.495776,0.494554,0.493143,0.491566,0.48986,0.488075,0.486276,0.484536,0.482931,0.481537,0.480424,0.479648,0.479249,0.479249,0.479648,0.480424,0.481537,0.482931,0.484536,0.486276,0.488075,0.48986,0.491566,0.493143,0.494554,0.495776,0.496804,0.497641,0.498303,0.498811,0.499189,0.499462,0.499652,0.499782,0.499867,0.499921,0.499955,0.499975,0.499986,0.499993,0.499996,0.499998,0.499999,0.499999,0.499999
0.499999,0.499999,0.499998,0.499997,0.499993,0.499987,0.499976,0.499956,0.499921,0.499864,0.499772,0.499628,0.499412,0.499096,0.498647,0.49803,0.497208,0.496145,0.494811,0.493188,0.491271,0.489077,0.486641,0.484025,0.481307,0.478583,0.475964,0.473559,0.47148,0.469824,0.468673,0.468082,0.468082,0.468673,0.469824,0.47148,0.473559,0.475964,0.478583,0.481307,0.484025,0.486641,0.489077,0.491271,0.493188,0.494811,0.496145,0.497208,0.49803,0.498647,0.499096,0.499412,0.499628,0.499772,0.499864,0.499921,0.499956,0.499976,0.499987,0.499993,0.499997,0.499998,0.499999,0.499999
0.499998,0.499998,0.499997,0.499994,0.499989,0.499978,0.499959,0.499925,0.499867,0.499772,0.49962,0.499386,0.499035,0.498526,0.49781,0.496834,0.495545,0.493891,0.491834,0.489351,0.486445,0.483145,0.479512,0.475638,0.471642,0.467666,0.463863,0.460392,0.457403,0.455032,0.453387,0.452544,0.452544,0.453387,0.455032,0.457403,0.460392,0.463863,0.467666,0.471642,0.475638,0.479512,0.483145,0.486445,0.489351,0.491834,0.493891,0.495545,0.496834,0.49781,0.498526,0.499035,0.499386,0.49962,0.499772,0.499867,0.499925,0.499959,0.499978,0.499989,0.499994,0.499997,0.499998,0.499998
0.499997,0.499997,0.499995,0.49999,0.499981,0.499963,0.499931,0.499876,0.499782,0.499628,0.499386,0.499013,0.498461,0.497667,0.496559,0.495062,0.493101,0.490609,0.487537,0.483862,0.479599,0.474801,0.469563,0.464023,0.458354,0.452754,0.447433,0.442605,0.438469,0.435199,0.432938,0.431782,0.431782,0.432938,0.435199,0.438469,0.442605,0.447433,0.452754,0.458354,0.464023,0.469563,0.474801,0.479599,0.483862,0.487537,0.490609,0.493101,0.495062,0.496559,0.497667,0.498461,0.499013,0.499386,0.499628,0.499782,0.499876,0.499931,0.499963,0.499981,0.49999,0.499995,0.499997,0.499997
0.499995,0.499995,0.499991,0.499984,0.499969,0.49994,0.499889,0.499801,0.499652,0.499412,0.499035,0.498461,0.497617,0.496413,0.494749,0.492522,0.48963,0.485989,0.481544,0.476278,0.470226,0.463478,0.45618,0.44853,0.440768,0.43316,0.425986,0.419517,0.414006,0.40967,0.406679,0.405154,0.405154,0.406679,0.40967,0.414006,0.419517,0.425986,0.43316,0.440768,0.44853,0.45618,0.463478,0.470226,0.476278,0.481544,0.485989,0.48963,0.492522,0.494749,0.496413,0.497617,0.498461,0.499035,0.499412,0.499652,0.499801,0.499889,0.49994,0.499969,0.499984,0.499991,0.499995,0.499995
0.499991,0.499991,0.499986,0.499974,0.49995,0.499905,0.499826,0.499689,0.499462,0.499096,0.498526,0.497667,0.496413,0.494641,0.492215,0.488997,0.484859,0.479702,0.473467,0.466157,0.457839,0.448659,0.43883,0.428626,0.418369,0.408404,0.399082,0.390738,0.383673,0.378142,0.374342,0.372408,0.372408,0.374342,0.378142,0.383673,0.390738,0.399082,0.408404,0.418369,0.428626,0.43883,0.448659,0.457839,0.466157,0.473467,0.479702,0.484859,0.488997,0.492215,0.494641,0.496413,0.497667,0.498526,0.499096,0.499462,0.499689,0.499826,0.499905,0.49995,0.499974,0.499986,0.499991,0.499991
0.499986,0.499986,0.499978,0.49996,0.499923,0.499855,0.499734,0.499528,0.499189,0.498647,0.49781,0.496559,0.494749,0.492215,0.488778,0.484263,0.478516,0.471427,0.462947,0.45311,0.44204,0.429954,0.417153,0.404005,0.390924,0.378339,0.366673,0.356314,0.347605,0.340825,0.336187,0.333832,0.333832,0.336187,0.340825,0.347605,0.356314,0.366673,0.378339,0.390924,0.404005,0.417153,0.429954,0.44204,0.45311,0.462947,0.471427,0.478516,0.484263,0.488778,0.492215,0.494749,0.496559,0.49781,0.498647,0.499189,0.499528,0.499734,0.499855,0.499923,0.49996,0.499978,0.499986,0.499986
0.499979,0.499979,0.499967,0.499939,0.499884,0.499783,0.499605,0.499304,0.498811,0.49803,0.496834,0.495062,0.492522,0.488997,0.484263,0.478107,0.470354,0.460892,0.4497,0.436865,0.422587,0.407182,0.391057,0.374688,0.358587,0.343265,0.329205,0.316837,0.306522,0.298544,0.293113,0.290364,0.290364,0.293113,0.298544,0.306522,0.316837,0.329205,0.343265,0.358587,0.374688,0.391057,0.407182,0.422587,0.436865,0.4497,0.460892,0.470354,0.478107,0.484263,0.488997,0.492522,0.495062,0.496834,0.49803,0.498811,0.499304,0.499605,0.499783,0.499884,0.499939,0.499967,0.499979,0.499979
0.499968,0.499968,0.499951,0.49991,0.49983,0.499684,0.499429,0.499,0.498303,0.497208,0.495545,0.493101,0.48963,0.484859,0.478516,0.470354,0.460185,0.447914,0.433569,0.417316,0.399462,0.380442,0.360788,0.341093,0.321964,0.303985,0.287678,0.273486,0.261759,0.252759,0.246667,0.243595,0.243595,0.246667,0.252759,0.261759,0.273486,0.287678,0.303985,0.321964,0.341093,0.360788,0.380442,0.399462,0.417316,0.433569,0.447914,0.460185,0.470354,0.478516,0.484859,0.48963,0.493101,0.495545,0.497208,0.498303,0.499,0.499429,0.499684,0.49983,0.49991,0.499951,0.499968,0.499968
0.499954,0.499954,0.49993,0.499871,0.499757,0.499552,0.499196,0.498601,0.497641,0.496145,0.493891,0.490609,0.485989,0.479702,0.471427,0.460892,0.447914,0.432438,0.414569,0.394581,0.372917,0.350154,0.326963,0.304055,0.282122,0.261794,0.243604,0.227968,0.215191,0.205476,0.198945,0.195666,0.195666,0.198945,0.205476,0.215191,0.227968,0.243604,0.261794,0.282122,0.304055,0.326963,0.350154,0.372917,0.394581,0.414569,0.432438,0.447914,0.460892,0.471427,0.479702,0.485989,0.490609,0.493891,0.496145,0.497641,0.498601,0.499196,0.499552,0.499757,0.499871,0.49993,0.499954,0.499954
0.499935,0.499935,0.499901,0.49982,0.499663,0.499381,0.498897,0.498092,0.496804,0.494811,0.491834,0.487537,0.481544,0.473467,0.462947,0.4497,0.433569,0.414569,0.392912,0.369017,0.343487,0.317061,0.290554,0.264786,0.240512,0.218377,0.198879,0.182368,0.169055,0.159046,0.152376,0.149045,0.149045,0.152376,0.159046,0.169055,0.182368,0.198879,0.218377,0.240512,0.264786,0.290554,0.317061,0.343487,0.369017,0.392912,0.414569,0.433569,0.4497,0.462947,0.473467,0.481544,0.487537,0.491834,0.494811,0.496804,0.498092,0.498897,0.499381,0.499663,0.49982,0.499901,0.499935,0.499935
0.499911,0.499911,0.499865,0.499755,0.499544,0.499168,0.498524,0.497463,0.495776,0.493188,0.489351,0.483862,0.476278,0.466157,0.45311,0.436865,0.417316,0.394581,0.369017,0.341216,0.311966,0.282178,0.252808,0.224766,0.198837,0.175636,0.155582,0.138905,0.125682,0.115883,0.109426,0.106224,0.106224,0.109426,0.115883,0.125682,0.138905,0.155582,0.175636,0.198837,0.224766,0.252808,0.282178,0.311966,0.341216,0.369017,0.394581,0.417316,0.436865,0.45311,0.466157,0.476278,0.483862,0.489351,0.493188,0.495776,0.497463,0.498524,0.499168,0.499544,0.499755,0.499865,0.499911,0.499911
0.49988,0.49988,0.499819,0.499675,0.499399,0.498908,0.498074,0.496709,0.494554,0.491271,0.486445,0.479599,0.470226,0.457839,0.44204,0.422587,0.399462,0.372917,0.343487,0.311966,0.279341,0.246701,0.215125,0.185584,0.158853,0.135467,0.115714,0.0996595,0.0872037,0.0781496,0.0722735,0.0693883,0.0693883,0.0722735,0.0781496,0.0872037,0.0996595,0.115714,0.135467,0.158853,0.185584,0.215125,0.246701,0.279341,0.311966,0.343487,0.372917,0.399462,0.422587,0.44204,0.457839,0.470226,0.479599,0.486445,0.491271,0.494554,0.496709,0.498074,0.498908,0.499399,0.499675,0.499819,0.49988,0.49988
0.499844,0.499844,0.499765,0.49958,0.499226,0.498602,0.497547,0.495832,0.493143,0.489077,0.483145,0.474801,0.463478,0.448659,0.429954,0.407182,0.380442,0.350154,0.317061,0.282178,0.246701,0.211883,0.178906,0.148761,0.122165,0.0995259,0.0809515,0.0663025,0.0552703,0.0474679,0.0425173,0.0401226,0.0401226,0.0425173,0.0474679,0.0552703,0.0663025,0.0809515,0.0995259,0.122165,0.148761,0.178906,0.211883,0.246701,0.282178,0.317061,0.350154,0.380442,0.407182,0.429954,0.448659,0.463478,0.474801,0.483145,0.489077,0.493143,0.495832,0.497547,0.498602,0.499226,0.49958,0.499765,0.499844,0.499844
0.499801,0.499801,0.499702,0.49947,0.499029,0.498253,0.496951,0.494846,0.491566,0.486641,0.479512,0.469563,0.45618,0.43883,0.417153,0.391057,0.360788,0.326963,0.290554,0.252808,0.215125,0.178906,0.145399,0.115573,0.0900406,0.0690342,0.052444,0.0398949,0.0308508,0.0247253,0.0209827,0.0192193,0.0192193,0.0209827,0.0247253,0.0308508,0.0398949,0.052444,0.0690342,0.0900406,0.115573,0.145399,0.178906,0.215125,0.252808,0.290554,0.326963,0.360788,0.391057,0.417153,0.43883,0.45618,0.469563,0.479512,0.486641,0.491566,0.494846,0.496951,0.498253,0.499029,0.49947,0.499702,0.499801,0.499801
0.499753,0.499753,0.499632,0.499347,0.49881,0.497869,0.496297,0.493771,0.48986,0.484025,0.475638,0.464023,0.44853,0.428626,0.404005,0.374688,0.341093,0.304055,0.264786,0.224766,0.185584,0.148761,0.115573,0.0869249,0.0632785,0.0446557,0.0307005,0.0207868,0.0141467,0.00999811,0.00765619,0.00661786,0.00661786,0.00765619,0.00999811,0.0141467,0.0207868,0.0307005,0.0446557,0.0632785,0.0869249,0.115573,0.148761,0.185584,0.224766,0.264786,0.304055,0.341093,0.374688,0.404005,0.428626,0.44853,0.464023,0.475638,0.484025,0.48986,0.493771,0.496297,0.497869,0.49881,0.499347,0.499632,0.499753,0.499753
0.499701,0.499701,0.499555,0.499215,0.498575,0.49746,0.495605,0.49264,0.488075,0.481307,0.471642,0.458354,0.440768,0.418369,0.390924,0.358587,0.321964,0.282122,0.240512,0.198837,0.158853,0.122165,0.0900406,0.0632785,0.0421577,0.0264631,0.0155806,0.00863246,0.00462885,0.00260869,0.00175567,0.00148225,0.00148225,0.00175567,0.00260869,0.00462885,0.00863246,0.0155806,0.0264631,0.0421577,0.0632785,0.0900406,0.122165,0.158853,0.198837,0.240512,0.282122,0.321964,0.358587,0.390924,0.418369,0.440768,0.458354,0.471642,0.481307,0.488075,0.49264,0.495605,0.49746,0.498575,0.499215,0.499555,0.499701,0.499701
0.499647,0.499647,0.499476,0.499079,0.498334,0.497041,0.4949,0.491493,0.486276,0.478583,0.467666,0.452754,0.43316,0.408404,0.378339,0.343265,0.303985,0.261794,0.218377,0.175636,0.135467,0.0995259,0.0690342,0.0446557,0.0264631,0.013995,0.00638095,0.00250612,0.00118054,0.00128955,0.00190987,0.00238843,0.00238843,0.00190987,0.00128955,0.00118054,0.00250612,0.00638095,0.013995,0.0264631,0.0446557,0.0690342,0.0995259,0.135467,0.175636,0.218377,0.261794,0.303985,0.343265,0.378339,0.408404,0.43316,0.452754,0.467666,0.478583,0.486276,0.491493,0.4949,0.497041,0.498334,0.499079,0.499476,0.499647,0.499647
0.499593,0.499593,0.499398,0.498944,0.498096,0.49663,0.494211,0.490379,0.484536,0.475964,0.463863,0.447433,0.425986,0.399082,0.366673,0.329205,0.287678,0.243604,0.198879,0.155582,0.115714,0.0809515,0.052444,0.0307005,0.0155806,0.00638095,0.0019921,0.0010869,0.00230556,0.00441045,0.00639837,0.00757074,0.00757074,0.00639837,0.00441045,0.00230556,0.0010869,0.0019921,0.00638095,0.0155806,0.0307005,0.052444,0.0809515,0.115714,0.155582,0.198879,0.243604,0.287678,0.329205,0.366673,0.399082,0.425986,0.447433,0.463863,0.475964,0.484536,0.490379,0.494211,0.49663,0.498096,0.498944,0.499398,0.499593,0.499593
0.499541,0.499541,0.499323,0.498817,0.497874,0.496246,0.49357,0.489346,0.482931,0.473559,0.460392,0.442605,0.419517,0.390738,0.356314,0.316837,0.273486,0.227968,0.182368,0.138905,0.0996595,0.0663025,0.0398949,0.0207868,0.00863246,0.00250612,0.0010869,0.00286847,0.00635518,0.0102179,0.0133994,0.0151738,0.0151738,0.0133994,0.0102179,0.00635518,0.00286847,0.0010869,0.00250612,0.00863246,0.0207868,0.0398949,0.0663025,0.0996595,0.138905,0.182368,0.227968,0.273486,0.316837,0.356314,0.390738,0.419517,0.442605,0.460392,0.473559,0.482931,0.489346,0.49357,0.496246,0.497874,0.498817,0.499323,0.499541,0.499541
0.499496,0.499496,0.499258,0.498705,0.497678,0.49591,0.49301,0.488446,0.481537,0.47148,0.457403,0.438469,0.414006,0.383673,0.347605,0.306522,0.261759,0.215191,0.169055,0.125682,0.0872037,0.0552703,0.0308508,0.0141467,0.00462885,0.00118054,0.00230556,0.00635518,0.0117319,0.0170436,0.0212007,0.0234647,0.0234647,0.0212007,0.0170436,0.0117319,0.00635518,0.00230556,0.00118054,0.00462885,0.0141467,0.0308508,0.0552703,0.0872037,0.125682,0.169055,0.215191,0.261759,0.306522,0.347605,0.383673,0.414006,0.438469,0.457403,0.47148,0.481537,0.488446,0.49301,0.49591,0.497678,0.498705,0.499258,0.499496,0.499496
0.499459,0.499459,0.499204,0.498615,0.49752,0.495638,0.49256,0.487725,0.480424,0.469824,0.455032,0.435199,0.40967,0.378142,0.340825,0.298544,0.252759,0.205476,0.159046,0.115883,0.0781496,0.0474679,0.0247253,0.00999811,0.00260869,0.00128955,0.00441045,0.0102179,0.0170436,0.0234557,0.0283484,0.0309797,0.0309797,0.0283484,0.0234557,0.0170436,0.0102179,0.00441045,0.00128955,0.00260869,0.00999811,0.0247253,0.0474679,0.0781496,0.115883,0.159046,0.205476,0.252759,0.298544,0.340825,0.378142,0.40967,0.435199,0.455032,0.469824,0.480424,0.487725,0.49256,0.495638,0.49752,0.498615,0.499204,0.499459,0.499459
0.499433,0.499433,0.499167,0.498551,0.497408,0.495448,0.492244,0.487221,0.479648,0.468673,0.453387,0.432938,0.406679,0.374342,0.336187,0.293113,0.246667,0.198945,0.152376,0.109426,0.0722735,0.0425173,0.0209827,0.00765619,0.00175567,0.00190987,0.00639837,0.0133994,0.0212007,0.0283484,0.0337299,0.0366043,0.0366043,0.0337299,0.0283484,0.0212007,0.0133994,0.00639837,0.00190987,0.00175567,0.00765619,0.0209827,0.0425173,0.0722735,0.109426,0.152376,0.198945,0.246667,0.293113,0.336187,0.374342,0.406679,0.432938,0.453387,0.468673,0.479648,0.487221,0.492244,0.495448,0.497408,0.498551,0.499167,0.499433,0.499433
0.499419,0.499419,0.499147,0.498518,0.497351,0.49535,0.492082,0.486962,0.479249,0.468082,0.452544,0.431782,0.405154,0.372408,0.333832,0.290364,0.243595,0.195666,0.149045,0.106224,0.0693883,0.0401226,0.0192193,0.00661786,0.00148225,0.00238843,0.00757074,0.0151738,0.0234647,0.0309797,0.0366043,0.0395994,0.0395994,0.0366043,0.0309797,0.0234647,0.0151738,0.00757074,0.00238843,0.00148225,0.00661786,0.0192193,0.0401226,0.0693883,0.106224,0.149045,0.195666,0.243595,0.290364,0.333832,0.372408,0.405154,0.431782,0.452544,0.468082,0.479249,0.486962,0.492082,0.49535,0.497351,0.498518,0.499147,0.499419,0.499419
0.499419,0.499419,0.499147,0.498518,0.497351,0.49535,0.492082,0.486962,0.479249,0.468082,0.452544,0.431782,0.405154,0.372408,0.333832,0.290364,0.243595,0.195666,0.149045,0.106224,0.0693883,0.0401226,0.0192193,0.00661786,0.00148225,0.00238843,0.00757074,0.0151738,0.0234647,0.0309797,0.0366043,0.0395994,0.0395994,0.0366043,0.0309797,0.0234647,0.0151738,0.00757074,0.00238843,0.00148225,0.00661786,0.0192193,0.0401226,0.0693883,0.106224,0.149045,0.195666,0.243595,0.290364,0.333832,0.372408,0.405154,0.431782,0.452544,0.468082,0.479249,0.486962,0.492082,0.49535,0.497351,0.498518,0.499147,0.499419,0.499419
0.499433,0.499433,0.499167,0.498551,0.497408,0.495448,0.492244,0.487221,0.479648,0.468673,0.453387,0.432938,0.406679,0.374342,0.336187,0.293113,0.246667,0.198945,0.152376,0.109426,0.0722735,0.0425173,0.0209827,0.00765619,0.00175567,0.00190987,0.00639837,0.0133994,0.0212007,0.0283484,0.0337299,0.0366043,0.0366043,0.0337299,0.0283484,0.0212007,0.0133994,0.00639837,0.00190987,0.00175567,0.00765619,0.0209827,0.0425173,0.0722735,0.109426,0.152376,0.198945,0.246667,0.293113,0.336187,0.374342,0.406679,0.432938,0.453387,0.468673,0.479648,0.487221,0.492244,0.495448,0.497408,0.498551,0.499167,0.499433,0.499433
0.499459,0.499459,0.499204,0.498615,0.49752,0.495638,0.49256,0.487725,0.480424,0.469824,0.455032,0.435199,0.40967,0.378142,0.340825,0.298544,0.252759,0.205476,0.159046,0.115883,0.0781496,0.0474679,0.0247253,0.00999811,0.00260869,0.00128955,0.00441045,0.0102179,0.0170436,0.0234557,0.0283484,0.0309797,0.0309797,0.0283484,0.0234557,0.0170436,0.0102179,0.00441045,0.00128955,0.00260869,0.00999811,0.0247253,0.0474679,0.0781496,0.115883,0.159046,0.205476,0.252759,0.298544,0.340825,0.378142,0.40967,0.435199,0.455032,0.469824,0.480424,0.487725,0.49256,0.495638,0.49752,0.498615,0.499204,0.499459,0.499459
0.499496,0.499496,0.499258,0.498705,0.497678,0.49591,0.49301,0.488446,0.481537,0.47148,0.457403,0.438469,0.414006,0.383673,0.347605,0.306522,0.261759,0.215191,0.169055,0.125682,0.0872037,0.0552703,0.0308508,0.0141467,0.00462885,0.00118054,0.00230556,0.00635518,0.0117319,0.0170436,0.0212007,0.0234647,0.0234647,0.0212007,0.0170436,0.0117319,0.00635518,0.00230556,0.00118054,0.00462885,0.0141467,0.0308508,0.0552703,0.0872037,0.125682,0.169055,0.215191,0.261759,0.306522,0.347605,0.383673,0.414006,0.438469,0.457403,0.47148,0.481537,0.488446,0.49301,0.49591,0.497678,0.498705,0.499258,0.499496,0.499496
0.499541,0.499541,0.499323,0.498817,0.497874,0.496246,0.49357,0.489346,0.482931,0.473559,0.460392,0.442605,0.419517,0.390738,0.356314,0.316837,0.273486,0.227968,0.182368,0.138905,0.0996595,0.0663025,0.0398949,0.0207868,0.00863246,0.00250612,0.0010869,0.00286847,0.00635518,0.0102179,0.0133994,0.0151738,0.0151738,0.0133994,0.0102179,0.00635518,0.00286847,0.0010869,0.00250612,0.00863246,0.0207868,0.0398949,0.0663025,0.0996595,0.138905,0.182368,0.227968,0.273486,0.316837,0.356314,0.390738,0.419517,0.442605,0.460392,0.473559,0.482931,0.489346,0.49357,0.496246,0.497874,0.498817,0.499323,0.499541,0.499541
0.499593,0.499593,0.499398,0.498944,0.498096,0.49663,0.494211,0.490379,0.484536,0.475964,0.463863,0.447433,0.425986,0.399082,0.366673,0.329205,0.287678,0.243604,0.198879,0.155582,0.115714,0.0809515,0.052444,0.0307005,0.0155806,0.00638095,0.0019921,0.0010869,0.00230556,0.00441045,0.00639837,0.00757074,0.00757074,0.00639837,0.00441045,0.00230556,0.0010869,0.0019921,0.00638095,0.0155806,0.0307005,0.052444,0.0809515,0.115714,0.155582,0.198879,0.243604,0.287678,0.329205,0.366673,0.399082,0.425986,0.447433,0.463863,0.475964,0.484536,0.490379,0.494211,0.49663,0.498096,0.498944,0.499398,0.499593,0.499593
0.499647,0.499647,0.499476,0.499079,0.498334,0.497041,0.4949,0.491493,0.486276,0.478583,0.467666,0.452754,0.43316,0.408404,0.378339,0.343265,0.303985,0.261794,0.218377,0.175636,0.135467,0.0995259,0.0690342,0.0446557,0.0264631,0.013995,0.00638095,0.00250612,0.00118054,0.00128955,0.00190987,0.00238843,0.00238843,0.00190987,0.00128955,0.00118054,0.00250612,0.00638095,0.013995,0.0264631,0.0446557,0.0690342,0.0995259,0.135467,0.175636,0.218377,0.261794,0.303985,0.343265,0.378339,0.408404,0.43316,0.452754,0.467666,0.478583,0.486276,0.491493,0.4949,0.497041,0.498334,0.499079,0.499476,0.499647,0.499647
0.499701,0.499701,0.499555,0.499215,0.498575,0.49746,0.495605,0.49264,0.488075,0.481307,0.471642,0.458354,0.440768,0.418369,0.390924,0.358587,0.321964,0.282122,0.240512,0.198837,0.158853,0.122165,0.0900406,0.0632785,0.0421577,0.0264631,0.0155806,0.00863246,0.00462885,0.00260869,0.00175567,0.00148225,0.00148225,0.00175567,0.00260869,0.00462885,0.00863246,0.0155806,0.0264631,0.0421577,0.0632785,0.0900406,0.122165,0.158853,0.198837,0.240512,0.282122,0.321964,0.358587,0.390924,0.418369,0.440768,0.458354,0.471642,0.481307,0.488075,0.49264,0.495605,0.49746,0.498575,0.499215,0.499555,0.499701,0.499701
0.499753,0.499753,0.499632,0.499347,0.49881,0.497869,0.496297,0.493771,0.48986,0.484025,0.475638,0.464023,0.44853,0.428626,0.404005,0.374688,0.341093,0.304055,0.264786,0.224766,0.185584,0.148761,0.115573,0.0869249,0.0632785,0.0446557,0.0307005,0.0207868,0.0141467,0.00999811,0.00765619,0.00661786,0.00661786,0.00765619,0.00999811,0.0141467,0.0207868,0.0307005,0.0446557,0.0632785,0.0869249,0.115573,0.148761,0.185584,0.224766,0.264786,0.304055,0.341093,0.374688,0.404005,0.428626,0.44853,0.464023,0.475638,0.484025,0.48986,0.493771,0.496297,0.497869,0.49881,0.499347,0.499632,0.499753,0.499753
0.499801,0.499801,0.499702,0.49947,0.499029,0.498253,0.496951,0.494846,0.491566,0.486641,0.479512,0.469563,0.45618,0.43883,0.417153,0.391057,0.360788,0.326963,0.290554,0.252808,0.215125,0.178906,0.145399,0.115573,0.0900406,0.0690342,0.052444,0.0398949,0.0308508,0.0247253,0.0209827,0.0192193,0.0192193,0.0209827,0.0247253,0.0308508,0.0398949,0.052444,0.0690342,0.0900406,0.115573,0.145399,0.178906,0.215125,0.252808,0.290554,0.326963,0.360788,0.391057,0.417153,0.43883,0.45618,0.469563,0.479512,0.486641,0.491566,0.494846,0.496951,0.498253,0.499029,0.49947,0.499702,0.499801,0.499801
0.499844,0.499844,0.499765,0.49958,0.499226,0.498602,0.497547,0.495832,0.493143,0.489077,0.483145,0.474801,0.463478,0.448659,0.429954,0.407182,0.380442,0.350154,0.317061,0.282178,0.246701,0.211883,0.178906,0.148761,0.122165,0.0995259,0.0809515,0.0663025,0.0552703,0.0474679,0.0425173,0.0401226,0.0401226,0.0425173,0.0474679,0.0552703,0.0663025,0.0809515,0.0995259,0.122165,0.148761,0.178906,0.211883,0.246701,0.282178,0.317061,0.350154,0.380442,0.407182,0.429954,0.448659,0.463478,0.474801,0.483145,0.489077,0.493143,0.495832,0.497547,0.498602,0.499226,0.49958,0.499765,0.499844,0.499844
0.49988,0.49988,0.499819,0.499675,0.499399,0.498908,0.498074,0.496709,0.494554,0.491271,0.486445,0.479599,0.470226,0.457839,0.44204,0.422587,0.399462,0.372917,0.343487,0.311966,0.279341,0.246701,0.215125,0.185584,0.158853,0.135467,0.115714,0.0996595,0.0872037,0.0781496,0.0722735,0.0693883,0.0693883,0.0722735,0.0781496,0.0872037,0.0996595,0.115714,0.135467,0.158853,0.185584,0.215125,0.246701,0.279341,0.311966,0.343487,0.372917,0.399462,0.422587,0.44204,0.457839,0.470226,0.479599,0.486445,0.491271,0.494554,0.496709,0.498074,0.498908,0.499399,0.499675,0.499819,0.49988,0.49988
0.499911,0.499911,0.499865,0.499755,0.499544,0.499168,0.498524,0.497463,0.495776,0.493188,0.489351,0.483862,0.476278,0.466157,0.45311,0.436865,0.417316,0.394581,0.369017,0.341216,0.311966,0.282178,0.252808,0.224766,0.198837,0.175636,0.155582,0.138905,0.125682,0.115883,0.109426,0.106224,0.106224,0.109426,0.115883,0.125682,0.138905,0.155582,0.175636,0.198837,0.224766,0.252808,0.282178,0.311966,0.341216,0.369017,0.394581,0.417316,0.436865,0.45311,0.466157,0.476278,0.483862,0.489351,0.493188,0.495776,0.497463,0.498524,0.499168,0.499544,0.499755,0.499865,0.499911,0.499911
0.499935,0.499935,0.499901,0.49982,0.499663,0.499381,0.498897,0.498092,0.496804,0.494811,0.491834,0.487537,0.481544,0.473467,0.462947,0.4497,0.433569,0.414569,0.392912,0.369017,0.343487,0.317061,0.290554,0.264786,0.240512,0.218377,0.198879,0.182368,0.169055,0.159046,0.152376,0.149045,0.149045,0.152376,0.159046,0.169055,0.182368,0.198879,0.218377,0.240512,0.264786,0.290554,0.317061,0.343487,0.369017,0.392912,0.414569,0.433569,0.4497,0.462947,0.473467,0.481544,0.487537,0.491834,0.494811,0.496804,0.498092,0.498897,0.499381,0.499663,0.49982,0.499901,0.499935,0.499935
0.499954,0.499954,0.49993,0.499871,0.499757,0.499552,0.499196,0.498601,0.497641,0.496145,0.493891,0.490609,0.485989,0.479702,0.471427,0.460892,0.447914,0.432438,0.414569,0.394581,0.372917,0.350154,0.326963,0.304055,0.282122,0.261794,0.243604,0.227968,0.215191,0.205476,0.198945,0.195666,0.195666,0.198945,0.205476,0.215191,0.227968,0.243604,0.261794,0.282122,0.304055,0.326963,0.350154,0.372917,0.394581,0.414569,0.432438,0.447914,0.460892,0.471427,0.479702,0.485989,0.490609,0.493891,0.496145,0.497641,0.498601,0.499196,0.499552,0.499757,0.499871,0.49993,0.499954,0.499954
0.499968,0.499968,0.499951,0.49991,0.49983,0.499684,0.499429,0.499,0.498303,0.497208,0.495545,0.493101,0.48963,0.484859,0.478516,0.470354,0.460185,0.447914,0.433569,0.417316,0.399462,0.380442,0.360788,0.341093,0.321964,0.303985,0.287678,0.273486,0.261759,0.252759,0.246667,0.243595,0.243595,0.246667,0.252759,0.261759,0.273486,0.287678,0.303985,0.321964,0.341093,0.360788,0.380442,0.399462,0.417316,0.433569,0.447914,0.460185,0.470354,0.478516,0.484859,0.48963,0.493101,0.495545,0.497208,0.498303,0.499,0.499429,0.499684,0.49983,0.49991,0.499951,0.499968,0.499968
0.499979,0.499979,0.499967,0.499939,0.499884,0.499783,0.499605,0.499304,0.498811,0.49803,0.496834,0.495062,0.492522,0.488997,0.484263,0.478107,0.470354,0.460892,0.4497,0.436865,0.422587,0.407182,0.391057,0.374688,0.358587,0.343265,0.329205,0.316837,0.306522,0.298544,0.293113,0.290364,0.290364,0.293113,0.298544,0.306522,0.316837,0.329205,0.343265,0.358587,0.374688,0.391057,0.407182,0.422587,0.436865,0.4497,0.460892,0.470354,0.478107,0.484263,0.488997,0.492522,0.495062,0.496834,0.49803,0.498811,0.499304,0.499605,0.499783,0.499884,0.499939,0.499967,0.499979,0.499979
0.499986,0.499986,0.499978,0.49996,0.499923,0.499855,0.499734,0.499528,0.499189,0.498647,0.49781,0.496559,0.494749,0.492215,0.488778,0.484263,0.478516,0.471427,0.462947,0.45311,0.44204,0.429954,0.417153,0.404005,0.390924,0.378339,0.366673,0.356314,0.347605,0.340825,0.336187,0.333832,0.333832,0.336187,0.340825,0.347605,0.356314,0.366673,0.378339,0.390924,0.404005,0.417153,0.429954,0.44204,0.45311,0.462947,0.471427,0.478516,0.484263,0.488778,0.492215,0.494749,0.496559,0.49781,0.498647,0.499189,0.499528,0.499734,0.499855,0.499923,0.49996,0.499978,0.499986,0.499986
0.499991,0.499991,0.499986,0.499974,0.49995,0.499905,0.499826,0.499689,0.499462,0.499096,0.498526,0.497667,0.496413,0.494641,0.492215,0.488997,0.484859,0.479702,0.473467,0.466157,0.457839,0.448659,0.43883,0.428626,0.418369,0.408404,0.399082,0.390738,0.383673,0.378142,0.374342,0.372408,0.372408,0.374342,0.378142,0.383673,0.390738,0.399082,0.408404,0.418369,0.428626,0.43883,0.448659,0.457839,0.466157,0.473467,0.479702,0.484859,0.488997,0.492215,0.494641,0.496413,0.497667,0.498526,0.499096,0.499462,0.499689,0.499826,0.499905,0.49995,0.499974,0.499986,0.499991,0.499991
0.499995,0.499995,0.499991,0.499984,0.499969,0.49994,0.499889,0.499801,0.499652,0.499412,0.499035,0.498461,0.497617,0.496413,0.494749,0.492522,0.48963,0.485989,0.481544,0.476278,0.470226,0.463478,0.45618,0.44853,0.440768,0.43316,0.425986,0.419517,0.414006,0.40967,0.406679,0.405154,0.405154,0.406679,0.40967,0.414006,0.419517,0.425986,0.43316,0.440768,0.44853,0.45618,0.463478,0.470226,0.476278,0.481544,0.485989,0.48963,0.492522,0.494749,0.496413,0.497617,0.498461,0.499035,0.499412,0.499652,0.499801,0.499889,0.49994,0.499969,0.499984,0.499991,0.499995,0.499995
0.499997,0.499997,0.499995,0.49999,0.499981,0.499963,0.499931,0.499876,0.499782,0.499628,0.499386,0.499013,0.498461,0.497667,0.496559,0.495062,0.493101,0.490609,0.487537,0.483862,0.479599,0.474801,0.469563,0.464023,0.458354,0.452754,0.447433,0.442605,0.438469,0.435199,0.432938,0.431782,0.431782,0.432938,0.435199,0.438469,0.442605,0.447433,0.452754,0.458354,0.464023,0.469563,0.474801,0.479599,0.483862,0.487537,0.490609,0.493101,0.495062,0.496559,0.497667,0.498461,0.499013,0.499386,0.499628,0.499782,0.499876,0.499931,0.499963,0.499981,0.49999,0.499995,0.499997,0.499997
0.499998,0.499998,0.499997,0.499994,0.499989,0.499978,0.499959,0.499925,0.499867,0.499772,0.49962,0.499386,0.499035,0.498526,0.49781,0.496834,0.495545,0.493891,0.491834,0.489351,0.486445,0.483145,0.479512,0.475638,0.471642,0.467666,0.463863,0.460392,0.457403,0.455032,0.453387,0.452544,0.452544,0.453387,0.455032,0.457403,0.460392,0.463863,0.467666,0.471642,0.475638,0.479512,0.483145,0.486445,0.489351,0.491834,0.493891,0.495545,0.496834,0.49781,0.498526,0.499035,0.499386,0.49962,0.499772,0.499867,0.499925,0.499959,0.499978,0.499989,0.499994,0.499997,0.499998,0.499998
0.499999,0.499999,0.499998,0.499997,0.499993,0.499987,0.499976,0.499956,0.499921,0.499864,0.499772,0.499628,0.499412,0.499096,0.498647,0.49803,0.497208,0.496145,0.494811,0.493188,0.491271,0.489077,0.486641,0.484025,0.481307,0.478583,0.475964,0.473559,0.47148,0.469824,0.468673,0.468082,0.468082,0.468673,0.469824,0.47148,0.473559,0.475964,0.478583,0.481307,0.484025,0.486641,0.489077,0.491271,0.493188,0.494811,0.496145,0.497208,0.49803,0.498647,0.499096,0.499412,0.499628,0.499772,0.499864,0.499921,0.499956,0.499976,0.499987,0.499993,0.499997,0.499998,0.499999,0.499999
0.499999,0.499999,0.499999,0.499998,0.499996,0.499993,0.499986,0.499975,0.499955,0.499921,0.499867,0.499782,0.499652,0.499462,0.499189,0.498811,0.498303,0.497641,0.496804,0.495776,0.494554,0.493143,0.491566,0.48986,0.488075,0.486276,0.484536,0.482931,0.481537,0.480424,0.479648,0.479249,0.479249,0.479648,0.480424,0.481537,0.482931,0.484536,0.486276,0.488075,0.48986,0.491566,0.493143,0.494554,0.495776,0.496804,0.497641,0.498303,0.498811,0.499189,0.499462,0.499652,0.499782,0.499867,0.499921,0.499955,0.499975,0.499986,0.499993,0.499996,0.499998,0.499999,0.499999,0.499999
0.5,0.5,0.499999,0.499999,0.499998,0.499996,0.499992,0.499986,0.499975,0.499956,0.499925,0.499876,0.499801,0.499689,0.499528,0.499304,0.499,0.498601,0.498092,0.497463,0.496709,0.495832,0.494846,0.493771,0.49264,0.491493,0.490379,0.489346,0.488446,0.487725,0.487221,0.486962,0.486962,0.487221,0.487725,0.488446,0.489346,0.490379,0.491493,0.49264,0.493771,0.494846,0.495832,0.496709,0.497463,0.498092,0.498601,0.499,0.499304,0.499528,0.499689,0.499801,0.499876,0.499925,0.499956,0.499975,0.499986,0.499992,0.499996,0.499998,0.499999,0.499999,0.5,0.5
0.5,0.5,0.5,0.499999,0.499999,0.499998,0.499996,0.499992,0.499986,0.499976,0.499959,0.499931,0.499889,0.499826,0.499734,0.499605,0.499429,0.499196,0.498897,0.498524,0.498074,0.497547,0.496951,0.496297,0.495605,0.4949,0.494211,0.49357,0.49301,0.49256,0.492244,0.492082,0.492082,0.492244,0.49256,0.49301,0.49357,0.494211,0.4949,0.495605,0.496297,0.496951,0.497547,0.498074,0.498524,0.498897,0.499196,0.499429,0.499605,0.499734,0.499826,0.499889,0.499931,0.499959,0.499976,0.499986,0.499992,0.499996,0.499998,0.499999,0.499999,0.5,0.5,0.5
0.5,0.5,0.5,0.5,0.499999,0.499999,0.499998,0.499996,0.499993,0.499987,0.499978,0.499963,0.49994,0.499905,0.499855,0.499783,0.499684,0.499552,0.499381,0.499168,0.498908,0.498602,0.498253,0.497869,0.49746,0.497041,0.49663,0.496246,0.49591,0.495638,0.495448,0.49535,0.49535,0.495448,0.495638,0.49591,0.496246,0.49663,0.497041,0.49746,0.497869,0.498253,0.498602,0.498908,0.499168,0.499381,0.499552,0.499684,0.499783,0.499855,0.499905,0.49994,0.499963,0.499978,0.499987,0.499993,0.499996,0.499998,0.499999,0.499999,0.5,0.5,0.5,0.5
0.5,0.5,0.5,0.5,0.5,0.499999,0.499999,0.499998,0.499996,0.499993,0.499989,0.499981,0.499969,0.49995,0.499923,0.499884,0.49983,0.499757,0.499663,0.499544,0.499399,0.499226,0.499029,0.49881,0.498575,0.498334,0.498096,0.497874,0.497678,0.49752,0.497408,0.497351,0.497351,0.497408,0.49752,0.497678,0.497874,0.498096,0.498334,0.498575,0.49881,0.499029,0.499226,0.499399,0.499544,0.499663,0.499757,0.49983,0.499884,0.499923,0.49995,0.499969,0.499981,0.499989,0.499993,0.499996,0.499998,0.499999,0.499999,0.5,0.5,0.5,0.5,0.5
0.5,0.5,0.5,0.5,0.5,0.5,0.499999,0.499999,0.499998,0.499997,0.499994,0.49999,0.499984,0.499974,0.49996,0.499939,0.49991,0.499871,0.49982,0.499755,0.499675,0.49958,0.49947,0.499347,0.499215,0.499079,0.498944,0.498817,0.498705,0.498615,0.498551,0.498518,0.498518,0.498551,0.498615,0.498705,0.498817,0.498944,0.499079,0.499215,0.499347,0.49947,0.49958,0.499675,0.499755,0.49982,0.499871,0.49991,0.499939,0.49996,0.499974,0.499984,0.49999,0.499994,0.499997,0.499998,0.499999,0.499999,0.5,0.5,0.5,0.5,0.5,0.5
0.5,0.5,0.5,0.5,0.5,0.5,0.5,0.499999,0.499999,0.499998,0.499997,0.499995,0.499991,0.499986,0.499978,0.499967,0.499951,0.49993,0.499901,0.499865,0.499819,0.499765,0.499702,0.499632,0.499555,0.499476,0.499398,0.499323,0.499258,0.499204,0.499167,0.499147,0.499147,0.499167,0.499204,0.499258,0.499323,0.499398,0.499476,0.499555,0.499632,0.499702,0.499765,0.499819,0.499865,0.499901,0.49993,0.499951,0.499967,0.499978,0.499986,0.499991,0.499995,0.499997,0.499998,0.499999,0.499999,0.5,0.5,0.5,0.5,0.5,0.5,0.5
0.5,0.5,0.5,0.5,0.5,0.5,0.5,0.5,0.499999,0.499999,0.499998,0.499997,0.499995,0.499991,0.499986,0.499979,0.499968,0.499954,0.499935,0.499911,0.49988,0.499844,0.499801,0.499753,0.499701,0.499647,0.499593,0.499541,0.499496,0.499459,0.499433,0.499419,0.499419,0.499433,0.499459,0.499496,0.499541,0.499593,0.499647,0.499701,0.499753,0.499801,0.499844,0.49988,0.499911,0.499935,0.499954,0.499968,0.499979,0.499986,0.499991,0.499995,0.499997,0.499998,0.499999,0.499999,0.5,0.5,0.5,0.5,0.5,0.5,0.5,0.5
0.5,0.5,0.5,0.5,0.5,0.5,0.5,0.5,0.499999,0.499999,0.499998,0.499997,0.499995,0.499991,0.499986,0.499979,0.499968,0.499954,0.499935,0.499911,0.49988,0.499844,0.499801,0.499753,0.499701,0.499647,0.499593,0.499541,0.499496,0.499459,0.499433,0.499419,0.499419,0.499433,0.499459,0.499496,0.499541,0.499593,0.499647,0.499701,0.499753,0.499801,0.499844,0.49988,0.499911,0.499935,0.499954,0.499968,0.499979,0.499986,0.499991,0.499995,0.499997,0.499998,0.499999,0.499999,0.5,0.5,0.5,0.5,0.5,0.5,0.5,0.5
