0.5,0.5,0.5,0.5,0.5,0.5,0.5,0.499999,0.499998,0.499997,0.499996,0.499993,0.499989,0.499983,0.499974,0.499962,0.499946,0.499925,0.499898,0.499865,0.499825,0.499778,0.499726,0.499668,0.499608,0.499546,0.499486,0.49943,0.499381,0.499342,0.499315,0.4993,0.4993,0.499315,0.499342,0.499381,0.49943,0.499486,0.499546,0.499608,0.499668,0.499726,0.499778,0.499825,0.499865,0.499898,0.499925,0.499946,0.499962,0.499974,0.499983,0.499989,0.499993,0.499996,0.499997,0.499998,0.499999,0.5,0.5,0.5,0.5,0.5,0.5,0.5
0.5,0.5,0.5,0.5,0.5,0.5,0.5,0.499999,0.499998,0.499997,0.499996,0.499993,0.499989,0.499983,0.499974,0.499962,0.499946,0.499925,0.499898,0.499865,0.499825,0.499778,0.499726,0.499668,0.499608,0.499546,0.499486,0.49943,0.499381,0.499342,0.499315,0.4993,0.4993,0.499315,0.499342,0.499381,0.49943,0.499486,0.499546,0.499608,0.499668,0.499726,0.499778,0.499825,0.499865,0.499898,0.499925,0.499946,0.499962,0.499974,0.499983,0.499989,0.499993,0.499996,0.499997,0.499998,0.499999,0.5,0.5,0.5,0.5,0.5,0.5,0.5
0.5,0.5,0.5,0.5,0.5,0.5,0.499999,0.499999,0.499998,0.499996,0.499994,0.49999,0.499984,0.499975,0.499963,0.499946,0.499923,0.499894,0.499857,0.499811,0.499756,0.499693,0.499623,0.499546,0.499465,0.499383,0.499303,0.499229,0.499165,0.499113,0.499077,0.499059,0.499059,0.499077,0.499113,0.499165,0.499229,0.499303,0.499383,0.499465,0.499546,0.499623,0.499693,0.499756,0.499811,0.499857,0.499894,0.499923,0.499946,0.499963,0.499975,0.499984,0.49999,0.499994,0.499996,0.499998,0.499999,0.499999,0.5,0.5,0.5,0.5,0.5,0.5
0.5,0.5,0.5,0.5,0.5,0.499999,0.499999,0.499998,0.499996,0.499993,0.499989,0.499982,0.499972,0.499957,0.499937,0.499909,0.499871,0.499823,0.499763,0.49969,0.499603,0.499503,0.499392,0.499273,0.499147,0.499021,0.498899,0.498787,0.498689,0.498611,0.498556,0.498528,0.498528,0.498556,0.498611,0.498689,0.498787,0.498899,0.499021,0.499147,0.499273,0.499392,0.499503,0.499603,0.49969,0.499763,0.499823,0.499871,0.499909,0.499937,0.499957,0.499972,0.499982,0.499989,0.499993,0.499996,0.499998,0.499999,0.499999,0.5,0.5,0.5,0.5,0.5
0.5,0.5,0.5,0.5,0.499999,0.499999,0.499998,0.499996,0.499993,0.499987,0.49998,0.499967,0.49995,0.499924,0.499888,0.49984,0.499777,0.499695,0.499595,0.499473,0.49933,0.499167,0.498987,0.498794,0.498593,0.498392,0.498199,0.498021,0.497868,0.497745,0.49766,0.497616,0.497616,0.49766,0.497745,0.497868,0.498021,0.498199,0.498392,0.498593,0.498794,0.498987,0.499167,0.49933,0.499473,0.499595,0.499695,0.499777,0.49984,0.499888,0.499924,0.49995,0.499967,0.49998,0.499987,0.499993,0.499996,0.499998,0.499999,0.499999,0.5,0.5,0.5,0.5
0.5,0.5,0.5,0.499999,0.499999,0.499998,0.499996,0.499992,0.499986,0.499977,0.499963,0.499942,0.499911,0.499867,0.499806,0.499724,0.499617,0.499482,0.499315,0.499115,0.498882,0.498619,0.498331,0.498023,0.497706,0.497391,0.497088,0.496812,0.496574,0.496385,0.496253,0.496186,0.496186,0.496253,0.496385,0.496574,0.496812,0.497088,0.497391,0.497706,0.498023,0.498331,0.498619,0.498882,0.499115,0.499315,0.499482,0.499617,0.499724,0.499806,0.499867,0.499911,0.499942,0.499963,0.499977,0.499986,0.499992,0.499996,0.499998,0.499999,0.499999,0.5,0.5,0.5
0.5,0.5,0.499999,0.499999,0.499998,0.499996,0.499992,0.499986,0.499976,0.49996,0.499936,0.4999,0.499847,0.499773,0.499671,0.499536,0.499361,0.499141,0.498872,0.498553,0.498185,0.497772,0.497323,0.496847,0.49636,0.495878,0.495419,0.495002,0.494644,0.49436,0.494163,0.494062,0.494062,0.494163,0.49436,0.494644,0.495002,0.495419,0.495878,0.49636,0.496847,0.497323,0.497772,0.498185,0.498553,0.498872,0.499141,0.499361,0.499536,0.499671,0.499773,0.499847,0.4999,0.499936,0.49996,0.499976,0.499986,0.499992,0.499996,0.499998,0.499999,0.499999,0.5,0.5
0.499999,0.499999,0.499999,0.499998,0.499996,0.499992,0.499986,0.499975,0.499958,0.499932,0.499891,0.499831,0.499744,0.499623,0.499458,0.499241,0.498963,0.498617,0.498198,0.497705,0.497141,0.496514,0.495836,0.495124,0.494401,0.493691,0.493018,0.492409,0.491889,0.491478,0.491194,0.491049,0.491049,0.491194,0.491478,0.491889,0.492409,0.493018,0.493691,0.494401,0.495124,0.495836,0.496514,0.497141,0.497705,0.498198,0.498617,0.498963,0.499241,0.499458,0.499623,0.499744,0.499831,0.499891,0.499932,0.499958,0.499975,0.499986,0.499992,0.499996,0.499998,0.499999,0.499999,0.499999
0.499998,0.499998,0.499998,0.499996,0.499993,0.499986,0.499976,0.499958,0.49993,0.499887,0.49982,0.499723,0.499584,0.499392,0.499133,0.498796,0.498368,0.49784,0.497208,0.49647,0.495634,0.494712,0.493725,0.492698,0.491661,0.49065,0.489699,0.488844,0.488116,0.487543,0.487148,0.486947,0.486947,0.487148,0.487543,0.488116,0.488844,0.489699,0.49065,0.491661,0.492698,0.493725,0.494712,0.495634,0.49647,0.497208,0.49784,0.498368,0.498796,0.499133,0.499392,0.499584,0.499723,0.49982,0.499887,0.49993,0.499958,0.499976,0.499986,0.499993,0.499996,0.499998,0.499998,0.499998
0.499997,0.499997,0.499996,0.499993,0.499987,0.499977,0.49996,0.499932,0.499887,0.499817,0.499712,0.499559,0.499343,0.499048,0.498654,0.498146,0.497507,0.496727,0.495802,0.494734,0.493536,0.492227,0.490838,0.489407,0.487974,0.486588,0.485293,0.484135,0.483155,0.482388,0.481861,0.481592,0.481592,0.481861,0.482388,0.483155,0.484135,0.485293,0.486588,0.487974,0.489407,0.490838,0.492227,0.493536,0.494734,0.495802,0.496727,0.497507,0.498146,0.498654,0.499048,0.499343,0.499559,0.499712,0.499817,0.499887,0.499932,0.49996,0.499977,0.499987,0.499993,0.499996,0.499997,0.499997
0.499996,0.499996,0.499994,0.499989,0.49998,0.499963,0.499936,0.499891,0.49982,0.499712,0.49955,0.499318,0.498992,0.498551,0.49797,0.497226,0.496302,0.495186,0.493875,0.492379,0.490717,0.488922,0.487036,0.48511,0.483202,0.48137,0.479673,0.478166,0.476898,0.475909,0.475233,0.474889,0.474889,0.475233,0.475909,0.476898,0.478166,0.479673,0.48137,0.483202,0.48511,0.487036,0.488922,0.490717,0.492379,0.493875,0.495186,0.496302,0.497226,0.49797,0.498551,0.498992,0.499318,0.49955,0.499712,0.49982,0.499891,0.499936,0.499963,0.49998,0.499989,0.499994,0.499996,0.499996
0.499993,0.499993,0.49999,0.499982,0.499967,0.499942,0.4999,0.499831,0.499723,0.499559,0.499318,0.498973,0.498497,0.497857,0.497023,0.495967,0.49467,0.493121,0.491323,0.489294,0.487065,0.484685,0.482211,0.479713,0.477262,0.474932,0.472792,0.470906,0.46933,0.468108,0.467274,0.466852,0.466852,0.467274,0.468108,0.46933,0.470906,0.472792,0.474932,0.477262,0.479713,0.482211,0.484685,0.487065,0.489294,0.491323,0.493121,0.49467,0.495967,0.497023,0.497857,0.498497,0.498973,0.499318,0.499559,0.499723,0.499831,0.4999,0.499942,0.499967,0.499982,0.49999,0.499993,0.499993
0.499989,0.499989,0.499984,0.499972,0.49995,0.499911,0.499847,0.499744,0.499584,0.499343,0.498992,0.498497,0.497818,0.496916,0.495753,0.494299,0.492533,0.490448,0.488057,0.485392,0.4825,0.479449,0.476318,0.473191,0.470159,0.467306,0.464712,0.462446,0.460566,0.459117,0.458133,0.457636,0.457636,0.458133,0.459117,0.460566,0.462446,0.464712,0.467306,0.470159,0.473191,0.476318,0.479449,0.4825,0.485392,0.488057,0.490448,0.492533,0.494299,0.495753,0.496916,0.497818,0.498497,0.498992,0.499343,0.499584,0.499744,0.499847,0.499911,0.49995,0.499972,0.499984,0.499989,0.499989
0.499983,0.499983,0.499975,0.499957,0.499924,0.499867,0.499773,0.499623,0.499392,0.499048,0.498551,0.497857,0.496916,0.49568,0.494105,0.492158,0.489822,0.4871,0.484018,0.480626,0.476996,0.473216,0.469388,0.465615,0.462002,0.458643,0.455623,0.453011,0.450863,0.449219,0.448109,0.447549,0.447549,0.448109,0.449219,0.450863,0.453011,0.455623,0.458643,0.462002,0.465615,0.469388,0.473216,0.476996,0.480626,0.484018,0.4871,0.489822,0.492158,0.494105,0.49568,0.496916,0.497857,0.498551,0.499048,0.499392,0.499623,0.499773,0.499867,0.499924,0.499957,0.499975,0.499983,0.499983
0.499974,0.499974,0.499963,0.499937,0.499888,0.499806,0.499671,0.499458,0.499133,0.498654,0.49797,0.497023,0.495753,0.494105,0.492029,0.489495,0.486494,0.483043,0.479188,0.475006,0.470594,0.466066,0.461547,0.457159,0.453015,0.449216,0.445844,0.442962,0.440615,0.438835,0.437639,0.437039,0.437039,0.437639,0.438835,0.440615,0.442962,0.445844,0.449216,0.453015,0.457159,0.461547,0.466066,0.470594,0.475006,0.479188,0.483043,0.486494,0.489495,0.492029,0.494105,0.495753,0.497023,0.49797,0.498654,0.499133,0.499458,0.499671,0.499806,0.499888,0.499937,0.499963,0.499974,0.499974
0.499962,0.499962,0.499946,0.499909,0.49984,0.499724,0.499536,0.499241,0.498796,0.498146,0.497226,0.495967,0.494299,0.492158,0.489495,0.486286,0.482536,0.478285,0.473606,0.468605,0.463412,0.458168,0.453019,0.4481,0.443531,0.439408,0.435803,0.432765,0.430322,0.428487,0.427264,0.426654,0.426654,0.427264,0.428487,0.430322,0.432765,0.435803,0.439408,0.443531,0.4481,0.453019,0.458168,0.463412,0.468605,0.473606,0.478285,0.482536,0.486286,0.489495,0.492158,0.494299,0.495967,0.497226,0.498146,0.498796,0.499241,0.499536,0.499724,0.49984,0.499909,0.499946,0.499962,0.499962
0.499946,0.499946,0.499923,0.499871,0.499777,0.499617,0.499361,0.498963,0.498368,0.497507,0.496302,0.49467,0.492533,0.489822,0.486494,0.482536,0.477976,0.472883,0.467365,0.461564,0.455641,0.449767,0.444104,0.438795,0.433956,0.429672,0.425993,0.422946,0.420533,0.418744,0.417564,0.416978,0.416978,0.417564,0.418744,0.420533,0.422946,0.425993,0.429672,0.433956,0.438795,0.444104,0.449767,0.455641,0.461564,0.467365,0.472883,0.477976,0.482536,0.486494,0.489822,0.492533,0.49467,0.496302,0.497507,0.498368,0.498963,0.499361,0.499617,0.499777,0.499871,0.499923,0.499946,0.499946
0.499925,0.499925,0.499894,0.499823,0.499695,0.499482,0.499141,0.498617,0.49784,0.496727,0.495186,0.493121,0.490448,0.4871,0.483043,0.478285,0.472883,0.466944,0.460616,0.454081,0.447534,0.441168,0.435158,0.429645,0.424733,0.420482,0.416915,0.414023,0.411779,0.410145,0.409081,0.408557,0.408557,0.409081,0.410145,0.411779,0.414023,0.416915,0.420482,0.424733,0.429645,0.435158,0.441168,0.447534,0.454081,0.460616,0.466944,0.472883,0.478285,0.483043,0.4871,0.490448,0.493121,0.495186,0.496727,0.49784,0.498617,0.499141,0.499482,0.499695,0.499823,0.499894,0.499925,0.499925
0.499898,0.499898,0.499857,0.499763,0.499595,0.499315,0.498872,0.498198,0.497208,0.495802,0.493875,0.491323,0.488057,0.484018,0.479188,0.473606,0.467365,0.460616,0.453554,0.446399,0.439378,0.432703,0.426551,0.421052,0.416285,0.412277,0.409012,0.406443,0.404505,0.403128,0.40225,0.401824,0.401824,0.40225,0.403128,0.404505,0.406443,0.409012,0.412277,0.416285,0.421052,0.426551,0.432703,0.439378,0.446399,0.453554,0.460616,0.467365,0.473606,0.479188,0.484018,0.488057,0.491323,0.493875,0.495802,0.497208,0.498198,0.498872,0.499315,0.499595,0.499763,0.499857,0.499898,0.499898
0.499865,0.499865,0.499811,0.49969,0.499473,0.499115,0.498553,0.497705,0.49647,0.494734,0.492379,0.489294,0.485392,0.480626,0.475006,0.468605,0.461564,0.454081,0.446399,0.438777,0.431469,0.424696,0.418627,0.41337,0.408967,0.405403,0.402617,0.40052,0.399006,0.397976,0.397341,0.397041,0.397041,0.397341,0.397976,0.399006,0.40052,0.402617,0.405403,0.408967,0.41337,0.418627,0.424696,0.431469,0.438777,0.446399,0.454081,0.461564,0.468605,0.475006,0.480626,0.485392,0.489294,0.492379,0.494734,0.49647,0.497705,0.498553,0.499115,0.499473,0.49969,0.499811,0.499865,0.499865
0.499825,0.499825,0.499756,0.499603,0.49933,0.498882,0.498185,0.497141,0.495634,0.493536,0.490717,0.487065,0.4825,0.476996,0.470594,0.463412,0.455641,0.447534,0.439378,0.431469,0.424078,0.417426,0.411663,0.406863,0.403022,0.400076,0.397915,0.396405,0.395403,0.394781,0.394429,0.394273,0.394273,0.394429,0.394781,0.395403,0.396405,0.397915,0.400076,0.403022,0.406863,0.411663,0.417426,0.424078,0.431469,0.439378,0.447534,0.455641,0.463412,0.470594,0.476996,0.4825,0.487065,0.490717,0.493536,0.495634,0.497141,0.498185,0.498882,0.49933,0.499603,0.499756,0.499825,0.499825
0.499778,0.499778,0.499693,0.499503,0.499167,0.498619,0.497772,0.496514,0.494712,0.492227,0.488922,0.484685,0.479449,0.473216,0.466066,0.458168,0.449767,0.441168,0.432703,0.424696,0.417426,0.411103,0.405846,0.401684,0.398562,0.396363,0.394927,0.394075,0.393635,0.39345,0.393399,0.393394,0.393394,0.393399,0.39345,0.393635,0.394075,0.394927,0.396363,0.398562,0.401684,0.405846,0.411103,0.417426,0.424696,0.432703,0.441168,0.449767,0.458168,0.466066,0.473216,0.479449,0.484685,0.488922,0.492227,0.494712,0.496514,0.497772,0.498619,0.499167,0.499503,0.499693,0.499778,0.499778
0.499726,0.499726,0.499623,0.499392,0.498987,0.498331,0.497323,0.495836,0.493725,0.490838,0.487036,0.482211,0.476318,0.469388,0.461547,0.453019,0.444104,0.435158,0.426551,0.418627,0.411663,0.405846,0.401254,0.397865,0.395567,0.394189,0.393523,0.393354,0.393482,0.393734,0.393978,0.394122,0.394122,0.393978,0.393734,0.393482,0.393354,0.393523,0.394189,0.395567,0.397865,0.401254,0.405846,0.411663,0.418627,0.426551,0.435158,0.444104,0.453019,0.461547,0.469388,0.476318,0.482211,0.487036,0.490838,0.493725,0.495836,0.497323,0.498331,0.498987,0.499392,0.499623,0.499726,0.499726
0.499668,0.499668,0.499546,0.499273,0.498794,0.498023,0.496847,0.495124,0.492698,0.489407,0.48511,0.479713,0.473191,0.465615,0.457159,0.4481,0.438795,0.429645,0.421052,0.41337,0.406863,0.401684,0.397865,0.395326,0.393899,0.393359,0.393458,0.393952,0.394619,0.395278,0.395793,0.396073,0.396073,0.395793,0.395278,0.394619,0.393952,0.393458,0.393359,0.393899,0.395326,0.397865,0.401684,0.406863,0.41337,0.421052,0.429645,0.438795,0.4481,0.457159,0.465615,0.473191,0.479713,0.48511,0.489407,0.492698,0.495124,0.496847,0.498023,0.498794,0.499273,0.499546,0.499668,0.499668
0.499608,0.499608,0.499465,0.499147,0.498593,0.497706,0.49636,0.494401,0.491661,0.487974,0.483202,0.477262,0.470159,0.462002,0.453015,0.443531,0.433956,0.424733,0.416285,0.408967,0.403022,0.398562,0.395567,0.393899,0.393333,0.3936,0.394416,0.395513,0.396661,0.397677,0.398426,0.398822,0.398822,0.398426,0.397677,0.396661,0.395513,0.394416,0.3936,0.393333,0.393899,0.395567,0.398562,0.403022,0.408967,0.416285,0.424733,0.433956,0.443531,0.453015,0.462002,0.470159,0.477262,0.483202,0.487974,0.491661,0.494401,0.49636,0.497706,0.498593,0.499147,0.499465,0.499608,0.499608
0.499546,0.499546,0.499383,0.499021,0.498392,0.497391,0.495878,0.493691,0.49065,0.486588,0.48137,0.474932,0.467306,0.458643,0.449216,0.439408,0.429672,0.420482,0.412277,0.405403,0.400076,0.396363,0.394189,0.393359,0.3936,0.394601,0.396051,0.39767,0.399224,0.400534,0.401474,0.401962,0.401962,0.401474,0.400534,0.399224,0.39767,0.396051,0.394601,0.3936,0.393359,0.394189,0.396363,0.400076,0.405403,0.412277,0.420482,0.429672,0.439408,0.449216,0.458643,0.467306,0.474932,0.48137,0.486588,0.49065,0.493691,0.495878,0.497391,0.498392,0.499021,0.499383,0.499546,0.499546
0.499486,0.499486,0.499303,0.498899,0.498199,0.497088,0.495419,0.493018,0.489699,0.485293,0.479673,0.472792,0.464712,0.455623,0.445844,0.435803,0.425993,0.416915,0.409012,0.402617,0.397915,0.394927,0.393523,0.393458,0.394416,0.396051,0.398035,0.400082,0.40196,0.403499,0.404583,0.405141,0.405141,0.404583,0.403499,0.40196,0.400082,0.398035,0.396051,0.394416,0.393458,0.393523,0.394927,0.397915,0.402617,0.409012,0.416915,0.425993,0.435803,0.445844,0.455623,0.464712,0.472792,0.479673,0.485293,0.489699,0.493018,0.495419,0.497088,0.498199,0.498899,0.499303,0.499486,0.499486
0.49943,0.49943,0.499229,0.498787,0.498021,0.496812,0.495002,0.492409,0.488844,0.484135,0.478166,0.470906,0.462446,0.453011,0.442962,0.432765,0.422946,0.414023,0.406443,0.40052,0.396405,0.394075,0.393354,0.393952,0.395513,0.39767,0.400082,0.40246,0.404583,0.406289,0.407477,0.408084,0.408084,0.407477,0.406289,0.404583,0.40246,0.400082,0.39767,0.395513,0.393952,0.393354,0.394075,0.396405,0.40052,0.406443,0.414023,0.422946,0.432765,0.442962,0.453011,0.462446,0.470906,0.478166,0.484135,0.488844,0.492409,0.495002,0.496812,0.498021,0.498787,0.499229,0.49943,0.49943
0.499381,0.499381,0.499165,0.498689,0.497868,0.496574,0.494644,0.491889,0.488116,0.483155,0.476898,0.46933,0.460566,0.450863,0.440615,0.430322,0.420533,0.411779,0.404505,0.399006,0.395403,0.393635,0.393482,0.394619,0.396661,0.399224,0.40196,0.404583,0.406879,0.408701,0.409957,0.410596,0.410596,0.409957,0.408701,0.406879,0.404583,0.40196,0.399224,0.396661,0.394619,0.393482,0.393635,0.395403,0.399006,0.404505,0.411779,0.420533,0.430322,0.440615,0.450863,0.460566,0.46933,0.476898,0.483155,0.488116,0.491889,0.494644,0.496574,0.497868,0.498689,0.499165,0.499381,0.499381
0.499342,0.499342,0.499113,0.498611,0.497745,0.496385,0.49436,0.491478,0.487543,0.482388,0.475909,0.468108,0.459117,0.449219,0.438835,0.428487,0.418744,0.410145,0.403128,0.397976,0.394781,0.39345,0.393734,0.395278,0.397677,0.400534,0.403499,0.406289,0.408701,0.410596,0.411895,0.412553,0.412553,0.411895,0.410596,0.408701,0.406289,0.403499,0.400534,0.397677,0.395278,0.393734,0.39345,0.394781,0.397976,0.403128,0.410145,0.418744,0.428487,0.438835,0.449219,0.459117,0.468108,0.475909,0.482388,0.487543,0.491478,0.49436,0.496385,0.497745,0.498611,0.499113,0.499342,0.499342
0.499315,0.499315,0.499077,0.498556,0.49766,0.496253,0.494163,0.491194,0.487148,0.481861,0.475233,0.467274,0.458133,0.448109,0.437639,0.427264,0.417564,0.409081,0.40225,0.397341,0.394429,0.393399,0.393978,0.395793,0.398426,0.401474,0.404583,0.407477,0.409957,0.411895,0.413217,0.413885,0.413885,0.413217,0.411895,0.409957,0.407477,0.404583,0.401474,0.398426,0.395793,0.393978,0.393399,0.394429,0.397341,0.40225,0.409081,0.417564,0.427264,0.437639,0.448109,0.458133,0.467274,0.475233,0.481861,0.487148,0.491194,0.494163,0.496253,0.49766,0.498556,0.499077,0.499315,0.499315
0.4993,0.4993,0.499059,0.498528,0.497616,0.496186,0.494062,0.491049,0.486947,0.481592,0.474889,0.466852,0.457636,0.447549,0.437039,0.426654,0.416978,0.408557,0.401824,0.397041,0.394273,0.393394,0.394122,0.396073,0.398822,0.401962,0.405141,0.408084,0.410596,0.412553,0.413885,0.414557,0.414557,0.413885,0.412553,0.410596,0.408084,0.405141,0.401962,0.398822,0.396073,0.394122,0.393394,0.394273,0.397041,0.401824,0.408557,0.416978,0.426654,0.437039,0.447549,0.457636,0.466852,0.474889,0.481592,0.486947,0.491049,0.494062,0.496186,0.497616,0.498528,0.499059,0.4993,0.4993
0.4993,0.4993,0.499059,0.498528,0.497616,0.496186,0.494062,0.491049,0.486947,0.481592,0.474889,0.466852,0.457636,0.447549,0.437039,0.426654,0.416978,0.408557,0.401824,0.397041,0.394273,0.393394,0.394122,0.396073,0.398822,0.401962,0.405141,0.408084,0.410596,0.412553,0.413885,0.414557,0.414557,0.413885,0.412553,0.410596,0.408084,0.405141,0.401962,0.398822,0.396073,0.394122,0.393394,0.394273,0.397041,0.401824,0.408557,0.416978,0.426654,0.437039,0.447549,0.457636,0.466852,0.474889,0.481592,0.486947,0.491049,0.494062,0.496186,0.497616,0.498528,0.499059,0.4993,0.4993
0.499315,0.499315,0.499077,0.498556,0.49766,0.496253,0.494163,0.491194,0.487148,0.481861,0.475233,0.467274,0.458133,0.448109,0.437639,0.427264,0.417564,0.409081,0.40225,0.397341,0.394429,0.393399,0.393978,0.395793,0.398426,0.401474,0.404583,0.407477,0.409957,0.411895,0.413217,0.413885,0.413885,0.413217,0.411895,0.409957,0.407477,0.404583,0.401474,0.398426,0.395793,0.393978,0.393399,0.394429,0.397341,0.40225,0.409081,0.417564,0.427264,0.437639,0.448109,0.458133,0.467274,0.475233,0.481861,0.487148,0.491194,0.494163,0.496253,0.49766,0.498556,0.499077,0.499315,0.499315
0.499342,0.499342,0.499113,0.498611,0.497745,0.496385,0.49436,0.491478,0.487543,0.482388,0.475909,0.468108,0.459117,0.449219,0.438835,0.428487,0.418744,0.410145,0.403128,0.397976,0.394781,0.39345,0.393734,0.395278,0.397677,0.400534,0.403499,0.406289,0.408701,0.410596,0.411895,0.412553,0.412553,0.411895,0.410596,0.408701,0.406289,0.403499,0.400534,0.397677,0.395278,0.393734,0.39345,0.394781,0.397976,0.403128,0.410145,0.418744,0.428487,0.438835,0.449219,0.459117,0.468108,0.475909,0.482388,0.487543,0.491478,0.49436,0.496385,0.497745,0.498611,0.499113,0.499342,0.499342
0.499381,0.499381,0.499165,0.498689,0.497868,0.496574,0.494644,0.491889,0.488116,0.483155,0.476898,0.46933,0.460566,0.450863,0.440615,0.430322,0.420533,0.411779,0.404505,0.399006,0.395403,0.393635,0.393482,0.394619,0.396661,0.399224,0.40196,0.404583,0.406879,0.408701,0.409957,0.410596,0.410596,0.409957,0.408701,0.406879,0.404583,0.40196,0.399224,0.396661,0.394619,0.393482,0.393635,0.395403,0.399006,0.404505,0.411779,0.420533,0.430322,0.440615,0.450863,0.460566,0.46933,0.476898,0.483155,0.488116,0.491889,0.494644,0.496574,0.497868,0.498689,0.499165,0.499381,0.499381
0.49943,0.49943,0.499229,0.498787,0.498021,0.496812,0.495002,0.492409,0.488844,0.484135,0.478166,0.470906,0.462446,0.453011,0.442962,0.432765,0.422946,0.414023,0.406443,0.40052,0.396405,0.394075,0.393354,0.393952,0.395513,0.39767,0.400082,0.40246,0.404583,0.406289,0.407477,0.408084,0.408084,0.407477,0.406289,0.404583,0.40246,0.400082,0.39767,0.395513,0.393952,0.393354,0.394075,0.396405,0.40052,0.406443,0.414023,0.422946,0.432765,0.442962,0.453011,0.462446,0.470906,0.478166,0.484135,0.488844,0.492409,0.495002,0.496812,0.498021,0.498787,0.499229,0.49943,0.49943
0.499486,0.499486,0.499303,0.498899,0.498199,0.497088,0.495419,0.493018,0.489699,0.485293,0.479673,0.472792,0.464712,0.455623,0.445844,0.435803,0.425993,0.416915,0.409012,0.402617,0.397915,0.394927,0.393523,0.393458,0.394416,0.396051,0.398035,0.400082,0.40196,0.403499,0.404583,0.405141,0.405141,0.404583,0.403499,0.40196,0.400082,0.398035,0.396051,0.394416,0.393458,0.393523,0.394927,0.397915,0.402617,0.409012,0.416915,0.425993,0.435803,0.445844,0.455623,0.464712,0.472792,0.479673,0.485293,0.489699,0.493018,0.495419,0.497088,0.498199,0.498899,0.499303,0.499486,0.499486
0.499546,0.499546,0.499383,0.499021,0.498392,0.497391,0.495878,0.493691,0.49065,0.486588,0.48137,0.474932,0.467306,0.458643,0.449216,0.439408,0.429672,0.420482,0.412277,0.405403,0.400076,0.396363,0.394189,0.393359,0.3936,0.394601,0.396051,0.39767,0.399224,0.400534,0.401474,0.401962,0.401962,0.401474,0.400534,0.399224,0.39767,0.396051,0.394601,0.3936,0.393359,0.394189,0.396363,0.400076,0.405403,0.412277,0.420482,0.429672,0.439408,0.449216,0.458643,0.467306,0.474932,0.48137,0.486588,0.49065,0.493691,0.495878,0.497391,0.498392,0.499021,0.499383,0.499546,0.499546
0.499608,0.499608,0.499465,0.499147,0.498593,0.497706,0.49636,0.494401,0.491661,0.487974,0.483202,0.477262,0.470159,0.462002,0.453015,0.443531,0.433956,0.424733,0.416285,0.408967,0.403022,0.398562,0.395567,0.393899,0.393333,0.3936,0.394416,0.395513,0.396661,0.397677,0.398426,0.398822,0.398822,0.398426,0.397677,0.396661,0.395513,0.394416,0.3936,0.393333,0.393899,0.395567,0.398562,0.403022,0.408967,0.416285,0.424733,0.433956,0.443531,0.453015,0.462002,0.470159,0.477262,0.483202,0.487974,0.491661,0.494401,0.49636,0.497706,0.498593,0.499147,0.499465,0.499608,0.499608
0.499668,0.499668,0.499546,0.499273,0.498794,0.498023,0.496847,0.495124,0.492698,0.489407,0.48511,0.479713,0.473191,0.465615,0.457159,0.4481,0.438795,0.429645,0.421052,0.41337,0.406863,0.401684,0.397865,0.395326,0.393899,0.393359,0.393458,0.393952,0.394619,0.395278,0.395793,0.396073,0.396073,0.395793,0.395278,0.394619,0.393952,0.393458,0.393359,0.393899,0.395326,0.397865,0.401684,0.406863,0.41337,0.421052,0.429645,0.438795,0.4481,0.457159,0.465615,0.473191,0.479713,0.48511,0.489407,0.492698,0.495124,0.496847,0.498023,0.498794,0.499273,0.499546,0.499668,0.499668
0.499726,0.499726,0.499623,0.499392,0.498987,0.498331,0.497323,0.495836,0.493725,0.490838,0.487036,0.482211,0.476318,0.469388,0.461547,0.453019,0.444104,0.435158,0.426551,0.418627,0.411663,0.405846,0.401254,0.397865,0.395567,0.394189,0.393523,0.393354,0.393482,0.393734,0.393978,0.394122,0.394122,0.393978,0.393734,0.393482,0.393354,0.393523,0.394189,0.395567,0.397865,0.401254,0.405846,0.411663,0.418627,0.426551,0.435158,0.444104,0.453019,0.461547,0.469388,0.476318,0.482211,0.487036,0.490838,0.493725,0.495836,0.497323,0.498331,0.498987,0.499392,0.499623,0.499726,0.499726
0.499778,0.499778,0.499693,0.499503,0.499167,0.498619,0.497772,0.496514,0.494712,0.492227,0.488922,0.484685,0.479449,0.473216,0.466066,0.458168,0.449767,0.441168,0.432703,0.424696,0.417426,0.411103,0.405846,0.401684,0.398562,0.396363,0.394927,0.394075,0.393635,0.39345,0.393399,0.393394,0.393394,0.393399,0.39345,0.393635,0.394075,0.394927,0.396363,0.398562,0.401684,0.405846,0.411103,0.417426,0.424696,0.432703,0.441168,0.449767,0.458168,0.466066,0.473216,0.479449,0.484685,0.488922,0.492227,0.494712,0.496514,0.497772,0.498619,0.499167,0.499503,0.499693,0.499778,0.499778
0.499825,0.499825,0.499756,0.499603,0.49933,0.498882,0.498185,0.497141,0.495634,0.493536,0.490717,0.487065,0.4825,0.476996,0.470594,0.463412,0.455641,0.447534,0.439378,0.431469,0.424078,0.417426,0.411663,0.406863,0.403022,0.400076,0.397915,0.396405,0.395403,0.394781,0.394429,0.394273,0.394273,0.394429,0.394781,0.395403,0.396405,0.397915,0.400076,0.403022,0.406863,0.411663,0.417426,0.424078,0.431469,0.439378,0.447534,0.455641,0.463412,0.470594,0.476996,0.4825,0.487065,0.490717,0.493536,0.495634,0.497141,0.498185,0.498882,0.49933,0.499603,0.499756,0.499825,0.499825
0.499865,0.499865,0.499811,0.49969,0.499473,0.499115,0.498553,0.497705,0.49647,0.494734,0.492379,0.489294,0.485392,0.480626,0.475006,0.468605,0.461564,0.454081,0.446399,0.438777,0.431469,0.424696,0.418627,0.41337,0.408967,0.405403,0.402617,0.40052,0.399006,0.397976,0.397341,0.397041,0.397041,0.397341,0.397976,0.399006,0.40052,0.402617,0.405403,0.408967,0.41337,0.418627,0.424696,0.431469,0.438777,0.446399,0.454081,0.461564,0.468605,0.475006,0.480626,0.485392,0.489294,0.492379,0.494734,0.49647,0.497705,0.498553,0.499115,0.499473,0.49969,0.499811,0.499865,0.499865
0.499898,0.499898,0.499857,0.499763,0.499595,0.499315,0.498872,0.498198,0.497208,0.495802,0.493875,0.491323,0.488057,0.484018,0.479188,0.473606,0.467365,0.460616,0.453554,0.446399,0.439378,0.432703,0.426551,0.421052,0.416285,0.412277,0.409012,0.406443,0.404505,0.403128,0.40225,0.401824,0.401824,0.40225,0.403128,0.404505,0.406443,0.409012,0.412277,0.416285,0.421052,0.426551,0.432703,0.439378,0.446399,0.453554,0.460616,0.467365,0.473606,0.479188,0.484018,0.488057,0.491323,0.493875,0.495802,0.497208,0.498198,0.498872,0.499315,0.499595,0.499763,0.499857,0.499898,0.499898
0.499925,0.499925,0.499894,0.499823,0.499695,0.499482,0.499141,0.498617,0.49784,0.496727,0.495186,0.493121,0.490448,0.4871,0.483043,0.478285,0.472883,0.466944,0.460616,0.454081,0.447534,0.441168,0.435158,0.429645,0.424733,0.420482,0.416915,0.414023,0.411779,0.410145,0.409081,0.408557,0.408557,0.409081,0.410145,0.411779,0.414023,0.416915,0.420482,0.424733,0.429645,0.435158,0.441168,0.447534,0.454081,0.460616,0.466944,0.472883,0.478285,0.483043,0.4871,0.490448,0.493121,0.495186,0.496727,0.49784,0.498617,0.499141,0.499482,0.499695,0.499823,0.499894,0.499925,0.499925
0.499946,0.499946,0.499923,0.499871,0.499777,0.499617,0.499361,0.498963,0.498368,0.497507,0.496302,0.49467,0.492533,0.489822,0.486494,0.482536,0.477976,0.472883,0.467365,0.461564,0.455641,0.449767,0.444104,0.438795,0.433956,0.429672,0.425993,0.422946,0.420533,0.418744,0.417564,0.416978,0.416978,0.417564,0.418744,0.420533,0.422946,0.425993,0.429672,0.433956,0.438795,0.444104,0.449767,0.455641,0.461564,0.467365,0.472883,0.477976,0.482536,0.486494,0.489822,0.492533,0.49467,0.496302,0.497507,0.498368,0.498963,0.499361,0.499617,0.499777,0.499871,0.499923,0.499946,0.499946
0.499962,0.499962,0.499946,0.499909,0.49984,0.499724,0.499536,0.499241,0.498796,0.498146,0.497226,0.495967,0.494299,0.492158,0.489495,0.486286,0.482536,0.478285,0.473606,0.468605,0.463412,0.458168,0.453019,0.4481,0.443531,0.439408,0.435803,0.432765,0.430322,0.428487,0.427264,0.426654,0.426654,0.427264,0.428487,0.430322,0.432765,0.435803,0.439408,0.443531,0.4481,0.453019,0.458168,0.463412,0.468605,0.473606,0.478285,0.482536,0.486286,0.489495,0.492158,0.494299,0.495967,0.497226,0.498146,0.498796,0.499241,0.499536,0.499724,0.49984,0.499909,0.499946,0.499962,0.499962
0.499974,0.499974,0.499963,0.499937,0.499888,0.499806,0.499671,0.499458,0.499133,0.498654,0.49797,0.497023,0.495753,0.494105,0.492029,0.489495,0.486494,0.483043,0.479188,0.475006,0.470594,0.466066,0.461547,0.457159,0.453015,0.449216,0.445844,0.442962,0.440615,0.438835,0.437639,0.437039,0.437039,0.437639,0.438835,0.440615,0.442962,0.445844,0.449216,0.453015,0.457159,0.461547,0.466066,0.470594,0.475006,0.479188,0.483043,0.486494,0.489495,0.492029,0.494105,0.495753,0.497023,0.49797,0.498654,0.499133,0.499458,0.499671,0.499806,0.499888,0.499937,0.499963,0.499974,0.499974
0.499983,0.499983,0.499975,0.499957,0.499924,0.499867,0.499773,0.499623,0.499392,0.499048,0.498551,0.497857,0.496916,0.49568,0.494105,0.492158,0.489822,0.4871,0.484018,0.480626,0.476996,0.473216,0.469388,0.465615,0.462002,0.458643,0.455623,0.453011,0.450863,0.449219,0.448109,0.447549,0.447549,0.448109,0.449219,0.450863,0.453011,0.455623,0.458643,0.462002,0.465615,0.469388,0.473216,0.476996,0.480626,0.484018,0.4871,0.489822,0.492158,0.494105,0.49568,0.496916,0.497857,0.498551,0.499048,0.499392,0.499623,0.499773,0.499867,0.499924,0.499957,0.499975,0.499983,0.499983
0.499989,0.499989,0.499984,0.499972,0.49995,0.499911,0.499847,0.499744,0.499584,0.499343,0.498992,0.498497,0.497818,0.496916,0.495753,0.494299,0.492533,0.490448,0.488057,0.485392,0.4825,0.479449,0.476318,0.473191,0.470159,0.467306,0.464712,0.462446,0.460566,0.459117,0.458133,0.457636,0.457636,0.458133,0.459117,0.460566,0.462446,0.464712,0.467306,0.470159,0.473191,0.476318,0.479449,0.4825,0.485392,0.488057,0.490448,0.492533,0.494299,0.495753,0.496916,0.497818,0.498497,0.498992,0.499343,0.499584,0.499744,0.499847,0.499911,0.49995,0.499972,0.499984,0.499989,0.499989
0.499993,0.499993,0.49999,0.499982,0.499967,0.499942,0.4999,0.499831,0.499723,0.499559,0.499318,0.498973,0.498497,0.497857,0.497023,0.495967,0.49467,0.493121,0.491323,0.489294,0.487065,0.484685,0.482211,0.479713,0.477262,0.474932,0.472792,0.470906,0.46933,0.468108,0.467274,0.466852,0.466852,0.467274,0.468108,0.46933,0.470906,0.472792,0.474932,0.477262,0.479713,0.482211,0.484685,0.487065,0.489294,0.491323,0.493121,0.49467,0.495967,0.497023,0.497857,0.498497,0.498973,0.499318,0.499559,0.499723,0.499831,0.4999,0.499942,0.499967,0.499982,0.49999,0.499993,0.499993
0.499996,0.499996,0.499994,0.499989,0.49998,0.499963,0.499936,0.499891,0.49982,0.499712,0.49955,0.499318,0.498992,0.498551,0.49797,0.497226,0.496302,0.495186,0.493875,0.492379,0.490717,0.488922,0.487036,0.48511,0.483202,0.48137,0.479673,0.478166,0.476898,0.475909,0.475233,0.474889,0.474889,0.475233,0.475909,0.476898,0.478166,0.479673,0.48137,0.483202,0.48511,0.487036,0.488922,0.490717,0.492379,0.493875,0.495186,0.496302,0.497226,0.49797,0.498551,0.498992,0.499318,0.49955,0.499712,0.49982,0.499891,0.499936,0.499963,0.49998,0.499989,0.499994,0.499996,0.499996
0.499997,0.499997,0.499996,0.499993,0.499987,0.499977,0.49996,0.499932,0.499887,0.499817,0.499712,0.499559,0.499343,0.499048,0.498654,0.498146,0.497507,0.496727,0.495802,0.494734,0.493536,0.492227,0.490838,0.489407,0.487974,0.486588,0.485293,0.484135,0.483155,0.482388,0.481861,0.481592,0.481592,0.481861,0.482388,0.483155,0.484135,0.485293,0.486588,0.487974,0.489407,0.490838,0.492227,0.493536,0.494734,0.495802,0.496727,0.497507,0.498146,0.498654,0.499048,0.499343,0.499559,0.499712,0.499817,0.499887,0.499932,0.49996,0.499977,0.499987,0.499993,0.499996,0.499997,0.499997
0.499998,0.499998,0.499998,0.499996,0.499993,0.499986,0.499976,0.499958,0.49993,0.499887,0.49982,0.499723,0.499584,0.499392,0.499133,0.498796,0.498368,0.49784,0.497208,0.49647,0.495634,0.494712,0.493725,0.492698,0.491661,0.49065,0.489699,0.488844,0.488116,0.487543,0.487148,0.486947,0.486947,0.487148,0.487543,0.488116,0.488844,0.489699,0.49065,0.491661,0.492698,0.493725,0.494712,0.495634,0.49647,0.497208,0.49784,0.498368,0.498796,0.499133,0.499392,0.499584,0.499723,0.49982,0.499887,0.49993,0.499958,0.499976,0.499986,0.499993,0.499996,0.499998,0.499998,0.499998
0.499999,0.499999,0.499999,0.499998,0.499996,0.499992,0.499986,0.499975,0.499958,0.499932,0.499891,0.499831,0.499744,0.499623,0.499458,0.499241,0.498963,0.498617,0.498198,0.497705,0.497141,0.496514,0.495836,0.495124,0.494401,0.493691,0.493018,0.492409,0.491889,0.491478,0.491194,0.491049,0.491049,0.491194,0.491478,0.491889,0.492409,0.493018,0.493691,0.494401,0.495124,0.495836,0.496514,0.497141,0.497705,0.498198,0.498617,0.498963,0.499241,0.499458,0.499623,0.499744,0.499831,0.499891,0.499932,0.499958,0.499975,0.499986,0.499992,0.499996,0.499998,0.499999,0.499999,0.499999
0.5,0.5,0.499999,0.499999,0.499998,0.499996,0.499992,0.499986,0.499976,0.49996,0.499936,0.4999,0.499847,0.499773,0.499671,0.499536,0.499361,0.499141,0.498872,0.498553,0.498185,0.497772,0.497323,0.496847,0.49636,0.495878,0.495419,0.495002,0.494644,0.49436,0.494163,0.494062,0.494062,0.494163,0.49436,0.494644,0.495002,0.495419,0.495878,0.49636,0.496847,0.497323,0.497772,0.498185,0.498553,0.498872,0.499141,0.499361,0.499536,0.499671,0.499773,0.499847,0.4999,0.499936,0.49996,0.499976,0.499986,0.499992,0.499996,0.499998,0.499999,0.499999,0.5,0.5
0.5,0.5,0.5,0.499999,0.499999,0.499998,0.499996,0.499992,0.499986,0.499977,0.499963,0.499942,0.499911,0.499867,0.499806,0.499724,0.499617,0.499482,0.499315,0.499115,0.498882,0.498619,0.498331,0.498023,0.497706,0.497391,0.497088,0.496812,0.496574,0.496385,0.496253,0.496186,0.496186,0.496253,0.496385,0.496574,0.496812,0.497088,0.497391,0.497706,0.498023,0.498331,0.498619,0.498882,0.499115,0.499315,0.499482,0.499617,0.499724,0.499806,0.499867,0.499911,0.499942,0.499963,0.499977,0.499986,0.499992,0.499996,0.499998,0.499999,0.499999,0.5,0.5,0.5
0.5,0.5,0.5,0.5,0.499999,0.499999,0.499998,0.499996,0.499993,0.499987,0.49998,0.499967,0.49995,0.499924,0.499888,0.49984,0.499777,0.499695,0.499595,0.499473,0.49933,0.499167,0.498987,0.498794,0.498593,0.498392,0.498199,0.498021,0.497868,0.497745,0.49766,0.497616,0.497616,0.49766,0.497745,0.497868,0.498021,0.498199,0.498392,0.498593,0.498794,0.498987,0.499167,0.49933,0.499473,0.499595,0.499695,0.499777,0.49984,0.499888,0.499924,0.49995,0.499967,0.49998,0.499987,0.499993,0.499996,0.499998,0.499999,0.499999,0.5,0.5,0.5,0.5
0.5,0.5,0.5,0.5,0.5,0.499999,0.499999,0.499998,0.499996,0.499993,0.499989,0.499982,0.499972,0.499957,0.499937,0.499909,0.499871,0.499823,0.499763,0.49969,0.499603,0.499503,0.499392,0.499273,0.499147,0.499021,0.498899,0.498787,0.498689,0.498611,0.498556,0.498528,0.498528,0.498556,0.498611,0.498689,0.498787,0.498899,0.499021,0.499147,0.499273,0.499392,0.499503,0.499603,0.49969,0.499763,0.499823,0.499871,0.499909,0.499937,0.499957,0.499972,0.499982,0.499989,0.499993,0.499996,0.499998,0.499999,0.499999,0.5,0.5,0.5,0.5,0.5
0.5,0.5,0.5,0.5,0.5,0.5,0.499999,0.499999,0.499998,0.499996,0.499994,0.49999,0.499984,0.499975,0.499963,0.499946,0.499923,0.499894,0.499857,0.499811,0.499756,0.499693,0.499623,0.499546,0.499465,0.499383,0.499303,0.499229,0.499165,0.499113,0.499077,0.499059,0.499059,0.499077,0.499113,0.499165,0.499229,0.499303,0.499383,0.499465,0.499546,0.499623,0.499693,0.499756,0.499811,0.499857,0.499894,0.499923,0.499946,0.499963,0.499975,0.499984,0.49999,0.499994,0.499996,0.499998,0.499999,0.499999,0.5,0.5,0.5,0.5,0.5,0.5
0.5,0.5,0.5,0.5,0.5,0.5,0.5,0.499999,0.499998,0.499997,0.499996,0.499993,0.499989,0.499983,0.499974,0.499962,0.499946,0.499925,0.499898,0.499865,0.499825,0.499778,0.499726,0.499668,0.499608,0.499546,0.499486,0.49943,0.499381,0.499342,0.499315,0.4993,0.4993,0.499315,0.499342,0.499381,0.49943,0.499486,0.499546,0.499608,0.499668,0.499726,0.499778,0.499825,0.499865,0.499898,0.499925,0.499946,0.499962,0.499974,0.499983,0.499989,0.499993,0.499996,0.499997,0.499998,0.499999,0.5,0.5,0.5,0.5,0.5,0.5,0.5
0.5,0.5,0.5,0.5,0.5,0.5,0.5,0.499999,0.499998,0.499997,0.499996,0.499993,0.499989,0.499983,0.499974,0.499962,0.499946,0.499925,0.499898,0.499865,0.499825,0.499778,0.499726,0.499668,0.499608,0.499546,0.499486,0.49943,0.499381,0.499342,0.499315,0.4993,0.4993,0.499315,0.499342,0.499381,0.49943,0.499486,0.499546,0.499608,0.499668,0.499726,0.499778,0.499825,0.499865,0.499898,0.499925,0.499946,0.499962,0.499974,0.499983,0.499989,0.499993,0.499996,0.499997,0.499998,0.499999,0.5,0.5,0.5,0.5,0.5,0.5,0.5
