0.499999,0.499998,0.499998,0.499996,0.499993,0.499987,0.499978,0.499962,0.499938,0.499899,0.499842,0.499757,0.499637,0.49947,0.499245,0.498949,0.498571,0.4981,0.497528,0.496853,0.496077,0.495208,0.494262,0.493263,0.49224,0.491226,0.490259,0.489379,0.488621,0.488021,0.487604,0.48739,0.48739,0.487604,0.488021,0.488621,0.489379,0.490259,0.491226,0.49224,0.493263,0.494262,0.495208,0.496077,0.496853,0.497528,0.4981,0.498571,0.498949,0.499245,0.49947,0.499637,0.499757,0.499842,0.499899,0.499938,0.499962,0.499978,0.499987,0.499993,0.499996,0.499998,0.499998,0.499998
0.499998,0.499998,0.499998,0.499996,0.499993,0.499987,0.499978,0.499962,0.499938,0.499899,0.499842,0.499757,0.499637,0.49947,0.499245,0.498949,0.498571,0.4981,0.497528,0.496853,0.496077,0.495208,0.494262,0.493263,0.49224,0.491226,0.490259,0.489379,0.488621,0.488021,0.487604,0.48739,0.48739,0.487604,0.488021,0.488621,0.489379,0.490259,0.491226,0.49224,0.493263,0.494262,0.495208,0.496077,0.496853,0.497528,0.4981,0.498571,0.498949,0.499245,0.49947,0.499637,0.499757,0.499842,0.499899,0.499938,0.499962,0.499978,0.499987,0.499993,0.499996,0.499998,0.499998,0.499998
0.499998,0.499998,0.499997,0.499994,0.49999,0.499982,0.499969,0.499947,0.499914,0.499862,0.499784,0.499671,0.499512,0.499293,0.499,0.498618,0.498133,0.497533,0.496811,0.495964,0.494997,0.493921,0.492758,0.491536,0.490291,0.489062,0.487897,0.486838,0.48593,0.485212,0.484715,0.48446,0.48446,0.484715,0.485212,0.48593,0.486838,0.487897,0.489062,0.490291,0.491536,0.492758,0.493921,0.494997,0.495964,0.496811,0.497533,0.498133,0.498618,0.499,0.499293,0.499512,0.499671,0.499784,0.499862,0.499914,0.499947,0.499969,0.499982,0.49999,0.499994,0.499997,0.499998,0.499998
0.499996,0.499996,0.499994,0.49999,0.499983,0.49997,0.499948,0.499914,0.499859,0.499777,0.499655,0.49948,0.499236,0.498903,0.498462,0.497894,0.49718,0.496307,0.495266,0.494058,0.492691,0.491185,0.48957,0.487887,0.486184,0.484517,0.482944,0.481523,0.48031,0.479353,0.478692,0.478355,0.478355,0.478692,0.479353,0.48031,0.481523,0.482944,0.484517,0.486184,0.487887,0.48957,0.491185,0.492691,0.494058,0.495266,0.496307,0.49718,0.497894,0.498462,0.498903,0.499236,0.49948,0.499655,0.499777,0.499859,0.499914,0.499948,0.49997,0.499983,0.49999,0.499994,0.499996,0.499996
0.499993,0.499993,0.49999,0.499983,0.49997,0.499948,0.499911,0.499853,0.499762,0.499626,0.499427,0.499144,0.498753,0.498226,0.497537,0.496657,0.495563,0.49424,0.492679,0.490885,0.488875,0.486682,0.484353,0.481946,0.47953,0.477182,0.47498,0.473004,0.471324,0.470004,0.469094,0.468631,0.468631,0.469094,0.470004,0.471324,0.473004,0.47498,0.477182,0.47953,0.481946,0.484353,0.486682,0.488875,0.490885,0.492679,0.49424,0.495563,0.496657,0.497537,0.498226,0.498753,0.499144,0.499427,0.499626,0.499762,0.499853,0.499911,0.499948,0.49997,0.499983,0.49999,0.499993,0.499993
0.499987,0.499987,0.499982,0.49997,0.499948,0.49991,0.499848,0.49975,0.499601,0.499378,0.499055,0.498601,0.497979,0.497151,0.496078,0.494723,0.493058,0.491063,0.488735,0.486087,0.48315,0.479977,0.476637,0.473215,0.469809,0.466523,0.463463,0.460731,0.458421,0.456613,0.455371,0.454739,0.454739,0.455371,0.456613,0.458421,0.460731,0.463463,0.466523,0.469809,0.473215,0.476637,0.479977,0.48315,0.486087,0.488735,0.491063,0.493058,0.494723,0.496078,0.497151,0.497979,0.498601,0.499055,0.499378,0.499601,0.49975,0.499848,0.49991,0.499948,0.49997,0.499982,0.499987,0.499987
0.499978,0.499978,0.499969,0.499948,0.499911,0.499848,0.499746,0.499586,0.499344,0.498987,0.498474,0.497761,0.496795,0.495522,0.49389,0.491851,0.489373,0.486436,0.483044,0.479226,0.475036,0.470553,0.46588,0.461136,0.456454,0.451972,0.447828,0.444151,0.441057,0.438646,0.436994,0.436155,0.436155,0.436994,0.438646,0.441057,0.444151,0.447828,0.451972,0.456454,0.461136,0.46588,0.470553,0.475036,0.479226,0.483044,0.486436,0.489373,0.491851,0.49389,0.495522,0.496795,0.497761,0.498474,0.498987,0.499344,0.499586,0.499746,0.499848,0.499911,0.499948,0.499969,0.499978,0.499978
0.499962,0.499962,0.499947,0.499914,0.499853,0.49975,0.499586,0.499332,0.49895,0.498392,0.497601,0.496511,0.49505,0.493146,0.490731,0.487749,0.484164,0.479963,0.475166,0.469825,0.464026,0.457888,0.451554,0.445186,0.438958,0.433046,0.42762,0.422837,0.418836,0.415731,0.413611,0.412536,0.412536,0.413611,0.415731,0.418836,0.422837,0.42762,0.433046,0.438958,0.445186,0.451554,0.457888,0.464026,0.469825,0.475166,0.479963,0.484164,0.487749,0.490731,0.493146,0.49505,0.496511,0.497601,0.498392,0.49895,0.499332,0.499586,0.49975,0.499853,0.499914,0.499947,0.499962,0.499962
0.499938,0.499938,0.499914,0.499859,0.499762,0.499601,0.499344,0.49895,0.498364,0.497516,0.496328,0.494708,0.492561,0.489794,0.486324,0.48209,0.477059,0.471232,0.464657,0.457422,0.449658,0.441531,0.433236,0.424984,0.416993,0.409476,0.402634,0.396646,0.391668,0.387824,0.385209,0.383885,0.383885,0.385209,0.387824,0.391668,0.396646,0.402634,0.409476,0.416993,0.424984,0.433236,0.441531,0.449658,0.457422,0.464657,0.471232,0.477059,0.48209,0.486324,0.489794,0.492561,0.494708,0.496328,0.497516,0.498364,0.49895,0.499344,0.499601,0.499762,0.499859,0.499914,0.499938,0.499938
0.499899,0.499899,0.499862,0.499777,0.499626,0.499378,0.498987,0.498392,0.497516,0.496265,0.494528,0.492187,0.489119,0.485213,0.480373,0.474538,0.46769,0.459858,0.451131,0.441647,0.431596,0.421203,0.410721,0.400412,0.390537,0.381341,0.373047,0.365848,0.359904,0.355339,0.352246,0.350685,0.350685,0.352246,0.355339,0.359904,0.365848,0.373047,0.381341,0.390537,0.400412,0.410721,0.421203,0.431596,0.441647,0.451131,0.459858,0.46769,0.474538,0.480373,0.485213,0.489119,0.492187,0.494528,0.496265,0.497516,0.498392,0.498987,0.499378,0.499626,0.499777,0.499862,0.499899,0.499899
0.499842,0.499842,0.499784,0.499655,0.499427,0.499055,0.498474,0.497601,0.496328,0.494528,0.492058,0.488767,0.484506,0.479146,0.472588,0.464783,0.455741,0.445538,0.434319,0.422292,0.409716,0.396885,0.384111,0.371707,0.359967,0.349158,0.339511,0.331213,0.324415,0.319228,0.315729,0.313968,0.313968,0.315729,0.319228,0.324415,0.331213,0.339511,0.349158,0.359967,0.371707,0.384111,0.396885,0.409716,0.422292,0.434319,0.445538,0.455741,0.464783,0.472588,0.479146,0.484506,0.488767,0.492058,0.494528,0.496328,0.497601,0.498474,0.499055,0.499427,0.499655,0.499784,0.499842,0.499842
0.499757,0.499757,0.499671,0.49948,0.499144,0.498601,0.497761,0.496511,0.494708,0.492187,0.488767,0.484264,0.478506,0.471354,0.462719,0.45258,0.440995,0.428107,0.414139,0.399382,0.384176,0.368887,0.353886,0.339522,0.326112,0.313923,0.303172,0.294023,0.286596,0.280971,0.277197,0.275304,0.275304,0.277197,0.280971,0.286596,0.294023,0.303172,0.313923,0.326112,0.339522,0.353886,0.368887,0.384176,0.399382,0.414139,0.428107,0.440995,0.45258,0.462719,0.471354,0.478506,0.484264,0.488767,0.492187,0.494708,0.496511,0.497761,0.498601,0.499144,0.49948,0.499671,0.499757,0.499757
0.499637,0.499637,0.499512,0.499236,0.498753,0.497979,0.496795,0.49505,0.492561,0.489119,0.484506,0.478506,0.470932,0.461648,0.450592,0.437794,0.423384,0.407595,0.390746,0.373224,0.355458,0.337883,0.320914,0.304925,0.290228,0.277066,0.265617,0.255996,0.248269,0.242469,0.238604,0.236672,0.236672,0.238604,0.242469,0.248269,0.255996,0.265617,0.277066,0.290228,0.304925,0.320914,0.337883,0.355458,0.373224,0.390746,0.407595,0.423384,0.437794,0.450592,0.461648,0.470932,0.478506,0.484506,0.489119,0.492561,0.49505,0.496795,0.497979,0.498753,0.499236,0.499512,0.499637,0.499637
0.49947,0.49947,0.499293,0.498903,0.498226,0.497151,0.495522,0.493146,0.489794,0.485213,0.479146,0.471354,0.461648,0.449914,0.43614,0.420433,0.403022,0.384251,0.364553,0.34442,0.324366,0.304883,0.286415,0.269329,0.253904,0.240332,0.22872,0.219109,0.211495,0.205842,0.202105,0.200248,0.200248,0.202105,0.205842,0.211495,0.219109,0.22872,0.240332,0.253904,0.269329,0.286415,0.304883,0.324366,0.34442,0.364553,0.384251,0.403022,0.420433,0.43614,0.449914,0.461648,0.471354,0.479146,0.485213,0.489794,0.493146,0.495522,0.497151,0.498226,0.498903,0.499293,0.49947,0.49947
0.499245,0.499245,0.499,0.498462,0.497537,0.496078,0.49389,0.490731,0.486324,0.480373,0.472588,0.462719,0.450592,0.43614,0.419429,0.400671,0.380222,0.358555,0.336229,0.31384,0.291974,0.271162,0.251844,0.234352,0.218897,0.205586,0.19443,0.185374,0.178322,0.173163,0.16979,0.168126,0.168126,0.16979,0.173163,0.178322,0.185374,0.19443,0.205586,0.218897,0.234352,0.251844,0.271162,0.291974,0.31384,0.336229,0.358555,0.380222,0.400671,0.419429,0.43614,0.450592,0.462719,0.472588,0.480373,0.486324,0.490731,0.49389,0.496078,0.497537,0.498462,0.499,0.499245,0.499245
0.498949,0.498949,0.498618,0.497894,0.496657,0.494723,0.491851,0.487749,0.48209,0.474538,0.464783,0.45258,0.437794,0.420433,0.400671,0.378857,0.355492,0.331195,0.30665,0.282549,0.25953,0.238127,0.218746,0.201641,0.186926,0.17459,0.164527,0.156568,0.150519,0.146184,0.143396,0.142034,0.142034,0.143396,0.146184,0.150519,0.156568,0.164527,0.17459,0.186926,0.201641,0.218746,0.238127,0.25953,0.282549,0.30665,0.331195,0.355492,0.378857,0.400671,0.420433,0.437794,0.45258,0.464783,0.474538,0.48209,0.487749,0.491851,0.494723,0.496657,0.497894,0.498618,0.498949,0.498949
0.498571,0.498571,0.498133,0.49718,0.495563,0.493058,0.489373,0.484164,0.477059,0.46769,0.455741,0.440995,0.423384,0.403022,0.380222,0.355492,0.329497,0.303007,0.276824,0.25171,0.228324,0.207169,0.188571,0.172675,0.159461,0.14878,0.140392,0.13401,0.129338,0.126102,0.124078,0.123107,0.123107,0.124078,0.126102,0.129338,0.13401,0.140392,0.14878,0.159461,0.172675,0.188571,0.207169,0.228324,0.25171,0.276824,0.303007,0.329497,0.355492,0.380222,0.403022,0.423384,0.440995,0.455741,0.46769,0.477059,0.484164,0.489373,0.493058,0.495563,0.49718,0.498133,0.498571,0.498571
0.4981,0.4981,0.497533,0.496307,0.49424,0.491063,0.486436,0.479963,0.471232,0.459858,0.445538,0.428107,0.407595,0.384251,0.358555,0.331195,0.303007,0.274905,0.247787,0.222458,0.199554,0.179505,0.162518,0.148592,0.137551,0.129095,0.122846,0.118401,0.115374,0.113424,0.112281,0.111757,0.111757,0.112281,0.113424,0.115374,0.118401,0.122846,0.129095,0.137551,0.148592,0.162518,0.179505,0.199554,0.222458,0.247787,0.274905,0.303007,0.331195,0.358555,0.384251,0.407595,0.428107,0.445538,0.459858,0.471232,0.479963,0.486436,0.491063,0.49424,0.496307,0.497533,0.4981,0.4981
0.497528,0.497528,0.496811,0.495266,0.492679,0.488735,0.483044,0.475166,0.464657,0.451131,0.434319,0.414139,0.390746,0.364553,0.336229,0.30665,0.276824,0.247787,0.220507,0.195786,0.174196,0.15605,0.141398,0.13007,0.12172,0.11589,0.112077,0.109775,0.108526,0.107942,0.107721,0.107662,0.107662,0.107721,0.107942,0.108526,0.109775,0.112077,0.11589,0.12172,0.13007,0.141398,0.15605,0.174196,0.195786,0.220507,0.247787,0.276824,0.30665,0.336229,0.364553,0.390746,0.414139,0.434319,0.451131,0.464657,0.475166,0.483044,0.488735,0.492679,0.495266,0.496811,0.497528,0.497528
0.496853,0.496853,0.495964,0.494058,0.490885,0.486087,0.479226,0.469825,0.457422,0.441647,0.422292,0.399382,0.373224,0.34442,0.31384,0.282549,0.25171,0.222458,0.195786,0.172451,0.152917,0.137337,0.12558,0.117289,0.111943,0.108944,0.107674,0.107553,0.108075,0.108827,0.109499,0.109886,0.109886,0.109499,0.108827,0.108075,0.107553,0.107674,0.108944,0.111943,0.117289,0.12558,0.137337,0.152917,0.172451,0.195786,0.222458,0.25171,0.282549,0.31384,0.34442,0.373224,0.399382,0.422292,0.441647,0.457422,0.469825,0.479226,0.486087,0.490885,0.494058,0.495964,0.496853,0.496853
0.496077,0.496077,0.494997,0.492691,0.488875,0.48315,0.475036,0.464026,0.449658,0.431596,0.409716,0.384176,0.355458,0.324366,0.291974,0.25953,0.228324,0.199554,0.174196,0.152917,0.136027,0.123494,0.114986,0.109952,0.107714,0.107545,0.108746,0.11069,0.11285,0.114815,0.116286,0.117069,0.117069,0.116286,0.114815,0.11285,0.11069,0.108746,0.107545,0.107714,0.109952,0.114986,0.123494,0.136027,0.152917,0.174196,0.199554,0.228324,0.25953,0.291974,0.324366,0.355458,0.384176,0.409716,0.431596,0.449658,0.464026,0.475036,0.48315,0.488875,0.492691,0.494997,0.496077,0.496077
0.495208,0.495208,0.493921,0.491185,0.486682,0.479977,0.470553,0.457888,0.441531,0.421203,0.396885,0.368887,0.337883,0.304883,0.271162,0.238127,0.207169,0.179505,0.15605,0.137337,0.123494,0.114279,0.109155,0.107389,0.10816,0.110646,0.114095,0.117863,0.121435,0.124424,0.126557,0.127664,0.127664,0.126557,0.124424,0.121435,0.117863,0.114095,0.110646,0.10816,0.107389,0.109155,0.114279,0.123494,0.137337,0.15605,0.179505,0.207169,0.238127,0.271162,0.304883,0.337883,0.368887,0.396885,0.421203,0.441531,0.457888,0.470553,0.479977,0.486682,0.491185,0.493921,0.495208,0.495208
0.494262,0.494262,0.492758,0.48957,0.484353,0.476637,0.46588,0.451554,0.433236,0.410721,0.384111,0.353886,0.320914,0.286415,0.251844,0.218746,0.188571,0.162518,0.141398,0.12558,0.114986,0.109155,0.107351,0.108678,0.112201,0.117033,0.122402,0.127678,0.132381,0.136166,0.138803,0.140154,0.140154,0.138803,0.136166,0.132381,0.127678,0.122402,0.117033,0.112201,0.108678,0.107351,0.109155,0.114986,0.12558,0.141398,0.162518,0.188571,0.218746,0.251844,0.286415,0.320914,0.353886,0.384111,0.410721,0.433236,0.451554,0.46588,0.476637,0.484353,0.48957,0.492758,0.494262,0.494262
0.493263,0.493263,0.491536,0.487887,0.481946,0.473215,0.461136,0.445186,0.424984,0.400412,0.371707,0.339522,0.304925,0.269329,0.234352,0.201641,0.172675,0.148592,0.13007,0.117289,0.109952,0.107389,0.108678,0.112788,0.118697,0.125487,0.132396,0.138833,0.144371,0.148722,0.151706,0.15322,0.15322,0.151706,0.148722,0.144371,0.138833,0.132396,0.125487,0.118697,0.112788,0.108678,0.107389,0.109952,0.117289,0.13007,0.148592,0.172675,0.201641,0.234352,0.269329,0.304925,0.339522,0.371707,0.400412,0.424984,0.445186,0.461136,0.473215,0.481946,0.487887,0.491536,0.493263,0.493263
0.49224,0.49224,0.490291,0.486184,0.47953,0.469809,0.456454,0.438958,0.416993,0.390537,0.359967,0.326112,0.290228,0.253904,0.218897,0.186926,0.159461,0.137551,0.12172,0.111943,0.107714,0.10816,0.112201,0.118697,0.126574,0.134911,0.142977,0.150239,0.156335,0.16104,0.164229,0.165835,0.165835,0.164229,0.16104,0.156335,0.150239,0.142977,0.134911,0.126574,0.118697,0.112201,0.10816,0.107714,0.111943,0.12172,0.137551,0.159461,0.186926,0.218897,0.253904,0.290228,0.326112,0.359967,0.390537,0.416993,0.438958,0.456454,0.469809,0.47953,0.486184,0.490291,0.49224,0.49224
0.491226,0.491226,0.489062,0.484517,0.477182,0.466523,0.451972,0.433046,0.409476,0.381341,0.349158,0.313923,0.277066,0.240332,0.205586,0.17459,0.14878,0.129095,0.11589,0.108944,0.107545,0.110646,0.117033,0.125487,0.134911,0.1444,0.153275,0.161068,0.167487,0.172374,0.175653,0.177296,0.177296,0.175653,0.172374,0.167487,0.161068,0.153275,0.1444,0.134911,0.125487,0.117033,0.110646,0.107545,0.108944,0.11589,0.129095,0.14878,0.17459,0.205586,0.240332,0.277066,0.313923,0.349158,0.381341,0.409476,0.433046,0.451972,0.466523,0.477182,0.484517,0.489062,0.491226,0.491226
0.490259,0.490259,0.487897,0.482944,0.47498,0.463463,0.447828,0.42762,0.402634,0.373047,0.339511,0.303172,0.265617,0.22872,0.19443,0.164527,0.140392,0.122846,0.112077,0.107674,0.108746,0.114095,0.122402,0.132396,0.142977,0.153275,0.162668,0.170758,0.177323,0.182263,0.185551,0.18719,0.18719,0.185551,0.182263,0.177323,0.170758,0.162668,0.153275,0.142977,0.132396,0.122402,0.114095,0.108746,0.107674,0.112077,0.122846,0.140392,0.164527,0.19443,0.22872,0.265617,0.303172,0.339511,0.373047,0.402634,0.42762,0.447828,0.463463,0.47498,0.482944,0.487897,0.490259,0.490259
0.489379,0.489379,0.486838,0.481523,0.473004,0.460731,0.444151,0.422837,0.396646,0.365848,0.331213,0.294023,0.255996,0.219109,0.185374,0.156568,0.13401,0.118401,0.109775,0.107553,0.11069,0.117863,0.127678,0.138833,0.150239,0.161068,0.170758,0.178977,0.185565,0.190476,0.193723,0.195335,0.195335,0.193723,0.190476,0.185565,0.178977,0.170758,0.161068,0.150239,0.138833,0.127678,0.117863,0.11069,0.107553,0.109775,0.118401,0.13401,0.156568,0.185374,0.219109,0.255996,0.294023,0.331213,0.365848,0.396646,0.422837,0.444151,0.460731,0.473004,0.481523,0.486838,0.489379,0.489379
0.488621,0.488621,0.48593,0.48031,0.471324,0.458421,0.441057,0.418836,0.391668,0.359904,0.324415,0.286596,0.248269,0.211495,0.178322,0.150519,0.129338,0.115374,0.108526,0.108075,0.11285,0.121435,0.132381,0.144371,0.156335,0.167487,0.177323,0.185565,0.192109,0.196948,0.20013,0.201704,0.201704,0.20013,0.196948,0.192109,0.185565,0.177323,0.167487,0.156335,0.144371,0.132381,0.121435,0.11285,0.108075,0.108526,0.115374,0.129338,0.150519,0.178322,0.211495,0.248269,0.286596,0.324415,0.359904,0.391668,0.418836,0.441057,0.458421,0.471324,0.48031,0.48593,0.488621,0.488621
0.488021,0.488021,0.485212,0.479353,0.470004,0.456613,0.438646,0.415731,0.387824,0.355339,0.319228,0.280971,0.242469,0.205842,0.173163,0.146184,0.126102,0.113424,0.107942,0.108827,0.114815,0.124424,0.136166,0.148722,0.16104,0.172374,0.182263,0.190476,0.196948,0.201708,0.204823,0.206361,0.206361,0.204823,0.201708,0.196948,0.190476,0.182263,0.172374,0.16104,0.148722,0.136166,0.124424,0.114815,0.108827,0.107942,0.113424,0.126102,0.146184,0.173163,0.205842,0.242469,0.280971,0.319228,0.355339,0.387824,0.415731,0.438646,0.456613,0.470004,0.479353,0.485212,0.488021,0.488021
0.487604,0.487604,0.484715,0.478692,0.469094,0.455371,0.436994,0.413611,0.385209,0.352246,0.315729,0.277197,0.238604,0.202105,0.16979,0.143396,0.124078,0.112281,0.107721,0.109499,0.116286,0.126557,0.138803,0.151706,0.164229,0.175653,0.185551,0.193723,0.20013,0.204823,0.207886,0.209395,0.209395,0.207886,0.204823,0.20013,0.193723,0.185551,0.175653,0.164229,0.151706,0.138803,0.126557,0.116286,0.109499,0.107721,0.112281,0.124078,0.143396,0.16979,0.202105,0.238604,0.277197,0.315729,0.352246,0.385209,0.413611,0.436994,0.455371,0.469094,0.478692,0.484715,0.487604,0.487604
0.48739,0.48739,0.48446,0.478355,0.468631,0.454739,0.436155,0.412536,0.383885,0.350685,0.313968,0.275304,0.236672,0.200248,0.168126,0.142034,0.123107,0.111757,0.107662,0.109886,0.117069,0.127664,0.140154,0.15322,0.165835,0.177296,0.18719,0.195335,0.201704,0.206361,0.209395,0.210889,0.210889,0.209395,0.206361,0.201704,0.195335,0.18719,0.177296,0.165835,0.15322,0.140154,0.127664,0.117069,0.109886,0.107662,0.111757,0.123107,0.142034,0.168126,0.200248,0.236672,0.275304,0.313968,0.350685,0.383885,0.412536,0.436155,0.454739,0.468631,0.478355,0.48446,0.48739,0.48739
0.48739,0.48739,0.48446,0.478355,0.468631,0.454739,0.436155,0.412536,0.383885,0.350685,0.313968,0.275304,0.236672,0.200248,0.168126,0.142034,0.123107,0.111757,0.107662,0.109886,0.117069,0.127664,0.140154,0.15322,0.165835,0.177296,0.18719,0.195335,0.201704,0.206361,0.209395,0.210889,0.210889,0.209395,0.206361,0.201704,0.195335,0.18719,0.177296,0.165835,0.15322,0.140154,0.127664,0.117069,0.109886,0.107662,0.111757,0.123107,0.142034,0.168126,0.200248,0.236672,0.275304,0.313968,0.350685,0.383885,0.412536,0.436155,0.454739,0.468631,0.478355,0.48446,0.48739,0.48739
0.487604,0.487604,0.484715,0.478692,0.469094,0.455371,0.436994,0.413611,0.385209,0.352246,0.315729,0.277197,0.238604,0.202105,0.16979,0.143396,0.124078,0.112281,0.107721,0.109499,0.116286,0.126557,0.138803,0.151706,0.164229,0.175653,0.185551,0.193723,0.20013,0.204823,0.207886,0.209395,0.209395,0.207886,0.204823,0.20013,0.193723,0.185551,0.175653,0.164229,0.151706,0.138803,0.126557,0.116286,0.109499,0.107721,0.112281,0.124078,0.143396,0.16979,0.202105,0.238604,0.277197,0.315729,0.352246,0.385209,0.413611,0.436994,0.455371,0.469094,0.478692,0.484715,0.487604,0.487604
0.488021,0.488021,0.485212,0.479353,0.470004,0.456613,0.438646,0.415731,0.387824,0.355339,0.319228,0.280971,0.242469,0.205842,0.173163,0.146184,0.126102,0.113424,0.107942,0.108827,0.114815,0.124424,0.136166,0.148722,0.16104,0.172374,0.182263,0.190476,0.196948,0.201708,0.204823,0.206361,0.206361,0.204823,0.201708,0.196948,0.190476,0.182263,0.172374,0.16104,0.148722,0.136166,0.124424,0.114815,0.108827,0.107942,0.113424,0.126102,0.146184,0.173163,0.205842,0.242469,0.280971,0.319228,0.355339,0.387824,0.415731,0.438646,0.456613,0.470004,0.479353,0.485212,0.488021,0.488021
0.488621,0.488621,0.48593,0.48031,0.471324,0.458421,0.441057,0.418836,0.391668,0.359904,0.324415,0.286596,0.248269,0.211495,0.178322,0.150519,0.129338,0.115374,0.108526,0.108075,0.11285,0.121435,0.132381,0.144371,0.156335,0.167487,0.177323,0.185565,0.192109,0.196948,0.20013,0.201704,0.201704,0.20013,0.196948,0.192109,0.185565,0.177323,0.167487,0.156335,0.144371,0.132381,0.121435,0.11285,0.108075,0.108526,0.115374,0.129338,0.150519,0.178322,0.211495,0.248269,0.286596,0.324415,0.359904,0.391668,0.418836,0.441057,0.458421,0.471324,0.48031,0.48593,0.488621,0.488621
0.489379,0.489379,0.486838,0.481523,0.473004,0.460731,0.444151,0.422837,0.396646,0.365848,0.331213,0.294023,0.255996,0.219109,0.185374,0.156568,0.13401,0.118401,0.109775,0.107553,0.11069,0.117863,0.127678,0.138833,0.150239,0.161068,0.170758,0.178977,0.185565,0.190476,0.193723,0.195335,0.195335,0.193723,0.190476,0.185565,0.178977,0.170758,0.161068,0.150239,0.138833,0.127678,0.117863,0.11069,0.107553,0.109775,0.118401,0.13401,0.156568,0.185374,0.219109,0.255996,0.294023,0.331213,0.365848,0.396646,0.422837,0.444151,0.460731,0.473004,0.481523,0.486838,0.489379,0.489379
0.490259,0.490259,0.487897,0.482944,0.47498,0.463463,0.447828,0.42762,0.402634,0.373047,0.339511,0.303172,0.265617,0.22872,0.19443,0.164527,0.140392,0.122846,0.112077,0.107674,0.108746,0.114095,0.122402,0.132396,0.142977,0.153275,0.162668,0.170758,0.177323,0.182263,0.185551,0.18719,0.18719,0.185551,0.182263,0.177323,0.170758,0.162668,0.153275,0.142977,0.132396,0.122402,0.114095,0.108746,0.107674,0.112077,0.122846,0.140392,0.164527,0.19443,0.22872,0.265617,0.303172,0.339511,0.373047,0.402634,0.42762,0.447828,0.463463,0.47498,0.482944,0.487897,0.490259,0.490259
0.491226,0.491226,0.489062,0.484517,0.477182,0.466523,0.451972,0.433046,0.409476,0.381341,0.349158,0.313923,0.277066,0.240332,0.205586,0.17459,0.14878,0.129095,0.11589,0.108944,0.107545,0.110646,0.117033,0.125487,0.134911,0.1444,0.153275,0.161068,0.167487,0.172374,0.175653,0.177296,0.177296,0.175653,0.172374,0.167487,0.161068,0.153275,0.1444,0.134911,0.125487,0.117033,0.110646,0.107545,0.108944,0.11589,0.129095,0.14878,0.17459,0.205586,0.240332,0.277066,0.313923,0.349158,0.381341,0.409476,0.433046,0.451972,0.466523,0.477182,0.484517,0.489062,0.491226,0.491226
0.49224,0.49224,0.490291,0.486184,0.47953,0.469809,0.456454,0.438958,0.416993,0.390537,0.359967,0.326112,0.290228,0.253904,0.218897,0.186926,0.159461,0.137551,0.12172,0.111943,0.107714,0.10816,0.112201,0.118697,0.126574,0.134911,0.142977,0.150239,0.156335,0.16104,0.164229,0.165835,0.165835,0.164229,0.16104,0.156335,0.150239,0.142977,0.134911,0.126574,0.118697,0.112201,0.10816,0.107714,0.111943,0.12172,0.137551,0.159461,0.186926,0.218897,0.253904,0.290228,0.326112,0.359967,0.390537,0.416993,0.438958,0.456454,0.469809,0.47953,0.486184,0.490291,0.49224,0.49224
0.493263,0.493263,0.491536,0.487887,0.481946,0.473215,0.461136,0.445186,0.424984,0.400412,0.371707,0.339522,0.304925,0.269329,0.234352,0.201641,0.172675,0.148592,0.13007,0.117289,0.109952,0.107389,0.108678,0.112788,0.118697,0.125487,0.132396,0.138833,0.144371,0.148722,0.151706,0.15322,0.15322,0.151706,0.148722,0.144371,0.138833,0.132396,0.125487,0.118697,0.112788,0.108678,0.107389,0.109952,0.117289,0.13007,0.148592,0.172675,0.201641,0.234352,0.269329,0.304925,0.339522,0.371707,0.400412,0.424984,0.445186,0.461136,0.473215,0.481946,0.487887,0.491536,0.493263,0.493263
0.494262,0.494262,0.492758,0.48957,0.484353,0.476637,0.46588,0.451554,0.433236,0.410721,0.384111,0.353886,0.320914,0.286415,0.251844,0.218746,0.188571,0.162518,0.141398,0.12558,0.114986,0.109155,0.107351,0.108678,0.112201,0.117033,0.122402,0.127678,0.132381,0.136166,0.138803,0.140154,0.140154,0.138803,0.136166,0.132381,0.127678,0.122402,0.117033,0.112201,0.108678,0.107351,0.109155,0.114986,0.12558,0.141398,0.162518,0.188571,0.218746,0.251844,0.286415,0.320914,0.353886,0.384111,0.410721,0.433236,0.451554,0.46588,0.476637,0.484353,0.48957,0.492758,0.494262,0.494262
0.495208,0.495208,0.493921,0.491185,0.486682,0.479977,0.470553,0.457888,0.441531,0.421203,0.396885,0.368887,0.337883,0.304883,0.271162,0.238127,0.207169,0.179505,0.15605,0.137337,0.123494,0.114279,0.109155,0.107389,0.10816,0.110646,0.114095,0.117863,0.121435,0.124424,0.126557,0.127664,0.127664,0.126557,0.124424,0.121435,0.117863,0.114095,0.110646,0.10816,0.107389,0.109155,0.114279,0.123494,0.137337,0.15605,0.179505,0.207169,0.238127,0.271162,0.304883,0.337883,0.368887,0.396885,0.421203,0.441531,0.457888,0.470553,0.479977,0.486682,0.491185,0.493921,0.495208,0.495208
0.496077,0.496077,0.494997,0.492691,0.488875,0.48315,0.475036,0.464026,0.449658,0.431596,0.409716,0.384176,0.355458,0.324366,0.291974,0.25953,0.228324,0.199554,0.174196,0.152917,0.136027,0.123494,0.114986,0.109952,0.107714,0.107545,0.108746,0.11069,0.11285,0.114815,0.116286,0.117069,0.117069,0.116286,0.114815,0.11285,0.11069,0.108746,0.107545,0.107714,0.109952,0.114986,0.123494,0.136027,0.152917,0.174196,0.199554,0.228324,0.25953,0.291974,0.324366,0.355458,0.384176,0.409716,0.431596,0.449658,0.464026,0.475036,0.48315,0.488875,0.492691,0.494997,0.496077,0.496077
0.496853,0.496853,0.495964,0.494058,0.490885,0.486087,0.479226,0.469825,0.457422,0.441647,0.422292,0.399382,0.373224,0.34442,0.31384,0.282549,0.25171,0.222458,0.195786,0.172451,0.152917,0.137337,0.12558,0.117289,0.111943,0.108944,0.107674,0.107553,0.108075,0.108827,0.109499,0.109886,0.109886,0.109499,0.108827,0.108075,0.107553,0.107674,0.108944,0.111943,0.117289,0.12558,0.137337,0.152917,0.172451,0.195786,0.222458,0.25171,0.282549,0.31384,0.34442,0.373224,0.399382,0.422292,0.441647,0.457422,0.469825,0.479226,0.486087,0.490885,0.494058,0.495964,0.496853,0.496853
0.497528,0.497528,0.496811,0.495266,0.492679,0.488735,0.483044,0.475166,0.464657,0.451131,0.434319,0.414139,0.390746,0.364553,0.336229,0.30665,0.276824,0.247787,0.220507,0.195786,0.174196,0.15605,0.141398,0.13007,0.12172,0.11589,0.112077,0.109775,0.108526,0.107942,0.107721,0.107662,0.107662,0.107721,0.107942,0.108526,0.109775,0.112077,0.11589,0.12172,0.13007,0.141398,0.15605,0.174196,0.195786,0.220507,0.247787,0.276824,0.30665,0.336229,0.364553,0.390746,0.414139,0.434319,0.451131,0.464657,0.475166,0.483044,0.488735,0.492679,0.495266,0.496811,0.497528,0.497528
0.4981,0.4981,0.497533,0.496307,0.49424,0.491063,0.486436,0.479963,0.471232,0.459858,0.445538,0.428107,0.407595,0.384251,0.358555,0.331195,0.303007,0.274905,0.247787,0.222458,0.199554,0.179505,0.162518,0.148592,0.137551,0.129095,0.122846,0.118401,0.115374,0.113424,0.112281,0.111757,0.111757,0.112281,0.113424,0.115374,0.118401,0.122846,0.129095,0.137551,0.148592,0.162518,0.179505,0.199554,0.222458,0.247787,0.274905,0.303007,0.331195,0.358555,0.384251,0.407595,0.428107,0.445538,0.459858,0.471232,0.479963,0.486436,0.491063,0.49424,0.496307,0.497533,0.4981,0.4981
0.498571,0.498571,0.498133,0.49718,0.495563,0.493058,0.489373,0.484164,0.477059,0.46769,0.455741,0.440995,0.423384,0.403022,0.380222,0.355492,0.329497,0.303007,0.276824,0.25171,0.228324,0.207169,0.188571,0.172675,0.159461,0.14878,0.140392,0.13401,0.129338,0.126102,0.124078,0.123107,0.123107,0.124078,0.126102,0.129338,0.13401,0.140392,0.14878,0.159461,0.172675,0.188571,0.207169,0.228324,0.25171,0.276824,0.303007,0.329497,0.355492,0.380222,0.403022,0.423384,0.440995,0.455741,0.46769,0.477059,0.484164,0.489373,0.493058,0.495563,0.49718,0.498133,0.498571,0.498571
0.498949,0.498949,0.498618,0.497894,0.496657,0.494723,0.491851,0.487749,0.48209,0.474538,0.464783,0.45258,0.437794,0.420433,0.400671,0.378857,0.355492,0.331195,0.30665,0.282549,0.25953,0.238127,0.218746,0.201641,0.186926,0.17459,0.164527,0.156568,0.150519,0.146184,0.143396,0.142034,0.142034,0.143396,0.146184,0.150519,0.156568,0.164527,0.17459,0.186926,0.201641,0.218746,0.238127,0.25953,0.282549,0.30665,0.331195,0.355492,0.378857,0.400671,0.420433,0.437794,0.45258,0.464783,0.474538,0.48209,0.487749,0.491851,0.494723,0.496657,0.497894,0.498618,0.498949,0.498949
0.499245,0.499245,0.499,0.498462,0.497537,0.496078,0.49389,0.490731,0.486324,0.480373,0.472588,0.462719,0.450592,0.43614,0.419429,0.400671,0.380222,0.358555,0.336229,0.31384,0.291974,0.271162,0.251844,0.234352,0.218897,0.205586,0.19443,0.185374,0.178322,0.173163,0.16979,0.168126,0.168126,0.16979,0.173163,0.178322,0.185374,0.19443,0.205586,0.218897,0.234352,0.251844,0.271162,0.291974,0.31384,0.336229,0.358555,0.380222,0.400671,0.419429,0.43614,0.450592,0.462719,0.472588,0.480373,0.486324,0.490731,0.49389,0.496078,0.497537,0.498462,0.499,0.499245,0.499245
0.49947,0.49947,0.499293,0.498903,0.498226,0.497151,0.495522,0.493146,0.489794,0.485213,0.479146,0.471354,0.461648,0.449914,0.43614,0.420433,0.403022,0.384251,0.364553,0.34442,0.324366,0.304883,0.286415,0.269329,0.253904,0.240332,0.22872,0.219109,0.211495,0.205842,0.202105,0.200248,0.200248,0.202105,0.205842,0.211495,0.219109,0.22872,0.240332,0.253904,0.269329,0.286415,0.304883,0.324366,0.34442,0.364553,0.384251,0.403022,0.420433,0.43614,0.449914,0.461648,0.471354,0.479146,0.485213,0.489794,0.493146,0.495522,0.497151,0.498226,0.498903,0.499293,0.49947,0.49947
0.499637,0.499637,0.499512,0.499236,0.498753,0.497979,0.496795,0.49505,0.492561,0.489119,0.484506,0.478506,0.470932,0.461648,0.450592,0.437794,0.423384,0.407595,0.390746,0.373224,0.355458,0.337883,0.320914,0.304925,0.290228,0.277066,0.265617,0.255996,0.248269,0.242469,0.238604,0.236672,0.236672,0.238604,0.242469,0.248269,0.255996,0.265617,0.277066,0.290228,0.304925,0.320914,0.337883,0.355458,0.373224,0.390746,0.407595,0.423384,0.437794,0.450592,0.461648,0.470932,0.478506,0.484506,0.489119,0.492561,0.49505,0.496795,0.497979,0.498753,0.499236,0.499512,0.499637,0.499637
0.499757,0.499757,0.499671,0.49948,0.499144,0.498601,0.497761,0.496511,0.494708,0.492187,0.488767,0.484264,0.478506,0.471354,0.462719,0.45258,0.440995,0.428107,0.414139,0.399382,0.384176,0.368887,0.353886,0.339522,0.326112,0.313923,0.303172,0.294023,0.286596,0.280971,0.277197,0.275304,0.275304,0.277197,0.280971,0.286596,0.294023,0.303172,0.313923,0.326112,0.339522,0.353886,0.368887,0.384176,0.399382,0.414139,0.428107,0.440995,0.45258,0.462719,0.471354,0.478506,0.484264,0.488767,0.492187,0.494708,0.496511,0.497761,0.498601,0.499144,0.49948,0.499671,0.499757,0.499757
0.499842,0.499842,0.499784,0.499655,0.499427,0.499055,0.498474,0.497601,0.496328,0.494528,0.492058,0.488767,0.484506,0.479146,0.472588,0.464783,0.455741,0.445538,0.434319,0.422292,0.409716,0.396885,0.384111,0.371707,0.359967,0.349158,0.339511,0.331213,0.324415,0.319228,0.315729,0.313968,0.313968,0.315729,0.319228,0.324415,0.331213,0.339511,0.349158,0.359967,0.371707,0.384111,0.396885,0.409716,0.422292,0.434319,0.445538,0.455741,0.464783,0.472588,0.479146,0.484506,0.488767,0.492058,0.494528,0.496328,0.497601,0.498474,0.499055,0.499427,0.499655,0.499784,0.499842,0.499842
0.499899,0.499899,0.499862,0.499777,0.499626,0.499378,0.498987,0.498392,0.497516,0.496265,0.494528,0.492187,0.489119,0.485213,0.480373,0.474538,0.46769,0.459858,0.451131,0.441647,0.431596,0.421203,0.410721,0.400412,0.390537,0.381341,0.373047,0.365848,0.359904,0.355339,0.352246,0.350685,0.350685,0.352246,0.355339,0.359904,0.365848,0.373047,0.381341,0.390537,0.400412,0.410721,0.421203,0.431596,0.441647,0.451131,0.459858,0.46769,0.474538,0.480373,0.485213,0.489119,0.492187,0.494528,0.496265,0.497516,0.498392,0.498987,0.499378,0.499626,0.499777,0.499862,0.499899,0.499899
0.499938,0.499938,0.499914,0.499859,0.499762,0.499601,0.499344,0.49895,0.498364,0.497516,0.496328,0.494708,0.492561,0.489794,0.486324,0.48209,0.477059,0.471232,0.464657,0.457422,0.449658,0.441531,0.433236,0.424984,0.416993,0.409476,0.402634,0.396646,0.391668,0.387824,0.385209,0.383885,0.383885,0.385209,0.387824,0.391668,0.396646,0.402634,0.409476,0.416993,0.424984,0.433236,0.441531,0.449658,0.457422,0.464657,0.471232,0.477059,0.48209,0.486324,0.489794,0.492561,0.494708,0.496328,0.497516,0.498364,0.49895,0.499344,0.499601,0.499762,0.499859,0.499914,0.499938,0.499938
0.499962,0.499962,0.499947,0.499914,0.499853,0.49975,0.499586,0.499332,0.49895,0.498392,0.497601,0.496511,0.49505,0.493146,0.490731,0.487749,0.484164,0.479963,0.475166,0.469825,0.464026,0.457888,0.451554,0.445186,0.438958,0.433046,0.42762,0.422837,0.418836,0.415731,0.413611,0.412536,0.412536,0.413611,0.415731,0.418836,0.422837,0.42762,0.433046,0.438958,0.445186,0.451554,0.457888,0.464026,0.469825,0.475166,0.479963,0.484164,0.487749,0.490731,0.493146,0.49505,0.496511,0.497601,0.498392,0.49895,0.499332,0.499586,0.49975,0.499853,0.499914,0.499947,0.499962,0.499962
0.499978,0.499978,0.499969,0.499948,0.499911,0.499848,0.499746,0.499586,0.499344,0.498987,0.498474,0.497761,0.496795,0.495522,0.49389,0.491851,0.489373,0.486436,0.483044,0.479226,0.475036,0.470553,0.46588,0.461136,0.456454,0.451972,0.447828,0.444151,0.441057,0.438646,0.436994,0.436155,0.436155,0.436994,0.438646,0.441057,0.444151,0.447828,0.451972,0.456454,0.461136,0.46588,0.470553,0.475036,0.479226,0.483044,0.486436,0.489373,0.491851,0.49389,0.495522,0.496795,0.497761,0.498474,0.498987,0.499344,0.499586,0.499746,0.499848,0.499911,0.499948,0.499969,0.499978,0.499978
0.499987,0.499987,0.499982,0.49997,0.499948,0.49991,0.499848,0.49975,0.499601,0.499378,0.499055,0.498601,0.497979,0.497151,0.496078,0.494723,0.493058,0.491063,0.488735,0.486087,0.48315,0.479977,0.476637,0.473215,0.469809,0.466523,0.463463,0.460731,0.458421,0.456613,0.455371,0.454739,0.454739,0.455371,0.456613,0.458421,0.460731,0.463463,0.466523,0.469809,0.473215,0.476637,0.479977,0.48315,0.486087,0.488735,0.491063,0.493058,0.494723,0.496078,0.497151,0.497979,0.498601,0.499055,0.499378,0.499601,0.49975,0.499848,0.49991,0.499948,0.49997,0.499982,0.499987,0.499987
0.499993,0.499993,0.49999,0.499983,0.49997,0.499948,0.499911,0.499853,0.499762,0.499626,0.499427,0.499144,0.498753,0.498226,0.497537,0.496657,0.495563,0.49424,0.492679,0.490885,0.488875,0.486682,0.484353,0.481946,0.47953,0.477182,0.47498,0.473004,0.471324,0.470004,0.469094,0.468631,0.468631,0.469094,0.470004,0.471324,0.473004,0.47498,0.477182,0.47953,0.481946,0.484353,0.486682,0.488875,0.490885,0.492679,0.49424,0.495563,0.496657,0.497537,0.498226,0.498753,0.499144,0.499427,0.499626,0.499762,0.499853,0.499911,0.499948,0.49997,0.499983,0.49999,0.499993,0.499993
0.499996,0.499996,0.499994,0.49999,0.499983,0.49997,0.499948,0.499914,0.499859,0.499777,0.499655,0.49948,0.499236,0.498903,0.498462,0.497894,0.49718,0.496307,0.495266,0.494058,0.492691,0.491185,0.48957,0.487887,0.486184,0.484517,0.482944,0.481523,0.48031,0.479353,0.478692,0.478355,0.478355,0.478692,0.479353,0.48031,0.481523,0.482944,0.484517,0.486184,0.487887,0.48957,0.491185,0.492691,0.494058,0.495266,0.496307,0.49718,0.497894,0.498462,0.498903,0.499236,0.49948,0.499655,0.499777,0.499859,0.499914,0.499948,0.49997,0.499983,0.49999,0.499994,0.499996,0.499996
0.499998,0.499998,0.499997,0.499994,0.49999,0.499982,0.499969,0.499947,0.499914,0.499862,0.499784,0.499671,0.499512,0.499293,0.499,0.498618,0.498133,0.497533,0.496811,0.495964,0.494997,0.493921,0.492758,0.491536,0.490291,0.489062,0.487897,0.486838,0.48593,0.485212,0.484715,0.48446,0.48446,0.484715,0.485212,0.48593,0.486838,0.487897,0.489062,0.490291,0.491536,0.492758,0.493921,0.494997,0.495964,0.496811,0.497533,0.498133,0.498618,0.499,0.499293,0.499512,0.499671,0.499784,0.499862,0.499914,0.499947,0.499969,0.499982,0.49999,0.499994,0.499997,0.499998,0.499998
0.499998,0.499998,0.499998,0.499996,0.499993,0.499987,0.499978,0.499962,0.499938,0.499899,0.499842,0.499757,0.499637,0.49947,0.499245,0.498949,0.498571,0.4981,0.497528,0.496853,0.496077,0.495208,0.494262,0.493263,0.49224,0.491226,0.490259,0.489379,0.488621,0.488021,0.487604,0.48739,0.48739,0.487604,0.488021,0.488621,0.489379,0.490259,0.491226,0.49224,0.493263,0.494262,0.495208,0.496077,0.496853,0.497528,0.4981,0.498571,0.498949,0.499245,0.49947,0.499637,0.499757,0.499842,0.499899,0.499938,0.499962,0.499978,0.499987,0.499993,0.499996,0.499998,0.499998,0.499998
0.499998,0.499998,0.499998,0.499996,0.499993,0.499987,0.499978,0.499962,0.499938,0.499899,0.499842,0.499757,0.499637,0.49947,0.499245,0.498949,0.498571,0.4981,0.497528,0.496853,0.496077,0.495208,0.494262,0.493263,0.49224,0.491226,0.490259,0.489379,0.488621,0.488021,0.487604,0.48739,0.48739,0.487604,0.488021,0.488621,0.489379,0.490259,0.491226,0.49224,0.493263,0.494262,0.495208,0.496077,0.496853,0.497528,0.4981,0.498571,0.498949,0.499245,0.49947,0.499637,0.499757,0.499842,0.499899,0.499938,0.499962,0.499978,0.499987,0.499993,0.499996,0.499998,0.499998,0.499998
