0.463137,0.464497,0.464374,0.464126,0.463748,0.463232,0.462567,0.46174,0.460732,0.459521,0.458081,0.456383,0.454399,0.452105,0.449484,0.446538,0.443292,0.439803,0.436168,0.432519,0.429022,0.425862,0.42322,0.421248,0.42004,0.419613,0.419891,0.420709,0.421835,0.423001,0.42395,0.424481,0.424481,0.42395,0.423001,0.421835,0.420709,0.419891,0.419613,0.42004,0.421248,0.42322,0.425862,0.429022,0.432519,0.436168,0.439803,0.443292,0.446538,0.449484,0.452105,0.454399,0.456383,0.458081,0.459521,0.460732,0.46174,0.462567,0.463232,0.463748,0.464126,0.464374,0.464497,0.464497
0.464497,0.464497,0.464374,0.464126,0.463748,0.463232,0.462567,0.46174,0.460732,0.459521,0.458081,0.456383,0.454399,0.452105,0.449484,0.446538,0.443292,0.439803,0.436168,0.432519,0.429022,0.425862,0.42322,0.421248,0.42004,0.419613,0.419891,0.420709,0.421835,0.423001,0.42395,0.424481,0.424481,0.42395,0.423001,0.421835,0.420709,0.419891,0.419613,0.42004,0.421248,0.42322,0.425862,0.429022,0.432519,0.436168,0.439803,0.443292,0.446538,0.449484,0.452105,0.454399,0.456383,0.458081,0.459521,0.460732,0.46174,0.462567,0.463232,0.463748,0.464126,0.464374,0.464497,0.464497
0.464374,0.464374,0.46425,0.463999,0.463616,0.463094,0.462422,0.461585,0.460565,0.459341,0.457888,0.456178,0.454185,0.451887,0.449272,0.446342,0.443127,0.439686,0.436112,0.432536,0.429118,0.426035,0.42346,0.421534,0.420348,0.419914,0.420157,0.42092,0.421979,0.42308,0.423977,0.424479,0.424479,0.423977,0.42308,0.421979,0.42092,0.420157,0.419914,0.420348,0.421534,0.42346,0.426035,0.429118,0.432536,0.436112,0.439686,0.443127,0.446342,0.449272,0.451887,0.454185,0.456178,0.457888,0.459341,0.460565,0.461585,0.462422,0.463094,0.463616,0.463999,0.46425,0.464374,0.464374
0.464126,0.464126,0.463999,0.463742,0.46335,0.462816,0.462127,0.461271,0.460229,0.45898,0.457501,0.455768,0.453759,0.451457,0.448854,0.445961,0.44281,0.439462,0.436011,0.43258,0.429318,0.426386,0.423939,0.422105,0.420958,0.420507,0.420681,0.421332,0.42226,0.423232,0.424028,0.424473,0.424473,0.424028,0.423232,0.42226,0.421332,0.420681,0.420507,0.420958,0.422105,0.423939,0.426386,0.429318,0.43258,0.436011,0.439462,0.44281,0.445961,0.448854,0.451457,0.453759,0.455768,0.457501,0.45898,0.460229,0.461271,0.462127,0.462816,0.46335,0.463742,0.463999,0.464126,0.464126
0.463748,0.463748,0.463616,0.46335,0.462945,0.462391,0.461679,0.460793,0.459718,0.458433,0.456919,0.455156,0.453127,0.450823,0.448245,0.445411,0.442361,0.439157,0.435889,0.432671,0.429636,0.426922,0.424659,0.422951,0.421856,0.421375,0.421442,0.421929,0.422663,0.423447,0.424094,0.424458,0.424458,0.424094,0.423447,0.422663,0.421929,0.421442,0.421375,0.421856,0.422951,0.424659,0.426922,0.429636,0.432671,0.435889,0.439157,0.442361,0.445411,0.448245,0.450823,0.453127,0.455156,0.456919,0.458433,0.459718,0.460793,0.461679,0.462391,0.462945,0.46335,0.463616,0.463748,0.463748
0.463232,0.463232,0.463094,0.462816,0.462391,0.461813,0.461068,0.460145,0.459026,0.457697,0.456141,0.454343,0.452296,0.45,0.447466,0.444721,0.441812,0.438802,0.435777,0.432837,0.430092,0.427652,0.425616,0.42406,0.423021,0.422492,0.422415,0.422686,0.423168,0.423709,0.424166,0.424424,0.424424,0.424166,0.423709,0.423168,0.422686,0.422415,0.422492,0.423021,0.42406,0.425616,0.427652,0.430092,0.432837,0.435777,0.438802,0.441812,0.444721,0.447466,0.45,0.452296,0.454343,0.456141,0.457697,0.459026,0.460145,0.461068,0.461813,0.462391,0.462816,0.463094,0.463232,0.463232
0.462567,0.462567,0.462422,0.462127,0.461679,0.461068,0.460284,0.459315,0.458147,0.456768,0.455166,0.453338,0.451282,0.449011,0.446547,0.443928,0.441204,0.438442,0.435717,0.433111,0.430708,0.428585,0.426807,0.425415,0.424426,0.423824,0.423564,0.42357,0.423749,0.424,0.424229,0.424364,0.424364,0.424229,0.424,0.423749,0.42357,0.423564,0.423824,0.424426,0.425415,0.426807,0.428585,0.430708,0.433111,0.435717,0.438442,0.441204,0.443928,0.446547,0.449011,0.451282,0.453338,0.455166,0.456768,0.458147,0.459315,0.460284,0.461068,0.461679,0.462127,0.462422,0.462567,0.462567
0.46174,0.46174,0.461585,0.461271,0.460793,0.460145,0.459315,0.458294,0.457072,0.455642,0.454001,0.452151,0.450104,0.447885,0.445527,0.443076,0.440588,0.438125,0.435751,0.433526,0.431505,0.429727,0.428219,0.42699,0.426034,0.425331,0.424848,0.424545,0.424377,0.424299,0.424272,0.424266,0.424266,0.424272,0.424299,0.424377,0.424545,0.424848,0.425331,0.426034,0.42699,0.428219,0.429727,0.431505,0.433526,0.435751,0.438125,0.440588,0.443076,0.445527,0.447885,0.450104,0.452151,0.454001,0.455642,0.457072,0.458294,0.459315,0.460145,0.460793,0.461271,0.461585,0.46174,0.46174
0.460732,0.460732,0.460565,0.460229,0.459718,0.459026,0.458147,0.457072,0.455798,0.454323,0.452653,0.450801,0.448793,0.446661,0.444452,0.442219,0.440017,0.437903,0.435924,0.434117,0.432501,0.431078,0.429837,0.428754,0.427804,0.426965,0.426221,0.42557,0.425018,0.424581,0.424277,0.42412,0.42412,0.424277,0.424581,0.425018,0.42557,0.426221,0.426965,0.427804,0.428754,0.429837,0.431078,0.432501,0.434117,0.435924,0.437903,0.440017,0.442219,0.444452,0.446661,0.448793,0.450801,0.452653,0.454323,0.455798,0.457072,0.458147,0.459026,0.459718,0.460229,0.460565,0.460732,0.460732
0.459521,0.459521,0.459341,0.45898,0.458433,0.457697,0.456768,0.455642,0.454323,0.452817,0.45114,0.449317,0.447384,0.445387,0.443378,0.441414,0.439549,0.437827,0.436278,0.434909,0.433704,0.432629,0.431633,0.430666,0.429687,0.428673,0.427633,0.426601,0.42564,0.424825,0.42423,0.423915,0.423915,0.42423,0.424825,0.42564,0.426601,0.427633,0.428673,0.429687,0.430666,0.431633,0.432629,0.433704,0.434909,0.436278,0.437827,0.439549,0.441414,0.443378,0.445387,0.447384,0.449317,0.45114,0.452817,0.454323,0.455642,0.456768,0.457697,0.458433,0.45898,0.459341,0.459521,0.459521
0.458081,0.458081,0.457888,0.457501,0.456919,0.456141,0.455166,0.454001,0.452653,0.45114,0.449489,0.447736,0.445927,0.444117,0.442363,0.440721,0.439239,0.437946,0.436847,0.43592,0.435114,0.434358,0.433572,0.432679,0.431627,0.430401,0.429031,0.427596,0.426209,0.425005,0.424115,0.423641,0.423641,0.424115,0.425005,0.426209,0.427596,0.429031,0.430401,0.431627,0.432679,0.433572,0.434358,0.435114,0.43592,0.436847,0.437946,0.439239,0.440721,0.442363,0.444117,0.445927,0.447736,0.449489,0.45114,0.452653,0.454001,0.455166,0.456141,0.456919,0.457501,0.457888,0.458081,0.458081
0.456383,0.456383,0.456178,0.455768,0.455156,0.454343,0.453338,0.452151,0.450801,0.449317,0.447736,0.446104,0.444475,0.442911,0.441469,0.4402,0.439139,0.438296,0.43765,0.43715,0.436712,0.436233,0.435605,0.434735,0.433564,0.432087,0.430362,0.428508,0.42669,0.425098,0.423915,0.423284,0.423284,0.423915,0.425098,0.42669,0.428508,0.430362,0.432087,0.433564,0.434735,0.435605,0.436233,0.436712,0.43715,0.43765,0.438296,0.439139,0.4402,0.441469,0.442911,0.444475,0.446104,0.447736,0.449317,0.450801,0.452151,0.453338,0.454343,0.455156,0.455768,0.456178,0.456383,0.456383
0.454399,0.454399,0.454185,0.453759,0.453127,0.452296,0.451282,0.450104,0.448793,0.447384,0.445927,0.444475,0.44309,0.441831,0.440754,0.439899,0.439284,0.438897,0.438691,0.438586,0.438467,0.438207,0.437676,0.43677,0.435432,0.433671,0.431572,0.429293,0.427048,0.425079,0.423614,0.422832,0.422832,0.423614,0.425079,0.427048,0.429293,0.431572,0.433671,0.435432,0.43677,0.437676,0.438207,0.438467,0.438586,0.438691,0.438897,0.439284,0.439899,0.440754,0.441831,0.44309,0.444475,0.445927,0.447384,0.448793,0.450104,0.451282,0.452296,0.453127,0.453759,0.454185,0.454399,0.454399
0.452105,0.452105,0.451887,0.451457,0.450823,0.45,0.449011,0.447885,0.446661,0.445387,0.444117,0.442911,0.441831,0.440935,0.440267,0.439854,0.439694,0.439751,0.439952,0.440189,0.440327,0.440216,0.439714,0.438714,0.437164,0.43509,0.432605,0.429905,0.427248,0.424919,0.423188,0.422264,0.422264,0.423188,0.424919,0.427248,0.429905,0.432605,0.43509,0.437164,0.438714,0.439714,0.440216,0.440327,0.440189,0.439952,0.439751,0.439694,0.439854,0.440267,0.440935,0.441831,0.442911,0.444117,0.445387,0.446661,0.447885,0.449011,0.45,0.450823,0.451457,0.451887,0.452105,0.452105
0.449484,0.449484,0.449272,0.448854,0.448245,0.447466,0.446547,0.445527,0.444452,0.443378,0.442363,0.441469,0.440754,0.440267,0.44004,0.44008,0.440364,0.440833,0.441389,0.441903,0.442222,0.442183,0.44164,0.440488,0.438685,0.436277,0.433404,0.430297,0.42725,0.424586,0.42261,0.421557,0.421557,0.42261,0.424586,0.42725,0.430297,0.433404,0.436277,0.438685,0.440488,0.44164,0.442183,0.442222,0.441903,0.441389,0.440833,0.440364,0.44008,0.44004,0.440267,0.440754,0.441469,0.442363,0.443378,0.444452,0.445527,0.446547,0.447466,0.448245,0.448854,0.449272,0.449484,0.449484
0.446538,0.446538,0.446342,0.445961,0.445411,0.444721,0.443928,0.443076,0.442219,0.441414,0.440721,0.4402,0.439899,0.439854,0.44008,0.440565,0.441262,0.44209,0.442933,0.443646,0.444062,0.444017,0.443365,0.442007,0.439918,0.437164,0.43391,0.430416,0.427008,0.42404,0.421843,0.420675,0.420675,0.421843,0.42404,0.427008,0.430416,0.43391,0.437164,0.439918,0.442007,0.443365,0.444017,0.444062,0.443646,0.442933,0.44209,0.441262,0.440565,0.44008,0.439854,0.439899,0.4402,0.440721,0.441414,0.442219,0.443076,0.443928,0.444721,0.445411,0.445961,0.446342,0.446538,0.446538
0.443292,0.443292,0.443127,0.44281,0.442361,0.441812,0.441204,0.440588,0.440017,0.439549,0.439239,0.439139,0.439284,0.439694,0.440364,0.441262,0.44232,0.443439,0.444489,0.445313,0.445743,0.445614,0.444788,0.443181,0.440783,0.437679,0.434059,0.430205,0.42647,0.423231,0.420841,0.419571,0.419571,0.420841,0.423231,0.42647,0.430205,0.434059,0.437679,0.440783,0.443181,0.444788,0.445614,0.445743,0.445313,0.444489,0.443439,0.44232,0.441262,0.440364,0.439694,0.439284,0.439139,0.439239,0.439549,0.440017,0.440588,0.441204,0.441812,0.442361,0.44281,0.443127,0.443292,0.443292
0.439803,0.439803,0.439686,0.439462,0.439157,0.438802,0.438442,0.438125,0.437903,0.437827,0.437946,0.438296,0.438897,0.439751,0.440833,0.44209,0.443439,0.444767,0.445934,0.446781,0.447141,0.446857,0.445806,0.443915,0.441194,0.437746,0.43378,0.429599,0.425574,0.422099,0.419543,0.418188,0.418188,0.419543,0.422099,0.425574,0.429599,0.43378,0.437746,0.441194,0.443915,0.445806,0.446857,0.447141,0.446781,0.445934,0.444767,0.443439,0.44209,0.440833,0.439751,0.438897,0.438296,0.437946,0.437827,0.437903,0.438125,0.438442,0.438802,0.439157,0.439462,0.439686,0.439803,0.439803
0.436168,0.436168,0.436112,0.436011,0.435889,0.435777,0.435717,0.435751,0.435924,0.436278,0.436847,0.43765,0.438691,0.439952,0.441389,0.442933,0.444489,0.445934,0.447126,0.447909,0.448124,0.447626,0.446306,0.44411,0.441062,0.437283,0.432999,0.428526,0.424249,0.420575,0.417879,0.416453,0.416453,0.417879,0.420575,0.424249,0.428526,0.432999,0.437283,0.441062,0.44411,0.446306,0.447626,0.448124,0.447909,0.447126,0.445934,0.444489,0.442933,0.441389,0.439952,0.438691,0.43765,0.436847,0.436278,0.435924,0.435751,0.435717,0.435777,0.435889,0.436011,0.436112,0.436168,0.436168
0.432519,0.432519,0.432536,0.43258,0.432671,0.432837,0.433111,0.433526,0.434117,0.434909,0.43592,0.43715,0.438586,0.440189,0.441903,0.443646,0.445313,0.446781,0.447909,0.448549,0.448555,0.447796,0.446178,0.443665,0.440297,0.436209,0.431638,0.42691,0.422419,0.418579,0.41577,0.414285,0.414285,0.41577,0.418579,0.422419,0.42691,0.431638,0.436209,0.440297,0.443665,0.446178,0.447796,0.448555,0.448549,0.447909,0.446781,0.445313,0.443646,0.441903,0.440189,0.438586,0.43715,0.43592,0.434909,0.434117,0.433526,0.433111,0.432837,0.432671,0.43258,0.432536,0.432519,0.432519
0.429022,0.429022,0.429118,0.429318,0.429636,0.430092,0.430708,0.431505,0.432501,0.433704,0.435114,0.436712,0.438467,0.440327,0.442222,0.444062,0.445743,0.447141,0.448124,0.448555,0.448301,0.447248,0.445318,0.44249,0.438817,0.434445,0.429621,0.424676,0.420008,0.416034,0.413134,0.411605,0.411605,0.413134,0.416034,0.420008,0.424676,0.429621,0.434445,0.438817,0.44249,0.445318,0.447248,0.448301,0.448555,0.448124,0.447141,0.445743,0.444062,0.442222,0.440327,0.438467,0.436712,0.435114,0.433704,0.432501,0.431505,0.430708,0.430092,0.429636,0.429318,0.429118,0.429022,0.429022
0.425862,0.425862,0.426035,0.426386,0.426922,0.427652,0.428585,0.429727,0.431078,0.432629,0.434358,0.436233,0.438207,0.440216,0.442183,0.444017,0.445614,0.446857,0.447626,0.447796,0.447248,0.445884,0.443641,0.440509,0.436554,0.43193,0.426887,0.421763,0.416952,0.412873,0.409905,0.408342,0.408342,0.409905,0.412873,0.416952,0.421763,0.426887,0.43193,0.436554,0.440509,0.443641,0.445884,0.447248,0.447796,0.447626,0.446857,0.445614,0.444017,0.442183,0.440216,0.438207,0.436233,0.434358,0.432629,0.431078,0.429727,0.428585,0.427652,0.426922,0.426386,0.426035,0.425862,0.425862
0.42322,0.42322,0.42346,0.423939,0.424659,0.425616,0.426807,0.428219,0.429837,0.431633,0.433572,0.435605,0.437676,0.439714,0.44164,0.443365,0.444788,0.445806,0.446306,0.446178,0.445318,0.443641,0.441094,0.43768,0.433472,0.42863,0.423405,0.418136,0.413215,0.409057,0.40604,0.404452,0.404452,0.40604,0.409057,0.413215,0.418136,0.423405,0.42863,0.433472,0.43768,0.441094,0.443641,0.445318,0.446178,0.446306,0.445806,0.444788,0.443365,0.44164,0.439714,0.437676,0.435605,0.433572,0.431633,0.429837,0.428219,0.426807,0.425616,0.424659,0.423939,0.42346,0.42322,0.42322
0.421248,0.421248,0.421534,0.422105,0.422951,0.42406,0.425415,0.42699,0.428754,0.430666,0.432679,0.434735,0.43677,0.438714,0.440488,0.442007,0.443181,0.443915,0.44411,0.443665,0.44249,0.440509,0.43768,0.434013,0.429585,0.42456,0.419189,0.413808,0.408807,0.404594,0.401543,0.39994,0.39994,0.401543,0.404594,0.408807,0.413808,0.419189,0.42456,0.429585,0.434013,0.43768,0.440509,0.44249,0.443665,0.44411,0.443915,0.443181,0.442007,0.440488,0.438714,0.43677,0.434735,0.432679,0.430666,0.428754,0.42699,0.425415,0.42406,0.422951,0.422105,0.421534,0.421248,0.421248
0.42004,0.42004,0.420348,0.420958,0.421856,0.423021,0.424426,0.426034,0.427804,0.429687,0.431627,0.433564,0.435432,0.437164,0.438685,0.439918,0.440783,0.441194,0.441062,0.440297,0.438817,0.436554,0.433472,0.429585,0.424974,0.419802,0.414319,0.408856,0.4038,0.399553,0.396482,0.394871,0.394871,0.396482,0.399553,0.4038,0.408856,0.414319,0.419802,0.424974,0.429585,0.433472,0.436554,0.438817,0.440297,0.441062,0.441194,0.440783,0.439918,0.438685,0.437164,0.435432,0.433564,0.431627,0.429687,0.427804,0.426034,0.424426,0.423021,0.421856,0.420958,0.420348,0.42004,0.42004
0.419613,0.419613,0.419914,0.420507,0.421375,0.422492,0.423824,0.425331,0.426965,0.428673,0.430401,0.432087,0.433671,0.43509,0.436277,0.437164,0.437679,0.437746,0.437283,0.436209,0.434445,0.43193,0.42863,0.42456,0.419802,0.414517,0.408952,0.403436,0.398347,0.394083,0.391005,0.389391,0.389391,0.391005,0.394083,0.398347,0.403436,0.408952,0.414517,0.419802,0.42456,0.42863,0.43193,0.434445,0.436209,0.437283,0.437746,0.437679,0.437164,0.436277,0.43509,0.433671,0.432087,0.430401,0.428673,0.426965,0.425331,0.423824,0.422492,0.421375,0.420507,0.419914,0.419613,0.419613
0.419891,0.419891,0.420157,0.420681,0.421442,0.422415,0.423564,0.424848,0.426221,0.427633,0.429031,0.430362,0.431572,0.432605,0.433404,0.43391,0.434059,0.43378,0.432999,0.431638,0.429621,0.426887,0.423405,0.419189,0.414319,0.408952,0.403335,0.397787,0.392685,0.388417,0.385341,0.383729,0.383729,0.385341,0.388417,0.392685,0.397787,0.403335,0.408952,0.414319,0.419189,0.423405,0.426887,0.429621,0.431638,0.432999,0.43378,0.434059,0.43391,0.433404,0.432605,0.431572,0.430362,0.429031,0.427633,0.426221,0.424848,0.423564,0.422415,0.421442,0.420681,0.420157,0.419891,0.419891
0.420709,0.420709,0.42092,0.421332,0.421929,0.422686,0.42357,0.424545,0.42557,0.426601,0.427596,0.428508,0.429293,0.429905,0.430297,0.430416,0.430205,0.429599,0.428526,0.42691,0.424676,0.421763,0.418136,0.413808,0.408856,0.403436,0.397787,0.392227,0.387124,0.382864,0.379795,0.378188,0.378188,0.379795,0.382864,0.387124,0.392227,0.397787,0.403436,0.408856,0.413808,0.418136,0.421763,0.424676,0.42691,0.428526,0.429599,0.430205,0.430416,0.430297,0.429905,0.429293,0.428508,0.427596,0.426601,0.42557,0.424545,0.42357,0.422686,0.421929,0.421332,0.42092,0.420709,0.420709
0.421835,0.421835,0.421979,0.42226,0.422663,0.423168,0.423749,0.424377,0.425018,0.42564,0.426209,0.42669,0.427048,0.427248,0.42725,0.427008,0.42647,0.425574,0.424249,0.422419,0.420008,0.416952,0.413215,0.408807,0.4038,0.398347,0.392685,0.387124,0.382031,0.377782,0.374725,0.373125,0.373125,0.374725,0.377782,0.382031,0.387124,0.392685,0.398347,0.4038,0.408807,0.413215,0.416952,0.420008,0.422419,0.424249,0.425574,0.42647,0.427008,0.42725,0.427248,0.427048,0.42669,0.426209,0.42564,0.425018,0.424377,0.423749,0.423168,0.422663,0.42226,0.421979,0.421835,0.421835
0.423001,0.423001,0.42308,0.423232,0.423447,0.423709,0.424,0.424299,0.424581,0.424825,0.425005,0.425098,0.425079,0.424919,0.424586,0.42404,0.423231,0.422099,0.420575,0.418579,0.416034,0.412873,0.409057,0.404594,0.399553,0.394083,0.388417,0.382864,0.377782,0.373547,0.370502,0.368909,0.368909,0.370502,0.373547,0.377782,0.382864,0.388417,0.394083,0.399553,0.404594,0.409057,0.412873,0.416034,0.418579,0.420575,0.422099,0.423231,0.42404,0.424586,0.424919,0.425079,0.425098,0.425005,0.424825,0.424581,0.424299,0.424,0.423709,0.423447,0.423232,0.42308,0.423001,0.423001
0.42395,0.42395,0.423977,0.424028,0.424094,0.424166,0.424229,0.424272,0.424277,0.42423,0.424115,0.423915,0.423614,0.423188,0.42261,0.421843,0.420841,0.419543,0.417879,0.41577,0.413134,0.409905,0.40604,0.401543,0.396482,0.391005,0.385341,0.379795,0.374725,0.370502,0.367467,0.365878,0.365878,0.367467,0.370502,0.374725,0.379795,0.385341,0.391005,0.396482,0.401543,0.40604,0.409905,0.413134,0.41577,0.417879,0.419543,0.420841,0.421843,0.42261,0.423188,0.423614,0.423915,0.424115,0.42423,0.424277,0.424272,0.424229,0.424166,0.424094,0.424028,0.423977,0.42395,0.42395
0.424481,0.424481,0.424479,0.424473,0.424458,0.424424,0.424364,0.424266,0.42412,0.423915,0.423641,0.423284,0.422832,0.422264,0.421557,0.420675,0.419571,0.418188,0.416453,0.414285,0.411605,0.408342,0.404452,0.39994,0.394871,0.389391,0.383729,0.378188,0.373125,0.368909,0.365878,0.364293,0.364293,0.365878,0.368909,0.373125,0.378188,0.383729,0.389391,0.394871,0.39994,0.404452,0.408342,0.411605,0.414285,0.416453,0.418188,0.419571,0.420675,0.421557,0.422264,0.422832,0.423284,0.423641,0.423915,0.42412,0.424266,0.424364,0.424424,0.424458,0.424473,0.424479,0.424481,0.424481
0.424481,0.424481,0.424479,0.424473,0.424458,0.424424,0.424364,0.424266,0.42412,0.423915,0.423641,0.423284,0.422832,0.422264,0.421557,0.420675,0.419571,0.418188,0.416453,0.414285,0.411605,0.408342,0.404452,0.39994,0.394871,0.389391,0.383729,0.378188,0.373125,0.368909,0.365878,0.364293,0.364293,0.365878,0.368909,0.373125,0.378188,0.383729,0.389391,0.394871,0.39994,0.404452,0.408342,0.411605,0.414285,0.416453,0.418188,0.419571,0.420675,0.421557,0.422264,0.422832,0.423284,0.423641,0.423915,0.42412,0.424266,0.424364,0.424424,0.424458,0.424473,0.424479,0.424481,0.424481
0.42395,0.42395,0.423977,0.424028,0.424094,0.424166,0.424229,0.424272,0.424277,0.42423,0.424115,0.423915,0.423614,0.423188,0.42261,0.421843,0.420841,0.419543,0.417879,0.41577,0.413134,0.409905,0.40604,0.401543,0.396482,0.391005,0.385341,0.379795,0.374725,0.370502,0.367467,0.365878,0.365878,0.367467,0.370502,0.374725,0.379795,0.385341,0.391005,0.396482,0.401543,0.40604,0.409905,0.413134,0.41577,0.417879,0.419543,0.420841,0.421843,0.42261,0.423188,0.423614,0.423915,0.424115,0.42423,0.424277,0.424272,0.424229,0.424166,0.424094,0.424028,0.423977,0.42395,0.42395
0.423001,0.423001,0.42308,0.423232,0.423447,0.423709,0.424,0.424299,0.424581,0.424825,0.425005,0.425098,0.425079,0.424919,0.424586,0.42404,0.423231,0.422099,0.420575,0.418579,0.416034,0.412873,0.409057,0.404594,0.399553,0.394083,0.388417,0.382864,0.377782,0.373547,0.370502,0.368909,0.368909,0.370502,0.373547,0.377782,0.382864,0.388417,0.394083,0.399553,0.404594,0.409057,0.412873,0.416034,0.418579,0.420575,0.422099,0.423231,0.42404,0.424586,0.424919,0.425079,0.425098,0.425005,0.424825,0.424581,0.424299,0.424,0.423709,0.423447,0.423232,0.42308,0.423001,0.423001
0.421835,0.421835,0.421979,0.42226,0.422663,0.423168,0.423749,0.424377,0.425018,0.42564,0.426209,0.42669,0.427048,0.427248,0.42725,0.427008,0.42647,0.425574,0.424249,0.422419,0.420008,0.416952,0.413215,0.408807,0.4038,0.398347,0.392685,0.387124,0.382031,0.377782,0.374725,0.373125,0.373125,0.374725,0.377782,0.382031,0.387124,0.392685,0.398347,0.4038,0.408807,0.413215,0.416952,0.420008,0.422419,0.424249,0.425574,0.42647,0.427008,0.42725,0.427248,0.427048,0.42669,0.426209,0.42564,0.425018,0.424377,0.423749,0.423168,0.422663,0.42226,0.421979,0.421835,0.421835
0.420709,0.420709,0.42092,0.421332,0.421929,0.422686,0.42357,0.424545,0.42557,0.426601,0.427596,0.428508,0.429293,0.429905,0.430297,0.430416,0.430205,0.429599,0.428526,0.42691,0.424676,0.421763,0.418136,0.413808,0.408856,0.403436,0.397787,0.392227,0.387124,0.382864,0.379795,0.378188,0.378188,0.379795,0.382864,0.387124,0.392227,0.397787,0.403436,0.408856,0.413808,0.418136,0.421763,0.424676,0.42691,0.428526,0.429599,0.430205,0.430416,0.430297,0.429905,0.429293,0.428508,0.427596,0.426601,0.42557,0.424545,0.42357,0.422686,0.421929,0.421332,0.42092,0.420709,0.420709
0.419891,0.419891,0.420157,0.420681,0.421442,0.422415,0.423564,0.424848,0.426221,0.427633,0.429031,0.430362,0.431572,0.432605,0.433404,0.43391,0.434059,0.43378,0.432999,0.431638,0.429621,0.426887,0.423405,0.419189,0.414319,0.408952,0.403335,0.397787,0.392685,0.388417,0.385341,0.383729,0.383729,0.385341,0.388417,0.392685,0.397787,0.403335,0.408952,0.414319,0.419189,0.423405,0.426887,0.429621,0.431638,0.432999,0.43378,0.434059,0.43391,0.433404,0.432605,0.431572,0.430362,0.429031,0.427633,0.426221,0.424848,0.423564,0.422415,0.421442,0.420681,0.420157,0.419891,0.419891
0.419613,0.419613,0.419914,0.420507,0.421375,0.422492,0.423824,0.425331,0.426965,0.428673,0.430401,0.432087,0.433671,0.43509,0.436277,0.437164,0.437679,0.437746,0.437283,0.436209,0.434445,0.43193,0.42863,0.42456,0.419802,0.414517,0.408952,0.403436,0.398347,0.394083,0.391005,0.389391,0.389391,0.391005,0.394083,0.398347,0.403436,0.408952,0.414517,0.419802,0.42456,0.42863,0.43193,0.434445,0.436209,0.437283,0.437746,0.437679,0.437164,0.436277,0.43509,0.433671,0.432087,0.430401,0.428673,0.426965,0.425331,0.423824,0.422492,0.421375,0.420507,0.419914,0.419613,0.419613
0.42004,0.42004,0.420348,0.420958,0.421856,0.423021,0.424426,0.426034,0.427804,0.429687,0.431627,0.433564,0.435432,0.437164,0.438685,0.439918,0.440783,0.441194,0.441062,0.440297,0.438817,0.436554,0.433472,0.429585,0.424974,0.419802,0.414319,0.408856,0.4038,0.399553,0.396482,0.394871,0.394871,0.396482,0.399553,0.4038,0.408856,0.414319,0.419802,0.424974,0.429585,0.433472,0.436554,0.438817,0.440297,0.441062,0.441194,0.440783,0.439918,0.438685,0.437164,0.435432,0.433564,0.431627,0.429687,0.427804,0.426034,0.424426,0.423021,0.421856,0.420958,0.420348,0.42004,0.42004
0.421248,0.421248,0.421534,0.422105,0.422951,0.42406,0.425415,0.42699,0.428754,0.430666,0.432679,0.434735,0.43677,0.438714,0.440488,0.442007,0.443181,0.443915,0.44411,0.443665,0.44249,0.440509,0.43768,0.434013,0.429585,0.42456,0.419189,0.413808,0.408807,0.404594,0.401543,0.39994,0.39994,0.401543,0.404594,0.408807,0.413808,0.419189,0.42456,0.429585,0.434013,0.43768,0.440509,0.44249,0.443665,0.44411,0.443915,0.443181,0.442007,0.440488,0.438714,0.43677,0.434735,0.432679,0.430666,0.428754,0.42699,0.425415,0.42406,0.422951,0.422105,0.421534,0.421248,0.421248
0.42322,0.42322,0.42346,0.423939,0.424659,0.425616,0.426807,0.428219,0.429837,0.431633,0.433572,0.435605,0.437676,0.439714,0.44164,0.443365,0.444788,0.445806,0.446306,0.446178,0.445318,0.443641,0.441094,0.43768,0.433472,0.42863,0.423405,0.418136,0.413215,0.409057,0.40604,0.404452,0.404452,0.40604,0.409057,0.413215,0.418136,0.423405,0.42863,0.433472,0.43768,0.441094,0.443641,0.445318,0.446178,0.446306,0.445806,0.444788,0.443365,0.44164,0.439714,0.437676,0.435605,0.433572,0.431633,0.429837,0.428219,0.426807,0.425616,0.424659,0.423939,0.42346,0.42322,0.42322
0.425862,0.425862,0.426035,0.426386,0.426922,0.427652,0.428585,0.429727,0.431078,0.432629,0.434358,0.436233,0.438207,0.440216,0.442183,0.444017,0.445614,0.446857,0.447626,0.447796,0.447248,0.445884,0.443641,0.440509,0.436554,0.43193,0.426887,0.421763,0.416952,0.412873,0.409905,0.408342,0.408342,0.409905,0.412873,0.416952,0.421763,0.426887,0.43193,0.436554,0.440509,0.443641,0.445884,0.447248,0.447796,0.447626,0.446857,0.445614,0.444017,0.442183,0.440216,0.438207,0.436233,0.434358,0.432629,0.431078,0.429727,0.428585,0.427652,0.426922,0.426386,0.426035,0.425862,0.425862
0.429022,0.429022,0.429118,0.429318,0.429636,0.430092,0.430708,0.431505,0.432501,0.433704,0.435114,0.436712,0.438467,0.440327,0.442222,0.444062,0.445743,0.447141,0.448124,0.448555,0.448301,0.447248,0.445318,0.44249,0.438817,0.434445,0.429621,0.424676,0.420008,0.416034,0.413134,0.411605,0.411605,0.413134,0.416034,0.420008,0.424676,0.429621,0.434445,0.438817,0.44249,0.445318,0.447248,0.448301,0.448555,0.448124,0.447141,0.445743,0.444062,0.442222,0.440327,0.438467,0.436712,0.435114,0.433704,0.432501,0.431505,0.430708,0.430092,0.429636,0.429318,0.429118,0.429022,0.429022
0.432519,0.432519,0.432536,0.43258,0.432671,0.432837,0.433111,0.433526,0.434117,0.434909,0.43592,0.43715,0.438586,0.440189,0.441903,0.443646,0.445313,0.446781,0.447909,0.448549,0.448555,0.447796,0.446178,0.443665,0.440297,0.436209,0.431638,0.42691,0.422419,0.418579,0.41577,0.414285,0.414285,0.41577,0.418579,0.422419,0.42691,0.431638,0.436209,0.440297,0.443665,0.446178,0.447796,0.448555,0.448549,0.447909,0.446781,0.445313,0.443646,0.441903,0.440189,0.438586,0.43715,0.43592,0.434909,0.434117,0.433526,0.433111,0.432837,0.432671,0.43258,0.432536,0.432519,0.432519
0.436168,0.436168,0.436112,0.436011,0.435889,0.435777,0.435717,0.435751,0.435924,0.436278,0.436847,0.43765,0.438691,0.439952,0.441389,0.442933,0.444489,0.445934,0.447126,0.447909,0.448124,0.447626,0.446306,0.44411,0.441062,0.437283,0.432999,0.428526,0.424249,0.420575,0.417879,0.416453,0.416453,0.417879,0.420575,0.424249,0.428526,0.432999,0.437283,0.441062,0.44411,0.446306,0.447626,0.448124,0.447909,0.447126,0.445934,0.444489,0.442933,0.441389,0.439952,0.438691,0.43765,0.436847,0.436278,0.435924,0.435751,0.435717,0.435777,0.435889,0.436011,0.436112,0.436168,0.436168
0.439803,0.439803,0.439686,0.439462,0.439157,0.438802,0.438442,0.438125,0.437903,0.437827,0.437946,0.438296,0.438897,0.439751,0.440833,0.44209,0.443439,0.444767,0.445934,0.446781,0.447141,0.446857,0.445806,0.443915,0.441194,0.437746,0.43378,0.429599,0.425574,0.422099,0.419543,0.418188,0.418188,0.419543,0.422099,0.425574,0.429599,0.43378,0.437746,0.441194,0.443915,0.445806,0.446857,0.447141,0.446781,0.445934,0.444767,0.443439,0.44209,0.440833,0.439751,0.438897,0.438296,0.437946,0.437827,0.437903,0.438125,0.438442,0.438802,0.439157,0.439462,0.439686,0.439803,0.439803
0.443292,0.443292,0.443127,0.44281,0.442361,0.441812,0.441204,0.440588,0.440017,0.439549,0.439239,0.439139,0.439284,0.439694,0.440364,0.441262,0.44232,0.443439,0.444489,0.445313,0.445743,0.445614,0.444788,0.443181,0.440783,0.437679,0.434059,0.430205,0.42647,0.423231,0.420841,0.419571,0.419571,0.420841,0.423231,0.42647,0.430205,0.434059,0.437679,0.440783,0.443181,0.444788,0.445614,0.445743,0.445313,0.444489,0.443439,0.44232,0.441262,0.440364,0.439694,0.439284,0.439139,0.439239,0.439549,0.440017,0.440588,0.441204,0.441812,0.442361,0.44281,0.443127,0.443292,0.443292
0.446538,0.446538,0.446342,0.445961,0.445411,0.444721,0.443928,0.443076,0.442219,0.441414,0.440721,0.4402,0.439899,0.439854,0.44008,0.440565,0.441262,0.44209,0.442933,0.443646,0.444062,0.444017,0.443365,0.442007,0.439918,0.437164,0.43391,0.430416,0.427008,0.42404,0.421843,0.420675,0.420675,0.421843,0.42404,0.427008,0.430416,0.43391,0.437164,0.439918,0.442007,0.443365,0.444017,0.444062,0.443646,0.442933,0.44209,0.441262,0.440565,0.44008,0.439854,0.439899,0.4402,0.440721,0.441414,0.442219,0.443076,0.443928,0.444721,0.445411,0.445961,0.446342,0.446538,0.446538
0.449484,0.449484,0.449272,0.448854,0.448245,0.447466,0.446547,0.445527,0.444452,0.443378,0.442363,0.441469,0.440754,0.440267,0.44004,0.44008,0.440364,0.440833,0.441389,0.441903,0.442222,0.442183,0.44164,0.440488,0.438685,0.436277,0.433404,0.430297,0.42725,0.424586,0.42261,0.421557,0.421557,0.42261,0.424586,0.42725,0.430297,0.433404,0.436277,0.438685,0.440488,0.44164,0.442183,0.442222,0.441903,0.441389,0.440833,0.440364,0.44008,0.44004,0.440267,0.440754,0.441469,0.442363,0.443378,0.444452,0.445527,0.446547,0.447466,0.448245,0.448854,0.449272,0.449484,0.449484
0.452105,0.452105,0.451887,0.451457,0.450823,0.45,0.449011,0.447885,0.446661,0.445387,0.444117,0.442911,0.441831,0.440935,0.440267,0.439854,0.439694,0.439751,0.439952,0.440189,0.440327,0.440216,0.439714,0.438714,0.437164,0.43509,0.432605,0.429905,0.427248,0.424919,0.423188,0.422264,0.422264,0.423188,0.424919,0.427248,0.429905,0.432605,0.43509,0.437164,0.438714,0.439714,0.440216,0.440327,0.440189,0.439952,0.439751,0.439694,0.439854,0.440267,0.440935,0.441831,0.442911,0.444117,0.445387,0.446661,0.447885,0.449011,0.45,0.450823,0.451457,0.451887,0.452105,0.452105
0.454399,0.454399,0.454185,0.453759,0.453127,0.452296,0.451282,0.450104,0.448793,0.447384,0.445927,0.444475,0.44309,0.441831,0.440754,0.439899,0.439284,0.438897,0.438691,0.438586,0.438467,0.438207,0.437676,0.43677,0.435432,0.433671,0.431572,0.429293,0.427048,0.425079,0.423614,0.422832,0.422832,0.423614,0.425079,0.427048,0.429293,0.431572,0.433671,0.435432,0.43677,0.437676,0.438207,0.438467,0.438586,0.438691,0.438897,0.439284,0.439899,0.440754,0.441831,0.44309,0.444475,0.445927,0.447384,0.448793,0.450104,0.451282,0.452296,0.453127,0.453759,0.454185,0.454399,0.454399
0.456383,0.456383,0.456178,0.455768,0.455156,0.454343,0.453338,0.452151,0.450801,0.449317,0.447736,0.446104,0.444475,0.442911,0.441469,0.4402,0.439139,0.438296,0.43765,0.43715,0.436712,0.436233,0.435605,0.434735,0.433564,0.432087,0.430362,0.428508,0.42669,0.425098,0.423915,0.423284,0.423284,0.423915,0.425098,0.42669,0.428508,0.430362,0.432087,0.433564,0.434735,0.435605,0.436233,0.436712,0.43715,0.43765,0.438296,0.439139,0.4402,0.441469,0.442911,0.444475,0.446104,0.447736,0.449317,0.450801,0.452151,0.453338,0.454343,0.455156,0.455768,0.456178,0.456383,0.456383
0.458081,0.458081,0.457888,0.457501,0.456919,0.456141,0.455166,0.454001,0.452653,0.45114,0.449489,0.447736,0.445927,0.444117,0.442363,0.440721,0.439239,0.437946,0.436847,0.43592,0.435114,0.434358,0.433572,0.432679,0.431627,0.430401,0.429031,0.427596,0.426209,0.425005,0.424115,0.423641,0.423641,0.424115,0.425005,0.426209,0.427596,0.429031,0.430401,0.431627,0.432679,0.433572,0.434358,0.435114,0.43592,0.436847,0.437946,0.439239,0.440721,0.442363,0.444117,0.445927,0.447736,0.449489,0.45114,0.452653,0.454001,0.455166,0.456141,0.456919,0.457501,0.457888,0.458081,0.458081
0.459521,0.459521,0.459341,0.45898,0.458433,0.457697,0.456768,0.455642,0.454323,0.452817,0.45114,0.449317,0.447384,0.445387,0.443378,0.441414,0.439549,0.437827,0.436278,0.434909,0.433704,0.432629,0.431633,0.430666,0.429687,0.428673,0.427633,0.426601,0.42564,0.424825,0.42423,0.423915,0.423915,0.42423,0.424825,0.42564,0.426601,0.427633,0.428673,0.429687,0.430666,0.431633,0.432629,0.433704,0.434909,0.436278,0.437827,0.439549,0.441414,0.443378,0.445387,0.447384,0.449317,0.45114,0.452817,0.454323,0.455642,0.456768,0.457697,0.458433,0.45898,0.459341,0.459521,0.459521
0.460732,0.460732,0.460565,0.460229,0.459718,0.459026,0.458147,0.457072,0.455798,0.454323,0.452653,0.450801,0.448793,0.446661,0.444452,0.442219,0.440017,0.437903,0.435924,0.434117,0.432501,0.431078,0.429837,0.428754,0.427804,0.426965,0.426221,0.42557,0.425018,0.424581,0.424277,0.42412,0.42412,0.424277,0.424581,0.425018,0.42557,0.426221,0.426965,0.427804,0.428754,0.429837,0.431078,0.432501,0.434117,0.435924,0.437903,0.440017,0.442219,0.444452,0.446661,0.448793,0.450801,0.452653,0.454323,0.455798,0.457072,0.458147,0.459026,0.459718,0.460229,0.460565,0.460732,0.460732
0.46174,0.46174,0.461585,0.461271,0.460793,0.460145,0.459315,0.458294,0.457072,0.455642,0.454001,0.452151,0.450104,0.447885,0.445527,0.443076,0.440588,0.438125,0.435751,0.433526,0.431505,0.429727,0.428219,0.42699,0.426034,0.425331,0.424848,0.424545,0.424377,0.424299,0.424272,0.424266,0.424266,0.424272,0.424299,0.424377,0.424545,0.424848,0.425331,0.426034,0.42699,0.428219,0.429727,0.431505,0.433526,0.435751,0.438125,0.440588,0.443076,0.445527,0.447885,0.450104,0.452151,0.454001,0.455642,0.457072,0.458294,0.459315,0.460145,0.460793,0.461271,0.461585,0.46174,0.46174
0.462567,0.462567,0.462422,0.462127,0.461679,0.461068,0.460284,0.459315,0.458147,0.456768,0.455166,0.453338,0.451282,0.449011,0.446547,0.443928,0.441204,0.438442,0.435717,0.433111,0.430708,0.428585,0.426807,0.425415,0.424426,0.423824,0.423564,0.42357,0.423749,0.424,0.424229,0.424364,0.424364,0.424229,0.424,0.423749,0.42357,0.423564,0.423824,0.424426,0.425415,0.426807,0.428585,0.430708,0.433111,0.435717,0.438442,0.441204,0.443928,0.446547,0.449011,0.451282,0.453338,0.455166,0.456768,0.458147,0.459315,0.460284,0.461068,0.461679,0.462127,0.462422,0.462567,0.462567
0.463232,0.463232,0.463094,0.462816,0.462391,0.461813,0.461068,0.460145,0.459026,0.457697,0.456141,0.454343,0.452296,0.45,0.447466,0.444721,0.441812,0.438802,0.435777,0.432837,0.430092,0.427652,0.425616,0.42406,0.423021,0.422492,0.422415,0.422686,0.423168,0.423709,0.424166,0.424424,0.424424,0.424166,0.423709,0.423168,0.422686,0.422415,0.422492,0.423021,0.42406,0.425616,0.427652,0.430092,0.432837,0.435777,0.438802,0.441812,0.444721,0.447466,0.45,0.452296,0.454343,0.456141,0.457697,0.459026,0.460145,0.461068,0.461813,0.462391,0.462816,0.463094,0.463232,0.463232
0.463748,0.463748,0.463616,0.46335,0.462945,0.462391,0.461679,0.460793,0.459718,0.458433,0.456919,0.455156,0.453127,0.450823,0.448245,0.445411,0.442361,0.439157,0.435889,0.432671,0.429636,0.426922,0.424659,0.422951,0.421856,0.421375,0.421442,0.421929,0.422663,0.423447,0.424094,0.424458,0.424458,0.424094,0.423447,0.422663,0.421929,0.421442,0.421375,0.421856,0.422951,0.424659,0.426922,0.429636,0.432671,0.435889,0.439157,0.442361,0.445411,0.448245,0.450823,0.453127,0.455156,0.456919,0.458433,0.459718,0.460793,0.461679,0.462391,0.462945,0.46335,0.463616,0.463748,0.463748
0.464126,0.464126,0.463999,0.463742,0.46335,0.462816,0.462127,0.461271,0.460229,0.45898,0.457501,0.455768,0.453759,0.451457,0.448854,0.445961,0.44281,0.439462,0.436011,0.43258,0.429318,0.426386,0.423939,0.422105,0.420958,0.420507,0.420681,0.421332,0.42226,0.423232,0.424028,0.424473,0.424473,0.424028,0.423232,0.42226,0.421332,0.420681,0.420507,0.420958,0.422105,0.423939,0.426386,0.429318,0.43258,0.436011,0.439462,0.44281,0.445961,0.448854,0.451457,0.453759,0.455768,0.457501,0.45898,0.460229,0.461271,0.462127,0.462816,0.46335,0.463742,0.463999,0.464126,0.464126
0.464374,0.464374,0.46425,0.463999,0.463616,0.463094,0.462422,0.461585,0.460565,0.459341,0.457888,0.456178,0.454185,0.451887,0.449272,0.446342,0.443127,0.439686,0.436112,0.432536,0.429118,0.426035,0.42346,0.421534,0.420348,0.419914,0.420157,0.42092,0.421979,0.42308,0.423977,0.424479,0.424479,0.423977,0.42308,0.421979,0.42092,0.420157,0.419914,0.420348,0.421534,0.42346,0.426035,0.429118,0.432536,0.436112,0.439686,0.443127,0.446342,0.449272,0.451887,0.454185,0.456178,0.457888,0.459341,0.460565,0.461585,0.462422,0.463094,0.463616,0.463999,0.46425,0.464374,0.464374
0.464497,0.464497,0.464374,0.464126,0.463748,0.463232,0.462567,0.46174,0.460732,0.459521,0.458081,0.456383,0.454399,0.452105,0.449484,0.446538,0.443292,0.439803,0.436168,0.432519,0.429022,0.425862,0.42322,0.421248,0.42004,0.419613,0.419891,0.420709,0.421835,0.423001,0.42395,0.424481,0.424481,0.42395,0.423001,0.421835,0.420709,0.419891,0.419613,0.42004,0.421248,0.42322,0.425862,0.429022,0.432519,0.436168,0.439803,0.443292,0.446538,0.449484,0.452105,0.454399,0.456383,0.458081,0.459521,0.460732,0.46174,0.462567,0.463232,0.463748,0.464126,0.464374,0.464497,0.464497
0.464497,0.464497,0.464374,0.464126,0.463748,0.463232,0.462567,0.46174,0.460732,0.459521,0.458081,0.456383,0.454399,0.452105,0.449484,0.446538,0.443292,0.439803,0.436168,0.432519,0.429022,0.425862,0.42322,0.421248,0.42004,0.419613,0.419891,0.420709,0.421835,0.423001,0.42395,0.424481,0.424481,0.42395,0.423001,0.421835,0.420709,0.419891,0.419613,0.42004,0.421248,0.42322,0.425862,0.429022,0.432519,0.436168,0.439803,0.443292,0.446538,0.449484,0.452105,0.454399,0.456383,0.458081,0.459521,0.460732,0.46174,0.462567,0.463232,0.463748,0.464126,0.464374,0.464497,0.464497
