0.5,0.5,0.5,0.5,0.5,0.5,0.5,0.5,0.5,0.5,0.5,0.5,0.5,0.5,0.5,0.5,0.5,0.5,0.5,0.5,0.5,0.5,0.5,0.5,0.5,0.5,0.5,0.5,0.5,0.5,0.5,0.5,0.5,0.5,0.5,0.5,0.5,0.5,0.5,0.5,0.5,0.5,0.5,0.5,0.5,0.5,0.5,0.5,0.5,0.5,0.5,0.5,0.5,0.5,0.5,0.5,0.5,0.5,0.5,0.5,0.5,0.5,0.5,0.5
0.5,0.5,0.5,0.5,0.5,0.5,0.5,0.5,0.5,0.5,0.5,0.5,0.5,0.5,0.5,0.5,0.5,0.5,0.5,0.5,0.5,0.5,0.5,0.5,0.5,0.5,0.5,0.5,0.5,0.5,0.5,0.5,0.5,0.5,0.5,0.5,0.5,0.5,0.5,0.5,0.5,0.5,0.5,0.5,0.5,0.5,0.5,0.5,0.5,0.5,0.5,0.5,0.5,0.5,0.5,0.5,0.5,0.5,0.5,0.5,0.5,0.5,0.5,0.5
0.5,0.5,0.5,0.5,0.5,0.5,0.5,0.5,0.5,0.5,0.5,0.5,0.5,0.5,0.5,0.5,0.5,0.5,0.5,0.5,0.5,0.5,0.5,0.5,0.5,0.5,0.5,0.5,0.5,0.5,0.5,0.5,0.5,0.5,0.5,0.5,0.5,0.5,0.5,0.5,0.5,0.5,0.5,0.5,0.5,0.5,0.5,0.5,0.5,0.5,0.5,0.5,0.5,0.5,0.5,0.5,0.5,0.5,0.5,0.5,0.5,0.5,0.5,0.5
0.5,0.5,0.5,0.5,0.5,0.5,0.5,0.5,0.5,0.5,0.5,0.5,0.5,0.5,0.5,0.5,0.5,0.5,0.5,0.5,0.5,0.5,0.5,0.5,0.5,0.5,0.5,0.5,0.5,0.5,0.5,0.5,0.5,0.5,0.5,0.5,0.5,0.5,0.5,0.5,0.5,0.5,0.5,0.5,0.5,0.5,0.5,0.5,0.5,0.5,0.5,0.5,0.5,0.5,0.5,0.5,0.5,0.5,0.5,0.5,0.5,0.5,0.5,0.5
0.5,0.5,0.5,0.5,0.5,0.5,0.5,0.5,0.5,0.5,0.5,0.5,0.5,0.5,0.5,0.5,0.5,0.5,0.5,0.5,0.5,0.5,0.5,0.5,0.5,0.5,0.5,0.5,0.5,0.5,0.5,0.5,0.5,0.5,0.5,0.5,0.5,0.5,0.5,0.5,0.5,0.5,0.5,0.5,0.5,0.5,0.5,0.5,0.5,0.5,0.5,0.5,0.5,0.5,0.5,0.5,0.5,0.5,0.5,0.5,0.5,0.5,0.5,0.5
0.5,0.5,0.5,0.5,0.5,0.5,0.5,0.5,0.5,0.5,0.5,0.5,0.5,0.5,0.5,0.5,0.5,0.5,0.5,0.5,0.5,0.5,0.5,0.5,0.5,0.499999,0.499999,0.499999,0.499999,0.499999,0.499999,0.499999,0.499999,0.499999,0.499999,0.499999,0.499999,0.499999,0.499999,0.5,0.5,0.5,0.5,0.5,0.5,0.5,0.5,0.5,0.5,0.5,0.5,0.5,0.5,0.5,0.5,0.5,0.5,0.5,0.5,0.5,0.5,0.5,0.5,0.5
0.5,0.5,0.5,0.5,0.5,0.5,0.5,0.5,0.5,0.5,0.5,0.5,0.5,0.5,0.5,0.5,0.5,0.5,0.5,0.5,0.5,0.5,0.499999,0.499999,0.499999,0.499999,0.499998,0.499998,0.499998,0.499997,0.499997,0.499997,0.499997,0.499997,0.499997,0.499998,0.499998,0.499998,0.499999,0.499999,0.499999,0.499999,0.5,0.5,0.5,0.5,0.5,0.5,0.5,0.5,0.5,0.5,0.5,0.5,0.5,0.5,0.5,0.5,0.5,0.5,0.5,0.5,0.5,0.5
0.5,0.5,0.5,0.5,0.5,0.5,0.5,0.5,0.5,0.5,0.5,0.5,0.5,0.5,0.5,0.5,0.5,0.5,0.5,0.5,0.499999,0.499999,0.499999,0.499998,0.499997,0.499997,0.499996,0.499995,0.499994,0.499993,0.499993,0.499993,0.499993,0.499993,0.499993,0.499994,0.499995,0.499996,0.499997,0.499997,0.499998,0.499999,0.499999,0.499999,0.5,0.5,0.5,0.5,0.5,0.5,0.5,0.5,0.5,0.5,0.5,0.5,0.5,0.5,0.5,0.5,0.5,0.5,0.5,0.5
0.5,0.5,0.5,0.5,0.5,0.5,0.5,0.5,0.5,0.5,0.5,0.5,0.5,0.5,0.5,0.5,0.5,0.5,0.499999,0.499999,0.499998,0.499998,0.499997,0.499995,0.499994,0.499992,0.49999,0.499988,0.499986,0.499984,0.499983,0.499982,0.499982,0.499983,0.499984,0.499986,0.499988,0.49999,0.499992,0.499994,0.499995,0.499997,0.499998,0.499998,0.499999,0.499999,0.5,0.5,0.5,0.5,0.5,0.5,0.5,0.5,0.5,0.5,0.5,0.5,0.5,0.5,0.5,0.5,0.5,0.5
0.5,0.5,0.5,0.5,0.5,0.5,0.5,0.5,0.5,0.5,0.5,0.5,0.5,0.5,0.5,0.5,0.5,0.499999,0.499999,0.499998,0.499996,0.499995,0.499992,0.499989,0.499985,0.499981,0.499976,0.499971,0.499967,0.499963,0.49996,0.499958,0.499958,0.49996,0.499963,0.499967,0.499971,0.499976,0.499981,0.499985,0.499989,0.499992,0.499995,0.499996,0.499998,0.499999,0.499999,0.5,0.5,0.5,0.5,0.5,0.5,0.5,0.5,0.5,0.5,0.5,0.5,0.5,0.5,0.5,0.5,0.5
0.5,0.5,0.5,0.5,0.5,0.5,0.5,0.5,0.5,0.5,0.5,0.5,0.5,0.5,0.5,0.499999,0.499999,0.499998,0.499997,0.499995,0.499992,0.499988,0.499982,0.499975,0.499967,0.499957,0.499946,0.499935,0.499925,0.499916,0.49991,0.499906,0.499906,0.49991,0.499916,0.499925,0.499935,0.499946,0.499957,0.499967,0.499975,0.499982,0.499988,0.499992,0.499995,0.499997,0.499998,0.499999,0.499999,0.5,0.5,0.5,0.5,0.5,0.5,0.5,0.5,0.5,0.5,0.5,0.5,0.5,0.5,0.5
0.5,0.5,0.5,0.5,0.5,0.5,0.5,0.5,0.5,0.5,0.5,0.5,0.5,0.5,0.499999,0.499999,0.499998,0.499996,0.499993,0.499989,0.499982,0.499974,0.499962,0.499947,0.499928,0.499907,0.499884,0.49986,0.499837,0.499818,0.499804,0.499797,0.499797,0.499804,0.499818,0.499837,0.49986,0.499884,0.499907,0.499928,0.499947,0.499962,0.499974,0.499982,0.499989,0.499993,0.499996,0.499998,0.499999,0.499999,0.5,0.5,0.5,0.5,0.5,0.5,0.5,0.5,0.5,0.5,0.5,0.5,0.5,0.5
0.5,0.5,0.5,0.5,0.5,0.5,0.5,0.5,0.5,0.5,0.5,0.5,0.5,0.499999,0.499999,0.499997,0.499995,0.499991,0.499985,0.499976,0.499963,0.499945,0.49992,0.499888,0.49985,0.499805,0.499757,0.499707,0.49966,0.49962,0.499591,0.499576,0.499576,0.499591,0.49962,0.49966,0.499707,0.499757,0.499805,0.49985,0.499888,0.49992,0.499945,0.499963,0.499976,0.499985,0.499991,0.499995,0.499997,0.499999,0.499999,0.5,0.5,0.5,0.5,0.5,0.5,0.5,0.5,0.5,0.5,0.5,0.5,0.5
0.5,0.5,0.5,0.5,0.5,0.5,0.5,0.5,0.5,0.5,0.5,0.5,0.499999,0.499998,0.499997,0.499994,0.49999,0.499983,0.499971,0.499952,0.499926,0.499889,0.499839,0.499775,0.499697,0.499607,0.49951,0.49941,0.499316,0.499235,0.499177,0.499146,0.499146,0.499177,0.499235,0.499316,0.49941,0.49951,0.499607,0.499697,0.499775,0.499839,0.499889,0.499926,0.499952,0.499971,0.499983,0.49999,0.499994,0.499997,0.499998,0.499999,0.5,0.5,0.5,0.5,0.5,0.5,0.5,0.5,0.5,0.5,0.5,0.5
0.5,0.5,0.5,0.5,0.5,0.5,0.5,0.5,0.5,0.5,0.5,0.499999,0.499999,0.499997,0.499994,0.499989,0.49998,0.499966,0.499943,0.499908,0.499856,0.499783,0.499686,0.499562,0.499412,0.499238,0.499048,0.498855,0.498672,0.498516,0.498403,0.498342,0.498342,0.498403,0.498516,0.498672,0.498855,0.499048,0.499238,0.499412,0.499562,0.499686,0.499783,0.499856,0.499908,0.499943,0.499966,0.49998,0.499989,0.499994,0.499997,0.499999,0.499999,0.5,0.5,0.5,0.5,0.5,0.5,0.5,0.5,0.5,0.5,0.5
0.5,0.5,0.5,0.5,0.5,0.5,0.5,0.5,0.5,0.5,0.499999,0.499999,0.499997,0.499994,0.499989,0.49998,0.499963,0.499936,0.499893,0.499827,0.49973,0.499594,0.499413,0.499181,0.498899,0.498574,0.49822,0.497859,0.497518,0.497227,0.497014,0.496902,0.496902,0.497014,0.497227,0.497518,0.497859,0.49822,0.498574,0.498899,0.499181,0.499413,0.499594,0.49973,0.499827,0.499893,0.499936,0.499963,0.49998,0.499989,0.499994,0.499997,0.499999,0.499999,0.5,0.5,0.5,0.5,0.5,0.5,0.5,0.5,0.5,0.5
0.5,0.5,0.5,0.5,0.5,0.5,0.5,0.5,0.5,0.5,0.499999,0.499998,0.499995,0.49999,0.49998,0.499963,0.499934,0.499885,0.499807,0.499687,0.499512,0.499268,0.498941,0.498523,0.498015,0.49743,0.496792,0.496142,0.495528,0.495005,0.494622,0.49442,0.49442,0.494622,0.495005,0.495528,0.496142,0.496792,0.49743,0.498015,0.498523,0.498941,0.499268,0.499512,0.499687,0.499807,0.499885,0.499934,0.499963,0.49998,0.49999,0.499995,0.499998,0.499999,0.5,0.5,0.5,0.5,0.5,0.5,0.5,0.5,0.5,0.5
0.5,0.5,0.5,0.5,0.5,0.5,0.5,0.5,0.5,0.499999,0.499998,0.499996,0.499991,0.499983,0.499966,0.499936,0.499885,0.499799,0.499663,0.499456,0.499152,0.498727,0.498159,0.497433,0.496552,0.495536,0.49443,0.493302,0.492238,0.49133,0.490666,0.490316,0.490316,0.490666,0.49133,0.492238,0.493302,0.49443,0.495536,0.496552,0.497433,0.498159,0.498727,0.499152,0.499456,0.499663,0.499799,0.499885,0.499936,0.499966,0.499983,0.499991,0.499996,0.499998,0.499999,0.5,0.5,0.5,0.5,0.5,0.5,0.5,0.5,0.5
0.5,0.5,0.5,0.5,0.5,0.5,0.5,0.5,0.499999,0.499999,0.499997,0.499993,0.499985,0.499971,0.499943,0.499893,0.499807,0.499663,0.499435,0.499087,0.498579,0.497867,0.496916,0.495702,0.494228,0.492529,0.49068,0.488794,0.487015,0.485498,0.484389,0.483804,0.483804,0.484389,0.485498,0.487015,0.488794,0.49068,0.492529,0.494228,0.495702,0.496916,0.497867,0.498579,0.499087,0.499435,0.499663,0.499807,0.499893,0.499943,0.499971,0.499985,0.499993,0.499997,0.499999,0.499999,0.5,0.5,0.5,0.5,0.5,0.5,0.5,0.5
0.5,0.5,0.5,0.5,0.5,0.5,0.5,0.5,0.499999,0.499998,0.499995,0.499989,0.499976,0.499952,0.499908,0.499827,0.499687,0.499456,0.499087,0.498526,0.497705,0.496557,0.495023,0.493065,0.490689,0.48795,0.484971,0.481934,0.479068,0.476625,0.474839,0.473896,0.473896,0.474839,0.476625,0.479068,0.481934,0.484971,0.48795,0.490689,0.493065,0.495023,0.496557,0.497705,0.498526,0.499087,0.499456,0.499687,0.499827,0.499908,0.499952,0.499976,0.499989,0.499995,0.499998,0.499999,0.5,0.5,0.5,0.5,0.5,0.5,0.5,0.5
0.5,0.5,0.5,0.5,0.5,0.5,0.5,0.499999,0.499998,0.499996,0.499992,0.499982,0.499963,0.499926,0.499856,0.49973,0.499512,0.499152,0.498579,0.497705,0.496428,0.494644,0.492258,0.489217,0.485525,0.481271,0.476645,0.471929,0.467481,0.463688,0.460916,0.459453,0.459453,0.460916,0.463688,0.467481,0.471929,0.476645,0.481271,0.485525,0.489217,0.492258,0.494644,0.496428,0.497705,0.498579,0.499152,0.499512,0.49973,0.499856,0.499926,0.499963,0.499982,0.499992,0.499996,0.499998,0.499999,0.5,0.5,0.5,0.5,0.5,0.5,0.5
0.5,0.5,0.5,0.5,0.5,0.5,0.5,0.499999,0.499998,0.499995,0.499988,0.499974,0.499945,0.499889,0.499783,0.499594,0.499268,0.498727,0.497867,0.496557,0.494644,0.491969,0.488396,0.483841,0.478313,0.471946,0.465022,0.457965,0.451309,0.445634,0.441488,0.439299,0.439299,0.441488,0.445634,0.451309,0.457965,0.465022,0.471946,0.478313,0.483841,0.488396,0.491969,0.494644,0.496557,0.497867,0.498727,0.499268,0.499594,0.499783,0.499889,0.499945,0.499974,0.499988,0.499995,0.499998,0.499999,0.5,0.5,0.5,0.5,0.5,0.5,0.5
0.5,0.5,0.5,0.5,0.5,0.5,0.499999,0.499999,0.499997,0.499992,0.499982,0.499962,0.49992,0.499839,0.499686,0.499413,0.498941,0.498159,0.496916,0.495023,0.492258,0.488396,0.483238,0.476663,0.468684,0.459498,0.44951,0.439332,0.429732,0.421549,0.415572,0.412414,0.412414,0.415572,0.421549,0.429732,0.439332,0.44951,0.459498,0.468684,0.476663,0.483238,0.488396,0.492258,0.495023,0.496916,0.498159,0.498941,0.499413,0.499686,0.499839,0.49992,0.499962,0.499982,0.499992,0.499997,0.499999,0.499999,0.5,0.5,0.5,0.5,0.5,0.5
0.5,0.5,0.5,0.5,0.5,0.5,0.499999,0.499998,0.499995,0.499989,0.499975,0.499947,0.499888,0.499775,0.499562,0.499181,0.498523,0.497433,0.495702,0.493065,0.489217,0.483841,0.476663,0.467515,0.456418,0.443643,0.429755,0.415604,0.402259,0.390885,0.382577,0.378189,0.378189,0.382577,0.390885,0.402259,0.415604,0.429755,0.443643,0.456418,0.467515,0.476663,0.483841,0.489217,0.493065,0.495702,0.497433,0.498523,0.499181,0.499562,0.499775,0.499888,0.499947,0.499975,0.499989,0.499995,0.499998,0.499999,0.5,0.5,0.5,0.5,0.5,0.5
0.5,0.5,0.5,0.5,0.5,0.5,0.499999,0.499997,0.499994,0.499985,0.499967,0.499928,0.49985,0.499697,0.499412,0.498899,0.498015,0.496552,0.494228,0.490689,0.485525,0.478313,0.468684,0.456418,0.44154,0.424415,0.4058,0.386836,0.368954,0.353715,0.342584,0.336705,0.336705,0.342584,0.353715,0.368954,0.386836,0.4058,0.424415,0.44154,0.456418,0.468684,0.478313,0.485525,0.490689,0.494228,0.496552,0.498015,0.498899,0.499412,0.499697,0.49985,0.499928,0.499967,0.499985,0.499994,0.499997,0.499999,0.5,0.5,0.5,0.5,0.5,0.5
0.5,0.5,0.5,0.5,0.5,0.499999,0.499999,0.499997,0.499992,0.499981,0.499957,0.499907,0.499805,0.499607,0.499238,0.498574,0.49743,0.495536,0.492529,0.48795,0.481271,0.471946,0.459498,0.443643,0.424415,0.402286,0.378236,0.353737,0.330639,0.310954,0.296578,0.288985,0.288985,0.296578,0.310954,0.330639,0.353737,0.378236,0.402286,0.424415,0.443643,0.459498,0.471946,0.481271,0.48795,0.492529,0.495536,0.49743,0.498574,0.499238,0.499607,0.499805,0.499907,0.499957,0.499981,0.499992,0.499997,0.499999,0.499999,0.5,0.5,0.5,0.5,0.5
0.5,0.5,0.5,0.5,0.5,0.499999,0.499998,0.499996,0.49999,0.499976,0.499946,0.499884,0.499757,0.49951,0.499048,0.49822,0.496792,0.49443,0.49068,0.484971,0.476645,0.465022,0.44951,0.429755,0.4058,0.378236,0.348282,0.317772,0.289009,0.264498,0.246598,0.237144,0.237144,0.246598,0.264498,0.289009,0.317772,0.348282,0.378236,0.4058,0.429755,0.44951,0.465022,0.476645,0.484971,0.49068,0.49443,0.496792,0.49822,0.499048,0.49951,0.499757,0.499884,0.499946,0.499976,0.49999,0.499996,0.499998,0.499999,0.5,0.5,0.5,0.5,0.5
0.5,0.5,0.5,0.5,0.5,0.499999,0.499998,0.499995,0.499988,0.499971,0.499935,0.49986,0.499707,0.49941,0.498855,0.497859,0.496142,0.493302,0.488794,0.481934,0.471929,0.457965,0.439332,0.415604,0.386836,0.353737,0.317772,0.281143,0.246612,0.217189,0.195702,0.184354,0.184354,0.195702,0.217189,0.246612,0.281143,0.317772,0.353737,0.386836,0.415604,0.439332,0.457965,0.471929,0.481934,0.488794,0.493302,0.496142,0.497859,0.498855,0.49941,0.499707,0.49986,0.499935,0.499971,0.499988,0.499995,0.499998,0.499999,0.5,0.5,0.5,0.5,0.5
0.5,0.5,0.5,0.5,0.5,0.499999,0.499998,0.499994,0.499986,0.499967,0.499925,0.499837,0.49966,0.499316,0.498672,0.497518,0.495528,0.492238,0.487015,0.479068,0.467481,0.451309,0.429732,0.402259,0.368954,0.330639,0.289009,0.246612,0.206648,0.172595,0.147728,0.134596,0.134596,0.147728,0.172595,0.206648,0.246612,0.289009,0.330639,0.368954,0.402259,0.429732,0.451309,0.467481,0.479068,0.487015,0.492238,0.495528,0.497518,0.498672,0.499316,0.49966,0.499837,0.499925,0.499967,0.499986,0.499994,0.499998,0.499999,0.5,0.5,0.5,0.5,0.5
0.5,0.5,0.5,0.5,0.5,0.499999,0.499997,0.499993,0.499984,0.499963,0.499916,0.499818,0.49962,0.499235,0.498516,0.497227,0.495005,0.49133,0.485498,0.476625,0.463688,0.445634,0.421549,0.390885,0.353715,0.310954,0.264498,0.217189,0.172595,0.1346,0.106855,0.0922028,0.0922028,0.106855,0.1346,0.172595,0.217189,0.264498,0.310954,0.353715,0.390885,0.421549,0.445634,0.463688,0.476625,0.485498,0.49133,0.495005,0.497227,0.498516,0.499235,0.49962,0.499818,0.499916,0.499963,0.499984,0.499993,0.499997,0.499999,0.5,0.5,0.5,0.5,0.5
0.5,0.5,0.5,0.5,0.5,0.499999,0.499997,0.499993,0.499983,0.49996,0.49991,0.499804,0.499591,0.499177,0.498403,0.497014,0.494622,0.490666,0.484389,0.474839,0.460916,0.441488,0.415572,0.382577,0.342584,0.296578,0.246598,0.195702,0.147728,0.106855,0.0770076,0.0612459,0.0612459,0.0770076,0.106855,0.147728,0.195702,0.246598,0.296578,0.342584,0.382577,0.415572,0.441488,0.460916,0.474839,0.484389,0.490666,0.494622,0.497014,0.498403,0.499177,0.499591,0.499804,0.49991,0.49996,0.499983,0.499993,0.499997,0.499999,0.5,0.5,0.5,0.5,0.5
0.5,0.5,0.5,0.5,0.5,0.499999,0.499997,0.499993,0.499982,0.499958,0.499906,0.499797,0.499576,0.499146,0.498342,0.496902,0.49442,0.490316,0.483804,0.473896,0.459453,0.439299,0.412414,0.378189,0.336705,0.288985,0.237144,0.184354,0.134596,0.0922028,0.0612459,0.0448982,0.0448982,0.0612459,0.0922028,0.134596,0.184354,0.237144,0.288985,0.336705,0.378189,0.412414,0.439299,0.459453,0.473896,0.483804,0.490316,0.49442,0.496902,0.498342,0.499146,0.499576,0.499797,0.499906,0.499958,0.499982,0.499993,0.499997,0.499999,0.5,0.5,0.5,0.5,0.5
0.5,0.5,0.5,0.5,0.5,0.499999,0.499997,0.499993,0.499982,0.499958,0.499906,0.499797,0.499576,0.499146,0.498342,0.496902,0.49442,0.490316,0.483804,0.473896,0.459453,0.439299,0.412414,0.378189,0.336705,0.288985,0.237144,0.184354,0.134596,0.0922028,0.0612459,0.0448982,0.0448982,0.0612459,0.0922028,0.134596,0.184354,0.237144,0.288985,0.336705,0.378189,0.412414,0.439299,0.459453,0.473896,0.483804,0.490316,0.49442,0.496902,0.498342,0.499146,0.499576,0.499797,0.499906,0.499958,0.499982,0.499993,0.499997,0.499999,0.5,0.5,0.5,0.5,0.5
0.5,0.5,0.5,0.5,0.5,0.499999,0.499997,0.499993,0.499983,0.49996,0.49991,0.499804,0.499591,0.499177,0.498403,0.497014,0.494622,0.490666,0.484389,0.474839,0.460916,0.441488,0.415572,0.382577,0.342584,0.296578,0.246598,0.195702,0.147728,0.106855,0.0770076,0.0612459,0.0612459,0.0770076,0.106855,0.147728,0.195702,0.246598,0.296578,0.342584,0.382577,0.415572,0.441488,0.460916,0.474839,0.484389,0.490666,0.494622,0.497014,0.498403,0.499177,0.499591,0.499804,0.49991,0.49996,0.499983,0.499993,0.499997,0.499999,0.5,0.5,0.5,0.5,0.5
0.5,0.5,0.5,0.5,0.5,0.499999,0.499997,0.499993,0.499984,0.499963,0.499916,0.499818,0.49962,0.499235,0.498516,0.497227,0.495005,0.49133,0.485498,0.476625,0.463688,0.445634,0.421549,0.390885,0.353715,0.310954,0.264498,0.217189,0.172595,0.1346,0.106855,0.0922028,0.0922028,0.106855,0.1346,0.172595,0.217189,0.264498,0.310954,0.353715,0.390885,0.421549,0.445634,0.463688,0.476625,0.485498,0.49133,0.495005,0.497227,0.498516,0.499235,0.49962,0.499818,0.499916,0.499963,0.499984,0.499993,0.499997,0.499999,0.5,0.5,0.5,0.5,0.5
0.5,0.5,0.5,0.5,0.5,0.499999,0.499998,0.499994,0.499986,0.499967,0.499925,0.499837,0.49966,0.499316,0.498672,0.497518,0.495528,0.492238,0.487015,0.479068,0.467481,0.451309,0.429732,0.402259,0.368954,0.330639,0.289009,0.246612,0.206648,0.172595,0.147728,0.134596,0.134596,0.147728,0.172595,0.206648,0.246612,0.289009,0.330639,0.368954,0.402259,0.429732,0.451309,0.467481,0.479068,0.487015,0.492238,0.495528,0.497518,0.498672,0.499316,0.49966,0.499837,0.499925,0.499967,0.499986,0.499994,0.499998,0.499999,0.5,0.5,0.5,0.5,0.5
0.5,0.5,0.5,0.5,0.5,0.499999,0.499998,0.499995,0.499988,0.499971,0.499935,0.49986,0.499707,0.49941,0.498855,0.497859,0.496142,0.493302,0.488794,0.481934,0.471929,0.457965,0.439332,0.415604,0.386836,0.353737,0.317772,0.281143,0.246612,0.217189,0.195702,0.184354,0.184354,0.195702,0.217189,0.246612,0.281143,0.317772,0.353737,0.386836,0.415604,0.439332,0.457965,0.471929,0.481934,0.488794,0.493302,0.496142,0.497859,0.498855,0.49941,0.499707,0.49986,0.499935,0.499971,0.499988,0.499995,0.499998,0.499999,0.5,0.5,0.5,0.5,0.5
0.5,0.5,0.5,0.5,0.5,0.499999,0.499998,0.499996,0.49999,0.499976,0.499946,0.499884,0.499757,0.49951,0.499048,0.49822,0.496792,0.49443,0.49068,0.484971,0.476645,0.465022,0.44951,0.429755,0.4058,0.378236,0.348282,0.317772,0.289009,0.264498,0.246598,0.237144,0.237144,0.246598,0.264498,0.289009,0.317772,0.348282,0.378236,0.4058,0.429755,0.44951,0.465022,0.476645,0.484971,0.49068,0.49443,0.496792,0.49822,0.499048,0.49951,0.499757,0.499884,0.499946,0.499976,0.49999,0.499996,0.499998,0.499999,0.5,0.5,0.5,0.5,0.5
0.5,0.5,0.5,0.5,0.5,0.499999,0.499999,0.499997,0.499992,0.499981,0.499957,0.499907,0.499805,0.499607,0.499238,0.498574,0.49743,0.495536,0.492529,0.48795,0.481271,0.471946,0.459498,0.443643,0.424415,0.402286,0.378236,0.353737,0.330639,0.310954,0.296578,0.288985,0.288985,0.296578,0.310954,0.330639,0.353737,0.378236,0.402286,0.424415,0.443643,0.459498,0.471946,0.481271,0.48795,0.492529,0.495536,0.49743,0.498574,0.499238,0.499607,0.499805,0.499907,0.499957,0.499981,0.499992,0.499997,0.499999,0.499999,0.5,0.5,0.5,0.5,0.5
0.5,0.5,0.5,0.5,0.5,0.5,0.499999,0.499997,0.499994,0.499985,0.499967,0.499928,0.49985,0.499697,0.499412,0.498899,0.498015,0.496552,0.494228,0.490689,0.485525,0.478313,0.468684,0.456418,0.44154,0.424415,0.4058,0.386836,0.368954,0.353715,0.342584,0.336705,0.336705,0.342584,0.353715,0.368954,0.386836,0.4058,0.424415,0.44154,0.456418,0.468684,0.478313,0.485525,0.490689,0.494228,0.496552,0.498015,0.498899,0.499412,0.499697,0.49985,0.499928,0.499967,0.499985,0.499994,0.499997,0.499999,0.5,0.5,0.5,0.5,0.5,0.5
0.5,0.5,0.5,0.5,0.5,0.5,0.499999,0.499998,0.499995,0.499989,0.499975,0.499947,0.499888,0.499775,0.499562,0.499181,0.498523,0.497433,0.495702,0.493065,0.489217,0.483841,0.476663,0.467515,0.456418,0.443643,0.429755,0.415604,0.402259,0.390885,0.382577,0.378189,0.378189,0.382577,0.390885,0.402259,0.415604,0.429755,0.443643,0.456418,0.467515,0.476663,0.483841,0.489217,0.493065,0.495702,0.497433,0.498523,0.499181,0.499562,0.499775,0.499888,0.499947,0.499975,0.499989,0.499995,0.499998,0.499999,0.5,0.5,0.5,0.5,0.5,0.5
0.5,0.5,0.5,0.5,0.5,0.5,0.499999,0.499999,0.499997,0.499992,0.499982,0.499962,0.49992,0.499839,0.499686,0.499413,0.498941,0.498159,0.496916,0.495023,0.492258,0.488396,0.483238,0.476663,0.468684,0.459498,0.44951,0.439332,0.429732,0.421549,0.415572,0.412414,0.412414,0.415572,0.421549,0.429732,0.439332,0.44951,0.459498,0.468684,0.476663,0.483238,0.488396,0.492258,0.495023,0.496916,0.498159,0.498941,0.499413,0.499686,0.499839,0.49992,0.499962,0.499982,0.499992,0.499997,0.499999,0.499999,0.5,0.5,0.5,0.5,0.5,0.5
0.5,0.5,0.5,0.5,0.5,0.5,0.5,0.499999,0.499998,0.499995,0.499988,0.499974,0.499945,0.499889,0.499783,0.499594,0.499268,0.498727,0.497867,0.496557,0.494644,0.491969,0.488396,0.483841,0.478313,0.471946,0.465022,0.457965,0.451309,0.445634,0.441488,0.439299,0.439299,0.441488,0.445634,0.451309,0.457965,0.465022,0.471946,0.478313,0.483841,0.488396,0.491969,0.494644,0.496557,0.497867,0.498727,0.499268,0.499594,0.499783,0.499889,0.499945,0.499974,0.499988,0.499995,0.499998,0.499999,0.5,0.5,0.5,0.5,0.5,0.5,0.5
0.5,0.5,0.5,0.5,0.5,0.5,0.5,0.499999,0.499998,0.499996,0.499992,0.499982,0.499963,0.499926,0.499856,0.49973,0.499512,0.499152,0.498579,0.497705,0.496428,0.494644,0.492258,0.489217,0.485525,0.481271,0.476645,0.471929,0.467481,0.463688,0.460916,0.459453,0.459453,0.460916,0.463688,0.467481,0.471929,0.476645,0.481271,0.485525,0.489217,0.492258,0.494644,0.496428,0.497705,0.498579,0.499152,0.499512,0.49973,0.499856,0.499926,0.499963,0.499982,0.499992,0.499996,0.499998,0.499999,0.5,0.5,0.5,0.5,0.5,0.5,0.5
0.5,0.5,0.5,0.5,0.5,0.5,0.5,0.5,0.499999,0.499998,0.499995,0.499989,0.499976,0.499952,0.499908,0.499827,0.499687,0.499456,0.499087,0.498526,0.497705,0.496557,0.495023,0.493065,0.490689,0.48795,0.484971,0.481934,0.479068,0.476625,0.474839,0.473896,0.473896,0.474839,0.476625,0.479068,0.481934,0.484971,0.48795,0.490689,0.493065,0.495023,0.496557,0.497705,0.498526,0.499087,0.499456,0.499687,0.499827,0.499908,0.499952,0.499976,0.499989,0.499995,0.499998,0.499999,0.5,0.5,0.5,0.5,0.5,0.5,0.5,0.5
0.5,0.5,0.5,0.5,0.5,0.5,0.5,0.5,0.499999,0.499999,0.499997,0.499993,0.499985,0.499971,0.499943,0.499893,0.499807,0.499663,0.499435,0.499087,0.498579,0.497867,0.496916,0.495702,0.494228,0.492529,0.49068,0.488794,0.487015,0.485498,0.484389,0.483804,0.483804,0.484389,0.485498,0.487015,0.488794,0.49068,0.492529,0.494228,0.495702,0.496916,0.497867,0.498579,0.499087,0.499435,0.499663,0.499807,0.499893,0.499943,0.499971,0.499985,0.499993,0.499997,0.499999,0.499999,0.5,0.5,0.5,0.5,0.5,0.5,0.5,0.5
0.5,0.5,0.5,0.5,0.5,0.5,0.5,0.5,0.5,0.499999,0.499998,0.499996,0.499991,0.499983,0.499966,0.499936,0.499885,0.499799,0.499663,0.499456,0.499152,0.498727,0.498159,0.497433,0.496552,0.495536,0.49443,0.493302,0.492238,0.49133,0.490666,0.490316,0.490316,0.490666,0.49133,0.492238,0.493302,0.49443,0.495536,0.496552,0.497433,0.498159,0.498727,0.499152,0.499456,0.499663,0.499799,0.499885,0.499936,0.499966,0.499983,0.499991,0.499996,0.499998,0.499999,0.5,0.5,0.5,0.5,0.5,0.5,0.5,0.5,0.5
0.5,0.5,0.5,0.5,0.5,0.5,0.5,0.5,0.5,0.5,0.499999,0.499998,0.499995,0.49999,0.49998,0.499963,0.499934,0.499885,0.499807,0.499687,0.499512,0.499268,0.498941,0.498523,0.498015,0.49743,0.496792,0.496142,0.495528,0.495005,0.494622,0.49442,0.49442,0.494622,0.495005,0.495528,0.496142,0.496792,0.49743,0.498015,0.498523,0.498941,0.499268,0.499512,0.499687,0.499807,0.499885,0.499934,0.499963,0.49998,0.49999,0.499995,0.499998,0.499999,0.5,0.5,0.5,0.5,0.5,0.5,0.5,0.5,0.5,0.5
0.5,0.5,0.5,0.5,0.5,0.5,0.5,0.5,0.5,0.5,0.499999,0.499999,0.499997,0.499994,0.499989,0.49998,0.499963,0.499936,0.499893,0.499827,0.49973,0.499594,0.499413,0.499181,0.498899,0.498574,0.49822,0.497859,0.497518,0.497227,0.497014,0.496902,0.496902,0.497014,0.497227,0.497518,0.497859,0.49822,0.498574,0.498899,0.499181,0.499413,0.499594,0.49973,0.499827,0.499893,0.499936,0.499963,0.49998,0.499989,0.499994,0.499997,0.499999,0.499999,0.5,0.5,0.5,0.5,0.5,0.5,0.5,0.5,0.5,0.5
0.5,0.5,0.5,0.5,0.5,0.5,0.5,0.5,0.5,0.5,0.5,0.499999,0.499999,0.499997,0.499994,0.499989,0.49998,0.499966,0.499943,0.499908,0.499856,0.499783,0.499686,0.499562,0.499412,0.499238,0.499048,0.498855,0.498672,0.498516,0.498403,0.498342,0.498342,0.498403,0.498516,0.498672,0.498855,0.499048,0.499238,0.499412,0.499562,0.499686,0.499783,0.499856,0.499908,0.499943,0.499966,0.49998,0.499989,0.499994,0.499997,0.499999,0.499999,0.5,0.5,0.5,0.5,0.5,0.5,0.5,0.5,0.5,0.5,0.5
0.5,0.5,0.5,0.5,0.5,0.5,0.5,0.5,0.5,0.5,0.5,0.5,0.499999,0.499998,0.499997,0.499994,0.49999,0.499983,0.499971,0.499952,0.499926,0.499889,0.499839,0.499775,0.499697,0.499607,0.49951,0.49941,0.499316,0.499235,0.499177,0.499146,0.499146,0.499177,0.499235,0.499316,0.49941,0.49951,0.499607,0.499697,0.499775,0.499839,0.499889,0.499926,0.499952,0.499971,0.499983,0.49999,0.499994,0.499997,0.499998,0.499999,0.5,0.5,0.5,0.5,0.5,0.5,0.5,0.5,0.5,0.5,0.5,0.5
0.5,0.5,0.5,0.5,0.5,0.5,0.5,0.5,0.5,0.5,0.5,0.5,0.5,0.499999,0.499999,0.499997,0.499995,0.499991,0.499985,0.499976,0.499963,0.499945,0.49992,0.499888,0.49985,0.499805,0.499757,0.499707,0.49966,0.49962,0.499591,0.499576,0.499576,0.499591,0.49962,0.49966,0.499707,0.499757,0.499805,0.49985,0.499888,0.49992,0.499945,0.499963,0.499976,0.499985,0.499991,0.499995,0.499997,0.499999,0.499999,0.5,0.5,0.5,0.5,0.5,0.5,0.5,0.5,0.5,0.5,0.5,0.5,0.5
0.5,0.5,0.5,0.5,0.5,0.5,0.5,0.5,0.5,0.5,0.5,0.5,0.5,0.5,0.499999,0.499999,0.499998,0.499996,0.499993,0.499989,0.499982,0.499974,0.499962,0.499947,0.499928,0.499907,0.499884,0.49986,0.499837,0.499818,0.499804,0.499797,0.499797,0.499804,0.499818,0.499837,0.49986,0.499884,0.499907,0.499928,0.499947,0.499962,0.499974,0.499982,0.499989,0.499993,0.499996,0.499998,0.499999,0.499999,0.5,0.5,0.5,0.5,0.5,0.5,0.5,0.5,0.5,0.5,0.5,0.5,0.5,0.5
0.5,0.5,0.5,0.5,0.5,0.5,0.5,0.5,0.5,0.5,0.5,0.5,0.5,0.5,0.5,0.499999,0.499999,0.499998,0.499997,0.499995,0.499992,0.499988,0.499982,0.499975,0.499967,0.499957,0.499946,0.499935,0.499925,0.499916,0.49991,0.499906,0.499906,0.49991,0.499916,0.499925,0.499935,0.499946,0.499957,0.499967,0.499975,0.499982,0.499988,0.499992,0.499995,0.499997,0.499998,0.499999,0.499999,0.5,0.5,0.5,0.5,0.5,0.5,0.5,0.5,0.5,0.5,0.5,0.5,0.5,0.5,0.5
0.5,0.5,0.5,0.5,0.5,0.5,0.5,0.5,0.5,0.5,0.5,0.5,0.5,0.5,0.5,0.5,0.5,0.499999,0.499999,0.499998,0.499996,0.499995,0.499992,0.499989,0.499985,0.499981,0.499976,0.499971,0.499967,0.499963,0.49996,0.499958,0.499958,0.49996,0.499963,0.499967,0.499971,0.499976,0.499981,0.499985,0.499989,0.499992,0.499995,0.499996,0.499998,0.499999,0.499999,0.5,0.5,0.5,0.5,0.5,0.5,0.5,0.5,0.5,0.5,0.5,0.5,0.5,0.5,0.5,0.5,0.5
0.5,0.5,0.5,0.5,0.5,0.5,0.5,0.5,0.5,0.5,0.5,0.5,0.5,0.5,0.5,0.5,0.5,0.5,0.499999,0.499999,0.499998,0.499998,0.499997,0.499995,0.499994,0.499992,0.49999,0.499988,0.499986,0.499984,0.499983,0.499982,0.499982,0.499983,0.499984,0.499986,0.499988,0.49999,0.499992,0.499994,0.499995,0.499997,0.499998,0.499998,0.499999,0.499999,0.5,0.5,0.5,0.5,0.5,0.5,0.5,0.5,0.5,0.5,0.5,0.5,0.5,0.5,0.5,0.5,0.5,0.5
0.5,0.5,0.5,0.5,0.5,0.5,0.5,0.5,0.5,0.5,0.5,0.5,0.5,0.5,0.5,0.5,0.5,0.5,0.5,0.5,0.499999,0.499999,0.499999,0.499998,0.499997,0.499997,0.499996,0.499995,0.499994,0.499993,0.499993,0.499993,0.499993,0.499993,0.499993,0.499994,0.499995,0.499996,0.499997,0.499997,0.499998,0.499999,0.499999,0.499999,0.5,0.5,0.5,0.5,0.5,0.5,0.5,0.5,0.5,0.5,0.5,0.5,0.5,0.5,0.5,0.5,0.5,0.5,0.5,0.5
0.5,0.5,0.5,0.5,0.5,0.5,0.5,0.5,0.5,0.5,0.5,0.5,0.5,0.5,0.5,0.5,0.5,0.5,0.5,0.5,0.5,0.5,0.499999,0.499999,0.499999,0.499999,0.499998,0.499998,0.499998,0.499997,0.499997,0.499997,0.499997,0.499997,0.499997,0.499998,0.499998,0.499998,0.499999,0.499999,0.499999,0.499999,0.5,0.5,0.5,0.5,0.5,0.5,0.5,0.5,0.5,0.5,0.5,0.5,0.5,0.5,0.5,0.5,0.5,0.5,0.5,0.5,0.5,0.5
0.5,0.5,0.5,0.5,0.5,0.5,0.5,0.5,0.5,0.5,0.5,0.5,0.5,0.5,0.5,0.5,0.5,0.5,0.5,0.5,0.5,0.5,0.5,0.5,0.5,0.499999,0.499999,0.499999,0.499999,0.499999,0.499999,0.499999,0.499999,0.499999,0.499999,0.499999,0.499999,0.499999,0.499999,0.5,0.5,0.5,0.5,0.5,0.5,0.5,0.5,0.5,0.5,0.5,0.5,0.5,0.5,0.5,0.5,0.5,0.5,0.5,0.5,0.5,0.5,0.5,0.5,0.5
0.5,0.5,0.5,0.5,0.5,0.5,0.5,0.5,0.5,0.5,0.5,0.5,0.5,0.5,0.5,0.5,0.5,0.5,0.5,0.5,0.5,0.5,0.5,0.5,0.5,0.5,0.5,0.5,0.5,0.5,0.5,0.5,0.5,0.5,0.5,0.5,0.5,0.5,0.5,0.5,0.5,0.5,0.5,0.5,0.5,0.5,0.5,0.5,0.5,0.5,0.5,0.5,0.5,0.5,0.5,0.5,0.5,0.5,0.5,0.5,0.5,0.5,0.5,0.5
0.5,0.5,0.5,0.5,0.5,0.5,0.5,0.5,0.5,0.5,0.5,0.5,0.5,0.5,0.5,0.5,0.5,0.5,0.5,0.5,0.5,0.5,0.5,0.5,0.5,0.5,0.5,0.5,0.5,0.5,0.5,0.5,0.5,0.5,0.5,0.5,0.5,0.5,0.5,0.5,0.5,0.5,0.5,0.5,0.5,0.5,0.5,0.5,0.5,0.5,0.5,0.5,0.5,0.5,0.5,0.5,0.5,0.5,0.5,0.5,0.5,0.5,0.5,0.5
0.5,0.5,0.5,0.5,0.5,0.5,0.5,0.5,0.5,0.5,0.5,0.5,0.5,0.5,0.5,0.5,0.5,0.5,0.5,0.5,0.5,0.5,0.5,0.5,0.5,0.5,0.5,0.5,0.5,0.5,0.5,0.5,0.5,0.5,0.5,0.5,0.5,0.5,0.5,0.5,0.5,0.5,0.5,0.5,0.5,0.5,0.5,0.5,0.5,0.5,0.5,0.5,0.5,0.5,0.5,0.5,0.5,0.5,0.5,0.5,0.5,0.5,0.5,0.5
0.5,0.5,0.5,0.5,0.5,0.5,0.5,0.5,0.5,0.5,0.5,0.5,0.5,0.5,0.5,0.5,0.5,0.5,0.5,0.5,0.5,0.5,0.5,0.5,0.5,0.5,0.5,0.5,0.5,0.5,0.5,0.5,0.5,0.5,0.5,0.5,0.5,0.5,0.5,0.5,0.5,0.5,0.5,0.5,0.5,0.5,0.5,0.5,0.5,0.5,0.5,0.5,0.5,0.5,0.5,0.5,0.5,0.5,0.5,0.5,0.5,0.5,0.5,0.5
0.5,0.5,0.5,0.5,0.5,0.5,0.5,0.5,0.5,0.5,0.5,0.5,0.5,0.5,0.5,0.5,0.5,0.5,0.5,0.5,0.5,0.5,0.5,0.5,0.5,0.5,0.5,0.5,0.5,0.5,0.5,0.5,0.5,0.5,0.5,0.5,0.5,0.5,0.5,0.5,0.5,0.5,0.5,0.5,0.5,0.5,0.5,0.5,0.5,0.5,0.5,0.5,0.5,0.5,0.5,0.5,0.5,0.5,0.5,0.5,0.5,0.5,0.5,0.5
