0.5,0.5,0.5,0.5,0.5,0.5,0.5,0.5,0.499999,0.499999,0.499998,0.499996,0.499994,0.49999,0.499985,0.499977,0.499966,0.49995,0.49993,0.499904,0.499871,0.499832,0.499787,0.499736,0.49968,0.499622,0.499564,0.49951,0.499462,0.499422,0.499395,0.49938,0.49938,0.499395,0.499422,0.499462,0.49951,0.499564,0.499622,0.49968,0.499736,0.499787,0.499832,0.499871,0.499904,0.49993,0.49995,0.499966,0.499977,0.499985,0.49999,0.499994,0.499996,0.499998,0.499999,0.499999,0.5,0.5,0.5,0.5,0.5,0.5,0.5,0.5
0.5,0.5,0.5,0.5,0.5,0.5,0.5,0.5,0.499999,0.499999,0.499998,0.499996,0.499994,0.49999,0.499985,0.499977,0.499966,0.49995,0.49993,0.499904,0.499871,0.499832,0.499787,0.499736,0.49968,0.499622,0.499564,0.49951,0.499462,0.499422,0.499395,0.49938,0.49938,0.499395,0.499422,0.499462,0.49951,0.499564,0.499622,0.49968,0.499736,0.499787,0.499832,0.499871,0.499904,0.49993,0.49995,0.499966,0.499977,0.499985,0.49999,0.499994,0.499996,0.499998,0.499999,0.499999,0.5,0.5,0.5,0.5,0.5,0.5,0.5,0.5
0.5,0.5,0.5,0.5,0.5,0.5,0.5,0.499999,0.499999,0.499998,0.499997,0.499994,0.499991,0.499985,0.499977,0.499964,0.499947,0.499924,0.499894,0.499855,0.499806,0.499749,0.499682,0.499607,0.499526,0.499442,0.499358,0.499279,0.49921,0.499153,0.499114,0.499093,0.499093,0.499114,0.499153,0.49921,0.499279,0.499358,0.499442,0.499526,0.499607,0.499682,0.499749,0.499806,0.499855,0.499894,0.499924,0.499947,0.499964,0.499977,0.499985,0.499991,0.499994,0.499997,0.499998,0.499999,0.499999,0.5,0.5,0.5,0.5,0.5,0.5,0.5
0.5,0.5,0.5,0.5,0.5,0.5,0.499999,0.499999,0.499998,0.499996,0.499994,0.499989,0.499982,0.499972,0.499957,0.499934,0.499903,0.499862,0.499807,0.499738,0.499653,0.499552,0.499435,0.499305,0.499166,0.499022,0.49888,0.498746,0.498628,0.498532,0.498465,0.49843,0.49843,0.498465,0.498532,0.498628,0.498746,0.49888,0.499022,0.499166,0.499305,0.499435,0.499552,0.499653,0.499738,0.499807,0.499862,0.499903,0.499934,0.499957,0.499972,0.499982,0.499989,0.499994,0.499996,0.499998,0.499999,0.499999,0.5,0.5,0.5,0.5,0.5,0.5
0.5,0.5,0.5,0.5,0.5,0.499999,0.499999,0.499998,0.499996,0.499993,0.499988,0.499979,0.499966,0.499946,0.499917,0.499875,0.499818,0.499741,0.499641,0.499514,0.49936,0.499178,0.498969,0.498738,0.498491,0.498237,0.497988,0.497754,0.497548,0.497382,0.497265,0.497205,0.497205,0.497265,0.497382,0.497548,0.497754,0.497988,0.498237,0.498491,0.498738,0.498969,0.499178,0.49936,0.499514,0.499641,0.499741,0.499818,0.499875,0.499917,0.499946,0.499966,0.499979,0.499988,0.499993,0.499996,0.499998,0.499999,0.499999,0.5,0.5,0.5,0.5,0.5
0.5,0.5,0.5,0.5,0.499999,0.499999,0.499998,0.499996,0.499992,0.499986,0.499976,0.49996,0.499936,0.499898,0.499844,0.499768,0.499662,0.499523,0.499342,0.499116,0.498842,0.49852,0.498153,0.497749,0.497319,0.49688,0.49645,0.496048,0.495696,0.495412,0.495213,0.495111,0.495111,0.495213,0.495412,0.495696,0.496048,0.49645,0.49688,0.497319,0.497749,0.498153,0.49852,0.498842,0.499116,0.499342,0.499523,0.499662,0.499768,0.499844,0.499898,0.499936,0.49996,0.499976,0.499986,0.499992,0.499996,0.499998,0.499999,0.499999,0.5,0.5,0.5,0.5
0.5,0.5,0.5,0.499999,0.499999,0.499998,0.499996,0.499992,0.499985,0.499974,0.499955,0.499926,0.499881,0.499814,0.499716,0.499579,0.499392,0.499146,0.49883,0.498437,0.497964,0.497411,0.496786,0.496101,0.495377,0.494641,0.493922,0.493254,0.49267,0.492201,0.491873,0.491704,0.491704,0.491873,0.492201,0.49267,0.493254,0.493922,0.494641,0.495377,0.496101,0.496786,0.497411,0.497964,0.498437,0.49883,0.499146,0.499392,0.499579,0.499716,0.499814,0.499881,0.499926,0.499955,0.499974,0.499985,0.499992,0.499996,0.499998,0.499999,0.499999,0.5,0.5,0.5
0.5,0.5,0.499999,0.499999,0.499998,0.499996,0.499992,0.499985,0.499973,0.499952,0.499919,0.499867,0.499787,0.499668,0.499498,0.49926,0.498939,0.498518,0.497983,0.497322,0.496532,0.495615,0.494584,0.493462,0.492284,0.491091,0.489932,0.488859,0.487925,0.487177,0.486654,0.486385,0.486385,0.486654,0.487177,0.487925,0.488859,0.489932,0.491091,0.492284,0.493462,0.494584,0.495615,0.496532,0.497322,0.497983,0.498518,0.498939,0.49926,0.499498,0.499668,0.499787,0.499867,0.499919,0.499952,0.499973,0.499985,0.499992,0.499996,0.499998,0.499999,0.499999,0.5,0.5
0.499999,0.499999,0.499999,0.499998,0.499996,0.499992,0.499985,0.499973,0.499951,0.499915,0.499857,0.499767,0.499629,0.499427,0.499138,0.49874,0.498205,0.497509,0.496631,0.495556,0.494279,0.492808,0.491166,0.489392,0.487539,0.485674,0.483871,0.482211,0.48077,0.479619,0.478817,0.478405,0.478405,0.478817,0.479619,0.48077,0.482211,0.483871,0.485674,0.487539,0.489392,0.491166,0.492808,0.494279,0.495556,0.496631,0.497509,0.498205,0.49874,0.499138,0.499427,0.499629,0.499767,0.499857,0.499915,0.499951,0.499973,0.499985,0.499992,0.499996,0.499998,0.499999,0.499999,0.499999
0.499999,0.499999,0.499998,0.499996,0.499993,0.499986,0.499974,0.499952,0.499915,0.499854,0.499756,0.499604,0.499374,0.49904,0.498567,0.497918,0.497055,0.495941,0.494547,0.492854,0.490858,0.488578,0.486052,0.483341,0.48053,0.477716,0.475013,0.472535,0.470393,0.468688,0.467503,0.466896,0.466896,0.467503,0.468688,0.470393,0.472535,0.475013,0.477716,0.48053,0.483341,0.486052,0.488578,0.490858,0.492854,0.494547,0.495941,0.497055,0.497918,0.498567,0.49904,0.499374,0.499604,0.499756,0.499854,0.499915,0.499952,0.499974,0.499986,0.499993,0.499996,0.499998,0.499999,0.499999
0.499998,0.499998,0.499997,0.499994,0.499988,0.499976,0.499955,0.499919,0.499857,0.499756,0.499595,0.499346,0.498976,0.498439,0.497686,0.496663,0.495313,0.493587,0.491444,0.488863,0.485848,0.48243,0.478674,0.474675,0.470557,0.466465,0.462556,0.458992,0.455925,0.453494,0.451808,0.450945,0.450945,0.451808,0.453494,0.455925,0.458992,0.462556,0.466465,0.470557,0.474675,0.478674,0.48243,0.485848,0.488863,0.491444,0.493587,0.495313,0.496663,0.497686,0.498439,0.498976,0.499346,0.499595,0.499756,0.499857,0.499919,0.499955,0.499976,0.499988,0.499994,0.499997,0.499998,0.499998
0.499996,0.499996,0.499994,0.499989,0.499979,0.49996,0.499926,0.499867,0.499767,0.499604,0.499346,0.498953,0.498371,0.497536,0.496375,0.494809,0.492763,0.490169,0.486979,0.483171,0.478763,0.473811,0.468415,0.462718,0.456898,0.451156,0.445707,0.440769,0.436541,0.433203,0.430894,0.429715,0.429715,0.430894,0.433203,0.436541,0.440769,0.445707,0.451156,0.456898,0.462718,0.468415,0.473811,0.478763,0.483171,0.486979,0.490169,0.492763,0.494809,0.496375,0.497536,0.498371,0.498953,0.499346,0.499604,0.499767,0.499867,0.499926,0.49996,0.499979,0.499989,0.499994,0.499996,0.499996
0.499994,0.499994,0.499991,0.499982,0.499966,0.499936,0.499881,0.499787,0.499629,0.499374,0.498976,0.498371,0.497484,0.496221,0.494482,0.492159,0.489151,0.485374,0.480772,0.475333,0.469096,0.462156,0.454665,0.446827,0.438887,0.431117,0.423799,0.417208,0.411599,0.407188,0.404149,0.402599,0.402599,0.404149,0.407188,0.411599,0.417208,0.423799,0.431117,0.438887,0.446827,0.454665,0.462156,0.469096,0.475333,0.480772,0.485374,0.489151,0.492159,0.494482,0.496221,0.497484,0.498371,0.498976,0.499374,0.499629,0.499787,0.499881,0.499936,0.499966,0.499982,0.499991,0.499994,0.499994
0.49999,0.49999,0.499985,0.499972,0.499946,0.499898,0.499814,0.499668,0.499427,0.49904,0.498439,0.497536,0.496221,0.494369,0.49184,0.488494,0.484203,0.478868,0.472434,0.464908,0.456366,0.446957,0.436903,0.426487,0.416034,0.405896,0.396426,0.387959,0.380798,0.375195,0.371349,0.369392,0.369392,0.371349,0.375195,0.380798,0.387959,0.396426,0.405896,0.416034,0.426487,0.436903,0.446957,0.456366,0.464908,0.472434,0.478868,0.484203,0.488494,0.49184,0.494369,0.496221,0.497536,0.498439,0.49904,0.499427,0.499668,0.499814,0.499898,0.499946,0.499972,0.499985,0.49999,0.49999
0.499985,0.499985,0.499977,0.499957,0.499917,0.499844,0.499716,0.499498,0.499138,0.498567,0.497686,0.496375,0.494482,0.49184,0.488266,0.483585,0.477643,0.470332,0.461609,0.451515,0.440183,0.427839,0.414793,0.401421,0.388141,0.375388,0.363584,0.353117,0.344326,0.337489,0.332815,0.330443,0.330443,0.332815,0.337489,0.344326,0.353117,0.363584,0.375388,0.388141,0.401421,0.414793,0.427839,0.440183,0.451515,0.461609,0.470332,0.477643,0.483585,0.488266,0.49184,0.494482,0.496375,0.497686,0.498567,0.499138,0.499498,0.499716,0.499844,0.499917,0.499957,0.499977,0.499985,0.499985
0.499977,0.499977,0.499964,0.499934,0.499875,0.499768,0.499579,0.49926,0.49874,0.497918,0.496663,0.494809,0.492159,0.488494,0.483585,0.477221,0.469227,0.459498,0.44802,0.434892,0.420325,0.404646,0.388272,0.371687,0.355405,0.339941,0.325775,0.313331,0.302966,0.294957,0.289509,0.286753,0.286753,0.289509,0.294957,0.302966,0.313331,0.325775,0.339941,0.355405,0.371687,0.388272,0.404646,0.420325,0.434892,0.44802,0.459498,0.469227,0.477221,0.483585,0.488494,0.492159,0.494809,0.496663,0.497918,0.49874,0.49926,0.499579,0.499768,0.499875,0.499934,0.499964,0.499977,0.499977
0.499966,0.499966,0.499947,0.499903,0.499818,0.499662,0.499392,0.498939,0.498205,0.497055,0.495313,0.492763,0.489151,0.484203,0.477643,0.469227,0.458771,0.446191,0.431526,0.414955,0.3968,0.377509,0.357624,0.337745,0.31848,0.30041,0.28405,0.269836,0.258107,0.249115,0.243034,0.239969,0.239969,0.243034,0.249115,0.258107,0.269836,0.28405,0.30041,0.31848,0.337745,0.357624,0.377509,0.3968,0.414955,0.431526,0.446191,0.458771,0.469227,0.477643,0.484203,0.489151,0.492763,0.495313,0.497055,0.498205,0.498939,0.499392,0.499662,0.499818,0.499903,0.499947,0.499966,0.499966
0.49995,0.49995,0.499924,0.499862,0.499741,0.499523,0.499146,0.498518,0.497509,0.495941,0.493587,0.490169,0.485374,0.478868,0.470332,0.459498,0.446191,0.430371,0.412157,0.391844,0.369888,0.346882,0.323506,0.300473,0.278475,0.258132,0.239967,0.224381,0.211666,0.202009,0.195525,0.192271,0.192271,0.195525,0.202009,0.211666,0.224381,0.239967,0.258132,0.278475,0.300473,0.323506,0.346882,0.369888,0.391844,0.412157,0.430371,0.446191,0.459498,0.470332,0.478868,0.485374,0.490169,0.493587,0.495941,0.497509,0.498518,0.499146,0.499523,0.499741,0.499862,0.499924,0.49995,0.49995
0.49993,0.49993,0.499894,0.499807,0.499641,0.499342,0.49883,0.497983,0.496631,0.494547,0.491444,0.486979,0.480772,0.472434,0.461609,0.44802,0.431526,0.412157,0.390149,0.365941,0.340153,0.31354,0.286922,0.261117,0.236875,0.214825,0.195448,0.179074,0.165897,0.156005,0.149421,0.146136,0.146136,0.149421,0.156005,0.165897,0.179074,0.195448,0.214825,0.236875,0.261117,0.286922,0.31354,0.340153,0.365941,0.390149,0.412157,0.431526,0.44802,0.461609,0.472434,0.480772,0.486979,0.491444,0.494547,0.496631,0.497983,0.49883,0.499342,0.499641,0.499807,0.499894,0.49993,0.49993
0.499904,0.499904,0.499855,0.499738,0.499514,0.499116,0.498437,0.497322,0.495556,0.492854,0.488863,0.483171,0.475333,0.464908,0.451515,0.434892,0.414955,0.391844,0.365941,0.337863,0.308415,0.278523,0.249143,0.221177,0.195398,0.172399,0.152574,0.13613,0.123122,0.113501,0.107171,0.104035,0.104035,0.107171,0.113501,0.123122,0.13613,0.152574,0.172399,0.195398,0.221177,0.249143,0.278523,0.308415,0.337863,0.365941,0.391844,0.414955,0.434892,0.451515,0.464908,0.475333,0.483171,0.488863,0.492854,0.495556,0.497322,0.498437,0.499116,0.499514,0.499738,0.499855,0.499904,0.499904
0.499871,0.499871,0.499806,0.499653,0.49936,0.498842,0.497964,0.496532,0.494279,0.490858,0.485848,0.478763,0.469096,0.456366,0.440183,0.420325,0.3968,0.369888,0.340153,0.308415,0.27568,0.243043,0.21158,0.182248,0.155797,0.132737,0.113324,0.097598,0.0854332,0.0766133,0.0709009,0.0680997,0.0680997,0.0709009,0.0766133,0.0854332,0.097598,0.113324,0.132737,0.155797,0.182248,0.21158,0.243043,0.27568,0.308415,0.340153,0.369888,0.3968,0.420325,0.440183,0.456366,0.469096,0.478763,0.485848,0.490858,0.494279,0.496532,0.497964,0.498842,0.49936,0.499653,0.499806,0.499871,0.499871
0.499832,0.499832,0.499749,0.499552,0.499178,0.49852,0.497411,0.495615,0.492808,0.488578,0.48243,0.473811,0.462156,0.446957,0.427839,0.404646,0.377509,0.346882,0.31354,0.278523,0.243043,0.208355,0.175629,0.145832,0.119652,0.0974597,0.0793307,0.0650945,0.0544181,0.0468961,0.0421383,0.0398417,0.0398417,0.0421383,0.0468961,0.0544181,0.0650945,0.0793307,0.0974597,0.119652,0.145832,0.175629,0.208355,0.243043,0.278523,0.31354,0.346882,0.377509,0.404646,0.427839,0.446957,0.462156,0.473811,0.48243,0.488578,0.492808,0.495615,0.497411,0.49852,0.499178,0.499552,0.499749,0.499832,0.499832
0.499787,0.499787,0.499682,0.499435,0.498969,0.498153,0.496786,0.494584,0.491166,0.486052,0.478674,0.468415,0.454665,0.436903,0.414793,0.388272,0.357624,0.323506,0.286922,0.249143,0.21158,0.175629,0.142516,0.113178,0.0881876,0.067738,0.0516814,0.039612,0.030971,0.0251568,0.0216252,0.0199682,0.0199682,0.0216252,0.0251568,0.030971,0.039612,0.0516814,0.067738,0.0881876,0.113178,0.142516,0.175629,0.21158,0.249143,0.286922,0.323506,0.357624,0.388272,0.414793,0.436903,0.454665,0.468415,0.478674,0.486052,0.491166,0.494584,0.496786,0.498153,0.498969,0.499435,0.499682,0.499787,0.499787
0.499736,0.499736,0.499607,0.499305,0.498738,0.497749,0.496101,0.493462,0.489392,0.483341,0.474675,0.462718,0.446827,0.426487,0.401421,0.371687,0.337745,0.300473,0.261117,0.221177,0.182248,0.145832,0.113178,0.0851462,0.0621536,0.0441763,0.0308199,0.0214294,0.015218,0.0113938,0.00926827,0.00833786,0.00833786,0.00926827,0.0113938,0.015218,0.0214294,0.0308199,0.0441763,0.0621536,0.0851462,0.113178,0.145832,0.182248,0.221177,0.261117,0.300473,0.337745,0.371687,0.401421,0.426487,0.446827,0.462718,0.474675,0.483341,0.489392,0.493462,0.496101,0.497749,0.498738,0.499305,0.499607,0.499736,0.499736
0.49968,0.49968,0.499526,0.499166,0.498491,0.497319,0.495377,0.492284,0.487539,0.48053,0.470557,0.456898,0.438887,0.416034,0.388141,0.355405,0.31848,0.278475,0.236875,0.195398,0.155797,0.119652,0.0881876,0.0621536,0.0417751,0.0267895,0.0165445,0.0101377,0.00656611,0.00486535,0.00422145,0.0040511,0.0040511,0.00422145,0.00486535,0.00656611,0.0101377,0.0165445,0.0267895,0.0417751,0.0621536,0.0881876,0.119652,0.155797,0.195398,0.236875,0.278475,0.31848,0.355405,0.388141,0.416034,0.438887,0.456898,0.470557,0.48053,0.487539,0.492284,0.495377,0.497319,0.498491,0.499166,0.499526,0.49968,0.49968
0.499622,0.499622,0.499442,0.499022,0.498237,0.49688,0.494641,0.491091,0.485674,0.477716,0.466465,0.451156,0.431117,0.405896,0.375388,0.339941,0.30041,0.258132,0.214825,0.172399,0.132737,0.0974597,0.067738,0.0441763,0.0267895,0.0150669,0.00810346,0.00476441,0.00385401,0.00426166,0.00507311,0.00564444,0.00564444,0.00507311,0.00426166,0.00385401,0.00476441,0.00810346,0.0150669,0.0267895,0.0441763,0.067738,0.0974597,0.132737,0.172399,0.214825,0.258132,0.30041,0.339941,0.375388,0.405896,0.431117,0.451156,0.466465,0.477716,0.485674,0.491091,0.494641,0.49688,0.498237,0.499022,0.499442,0.499622,0.499622
0.499564,0.499564,0.499358,0.49888,0.497988,0.49645,0.493922,0.489932,0.483871,0.475013,0.462556,0.445707,0.423799,0.396426,0.363584,0.325775,0.28405,0.239967,0.195448,0.152574,0.113324,0.0793307,0.0516814,0.0308199,0.0165445,0.00810346,0.00435615,0.00396225,0.00556386,0.00793517,0.0100887,0.0113398,0.0113398,0.0100887,0.00793517,0.00556386,0.00396225,0.00435615,0.00810346,0.0165445,0.0308199,0.0516814,0.0793307,0.113324,0.152574,0.195448,0.239967,0.28405,0.325775,0.363584,0.396426,0.423799,0.445707,0.462556,0.475013,0.483871,0.489932,0.493922,0.49645,0.497988,0.49888,0.499358,0.499564,0.499564
0.49951,0.49951,0.499279,0.498746,0.497754,0.496048,0.493254,0.488859,0.482211,0.472535,0.458992,0.440769,0.417208,0.387959,0.353117,0.313331,0.269836,0.224381,0.179074,0.13613,0.097598,0.0650945,0.039612,0.0214294,0.0101377,0.00476441,0.00396225,0.00621846,0.010047,0.0141378,0.0174556,0.019293,0.019293,0.0174556,0.0141378,0.010047,0.00621846,0.00396225,0.00476441,0.0101377,0.0214294,0.039612,0.0650945,0.097598,0.13613,0.179074,0.224381,0.269836,0.313331,0.353117,0.387959,0.417208,0.440769,0.458992,0.472535,0.482211,0.488859,0.493254,0.496048,0.497754,0.498746,0.499279,0.49951,0.49951
0.499462,0.499462,0.49921,0.498628,0.497548,0.495696,0.49267,0.487925,0.48077,0.470393,0.455925,0.436541,0.411599,0.380798,0.344326,0.302966,0.258107,0.211666,0.165897,0.123122,0.0854332,0.0544181,0.030971,0.015218,0.00656611,0.00385401,0.00556386,0.010047,0.0157222,0.0212233,0.0254878,0.0277993,0.0277993,0.0254878,0.0212233,0.0157222,0.010047,0.00556386,0.00385401,0.00656611,0.015218,0.030971,0.0544181,0.0854332,0.123122,0.165897,0.211666,0.258107,0.302966,0.344326,0.380798,0.411599,0.436541,0.455925,0.470393,0.48077,0.487925,0.49267,0.495696,0.497548,0.498628,0.49921,0.499462,0.499462
0.499422,0.499422,0.499153,0.498532,0.497382,0.495412,0.492201,0.487177,0.479619,0.468688,0.453494,0.433203,0.407188,0.375195,0.337489,0.294957,0.249115,0.202009,0.156005,0.113501,0.0766133,0.0468961,0.0251568,0.0113938,0.00486535,0.00426166,0.00793517,0.0141378,0.0212233,0.0277908,0.0327658,0.0354314,0.0354314,0.0327658,0.0277908,0.0212233,0.0141378,0.00793517,0.00426166,0.00486535,0.0113938,0.0251568,0.0468961,0.0766133,0.113501,0.156005,0.202009,0.249115,0.294957,0.337489,0.375195,0.407188,0.433203,0.453494,0.468688,0.479619,0.487177,0.492201,0.495412,0.497382,0.498532,0.499153,0.499422,0.499422
0.499395,0.499395,0.499114,0.498465,0.497265,0.495213,0.491873,0.486654,0.478817,0.467503,0.451808,0.430894,0.404149,0.371349,0.332815,0.289509,0.243034,0.195525,0.149421,0.107171,0.0709009,0.0421383,0.0216252,0.00926827,0.00422145,0.00507311,0.0100887,0.0174556,0.0254878,0.0327658,0.0382113,0.0411104,0.0411104,0.0382113,0.0327658,0.0254878,0.0174556,0.0100887,0.00507311,0.00422145,0.00926827,0.0216252,0.0421383,0.0709009,0.107171,0.149421,0.195525,0.243034,0.289509,0.332815,0.371349,0.404149,0.430894,0.451808,0.467503,0.478817,0.486654,0.491873,0.495213,0.497265,0.498465,0.499114,0.499395,0.499395
0.49938,0.49938,0.499093,0.49843,0.497205,0.495111,0.491704,0.486385,0.478405,0.466896,0.450945,0.429715,0.402599,0.369392,0.330443,0.286753,0.239969,0.192271,0.146136,0.104035,0.0680997,0.0398417,0.0199682,0.00833786,0.0040511,0.00564444,0.0113398,0.019293,0.0277993,0.0354314,0.0411104,0.044125,0.044125,0.0411104,0.0354314,0.0277993,0.019293,0.0113398,0.00564444,0.0040511,0.00833786,0.0199682,0.0398417,0.0680997,0.104035,0.146136,0.192271,0.239969,0.286753,0.330443,0.369392,0.402599,0.429715,0.450945,0.466896,0.478405,0.486385,0.491704,0.495111,0.497205,0.49843,0.499093,0.49938,0.49938
0.49938,0.49938,0.499093,0.49843,0.497205,0.495111,0.491704,0.486385,0.478405,0.466896,0.450945,0.429715,0.402599,0.369392,0.330443,0.286753,0.239969,0.192271,0.146136,0.104035,0.0680997,0.0398417,0.0199682,0.00833786,0.0040511,0.00564444,0.0113398,0.019293,0.0277993,0.0354314,0.0411104,0.044125,0.044125,0.0411104,0.0354314,0.0277993,0.019293,0.0113398,0.00564444,0.0040511,0.00833786,0.0199682,0.0398417,0.0680997,0.104035,0.146136,0.192271,0.239969,0.286753,0.330443,0.369392,0.402599,0.429715,0.450945,0.466896,0.478405,0.486385,0.491704,0.495111,0.497205,0.49843,0.499093,0.49938,0.49938
0.499395,0.499395,0.499114,0.498465,0.497265,0.495213,0.491873,0.486654,0.478817,0.467503,0.451808,0.430894,0.404149,0.371349,0.332815,0.289509,0.243034,0.195525,0.149421,0.107171,0.0709009,0.0421383,0.0216252,0.00926827,0.00422145,0.00507311,0.0100887,0.0174556,0.0254878,0.0327658,0.0382113,0.0411104,0.0411104,0.0382113,0.0327658,0.0254878,0.0174556,0.0100887,0.00507311,0.00422145,0.00926827,0.0216252,0.0421383,0.0709009,0.107171,0.149421,0.195525,0.243034,0.289509,0.332815,0.371349,0.404149,0.430894,0.451808,0.467503,0.478817,0.486654,0.491873,0.495213,0.497265,0.498465,0.499114,0.499395,0.499395
0.499422,0.499422,0.499153,0.498532,0.497382,0.495412,0.492201,0.487177,0.479619,0.468688,0.453494,0.433203,0.407188,0.375195,0.337489,0.294957,0.249115,0.202009,0.156005,0.113501,0.0766133,0.0468961,0.0251568,0.0113938,0.00486535,0.00426166,0.00793517,0.0141378,0.0212233,0.0277908,0.0327658,0.0354314,0.0354314,0.0327658,0.0277908,0.0212233,0.0141378,0.00793517,0.00426166,0.00486535,0.0113938,0.0251568,0.0468961,0.0766133,0.113501,0.156005,0.202009,0.249115,0.294957,0.337489,0.375195,0.407188,0.433203,0.453494,0.468688,0.479619,0.487177,0.492201,0.495412,0.497382,0.498532,0.499153,0.499422,0.499422
0.499462,0.499462,0.49921,0.498628,0.497548,0.495696,0.49267,0.487925,0.48077,0.470393,0.455925,0.436541,0.411599,0.380798,0.344326,0.302966,0.258107,0.211666,0.165897,0.123122,0.0854332,0.0544181,0.030971,0.015218,0.00656611,0.00385401,0.00556386,0.010047,0.0157222,0.0212233,0.0254878,0.0277993,0.0277993,0.0254878,0.0212233,0.0157222,0.010047,0.00556386,0.00385401,0.00656611,0.015218,0.030971,0.0544181,0.0854332,0.123122,0.165897,0.211666,0.258107,0.302966,0.344326,0.380798,0.411599,0.436541,0.455925,0.470393,0.48077,0.487925,0.49267,0.495696,0.497548,0.498628,0.49921,0.499462,0.499462
0.49951,0.49951,0.499279,0.498746,0.497754,0.496048,0.493254,0.488859,0.482211,0.472535,0.458992,0.440769,0.417208,0.387959,0.353117,0.313331,0.269836,0.224381,0.179074,0.13613,0.097598,0.0650945,0.039612,0.0214294,0.0101377,0.00476441,0.00396225,0.00621846,0.010047,0.0141378,0.0174556,0.019293,0.019293,0.0174556,0.0141378,0.010047,0.00621846,0.00396225,0.00476441,0.0101377,0.0214294,0.039612,0.0650945,0.097598,0.13613,0.179074,0.224381,0.269836,0.313331,0.353117,0.387959,0.417208,0.440769,0.458992,0.472535,0.482211,0.488859,0.493254,0.496048,0.497754,0.498746,0.499279,0.49951,0.49951
0.499564,0.499564,0.499358,0.49888,0.497988,0.49645,0.493922,0.489932,0.483871,0.475013,0.462556,0.445707,0.423799,0.396426,0.363584,0.325775,0.28405,0.239967,0.195448,0.152574,0.113324,0.0793307,0.0516814,0.0308199,0.0165445,0.00810346,0.00435615,0.00396225,0.00556386,0.00793517,0.0100887,0.0113398,0.0113398,0.0100887,0.00793517,0.00556386,0.00396225,0.00435615,0.00810346,0.0165445,0.0308199,0.0516814,0.0793307,0.113324,0.152574,0.195448,0.239967,0.28405,0.325775,0.363584,0.396426,0.423799,0.445707,0.462556,0.475013,0.483871,0.489932,0.493922,0.49645,0.497988,0.49888,0.499358,0.499564,0.499564
0.499622,0.499622,0.499442,0.499022,0.498237,0.49688,0.494641,0.491091,0.485674,0.477716,0.466465,0.451156,0.431117,0.405896,0.375388,0.339941,0.30041,0.258132,0.214825,0.172399,0.132737,0.0974597,0.067738,0.0441763,0.0267895,0.0150669,0.00810346,0.00476441,0.00385401,0.00426166,0.00507311,0.00564444,0.00564444,0.00507311,0.00426166,0.00385401,0.00476441,0.00810346,0.0150669,0.0267895,0.0441763,0.067738,0.0974597,0.132737,0.172399,0.214825,0.258132,0.30041,0.339941,0.375388,0.405896,0.431117,0.451156,0.466465,0.477716,0.485674,0.491091,0.494641,0.49688,0.498237,0.499022,0.499442,0.499622,0.499622
0.49968,0.49968,0.499526,0.499166,0.498491,0.497319,0.495377,0.492284,0.487539,0.48053,0.470557,0.456898,0.438887,0.416034,0.388141,0.355405,0.31848,0.278475,0.236875,0.195398,0.155797,0.119652,0.0881876,0.0621536,0.0417751,0.0267895,0.0165445,0.0101377,0.00656611,0.00486535,0.00422145,0.0040511,0.0040511,0.00422145,0.00486535,0.00656611,0.0101377,0.0165445,0.0267895,0.0417751,0.0621536,0.0881876,0.119652,0.155797,0.195398,0.236875,0.278475,0.31848,0.355405,0.388141,0.416034,0.438887,0.456898,0.470557,0.48053,0.487539,0.492284,0.495377,0.497319,0.498491,0.499166,0.499526,0.49968,0.49968
0.499736,0.499736,0.499607,0.499305,0.498738,0.497749,0.496101,0.493462,0.489392,0.483341,0.474675,0.462718,0.446827,0.426487,0.401421,0.371687,0.337745,0.300473,0.261117,0.221177,0.182248,0.145832,0.113178,0.0851462,0.0621536,0.0441763,0.0308199,0.0214294,0.015218,0.0113938,0.00926827,0.00833786,0.00833786,0.00926827,0.0113938,0.015218,0.0214294,0.0308199,0.0441763,0.0621536,0.0851462,0.113178,0.145832,0.182248,0.221177,0.261117,0.300473,0.337745,0.371687,0.401421,0.426487,0.446827,0.462718,0.474675,0.483341,0.489392,0.493462,0.496101,0.497749,0.498738,0.499305,0.499607,0.499736,0.499736
0.499787,0.499787,0.499682,0.499435,0.498969,0.498153,0.496786,0.494584,0.491166,0.486052,0.478674,0.468415,0.454665,0.436903,0.414793,0.388272,0.357624,0.323506,0.286922,0.249143,0.21158,0.175629,0.142516,0.113178,0.0881876,0.067738,0.0516814,0.039612,0.030971,0.0251568,0.0216252,0.0199682,0.0199682,0.0216252,0.0251568,0.030971,0.039612,0.0516814,0.067738,0.0881876,0.113178,0.142516,0.175629,0.21158,0.249143,0.286922,0.323506,0.357624,0.388272,0.414793,0.436903,0.454665,0.468415,0.478674,0.486052,0.491166,0.494584,0.496786,0.498153,0.498969,0.499435,0.499682,0.499787,0.499787
0.499832,0.499832,0.499749,0.499552,0.499178,0.49852,0.497411,0.495615,0.492808,0.488578,0.48243,0.473811,0.462156,0.446957,0.427839,0.404646,0.377509,0.346882,0.31354,0.278523,0.243043,0.208355,0.175629,0.145832,0.119652,0.0974597,0.0793307,0.0650945,0.0544181,0.0468961,0.0421383,0.0398417,0.0398417,0.0421383,0.0468961,0.0544181,0.0650945,0.0793307,0.0974597,0.119652,0.145832,0.175629,0.208355,0.243043,0.278523,0.31354,0.346882,0.377509,0.404646,0.427839,0.446957,0.462156,0.473811,0.48243,0.488578,0.492808,0.495615,0.497411,0.49852,0.499178,0.499552,0.499749,0.499832,0.499832
0.499871,0.499871,0.499806,0.499653,0.49936,0.498842,0.497964,0.496532,0.494279,0.490858,0.485848,0.478763,0.469096,0.456366,0.440183,0.420325,0.3968,0.369888,0.340153,0.308415,0.27568,0.243043,0.21158,0.182248,0.155797,0.132737,0.113324,0.097598,0.0854332,0.0766133,0.0709009,0.0680997,0.0680997,0.0709009,0.0766133,0.0854332,0.097598,0.113324,0.132737,0.155797,0.182248,0.21158,0.243043,0.27568,0.308415,0.340153,0.369888,0.3968,0.420325,0.440183,0.456366,0.469096,0.478763,0.485848,0.490858,0.494279,0.496532,0.497964,0.498842,0.49936,0.499653,0.499806,0.499871,0.499871
0.499904,0.499904,0.499855,0.499738,0.499514,0.499116,0.498437,0.497322,0.495556,0.492854,0.488863,0.483171,0.475333,0.464908,0.451515,0.434892,0.414955,0.391844,0.365941,0.337863,0.308415,0.278523,0.249143,0.221177,0.195398,0.172399,0.152574,0.13613,0.123122,0.113501,0.107171,0.104035,0.104035,0.107171,0.113501,0.123122,0.13613,0.152574,0.172399,0.195398,0.221177,0.249143,0.278523,0.308415,0.337863,0.365941,0.391844,0.414955,0.434892,0.451515,0.464908,0.475333,0.483171,0.488863,0.492854,0.495556,0.497322,0.498437,0.499116,0.499514,0.499738,0.499855,0.499904,0.499904
0.49993,0.49993,0.499894,0.499807,0.499641,0.499342,0.49883,0.497983,0.496631,0.494547,0.491444,0.486979,0.480772,0.472434,0.461609,0.44802,0.431526,0.412157,0.390149,0.365941,0.340153,0.31354,0.286922,0.261117,0.236875,0.214825,0.195448,0.179074,0.165897,0.156005,0.149421,0.146136,0.146136,0.149421,0.156005,0.165897,0.179074,0.195448,0.214825,0.236875,0.261117,0.286922,0.31354,0.340153,0.365941,0.390149,0.412157,0.431526,0.44802,0.461609,0.472434,0.480772,0.486979,0.491444,0.494547,0.496631,0.497983,0.49883,0.499342,0.499641,0.499807,0.499894,0.49993,0.49993
0.49995,0.49995,0.499924,0.499862,0.499741,0.499523,0.499146,0.498518,0.497509,0.495941,0.493587,0.490169,0.485374,0.478868,0.470332,0.459498,0.446191,0.430371,0.412157,0.391844,0.369888,0.346882,0.323506,0.300473,0.278475,0.258132,0.239967,0.224381,0.211666,0.202009,0.195525,0.192271,0.192271,0.195525,0.202009,0.211666,0.224381,0.239967,0.258132,0.278475,0.300473,0.323506,0.346882,0.369888,0.391844,0.412157,0.430371,0.446191,0.459498,0.470332,0.478868,0.485374,0.490169,0.493587,0.495941,0.497509,0.498518,0.499146,0.499523,0.499741,0.499862,0.499924,0.49995,0.49995
0.499966,0.499966,0.499947,0.499903,0.499818,0.499662,0.499392,0.498939,0.498205,0.497055,0.495313,0.492763,0.489151,0.484203,0.477643,0.469227,0.458771,0.446191,0.431526,0.414955,0.3968,0.377509,0.357624,0.337745,0.31848,0.30041,0.28405,0.269836,0.258107,0.249115,0.243034,0.239969,0.239969,0.243034,0.249115,0.258107,0.269836,0.28405,0.30041,0.31848,0.337745,0.357624,0.377509,0.3968,0.414955,0.431526,0.446191,0.458771,0.469227,0.477643,0.484203,0.489151,0.492763,0.495313,0.497055,0.498205,0.498939,0.499392,0.499662,0.499818,0.499903,0.499947,0.499966,0.499966
0.499977,0.499977,0.499964,0.499934,0.499875,0.499768,0.499579,0.49926,0.49874,0.497918,0.496663,0.494809,0.492159,0.488494,0.483585,0.477221,0.469227,0.459498,0.44802,0.434892,0.420325,0.404646,0.388272,0.371687,0.355405,0.339941,0.325775,0.313331,0.302966,0.294957,0.289509,0.286753,0.286753,0.289509,0.294957,0.302966,0.313331,0.325775,0.339941,0.355405,0.371687,0.388272,0.404646,0.420325,0.434892,0.44802,0.459498,0.469227,0.477221,0.483585,0.488494,0.492159,0.494809,0.496663,0.497918,0.49874,0.49926,0.499579,0.499768,0.499875,0.499934,0.499964,0.499977,0.499977
0.499985,0.499985,0.499977,0.499957,0.499917,0.499844,0.499716,0.499498,0.499138,0.498567,0.497686,0.496375,0.494482,0.49184,0.488266,0.483585,0.477643,0.470332,0.461609,0.451515,0.440183,0.427839,0.414793,0.401421,0.388141,0.375388,0.363584,0.353117,0.344326,0.337489,0.332815,0.330443,0.330443,0.332815,0.337489,0.344326,0.353117,0.363584,0.375388,0.388141,0.401421,0.414793,0.427839,0.440183,0.451515,0.461609,0.470332,0.477643,0.483585,0.488266,0.49184,0.494482,0.496375,0.497686,0.498567,0.499138,0.499498,0.499716,0.499844,0.499917,0.499957,0.499977,0.499985,0.499985
0.49999,0.49999,0.499985,0.499972,0.499946,0.499898,0.499814,0.499668,0.499427,0.49904,0.498439,0.497536,0.496221,0.494369,0.49184,0.488494,0.484203,0.478868,0.472434,0.464908,0.456366,0.446957,0.436903,0.426487,0.416034,0.405896,0.396426,0.387959,0.380798,0.375195,0.371349,0.369392,0.369392,0.371349,0.375195,0.380798,0.387959,0.396426,0.405896,0.416034,0.426487,0.436903,0.446957,0.456366,0.464908,0.472434,0.478868,0.484203,0.488494,0.49184,0.494369,0.496221,0.497536,0.498439,0.49904,0.499427,0.499668,0.499814,0.499898,0.499946,0.499972,0.499985,0.49999,0.49999
0.499994,0.499994,0.499991,0.499982,0.499966,0.499936,0.499881,0.499787,0.499629,0.499374,0.498976,0.498371,0.497484,0.496221,0.494482,0.492159,0.489151,0.485374,0.480772,0.475333,0.469096,0.462156,0.454665,0.446827,0.438887,0.431117,0.423799,0.417208,0.411599,0.407188,0.404149,0.402599,0.402599,0.404149,0.407188,0.411599,0.417208,0.423799,0.431117,0.438887,0.446827,0.454665,0.462156,0.469096,0.475333,0.480772,0.485374,0.489151,0.492159,0.494482,0.496221,0.497484,0.498371,0.498976,0.499374,0.499629,0.499787,0.499881,0.499936,0.499966,0.499982,0.499991,0.499994,0.499994
0.499996,0.499996,0.499994,0.499989,0.499979,0.49996,0.499926,0.499867,0.499767,0.499604,0.499346,0.498953,0.498371,0.497536,0.496375,0.494809,0.492763,0.490169,0.486979,0.483171,0.478763,0.473811,0.468415,0.462718,0.456898,0.451156,0.445707,0.440769,0.436541,0.433203,0.430894,0.429715,0.429715,0.430894,0.433203,0.436541,0.440769,0.445707,0.451156,0.456898,0.462718,0.468415,0.473811,0.478763,0.483171,0.486979,0.490169,0.492763,0.494809,0.496375,0.497536,0.498371,0.498953,0.499346,0.499604,0.499767,0.499867,0.499926,0.49996,0.499979,0.499989,0.499994,0.499996,0.499996
0.499998,0.499998,0.499997,0.499994,0.499988,0.499976,0.499955,0.499919,0.499857,0.499756,0.499595,0.499346,0.498976,0.498439,0.497686,0.496663,0.495313,0.493587,0.491444,0.488863,0.485848,0.48243,0.478674,0.474675,0.470557,0.466465,0.462556,0.458992,0.455925,0.453494,0.451808,0.450945,0.450945,0.451808,0.453494,0.455925,0.458992,0.462556,0.466465,0.470557,0.474675,0.478674,0.48243,0.485848,0.488863,0.491444,0.493587,0.495313,0.496663,0.497686,0.498439,0.498976,0.499346,0.499595,0.499756,0.499857,0.499919,0.499955,0.499976,0.499988,0.499994,0.499997,0.499998,0.499998
0.499999,0.499999,0.499998,0.499996,0.499993,0.499986,0.499974,0.499952,0.499915,0.499854,0.499756,0.499604,0.499374,0.49904,0.498567,0.497918,0.497055,0.495941,0.494547,0.492854,0.490858,0.488578,0.486052,0.483341,0.48053,0.477716,0.475013,0.472535,0.470393,0.468688,0.467503,0.466896,0.466896,0.467503,0.468688,0.470393,0.472535,0.475013,0.477716,0.48053,0.483341,0.486052,0.488578,0.490858,0.492854,0.494547,0.495941,0.497055,0.497918,0.498567,0.49904,0.499374,0.499604,0.499756,0.499854,0.499915,0.499952,0.499974,0.499986,0.499993,0.499996,0.499998,0.499999,0.499999
0.499999,0.499999,0.499999,0.499998,0.499996,0.499992,0.499985,0.499973,0.499951,0.499915,0.499857,0.499767,0.499629,0.499427,0.499138,0.49874,0.498205,0.497509,0.496631,0.495556,0.494279,0.492808,0.491166,0.489392,0.487539,0.485674,0.483871,0.482211,0.48077,0.479619,0.478817,0.478405,0.478405,0.478817,0.479619,0.48077,0.482211,0.483871,0.485674,0.487539,0.489392,0.491166,0.492808,0.494279,0.495556,0.496631,0.497509,0.498205,0.49874,0.499138,0.499427,0.499629,0.499767,0.499857,0.499915,0.499951,0.499973,0.499985,0.499992,0.499996,0.499998,0.499999,0.499999,0.499999
0.5,0.5,0.499999,0.499999,0.499998,0.499996,0.499992,0.499985,0.499973,0.499952,0.499919,0.499867,0.499787,0.499668,0.499498,0.49926,0.498939,0.498518,0.497983,0.497322,0.496532,0.495615,0.494584,0.493462,0.492284,0.491091,0.489932,0.488859,0.487925,0.487177,0.486654,0.486385,0.486385,0.486654,0.487177,0.487925,0.488859,0.489932,0.491091,0.492284,0.493462,0.494584,0.495615,0.496532,0.497322,0.497983,0.498518,0.498939,0.49926,0.499498,0.499668,0.499787,0.499867,0.499919,0.499952,0.499973,0.499985,0.499992,0.499996,0.499998,0.499999,0.499999,0.5,0.5
0.5,0.5,0.5,0.499999,0.499999,0.499998,0.499996,0.499992,0.499985,0.499974,0.499955,0.499926,0.499881,0.499814,0.499716,0.499579,0.499392,0.499146,0.49883,0.498437,0.497964,0.497411,0.496786,0.496101,0.495377,0.494641,0.493922,0.493254,0.49267,0.492201,0.491873,0.491704,0.491704,0.491873,0.492201,0.49267,0.493254,0.493922,0.494641,0.495377,0.496101,0.496786,0.497411,0.497964,0.498437,0.49883,0.499146,0.499392,0.499579,0.499716,0.499814,0.499881,0.499926,0.499955,0.499974,0.499985,0.499992,0.499996,0.499998,0.499999,0.499999,0.5,0.5,0.5
0.5,0.5,0.5,0.5,0.499999,0.499999,0.499998,0.499996,0.499992,0.499986,0.499976,0.49996,0.499936,0.499898,0.499844,0.499768,0.499662,0.499523,0.499342,0.499116,0.498842,0.49852,0.498153,0.497749,0.497319,0.49688,0.49645,0.496048,0.495696,0.495412,0.495213,0.495111,0.495111,0.495213,0.495412,0.495696,0.496048,0.49645,0.49688,0.497319,0.497749,0.498153,0.49852,0.498842,0.499116,0.499342,0.499523,0.499662,0.499768,0.499844,0.499898,0.499936,0.49996,0.499976,0.499986,0.499992,0.499996,0.499998,0.499999,0.499999,0.5,0.5,0.5,0.5
0.5,0.5,0.5,0.5,0.5,0.499999,0.499999,0.499998,0.499996,0.499993,0.499988,0.499979,0.499966,0.499946,0.499917,0.499875,0.499818,0.499741,0.499641,0.499514,0.49936,0.499178,0.498969,0.498738,0.498491,0.498237,0.497988,0.497754,0.497548,0.497382,0.497265,0.497205,0.497205,0.497265,0.497382,0.497548,0.497754,0.497988,0.498237,0.498491,0.498738,0.498969,0.499178,0.49936,0.499514,0.499641,0.499741,0.499818,0.499875,0.499917,0.499946,0.499966,0.499979,0.499988,0.499993,0.499996,0.499998,0.499999,0.499999,0.5,0.5,0.5,0.5,0.5
0.5,0.5,0.5,0.5,0.5,0.5,0.499999,0.499999,0.499998,0.499996,0.499994,0.499989,0.499982,0.499972,0.499957,0.499934,0.499903,0.499862,0.499807,0.499738,0.499653,0.499552,0.499435,0.499305,0.499166,0.499022,0.49888,0.498746,0.498628,0.498532,0.498465,0.49843,0.49843,0.498465,0.498532,0.498628,0.498746,0.49888,0.499022,0.499166,0.499305,0.499435,0.499552,0.499653,0.499738,0.499807,0.499862,0.499903,0.499934,0.499957,0.499972,0.499982,0.499989,0.499994,0.499996,0.499998,0.499999,0.499999,0.5,0.5,0.5,0.5,0.5,0.5
0.5,0.5,0.5,0.5,0.5,0.5,0.5,0.499999,0.499999,0.499998,0.499997,0.499994,0.499991,0.499985,0.499977,0.499964,0.499947,0.499924,0.499894,0.499855,0.499806,0.499749,0.499682,0.499607,0.499526,0.499442,0.499358,0.499279,0.49921,0.499153,0.499114,0.499093,0.499093,0.499114,0.499153,0.49921,0.499279,0.499358,0.499442,0.499526,0.499607,0.499682,0.499749,0.499806,0.499855,0.499894,0.499924,0.499947,0.499964,0.499977,0.499985,0.499991,0.499994,0.499997,0.499998,0.499999,0.499999,0.5,0.5,0.5,0.5,0.5,0.5,0.5
0.5,0.5,0.5,0.5,0.5,0.5,0.5,0.5,0.499999,0.499999,0.499998,0.499996,0.499994,0.49999,0.499985,0.499977,0.499966,0.49995,0.49993,0.499904,0.499871,0.499832,0.499787,0.499736,0.49968,0.499622,0.499564,0.49951,0.499462,0.499422,0.499395,0.49938,0.49938,0.499395,0.499422,0.499462,0.49951,0.499564,0.499622,0.49968,0.499736,0.499787,0.499832,0.499871,0.499904,0.49993,0.49995,0.499966,0.499977,0.499985,0.49999,0.499994,0.499996,0.499998,0.499999,0.499999,0.5,0.5,0.5,0.5,0.5,0.5,0.5,0.5
0.5,0.5,0.5,0.5,0.5,0.5,0.5,0.5,0.499999,0.499999,0.499998,0.499996,0.499994,0.49999,0.499985,0.499977,0.499966,0.49995,0.49993,0.499904,0.499871,0.499832,0.499787,0.499736,0.49968,0.499622,0.499564,0.49951,0.499462,0.499422,0.499395,0.49938,0.49938,0.499395,0.499422,0.499462,0.49951,0.499564,0.499622,0.49968,0.499736,0.499787,0.499832,0.499871,0.499904,0.49993,0.49995,0.499966,0.499977,0.499985,0.49999,0.499994,0.499996,0.499998,0.499999,0.499999,0.5,0.5,0.5,0.5,0.5,0.5,0.5,0.5
