0.5,0.5,0.5,0.5,0.5,0.5,0.5,0.5,0.5,0.5,0.5,0.5,0.5,0.5,0.5,0.5,0.5,0.5,0.5,0.5,0.5,0.5,0.5,0.5,0.5,0.5,0.5,0.5,0.5,0.5,0.5,0.5,0.5,0.5,0.5,0.5,0.5,0.5,0.5,0.5,0.5,0.5,0.5,0.5,0.5,0.5,0.5,0.5,0.5,0.5,0.5,0.5,0.5,0.5,0.5,0.5,0.5,0.5,0.5,0.5,0.5,0.5,0.5,0.5
0.5,0.5,0.5,0.5,0.5,0.5,0.5,0.5,0.5,0.5,0.5,0.5,0.5,0.5,0.5,0.5,0.5,0.5,0.5,0.5,0.5,0.5,0.5,0.5,0.5,0.5,0.5,0.5,0.5,0.5,0.5,0.5,0.5,0.5,0.5,0.5,0.5,0.5,0.5,0.5,0.5,0.5,0.5,0.5,0.5,0.5,0.5,0.5,0.5,0.5,0.5,0.5,0.5,0.5,0.5,0.5,0.5,0.5,0.5,0.5,0.5,0.5,0.5,0.5
0.5,0.5,0.5,0.5,0.5,0.5,0.5,0.5,0.5,0.5,0.5,0.5,0.5,0.5,0.5,0.5,0.5,0.5,0.5,0.5,0.5,0.5,0.5,0.5,0.5,0.5,0.5,0.5,0.5,0.5,0.5,0.5,0.5,0.5,0.5,0.5,0.5,0.5,0.5,0.5,0.5,0.5,0.5,0.5,0.5,0.5,0.5,0.5,0.5,0.5,0.5,0.5,0.5,0.5,0.5,0.5,0.5,0.5,0.5,0.5,0.5,0.5,0.5,0.5
0.5,0.5,0.5,0.5,0.5,0.5,0.5,0.5,0.5,0.5,0.5,0.5,0.5,0.5,0.5,0.5,0.5,0.5,0.5,0.5,0.5,0.5,0.5,0.5,0.5,0.5,0.5,0.5,0.5,0.5,0.5,0.5,0.5,0.5,0.5,0.5,0.5,0.5,0.5,0.5,0.5,0.5,0.5,0.5,0.5,0.5,0.5,0.5,0.5,0.5,0.5,0.5,0.5,0.5,0.5,0.5,0.5,0.5,0.5,0.5,0.5,0.5,0.5,0.5
0.5,0.5,0.5,0.5,0.5,0.5,0.5,0.5,0.5,0.5,0.5,0.5,0.5,0.5,0.5,0.5,0.5,0.5,0.5,0.5,0.5,0.5,0.5,0.5,0.5,0.5,0.5,0.5,0.5,0.5,0.499999,0.499999,0.499999,0.499999,0.5,0.5,0.5,0.5,0.5,0.5,0.5,0.5,0.5,0.5,0.5,0.5,0.5,0.5,0.5,0.5,0.5,0.5,0.5,0.5,0.5,0.5,0.5,0.5,0.5,0.5,0.5,0.5,0.5,0.5
0.5,0.5,0.5,0.5,0.5,0.5,0.5,0.5,0.5,0.5,0.5,0.5,0.5,0.5,0.5,0.5,0.5,0.5,0.5,0.5,0.5,0.5,0.5,0.5,0.499999,0.499999,0.499999,0.499999,0.499999,0.499999,0.499999,0.499999,0.499999,0.499999,0.499999,0.499999,0.499999,0.499999,0.499999,0.499999,0.5,0.5,0.5,0.5,0.5,0.5,0.5,0.5,0.5,0.5,0.5,0.5,0.5,0.5,0.5,0.5,0.5,0.5,0.5,0.5,0.5,0.5,0.5,0.5
0.5,0.5,0.5,0.5,0.5,0.5,0.5,0.5,0.5,0.5,0.5,0.5,0.5,0.5,0.5,0.5,0.5,0.5,0.5,0.5,0.5,0.499999,0.499999,0.499999,0.499999,0.499998,0.499998,0.499997,0.499997,0.499997,0.499996,0.499996,0.499996,0.499996,0.499997,0.499997,0.499997,0.499998,0.499998,0.499999,0.499999,0.499999,0.499999,0.5,0.5,0.5,0.5,0.5,0.5,0.5,0.5,0.5,0.5,0.5,0.5,0.5,0.5,0.5,0.5,0.5,0.5,0.5,0.5,0.5
0.5,0.5,0.5,0.5,0.5,0.5,0.5,0.5,0.5,0.5,0.5,0.5,0.5,0.5,0.5,0.5,0.5,0.5,0.5,0.499999,0.499999,0.499999,0.499998,0.499997,0.499997,0.499996,0.499995,0.499993,0.499992,0.499991,0.499991,0.49999,0.49999,0.499991,0.499991,0.499992,0.499993,0.499995,0.499996,0.499997,0.499997,0.499998,0.499999,0.499999,0.499999,0.5,0.5,0.5,0.5,0.5,0.5,0.5,0.5,0.5,0.5,0.5,0.5,0.5,0.5,0.5,0.5,0.5,0.5,0.5
0.5,0.5,0.5,0.5,0.5,0.5,0.5,0.5,0.5,0.5,0.5,0.5,0.5,0.5,0.5,0.5,0.5,0.5,0.499999,0.499999,0.499998,0.499997,0.499996,0.499994,0.499992,0.499989,0.499987,0.499984,0.499982,0.49998,0.499978,0.499977,0.499977,0.499978,0.49998,0.499982,0.499984,0.499987,0.499989,0.499992,0.499994,0.499996,0.499997,0.499998,0.499999,0.499999,0.5,0.5,0.5,0.5,0.5,0.5,0.5,0.5,0.5,0.5,0.5,0.5,0.5,0.5,0.5,0.5,0.5,0.5
0.5,0.5,0.5,0.5,0.5,0.5,0.5,0.5,0.5,0.5,0.5,0.5,0.5,0.5,0.5,0.5,0.499999,0.499999,0.499998,0.499997,0.499995,0.499993,0.49999,0.499986,0.499981,0.499976,0.49997,0.499963,0.499958,0.499953,0.499949,0.499947,0.499947,0.499949,0.499953,0.499958,0.499963,0.49997,0.499976,0.499981,0.499986,0.49999,0.499993,0.499995,0.499997,0.499998,0.499999,0.499999,0.5,0.5,0.5,0.5,0.5,0.5,0.5,0.5,0.5,0.5,0.5,0.5,0.5,0.5,0.5,0.5
0.5,0.5,0.5,0.5,0.5,0.5,0.5,0.5,0.5,0.5,0.5,0.5,0.5,0.5,0.5,0.499999,0.499999,0.499998,0.499996,0.499993,0.49999,0.499984,0.499977,0.499969,0.499958,0.499946,0.499932,0.499919,0.499906,0.499895,0.499887,0.499883,0.499883,0.499887,0.499895,0.499906,0.499919,0.499932,0.499946,0.499958,0.499969,0.499977,0.499984,0.49999,0.499993,0.499996,0.499998,0.499999,0.499999,0.5,0.5,0.5,0.5,0.5,0.5,0.5,0.5,0.5,0.5,0.5,0.5,0.5,0.5,0.5
0.5,0.5,0.5,0.5,0.5,0.5,0.5,0.5,0.5,0.5,0.5,0.5,0.5,0.5,0.499999,0.499998,0.499997,0.499995,0.499991,0.499986,0.499978,0.499966,0.499952,0.499933,0.49991,0.499883,0.499854,0.499825,0.499798,0.499774,0.499757,0.499748,0.499748,0.499757,0.499774,0.499798,0.499825,0.499854,0.499883,0.49991,0.499933,0.499952,0.499966,0.499978,0.499986,0.499991,0.499995,0.499997,0.499998,0.499999,0.5,0.5,0.5,0.5,0.5,0.5,0.5,0.5,0.5,0.5,0.5,0.5,0.5,0.5
0.5,0.5,0.5,0.5,0.5,0.5,0.5,0.5,0.5,0.5,0.5,0.5,0.5,0.499999,0.499998,0.499996,0.499994,0.499989,0.499981,0.49997,0.499953,0.49993,0.4999,0.49986,0.499813,0.499758,0.499699,0.499638,0.499581,0.499533,0.499497,0.499478,0.499478,0.499497,0.499533,0.499581,0.499638,0.499699,0.499758,0.499813,0.49986,0.4999,0.49993,0.499953,0.49997,0.499981,0.499989,0.499994,0.499996,0.499998,0.499999,0.5,0.5,0.5,0.5,0.5,0.5,0.5,0.5,0.5,0.5,0.5,0.5,0.5
0.5,0.5,0.5,0.5,0.5,0.5,0.5,0.5,0.5,0.5,0.5,0.5,0.499999,0.499998,0.499996,0.499993,0.499987,0.499978,0.499963,0.49994,0.499907,0.499861,0.499799,0.499721,0.499626,0.499517,0.499399,0.499278,0.499165,0.499068,0.498997,0.49896,0.49896,0.498997,0.499068,0.499165,0.499278,0.499399,0.499517,0.499626,0.499721,0.499799,0.499861,0.499907,0.49994,0.499963,0.499978,0.499987,0.499993,0.499996,0.499998,0.499999,0.5,0.5,0.5,0.5,0.5,0.5,0.5,0.5,0.5,0.5,0.5,0.5
0.5,0.5,0.5,0.5,0.5,0.5,0.5,0.5,0.5,0.5,0.5,0.499999,0.499998,0.499996,0.499993,0.499986,0.499975,0.499957,0.499928,0.499884,0.49982,0.499732,0.499613,0.499463,0.499281,0.499071,0.498844,0.498612,0.498394,0.498209,0.498073,0.498002,0.498002,0.498073,0.498209,0.498394,0.498612,0.498844,0.499071,0.499281,0.499463,0.499613,0.499732,0.49982,0.499884,0.499928,0.499957,0.499975,0.499986,0.499993,0.499996,0.499998,0.499999,0.5,0.5,0.5,0.5,0.5,0.5,0.5,0.5,0.5,0.5,0.5
0.5,0.5,0.5,0.5,0.5,0.5,0.5,0.5,0.5,0.5,0.499999,0.499998,0.499996,0.499993,0.499986,0.499974,0.499954,0.49992,0.499866,0.499785,0.499666,0.499502,0.499282,0.499003,0.498666,0.498278,0.497857,0.497429,0.497026,0.496682,0.496432,0.496299,0.496299,0.496432,0.496682,0.497026,0.497429,0.497857,0.498278,0.498666,0.499003,0.499282,0.499502,0.499666,0.499785,0.499866,0.49992,0.499954,0.499974,0.499986,0.499993,0.499996,0.499998,0.499999,0.5,0.5,0.5,0.5,0.5,0.5,0.5,0.5,0.5,0.5
0.5,0.5,0.5,0.5,0.5,0.5,0.5,0.5,0.5,0.499999,0.499999,0.499997,0.499994,0.499987,0.499975,0.499954,0.499917,0.499856,0.49976,0.499614,0.499403,0.499108,0.498716,0.498218,0.497615,0.496923,0.496172,0.495408,0.494689,0.494077,0.49363,0.493394,0.493394,0.49363,0.494077,0.494689,0.495408,0.496172,0.496923,0.497615,0.498218,0.498716,0.499108,0.499403,0.499614,0.49976,0.499856,0.499917,0.499954,0.499975,0.499987,0.499994,0.499997,0.499999,0.499999,0.5,0.5,0.5,0.5,0.5,0.5,0.5,0.5,0.5
0.5,0.5,0.5,0.5,0.5,0.5,0.5,0.5,0.5,0.499999,0.499998,0.499995,0.499989,0.499978,0.499957,0.49992,0.499856,0.499751,0.499586,0.499334,0.498969,0.498461,0.497786,0.496928,0.49589,0.494699,0.493408,0.492095,0.490858,0.489806,0.489038,0.488633,0.488633,0.489038,0.489806,0.490858,0.492095,0.493408,0.494699,0.49589,0.496928,0.497786,0.498461,0.498969,0.499334,0.499586,0.499751,0.499856,0.49992,0.499957,0.499978,0.499989,0.499995,0.499998,0.499999,0.5,0.5,0.5,0.5,0.5,0.5,0.5,0.5,0.5
0.5,0.5,0.5,0.5,0.5,0.5,0.5,0.5,0.499999,0.499998,0.499996,0.499991,0.499981,0.499963,0.499928,0.499866,0.49976,0.499586,0.49931,0.498892,0.498285,0.497441,0.496319,0.494895,0.493174,0.491198,0.489057,0.48688,0.484831,0.483087,0.481815,0.481144,0.481144,0.481815,0.483087,0.484831,0.48688,0.489057,0.491198,0.493174,0.494895,0.496319,0.497441,0.498285,0.498892,0.49931,0.499586,0.49976,0.499866,0.499928,0.499963,0.499981,0.499991,0.499996,0.499998,0.499999,0.5,0.5,0.5,0.5,0.5,0.5,0.5,0.5
0.5,0.5,0.5,0.5,0.5,0.5,0.5,0.499999,0.499999,0.499997,0.499993,0.499986,0.49997,0.49994,0.499884,0.499785,0.499614,0.499334,0.498892,0.498222,0.497249,0.495898,0.494102,0.491823,0.489069,0.48591,0.482487,0.479007,0.475734,0.472948,0.470916,0.469843,0.469843,0.470916,0.472948,0.475734,0.479007,0.482487,0.48591,0.489069,0.491823,0.494102,0.495898,0.497249,0.498222,0.498892,0.499334,0.499614,0.499785,0.499884,0.49994,0.49997,0.499986,0.499993,0.499997,0.499999,0.499999,0.5,0.5,0.5,0.5,0.5,0.5,0.5
0.5,0.5,0.5,0.5,0.5,0.5,0.5,0.499999,0.499998,0.499995,0.49999,0.499978,0.499953,0.499907,0.49982,0.499666,0.499403,0.498969,0.498285,0.497249,0.495747,0.49366,0.490887,0.487371,0.483124,0.478254,0.472977,0.467615,0.462571,0.458281,0.45515,0.453499,0.453499,0.45515,0.458281,0.462571,0.467615,0.472977,0.478254,0.483124,0.487371,0.490887,0.49366,0.495747,0.497249,0.498285,0.498969,0.499403,0.499666,0.49982,0.499907,0.499953,0.499978,0.49999,0.499995,0.499998,0.499999,0.5,0.5,0.5,0.5,0.5,0.5,0.5
0.5,0.5,0.5,0.5,0.5,0.5,0.499999,0.499999,0.499997,0.499993,0.499984,0.499966,0.49993,0.499861,0.499732,0.499502,0.499108,0.498461,0.497441,0.495898,0.49366,0.490552,0.486426,0.481195,0.474879,0.467638,0.459795,0.451828,0.444335,0.437961,0.433313,0.430859,0.430859,0.433313,0.437961,0.444335,0.451828,0.459795,0.467638,0.474879,0.481195,0.486426,0.490552,0.49366,0.495898,0.497441,0.498461,0.499108,0.499502,0.499732,0.499861,0.49993,0.499966,0.499984,0.499993,0.499997,0.499999,0.499999,0.5,0.5,0.5,0.5,0.5,0.5
0.5,0.5,0.5,0.5,0.5,0.5,0.499999,0.499998,0.499996,0.49999,0.499977,0.499952,0.4999,0.499799,0.499613,0.499282,0.498716,0.497786,0.496319,0.494102,0.490887,0.486426,0.480504,0.473,0.463942,0.453561,0.44232,0.430904,0.420169,0.411039,0.40438,0.400867,0.400867,0.40438,0.411039,0.420169,0.430904,0.44232,0.453561,0.463942,0.473,0.480504,0.486426,0.490887,0.494102,0.496319,0.497786,0.498716,0.499282,0.499613,0.499799,0.4999,0.499952,0.499977,0.49999,0.499996,0.499998,0.499999,0.5,0.5,0.5,0.5,0.5,0.5
0.5,0.5,0.5,0.5,0.5,0.5,0.499999,0.499997,0.499994,0.499986,0.499969,0.499933,0.49986,0.499721,0.499463,0.499003,0.498218,0.496928,0.494895,0.491823,0.487371,0.481195,0.473,0.462619,0.450091,0.435738,0.4202,0.404424,0.389591,0.376977,0.367779,0.362926,0.362926,0.367779,0.376977,0.389591,0.404424,0.4202,0.435738,0.450091,0.462619,0.473,0.481195,0.487371,0.491823,0.494895,0.496928,0.498218,0.499003,0.499463,0.499721,0.49986,0.499933,0.499969,0.499986,0.499994,0.499997,0.499999,0.5,0.5,0.5,0.5,0.5,0.5
0.5,0.5,0.5,0.5,0.5,0.499999,0.499999,0.499997,0.499992,0.499981,0.499958,0.49991,0.499813,0.499626,0.499281,0.498666,0.497615,0.49589,0.493174,0.489069,0.483124,0.474879,0.463942,0.450091,0.433382,0.414243,0.393527,0.372499,0.352732,0.335924,0.323669,0.317203,0.317203,0.323669,0.335924,0.352732,0.372499,0.393527,0.414243,0.433382,0.450091,0.463942,0.474879,0.483124,0.489069,0.493174,0.49589,0.497615,0.498666,0.499281,0.499626,0.499813,0.49991,0.499958,0.499981,0.499992,0.499997,0.499999,0.499999,0.5,0.5,0.5,0.5,0.5
0.5,0.5,0.5,0.5,0.5,0.499999,0.499998,0.499996,0.499989,0.499976,0.499946,0.499883,0.499758,0.499517,0.499071,0.498278,0.496923,0.494699,0.491198,0.48591,0.478254,0.467638,0.453561,0.435738,0.414243,0.389627,0.362989,0.335954,0.310543,0.28894,0.273189,0.264879,0.264879,0.273189,0.28894,0.310543,0.335954,0.362989,0.389627,0.414243,0.435738,0.453561,0.467638,0.478254,0.48591,0.491198,0.494699,0.496923,0.498278,0.499071,0.499517,0.499758,0.499883,0.499946,0.499976,0.499989,0.499996,0.499998,0.499999,0.5,0.5,0.5,0.5,0.5
0.5,0.5,0.5,0.5,0.5,0.499999,0.499998,0.499995,0.499987,0.49997,0.499932,0.499854,0.499699,0.499399,0.498844,0.497857,0.496172,0.493408,0.489057,0.482487,0.472977,0.459795,0.44232,0.4202,0.393527,0.362989,0.329949,0.296421,0.264911,0.238125,0.218598,0.208296,0.208296,0.218598,0.238125,0.264911,0.296421,0.329949,0.362989,0.393527,0.4202,0.44232,0.459795,0.472977,0.482487,0.489057,0.493408,0.496172,0.497857,0.498844,0.499399,0.499699,0.499854,0.499932,0.49997,0.499987,0.499995,0.499998,0.499999,0.5,0.5,0.5,0.5,0.5
0.5,0.5,0.5,0.5,0.5,0.499999,0.499997,0.499993,0.499984,0.499963,0.499919,0.499825,0.499638,0.499278,0.498612,0.497429,0.495408,0.492095,0.48688,0.479007,0.467615,0.451828,0.430904,0.404424,0.372499,0.335954,0.296421,0.25631,0.218616,0.186577,0.163221,0.1509,0.1509,0.163221,0.186577,0.218616,0.25631,0.296421,0.335954,0.372499,0.404424,0.430904,0.451828,0.467615,0.479007,0.48688,0.492095,0.495408,0.497429,0.498612,0.499278,0.499638,0.499825,0.499919,0.499963,0.499984,0.499993,0.499997,0.499999,0.5,0.5,0.5,0.5,0.5
0.5,0.5,0.5,0.5,0.5,0.499999,0.499997,0.499992,0.499982,0.499958,0.499906,0.499798,0.499581,0.499165,0.498394,0.497026,0.494689,0.490858,0.484831,0.475734,0.462571,0.444335,0.420169,0.389591,0.352732,0.310543,0.264911,0.218616,0.175116,0.138144,0.111193,0.0969761,0.0969761,0.111193,0.138144,0.175116,0.218616,0.264911,0.310543,0.352732,0.389591,0.420169,0.444335,0.462571,0.475734,0.484831,0.490858,0.494689,0.497026,0.498394,0.499165,0.499581,0.499798,0.499906,0.499958,0.499982,0.499992,0.499997,0.499999,0.5,0.5,0.5,0.5,0.5
0.5,0.5,0.5,0.5,0.5,0.499999,0.499997,0.499991,0.49998,0.499953,0.499895,0.499774,0.499533,0.499068,0.498209,0.496682,0.494077,0.489806,0.483087,0.472948,0.458281,0.437961,0.411039,0.376977,0.335924,0.28894,0.238125,0.186577,0.138144,0.0969816,0.0669771,0.0511494,0.0511494,0.0669771,0.0969816,0.138144,0.186577,0.238125,0.28894,0.335924,0.376977,0.411039,0.437961,0.458281,0.472948,0.483087,0.489806,0.494077,0.496682,0.498209,0.499068,0.499533,0.499774,0.499895,0.499953,0.49998,0.499991,0.499997,0.499999,0.5,0.5,0.5,0.5,0.5
0.5,0.5,0.5,0.5,0.499999,0.499999,0.499996,0.499991,0.499978,0.499949,0.499887,0.499757,0.499497,0.498997,0.498073,0.496432,0.49363,0.489038,0.481815,0.470916,0.45515,0.433313,0.40438,0.367779,0.323669,0.273189,0.218598,0.163221,0.111193,0.0669771,0.0347475,0.0177464,0.0177464,0.0347475,0.0669771,0.111193,0.163221,0.218598,0.273189,0.323669,0.367779,0.40438,0.433313,0.45515,0.470916,0.481815,0.489038,0.49363,0.496432,0.498073,0.498997,0.499497,0.499757,0.499887,0.499949,0.499978,0.499991,0.499996,0.499999,0.499999,0.5,0.5,0.5,0.5
0.5,0.5,0.5,0.5,0.499999,0.499999,0.499996,0.49999,0.499977,0.499947,0.499883,0.499748,0.499478,0.49896,0.498002,0.496299,0.493394,0.488633,0.481144,0.469843,0.453499,0.430859,0.400867,0.362926,0.317203,0.264879,0.208296,0.1509,0.0969761,0.0511494,0.0177464,0.000126433,0.000126433,0.0177464,0.0511494,0.0969761,0.1509,0.208296,0.264879,0.317203,0.362926,0.400867,0.430859,0.453499,0.469843,0.481144,0.488633,0.493394,0.496299,0.498002,0.49896,0.499478,0.499748,0.499883,0.499947,0.499977,0.49999,0.499996,0.499999,0.499999,0.5,0.5,0.5,0.5
0.5,0.5,0.5,0.5,0.499999,0.499999,0.499996,0.49999,0.499977,0.499947,0.499883,0.499748,0.499478,0.49896,0.498002,0.496299,0.493394,0.488633,0.481144,0.469843,0.453499,0.430859,0.400867,0.362926,0.317203,0.264879,0.208296,0.1509,0.0969761,0.0511494,0.0177464,0.000126433,0.000126433,0.0177464,0.0511494,0.0969761,0.1509,0.208296,0.264879,0.317203,0.362926,0.400867,0.430859,0.453499,0.469843,0.481144,0.488633,0.493394,0.496299,0.498002,0.49896,0.499478,0.499748,0.499883,0.499947,0.499977,0.49999,0.499996,0.499999,0.499999,0.5,0.5,0.5,0.5
0.5,0.5,0.5,0.5,0.499999,0.499999,0.499996,0.499991,0.499978,0.499949,0.499887,0.499757,0.499497,0.498997,0.498073,0.496432,0.49363,0.489038,0.481815,0.470916,0.45515,0.433313,0.40438,0.367779,0.323669,0.273189,0.218598,0.163221,0.111193,0.0669771,0.0347475,0.0177464,0.0177464,0.0347475,0.0669771,0.111193,0.163221,0.218598,0.273189,0.323669,0.367779,0.40438,0.433313,0.45515,0.470916,0.481815,0.489038,0.49363,0.496432,0.498073,0.498997,0.499497,0.499757,0.499887,0.499949,0.499978,0.499991,0.499996,0.499999,0.499999,0.5,0.5,0.5,0.5
0.5,0.5,0.5,0.5,0.5,0.499999,0.499997,0.499991,0.49998,0.499953,0.499895,0.499774,0.499533,0.499068,0.498209,0.496682,0.494077,0.489806,0.483087,0.472948,0.458281,0.437961,0.411039,0.376977,0.335924,0.28894,0.238125,0.186577,0.138144,0.0969816,0.0669771,0.0511494,0.0511494,0.0669771,0.0969816,0.138144,0.186577,0.238125,0.28894,0.335924,0.376977,0.411039,0.437961,0.458281,0.472948,0.483087,0.489806,0.494077,0.496682,0.498209,0.499068,0.499533,0.499774,0.499895,0.499953,0.49998,0.499991,0.499997,0.499999,0.5,0.5,0.5,0.5,0.5
0.5,0.5,0.5,0.5,0.5,0.499999,0.499997,0.499992,0.499982,0.499958,0.499906,0.499798,0.499581,0.499165,0.498394,0.497026,0.494689,0.490858,0.484831,0.475734,0.462571,0.444335,0.420169,0.389591,0.352732,0.310543,0.264911,0.218616,0.175116,0.138144,0.111193,0.0969761,0.0969761,0.111193,0.138144,0.175116,0.218616,0.264911,0.310543,0.352732,0.389591,0.420169,0.444335,0.462571,0.475734,0.484831,0.490858,0.494689,0.497026,0.498394,0.499165,0.499581,0.499798,0.499906,0.499958,0.499982,0.499992,0.499997,0.499999,0.5,0.5,0.5,0.5,0.5
0.5,0.5,0.5,0.5,0.5,0.499999,0.499997,0.499993,0.499984,0.499963,0.499919,0.499825,0.499638,0.499278,0.498612,0.497429,0.495408,0.492095,0.48688,0.479007,0.467615,0.451828,0.430904,0.404424,0.372499,0.335954,0.296421,0.25631,0.218616,0.186577,0.163221,0.1509,0.1509,0.163221,0.186577,0.218616,0.25631,0.296421,0.335954,0.372499,0.404424,0.430904,0.451828,0.467615,0.479007,0.48688,0.492095,0.495408,0.497429,0.498612,0.499278,0.499638,0.499825,0.499919,0.499963,0.499984,0.499993,0.499997,0.499999,0.5,0.5,0.5,0.5,0.5
0.5,0.5,0.5,0.5,0.5,0.499999,0.499998,0.499995,0.499987,0.49997,0.499932,0.499854,0.499699,0.499399,0.498844,0.497857,0.496172,0.493408,0.489057,0.482487,0.472977,0.459795,0.44232,0.4202,0.393527,0.362989,0.329949,0.296421,0.264911,0.238125,0.218598,0.208296,0.208296,0.218598,0.238125,0.264911,0.296421,0.329949,0.362989,0.393527,0.4202,0.44232,0.459795,0.472977,0.482487,0.489057,0.493408,0.496172,0.497857,0.498844,0.499399,0.499699,0.499854,0.499932,0.49997,0.499987,0.499995,0.499998,0.499999,0.5,0.5,0.5,0.5,0.5
0.5,0.5,0.5,0.5,0.5,0.499999,0.499998,0.499996,0.499989,0.499976,0.499946,0.499883,0.499758,0.499517,0.499071,0.498278,0.496923,0.494699,0.491198,0.48591,0.478254,0.467638,0.453561,0.435738,0.414243,0.389627,0.362989,0.335954,0.310543,0.28894,0.273189,0.264879,0.264879,0.273189,0.28894,0.310543,0.335954,0.362989,0.389627,0.414243,0.435738,0.453561,0.467638,0.478254,0.48591,0.491198,0.494699,0.496923,0.498278,0.499071,0.499517,0.499758,0.499883,0.499946,0.499976,0.499989,0.499996,0.499998,0.499999,0.5,0.5,0.5,0.5,0.5
0.5,0.5,0.5,0.5,0.5,0.499999,0.499999,0.499997,0.499992,0.499981,0.499958,0.49991,0.499813,0.499626,0.499281,0.498666,0.497615,0.49589,0.493174,0.489069,0.483124,0.474879,0.463942,0.450091,0.433382,0.414243,0.393527,0.372499,0.352732,0.335924,0.323669,0.317203,0.317203,0.323669,0.335924,0.352732,0.372499,0.393527,0.414243,0.433382,0.450091,0.463942,0.474879,0.483124,0.489069,0.493174,0.49589,0.497615,0.498666,0.499281,0.499626,0.499813,0.49991,0.499958,0.499981,0.499992,0.499997,0.499999,0.499999,0.5,0.5,0.5,0.5,0.5
0.5,0.5,0.5,0.5,0.5,0.5,0.499999,0.499997,0.499994,0.499986,0.499969,0.499933,0.49986,0.499721,0.499463,0.499003,0.498218,0.496928,0.494895,0.491823,0.487371,0.481195,0.473,0.462619,0.450091,0.435738,0.4202,0.404424,0.389591,0.376977,0.367779,0.362926,0.362926,0.367779,0.376977,0.389591,0.404424,0.4202,0.435738,0.450091,0.462619,0.473,0.481195,0.487371,0.491823,0.494895,0.496928,0.498218,0.499003,0.499463,0.499721,0.49986,0.499933,0.499969,0.499986,0.499994,0.499997,0.499999,0.5,0.5,0.5,0.5,0.5,0.5
0.5,0.5,0.5,0.5,0.5,0.5,0.499999,0.499998,0.499996,0.49999,0.499977,0.499952,0.4999,0.499799,0.499613,0.499282,0.498716,0.497786,0.496319,0.494102,0.490887,0.486426,0.480504,0.473,0.463942,0.453561,0.44232,0.430904,0.420169,0.411039,0.40438,0.400867,0.400867,0.40438,0.411039,0.420169,0.430904,0.44232,0.453561,0.463942,0.473,0.480504,0.486426,0.490887,0.494102,0.496319,0.497786,0.498716,0.499282,0.499613,0.499799,0.4999,0.499952,0.499977,0.49999,0.499996,0.499998,0.499999,0.5,0.5,0.5,0.5,0.5,0.5
0.5,0.5,0.5,0.5,0.5,0.5,0.499999,0.499999,0.499997,0.499993,0.499984,0.499966,0.49993,0.499861,0.499732,0.499502,0.499108,0.498461,0.497441,0.495898,0.49366,0.490552,0.486426,0.481195,0.474879,0.467638,0.459795,0.451828,0.444335,0.437961,0.433313,0.430859,0.430859,0.433313,0.437961,0.444335,0.451828,0.459795,0.467638,0.474879,0.481195,0.486426,0.490552,0.49366,0.495898,0.497441,0.498461,0.499108,0.499502,0.499732,0.499861,0.49993,0.499966,0.499984,0.499993,0.499997,0.499999,0.499999,0.5,0.5,0.5,0.5,0.5,0.5
0.5,0.5,0.5,0.5,0.5,0.5,0.5,0.499999,0.499998,0.499995,0.49999,0.499978,0.499953,0.499907,0.49982,0.499666,0.499403,0.498969,0.498285,0.497249,0.495747,0.49366,0.490887,0.487371,0.483124,0.478254,0.472977,0.467615,0.462571,0.458281,0.45515,0.453499,0.453499,0.45515,0.458281,0.462571,0.467615,0.472977,0.478254,0.483124,0.487371,0.490887,0.49366,0.495747,0.497249,0.498285,0.498969,0.499403,0.499666,0.49982,0.499907,0.499953,0.499978,0.49999,0.499995,0.499998,0.499999,0.5,0.5,0.5,0.5,0.5,0.5,0.5
0.5,0.5,0.5,0.5,0.5,0.5,0.5,0.499999,0.499999,0.499997,0.499993,0.499986,0.49997,0.49994,0.499884,0.499785,0.499614,0.499334,0.498892,0.498222,0.497249,0.495898,0.494102,0.491823,0.489069,0.48591,0.482487,0.479007,0.475734,0.472948,0.470916,0.469843,0.469843,0.470916,0.472948,0.475734,0.479007,0.482487,0.48591,0.489069,0.491823,0.494102,0.495898,0.497249,0.498222,0.498892,0.499334,0.499614,0.499785,0.499884,0.49994,0.49997,0.499986,0.499993,0.499997,0.499999,0.499999,0.5,0.5,0.5,0.5,0.5,0.5,0.5
0.5,0.5,0.5,0.5,0.5,0.5,0.5,0.5,0.499999,0.499998,0.499996,0.499991,0.499981,0.499963,0.499928,0.499866,0.49976,0.499586,0.49931,0.498892,0.498285,0.497441,0.496319,0.494895,0.493174,0.491198,0.489057,0.48688,0.484831,0.483087,0.481815,0.481144,0.481144,0.481815,0.483087,0.484831,0.48688,0.489057,0.491198,0.493174,0.494895,0.496319,0.497441,0.498285,0.498892,0.49931,0.499586,0.49976,0.499866,0.499928,0.499963,0.499981,0.499991,0.499996,0.499998,0.499999,0.5,0.5,0.5,0.5,0.5,0.5,0.5,0.5
0.5,0.5,0.5,0.5,0.5,0.5,0.5,0.5,0.5,0.499999,0.499998,0.499995,0.499989,0.499978,0.499957,0.49992,0.499856,0.499751,0.499586,0.499334,0.498969,0.498461,0.497786,0.496928,0.49589,0.494699,0.493408,0.492095,0.490858,0.489806,0.489038,0.488633,0.488633,0.489038,0.489806,0.490858,0.492095,0.493408,0.494699,0.49589,0.496928,0.497786,0.498461,0.498969,0.499334,0.499586,0.499751,0.499856,0.49992,0.499957,0.499978,0.499989,0.499995,0.499998,0.499999,0.5,0.5,0.5,0.5,0.5,0.5,0.5,0.5,0.5
0.5,0.5,0.5,0.5,0.5,0.5,0.5,0.5,0.5,0.499999,0.499999,0.499997,0.499994,0.499987,0.499975,0.499954,0.499917,0.499856,0.49976,0.499614,0.499403,0.499108,0.498716,0.498218,0.497615,0.496923,0.496172,0.495408,0.494689,0.494077,0.49363,0.493394,0.493394,0.49363,0.494077,0.494689,0.495408,0.496172,0.496923,0.497615,0.498218,0.498716,0.499108,0.499403,0.499614,0.49976,0.499856,0.499917,0.499954,0.499975,0.499987,0.499994,0.499997,0.499999,0.499999,0.5,0.5,0.5,0.5,0.5,0.5,0.5,0.5,0.5
0.5,0.5,0.5,0.5,0.5,0.5,0.5,0.5,0.5,0.5,0.499999,0.499998,0.499996,0.499993,0.499986,0.499974,0.499954,0.49992,0.499866,0.499785,0.499666,0.499502,0.499282,0.499003,0.498666,0.498278,0.497857,0.497429,0.497026,0.496682,0.496432,0.496299,0.496299,0.496432,0.496682,0.497026,0.497429,0.497857,0.498278,0.498666,0.499003,0.499282,0.499502,0.499666,0.499785,0.499866,0.49992,0.499954,0.499974,0.499986,0.499993,0.499996,0.499998,0.499999,0.5,0.5,0.5,0.5,0.5,0.5,0.5,0.5,0.5,0.5
0.5,0.5,0.5,0.5,0.5,0.5,0.5,0.5,0.5,0.5,0.5,0.499999,0.499998,0.499996,0.499993,0.499986,0.499975,0.499957,0.499928,0.499884,0.49982,0.499732,0.499613,0.499463,0.499281,0.499071,0.498844,0.498612,0.498394,0.498209,0.498073,0.498002,0.498002,0.498073,0.498209,0.498394,0.498612,0.498844,0.499071,0.499281,0.499463,0.499613,0.499732,0.49982,0.499884,0.499928,0.499957,0.499975,0.499986,0.499993,0.499996,0.499998,0.499999,0.5,0.5,0.5,0.5,0.5,0.5,0.5,0.5,0.5,0.5,0.5
0.5,0.5,0.5,0.5,0.5,0.5,0.5,0.5,0.5,0.5,0.5,0.5,0.499999,0.499998,0.499996,0.499993,0.499987,0.499978,0.499963,0.49994,0.499907,0.499861,0.499799,0.499721,0.499626,0.499517,0.499399,0.499278,0.499165,0.499068,0.498997,0.49896,0.49896,0.498997,0.499068,0.499165,0.499278,0.499399,0.499517,0.499626,0.499721,0.499799,0.499861,0.499907,0.49994,0.499963,0.499978,0.499987,0.499993,0.499996,0.499998,0.499999,0.5,0.5,0.5,0.5,0.5,0.5,0.5,0.5,0.5,0.5,0.5,0.5
0.5,0.5,0.5,0.5,0.5,0.5,0.5,0.5,0.5,0.5,0.5,0.5,0.5,0.499999,0.499998,0.499996,0.499994,0.499989,0.499981,0.49997,0.499953,0.49993,0.4999,0.49986,0.499813,0.499758,0.499699,0.499638,0.499581,0.499533,0.499497,0.499478,0.499478,0.499497,0.499533,0.499581,0.499638,0.499699,0.499758,0.499813,0.49986,0.4999,0.49993,0.499953,0.49997,0.499981,0.499989,0.499994,0.499996,0.499998,0.499999,0.5,0.5,0.5,0.5,0.5,0.5,0.5,0.5,0.5,0.5,0.5,0.5,0.5
0.5,0.5,0.5,0.5,0.5,0.5,0.5,0.5,0.5,0.5,0.5,0.5,0.5,0.5,0.499999,0.499998,0.499997,0.499995,0.499991,0.499986,0.499978,0.499966,0.499952,0.499933,0.49991,0.499883,0.499854,0.499825,0.499798,0.499774,0.499757,0.499748,0.499748,0.499757,0.499774,0.499798,0.499825,0.499854,0.499883,0.49991,0.499933,0.499952,0.499966,0.499978,0.499986,0.499991,0.499995,0.499997,0.499998,0.499999,0.5,0.5,0.5,0.5,0.5,0.5,0.5,0.5,0.5,0.5,0.5,0.5,0.5,0.5
0.5,0.5,0.5,0.5,0.5,0.5,0.5,0.5,0.5,0.5,0.5,0.5,0.5,0.5,0.5,0.499999,0.499999,0.499998,0.499996,0.499993,0.49999,0.499984,0.499977,0.499969,0.499958,0.499946,0.499932,0.499919,0.499906,0.499895,0.499887,0.499883,0.499883,0.499887,0.499895,0.499906,0.499919,0.499932,0.499946,0.499958,0.499969,0.499977,0.499984,0.49999,0.499993,0.499996,0.499998,0.499999,0.499999,0.5,0.5,0.5,0.5,0.5,0.5,0.5,0.5,0.5,0.5,0.5,0.5,0.5,0.5,0.5
0.5,0.5,0.5,0.5,0.5,0.5,0.5,0.5,0.5,0.5,0.5,0.5,0.5,0.5,0.5,0.5,0.499999,0.499999,0.499998,0.499997,0.499995,0.499993,0.49999,0.499986,0.499981,0.499976,0.49997,0.499963,0.499958,0.499953,0.499949,0.499947,0.499947,0.499949,0.499953,0.499958,0.499963,0.49997,0.499976,0.499981,0.499986,0.49999,0.499993,0.499995,0.499997,0.499998,0.499999,0.499999,0.5,0.5,0.5,0.5,0.5,0.5,0.5,0.5,0.5,0.5,0.5,0.5,0.5,0.5,0.5,0.5
0.5,0.5,0.5,0.5,0.5,0.5,0.5,0.5,0.5,0.5,0.5,0.5,0.5,0.5,0.5,0.5,0.5,0.5,0.499999,0.499999,0.499998,0.499997,0.499996,0.499994,0.499992,0.499989,0.499987,0.499984,0.499982,0.49998,0.499978,0.499977,0.499977,0.499978,0.49998,0.499982,0.499984,0.499987,0.499989,0.499992,0.499994,0.499996,0.499997,0.499998,0.499999,0.499999,0.5,0.5,0.5,0.5,0.5,0.5,0.5,0.5,0.5,0.5,0.5,0.5,0.5,0.5,0.5,0.5,0.5,0.5
0.5,0.5,0.5,0.5,0.5,0.5,0.5,0.5,0.5,0.5,0.5,0.5,0.5,0.5,0.5,0.5,0.5,0.5,0.5,0.499999,0.499999,0.499999,0.499998,0.499997,0.499997,0.499996,0.499995,0.499993,0.499992,0.499991,0.499991,0.49999,0.49999,0.499991,0.499991,0.499992,0.499993,0.499995,0.499996,0.499997,0.499997,0.499998,0.499999,0.499999,0.499999,0.5,0.5,0.5,0.5,0.5,0.5,0.5,0.5,0.5,0.5,0.5,0.5,0.5,0.5,0.5,0.5,0.5,0.5,0.5
0.5,0.5,0.5,0.5,0.5,0.5,0.5,0.5,0.5,0.5,0.5,0.5,0.5,0.5,0.5,0.5,0.5,0.5,0.5,0.5,0.5,0.499999,0.499999,0.499999,0.499999,0.499998,0.499998,0.499997,0.499997,0.499997,0.499996,0.499996,0.499996,0.499996,0.499997,0.499997,0.499997,0.499998,0.499998,0.499999,0.499999,0.499999,0.499999,0.5,0.5,0.5,0.5,0.5,0.5,0.5,0.5,0.5,0.5,0.5,0.5,0.5,0.5,0.5,0.5,0.5,0.5,0.5,0.5,0.5
0.5,0.5,0.5,0.5,0.5,0.5,0.5,0.5,0.5,0.5,0.5,0.5,0.5,0.5,0.5,0.5,0.5,0.5,0.5,0.5,0.5,0.5,0.5,0.5,0.499999,0.499999,0.499999,0.499999,0.499999,0.499999,0.499999,0.499999,0.499999,0.499999,0.499999,0.499999,0.499999,0.499999,0.499999,0.499999,0.5,0.5,0.5,0.5,0.5,0.5,0.5,0.5,0.5,0.5,0.5,0.5,0.5,0.5,0.5,0.5,0.5,0.5,0.5,0.5,0.5,0.5,0.5,0.5
0.5,0.5,0.5,0.5,0.5,0.5,0.5,0.5,0.5,0.5,0.5,0.5,0.5,0.5,0.5,0.5,0.5,0.5,0.5,0.5,0.5,0.5,0.5,0.5,0.5,0.5,0.5,0.5,0.5,0.5,0.499999,0.499999,0.499999,0.499999,0.5,0.5,0.5,0.5,0.5,0.5,0.5,0.5,0.5,0.5,0.5,0.5,0.5,0.5,0.5,0.5,0.5,0.5,0.5,0.5,0.5,0.5,0.5,0.5,0.5,0.5,0.5,0.5,0.5,0.5
0.5,0.5,0.5,0.5,0.5,0.5,0.5,0.5,0.5,0.5,0.5,0.5,0.5,0.5,0.5,0.5,0.5,0.5,0.5,0.5,0.5,0.5,0.5,0.5,0.5,0.5,0.5,0.5,0.5,0.5,0.5,0.5,0.5,0.5,0.5,0.5,0.5,0.5,0.5,0.5,0.5,0.5,0.5,0.5,0.5,0.5,0.5,0.5,0.5,0.5,0.5,0.5,0.5,0.5,0.5,0.5,0.5,0.5,0.5,0.5,0.5,0.5,0.5,0.5
0.5,0.5,0.5,0.5,0.5,0.5,0.5,0.5,0.5,0.5,0.5,0.5,0.5,0.5,0.5,0.5,0.5,0.5,0.5,0.5,0.5,0.5,0.5,0.5,0.5,0.5,0.5,0.5,0.5,0.5,0.5,0.5,0.5,0.5,0.5,0.5,0.5,0.5,0.5,0.5,0.5,0.5,0.5,0.5,0.5,0.5,0.5,0.5,0.5,0.5,0.5,0.5,0.5,0.5,0.5,0.5,0.5,0.5,0.5,0.5,0.5,0.5,0.5,0.5
0.5,0.5,0.5,0.5,0.5,0.5,0.5,0.5,0.5,0.5,0.5,0.5,0.5,0.5,0.5,0.5,0.5,0.5,0.5,0.5,0.5,0.5,0.5,0.5,0.5,0.5,0.5,0.5,0.5,0.5,0.5,0.5,0.5,0.5,0.5,0.5,0.5,0.5,0.5,0.5,0.5,0.5,0.5,0.5,0.5,0.5,0.5,0.5,0.5,0.5,0.5,0.5,0.5,0.5,0.5,0.5,0.5,0.5,0.5,0.5,0.5,0.5,0.5,0.5
0.5,0.5,0.5,0.5,0.5,0.5,0.5,0.5,0.5,0.5,0.5,0.5,0.5,0.5,0.5,0.5,0.5,0.5,0.5,0.5,0.5,0.5,0.5,0.5,0.5,0.5,0.5,0.5,0.5,0.5,0.5,0.5,0.5,0.5,0.5,0.5,0.5,0.5,0.5,0.5,0.5,0.5,0.5,0.5,0.5,0.5,0.5,0.5,0.5,0.5,0.5,0.5,0.5,0.5,0.5,0.5,0.5,0.5,0.5,0.5,0.5,0.5,0.5,0.5
