0.5,0.5,0.5,0.5,0.5,0.5,0.5,0.5,0.5,0.5,0.5,0.5,0.5,0.5,0.5,0.5,0.5,0.5,0.5,0.5,0.5,0.5,0.5,0.5,0.5,0.5,0.5,0.5,0.5,0.5,0.5,0.5,0.5,0.5,0.5,0.5,0.5,0.5,0.5,0.5,0.5,0.5,0.5,0.5,0.5,0.5,0.5,0.5,0.5,0.5,0.5,0.5,0.5,0.5,0.5,0.5,0.5,0.5,0.5,0.5,0.5,0.5,0.5,0.5
0.5,0.5,0.5,0.5,0.5,0.5,0.5,0.5,0.5,0.5,0.5,0.5,0.5,0.5,0.5,0.5,0.5,0.5,0.5,0.5,0.5,0.5,0.5,0.5,0.5,0.5,0.5,0.5,0.5,0.5,0.5,0.5,0.5,0.5,0.5,0.5,0.5,0.5,0.5,0.5,0.5,0.5,0.5,0.5,0.5,0.5,0.5,0.5,0.5,0.5,0.5,0.5,0.5,0.5,0.5,0.5,0.5,0.5,0.5,0.5,0.5,0.5,0.5,0.5
0.5,0.5,0.5,0.5,0.5,0.5,0.5,0.5,0.5,0.5,0.5,0.5,0.5,0.5,0.5,0.5,0.5,0.5,0.5,0.5,0.5,0.5,0.5,0.5,0.5,0.5,0.499999,0.499999,0.499999,0.499999,0.499999,0.499999,0.499999,0.499999,0.499999,0.499999,0.499999,0.499999,0.5,0.5,0.5,0.5,0.5,0.5,0.5,0.5,0.5,0.5,0.5,0.5,0.5,0.5,0.5,0.5,0.5,0.5,0.5,0.5,0.5,0.5,0.5,0.5,0.5,0.5
0.5,0.5,0.5,0.5,0.5,0.5,0.5,0.5,0.5,0.5,0.5,0.5,0.5,0.5,0.5,0.5,0.5,0.5,0.5,0.5,0.5,0.5,0.5,0.499999,0.499999,0.499999,0.499999,0.499998,0.499998,0.499998,0.499998,0.499998,0.499998,0.499998,0.499998,0.499998,0.499998,0.499999,0.499999,0.499999,0.499999,0.5,0.5,0.5,0.5,0.5,0.5,0.5,0.5,0.5,0.5,0.5,0.5,0.5,0.5,0.5,0.5,0.5,0.5,0.5,0.5,0.5,0.5,0.5
0.5,0.5,0.5,0.5,0.5,0.5,0.5,0.5,0.5,0.5,0.5,0.5,0.5,0.5,0.5,0.5,0.5,0.5,0.5,0.5,0.499999,0.499999,0.499999,0.499998,0.499998,0.499997,0.499997,0.499996,0.499996,0.499995,0.499995,0.499995,0.499995,0.499995,0.499995,0.499996,0.499996,0.499997,0.499997,0.499998,0.499998,0.499999,0.499999,0.499999,0.5,0.5,0.5,0.5,0.5,0.5,0.5,0.5,0.5,0.5,0.5,0.5,0.5,0.5,0.5,0.5,0.5,0.5,0.5,0.5
0.5,0.5,0.5,0.5,0.5,0.5,0.5,0.5,0.5,0.5,0.5,0.5,0.5,0.5,0.5,0.5,0.5,0.5,0.499999,0.499999,0.499999,0.499998,0.499997,0.499996,0.499995,0.499993,0.499992,0.499991,0.499989,0.499988,0.499987,0.499987,0.499987,0.499987,0.499988,0.499989,0.499991,0.499992,0.499993,0.499995,0.499996,0.499997,0.499998,0.499999,0.499999,0.499999,0.5,0.5,0.5,0.5,0.5,0.5,0.5,0.5,0.5,0.5,0.5,0.5,0.5,0.5,0.5,0.5,0.5,0.5
0.5,0.5,0.5,0.5,0.5,0.5,0.5,0.5,0.5,0.5,0.5,0.5,0.5,0.5,0.5,0.5,0.499999,0.499999,0.499999,0.499998,0.499997,0.499995,0.499993,0.499991,0.499988,0.499985,0.499981,0.499978,0.499975,0.499972,0.49997,0.499969,0.499969,0.49997,0.499972,0.499975,0.499978,0.499981,0.499985,0.499988,0.499991,0.499993,0.499995,0.499997,0.499998,0.499999,0.499999,0.499999,0.5,0.5,0.5,0.5,0.5,0.5,0.5,0.5,0.5,0.5,0.5,0.5,0.5,0.5,0.5,0.5
0.5,0.5,0.5,0.5,0.5,0.5,0.5,0.5,0.5,0.5,0.5,0.5,0.5,0.5,0.5,0.499999,0.499999,0.499998,0.499997,0.499995,0.499992,0.499989,0.499984,0.499979,0.499972,0.499965,0.499957,0.49995,0.499943,0.499937,0.499932,0.49993,0.49993,0.499932,0.499937,0.499943,0.49995,0.499957,0.499965,0.499972,0.499979,0.499984,0.499989,0.499992,0.499995,0.499997,0.499998,0.499999,0.499999,0.5,0.5,0.5,0.5,0.5,0.5,0.5,0.5,0.5,0.5,0.5,0.5,0.5,0.5,0.5
0.5,0.5,0.5,0.5,0.5,0.5,0.5,0.5,0.5,0.5,0.5,0.5,0.5,0.499999,0.499999,0.499998,0.499997,0.499995,0.499993,0.499989,0.499983,0.499975,0.499966,0.499954,0.49994,0.499924,0.499907,0.49989,0.499875,0.499861,0.499852,0.499847,0.499847,0.499852,0.499861,0.499875,0.49989,0.499907,0.499924,0.49994,0.499954,0.499966,0.499975,0.499983,0.499989,0.499993,0.499995,0.499997,0.499998,0.499999,0.499999,0.5,0.5,0.5,0.5,0.5,0.5,0.5,0.5,0.5,0.5,0.5,0.5,0.5
0.5,0.5,0.5,0.5,0.5,0.5,0.5,0.5,0.5,0.5,0.5,0.5,0.499999,0.499999,0.499998,0.499996,0.499994,0.49999,0.499984,0.499976,0.499964,0.499948,0.499927,0.499902,0.499872,0.499839,0.499803,0.499768,0.499736,0.499708,0.499688,0.499678,0.499678,0.499688,0.499708,0.499736,0.499768,0.499803,0.499839,0.499872,0.499902,0.499927,0.499948,0.499964,0.499976,0.499984,0.49999,0.499994,0.499996,0.499998,0.499999,0.499999,0.5,0.5,0.5,0.5,0.5,0.5,0.5,0.5,0.5,0.5,0.5,0.5
0.5,0.5,0.5,0.5,0.5,0.5,0.5,0.5,0.5,0.5,0.5,0.499999,0.499999,0.499998,0.499996,0.499993,0.499988,0.499979,0.499967,0.49995,0.499925,0.499892,0.49985,0.499799,0.499738,0.499671,0.499599,0.499528,0.499462,0.499407,0.499367,0.499346,0.499346,0.499367,0.499407,0.499462,0.499528,0.499599,0.499671,0.499738,0.499799,0.49985,0.499892,0.499925,0.49995,0.499967,0.499979,0.499988,0.499993,0.499996,0.499998,0.499999,0.499999,0.5,0.5,0.5,0.5,0.5,0.5,0.5,0.5,0.5,0.5,0.5
0.5,0.5,0.5,0.5,0.5,0.5,0.5,0.5,0.5,0.5,0.499999,0.499999,0.499998,0.499995,0.499992,0.499985,0.499975,0.499959,0.499935,0.4999,0.499851,0.499787,0.499704,0.499603,0.499484,0.499352,0.499212,0.499073,0.498944,0.498836,0.498759,0.498718,0.498718,0.498759,0.498836,0.498944,0.499073,0.499212,0.499352,0.499484,0.499603,0.499704,0.499787,0.499851,0.4999,0.499935,0.499959,0.499975,0.499985,0.499992,0.499995,0.499998,0.499999,0.499999,0.5,0.5,0.5,0.5,0.5,0.5,0.5,0.5,0.5,0.5
0.5,0.5,0.5,0.5,0.5,0.5,0.5,0.5,0.5,0.499999,0.499999,0.499998,0.499995,0.499991,0.499984,0.499972,0.499952,0.499921,0.499875,0.499808,0.499715,0.499592,0.499435,0.499243,0.499019,0.498769,0.498505,0.498243,0.498001,0.497799,0.497652,0.497575,0.497575,0.497652,0.497799,0.498001,0.498243,0.498505,0.498769,0.499019,0.499243,0.499435,0.499592,0.499715,0.499808,0.499875,0.499921,0.499952,0.499972,0.499984,0.499991,0.499995,0.499998,0.499999,0.499999,0.5,0.5,0.5,0.5,0.5,0.5,0.5,0.5,0.5
0.5,0.5,0.5,0.5,0.5,0.5,0.5,0.5,0.499999,0.499999,0.499998,0.499995,0.499991,0.499983,0.49997,0.499947,0.49991,0.499853,0.499767,0.499644,0.499474,0.499247,0.49896,0.498608,0.498198,0.497743,0.497263,0.496787,0.496348,0.495981,0.495715,0.495576,0.495576,0.495715,0.495981,0.496348,0.496787,0.497263,0.497743,0.498198,0.498608,0.49896,0.499247,0.499474,0.499644,0.499767,0.499853,0.49991,0.499947,0.49997,0.499983,0.499991,0.499995,0.499998,0.499999,0.499999,0.5,0.5,0.5,0.5,0.5,0.5,0.5,0.5
0.5,0.5,0.5,0.5,0.5,0.5,0.5,0.5,0.499999,0.499998,0.499996,0.499992,0.499984,0.49997,0.499945,0.499904,0.499838,0.499735,0.499582,0.499363,0.49906,0.498659,0.498149,0.497529,0.496807,0.496006,0.495164,0.494329,0.49356,0.492917,0.492453,0.49221,0.49221,0.492453,0.492917,0.49356,0.494329,0.495164,0.496006,0.496807,0.497529,0.498149,0.498659,0.49906,0.499363,0.499582,0.499735,0.499838,0.499904,0.499945,0.49997,0.499984,0.499992,0.499996,0.499998,0.499999,0.5,0.5,0.5,0.5,0.5,0.5,0.5,0.5
0.5,0.5,0.5,0.5,0.5,0.5,0.5,0.499999,0.499998,0.499996,0.499993,0.499985,0.499972,0.499947,0.499904,0.499833,0.499718,0.49954,0.499276,0.498898,0.498378,0.497691,0.49682,0.495762,0.494534,0.493175,0.491747,0.490335,0.489036,0.48795,0.487167,0.486758,0.486758,0.487167,0.48795,0.489036,0.490335,0.491747,0.493175,0.494534,0.495762,0.49682,0.497691,0.498378,0.498898,0.499276,0.49954,0.499718,0.499833,0.499904,0.499947,0.499972,0.499985,0.499993,0.499996,0.499998,0.499999,0.5,0.5,0.5,0.5,0.5,0.5,0.5
0.5,0.5,0.5,0.5,0.5,0.5,0.499999,0.499999,0.499997,0.499994,0.499988,0.499975,0.499952,0.49991,0.499838,0.499718,0.499525,0.499228,0.498788,0.498159,0.497297,0.496161,0.494723,0.492982,0.490964,0.488736,0.4864,0.484093,0.481974,0.480204,0.47893,0.478263,0.478263,0.47893,0.480204,0.481974,0.484093,0.4864,0.488736,0.490964,0.492982,0.494723,0.496161,0.497297,0.498159,0.498788,0.499228,0.499525,0.499718,0.499838,0.49991,0.499952,0.499975,0.499988,0.499994,0.499997,0.499999,0.499999,0.5,0.5,0.5,0.5,0.5,0.5
0.5,0.5,0.5,0.5,0.5,0.5,0.499999,0.499998,0.499995,0.49999,0.499979,0.499959,0.499921,0.499853,0.499735,0.49954,0.499228,0.498749,0.498039,0.49703,0.495648,0.493831,0.49154,0.48877,0.485569,0.48204,0.478349,0.47471,0.471371,0.468586,0.466584,0.465536,0.465536,0.466584,0.468586,0.471371,0.47471,0.478349,0.48204,0.485569,0.48877,0.49154,0.493831,0.495648,0.49703,0.498039,0.498749,0.499228,0.49954,0.499735,0.499853,0.499921,0.499959,0.499979,0.49999,0.499995,0.499998,0.499999,0.5,0.5,0.5,0.5,0.5,0.5
0.5,0.5,0.5,0.5,0.5,0.499999,0.499999,0.499997,0.499993,0.499984,0.499967,0.499935,0.499875,0.499767,0.499582,0.499276,0.498788,0.498039,0.496935,0.495366,0.493226,0.49042,0.48689,0.482634,0.477725,0.472327,0.466691,0.461146,0.456065,0.451833,0.448792,0.447202,0.447202,0.448792,0.451833,0.456065,0.461146,0.466691,0.472327,0.477725,0.482634,0.48689,0.49042,0.493226,0.495366,0.496935,0.498039,0.498788,0.499276,0.499582,0.499767,0.499875,0.499935,0.499967,0.499984,0.499993,0.499997,0.499999,0.499999,0.5,0.5,0.5,0.5,0.5
0.5,0.5,0.5,0.5,0.5,0.499999,0.499998,0.499995,0.499989,0.499976,0.49995,0.4999,0.499808,0.499644,0.499363,0.498898,0.498159,0.49703,0.495366,0.493011,0.489807,0.485617,0.480359,0.474035,0.466761,0.458779,0.450463,0.442295,0.434824,0.428608,0.424146,0.421814,0.421814,0.424146,0.428608,0.434824,0.442295,0.450463,0.458779,0.466761,0.474035,0.480359,0.485617,0.489807,0.493011,0.495366,0.49703,0.498159,0.498898,0.499363,0.499644,0.499808,0.4999,0.49995,0.499976,0.499989,0.499995,0.499998,0.499999,0.5,0.5,0.5,0.5,0.5
0.5,0.5,0.5,0.5,0.499999,0.499999,0.499997,0.499992,0.499983,0.499964,0.499925,0.499851,0.499715,0.499474,0.49906,0.498378,0.497297,0.495648,0.493226,0.489807,0.485166,0.479114,0.471541,0.462456,0.45203,0.440617,0.428751,0.417119,0.406497,0.397671,0.391341,0.388035,0.388035,0.391341,0.397671,0.406497,0.417119,0.428751,0.440617,0.45203,0.462456,0.471541,0.479114,0.485166,0.489807,0.493226,0.495648,0.497297,0.498378,0.49906,0.499474,0.499715,0.499851,0.499925,0.499964,0.499983,0.499992,0.499997,0.499999,0.499999,0.5,0.5,0.5,0.5
0.5,0.5,0.5,0.5,0.499999,0.499998,0.499995,0.499989,0.499975,0.499948,0.499892,0.499787,0.499592,0.499247,0.498659,0.497691,0.496161,0.493831,0.49042,0.485617,0.479114,0.470658,0.460103,0.447474,0.433018,0.417229,0.40085,0.384825,0.370215,0.358091,0.349405,0.34487,0.34487,0.349405,0.358091,0.370215,0.384825,0.40085,0.417229,0.433018,0.447474,0.460103,0.470658,0.479114,0.485617,0.49042,0.493831,0.496161,0.497691,0.498659,0.499247,0.499592,0.499787,0.499892,0.499948,0.499975,0.499989,0.499995,0.499998,0.499999,0.5,0.5,0.5,0.5
0.5,0.5,0.5,0.5,0.499999,0.499997,0.499993,0.499984,0.499966,0.499927,0.49985,0.499704,0.499435,0.49896,0.498149,0.49682,0.494723,0.49154,0.48689,0.480359,0.471541,0.460103,0.445864,0.428871,0.409466,0.388323,0.366437,0.345064,0.325613,0.309493,0.297955,0.291936,0.291936,0.297955,0.309493,0.325613,0.345064,0.366437,0.388323,0.409466,0.428871,0.445864,0.460103,0.471541,0.480359,0.48689,0.49154,0.494723,0.49682,0.498149,0.49896,0.499435,0.499704,0.49985,0.499927,0.499966,0.499984,0.499993,0.499997,0.499999,0.5,0.5,0.5,0.5
0.5,0.5,0.5,0.499999,0.499998,0.499996,0.499991,0.499979,0.499954,0.499902,0.499799,0.499603,0.499243,0.498608,0.497529,0.495762,0.492982,0.48877,0.482634,0.474035,0.462456,0.447474,0.428871,0.406724,0.381496,0.354072,0.325745,0.298136,0.27305,0.252288,0.237444,0.229705,0.229705,0.237444,0.252288,0.27305,0.298136,0.325745,0.354072,0.381496,0.406724,0.428871,0.447474,0.462456,0.474035,0.482634,0.48877,0.492982,0.495762,0.497529,0.498608,0.499243,0.499603,0.499799,0.499902,0.499954,0.499979,0.499991,0.499996,0.499998,0.499999,0.5,0.5,0.5
0.5,0.5,0.5,0.499999,0.499998,0.499995,0.499988,0.499972,0.49994,0.499872,0.499738,0.499484,0.499019,0.498198,0.496807,0.494534,0.490964,0.485569,0.477725,0.466761,0.45203,0.433018,0.409466,0.381496,0.349709,0.315232,0.279695,0.245123,0.213762,0.187843,0.169329,0.159681,0.159681,0.169329,0.187843,0.213762,0.245123,0.279695,0.315232,0.349709,0.381496,0.409466,0.433018,0.45203,0.466761,0.477725,0.485569,0.490964,0.494534,0.496807,0.498198,0.499019,0.499484,0.499738,0.499872,0.49994,0.499972,0.499988,0.499995,0.499998,0.499999,0.5,0.5,0.5
0.5,0.5,0.5,0.499999,0.499997,0.499993,0.499985,0.499965,0.499924,0.499839,0.499671,0.499352,0.498769,0.497743,0.496006,0.493175,0.488736,0.48204,0.472327,0.458779,0.440617,0.417229,0.388323,0.354072,0.315232,0.273195,0.229951,0.187958,0.149924,0.11853,0.0961268,0.0844599,0.0844599,0.0961268,0.11853,0.149924,0.187958,0.229951,0.273195,0.315232,0.354072,0.388323,0.417229,0.440617,0.458779,0.472327,0.48204,0.488736,0.493175,0.496006,0.497743,0.498769,0.499352,0.499671,0.499839,0.499924,0.499965,0.499985,0.499993,0.499997,0.499999,0.5,0.5,0.5
0.5,0.5,0.499999,0.499999,0.499997,0.499992,0.499981,0.499957,0.499907,0.499803,0.499599,0.499212,0.498505,0.497263,0.495164,0.491747,0.4864,0.478349,0.466691,0.450463,0.428751,0.40085,0.366437,0.325745,0.279695,0.229951,0.178873,0.129355,0.0845719,0.0476505,0.0213258,0.00762452,0.00762452,0.0213258,0.0476505,0.0845719,0.129355,0.178873,0.229951,0.279695,0.325745,0.366437,0.40085,0.428751,0.450463,0.466691,0.478349,0.4864,0.491747,0.495164,0.497263,0.498505,0.499212,0.499599,0.499803,0.499907,0.499957,0.499981,0.499992,0.499997,0.499999,0.499999,0.5,0.5
0.5,0.5,0.499999,0.499998,0.499996,0.499991,0.499978,0.49995,0.49989,0.499768,0.499528,0.499073,0.498243,0.496787,0.494329,0.490335,0.484093,0.47471,0.461146,0.442295,0.417119,0.384825,0.345064,0.298136,0.245123,0.187958,0.129355,0.0726278,0.0213912,-0.0208054,-0.0508672,-0.0665059,-0.0665059,-0.0508672,-0.0208054,0.0213912,0.0726278,0.129355,0.187958,0.245123,0.298136,0.345064,0.384825,0.417119,0.442295,0.461146,0.47471,0.484093,0.490335,0.494329,0.496787,0.498243,0.499073,0.499528,0.499768,0.49989,0.49995,0.499978,0.499991,0.499996,0.499998,0.499999,0.5,0.5
0.5,0.5,0.499999,0.499998,0.499996,0.499989,0.499975,0.499943,0.499875,0.499736,0.499462,0.498944,0.498001,0.496348,0.49356,0.489036,0.481974,0.471371,0.456065,0.434824,0.406497,0.370215,0.325613,0.27305,0.213762,0.149924,0.0845719,0.0213912,-0.0356107,-0.0825125,-0.115904,-0.133267,-0.133267,-0.115904,-0.0825125,-0.0356107,0.0213912,0.0845719,0.149924,0.213762,0.27305,0.325613,0.370215,0.406497,0.434824,0.456065,0.471371,0.481974,0.489036,0.49356,0.496348,0.498001,0.498944,0.499462,0.499736,0.499875,0.499943,0.499975,0.499989,0.499996,0.499998,0.499999,0.5,0.5
0.5,0.5,0.499999,0.499998,0.499995,0.499988,0.499972,0.499937,0.499861,0.499708,0.499407,0.498836,0.497799,0.495981,0.492917,0.48795,0.480204,0.468586,0.451833,0.428608,0.397671,0.358091,0.309493,0.252288,0.187843,0.11853,0.0476505,-0.0208054,-0.0825125,-0.133249,-0.169351,-0.188117,-0.188117,-0.169351,-0.133249,-0.0825125,-0.0208054,0.0476505,0.11853,0.187843,0.252288,0.309493,0.358091,0.397671,0.428608,0.451833,0.468586,0.480204,0.48795,0.492917,0.495981,0.497799,0.498836,0.499407,0.499708,0.499861,0.499937,0.499972,0.499988,0.499995,0.499998,0.499999,0.5,0.5
0.5,0.5,0.499999,0.499998,0.499995,0.499987,0.49997,0.499932,0.499852,0.499688,0.499367,0.498759,0.497652,0.495715,0.492453,0.487167,0.47893,0.466584,0.448792,0.424146,0.391341,0.349405,0.297955,0.237444,0.169329,0.0961268,0.0213258,-0.0508672,-0.115904,-0.169351,-0.207367,-0.227124,-0.227124,-0.207367,-0.169351,-0.115904,-0.0508672,0.0213258,0.0961268,0.169329,0.237444,0.297955,0.349405,0.391341,0.424146,0.448792,0.466584,0.47893,0.487167,0.492453,0.495715,0.497652,0.498759,0.499367,0.499688,0.499852,0.499932,0.49997,0.499987,0.499995,0.499998,0.499999,0.5,0.5
0.5,0.5,0.499999,0.499998,0.499995,0.499987,0.499969,0.49993,0.499847,0.499678,0.499346,0.498718,0.497575,0.495576,0.49221,0.486758,0.478263,0.465536,0.447202,0.421814,0.388035,0.34487,0.291936,0.229705,0.159681,0.0844599,0.00762452,-0.0665059,-0.133267,-0.188117,-0.227124,-0.247394,-0.247394,-0.227124,-0.188117,-0.133267,-0.0665059,0.00762452,0.0844599,0.159681,0.229705,0.291936,0.34487,0.388035,0.421814,0.447202,0.465536,0.478263,0.486758,0.49221,0.495576,0.497575,0.498718,0.499346,0.499678,0.499847,0.49993,0.499969,0.499987,0.499995,0.499998,0.499999,0.5,0.5
0.5,0.5,0.499999,0.499998,0.499995,0.499987,0.499969,0.49993,0.499847,0.499678,0.499346,0.498718,0.497575,0.495576,0.49221,0.486758,0.478263,0.465536,0.447202,0.421814,0.388035,0.34487,0.291936,0.229705,0.159681,0.0844599,0.00762452,-0.0665059,-0.133267,-0.188117,-0.227124,-0.247394,-0.247394,-0.227124,-0.188117,-0.133267,-0.0665059,0.00762452,0.0844599,0.159681,0.229705,0.291936,0.34487,0.388035,0.421814,0.447202,0.465536,0.478263,0.486758,0.49221,0.495576,0.497575,0.498718,0.499346,0.499678,0.499847,0.49993,0.499969,0.499987,0.499995,0.499998,0.499999,0.5,0.5
0.5,0.5,0.499999,0.499998,0.499995,0.499987,0.49997,0.499932,0.499852,0.499688,0.499367,0.498759,0.497652,0.495715,0.492453,0.487167,0.47893,0.466584,0.448792,0.424146,0.391341,0.349405,0.297955,0.237444,0.169329,0.0961268,0.0213258,-0.0508672,-0.115904,-0.169351,-0.207367,-0.227124,-0.227124,-0.207367,-0.169351,-0.115904,-0.0508672,0.0213258,0.0961268,0.169329,0.237444,0.297955,0.349405,0.391341,0.424146,0.448792,0.466584,0.47893,0.487167,0.492453,0.495715,0.497652,0.498759,0.499367,0.499688,0.499852,0.499932,0.49997,0.499987,0.499995,0.499998,0.499999,0.5,0.5
0.5,0.5,0.499999,0.499998,0.499995,0.499988,0.499972,0.499937,0.499861,0.499708,0.499407,0.498836,0.497799,0.495981,0.492917,0.48795,0.480204,0.468586,0.451833,0.428608,0.397671,0.358091,0.309493,0.252288,0.187843,0.11853,0.0476505,-0.0208054,-0.0825125,-0.133249,-0.169351,-0.188117,-0.188117,-0.169351,-0.133249,-0.0825125,-0.0208054,0.0476505,0.11853,0.187843,0.252288,0.309493,0.358091,0.397671,0.428608,0.451833,0.468586,0.480204,0.48795,0.492917,0.495981,0.497799,0.498836,0.499407,0.499708,0.499861,0.499937,0.499972,0.499988,0.499995,0.499998,0.499999,0.5,0.5
0.5,0.5,0.499999,0.499998,0.499996,0.499989,0.499975,0.499943,0.499875,0.499736,0.499462,0.498944,0.498001,0.496348,0.49356,0.489036,0.481974,0.471371,0.456065,0.434824,0.406497,0.370215,0.325613,0.27305,0.213762,0.149924,0.0845719,0.0213912,-0.0356107,-0.0825125,-0.115904,-0.133267,-0.133267,-0.115904,-0.0825125,-0.0356107,0.0213912,0.0845719,0.149924,0.213762,0.27305,0.325613,0.370215,0.406497,0.434824,0.456065,0.471371,0.481974,0.489036,0.49356,0.496348,0.498001,0.498944,0.499462,0.499736,0.499875,0.499943,0.499975,0.499989,0.499996,0.499998,0.499999,0.5,0.5
0.5,0.5,0.499999,0.499998,0.499996,0.499991,0.499978,0.49995,0.49989,0.499768,0.499528,0.499073,0.498243,0.496787,0.494329,0.490335,0.484093,0.47471,0.461146,0.442295,0.417119,0.384825,0.345064,0.298136,0.245123,0.187958,0.129355,0.0726278,0.0213912,-0.0208054,-0.0508672,-0.0665059,-0.0665059,-0.0508672,-0.0208054,0.0213912,0.0726278,0.129355,0.187958,0.245123,0.298136,0.345064,0.384825,0.417119,0.442295,0.461146,0.47471,0.484093,0.490335,0.494329,0.496787,0.498243,0.499073,0.499528,0.499768,0.49989,0.49995,0.499978,0.499991,0.499996,0.499998,0.499999,0.5,0.5
0.5,0.5,0.499999,0.499999,0.499997,0.499992,0.499981,0.499957,0.499907,0.499803,0.499599,0.499212,0.498505,0.497263,0.495164,0.491747,0.4864,0.478349,0.466691,0.450463,0.428751,0.40085,0.366437,0.325745,0.279695,0.229951,0.178873,0.129355,0.0845719,0.0476505,0.0213258,0.00762452,0.00762452,0.0213258,0.0476505,0.0845719,0.129355,0.178873,0.229951,0.279695,0.325745,0.366437,0.40085,0.428751,0.450463,0.466691,0.478349,0.4864,0.491747,0.495164,0.497263,0.498505,0.499212,0.499599,0.499803,0.499907,0.499957,0.499981,0.499992,0.499997,0.499999,0.499999,0.5,0.5
0.5,0.5,0.5,0.499999,0.499997,0.499993,0.499985,0.499965,0.499924,0.499839,0.499671,0.499352,0.498769,0.497743,0.496006,0.493175,0.488736,0.48204,0.472327,0.458779,0.440617,0.417229,0.388323,0.354072,0.315232,0.273195,0.229951,0.187958,0.149924,0.11853,0.0961268,0.0844599,0.0844599,0.0961268,0.11853,0.149924,0.187958,0.229951,0.273195,0.315232,0.354072,0.388323,0.417229,0.440617,0.458779,0.472327,0.48204,0.488736,0.493175,0.496006,0.497743,0.498769,0.499352,0.499671,0.499839,0.499924,0.499965,0.499985,0.499993,0.499997,0.499999,0.5,0.5,0.5
0.5,0.5,0.5,0.499999,0.499998,0.499995,0.499988,0.499972,0.49994,0.499872,0.499738,0.499484,0.499019,0.498198,0.496807,0.494534,0.490964,0.485569,0.477725,0.466761,0.45203,0.433018,0.409466,0.381496,0.349709,0.315232,0.279695,0.245123,0.213762,0.187843,0.169329,0.159681,0.159681,0.169329,0.187843,0.213762,0.245123,0.279695,0.315232,0.349709,0.381496,0.409466,0.433018,0.45203,0.466761,0.477725,0.485569,0.490964,0.494534,0.496807,0.498198,0.499019,0.499484,0.499738,0.499872,0.49994,0.499972,0.499988,0.499995,0.499998,0.499999,0.5,0.5,0.5
0.5,0.5,0.5,0.499999,0.499998,0.499996,0.499991,0.499979,0.499954,0.499902,0.499799,0.499603,0.499243,0.498608,0.497529,0.495762,0.492982,0.48877,0.482634,0.474035,0.462456,0.447474,0.428871,0.406724,0.381496,0.354072,0.325745,0.298136,0.27305,0.252288,0.237444,0.229705,0.229705,0.237444,0.252288,0.27305,0.298136,0.325745,0.354072,0.381496,0.406724,0.428871,0.447474,0.462456,0.474035,0.482634,0.48877,0.492982,0.495762,0.497529,0.498608,0.499243,0.499603,0.499799,0.499902,0.499954,0.499979,0.499991,0.499996,0.499998,0.499999,0.5,0.5,0.5
0.5,0.5,0.5,0.5,0.499999,0.499997,0.499993,0.499984,0.499966,0.499927,0.49985,0.499704,0.499435,0.49896,0.498149,0.49682,0.494723,0.49154,0.48689,0.480359,0.471541,0.460103,0.445864,0.428871,0.409466,0.388323,0.366437,0.345064,0.325613,0.309493,0.297955,0.291936,0.291936,0.297955,0.309493,0.325613,0.345064,0.366437,0.388323,0.409466,0.428871,0.445864,0.460103,0.471541,0.480359,0.48689,0.49154,0.494723,0.49682,0.498149,0.49896,0.499435,0.499704,0.49985,0.499927,0.499966,0.499984,0.499993,0.499997,0.499999,0.5,0.5,0.5,0.5
0.5,0.5,0.5,0.5,0.499999,0.499998,0.499995,0.499989,0.499975,0.499948,0.499892,0.499787,0.499592,0.499247,0.498659,0.497691,0.496161,0.493831,0.49042,0.485617,0.479114,0.470658,0.460103,0.447474,0.433018,0.417229,0.40085,0.384825,0.370215,0.358091,0.349405,0.34487,0.34487,0.349405,0.358091,0.370215,0.384825,0.40085,0.417229,0.433018,0.447474,0.460103,0.470658,0.479114,0.485617,0.49042,0.493831,0.496161,0.497691,0.498659,0.499247,0.499592,0.499787,0.499892,0.499948,0.499975,0.499989,0.499995,0.499998,0.499999,0.5,0.5,0.5,0.5
0.5,0.5,0.5,0.5,0.499999,0.499999,0.499997,0.499992,0.499983,0.499964,0.499925,0.499851,0.499715,0.499474,0.49906,0.498378,0.497297,0.495648,0.493226,0.489807,0.485166,0.479114,0.471541,0.462456,0.45203,0.440617,0.428751,0.417119,0.406497,0.397671,0.391341,0.388035,0.388035,0.391341,0.397671,0.406497,0.417119,0.428751,0.440617,0.45203,0.462456,0.471541,0.479114,0.485166,0.489807,0.493226,0.495648,0.497297,0.498378,0.49906,0.499474,0.499715,0.499851,0.499925,0.499964,0.499983,0.499992,0.499997,0.499999,0.499999,0.5,0.5,0.5,0.5
0.5,0.5,0.5,0.5,0.5,0.499999,0.499998,0.499995,0.499989,0.499976,0.49995,0.4999,0.499808,0.499644,0.499363,0.498898,0.498159,0.49703,0.495366,0.493011,0.489807,0.485617,0.480359,0.474035,0.466761,0.458779,0.450463,0.442295,0.434824,0.428608,0.424146,0.421814,0.421814,0.424146,0.428608,0.434824,0.442295,0.450463,0.458779,0.466761,0.474035,0.480359,0.485617,0.489807,0.493011,0.495366,0.49703,0.498159,0.498898,0.499363,0.499644,0.499808,0.4999,0.49995,0.499976,0.499989,0.499995,0.499998,0.499999,0.5,0.5,0.5,0.5,0.5
0.5,0.5,0.5,0.5,0.5,0.499999,0.499999,0.499997,0.499993,0.499984,0.499967,0.499935,0.499875,0.499767,0.499582,0.499276,0.498788,0.498039,0.496935,0.495366,0.493226,0.49042,0.48689,0.482634,0.477725,0.472327,0.466691,0.461146,0.456065,0.451833,0.448792,0.447202,0.447202,0.448792,0.451833,0.456065,0.461146,0.466691,0.472327,0.477725,0.482634,0.48689,0.49042,0.493226,0.495366,0.496935,0.498039,0.498788,0.499276,0.499582,0.499767,0.499875,0.499935,0.499967,0.499984,0.499993,0.499997,0.499999,0.499999,0.5,0.5,0.5,0.5,0.5
0.5,0.5,0.5,0.5,0.5,0.5,0.499999,0.499998,0.499995,0.49999,0.499979,0.499959,0.499921,0.499853,0.499735,0.49954,0.499228,0.498749,0.498039,0.49703,0.495648,0.493831,0.49154,0.48877,0.485569,0.48204,0.478349,0.47471,0.471371,0.468586,0.466584,0.465536,0.465536,0.466584,0.468586,0.471371,0.47471,0.478349,0.48204,0.485569,0.48877,0.49154,0.493831,0.495648,0.49703,0.498039,0.498749,0.499228,0.49954,0.499735,0.499853,0.499921,0.499959,0.499979,0.49999,0.499995,0.499998,0.499999,0.5,0.5,0.5,0.5,0.5,0.5
0.5,0.5,0.5,0.5,0.5,0.5,0.499999,0.499999,0.499997,0.499994,0.499988,0.499975,0.499952,0.49991,0.499838,0.499718,0.499525,0.499228,0.498788,0.498159,0.497297,0.496161,0.494723,0.492982,0.490964,0.488736,0.4864,0.484093,0.481974,0.480204,0.47893,0.478263,0.478263,0.47893,0.480204,0.481974,0.484093,0.4864,0.488736,0.490964,0.492982,0.494723,0.496161,0.497297,0.498159,0.498788,0.499228,0.499525,0.499718,0.499838,0.49991,0.499952,0.499975,0.499988,0.499994,0.499997,0.499999,0.499999,0.5,0.5,0.5,0.5,0.5,0.5
0.5,0.5,0.5,0.5,0.5,0.5,0.5,0.499999,0.499998,0.499996,0.499993,0.499985,0.499972,0.499947,0.499904,0.499833,0.499718,0.49954,0.499276,0.498898,0.498378,0.497691,0.49682,0.495762,0.494534,0.493175,0.491747,0.490335,0.489036,0.48795,0.487167,0.486758,0.486758,0.487167,0.48795,0.489036,0.490335,0.491747,0.493175,0.494534,0.495762,0.49682,0.497691,0.498378,0.498898,0.499276,0.49954,0.499718,0.499833,0.499904,0.499947,0.499972,0.499985,0.499993,0.499996,0.499998,0.499999,0.5,0.5,0.5,0.5,0.5,0.5,0.5
0.5,0.5,0.5,0.5,0.5,0.5,0.5,0.5,0.499999,0.499998,0.499996,0.499992,0.499984,0.49997,0.499945,0.499904,0.499838,0.499735,0.499582,0.499363,0.49906,0.498659,0.498149,0.497529,0.496807,0.496006,0.495164,0.494329,0.49356,0.492917,0.492453,0.49221,0.49221,0.492453,0.492917,0.49356,0.494329,0.495164,0.496006,0.496807,0.497529,0.498149,0.498659,0.49906,0.499363,0.499582,0.499735,0.499838,0.499904,0.499945,0.49997,0.499984,0.499992,0.499996,0.499998,0.499999,0.5,0.5,0.5,0.5,0.5,0.5,0.5,0.5
0.5,0.5,0.5,0.5,0.5,0.5,0.5,0.5,0.499999,0.499999,0.499998,0.499995,0.499991,0.499983,0.49997,0.499947,0.49991,0.499853,0.499767,0.499644,0.499474,0.499247,0.49896,0.498608,0.498198,0.497743,0.497263,0.496787,0.496348,0.495981,0.495715,0.495576,0.495576,0.495715,0.495981,0.496348,0.496787,0.497263,0.497743,0.498198,0.498608,0.49896,0.499247,0.499474,0.499644,0.499767,0.499853,0.49991,0.499947,0.49997,0.499983,0.499991,0.499995,0.499998,0.499999,0.499999,0.5,0.5,0.5,0.5,0.5,0.5,0.5,0.5
0.5,0.5,0.5,0.5,0.5,0.5,0.5,0.5,0.5,0.499999,0.499999,0.499998,0.499995,0.499991,0.499984,0.499972,0.499952,0.499921,0.499875,0.499808,0.499715,0.499592,0.499435,0.499243,0.499019,0.498769,0.498505,0.498243,0.498001,0.497799,0.497652,0.497575,0.497575,0.497652,0.497799,0.498001,0.498243,0.498505,0.498769,0.499019,0.499243,0.499435,0.499592,0.499715,0.499808,0.499875,0.499921,0.499952,0.499972,0.499984,0.499991,0.499995,0.499998,0.499999,0.499999,0.5,0.5,0.5,0.5,0.5,0.5,0.5,0.5,0.5
0.5,0.5,0.5,0.5,0.5,0.5,0.5,0.5,0.5,0.5,0.499999,0.499999,0.499998,0.499995,0.499992,0.499985,0.499975,0.499959,0.499935,0.4999,0.499851,0.499787,0.499704,0.499603,0.499484,0.499352,0.499212,0.499073,0.498944,0.498836,0.498759,0.498718,0.498718,0.498759,0.498836,0.498944,0.499073,0.499212,0.499352,0.499484,0.499603,0.499704,0.499787,0.499851,0.4999,0.499935,0.499959,0.499975,0.499985,0.499992,0.499995,0.499998,0.499999,0.499999,0.5,0.5,0.5,0.5,0.5,0.5,0.5,0.5,0.5,0.5
0.5,0.5,0.5,0.5,0.5,0.5,0.5,0.5,0.5,0.5,0.5,0.499999,0.499999,0.499998,0.499996,0.499993,0.499988,0.499979,0.499967,0.49995,0.499925,0.499892,0.49985,0.499799,0.499738,0.499671,0.499599,0.499528,0.499462,0.499407,0.499367,0.499346,0.499346,0.499367,0.499407,0.499462,0.499528,0.499599,0.499671,0.499738,0.499799,0.49985,0.499892,0.499925,0.49995,0.499967,0.499979,0.499988,0.499993,0.499996,0.499998,0.499999,0.499999,0.5,0.5,0.5,0.5,0.5,0.5,0.5,0.5,0.5,0.5,0.5
0.5,0.5,0.5,0.5,0.5,0.5,0.5,0.5,0.5,0.5,0.5,0.5,0.499999,0.499999,0.499998,0.499996,0.499994,0.49999,0.499984,0.499976,0.499964,0.499948,0.499927,0.499902,0.499872,0.499839,0.499803,0.499768,0.499736,0.499708,0.499688,0.499678,0.499678,0.499688,0.499708,0.499736,0.499768,0.499803,0.499839,0.499872,0.499902,0.499927,0.499948,0.499964,0.499976,0.499984,0.49999,0.499994,0.499996,0.499998,0.499999,0.499999,0.5,0.5,0.5,0.5,0.5,0.5,0.5,0.5,0.5,0.5,0.5,0.5
0.5,0.5,0.5,0.5,0.5,0.5,0.5,0.5,0.5,0.5,0.5,0.5,0.5,0.499999,0.499999,0.499998,0.499997,0.499995,0.499993,0.499989,0.499983,0.499975,0.499966,0.499954,0.49994,0.499924,0.499907,0.49989,0.499875,0.499861,0.499852,0.499847,0.499847,0.499852,0.499861,0.499875,0.49989,0.499907,0.499924,0.49994,0.499954,0.499966,0.499975,0.499983,0.499989,0.499993,0.499995,0.499997,0.499998,0.499999,0.499999,0.5,0.5,0.5,0.5,0.5,0.5,0.5,0.5,0.5,0.5,0.5,0.5,0.5
0.5,0.5,0.5,0.5,0.5,0.5,0.5,0.5,0.5,0.5,0.5,0.5,0.5,0.5,0.5,0.499999,0.499999,0.499998,0.499997,0.499995,0.499992,0.499989,0.499984,0.499979,0.499972,0.499965,0.499957,0.49995,0.499943,0.499937,0.499932,0.49993,0.49993,0.499932,0.499937,0.499943,0.49995,0.499957,0.499965,0.499972,0.499979,0.499984,0.499989,0.499992,0.499995,0.499997,0.499998,0.499999,0.499999,0.5,0.5,0.5,0.5,0.5,0.5,0.5,0.5,0.5,0.5,0.5,0.5,0.5,0.5,0.5
0.5,0.5,0.5,0.5,0.5,0.5,0.5,0.5,0.5,0.5,0.5,0.5,0.5,0.5,0.5,0.5,0.499999,0.499999,0.499999,0.499998,0.499997,0.499995,0.499993,0.499991,0.499988,0.499985,0.499981,0.499978,0.499975,0.499972,0.49997,0.499969,0.499969,0.49997,0.499972,0.499975,0.499978,0.499981,0.499985,0.499988,0.499991,0.499993,0.499995,0.499997,0.499998,0.499999,0.499999,0.499999,0.5,0.5,0.5,0.5,0.5,0.5,0.5,0.5,0.5,0.5,0.5,0.5,0.5,0.5,0.5,0.5
0.5,0.5,0.5,0.5,0.5,0.5,0.5,0.5,0.5,0.5,0.5,0.5,0.5,0.5,0.5,0.5,0.5,0.5,0.499999,0.499999,0.499999,0.499998,0.499997,0.499996,0.499995,0.499993,0.499992,0.499991,0.499989,0.499988,0.499987,0.499987,0.499987,0.499987,0.499988,0.499989,0.499991,0.499992,0.499993,0.499995,0.499996,0.499997,0.499998,0.499999,0.499999,0.499999,0.5,0.5,0.5,0.5,0.5,0.5,0.5,0.5,0.5,0.5,0.5,0.5,0.5,0.5,0.5,0.5,0.5,0.5
0.5,0.5,0.5,0.5,0.5,0.5,0.5,0.5,0.5,0.5,0.5,0.5,0.5,0.5,0.5,0.5,0.5,0.5,0.5,0.5,0.499999,0.499999,0.499999,0.499998,0.499998,0.499997,0.499997,0.499996,0.499996,0.499995,0.499995,0.499995,0.499995,0.499995,0.499995,0.499996,0.499996,0.499997,0.499997,0.499998,0.499998,0.499999,0.499999,0.499999,0.5,0.5,0.5,0.5,0.5,0.5,0.5,0.5,0.5,0.5,0.5,0.5,0.5,0.5,0.5,0.5,0.5,0.5,0.5,0.5
0.5,0.5,0.5,0.5,0.5,0.5,0.5,0.5,0.5,0.5,0.5,0.5,0.5,0.5,0.5,0.5,0.5,0.5,0.5,0.5,0.5,0.5,0.5,0.499999,0.499999,0.499999,0.499999,0.499998,0.499998,0.499998,0.499998,0.499998,0.499998,0.499998,0.499998,0.499998,0.499998,0.499999,0.499999,0.499999,0.499999,0.5,0.5,0.5,0.5,0.5,0.5,0.5,0.5,0.5,0.5,0.5,0.5,0.5,0.5,0.5,0.5,0.5,0.5,0.5,0.5,0.5,0.5,0.5
0.5,0.5,0.5,0.5,0.5,0.5,0.5,0.5,0.5,0.5,0.5,0.5,0.5,0.5,0.5,0.5,0.5,0.5,0.5,0.5,0.5,0.5,0.5,0.5,0.5,0.5,0.499999,0.499999,0.499999,0.499999,0.499999,0.499999,0.499999,0.499999,0.499999,0.499999,0.499999,0.499999,0.5,0.5,0.5,0.5,0.5,0.5,0.5,0.5,0.5,0.5,0.5,0.5,0.5,0.5,0.5,0.5,0.5,0.5,0.5,0.5,0.5,0.5,0.5,0.5,0.5,0.5
0.5,0.5,0.5,0.5,0.5,0.5,0.5,0.5,0.5,0.5,0.5,0.5,0.5,0.5,0.5,0.5,0.5,0.5,0.5,0.5,0.5,0.5,0.5,0.5,0.5,0.5,0.5,0.5,0.5,0.5,0.5,0.5,0.5,0.5,0.5,0.5,0.5,0.5,0.5,0.5,0.5,0.5,0.5,0.5,0.5,0.5,0.5,0.5,0.5,0.5,0.5,0.5,0.5,0.5,0.5,0.5,0.5,0.5,0.5,0.5,0.5,0.5,0.5,0.5
0.5,0.5,0.5,0.5,0.5,0.5,0.5,0.5,0.5,0.5,0.5,0.5,0.5,0.5,0.5,0.5,0.5,0.5,0.5,0.5,0.5,0.5,0.5,0.5,0.5,0.5,0.5,0.5,0.5,0.5,0.5,0.5,0.5,0.5,0.5,0.5,0.5,0.5,0.5,0.5,0.5,0.5,0.5,0.5,0.5,0.5,0.5,0.5,0.5,0.5,0.5,0.5,0.5,0.5,0.5,0.5,0.5,0.5,0.5,0.5,0.5,0.5,0.5,0.5
