0.340061,0.334996,0.336825,0.340371,0.34542,0.351683,0.358825,0.366492,0.374352,0.382108,0.389526,0.396434,0.402726,0.408356,0.413324,0.417662,0.421426,0.42468,0.42749,0.429917,0.432016,0.433833,0.435403,0.436758,0.437919,0.438904,0.439728,0.4404,0.440929,0.441321,0.44158,0.441709,0.441709,0.44158,0.441321,0.440929,0.4404,0.439728,0.438904,0.437919,0.436758,0.435403,0.433833,0.432016,0.429917,0.42749,0.42468,0.421426,0.417662,0.413324,0.408356,0.402726,0.396434,0.389526,0.382108,0.374352,0.366492,0.358825,0.351683,0.34542,0.340371,0.336825,0.334996,0.334996
0.334996,0.334996,0.336825,0.340371,0.34542,0.351683,0.358825,0.366492,0.374352,0.382108,0.389526,0.396434,0.402726,0.408356,0.413324,0.417662,0.421426,0.42468,0.42749,0.429917,0.432016,0.433833,0.435403,0.436758,0.437919,0.438904,0.439728,0.4404,0.440929,0.441321,0.44158,0.441709,0.441709,0.44158,0.441321,0.440929,0.4404,0.439728,0.438904,0.437919,0.436758,0.435403,0.433833,0.432016,0.429917,0.42749,0.42468,0.421426,0.417662,0.413324,0.408356,0.402726,0.396434,0.389526,0.382108,0.374352,0.366492,0.358825,0.351683,0.34542,0.340371,0.336825,0.334996,0.334996
0.336825,0.336825,0.338594,0.342024,0.346913,0.352985,0.359917,0.367372,0.375026,0.382593,0.389842,0.396603,0.402771,0.408296,0.413176,0.417441,0.421144,0.424346,0.427113,0.429504,0.431574,0.433367,0.434919,0.436259,0.43741,0.438388,0.439206,0.439875,0.440402,0.440793,0.441051,0.44118,0.44118,0.441051,0.440793,0.440402,0.439875,0.439206,0.438388,0.43741,0.436259,0.434919,0.433367,0.431574,0.429504,0.427113,0.424346,0.421144,0.417441,0.413176,0.408296,0.402771,0.396603,0.389842,0.382593,0.375026,0.367372,0.359917,0.352985,0.346913,0.342024,0.338594,0.336825,0.336825
0.340371,0.340371,0.342024,0.345234,0.349818,0.355524,0.362058,0.369107,0.37637,0.383576,0.390503,0.396986,0.402916,0.408241,0.412953,0.417076,0.420659,0.423759,0.426438,0.428756,0.430764,0.432506,0.434017,0.435325,0.43645,0.43741,0.438215,0.438875,0.439396,0.439783,0.440039,0.440166,0.440166,0.440039,0.439783,0.439396,0.438875,0.438215,0.43741,0.43645,0.435325,0.434017,0.432506,0.430764,0.428756,0.426438,0.423759,0.420659,0.417076,0.412953,0.408241,0.402916,0.396986,0.390503,0.383576,0.37637,0.369107,0.362058,0.355524,0.349818,0.345234,0.342024,0.340371,0.340371
0.34542,0.34542,0.346913,0.349818,0.353978,0.359177,0.365158,0.371646,0.378368,0.385076,0.39156,0.397658,0.40326,0.408308,0.412784,0.416706,0.420116,0.423065,0.425614,0.427818,0.429727,0.431386,0.432827,0.434078,0.435159,0.436083,0.436861,0.437501,0.438007,0.438384,0.438634,0.438759,0.438759,0.438634,0.438384,0.438007,0.437501,0.436861,0.436083,0.435159,0.434078,0.432827,0.431386,0.429727,0.427818,0.425614,0.423065,0.420116,0.416706,0.412784,0.408308,0.40326,0.397658,0.39156,0.385076,0.378368,0.371646,0.365158,0.359177,0.353978,0.349818,0.346913,0.34542,0.34542
0.351683,0.351683,0.352985,0.355524,0.359177,0.36377,0.369092,0.37491,0.38099,0.387107,0.393065,0.398708,0.403923,0.408641,0.412835,0.416513,0.419707,0.422465,0.424841,0.42689,0.428663,0.430201,0.431538,0.432701,0.433708,0.434572,0.435303,0.435906,0.436385,0.436743,0.436981,0.4371,0.4371,0.436981,0.436743,0.436385,0.435906,0.435303,0.434572,0.433708,0.432701,0.431538,0.430201,0.428663,0.42689,0.424841,0.422465,0.419707,0.416513,0.412835,0.408641,0.403923,0.398708,0.393065,0.387107,0.38099,0.37491,0.369092,0.36377,0.359177,0.355524,0.352985,0.351683,0.351683
0.358825,0.358825,0.359917,0.362058,0.365158,0.369092,0.373698,0.378792,0.384178,0.38966,0.395057,0.400217,0.405019,0.409386,0.413277,0.416688,0.419641,0.422177,0.424348,0.426207,0.427805,0.429184,0.430379,0.431417,0.432318,0.433093,0.433751,0.434296,0.434731,0.435057,0.435274,0.435382,0.435382,0.435274,0.435057,0.434731,0.434296,0.433751,0.433093,0.432318,0.431417,0.430379,0.429184,0.427805,0.426207,0.424348,0.422177,0.419641,0.416688,0.413277,0.409386,0.405019,0.400217,0.395057,0.38966,0.384178,0.378792,0.373698,0.369092,0.365158,0.362058,0.359917,0.358825,0.358825
0.366492,0.366492,0.367372,0.369107,0.371646,0.37491,0.378792,0.383156,0.387846,0.392697,0.397541,0.402228,0.406631,0.410658,0.414255,0.417402,0.42011,0.422414,0.424362,0.426005,0.427397,0.428583,0.429602,0.430481,0.431241,0.431895,0.432452,0.432915,0.433286,0.433564,0.433751,0.433844,0.433844,0.433751,0.433564,0.433286,0.432915,0.432452,0.431895,0.431241,0.430481,0.429602,0.428583,0.427397,0.426005,0.424362,0.422414,0.42011,0.417402,0.414255,0.410658,0.406631,0.402228,0.397541,0.392697,0.387846,0.383156,0.378792,0.37491,0.371646,0.369107,0.367372,0.366492,0.366492
0.374352,0.374352,0.375026,0.37637,0.378368,0.38099,0.384178,0.387846,0.391881,0.396142,0.400478,0.404738,0.408788,0.412519,0.415859,0.418774,0.42126,0.423344,0.42507,0.426491,0.427663,0.428635,0.42945,0.430141,0.430732,0.431237,0.431667,0.432024,0.432312,0.432529,0.432674,0.432747,0.432747,0.432674,0.432529,0.432312,0.432024,0.431667,0.431237,0.430732,0.430141,0.42945,0.428635,0.427663,0.426491,0.42507,0.423344,0.42126,0.418774,0.415859,0.412519,0.408788,0.404738,0.400478,0.396142,0.391881,0.387846,0.384178,0.38099,0.378368,0.37637,0.375026,0.374352,0.374352
0.382108,0.382108,0.382593,0.383576,0.385076,0.387107,0.38966,0.392697,0.396142,0.399883,0.403781,0.407687,0.411455,0.414959,0.418109,0.420849,0.423162,0.425065,0.426598,0.427813,0.428771,0.429526,0.430128,0.430616,0.431019,0.431356,0.431639,0.431873,0.432062,0.432205,0.432301,0.43235,0.43235,0.432301,0.432205,0.432062,0.431873,0.431639,0.431356,0.431019,0.430616,0.430128,0.429526,0.428771,0.427813,0.426598,0.425065,0.423162,0.420849,0.418109,0.414959,0.411455,0.407687,0.403781,0.399883,0.396142,0.392697,0.38966,0.387107,0.385076,0.383576,0.382593,0.382108,0.382108
0.389526,0.389526,0.389842,0.390503,0.39156,0.393065,0.395057,0.397541,0.400478,0.403781,0.407327,0.410964,0.414536,0.4179,0.420943,0.423589,0.425803,0.427589,0.428982,0.430034,0.430807,0.431366,0.431767,0.432055,0.432268,0.432431,0.432559,0.432661,0.432743,0.432805,0.432847,0.432868,0.432868,0.432847,0.432805,0.432743,0.432661,0.432559,0.432431,0.432268,0.432055,0.431767,0.431366,0.430807,0.430034,0.428982,0.427589,0.425803,0.423589,0.420943,0.4179,0.414536,0.410964,0.407327,0.403781,0.400478,0.397541,0.395057,0.393065,0.39156,0.390503,0.389842,0.389526,0.389526
0.396434,0.396434,0.396603,0.396986,0.397658,0.398708,0.400217,0.402228,0.404738,0.407687,0.410964,0.414418,0.417885,0.421202,0.424232,0.426877,0.429081,0.430835,0.432163,0.433117,0.433763,0.434169,0.434401,0.434515,0.434554,0.434553,0.434532,0.434506,0.434482,0.434462,0.43445,0.434443,0.434443,0.43445,0.434462,0.434482,0.434506,0.434532,0.434553,0.434554,0.434515,0.434401,0.434169,0.433763,0.433117,0.432163,0.430835,0.429081,0.426877,0.424232,0.421202,0.417885,0.414418,0.410964,0.407687,0.404738,0.402228,0.400217,0.398708,0.397658,0.396986,0.396603,0.396434,0.396434
0.402726,0.402726,0.402771,0.402916,0.40326,0.403923,0.405019,0.406631,0.408788,0.411455,0.414536,0.417885,0.421327,0.424683,0.427793,0.430533,0.432825,0.434642,0.435996,0.436936,0.437527,0.437844,0.437961,0.437944,0.437846,0.437708,0.437559,0.437419,0.4373,0.437207,0.437144,0.437112,0.437112,0.437144,0.437207,0.4373,0.437419,0.437559,0.437708,0.437846,0.437944,0.437961,0.437844,0.437527,0.436936,0.435996,0.434642,0.432825,0.430533,0.427793,0.424683,0.421327,0.417885,0.414536,0.411455,0.408788,0.406631,0.405019,0.403923,0.40326,0.402916,0.402771,0.402726,0.402726
0.408356,0.408356,0.408296,0.408241,0.408308,0.408641,0.409386,0.410658,0.412519,0.414959,0.4179,0.421202,0.424683,0.42815,0.431419,0.434341,0.436815,0.43879,0.440266,0.441282,0.441904,0.44221,0.442281,0.442192,0.442006,0.441772,0.441529,0.441302,0.441107,0.440955,0.440851,0.440798,0.440798,0.440851,0.440955,0.441107,0.441302,0.441529,0.441772,0.442006,0.442192,0.442281,0.44221,0.441904,0.441282,0.440266,0.43879,0.436815,0.434341,0.431419,0.42815,0.424683,0.421202,0.4179,0.414959,0.412519,0.410658,0.409386,0.408641,0.408308,0.408241,0.408296,0.408356,0.408356
0.413324,0.413324,0.413176,0.412953,0.412784,0.412835,0.413277,0.414255,0.415859,0.418109,0.420943,0.424232,0.427793,0.431419,0.434907,0.438081,0.440814,0.443033,0.44472,0.445903,0.446643,0.447019,0.447119,0.447025,0.446809,0.44653,0.446234,0.445953,0.445709,0.445518,0.445386,0.445319,0.445319,0.445386,0.445518,0.445709,0.445953,0.446234,0.44653,0.446809,0.447025,0.447119,0.447019,0.446643,0.445903,0.44472,0.443033,0.440814,0.438081,0.434907,0.431419,0.427793,0.424232,0.420943,0.418109,0.415859,0.414255,0.413277,0.412835,0.412784,0.412953,0.413176,0.413324,0.413324
0.417662,0.417662,0.417441,0.417076,0.416706,0.416513,0.416688,0.417402,0.418774,0.420849,0.423589,0.426877,0.430533,0.434341,0.438081,0.441552,0.444602,0.447132,0.449104,0.450532,0.451468,0.451992,0.452193,0.452161,0.451975,0.451704,0.4514,0.451103,0.45084,0.45063,0.450485,0.450411,0.450411,0.450485,0.45063,0.45084,0.451103,0.4514,0.451704,0.451975,0.452161,0.452193,0.451992,0.451468,0.450532,0.449104,0.447132,0.444602,0.441552,0.438081,0.434341,0.430533,0.426877,0.423589,0.420849,0.418774,0.417402,0.416688,0.416513,0.416706,0.417076,0.417441,0.417662,0.417662
0.421426,0.421426,0.421144,0.420659,0.420116,0.419707,0.419641,0.42011,0.42126,0.423162,0.425803,0.429081,0.432825,0.436815,0.440814,0.444602,0.448,0.450884,0.453193,0.454924,0.45612,0.456855,0.45722,0.457309,0.457209,0.456994,0.456724,0.456447,0.456194,0.455988,0.455843,0.455769,0.455769,0.455843,0.455988,0.456194,0.456447,0.456724,0.456994,0.457209,0.457309,0.45722,0.456855,0.45612,0.454924,0.453193,0.450884,0.448,0.444602,0.440814,0.436815,0.432825,0.429081,0.425803,0.423162,0.42126,0.42011,0.419641,0.419707,0.420116,0.420659,0.421144,0.421426,0.421426
0.42468,0.42468,0.424346,0.423759,0.423065,0.422465,0.422177,0.422414,0.423344,0.425065,0.427589,0.430835,0.434642,0.43879,0.443033,0.447132,0.450884,0.454139,0.456813,0.458884,0.460382,0.461374,0.461951,0.462207,0.462236,0.462117,0.461919,0.461691,0.461472,0.461289,0.461158,0.46109,0.46109,0.461158,0.461289,0.461472,0.461691,0.461919,0.462117,0.462236,0.462207,0.461951,0.461374,0.460382,0.458884,0.456813,0.454139,0.450884,0.447132,0.443033,0.43879,0.434642,0.430835,0.427589,0.425065,0.423344,0.422414,0.422177,0.422465,0.423065,0.423759,0.424346,0.42468,0.42468
0.42749,0.42749,0.427113,0.426438,0.425614,0.424841,0.424348,0.424362,0.42507,0.426598,0.428982,0.432163,0.435996,0.440266,0.44472,0.449104,0.453193,0.456813,0.459856,0.46228,0.464101,0.465377,0.466194,0.466648,0.466836,0.466842,0.46674,0.466585,0.466419,0.466272,0.466165,0.466109,0.466109,0.466165,0.466272,0.466419,0.466585,0.46674,0.466842,0.466836,0.466648,0.466194,0.465377,0.464101,0.46228,0.459856,0.456813,0.453193,0.449104,0.44472,0.440266,0.435996,0.432163,0.428982,0.426598,0.42507,0.424362,0.424348,0.424841,0.425614,0.426438,0.427113,0.42749,0.42749
0.429917,0.429917,0.429504,0.428756,0.427818,0.42689,0.426207,0.426005,0.426491,0.427813,0.430034,0.433117,0.436936,0.441282,0.445903,0.450532,0.454924,0.458884,0.46228,0.46505,0.467194,0.46876,0.469829,0.470495,0.470858,0.471005,0.471014,0.470945,0.470844,0.470743,0.470665,0.470623,0.470623,0.470665,0.470743,0.470844,0.470945,0.471014,0.471005,0.470858,0.470495,0.469829,0.46876,0.467194,0.46505,0.46228,0.458884,0.454924,0.450532,0.445903,0.441282,0.436936,0.433117,0.430034,0.427813,0.426491,0.426005,0.426207,0.42689,0.427818,0.428756,0.429504,0.429917,0.429917
0.432016,0.432016,0.431574,0.430764,0.429727,0.428663,0.427805,0.427397,0.427663,0.428771,0.430807,0.433763,0.437527,0.441904,0.446643,0.451468,0.45612,0.460382,0.464101,0.467194,0.469646,0.471493,0.472809,0.473687,0.474227,0.474519,0.474644,0.474666,0.474634,0.474583,0.474537,0.474511,0.474511,0.474537,0.474583,0.474634,0.474666,0.474644,0.474519,0.474227,0.473687,0.472809,0.471493,0.469646,0.467194,0.464101,0.460382,0.45612,0.451468,0.446643,0.441904,0.437527,0.433763,0.430807,0.428771,0.427663,0.427397,0.427805,0.428663,0.429727,0.430764,0.431574,0.432016,0.432016
0.433833,0.433833,0.433367,0.432506,0.431386,0.430201,0.429184,0.428583,0.428635,0.429526,0.431366,0.434169,0.437844,0.44221,0.447019,0.451992,0.456855,0.461374,0.465377,0.46876,0.471493,0.473599,0.475147,0.476226,0.476934,0.477366,0.477604,0.477715,0.477751,0.477749,0.477735,0.477724,0.477724,0.477735,0.477749,0.477751,0.477715,0.477604,0.477366,0.476934,0.476226,0.475147,0.473599,0.471493,0.46876,0.465377,0.461374,0.456855,0.451992,0.447019,0.44221,0.437844,0.434169,0.431366,0.429526,0.428635,0.428583,0.429184,0.430201,0.431386,0.432506,0.433367,0.433833,0.433833
0.435403,0.435403,0.434919,0.434017,0.432827,0.431538,0.430379,0.429602,0.42945,0.430128,0.431767,0.434401,0.437961,0.442281,0.447119,0.452193,0.45722,0.461951,0.466194,0.469829,0.472809,0.475147,0.476903,0.478164,0.479026,0.479585,0.479926,0.480119,0.480217,0.480261,0.480276,0.48028,0.48028,0.480276,0.480261,0.480217,0.480119,0.479926,0.479585,0.479026,0.478164,0.476903,0.475147,0.472809,0.469829,0.466194,0.461951,0.45722,0.452193,0.447119,0.442281,0.437961,0.434401,0.431767,0.430128,0.42945,0.429602,0.430379,0.431538,0.432827,0.434017,0.434919,0.435403,0.435403
0.436758,0.436758,0.436259,0.435325,0.434078,0.432701,0.431417,0.430481,0.430141,0.430616,0.432055,0.434515,0.437944,0.442192,0.447025,0.452161,0.457309,0.462207,0.466648,0.470495,0.473687,0.476226,0.478164,0.479583,0.48058,0.481251,0.481683,0.481947,0.4821,0.482183,0.482224,0.48224,0.48224,0.482224,0.482183,0.4821,0.481947,0.481683,0.481251,0.48058,0.479583,0.478164,0.476226,0.473687,0.470495,0.466648,0.462207,0.457309,0.452161,0.447025,0.442192,0.437944,0.434515,0.432055,0.430616,0.430141,0.430481,0.431417,0.432701,0.434078,0.435325,0.436259,0.436758,0.436758
0.437919,0.437919,0.43741,0.43645,0.435159,0.433708,0.432318,0.431241,0.430732,0.431019,0.432268,0.434554,0.437846,0.442006,0.446809,0.451975,0.457209,0.462236,0.466836,0.470858,0.474227,0.476934,0.479026,0.48058,0.481692,0.482458,0.482966,0.48329,0.483488,0.483604,0.483667,0.483694,0.483694,0.483667,0.483604,0.483488,0.48329,0.482966,0.482458,0.481692,0.48058,0.479026,0.476934,0.474227,0.470858,0.466836,0.462236,0.457209,0.451975,0.446809,0.442006,0.437846,0.434554,0.432268,0.431019,0.430732,0.431241,0.432318,0.433708,0.435159,0.43645,0.43741,0.437919,0.437919
0.438904,0.438904,0.438388,0.43741,0.436083,0.434572,0.433093,0.431895,0.431237,0.431356,0.432431,0.434553,0.437708,0.441772,0.44653,0.451704,0.456994,0.462117,0.466842,0.471005,0.474519,0.477366,0.479585,0.481251,0.482458,0.483301,0.483872,0.484245,0.484481,0.484623,0.484702,0.484737,0.484737,0.484702,0.484623,0.484481,0.484245,0.483872,0.483301,0.482458,0.481251,0.479585,0.477366,0.474519,0.471005,0.466842,0.462117,0.456994,0.451704,0.44653,0.441772,0.437708,0.434553,0.432431,0.431356,0.431237,0.431895,0.433093,0.434572,0.436083,0.43741,0.438388,0.438904,0.438904
0.439728,0.439728,0.439206,0.438215,0.436861,0.435303,0.433751,0.432452,0.431667,0.431639,0.432559,0.434532,0.437559,0.441529,0.446234,0.4514,0.456724,0.461919,0.46674,0.471014,0.474644,0.477604,0.479926,0.481683,0.482966,0.483872,0.484492,0.484904,0.485168,0.485331,0.485424,0.485465,0.485465,0.485424,0.485331,0.485168,0.484904,0.484492,0.483872,0.482966,0.481683,0.479926,0.477604,0.474644,0.471014,0.46674,0.461919,0.456724,0.4514,0.446234,0.441529,0.437559,0.434532,0.432559,0.431639,0.431667,0.432452,0.433751,0.435303,0.436861,0.438215,0.439206,0.439728,0.439728
0.4404,0.4404,0.439875,0.438875,0.437501,0.435906,0.434296,0.432915,0.432024,0.431873,0.432661,0.434506,0.437419,0.441302,0.445953,0.451103,0.456447,0.461691,0.466585,0.470945,0.474666,0.477715,0.480119,0.481947,0.48329,0.484245,0.484904,0.485345,0.485632,0.48581,0.485912,0.485959,0.485959,0.485912,0.48581,0.485632,0.485345,0.484904,0.484245,0.48329,0.481947,0.480119,0.477715,0.474666,0.470945,0.466585,0.461691,0.456447,0.451103,0.445953,0.441302,0.437419,0.434506,0.432661,0.431873,0.432024,0.432915,0.434296,0.435906,0.437501,0.438875,0.439875,0.4404,0.4404
0.440929,0.440929,0.440402,0.439396,0.438007,0.436385,0.434731,0.433286,0.432312,0.432062,0.432743,0.434482,0.4373,0.441107,0.445709,0.45084,0.456194,0.461472,0.466419,0.470844,0.474634,0.477751,0.480217,0.4821,0.483488,0.484481,0.485168,0.485632,0.485934,0.486124,0.486233,0.486283,0.486283,0.486233,0.486124,0.485934,0.485632,0.485168,0.484481,0.483488,0.4821,0.480217,0.477751,0.474634,0.470844,0.466419,0.461472,0.456194,0.45084,0.445709,0.441107,0.4373,0.434482,0.432743,0.432062,0.432312,0.433286,0.434731,0.436385,0.438007,0.439396,0.440402,0.440929,0.440929
0.441321,0.441321,0.440793,0.439783,0.438384,0.436743,0.435057,0.433564,0.432529,0.432205,0.432805,0.434462,0.437207,0.440955,0.445518,0.45063,0.455988,0.461289,0.466272,0.470743,0.474583,0.477749,0.480261,0.482183,0.483604,0.484623,0.485331,0.48581,0.486124,0.486321,0.486435,0.486487,0.486487,0.486435,0.486321,0.486124,0.48581,0.485331,0.484623,0.483604,0.482183,0.480261,0.477749,0.474583,0.470743,0.466272,0.461289,0.455988,0.45063,0.445518,0.440955,0.437207,0.434462,0.432805,0.432205,0.432529,0.433564,0.435057,0.436743,0.438384,0.439783,0.440793,0.441321,0.441321
0.44158,0.44158,0.441051,0.440039,0.438634,0.436981,0.435274,0.433751,0.432674,0.432301,0.432847,0.43445,0.437144,0.440851,0.445386,0.450485,0.455843,0.461158,0.466165,0.470665,0.474537,0.477735,0.480276,0.482224,0.483667,0.484702,0.485424,0.485912,0.486233,0.486435,0.486552,0.486606,0.486606,0.486552,0.486435,0.486233,0.485912,0.485424,0.484702,0.483667,0.482224,0.480276,0.477735,0.474537,0.470665,0.466165,0.461158,0.455843,0.450485,0.445386,0.440851,0.437144,0.43445,0.432847,0.432301,0.432674,0.433751,0.435274,0.436981,0.438634,0.440039,0.441051,0.44158,0.44158
0.441709,0.441709,0.44118,0.440166,0.438759,0.4371,0.435382,0.433844,0.432747,0.43235,0.432868,0.434443,0.437112,0.440798,0.445319,0.450411,0.455769,0.46109,0.466109,0.470623,0.474511,0.477724,0.48028,0.48224,0.483694,0.484737,0.485465,0.485959,0.486283,0.486487,0.486606,0.48666,0.48666,0.486606,0.486487,0.486283,0.485959,0.485465,0.484737,0.483694,0.48224,0.48028,0.477724,0.474511,0.470623,0.466109,0.46109,0.455769,0.450411,0.445319,0.440798,0.437112,0.434443,0.432868,0.43235,0.432747,0.433844,0.435382,0.4371,0.438759,0.440166,0.44118,0.441709,0.441709
0.441709,0.441709,0.44118,0.440166,0.438759,0.4371,0.435382,0.433844,0.432747,0.43235,0.432868,0.434443,0.437112,0.440798,0.445319,0.450411,0.455769,0.46109,0.466109,0.470623,0.474511,0.477724,0.48028,0.48224,0.483694,0.484737,0.485465,0.485959,0.486283,0.486487,0.486606,0.48666,0.48666,0.486606,0.486487,0.486283,0.485959,0.485465,0.484737,0.483694,0.48224,0.48028,0.477724,0.474511,0.470623,0.466109,0.46109,0.455769,0.450411,0.445319,0.440798,0.437112,0.434443,0.432868,0.43235,0.432747,0.433844,0.435382,0.4371,0.438759,0.440166,0.44118,0.441709,0.441709
0.44158,0.44158,0.441051,0.440039,0.438634,0.436981,0.435274,0.433751,0.432674,0.432301,0.432847,0.43445,0.437144,0.440851,0.445386,0.450485,0.455843,0.461158,0.466165,0.470665,0.474537,0.477735,0.480276,0.482224,0.483667,0.484702,0.485424,0.485912,0.486233,0.486435,0.486552,0.486606,0.486606,0.486552,0.486435,0.486233,0.485912,0.485424,0.484702,0.483667,0.482224,0.480276,0.477735,0.474537,0.470665,0.466165,0.461158,0.455843,0.450485,0.445386,0.440851,0.437144,0.43445,0.432847,0.432301,0.432674,0.433751,0.435274,0.436981,0.438634,0.440039,0.441051,0.44158,0.44158
0.441321,0.441321,0.440793,0.439783,0.438384,0.436743,0.435057,0.433564,0.432529,0.432205,0.432805,0.434462,0.437207,0.440955,0.445518,0.45063,0.455988,0.461289,0.466272,0.470743,0.474583,0.477749,0.480261,0.482183,0.483604,0.484623,0.485331,0.48581,0.486124,0.486321,0.486435,0.486487,0.486487,0.486435,0.486321,0.486124,0.48581,0.485331,0.484623,0.483604,0.482183,0.480261,0.477749,0.474583,0.470743,0.466272,0.461289,0.455988,0.45063,0.445518,0.440955,0.437207,0.434462,0.432805,0.432205,0.432529,0.433564,0.435057,0.436743,0.438384,0.439783,0.440793,0.441321,0.441321
0.440929,0.440929,0.440402,0.439396,0.438007,0.436385,0.434731,0.433286,0.432312,0.432062,0.432743,0.434482,0.4373,0.441107,0.445709,0.45084,0.456194,0.461472,0.466419,0.470844,0.474634,0.477751,0.480217,0.4821,0.483488,0.484481,0.485168,0.485632,0.485934,0.486124,0.486233,0.486283,0.486283,0.486233,0.486124,0.485934,0.485632,0.485168,0.484481,0.483488,0.4821,0.480217,0.477751,0.474634,0.470844,0.466419,0.461472,0.456194,0.45084,0.445709,0.441107,0.4373,0.434482,0.432743,0.432062,0.432312,0.433286,0.434731,0.436385,0.438007,0.439396,0.440402,0.440929,0.440929
0.4404,0.4404,0.439875,0.438875,0.437501,0.435906,0.434296,0.432915,0.432024,0.431873,0.432661,0.434506,0.437419,0.441302,0.445953,0.451103,0.456447,0.461691,0.466585,0.470945,0.474666,0.477715,0.480119,0.481947,0.48329,0.484245,0.484904,0.485345,0.485632,0.48581,0.485912,0.485959,0.485959,0.485912,0.48581,0.485632,0.485345,0.484904,0.484245,0.48329,0.481947,0.480119,0.477715,0.474666,0.470945,0.466585,0.461691,0.456447,0.451103,0.445953,0.441302,0.437419,0.434506,0.432661,0.431873,0.432024,0.432915,0.434296,0.435906,0.437501,0.438875,0.439875,0.4404,0.4404
0.439728,0.439728,0.439206,0.438215,0.436861,0.435303,0.433751,0.432452,0.431667,0.431639,0.432559,0.434532,0.437559,0.441529,0.446234,0.4514,0.456724,0.461919,0.46674,0.471014,0.474644,0.477604,0.479926,0.481683,0.482966,0.483872,0.484492,0.484904,0.485168,0.485331,0.485424,0.485465,0.485465,0.485424,0.485331,0.485168,0.484904,0.484492,0.483872,0.482966,0.481683,0.479926,0.477604,0.474644,0.471014,0.46674,0.461919,0.456724,0.4514,0.446234,0.441529,0.437559,0.434532,0.432559,0.431639,0.431667,0.432452,0.433751,0.435303,0.436861,0.438215,0.439206,0.439728,0.439728
0.438904,0.438904,0.438388,0.43741,0.436083,0.434572,0.433093,0.431895,0.431237,0.431356,0.432431,0.434553,0.437708,0.441772,0.44653,0.451704,0.456994,0.462117,0.466842,0.471005,0.474519,0.477366,0.479585,0.481251,0.482458,0.483301,0.483872,0.484245,0.484481,0.484623,0.484702,0.484737,0.484737,0.484702,0.484623,0.484481,0.484245,0.483872,0.483301,0.482458,0.481251,0.479585,0.477366,0.474519,0.471005,0.466842,0.462117,0.456994,0.451704,0.44653,0.441772,0.437708,0.434553,0.432431,0.431356,0.431237,0.431895,0.433093,0.434572,0.436083,0.43741,0.438388,0.438904,0.438904
0.437919,0.437919,0.43741,0.43645,0.435159,0.433708,0.432318,0.431241,0.430732,0.431019,0.432268,0.434554,0.437846,0.442006,0.446809,0.451975,0.457209,0.462236,0.466836,0.470858,0.474227,0.476934,0.479026,0.48058,0.481692,0.482458,0.482966,0.48329,0.483488,0.483604,0.483667,0.483694,0.483694,0.483667,0.483604,0.483488,0.48329,0.482966,0.482458,0.481692,0.48058,0.479026,0.476934,0.474227,0.470858,0.466836,0.462236,0.457209,0.451975,0.446809,0.442006,0.437846,0.434554,0.432268,0.431019,0.430732,0.431241,0.432318,0.433708,0.435159,0.43645,0.43741,0.437919,0.437919
0.436758,0.436758,0.436259,0.435325,0.434078,0.432701,0.431417,0.430481,0.430141,0.430616,0.432055,0.434515,0.437944,0.442192,0.447025,0.452161,0.457309,0.462207,0.466648,0.470495,0.473687,0.476226,0.478164,0.479583,0.48058,0.481251,0.481683,0.481947,0.4821,0.482183,0.482224,0.48224,0.48224,0.482224,0.482183,0.4821,0.481947,0.481683,0.481251,0.48058,0.479583,0.478164,0.476226,0.473687,0.470495,0.466648,0.462207,0.457309,0.452161,0.447025,0.442192,0.437944,0.434515,0.432055,0.430616,0.430141,0.430481,0.431417,0.432701,0.434078,0.435325,0.436259,0.436758,0.436758
0.435403,0.435403,0.434919,0.434017,0.432827,0.431538,0.430379,0.429602,0.42945,0.430128,0.431767,0.434401,0.437961,0.442281,0.447119,0.452193,0.45722,0.461951,0.466194,0.469829,0.472809,0.475147,0.476903,0.478164,0.479026,0.479585,0.479926,0.480119,0.480217,0.480261,0.480276,0.48028,0.48028,0.480276,0.480261,0.480217,0.480119,0.479926,0.479585,0.479026,0.478164,0.476903,0.475147,0.472809,0.469829,0.466194,0.461951,0.45722,0.452193,0.447119,0.442281,0.437961,0.434401,0.431767,0.430128,0.42945,0.429602,0.430379,0.431538,0.432827,0.434017,0.434919,0.435403,0.435403
0.433833,0.433833,0.433367,0.432506,0.431386,0.430201,0.429184,0.428583,0.428635,0.429526,0.431366,0.434169,0.437844,0.44221,0.447019,0.451992,0.456855,0.461374,0.465377,0.46876,0.471493,0.473599,0.475147,0.476226,0.476934,0.477366,0.477604,0.477715,0.477751,0.477749,0.477735,0.477724,0.477724,0.477735,0.477749,0.477751,0.477715,0.477604,0.477366,0.476934,0.476226,0.475147,0.473599,0.471493,0.46876,0.465377,0.461374,0.456855,0.451992,0.447019,0.44221,0.437844,0.434169,0.431366,0.429526,0.428635,0.428583,0.429184,0.430201,0.431386,0.432506,0.433367,0.433833,0.433833
0.432016,0.432016,0.431574,0.430764,0.429727,0.428663,0.427805,0.427397,0.427663,0.428771,0.430807,0.433763,0.437527,0.441904,0.446643,0.451468,0.45612,0.460382,0.464101,0.467194,0.469646,0.471493,0.472809,0.473687,0.474227,0.474519,0.474644,0.474666,0.474634,0.474583,0.474537,0.474511,0.474511,0.474537,0.474583,0.474634,0.474666,0.474644,0.474519,0.474227,0.473687,0.472809,0.471493,0.469646,0.467194,0.464101,0.460382,0.45612,0.451468,0.446643,0.441904,0.437527,0.433763,0.430807,0.428771,0.427663,0.427397,0.427805,0.428663,0.429727,0.430764,0.431574,0.432016,0.432016
0.429917,0.429917,0.429504,0.428756,0.427818,0.42689,0.426207,0.426005,0.426491,0.427813,0.430034,0.433117,0.436936,0.441282,0.445903,0.450532,0.454924,0.458884,0.46228,0.46505,0.467194,0.46876,0.469829,0.470495,0.470858,0.471005,0.471014,0.470945,0.470844,0.470743,0.470665,0.470623,0.470623,0.470665,0.470743,0.470844,0.470945,0.471014,0.471005,0.470858,0.470495,0.469829,0.46876,0.467194,0.46505,0.46228,0.458884,0.454924,0.450532,0.445903,0.441282,0.436936,0.433117,0.430034,0.427813,0.426491,0.426005,0.426207,0.42689,0.427818,0.428756,0.429504,0.429917,0.429917
0.42749,0.42749,0.427113,0.426438,0.425614,0.424841,0.424348,0.424362,0.42507,0.426598,0.428982,0.432163,0.435996,0.440266,0.44472,0.449104,0.453193,0.456813,0.459856,0.46228,0.464101,0.465377,0.466194,0.466648,0.466836,0.466842,0.46674,0.466585,0.466419,0.466272,0.466165,0.466109,0.466109,0.466165,0.466272,0.466419,0.466585,0.46674,0.466842,0.466836,0.466648,0.466194,0.465377,0.464101,0.46228,0.459856,0.456813,0.453193,0.449104,0.44472,0.440266,0.435996,0.432163,0.428982,0.426598,0.42507,0.424362,0.424348,0.424841,0.425614,0.426438,0.427113,0.42749,0.42749
0.42468,0.42468,0.424346,0.423759,0.423065,0.422465,0.422177,0.422414,0.423344,0.425065,0.427589,0.430835,0.434642,0.43879,0.443033,0.447132,0.450884,0.454139,0.456813,0.458884,0.460382,0.461374,0.461951,0.462207,0.462236,0.462117,0.461919,0.461691,0.461472,0.461289,0.461158,0.46109,0.46109,0.461158,0.461289,0.461472,0.461691,0.461919,0.462117,0.462236,0.462207,0.461951,0.461374,0.460382,0.458884,0.456813,0.454139,0.450884,0.447132,0.443033,0.43879,0.434642,0.430835,0.427589,0.425065,0.423344,0.422414,0.422177,0.422465,0.423065,0.423759,0.424346,0.42468,0.42468
0.421426,0.421426,0.421144,0.420659,0.420116,0.419707,0.419641,0.42011,0.42126,0.423162,0.425803,0.429081,0.432825,0.436815,0.440814,0.444602,0.448,0.450884,0.453193,0.454924,0.45612,0.456855,0.45722,0.457309,0.457209,0.456994,0.456724,0.456447,0.456194,0.455988,0.455843,0.455769,0.455769,0.455843,0.455988,0.456194,0.456447,0.456724,0.456994,0.457209,0.457309,0.45722,0.456855,0.45612,0.454924,0.453193,0.450884,0.448,0.444602,0.440814,0.436815,0.432825,0.429081,0.425803,0.423162,0.42126,0.42011,0.419641,0.419707,0.420116,0.420659,0.421144,0.421426,0.421426
0.417662,0.417662,0.417441,0.417076,0.416706,0.416513,0.416688,0.417402,0.418774,0.420849,0.423589,0.426877,0.430533,0.434341,0.438081,0.441552,0.444602,0.447132,0.449104,0.450532,0.451468,0.451992,0.452193,0.452161,0.451975,0.451704,0.4514,0.451103,0.45084,0.45063,0.450485,0.450411,0.450411,0.450485,0.45063,0.45084,0.451103,0.4514,0.451704,0.451975,0.452161,0.452193,0.451992,0.451468,0.450532,0.449104,0.447132,0.444602,0.441552,0.438081,0.434341,0.430533,0.426877,0.423589,0.420849,0.418774,0.417402,0.416688,0.416513,0.416706,0.417076,0.417441,0.417662,0.417662
0.413324,0.413324,0.413176,0.412953,0.412784,0.412835,0.413277,0.414255,0.415859,0.418109,0.420943,0.424232,0.427793,0.431419,0.434907,0.438081,0.440814,0.443033,0.44472,0.445903,0.446643,0.447019,0.447119,0.447025,0.446809,0.44653,0.446234,0.445953,0.445709,0.445518,0.445386,0.445319,0.445319,0.445386,0.445518,0.445709,0.445953,0.446234,0.44653,0.446809,0.447025,0.447119,0.447019,0.446643,0.445903,0.44472,0.443033,0.440814,0.438081,0.434907,0.431419,0.427793,0.424232,0.420943,0.418109,0.415859,0.414255,0.413277,0.412835,0.412784,0.412953,0.413176,0.413324,0.413324
0.408356,0.408356,0.408296,0.408241,0.408308,0.408641,0.409386,0.410658,0.412519,0.414959,0.4179,0.421202,0.424683,0.42815,0.431419,0.434341,0.436815,0.43879,0.440266,0.441282,0.441904,0.44221,0.442281,0.442192,0.442006,0.441772,0.441529,0.441302,0.441107,0.440955,0.440851,0.440798,0.440798,0.440851,0.440955,0.441107,0.441302,0.441529,0.441772,0.442006,0.442192,0.442281,0.44221,0.441904,0.441282,0.440266,0.43879,0.436815,0.434341,0.431419,0.42815,0.424683,0.421202,0.4179,0.414959,0.412519,0.410658,0.409386,0.408641,0.408308,0.408241,0.408296,0.408356,0.408356
0.402726,0.402726,0.402771,0.402916,0.40326,0.403923,0.405019,0.406631,0.408788,0.411455,0.414536,0.417885,0.421327,0.424683,0.427793,0.430533,0.432825,0.434642,0.435996,0.436936,0.437527,0.437844,0.437961,0.437944,0.437846,0.437708,0.437559,0.437419,0.4373,0.437207,0.437144,0.437112,0.437112,0.437144,0.437207,0.4373,0.437419,0.437559,0.437708,0.437846,0.437944,0.437961,0.437844,0.437527,0.436936,0.435996,0.434642,0.432825,0.430533,0.427793,0.424683,0.421327,0.417885,0.414536,0.411455,0.408788,0.406631,0.405019,0.403923,0.40326,0.402916,0.402771,0.402726,0.402726
0.396434,0.396434,0.396603,0.396986,0.397658,0.398708,0.400217,0.402228,0.404738,0.407687,0.410964,0.414418,0.417885,0.421202,0.424232,0.426877,0.429081,0.430835,0.432163,0.433117,0.433763,0.434169,0.434401,0.434515,0.434554,0.434553,0.434532,0.434506,0.434482,0.434462,0.43445,0.434443,0.434443,0.43445,0.434462,0.434482,0.434506,0.434532,0.434553,0.434554,0.434515,0.434401,0.434169,0.433763,0.433117,0.432163,0.430835,0.429081,0.426877,0.424232,0.421202,0.417885,0.414418,0.410964,0.407687,0.404738,0.402228,0.400217,0.398708,0.397658,0.396986,0.396603,0.396434,0.396434
0.389526,0.389526,0.389842,0.390503,0.39156,0.393065,0.395057,0.397541,0.400478,0.403781,0.407327,0.410964,0.414536,0.4179,0.420943,0.423589,0.425803,0.427589,0.428982,0.430034,0.430807,0.431366,0.431767,0.432055,0.432268,0.432431,0.432559,0.432661,0.432743,0.432805,0.432847,0.432868,0.432868,0.432847,0.432805,0.432743,0.432661,0.432559,0.432431,0.432268,0.432055,0.431767,0.431366,0.430807,0.430034,0.428982,0.427589,0.425803,0.423589,0.420943,0.4179,0.414536,0.410964,0.407327,0.403781,0.400478,0.397541,0.395057,0.393065,0.39156,0.390503,0.389842,0.389526,0.389526
0.382108,0.382108,0.382593,0.383576,0.385076,0.387107,0.38966,0.392697,0.396142,0.399883,0.403781,0.407687,0.411455,0.414959,0.418109,0.420849,0.423162,0.425065,0.426598,0.427813,0.428771,0.429526,0.430128,0.430616,0.431019,0.431356,0.431639,0.431873,0.432062,0.432205,0.432301,0.43235,0.43235,0.432301,0.432205,0.432062,0.431873,0.431639,0.431356,0.431019,0.430616,0.430128,0.429526,0.428771,0.427813,0.426598,0.425065,0.423162,0.420849,0.418109,0.414959,0.411455,0.407687,0.403781,0.399883,0.396142,0.392697,0.38966,0.387107,0.385076,0.383576,0.382593,0.382108,0.382108
0.374352,0.374352,0.375026,0.37637,0.378368,0.38099,0.384178,0.387846,0.391881,0.396142,0.400478,0.404738,0.408788,0.412519,0.415859,0.418774,0.42126,0.423344,0.42507,0.426491,0.427663,0.428635,0.42945,0.430141,0.430732,0.431237,0.431667,0.432024,0.432312,0.432529,0.432674,0.432747,0.432747,0.432674,0.432529,0.432312,0.432024,0.431667,0.431237,0.430732,0.430141,0.42945,0.428635,0.427663,0.426491,0.42507,0.423344,0.42126,0.418774,0.415859,0.412519,0.408788,0.404738,0.400478,0.396142,0.391881,0.387846,0.384178,0.38099,0.378368,0.37637,0.375026,0.374352,0.374352
0.366492,0.366492,0.367372,0.369107,0.371646,0.37491,0.378792,0.383156,0.387846,0.392697,0.397541,0.402228,0.406631,0.410658,0.414255,0.417402,0.42011,0.422414,0.424362,0.426005,0.427397,0.428583,0.429602,0.430481,0.431241,0.431895,0.432452,0.432915,0.433286,0.433564,0.433751,0.433844,0.433844,0.433751,0.433564,0.433286,0.432915,0.432452,0.431895,0.431241,0.430481,0.429602,0.428583,0.427397,0.426005,0.424362,0.422414,0.42011,0.417402,0.414255,0.410658,0.406631,0.402228,0.397541,0.392697,0.387846,0.383156,0.378792,0.37491,0.371646,0.369107,0.367372,0.366492,0.366492
0.358825,0.358825,0.359917,0.362058,0.365158,0.369092,0.373698,0.378792,0.384178,0.38966,0.395057,0.400217,0.405019,0.409386,0.413277,0.416688,0.419641,0.422177,0.424348,0.426207,0.427805,0.429184,0.430379,0.431417,0.432318,0.433093,0.433751,0.434296,0.434731,0.435057,0.435274,0.435382,0.435382,0.435274,0.435057,0.434731,0.434296,0.433751,0.433093,0.432318,0.431417,0.430379,0.429184,0.427805,0.426207,0.424348,0.422177,0.419641,0.416688,0.413277,0.409386,0.405019,0.400217,0.395057,0.38966,0.384178,0.378792,0.373698,0.369092,0.365158,0.362058,0.359917,0.358825,0.358825
0.351683,0.351683,0.352985,0.355524,0.359177,0.36377,0.369092,0.37491,0.38099,0.387107,0.393065,0.398708,0.403923,0.408641,0.412835,0.416513,0.419707,0.422465,0.424841,0.42689,0.428663,0.430201,0.431538,0.432701,0.433708,0.434572,0.435303,0.435906,0.436385,0.436743,0.436981,0.4371,0.4371,0.436981,0.436743,0.436385,0.435906,0.435303,0.434572,0.433708,0.432701,0.431538,0.430201,0.428663,0.42689,0.424841,0.422465,0.419707,0.416513,0.412835,0.408641,0.403923,0.398708,0.393065,0.387107,0.38099,0.37491,0.369092,0.36377,0.359177,0.355524,0.352985,0.351683,0.351683
0.34542,0.34542,0.346913,0.349818,0.353978,0.359177,0.365158,0.371646,0.378368,0.385076,0.39156,0.397658,0.40326,0.408308,0.412784,0.416706,0.420116,0.423065,0.425614,0.427818,0.429727,0.431386,0.432827,0.434078,0.435159,0.436083,0.436861,0.437501,0.438007,0.438384,0.438634,0.438759,0.438759,0.438634,0.438384,0.438007,0.437501,0.436861,0.436083,0.435159,0.434078,0.432827,0.431386,0.429727,0.427818,0.425614,0.423065,0.420116,0.416706,0.412784,0.408308,0.40326,0.397658,0.39156,0.385076,0.378368,0.371646,0.365158,0.359177,0.353978,0.349818,0.346913,0.34542,0.34542
0.340371,0.340371,0.342024,0.345234,0.349818,0.355524,0.362058,0.369107,0.37637,0.383576,0.390503,0.396986,0.402916,0.408241,0.412953,0.417076,0.420659,0.423759,0.426438,0.428756,0.430764,0.432506,0.434017,0.435325,0.43645,0.43741,0.438215,0.438875,0.439396,0.439783,0.440039,0.440166,0.440166,0.440039,0.439783,0.439396,0.438875,0.438215,0.43741,0.43645,0.435325,0.434017,0.432506,0.430764,0.428756,0.426438,0.423759,0.420659,0.417076,0.412953,0.408241,0.402916,0.396986,0.390503,0.383576,0.37637,0.369107,0.362058,0.355524,0.349818,0.345234,0.342024,0.340371,0.340371
0.336825,0.336825,0.338594,0.342024,0.346913,0.352985,0.359917,0.367372,0.375026,0.382593,0.389842,0.396603,0.402771,0.408296,0.413176,0.417441,0.421144,0.424346,0.427113,0.429504,0.431574,0.433367,0.434919,0.436259,0.43741,0.438388,0.439206,0.439875,0.440402,0.440793,0.441051,0.44118,0.44118,0.441051,0.440793,0.440402,0.439875,0.439206,0.438388,0.43741,0.436259,0.434919,0.433367,0.431574,0.429504,0.427113,0.424346,0.421144,0.417441,0.413176,0.408296,0.402771,0.396603,0.389842,0.382593,0.375026,0.367372,0.359917,0.352985,0.346913,0.342024,0.338594,0.336825,0.336825
0.334996,0.334996,0.336825,0.340371,0.34542,0.351683,0.358825,0.366492,0.374352,0.382108,0.389526,0.396434,0.402726,0.408356,0.413324,0.417662,0.421426,0.42468,0.42749,0.429917,0.432016,0.433833,0.435403,0.436758,0.437919,0.438904,0.439728,0.4404,0.440929,0.441321,0.44158,0.441709,0.441709,0.44158,0.441321,0.440929,0.4404,0.439728,0.438904,0.437919,0.436758,0.435403,0.433833,0.432016,0.429917,0.42749,0.42468,0.421426,0.417662,0.413324,0.408356,0.402726,0.396434,0.389526,0.382108,0.374352,0.366492,0.358825,0.351683,0.34542,0.340371,0.336825,0.334996,0.334996
0.334996,0.334996,0.336825,0.340371,0.34542,0.351683,0.358825,0.366492,0.374352,0.382108,0.389526,0.396434,0.402726,0.408356,0.413324,0.417662,0.421426,0.42468,0.42749,0.429917,0.432016,0.433833,0.435403,0.436758,0.437919,0.438904,0.439728,0.4404,0.440929,0.441321,0.44158,0.441709,0.441709,0.44158,0.441321,0.440929,0.4404,0.439728,0.438904,0.437919,0.436758,0.435403,0.433833,0.432016,0.429917,0.42749,0.42468,0.421426,0.417662,0.413324,0.408356,0.402726,0.396434,0.389526,0.382108,0.374352,0.366492,0.358825,0.351683,0.34542,0.340371,0.336825,0.334996,0.334996
