0.5,0.5,0.5,0.5,0.5,0.5,0.5,0.5,0.5,0.5,0.5,0.5,0.5,0.5,0.5,0.5,0.5,0.5,0.5,0.5,0.5,0.5,0.5,0.5,0.5,0.5,0.5,0.5,0.5,0.5,0.5,0.5,0.5,0.5,0.5,0.5,0.5,0.5,0.5,0.5,0.5,0.5,0.5,0.5,0.5,0.5,0.5,0.5,0.5,0.5,0.5,0.5,0.5,0.5,0.5,0.5,0.5,0.5,0.5,0.5,0.5,0.5,0.5,0.5
0.5,0.5,0.5,0.5,0.5,0.5,0.5,0.5,0.5,0.5,0.5,0.5,0.5,0.5,0.5,0.5,0.5,0.5,0.5,0.5,0.5,0.5,0.5,0.5,0.5,0.5,0.5,0.5,0.5,0.5,0.5,0.5,0.5,0.5,0.5,0.5,0.5,0.5,0.5,0.5,0.5,0.5,0.5,0.5,0.5,0.5,0.5,0.5,0.5,0.5,0.5,0.5,0.5,0.5,0.5,0.5,0.5,0.5,0.5,0.5,0.5,0.5,0.5,0.5
0.5,0.5,0.5,0.5,0.5,0.5,0.5,0.5,0.5,0.5,0.5,0.5,0.5,0.5,0.5,0.5,0.5,0.5,0.5,0.5,0.5,0.5,0.5,0.5,0.5,0.5,0.5,0.5,0.5,0.5,0.5,0.5,0.5,0.5,0.5,0.5,0.5,0.5,0.5,0.5,0.5,0.5,0.5,0.5,0.5,0.5,0.5,0.5,0.5,0.5,0.5,0.5,0.5,0.5,0.5,0.5,0.5,0.5,0.5,0.5,0.5,0.5,0.5,0.5
0.5,0.5,0.5,0.5,0.5,0.5,0.5,0.5,0.5,0.5,0.5,0.5,0.5,0.5,0.5,0.5,0.5,0.5,0.5,0.5,0.5,0.5,0.5,0.5,0.5,0.5,0.499999,0.499999,0.499999,0.499999,0.499999,0.499999,0.499999,0.499999,0.499999,0.499999,0.499999,0.499999,0.5,0.5,0.5,0.5,0.5,0.5,0.5,0.5,0.5,0.5,0.5,0.5,0.5,0.5,0.5,0.5,0.5,0.5,0.5,0.5,0.5,0.5,0.5,0.5,0.5,0.5
0.5,0.5,0.5,0.5,0.5,0.5,0.5,0.5,0.5,0.5,0.5,0.5,0.5,0.5,0.5,0.5,0.5,0.5,0.5,0.5,0.5,0.5,0.5,0.499999,0.499999,0.499999,0.499999,0.499998,0.499998,0.499998,0.499998,0.499998,0.499998,0.499998,0.499998,0.499998,0.499998,0.499999,0.499999,0.499999,0.499999,0.5,0.5,0.5,0.5,0.5,0.5,0.5,0.5,0.5,0.5,0.5,0.5,0.5,0.5,0.5,0.5,0.5,0.5,0.5,0.5,0.5,0.5,0.5
0.5,0.5,0.5,0.5,0.5,0.5,0.5,0.5,0.5,0.5,0.5,0.5,0.5,0.5,0.5,0.5,0.5,0.5,0.5,0.5,0.499999,0.499999,0.499999,0.499998,0.499998,0.499997,0.499997,0.499996,0.499995,0.499995,0.499995,0.499994,0.499994,0.499995,0.499995,0.499995,0.499996,0.499997,0.499997,0.499998,0.499998,0.499999,0.499999,0.499999,0.5,0.5,0.5,0.5,0.5,0.5,0.5,0.5,0.5,0.5,0.5,0.5,0.5,0.5,0.5,0.5,0.5,0.5,0.5,0.5
0.5,0.5,0.5,0.5,0.5,0.5,0.5,0.5,0.5,0.5,0.5,0.5,0.5,0.5,0.5,0.5,0.5,0.5,0.499999,0.499999,0.499999,0.499998,0.499997,0.499996,0.499995,0.499993,0.499992,0.49999,0.499989,0.499988,0.499987,0.499986,0.499986,0.499987,0.499988,0.499989,0.49999,0.499992,0.499993,0.499995,0.499996,0.499997,0.499998,0.499999,0.499999,0.499999,0.5,0.5,0.5,0.5,0.5,0.5,0.5,0.5,0.5,0.5,0.5,0.5,0.5,0.5,0.5,0.5,0.5,0.5
0.5,0.5,0.5,0.5,0.5,0.5,0.5,0.5,0.5,0.5,0.5,0.5,0.5,0.5,0.5,0.5,0.5,0.499999,0.499999,0.499998,0.499997,0.499995,0.499993,0.499991,0.499988,0.499984,0.499981,0.499977,0.499974,0.499971,0.499969,0.499968,0.499968,0.499969,0.499971,0.499974,0.499977,0.499981,0.499984,0.499988,0.499991,0.499993,0.499995,0.499997,0.499998,0.499999,0.499999,0.5,0.5,0.5,0.5,0.5,0.5,0.5,0.5,0.5,0.5,0.5,0.5,0.5,0.5,0.5,0.5,0.5
0.5,0.5,0.5,0.5,0.5,0.5,0.5,0.5,0.5,0.5,0.5,0.5,0.5,0.5,0.5,0.499999,0.499999,0.499998,0.499997,0.499995,0.499993,0.499989,0.499984,0.499979,0.499972,0.499964,0.499956,0.499948,0.49994,0.499934,0.499929,0.499926,0.499926,0.499929,0.499934,0.49994,0.499948,0.499956,0.499964,0.499972,0.499979,0.499984,0.499989,0.499993,0.499995,0.499997,0.499998,0.499999,0.499999,0.5,0.5,0.5,0.5,0.5,0.5,0.5,0.5,0.5,0.5,0.5,0.5,0.5,0.5,0.5
0.5,0.5,0.5,0.5,0.5,0.5,0.5,0.5,0.5,0.5,0.5,0.5,0.5,0.5,0.499999,0.499999,0.499997,0.499996,0.499993,0.499989,0.499984,0.499976,0.499966,0.499953,0.499939,0.499922,0.499904,0.499886,0.499869,0.499855,0.499844,0.499839,0.499839,0.499844,0.499855,0.499869,0.499886,0.499904,0.499922,0.499939,0.499953,0.499966,0.499976,0.499984,0.499989,0.499993,0.499996,0.499997,0.499999,0.499999,0.5,0.5,0.5,0.5,0.5,0.5,0.5,0.5,0.5,0.5,0.5,0.5,0.5,0.5
0.5,0.5,0.5,0.5,0.5,0.5,0.5,0.5,0.5,0.5,0.5,0.5,0.5,0.499999,0.499998,0.499997,0.499995,0.499991,0.499985,0.499977,0.499965,0.499949,0.499928,0.499901,0.49987,0.499835,0.499797,0.499759,0.499724,0.499694,0.499672,0.49966,0.49966,0.499672,0.499694,0.499724,0.499759,0.499797,0.499835,0.49987,0.499901,0.499928,0.499949,0.499965,0.499977,0.499985,0.499991,0.499995,0.499997,0.499998,0.499999,0.5,0.5,0.5,0.5,0.5,0.5,0.5,0.5,0.5,0.5,0.5,0.5,0.5
0.5,0.5,0.5,0.5,0.5,0.5,0.5,0.5,0.5,0.5,0.5,0.5,0.499999,0.499998,0.499996,0.499994,0.499989,0.499981,0.49997,0.499952,0.499928,0.499895,0.499852,0.499799,0.499735,0.499663,0.499586,0.499509,0.499438,0.499377,0.499333,0.49931,0.49931,0.499333,0.499377,0.499438,0.499509,0.499586,0.499663,0.499735,0.499799,0.499852,0.499895,0.499928,0.499952,0.49997,0.499981,0.499989,0.499994,0.499996,0.499998,0.499999,0.5,0.5,0.5,0.5,0.5,0.5,0.5,0.5,0.5,0.5,0.5,0.5
0.5,0.5,0.5,0.5,0.5,0.5,0.5,0.5,0.5,0.5,0.5,0.499999,0.499998,0.499996,0.499993,0.499987,0.499978,0.499963,0.49994,0.499906,0.499858,0.499793,0.499708,0.499603,0.499478,0.499338,0.499187,0.499037,0.498896,0.498778,0.498691,0.498646,0.498646,0.498691,0.498778,0.498896,0.499037,0.499187,0.499338,0.499478,0.499603,0.499708,0.499793,0.499858,0.499906,0.49994,0.499963,0.499978,0.499987,0.499993,0.499996,0.499998,0.499999,0.5,0.5,0.5,0.5,0.5,0.5,0.5,0.5,0.5,0.5,0.5
0.5,0.5,0.5,0.5,0.5,0.5,0.5,0.5,0.5,0.5,0.499999,0.499998,0.499996,0.499993,0.499986,0.499975,0.499957,0.499929,0.499885,0.49982,0.499729,0.499605,0.499445,0.499245,0.499009,0.498743,0.49846,0.498175,0.49791,0.497687,0.497525,0.49744,0.49744,0.497525,0.497687,0.49791,0.498175,0.49846,0.498743,0.499009,0.499245,0.499445,0.499605,0.499729,0.49982,0.499885,0.499929,0.499957,0.499975,0.499986,0.499993,0.499996,0.499998,0.499999,0.5,0.5,0.5,0.5,0.5,0.5,0.5,0.5,0.5,0.5
0.5,0.5,0.5,0.5,0.5,0.5,0.5,0.5,0.5,0.499999,0.499998,0.499996,0.499993,0.499986,0.499975,0.499954,0.499921,0.499868,0.499787,0.499668,0.4995,0.499274,0.49898,0.498615,0.498184,0.497699,0.497183,0.496665,0.496183,0.495777,0.495483,0.495328,0.495328,0.495483,0.495777,0.496183,0.496665,0.497183,0.497699,0.498184,0.498615,0.49898,0.499274,0.4995,0.499668,0.499787,0.499868,0.499921,0.499954,0.499975,0.499986,0.499993,0.499996,0.499998,0.499999,0.5,0.5,0.5,0.5,0.5,0.5,0.5,0.5,0.5
0.5,0.5,0.5,0.5,0.5,0.5,0.5,0.5,0.499999,0.499999,0.499997,0.499994,0.499987,0.499975,0.499954,0.499918,0.499859,0.499764,0.49962,0.499409,0.499112,0.49871,0.498191,0.497549,0.496789,0.495936,0.495027,0.494118,0.493273,0.492561,0.492045,0.491774,0.491774,0.492045,0.492561,0.493273,0.494118,0.495027,0.495936,0.496789,0.497549,0.498191,0.49871,0.499112,0.499409,0.49962,0.499764,0.499859,0.499918,0.499954,0.499975,0.499987,0.499994,0.499997,0.499999,0.499999,0.5,0.5,0.5,0.5,0.5,0.5,0.5,0.5
0.5,0.5,0.5,0.5,0.5,0.5,0.5,0.5,0.499999,0.499997,0.499995,0.499989,0.499978,0.499957,0.499921,0.499859,0.499756,0.499594,0.499347,0.498985,0.498476,0.497791,0.496905,0.495811,0.49452,0.493071,0.491529,0.489988,0.488557,0.487353,0.48648,0.486022,0.486022,0.48648,0.487353,0.488557,0.489988,0.491529,0.493071,0.49452,0.495811,0.496905,0.497791,0.498476,0.498985,0.499347,0.499594,0.499756,0.499859,0.499921,0.499957,0.499978,0.499989,0.499995,0.499997,0.499999,0.5,0.5,0.5,0.5,0.5,0.5,0.5,0.5
0.5,0.5,0.5,0.5,0.5,0.5,0.5,0.499999,0.499998,0.499996,0.499991,0.499981,0.499963,0.499929,0.499868,0.499764,0.499594,0.499324,0.498914,0.498316,0.497476,0.496345,0.494888,0.493089,0.49097,0.488594,0.48607,0.483549,0.481211,0.479243,0.477819,0.477072,0.477072,0.477819,0.479243,0.481211,0.483549,0.48607,0.488594,0.49097,0.493089,0.494888,0.496345,0.497476,0.498316,0.498914,0.499324,0.499594,0.499764,0.499868,0.499929,0.499963,0.499981,0.499991,0.499996,0.499998,0.499999,0.5,0.5,0.5,0.5,0.5,0.5,0.5
0.5,0.5,0.5,0.5,0.5,0.5,0.499999,0.499999,0.499997,0.499993,0.499985,0.49997,0.49994,0.499885,0.499787,0.49962,0.499347,0.498914,0.498259,0.497302,0.495963,0.494163,0.491846,0.488991,0.485633,0.481872,0.477882,0.4739,0.47021,0.467108,0.464864,0.463685,0.463685,0.464864,0.467108,0.47021,0.4739,0.477882,0.481872,0.485633,0.488991,0.491846,0.494163,0.495963,0.497302,0.498259,0.498914,0.499347,0.49962,0.499787,0.499885,0.49994,0.49997,0.499985,0.499993,0.499997,0.499999,0.499999,0.5,0.5,0.5,0.5,0.5,0.5
0.5,0.5,0.5,0.5,0.5,0.5,0.499999,0.499998,0.499995,0.499989,0.499977,0.499952,0.499906,0.49982,0.499668,0.499409,0.498985,0.498316,0.497302,0.495826,0.493763,0.490996,0.487439,0.483063,0.477923,0.472173,0.466081,0.460008,0.454384,0.449659,0.446243,0.44445,0.44445,0.446243,0.449659,0.454384,0.460008,0.466081,0.472173,0.477923,0.483063,0.487439,0.490996,0.493763,0.495826,0.497302,0.498316,0.498985,0.499409,0.499668,0.49982,0.499906,0.499952,0.499977,0.499989,0.499995,0.499998,0.499999,0.5,0.5,0.5,0.5,0.5,0.5
0.5,0.5,0.5,0.5,0.5,0.499999,0.499999,0.499997,0.499993,0.499984,0.499965,0.499928,0.499858,0.499729,0.4995,0.499112,0.498476,0.497476,0.495963,0.493763,0.490694,0.486584,0.481308,0.474828,0.467226,0.458735,0.449748,0.440799,0.432519,0.425568,0.420545,0.417909,0.417909,0.420545,0.425568,0.432519,0.440799,0.449748,0.458735,0.467226,0.474828,0.481308,0.486584,0.490694,0.493763,0.495963,0.497476,0.498476,0.499112,0.4995,0.499729,0.499858,0.499928,0.499965,0.499984,0.499993,0.499997,0.499999,0.499999,0.5,0.5,0.5,0.5,0.5
0.5,0.5,0.5,0.5,0.5,0.499999,0.499998,0.499995,0.499989,0.499976,0.499949,0.499895,0.499793,0.499605,0.499274,0.49871,0.497791,0.496345,0.494163,0.490996,0.486584,0.480684,0.473124,0.46385,0.452986,0.440868,0.428056,0.415312,0.403532,0.393648,0.38651,0.382765,0.382765,0.38651,0.393648,0.403532,0.415312,0.428056,0.440868,0.452986,0.46385,0.473124,0.480684,0.486584,0.490996,0.494163,0.496345,0.497791,0.49871,0.499274,0.499605,0.499793,0.499895,0.499949,0.499976,0.499989,0.499995,0.499998,0.499999,0.5,0.5,0.5,0.5,0.5
0.5,0.5,0.5,0.5,0.5,0.499999,0.499997,0.499993,0.499984,0.499966,0.499928,0.499852,0.499708,0.499445,0.49898,0.498191,0.496905,0.494888,0.491846,0.487439,0.481308,0.473124,0.46265,0.449822,0.434814,0.418094,0.400439,0.382894,0.36669,0.353103,0.343296,0.338153,0.338153,0.343296,0.353103,0.36669,0.382894,0.400439,0.418094,0.434814,0.449822,0.46265,0.473124,0.481308,0.487439,0.491846,0.494888,0.496905,0.498191,0.49898,0.499445,0.499708,0.499852,0.499928,0.499966,0.499984,0.499993,0.499997,0.499999,0.5,0.5,0.5,0.5,0.5
0.5,0.5,0.5,0.5,0.499999,0.499998,0.499996,0.499991,0.499979,0.499953,0.499901,0.499799,0.499603,0.499245,0.498615,0.497549,0.495811,0.493089,0.488991,0.483063,0.474828,0.46385,0.449822,0.432663,0.412615,0.390308,0.366778,0.343418,0.321861,0.303799,0.290767,0.283935,0.283935,0.290767,0.303799,0.321861,0.343418,0.366778,0.390308,0.412615,0.432663,0.449822,0.46385,0.474828,0.483063,0.488991,0.493089,0.495811,0.497549,0.498615,0.499245,0.499603,0.499799,0.499901,0.499953,0.499979,0.499991,0.499996,0.499998,0.499999,0.5,0.5,0.5,0.5
0.5,0.5,0.5,0.5,0.499999,0.499998,0.499995,0.499988,0.499972,0.499939,0.49987,0.499735,0.499478,0.499009,0.498184,0.496789,0.49452,0.49097,0.485633,0.477923,0.467226,0.452986,0.434814,0.412615,0.386711,0.35792,0.327583,0.297492,0.269747,0.246513,0.229758,0.220977,0.220977,0.229758,0.246513,0.269747,0.297492,0.327583,0.35792,0.386711,0.412615,0.434814,0.452986,0.467226,0.477923,0.485633,0.49097,0.49452,0.496789,0.498184,0.499009,0.499478,0.499735,0.49987,0.499939,0.499972,0.499988,0.499995,0.499998,0.499999,0.5,0.5,0.5,0.5
0.5,0.5,0.5,0.5,0.499999,0.499997,0.499993,0.499984,0.499964,0.499922,0.499835,0.499663,0.499338,0.498743,0.497699,0.495936,0.493071,0.488594,0.481872,0.472173,0.458735,0.440868,0.418094,0.390308,0.35792,0.321962,0.284108,0.246595,0.21203,0.183104,0.162252,0.151327,0.151327,0.162252,0.183104,0.21203,0.246595,0.284108,0.321962,0.35792,0.390308,0.418094,0.440868,0.458735,0.472173,0.481872,0.488594,0.493071,0.495936,0.497699,0.498743,0.499338,0.499663,0.499835,0.499922,0.499964,0.499984,0.499993,0.499997,0.499999,0.5,0.5,0.5,0.5
0.5,0.5,0.5,0.499999,0.499999,0.499997,0.499992,0.499981,0.499956,0.499904,0.499797,0.499586,0.499187,0.49846,0.497183,0.495027,0.491529,0.48607,0.477882,0.466081,0.449748,0.428056,0.400439,0.366778,0.327583,0.284108,0.238381,0.193102,0.151409,0.116536,0.0914079,0.078245,0.078245,0.0914079,0.116536,0.151409,0.193102,0.238381,0.284108,0.327583,0.366778,0.400439,0.428056,0.449748,0.466081,0.477882,0.48607,0.491529,0.495027,0.497183,0.49846,0.499187,0.499586,0.499797,0.499904,0.499956,0.499981,0.499992,0.499997,0.499999,0.499999,0.5,0.5,0.5
0.5,0.5,0.5,0.499999,0.499998,0.499996,0.49999,0.499977,0.499948,0.499886,0.499759,0.499509,0.499037,0.498175,0.496665,0.494118,0.489988,0.483549,0.4739,0.460008,0.440799,0.415312,0.382894,0.343418,0.297492,0.246595,0.193102,0.140169,0.0914565,0.050731,0.0213962,0.00603284,0.00603284,0.0213962,0.050731,0.0914565,0.140169,0.193102,0.246595,0.297492,0.343418,0.382894,0.415312,0.440799,0.460008,0.4739,0.483549,0.489988,0.494118,0.496665,0.498175,0.499037,0.499509,0.499759,0.499886,0.499948,0.499977,0.49999,0.499996,0.499998,0.499999,0.5,0.5,0.5
0.5,0.5,0.5,0.499999,0.499998,0.499995,0.499989,0.499974,0.49994,0.499869,0.499724,0.499438,0.498896,0.49791,0.496183,0.493273,0.488557,0.481211,0.47021,0.454384,0.432519,0.403532,0.36669,0.321861,0.269747,0.21203,0.151409,0.0914565,0.0363107,-0.0097751,-0.0429615,-0.0603389,-0.0603389,-0.0429615,-0.0097751,0.0363107,0.0914565,0.151409,0.21203,0.269747,0.321861,0.36669,0.403532,0.432519,0.454384,0.47021,0.481211,0.488557,0.493273,0.496183,0.49791,0.498896,0.499438,0.499724,0.499869,0.49994,0.499974,0.499989,0.499995,0.499998,0.499999,0.5,0.5,0.5
0.5,0.5,0.5,0.499999,0.499998,0.499995,0.499988,0.499971,0.499934,0.499855,0.499694,0.499377,0.498778,0.497687,0.495777,0.492561,0.487353,0.479243,0.467108,0.449659,0.425568,0.393648,0.353103,0.303799,0.246513,0.183104,0.116536,0.050731,-0.0097751,-0.0603253,-0.0967184,-0.115772,-0.115772,-0.0967184,-0.0603253,-0.0097751,0.050731,0.116536,0.183104,0.246513,0.303799,0.353103,0.393648,0.425568,0.449659,0.467108,0.479243,0.487353,0.492561,0.495777,0.497687,0.498778,0.499377,0.499694,0.499855,0.499934,0.499971,0.499988,0.499995,0.499998,0.499999,0.5,0.5,0.5
0.5,0.5,0.5,0.499999,0.499998,0.499995,0.499987,0.499969,0.499929,0.499844,0.499672,0.499333,0.498691,0.497525,0.495483,0.492045,0.48648,0.477819,0.464864,0.446243,0.420545,0.38651,0.343296,0.290767,0.229758,0.162252,0.0914079,0.0213962,-0.0429615,-0.0967184,-0.135414,-0.155672,-0.155672,-0.135414,-0.0967184,-0.0429615,0.0213962,0.0914079,0.162252,0.229758,0.290767,0.343296,0.38651,0.420545,0.446243,0.464864,0.477819,0.48648,0.492045,0.495483,0.497525,0.498691,0.499333,0.499672,0.499844,0.499929,0.499969,0.499987,0.499995,0.499998,0.499999,0.5,0.5,0.5
0.5,0.5,0.5,0.499999,0.499998,0.499994,0.499986,0.499968,0.499926,0.499839,0.49966,0.49931,0.498646,0.49744,0.495328,0.491774,0.486022,0.477072,0.463685,0.44445,0.417909,0.382765,0.338153,0.283935,0.220977,0.151327,0.078245,0.00603284,-0.0603389,-0.115772,-0.155672,-0.176559,-0.176559,-0.155672,-0.115772,-0.0603389,0.00603284,0.078245,0.151327,0.220977,0.283935,0.338153,0.382765,0.417909,0.44445,0.463685,0.477072,0.486022,0.491774,0.495328,0.49744,0.498646,0.49931,0.49966,0.499839,0.499926,0.499968,0.499986,0.499994,0.499998,0.499999,0.5,0.5,0.5
0.5,0.5,0.5,0.499999,0.499998,0.499994,0.499986,0.499968,0.499926,0.499839,0.49966,0.49931,0.498646,0.49744,0.495328,0.491774,0.486022,0.477072,0.463685,0.44445,0.417909,0.382765,0.338153,0.283935,0.220977,0.151327,0.078245,0.00603284,-0.0603389,-0.115772,-0.155672,-0.176559,-0.176559,-0.155672,-0.115772,-0.0603389,0.00603284,0.078245,0.151327,0.220977,0.283935,0.338153,0.382765,0.417909,0.44445,0.463685,0.477072,0.486022,0.491774,0.495328,0.49744,0.498646,0.49931,0.49966,0.499839,0.499926,0.499968,0.499986,0.499994,0.499998,0.499999,0.5,0.5,0.5
0.5,0.5,0.5,0.499999,0.499998,0.499995,0.499987,0.499969,0.499929,0.499844,0.499672,0.499333,0.498691,0.497525,0.495483,0.492045,0.48648,0.477819,0.464864,0.446243,0.420545,0.38651,0.343296,0.290767,0.229758,0.162252,0.0914079,0.0213962,-0.0429615,-0.0967184,-0.135414,-0.155672,-0.155672,-0.135414,-0.0967184,-0.0429615,0.0213962,0.0914079,0.162252,0.229758,0.290767,0.343296,0.38651,0.420545,0.446243,0.464864,0.477819,0.48648,0.492045,0.495483,0.497525,0.498691,0.499333,0.499672,0.499844,0.499929,0.499969,0.499987,0.499995,0.499998,0.499999,0.5,0.5,0.5
0.5,0.5,0.5,0.499999,0.499998,0.499995,0.499988,0.499971,0.499934,0.499855,0.499694,0.499377,0.498778,0.497687,0.495777,0.492561,0.487353,0.479243,0.467108,0.449659,0.425568,0.393648,0.353103,0.303799,0.246513,0.183104,0.116536,0.050731,-0.0097751,-0.0603253,-0.0967184,-0.115772,-0.115772,-0.0967184,-0.0603253,-0.0097751,0.050731,0.116536,0.183104,0.246513,0.303799,0.353103,0.393648,0.425568,0.449659,0.467108,0.479243,0.487353,0.492561,0.495777,0.497687,0.498778,0.499377,0.499694,0.499855,0.499934,0.499971,0.499988,0.499995,0.499998,0.499999,0.5,0.5,0.5
0.5,0.5,0.5,0.499999,0.499998,0.499995,0.499989,0.499974,0.49994,0.499869,0.499724,0.499438,0.498896,0.49791,0.496183,0.493273,0.488557,0.481211,0.47021,0.454384,0.432519,0.403532,0.36669,0.321861,0.269747,0.21203,0.151409,0.0914565,0.0363107,-0.0097751,-0.0429615,-0.0603389,-0.0603389,-0.0429615,-0.0097751,0.0363107,0.0914565,0.151409,0.21203,0.269747,0.321861,0.36669,0.403532,0.432519,0.454384,0.47021,0.481211,0.488557,0.493273,0.496183,0.49791,0.498896,0.499438,0.499724,0.499869,0.49994,0.499974,0.499989,0.499995,0.499998,0.499999,0.5,0.5,0.5
0.5,0.5,0.5,0.499999,0.499998,0.499996,0.49999,0.499977,0.499948,0.499886,0.499759,0.499509,0.499037,0.498175,0.496665,0.494118,0.489988,0.483549,0.4739,0.460008,0.440799,0.415312,0.382894,0.343418,0.297492,0.246595,0.193102,0.140169,0.0914565,0.050731,0.0213962,0.00603284,0.00603284,0.0213962,0.050731,0.0914565,0.140169,0.193102,0.246595,0.297492,0.343418,0.382894,0.415312,0.440799,0.460008,0.4739,0.483549,0.489988,0.494118,0.496665,0.498175,0.499037,0.499509,0.499759,0.499886,0.499948,0.499977,0.49999,0.499996,0.499998,0.499999,0.5,0.5,0.5
0.5,0.5,0.5,0.499999,0.499999,0.499997,0.499992,0.499981,0.499956,0.499904,0.499797,0.499586,0.499187,0.49846,0.497183,0.495027,0.491529,0.48607,0.477882,0.466081,0.449748,0.428056,0.400439,0.366778,0.327583,0.284108,0.238381,0.193102,0.151409,0.116536,0.0914079,0.078245,0.078245,0.0914079,0.116536,0.151409,0.193102,0.238381,0.284108,0.327583,0.366778,0.400439,0.428056,0.449748,0.466081,0.477882,0.48607,0.491529,0.495027,0.497183,0.49846,0.499187,0.499586,0.499797,0.499904,0.499956,0.499981,0.499992,0.499997,0.499999,0.499999,0.5,0.5,0.5
0.5,0.5,0.5,0.5,0.499999,0.499997,0.499993,0.499984,0.499964,0.499922,0.499835,0.499663,0.499338,0.498743,0.497699,0.495936,0.493071,0.488594,0.481872,0.472173,0.458735,0.440868,0.418094,0.390308,0.35792,0.321962,0.284108,0.246595,0.21203,0.183104,0.162252,0.151327,0.151327,0.162252,0.183104,0.21203,0.246595,0.284108,0.321962,0.35792,0.390308,0.418094,0.440868,0.458735,0.472173,0.481872,0.488594,0.493071,0.495936,0.497699,0.498743,0.499338,0.499663,0.499835,0.499922,0.499964,0.499984,0.499993,0.499997,0.499999,0.5,0.5,0.5,0.5
0.5,0.5,0.5,0.5,0.499999,0.499998,0.499995,0.499988,0.499972,0.499939,0.49987,0.499735,0.499478,0.499009,0.498184,0.496789,0.49452,0.49097,0.485633,0.477923,0.467226,0.452986,0.434814,0.412615,0.386711,0.35792,0.327583,0.297492,0.269747,0.246513,0.229758,0.220977,0.220977,0.229758,0.246513,0.269747,0.297492,0.327583,0.35792,0.386711,0.412615,0.434814,0.452986,0.467226,0.477923,0.485633,0.49097,0.49452,0.496789,0.498184,0.499009,0.499478,0.499735,0.49987,0.499939,0.499972,0.499988,0.499995,0.499998,0.499999,0.5,0.5,0.5,0.5
0.5,0.5,0.5,0.5,0.499999,0.499998,0.499996,0.499991,0.499979,0.499953,0.499901,0.499799,0.499603,0.499245,0.498615,0.497549,0.495811,0.493089,0.488991,0.483063,0.474828,0.46385,0.449822,0.432663,0.412615,0.390308,0.366778,0.343418,0.321861,0.303799,0.290767,0.283935,0.283935,0.290767,0.303799,0.321861,0.343418,0.366778,0.390308,0.412615,0.432663,0.449822,0.46385,0.474828,0.483063,0.488991,0.493089,0.495811,0.497549,0.498615,0.499245,0.499603,0.499799,0.499901,0.499953,0.499979,0.499991,0.499996,0.499998,0.499999,0.5,0.5,0.5,0.5
0.5,0.5,0.5,0.5,0.5,0.499999,0.499997,0.499993,0.499984,0.499966,0.499928,0.499852,0.499708,0.499445,0.49898,0.498191,0.496905,0.494888,0.491846,0.487439,0.481308,0.473124,0.46265,0.449822,0.434814,0.418094,0.400439,0.382894,0.36669,0.353103,0.343296,0.338153,0.338153,0.343296,0.353103,0.36669,0.382894,0.400439,0.418094,0.434814,0.449822,0.46265,0.473124,0.481308,0.487439,0.491846,0.494888,0.496905,0.498191,0.49898,0.499445,0.499708,0.499852,0.499928,0.499966,0.499984,0.499993,0.499997,0.499999,0.5,0.5,0.5,0.5,0.5
0.5,0.5,0.5,0.5,0.5,0.499999,0.499998,0.499995,0.499989,0.499976,0.499949,0.499895,0.499793,0.499605,0.499274,0.49871,0.497791,0.496345,0.494163,0.490996,0.486584,0.480684,0.473124,0.46385,0.452986,0.440868,0.428056,0.415312,0.403532,0.393648,0.38651,0.382765,0.382765,0.38651,0.393648,0.403532,0.415312,0.428056,0.440868,0.452986,0.46385,0.473124,0.480684,0.486584,0.490996,0.494163,0.496345,0.497791,0.49871,0.499274,0.499605,0.499793,0.499895,0.499949,0.499976,0.499989,0.499995,0.499998,0.499999,0.5,0.5,0.5,0.5,0.5
0.5,0.5,0.5,0.5,0.5,0.499999,0.499999,0.499997,0.499993,0.499984,0.499965,0.499928,0.499858,0.499729,0.4995,0.499112,0.498476,0.497476,0.495963,0.493763,0.490694,0.486584,0.481308,0.474828,0.467226,0.458735,0.449748,0.440799,0.432519,0.425568,0.420545,0.417909,0.417909,0.420545,0.425568,0.432519,0.440799,0.449748,0.458735,0.467226,0.474828,0.481308,0.486584,0.490694,0.493763,0.495963,0.497476,0.498476,0.499112,0.4995,0.499729,0.499858,0.499928,0.499965,0.499984,0.499993,0.499997,0.499999,0.499999,0.5,0.5,0.5,0.5,0.5
0.5,0.5,0.5,0.5,0.5,0.5,0.499999,0.499998,0.499995,0.499989,0.499977,0.499952,0.499906,0.49982,0.499668,0.499409,0.498985,0.498316,0.497302,0.495826,0.493763,0.490996,0.487439,0.483063,0.477923,0.472173,0.466081,0.460008,0.454384,0.449659,0.446243,0.44445,0.44445,0.446243,0.449659,0.454384,0.460008,0.466081,0.472173,0.477923,0.483063,0.487439,0.490996,0.493763,0.495826,0.497302,0.498316,0.498985,0.499409,0.499668,0.49982,0.499906,0.499952,0.499977,0.499989,0.499995,0.499998,0.499999,0.5,0.5,0.5,0.5,0.5,0.5
0.5,0.5,0.5,0.5,0.5,0.5,0.499999,0.499999,0.499997,0.499993,0.499985,0.49997,0.49994,0.499885,0.499787,0.49962,0.499347,0.498914,0.498259,0.497302,0.495963,0.494163,0.491846,0.488991,0.485633,0.481872,0.477882,0.4739,0.47021,0.467108,0.464864,0.463685,0.463685,0.464864,0.467108,0.47021,0.4739,0.477882,0.481872,0.485633,0.488991,0.491846,0.494163,0.495963,0.497302,0.498259,0.498914,0.499347,0.49962,0.499787,0.499885,0.49994,0.49997,0.499985,0.499993,0.499997,0.499999,0.499999,0.5,0.5,0.5,0.5,0.5,0.5
0.5,0.5,0.5,0.5,0.5,0.5,0.5,0.499999,0.499998,0.499996,0.499991,0.499981,0.499963,0.499929,0.499868,0.499764,0.499594,0.499324,0.498914,0.498316,0.497476,0.496345,0.494888,0.493089,0.49097,0.488594,0.48607,0.483549,0.481211,0.479243,0.477819,0.477072,0.477072,0.477819,0.479243,0.481211,0.483549,0.48607,0.488594,0.49097,0.493089,0.494888,0.496345,0.497476,0.498316,0.498914,0.499324,0.499594,0.499764,0.499868,0.499929,0.499963,0.499981,0.499991,0.499996,0.499998,0.499999,0.5,0.5,0.5,0.5,0.5,0.5,0.5
0.5,0.5,0.5,0.5,0.5,0.5,0.5,0.5,0.499999,0.499997,0.499995,0.499989,0.499978,0.499957,0.499921,0.499859,0.499756,0.499594,0.499347,0.498985,0.498476,0.497791,0.496905,0.495811,0.49452,0.493071,0.491529,0.489988,0.488557,0.487353,0.48648,0.486022,0.486022,0.48648,0.487353,0.488557,0.489988,0.491529,0.493071,0.49452,0.495811,0.496905,0.497791,0.498476,0.498985,0.499347,0.499594,0.499756,0.499859,0.499921,0.499957,0.499978,0.499989,0.499995,0.499997,0.499999,0.5,0.5,0.5,0.5,0.5,0.5,0.5,0.5
0.5,0.5,0.5,0.5,0.5,0.5,0.5,0.5,0.499999,0.499999,0.499997,0.499994,0.499987,0.499975,0.499954,0.499918,0.499859,0.499764,0.49962,0.499409,0.499112,0.49871,0.498191,0.497549,0.496789,0.495936,0.495027,0.494118,0.493273,0.492561,0.492045,0.491774,0.491774,0.492045,0.492561,0.493273,0.494118,0.495027,0.495936,0.496789,0.497549,0.498191,0.49871,0.499112,0.499409,0.49962,0.499764,0.499859,0.499918,0.499954,0.499975,0.499987,0.499994,0.499997,0.499999,0.499999,0.5,0.5,0.5,0.5,0.5,0.5,0.5,0.5
0.5,0.5,0.5,0.5,0.5,0.5,0.5,0.5,0.5,0.499999,0.499998,0.499996,0.499993,0.499986,0.499975,0.499954,0.499921,0.499868,0.499787,0.499668,0.4995,0.499274,0.49898,0.498615,0.498184,0.497699,0.497183,0.496665,0.496183,0.495777,0.495483,0.495328,0.495328,0.495483,0.495777,0.496183,0.496665,0.497183,0.497699,0.498184,0.498615,0.49898,0.499274,0.4995,0.499668,0.499787,0.499868,0.499921,0.499954,0.499975,0.499986,0.499993,0.499996,0.499998,0.499999,0.5,0.5,0.5,0.5,0.5,0.5,0.5,0.5,0.5
0.5,0.5,0.5,0.5,0.5,0.5,0.5,0.5,0.5,0.5,0.499999,0.499998,0.499996,0.499993,0.499986,0.499975,0.499957,0.499929,0.499885,0.49982,0.499729,0.499605,0.499445,0.499245,0.499009,0.498743,0.49846,0.498175,0.49791,0.497687,0.497525,0.49744,0.49744,0.497525,0.497687,0.49791,0.498175,0.49846,0.498743,0.499009,0.499245,0.499445,0.499605,0.499729,0.49982,0.499885,0.499929,0.499957,0.499975,0.499986,0.499993,0.499996,0.499998,0.499999,0.5,0.5,0.5,0.5,0.5,0.5,0.5,0.5,0.5,0.5
0.5,0.5,0.5,0.5,0.5,0.5,0.5,0.5,0.5,0.5,0.5,0.499999,0.499998,0.499996,0.499993,0.499987,0.499978,0.499963,0.49994,0.499906,0.499858,0.499793,0.499708,0.499603,0.499478,0.499338,0.499187,0.499037,0.498896,0.498778,0.498691,0.498646,0.498646,0.498691,0.498778,0.498896,0.499037,0.499187,0.499338,0.499478,0.499603,0.499708,0.499793,0.499858,0.499906,0.49994,0.499963,0.499978,0.499987,0.499993,0.499996,0.499998,0.499999,0.5,0.5,0.5,0.5,0.5,0.5,0.5,0.5,0.5,0.5,0.5
0.5,0.5,0.5,0.5,0.5,0.5,0.5,0.5,0.5,0.5,0.5,0.5,0.499999,0.499998,0.499996,0.499994,0.499989,0.499981,0.49997,0.499952,0.499928,0.499895,0.499852,0.499799,0.499735,0.499663,0.499586,0.499509,0.499438,0.499377,0.499333,0.49931,0.49931,0.499333,0.499377,0.499438,0.499509,0.499586,0.499663,0.499735,0.499799,0.499852,0.499895,0.499928,0.499952,0.49997,0.499981,0.499989,0.499994,0.499996,0.499998,0.499999,0.5,0.5,0.5,0.5,0.5,0.5,0.5,0.5,0.5,0.5,0.5,0.5
0.5,0.5,0.5,0.5,0.5,0.5,0.5,0.5,0.5,0.5,0.5,0.5,0.5,0.499999,0.499998,0.499997,0.499995,0.499991,0.499985,0.499977,0.499965,0.499949,0.499928,0.499901,0.49987,0.499835,0.499797,0.499759,0.499724,0.499694,0.499672,0.49966,0.49966,0.499672,0.499694,0.499724,0.499759,0.499797,0.499835,0.49987,0.499901,0.499928,0.499949,0.499965,0.499977,0.499985,0.499991,0.499995,0.499997,0.499998,0.499999,0.5,0.5,0.5,0.5,0.5,0.5,0.5,0.5,0.5,0.5,0.5,0.5,0.5
0.5,0.5,0.5,0.5,0.5,0.5,0.5,0.5,0.5,0.5,0.5,0.5,0.5,0.5,0.499999,0.499999,0.499997,0.499996,0.499993,0.499989,0.499984,0.499976,0.499966,0.499953,0.499939,0.499922,0.499904,0.499886,0.499869,0.499855,0.499844,0.499839,0.499839,0.499844,0.499855,0.499869,0.499886,0.499904,0.499922,0.499939,0.499953,0.499966,0.499976,0.499984,0.499989,0.499993,0.499996,0.499997,0.499999,0.499999,0.5,0.5,0.5,0.5,0.5,0.5,0.5,0.5,0.5,0.5,0.5,0.5,0.5,0.5
0.5,0.5,0.5,0.5,0.5,0.5,0.5,0.5,0.5,0.5,0.5,0.5,0.5,0.5,0.5,0.499999,0.499999,0.499998,0.499997,0.499995,0.499993,0.499989,0.499984,0.499979,0.499972,0.499964,0.499956,0.499948,0.49994,0.499934,0.499929,0.499926,0.499926,0.499929,0.499934,0.49994,0.499948,0.499956,0.499964,0.499972,0.499979,0.499984,0.499989,0.499993,0.499995,0.499997,0.499998,0.499999,0.499999,0.5,0.5,0.5,0.5,0.5,0.5,0.5,0.5,0.5,0.5,0.5,0.5,0.5,0.5,0.5
0.5,0.5,0.5,0.5,0.5,0.5,0.5,0.5,0.5,0.5,0.5,0.5,0.5,0.5,0.5,0.5,0.5,0.499999,0.499999,0.499998,0.499997,0.499995,0.499993,0.499991,0.499988,0.499984,0.499981,0.499977,0.499974,0.499971,0.499969,0.499968,0.499968,0.499969,0.499971,0.499974,0.499977,0.499981,0.499984,0.499988,0.499991,0.499993,0.499995,0.499997,0.499998,0.499999,0.499999,0.5,0.5,0.5,0.5,0.5,0.5,0.5,0.5,0.5,0.5,0.5,0.5,0.5,0.5,0.5,0.5,0.5
0.5,0.5,0.5,0.5,0.5,0.5,0.5,0.5,0.5,0.5,0.5,0.5,0.5,0.5,0.5,0.5,0.5,0.5,0.499999,0.499999,0.499999,0.499998,0.499997,0.499996,0.499995,0.499993,0.499992,0.49999,0.499989,0.499988,0.499987,0.499986,0.499986,0.499987,0.499988,0.499989,0.49999,0.499992,0.499993,0.499995,0.499996,0.499997,0.499998,0.499999,0.499999,0.499999,0.5,0.5,0.5,0.5,0.5,0.5,0.5,0.5,0.5,0.5,0.5,0.5,0.5,0.5,0.5,0.5,0.5,0.5
0.5,0.5,0.5,0.5,0.5,0.5,0.5,0.5,0.5,0.5,0.5,0.5,0.5,0.5,0.5,0.5,0.5,0.5,0.5,0.5,0.499999,0.499999,0.499999,0.499998,0.499998,0.499997,0.499997,0.499996,0.499995,0.499995,0.499995,0.499994,0.499994,0.499995,0.499995,0.499995,0.499996,0.499997,0.499997,0.499998,0.499998,0.499999,0.499999,0.499999,0.5,0.5,0.5,0.5,0.5,0.5,0.5,0.5,0.5,0.5,0.5,0.5,0.5,0.5,0.5,0.5,0.5,0.5,0.5,0.5
0.5,0.5,0.5,0.5,0.5,0.5,0.5,0.5,0.5,0.5,0.5,0.5,0.5,0.5,0.5,0.5,0.5,0.5,0.5,0.5,0.5,0.5,0.5,0.499999,0.499999,0.499999,0.499999,0.499998,0.499998,0.499998,0.499998,0.499998,0.499998,0.499998,0.499998,0.499998,0.499998,0.499999,0.499999,0.499999,0.499999,0.5,0.5,0.5,0.5,0.5,0.5,0.5,0.5,0.5,0.5,0.5,0.5,0.5,0.5,0.5,0.5,0.5,0.5,0.5,0.5,0.5,0.5,0.5
0.5,0.5,0.5,0.5,0.5,0.5,0.5,0.5,0.5,0.5,0.5,0.5,0.5,0.5,0.5,0.5,0.5,0.5,0.5,0.5,0.5,0.5,0.5,0.5,0.5,0.5,0.499999,0.499999,0.499999,0.499999,0.499999,0.499999,0.499999,0.499999,0.499999,0.499999,0.499999,0.499999,0.5,0.5,0.5,0.5,0.5,0.5,0.5,0.5,0.5,0.5,0.5,0.5,0.5,0.5,0.5,0.5,0.5,0.5,0.5,0.5,0.5,0.5,0.5,0.5,0.5,0.5
0.5,0.5,0.5,0.5,0.5,0.5,0.5,0.5,0.5,0.5,0.5,0.5,0.5,0.5,0.5,0.5,0.5,0.5,0.5,0.5,0.5,0.5,0.5,0.5,0.5,0.5,0.5,0.5,0.5,0.5,0.5,0.5,0.5,0.5,0.5,0.5,0.5,0.5,0.5,0.5,0.5,0.5,0.5,0.5,0.5,0.5,0.5,0.5,0.5,0.5,0.5,0.5,0.5,0.5,0.5,0.5,0.5,0.5,0.5,0.5,0.5,0.5,0.5,0.5
0.5,0.5,0.5,0.5,0.5,0.5,0.5,0.5,0.5,0.5,0.5,0.5,0.5,0.5,0.5,0.5,0.5,0.5,0.5,0.5,0.5,0.5,0.5,0.5,0.5,0.5,0.5,0.5,0.5,0.5,0.5,0.5,0.5,0.5,0.5,0.5,0.5,0.5,0.5,0.5,0.5,0.5,0.5,0.5,0.5,0.5,0.5,0.5,0.5,0.5,0.5,0.5,0.5,0.5,0.5,0.5,0.5,0.5,0.5,0.5,0.5,0.5,0.5,0.5
0.5,0.5,0.5,0.5,0.5,0.5,0.5,0.5,0.5,0.5,0.5,0.5,0.5,0.5,0.5,0.5,0.5,0.5,0.5,0.5,0.5,0.5,0.5,0.5,0.5,0.5,0.5,0.5,0.5,0.5,0.5,0.5,0.5,0.5,0.5,0.5,0.5,0.5,0.5,0.5,0.5,0.5,0.5,0.5,0.5,0.5,0.5,0.5,0.5,0.5,0.5,0.5,0.5,0.5,0.5,0.5,0.5,0.5,0.5,0.5,0.5,0.5,0.5,0.5
