0.5,0.5,0.5,0.5,0.5,0.5,0.5,0.5,0.5,0.5,0.5,0.499999,0.499999,0.499998,0.499996,0.499994,0.499991,0.499986,0.49998,0.499972,0.499962,0.499949,0.499934,0.499918,0.499899,0.49988,0.49986,0.499842,0.499825,0.499812,0.499802,0.499797,0.499797,0.499802,0.499812,0.499825,0.499842,0.49986,0.49988,0.499899,0.499918,0.499934,0.499949,0.499962,0.499972,0.49998,0.499986,0.499991,0.499994,0.499996,0.499998,0.499999,0.499999,0.5,0.5,0.5,0.5,0.5,0.5,0.5,0.5,0.5,0.5,0.5
0.5,0.5,0.5,0.5,0.5,0.5,0.5,0.5,0.5,0.5,0.5,0.499999,0.499999,0.499998,0.499996,0.499994,0.499991,0.499986,0.49998,0.499972,0.499962,0.499949,0.499934,0.499918,0.499899,0.49988,0.49986,0.499842,0.499825,0.499812,0.499802,0.499797,0.499797,0.499802,0.499812,0.499825,0.499842,0.49986,0.49988,0.499899,0.499918,0.499934,0.499949,0.499962,0.499972,0.49998,0.499986,0.499991,0.499994,0.499996,0.499998,0.499999,0.499999,0.5,0.5,0.5,0.5,0.5,0.5,0.5,0.5,0.5,0.5,0.5
0.5,0.5,0.5,0.5,0.5,0.5,0.5,0.5,0.5,0.5,0.499999,0.499999,0.499998,0.499996,0.499994,0.49999,0.499985,0.499978,0.499968,0.499956,0.49994,0.499921,0.499898,0.499872,0.499845,0.499815,0.499786,0.499758,0.499734,0.499713,0.499699,0.499692,0.499692,0.499699,0.499713,0.499734,0.499758,0.499786,0.499815,0.499845,0.499872,0.499898,0.499921,0.49994,0.499956,0.499968,0.499978,0.499985,0.49999,0.499994,0.499996,0.499998,0.499999,0.499999,0.5,0.5,0.5,0.5,0.5,0.5,0.5,0.5,0.5,0.5
0.5,0.5,0.5,0.5,0.5,0.5,0.5,0.5,0.5,0.499999,0.499998,0.499997,0.499995,0.499992,0.499987,0.499981,0.499971,0.499957,0.499939,0.499916,0.499887,0.499852,0.499811,0.499765,0.499715,0.499663,0.499611,0.499562,0.499518,0.499483,0.499458,0.499445,0.499445,0.499458,0.499483,0.499518,0.499562,0.499611,0.499663,0.499715,0.499765,0.499811,0.499852,0.499887,0.499916,0.499939,0.499957,0.499971,0.499981,0.499987,0.499992,0.499995,0.499997,0.499998,0.499999,0.5,0.5,0.5,0.5,0.5,0.5,0.5,0.5,0.5
0.5,0.5,0.5,0.5,0.5,0.5,0.5,0.499999,0.499999,0.499998,0.499997,0.499994,0.49999,0.499984,0.499975,0.499962,0.499943,0.499917,0.499882,0.499838,0.499784,0.499718,0.499642,0.499557,0.499465,0.49937,0.499276,0.499187,0.499108,0.499045,0.499,0.498977,0.498977,0.499,0.499045,0.499108,0.499187,0.499276,0.49937,0.499465,0.499557,0.499642,0.499718,0.499784,0.499838,0.499882,0.499917,0.499943,0.499962,0.499975,0.499984,0.49999,0.499994,0.499997,0.499998,0.499999,0.499999,0.5,0.5,0.5,0.5,0.5,0.5,0.5
0.5,0.5,0.5,0.5,0.5,0.5,0.499999,0.499999,0.499998,0.499996,0.499993,0.499989,0.499981,0.499969,0.499951,0.499926,0.49989,0.499841,0.499777,0.499695,0.499595,0.499475,0.499338,0.499184,0.49902,0.49885,0.498683,0.498526,0.498388,0.498276,0.498198,0.498157,0.498157,0.498198,0.498276,0.498388,0.498526,0.498683,0.49885,0.49902,0.499184,0.499338,0.499475,0.499595,0.499695,0.499777,0.499841,0.49989,0.499926,0.499951,0.499969,0.499981,0.499989,0.499993,0.499996,0.499998,0.499999,0.499999,0.5,0.5,0.5,0.5,0.5,0.5
0.5,0.5,0.5,0.5,0.5,0.499999,0.499999,0.499998,0.499996,0.499993,0.499987,0.499978,0.499963,0.499941,0.499908,0.499861,0.499795,0.499706,0.499591,0.499445,0.499266,0.499055,0.498814,0.498547,0.498263,0.497971,0.497685,0.497417,0.497182,0.496993,0.49686,0.496791,0.496791,0.49686,0.496993,0.497182,0.497417,0.497685,0.497971,0.498263,0.498547,0.498814,0.499055,0.499266,0.499445,0.499591,0.499706,0.499795,0.499861,0.499908,0.499941,0.499963,0.499978,0.499987,0.499993,0.499996,0.499998,0.499999,0.499999,0.5,0.5,0.5,0.5,0.5
0.5,0.5,0.5,0.5,0.499999,0.499999,0.499998,0.499996,0.499992,0.499986,0.499976,0.499959,0.499932,0.499892,0.499832,0.499748,0.499631,0.499475,0.499274,0.499022,0.498716,0.498357,0.497949,0.497502,0.497028,0.496544,0.496071,0.495632,0.495248,0.494939,0.494723,0.494611,0.494611,0.494723,0.494939,0.495248,0.495632,0.496071,0.496544,0.497028,0.497502,0.497949,0.498357,0.498716,0.499022,0.499274,0.499475,0.499631,0.499748,0.499832,0.499892,0.499932,0.499959,0.499976,0.499986,0.499992,0.499996,0.499998,0.499999,0.499999,0.5,0.5,0.5,0.5
0.5,0.5,0.5,0.5,0.499999,0.499998,0.499996,0.499992,0.499986,0.499974,0.499956,0.499925,0.499878,0.499807,0.499704,0.499558,0.499358,0.499094,0.498755,0.498335,0.497829,0.49724,0.496576,0.495852,0.495091,0.494319,0.493569,0.492875,0.492271,0.491786,0.491448,0.491274,0.491274,0.491448,0.491786,0.492271,0.492875,0.493569,0.494319,0.495091,0.495852,0.496576,0.49724,0.497829,0.498335,0.498755,0.499094,0.499358,0.499558,0.499704,0.499807,0.499878,0.499925,0.499956,0.499974,0.499986,0.499992,0.499996,0.499998,0.499999,0.5,0.5,0.5,0.5
0.5,0.5,0.5,0.499999,0.499998,0.499996,0.499993,0.499986,0.499974,0.499955,0.499922,0.499869,0.499789,0.499668,0.499494,0.49925,0.498919,0.498486,0.497936,0.49726,0.496453,0.49552,0.494478,0.493351,0.492173,0.490987,0.489842,0.488787,0.487873,0.487143,0.486634,0.486373,0.486373,0.486634,0.487143,0.487873,0.488787,0.489842,0.490987,0.492173,0.493351,0.494478,0.49552,0.496453,0.49726,0.497936,0.498486,0.498919,0.49925,0.499494,0.499668,0.499789,0.499869,0.499922,0.499955,0.499974,0.499986,0.499993,0.499996,0.499998,0.499999,0.5,0.5,0.5
0.5,0.5,0.499999,0.499998,0.499997,0.499993,0.499987,0.499976,0.499956,0.499922,0.499866,0.499779,0.499644,0.499446,0.499162,0.498768,0.49824,0.497554,0.496691,0.495639,0.494396,0.492972,0.491395,0.489702,0.487947,0.486194,0.48451,0.482969,0.481638,0.480581,0.479846,0.47947,0.47947,0.479846,0.480581,0.481638,0.482969,0.48451,0.486194,0.487947,0.489702,0.491395,0.492972,0.494396,0.495639,0.496691,0.497554,0.49824,0.498768,0.499162,0.499446,0.499644,0.499779,0.499866,0.499922,0.499956,0.499976,0.499987,0.499993,0.499997,0.499998,0.499999,0.5,0.5
0.499999,0.499999,0.499999,0.499997,0.499994,0.499989,0.499978,0.499959,0.499925,0.499869,0.499779,0.499636,0.499421,0.499104,0.498656,0.498041,0.497224,0.496174,0.494865,0.493284,0.491435,0.489338,0.487034,0.484585,0.482066,0.479568,0.477187,0.475021,0.473161,0.471689,0.470669,0.470147,0.470147,0.470669,0.471689,0.473161,0.475021,0.477187,0.479568,0.482066,0.484585,0.487034,0.489338,0.491435,0.493284,0.494865,0.496174,0.497224,0.498041,0.498656,0.499104,0.499421,0.499636,0.499779,0.499869,0.499925,0.499959,0.499978,0.499989,0.499994,0.499997,0.499999,0.499999,0.499999
0.499999,0.499999,0.499998,0.499995,0.49999,0.499981,0.499963,0.499932,0.499878,0.499789,0.499644,0.499421,0.499084,0.498597,0.497912,0.496982,0.495759,0.494202,0.492281,0.489986,0.487329,0.484346,0.481101,0.477683,0.4742,0.470775,0.467534,0.464606,0.462107,0.460137,0.458778,0.458084,0.458084,0.458778,0.460137,0.462107,0.464606,0.467534,0.470775,0.4742,0.477683,0.481101,0.484346,0.487329,0.489986,0.492281,0.494202,0.495759,0.496982,0.497912,0.498597,0.499084,0.499421,0.499644,0.499789,0.499878,0.499932,0.499963,0.499981,0.49999,0.499995,0.499998,0.499999,0.499999
0.499998,0.499998,0.499996,0.499992,0.499984,0.499969,0.499941,0.499892,0.499807,0.499668,0.499446,0.499104,0.498597,0.497867,0.496853,0.495489,0.493716,0.491482,0.488756,0.485534,0.481843,0.477744,0.473332,0.468732,0.464091,0.459567,0.455325,0.45152,0.448292,0.445762,0.444023,0.443137,0.443137,0.444023,0.445762,0.448292,0.45152,0.455325,0.459567,0.464091,0.468732,0.473332,0.477744,0.481843,0.485534,0.488756,0.491482,0.493716,0.495489,0.496853,0.497867,0.498597,0.499104,0.499446,0.499668,0.499807,0.499892,0.499941,0.499969,0.499984,0.499992,0.499996,0.499998,0.499998
0.499996,0.499996,0.499994,0.499987,0.499975,0.499951,0.499908,0.499832,0.499704,0.499493,0.499162,0.498656,0.497912,0.496853,0.495396,0.493459,0.490966,0.48786,0.484114,0.479736,0.474778,0.469335,0.463543,0.457571,0.451609,0.445858,0.440513,0.43576,0.431757,0.428638,0.426503,0.425418,0.425418,0.426503,0.428638,0.431757,0.43576,0.440513,0.445858,0.451609,0.457571,0.463543,0.469335,0.474778,0.479736,0.484114,0.48786,0.490966,0.493459,0.495396,0.496853,0.497912,0.498656,0.499162,0.499493,0.499704,0.499832,0.499908,0.499951,0.499975,0.499987,0.499994,0.499996,0.499996
0.499994,0.499994,0.49999,0.499981,0.499962,0.499926,0.499861,0.499748,0.499558,0.49925,0.498768,0.498041,0.496982,0.495489,0.493459,0.490788,0.487388,0.483203,0.478213,0.472452,0.466007,0.459018,0.451673,0.44419,0.436808,0.429765,0.42329,0.417585,0.41282,0.409132,0.406619,0.405346,0.405346,0.406619,0.409132,0.41282,0.417585,0.42329,0.429765,0.436808,0.44419,0.451673,0.459018,0.466007,0.472452,0.478213,0.483203,0.487388,0.490788,0.493459,0.495489,0.496982,0.498041,0.498768,0.49925,0.499558,0.499748,0.499861,0.499926,0.499962,0.499981,0.49999,0.499994,0.499994
0.499991,0.499991,0.499985,0.499971,0.499943,0.49989,0.499795,0.499631,0.499358,0.498919,0.49824,0.497224,0.495759,0.493716,0.490966,0.487388,0.482889,0.477414,0.470969,0.463621,0.455507,0.446825,0.437821,0.428769,0.419954,0.411651,0.404107,0.397531,0.392091,0.387912,0.385082,0.383654,0.383654,0.385082,0.387912,0.392091,0.397531,0.404107,0.411651,0.419954,0.428769,0.437821,0.446825,0.455507,0.463621,0.470969,0.477414,0.482889,0.487388,0.490966,0.493716,0.495759,0.497224,0.49824,0.498919,0.499358,0.499631,0.499795,0.49989,0.499943,0.499971,0.499985,0.499991,0.499991
0.499986,0.499986,0.499978,0.499957,0.499917,0.499841,0.499706,0.499475,0.499094,0.498486,0.497554,0.496174,0.494202,0.491482,0.48786,0.483203,0.477414,0.470459,0.462375,0.453284,0.443383,0.432938,0.422262,0.411685,0.401535,0.39211,0.38366,0.376388,0.370439,0.365911,0.362865,0.361335,0.361335,0.362865,0.365911,0.370439,0.376388,0.38366,0.39211,0.401535,0.411685,0.422262,0.432938,0.443383,0.453284,0.462375,0.470459,0.477414,0.483203,0.48786,0.491482,0.494202,0.496174,0.497554,0.498486,0.499094,0.499475,0.499706,0.499841,0.499917,0.499957,0.499978,0.499986,0.499986
0.49998,0.49998,0.499968,0.499939,0.499882,0.499777,0.499591,0.499274,0.498755,0.497936,0.496691,0.494865,0.492281,0.488756,0.484114,0.478213,0.470969,0.462375,0.452523,0.441597,0.429873,0.417695,0.405442,0.393499,0.382225,0.371924,0.362836,0.355129,0.348908,0.344226,0.341104,0.339544,0.339544,0.341104,0.344226,0.348908,0.355129,0.362836,0.371924,0.382225,0.393499,0.405442,0.417695,0.429873,0.441597,0.452523,0.462375,0.470969,0.478213,0.484114,0.488756,0.492281,0.494865,0.496691,0.497936,0.498755,0.499274,0.499591,0.499777,0.499882,0.499939,0.499968,0.49998,0.49998
0.499972,0.499972,0.499956,0.499916,0.499838,0.499695,0.499445,0.499022,0.498335,0.49726,0.495639,0.493284,0.489986,0.485534,0.479736,0.472452,0.463621,0.453284,0.441597,0.428829,0.415343,0.401564,0.38794,0.3749,0.362818,0.351985,0.342606,0.334794,0.328591,0.323989,0.320954,0.319448,0.319448,0.320954,0.323989,0.328591,0.334794,0.342606,0.351985,0.362818,0.3749,0.38794,0.401564,0.415343,0.428829,0.441597,0.453284,0.463621,0.472452,0.479736,0.485534,0.489986,0.493284,0.495639,0.49726,0.498335,0.499022,0.499445,0.499695,0.499838,0.499916,0.499956,0.499972,0.499972
0.499962,0.499962,0.49994,0.499887,0.499784,0.499595,0.499266,0.498716,0.497829,0.496453,0.494396,0.491435,0.487329,0.481843,0.474778,0.466007,0.455507,0.443383,0.429873,0.415343,0.400249,0.385103,0.370411,0.356633,0.344138,0.333183,0.323911,0.31636,0.31049,0.306217,0.303439,0.302074,0.302074,0.303439,0.306217,0.31049,0.31636,0.323911,0.333183,0.344138,0.356633,0.370411,0.385103,0.400249,0.415343,0.429873,0.443383,0.455507,0.466007,0.474778,0.481843,0.487329,0.491435,0.494396,0.496453,0.497829,0.498716,0.499266,0.499595,0.499784,0.499887,0.49994,0.499962,0.499962
0.499949,0.499949,0.499921,0.499852,0.499718,0.499475,0.499055,0.498357,0.49724,0.49552,0.492972,0.489338,0.484346,0.477744,0.469335,0.459018,0.446825,0.432938,0.417695,0.401564,0.385103,0.368901,0.353514,0.339414,0.326942,0.316298,0.307542,0.300616,0.295384,0.291674,0.289314,0.288171,0.288171,0.289314,0.291674,0.295384,0.300616,0.307542,0.316298,0.326942,0.339414,0.353514,0.368901,0.385103,0.401564,0.417695,0.432938,0.446825,0.459018,0.469335,0.477744,0.484346,0.489338,0.492972,0.49552,0.49724,0.498357,0.499055,0.499475,0.499718,0.499852,0.499921,0.499949,0.499949
0.499934,0.499934,0.499898,0.499811,0.499642,0.499338,0.498814,0.497949,0.496576,0.494478,0.491395,0.487034,0.481101,0.473332,0.463543,0.451673,0.437821,0.422262,0.405442,0.38794,0.370411,0.353514,0.337839,0.323846,0.31183,0.30191,0.294044,0.288066,0.283735,0.280786,0.278975,0.278119,0.278119,0.278975,0.280786,0.283735,0.288066,0.294044,0.30191,0.31183,0.323846,0.337839,0.353514,0.370411,0.38794,0.405442,0.422262,0.437821,0.451673,0.463543,0.473332,0.481101,0.487034,0.491395,0.494478,0.496576,0.497949,0.498814,0.499338,0.499642,0.499811,0.499898,0.499934,0.499934
0.499918,0.499918,0.499872,0.499765,0.499557,0.499184,0.498547,0.497502,0.495852,0.493351,0.489702,0.484585,0.477683,0.468732,0.457571,0.44419,0.428769,0.411685,0.393499,0.3749,0.356633,0.339414,0.323846,0.310361,0.299185,0.290339,0.283666,0.278885,0.275648,0.2736,0.272428,0.271902,0.271902,0.272428,0.2736,0.275648,0.278885,0.283666,0.290339,0.299185,0.310361,0.323846,0.339414,0.356633,0.3749,0.393499,0.411685,0.428769,0.44419,0.457571,0.468732,0.477683,0.484585,0.489702,0.493351,0.495852,0.497502,0.498547,0.499184,0.499557,0.499765,0.499872,0.499918,0.499918
0.499899,0.499899,0.499845,0.499715,0.499465,0.49902,0.498263,0.497028,0.495091,0.492173,0.487947,0.482066,0.4742,0.464091,0.451609,0.436808,0.419954,0.401535,0.382225,0.362818,0.344138,0.326942,0.31183,0.299185,0.289148,0.281629,0.276354,0.272925,0.270891,0.269815,0.269323,0.269147,0.269147,0.269323,0.269815,0.270891,0.272925,0.276354,0.281629,0.289148,0.299185,0.31183,0.326942,0.344138,0.362818,0.382225,0.401535,0.419954,0.436808,0.451609,0.464091,0.4742,0.482066,0.487947,0.492173,0.495091,0.497028,0.498263,0.49902,0.499465,0.499715,0.499845,0.499899,0.499899
0.49988,0.49988,0.499815,0.499663,0.49937,0.49885,0.497971,0.496544,0.494319,0.490987,0.486194,0.479568,0.470775,0.459567,0.445858,0.429765,0.411651,0.39211,0.371924,0.351985,0.333183,0.316298,0.30191,0.290339,0.281629,0.275578,0.271794,0.269768,0.268958,0.268856,0.269038,0.269206,0.269206,0.269038,0.268856,0.268958,0.269768,0.271794,0.275578,0.281629,0.290339,0.30191,0.316298,0.333183,0.351985,0.371924,0.39211,0.411651,0.429765,0.445858,0.459567,0.470775,0.479568,0.486194,0.490987,0.494319,0.496544,0.497971,0.49885,0.49937,0.499663,0.499815,0.49988,0.49988
0.49986,0.49986,0.499786,0.499611,0.499276,0.498683,0.497685,0.496071,0.493569,0.489842,0.48451,0.477187,0.467534,0.455325,0.440513,0.42329,0.404107,0.38366,0.362836,0.342606,0.323911,0.307542,0.294044,0.283666,0.276354,0.271794,0.269482,0.268814,0.269169,0.26998,0.27079,0.271276,0.271276,0.27079,0.26998,0.269169,0.268814,0.269482,0.271794,0.276354,0.283666,0.294044,0.307542,0.323911,0.342606,0.362836,0.38366,0.404107,0.42329,0.440513,0.455325,0.467534,0.477187,0.48451,0.489842,0.493569,0.496071,0.497685,0.498683,0.499276,0.499611,0.499786,0.49986,0.49986
0.499842,0.499842,0.499758,0.499562,0.499187,0.498526,0.497417,0.495632,0.492875,0.488787,0.482969,0.475021,0.464606,0.45152,0.43576,0.417585,0.397531,0.376388,0.355129,0.334794,0.31636,0.300616,0.288066,0.278885,0.272925,0.269768,0.268814,0.269376,0.27077,0.272388,0.273745,0.274508,0.274508,0.273745,0.272388,0.27077,0.269376,0.268814,0.269768,0.272925,0.278885,0.288066,0.300616,0.31636,0.334794,0.355129,0.376388,0.397531,0.417585,0.43576,0.45152,0.464606,0.475021,0.482969,0.488787,0.492875,0.495632,0.497417,0.498526,0.499187,0.499562,0.499758,0.499842,0.499842
0.499825,0.499825,0.499734,0.499518,0.499108,0.498388,0.497182,0.495248,0.492271,0.487873,0.481638,0.473161,0.462107,0.448292,0.431757,0.41282,0.392091,0.370439,0.348908,0.328591,0.31049,0.295384,0.283735,0.275648,0.270891,0.268958,0.269169,0.27077,0.273032,0.275315,0.277121,0.27811,0.27811,0.277121,0.275315,0.273032,0.27077,0.269169,0.268958,0.270891,0.275648,0.283735,0.295384,0.31049,0.328591,0.348908,0.370439,0.392091,0.41282,0.431757,0.448292,0.462107,0.473161,0.481638,0.487873,0.492271,0.495248,0.497182,0.498388,0.499108,0.499518,0.499734,0.499825,0.499825
0.499812,0.499812,0.499713,0.499483,0.499045,0.498276,0.496993,0.494939,0.491786,0.487143,0.480581,0.471689,0.460137,0.445762,0.428638,0.409132,0.387912,0.365911,0.344226,0.323989,0.306217,0.291674,0.280786,0.2736,0.269815,0.268856,0.26998,0.272388,0.275315,0.278106,0.280251,0.281409,0.281409,0.280251,0.278106,0.275315,0.272388,0.26998,0.268856,0.269815,0.2736,0.280786,0.291674,0.306217,0.323989,0.344226,0.365911,0.387912,0.409132,0.428638,0.445762,0.460137,0.471689,0.480581,0.487143,0.491786,0.494939,0.496993,0.498276,0.499045,0.499483,0.499713,0.499812,0.499812
0.499802,0.499802,0.499699,0.499458,0.499,0.498198,0.49686,0.494723,0.491448,0.486634,0.479846,0.470669,0.458778,0.444023,0.426503,0.406619,0.385082,0.362865,0.341104,0.320954,0.303439,0.289314,0.278975,0.272428,0.269323,0.269038,0.27079,0.273745,0.277121,0.280251,0.282621,0.283892,0.283892,0.282621,0.280251,0.277121,0.273745,0.27079,0.269038,0.269323,0.272428,0.278975,0.289314,0.303439,0.320954,0.341104,0.362865,0.385082,0.406619,0.426503,0.444023,0.458778,0.470669,0.479846,0.486634,0.491448,0.494723,0.49686,0.498198,0.499,0.499458,0.499699,0.499802,0.499802
0.499797,0.499797,0.499692,0.499445,0.498977,0.498157,0.496791,0.494611,0.491274,0.486373,0.47947,0.470147,0.458084,0.443137,0.425418,0.405346,0.383654,0.361335,0.339544,0.319448,0.302074,0.288171,0.278119,0.271902,0.269147,0.269206,0.271276,0.274508,0.27811,0.281409,0.283892,0.285218,0.285218,0.283892,0.281409,0.27811,0.274508,0.271276,0.269206,0.269147,0.271902,0.278119,0.288171,0.302074,0.319448,0.339544,0.361335,0.383654,0.405346,0.425418,0.443137,0.458084,0.470147,0.47947,0.486373,0.491274,0.494611,0.496791,0.498157,0.498977,0.499445,0.499692,0.499797,0.499797
0.499797,0.499797,0.499692,0.499445,0.498977,0.498157,0.496791,0.494611,0.491274,0.486373,0.47947,0.470147,0.458084,0.443137,0.425418,0.405346,0.383654,0.361335,0.339544,0.319448,0.302074,0.288171,0.278119,0.271902,0.269147,0.269206,0.271276,0.274508,0.27811,0.281409,0.283892,0.285218,0.285218,0.283892,0.281409,0.27811,0.274508,0.271276,0.269206,0.269147,0.271902,0.278119,0.288171,0.302074,0.319448,0.339544,0.361335,0.383654,0.405346,0.425418,0.443137,0.458084,0.470147,0.47947,0.486373,0.491274,0.494611,0.496791,0.498157,0.498977,0.499445,0.499692,0.499797,0.499797
0.499802,0.499802,0.499699,0.499458,0.499,0.498198,0.49686,0.494723,0.491448,0.486634,0.479846,0.470669,0.458778,0.444023,0.426503,0.406619,0.385082,0.362865,0.341104,0.320954,0.303439,0.289314,0.278975,0.272428,0.269323,0.269038,0.27079,0.273745,0.277121,0.280251,0.282621,0.283892,0.283892,0.282621,0.280251,0.277121,0.273745,0.27079,0.269038,0.269323,0.272428,0.278975,0.289314,0.303439,0.320954,0.341104,0.362865,0.385082,0.406619,0.426503,0.444023,0.458778,0.470669,0.479846,0.486634,0.491448,0.494723,0.49686,0.498198,0.499,0.499458,0.499699,0.499802,0.499802
0.499812,0.499812,0.499713,0.499483,0.499045,0.498276,0.496993,0.494939,0.491786,0.487143,0.480581,0.471689,0.460137,0.445762,0.428638,0.409132,0.387912,0.365911,0.344226,0.323989,0.306217,0.291674,0.280786,0.2736,0.269815,0.268856,0.26998,0.272388,0.275315,0.278106,0.280251,0.281409,0.281409,0.280251,0.278106,0.275315,0.272388,0.26998,0.268856,0.269815,0.2736,0.280786,0.291674,0.306217,0.323989,0.344226,0.365911,0.387912,0.409132,0.428638,0.445762,0.460137,0.471689,0.480581,0.487143,0.491786,0.494939,0.496993,0.498276,0.499045,0.499483,0.499713,0.499812,0.499812
0.499825,0.499825,0.499734,0.499518,0.499108,0.498388,0.497182,0.495248,0.492271,0.487873,0.481638,0.473161,0.462107,0.448292,0.431757,0.41282,0.392091,0.370439,0.348908,0.328591,0.31049,0.295384,0.283735,0.275648,0.270891,0.268958,0.269169,0.27077,0.273032,0.275315,0.277121,0.27811,0.27811,0.277121,0.275315,0.273032,0.27077,0.269169,0.268958,0.270891,0.275648,0.283735,0.295384,0.31049,0.328591,0.348908,0.370439,0.392091,0.41282,0.431757,0.448292,0.462107,0.473161,0.481638,0.487873,0.492271,0.495248,0.497182,0.498388,0.499108,0.499518,0.499734,0.499825,0.499825
0.499842,0.499842,0.499758,0.499562,0.499187,0.498526,0.497417,0.495632,0.492875,0.488787,0.482969,0.475021,0.464606,0.45152,0.43576,0.417585,0.397531,0.376388,0.355129,0.334794,0.31636,0.300616,0.288066,0.278885,0.272925,0.269768,0.268814,0.269376,0.27077,0.272388,0.273745,0.274508,0.274508,0.273745,0.272388,0.27077,0.269376,0.268814,0.269768,0.272925,0.278885,0.288066,0.300616,0.31636,0.334794,0.355129,0.376388,0.397531,0.417585,0.43576,0.45152,0.464606,0.475021,0.482969,0.488787,0.492875,0.495632,0.497417,0.498526,0.499187,0.499562,0.499758,0.499842,0.499842
0.49986,0.49986,0.499786,0.499611,0.499276,0.498683,0.497685,0.496071,0.493569,0.489842,0.48451,0.477187,0.467534,0.455325,0.440513,0.42329,0.404107,0.38366,0.362836,0.342606,0.323911,0.307542,0.294044,0.283666,0.276354,0.271794,0.269482,0.268814,0.269169,0.26998,0.27079,0.271276,0.271276,0.27079,0.26998,0.269169,0.268814,0.269482,0.271794,0.276354,0.283666,0.294044,0.307542,0.323911,0.342606,0.362836,0.38366,0.404107,0.42329,0.440513,0.455325,0.467534,0.477187,0.48451,0.489842,0.493569,0.496071,0.497685,0.498683,0.499276,0.499611,0.499786,0.49986,0.49986
0.49988,0.49988,0.499815,0.499663,0.49937,0.49885,0.497971,0.496544,0.494319,0.490987,0.486194,0.479568,0.470775,0.459567,0.445858,0.429765,0.411651,0.39211,0.371924,0.351985,0.333183,0.316298,0.30191,0.290339,0.281629,0.275578,0.271794,0.269768,0.268958,0.268856,0.269038,0.269206,0.269206,0.269038,0.268856,0.268958,0.269768,0.271794,0.275578,0.281629,0.290339,0.30191,0.316298,0.333183,0.351985,0.371924,0.39211,0.411651,0.429765,0.445858,0.459567,0.470775,0.479568,0.486194,0.490987,0.494319,0.496544,0.497971,0.49885,0.49937,0.499663,0.499815,0.49988,0.49988
0.499899,0.499899,0.499845,0.499715,0.499465,0.49902,0.498263,0.497028,0.495091,0.492173,0.487947,0.482066,0.4742,0.464091,0.451609,0.436808,0.419954,0.401535,0.382225,0.362818,0.344138,0.326942,0.31183,0.299185,0.289148,0.281629,0.276354,0.272925,0.270891,0.269815,0.269323,0.269147,0.269147,0.269323,0.269815,0.270891,0.272925,0.276354,0.281629,0.289148,0.299185,0.31183,0.326942,0.344138,0.362818,0.382225,0.401535,0.419954,0.436808,0.451609,0.464091,0.4742,0.482066,0.487947,0.492173,0.495091,0.497028,0.498263,0.49902,0.499465,0.499715,0.499845,0.499899,0.499899
0.499918,0.499918,0.499872,0.499765,0.499557,0.499184,0.498547,0.497502,0.495852,0.493351,0.489702,0.484585,0.477683,0.468732,0.457571,0.44419,0.428769,0.411685,0.393499,0.3749,0.356633,0.339414,0.323846,0.310361,0.299185,0.290339,0.283666,0.278885,0.275648,0.2736,0.272428,0.271902,0.271902,0.272428,0.2736,0.275648,0.278885,0.283666,0.290339,0.299185,0.310361,0.323846,0.339414,0.356633,0.3749,0.393499,0.411685,0.428769,0.44419,0.457571,0.468732,0.477683,0.484585,0.489702,0.493351,0.495852,0.497502,0.498547,0.499184,0.499557,0.499765,0.499872,0.499918,0.499918
0.499934,0.499934,0.499898,0.499811,0.499642,0.499338,0.498814,0.497949,0.496576,0.494478,0.491395,0.487034,0.481101,0.473332,0.463543,0.451673,0.437821,0.422262,0.405442,0.38794,0.370411,0.353514,0.337839,0.323846,0.31183,0.30191,0.294044,0.288066,0.283735,0.280786,0.278975,0.278119,0.278119,0.278975,0.280786,0.283735,0.288066,0.294044,0.30191,0.31183,0.323846,0.337839,0.353514,0.370411,0.38794,0.405442,0.422262,0.437821,0.451673,0.463543,0.473332,0.481101,0.487034,0.491395,0.494478,0.496576,0.497949,0.498814,0.499338,0.499642,0.499811,0.499898,0.499934,0.499934
0.499949,0.499949,0.499921,0.499852,0.499718,0.499475,0.499055,0.498357,0.49724,0.49552,0.492972,0.489338,0.484346,0.477744,0.469335,0.459018,0.446825,0.432938,0.417695,0.401564,0.385103,0.368901,0.353514,0.339414,0.326942,0.316298,0.307542,0.300616,0.295384,0.291674,0.289314,0.288171,0.288171,0.289314,0.291674,0.295384,0.300616,0.307542,0.316298,0.326942,0.339414,0.353514,0.368901,0.385103,0.401564,0.417695,0.432938,0.446825,0.459018,0.469335,0.477744,0.484346,0.489338,0.492972,0.49552,0.49724,0.498357,0.499055,0.499475,0.499718,0.499852,0.499921,0.499949,0.499949
0.499962,0.499962,0.49994,0.499887,0.499784,0.499595,0.499266,0.498716,0.497829,0.496453,0.494396,0.491435,0.487329,0.481843,0.474778,0.466007,0.455507,0.443383,0.429873,0.415343,0.400249,0.385103,0.370411,0.356633,0.344138,0.333183,0.323911,0.31636,0.31049,0.306217,0.303439,0.302074,0.302074,0.303439,0.306217,0.31049,0.31636,0.323911,0.333183,0.344138,0.356633,0.370411,0.385103,0.400249,0.415343,0.429873,0.443383,0.455507,0.466007,0.474778,0.481843,0.487329,0.491435,0.494396,0.496453,0.497829,0.498716,0.499266,0.499595,0.499784,0.499887,0.49994,0.499962,0.499962
0.499972,0.499972,0.499956,0.499916,0.499838,0.499695,0.499445,0.499022,0.498335,0.49726,0.495639,0.493284,0.489986,0.485534,0.479736,0.472452,0.463621,0.453284,0.441597,0.428829,0.415343,0.401564,0.38794,0.3749,0.362818,0.351985,0.342606,0.334794,0.328591,0.323989,0.320954,0.319448,0.319448,0.320954,0.323989,0.328591,0.334794,0.342606,0.351985,0.362818,0.3749,0.38794,0.401564,0.415343,0.428829,0.441597,0.453284,0.463621,0.472452,0.479736,0.485534,0.489986,0.493284,0.495639,0.49726,0.498335,0.499022,0.499445,0.499695,0.499838,0.499916,0.499956,0.499972,0.499972
0.49998,0.49998,0.499968,0.499939,0.499882,0.499777,0.499591,0.499274,0.498755,0.497936,0.496691,0.494865,0.492281,0.488756,0.484114,0.478213,0.470969,0.462375,0.452523,0.441597,0.429873,0.417695,0.405442,0.393499,0.382225,0.371924,0.362836,0.355129,0.348908,0.344226,0.341104,0.339544,0.339544,0.341104,0.344226,0.348908,0.355129,0.362836,0.371924,0.382225,0.393499,0.405442,0.417695,0.429873,0.441597,0.452523,0.462375,0.470969,0.478213,0.484114,0.488756,0.492281,0.494865,0.496691,0.497936,0.498755,0.499274,0.499591,0.499777,0.499882,0.499939,0.499968,0.49998,0.49998
0.499986,0.499986,0.499978,0.499957,0.499917,0.499841,0.499706,0.499475,0.499094,0.498486,0.497554,0.496174,0.494202,0.491482,0.48786,0.483203,0.477414,0.470459,0.462375,0.453284,0.443383,0.432938,0.422262,0.411685,0.401535,0.39211,0.38366,0.376388,0.370439,0.365911,0.362865,0.361335,0.361335,0.362865,0.365911,0.370439,0.376388,0.38366,0.39211,0.401535,0.411685,0.422262,0.432938,0.443383,0.453284,0.462375,0.470459,0.477414,0.483203,0.48786,0.491482,0.494202,0.496174,0.497554,0.498486,0.499094,0.499475,0.499706,0.499841,0.499917,0.499957,0.499978,0.499986,0.499986
0.499991,0.499991,0.499985,0.499971,0.499943,0.49989,0.499795,0.499631,0.499358,0.498919,0.49824,0.497224,0.495759,0.493716,0.490966,0.487388,0.482889,0.477414,0.470969,0.463621,0.455507,0.446825,0.437821,0.428769,0.419954,0.411651,0.404107,0.397531,0.392091,0.387912,0.385082,0.383654,0.383654,0.385082,0.387912,0.392091,0.397531,0.404107,0.411651,0.419954,0.428769,0.437821,0.446825,0.455507,0.463621,0.470969,0.477414,0.482889,0.487388,0.490966,0.493716,0.495759,0.497224,0.49824,0.498919,0.499358,0.499631,0.499795,0.49989,0.499943,0.499971,0.499985,0.499991,0.499991
0.499994,0.499994,0.49999,0.499981,0.499962,0.499926,0.499861,0.499748,0.499558,0.49925,0.498768,0.498041,0.496982,0.495489,0.493459,0.490788,0.487388,0.483203,0.478213,0.472452,0.466007,0.459018,0.451673,0.44419,0.436808,0.429765,0.42329,0.417585,0.41282,0.409132,0.406619,0.405346,0.405346,0.406619,0.409132,0.41282,0.417585,0.42329,0.429765,0.436808,0.44419,0.451673,0.459018,0.466007,0.472452,0.478213,0.483203,0.487388,0.490788,0.493459,0.495489,0.496982,0.498041,0.498768,0.49925,0.499558,0.499748,0.499861,0.499926,0.499962,0.499981,0.49999,0.499994,0.499994
0.499996,0.499996,0.499994,0.499987,0.499975,0.499951,0.499908,0.499832,0.499704,0.499493,0.499162,0.498656,0.497912,0.496853,0.495396,0.493459,0.490966,0.48786,0.484114,0.479736,0.474778,0.469335,0.463543,0.457571,0.451609,0.445858,0.440513,0.43576,0.431757,0.428638,0.426503,0.425418,0.425418,0.426503,0.428638,0.431757,0.43576,0.440513,0.445858,0.451609,0.457571,0.463543,0.469335,0.474778,0.479736,0.484114,0.48786,0.490966,0.493459,0.495396,0.496853,0.497912,0.498656,0.499162,0.499493,0.499704,0.499832,0.499908,0.499951,0.499975,0.499987,0.499994,0.499996,0.499996
0.499998,0.499998,0.499996,0.499992,0.499984,0.499969,0.499941,0.499892,0.499807,0.499668,0.499446,0.499104,0.498597,0.497867,0.496853,0.495489,0.493716,0.491482,0.488756,0.485534,0.481843,0.477744,0.473332,0.468732,0.464091,0.459567,0.455325,0.45152,0.448292,0.445762,0.444023,0.443137,0.443137,0.444023,0.445762,0.448292,0.45152,0.455325,0.459567,0.464091,0.468732,0.473332,0.477744,0.481843,0.485534,0.488756,0.491482,0.493716,0.495489,0.496853,0.497867,0.498597,0.499104,0.499446,0.499668,0.499807,0.499892,0.499941,0.499969,0.499984,0.499992,0.499996,0.499998,0.499998
0.499999,0.499999,0.499998,0.499995,0.49999,0.499981,0.499963,0.499932,0.499878,0.499789,0.499644,0.499421,0.499084,0.498597,0.497912,0.496982,0.495759,0.494202,0.492281,0.489986,0.487329,0.484346,0.481101,0.477683,0.4742,0.470775,0.467534,0.464606,0.462107,0.460137,0.458778,0.458084,0.458084,0.458778,0.460137,0.462107,0.464606,0.467534,0.470775,0.4742,0.477683,0.481101,0.484346,0.487329,0.489986,0.492281,0.494202,0.495759,0.496982,0.497912,0.498597,0.499084,0.499421,0.499644,0.499789,0.499878,0.499932,0.499963,0.499981,0.49999,0.499995,0.499998,0.499999,0.499999
0.499999,0.499999,0.499999,0.499997,0.499994,0.499989,0.499978,0.499959,0.499925,0.499869,0.499779,0.499636,0.499421,0.499104,0.498656,0.498041,0.497224,0.496174,0.494865,0.493284,0.491435,0.489338,0.487034,0.484585,0.482066,0.479568,0.477187,0.475021,0.473161,0.471689,0.470669,0.470147,0.470147,0.470669,0.471689,0.473161,0.475021,0.477187,0.479568,0.482066,0.484585,0.487034,0.489338,0.491435,0.493284,0.494865,0.496174,0.497224,0.498041,0.498656,0.499104,0.499421,0.499636,0.499779,0.499869,0.499925,0.499959,0.499978,0.499989,0.499994,0.499997,0.499999,0.499999,0.499999
0.5,0.5,0.499999,0.499998,0.499997,0.499993,0.499987,0.499976,0.499956,0.499922,0.499866,0.499779,0.499644,0.499446,0.499162,0.498768,0.49824,0.497554,0.496691,0.495639,0.494396,0.492972,0.491395,0.489702,0.487947,0.486194,0.48451,0.482969,0.481638,0.480581,0.479846,0.47947,0.47947,0.479846,0.480581,0.481638,0.482969,0.48451,0.486194,0.487947,0.489702,0.491395,0.492972,0.494396,0.495639,0.496691,0.497554,0.49824,0.498768,0.499162,0.499446,0.499644,0.499779,0.499866,0.499922,0.499956,0.499976,0.499987,0.499993,0.499997,0.499998,0.499999,0.5,0.5
0.5,0.5,0.5,0.499999,0.499998,0.499996,0.499993,0.499986,0.499974,0.499955,0.499922,0.499869,0.499789,0.499668,0.499494,0.49925,0.498919,0.498486,0.497936,0.49726,0.496453,0.49552,0.494478,0.493351,0.492173,0.490987,0.489842,0.488787,0.487873,0.487143,0.486634,0.486373,0.486373,0.486634,0.487143,0.487873,0.488787,0.489842,0.490987,0.492173,0.493351,0.494478,0.49552,0.496453,0.49726,0.497936,0.498486,0.498919,0.49925,0.499494,0.499668,0.499789,0.499869,0.499922,0.499955,0.499974,0.499986,0.499993,0.499996,0.499998,0.499999,0.5,0.5,0.5
0.5,0.5,0.5,0.5,0.499999,0.499998,0.499996,0.499992,0.499986,0.499974,0.499956,0.499925,0.499878,0.499807,0.499704,0.499558,0.499358,0.499094,0.498755,0.498335,0.497829,0.49724,0.496576,0.495852,0.495091,0.494319,0.493569,0.492875,0.492271,0.491786,0.491448,0.491274,0.491274,0.491448,0.491786,0.492271,0.492875,0.493569,0.494319,0.495091,0.495852,0.496576,0.49724,0.497829,0.498335,0.498755,0.499094,0.499358,0.499558,0.499704,0.499807,0.499878,0.499925,0.499956,0.499974,0.499986,0.499992,0.499996,0.499998,0.499999,0.5,0.5,0.5,0.5
0.5,0.5,0.5,0.5,0.499999,0.499999,0.499998,0.499996,0.499992,0.499986,0.499976,0.499959,0.499932,0.499892,0.499832,0.499748,0.499631,0.499475,0.499274,0.499022,0.498716,0.498357,0.497949,0.497502,0.497028,0.496544,0.496071,0.495632,0.495248,0.494939,0.494723,0.494611,0.494611,0.494723,0.494939,0.495248,0.495632,0.496071,0.496544,0.497028,0.497502,0.497949,0.498357,0.498716,0.499022,0.499274,0.499475,0.499631,0.499748,0.499832,0.499892,0.499932,0.499959,0.499976,0.499986,0.499992,0.499996,0.499998,0.499999,0.499999,0.5,0.5,0.5,0.5
0.5,0.5,0.5,0.5,0.5,0.499999,0.499999,0.499998,0.499996,0.499993,0.499987,0.499978,0.499963,0.499941,0.499908,0.499861,0.499795,0.499706,0.499591,0.499445,0.499266,0.499055,0.498814,0.498547,0.498263,0.497971,0.497685,0.497417,0.497182,0.496993,0.49686,0.496791,0.496791,0.49686,0.496993,0.497182,0.497417,0.497685,0.497971,0.498263,0.498547,0.498814,0.499055,0.499266,0.499445,0.499591,0.499706,0.499795,0.499861,0.499908,0.499941,0.499963,0.499978,0.499987,0.499993,0.499996,0.499998,0.499999,0.499999,0.5,0.5,0.5,0.5,0.5
0.5,0.5,0.5,0.5,0.5,0.5,0.499999,0.499999,0.499998,0.499996,0.499993,0.499989,0.499981,0.499969,0.499951,0.499926,0.49989,0.499841,0.499777,0.499695,0.499595,0.499475,0.499338,0.499184,0.49902,0.49885,0.498683,0.498526,0.498388,0.498276,0.498198,0.498157,0.498157,0.498198,0.498276,0.498388,0.498526,0.498683,0.49885,0.49902,0.499184,0.499338,0.499475,0.499595,0.499695,0.499777,0.499841,0.49989,0.499926,0.499951,0.499969,0.499981,0.499989,0.499993,0.499996,0.499998,0.499999,0.499999,0.5,0.5,0.5,0.5,0.5,0.5
0.5,0.5,0.5,0.5,0.5,0.5,0.5,0.499999,0.499999,0.499998,0.499997,0.499994,0.49999,0.499984,0.499975,0.499962,0.499943,0.499917,0.499882,0.499838,0.499784,0.499718,0.499642,0.499557,0.499465,0.49937,0.499276,0.499187,0.499108,0.499045,0.499,0.498977,0.498977,0.499,0.499045,0.499108,0.499187,0.499276,0.49937,0.499465,0.499557,0.499642,0.499718,0.499784,0.499838,0.499882,0.499917,0.499943,0.499962,0.499975,0.499984,0.49999,0.499994,0.499997,0.499998,0.499999,0.499999,0.5,0.5,0.5,0.5,0.5,0.5,0.5
0.5,0.5,0.5,0.5,0.5,0.5,0.5,0.5,0.5,0.499999,0.499998,0.499997,0.499995,0.499992,0.499987,0.499981,0.499971,0.499957,0.499939,0.499916,0.499887,0.499852,0.499811,0.499765,0.499715,0.499663,0.499611,0.499562,0.499518,0.499483,0.499458,0.499445,0.499445,0.499458,0.499483,0.499518,0.499562,0.499611,0.499663,0.499715,0.499765,0.499811,0.499852,0.499887,0.499916,0.499939,0.499957,0.499971,0.499981,0.499987,0.499992,0.499995,0.499997,0.499998,0.499999,0.5,0.5,0.5,0.5,0.5,0.5,0.5,0.5,0.5
0.5,0.5,0.5,0.5,0.5,0.5,0.5,0.5,0.5,0.5,0.499999,0.499999,0.499998,0.499996,0.499994,0.49999,0.499985,0.499978,0.499968,0.499956,0.49994,0.499921,0.499898,0.499872,0.499845,0.499815,0.499786,0.499758,0.499734,0.499713,0.499699,0.499692,0.499692,0.499699,0.499713,0.499734,0.499758,0.499786,0.499815,0.499845,0.499872,0.499898,0.499921,0.49994,0.499956,0.499968,0.499978,0.499985,0.49999,0.499994,0.499996,0.499998,0.499999,0.499999,0.5,0.5,0.5,0.5,0.5,0.5,0.5,0.5,0.5,0.5
0.5,0.5,0.5,0.5,0.5,0.5,0.5,0.5,0.5,0.5,0.5,0.499999,0.499999,0.499998,0.499996,0.499994,0.499991,0.499986,0.49998,0.499972,0.499962,0.499949,0.499934,0.499918,0.499899,0.49988,0.49986,0.499842,0.499825,0.499812,0.499802,0.499797,0.499797,0.499802,0.499812,0.499825,0.499842,0.49986,0.49988,0.499899,0.499918,0.499934,0.499949,0.499962,0.499972,0.49998,0.499986,0.499991,0.499994,0.499996,0.499998,0.499999,0.499999,0.5,0.5,0.5,0.5,0.5,0.5,0.5,0.5,0.5,0.5,0.5
0.5,0.5,0.5,0.5,0.5,0.5,0.5,0.5,0.5,0.5,0.5,0.499999,0.499999,0.499998,0.499996,0.499994,0.499991,0.499986,0.49998,0.499972,0.499962,0.499949,0.499934,0.499918,0.499899,0.49988,0.49986,0.499842,0.499825,0.499812,0.499802,0.499797,0.499797,0.499802,0.499812,0.499825,0.499842,0.49986,0.49988,0.499899,0.499918,0.499934,0.499949,0.499962,0.499972,0.49998,0.499986,0.499991,0.499994,0.499996,0.499998,0.499999,0.499999,0.5,0.5,0.5,0.5,0.5,0.5,0.5,0.5,0.5,0.5,0.5
