0.5,0.5,0.5,0.5,0.5,0.5,0.5,0.5,0.5,0.5,0.5,0.5,0.5,0.5,0.5,0.5,0.5,0.5,0.5,0.499999,0.499999,0.499999,0.499998,0.499997,0.499997,0.499996,0.499995,0.499994,0.499993,0.499993,0.499992,0.499992,0.499992,0.499992,0.499993,0.499993,0.499994,0.499995,0.499996,0.499997,0.499997,0.499998,0.499999,0.499999,0.499999,0.5,0.5,0.5,0.5,0.5,0.5,0.5,0.5,0.5,0.5,0.5,0.5,0.5,0.5,0.5,0.5,0.5,0.5,0.5
0.5,0.5,0.5,0.5,0.5,0.5,0.5,0.5,0.5,0.5,0.5,0.5,0.5,0.5,0.5,0.5,0.5,0.5,0.5,0.499999,0.499999,0.499999,0.499998,0.499997,0.499997,0.499996,0.499995,0.499994,0.499993,0.499993,0.499992,0.499992,0.499992,0.499992,0.499993,0.499993,0.499994,0.499995,0.499996,0.499997,0.499997,0.499998,0.499999,0.499999,0.499999,0.5,0.5,0.5,0.5,0.5,0.5,0.5,0.5,0.5,0.5,0.5,0.5,0.5,0.5,0.5,0.5,0.5,0.5,0.5
0.5,0.5,0.5,0.5,0.5,0.5,0.5,0.5,0.5,0.5,0.5,0.5,0.5,0.5,0.5,0.5,0.5,0.499999,0.499999,0.499999,0.499998,0.499997,0.499996,0.499995,0.499994,0.499992,0.499991,0.499989,0.499988,0.499987,0.499986,0.499986,0.499986,0.499986,0.499987,0.499988,0.499989,0.499991,0.499992,0.499994,0.499995,0.499996,0.499997,0.499998,0.499999,0.499999,0.499999,0.5,0.5,0.5,0.5,0.5,0.5,0.5,0.5,0.5,0.5,0.5,0.5,0.5,0.5,0.5,0.5,0.5
0.5,0.5,0.5,0.5,0.5,0.5,0.5,0.5,0.5,0.5,0.5,0.5,0.5,0.5,0.5,0.499999,0.499999,0.499999,0.499998,0.499997,0.499996,0.499994,0.499992,0.499989,0.499986,0.499983,0.49998,0.499977,0.499974,0.499971,0.499969,0.499968,0.499968,0.499969,0.499971,0.499974,0.499977,0.49998,0.499983,0.499986,0.499989,0.499992,0.499994,0.499996,0.499997,0.499998,0.499999,0.499999,0.499999,0.5,0.5,0.5,0.5,0.5,0.5,0.5,0.5,0.5,0.5,0.5,0.5,0.5,0.5,0.5
0.5,0.5,0.5,0.5,0.5,0.5,0.5,0.5,0.5,0.5,0.5,0.5,0.5,0.5,0.499999,0.499999,0.499998,0.499997,0.499995,0.499993,0.49999,0.499986,0.499982,0.499976,0.499969,0.499962,0.499955,0.499948,0.499941,0.499936,0.499932,0.49993,0.49993,0.499932,0.499936,0.499941,0.499948,0.499955,0.499962,0.499969,0.499976,0.499982,0.499986,0.49999,0.499993,0.499995,0.499997,0.499998,0.499999,0.499999,0.5,0.5,0.5,0.5,0.5,0.5,0.5,0.5,0.5,0.5,0.5,0.5,0.5,0.5
0.5,0.5,0.5,0.5,0.5,0.5,0.5,0.5,0.5,0.5,0.5,0.5,0.499999,0.499999,0.499998,0.499997,0.499996,0.499993,0.49999,0.499985,0.499978,0.49997,0.49996,0.499947,0.499933,0.499918,0.499902,0.499887,0.499873,0.499861,0.499853,0.499849,0.499849,0.499853,0.499861,0.499873,0.499887,0.499902,0.499918,0.499933,0.499947,0.49996,0.49997,0.499978,0.499985,0.49999,0.499993,0.499996,0.499997,0.499998,0.499999,0.499999,0.5,0.5,0.5,0.5,0.5,0.5,0.5,0.5,0.5,0.5,0.5,0.5
0.5,0.5,0.5,0.5,0.5,0.5,0.5,0.5,0.5,0.5,0.5,0.499999,0.499999,0.499998,0.499997,0.499994,0.499991,0.499986,0.499978,0.499968,0.499954,0.499936,0.499915,0.499889,0.49986,0.499828,0.499796,0.499764,0.499735,0.499711,0.499694,0.499685,0.499685,0.499694,0.499711,0.499735,0.499764,0.499796,0.499828,0.49986,0.499889,0.499915,0.499936,0.499954,0.499968,0.499978,0.499986,0.499991,0.499994,0.499997,0.499998,0.499999,0.499999,0.5,0.5,0.5,0.5,0.5,0.5,0.5,0.5,0.5,0.5,0.5
0.5,0.5,0.5,0.5,0.5,0.5,0.5,0.5,0.5,0.5,0.499999,0.499999,0.499998,0.499996,0.499993,0.499988,0.499981,0.49997,0.499955,0.499934,0.499906,0.49987,0.499826,0.499774,0.499716,0.499652,0.499587,0.499523,0.499466,0.499418,0.499384,0.499366,0.499366,0.499384,0.499418,0.499466,0.499523,0.499587,0.499652,0.499716,0.499774,0.499826,0.49987,0.499906,0.499934,0.499955,0.49997,0.499981,0.499988,0.499993,0.499996,0.499998,0.499999,0.499999,0.5,0.5,0.5,0.5,0.5,0.5,0.5,0.5,0.5,0.5
0.5,0.5,0.5,0.5,0.5,0.5,0.5,0.5,0.5,0.499999,0.499999,0.499997,0.499995,0.499991,0.499985,0.499976,0.499961,0.49994,0.499909,0.499868,0.499813,0.499743,0.499657,0.499556,0.499443,0.49932,0.499194,0.499071,0.49896,0.498868,0.498803,0.498769,0.498769,0.498803,0.498868,0.49896,0.499071,0.499194,0.49932,0.499443,0.499556,0.499657,0.499743,0.499813,0.499868,0.499909,0.49994,0.499961,0.499976,0.499985,0.499991,0.499995,0.499997,0.499999,0.499999,0.5,0.5,0.5,0.5,0.5,0.5,0.5,0.5,0.5
0.5,0.5,0.5,0.5,0.5,0.5,0.5,0.5,0.499999,0.499999,0.499997,0.499995,0.49999,0.499983,0.499971,0.499953,0.499925,0.499883,0.499825,0.499745,0.499641,0.499508,0.499347,0.499157,0.498944,0.498715,0.49848,0.498252,0.498046,0.497876,0.497755,0.497692,0.497692,0.497755,0.497876,0.498046,0.498252,0.49848,0.498715,0.498944,0.499157,0.499347,0.499508,0.499641,0.499745,0.499825,0.499883,0.499925,0.499953,0.499971,0.499983,0.49999,0.499995,0.499997,0.499999,0.499999,0.5,0.5,0.5,0.5,0.5,0.5,0.5,0.5
0.5,0.5,0.5,0.5,0.5,0.5,0.5,0.499999,0.499999,0.499997,0.499995,0.49999,0.499982,0.499968,0.499946,0.499911,0.499858,0.499781,0.499673,0.499526,0.499334,0.499092,0.498798,0.498454,0.498068,0.497655,0.497233,0.496824,0.496456,0.496153,0.495937,0.495824,0.495824,0.495937,0.496153,0.496456,0.496824,0.497233,0.497655,0.498068,0.498454,0.498798,0.499092,0.499334,0.499526,0.499673,0.499781,0.499858,0.499911,0.499946,0.499968,0.499982,0.49999,0.499995,0.499997,0.499999,0.499999,0.5,0.5,0.5,0.5,0.5,0.5,0.5
0.5,0.5,0.5,0.5,0.5,0.5,0.499999,0.499999,0.499997,0.499995,0.49999,0.499981,0.499966,0.499941,0.4999,0.499837,0.499741,0.499603,0.499409,0.499148,0.498807,0.498379,0.497861,0.497258,0.496585,0.495866,0.495134,0.494429,0.493793,0.493271,0.4929,0.492706,0.492706,0.4929,0.493271,0.493793,0.494429,0.495134,0.495866,0.496585,0.497258,0.497861,0.498379,0.498807,0.499148,0.499409,0.499603,0.499741,0.499837,0.4999,0.499941,0.499966,0.499981,0.49999,0.499995,0.499997,0.499999,0.499999,0.5,0.5,0.5,0.5,0.5,0.5
0.5,0.5,0.5,0.5,0.5,0.499999,0.499999,0.499998,0.499995,0.49999,0.499982,0.499966,0.499939,0.499894,0.499822,0.499711,0.499544,0.499304,0.498968,0.498518,0.497933,0.497202,0.496322,0.495302,0.494168,0.492961,0.491735,0.490558,0.489501,0.488634,0.488018,0.487698,0.487698,0.488018,0.488634,0.489501,0.490558,0.491735,0.492961,0.494168,0.495302,0.496322,0.497202,0.497933,0.498518,0.498968,0.499304,0.499544,0.499711,0.499822,0.499894,0.499939,0.499966,0.499982,0.49999,0.499995,0.499998,0.499999,0.499999,0.5,0.5,0.5,0.5,0.5
0.5,0.5,0.5,0.5,0.5,0.499999,0.499998,0.499996,0.499991,0.499983,0.499968,0.499941,0.499894,0.499817,0.499694,0.499505,0.499223,0.498818,0.498256,0.497505,0.496536,0.495329,0.493884,0.492217,0.490372,0.488415,0.486436,0.484542,0.482845,0.481456,0.480471,0.479959,0.479959,0.480471,0.481456,0.482845,0.484542,0.486436,0.488415,0.490372,0.492217,0.493884,0.495329,0.496536,0.497505,0.498256,0.498818,0.499223,0.499505,0.499694,0.499817,0.499894,0.499941,0.499968,0.499983,0.499991,0.499996,0.499998,0.499999,0.5,0.5,0.5,0.5,0.5
0.5,0.5,0.5,0.5,0.499999,0.499998,0.499997,0.499993,0.499985,0.499971,0.499946,0.4999,0.499822,0.499694,0.499491,0.499179,0.498718,0.498058,0.497148,0.495937,0.494382,0.492458,0.490164,0.487532,0.484632,0.481569,0.478484,0.475541,0.472914,0.470768,0.469249,0.468461,0.468461,0.469249,0.470768,0.472914,0.475541,0.478484,0.481569,0.484632,0.487532,0.490164,0.492458,0.494382,0.495937,0.497148,0.498058,0.498718,0.499179,0.499491,0.499694,0.499822,0.4999,0.499946,0.499971,0.499985,0.499993,0.499997,0.499998,0.499999,0.5,0.5,0.5,0.5
0.5,0.5,0.5,0.499999,0.499999,0.499997,0.499994,0.499988,0.499976,0.499953,0.499911,0.499837,0.499711,0.499505,0.499179,0.498683,0.497951,0.49691,0.495483,0.493594,0.491183,0.488215,0.484696,0.480679,0.476273,0.471644,0.467002,0.462589,0.458662,0.455465,0.453204,0.452034,0.452034,0.453204,0.455465,0.458662,0.462589,0.467002,0.471644,0.476273,0.480679,0.484696,0.488215,0.491183,0.493594,0.495483,0.49691,0.497951,0.498683,0.499179,0.499505,0.499711,0.499837,0.499911,0.499953,0.499976,0.499988,0.499994,0.499997,0.499999,0.499999,0.5,0.5,0.5
0.5,0.5,0.5,0.499999,0.499998,0.499996,0.499991,0.499981,0.499961,0.499925,0.499858,0.499741,0.499544,0.499223,0.498718,0.497951,0.496827,0.495238,0.493071,0.49022,0.4866,0.482171,0.476948,0.471021,0.464555,0.457795,0.451047,0.44466,0.438997,0.434398,0.431155,0.429478,0.429478,0.431155,0.434398,0.438997,0.44466,0.451047,0.457795,0.464555,0.471021,0.476948,0.482171,0.4866,0.49022,0.493071,0.495238,0.496827,0.497951,0.498718,0.499223,0.499544,0.499741,0.499858,0.499925,0.499961,0.499981,0.499991,0.499996,0.499998,0.499999,0.5,0.5,0.5
0.5,0.5,0.499999,0.499999,0.499997,0.499993,0.499986,0.49997,0.49994,0.499883,0.499781,0.499603,0.499304,0.498818,0.498058,0.49691,0.495238,0.492888,0.489701,0.485531,0.480271,0.473873,0.466374,0.457913,0.448737,0.439195,0.42972,0.420792,0.412907,0.406524,0.402034,0.399715,0.399715,0.402034,0.406524,0.412907,0.420792,0.42972,0.439195,0.448737,0.457913,0.466374,0.473873,0.480271,0.485531,0.489701,0.492888,0.495238,0.49691,0.498058,0.498818,0.499304,0.499603,0.499781,0.499883,0.49994,0.49997,0.499986,0.499993,0.499997,0.499999,0.499999,0.5,0.5
0.5,0.5,0.499999,0.499998,0.499995,0.49999,0.499978,0.499955,0.499909,0.499825,0.499673,0.499409,0.498968,0.498256,0.497148,0.495483,0.493071,0.489701,0.485157,0.47925,0.471844,0.462893,0.452468,0.440779,0.428182,0.415159,0.402298,0.390241,0.379638,0.371087,0.365087,0.361993,0.361993,0.365087,0.371087,0.379638,0.390241,0.402298,0.415159,0.428182,0.440779,0.452468,0.462893,0.471844,0.47925,0.485157,0.489701,0.493071,0.495483,0.497148,0.498256,0.498968,0.499409,0.499673,0.499825,0.499909,0.499955,0.499978,0.49999,0.499995,0.499998,0.499999,0.5,0.5
0.499999,0.499999,0.499999,0.499997,0.499993,0.499985,0.499968,0.499934,0.499868,0.499745,0.499526,0.499148,0.498518,0.497505,0.495937,0.493594,0.49022,0.485531,0.47925,0.471135,0.461027,0.44889,0.434849,0.419212,0.402469,0.385272,0.36839,0.352651,0.338876,0.32781,0.320068,0.316085,0.316085,0.320068,0.32781,0.338876,0.352651,0.36839,0.385272,0.402469,0.419212,0.434849,0.44889,0.461027,0.471135,0.47925,0.485531,0.49022,0.493594,0.495937,0.497505,0.498518,0.499148,0.499526,0.499745,0.499868,0.499934,0.499968,0.499985,0.499993,0.499997,0.499999,0.499999,0.499999
0.499999,0.499999,0.499998,0.499996,0.49999,0.499978,0.499954,0.499906,0.499813,0.499641,0.499334,0.498807,0.497933,0.496536,0.494382,0.491183,0.4866,0.480271,0.471844,0.461027,0.447642,0.431681,0.413345,0.393069,0.371512,0.349521,0.328074,0.3082,0.290899,0.277062,0.267412,0.262458,0.262458,0.267412,0.277062,0.290899,0.3082,0.328074,0.349521,0.371512,0.393069,0.413345,0.431681,0.447642,0.461027,0.471844,0.480271,0.4866,0.491183,0.494382,0.496536,0.497933,0.498807,0.499334,0.499641,0.499813,0.499906,0.499954,0.499978,0.49999,0.499996,0.499998,0.499999,0.499999
0.499999,0.499999,0.499997,0.499994,0.499986,0.49997,0.499936,0.49987,0.499743,0.499508,0.499092,0.498379,0.497202,0.495329,0.492458,0.488215,0.482171,0.473873,0.462893,0.44889,0.431681,0.411304,0.388067,0.362561,0.335645,0.30839,0.281998,0.257703,0.236676,0.219942,0.208317,0.202361,0.202361,0.208317,0.219942,0.236676,0.257703,0.281998,0.30839,0.335645,0.362561,0.388067,0.411304,0.431681,0.44889,0.462893,0.473873,0.482171,0.488215,0.492458,0.495329,0.497202,0.498379,0.499092,0.499508,0.499743,0.49987,0.499936,0.49997,0.499986,0.499994,0.499997,0.499999,0.499999
0.499998,0.499998,0.499996,0.499992,0.499982,0.49996,0.499915,0.499826,0.499657,0.499347,0.498798,0.497861,0.496322,0.493884,0.490164,0.484696,0.476948,0.466374,0.452468,0.434849,0.413345,0.388067,0.359456,0.328294,0.295669,0.262891,0.231394,0.202607,0.177855,0.158265,0.144711,0.137786,0.137786,0.144711,0.158265,0.177855,0.202607,0.231394,0.262891,0.295669,0.328294,0.359456,0.388067,0.413345,0.434849,0.452468,0.466374,0.476948,0.484696,0.490164,0.493884,0.496322,0.497861,0.498798,0.499347,0.499657,0.499826,0.499915,0.49996,0.499982,0.499992,0.499996,0.499998,0.499998
0.499997,0.499997,0.499995,0.499989,0.499976,0.499947,0.499889,0.499774,0.499556,0.499157,0.498454,0.497258,0.495302,0.492217,0.487532,0.480679,0.471021,0.457913,0.440779,0.419212,0.393069,0.362561,0.328294,0.29127,0.252824,0.21452,0.178012,0.144907,0.116644,0.0944107,0.0791003,0.0713003,0.0713003,0.0791003,0.0944107,0.116644,0.144907,0.178012,0.21452,0.252824,0.29127,0.328294,0.362561,0.393069,0.419212,0.440779,0.457913,0.471021,0.480679,0.487532,0.492217,0.495302,0.497258,0.498454,0.499157,0.499556,0.499774,0.499889,0.499947,0.499976,0.499989,0.499995,0.499997,0.499997
0.499997,0.499997,0.499994,0.499986,0.499969,0.499933,0.49986,0.499716,0.499443,0.498944,0.498068,0.496585,0.494168,0.490372,0.484632,0.476273,0.464555,0.448737,0.428182,0.402469,0.371512,0.335645,0.295669,0.252824,0.20871,0.165137,0.123966,0.0869453,0.055584,0.0310782,0.0142903,0.00576577,0.00576577,0.0142903,0.0310782,0.055584,0.0869453,0.123966,0.165137,0.20871,0.252824,0.295669,0.335645,0.371512,0.402469,0.428182,0.448737,0.464555,0.476273,0.484632,0.490372,0.494168,0.496585,0.498068,0.498944,0.499443,0.499716,0.49986,0.499933,0.499969,0.499986,0.499994,0.499997,0.499997
0.499996,0.499996,0.499992,0.499983,0.499962,0.499918,0.499828,0.499652,0.49932,0.498715,0.497655,0.495866,0.492961,0.488415,0.481569,0.471644,0.457795,0.439195,0.415159,0.385272,0.349521,0.30839,0.262891,0.21452,0.165137,0.11679,0.0715185,0.0311692,-0.00272958,-0.0290264,-0.0469391,-0.0560015,-0.0560015,-0.0469391,-0.0290264,-0.00272958,0.0311692,0.0715185,0.11679,0.165137,0.21452,0.262891,0.30839,0.349521,0.385272,0.415159,0.439195,0.457795,0.471644,0.481569,0.488415,0.492961,0.495866,0.497655,0.498715,0.49932,0.499652,0.499828,0.499918,0.499962,0.499983,0.499992,0.499996,0.499996
0.499995,0.499995,0.499991,0.49998,0.499955,0.499902,0.499796,0.499587,0.499194,0.49848,0.497233,0.495134,0.491735,0.486436,0.478484,0.467002,0.451047,0.42972,0.402298,0.36839,0.328074,0.281998,0.231394,0.178012,0.123966,0.0715185,0.0228511,-0.0201328,-0.0559339,-0.0834941,-0.102153,-0.111556,-0.111556,-0.102153,-0.0834941,-0.0559339,-0.0201328,0.0228511,0.0715185,0.123966,0.178012,0.231394,0.281998,0.328074,0.36839,0.402298,0.42972,0.451047,0.467002,0.478484,0.486436,0.491735,0.495134,0.497233,0.49848,0.499194,0.499587,0.499796,0.499902,0.499955,0.49998,0.499991,0.499995,0.499995
0.499994,0.499994,0.499989,0.499977,0.499948,0.499887,0.499764,0.499523,0.499071,0.498252,0.496824,0.494429,0.490558,0.484542,0.475541,0.462589,0.44466,0.420792,0.390241,0.352651,0.3082,0.257703,0.202607,0.144907,0.0869453,0.0311692,-0.0201328,-0.0650397,-0.10212,-0.130442,-0.149497,-0.15906,-0.15906,-0.149497,-0.130442,-0.10212,-0.0650397,-0.0201328,0.0311692,0.0869453,0.144907,0.202607,0.257703,0.3082,0.352651,0.390241,0.420792,0.44466,0.462589,0.475541,0.484542,0.490558,0.494429,0.496824,0.498252,0.499071,0.499523,0.499764,0.499887,0.499948,0.499977,0.499989,0.499994,0.499994
0.499993,0.499993,0.499988,0.499974,0.499941,0.499873,0.499735,0.499466,0.49896,0.498046,0.496456,0.493793,0.489501,0.482845,0.472914,0.458662,0.438997,0.412907,0.379638,0.338876,0.290899,0.236676,0.177855,0.116644,0.055584,-0.00272958,-0.0559339,-0.10212,-0.139944,-0.168619,-0.187793,-0.197377,-0.197377,-0.187793,-0.168619,-0.139944,-0.10212,-0.0559339,-0.00272958,0.055584,0.116644,0.177855,0.236676,0.290899,0.338876,0.379638,0.412907,0.438997,0.458662,0.472914,0.482845,0.489501,0.493793,0.496456,0.498046,0.49896,0.499466,0.499735,0.499873,0.499941,0.499974,0.499988,0.499993,0.499993
0.499993,0.499993,0.499987,0.499971,0.499936,0.499861,0.499711,0.499418,0.498868,0.497876,0.496153,0.493271,0.488634,0.481456,0.470768,0.455465,0.434398,0.406524,0.371087,0.32781,0.277062,0.219942,0.158265,0.0944107,0.0310782,-0.0290264,-0.0834941,-0.130442,-0.168619,-0.197371,-0.216493,-0.226016,-0.226016,-0.216493,-0.197371,-0.168619,-0.130442,-0.0834941,-0.0290264,0.0310782,0.0944107,0.158265,0.219942,0.277062,0.32781,0.371087,0.406524,0.434398,0.455465,0.470768,0.481456,0.488634,0.493271,0.496153,0.497876,0.498868,0.499418,0.499711,0.499861,0.499936,0.499971,0.499987,0.499993,0.499993
0.499992,0.499992,0.499986,0.499969,0.499932,0.499853,0.499694,0.499384,0.498803,0.497755,0.495937,0.4929,0.488018,0.480471,0.469249,0.453204,0.431155,0.402034,0.365087,0.320068,0.267412,0.208317,0.144711,0.0791003,0.0142903,-0.0469391,-0.102153,-0.149497,-0.187793,-0.216493,-0.235501,-0.244941,-0.244941,-0.235501,-0.216493,-0.187793,-0.149497,-0.102153,-0.0469391,0.0142903,0.0791003,0.144711,0.208317,0.267412,0.320068,0.365087,0.402034,0.431155,0.453204,0.469249,0.480471,0.488018,0.4929,0.495937,0.497755,0.498803,0.499384,0.499694,0.499853,0.499932,0.499969,0.499986,0.499992,0.499992
0.499992,0.499992,0.499986,0.499968,0.49993,0.499849,0.499685,0.499366,0.498769,0.497692,0.495824,0.492706,0.487698,0.479959,0.468461,0.452034,0.429478,0.399715,0.361993,0.316085,0.262458,0.202361,0.137786,0.0713003,0.00576577,-0.0560015,-0.111556,-0.15906,-0.197377,-0.226016,-0.244941,-0.254327,-0.254327,-0.244941,-0.226016,-0.197377,-0.15906,-0.111556,-0.0560015,0.00576577,0.0713003,0.137786,0.202361,0.262458,0.316085,0.361993,0.399715,0.429478,0.452034,0.468461,0.479959,0.487698,0.492706,0.495824,0.497692,0.498769,0.499366,0.499685,0.499849,0.49993,0.499968,0.499986,0.499992,0.499992
0.499992,0.499992,0.499986,0.499968,0.49993,0.499849,0.499685,0.499366,0.498769,0.497692,0.495824,0.492706,0.487698,0.479959,0.468461,0.452034,0.429478,0.399715,0.361993,0.316085,0.262458,0.202361,0.137786,0.0713003,0.00576577,-0.0560015,-0.111556,-0.15906,-0.197377,-0.226016,-0.244941,-0.254327,-0.254327,-0.244941,-0.226016,-0.197377,-0.15906,-0.111556,-0.0560015,0.00576577,0.0713003,0.137786,0.202361,0.262458,0.316085,0.361993,0.399715,0.429478,0.452034,0.468461,0.479959,0.487698,0.492706,0.495824,0.497692,0.498769,0.499366,0.499685,0.499849,0.49993,0.499968,0.499986,0.499992,0.499992
0.499992,0.499992,0.499986,0.499969,0.499932,0.499853,0.499694,0.499384,0.498803,0.497755,0.495937,0.4929,0.488018,0.480471,0.469249,0.453204,0.431155,0.402034,0.365087,0.320068,0.267412,0.208317,0.144711,0.0791003,0.0142903,-0.0469391,-0.102153,-0.149497,-0.187793,-0.216493,-0.235501,-0.244941,-0.244941,-0.235501,-0.216493,-0.187793,-0.149497,-0.102153,-0.0469391,0.0142903,0.0791003,0.144711,0.208317,0.267412,0.320068,0.365087,0.402034,0.431155,0.453204,0.469249,0.480471,0.488018,0.4929,0.495937,0.497755,0.498803,0.499384,0.499694,0.499853,0.499932,0.499969,0.499986,0.499992,0.499992
0.499993,0.499993,0.499987,0.499971,0.499936,0.499861,0.499711,0.499418,0.498868,0.497876,0.496153,0.493271,0.488634,0.481456,0.470768,0.455465,0.434398,0.406524,0.371087,0.32781,0.277062,0.219942,0.158265,0.0944107,0.0310782,-0.0290264,-0.0834941,-0.130442,-0.168619,-0.197371,-0.216493,-0.226016,-0.226016,-0.216493,-0.197371,-0.168619,-0.130442,-0.0834941,-0.0290264,0.0310782,0.0944107,0.158265,0.219942,0.277062,0.32781,0.371087,0.406524,0.434398,0.455465,0.470768,0.481456,0.488634,0.493271,0.496153,0.497876,0.498868,0.499418,0.499711,0.499861,0.499936,0.499971,0.499987,0.499993,0.499993
0.499993,0.499993,0.499988,0.499974,0.499941,0.499873,0.499735,0.499466,0.49896,0.498046,0.496456,0.493793,0.489501,0.482845,0.472914,0.458662,0.438997,0.412907,0.379638,0.338876,0.290899,0.236676,0.177855,0.116644,0.055584,-0.00272958,-0.0559339,-0.10212,-0.139944,-0.168619,-0.187793,-0.197377,-0.197377,-0.187793,-0.168619,-0.139944,-0.10212,-0.0559339,-0.00272958,0.055584,0.116644,0.177855,0.236676,0.290899,0.338876,0.379638,0.412907,0.438997,0.458662,0.472914,0.482845,0.489501,0.493793,0.496456,0.498046,0.49896,0.499466,0.499735,0.499873,0.499941,0.499974,0.499988,0.499993,0.499993
0.499994,0.499994,0.499989,0.499977,0.499948,0.499887,0.499764,0.499523,0.499071,0.498252,0.496824,0.494429,0.490558,0.484542,0.475541,0.462589,0.44466,0.420792,0.390241,0.352651,0.3082,0.257703,0.202607,0.144907,0.0869453,0.0311692,-0.0201328,-0.0650397,-0.10212,-0.130442,-0.149497,-0.15906,-0.15906,-0.149497,-0.130442,-0.10212,-0.0650397,-0.0201328,0.0311692,0.0869453,0.144907,0.202607,0.257703,0.3082,0.352651,0.390241,0.420792,0.44466,0.462589,0.475541,0.484542,0.490558,0.494429,0.496824,0.498252,0.499071,0.499523,0.499764,0.499887,0.499948,0.499977,0.499989,0.499994,0.499994
0.499995,0.499995,0.499991,0.49998,0.499955,0.499902,0.499796,0.499587,0.499194,0.49848,0.497233,0.495134,0.491735,0.486436,0.478484,0.467002,0.451047,0.42972,0.402298,0.36839,0.328074,0.281998,0.231394,0.178012,0.123966,0.0715185,0.0228511,-0.0201328,-0.0559339,-0.0834941,-0.102153,-0.111556,-0.111556,-0.102153,-0.0834941,-0.0559339,-0.0201328,0.0228511,0.0715185,0.123966,0.178012,0.231394,0.281998,0.328074,0.36839,0.402298,0.42972,0.451047,0.467002,0.478484,0.486436,0.491735,0.495134,0.497233,0.49848,0.499194,0.499587,0.499796,0.499902,0.499955,0.49998,0.499991,0.499995,0.499995
0.499996,0.499996,0.499992,0.499983,0.499962,0.499918,0.499828,0.499652,0.49932,0.498715,0.497655,0.495866,0.492961,0.488415,0.481569,0.471644,0.457795,0.439195,0.415159,0.385272,0.349521,0.30839,0.262891,0.21452,0.165137,0.11679,0.0715185,0.0311692,-0.00272958,-0.0290264,-0.0469391,-0.0560015,-0.0560015,-0.0469391,-0.0290264,-0.00272958,0.0311692,0.0715185,0.11679,0.165137,0.21452,0.262891,0.30839,0.349521,0.385272,0.415159,0.439195,0.457795,0.471644,0.481569,0.488415,0.492961,0.495866,0.497655,0.498715,0.49932,0.499652,0.499828,0.499918,0.499962,0.499983,0.499992,0.499996,0.499996
0.499997,0.499997,0.499994,0.499986,0.499969,0.499933,0.49986,0.499716,0.499443,0.498944,0.498068,0.496585,0.494168,0.490372,0.484632,0.476273,0.464555,0.448737,0.428182,0.402469,0.371512,0.335645,0.295669,0.252824,0.20871,0.165137,0.123966,0.0869453,0.055584,0.0310782,0.0142903,0.00576577,0.00576577,0.0142903,0.0310782,0.055584,0.0869453,0.123966,0.165137,0.20871,0.252824,0.295669,0.335645,0.371512,0.402469,0.428182,0.448737,0.464555,0.476273,0.484632,0.490372,0.494168,0.496585,0.498068,0.498944,0.499443,0.499716,0.49986,0.499933,0.499969,0.499986,0.499994,0.499997,0.499997
0.499997,0.499997,0.499995,0.499989,0.499976,0.499947,0.499889,0.499774,0.499556,0.499157,0.498454,0.497258,0.495302,0.492217,0.487532,0.480679,0.471021,0.457913,0.440779,0.419212,0.393069,0.362561,0.328294,0.29127,0.252824,0.21452,0.178012,0.144907,0.116644,0.0944107,0.0791003,0.0713003,0.0713003,0.0791003,0.0944107,0.116644,0.144907,0.178012,0.21452,0.252824,0.29127,0.328294,0.362561,0.393069,0.419212,0.440779,0.457913,0.471021,0.480679,0.487532,0.492217,0.495302,0.497258,0.498454,0.499157,0.499556,0.499774,0.499889,0.499947,0.499976,0.499989,0.499995,0.499997,0.499997
0.499998,0.499998,0.499996,0.499992,0.499982,0.49996,0.499915,0.499826,0.499657,0.499347,0.498798,0.497861,0.496322,0.493884,0.490164,0.484696,0.476948,0.466374,0.452468,0.434849,0.413345,0.388067,0.359456,0.328294,0.295669,0.262891,0.231394,0.202607,0.177855,0.158265,0.144711,0.137786,0.137786,0.144711,0.158265,0.177855,0.202607,0.231394,0.262891,0.295669,0.328294,0.359456,0.388067,0.413345,0.434849,0.452468,0.466374,0.476948,0.484696,0.490164,0.493884,0.496322,0.497861,0.498798,0.499347,0.499657,0.499826,0.499915,0.49996,0.499982,0.499992,0.499996,0.499998,0.499998
0.499999,0.499999,0.499997,0.499994,0.499986,0.49997,0.499936,0.49987,0.499743,0.499508,0.499092,0.498379,0.497202,0.495329,0.492458,0.488215,0.482171,0.473873,0.462893,0.44889,0.431681,0.411304,0.388067,0.362561,0.335645,0.30839,0.281998,0.257703,0.236676,0.219942,0.208317,0.202361,0.202361,0.208317,0.219942,0.236676,0.257703,0.281998,0.30839,0.335645,0.362561,0.388067,0.411304,0.431681,0.44889,0.462893,0.473873,0.482171,0.488215,0.492458,0.495329,0.497202,0.498379,0.499092,0.499508,0.499743,0.49987,0.499936,0.49997,0.499986,0.499994,0.499997,0.499999,0.499999
0.499999,0.499999,0.499998,0.499996,0.49999,0.499978,0.499954,0.499906,0.499813,0.499641,0.499334,0.498807,0.497933,0.496536,0.494382,0.491183,0.4866,0.480271,0.471844,0.461027,0.447642,0.431681,0.413345,0.393069,0.371512,0.349521,0.328074,0.3082,0.290899,0.277062,0.267412,0.262458,0.262458,0.267412,0.277062,0.290899,0.3082,0.328074,0.349521,0.371512,0.393069,0.413345,0.431681,0.447642,0.461027,0.471844,0.480271,0.4866,0.491183,0.494382,0.496536,0.497933,0.498807,0.499334,0.499641,0.499813,0.499906,0.499954,0.499978,0.49999,0.499996,0.499998,0.499999,0.499999
0.499999,0.499999,0.499999,0.499997,0.499993,0.499985,0.499968,0.499934,0.499868,0.499745,0.499526,0.499148,0.498518,0.497505,0.495937,0.493594,0.49022,0.485531,0.47925,0.471135,0.461027,0.44889,0.434849,0.419212,0.402469,0.385272,0.36839,0.352651,0.338876,0.32781,0.320068,0.316085,0.316085,0.320068,0.32781,0.338876,0.352651,0.36839,0.385272,0.402469,0.419212,0.434849,0.44889,0.461027,0.471135,0.47925,0.485531,0.49022,0.493594,0.495937,0.497505,0.498518,0.499148,0.499526,0.499745,0.499868,0.499934,0.499968,0.499985,0.499993,0.499997,0.499999,0.499999,0.499999
0.5,0.5,0.499999,0.499998,0.499995,0.49999,0.499978,0.499955,0.499909,0.499825,0.499673,0.499409,0.498968,0.498256,0.497148,0.495483,0.493071,0.489701,0.485157,0.47925,0.471844,0.462893,0.452468,0.440779,0.428182,0.415159,0.402298,0.390241,0.379638,0.371087,0.365087,0.361993,0.361993,0.365087,0.371087,0.379638,0.390241,0.402298,0.415159,0.428182,0.440779,0.452468,0.462893,0.471844,0.47925,0.485157,0.489701,0.493071,0.495483,0.497148,0.498256,0.498968,0.499409,0.499673,0.499825,0.499909,0.499955,0.499978,0.49999,0.499995,0.499998,0.499999,0.5,0.5
0.5,0.5,0.499999,0.499999,0.499997,0.499993,0.499986,0.49997,0.49994,0.499883,0.499781,0.499603,0.499304,0.498818,0.498058,0.49691,0.495238,0.492888,0.489701,0.485531,0.480271,0.473873,0.466374,0.457913,0.448737,0.439195,0.42972,0.420792,0.412907,0.406524,0.402034,0.399715,0.399715,0.402034,0.406524,0.412907,0.420792,0.42972,0.439195,0.448737,0.457913,0.466374,0.473873,0.480271,0.485531,0.489701,0.492888,0.495238,0.49691,0.498058,0.498818,0.499304,0.499603,0.499781,0.499883,0.49994,0.49997,0.499986,0.499993,0.499997,0.499999,0.499999,0.5,0.5
0.5,0.5,0.5,0.499999,0.499998,0.499996,0.499991,0.499981,0.499961,0.499925,0.499858,0.499741,0.499544,0.499223,0.498718,0.497951,0.496827,0.495238,0.493071,0.49022,0.4866,0.482171,0.476948,0.471021,0.464555,0.457795,0.451047,0.44466,0.438997,0.434398,0.431155,0.429478,0.429478,0.431155,0.434398,0.438997,0.44466,0.451047,0.457795,0.464555,0.471021,0.476948,0.482171,0.4866,0.49022,0.493071,0.495238,0.496827,0.497951,0.498718,0.499223,0.499544,0.499741,0.499858,0.499925,0.499961,0.499981,0.499991,0.499996,0.499998,0.499999,0.5,0.5,0.5
0.5,0.5,0.5,0.499999,0.499999,0.499997,0.499994,0.499988,0.499976,0.499953,0.499911,0.499837,0.499711,0.499505,0.499179,0.498683,0.497951,0.49691,0.495483,0.493594,0.491183,0.488215,0.484696,0.480679,0.476273,0.471644,0.467002,0.462589,0.458662,0.455465,0.453204,0.452034,0.452034,0.453204,0.455465,0.458662,0.462589,0.467002,0.471644,0.476273,0.480679,0.484696,0.488215,0.491183,0.493594,0.495483,0.49691,0.497951,0.498683,0.499179,0.499505,0.499711,0.499837,0.499911,0.499953,0.499976,0.499988,0.499994,0.499997,0.499999,0.499999,0.5,0.5,0.5
0.5,0.5,0.5,0.5,0.499999,0.499998,0.499997,0.499993,0.499985,0.499971,0.499946,0.4999,0.499822,0.499694,0.499491,0.499179,0.498718,0.498058,0.497148,0.495937,0.494382,0.492458,0.490164,0.487532,0.484632,0.481569,0.478484,0.475541,0.472914,0.470768,0.469249,0.468461,0.468461,0.469249,0.470768,0.472914,0.475541,0.478484,0.481569,0.484632,0.487532,0.490164,0.492458,0.494382,0.495937,0.497148,0.498058,0.498718,0.499179,0.499491,0.499694,0.499822,0.4999,0.499946,0.499971,0.499985,0.499993,0.499997,0.499998,0.499999,0.5,0.5,0.5,0.5
0.5,0.5,0.5,0.5,0.5,0.499999,0.499998,0.499996,0.499991,0.499983,0.499968,0.499941,0.499894,0.499817,0.499694,0.499505,0.499223,0.498818,0.498256,0.497505,0.496536,0.495329,0.493884,0.492217,0.490372,0.488415,0.486436,0.484542,0.482845,0.481456,0.480471,0.479959,0.479959,0.480471,0.481456,0.482845,0.484542,0.486436,0.488415,0.490372,0.492217,0.493884,0.495329,0.496536,0.497505,0.498256,0.498818,0.499223,0.499505,0.499694,0.499817,0.499894,0.499941,0.499968,0.499983,0.499991,0.499996,0.499998,0.499999,0.5,0.5,0.5,0.5,0.5
0.5,0.5,0.5,0.5,0.5,0.499999,0.499999,0.499998,0.499995,0.49999,0.499982,0.499966,0.499939,0.499894,0.499822,0.499711,0.499544,0.499304,0.498968,0.498518,0.497933,0.497202,0.496322,0.495302,0.494168,0.492961,0.491735,0.490558,0.489501,0.488634,0.488018,0.487698,0.487698,0.488018,0.488634,0.489501,0.490558,0.491735,0.492961,0.494168,0.495302,0.496322,0.497202,0.497933,0.498518,0.498968,0.499304,0.499544,0.499711,0.499822,0.499894,0.499939,0.499966,0.499982,0.49999,0.499995,0.499998,0.499999,0.499999,0.5,0.5,0.5,0.5,0.5
0.5,0.5,0.5,0.5,0.5,0.5,0.499999,0.499999,0.499997,0.499995,0.49999,0.499981,0.499966,0.499941,0.4999,0.499837,0.499741,0.499603,0.499409,0.499148,0.498807,0.498379,0.497861,0.497258,0.496585,0.495866,0.495134,0.494429,0.493793,0.493271,0.4929,0.492706,0.492706,0.4929,0.493271,0.493793,0.494429,0.495134,0.495866,0.496585,0.497258,0.497861,0.498379,0.498807,0.499148,0.499409,0.499603,0.499741,0.499837,0.4999,0.499941,0.499966,0.499981,0.49999,0.499995,0.499997,0.499999,0.499999,0.5,0.5,0.5,0.5,0.5,0.5
0.5,0.5,0.5,0.5,0.5,0.5,0.5,0.499999,0.499999,0.499997,0.499995,0.49999,0.499982,0.499968,0.499946,0.499911,0.499858,0.499781,0.499673,0.499526,0.499334,0.499092,0.498798,0.498454,0.498068,0.497655,0.497233,0.496824,0.496456,0.496153,0.495937,0.495824,0.495824,0.495937,0.496153,0.496456,0.496824,0.497233,0.497655,0.498068,0.498454,0.498798,0.499092,0.499334,0.499526,0.499673,0.499781,0.499858,0.499911,0.499946,0.499968,0.499982,0.49999,0.499995,0.499997,0.499999,0.499999,0.5,0.5,0.5,0.5,0.5,0.5,0.5
0.5,0.5,0.5,0.5,0.5,0.5,0.5,0.5,0.499999,0.499999,0.499997,0.499995,0.49999,0.499983,0.499971,0.499953,0.499925,0.499883,0.499825,0.499745,0.499641,0.499508,0.499347,0.499157,0.498944,0.498715,0.49848,0.498252,0.498046,0.497876,0.497755,0.497692,0.497692,0.497755,0.497876,0.498046,0.498252,0.49848,0.498715,0.498944,0.499157,0.499347,0.499508,0.499641,0.499745,0.499825,0.499883,0.499925,0.499953,0.499971,0.499983,0.49999,0.499995,0.499997,0.499999,0.499999,0.5,0.5,0.5,0.5,0.5,0.5,0.5,0.5
0.5,0.5,0.5,0.5,0.5,0.5,0.5,0.5,0.5,0.499999,0.499999,0.499997,0.499995,0.499991,0.499985,0.499976,0.499961,0.49994,0.499909,0.499868,0.499813,0.499743,0.499657,0.499556,0.499443,0.49932,0.499194,0.499071,0.49896,0.498868,0.498803,0.498769,0.498769,0.498803,0.498868,0.49896,0.499071,0.499194,0.49932,0.499443,0.499556,0.499657,0.499743,0.499813,0.499868,0.499909,0.49994,0.499961,0.499976,0.499985,0.499991,0.499995,0.499997,0.499999,0.499999,0.5,0.5,0.5,0.5,0.5,0.5,0.5,0.5,0.5
0.5,0.5,0.5,0.5,0.5,0.5,0.5,0.5,0.5,0.5,0.499999,0.499999,0.499998,0.499996,0.499993,0.499988,0.499981,0.49997,0.499955,0.499934,0.499906,0.49987,0.499826,0.499774,0.499716,0.499652,0.499587,0.499523,0.499466,0.499418,0.499384,0.499366,0.499366,0.499384,0.499418,0.499466,0.499523,0.499587,0.499652,0.499716,0.499774,0.499826,0.49987,0.499906,0.499934,0.499955,0.49997,0.499981,0.499988,0.499993,0.499996,0.499998,0.499999,0.499999,0.5,0.5,0.5,0.5,0.5,0.5,0.5,0.5,0.5,0.5
0.5,0.5,0.5,0.5,0.5,0.5,0.5,0.5,0.5,0.5,0.5,0.499999,0.499999,0.499998,0.499997,0.499994,0.499991,0.499986,0.499978,0.499968,0.499954,0.499936,0.499915,0.499889,0.49986,0.499828,0.499796,0.499764,0.499735,0.499711,0.499694,0.499685,0.499685,0.499694,0.499711,0.499735,0.499764,0.499796,0.499828,0.49986,0.499889,0.499915,0.499936,0.499954,0.499968,0.499978,0.499986,0.499991,0.499994,0.499997,0.499998,0.499999,0.499999,0.5,0.5,0.5,0.5,0.5,0.5,0.5,0.5,0.5,0.5,0.5
0.5,0.5,0.5,0.5,0.5,0.5,0.5,0.5,0.5,0.5,0.5,0.5,0.499999,0.499999,0.499998,0.499997,0.499996,0.499993,0.49999,0.499985,0.499978,0.49997,0.49996,0.499947,0.499933,0.499918,0.499902,0.499887,0.499873,0.499861,0.499853,0.499849,0.499849,0.499853,0.499861,0.499873,0.499887,0.499902,0.499918,0.499933,0.499947,0.49996,0.49997,0.499978,0.499985,0.49999,0.499993,0.499996,0.499997,0.499998,0.499999,0.499999,0.5,0.5,0.5,0.5,0.5,0.5,0.5,0.5,0.5,0.5,0.5,0.5
0.5,0.5,0.5,0.5,0.5,0.5,0.5,0.5,0.5,0.5,0.5,0.5,0.5,0.5,0.499999,0.499999,0.499998,0.499997,0.499995,0.499993,0.49999,0.499986,0.499982,0.499976,0.499969,0.499962,0.499955,0.499948,0.499941,0.499936,0.499932,0.49993,0.49993,0.499932,0.499936,0.499941,0.499948,0.499955,0.499962,0.499969,0.499976,0.499982,0.499986,0.49999,0.499993,0.499995,0.499997,0.499998,0.499999,0.499999,0.5,0.5,0.5,0.5,0.5,0.5,0.5,0.5,0.5,0.5,0.5,0.5,0.5,0.5
0.5,0.5,0.5,0.5,0.5,0.5,0.5,0.5,0.5,0.5,0.5,0.5,0.5,0.5,0.5,0.499999,0.499999,0.499999,0.499998,0.499997,0.499996,0.499994,0.499992,0.499989,0.499986,0.499983,0.49998,0.499977,0.499974,0.499971,0.499969,0.499968,0.499968,0.499969,0.499971,0.499974,0.499977,0.49998,0.499983,0.499986,0.499989,0.499992,0.499994,0.499996,0.499997,0.499998,0.499999,0.499999,0.499999,0.5,0.5,0.5,0.5,0.5,0.5,0.5,0.5,0.5,0.5,0.5,0.5,0.5,0.5,0.5
0.5,0.5,0.5,0.5,0.5,0.5,0.5,0.5,0.5,0.5,0.5,0.5,0.5,0.5,0.5,0.5,0.5,0.499999,0.499999,0.499999,0.499998,0.499997,0.499996,0.499995,0.499994,0.499992,0.499991,0.499989,0.499988,0.499987,0.499986,0.499986,0.499986,0.499986,0.499987,0.499988,0.499989,0.499991,0.499992,0.499994,0.499995,0.499996,0.499997,0.499998,0.499999,0.499999,0.499999,0.5,0.5,0.5,0.5,0.5,0.5,0.5,0.5,0.5,0.5,0.5,0.5,0.5,0.5,0.5,0.5,0.5
0.5,0.5,0.5,0.5,0.5,0.5,0.5,0.5,0.5,0.5,0.5,0.5,0.5,0.5,0.5,0.5,0.5,0.5,0.5,0.499999,0.499999,0.499999,0.499998,0.499997,0.499997,0.499996,0.499995,0.499994,0.499993,0.499993,0.499992,0.499992,0.499992,0.499992,0.499993,0.499993,0.499994,0.499995,0.499996,0.499997,0.499997,0.499998,0.499999,0.499999,0.499999,0.5,0.5,0.5,0.5,0.5,0.5,0.5,0.5,0.5,0.5,0.5,0.5,0.5,0.5,0.5,0.5,0.5,0.5,0.5
0.5,0.5,0.5,0.5,0.5,0.5,0.5,0.5,0.5,0.5,0.5,0.5,0.5,0.5,0.5,0.5,0.5,0.5,0.5,0.499999,0.499999,0.499999,0.499998,0.499997,0.499997,0.499996,0.499995,0.499994,0.499993,0.499993,0.499992,0.499992,0.499992,0.499992,0.499993,0.499993,0.499994,0.499995,0.499996,0.499997,0.499997,0.499998,0.499999,0.499999,0.499999,0.5,0.5,0.5,0.5,0.5,0.5,0.5,0.5,0.5,0.5,0.5,0.5,0.5,0.5,0.5,0.5,0.5,0.5,0.5
