0.5,0.5,0.5,0.5,0.5,0.5,0.5,0.5,0.5,0.5,0.5,0.5,0.5,0.5,0.5,0.5,0.5,0.5,0.5,0.5,0.5,0.5,0.5,0.5,0.5,0.5,0.5,0.499999,0.499999,0.499999,0.499999,0.499999,0.499999,0.499999,0.499999,0.499999,0.499999,0.5,0.5,0.5,0.5,0.5,0.5,0.5,0.5,0.5,0.5,0.5,0.5,0.5,0.5,0.5,0.5,0.5,0.5,0.5,0.5,0.5,0.5,0.5,0.5,0.5,0.5,0.5
0.5,0.5,0.5,0.5,0.5,0.5,0.5,0.5,0.5,0.5,0.5,0.5,0.5,0.5,0.5,0.5,0.5,0.5,0.5,0.5,0.5,0.5,0.5,0.5,0.5,0.5,0.5,0.499999,0.499999,0.499999,0.499999,0.499999,0.499999,0.499999,0.499999,0.499999,0.499999,0.5,0.5,0.5,0.5,0.5,0.5,0.5,0.5,0.5,0.5,0.5,0.5,0.5,0.5,0.5,0.5,0.5,0.5,0.5,0.5,0.5,0.5,0.5,0.5,0.5,0.5,0.5
0.5,0.5,0.5,0.5,0.5,0.5,0.5,0.5,0.5,0.5,0.5,0.5,0.5,0.5,0.5,0.5,0.5,0.5,0.5,0.5,0.5,0.5,0.5,0.5,0.499999,0.499999,0.499999,0.499999,0.499999,0.499999,0.499998,0.499998,0.499998,0.499998,0.499999,0.499999,0.499999,0.499999,0.499999,0.499999,0.5,0.5,0.5,0.5,0.5,0.5,0.5,0.5,0.5,0.5,0.5,0.5,0.5,0.5,0.5,0.5,0.5,0.5,0.5,0.5,0.5,0.5,0.5,0.5
0.5,0.5,0.5,0.5,0.5,0.5,0.5,0.5,0.5,0.5,0.5,0.5,0.5,0.5,0.5,0.5,0.5,0.5,0.5,0.5,0.5,0.499999,0.499999,0.499999,0.499998,0.499998,0.499998,0.499997,0.499997,0.499996,0.499996,0.499996,0.499996,0.499996,0.499996,0.499997,0.499997,0.499998,0.499998,0.499998,0.499999,0.499999,0.499999,0.5,0.5,0.5,0.5,0.5,0.5,0.5,0.5,0.5,0.5,0.5,0.5,0.5,0.5,0.5,0.5,0.5,0.5,0.5,0.5,0.5
0.5,0.5,0.5,0.5,0.5,0.5,0.5,0.5,0.5,0.5,0.5,0.5,0.5,0.5,0.5,0.5,0.5,0.5,0.5,0.499999,0.499999,0.499998,0.499998,0.499997,0.499996,0.499995,0.499994,0.499993,0.499992,0.499991,0.499991,0.49999,0.49999,0.499991,0.499991,0.499992,0.499993,0.499994,0.499995,0.499996,0.499997,0.499998,0.499998,0.499999,0.499999,0.5,0.5,0.5,0.5,0.5,0.5,0.5,0.5,0.5,0.5,0.5,0.5,0.5,0.5,0.5,0.5,0.5,0.5,0.5
0.5,0.5,0.5,0.5,0.5,0.5,0.5,0.5,0.5,0.5,0.5,0.5,0.5,0.5,0.5,0.5,0.5,0.499999,0.499999,0.499998,0.499997,0.499996,0.499995,0.499993,0.499991,0.499988,0.499986,0.499983,0.499981,0.499979,0.499978,0.499977,0.499977,0.499978,0.499979,0.499981,0.499983,0.499986,0.499988,0.499991,0.499993,0.499995,0.499996,0.499997,0.499998,0.499999,0.499999,0.5,0.5,0.5,0.5,0.5,0.5,0.5,0.5,0.5,0.5,0.5,0.5,0.5,0.5,0.5,0.5,0.5
0.5,0.5,0.5,0.5,0.5,0.5,0.5,0.5,0.5,0.5,0.5,0.5,0.5,0.5,0.5,0.499999,0.499999,0.499998,0.499997,0.499996,0.499994,0.499991,0.499988,0.499984,0.499979,0.499973,0.499967,0.499962,0.499956,0.499952,0.499949,0.499947,0.499947,0.499949,0.499952,0.499956,0.499962,0.499967,0.499973,0.499979,0.499984,0.499988,0.499991,0.499994,0.499996,0.499997,0.499998,0.499999,0.499999,0.5,0.5,0.5,0.5,0.5,0.5,0.5,0.5,0.5,0.5,0.5,0.5,0.5,0.5,0.5
0.5,0.5,0.5,0.5,0.5,0.5,0.5,0.5,0.5,0.5,0.5,0.5,0.5,0.5,0.499999,0.499999,0.499998,0.499996,0.499994,0.499991,0.499986,0.49998,0.499973,0.499963,0.499953,0.499941,0.499928,0.499915,0.499903,0.499894,0.499887,0.499883,0.499883,0.499887,0.499894,0.499903,0.499915,0.499928,0.499941,0.499953,0.499963,0.499973,0.49998,0.499986,0.499991,0.499994,0.499996,0.499998,0.499999,0.499999,0.5,0.5,0.5,0.5,0.5,0.5,0.5,0.5,0.5,0.5,0.5,0.5,0.5,0.5
0.5,0.5,0.5,0.5,0.5,0.5,0.5,0.5,0.5,0.5,0.5,0.5,0.499999,0.499999,0.499998,0.499997,0.499995,0.499992,0.499987,0.49998,0.49997,0.499957,0.499941,0.499922,0.499898,0.499873,0.499846,0.499819,0.499794,0.499774,0.499759,0.499751,0.499751,0.499759,0.499774,0.499794,0.499819,0.499846,0.499873,0.499898,0.499922,0.499941,0.499957,0.49997,0.49998,0.499987,0.499992,0.499995,0.499997,0.499998,0.499999,0.499999,0.5,0.5,0.5,0.5,0.5,0.5,0.5,0.5,0.5,0.5,0.5,0.5
0.5,0.5,0.5,0.5,0.5,0.5,0.5,0.5,0.5,0.5,0.5,0.499999,0.499999,0.499998,0.499996,0.499994,0.499989,0.499982,0.499972,0.499958,0.499938,0.499912,0.499878,0.499838,0.49979,0.499738,0.499682,0.499628,0.499577,0.499535,0.499504,0.499488,0.499488,0.499504,0.499535,0.499577,0.499628,0.499682,0.499738,0.49979,0.499838,0.499878,0.499912,0.499938,0.499958,0.499972,0.499982,0.499989,0.499994,0.499996,0.499998,0.499999,0.499999,0.5,0.5,0.5,0.5,0.5,0.5,0.5,0.5,0.5,0.5,0.5
0.5,0.5,0.5,0.5,0.5,0.5,0.5,0.5,0.5,0.5,0.499999,0.499999,0.499998,0.499996,0.499992,0.499987,0.499978,0.499964,0.499944,0.499915,0.499875,0.499823,0.499756,0.499676,0.499582,0.499478,0.499369,0.499261,0.499162,0.499078,0.499018,0.498987,0.498987,0.499018,0.499078,0.499162,0.499261,0.499369,0.499478,0.499582,0.499676,0.499756,0.499823,0.499875,0.499915,0.499944,0.499964,0.499978,0.499987,0.499992,0.499996,0.499998,0.499999,0.499999,0.5,0.5,0.5,0.5,0.5,0.5,0.5,0.5,0.5,0.5
0.5,0.5,0.5,0.5,0.5,0.5,0.5,0.5,0.5,0.499999,0.499999,0.499998,0.499996,0.499992,0.499985,0.499974,0.499957,0.49993,0.499891,0.499835,0.499758,0.499657,0.49953,0.499375,0.499195,0.498997,0.49879,0.498584,0.498396,0.498238,0.498124,0.498065,0.498065,0.498124,0.498238,0.498396,0.498584,0.49879,0.498997,0.499195,0.499375,0.49953,0.499657,0.499758,0.499835,0.499891,0.49993,0.499957,0.499974,0.499985,0.499992,0.499996,0.499998,0.499999,0.499999,0.5,0.5,0.5,0.5,0.5,0.5,0.5,0.5,0.5
0.5,0.5,0.5,0.5,0.5,0.5,0.5,0.5,0.499999,0.499999,0.499998,0.499996,0.499991,0.499984,0.499972,0.499951,0.499919,0.499869,0.499795,0.49969,0.499547,0.499359,0.499123,0.498836,0.498506,0.498141,0.497759,0.497383,0.497037,0.496749,0.496541,0.496433,0.496433,0.496541,0.496749,0.497037,0.497383,0.497759,0.498141,0.498506,0.498836,0.499123,0.499359,0.499547,0.49969,0.499795,0.499869,0.499919,0.499951,0.499972,0.499984,0.499991,0.499996,0.499998,0.499999,0.499999,0.5,0.5,0.5,0.5,0.5,0.5,0.5,0.5
0.5,0.5,0.5,0.5,0.5,0.5,0.5,0.5,0.499999,0.499998,0.499996,0.499992,0.499984,0.499971,0.499948,0.499911,0.499851,0.499761,0.499627,0.499438,0.49918,0.498843,0.49842,0.497909,0.49732,0.496673,0.495996,0.49533,0.494719,0.49421,0.493845,0.493653,0.493653,0.493845,0.49421,0.494719,0.49533,0.495996,0.496673,0.49732,0.497909,0.49842,0.498843,0.49918,0.499438,0.499627,0.499761,0.499851,0.499911,0.499948,0.499971,0.499984,0.499992,0.499996,0.499998,0.499999,0.5,0.5,0.5,0.5,0.5,0.5,0.5,0.5
0.5,0.5,0.5,0.5,0.5,0.5,0.5,0.499999,0.499998,0.499996,0.499992,0.499985,0.499972,0.499948,0.499908,0.499842,0.499737,0.499578,0.499344,0.499015,0.498567,0.497983,0.497251,0.496371,0.495359,0.494248,0.493091,0.491954,0.490913,0.490046,0.489424,0.489098,0.489098,0.489424,0.490046,0.490913,0.491954,0.493091,0.494248,0.495359,0.496371,0.497251,0.497983,0.498567,0.499015,0.499344,0.499578,0.499737,0.499842,0.499908,0.499948,0.499972,0.499985,0.499992,0.499996,0.499998,0.499999,0.5,0.5,0.5,0.5,0.5,0.5,0.5
0.5,0.5,0.5,0.5,0.5,0.5,0.499999,0.499999,0.499997,0.499994,0.499987,0.499974,0.499951,0.499911,0.499842,0.499729,0.499551,0.499281,0.498886,0.498331,0.497579,0.496602,0.49538,0.493915,0.492236,0.490397,0.488486,0.486611,0.484898,0.483474,0.482453,0.481919,0.481919,0.482453,0.483474,0.484898,0.486611,0.488486,0.490397,0.492236,0.493915,0.49538,0.496602,0.497579,0.498331,0.498886,0.499281,0.499551,0.499729,0.499842,0.499911,0.499951,0.499974,0.499987,0.499994,0.499997,0.499999,0.499999,0.5,0.5,0.5,0.5,0.5,0.5
0.5,0.5,0.5,0.5,0.5,0.5,0.499999,0.499998,0.499995,0.499989,0.499978,0.499957,0.499919,0.499851,0.499737,0.499551,0.499259,0.498816,0.498171,0.497267,0.496047,0.494466,0.492495,0.490141,0.487449,0.48451,0.481461,0.478477,0.475756,0.473498,0.471879,0.471034,0.471034,0.471879,0.473498,0.475756,0.478477,0.481461,0.48451,0.487449,0.490141,0.492495,0.494466,0.496047,0.497267,0.498171,0.498816,0.499259,0.499551,0.499737,0.499851,0.499919,0.499957,0.499978,0.499989,0.499995,0.499998,0.499999,0.5,0.5,0.5,0.5,0.5,0.5
0.5,0.5,0.5,0.5,0.5,0.499999,0.499998,0.499996,0.499992,0.499982,0.499964,0.49993,0.499869,0.499761,0.499578,0.499281,0.498816,0.498115,0.497096,0.495673,0.49376,0.491287,0.488216,0.484559,0.480388,0.475849,0.471152,0.466566,0.462391,0.458932,0.456455,0.455163,0.455163,0.456455,0.458932,0.462391,0.466566,0.471152,0.475849,0.480388,0.484559,0.488216,0.491287,0.49376,0.495673,0.497096,0.498115,0.498816,0.499281,0.499578,0.499761,0.499869,0.49993,0.499964,0.499982,0.499992,0.499996,0.499998,0.499999,0.5,0.5,0.5,0.5,0.5
0.5,0.5,0.5,0.5,0.5,0.499999,0.499997,0.499994,0.499987,0.499972,0.499944,0.499891,0.499795,0.499627,0.499344,0.498886,0.498171,0.497096,0.495541,0.493375,0.490472,0.486733,0.482106,0.476613,0.470369,0.463592,0.456599,0.449788,0.443601,0.438482,0.434822,0.432913,0.432913,0.434822,0.438482,0.443601,0.449788,0.456599,0.463592,0.470369,0.476613,0.482106,0.486733,0.490472,0.493375,0.495541,0.497096,0.498171,0.498886,0.499344,0.499627,0.499795,0.499891,0.499944,0.499972,0.499987,0.499994,0.499997,0.499999,0.5,0.5,0.5,0.5,0.5
0.5,0.5,0.5,0.5,0.499999,0.499998,0.499996,0.499991,0.49998,0.499958,0.499915,0.499835,0.49969,0.499438,0.499015,0.498331,0.497267,0.495673,0.493375,0.490184,0.485924,0.480456,0.473712,0.465733,0.456693,0.44691,0.436845,0.427065,0.418201,0.41088,0.405652,0.402928,0.402928,0.405652,0.41088,0.418201,0.427065,0.436845,0.44691,0.456693,0.465733,0.473712,0.480456,0.485924,0.490184,0.493375,0.495673,0.497267,0.498331,0.499015,0.499438,0.49969,0.499835,0.499915,0.499958,0.49998,0.499991,0.499996,0.499998,0.499999,0.5,0.5,0.5,0.5
0.5,0.5,0.5,0.5,0.499999,0.499997,0.499994,0.499986,0.49997,0.499938,0.499875,0.499758,0.499547,0.49918,0.498567,0.497579,0.496047,0.49376,0.490472,0.485924,0.479873,0.472133,0.462621,0.451406,0.43874,0.425079,0.411063,0.397481,0.385199,0.375073,0.367852,0.364093,0.364093,0.367852,0.375073,0.385199,0.397481,0.411063,0.425079,0.43874,0.451406,0.462621,0.472133,0.479873,0.485924,0.490472,0.49376,0.496047,0.497579,0.498567,0.49918,0.499547,0.499758,0.499875,0.499938,0.49997,0.499986,0.499994,0.499997,0.499999,0.5,0.5,0.5,0.5
0.5,0.5,0.5,0.499999,0.499998,0.499996,0.499991,0.49998,0.499957,0.499912,0.499823,0.499657,0.499359,0.498843,0.497983,0.496602,0.494466,0.491287,0.486733,0.480456,0.472133,0.461524,0.448533,0.433269,0.41609,0.39762,0.378728,0.360472,0.344002,0.330448,0.320797,0.315778,0.315778,0.320797,0.330448,0.344002,0.360472,0.378728,0.39762,0.41609,0.433269,0.448533,0.461524,0.472133,0.480456,0.486733,0.491287,0.494466,0.496602,0.497983,0.498843,0.499359,0.499657,0.499823,0.499912,0.499957,0.49998,0.499991,0.499996,0.499998,0.499999,0.5,0.5,0.5
0.5,0.5,0.5,0.499999,0.499998,0.499995,0.499988,0.499973,0.499941,0.499878,0.499756,0.49953,0.499123,0.49842,0.497251,0.49538,0.492495,0.488216,0.482106,0.473712,0.462621,0.448533,0.431342,0.411215,0.388641,0.36445,0.339783,0.316012,0.294619,0.27705,0.264558,0.258067,0.258067,0.264558,0.27705,0.294619,0.316012,0.339783,0.36445,0.388641,0.411215,0.431342,0.448533,0.462621,0.473712,0.482106,0.488216,0.492495,0.49538,0.497251,0.49842,0.499123,0.49953,0.499756,0.499878,0.499941,0.499973,0.499988,0.499995,0.499998,0.499999,0.5,0.5,0.5
0.5,0.5,0.5,0.499999,0.499997,0.499993,0.499984,0.499963,0.499922,0.499838,0.499676,0.499375,0.498836,0.497909,0.496371,0.493915,0.490141,0.484559,0.476613,0.465733,0.451406,0.433269,0.411215,0.385484,0.356722,0.326003,0.294777,0.26477,0.237833,0.215755,0.200081,0.191944,0.191944,0.200081,0.215755,0.237833,0.26477,0.294777,0.326003,0.356722,0.385484,0.411215,0.433269,0.451406,0.465733,0.476613,0.484559,0.490141,0.493915,0.496371,0.497909,0.498836,0.499375,0.499676,0.499838,0.499922,0.499963,0.499984,0.499993,0.499997,0.499999,0.5,0.5,0.5
0.5,0.5,0.499999,0.499998,0.499996,0.499991,0.499979,0.499953,0.499898,0.49979,0.499582,0.499195,0.498506,0.49732,0.495359,0.492236,0.487449,0.480388,0.470369,0.456693,0.43874,0.41609,0.388641,0.356722,0.321165,0.283311,0.244951,0.208193,0.175276,0.148353,0.129268,0.11937,0.11937,0.129268,0.148353,0.175276,0.208193,0.244951,0.283311,0.321165,0.356722,0.388641,0.41609,0.43874,0.456693,0.470369,0.480388,0.487449,0.492236,0.495359,0.49732,0.498506,0.499195,0.499582,0.49979,0.499898,0.499953,0.499979,0.499991,0.499996,0.499998,0.499999,0.5,0.5
0.5,0.5,0.499999,0.499998,0.499995,0.499988,0.499973,0.499941,0.499873,0.499738,0.499478,0.498997,0.498141,0.496673,0.494248,0.490397,0.48451,0.475849,0.463592,0.44691,0.425079,0.39762,0.36445,0.326003,0.283311,0.238003,0.192227,0.148484,0.109407,0.0775095,0.0549325,0.0432344,0.0432344,0.0549325,0.0775095,0.109407,0.148484,0.192227,0.238003,0.283311,0.326003,0.36445,0.39762,0.425079,0.44691,0.463592,0.475849,0.48451,0.490397,0.494248,0.496673,0.498141,0.498997,0.499478,0.499738,0.499873,0.499941,0.499973,0.499988,0.499995,0.499998,0.499999,0.5,0.5
0.5,0.5,0.499999,0.499998,0.499994,0.499986,0.499967,0.499928,0.499846,0.499682,0.499369,0.49879,0.497759,0.495996,0.493091,0.488486,0.481461,0.471152,0.456599,0.436845,0.411063,0.378728,0.339783,0.294777,0.244951,0.192227,0.139108,0.08848,0.0433578,0.00659576,-0.0193866,-0.0328372,-0.0328372,-0.0193866,0.00659576,0.0433578,0.08848,0.139108,0.192227,0.244951,0.294777,0.339783,0.378728,0.411063,0.436845,0.456599,0.471152,0.481461,0.488486,0.493091,0.495996,0.497759,0.49879,0.499369,0.499682,0.499846,0.499928,0.499967,0.499986,0.499994,0.499998,0.499999,0.5,0.5
0.499999,0.499999,0.499999,0.499997,0.499993,0.499983,0.499962,0.499915,0.499819,0.499628,0.499261,0.498584,0.497383,0.49533,0.491954,0.486611,0.478477,0.466566,0.449788,0.427065,0.397481,0.360472,0.316012,0.26477,0.208193,0.148484,0.08848,0.0314264,-0.0193157,-0.0605835,-0.0897117,-0.104778,-0.104778,-0.0897117,-0.0605835,-0.0193157,0.0314264,0.08848,0.148484,0.208193,0.26477,0.316012,0.360472,0.397481,0.427065,0.449788,0.466566,0.478477,0.486611,0.491954,0.49533,0.497383,0.498584,0.499261,0.499628,0.499819,0.499915,0.499962,0.499983,0.499993,0.499997,0.499999,0.499999,0.499999
0.499999,0.499999,0.499999,0.499997,0.499992,0.499981,0.499956,0.499903,0.499794,0.499577,0.499162,0.498396,0.497037,0.494719,0.490913,0.484898,0.475756,0.462391,0.443601,0.418201,0.385199,0.344002,0.294619,0.237833,0.175276,0.109407,0.0433578,-0.0193157,-0.0749539,-0.120134,-0.151987,-0.168452,-0.168452,-0.151987,-0.120134,-0.0749539,-0.0193157,0.0433578,0.109407,0.175276,0.237833,0.294619,0.344002,0.385199,0.418201,0.443601,0.462391,0.475756,0.484898,0.490913,0.494719,0.497037,0.498396,0.499162,0.499577,0.499794,0.499903,0.499956,0.499981,0.499992,0.499997,0.499999,0.499999,0.499999
0.499999,0.499999,0.499999,0.499996,0.499991,0.499979,0.499952,0.499894,0.499774,0.499535,0.499078,0.498238,0.496749,0.49421,0.490046,0.483474,0.473498,0.458932,0.438482,0.41088,0.375073,0.330448,0.27705,0.215755,0.148353,0.0775095,0.00659576,-0.0605835,-0.120134,-0.168433,-0.202452,-0.220026,-0.220026,-0.202452,-0.168433,-0.120134,-0.0605835,0.00659576,0.0775095,0.148353,0.215755,0.27705,0.330448,0.375073,0.41088,0.438482,0.458932,0.473498,0.483474,0.490046,0.49421,0.496749,0.498238,0.499078,0.499535,0.499774,0.499894,0.499952,0.499979,0.499991,0.499996,0.499999,0.499999,0.499999
0.499999,0.499999,0.499998,0.499996,0.499991,0.499978,0.499949,0.499887,0.499759,0.499504,0.499018,0.498124,0.496541,0.493845,0.489424,0.482453,0.471879,0.456455,0.434822,0.405652,0.367852,0.320797,0.264558,0.200081,0.129268,0.0549325,-0.0193866,-0.0897117,-0.151987,-0.202452,-0.237974,-0.256317,-0.256317,-0.237974,-0.202452,-0.151987,-0.0897117,-0.0193866,0.0549325,0.129268,0.200081,0.264558,0.320797,0.367852,0.405652,0.434822,0.456455,0.471879,0.482453,0.489424,0.493845,0.496541,0.498124,0.499018,0.499504,0.499759,0.499887,0.499949,0.499978,0.499991,0.499996,0.499998,0.499999,0.499999
0.499999,0.499999,0.499998,0.499996,0.49999,0.499977,0.499947,0.499883,0.499751,0.499488,0.498987,0.498065,0.496433,0.493653,0.489098,0.481919,0.471034,0.455163,0.432913,0.402928,0.364093,0.315778,0.258067,0.191944,0.11937,0.0432344,-0.0328372,-0.104778,-0.168452,-0.220026,-0.256317,-0.275052,-0.275052,-0.256317,-0.220026,-0.168452,-0.104778,-0.0328372,0.0432344,0.11937,0.191944,0.258067,0.315778,0.364093,0.402928,0.432913,0.455163,0.471034,0.481919,0.489098,0.493653,0.496433,0.498065,0.498987,0.499488,0.499751,0.499883,0.499947,0.499977,0.49999,0.499996,0.499998,0.499999,0.499999
0.499999,0.499999,0.499998,0.499996,0.49999,0.499977,0.499947,0.499883,0.499751,0.499488,0.498987,0.498065,0.496433,0.493653,0.489098,0.481919,0.471034,0.455163,0.432913,0.402928,0.364093,0.315778,0.258067,0.191944,0.11937,0.0432344,-0.0328372,-0.104778,-0.168452,-0.220026,-0.256317,-0.275052,-0.275052,-0.256317,-0.220026,-0.168452,-0.104778,-0.0328372,0.0432344,0.11937,0.191944,0.258067,0.315778,0.364093,0.402928,0.432913,0.455163,0.471034,0.481919,0.489098,0.493653,0.496433,0.498065,0.498987,0.499488,0.499751,0.499883,0.499947,0.499977,0.49999,0.499996,0.499998,0.499999,0.499999
0.499999,0.499999,0.499998,0.499996,0.499991,0.499978,0.499949,0.499887,0.499759,0.499504,0.499018,0.498124,0.496541,0.493845,0.489424,0.482453,0.471879,0.456455,0.434822,0.405652,0.367852,0.320797,0.264558,0.200081,0.129268,0.0549325,-0.0193866,-0.0897117,-0.151987,-0.202452,-0.237974,-0.256317,-0.256317,-0.237974,-0.202452,-0.151987,-0.0897117,-0.0193866,0.0549325,0.129268,0.200081,0.264558,0.320797,0.367852,0.405652,0.434822,0.456455,0.471879,0.482453,0.489424,0.493845,0.496541,0.498124,0.499018,0.499504,0.499759,0.499887,0.499949,0.499978,0.499991,0.499996,0.499998,0.499999,0.499999
0.499999,0.499999,0.499999,0.499996,0.499991,0.499979,0.499952,0.499894,0.499774,0.499535,0.499078,0.498238,0.496749,0.49421,0.490046,0.483474,0.473498,0.458932,0.438482,0.41088,0.375073,0.330448,0.27705,0.215755,0.148353,0.0775095,0.00659576,-0.0605835,-0.120134,-0.168433,-0.202452,-0.220026,-0.220026,-0.202452,-0.168433,-0.120134,-0.0605835,0.00659576,0.0775095,0.148353,0.215755,0.27705,0.330448,0.375073,0.41088,0.438482,0.458932,0.473498,0.483474,0.490046,0.49421,0.496749,0.498238,0.499078,0.499535,0.499774,0.499894,0.499952,0.499979,0.499991,0.499996,0.499999,0.499999,0.499999
0.499999,0.499999,0.499999,0.499997,0.499992,0.499981,0.499956,0.499903,0.499794,0.499577,0.499162,0.498396,0.497037,0.494719,0.490913,0.484898,0.475756,0.462391,0.443601,0.418201,0.385199,0.344002,0.294619,0.237833,0.175276,0.109407,0.0433578,-0.0193157,-0.0749539,-0.120134,-0.151987,-0.168452,-0.168452,-0.151987,-0.120134,-0.0749539,-0.0193157,0.0433578,0.109407,0.175276,0.237833,0.294619,0.344002,0.385199,0.418201,0.443601,0.462391,0.475756,0.484898,0.490913,0.494719,0.497037,0.498396,0.499162,0.499577,0.499794,0.499903,0.499956,0.499981,0.499992,0.499997,0.499999,0.499999,0.499999
0.499999,0.499999,0.499999,0.499997,0.499993,0.499983,0.499962,0.499915,0.499819,0.499628,0.499261,0.498584,0.497383,0.49533,0.491954,0.486611,0.478477,0.466566,0.449788,0.427065,0.397481,0.360472,0.316012,0.26477,0.208193,0.148484,0.08848,0.0314264,-0.0193157,-0.0605835,-0.0897117,-0.104778,-0.104778,-0.0897117,-0.0605835,-0.0193157,0.0314264,0.08848,0.148484,0.208193,0.26477,0.316012,0.360472,0.397481,0.427065,0.449788,0.466566,0.478477,0.486611,0.491954,0.49533,0.497383,0.498584,0.499261,0.499628,0.499819,0.499915,0.499962,0.499983,0.499993,0.499997,0.499999,0.499999,0.499999
0.5,0.5,0.499999,0.499998,0.499994,0.499986,0.499967,0.499928,0.499846,0.499682,0.499369,0.49879,0.497759,0.495996,0.493091,0.488486,0.481461,0.471152,0.456599,0.436845,0.411063,0.378728,0.339783,0.294777,0.244951,0.192227,0.139108,0.08848,0.0433578,0.00659576,-0.0193866,-0.0328372,-0.0328372,-0.0193866,0.00659576,0.0433578,0.08848,0.139108,0.192227,0.244951,0.294777,0.339783,0.378728,0.411063,0.436845,0.456599,0.471152,0.481461,0.488486,0.493091,0.495996,0.497759,0.49879,0.499369,0.499682,0.499846,0.499928,0.499967,0.499986,0.499994,0.499998,0.499999,0.5,0.5
0.5,0.5,0.499999,0.499998,0.499995,0.499988,0.499973,0.499941,0.499873,0.499738,0.499478,0.498997,0.498141,0.496673,0.494248,0.490397,0.48451,0.475849,0.463592,0.44691,0.425079,0.39762,0.36445,0.326003,0.283311,0.238003,0.192227,0.148484,0.109407,0.0775095,0.0549325,0.0432344,0.0432344,0.0549325,0.0775095,0.109407,0.148484,0.192227,0.238003,0.283311,0.326003,0.36445,0.39762,0.425079,0.44691,0.463592,0.475849,0.48451,0.490397,0.494248,0.496673,0.498141,0.498997,0.499478,0.499738,0.499873,0.499941,0.499973,0.499988,0.499995,0.499998,0.499999,0.5,0.5
0.5,0.5,0.499999,0.499998,0.499996,0.499991,0.499979,0.499953,0.499898,0.49979,0.499582,0.499195,0.498506,0.49732,0.495359,0.492236,0.487449,0.480388,0.470369,0.456693,0.43874,0.41609,0.388641,0.356722,0.321165,0.283311,0.244951,0.208193,0.175276,0.148353,0.129268,0.11937,0.11937,0.129268,0.148353,0.175276,0.208193,0.244951,0.283311,0.321165,0.356722,0.388641,0.41609,0.43874,0.456693,0.470369,0.480388,0.487449,0.492236,0.495359,0.49732,0.498506,0.499195,0.499582,0.49979,0.499898,0.499953,0.499979,0.499991,0.499996,0.499998,0.499999,0.5,0.5
0.5,0.5,0.5,0.499999,0.499997,0.499993,0.499984,0.499963,0.499922,0.499838,0.499676,0.499375,0.498836,0.497909,0.496371,0.493915,0.490141,0.484559,0.476613,0.465733,0.451406,0.433269,0.411215,0.385484,0.356722,0.326003,0.294777,0.26477,0.237833,0.215755,0.200081,0.191944,0.191944,0.200081,0.215755,0.237833,0.26477,0.294777,0.326003,0.356722,0.385484,0.411215,0.433269,0.451406,0.465733,0.476613,0.484559,0.490141,0.493915,0.496371,0.497909,0.498836,0.499375,0.499676,0.499838,0.499922,0.499963,0.499984,0.499993,0.499997,0.499999,0.5,0.5,0.5
0.5,0.5,0.5,0.499999,0.499998,0.499995,0.499988,0.499973,0.499941,0.499878,0.499756,0.49953,0.499123,0.49842,0.497251,0.49538,0.492495,0.488216,0.482106,0.473712,0.462621,0.448533,0.431342,0.411215,0.388641,0.36445,0.339783,0.316012,0.294619,0.27705,0.264558,0.258067,0.258067,0.264558,0.27705,0.294619,0.316012,0.339783,0.36445,0.388641,0.411215,0.431342,0.448533,0.462621,0.473712,0.482106,0.488216,0.492495,0.49538,0.497251,0.49842,0.499123,0.49953,0.499756,0.499878,0.499941,0.499973,0.499988,0.499995,0.499998,0.499999,0.5,0.5,0.5
0.5,0.5,0.5,0.499999,0.499998,0.499996,0.499991,0.49998,0.499957,0.499912,0.499823,0.499657,0.499359,0.498843,0.497983,0.496602,0.494466,0.491287,0.486733,0.480456,0.472133,0.461524,0.448533,0.433269,0.41609,0.39762,0.378728,0.360472,0.344002,0.330448,0.320797,0.315778,0.315778,0.320797,0.330448,0.344002,0.360472,0.378728,0.39762,0.41609,0.433269,0.448533,0.461524,0.472133,0.480456,0.486733,0.491287,0.494466,0.496602,0.497983,0.498843,0.499359,0.499657,0.499823,0.499912,0.499957,0.49998,0.499991,0.499996,0.499998,0.499999,0.5,0.5,0.5
0.5,0.5,0.5,0.5,0.499999,0.499997,0.499994,0.499986,0.49997,0.499938,0.499875,0.499758,0.499547,0.49918,0.498567,0.497579,0.496047,0.49376,0.490472,0.485924,0.479873,0.472133,0.462621,0.451406,0.43874,0.425079,0.411063,0.397481,0.385199,0.375073,0.367852,0.364093,0.364093,0.367852,0.375073,0.385199,0.397481,0.411063,0.425079,0.43874,0.451406,0.462621,0.472133,0.479873,0.485924,0.490472,0.49376,0.496047,0.497579,0.498567,0.49918,0.499547,0.499758,0.499875,0.499938,0.49997,0.499986,0.499994,0.499997,0.499999,0.5,0.5,0.5,0.5
0.5,0.5,0.5,0.5,0.499999,0.499998,0.499996,0.499991,0.49998,0.499958,0.499915,0.499835,0.49969,0.499438,0.499015,0.498331,0.497267,0.495673,0.493375,0.490184,0.485924,0.480456,0.473712,0.465733,0.456693,0.44691,0.436845,0.427065,0.418201,0.41088,0.405652,0.402928,0.402928,0.405652,0.41088,0.418201,0.427065,0.436845,0.44691,0.456693,0.465733,0.473712,0.480456,0.485924,0.490184,0.493375,0.495673,0.497267,0.498331,0.499015,0.499438,0.49969,0.499835,0.499915,0.499958,0.49998,0.499991,0.499996,0.499998,0.499999,0.5,0.5,0.5,0.5
0.5,0.5,0.5,0.5,0.5,0.499999,0.499997,0.499994,0.499987,0.499972,0.499944,0.499891,0.499795,0.499627,0.499344,0.498886,0.498171,0.497096,0.495541,0.493375,0.490472,0.486733,0.482106,0.476613,0.470369,0.463592,0.456599,0.449788,0.443601,0.438482,0.434822,0.432913,0.432913,0.434822,0.438482,0.443601,0.449788,0.456599,0.463592,0.470369,0.476613,0.482106,0.486733,0.490472,0.493375,0.495541,0.497096,0.498171,0.498886,0.499344,0.499627,0.499795,0.499891,0.499944,0.499972,0.499987,0.499994,0.499997,0.499999,0.5,0.5,0.5,0.5,0.5
0.5,0.5,0.5,0.5,0.5,0.499999,0.499998,0.499996,0.499992,0.499982,0.499964,0.49993,0.499869,0.499761,0.499578,0.499281,0.498816,0.498115,0.497096,0.495673,0.49376,0.491287,0.488216,0.484559,0.480388,0.475849,0.471152,0.466566,0.462391,0.458932,0.456455,0.455163,0.455163,0.456455,0.458932,0.462391,0.466566,0.471152,0.475849,0.480388,0.484559,0.488216,0.491287,0.49376,0.495673,0.497096,0.498115,0.498816,0.499281,0.499578,0.499761,0.499869,0.49993,0.499964,0.499982,0.499992,0.499996,0.499998,0.499999,0.5,0.5,0.5,0.5,0.5
0.5,0.5,0.5,0.5,0.5,0.5,0.499999,0.499998,0.499995,0.499989,0.499978,0.499957,0.499919,0.499851,0.499737,0.499551,0.499259,0.498816,0.498171,0.497267,0.496047,0.494466,0.492495,0.490141,0.487449,0.48451,0.481461,0.478477,0.475756,0.473498,0.471879,0.471034,0.471034,0.471879,0.473498,0.475756,0.478477,0.481461,0.48451,0.487449,0.490141,0.492495,0.494466,0.496047,0.497267,0.498171,0.498816,0.499259,0.499551,0.499737,0.499851,0.499919,0.499957,0.499978,0.499989,0.499995,0.499998,0.499999,0.5,0.5,0.5,0.5,0.5,0.5
0.5,0.5,0.5,0.5,0.5,0.5,0.499999,0.499999,0.499997,0.499994,0.499987,0.499974,0.499951,0.499911,0.499842,0.499729,0.499551,0.499281,0.498886,0.498331,0.497579,0.496602,0.49538,0.493915,0.492236,0.490397,0.488486,0.486611,0.484898,0.483474,0.482453,0.481919,0.481919,0.482453,0.483474,0.484898,0.486611,0.488486,0.490397,0.492236,0.493915,0.49538,0.496602,0.497579,0.498331,0.498886,0.499281,0.499551,0.499729,0.499842,0.499911,0.499951,0.499974,0.499987,0.499994,0.499997,0.499999,0.499999,0.5,0.5,0.5,0.5,0.5,0.5
0.5,0.5,0.5,0.5,0.5,0.5,0.5,0.499999,0.499998,0.499996,0.499992,0.499985,0.499972,0.499948,0.499908,0.499842,0.499737,0.499578,0.499344,0.499015,0.498567,0.497983,0.497251,0.496371,0.495359,0.494248,0.493091,0.491954,0.490913,0.490046,0.489424,0.489098,0.489098,0.489424,0.490046,0.490913,0.491954,0.493091,0.494248,0.495359,0.496371,0.497251,0.497983,0.498567,0.499015,0.499344,0.499578,0.499737,0.499842,0.499908,0.499948,0.499972,0.499985,0.499992,0.499996,0.499998,0.499999,0.5,0.5,0.5,0.5,0.5,0.5,0.5
0.5,0.5,0.5,0.5,0.5,0.5,0.5,0.5,0.499999,0.499998,0.499996,0.499992,0.499984,0.499971,0.499948,0.499911,0.499851,0.499761,0.499627,0.499438,0.49918,0.498843,0.49842,0.497909,0.49732,0.496673,0.495996,0.49533,0.494719,0.49421,0.493845,0.493653,0.493653,0.493845,0.49421,0.494719,0.49533,0.495996,0.496673,0.49732,0.497909,0.49842,0.498843,0.49918,0.499438,0.499627,0.499761,0.499851,0.499911,0.499948,0.499971,0.499984,0.499992,0.499996,0.499998,0.499999,0.5,0.5,0.5,0.5,0.5,0.5,0.5,0.5
0.5,0.5,0.5,0.5,0.5,0.5,0.5,0.5,0.499999,0.499999,0.499998,0.499996,0.499991,0.499984,0.499972,0.499951,0.499919,0.499869,0.499795,0.49969,0.499547,0.499359,0.499123,0.498836,0.498506,0.498141,0.497759,0.497383,0.497037,0.496749,0.496541,0.496433,0.496433,0.496541,0.496749,0.497037,0.497383,0.497759,0.498141,0.498506,0.498836,0.499123,0.499359,0.499547,0.49969,0.499795,0.499869,0.499919,0.499951,0.499972,0.499984,0.499991,0.499996,0.499998,0.499999,0.499999,0.5,0.5,0.5,0.5,0.5,0.5,0.5,0.5
0.5,0.5,0.5,0.5,0.5,0.5,0.5,0.5,0.5,0.499999,0.499999,0.499998,0.499996,0.499992,0.499985,0.499974,0.499957,0.49993,0.499891,0.499835,0.499758,0.499657,0.49953,0.499375,0.499195,0.498997,0.49879,0.498584,0.498396,0.498238,0.498124,0.498065,0.498065,0.498124,0.498238,0.498396,0.498584,0.49879,0.498997,0.499195,0.499375,0.49953,0.499657,0.499758,0.499835,0.499891,0.49993,0.499957,0.499974,0.499985,0.499992,0.499996,0.499998,0.499999,0.499999,0.5,0.5,0.5,0.5,0.5,0.5,0.5,0.5,0.5
0.5,0.5,0.5,0.5,0.5,0.5,0.5,0.5,0.5,0.5,0.499999,0.499999,0.499998,0.499996,0.499992,0.499987,0.499978,0.499964,0.499944,0.499915,0.499875,0.499823,0.499756,0.499676,0.499582,0.499478,0.499369,0.499261,0.499162,0.499078,0.499018,0.498987,0.498987,0.499018,0.499078,0.499162,0.499261,0.499369,0.499478,0.499582,0.499676,0.499756,0.499823,0.499875,0.499915,0.499944,0.499964,0.499978,0.499987,0.499992,0.499996,0.499998,0.499999,0.499999,0.5,0.5,0.5,0.5,0.5,0.5,0.5,0.5,0.5,0.5
0.5,0.5,0.5,0.5,0.5,0.5,0.5,0.5,0.5,0.5,0.5,0.499999,0.499999,0.499998,0.499996,0.499994,0.499989,0.499982,0.499972,0.499958,0.499938,0.499912,0.499878,0.499838,0.49979,0.499738,0.499682,0.499628,0.499577,0.499535,0.499504,0.499488,0.499488,0.499504,0.499535,0.499577,0.499628,0.499682,0.499738,0.49979,0.499838,0.499878,0.499912,0.499938,0.499958,0.499972,0.499982,0.499989,0.499994,0.499996,0.499998,0.499999,0.499999,0.5,0.5,0.5,0.5,0.5,0.5,0.5,0.5,0.5,0.5,0.5
0.5,0.5,0.5,0.5,0.5,0.5,0.5,0.5,0.5,0.5,0.5,0.5,0.499999,0.499999,0.499998,0.499997,0.499995,0.499992,0.499987,0.49998,0.49997,0.499957,0.499941,0.499922,0.499898,0.499873,0.499846,0.499819,0.499794,0.499774,0.499759,0.499751,0.499751,0.499759,0.499774,0.499794,0.499819,0.499846,0.499873,0.499898,0.499922,0.499941,0.499957,0.49997,0.49998,0.499987,0.499992,0.499995,0.499997,0.499998,0.499999,0.499999,0.5,0.5,0.5,0.5,0.5,0.5,0.5,0.5,0.5,0.5,0.5,0.5
0.5,0.5,0.5,0.5,0.5,0.5,0.5,0.5,0.5,0.5,0.5,0.5,0.5,0.5,0.499999,0.499999,0.499998,0.499996,0.499994,0.499991,0.499986,0.49998,0.499973,0.499963,0.499953,0.499941,0.499928,0.499915,0.499903,0.499894,0.499887,0.499883,0.499883,0.499887,0.499894,0.499903,0.499915,0.499928,0.499941,0.499953,0.499963,0.499973,0.49998,0.499986,0.499991,0.499994,0.499996,0.499998,0.499999,0.499999,0.5,0.5,0.5,0.5,0.5,0.5,0.5,0.5,0.5,0.5,0.5,0.5,0.5,0.5
0.5,0.5,0.5,0.5,0.5,0.5,0.5,0.5,0.5,0.5,0.5,0.5,0.5,0.5,0.5,0.499999,0.499999,0.499998,0.499997,0.499996,0.499994,0.499991,0.499988,0.499984,0.499979,0.499973,0.499967,0.499962,0.499956,0.499952,0.499949,0.499947,0.499947,0.499949,0.499952,0.499956,0.499962,0.499967,0.499973,0.499979,0.499984,0.499988,0.499991,0.499994,0.499996,0.499997,0.499998,0.499999,0.499999,0.5,0.5,0.5,0.5,0.5,0.5,0.5,0.5,0.5,0.5,0.5,0.5,0.5,0.5,0.5
0.5,0.5,0.5,0.5,0.5,0.5,0.5,0.5,0.5,0.5,0.5,0.5,0.5,0.5,0.5,0.5,0.5,0.499999,0.499999,0.499998,0.499997,0.499996,0.499995,0.499993,0.499991,0.499988,0.499986,0.499983,0.499981,0.499979,0.499978,0.499977,0.499977,0.499978,0.499979,0.499981,0.499983,0.499986,0.499988,0.499991,0.499993,0.499995,0.499996,0.499997,0.499998,0.499999,0.499999,0.5,0.5,0.5,0.5,0.5,0.5,0.5,0.5,0.5,0.5,0.5,0.5,0.5,0.5,0.5,0.5,0.5
0.5,0.5,0.5,0.5,0.5,0.5,0.5,0.5,0.5,0.5,0.5,0.5,0.5,0.5,0.5,0.5,0.5,0.5,0.5,0.499999,0.499999,0.499998,0.499998,0.499997,0.499996,0.499995,0.499994,0.499993,0.499992,0.499991,0.499991,0.49999,0.49999,0.499991,0.499991,0.499992,0.499993,0.499994,0.499995,0.499996,0.499997,0.499998,0.499998,0.499999,0.499999,0.5,0.5,0.5,0.5,0.5,0.5,0.5,0.5,0.5,0.5,0.5,0.5,0.5,0.5,0.5,0.5,0.5,0.5,0.5
0.5,0.5,0.5,0.5,0.5,0.5,0.5,0.5,0.5,0.5,0.5,0.5,0.5,0.5,0.5,0.5,0.5,0.5,0.5,0.5,0.5,0.499999,0.499999,0.499999,0.499998,0.499998,0.499998,0.499997,0.499997,0.499996,0.499996,0.499996,0.499996,0.499996,0.499996,0.499997,0.499997,0.499998,0.499998,0.499998,0.499999,0.499999,0.499999,0.5,0.5,0.5,0.5,0.5,0.5,0.5,0.5,0.5,0.5,0.5,0.5,0.5,0.5,0.5,0.5,0.5,0.5,0.5,0.5,0.5
0.5,0.5,0.5,0.5,0.5,0.5,0.5,0.5,0.5,0.5,0.5,0.5,0.5,0.5,0.5,0.5,0.5,0.5,0.5,0.5,0.5,0.5,0.5,0.5,0.499999,0.499999,0.499999,0.499999,0.499999,0.499999,0.499998,0.499998,0.499998,0.499998,0.499999,0.499999,0.499999,0.499999,0.499999,0.499999,0.5,0.5,0.5,0.5,0.5,0.5,0.5,0.5,0.5,0.5,0.5,0.5,0.5,0.5,0.5,0.5,0.5,0.5,0.5,0.5,0.5,0.5,0.5,0.5
0.5,0.5,0.5,0.5,0.5,0.5,0.5,0.5,0.5,0.5,0.5,0.5,0.5,0.5,0.5,0.5,0.5,0.5,0.5,0.5,0.5,0.5,0.5,0.5,0.5,0.5,0.5,0.499999,0.499999,0.499999,0.499999,0.499999,0.499999,0.499999,0.499999,0.499999,0.499999,0.5,0.5,0.5,0.5,0.5,0.5,0.5,0.5,0.5,0.5,0.5,0.5,0.5,0.5,0.5,0.5,0.5,0.5,0.5,0.5,0.5,0.5,0.5,0.5,0.5,0.5,0.5
0.5,0.5,0.5,0.5,0.5,0.5,0.5,0.5,0.5,0.5,0.5,0.5,0.5,0.5,0.5,0.5,0.5,0.5,0.5,0.5,0.5,0.5,0.5,0.5,0.5,0.5,0.5,0.499999,0.499999,0.499999,0.499999,0.499999,0.499999,0.499999,0.499999,0.499999,0.499999,0.5,0.5,0.5,0.5,0.5,0.5,0.5,0.5,0.5,0.5,0.5,0.5,0.5,0.5,0.5,0.5,0.5,0.5,0.5,0.5,0.5,0.5,0.5,0.5,0.5,0.5,0.5
