0.5,0.5,0.5,0.5,0.5,0.5,0.5,0.5,0.5,0.5,0.5,0.5,0.5,0.5,0.5,0.5,0.5,0.5,0.5,0.5,0.5,0.5,0.5,0.5,0.5,0.5,0.5,0.5,0.5,0.5,0.5,0.5,0.5,0.5,0.5,0.5,0.5,0.5,0.5,0.5,0.5,0.5,0.5,0.5,0.5,0.5,0.5,0.5,0.5,0.5,0.5,0.5,0.5,0.5,0.5,0.5,0.5,0.5,0.5,0.5,0.5,0.5,0.5,0.5
0.5,0.5,0.5,0.5,0.5,0.5,0.5,0.5,0.5,0.5,0.5,0.5,0.5,0.5,0.5,0.5,0.5,0.5,0.5,0.5,0.5,0.5,0.5,0.5,0.5,0.5,0.5,0.5,0.5,0.5,0.5,0.5,0.5,0.5,0.5,0.5,0.5,0.5,0.5,0.5,0.5,0.5,0.5,0.5,0.5,0.5,0.5,0.5,0.5,0.5,0.5,0.5,0.5,0.5,0.5,0.5,0.5,0.5,0.5,0.5,0.5,0.5,0.5,0.5
0.5,0.5,0.5,0.5,0.5,0.5,0.5,0.5,0.5,0.5,0.5,0.5,0.5,0.5,0.5,0.5,0.5,0.5,0.5,0.5,0.5,0.5,0.5,0.5,0.5,0.5,0.5,0.5,0.5,0.5,0.5,0.5,0.5,0.5,0.5,0.5,0.5,0.5,0.5,0.5,0.5,0.5,0.5,0.5,0.5,0.5,0.5,0.5,0.5,0.5,0.5,0.5,0.5,0.5,0.5,0.5,0.5,0.5,0.5,0.5,0.5,0.5,0.5,0.5
0.5,0.5,0.5,0.5,0.5,0.5,0.5,0.5,0.5,0.5,0.5,0.5,0.5,0.5,0.5,0.5,0.5,0.5,0.5,0.5,0.5,0.5,0.5,0.5,0.5,0.5,0.5,0.5,0.5,0.5,0.5,0.5,0.5,0.5,0.5,0.5,0.5,0.5,0.5,0.5,0.5,0.5,0.5,0.5,0.5,0.5,0.5,0.5,0.5,0.5,0.5,0.5,0.5,0.5,0.5,0.5,0.5,0.5,0.5,0.5,0.5,0.5,0.5,0.5
0.5,0.5,0.5,0.5,0.5,0.5,0.5,0.5,0.5,0.5,0.5,0.5,0.5,0.5,0.5,0.5,0.5,0.5,0.5,0.5,0.5,0.5,0.5,0.5,0.5,0.5,0.499999,0.499999,0.499999,0.499999,0.499999,0.499999,0.499999,0.499999,0.499999,0.499999,0.499999,0.499999,0.5,0.5,0.5,0.5,0.5,0.5,0.5,0.5,0.5,0.5,0.5,0.5,0.5,0.5,0.5,0.5,0.5,0.5,0.5,0.5,0.5,0.5,0.5,0.5,0.5,0.5
0.5,0.5,0.5,0.5,0.5,0.5,0.5,0.5,0.5,0.5,0.5,0.5,0.5,0.5,0.5,0.5,0.5,0.5,0.5,0.5,0.5,0.5,0.5,0.499999,0.499999,0.499999,0.499999,0.499998,0.499998,0.499998,0.499998,0.499998,0.499998,0.499998,0.499998,0.499998,0.499998,0.499999,0.499999,0.499999,0.499999,0.5,0.5,0.5,0.5,0.5,0.5,0.5,0.5,0.5,0.5,0.5,0.5,0.5,0.5,0.5,0.5,0.5,0.5,0.5,0.5,0.5,0.5,0.5
0.5,0.5,0.5,0.5,0.5,0.5,0.5,0.5,0.5,0.5,0.5,0.5,0.5,0.5,0.5,0.5,0.5,0.5,0.5,0.5,0.499999,0.499999,0.499999,0.499998,0.499998,0.499997,0.499997,0.499996,0.499995,0.499995,0.499994,0.499994,0.499994,0.499994,0.499995,0.499995,0.499996,0.499997,0.499997,0.499998,0.499998,0.499999,0.499999,0.499999,0.5,0.5,0.5,0.5,0.5,0.5,0.5,0.5,0.5,0.5,0.5,0.5,0.5,0.5,0.5,0.5,0.5,0.5,0.5,0.5
0.5,0.5,0.5,0.5,0.5,0.5,0.5,0.5,0.5,0.5,0.5,0.5,0.5,0.5,0.5,0.5,0.5,0.5,0.499999,0.499999,0.499999,0.499998,0.499997,0.499996,0.499995,0.499993,0.499992,0.49999,0.499988,0.499987,0.499986,0.499986,0.499986,0.499986,0.499987,0.499988,0.49999,0.499992,0.499993,0.499995,0.499996,0.499997,0.499998,0.499999,0.499999,0.499999,0.5,0.5,0.5,0.5,0.5,0.5,0.5,0.5,0.5,0.5,0.5,0.5,0.5,0.5,0.5,0.5,0.5,0.5
0.5,0.5,0.5,0.5,0.5,0.5,0.5,0.5,0.5,0.5,0.5,0.5,0.5,0.5,0.5,0.5,0.5,0.499999,0.499999,0.499998,0.499997,0.499995,0.499993,0.499991,0.499988,0.499984,0.49998,0.499976,0.499973,0.499969,0.499967,0.499966,0.499966,0.499967,0.499969,0.499973,0.499976,0.49998,0.499984,0.499988,0.499991,0.499993,0.499995,0.499997,0.499998,0.499999,0.499999,0.5,0.5,0.5,0.5,0.5,0.5,0.5,0.5,0.5,0.5,0.5,0.5,0.5,0.5,0.5,0.5,0.5
0.5,0.5,0.5,0.5,0.5,0.5,0.5,0.5,0.5,0.5,0.5,0.5,0.5,0.5,0.5,0.499999,0.499999,0.499998,0.499997,0.499995,0.499993,0.499989,0.499985,0.499979,0.499972,0.499964,0.499955,0.499946,0.499938,0.499931,0.499925,0.499923,0.499923,0.499925,0.499931,0.499938,0.499946,0.499955,0.499964,0.499972,0.499979,0.499985,0.499989,0.499993,0.499995,0.499997,0.499998,0.499999,0.499999,0.5,0.5,0.5,0.5,0.5,0.5,0.5,0.5,0.5,0.5,0.5,0.5,0.5,0.5,0.5
0.5,0.5,0.5,0.5,0.5,0.5,0.5,0.5,0.5,0.5,0.5,0.5,0.5,0.5,0.499999,0.499999,0.499998,0.499996,0.499994,0.49999,0.499984,0.499977,0.499966,0.499954,0.499938,0.49992,0.499901,0.499882,0.499863,0.499848,0.499837,0.499831,0.499831,0.499837,0.499848,0.499863,0.499882,0.499901,0.49992,0.499938,0.499954,0.499966,0.499977,0.499984,0.49999,0.499994,0.499996,0.499998,0.499999,0.499999,0.5,0.5,0.5,0.5,0.5,0.5,0.5,0.5,0.5,0.5,0.5,0.5,0.5,0.5
0.5,0.5,0.5,0.5,0.5,0.5,0.5,0.5,0.5,0.5,0.5,0.5,0.5,0.499999,0.499999,0.499997,0.499995,0.499992,0.499986,0.499978,0.499967,0.49995,0.499929,0.499902,0.499869,0.499832,0.499791,0.49975,0.499712,0.499679,0.499655,0.499643,0.499643,0.499655,0.499679,0.499712,0.49975,0.499791,0.499832,0.499869,0.499902,0.499929,0.49995,0.499967,0.499978,0.499986,0.499992,0.499995,0.499997,0.499999,0.499999,0.5,0.5,0.5,0.5,0.5,0.5,0.5,0.5,0.5,0.5,0.5,0.5,0.5
0.5,0.5,0.5,0.5,0.5,0.5,0.5,0.5,0.5,0.5,0.5,0.5,0.499999,0.499998,0.499997,0.499994,0.49999,0.499983,0.499972,0.499956,0.499932,0.499899,0.499855,0.4998,0.499733,0.499657,0.499575,0.499492,0.499414,0.499348,0.4993,0.499274,0.499274,0.4993,0.499348,0.499414,0.499492,0.499575,0.499657,0.499733,0.4998,0.499855,0.499899,0.499932,0.499956,0.499972,0.499983,0.49999,0.499994,0.499997,0.499998,0.499999,0.5,0.5,0.5,0.5,0.5,0.5,0.5,0.5,0.5,0.5,0.5,0.5
0.5,0.5,0.5,0.5,0.5,0.5,0.5,0.5,0.5,0.5,0.5,0.499999,0.499998,0.499997,0.499994,0.499989,0.499981,0.499967,0.499945,0.499912,0.499865,0.499801,0.499715,0.499606,0.499476,0.499328,0.499167,0.499004,0.498851,0.498722,0.498627,0.498577,0.498577,0.498627,0.498722,0.498851,0.499004,0.499167,0.499328,0.499476,0.499606,0.499715,0.499801,0.499865,0.499912,0.499945,0.499967,0.499981,0.499989,0.499994,0.499997,0.499998,0.499999,0.5,0.5,0.5,0.5,0.5,0.5,0.5,0.5,0.5,0.5,0.5
0.5,0.5,0.5,0.5,0.5,0.5,0.5,0.5,0.5,0.5,0.499999,0.499999,0.499997,0.499994,0.499989,0.499979,0.499963,0.499937,0.499896,0.499834,0.499745,0.499622,0.499459,0.499254,0.499008,0.498727,0.498424,0.498117,0.497829,0.497584,0.497406,0.497312,0.497312,0.497406,0.497584,0.497829,0.498117,0.498424,0.498727,0.499008,0.499254,0.499459,0.499622,0.499745,0.499834,0.499896,0.499937,0.499963,0.499979,0.499989,0.499994,0.499997,0.499999,0.499999,0.5,0.5,0.5,0.5,0.5,0.5,0.5,0.5,0.5,0.5
0.5,0.5,0.5,0.5,0.5,0.5,0.5,0.5,0.5,0.499999,0.499999,0.499997,0.499994,0.499989,0.499979,0.499962,0.499932,0.499884,0.499808,0.499695,0.499532,0.499307,0.499011,0.498637,0.498189,0.497677,0.497125,0.496566,0.496042,0.495597,0.495273,0.495102,0.495102,0.495273,0.495597,0.496042,0.496566,0.497125,0.497677,0.498189,0.498637,0.499011,0.499307,0.499532,0.499695,0.499808,0.499884,0.499932,0.499962,0.499979,0.499989,0.499994,0.499997,0.499999,0.499999,0.5,0.5,0.5,0.5,0.5,0.5,0.5,0.5,0.5
0.5,0.5,0.5,0.5,0.5,0.5,0.5,0.5,0.5,0.499999,0.499998,0.499995,0.49999,0.499981,0.499963,0.499932,0.49988,0.499794,0.499661,0.499461,0.499174,0.498778,0.498256,0.497599,0.49681,0.495911,0.494941,0.49396,0.493041,0.492261,0.491693,0.491393,0.491393,0.491693,0.492261,0.493041,0.49396,0.494941,0.495911,0.49681,0.497599,0.498256,0.498778,0.499174,0.499461,0.499661,0.499794,0.49988,0.499932,0.499963,0.499981,0.49999,0.499995,0.499998,0.499999,0.5,0.5,0.5,0.5,0.5,0.5,0.5,0.5,0.5
0.5,0.5,0.5,0.5,0.5,0.5,0.5,0.5,0.499999,0.499998,0.499996,0.499992,0.499983,0.499967,0.499937,0.499884,0.499794,0.499649,0.499422,0.499082,0.498593,0.49792,0.497034,0.495919,0.494582,0.493058,0.491416,0.489756,0.4882,0.486881,0.48592,0.485414,0.485414,0.48592,0.486881,0.4882,0.489756,0.491416,0.493058,0.494582,0.495919,0.497034,0.49792,0.498593,0.499082,0.499422,0.499649,0.499794,0.499884,0.499937,0.499967,0.499983,0.499992,0.499996,0.499998,0.499999,0.5,0.5,0.5,0.5,0.5,0.5,0.5,0.5
0.5,0.5,0.5,0.5,0.5,0.5,0.5,0.499999,0.499999,0.499997,0.499994,0.499986,0.499972,0.499945,0.499896,0.499808,0.499661,0.499422,0.499049,0.49849,0.497688,0.496586,0.495135,0.49331,0.491123,0.488632,0.48595,0.483239,0.4807,0.478547,0.476981,0.476155,0.476155,0.476981,0.478547,0.4807,0.483239,0.48595,0.488632,0.491123,0.49331,0.495135,0.496586,0.497688,0.49849,0.499049,0.499422,0.499661,0.499808,0.499896,0.499945,0.499972,0.499986,0.499994,0.499997,0.499999,0.499999,0.5,0.5,0.5,0.5,0.5,0.5,0.5
0.5,0.5,0.5,0.5,0.5,0.5,0.5,0.499999,0.499998,0.499995,0.49999,0.499978,0.499956,0.499912,0.499834,0.499695,0.499461,0.499082,0.49849,0.497606,0.496337,0.494594,0.492301,0.48942,0.48597,0.482042,0.477816,0.473545,0.469547,0.466158,0.463692,0.462393,0.462393,0.463692,0.466158,0.469547,0.473545,0.477816,0.482042,0.48597,0.48942,0.492301,0.494594,0.496337,0.497606,0.49849,0.499082,0.499461,0.499695,0.499834,0.499912,0.499956,0.499978,0.49999,0.499995,0.499998,0.499999,0.5,0.5,0.5,0.5,0.5,0.5,0.5
0.5,0.5,0.5,0.5,0.5,0.5,0.499999,0.499999,0.499997,0.499993,0.499984,0.499967,0.499932,0.499865,0.499745,0.499532,0.499174,0.498593,0.497688,0.496337,0.494401,0.491741,0.488247,0.483858,0.478605,0.47263,0.466203,0.459713,0.453638,0.44849,0.444746,0.442773,0.442773,0.444746,0.44849,0.453638,0.459713,0.466203,0.47263,0.478605,0.483858,0.488247,0.491741,0.494401,0.496337,0.497688,0.498593,0.499174,0.499532,0.499745,0.499865,0.499932,0.499967,0.499984,0.499993,0.499997,0.499999,0.499999,0.5,0.5,0.5,0.5,0.5,0.5
0.5,0.5,0.5,0.5,0.5,0.5,0.499999,0.499998,0.499995,0.499989,0.499977,0.49995,0.499899,0.499801,0.499622,0.499307,0.498778,0.49792,0.496586,0.494594,0.491741,0.487827,0.482687,0.476237,0.46852,0.459748,0.450316,0.440796,0.431888,0.424343,0.418855,0.415965,0.415965,0.418855,0.424343,0.431888,0.440796,0.450316,0.459748,0.46852,0.476237,0.482687,0.487827,0.491741,0.494594,0.496586,0.49792,0.498778,0.499307,0.499622,0.499801,0.499899,0.49995,0.499977,0.499989,0.499995,0.499998,0.499999,0.5,0.5,0.5,0.5,0.5,0.5
0.5,0.5,0.5,0.5,0.5,0.5,0.499999,0.499997,0.499993,0.499985,0.499966,0.499929,0.499855,0.499715,0.499459,0.499011,0.498256,0.497034,0.495135,0.492301,0.488247,0.482687,0.47539,0.46624,0.4553,0.44287,0.429511,0.416033,0.403427,0.392751,0.384989,0.3809,0.3809,0.384989,0.392751,0.403427,0.416033,0.429511,0.44287,0.4553,0.46624,0.47539,0.482687,0.488247,0.492301,0.495135,0.497034,0.498256,0.499011,0.499459,0.499715,0.499855,0.499929,0.499966,0.499985,0.499993,0.499997,0.499999,0.5,0.5,0.5,0.5,0.5,0.5
0.5,0.5,0.5,0.5,0.5,0.499999,0.499998,0.499996,0.499991,0.499979,0.499954,0.499902,0.4998,0.499606,0.499254,0.498637,0.497599,0.495919,0.49331,0.48942,0.483858,0.476237,0.46624,0.453711,0.43874,0.421738,0.403474,0.385055,0.367832,0.35325,0.34265,0.337068,0.337068,0.34265,0.35325,0.367832,0.385055,0.403474,0.421738,0.43874,0.453711,0.46624,0.476237,0.483858,0.48942,0.49331,0.495919,0.497599,0.498637,0.499254,0.499606,0.4998,0.499902,0.499954,0.499979,0.499991,0.499996,0.499998,0.499999,0.5,0.5,0.5,0.5,0.5
0.5,0.5,0.5,0.5,0.5,0.499999,0.499998,0.499995,0.499988,0.499972,0.499938,0.499869,0.499733,0.499476,0.499008,0.498189,0.49681,0.494582,0.491123,0.48597,0.478605,0.46852,0.4553,0.43874,0.418962,0.396511,0.372404,0.348101,0.325383,0.306153,0.292177,0.284817,0.284817,0.292177,0.306153,0.325383,0.348101,0.372404,0.396511,0.418962,0.43874,0.4553,0.46852,0.478605,0.48597,0.491123,0.494582,0.49681,0.498189,0.499008,0.499476,0.499733,0.499869,0.499938,0.499972,0.499988,0.499995,0.499998,0.499999,0.5,0.5,0.5,0.5,0.5
0.5,0.5,0.5,0.5,0.5,0.499999,0.499997,0.499993,0.499984,0.499964,0.49992,0.499832,0.499657,0.499328,0.498727,0.497677,0.495911,0.493058,0.488632,0.482042,0.47263,0.459748,0.44287,0.421738,0.396511,0.367887,0.337163,0.306199,0.277263,0.252775,0.23498,0.22561,0.22561,0.23498,0.252775,0.277263,0.306199,0.337163,0.367887,0.396511,0.421738,0.44287,0.459748,0.47263,0.482042,0.488632,0.493058,0.495911,0.497677,0.498727,0.499328,0.499657,0.499832,0.49992,0.499964,0.499984,0.499993,0.499997,0.499999,0.5,0.5,0.5,0.5,0.5
0.5,0.5,0.5,0.5,0.499999,0.499999,0.499997,0.499992,0.49998,0.499955,0.499901,0.499791,0.499575,0.499167,0.498424,0.497125,0.494941,0.491416,0.48595,0.477816,0.466203,0.450316,0.429511,0.403474,0.372404,0.337163,0.29935,0.261252,0.225657,0.19554,0.173657,0.162136,0.162136,0.173657,0.19554,0.225657,0.261252,0.29935,0.337163,0.372404,0.403474,0.429511,0.450316,0.466203,0.477816,0.48595,0.491416,0.494941,0.497125,0.498424,0.499167,0.499575,0.499791,0.499901,0.499955,0.49998,0.499992,0.499997,0.499999,0.499999,0.5,0.5,0.5,0.5
0.5,0.5,0.5,0.5,0.499999,0.499998,0.499996,0.49999,0.499976,0.499946,0.499882,0.49975,0.499492,0.499004,0.498117,0.496566,0.49396,0.489756,0.483239,0.473545,0.459713,0.440796,0.416033,0.385055,0.348101,0.306199,0.261252,0.215976,0.173686,0.137909,0.111917,0.0982329,0.0982329,0.111917,0.137909,0.173686,0.215976,0.261252,0.306199,0.348101,0.385055,0.416033,0.440796,0.459713,0.473545,0.483239,0.489756,0.49396,0.496566,0.498117,0.499004,0.499492,0.49975,0.499882,0.499946,0.499976,0.49999,0.499996,0.499998,0.499999,0.5,0.5,0.5,0.5
0.5,0.5,0.5,0.5,0.499999,0.499998,0.499995,0.499988,0.499973,0.499938,0.499863,0.499712,0.499414,0.498851,0.497829,0.496042,0.493041,0.4882,0.4807,0.469547,0.453638,0.431888,0.403427,0.367832,0.325383,0.277263,0.225657,0.173686,0.125148,0.0840922,0.0542677,0.0385675,0.0385675,0.0542677,0.0840922,0.125148,0.173686,0.225657,0.277263,0.325383,0.367832,0.403427,0.431888,0.453638,0.469547,0.4807,0.4882,0.493041,0.496042,0.497829,0.498851,0.499414,0.499712,0.499863,0.499938,0.499973,0.499988,0.499995,0.499998,0.499999,0.5,0.5,0.5,0.5
0.5,0.5,0.5,0.5,0.499999,0.499998,0.499995,0.499987,0.499969,0.499931,0.499848,0.499679,0.499348,0.498722,0.497584,0.495597,0.492261,0.486881,0.478547,0.466158,0.44849,0.424343,0.392751,0.35325,0.306153,0.252775,0.19554,0.137909,0.0840922,0.0385756,0.00551331,-0.0118906,-0.0118906,0.00551331,0.0385756,0.0840922,0.137909,0.19554,0.252775,0.306153,0.35325,0.392751,0.424343,0.44849,0.466158,0.478547,0.486881,0.492261,0.495597,0.497584,0.498722,0.499348,0.499679,0.499848,0.499931,0.499969,0.499987,0.499995,0.499998,0.499999,0.5,0.5,0.5,0.5
0.5,0.5,0.5,0.5,0.499999,0.499998,0.499994,0.499986,0.499967,0.499925,0.499837,0.499655,0.4993,0.498627,0.497406,0.495273,0.491693,0.48592,0.476981,0.463692,0.444746,0.418855,0.384989,0.34265,0.292177,0.23498,0.173657,0.111917,0.0542677,0.00551331,-0.0298992,-0.0485396,-0.0485396,-0.0298992,0.00551331,0.0542677,0.111917,0.173657,0.23498,0.292177,0.34265,0.384989,0.418855,0.444746,0.463692,0.476981,0.48592,0.491693,0.495273,0.497406,0.498627,0.4993,0.499655,0.499837,0.499925,0.499967,0.499986,0.499994,0.499998,0.499999,0.5,0.5,0.5,0.5
0.5,0.5,0.5,0.5,0.499999,0.499998,0.499994,0.499986,0.499966,0.499923,0.499831,0.499643,0.499274,0.498577,0.497312,0.495102,0.491393,0.485414,0.476155,0.462393,0.442773,0.415965,0.3809,0.337068,0.284817,0.22561,0.162136,0.0982329,0.0385675,-0.0118906,-0.0485396,-0.0678306,-0.0678306,-0.0485396,-0.0118906,0.0385675,0.0982329,0.162136,0.22561,0.284817,0.337068,0.3809,0.415965,0.442773,0.462393,0.476155,0.485414,0.491393,0.495102,0.497312,0.498577,0.499274,0.499643,0.499831,0.499923,0.499966,0.499986,0.499994,0.499998,0.499999,0.5,0.5,0.5,0.5
0.5,0.5,0.5,0.5,0.499999,0.499998,0.499994,0.499986,0.499966,0.499923,0.499831,0.499643,0.499274,0.498577,0.497312,0.495102,0.491393,0.485414,0.476155,0.462393,0.442773,0.415965,0.3809,0.337068,0.284817,0.22561,0.162136,0.0982329,0.0385675,-0.0118906,-0.0485396,-0.0678306,-0.0678306,-0.0485396,-0.0118906,0.0385675,0.0982329,0.162136,0.22561,0.284817,0.337068,0.3809,0.415965,0.442773,0.462393,0.476155,0.485414,0.491393,0.495102,0.497312,0.498577,0.499274,0.499643,0.499831,0.499923,0.499966,0.499986,0.499994,0.499998,0.499999,0.5,0.5,0.5,0.5
0.5,0.5,0.5,0.5,0.499999,0.499998,0.499994,0.499986,0.499967,0.499925,0.499837,0.499655,0.4993,0.498627,0.497406,0.495273,0.491693,0.48592,0.476981,0.463692,0.444746,0.418855,0.384989,0.34265,0.292177,0.23498,0.173657,0.111917,0.0542677,0.00551331,-0.0298992,-0.0485396,-0.0485396,-0.0298992,0.00551331,0.0542677,0.111917,0.173657,0.23498,0.292177,0.34265,0.384989,0.418855,0.444746,0.463692,0.476981,0.48592,0.491693,0.495273,0.497406,0.498627,0.4993,0.499655,0.499837,0.499925,0.499967,0.499986,0.499994,0.499998,0.499999,0.5,0.5,0.5,0.5
0.5,0.5,0.5,0.5,0.499999,0.499998,0.499995,0.499987,0.499969,0.499931,0.499848,0.499679,0.499348,0.498722,0.497584,0.495597,0.492261,0.486881,0.478547,0.466158,0.44849,0.424343,0.392751,0.35325,0.306153,0.252775,0.19554,0.137909,0.0840922,0.0385756,0.00551331,-0.0118906,-0.0118906,0.00551331,0.0385756,0.0840922,0.137909,0.19554,0.252775,0.306153,0.35325,0.392751,0.424343,0.44849,0.466158,0.478547,0.486881,0.492261,0.495597,0.497584,0.498722,0.499348,0.499679,0.499848,0.499931,0.499969,0.499987,0.499995,0.499998,0.499999,0.5,0.5,0.5,0.5
0.5,0.5,0.5,0.5,0.499999,0.499998,0.499995,0.499988,0.499973,0.499938,0.499863,0.499712,0.499414,0.498851,0.497829,0.496042,0.493041,0.4882,0.4807,0.469547,0.453638,0.431888,0.403427,0.367832,0.325383,0.277263,0.225657,0.173686,0.125148,0.0840922,0.0542677,0.0385675,0.0385675,0.0542677,0.0840922,0.125148,0.173686,0.225657,0.277263,0.325383,0.367832,0.403427,0.431888,0.453638,0.469547,0.4807,0.4882,0.493041,0.496042,0.497829,0.498851,0.499414,0.499712,0.499863,0.499938,0.499973,0.499988,0.499995,0.499998,0.499999,0.5,0.5,0.5,0.5
0.5,0.5,0.5,0.5,0.499999,0.499998,0.499996,0.49999,0.499976,0.499946,0.499882,0.49975,0.499492,0.499004,0.498117,0.496566,0.49396,0.489756,0.483239,0.473545,0.459713,0.440796,0.416033,0.385055,0.348101,0.306199,0.261252,0.215976,0.173686,0.137909,0.111917,0.0982329,0.0982329,0.111917,0.137909,0.173686,0.215976,0.261252,0.306199,0.348101,0.385055,0.416033,0.440796,0.459713,0.473545,0.483239,0.489756,0.49396,0.496566,0.498117,0.499004,0.499492,0.49975,0.499882,0.499946,0.499976,0.49999,0.499996,0.499998,0.499999,0.5,0.5,0.5,0.5
0.5,0.5,0.5,0.5,0.499999,0.499999,0.499997,0.499992,0.49998,0.499955,0.499901,0.499791,0.499575,0.499167,0.498424,0.497125,0.494941,0.491416,0.48595,0.477816,0.466203,0.450316,0.429511,0.403474,0.372404,0.337163,0.29935,0.261252,0.225657,0.19554,0.173657,0.162136,0.162136,0.173657,0.19554,0.225657,0.261252,0.29935,0.337163,0.372404,0.403474,0.429511,0.450316,0.466203,0.477816,0.48595,0.491416,0.494941,0.497125,0.498424,0.499167,0.499575,0.499791,0.499901,0.499955,0.49998,0.499992,0.499997,0.499999,0.499999,0.5,0.5,0.5,0.5
0.5,0.5,0.5,0.5,0.5,0.499999,0.499997,0.499993,0.499984,0.499964,0.49992,0.499832,0.499657,0.499328,0.498727,0.497677,0.495911,0.493058,0.488632,0.482042,0.47263,0.459748,0.44287,0.421738,0.396511,0.367887,0.337163,0.306199,0.277263,0.252775,0.23498,0.22561,0.22561,0.23498,0.252775,0.277263,0.306199,0.337163,0.367887,0.396511,0.421738,0.44287,0.459748,0.47263,0.482042,0.488632,0.493058,0.495911,0.497677,0.498727,0.499328,0.499657,0.499832,0.49992,0.499964,0.499984,0.499993,0.499997,0.499999,0.5,0.5,0.5,0.5,0.5
0.5,0.5,0.5,0.5,0.5,0.499999,0.499998,0.499995,0.499988,0.499972,0.499938,0.499869,0.499733,0.499476,0.499008,0.498189,0.49681,0.494582,0.491123,0.48597,0.478605,0.46852,0.4553,0.43874,0.418962,0.396511,0.372404,0.348101,0.325383,0.306153,0.292177,0.284817,0.284817,0.292177,0.306153,0.325383,0.348101,0.372404,0.396511,0.418962,0.43874,0.4553,0.46852,0.478605,0.48597,0.491123,0.494582,0.49681,0.498189,0.499008,0.499476,0.499733,0.499869,0.499938,0.499972,0.499988,0.499995,0.499998,0.499999,0.5,0.5,0.5,0.5,0.5
0.5,0.5,0.5,0.5,0.5,0.499999,0.499998,0.499996,0.499991,0.499979,0.499954,0.499902,0.4998,0.499606,0.499254,0.498637,0.497599,0.495919,0.49331,0.48942,0.483858,0.476237,0.46624,0.453711,0.43874,0.421738,0.403474,0.385055,0.367832,0.35325,0.34265,0.337068,0.337068,0.34265,0.35325,0.367832,0.385055,0.403474,0.421738,0.43874,0.453711,0.46624,0.476237,0.483858,0.48942,0.49331,0.495919,0.497599,0.498637,0.499254,0.499606,0.4998,0.499902,0.499954,0.499979,0.499991,0.499996,0.499998,0.499999,0.5,0.5,0.5,0.5,0.5
0.5,0.5,0.5,0.5,0.5,0.5,0.499999,0.499997,0.499993,0.499985,0.499966,0.499929,0.499855,0.499715,0.499459,0.499011,0.498256,0.497034,0.495135,0.492301,0.488247,0.482687,0.47539,0.46624,0.4553,0.44287,0.429511,0.416033,0.403427,0.392751,0.384989,0.3809,0.3809,0.384989,0.392751,0.403427,0.416033,0.429511,0.44287,0.4553,0.46624,0.47539,0.482687,0.488247,0.492301,0.495135,0.497034,0.498256,0.499011,0.499459,0.499715,0.499855,0.499929,0.499966,0.499985,0.499993,0.499997,0.499999,0.5,0.5,0.5,0.5,0.5,0.5
0.5,0.5,0.5,0.5,0.5,0.5,0.499999,0.499998,0.499995,0.499989,0.499977,0.49995,0.499899,0.499801,0.499622,0.499307,0.498778,0.49792,0.496586,0.494594,0.491741,0.487827,0.482687,0.476237,0.46852,0.459748,0.450316,0.440796,0.431888,0.424343,0.418855,0.415965,0.415965,0.418855,0.424343,0.431888,0.440796,0.450316,0.459748,0.46852,0.476237,0.482687,0.487827,0.491741,0.494594,0.496586,0.49792,0.498778,0.499307,0.499622,0.499801,0.499899,0.49995,0.499977,0.499989,0.499995,0.499998,0.499999,0.5,0.5,0.5,0.5,0.5,0.5
0.5,0.5,0.5,0.5,0.5,0.5,0.499999,0.499999,0.499997,0.499993,0.499984,0.499967,0.499932,0.499865,0.499745,0.499532,0.499174,0.498593,0.497688,0.496337,0.494401,0.491741,0.488247,0.483858,0.478605,0.47263,0.466203,0.459713,0.453638,0.44849,0.444746,0.442773,0.442773,0.444746,0.44849,0.453638,0.459713,0.466203,0.47263,0.478605,0.483858,0.488247,0.491741,0.494401,0.496337,0.497688,0.498593,0.499174,0.499532,0.499745,0.499865,0.499932,0.499967,0.499984,0.499993,0.499997,0.499999,0.499999,0.5,0.5,0.5,0.5,0.5,0.5
0.5,0.5,0.5,0.5,0.5,0.5,0.5,0.499999,0.499998,0.499995,0.49999,0.499978,0.499956,0.499912,0.499834,0.499695,0.499461,0.499082,0.49849,0.497606,0.496337,0.494594,0.492301,0.48942,0.48597,0.482042,0.477816,0.473545,0.469547,0.466158,0.463692,0.462393,0.462393,0.463692,0.466158,0.469547,0.473545,0.477816,0.482042,0.48597,0.48942,0.492301,0.494594,0.496337,0.497606,0.49849,0.499082,0.499461,0.499695,0.499834,0.499912,0.499956,0.499978,0.49999,0.499995,0.499998,0.499999,0.5,0.5,0.5,0.5,0.5,0.5,0.5
0.5,0.5,0.5,0.5,0.5,0.5,0.5,0.499999,0.499999,0.499997,0.499994,0.499986,0.499972,0.499945,0.499896,0.499808,0.499661,0.499422,0.499049,0.49849,0.497688,0.496586,0.495135,0.49331,0.491123,0.488632,0.48595,0.483239,0.4807,0.478547,0.476981,0.476155,0.476155,0.476981,0.478547,0.4807,0.483239,0.48595,0.488632,0.491123,0.49331,0.495135,0.496586,0.497688,0.49849,0.499049,0.499422,0.499661,0.499808,0.499896,0.499945,0.499972,0.499986,0.499994,0.499997,0.499999,0.499999,0.5,0.5,0.5,0.5,0.5,0.5,0.5
0.5,0.5,0.5,0.5,0.5,0.5,0.5,0.5,0.499999,0.499998,0.499996,0.499992,0.499983,0.499967,0.499937,0.499884,0.499794,0.499649,0.499422,0.499082,0.498593,0.49792,0.497034,0.495919,0.494582,0.493058,0.491416,0.489756,0.4882,0.486881,0.48592,0.485414,0.485414,0.48592,0.486881,0.4882,0.489756,0.491416,0.493058,0.494582,0.495919,0.497034,0.49792,0.498593,0.499082,0.499422,0.499649,0.499794,0.499884,0.499937,0.499967,0.499983,0.499992,0.499996,0.499998,0.499999,0.5,0.5,0.5,0.5,0.5,0.5,0.5,0.5
0.5,0.5,0.5,0.5,0.5,0.5,0.5,0.5,0.5,0.499999,0.499998,0.499995,0.49999,0.499981,0.499963,0.499932,0.49988,0.499794,0.499661,0.499461,0.499174,0.498778,0.498256,0.497599,0.49681,0.495911,0.494941,0.49396,0.493041,0.492261,0.491693,0.491393,0.491393,0.491693,0.492261,0.493041,0.49396,0.494941,0.495911,0.49681,0.497599,0.498256,0.498778,0.499174,0.499461,0.499661,0.499794,0.49988,0.499932,0.499963,0.499981,0.49999,0.499995,0.499998,0.499999,0.5,0.5,0.5,0.5,0.5,0.5,0.5,0.5,0.5
0.5,0.5,0.5,0.5,0.5,0.5,0.5,0.5,0.5,0.499999,0.499999,0.499997,0.499994,0.499989,0.499979,0.499962,0.499932,0.499884,0.499808,0.499695,0.499532,0.499307,0.499011,0.498637,0.498189,0.497677,0.497125,0.496566,0.496042,0.495597,0.495273,0.495102,0.495102,0.495273,0.495597,0.496042,0.496566,0.497125,0.497677,0.498189,0.498637,0.499011,0.499307,0.499532,0.499695,0.499808,0.499884,0.499932,0.499962,0.499979,0.499989,0.499994,0.499997,0.499999,0.499999,0.5,0.5,0.5,0.5,0.5,0.5,0.5,0.5,0.5
0.5,0.5,0.5,0.5,0.5,0.5,0.5,0.5,0.5,0.5,0.499999,0.499999,0.499997,0.499994,0.499989,0.499979,0.499963,0.499937,0.499896,0.499834,0.499745,0.499622,0.499459,0.499254,0.499008,0.498727,0.498424,0.498117,0.497829,0.497584,0.497406,0.497312,0.497312,0.497406,0.497584,0.497829,0.498117,0.498424,0.498727,0.499008,0.499254,0.499459,0.499622,0.499745,0.499834,0.499896,0.499937,0.499963,0.499979,0.499989,0.499994,0.499997,0.499999,0.499999,0.5,0.5,0.5,0.5,0.5,0.5,0.5,0.5,0.5,0.5
0.5,0.5,0.5,0.5,0.5,0.5,0.5,0.5,0.5,0.5,0.5,0.499999,0.499998,0.499997,0.499994,0.499989,0.499981,0.499967,0.499945,0.499912,0.499865,0.499801,0.499715,0.499606,0.499476,0.499328,0.499167,0.499004,0.498851,0.498722,0.498627,0.498577,0.498577,0.498627,0.498722,0.498851,0.499004,0.499167,0.499328,0.499476,0.499606,0.499715,0.499801,0.499865,0.499912,0.499945,0.499967,0.499981,0.499989,0.499994,0.499997,0.499998,0.499999,0.5,0.5,0.5,0.5,0.5,0.5,0.5,0.5,0.5,0.5,0.5
0.5,0.5,0.5,0.5,0.5,0.5,0.5,0.5,0.5,0.5,0.5,0.5,0.499999,0.499998,0.499997,0.499994,0.49999,0.499983,0.499972,0.499956,0.499932,0.499899,0.499855,0.4998,0.499733,0.499657,0.499575,0.499492,0.499414,0.499348,0.4993,0.499274,0.499274,0.4993,0.499348,0.499414,0.499492,0.499575,0.499657,0.499733,0.4998,0.499855,0.499899,0.499932,0.499956,0.499972,0.499983,0.49999,0.499994,0.499997,0.499998,0.499999,0.5,0.5,0.5,0.5,0.5,0.5,0.5,0.5,0.5,0.5,0.5,0.5
0.5,0.5,0.5,0.5,0.5,0.5,0.5,0.5,0.5,0.5,0.5,0.5,0.5,0.499999,0.499999,0.499997,0.499995,0.499992,0.499986,0.499978,0.499967,0.49995,0.499929,0.499902,0.499869,0.499832,0.499791,0.49975,0.499712,0.499679,0.499655,0.499643,0.499643,0.499655,0.499679,0.499712,0.49975,0.499791,0.499832,0.499869,0.499902,0.499929,0.49995,0.499967,0.499978,0.499986,0.499992,0.499995,0.499997,0.499999,0.499999,0.5,0.5,0.5,0.5,0.5,0.5,0.5,0.5,0.5,0.5,0.5,0.5,0.5
0.5,0.5,0.5,0.5,0.5,0.5,0.5,0.5,0.5,0.5,0.5,0.5,0.5,0.5,0.499999,0.499999,0.499998,0.499996,0.499994,0.49999,0.499984,0.499977,0.499966,0.499954,0.499938,0.49992,0.499901,0.499882,0.499863,0.499848,0.499837,0.499831,0.499831,0.499837,0.499848,0.499863,0.499882,0.499901,0.49992,0.499938,0.499954,0.499966,0.499977,0.499984,0.49999,0.499994,0.499996,0.499998,0.499999,0.499999,0.5,0.5,0.5,0.5,0.5,0.5,0.5,0.5,0.5,0.5,0.5,0.5,0.5,0.5
0.5,0.5,0.5,0.5,0.5,0.5,0.5,0.5,0.5,0.5,0.5,0.5,0.5,0.5,0.5,0.499999,0.499999,0.499998,0.499997,0.499995,0.499993,0.499989,0.499985,0.499979,0.499972,0.499964,0.499955,0.499946,0.499938,0.499931,0.499925,0.499923,0.499923,0.499925,0.499931,0.499938,0.499946,0.499955,0.499964,0.499972,0.499979,0.499985,0.499989,0.499993,0.499995,0.499997,0.499998,0.499999,0.499999,0.5,0.5,0.5,0.5,0.5,0.5,0.5,0.5,0.5,0.5,0.5,0.5,0.5,0.5,0.5
0.5,0.5,0.5,0.5,0.5,0.5,0.5,0.5,0.5,0.5,0.5,0.5,0.5,0.5,0.5,0.5,0.5,0.499999,0.499999,0.499998,0.499997,0.499995,0.499993,0.499991,0.499988,0.499984,0.49998,0.499976,0.499973,0.499969,0.499967,0.499966,0.499966,0.499967,0.499969,0.499973,0.499976,0.49998,0.499984,0.499988,0.499991,0.499993,0.499995,0.499997,0.499998,0.499999,0.499999,0.5,0.5,0.5,0.5,0.5,0.5,0.5,0.5,0.5,0.5,0.5,0.5,0.5,0.5,0.5,0.5,0.5
0.5,0.5,0.5,0.5,0.5,0.5,0.5,0.5,0.5,0.5,0.5,0.5,0.5,0.5,0.5,0.5,0.5,0.5,0.499999,0.499999,0.499999,0.499998,0.499997,0.499996,0.499995,0.499993,0.499992,0.49999,0.499988,0.499987,0.499986,0.499986,0.499986,0.499986,0.499987,0.499988,0.49999,0.499992,0.499993,0.499995,0.499996,0.499997,0.499998,0.499999,0.499999,0.499999,0.5,0.5,0.5,0.5,0.5,0.5,0.5,0.5,0.5,0.5,0.5,0.5,0.5,0.5,0.5,0.5,0.5,0.5
0.5,0.5,0.5,0.5,0.5,0.5,0.5,0.5,0.5,0.5,0.5,0.5,0.5,0.5,0.5,0.5,0.5,0.5,0.5,0.5,0.499999,0.499999,0.499999,0.499998,0.499998,0.499997,0.499997,0.499996,0.499995,0.499995,0.499994,0.499994,0.499994,0.499994,0.499995,0.499995,0.499996,0.499997,0.499997,0.499998,0.499998,0.499999,0.499999,0.499999,0.5,0.5,0.5,0.5,0.5,0.5,0.5,0.5,0.5,0.5,0.5,0.5,0.5,0.5,0.5,0.5,0.5,0.5,0.5,0.5
0.5,0.5,0.5,0.5,0.5,0.5,0.5,0.5,0.5,0.5,0.5,0.5,0.5,0.5,0.5,0.5,0.5,0.5,0.5,0.5,0.5,0.5,0.5,0.499999,0.499999,0.499999,0.499999,0.499998,0.499998,0.499998,0.499998,0.499998,0.499998,0.499998,0.499998,0.499998,0.499998,0.499999,0.499999,0.499999,0.499999,0.5,0.5,0.5,0.5,0.5,0.5,0.5,0.5,0.5,0.5,0.5,0.5,0.5,0.5,0.5,0.5,0.5,0.5,0.5,0.5,0.5,0.5,0.5
0.5,0.5,0.5,0.5,0.5,0.5,0.5,0.5,0.5,0.5,0.5,0.5,0.5,0.5,0.5,0.5,0.5,0.5,0.5,0.5,0.5,0.5,0.5,0.5,0.5,0.5,0.499999,0.499999,0.499999,0.499999,0.499999,0.499999,0.499999,0.499999,0.499999,0.499999,0.499999,0.499999,0.5,0.5,0.5,0.5,0.5,0.5,0.5,0.5,0.5,0.5,0.5,0.5,0.5,0.5,0.5,0.5,0.5,0.5,0.5,0.5,0.5,0.5,0.5,0.5,0.5,0.5
0.5,0.5,0.5,0.5,0.5,0.5,0.5,0.5,0.5,0.5,0.5,0.5,0.5,0.5,0.5,0.5,0.5,0.5,0.5,0.5,0.5,0.5,0.5,0.5,0.5,0.5,0.5,0.5,0.5,0.5,0.5,0.5,0.5,0.5,0.5,0.5,0.5,0.5,0.5,0.5,0.5,0.5,0.5,0.5,0.5,0.5,0.5,0.5,0.5,0.5,0.5,0.5,0.5,0.5,0.5,0.5,0.5,0.5,0.5,0.5,0.5,0.5,0.5,0.5
0.5,0.5,0.5,0.5,0.5,0.5,0.5,0.5,0.5,0.5,0.5,0.5,0.5,0.5,0.5,0.5,0.5,0.5,0.5,0.5,0.5,0.5,0.5,0.5,0.5,0.5,0.5,0.5,0.5,0.5,0.5,0.5,0.5,0.5,0.5,0.5,0.5,0.5,0.5,0.5,0.5,0.5,0.5,0.5,0.5,0.5,0.5,0.5,0.5,0.5,0.5,0.5,0.5,0.5,0.5,0.5,0.5,0.5,0.5,0.5,0.5,0.5,0.5,0.5
0.5,0.5,0.5,0.5,0.5,0.5,0.5,0.5,0.5,0.5,0.5,0.5,0.5,0.5,0.5,0.5,0.5,0.5,0.5,0.5,0.5,0.5,0.5,0.5,0.5,0.5,0.5,0.5,0.5,0.5,0.5,0.5,0.5,0.5,0.5,0.5,0.5,0.5,0.5,0.5,0.5,0.5,0.5,0.5,0.5,0.5,0.5,0.5,0.5,0.5,0.5,0.5,0.5,0.5,0.5,0.5,0.5,0.5,0.5,0.5,0.5,0.5,0.5,0.5
0.5,0.5,0.5,0.5,0.5,0.5,0.5,0.5,0.5,0.5,0.5,0.5,0.5,0.5,0.5,0.5,0.5,0.5,0.5,0.5,0.5,0.5,0.5,0.5,0.5,0.5,0.5,0.5,0.5,0.5,0.5,0.5,0.5,0.5,0.5,0.5,0.5,0.5,0.5,0.5,0.5,0.5,0.5,0.5,0.5,0.5,0.5,0.5,0.5,0.5,0.5,0.5,0.5,0.5,0.5,0.5,0.5,0.5,0.5,0.5,0.5,0.5,0.5,0.5
