0.5,0.5,0.5,0.5,0.5,0.5,0.5,0.5,0.5,0.5,0.5,0.5,0.5,0.5,0.5,0.5,0.5,0.5,0.5,0.5,0.5,0.5,0.5,0.5,0.5,0.5,0.5,0.5,0.5,0.5,0.5,0.5,0.5,0.5,0.5,0.5,0.5,0.5,0.5,0.5,0.5,0.5,0.5,0.5,0.5,0.5,0.5,0.5,0.5,0.5,0.5,0.5,0.5,0.5,0.5,0.5,0.5,0.5,0.5,0.5,0.5,0.5,0.5,0.5
0.5,0.5,0.5,0.5,0.5,0.5,0.5,0.5,0.5,0.5,0.5,0.5,0.5,0.5,0.5,0.5,0.5,0.5,0.5,0.5,0.5,0.5,0.5,0.5,0.5,0.5,0.5,0.5,0.5,0.5,0.5,0.5,0.5,0.5,0.5,0.5,0.5,0.5,0.5,0.5,0.5,0.5,0.5,0.5,0.5,0.5,0.5,0.5,0.5,0.5,0.5,0.5,0.5,0.5,0.5,0.5,0.5,0.5,0.5,0.5,0.5,0.5,0.5,0.5
0.5,0.5,0.5,0.5,0.5,0.5,0.5,0.5,0.5,0.5,0.5,0.5,0.5,0.5,0.5,0.5,0.5,0.5,0.5,0.5,0.5,0.5,0.5,0.5,0.5,0.5,0.5,0.5,0.5,0.5,0.499999,0.499999,0.499999,0.499999,0.5,0.5,0.5,0.5,0.5,0.5,0.5,0.5,0.5,0.5,0.5,0.5,0.5,0.5,0.5,0.5,0.5,0.5,0.5,0.5,0.5,0.5,0.5,0.5,0.5,0.5,0.5,0.5,0.5,0.5
0.5,0.5,0.5,0.5,0.5,0.5,0.5,0.5,0.5,0.5,0.5,0.5,0.5,0.5,0.5,0.5,0.5,0.5,0.5,0.5,0.5,0.5,0.5,0.5,0.499999,0.499999,0.499999,0.499999,0.499999,0.499999,0.499999,0.499999,0.499999,0.499999,0.499999,0.499999,0.499999,0.499999,0.499999,0.499999,0.5,0.5,0.5,0.5,0.5,0.5,0.5,0.5,0.5,0.5,0.5,0.5,0.5,0.5,0.5,0.5,0.5,0.5,0.5,0.5,0.5,0.5,0.5,0.5
0.5,0.5,0.5,0.5,0.5,0.5,0.5,0.5,0.5,0.5,0.5,0.5,0.5,0.5,0.5,0.5,0.5,0.5,0.5,0.5,0.5,0.499999,0.499999,0.499999,0.499999,0.499998,0.499998,0.499998,0.499997,0.499997,0.499997,0.499997,0.499997,0.499997,0.499997,0.499997,0.499998,0.499998,0.499998,0.499999,0.499999,0.499999,0.499999,0.5,0.5,0.5,0.5,0.5,0.5,0.5,0.5,0.5,0.5,0.5,0.5,0.5,0.5,0.5,0.5,0.5,0.5,0.5,0.5,0.5
0.5,0.5,0.5,0.5,0.5,0.5,0.5,0.5,0.5,0.5,0.5,0.5,0.5,0.5,0.5,0.5,0.5,0.5,0.5,0.499999,0.499999,0.499999,0.499998,0.499997,0.499997,0.499996,0.499995,0.499994,0.499993,0.499992,0.499992,0.499991,0.499991,0.499992,0.499992,0.499993,0.499994,0.499995,0.499996,0.499997,0.499997,0.499998,0.499999,0.499999,0.499999,0.5,0.5,0.5,0.5,0.5,0.5,0.5,0.5,0.5,0.5,0.5,0.5,0.5,0.5,0.5,0.5,0.5,0.5,0.5
0.5,0.5,0.5,0.5,0.5,0.5,0.5,0.5,0.5,0.5,0.5,0.5,0.5,0.5,0.5,0.5,0.5,0.499999,0.499999,0.499999,0.499998,0.499997,0.499996,0.499994,0.499992,0.49999,0.499988,0.499985,0.499983,0.499981,0.49998,0.499979,0.499979,0.49998,0.499981,0.499983,0.499985,0.499988,0.49999,0.499992,0.499994,0.499996,0.499997,0.499998,0.499999,0.499999,0.499999,0.5,0.5,0.5,0.5,0.5,0.5,0.5,0.5,0.5,0.5,0.5,0.5,0.5,0.5,0.5,0.5,0.5
0.5,0.5,0.5,0.5,0.5,0.5,0.5,0.5,0.5,0.5,0.5,0.5,0.5,0.5,0.5,0.5,0.499999,0.499999,0.499998,0.499997,0.499995,0.499993,0.49999,0.499986,0.499982,0.499977,0.499971,0.499966,0.499961,0.499957,0.499954,0.499952,0.499952,0.499954,0.499957,0.499961,0.499966,0.499971,0.499977,0.499982,0.499986,0.49999,0.499993,0.499995,0.499997,0.499998,0.499999,0.499999,0.5,0.5,0.5,0.5,0.5,0.5,0.5,0.5,0.5,0.5,0.5,0.5,0.5,0.5,0.5,0.5
0.5,0.5,0.5,0.5,0.5,0.5,0.5,0.5,0.5,0.5,0.5,0.5,0.5,0.5,0.499999,0.499999,0.499998,0.499997,0.499995,0.499992,0.499989,0.499983,0.499977,0.499969,0.499959,0.499948,0.499936,0.499924,0.499913,0.499904,0.499897,0.499893,0.499893,0.499897,0.499904,0.499913,0.499924,0.499936,0.499948,0.499959,0.499969,0.499977,0.499983,0.499989,0.499992,0.499995,0.499997,0.499998,0.499999,0.499999,0.5,0.5,0.5,0.5,0.5,0.5,0.5,0.5,0.5,0.5,0.5,0.5,0.5,0.5
0.5,0.5,0.5,0.5,0.5,0.5,0.5,0.5,0.5,0.5,0.5,0.5,0.5,0.499999,0.499999,0.499998,0.499996,0.499993,0.499989,0.499984,0.499975,0.499964,0.49995,0.499932,0.499911,0.499887,0.499862,0.499837,0.499813,0.499793,0.499779,0.499771,0.499771,0.499779,0.499793,0.499813,0.499837,0.499862,0.499887,0.499911,0.499932,0.49995,0.499964,0.499975,0.499984,0.499989,0.499993,0.499996,0.499998,0.499999,0.499999,0.5,0.5,0.5,0.5,0.5,0.5,0.5,0.5,0.5,0.5,0.5,0.5,0.5
0.5,0.5,0.5,0.5,0.5,0.5,0.5,0.5,0.5,0.5,0.5,0.5,0.499999,0.499999,0.499997,0.499995,0.499992,0.499986,0.499978,0.499966,0.499949,0.499925,0.499896,0.499859,0.499815,0.499766,0.499713,0.499661,0.499613,0.499572,0.499542,0.499526,0.499526,0.499542,0.499572,0.499613,0.499661,0.499713,0.499766,0.499815,0.499859,0.499896,0.499925,0.499949,0.499966,0.499978,0.499986,0.499992,0.499995,0.499997,0.499999,0.499999,0.5,0.5,0.5,0.5,0.5,0.5,0.5,0.5,0.5,0.5,0.5,0.5
0.5,0.5,0.5,0.5,0.5,0.5,0.5,0.5,0.5,0.5,0.5,0.499999,0.499998,0.499997,0.499995,0.49999,0.499983,0.499972,0.499955,0.499931,0.499896,0.49985,0.49979,0.499716,0.499629,0.499531,0.499427,0.499322,0.499226,0.499144,0.499086,0.499055,0.499055,0.499086,0.499144,0.499226,0.499322,0.499427,0.499531,0.499629,0.499716,0.49979,0.49985,0.499896,0.499931,0.499955,0.499972,0.499983,0.49999,0.499995,0.499997,0.499998,0.499999,0.5,0.5,0.5,0.5,0.5,0.5,0.5,0.5,0.5,0.5,0.5
0.5,0.5,0.5,0.5,0.5,0.5,0.5,0.5,0.5,0.5,0.499999,0.499998,0.499997,0.499994,0.499989,0.499981,0.499967,0.499946,0.499913,0.499865,0.499798,0.499708,0.499592,0.499449,0.499281,0.499093,0.498893,0.498693,0.498508,0.498352,0.498239,0.49818,0.49818,0.498239,0.498352,0.498508,0.498693,0.498893,0.499093,0.499281,0.499449,0.499592,0.499708,0.499798,0.499865,0.499913,0.499946,0.499967,0.499981,0.499989,0.499994,0.499997,0.499998,0.499999,0.5,0.5,0.5,0.5,0.5,0.5,0.5,0.5,0.5,0.5
0.5,0.5,0.5,0.5,0.5,0.5,0.5,0.5,0.5,0.499999,0.499999,0.499997,0.499994,0.499989,0.49998,0.499964,0.499938,0.499897,0.499835,0.499746,0.49962,0.499452,0.499236,0.49897,0.498658,0.498308,0.497937,0.497567,0.497225,0.496936,0.496728,0.496619,0.496619,0.496728,0.496936,0.497225,0.497567,0.497937,0.498308,0.498658,0.49897,0.499236,0.499452,0.49962,0.499746,0.499835,0.499897,0.499938,0.499964,0.49998,0.499989,0.499994,0.499997,0.499999,0.499999,0.5,0.5,0.5,0.5,0.5,0.5,0.5,0.5,0.5
0.5,0.5,0.5,0.5,0.5,0.5,0.5,0.5,0.499999,0.499999,0.499997,0.499995,0.499989,0.49998,0.499963,0.499934,0.499886,0.499812,0.4997,0.499538,0.499311,0.499008,0.498619,0.498142,0.497581,0.496955,0.496291,0.49563,0.495019,0.494505,0.494134,0.493939,0.493939,0.494134,0.494505,0.495019,0.49563,0.496291,0.496955,0.497581,0.498142,0.498619,0.499008,0.499311,0.499538,0.4997,0.499812,0.499886,0.499934,0.499963,0.49998,0.499989,0.499995,0.499997,0.499999,0.499999,0.5,0.5,0.5,0.5,0.5,0.5,0.5,0.5
0.5,0.5,0.5,0.5,0.5,0.5,0.5,0.5,0.499999,0.499998,0.499995,0.49999,0.499981,0.499964,0.499934,0.499883,0.4998,0.499669,0.499473,0.499189,0.498794,0.498267,0.497591,0.496762,0.495791,0.494709,0.493564,0.492424,0.491371,0.490487,0.489848,0.489513,0.489513,0.489848,0.490487,0.491371,0.492424,0.493564,0.494709,0.495791,0.496762,0.497591,0.498267,0.498794,0.499189,0.499473,0.499669,0.4998,0.499883,0.499934,0.499964,0.499981,0.49999,0.499995,0.499998,0.499999,0.5,0.5,0.5,0.5,0.5,0.5,0.5,0.5
0.5,0.5,0.5,0.5,0.5,0.5,0.5,0.499999,0.499998,0.499996,0.499992,0.499983,0.499967,0.499938,0.499886,0.4998,0.499658,0.499438,0.499106,0.498627,0.497961,0.497074,0.49594,0.494553,0.49293,0.491124,0.489216,0.48732,0.485569,0.484101,0.483041,0.482485,0.482485,0.483041,0.484101,0.485569,0.48732,0.489216,0.491124,0.49293,0.494553,0.49594,0.497074,0.497961,0.498627,0.499106,0.499438,0.499658,0.4998,0.499886,0.499938,0.499967,0.499983,0.499992,0.499996,0.499998,0.499999,0.5,0.5,0.5,0.5,0.5,0.5,0.5
0.5,0.5,0.5,0.5,0.5,0.5,0.499999,0.499999,0.499997,0.499993,0.499986,0.499972,0.499946,0.499897,0.499812,0.499669,0.499438,0.499077,0.498535,0.497753,0.49667,0.49523,0.493393,0.491149,0.488531,0.485619,0.48255,0.479504,0.476694,0.47434,0.472641,0.471751,0.471751,0.472641,0.47434,0.476694,0.479504,0.48255,0.485619,0.488531,0.491149,0.493393,0.49523,0.49667,0.497753,0.498535,0.499077,0.499438,0.499669,0.499812,0.499897,0.499946,0.499972,0.499986,0.499993,0.499997,0.499999,0.499999,0.5,0.5,0.5,0.5,0.5,0.5
0.5,0.5,0.5,0.5,0.5,0.5,0.499999,0.499998,0.499995,0.499989,0.499978,0.499955,0.499913,0.499835,0.4997,0.499473,0.499106,0.498535,0.497679,0.496448,0.494746,0.492488,0.489613,0.486108,0.482025,0.477494,0.472725,0.467999,0.463643,0.459997,0.457369,0.455992,0.455992,0.457369,0.459997,0.463643,0.467999,0.472725,0.477494,0.482025,0.486108,0.489613,0.492488,0.494746,0.496448,0.497679,0.498535,0.499106,0.499473,0.4997,0.499835,0.499913,0.499955,0.499978,0.499989,0.499995,0.499998,0.499999,0.5,0.5,0.5,0.5,0.5,0.5
0.5,0.5,0.5,0.5,0.5,0.499999,0.499999,0.499997,0.499992,0.499984,0.499966,0.499931,0.499865,0.499746,0.499538,0.499189,0.498627,0.497753,0.496448,0.494574,0.49199,0.488567,0.484219,0.478929,0.472779,0.465965,0.458805,0.451719,0.445197,0.439743,0.435814,0.433756,0.433756,0.435814,0.439743,0.445197,0.451719,0.458805,0.465965,0.472779,0.478929,0.484219,0.488567,0.49199,0.494574,0.496448,0.497753,0.498627,0.499189,0.499538,0.499746,0.499865,0.499931,0.499966,0.499984,0.499992,0.499997,0.499999,0.499999,0.5,0.5,0.5,0.5,0.5
0.5,0.5,0.5,0.5,0.5,0.499999,0.499998,0.499995,0.499989,0.499975,0.499949,0.499896,0.499798,0.49962,0.499311,0.498794,0.497961,0.49667,0.494746,0.49199,0.488196,0.483181,0.476825,0.469108,0.460153,0.450249,0.439858,0.42959,0.42015,0.412265,0.406588,0.403615,0.403615,0.406588,0.412265,0.42015,0.42959,0.439858,0.450249,0.460153,0.469108,0.476825,0.483181,0.488196,0.49199,0.494746,0.49667,0.497961,0.498794,0.499311,0.49962,0.499798,0.499896,0.499949,0.499975,0.499989,0.499995,0.499998,0.499999,0.5,0.5,0.5,0.5,0.5
0.5,0.5,0.5,0.5,0.499999,0.499999,0.499997,0.499993,0.499983,0.499964,0.499925,0.49985,0.499708,0.499452,0.499008,0.498267,0.497074,0.49523,0.492488,0.488567,0.483181,0.476079,0.467094,0.456208,0.443599,0.429679,0.415098,0.40071,0.387499,0.376474,0.368543,0.364393,0.364393,0.368543,0.376474,0.387499,0.40071,0.415098,0.429679,0.443599,0.456208,0.467094,0.476079,0.483181,0.488567,0.492488,0.49523,0.497074,0.498267,0.499008,0.499452,0.499708,0.49985,0.499925,0.499964,0.499983,0.499993,0.499997,0.499999,0.499999,0.5,0.5,0.5,0.5
0.5,0.5,0.5,0.5,0.499999,0.499998,0.499996,0.49999,0.499977,0.49995,0.499896,0.49979,0.499592,0.499236,0.498619,0.497591,0.49594,0.493393,0.489613,0.484219,0.476825,0.467094,0.45481,0.439954,0.422779,0.403852,0.384058,0.364554,0.346669,0.331757,0.321037,0.31543,0.31543,0.321037,0.331757,0.346669,0.364554,0.384058,0.403852,0.422779,0.439954,0.45481,0.467094,0.476825,0.484219,0.489613,0.493393,0.49594,0.497591,0.498619,0.499236,0.499592,0.49979,0.499896,0.49995,0.499977,0.49999,0.499996,0.499998,0.499999,0.5,0.5,0.5,0.5
0.5,0.5,0.5,0.5,0.499999,0.499997,0.499994,0.499986,0.499969,0.499932,0.499859,0.499716,0.499449,0.49897,0.498142,0.496762,0.494553,0.491149,0.486108,0.478929,0.469108,0.456208,0.439954,0.420335,0.397694,0.372787,0.346779,0.32119,0.297751,0.278229,0.264204,0.256872,0.256872,0.264204,0.278229,0.297751,0.32119,0.346779,0.372787,0.397694,0.420335,0.439954,0.456208,0.469108,0.478929,0.486108,0.491149,0.494553,0.496762,0.498142,0.49897,0.499449,0.499716,0.499859,0.499932,0.499969,0.499986,0.499994,0.499997,0.499999,0.5,0.5,0.5,0.5
0.5,0.5,0.5,0.499999,0.499999,0.499997,0.499992,0.499982,0.499959,0.499911,0.499815,0.499629,0.499281,0.498658,0.497581,0.495791,0.49293,0.488531,0.482025,0.472779,0.460153,0.443599,0.422779,0.397694,0.368797,0.337057,0.303967,0.271452,0.241705,0.216951,0.199181,0.189894,0.189894,0.199181,0.216951,0.241705,0.271452,0.303967,0.337057,0.368797,0.397694,0.422779,0.443599,0.460153,0.472779,0.482025,0.488531,0.49293,0.495791,0.497581,0.498658,0.499281,0.499629,0.499815,0.499911,0.499959,0.499982,0.499992,0.499997,0.499999,0.499999,0.5,0.5,0.5
0.5,0.5,0.5,0.499999,0.499998,0.499996,0.49999,0.499977,0.499948,0.499887,0.499766,0.499531,0.499093,0.498308,0.496955,0.494709,0.491124,0.485619,0.477494,0.465965,0.450249,0.429679,0.403852,0.372787,0.337057,0.297875,0.257083,0.217051,0.180466,0.15005,0.12823,0.11683,0.11683,0.12823,0.15005,0.180466,0.217051,0.257083,0.297875,0.337057,0.372787,0.403852,0.429679,0.450249,0.465965,0.477494,0.485619,0.491124,0.494709,0.496955,0.498308,0.499093,0.499531,0.499766,0.499887,0.499948,0.499977,0.49999,0.499996,0.499998,0.499999,0.5,0.5,0.5
0.5,0.5,0.5,0.499999,0.499998,0.499995,0.499988,0.499971,0.499936,0.499862,0.499713,0.499427,0.498893,0.497937,0.496291,0.493564,0.489216,0.48255,0.472725,0.458805,0.439858,0.415098,0.384058,0.346779,0.303967,0.257083,0.208336,0.160552,0.116929,0.0806895,0.0547073,0.0411383,0.0411383,0.0547073,0.0806895,0.116929,0.160552,0.208336,0.257083,0.303967,0.346779,0.384058,0.415098,0.439858,0.458805,0.472725,0.48255,0.489216,0.493564,0.496291,0.497937,0.498893,0.499427,0.499713,0.499862,0.499936,0.499971,0.499988,0.499995,0.499998,0.499999,0.5,0.5,0.5
0.5,0.5,0.5,0.499999,0.499998,0.499994,0.499985,0.499966,0.499924,0.499837,0.499661,0.499322,0.498693,0.497567,0.49563,0.492424,0.48732,0.479504,0.467999,0.451719,0.42959,0.40071,0.364554,0.32119,0.271452,0.217051,0.160552,0.105228,0.0547652,0.0128749,-0.0171429,-0.0328144,-0.0328144,-0.0171429,0.0128749,0.0547652,0.105228,0.160552,0.217051,0.271452,0.32119,0.364554,0.40071,0.42959,0.451719,0.467999,0.479504,0.48732,0.492424,0.49563,0.497567,0.498693,0.499322,0.499661,0.499837,0.499924,0.499966,0.499985,0.499994,0.499998,0.499999,0.5,0.5,0.5
0.5,0.5,0.5,0.499999,0.499997,0.499993,0.499983,0.499961,0.499913,0.499813,0.499613,0.499226,0.498508,0.497225,0.495019,0.491371,0.485569,0.476694,0.463643,0.445197,0.42015,0.387499,0.346669,0.297751,0.241705,0.180466,0.116929,0.0547652,-0.00189372,-0.0488987,-0.0825663,-0.100138,-0.100138,-0.0825663,-0.0488987,-0.00189372,0.0547652,0.116929,0.180466,0.241705,0.297751,0.346669,0.387499,0.42015,0.445197,0.463643,0.476694,0.485569,0.491371,0.495019,0.497225,0.498508,0.499226,0.499613,0.499813,0.499913,0.499961,0.499983,0.499993,0.499997,0.499999,0.5,0.5,0.5
0.5,0.5,0.5,0.499999,0.499997,0.499992,0.499981,0.499957,0.499904,0.499793,0.499572,0.499144,0.498352,0.496936,0.494505,0.490487,0.484101,0.47434,0.459997,0.439743,0.412265,0.376474,0.331757,0.278229,0.216951,0.15005,0.0806895,0.0128749,-0.0488987,-0.100122,-0.136799,-0.155937,-0.155937,-0.136799,-0.100122,-0.0488987,0.0128749,0.0806895,0.15005,0.216951,0.278229,0.331757,0.376474,0.412265,0.439743,0.459997,0.47434,0.484101,0.490487,0.494505,0.496936,0.498352,0.499144,0.499572,0.499793,0.499904,0.499957,0.499981,0.499992,0.499997,0.499999,0.5,0.5,0.5
0.5,0.5,0.499999,0.499999,0.499997,0.499992,0.49998,0.499954,0.499897,0.499779,0.499542,0.499086,0.498239,0.496728,0.494134,0.489848,0.483041,0.472641,0.457369,0.435814,0.406588,0.368543,0.321037,0.264204,0.199181,0.12823,0.0547073,-0.0171429,-0.0825663,-0.136799,-0.17562,-0.195874,-0.195874,-0.17562,-0.136799,-0.0825663,-0.0171429,0.0547073,0.12823,0.199181,0.264204,0.321037,0.368543,0.406588,0.435814,0.457369,0.472641,0.483041,0.489848,0.494134,0.496728,0.498239,0.499086,0.499542,0.499779,0.499897,0.499954,0.49998,0.499992,0.499997,0.499999,0.499999,0.5,0.5
0.5,0.5,0.499999,0.499999,0.499997,0.499991,0.499979,0.499952,0.499893,0.499771,0.499526,0.499055,0.49818,0.496619,0.493939,0.489513,0.482485,0.471751,0.455992,0.433756,0.403615,0.364393,0.31543,0.256872,0.189894,0.11683,0.0411383,-0.0328144,-0.100138,-0.155937,-0.195874,-0.216709,-0.216709,-0.195874,-0.155937,-0.100138,-0.0328144,0.0411383,0.11683,0.189894,0.256872,0.31543,0.364393,0.403615,0.433756,0.455992,0.471751,0.482485,0.489513,0.493939,0.496619,0.49818,0.499055,0.499526,0.499771,0.499893,0.499952,0.499979,0.499991,0.499997,0.499999,0.499999,0.5,0.5
0.5,0.5,0.499999,0.499999,0.499997,0.499991,0.499979,0.499952,0.499893,0.499771,0.499526,0.499055,0.49818,0.496619,0.493939,0.489513,0.482485,0.471751,0.455992,0.433756,0.403615,0.364393,0.31543,0.256872,0.189894,0.11683,0.0411383,-0.0328144,-0.100138,-0.155937,-0.195874,-0.216709,-0.216709,-0.195874,-0.155937,-0.100138,-0.0328144,0.0411383,0.11683,0.189894,0.256872,0.31543,0.364393,0.403615,0.433756,0.455992,0.471751,0.482485,0.489513,0.493939,0.496619,0.49818,0.499055,0.499526,0.499771,0.499893,0.499952,0.499979,0.499991,0.499997,0.499999,0.499999,0.5,0.5
0.5,0.5,0.499999,0.499999,0.499997,0.499992,0.49998,0.499954,0.499897,0.499779,0.499542,0.499086,0.498239,0.496728,0.494134,0.489848,0.483041,0.472641,0.457369,0.435814,0.406588,0.368543,0.321037,0.264204,0.199181,0.12823,0.0547073,-0.0171429,-0.0825663,-0.136799,-0.17562,-0.195874,-0.195874,-0.17562,-0.136799,-0.0825663,-0.0171429,0.0547073,0.12823,0.199181,0.264204,0.321037,0.368543,0.406588,0.435814,0.457369,0.472641,0.483041,0.489848,0.494134,0.496728,0.498239,0.499086,0.499542,0.499779,0.499897,0.499954,0.49998,0.499992,0.499997,0.499999,0.499999,0.5,0.5
0.5,0.5,0.5,0.499999,0.499997,0.499992,0.499981,0.499957,0.499904,0.499793,0.499572,0.499144,0.498352,0.496936,0.494505,0.490487,0.484101,0.47434,0.459997,0.439743,0.412265,0.376474,0.331757,0.278229,0.216951,0.15005,0.0806895,0.0128749,-0.0488987,-0.100122,-0.136799,-0.155937,-0.155937,-0.136799,-0.100122,-0.0488987,0.0128749,0.0806895,0.15005,0.216951,0.278229,0.331757,0.376474,0.412265,0.439743,0.459997,0.47434,0.484101,0.490487,0.494505,0.496936,0.498352,0.499144,0.499572,0.499793,0.499904,0.499957,0.499981,0.499992,0.499997,0.499999,0.5,0.5,0.5
0.5,0.5,0.5,0.499999,0.499997,0.499993,0.499983,0.499961,0.499913,0.499813,0.499613,0.499226,0.498508,0.497225,0.495019,0.491371,0.485569,0.476694,0.463643,0.445197,0.42015,0.387499,0.346669,0.297751,0.241705,0.180466,0.116929,0.0547652,-0.00189372,-0.0488987,-0.0825663,-0.100138,-0.100138,-0.0825663,-0.0488987,-0.00189372,0.0547652,0.116929,0.180466,0.241705,0.297751,0.346669,0.387499,0.42015,0.445197,0.463643,0.476694,0.485569,0.491371,0.495019,0.497225,0.498508,0.499226,0.499613,0.499813,0.499913,0.499961,0.499983,0.499993,0.499997,0.499999,0.5,0.5,0.5
0.5,0.5,0.5,0.499999,0.499998,0.499994,0.499985,0.499966,0.499924,0.499837,0.499661,0.499322,0.498693,0.497567,0.49563,0.492424,0.48732,0.479504,0.467999,0.451719,0.42959,0.40071,0.364554,0.32119,0.271452,0.217051,0.160552,0.105228,0.0547652,0.0128749,-0.0171429,-0.0328144,-0.0328144,-0.0171429,0.0128749,0.0547652,0.105228,0.160552,0.217051,0.271452,0.32119,0.364554,0.40071,0.42959,0.451719,0.467999,0.479504,0.48732,0.492424,0.49563,0.497567,0.498693,0.499322,0.499661,0.499837,0.499924,0.499966,0.499985,0.499994,0.499998,0.499999,0.5,0.5,0.5
0.5,0.5,0.5,0.499999,0.499998,0.499995,0.499988,0.499971,0.499936,0.499862,0.499713,0.499427,0.498893,0.497937,0.496291,0.493564,0.489216,0.48255,0.472725,0.458805,0.439858,0.415098,0.384058,0.346779,0.303967,0.257083,0.208336,0.160552,0.116929,0.0806895,0.0547073,0.0411383,0.0411383,0.0547073,0.0806895,0.116929,0.160552,0.208336,0.257083,0.303967,0.346779,0.384058,0.415098,0.439858,0.458805,0.472725,0.48255,0.489216,0.493564,0.496291,0.497937,0.498893,0.499427,0.499713,0.499862,0.499936,0.499971,0.499988,0.499995,0.499998,0.499999,0.5,0.5,0.5
0.5,0.5,0.5,0.499999,0.499998,0.499996,0.49999,0.499977,0.499948,0.499887,0.499766,0.499531,0.499093,0.498308,0.496955,0.494709,0.491124,0.485619,0.477494,0.465965,0.450249,0.429679,0.403852,0.372787,0.337057,0.297875,0.257083,0.217051,0.180466,0.15005,0.12823,0.11683,0.11683,0.12823,0.15005,0.180466,0.217051,0.257083,0.297875,0.337057,0.372787,0.403852,0.429679,0.450249,0.465965,0.477494,0.485619,0.491124,0.494709,0.496955,0.498308,0.499093,0.499531,0.499766,0.499887,0.499948,0.499977,0.49999,0.499996,0.499998,0.499999,0.5,0.5,0.5
0.5,0.5,0.5,0.499999,0.499999,0.499997,0.499992,0.499982,0.499959,0.499911,0.499815,0.499629,0.499281,0.498658,0.497581,0.495791,0.49293,0.488531,0.482025,0.472779,0.460153,0.443599,0.422779,0.397694,0.368797,0.337057,0.303967,0.271452,0.241705,0.216951,0.199181,0.189894,0.189894,0.199181,0.216951,0.241705,0.271452,0.303967,0.337057,0.368797,0.397694,0.422779,0.443599,0.460153,0.472779,0.482025,0.488531,0.49293,0.495791,0.497581,0.498658,0.499281,0.499629,0.499815,0.499911,0.499959,0.499982,0.499992,0.499997,0.499999,0.499999,0.5,0.5,0.5
0.5,0.5,0.5,0.5,0.499999,0.499997,0.499994,0.499986,0.499969,0.499932,0.499859,0.499716,0.499449,0.49897,0.498142,0.496762,0.494553,0.491149,0.486108,0.478929,0.469108,0.456208,0.439954,0.420335,0.397694,0.372787,0.346779,0.32119,0.297751,0.278229,0.264204,0.256872,0.256872,0.264204,0.278229,0.297751,0.32119,0.346779,0.372787,0.397694,0.420335,0.439954,0.456208,0.469108,0.478929,0.486108,0.491149,0.494553,0.496762,0.498142,0.49897,0.499449,0.499716,0.499859,0.499932,0.499969,0.499986,0.499994,0.499997,0.499999,0.5,0.5,0.5,0.5
0.5,0.5,0.5,0.5,0.499999,0.499998,0.499996,0.49999,0.499977,0.49995,0.499896,0.49979,0.499592,0.499236,0.498619,0.497591,0.49594,0.493393,0.489613,0.484219,0.476825,0.467094,0.45481,0.439954,0.422779,0.403852,0.384058,0.364554,0.346669,0.331757,0.321037,0.31543,0.31543,0.321037,0.331757,0.346669,0.364554,0.384058,0.403852,0.422779,0.439954,0.45481,0.467094,0.476825,0.484219,0.489613,0.493393,0.49594,0.497591,0.498619,0.499236,0.499592,0.49979,0.499896,0.49995,0.499977,0.49999,0.499996,0.499998,0.499999,0.5,0.5,0.5,0.5
0.5,0.5,0.5,0.5,0.499999,0.499999,0.499997,0.499993,0.499983,0.499964,0.499925,0.49985,0.499708,0.499452,0.499008,0.498267,0.497074,0.49523,0.492488,0.488567,0.483181,0.476079,0.467094,0.456208,0.443599,0.429679,0.415098,0.40071,0.387499,0.376474,0.368543,0.364393,0.364393,0.368543,0.376474,0.387499,0.40071,0.415098,0.429679,0.443599,0.456208,0.467094,0.476079,0.483181,0.488567,0.492488,0.49523,0.497074,0.498267,0.499008,0.499452,0.499708,0.49985,0.499925,0.499964,0.499983,0.499993,0.499997,0.499999,0.499999,0.5,0.5,0.5,0.5
0.5,0.5,0.5,0.5,0.5,0.499999,0.499998,0.499995,0.499989,0.499975,0.499949,0.499896,0.499798,0.49962,0.499311,0.498794,0.497961,0.49667,0.494746,0.49199,0.488196,0.483181,0.476825,0.469108,0.460153,0.450249,0.439858,0.42959,0.42015,0.412265,0.406588,0.403615,0.403615,0.406588,0.412265,0.42015,0.42959,0.439858,0.450249,0.460153,0.469108,0.476825,0.483181,0.488196,0.49199,0.494746,0.49667,0.497961,0.498794,0.499311,0.49962,0.499798,0.499896,0.499949,0.499975,0.499989,0.499995,0.499998,0.499999,0.5,0.5,0.5,0.5,0.5
0.5,0.5,0.5,0.5,0.5,0.499999,0.499999,0.499997,0.499992,0.499984,0.499966,0.499931,0.499865,0.499746,0.499538,0.499189,0.498627,0.497753,0.496448,0.494574,0.49199,0.488567,0.484219,0.478929,0.472779,0.465965,0.458805,0.451719,0.445197,0.439743,0.435814,0.433756,0.433756,0.435814,0.439743,0.445197,0.451719,0.458805,0.465965,0.472779,0.478929,0.484219,0.488567,0.49199,0.494574,0.496448,0.497753,0.498627,0.499189,0.499538,0.499746,0.499865,0.499931,0.499966,0.499984,0.499992,0.499997,0.499999,0.499999,0.5,0.5,0.5,0.5,0.5
0.5,0.5,0.5,0.5,0.5,0.5,0.499999,0.499998,0.499995,0.499989,0.499978,0.499955,0.499913,0.499835,0.4997,0.499473,0.499106,0.498535,0.497679,0.496448,0.494746,0.492488,0.489613,0.486108,0.482025,0.477494,0.472725,0.467999,0.463643,0.459997,0.457369,0.455992,0.455992,0.457369,0.459997,0.463643,0.467999,0.472725,0.477494,0.482025,0.486108,0.489613,0.492488,0.494746,0.496448,0.497679,0.498535,0.499106,0.499473,0.4997,0.499835,0.499913,0.499955,0.499978,0.499989,0.499995,0.499998,0.499999,0.5,0.5,0.5,0.5,0.5,0.5
0.5,0.5,0.5,0.5,0.5,0.5,0.499999,0.499999,0.499997,0.499993,0.499986,0.499972,0.499946,0.499897,0.499812,0.499669,0.499438,0.499077,0.498535,0.497753,0.49667,0.49523,0.493393,0.491149,0.488531,0.485619,0.48255,0.479504,0.476694,0.47434,0.472641,0.471751,0.471751,0.472641,0.47434,0.476694,0.479504,0.48255,0.485619,0.488531,0.491149,0.493393,0.49523,0.49667,0.497753,0.498535,0.499077,0.499438,0.499669,0.499812,0.499897,0.499946,0.499972,0.499986,0.499993,0.499997,0.499999,0.499999,0.5,0.5,0.5,0.5,0.5,0.5
0.5,0.5,0.5,0.5,0.5,0.5,0.5,0.499999,0.499998,0.499996,0.499992,0.499983,0.499967,0.499938,0.499886,0.4998,0.499658,0.499438,0.499106,0.498627,0.497961,0.497074,0.49594,0.494553,0.49293,0.491124,0.489216,0.48732,0.485569,0.484101,0.483041,0.482485,0.482485,0.483041,0.484101,0.485569,0.48732,0.489216,0.491124,0.49293,0.494553,0.49594,0.497074,0.497961,0.498627,0.499106,0.499438,0.499658,0.4998,0.499886,0.499938,0.499967,0.499983,0.499992,0.499996,0.499998,0.499999,0.5,0.5,0.5,0.5,0.5,0.5,0.5
0.5,0.5,0.5,0.5,0.5,0.5,0.5,0.5,0.499999,0.499998,0.499995,0.49999,0.499981,0.499964,0.499934,0.499883,0.4998,0.499669,0.499473,0.499189,0.498794,0.498267,0.497591,0.496762,0.495791,0.494709,0.493564,0.492424,0.491371,0.490487,0.489848,0.489513,0.489513,0.489848,0.490487,0.491371,0.492424,0.493564,0.494709,0.495791,0.496762,0.497591,0.498267,0.498794,0.499189,0.499473,0.499669,0.4998,0.499883,0.499934,0.499964,0.499981,0.49999,0.499995,0.499998,0.499999,0.5,0.5,0.5,0.5,0.5,0.5,0.5,0.5
0.5,0.5,0.5,0.5,0.5,0.5,0.5,0.5,0.499999,0.499999,0.499997,0.499995,0.499989,0.49998,0.499963,0.499934,0.499886,0.499812,0.4997,0.499538,0.499311,0.499008,0.498619,0.498142,0.497581,0.496955,0.496291,0.49563,0.495019,0.494505,0.494134,0.493939,0.493939,0.494134,0.494505,0.495019,0.49563,0.496291,0.496955,0.497581,0.498142,0.498619,0.499008,0.499311,0.499538,0.4997,0.499812,0.499886,0.499934,0.499963,0.49998,0.499989,0.499995,0.499997,0.499999,0.499999,0.5,0.5,0.5,0.5,0.5,0.5,0.5,0.5
0.5,0.5,0.5,0.5,0.5,0.5,0.5,0.5,0.5,0.499999,0.499999,0.499997,0.499994,0.499989,0.49998,0.499964,0.499938,0.499897,0.499835,0.499746,0.49962,0.499452,0.499236,0.49897,0.498658,0.498308,0.497937,0.497567,0.497225,0.496936,0.496728,0.496619,0.496619,0.496728,0.496936,0.497225,0.497567,0.497937,0.498308,0.498658,0.49897,0.499236,0.499452,0.49962,0.499746,0.499835,0.499897,0.499938,0.499964,0.49998,0.499989,0.499994,0.499997,0.499999,0.499999,0.5,0.5,0.5,0.5,0.5,0.5,0.5,0.5,0.5
0.5,0.5,0.5,0.5,0.5,0.5,0.5,0.5,0.5,0.5,0.499999,0.499998,0.499997,0.499994,0.499989,0.499981,0.499967,0.499946,0.499913,0.499865,0.499798,0.499708,0.499592,0.499449,0.499281,0.499093,0.498893,0.498693,0.498508,0.498352,0.498239,0.49818,0.49818,0.498239,0.498352,0.498508,0.498693,0.498893,0.499093,0.499281,0.499449,0.499592,0.499708,0.499798,0.499865,0.499913,0.499946,0.499967,0.499981,0.499989,0.499994,0.499997,0.499998,0.499999,0.5,0.5,0.5,0.5,0.5,0.5,0.5,0.5,0.5,0.5
0.5,0.5,0.5,0.5,0.5,0.5,0.5,0.5,0.5,0.5,0.5,0.499999,0.499998,0.499997,0.499995,0.49999,0.499983,0.499972,0.499955,0.499931,0.499896,0.49985,0.49979,0.499716,0.499629,0.499531,0.499427,0.499322,0.499226,0.499144,0.499086,0.499055,0.499055,0.499086,0.499144,0.499226,0.499322,0.499427,0.499531,0.499629,0.499716,0.49979,0.49985,0.499896,0.499931,0.499955,0.499972,0.499983,0.49999,0.499995,0.499997,0.499998,0.499999,0.5,0.5,0.5,0.5,0.5,0.5,0.5,0.5,0.5,0.5,0.5
0.5,0.5,0.5,0.5,0.5,0.5,0.5,0.5,0.5,0.5,0.5,0.5,0.499999,0.499999,0.499997,0.499995,0.499992,0.499986,0.499978,0.499966,0.499949,0.499925,0.499896,0.499859,0.499815,0.499766,0.499713,0.499661,0.499613,0.499572,0.499542,0.499526,0.499526,0.499542,0.499572,0.499613,0.499661,0.499713,0.499766,0.499815,0.499859,0.499896,0.499925,0.499949,0.499966,0.499978,0.499986,0.499992,0.499995,0.499997,0.499999,0.499999,0.5,0.5,0.5,0.5,0.5,0.5,0.5,0.5,0.5,0.5,0.5,0.5
0.5,0.5,0.5,0.5,0.5,0.5,0.5,0.5,0.5,0.5,0.5,0.5,0.5,0.499999,0.499999,0.499998,0.499996,0.499993,0.499989,0.499984,0.499975,0.499964,0.49995,0.499932,0.499911,0.499887,0.499862,0.499837,0.499813,0.499793,0.499779,0.499771,0.499771,0.499779,0.499793,0.499813,0.499837,0.499862,0.499887,0.499911,0.499932,0.49995,0.499964,0.499975,0.499984,0.499989,0.499993,0.499996,0.499998,0.499999,0.499999,0.5,0.5,0.5,0.5,0.5,0.5,0.5,0.5,0.5,0.5,0.5,0.5,0.5
0.5,0.5,0.5,0.5,0.5,0.5,0.5,0.5,0.5,0.5,0.5,0.5,0.5,0.5,0.499999,0.499999,0.499998,0.499997,0.499995,0.499992,0.499989,0.499983,0.499977,0.499969,0.499959,0.499948,0.499936,0.499924,0.499913,0.499904,0.499897,0.499893,0.499893,0.499897,0.499904,0.499913,0.499924,0.499936,0.499948,0.499959,0.499969,0.499977,0.499983,0.499989,0.499992,0.499995,0.499997,0.499998,0.499999,0.499999,0.5,0.5,0.5,0.5,0.5,0.5,0.5,0.5,0.5,0.5,0.5,0.5,0.5,0.5
0.5,0.5,0.5,0.5,0.5,0.5,0.5,0.5,0.5,0.5,0.5,0.5,0.5,0.5,0.5,0.5,0.499999,0.499999,0.499998,0.499997,0.499995,0.499993,0.49999,0.499986,0.499982,0.499977,0.499971,0.499966,0.499961,0.499957,0.499954,0.499952,0.499952,0.499954,0.499957,0.499961,0.499966,0.499971,0.499977,0.499982,0.499986,0.49999,0.499993,0.499995,0.499997,0.499998,0.499999,0.499999,0.5,0.5,0.5,0.5,0.5,0.5,0.5,0.5,0.5,0.5,0.5,0.5,0.5,0.5,0.5,0.5
0.5,0.5,0.5,0.5,0.5,0.5,0.5,0.5,0.5,0.5,0.5,0.5,0.5,0.5,0.5,0.5,0.5,0.499999,0.499999,0.499999,0.499998,0.499997,0.499996,0.499994,0.499992,0.49999,0.499988,0.499985,0.499983,0.499981,0.49998,0.499979,0.499979,0.49998,0.499981,0.499983,0.499985,0.499988,0.49999,0.499992,0.499994,0.499996,0.499997,0.499998,0.499999,0.499999,0.499999,0.5,0.5,0.5,0.5,0.5,0.5,0.5,0.5,0.5,0.5,0.5,0.5,0.5,0.5,0.5,0.5,0.5
0.5,0.5,0.5,0.5,0.5,0.5,0.5,0.5,0.5,0.5,0.5,0.5,0.5,0.5,0.5,0.5,0.5,0.5,0.5,0.499999,0.499999,0.499999,0.499998,0.499997,0.499997,0.499996,0.499995,0.499994,0.499993,0.499992,0.499992,0.499991,0.499991,0.499992,0.499992,0.499993,0.499994,0.499995,0.499996,0.499997,0.499997,0.499998,0.499999,0.499999,0.499999,0.5,0.5,0.5,0.5,0.5,0.5,0.5,0.5,0.5,0.5,0.5,0.5,0.5,0.5,0.5,0.5,0.5,0.5,0.5
0.5,0.5,0.5,0.5,0.5,0.5,0.5,0.5,0.5,0.5,0.5,0.5,0.5,0.5,0.5,0.5,0.5,0.5,0.5,0.5,0.5,0.499999,0.499999,0.499999,0.499999,0.499998,0.499998,0.499998,0.499997,0.499997,0.499997,0.499997,0.499997,0.499997,0.499997,0.499997,0.499998,0.499998,0.499998,0.499999,0.499999,0.499999,0.499999,0.5,0.5,0.5,0.5,0.5,0.5,0.5,0.5,0.5,0.5,0.5,0.5,0.5,0.5,0.5,0.5,0.5,0.5,0.5,0.5,0.5
0.5,0.5,0.5,0.5,0.5,0.5,0.5,0.5,0.5,0.5,0.5,0.5,0.5,0.5,0.5,0.5,0.5,0.5,0.5,0.5,0.5,0.5,0.5,0.5,0.499999,0.499999,0.499999,0.499999,0.499999,0.499999,0.499999,0.499999,0.499999,0.499999,0.499999,0.499999,0.499999,0.499999,0.499999,0.499999,0.5,0.5,0.5,0.5,0.5,0.5,0.5,0.5,0.5,0.5,0.5,0.5,0.5,0.5,0.5,0.5,0.5,0.5,0.5,0.5,0.5,0.5,0.5,0.5
0.5,0.5,0.5,0.5,0.5,0.5,0.5,0.5,0.5,0.5,0.5,0.5,0.5,0.5,0.5,0.5,0.5,0.5,0.5,0.5,0.5,0.5,0.5,0.5,0.5,0.5,0.5,0.5,0.5,0.5,0.499999,0.499999,0.499999,0.499999,0.5,0.5,0.5,0.5,0.5,0.5,0.5,0.5,0.5,0.5,0.5,0.5,0.5,0.5,0.5,0.5,0.5,0.5,0.5,0.5,0.5,0.5,0.5,0.5,0.5,0.5,0.5,0.5,0.5,0.5
0.5,0.5,0.5,0.5,0.5,0.5,0.5,0.5,0.5,0.5,0.5,0.5,0.5,0.5,0.5,0.5,0.5,0.5,0.5,0.5,0.5,0.5,0.5,0.5,0.5,0.5,0.5,0.5,0.5,0.5,0.5,0.5,0.5,0.5,0.5,0.5,0.5,0.5,0.5,0.5,0.5,0.5,0.5,0.5,0.5,0.5,0.5,0.5,0.5,0.5,0.5,0.5,0.5,0.5,0.5,0.5,0.5,0.5,0.5,0.5,0.5,0.5,0.5,0.5
0.5,0.5,0.5,0.5,0.5,0.5,0.5,0.5,0.5,0.5,0.5,0.5,0.5,0.5,0.5,0.5,0.5,0.5,0.5,0.5,0.5,0.5,0.5,0.5,0.5,0.5,0.5,0.5,0.5,0.5,0.5,0.5,0.5,0.5,0.5,0.5,0.5,0.5,0.5,0.5,0.5,0.5,0.5,0.5,0.5,0.5,0.5,0.5,0.5,0.5,0.5,0.5,0.5,0.5,0.5,0.5,0.5,0.5,0.5,0.5,0.5,0.5,0.5,0.5
