0.5,0.5,0.5,0.5,0.5,0.5,0.5,0.5,0.5,0.5,0.5,0.5,0.5,0.5,0.5,0.5,0.5,0.5,0.5,0.5,0.5,0.5,0.5,0.5,0.5,0.5,0.5,0.5,0.5,0.5,0.5,0.5,0.5,0.5,0.5,0.5,0.5,0.5,0.5,0.5,0.5,0.5,0.5,0.5,0.5,0.5,0.5,0.5,0.5,0.5,0.5,0.5,0.5,0.5,0.5,0.5,0.5,0.5,0.5,0.5,0.5,0.5,0.5,0.5
0.5,0.5,0.5,0.5,0.5,0.5,0.5,0.5,0.5,0.5,0.5,0.5,0.5,0.5,0.5,0.5,0.5,0.5,0.5,0.5,0.5,0.5,0.5,0.5,0.5,0.5,0.5,0.5,0.5,0.5,0.5,0.5,0.5,0.5,0.5,0.5,0.5,0.5,0.5,0.5,0.5,0.5,0.5,0.5,0.5,0.5,0.5,0.5,0.5,0.5,0.5,0.5,0.5,0.5,0.5,0.5,0.5,0.5,0.5,0.5,0.5,0.5,0.5,0.5
0.5,0.5,0.5,0.5,0.5,0.5,0.5,0.5,0.5,0.5,0.5,0.5,0.5,0.5,0.5,0.5,0.5,0.5,0.5,0.5,0.5,0.5,0.5,0.5,0.5,0.5,0.5,0.5,0.5,0.5,0.5,0.5,0.5,0.5,0.5,0.5,0.5,0.5,0.5,0.5,0.5,0.5,0.5,0.5,0.5,0.5,0.5,0.5,0.5,0.5,0.5,0.5,0.5,0.5,0.5,0.5,0.5,0.5,0.5,0.5,0.5,0.5,0.5,0.5
0.5,0.5,0.5,0.5,0.5,0.5,0.5,0.5,0.5,0.5,0.5,0.5,0.5,0.5,0.5,0.5,0.5,0.5,0.5,0.5,0.5,0.5,0.5,0.5,0.5,0.5,0.5,0.5,0.5,0.5,0.5,0.5,0.5,0.5,0.5,0.5,0.5,0.5,0.5,0.5,0.5,0.5,0.5,0.5,0.5,0.5,0.5,0.5,0.5,0.5,0.5,0.5,0.5,0.5,0.5,0.5,0.5,0.5,0.5,0.5,0.5,0.5,0.5,0.5
0.5,0.5,0.5,0.5,0.5,0.5,0.5,0.5,0.5,0.5,0.5,0.5,0.5,0.5,0.5,0.5,0.5,0.5,0.5,0.5,0.5,0.5,0.5,0.5,0.5,0.499999,0.499999,0.499999,0.499999,0.499999,0.499999,0.499999,0.499999,0.499999,0.499999,0.499999,0.499999,0.499999,0.499999,0.5,0.5,0.5,0.5,0.5,0.5,0.5,0.5,0.5,0.5,0.5,0.5,0.5,0.5,0.5,0.5,0.5,0.5,0.5,0.5,0.5,0.5,0.5,0.5,0.5
0.5,0.5,0.5,0.5,0.5,0.5,0.5,0.5,0.5,0.5,0.5,0.5,0.5,0.5,0.5,0.5,0.5,0.5,0.5,0.5,0.5,0.5,0.499999,0.499999,0.499999,0.499999,0.499998,0.499998,0.499998,0.499997,0.499997,0.499997,0.499997,0.499997,0.499997,0.499998,0.499998,0.499998,0.499999,0.499999,0.499999,0.499999,0.5,0.5,0.5,0.5,0.5,0.5,0.5,0.5,0.5,0.5,0.5,0.5,0.5,0.5,0.5,0.5,0.5,0.5,0.5,0.5,0.5,0.5
0.5,0.5,0.5,0.5,0.5,0.5,0.5,0.5,0.5,0.5,0.5,0.5,0.5,0.5,0.5,0.5,0.5,0.5,0.5,0.5,0.499999,0.499999,0.499998,0.499998,0.499997,0.499996,0.499996,0.499995,0.499994,0.499993,0.499993,0.499992,0.499992,0.499993,0.499993,0.499994,0.499995,0.499996,0.499996,0.499997,0.499998,0.499998,0.499999,0.499999,0.5,0.5,0.5,0.5,0.5,0.5,0.5,0.5,0.5,0.5,0.5,0.5,0.5,0.5,0.5,0.5,0.5,0.5,0.5,0.5
0.5,0.5,0.5,0.5,0.5,0.5,0.5,0.5,0.5,0.5,0.5,0.5,0.5,0.5,0.5,0.5,0.5,0.5,0.499999,0.499999,0.499998,0.499997,0.499996,0.499995,0.499993,0.499991,0.499989,0.499987,0.499985,0.499983,0.499982,0.499981,0.499981,0.499982,0.499983,0.499985,0.499987,0.499989,0.499991,0.499993,0.499995,0.499996,0.499997,0.499998,0.499999,0.499999,0.5,0.5,0.5,0.5,0.5,0.5,0.5,0.5,0.5,0.5,0.5,0.5,0.5,0.5,0.5,0.5,0.5,0.5
0.5,0.5,0.5,0.5,0.5,0.5,0.5,0.5,0.5,0.5,0.5,0.5,0.5,0.5,0.5,0.5,0.499999,0.499999,0.499998,0.499997,0.499996,0.499994,0.499991,0.499988,0.499984,0.49998,0.499975,0.49997,0.499965,0.499961,0.499958,0.499957,0.499957,0.499958,0.499961,0.499965,0.49997,0.499975,0.49998,0.499984,0.499988,0.499991,0.499994,0.499996,0.499997,0.499998,0.499999,0.499999,0.5,0.5,0.5,0.5,0.5,0.5,0.5,0.5,0.5,0.5,0.5,0.5,0.5,0.5,0.5,0.5
0.5,0.5,0.5,0.5,0.5,0.5,0.5,0.5,0.5,0.5,0.5,0.5,0.5,0.5,0.5,0.499999,0.499999,0.499998,0.499996,0.499994,0.499991,0.499986,0.49998,0.499973,0.499964,0.499954,0.499943,0.499932,0.499922,0.499913,0.499907,0.499903,0.499903,0.499907,0.499913,0.499922,0.499932,0.499943,0.499954,0.499964,0.499973,0.49998,0.499986,0.499991,0.499994,0.499996,0.499998,0.499999,0.499999,0.5,0.5,0.5,0.5,0.5,0.5,0.5,0.5,0.5,0.5,0.5,0.5,0.5,0.5,0.5
0.5,0.5,0.5,0.5,0.5,0.5,0.5,0.5,0.5,0.5,0.5,0.5,0.5,0.5,0.499999,0.499998,0.499997,0.499995,0.499992,0.499987,0.49998,0.49997,0.499958,0.499942,0.499922,0.4999,0.499877,0.499853,0.499831,0.499812,0.499798,0.49979,0.49979,0.499798,0.499812,0.499831,0.499853,0.499877,0.4999,0.499922,0.499942,0.499958,0.49997,0.49998,0.499987,0.499992,0.499995,0.499997,0.499998,0.499999,0.5,0.5,0.5,0.5,0.5,0.5,0.5,0.5,0.5,0.5,0.5,0.5,0.5,0.5
0.5,0.5,0.5,0.5,0.5,0.5,0.5,0.5,0.5,0.5,0.5,0.5,0.499999,0.499999,0.499998,0.499996,0.499994,0.499989,0.499983,0.499972,0.499958,0.499938,0.499911,0.499878,0.499838,0.499792,0.499743,0.499693,0.499646,0.499607,0.499578,0.499563,0.499563,0.499578,0.499607,0.499646,0.499693,0.499743,0.499792,0.499838,0.499878,0.499911,0.499938,0.499958,0.499972,0.499983,0.499989,0.499994,0.499996,0.499998,0.499999,0.499999,0.5,0.5,0.5,0.5,0.5,0.5,0.5,0.5,0.5,0.5,0.5,0.5
0.5,0.5,0.5,0.5,0.5,0.5,0.5,0.5,0.5,0.5,0.5,0.499999,0.499999,0.499998,0.499996,0.499993,0.499987,0.499979,0.499965,0.499944,0.499915,0.499874,0.49982,0.499753,0.499672,0.499581,0.499482,0.499382,0.499288,0.499209,0.499151,0.499121,0.499121,0.499151,0.499209,0.499288,0.499382,0.499482,0.499581,0.499672,0.499753,0.49982,0.499874,0.499915,0.499944,0.499965,0.499979,0.499987,0.499993,0.499996,0.499998,0.499999,0.499999,0.5,0.5,0.5,0.5,0.5,0.5,0.5,0.5,0.5,0.5,0.5
0.5,0.5,0.5,0.5,0.5,0.5,0.5,0.5,0.5,0.5,0.5,0.499999,0.499998,0.499996,0.499992,0.499986,0.499975,0.499958,0.499931,0.499891,0.499833,0.499754,0.49965,0.499519,0.499363,0.499185,0.498993,0.4988,0.498619,0.498465,0.498354,0.498295,0.498295,0.498354,0.498465,0.498619,0.4988,0.498993,0.499185,0.499363,0.499519,0.49965,0.499754,0.499833,0.499891,0.499931,0.499958,0.499975,0.499986,0.499992,0.499996,0.499998,0.499999,0.5,0.5,0.5,0.5,0.5,0.5,0.5,0.5,0.5,0.5,0.5
0.5,0.5,0.5,0.5,0.5,0.5,0.5,0.5,0.5,0.5,0.499999,0.499998,0.499996,0.499992,0.499986,0.499974,0.499953,0.499921,0.49987,0.499794,0.499686,0.499538,0.499343,0.499098,0.498805,0.498473,0.498115,0.497754,0.497415,0.497129,0.496921,0.496811,0.496811,0.496921,0.497129,0.497415,0.497754,0.498115,0.498473,0.498805,0.499098,0.499343,0.499538,0.499686,0.499794,0.49987,0.499921,0.499953,0.499974,0.499986,0.499992,0.499996,0.499998,0.499999,0.5,0.5,0.5,0.5,0.5,0.5,0.5,0.5,0.5,0.5
0.5,0.5,0.5,0.5,0.5,0.5,0.5,0.5,0.5,0.499999,0.499998,0.499996,0.499993,0.499986,0.499974,0.499952,0.499915,0.499856,0.499764,0.499627,0.49943,0.499162,0.498809,0.498367,0.497839,0.497239,0.496594,0.495944,0.495335,0.49482,0.494445,0.494248,0.494248,0.494445,0.49482,0.495335,0.495944,0.496594,0.497239,0.497839,0.498367,0.498809,0.499162,0.49943,0.499627,0.499764,0.499856,0.499915,0.499952,0.499974,0.499986,0.499993,0.499996,0.499998,0.499999,0.5,0.5,0.5,0.5,0.5,0.5,0.5,0.5,0.5
0.5,0.5,0.5,0.5,0.5,0.5,0.5,0.5,0.499999,0.499999,0.499997,0.499994,0.499987,0.499975,0.499953,0.499915,0.499851,0.499747,0.499585,0.499345,0.499003,0.498533,0.497919,0.497149,0.496229,0.495185,0.494065,0.492935,0.491878,0.490984,0.490334,0.489992,0.489992,0.490334,0.490984,0.491878,0.492935,0.494065,0.495185,0.496229,0.497149,0.497919,0.498533,0.499003,0.499345,0.499585,0.499747,0.499851,0.499915,0.499953,0.499975,0.499987,0.499994,0.499997,0.499999,0.499999,0.5,0.5,0.5,0.5,0.5,0.5,0.5,0.5
0.5,0.5,0.5,0.5,0.5,0.5,0.5,0.5,0.499999,0.499998,0.499995,0.499989,0.499979,0.499958,0.499921,0.499856,0.499747,0.499571,0.499298,0.498893,0.498315,0.497525,0.496491,0.495196,0.493652,0.4919,0.490021,0.488127,0.486358,0.484861,0.483773,0.4832,0.4832,0.483773,0.484861,0.486358,0.488127,0.490021,0.4919,0.493652,0.495196,0.496491,0.497525,0.498315,0.498893,0.499298,0.499571,0.499747,0.499856,0.499921,0.499958,0.499979,0.499989,0.499995,0.499998,0.499999,0.5,0.5,0.5,0.5,0.5,0.5,0.5,0.5
0.5,0.5,0.5,0.5,0.5,0.5,0.5,0.499999,0.499998,0.499996,0.499992,0.499983,0.499965,0.499931,0.49987,0.499764,0.499585,0.499298,0.498854,0.498194,0.497254,0.49597,0.494291,0.492191,0.489689,0.486852,0.483811,0.480749,0.477889,0.47547,0.473713,0.472788,0.472788,0.473713,0.47547,0.477889,0.480749,0.483811,0.486852,0.489689,0.492191,0.494291,0.49597,0.497254,0.498194,0.498854,0.499298,0.499585,0.499764,0.49987,0.499931,0.499965,0.499983,0.499992,0.499996,0.499998,0.499999,0.5,0.5,0.5,0.5,0.5,0.5,0.5
0.5,0.5,0.5,0.5,0.5,0.5,0.5,0.499999,0.499997,0.499994,0.499987,0.499972,0.499944,0.499891,0.499794,0.499627,0.499345,0.498893,0.498194,0.497158,0.495682,0.493668,0.491036,0.48775,0.483836,0.479404,0.474655,0.469875,0.465414,0.461642,0.458903,0.457462,0.457462,0.458903,0.461642,0.465414,0.469875,0.474655,0.479404,0.483836,0.48775,0.491036,0.493668,0.495682,0.497158,0.498194,0.498893,0.499345,0.499627,0.499794,0.499891,0.499944,0.499972,0.499987,0.499994,0.499997,0.499999,0.5,0.5,0.5,0.5,0.5,0.5,0.5
0.5,0.5,0.5,0.5,0.5,0.5,0.499999,0.499998,0.499996,0.499991,0.49998,0.499958,0.499915,0.499833,0.499686,0.49943,0.499003,0.498315,0.497254,0.495682,0.493445,0.490397,0.486418,0.481453,0.475544,0.468858,0.461699,0.454499,0.447781,0.442104,0.437982,0.435814,0.435814,0.437982,0.442104,0.447781,0.454499,0.461699,0.468858,0.475544,0.481453,0.486418,0.490397,0.493445,0.495682,0.497254,0.498315,0.499003,0.49943,0.499686,0.499833,0.499915,0.499958,0.49998,0.499991,0.499996,0.499998,0.499999,0.5,0.5,0.5,0.5,0.5,0.5
0.5,0.5,0.5,0.5,0.5,0.5,0.499999,0.499997,0.499994,0.499986,0.49997,0.499938,0.499874,0.499754,0.499538,0.499162,0.498533,0.497525,0.49597,0.493668,0.490397,0.485942,0.480133,0.472891,0.46428,0.454543,0.444124,0.433651,0.423885,0.415635,0.409647,0.406496,0.406496,0.409647,0.415635,0.423885,0.433651,0.444124,0.454543,0.46428,0.472891,0.480133,0.485942,0.490397,0.493668,0.49597,0.497525,0.498533,0.499162,0.499538,0.499754,0.499874,0.499938,0.49997,0.499986,0.499994,0.499997,0.499999,0.5,0.5,0.5,0.5,0.5,0.5
0.5,0.5,0.5,0.5,0.5,0.499999,0.499998,0.499996,0.499991,0.49998,0.499958,0.499911,0.49982,0.49965,0.499343,0.498809,0.497919,0.496491,0.494291,0.491036,0.486418,0.480133,0.471945,0.461746,0.449627,0.435934,0.421291,0.406581,0.392871,0.381292,0.372891,0.368471,0.368471,0.372891,0.381292,0.392871,0.406581,0.421291,0.435934,0.449627,0.461746,0.471945,0.480133,0.486418,0.491036,0.494291,0.496491,0.497919,0.498809,0.499343,0.49965,0.49982,0.499911,0.499958,0.49998,0.499991,0.499996,0.499998,0.499999,0.5,0.5,0.5,0.5,0.5
0.5,0.5,0.5,0.5,0.5,0.499999,0.499998,0.499995,0.499988,0.499973,0.499942,0.499878,0.499753,0.499519,0.499098,0.498367,0.497149,0.495196,0.492191,0.48775,0.481453,0.472891,0.461746,0.447874,0.431403,0.412805,0.392929,0.372973,0.354381,0.338685,0.327299,0.32131,0.32131,0.327299,0.338685,0.354381,0.372973,0.392929,0.412805,0.431403,0.447874,0.461746,0.472891,0.481453,0.48775,0.492191,0.495196,0.497149,0.498367,0.499098,0.499519,0.499753,0.499878,0.499942,0.499973,0.499988,0.499995,0.499998,0.499999,0.5,0.5,0.5,0.5,0.5
0.5,0.5,0.5,0.5,0.5,0.499999,0.499997,0.499993,0.499984,0.499964,0.499922,0.499838,0.499672,0.499363,0.498805,0.497839,0.496229,0.493652,0.489689,0.483836,0.475544,0.46428,0.449627,0.431403,0.409779,0.385379,0.359316,0.33316,0.308803,0.288247,0.273339,0.265499,0.265499,0.273339,0.288247,0.308803,0.33316,0.359316,0.385379,0.409779,0.431403,0.449627,0.46428,0.475544,0.483836,0.489689,0.493652,0.496229,0.497839,0.498805,0.499363,0.499672,0.499838,0.499922,0.499964,0.499984,0.499993,0.499997,0.499999,0.5,0.5,0.5,0.5,0.5
0.5,0.5,0.5,0.5,0.499999,0.499999,0.499996,0.499991,0.49998,0.499954,0.4999,0.499792,0.499581,0.499185,0.498473,0.497239,0.495185,0.4919,0.486852,0.479404,0.468858,0.454543,0.435934,0.412805,0.385379,0.354448,0.321428,0.288304,0.257469,0.231455,0.212592,0.202674,0.202674,0.212592,0.231455,0.257469,0.288304,0.321428,0.354448,0.385379,0.412805,0.435934,0.454543,0.468858,0.479404,0.486852,0.4919,0.495185,0.497239,0.498473,0.499185,0.499581,0.499792,0.4999,0.499954,0.49998,0.499991,0.499996,0.499999,0.499999,0.5,0.5,0.5,0.5
0.5,0.5,0.5,0.5,0.499999,0.499998,0.499996,0.499989,0.499975,0.499943,0.499877,0.499743,0.499482,0.498993,0.498115,0.496594,0.494065,0.490021,0.483811,0.474655,0.461699,0.444124,0.421291,0.392929,0.359316,0.321428,0.280997,0.240457,0.202731,0.170911,0.147844,0.135716,0.135716,0.147844,0.170911,0.202731,0.240457,0.280997,0.321428,0.359316,0.392929,0.421291,0.444124,0.461699,0.474655,0.483811,0.490021,0.494065,0.496594,0.498115,0.498993,0.499482,0.499743,0.499877,0.499943,0.499975,0.499989,0.499996,0.499998,0.499999,0.5,0.5,0.5,0.5
0.5,0.5,0.5,0.5,0.499999,0.499998,0.499995,0.499987,0.49997,0.499932,0.499853,0.499693,0.499382,0.4988,0.497754,0.495944,0.492935,0.488127,0.480749,0.469875,0.454499,0.433651,0.406581,0.372973,0.33316,0.288304,0.240457,0.192496,0.147878,0.110254,0.0829833,0.0686468,0.0686468,0.0829833,0.110254,0.147878,0.192496,0.240457,0.288304,0.33316,0.372973,0.406581,0.433651,0.454499,0.469875,0.480749,0.488127,0.492935,0.495944,0.497754,0.4988,0.499382,0.499693,0.499853,0.499932,0.49997,0.499987,0.499995,0.499998,0.499999,0.5,0.5,0.5,0.5
0.5,0.5,0.5,0.5,0.499999,0.499998,0.499994,0.499985,0.499965,0.499922,0.499831,0.499646,0.499288,0.498619,0.497415,0.495335,0.491878,0.486358,0.477889,0.465414,0.447781,0.423885,0.392871,0.354381,0.308803,0.257469,0.202731,0.147878,0.0968612,0.0538491,0.0226773,0.0062914,0.0062914,0.0226773,0.0538491,0.0968612,0.147878,0.202731,0.257469,0.308803,0.354381,0.392871,0.423885,0.447781,0.465414,0.477889,0.486358,0.491878,0.495335,0.497415,0.498619,0.499288,0.499646,0.499831,0.499922,0.499965,0.499985,0.499994,0.499998,0.499999,0.5,0.5,0.5,0.5
0.5,0.5,0.5,0.5,0.499999,0.499997,0.499993,0.499983,0.499961,0.499913,0.499812,0.499607,0.499209,0.498465,0.497129,0.49482,0.490984,0.484861,0.47547,0.461642,0.442104,0.415635,0.381292,0.338685,0.288247,0.231455,0.170911,0.110254,0.0538491,0.00630117,-0.028154,-0.0462647,-0.0462647,-0.028154,0.00630117,0.0538491,0.110254,0.170911,0.231455,0.288247,0.338685,0.381292,0.415635,0.442104,0.461642,0.47547,0.484861,0.490984,0.49482,0.497129,0.498465,0.499209,0.499607,0.499812,0.499913,0.499961,0.499983,0.499993,0.499997,0.499999,0.5,0.5,0.5,0.5
0.5,0.5,0.5,0.5,0.499999,0.499997,0.499993,0.499982,0.499958,0.499907,0.499798,0.499578,0.499151,0.498354,0.496921,0.494445,0.490334,0.483773,0.473713,0.458903,0.437982,0.409647,0.372891,0.327299,0.273339,0.212592,0.147844,0.0829833,0.0226773,-0.028154,-0.0649857,-0.0843449,-0.0843449,-0.0649857,-0.028154,0.0226773,0.0829833,0.147844,0.212592,0.273339,0.327299,0.372891,0.409647,0.437982,0.458903,0.473713,0.483773,0.490334,0.494445,0.496921,0.498354,0.499151,0.499578,0.499798,0.499907,0.499958,0.499982,0.499993,0.499997,0.499999,0.5,0.5,0.5,0.5
0.5,0.5,0.5,0.5,0.499999,0.499997,0.499992,0.499981,0.499957,0.499903,0.49979,0.499563,0.499121,0.498295,0.496811,0.494248,0.489992,0.4832,0.472788,0.457462,0.435814,0.406496,0.368471,0.32131,0.265499,0.202674,0.135716,0.0686468,0.0062914,-0.0462647,-0.0843449,-0.10436,-0.10436,-0.0843449,-0.0462647,0.0062914,0.0686468,0.135716,0.202674,0.265499,0.32131,0.368471,0.406496,0.435814,0.457462,0.472788,0.4832,0.489992,0.494248,0.496811,0.498295,0.499121,0.499563,0.49979,0.499903,0.499957,0.499981,0.499992,0.499997,0.499999,0.5,0.5,0.5,0.5
0.5,0.5,0.5,0.5,0.499999,0.499997,0.499992,0.499981,0.499957,0.499903,0.49979,0.499563,0.499121,0.498295,0.496811,0.494248,0.489992,0.4832,0.472788,0.457462,0.435814,0.406496,0.368471,0.32131,0.265499,0.202674,0.135716,0.0686468,0.0062914,-0.0462647,-0.0843449,-0.10436,-0.10436,-0.0843449,-0.0462647,0.0062914,0.0686468,0.135716,0.202674,0.265499,0.32131,0.368471,0.406496,0.435814,0.457462,0.472788,0.4832,0.489992,0.494248,0.496811,0.498295,0.499121,0.499563,0.49979,0.499903,0.499957,0.499981,0.499992,0.499997,0.499999,0.5,0.5,0.5,0.5
0.5,0.5,0.5,0.5,0.499999,0.499997,0.499993,0.499982,0.499958,0.499907,0.499798,0.499578,0.499151,0.498354,0.496921,0.494445,0.490334,0.483773,0.473713,0.458903,0.437982,0.409647,0.372891,0.327299,0.273339,0.212592,0.147844,0.0829833,0.0226773,-0.028154,-0.0649857,-0.0843449,-0.0843449,-0.0649857,-0.028154,0.0226773,0.0829833,0.147844,0.212592,0.273339,0.327299,0.372891,0.409647,0.437982,0.458903,0.473713,0.483773,0.490334,0.494445,0.496921,0.498354,0.499151,0.499578,0.499798,0.499907,0.499958,0.499982,0.499993,0.499997,0.499999,0.5,0.5,0.5,0.5
0.5,0.5,0.5,0.5,0.499999,0.499997,0.499993,0.499983,0.499961,0.499913,0.499812,0.499607,0.499209,0.498465,0.497129,0.49482,0.490984,0.484861,0.47547,0.461642,0.442104,0.415635,0.381292,0.338685,0.288247,0.231455,0.170911,0.110254,0.0538491,0.00630117,-0.028154,-0.0462647,-0.0462647,-0.028154,0.00630117,0.0538491,0.110254,0.170911,0.231455,0.288247,0.338685,0.381292,0.415635,0.442104,0.461642,0.47547,0.484861,0.490984,0.49482,0.497129,0.498465,0.499209,0.499607,0.499812,0.499913,0.499961,0.499983,0.499993,0.499997,0.499999,0.5,0.5,0.5,0.5
0.5,0.5,0.5,0.5,0.499999,0.499998,0.499994,0.499985,0.499965,0.499922,0.499831,0.499646,0.499288,0.498619,0.497415,0.495335,0.491878,0.486358,0.477889,0.465414,0.447781,0.423885,0.392871,0.354381,0.308803,0.257469,0.202731,0.147878,0.0968612,0.0538491,0.0226773,0.0062914,0.0062914,0.0226773,0.0538491,0.0968612,0.147878,0.202731,0.257469,0.308803,0.354381,0.392871,0.423885,0.447781,0.465414,0.477889,0.486358,0.491878,0.495335,0.497415,0.498619,0.499288,0.499646,0.499831,0.499922,0.499965,0.499985,0.499994,0.499998,0.499999,0.5,0.5,0.5,0.5
0.5,0.5,0.5,0.5,0.499999,0.499998,0.499995,0.499987,0.49997,0.499932,0.499853,0.499693,0.499382,0.4988,0.497754,0.495944,0.492935,0.488127,0.480749,0.469875,0.454499,0.433651,0.406581,0.372973,0.33316,0.288304,0.240457,0.192496,0.147878,0.110254,0.0829833,0.0686468,0.0686468,0.0829833,0.110254,0.147878,0.192496,0.240457,0.288304,0.33316,0.372973,0.406581,0.433651,0.454499,0.469875,0.480749,0.488127,0.492935,0.495944,0.497754,0.4988,0.499382,0.499693,0.499853,0.499932,0.49997,0.499987,0.499995,0.499998,0.499999,0.5,0.5,0.5,0.5
0.5,0.5,0.5,0.5,0.499999,0.499998,0.499996,0.499989,0.499975,0.499943,0.499877,0.499743,0.499482,0.498993,0.498115,0.496594,0.494065,0.490021,0.483811,0.474655,0.461699,0.444124,0.421291,0.392929,0.359316,0.321428,0.280997,0.240457,0.202731,0.170911,0.147844,0.135716,0.135716,0.147844,0.170911,0.202731,0.240457,0.280997,0.321428,0.359316,0.392929,0.421291,0.444124,0.461699,0.474655,0.483811,0.490021,0.494065,0.496594,0.498115,0.498993,0.499482,0.499743,0.499877,0.499943,0.499975,0.499989,0.499996,0.499998,0.499999,0.5,0.5,0.5,0.5
0.5,0.5,0.5,0.5,0.499999,0.499999,0.499996,0.499991,0.49998,0.499954,0.4999,0.499792,0.499581,0.499185,0.498473,0.497239,0.495185,0.4919,0.486852,0.479404,0.468858,0.454543,0.435934,0.412805,0.385379,0.354448,0.321428,0.288304,0.257469,0.231455,0.212592,0.202674,0.202674,0.212592,0.231455,0.257469,0.288304,0.321428,0.354448,0.385379,0.412805,0.435934,0.454543,0.468858,0.479404,0.486852,0.4919,0.495185,0.497239,0.498473,0.499185,0.499581,0.499792,0.4999,0.499954,0.49998,0.499991,0.499996,0.499999,0.499999,0.5,0.5,0.5,0.5
0.5,0.5,0.5,0.5,0.5,0.499999,0.499997,0.499993,0.499984,0.499964,0.499922,0.499838,0.499672,0.499363,0.498805,0.497839,0.496229,0.493652,0.489689,0.483836,0.475544,0.46428,0.449627,0.431403,0.409779,0.385379,0.359316,0.33316,0.308803,0.288247,0.273339,0.265499,0.265499,0.273339,0.288247,0.308803,0.33316,0.359316,0.385379,0.409779,0.431403,0.449627,0.46428,0.475544,0.483836,0.489689,0.493652,0.496229,0.497839,0.498805,0.499363,0.499672,0.499838,0.499922,0.499964,0.499984,0.499993,0.499997,0.499999,0.5,0.5,0.5,0.5,0.5
0.5,0.5,0.5,0.5,0.5,0.499999,0.499998,0.499995,0.499988,0.499973,0.499942,0.499878,0.499753,0.499519,0.499098,0.498367,0.497149,0.495196,0.492191,0.48775,0.481453,0.472891,0.461746,0.447874,0.431403,0.412805,0.392929,0.372973,0.354381,0.338685,0.327299,0.32131,0.32131,0.327299,0.338685,0.354381,0.372973,0.392929,0.412805,0.431403,0.447874,0.461746,0.472891,0.481453,0.48775,0.492191,0.495196,0.497149,0.498367,0.499098,0.499519,0.499753,0.499878,0.499942,0.499973,0.499988,0.499995,0.499998,0.499999,0.5,0.5,0.5,0.5,0.5
0.5,0.5,0.5,0.5,0.5,0.499999,0.499998,0.499996,0.499991,0.49998,0.499958,0.499911,0.49982,0.49965,0.499343,0.498809,0.497919,0.496491,0.494291,0.491036,0.486418,0.480133,0.471945,0.461746,0.449627,0.435934,0.421291,0.406581,0.392871,0.381292,0.372891,0.368471,0.368471,0.372891,0.381292,0.392871,0.406581,0.421291,0.435934,0.449627,0.461746,0.471945,0.480133,0.486418,0.491036,0.494291,0.496491,0.497919,0.498809,0.499343,0.49965,0.49982,0.499911,0.499958,0.49998,0.499991,0.499996,0.499998,0.499999,0.5,0.5,0.5,0.5,0.5
0.5,0.5,0.5,0.5,0.5,0.5,0.499999,0.499997,0.499994,0.499986,0.49997,0.499938,0.499874,0.499754,0.499538,0.499162,0.498533,0.497525,0.49597,0.493668,0.490397,0.485942,0.480133,0.472891,0.46428,0.454543,0.444124,0.433651,0.423885,0.415635,0.409647,0.406496,0.406496,0.409647,0.415635,0.423885,0.433651,0.444124,0.454543,0.46428,0.472891,0.480133,0.485942,0.490397,0.493668,0.49597,0.497525,0.498533,0.499162,0.499538,0.499754,0.499874,0.499938,0.49997,0.499986,0.499994,0.499997,0.499999,0.5,0.5,0.5,0.5,0.5,0.5
0.5,0.5,0.5,0.5,0.5,0.5,0.499999,0.499998,0.499996,0.499991,0.49998,0.499958,0.499915,0.499833,0.499686,0.49943,0.499003,0.498315,0.497254,0.495682,0.493445,0.490397,0.486418,0.481453,0.475544,0.468858,0.461699,0.454499,0.447781,0.442104,0.437982,0.435814,0.435814,0.437982,0.442104,0.447781,0.454499,0.461699,0.468858,0.475544,0.481453,0.486418,0.490397,0.493445,0.495682,0.497254,0.498315,0.499003,0.49943,0.499686,0.499833,0.499915,0.499958,0.49998,0.499991,0.499996,0.499998,0.499999,0.5,0.5,0.5,0.5,0.5,0.5
0.5,0.5,0.5,0.5,0.5,0.5,0.5,0.499999,0.499997,0.499994,0.499987,0.499972,0.499944,0.499891,0.499794,0.499627,0.499345,0.498893,0.498194,0.497158,0.495682,0.493668,0.491036,0.48775,0.483836,0.479404,0.474655,0.469875,0.465414,0.461642,0.458903,0.457462,0.457462,0.458903,0.461642,0.465414,0.469875,0.474655,0.479404,0.483836,0.48775,0.491036,0.493668,0.495682,0.497158,0.498194,0.498893,0.499345,0.499627,0.499794,0.499891,0.499944,0.499972,0.499987,0.499994,0.499997,0.499999,0.5,0.5,0.5,0.5,0.5,0.5,0.5
0.5,0.5,0.5,0.5,0.5,0.5,0.5,0.499999,0.499998,0.499996,0.499992,0.499983,0.499965,0.499931,0.49987,0.499764,0.499585,0.499298,0.498854,0.498194,0.497254,0.49597,0.494291,0.492191,0.489689,0.486852,0.483811,0.480749,0.477889,0.47547,0.473713,0.472788,0.472788,0.473713,0.47547,0.477889,0.480749,0.483811,0.486852,0.489689,0.492191,0.494291,0.49597,0.497254,0.498194,0.498854,0.499298,0.499585,0.499764,0.49987,0.499931,0.499965,0.499983,0.499992,0.499996,0.499998,0.499999,0.5,0.5,0.5,0.5,0.5,0.5,0.5
0.5,0.5,0.5,0.5,0.5,0.5,0.5,0.5,0.499999,0.499998,0.499995,0.499989,0.499979,0.499958,0.499921,0.499856,0.499747,0.499571,0.499298,0.498893,0.498315,0.497525,0.496491,0.495196,0.493652,0.4919,0.490021,0.488127,0.486358,0.484861,0.483773,0.4832,0.4832,0.483773,0.484861,0.486358,0.488127,0.490021,0.4919,0.493652,0.495196,0.496491,0.497525,0.498315,0.498893,0.499298,0.499571,0.499747,0.499856,0.499921,0.499958,0.499979,0.499989,0.499995,0.499998,0.499999,0.5,0.5,0.5,0.5,0.5,0.5,0.5,0.5
0.5,0.5,0.5,0.5,0.5,0.5,0.5,0.5,0.499999,0.499999,0.499997,0.499994,0.499987,0.499975,0.499953,0.499915,0.499851,0.499747,0.499585,0.499345,0.499003,0.498533,0.497919,0.497149,0.496229,0.495185,0.494065,0.492935,0.491878,0.490984,0.490334,0.489992,0.489992,0.490334,0.490984,0.491878,0.492935,0.494065,0.495185,0.496229,0.497149,0.497919,0.498533,0.499003,0.499345,0.499585,0.499747,0.499851,0.499915,0.499953,0.499975,0.499987,0.499994,0.499997,0.499999,0.499999,0.5,0.5,0.5,0.5,0.5,0.5,0.5,0.5
0.5,0.5,0.5,0.5,0.5,0.5,0.5,0.5,0.5,0.499999,0.499998,0.499996,0.499993,0.499986,0.499974,0.499952,0.499915,0.499856,0.499764,0.499627,0.49943,0.499162,0.498809,0.498367,0.497839,0.497239,0.496594,0.495944,0.495335,0.49482,0.494445,0.494248,0.494248,0.494445,0.49482,0.495335,0.495944,0.496594,0.497239,0.497839,0.498367,0.498809,0.499162,0.49943,0.499627,0.499764,0.499856,0.499915,0.499952,0.499974,0.499986,0.499993,0.499996,0.499998,0.499999,0.5,0.5,0.5,0.5,0.5,0.5,0.5,0.5,0.5
0.5,0.5,0.5,0.5,0.5,0.5,0.5,0.5,0.5,0.5,0.499999,0.499998,0.499996,0.499992,0.499986,0.499974,0.499953,0.499921,0.49987,0.499794,0.499686,0.499538,0.499343,0.499098,0.498805,0.498473,0.498115,0.497754,0.497415,0.497129,0.496921,0.496811,0.496811,0.496921,0.497129,0.497415,0.497754,0.498115,0.498473,0.498805,0.499098,0.499343,0.499538,0.499686,0.499794,0.49987,0.499921,0.499953,0.499974,0.499986,0.499992,0.499996,0.499998,0.499999,0.5,0.5,0.5,0.5,0.5,0.5,0.5,0.5,0.5,0.5
0.5,0.5,0.5,0.5,0.5,0.5,0.5,0.5,0.5,0.5,0.5,0.499999,0.499998,0.499996,0.499992,0.499986,0.499975,0.499958,0.499931,0.499891,0.499833,0.499754,0.49965,0.499519,0.499363,0.499185,0.498993,0.4988,0.498619,0.498465,0.498354,0.498295,0.498295,0.498354,0.498465,0.498619,0.4988,0.498993,0.499185,0.499363,0.499519,0.49965,0.499754,0.499833,0.499891,0.499931,0.499958,0.499975,0.499986,0.499992,0.499996,0.499998,0.499999,0.5,0.5,0.5,0.5,0.5,0.5,0.5,0.5,0.5,0.5,0.5
0.5,0.5,0.5,0.5,0.5,0.5,0.5,0.5,0.5,0.5,0.5,0.499999,0.499999,0.499998,0.499996,0.499993,0.499987,0.499979,0.499965,0.499944,0.499915,0.499874,0.49982,0.499753,0.499672,0.499581,0.499482,0.499382,0.499288,0.499209,0.499151,0.499121,0.499121,0.499151,0.499209,0.499288,0.499382,0.499482,0.499581,0.499672,0.499753,0.49982,0.499874,0.499915,0.499944,0.499965,0.499979,0.499987,0.499993,0.499996,0.499998,0.499999,0.499999,0.5,0.5,0.5,0.5,0.5,0.5,0.5,0.5,0.5,0.5,0.5
0.5,0.5,0.5,0.5,0.5,0.5,0.5,0.5,0.5,0.5,0.5,0.5,0.499999,0.499999,0.499998,0.499996,0.499994,0.499989,0.499983,0.499972,0.499958,0.499938,0.499911,0.499878,0.499838,0.499792,0.499743,0.499693,0.499646,0.499607,0.499578,0.499563,0.499563,0.499578,0.499607,0.499646,0.499693,0.499743,0.499792,0.499838,0.499878,0.499911,0.499938,0.499958,0.499972,0.499983,0.499989,0.499994,0.499996,0.499998,0.499999,0.499999,0.5,0.5,0.5,0.5,0.5,0.5,0.5,0.5,0.5,0.5,0.5,0.5
0.5,0.5,0.5,0.5,0.5,0.5,0.5,0.5,0.5,0.5,0.5,0.5,0.5,0.5,0.499999,0.499998,0.499997,0.499995,0.499992,0.499987,0.49998,0.49997,0.499958,0.499942,0.499922,0.4999,0.499877,0.499853,0.499831,0.499812,0.499798,0.49979,0.49979,0.499798,0.499812,0.499831,0.499853,0.499877,0.4999,0.499922,0.499942,0.499958,0.49997,0.49998,0.499987,0.499992,0.499995,0.499997,0.499998,0.499999,0.5,0.5,0.5,0.5,0.5,0.5,0.5,0.5,0.5,0.5,0.5,0.5,0.5,0.5
0.5,0.5,0.5,0.5,0.5,0.5,0.5,0.5,0.5,0.5,0.5,0.5,0.5,0.5,0.5,0.499999,0.499999,0.499998,0.499996,0.499994,0.499991,0.499986,0.49998,0.499973,0.499964,0.499954,0.499943,0.499932,0.499922,0.499913,0.499907,0.499903,0.499903,0.499907,0.499913,0.499922,0.499932,0.499943,0.499954,0.499964,0.499973,0.49998,0.499986,0.499991,0.499994,0.499996,0.499998,0.499999,0.499999,0.5,0.5,0.5,0.5,0.5,0.5,0.5,0.5,0.5,0.5,0.5,0.5,0.5,0.5,0.5
0.5,0.5,0.5,0.5,0.5,0.5,0.5,0.5,0.5,0.5,0.5,0.5,0.5,0.5,0.5,0.5,0.499999,0.499999,0.499998,0.499997,0.499996,0.499994,0.499991,0.499988,0.499984,0.49998,0.499975,0.49997,0.499965,0.499961,0.499958,0.499957,0.499957,0.499958,0.499961,0.499965,0.49997,0.499975,0.49998,0.499984,0.499988,0.499991,0.499994,0.499996,0.499997,0.499998,0.499999,0.499999,0.5,0.5,0.5,0.5,0.5,0.5,0.5,0.5,0.5,0.5,0.5,0.5,0.5,0.5,0.5,0.5
0.5,0.5,0.5,0.5,0.5,0.5,0.5,0.5,0.5,0.5,0.5,0.5,0.5,0.5,0.5,0.5,0.5,0.5,0.499999,0.499999,0.499998,0.499997,0.499996,0.499995,0.499993,0.499991,0.499989,0.499987,0.499985,0.499983,0.499982,0.499981,0.499981,0.499982,0.499983,0.499985,0.499987,0.499989,0.499991,0.499993,0.499995,0.499996,0.499997,0.499998,0.499999,0.499999,0.5,0.5,0.5,0.5,0.5,0.5,0.5,0.5,0.5,0.5,0.5,0.5,0.5,0.5,0.5,0.5,0.5,0.5
0.5,0.5,0.5,0.5,0.5,0.5,0.5,0.5,0.5,0.5,0.5,0.5,0.5,0.5,0.5,0.5,0.5,0.5,0.5,0.5,0.499999,0.499999,0.499998,0.499998,0.499997,0.499996,0.499996,0.499995,0.499994,0.499993,0.499993,0.499992,0.499992,0.499993,0.499993,0.499994,0.499995,0.499996,0.499996,0.499997,0.499998,0.499998,0.499999,0.499999,0.5,0.5,0.5,0.5,0.5,0.5,0.5,0.5,0.5,0.5,0.5,0.5,0.5,0.5,0.5,0.5,0.5,0.5,0.5,0.5
0.5,0.5,0.5,0.5,0.5,0.5,0.5,0.5,0.5,0.5,0.5,0.5,0.5,0.5,0.5,0.5,0.5,0.5,0.5,0.5,0.5,0.5,0.499999,0.499999,0.499999,0.499999,0.499998,0.499998,0.499998,0.499997,0.499997,0.499997,0.499997,0.499997,0.499997,0.499998,0.499998,0.499998,0.499999,0.499999,0.499999,0.499999,0.5,0.5,0.5,0.5,0.5,0.5,0.5,0.5,0.5,0.5,0.5,0.5,0.5,0.5,0.5,0.5,0.5,0.5,0.5,0.5,0.5,0.5
0.5,0.5,0.5,0.5,0.5,0.5,0.5,0.5,0.5,0.5,0.5,0.5,0.5,0.5,0.5,0.5,0.5,0.5,0.5,0.5,0.5,0.5,0.5,0.5,0.5,0.499999,0.499999,0.499999,0.499999,0.499999,0.499999,0.499999,0.499999,0.499999,0.499999,0.499999,0.499999,0.499999,0.499999,0.5,0.5,0.5,0.5,0.5,0.5,0.5,0.5,0.5,0.5,0.5,0.5,0.5,0.5,0.5,0.5,0.5,0.5,0.5,0.5,0.5,0.5,0.5,0.5,0.5
0.5,0.5,0.5,0.5,0.5,0.5,0.5,0.5,0.5,0.5,0.5,0.5,0.5,0.5,0.5,0.5,0.5,0.5,0.5,0.5,0.5,0.5,0.5,0.5,0.5,0.5,0.5,0.5,0.5,0.5,0.5,0.5,0.5,0.5,0.5,0.5,0.5,0.5,0.5,0.5,0.5,0.5,0.5,0.5,0.5,0.5,0.5,0.5,0.5,0.5,0.5,0.5,0.5,0.5,0.5,0.5,0.5,0.5,0.5,0.5,0.5,0.5,0.5,0.5
0.5,0.5,0.5,0.5,0.5,0.5,0.5,0.5,0.5,0.5,0.5,0.5,0.5,0.5,0.5,0.5,0.5,0.5,0.5,0.5,0.5,0.5,0.5,0.5,0.5,0.5,0.5,0.5,0.5,0.5,0.5,0.5,0.5,0.5,0.5,0.5,0.5,0.5,0.5,0.5,0.5,0.5,0.5,0.5,0.5,0.5,0.5,0.5,0.5,0.5,0.5,0.5,0.5,0.5,0.5,0.5,0.5,0.5,0.5,0.5,0.5,0.5,0.5,0.5
0.5,0.5,0.5,0.5,0.5,0.5,0.5,0.5,0.5,0.5,0.5,0.5,0.5,0.5,0.5,0.5,0.5,0.5,0.5,0.5,0.5,0.5,0.5,0.5,0.5,0.5,0.5,0.5,0.5,0.5,0.5,0.5,0.5,0.5,0.5,0.5,0.5,0.5,0.5,0.5,0.5,0.5,0.5,0.5,0.5,0.5,0.5,0.5,0.5,0.5,0.5,0.5,0.5,0.5,0.5,0.5,0.5,0.5,0.5,0.5,0.5,0.5,0.5,0.5
0.5,0.5,0.5,0.5,0.5,0.5,0.5,0.5,0.5,0.5,0.5,0.5,0.5,0.5,0.5,0.5,0.5,0.5,0.5,0.5,0.5,0.5,0.5,0.5,0.5,0.5,0.5,0.5,0.5,0.5,0.5,0.5,0.5,0.5,0.5,0.5,0.5,0.5,0.5,0.5,0.5,0.5,0.5,0.5,0.5,0.5,0.5,0.5,0.5,0.5,0.5,0.5,0.5,0.5,0.5,0.5,0.5,0.5,0.5,0.5,0.5,0.5,0.5,0.5
