0.5,0.5,0.5,0.5,0.5,0.5,0.5,0.5,0.5,0.5,0.5,0.499999,0.499999,0.499998,0.499996,0.499994,0.499991,0.499986,0.49998,0.499972,0.499962,0.499949,0.499934,0.499916,0.499897,0.499877,0.499857,0.499837,0.49982,0.499806,0.499795,0.49979,0.49979,0.499795,0.499806,0.49982,0.499837,0.499857,0.499877,0.499897,0.499916,0.499934,0.499949,0.499962,0.499972,0.49998,0.499986,0.499991,0.499994,0.499996,0.499998,0.499999,0.499999,0.5,0.5,0.5,0.5,0.5,0.5,0.5,0.5,0.5,0.5,0.5
0.5,0.5,0.5,0.5,0.5,0.5,0.5,0.5,0.5,0.5,0.5,0.499999,0.499999,0.499998,0.499996,0.499994,0.499991,0.499986,0.49998,0.499972,0.499962,0.499949,0.499934,0.499916,0.499897,0.499877,0.499857,0.499837,0.49982,0.499806,0.499795,0.49979,0.49979,0.499795,0.499806,0.49982,0.499837,0.499857,0.499877,0.499897,0.499916,0.499934,0.499949,0.499962,0.499972,0.49998,0.499986,0.499991,0.499994,0.499996,0.499998,0.499999,0.499999,0.5,0.5,0.5,0.5,0.5,0.5,0.5,0.5,0.5,0.5,0.5
0.5,0.5,0.5,0.5,0.5,0.5,0.5,0.5,0.5,0.5,0.499999,0.499999,0.499998,0.499996,0.499994,0.49999,0.499985,0.499978,0.499968,0.499955,0.499939,0.499919,0.499895,0.499868,0.499839,0.499808,0.499777,0.499747,0.49972,0.499698,0.499683,0.499675,0.499675,0.499683,0.499698,0.49972,0.499747,0.499777,0.499808,0.499839,0.499868,0.499895,0.499919,0.499939,0.499955,0.499968,0.499978,0.499985,0.49999,0.499994,0.499996,0.499998,0.499999,0.499999,0.5,0.5,0.5,0.5,0.5,0.5,0.5,0.5,0.5,0.5
0.5,0.5,0.5,0.5,0.5,0.5,0.5,0.5,0.5,0.499999,0.499998,0.499997,0.499995,0.499992,0.499988,0.499981,0.499971,0.499957,0.499938,0.499914,0.499883,0.499846,0.499802,0.499752,0.499698,0.499641,0.499584,0.499529,0.499481,0.499441,0.499413,0.499399,0.499399,0.499413,0.499441,0.499481,0.499529,0.499584,0.499641,0.499698,0.499752,0.499802,0.499846,0.499883,0.499914,0.499938,0.499957,0.499971,0.499981,0.499988,0.499992,0.499995,0.499997,0.499998,0.499999,0.5,0.5,0.5,0.5,0.5,0.5,0.5,0.5,0.5
0.5,0.5,0.5,0.5,0.5,0.5,0.5,0.499999,0.499999,0.499998,0.499997,0.499994,0.49999,0.499984,0.499975,0.499961,0.499941,0.499914,0.499878,0.499831,0.499772,0.499701,0.499618,0.499523,0.499421,0.499314,0.499207,0.499105,0.499015,0.498942,0.49889,0.498863,0.498863,0.49889,0.498942,0.499015,0.499105,0.499207,0.499314,0.499421,0.499523,0.499618,0.499701,0.499772,0.499831,0.499878,0.499914,0.499941,0.499961,0.499975,0.499984,0.49999,0.499994,0.499997,0.499998,0.499999,0.499999,0.5,0.5,0.5,0.5,0.5,0.5,0.5
0.5,0.5,0.5,0.5,0.5,0.5,0.499999,0.499999,0.499998,0.499996,0.499993,0.499989,0.499981,0.499969,0.499951,0.499924,0.499886,0.499834,0.499765,0.499676,0.499566,0.499432,0.499277,0.499102,0.498913,0.498716,0.49852,0.498334,0.49817,0.498037,0.497943,0.497894,0.497894,0.497943,0.498037,0.49817,0.498334,0.49852,0.498716,0.498913,0.499102,0.499277,0.499432,0.499566,0.499676,0.499765,0.499834,0.499886,0.499924,0.499951,0.499969,0.499981,0.499989,0.499993,0.499996,0.499998,0.499999,0.499999,0.5,0.5,0.5,0.5,0.5,0.5
0.5,0.5,0.5,0.5,0.5,0.499999,0.499999,0.499998,0.499996,0.499993,0.499987,0.499978,0.499963,0.49994,0.499905,0.499855,0.499785,0.499688,0.499561,0.499398,0.499196,0.498954,0.498674,0.49836,0.498022,0.497671,0.497323,0.496996,0.496707,0.496472,0.496307,0.496222,0.496222,0.496307,0.496472,0.496707,0.496996,0.497323,0.497671,0.498022,0.49836,0.498674,0.498954,0.499196,0.499398,0.499561,0.499688,0.499785,0.499855,0.499905,0.49994,0.499963,0.499978,0.499987,0.499993,0.499996,0.499998,0.499999,0.499999,0.5,0.5,0.5,0.5,0.5
0.5,0.5,0.5,0.5,0.499999,0.499999,0.499998,0.499996,0.499992,0.499986,0.499976,0.499958,0.499931,0.499888,0.499825,0.499733,0.499605,0.499432,0.499205,0.498915,0.498559,0.498135,0.497646,0.497101,0.496517,0.495915,0.49532,0.494762,0.49427,0.493873,0.493593,0.493449,0.493449,0.493593,0.493873,0.49427,0.494762,0.49532,0.495915,0.496517,0.497101,0.497646,0.498135,0.498559,0.498915,0.499205,0.499432,0.499605,0.499733,0.499825,0.499888,0.499931,0.499958,0.499976,0.499986,0.499992,0.499996,0.499998,0.499999,0.499999,0.5,0.5,0.5,0.5
0.5,0.5,0.5,0.5,0.499999,0.499998,0.499996,0.499992,0.499986,0.499974,0.499955,0.499923,0.499874,0.499798,0.499685,0.499524,0.4993,0.498998,0.498605,0.498108,0.497501,0.496781,0.495957,0.495046,0.494073,0.493074,0.492092,0.491174,0.490367,0.489717,0.489261,0.489026,0.489026,0.489261,0.489717,0.490367,0.491174,0.492092,0.493074,0.494073,0.495046,0.495957,0.496781,0.497501,0.498108,0.498605,0.498998,0.4993,0.499524,0.499685,0.499798,0.499874,0.499923,0.499955,0.499974,0.499986,0.499992,0.499996,0.499998,0.499999,0.5,0.5,0.5,0.5
0.5,0.5,0.5,0.499999,0.499998,0.499996,0.499993,0.499986,0.499974,0.499954,0.49992,0.499864,0.499778,0.499646,0.499453,0.499177,0.498797,0.498289,0.497631,0.496807,0.495804,0.494626,0.493284,0.491809,0.490244,0.488645,0.487081,0.485625,0.484351,0.483326,0.482609,0.482239,0.482239,0.482609,0.483326,0.484351,0.485625,0.487081,0.488645,0.490244,0.491809,0.493284,0.494626,0.495804,0.496807,0.497631,0.498289,0.498797,0.499177,0.499453,0.499646,0.499778,0.499864,0.49992,0.499954,0.499974,0.499986,0.499993,0.499996,0.499998,0.499999,0.5,0.5,0.5
0.5,0.5,0.499999,0.499998,0.499997,0.499993,0.499987,0.499976,0.499955,0.49992,0.499861,0.499767,0.49962,0.499399,0.499077,0.498621,0.497996,0.497168,0.496104,0.494778,0.49318,0.491313,0.489204,0.486899,0.484468,0.481999,0.479597,0.47737,0.475429,0.473873,0.472786,0.472227,0.472227,0.472786,0.473873,0.475429,0.47737,0.479597,0.481999,0.484468,0.486899,0.489204,0.491313,0.49318,0.494778,0.496104,0.497168,0.497996,0.498621,0.499077,0.499399,0.49962,0.499767,0.499861,0.49992,0.499955,0.499976,0.499987,0.499993,0.499997,0.499998,0.499999,0.5,0.5
0.499999,0.499999,0.499999,0.499997,0.499994,0.499989,0.499978,0.499958,0.499923,0.499864,0.499767,0.499611,0.499371,0.499011,0.49849,0.497758,0.496765,0.495457,0.493789,0.491728,0.489262,0.486404,0.483198,0.479719,0.476074,0.472397,0.468837,0.465555,0.462705,0.460428,0.458841,0.458027,0.458027,0.458841,0.460428,0.462705,0.465555,0.468837,0.472397,0.476074,0.479719,0.483198,0.486404,0.489262,0.491728,0.493789,0.495457,0.496765,0.497758,0.49849,0.499011,0.499371,0.499611,0.499767,0.499864,0.499923,0.499958,0.499978,0.499989,0.499994,0.499997,0.499999,0.499999,0.499999
0.499999,0.499999,0.499998,0.499995,0.49999,0.499981,0.499963,0.499931,0.499874,0.499778,0.49962,0.499371,0.498988,0.49842,0.497603,0.496465,0.494933,0.492932,0.490401,0.4873,0.483619,0.479387,0.474676,0.469604,0.464329,0.459042,0.453956,0.449292,0.44526,0.442052,0.439822,0.438679,0.438679,0.439822,0.442052,0.44526,0.449292,0.453956,0.459042,0.464329,0.469604,0.474676,0.479387,0.483619,0.4873,0.490401,0.492932,0.494933,0.496465,0.497603,0.49842,0.498988,0.499371,0.49962,0.499778,0.499874,0.499931,0.499963,0.499981,0.49999,0.499995,0.499998,0.499999,0.499999
0.499998,0.499998,0.499996,0.499992,0.499984,0.499969,0.49994,0.499888,0.499798,0.499646,0.499399,0.499011,0.49842,0.497548,0.496306,0.494591,0.492299,0.489331,0.48561,0.481091,0.475773,0.469711,0.463021,0.455876,0.448504,0.44117,0.434162,0.427774,0.422281,0.417928,0.414911,0.413367,0.413367,0.414911,0.417928,0.422281,0.427774,0.434162,0.44117,0.448504,0.455876,0.463021,0.469711,0.475773,0.481091,0.48561,0.489331,0.492299,0.494591,0.496306,0.497548,0.49842,0.499011,0.499399,0.499646,0.499798,0.499888,0.49994,0.499969,0.499984,0.499992,0.499996,0.499998,0.499998
0.499996,0.499996,0.499994,0.499988,0.499975,0.499951,0.499905,0.499825,0.499685,0.499453,0.499077,0.49849,0.497603,0.496306,0.494472,0.491962,0.488636,0.484369,0.479067,0.472686,0.465245,0.456843,0.447654,0.437929,0.42798,0.418162,0.408851,0.400419,0.393212,0.387527,0.3836,0.381595,0.381595,0.3836,0.387527,0.393212,0.400419,0.408851,0.418162,0.42798,0.437929,0.447654,0.456843,0.465245,0.472686,0.479067,0.484369,0.488636,0.491962,0.494472,0.496306,0.497603,0.49849,0.499077,0.499453,0.499685,0.499825,0.499905,0.499951,0.499975,0.499988,0.499994,0.499996,0.499996
0.499994,0.499994,0.49999,0.499981,0.499961,0.499924,0.499855,0.499733,0.499524,0.499177,0.498621,0.497758,0.496465,0.494591,0.491962,0.488395,0.483712,0.477757,0.470429,0.461695,0.451611,0.440336,0.428126,0.415329,0.40236,0.389676,0.377748,0.367028,0.357923,0.35078,0.345865,0.343362,0.343362,0.345865,0.35078,0.357923,0.367028,0.377748,0.389676,0.40236,0.415329,0.428126,0.440336,0.451611,0.461695,0.470429,0.477757,0.483712,0.488395,0.491962,0.494591,0.496465,0.497758,0.498621,0.499177,0.499524,0.499733,0.499855,0.499924,0.499961,0.499981,0.49999,0.499994,0.499994
0.499991,0.499991,0.499985,0.499971,0.499941,0.499886,0.499785,0.499605,0.4993,0.498797,0.497996,0.496765,0.494933,0.492299,0.488636,0.483712,0.477304,0.469238,0.459409,0.447813,0.434565,0.419908,0.404206,0.387921,0.371589,0.355775,0.341043,0.327914,0.316846,0.308215,0.302304,0.299301,0.299301,0.302304,0.308215,0.316846,0.327914,0.341043,0.355775,0.371589,0.387921,0.404206,0.419908,0.434565,0.447813,0.459409,0.469238,0.477304,0.483712,0.488636,0.492299,0.494933,0.496765,0.497996,0.498797,0.4993,0.499605,0.499785,0.499886,0.499941,0.499971,0.499985,0.499991,0.499991
0.499986,0.499986,0.499978,0.499957,0.499914,0.499834,0.499688,0.499432,0.498998,0.498289,0.497168,0.495457,0.492932,0.489331,0.484369,0.477757,0.469238,0.45862,0.445815,0.43087,0.413987,0.395519,0.375962,0.355915,0.336039,0.317009,0.299466,0.283985,0.271045,0.261026,0.2542,0.250744,0.250744,0.2542,0.261026,0.271045,0.283985,0.299466,0.317009,0.336039,0.355915,0.375962,0.395519,0.413987,0.43087,0.445815,0.45862,0.469238,0.477757,0.484369,0.489331,0.492932,0.495457,0.497168,0.498289,0.498998,0.499432,0.499688,0.499834,0.499914,0.499957,0.499978,0.499986,0.499986
0.49998,0.49998,0.499968,0.499938,0.499878,0.499765,0.499561,0.499205,0.498605,0.497631,0.496104,0.493789,0.490401,0.48561,0.479067,0.470429,0.459409,0.445815,0.429598,0.410887,0.389996,0.367424,0.343818,0.319928,0.296544,0.274436,0.254301,0.236731,0.222193,0.211029,0.203471,0.19966,0.19966,0.203471,0.211029,0.222193,0.236731,0.254301,0.274436,0.296544,0.319928,0.343818,0.367424,0.389996,0.410887,0.429598,0.445815,0.459409,0.470429,0.479067,0.48561,0.490401,0.493789,0.496104,0.497631,0.498605,0.499205,0.499561,0.499765,0.499878,0.499938,0.499968,0.49998,0.49998
0.499972,0.499972,0.499955,0.499914,0.499831,0.499676,0.499398,0.498915,0.498108,0.496807,0.494778,0.491728,0.4873,0.481091,0.472686,0.461695,0.447813,0.43087,0.410887,0.388102,0.36298,0.33619,0.308554,0.280977,0.254367,0.229567,0.207295,0.188115,0.172432,0.160511,0.152503,0.148484,0.148484,0.152503,0.160511,0.172432,0.188115,0.207295,0.229567,0.254367,0.280977,0.308554,0.33619,0.36298,0.388102,0.410887,0.43087,0.447813,0.461695,0.472686,0.481091,0.4873,0.491728,0.494778,0.496807,0.498108,0.498915,0.499398,0.499676,0.499831,0.499914,0.499955,0.499972,0.499972
0.499962,0.499962,0.499939,0.499883,0.499772,0.499566,0.499196,0.498559,0.497501,0.495804,0.49318,0.489262,0.483619,0.475773,0.465245,0.451611,0.434565,0.413987,0.389996,0.36298,0.333585,0.302676,0.271261,0.240396,0.21109,0.184222,0.160483,0.140359,0.124143,0.111969,0.103869,0.0998298,0.0998298,0.103869,0.111969,0.124143,0.140359,0.160483,0.184222,0.21109,0.240396,0.271261,0.302676,0.333585,0.36298,0.389996,0.413987,0.434565,0.451611,0.465245,0.475773,0.483619,0.489262,0.49318,0.495804,0.497501,0.498559,0.499196,0.499566,0.499772,0.499883,0.499939,0.499962,0.499962
0.499949,0.499949,0.499919,0.499846,0.499701,0.499432,0.498954,0.498135,0.496781,0.494626,0.491313,0.486404,0.479387,0.469711,0.456843,0.440336,0.419908,0.395519,0.367424,0.33619,0.302676,0.26796,0.23324,0.199709,0.168446,0.140322,0.11595,0.0956817,0.0796415,0.0677903,0.0600049,0.0561532,0.0561532,0.0600049,0.0677903,0.0796415,0.0956817,0.11595,0.140322,0.168446,0.199709,0.23324,0.26796,0.302676,0.33619,0.367424,0.395519,0.419908,0.440336,0.456843,0.469711,0.479387,0.486404,0.491313,0.494626,0.496781,0.498135,0.498954,0.499432,0.499701,0.499846,0.499919,0.499949,0.499949
0.499934,0.499934,0.499895,0.499802,0.499618,0.499277,0.498674,0.497646,0.495957,0.493284,0.489204,0.483198,0.474676,0.463021,0.447654,0.428126,0.404206,0.375962,0.343818,0.308554,0.271261,0.23324,0.19587,0.16046,0.128119,0.0996614,0.0755691,0.0560055,0.0408793,0.0299383,0.0228738,0.0194184,0.0194184,0.0228738,0.0299383,0.0408793,0.0560055,0.0755691,0.0996614,0.128119,0.16046,0.19587,0.23324,0.271261,0.308554,0.343818,0.375962,0.404206,0.428126,0.447654,0.463021,0.474676,0.483198,0.489204,0.493284,0.495957,0.497646,0.498674,0.499277,0.499618,0.499802,0.499895,0.499934,0.499934
0.499916,0.499916,0.499868,0.499752,0.499523,0.499102,0.49836,0.497101,0.495046,0.491809,0.486899,0.479719,0.469604,0.455876,0.437929,0.415329,0.387921,0.355915,0.319928,0.280977,0.240396,0.199709,0.16046,0.124041,0.0915484,0.0636926,0.0407732,0.0227211,0.00919303,-0.000304497,-0.00628359,-0.00915827,-0.00915827,-0.00628359,-0.000304497,0.00919303,0.0227211,0.0407732,0.0636926,0.0915484,0.124041,0.16046,0.199709,0.240396,0.280977,0.319928,0.355915,0.387921,0.415329,0.437929,0.455876,0.469604,0.479719,0.486899,0.491809,0.495046,0.497101,0.49836,0.499102,0.499523,0.499752,0.499868,0.499916,0.499916
0.499897,0.499897,0.499839,0.499698,0.499421,0.498913,0.498022,0.496517,0.494073,0.490244,0.484468,0.476074,0.464329,0.448504,0.42798,0.40236,0.371589,0.336039,0.296544,0.254367,0.21109,0.168446,0.128119,0.0915484,0.0597772,0.0333671,0.0123967,-0.00346699,-0.0148415,-0.0224741,-0.027086,-0.0292391,-0.0292391,-0.027086,-0.0224741,-0.0148415,-0.00346699,0.0123967,0.0333671,0.0597772,0.0915484,0.128119,0.168446,0.21109,0.254367,0.296544,0.336039,0.371589,0.40236,0.42798,0.448504,0.464329,0.476074,0.484468,0.490244,0.494073,0.496517,0.498022,0.498913,0.499421,0.499698,0.499839,0.499897,0.499897
0.499877,0.499877,0.499808,0.499641,0.499314,0.498716,0.497671,0.495915,0.493074,0.488645,0.481999,0.472397,0.459042,0.44117,0.418162,0.389676,0.355775,0.317009,0.274436,0.229567,0.184222,0.140322,0.0996614,0.0636926,0.0333671,0.00906597,-0.00937829,-0.0225775,-0.0314284,-0.0369289,-0.0400024,-0.0413506,-0.0413506,-0.0400024,-0.0369289,-0.0314284,-0.0225775,-0.00937829,0.00906597,0.0333671,0.0636926,0.0996614,0.140322,0.184222,0.229567,0.274436,0.317009,0.355775,0.389676,0.418162,0.44117,0.459042,0.472397,0.481999,0.488645,0.493074,0.495915,0.497671,0.498716,0.499314,0.499641,0.499808,0.499877,0.499877
0.499857,0.499857,0.499777,0.499584,0.499207,0.49852,0.497323,0.49532,0.492092,0.487081,0.479597,0.468837,0.453956,0.434162,0.408851,0.377748,0.341043,0.299466,0.254301,0.207295,0.160483,0.11595,0.0755691,0.0407732,0.0123967,-0.00937829,-0.024973,-0.0352754,-0.0414493,-0.0447263,-0.0462133,-0.0467369,-0.0467369,-0.0462133,-0.0447263,-0.0414493,-0.0352754,-0.024973,-0.00937829,0.0123967,0.0407732,0.0755691,0.11595,0.160483,0.207295,0.254301,0.299466,0.341043,0.377748,0.408851,0.434162,0.453956,0.468837,0.479597,0.487081,0.492092,0.49532,0.497323,0.49852,0.499207,0.499584,0.499777,0.499857,0.499857
0.499837,0.499837,0.499747,0.499529,0.499105,0.498334,0.496996,0.494762,0.491174,0.485625,0.47737,0.465555,0.449292,0.427774,0.400419,0.367028,0.327914,0.283985,0.236731,0.188115,0.140359,0.0956817,0.0560055,0.0227211,-0.00346699,-0.0225775,-0.0352754,-0.0427046,-0.0462695,-0.0474067,-0.04738,-0.0471207,-0.0471207,-0.04738,-0.0474067,-0.0462695,-0.0427046,-0.0352754,-0.0225775,-0.00346699,0.0227211,0.0560055,0.0956817,0.140359,0.188115,0.236731,0.283985,0.327914,0.367028,0.400419,0.427774,0.449292,0.465555,0.47737,0.485625,0.491174,0.494762,0.496996,0.498334,0.499105,0.499529,0.499747,0.499837,0.499837
0.49982,0.49982,0.49972,0.499481,0.499015,0.49817,0.496707,0.49427,0.490367,0.484351,0.475429,0.462705,0.44526,0.422281,0.393212,0.357923,0.316846,0.271045,0.222193,0.172432,0.124143,0.0796415,0.0408793,0.00919303,-0.0148415,-0.0314284,-0.0414493,-0.0462695,-0.0474962,-0.0467341,-0.0453731,-0.0444265,-0.0444265,-0.0453731,-0.0467341,-0.0474962,-0.0462695,-0.0414493,-0.0314284,-0.0148415,0.00919303,0.0408793,0.0796415,0.124143,0.172432,0.222193,0.271045,0.316846,0.357923,0.393212,0.422281,0.44526,0.462705,0.475429,0.484351,0.490367,0.49427,0.496707,0.49817,0.499015,0.499481,0.49972,0.49982,0.49982
0.499806,0.499806,0.499698,0.499441,0.498942,0.498037,0.496472,0.493873,0.489717,0.483326,0.473873,0.460428,0.442052,0.417928,0.387527,0.35078,0.308215,0.261026,0.211029,0.160511,0.111969,0.0677903,0.0299383,-0.000304497,-0.0224741,-0.0369289,-0.0447263,-0.0474067,-0.0467341,-0.0444406,-0.0420095,-0.0405136,-0.0405136,-0.0420095,-0.0444406,-0.0467341,-0.0474067,-0.0447263,-0.0369289,-0.0224741,-0.000304497,0.0299383,0.0677903,0.111969,0.160511,0.211029,0.261026,0.308215,0.35078,0.387527,0.417928,0.442052,0.460428,0.473873,0.483326,0.489717,0.493873,0.496472,0.498037,0.498942,0.499441,0.499698,0.499806,0.499806
0.499795,0.499795,0.499683,0.499413,0.49889,0.497943,0.496307,0.493593,0.489261,0.482609,0.472786,0.458841,0.439822,0.414911,0.3836,0.345865,0.302304,0.2542,0.203471,0.152503,0.103869,0.0600049,0.0228738,-0.00628359,-0.027086,-0.0400024,-0.0462133,-0.04738,-0.0453731,-0.0420095,-0.0388333,-0.0369558,-0.0369558,-0.0388333,-0.0420095,-0.0453731,-0.04738,-0.0462133,-0.0400024,-0.027086,-0.00628359,0.0228738,0.0600049,0.103869,0.152503,0.203471,0.2542,0.302304,0.345865,0.3836,0.414911,0.439822,0.458841,0.472786,0.482609,0.489261,0.493593,0.496307,0.497943,0.49889,0.499413,0.499683,0.499795,0.499795
0.49979,0.49979,0.499675,0.499399,0.498863,0.497894,0.496222,0.493449,0.489026,0.482239,0.472227,0.458027,0.438679,0.413367,0.381595,0.343362,0.299301,0.250744,0.19966,0.148484,0.0998298,0.0561532,0.0194184,-0.00915827,-0.0292391,-0.0413506,-0.0467369,-0.0471207,-0.0444265,-0.0405136,-0.0369558,-0.0348831,-0.0348831,-0.0369558,-0.0405136,-0.0444265,-0.0471207,-0.0467369,-0.0413506,-0.0292391,-0.00915827,0.0194184,0.0561532,0.0998298,0.148484,0.19966,0.250744,0.299301,0.343362,0.381595,0.413367,0.438679,0.458027,0.472227,0.482239,0.489026,0.493449,0.496222,0.497894,0.498863,0.499399,0.499675,0.49979,0.49979
0.49979,0.49979,0.499675,0.499399,0.498863,0.497894,0.496222,0.493449,0.489026,0.482239,0.472227,0.458027,0.438679,0.413367,0.381595,0.343362,0.299301,0.250744,0.19966,0.148484,0.0998298,0.0561532,0.0194184,-0.00915827,-0.0292391,-0.0413506,-0.0467369,-0.0471207,-0.0444265,-0.0405136,-0.0369558,-0.0348831,-0.0348831,-0.0369558,-0.0405136,-0.0444265,-0.0471207,-0.0467369,-0.0413506,-0.0292391,-0.00915827,0.0194184,0.0561532,0.0998298,0.148484,0.19966,0.250744,0.299301,0.343362,0.381595,0.413367,0.438679,0.458027,0.472227,0.482239,0.489026,0.493449,0.496222,0.497894,0.498863,0.499399,0.499675,0.49979,0.49979
0.499795,0.499795,0.499683,0.499413,0.49889,0.497943,0.496307,0.493593,0.489261,0.482609,0.472786,0.458841,0.439822,0.414911,0.3836,0.345865,0.302304,0.2542,0.203471,0.152503,0.103869,0.0600049,0.0228738,-0.00628359,-0.027086,-0.0400024,-0.0462133,-0.04738,-0.0453731,-0.0420095,-0.0388333,-0.0369558,-0.0369558,-0.0388333,-0.0420095,-0.0453731,-0.04738,-0.0462133,-0.0400024,-0.027086,-0.00628359,0.0228738,0.0600049,0.103869,0.152503,0.203471,0.2542,0.302304,0.345865,0.3836,0.414911,0.439822,0.458841,0.472786,0.482609,0.489261,0.493593,0.496307,0.497943,0.49889,0.499413,0.499683,0.499795,0.499795
0.499806,0.499806,0.499698,0.499441,0.498942,0.498037,0.496472,0.493873,0.489717,0.483326,0.473873,0.460428,0.442052,0.417928,0.387527,0.35078,0.308215,0.261026,0.211029,0.160511,0.111969,0.0677903,0.0299383,-0.000304497,-0.0224741,-0.0369289,-0.0447263,-0.0474067,-0.0467341,-0.0444406,-0.0420095,-0.0405136,-0.0405136,-0.0420095,-0.0444406,-0.0467341,-0.0474067,-0.0447263,-0.0369289,-0.0224741,-0.000304497,0.0299383,0.0677903,0.111969,0.160511,0.211029,0.261026,0.308215,0.35078,0.387527,0.417928,0.442052,0.460428,0.473873,0.483326,0.489717,0.493873,0.496472,0.498037,0.498942,0.499441,0.499698,0.499806,0.499806
0.49982,0.49982,0.49972,0.499481,0.499015,0.49817,0.496707,0.49427,0.490367,0.484351,0.475429,0.462705,0.44526,0.422281,0.393212,0.357923,0.316846,0.271045,0.222193,0.172432,0.124143,0.0796415,0.0408793,0.00919303,-0.0148415,-0.0314284,-0.0414493,-0.0462695,-0.0474962,-0.0467341,-0.0453731,-0.0444265,-0.0444265,-0.0453731,-0.0467341,-0.0474962,-0.0462695,-0.0414493,-0.0314284,-0.0148415,0.00919303,0.0408793,0.0796415,0.124143,0.172432,0.222193,0.271045,0.316846,0.357923,0.393212,0.422281,0.44526,0.462705,0.475429,0.484351,0.490367,0.49427,0.496707,0.49817,0.499015,0.499481,0.49972,0.49982,0.49982
0.499837,0.499837,0.499747,0.499529,0.499105,0.498334,0.496996,0.494762,0.491174,0.485625,0.47737,0.465555,0.449292,0.427774,0.400419,0.367028,0.327914,0.283985,0.236731,0.188115,0.140359,0.0956817,0.0560055,0.0227211,-0.00346699,-0.0225775,-0.0352754,-0.0427046,-0.0462695,-0.0474067,-0.04738,-0.0471207,-0.0471207,-0.04738,-0.0474067,-0.0462695,-0.0427046,-0.0352754,-0.0225775,-0.00346699,0.0227211,0.0560055,0.0956817,0.140359,0.188115,0.236731,0.283985,0.327914,0.367028,0.400419,0.427774,0.449292,0.465555,0.47737,0.485625,0.491174,0.494762,0.496996,0.498334,0.499105,0.499529,0.499747,0.499837,0.499837
0.499857,0.499857,0.499777,0.499584,0.499207,0.49852,0.497323,0.49532,0.492092,0.487081,0.479597,0.468837,0.453956,0.434162,0.408851,0.377748,0.341043,0.299466,0.254301,0.207295,0.160483,0.11595,0.0755691,0.0407732,0.0123967,-0.00937829,-0.024973,-0.0352754,-0.0414493,-0.0447263,-0.0462133,-0.0467369,-0.0467369,-0.0462133,-0.0447263,-0.0414493,-0.0352754,-0.024973,-0.00937829,0.0123967,0.0407732,0.0755691,0.11595,0.160483,0.207295,0.254301,0.299466,0.341043,0.377748,0.408851,0.434162,0.453956,0.468837,0.479597,0.487081,0.492092,0.49532,0.497323,0.49852,0.499207,0.499584,0.499777,0.499857,0.499857
0.499877,0.499877,0.499808,0.499641,0.499314,0.498716,0.497671,0.495915,0.493074,0.488645,0.481999,0.472397,0.459042,0.44117,0.418162,0.389676,0.355775,0.317009,0.274436,0.229567,0.184222,0.140322,0.0996614,0.0636926,0.0333671,0.00906597,-0.00937829,-0.0225775,-0.0314284,-0.0369289,-0.0400024,-0.0413506,-0.0413506,-0.0400024,-0.0369289,-0.0314284,-0.0225775,-0.00937829,0.00906597,0.0333671,0.0636926,0.0996614,0.140322,0.184222,0.229567,0.274436,0.317009,0.355775,0.389676,0.418162,0.44117,0.459042,0.472397,0.481999,0.488645,0.493074,0.495915,0.497671,0.498716,0.499314,0.499641,0.499808,0.499877,0.499877
0.499897,0.499897,0.499839,0.499698,0.499421,0.498913,0.498022,0.496517,0.494073,0.490244,0.484468,0.476074,0.464329,0.448504,0.42798,0.40236,0.371589,0.336039,0.296544,0.254367,0.21109,0.168446,0.128119,0.0915484,0.0597772,0.0333671,0.0123967,-0.00346699,-0.0148415,-0.0224741,-0.027086,-0.0292391,-0.0292391,-0.027086,-0.0224741,-0.0148415,-0.00346699,0.0123967,0.0333671,0.0597772,0.0915484,0.128119,0.168446,0.21109,0.254367,0.296544,0.336039,0.371589,0.40236,0.42798,0.448504,0.464329,0.476074,0.484468,0.490244,0.494073,0.496517,0.498022,0.498913,0.499421,0.499698,0.499839,0.499897,0.499897
0.499916,0.499916,0.499868,0.499752,0.499523,0.499102,0.49836,0.497101,0.495046,0.491809,0.486899,0.479719,0.469604,0.455876,0.437929,0.415329,0.387921,0.355915,0.319928,0.280977,0.240396,0.199709,0.16046,0.124041,0.0915484,0.0636926,0.0407732,0.0227211,0.00919303,-0.000304497,-0.00628359,-0.00915827,-0.00915827,-0.00628359,-0.000304497,0.00919303,0.0227211,0.0407732,0.0636926,0.0915484,0.124041,0.16046,0.199709,0.240396,0.280977,0.319928,0.355915,0.387921,0.415329,0.437929,0.455876,0.469604,0.479719,0.486899,0.491809,0.495046,0.497101,0.49836,0.499102,0.499523,0.499752,0.499868,0.499916,0.499916
0.499934,0.499934,0.499895,0.499802,0.499618,0.499277,0.498674,0.497646,0.495957,0.493284,0.489204,0.483198,0.474676,0.463021,0.447654,0.428126,0.404206,0.375962,0.343818,0.308554,0.271261,0.23324,0.19587,0.16046,0.128119,0.0996614,0.0755691,0.0560055,0.0408793,0.0299383,0.0228738,0.0194184,0.0194184,0.0228738,0.0299383,0.0408793,0.0560055,0.0755691,0.0996614,0.128119,0.16046,0.19587,0.23324,0.271261,0.308554,0.343818,0.375962,0.404206,0.428126,0.447654,0.463021,0.474676,0.483198,0.489204,0.493284,0.495957,0.497646,0.498674,0.499277,0.499618,0.499802,0.499895,0.499934,0.499934
0.499949,0.499949,0.499919,0.499846,0.499701,0.499432,0.498954,0.498135,0.496781,0.494626,0.491313,0.486404,0.479387,0.469711,0.456843,0.440336,0.419908,0.395519,0.367424,0.33619,0.302676,0.26796,0.23324,0.199709,0.168446,0.140322,0.11595,0.0956817,0.0796415,0.0677903,0.0600049,0.0561532,0.0561532,0.0600049,0.0677903,0.0796415,0.0956817,0.11595,0.140322,0.168446,0.199709,0.23324,0.26796,0.302676,0.33619,0.367424,0.395519,0.419908,0.440336,0.456843,0.469711,0.479387,0.486404,0.491313,0.494626,0.496781,0.498135,0.498954,0.499432,0.499701,0.499846,0.499919,0.499949,0.499949
0.499962,0.499962,0.499939,0.499883,0.499772,0.499566,0.499196,0.498559,0.497501,0.495804,0.49318,0.489262,0.483619,0.475773,0.465245,0.451611,0.434565,0.413987,0.389996,0.36298,0.333585,0.302676,0.271261,0.240396,0.21109,0.184222,0.160483,0.140359,0.124143,0.111969,0.103869,0.0998298,0.0998298,0.103869,0.111969,0.124143,0.140359,0.160483,0.184222,0.21109,0.240396,0.271261,0.302676,0.333585,0.36298,0.389996,0.413987,0.434565,0.451611,0.465245,0.475773,0.483619,0.489262,0.49318,0.495804,0.497501,0.498559,0.499196,0.499566,0.499772,0.499883,0.499939,0.499962,0.499962
0.499972,0.499972,0.499955,0.499914,0.499831,0.499676,0.499398,0.498915,0.498108,0.496807,0.494778,0.491728,0.4873,0.481091,0.472686,0.461695,0.447813,0.43087,0.410887,0.388102,0.36298,0.33619,0.308554,0.280977,0.254367,0.229567,0.207295,0.188115,0.172432,0.160511,0.152503,0.148484,0.148484,0.152503,0.160511,0.172432,0.188115,0.207295,0.229567,0.254367,0.280977,0.308554,0.33619,0.36298,0.388102,0.410887,0.43087,0.447813,0.461695,0.472686,0.481091,0.4873,0.491728,0.494778,0.496807,0.498108,0.498915,0.499398,0.499676,0.499831,0.499914,0.499955,0.499972,0.499972
0.49998,0.49998,0.499968,0.499938,0.499878,0.499765,0.499561,0.499205,0.498605,0.497631,0.496104,0.493789,0.490401,0.48561,0.479067,0.470429,0.459409,0.445815,0.429598,0.410887,0.389996,0.367424,0.343818,0.319928,0.296544,0.274436,0.254301,0.236731,0.222193,0.211029,0.203471,0.19966,0.19966,0.203471,0.211029,0.222193,0.236731,0.254301,0.274436,0.296544,0.319928,0.343818,0.367424,0.389996,0.410887,0.429598,0.445815,0.459409,0.470429,0.479067,0.48561,0.490401,0.493789,0.496104,0.497631,0.498605,0.499205,0.499561,0.499765,0.499878,0.499938,0.499968,0.49998,0.49998
0.499986,0.499986,0.499978,0.499957,0.499914,0.499834,0.499688,0.499432,0.498998,0.498289,0.497168,0.495457,0.492932,0.489331,0.484369,0.477757,0.469238,0.45862,0.445815,0.43087,0.413987,0.395519,0.375962,0.355915,0.336039,0.317009,0.299466,0.283985,0.271045,0.261026,0.2542,0.250744,0.250744,0.2542,0.261026,0.271045,0.283985,0.299466,0.317009,0.336039,0.355915,0.375962,0.395519,0.413987,0.43087,0.445815,0.45862,0.469238,0.477757,0.484369,0.489331,0.492932,0.495457,0.497168,0.498289,0.498998,0.499432,0.499688,0.499834,0.499914,0.499957,0.499978,0.499986,0.499986
0.499991,0.499991,0.499985,0.499971,0.499941,0.499886,0.499785,0.499605,0.4993,0.498797,0.497996,0.496765,0.494933,0.492299,0.488636,0.483712,0.477304,0.469238,0.459409,0.447813,0.434565,0.419908,0.404206,0.387921,0.371589,0.355775,0.341043,0.327914,0.316846,0.308215,0.302304,0.299301,0.299301,0.302304,0.308215,0.316846,0.327914,0.341043,0.355775,0.371589,0.387921,0.404206,0.419908,0.434565,0.447813,0.459409,0.469238,0.477304,0.483712,0.488636,0.492299,0.494933,0.496765,0.497996,0.498797,0.4993,0.499605,0.499785,0.499886,0.499941,0.499971,0.499985,0.499991,0.499991
0.499994,0.499994,0.49999,0.499981,0.499961,0.499924,0.499855,0.499733,0.499524,0.499177,0.498621,0.497758,0.496465,0.494591,0.491962,0.488395,0.483712,0.477757,0.470429,0.461695,0.451611,0.440336,0.428126,0.415329,0.40236,0.389676,0.377748,0.367028,0.357923,0.35078,0.345865,0.343362,0.343362,0.345865,0.35078,0.357923,0.367028,0.377748,0.389676,0.40236,0.415329,0.428126,0.440336,0.451611,0.461695,0.470429,0.477757,0.483712,0.488395,0.491962,0.494591,0.496465,0.497758,0.498621,0.499177,0.499524,0.499733,0.499855,0.499924,0.499961,0.499981,0.49999,0.499994,0.499994
0.499996,0.499996,0.499994,0.499988,0.499975,0.499951,0.499905,0.499825,0.499685,0.499453,0.499077,0.49849,0.497603,0.496306,0.494472,0.491962,0.488636,0.484369,0.479067,0.472686,0.465245,0.456843,0.447654,0.437929,0.42798,0.418162,0.408851,0.400419,0.393212,0.387527,0.3836,0.381595,0.381595,0.3836,0.387527,0.393212,0.400419,0.408851,0.418162,0.42798,0.437929,0.447654,0.456843,0.465245,0.472686,0.479067,0.484369,0.488636,0.491962,0.494472,0.496306,0.497603,0.49849,0.499077,0.499453,0.499685,0.499825,0.499905,0.499951,0.499975,0.499988,0.499994,0.499996,0.499996
0.499998,0.499998,0.499996,0.499992,0.499984,0.499969,0.49994,0.499888,0.499798,0.499646,0.499399,0.499011,0.49842,0.497548,0.496306,0.494591,0.492299,0.489331,0.48561,0.481091,0.475773,0.469711,0.463021,0.455876,0.448504,0.44117,0.434162,0.427774,0.422281,0.417928,0.414911,0.413367,0.413367,0.414911,0.417928,0.422281,0.427774,0.434162,0.44117,0.448504,0.455876,0.463021,0.469711,0.475773,0.481091,0.48561,0.489331,0.492299,0.494591,0.496306,0.497548,0.49842,0.499011,0.499399,0.499646,0.499798,0.499888,0.49994,0.499969,0.499984,0.499992,0.499996,0.499998,0.499998
0.499999,0.499999,0.499998,0.499995,0.49999,0.499981,0.499963,0.499931,0.499874,0.499778,0.49962,0.499371,0.498988,0.49842,0.497603,0.496465,0.494933,0.492932,0.490401,0.4873,0.483619,0.479387,0.474676,0.469604,0.464329,0.459042,0.453956,0.449292,0.44526,0.442052,0.439822,0.438679,0.438679,0.439822,0.442052,0.44526,0.449292,0.453956,0.459042,0.464329,0.469604,0.474676,0.479387,0.483619,0.4873,0.490401,0.492932,0.494933,0.496465,0.497603,0.49842,0.498988,0.499371,0.49962,0.499778,0.499874,0.499931,0.499963,0.499981,0.49999,0.499995,0.499998,0.499999,0.499999
0.499999,0.499999,0.499999,0.499997,0.499994,0.499989,0.499978,0.499958,0.499923,0.499864,0.499767,0.499611,0.499371,0.499011,0.49849,0.497758,0.496765,0.495457,0.493789,0.491728,0.489262,0.486404,0.483198,0.479719,0.476074,0.472397,0.468837,0.465555,0.462705,0.460428,0.458841,0.458027,0.458027,0.458841,0.460428,0.462705,0.465555,0.468837,0.472397,0.476074,0.479719,0.483198,0.486404,0.489262,0.491728,0.493789,0.495457,0.496765,0.497758,0.49849,0.499011,0.499371,0.499611,0.499767,0.499864,0.499923,0.499958,0.499978,0.499989,0.499994,0.499997,0.499999,0.499999,0.499999
0.5,0.5,0.499999,0.499998,0.499997,0.499993,0.499987,0.499976,0.499955,0.49992,0.499861,0.499767,0.49962,0.499399,0.499077,0.498621,0.497996,0.497168,0.496104,0.494778,0.49318,0.491313,0.489204,0.486899,0.484468,0.481999,0.479597,0.47737,0.475429,0.473873,0.472786,0.472227,0.472227,0.472786,0.473873,0.475429,0.47737,0.479597,0.481999,0.484468,0.486899,0.489204,0.491313,0.49318,0.494778,0.496104,0.497168,0.497996,0.498621,0.499077,0.499399,0.49962,0.499767,0.499861,0.49992,0.499955,0.499976,0.499987,0.499993,0.499997,0.499998,0.499999,0.5,0.5
0.5,0.5,0.5,0.499999,0.499998,0.499996,0.499993,0.499986,0.499974,0.499954,0.49992,0.499864,0.499778,0.499646,0.499453,0.499177,0.498797,0.498289,0.497631,0.496807,0.495804,0.494626,0.493284,0.491809,0.490244,0.488645,0.487081,0.485625,0.484351,0.483326,0.482609,0.482239,0.482239,0.482609,0.483326,0.484351,0.485625,0.487081,0.488645,0.490244,0.491809,0.493284,0.494626,0.495804,0.496807,0.497631,0.498289,0.498797,0.499177,0.499453,0.499646,0.499778,0.499864,0.49992,0.499954,0.499974,0.499986,0.499993,0.499996,0.499998,0.499999,0.5,0.5,0.5
0.5,0.5,0.5,0.5,0.499999,0.499998,0.499996,0.499992,0.499986,0.499974,0.499955,0.499923,0.499874,0.499798,0.499685,0.499524,0.4993,0.498998,0.498605,0.498108,0.497501,0.496781,0.495957,0.495046,0.494073,0.493074,0.492092,0.491174,0.490367,0.489717,0.489261,0.489026,0.489026,0.489261,0.489717,0.490367,0.491174,0.492092,0.493074,0.494073,0.495046,0.495957,0.496781,0.497501,0.498108,0.498605,0.498998,0.4993,0.499524,0.499685,0.499798,0.499874,0.499923,0.499955,0.499974,0.499986,0.499992,0.499996,0.499998,0.499999,0.5,0.5,0.5,0.5
0.5,0.5,0.5,0.5,0.499999,0.499999,0.499998,0.499996,0.499992,0.499986,0.499976,0.499958,0.499931,0.499888,0.499825,0.499733,0.499605,0.499432,0.499205,0.498915,0.498559,0.498135,0.497646,0.497101,0.496517,0.495915,0.49532,0.494762,0.49427,0.493873,0.493593,0.493449,0.493449,0.493593,0.493873,0.49427,0.494762,0.49532,0.495915,0.496517,0.497101,0.497646,0.498135,0.498559,0.498915,0.499205,0.499432,0.499605,0.499733,0.499825,0.499888,0.499931,0.499958,0.499976,0.499986,0.499992,0.499996,0.499998,0.499999,0.499999,0.5,0.5,0.5,0.5
0.5,0.5,0.5,0.5,0.5,0.499999,0.499999,0.499998,0.499996,0.499993,0.499987,0.499978,0.499963,0.49994,0.499905,0.499855,0.499785,0.499688,0.499561,0.499398,0.499196,0.498954,0.498674,0.49836,0.498022,0.497671,0.497323,0.496996,0.496707,0.496472,0.496307,0.496222,0.496222,0.496307,0.496472,0.496707,0.496996,0.497323,0.497671,0.498022,0.49836,0.498674,0.498954,0.499196,0.499398,0.499561,0.499688,0.499785,0.499855,0.499905,0.49994,0.499963,0.499978,0.499987,0.499993,0.499996,0.499998,0.499999,0.499999,0.5,0.5,0.5,0.5,0.5
0.5,0.5,0.5,0.5,0.5,0.5,0.499999,0.499999,0.499998,0.499996,0.499993,0.499989,0.499981,0.499969,0.499951,0.499924,0.499886,0.499834,0.499765,0.499676,0.499566,0.499432,0.499277,0.499102,0.498913,0.498716,0.49852,0.498334,0.49817,0.498037,0.497943,0.497894,0.497894,0.497943,0.498037,0.49817,0.498334,0.49852,0.498716,0.498913,0.499102,0.499277,0.499432,0.499566,0.499676,0.499765,0.499834,0.499886,0.499924,0.499951,0.499969,0.499981,0.499989,0.499993,0.499996,0.499998,0.499999,0.499999,0.5,0.5,0.5,0.5,0.5,0.5
0.5,0.5,0.5,0.5,0.5,0.5,0.5,0.499999,0.499999,0.499998,0.499997,0.499994,0.49999,0.499984,0.499975,0.499961,0.499941,0.499914,0.499878,0.499831,0.499772,0.499701,0.499618,0.499523,0.499421,0.499314,0.499207,0.499105,0.499015,0.498942,0.49889,0.498863,0.498863,0.49889,0.498942,0.499015,0.499105,0.499207,0.499314,0.499421,0.499523,0.499618,0.499701,0.499772,0.499831,0.499878,0.499914,0.499941,0.499961,0.499975,0.499984,0.49999,0.499994,0.499997,0.499998,0.499999,0.499999,0.5,0.5,0.5,0.5,0.5,0.5,0.5
0.5,0.5,0.5,0.5,0.5,0.5,0.5,0.5,0.5,0.499999,0.499998,0.499997,0.499995,0.499992,0.499988,0.499981,0.499971,0.499957,0.499938,0.499914,0.499883,0.499846,0.499802,0.499752,0.499698,0.499641,0.499584,0.499529,0.499481,0.499441,0.499413,0.499399,0.499399,0.499413,0.499441,0.499481,0.499529,0.499584,0.499641,0.499698,0.499752,0.499802,0.499846,0.499883,0.499914,0.499938,0.499957,0.499971,0.499981,0.499988,0.499992,0.499995,0.499997,0.499998,0.499999,0.5,0.5,0.5,0.5,0.5,0.5,0.5,0.5,0.5
0.5,0.5,0.5,0.5,0.5,0.5,0.5,0.5,0.5,0.5,0.499999,0.499999,0.499998,0.499996,0.499994,0.49999,0.499985,0.499978,0.499968,0.499955,0.499939,0.499919,0.499895,0.499868,0.499839,0.499808,0.499777,0.499747,0.49972,0.499698,0.499683,0.499675,0.499675,0.499683,0.499698,0.49972,0.499747,0.499777,0.499808,0.499839,0.499868,0.499895,0.499919,0.499939,0.499955,0.499968,0.499978,0.499985,0.49999,0.499994,0.499996,0.499998,0.499999,0.499999,0.5,0.5,0.5,0.5,0.5,0.5,0.5,0.5,0.5,0.5
0.5,0.5,0.5,0.5,0.5,0.5,0.5,0.5,0.5,0.5,0.5,0.499999,0.499999,0.499998,0.499996,0.499994,0.499991,0.499986,0.49998,0.499972,0.499962,0.499949,0.499934,0.499916,0.499897,0.499877,0.499857,0.499837,0.49982,0.499806,0.499795,0.49979,0.49979,0.499795,0.499806,0.49982,0.499837,0.499857,0.499877,0.499897,0.499916,0.499934,0.499949,0.499962,0.499972,0.49998,0.499986,0.499991,0.499994,0.499996,0.499998,0.499999,0.499999,0.5,0.5,0.5,0.5,0.5,0.5,0.5,0.5,0.5,0.5,0.5
0.5,0.5,0.5,0.5,0.5,0.5,0.5,0.5,0.5,0.5,0.5,0.499999,0.499999,0.499998,0.499996,0.499994,0.499991,0.499986,0.49998,0.499972,0.499962,0.499949,0.499934,0.499916,0.499897,0.499877,0.499857,0.499837,0.49982,0.499806,0.499795,0.49979,0.49979,0.499795,0.499806,0.49982,0.499837,0.499857,0.499877,0.499897,0.499916,0.499934,0.499949,0.499962,0.499972,0.49998,0.499986,0.499991,0.499994,0.499996,0.499998,0.499999,0.499999,0.5,0.5,0.5,0.5,0.5,0.5,0.5,0.5,0.5,0.5,0.5
