0.5,0.5,0.5,0.5,0.5,0.5,0.5,0.5,0.5,0.499999,0.499999,0.499998,0.499996,0.499994,0.49999,0.499985,0.499977,0.499966,0.499952,0.499934,0.499911,0.499883,0.499851,0.499814,0.499773,0.499731,0.499689,0.499649,0.499614,0.499585,0.499565,0.499554,0.499554,0.499565,0.499585,0.499614,0.499649,0.499689,0.499731,0.499773,0.499814,0.499851,0.499883,0.499911,0.499934,0.499952,0.499966,0.499977,0.499985,0.49999,0.499994,0.499996,0.499998,0.499999,0.499999,0.5,0.5,0.5,0.5,0.5,0.5,0.5,0.5,0.5
0.5,0.5,0.5,0.5,0.5,0.5,0.5,0.5,0.5,0.499999,0.499999,0.499998,0.499996,0.499994,0.49999,0.499985,0.499977,0.499966,0.499952,0.499934,0.499911,0.499883,0.499851,0.499814,0.499773,0.499731,0.499689,0.499649,0.499614,0.499585,0.499565,0.499554,0.499554,0.499565,0.499585,0.499614,0.499649,0.499689,0.499731,0.499773,0.499814,0.499851,0.499883,0.499911,0.499934,0.499952,0.499966,0.499977,0.499985,0.49999,0.499994,0.499996,0.499998,0.499999,0.499999,0.5,0.5,0.5,0.5,0.5,0.5,0.5,0.5,0.5
0.5,0.5,0.5,0.5,0.5,0.5,0.5,0.5,0.499999,0.499999,0.499998,0.499996,0.499994,0.49999,0.499984,0.499976,0.499964,0.499948,0.499926,0.499898,0.499864,0.499822,0.499773,0.499718,0.499658,0.499596,0.499534,0.499475,0.499423,0.499381,0.499351,0.499336,0.499336,0.499351,0.499381,0.499423,0.499475,0.499534,0.499596,0.499658,0.499718,0.499773,0.499822,0.499864,0.499898,0.499926,0.499948,0.499964,0.499976,0.499984,0.49999,0.499994,0.499996,0.499998,0.499999,0.499999,0.5,0.5,0.5,0.5,0.5,0.5,0.5,0.5
0.5,0.5,0.5,0.5,0.5,0.5,0.5,0.499999,0.499999,0.499998,0.499996,0.499993,0.499988,0.499981,0.49997,0.499955,0.499933,0.499903,0.499863,0.499813,0.499751,0.499676,0.499589,0.499492,0.499387,0.499278,0.49917,0.499068,0.498978,0.498905,0.498853,0.498826,0.498826,0.498853,0.498905,0.498978,0.499068,0.49917,0.499278,0.499387,0.499492,0.499589,0.499676,0.499751,0.499813,0.499863,0.499903,0.499933,0.499955,0.49997,0.499981,0.499988,0.499993,0.499996,0.499998,0.499999,0.499999,0.5,0.5,0.5,0.5,0.5,0.5,0.5
0.5,0.5,0.5,0.5,0.5,0.5,0.499999,0.499999,0.499997,0.499995,0.499992,0.499986,0.499977,0.499963,0.499942,0.499913,0.499871,0.499815,0.499741,0.499648,0.499532,0.499395,0.499237,0.49906,0.498871,0.498675,0.498481,0.498299,0.498139,0.498009,0.497917,0.49787,0.49787,0.497917,0.498009,0.498139,0.498299,0.498481,0.498675,0.498871,0.49906,0.499237,0.499395,0.499532,0.499648,0.499741,0.499815,0.499871,0.499913,0.499942,0.499963,0.499977,0.499986,0.499992,0.499995,0.499997,0.499999,0.499999,0.5,0.5,0.5,0.5,0.5,0.5
0.5,0.5,0.5,0.5,0.5,0.499999,0.499999,0.499997,0.499995,0.499991,0.499984,0.499973,0.499955,0.499929,0.49989,0.499834,0.499757,0.499654,0.499519,0.499348,0.49914,0.498892,0.498609,0.498295,0.497959,0.497614,0.497274,0.496955,0.496675,0.496448,0.496289,0.496207,0.496207,0.496289,0.496448,0.496675,0.496955,0.497274,0.497614,0.497959,0.498295,0.498609,0.498892,0.49914,0.499348,0.499519,0.499654,0.499757,0.499834,0.49989,0.499929,0.499955,0.499973,0.499984,0.499991,0.499995,0.499997,0.499999,0.499999,0.5,0.5,0.5,0.5,0.5
0.5,0.5,0.5,0.5,0.499999,0.499999,0.499997,0.499995,0.49999,0.499982,0.499969,0.499949,0.499917,0.499868,0.499797,0.499695,0.499556,0.499371,0.49913,0.498829,0.498463,0.498031,0.49754,0.496998,0.496421,0.495831,0.495252,0.494712,0.494239,0.493857,0.49359,0.493452,0.493452,0.49359,0.493857,0.494239,0.494712,0.495252,0.495831,0.496421,0.496998,0.49754,0.498031,0.498463,0.498829,0.49913,0.499371,0.499556,0.499695,0.499797,0.499868,0.499917,0.499949,0.499969,0.499982,0.49999,0.499995,0.499997,0.499999,0.499999,0.5,0.5,0.5,0.5
0.5,0.5,0.5,0.499999,0.499999,0.499997,0.499995,0.49999,0.499981,0.499967,0.499944,0.499906,0.499848,0.499761,0.499635,0.499457,0.499214,0.498892,0.498478,0.497962,0.49734,0.496611,0.495786,0.494883,0.493927,0.492953,0.492003,0.491119,0.490347,0.489726,0.489292,0.489068,0.489068,0.489292,0.489726,0.490347,0.491119,0.492003,0.492953,0.493927,0.494883,0.495786,0.496611,0.49734,0.497962,0.498478,0.498892,0.499214,0.499457,0.499635,0.499761,0.499848,0.499906,0.499944,0.499967,0.499981,0.49999,0.499995,0.499997,0.499999,0.499999,0.5,0.5,0.5
0.5,0.5,0.499999,0.499999,0.499997,0.499995,0.49999,0.499981,0.499966,0.499941,0.4999,0.499834,0.499733,0.499582,0.499365,0.499062,0.49865,0.498109,0.497419,0.496565,0.495542,0.494354,0.493017,0.491561,0.49003,0.48848,0.486974,0.48558,0.484365,0.483393,0.482713,0.482364,0.482364,0.482713,0.483393,0.484365,0.48558,0.486974,0.48848,0.49003,0.491561,0.493017,0.494354,0.495542,0.496565,0.497419,0.498109,0.49865,0.499062,0.499365,0.499582,0.499733,0.499834,0.4999,0.499941,0.499966,0.499981,0.49999,0.499995,0.499997,0.499999,0.499999,0.5,0.5
0.499999,0.499999,0.499999,0.499998,0.499995,0.499991,0.499982,0.499967,0.499941,0.499897,0.499826,0.499714,0.499543,0.499291,0.498929,0.498428,0.497753,0.496873,0.495759,0.494393,0.492767,0.490893,0.488799,0.486534,0.484168,0.481786,0.479484,0.477363,0.475523,0.474054,0.473031,0.472505,0.472505,0.473031,0.474054,0.475523,0.477363,0.479484,0.481786,0.484168,0.486534,0.488799,0.490893,0.492767,0.494393,0.495759,0.496873,0.497753,0.498428,0.498929,0.499291,0.499543,0.499714,0.499826,0.499897,0.499941,0.499967,0.499982,0.499991,0.499995,0.499998,0.499999,0.499999,0.499999
0.499999,0.499999,0.499998,0.499996,0.499992,0.499984,0.499969,0.499944,0.4999,0.499826,0.499707,0.499522,0.499242,0.498831,0.498248,0.497445,0.496373,0.494987,0.493247,0.49113,0.488632,0.485773,0.482604,0.479203,0.475674,0.472143,0.46875,0.465641,0.462955,0.460818,0.459332,0.45857,0.45857,0.459332,0.460818,0.462955,0.465641,0.46875,0.472143,0.475674,0.479203,0.482604,0.485773,0.488632,0.49113,0.493247,0.494987,0.496373,0.497445,0.498248,0.498831,0.499242,0.499522,0.499707,0.499826,0.4999,0.499944,0.499969,0.499984,0.499992,0.499996,0.499998,0.499999,0.499999
0.499998,0.499998,0.499996,0.499993,0.499986,0.499973,0.499949,0.499906,0.499834,0.499714,0.499522,0.499225,0.498779,0.49813,0.497217,0.49597,0.494321,0.492205,0.489573,0.486398,0.482684,0.47847,0.473836,0.468902,0.46382,0.458772,0.453951,0.449558,0.445781,0.442787,0.440712,0.439649,0.439649,0.440712,0.442787,0.445781,0.449558,0.453951,0.458772,0.46382,0.468902,0.473836,0.47847,0.482684,0.486398,0.489573,0.492205,0.494321,0.49597,0.497217,0.49813,0.498779,0.499225,0.499522,0.499714,0.499834,0.499906,0.499949,0.499973,0.499986,0.499993,0.499996,0.499998,0.499998
0.499996,0.499996,0.499994,0.499988,0.499977,0.499955,0.499917,0.499848,0.499733,0.499543,0.499242,0.498779,0.498089,0.497096,0.495708,0.493831,0.49137,0.488241,0.484384,0.479774,0.474429,0.46842,0.461872,0.454958,0.447896,0.440933,0.434331,0.428351,0.423236,0.4192,0.41641,0.414985,0.414985,0.41641,0.4192,0.423236,0.428351,0.434331,0.440933,0.447896,0.454958,0.461872,0.46842,0.474429,0.479774,0.484384,0.488241,0.49137,0.493831,0.495708,0.497096,0.498089,0.498779,0.499242,0.499543,0.499733,0.499848,0.499917,0.499955,0.499977,0.499988,0.499994,0.499996,0.499996
0.499994,0.499994,0.49999,0.499981,0.499963,0.499929,0.499868,0.499761,0.499582,0.499291,0.498831,0.49813,0.497096,0.495617,0.493572,0.490828,0.487265,0.482777,0.4773,0.470815,0.463371,0.455083,0.446136,0.436778,0.427304,0.418041,0.409326,0.401487,0.394821,0.389586,0.38598,0.384143,0.384143,0.38598,0.389586,0.394821,0.401487,0.409326,0.418041,0.427304,0.436778,0.446136,0.455083,0.463371,0.470815,0.4773,0.482777,0.487265,0.490828,0.493572,0.495617,0.497096,0.49813,0.498831,0.499291,0.499582,0.499761,0.499868,0.499929,0.499963,0.499981,0.49999,0.499994,0.499994
0.49999,0.49999,0.499984,0.49997,0.499942,0.49989,0.499797,0.499635,0.499365,0.498929,0.498248,0.497217,0.495708,0.493572,0.490641,0.486749,0.481741,0.475498,0.467954,0.459115,0.449073,0.438009,0.42619,0.413952,0.401683,0.389799,0.378714,0.36882,0.360463,0.353934,0.349456,0.347179,0.347179,0.349456,0.353934,0.360463,0.36882,0.378714,0.389799,0.401683,0.413952,0.42619,0.438009,0.449073,0.459115,0.467954,0.475498,0.481741,0.486749,0.490641,0.493572,0.495708,0.497217,0.498248,0.498929,0.499365,0.499635,0.499797,0.49989,0.499942,0.49997,0.499984,0.49999,0.49999
0.499985,0.499985,0.499976,0.499955,0.499913,0.499834,0.499695,0.499457,0.499062,0.498428,0.497445,0.49597,0.493831,0.490828,0.486749,0.481383,0.474548,0.466116,0.456035,0.444352,0.431227,0.416929,0.401824,0.386357,0.37102,0.356317,0.342735,0.330717,0.320644,0.312823,0.307483,0.304775,0.304775,0.307483,0.312823,0.320644,0.330717,0.342735,0.356317,0.37102,0.386357,0.401824,0.416929,0.431227,0.444352,0.456035,0.466116,0.474548,0.481383,0.486749,0.490828,0.493831,0.49597,0.497445,0.498428,0.499062,0.499457,0.499695,0.499834,0.499913,0.499955,0.499976,0.499985,0.499985
0.499977,0.499977,0.499964,0.499933,0.499871,0.499757,0.499556,0.499214,0.49865,0.497753,0.496373,0.494321,0.49137,0.487265,0.481741,0.474548,0.465482,0.454418,0.441338,0.426356,0.409723,0.391821,0.373141,0.354247,0.335736,0.318195,0.302169,0.28813,0.276466,0.267475,0.261369,0.258284,0.258284,0.261369,0.267475,0.276466,0.28813,0.302169,0.318195,0.335736,0.354247,0.373141,0.391821,0.409723,0.426356,0.441338,0.454418,0.465482,0.474548,0.481741,0.487265,0.49137,0.494321,0.496373,0.497753,0.49865,0.499214,0.499556,0.499757,0.499871,0.499933,0.499964,0.499977,0.499977
0.499966,0.499966,0.499948,0.499903,0.499815,0.499654,0.499371,0.498892,0.498109,0.496873,0.494987,0.492205,0.488241,0.482777,0.475498,0.466116,0.454418,0.440301,0.42381,0.405151,0.384699,0.362974,0.340606,0.318287,0.296713,0.276539,0.258338,0.242579,0.22962,0.219716,0.213034,0.209671,0.209671,0.213034,0.219716,0.22962,0.242579,0.258338,0.276539,0.296713,0.318287,0.340606,0.362974,0.384699,0.405151,0.42381,0.440301,0.454418,0.466116,0.475498,0.482777,0.488241,0.492205,0.494987,0.496873,0.498109,0.498892,0.499371,0.499654,0.499815,0.499903,0.499948,0.499966,0.499966
0.499952,0.499952,0.499926,0.499863,0.499741,0.499519,0.49913,0.498478,0.497419,0.495759,0.493247,0.489573,0.484384,0.4773,0.467954,0.456035,0.441338,0.42381,0.403585,0.380997,0.356574,0.330998,0.305049,0.279543,0.255262,0.232897,0.213013,0.196033,0.182242,0.171811,0.164829,0.161332,0.161332,0.164829,0.171811,0.182242,0.196033,0.213013,0.232897,0.255262,0.279543,0.305049,0.330998,0.356574,0.380997,0.403585,0.42381,0.441338,0.456035,0.467954,0.4773,0.484384,0.489573,0.493247,0.495759,0.497419,0.498478,0.49913,0.499519,0.499741,0.499863,0.499926,0.499952,0.499952
0.499934,0.499934,0.499898,0.499813,0.499648,0.499348,0.498829,0.497962,0.496565,0.494393,0.49113,0.486398,0.479774,0.470815,0.459115,0.444352,0.426356,0.405151,0.380997,0.354391,0.326038,0.296799,0.267609,0.239397,0.213001,0.18911,0.168235,0.150702,0.136677,0.126207,0.119268,0.115816,0.115816,0.119268,0.126207,0.136677,0.150702,0.168235,0.18911,0.213001,0.239397,0.267609,0.296799,0.326038,0.354391,0.380997,0.405151,0.426356,0.444352,0.459115,0.470815,0.479774,0.486398,0.49113,0.494393,0.496565,0.497962,0.498829,0.499348,0.499648,0.499813,0.499898,0.499934,0.499934
0.499911,0.499911,0.499864,0.499751,0.499532,0.49914,0.498463,0.49734,0.495542,0.492767,0.488632,0.482684,0.474429,0.463371,0.449073,0.431227,0.409723,0.384699,0.356574,0.326038,0.293998,0.261501,0.229632,0.199407,0.171683,0.147103,0.12607,0.108764,0.095186,0.0852198,0.0787031,0.0754878,0.0754878,0.0787031,0.0852198,0.095186,0.108764,0.12607,0.147103,0.171683,0.199407,0.229632,0.261501,0.293998,0.326038,0.356574,0.384699,0.409723,0.431227,0.449073,0.463371,0.474429,0.482684,0.488632,0.492767,0.495542,0.49734,0.498463,0.49914,0.499532,0.499751,0.499864,0.499911,0.499911
0.499883,0.499883,0.499822,0.499676,0.499395,0.498892,0.498031,0.496611,0.494354,0.490893,0.485773,0.47847,0.46842,0.455083,0.438009,0.416929,0.391821,0.362974,0.330998,0.296799,0.261501,0.226339,0.192525,0.161132,0.132993,0.108652,0.0883555,0.0720893,0.0596498,0.0507297,0.0450061,0.042217,0.042217,0.0450061,0.0507297,0.0596498,0.0720893,0.0883555,0.108652,0.132993,0.161132,0.192525,0.226339,0.261501,0.296799,0.330998,0.362974,0.391821,0.416929,0.438009,0.455083,0.46842,0.47847,0.485773,0.490893,0.494354,0.496611,0.498031,0.498892,0.499395,0.499676,0.499822,0.499883,0.499883
0.499851,0.499851,0.499773,0.499589,0.499237,0.498609,0.49754,0.495786,0.493017,0.488799,0.482604,0.473836,0.461872,0.446136,0.42619,0.401824,0.373141,0.340606,0.305049,0.267609,0.229632,0.192525,0.157604,0.125957,0.0983475,0.0751707,0.0564702,0.0420017,0.0313296,0.023937,0.019331,0.0171311,0.0171311,0.019331,0.023937,0.0313296,0.0420017,0.0564702,0.0751707,0.0983475,0.125957,0.157604,0.192525,0.229632,0.267609,0.305049,0.340606,0.373141,0.401824,0.42619,0.446136,0.461872,0.473836,0.482604,0.488799,0.493017,0.495786,0.49754,0.498609,0.499237,0.499589,0.499773,0.499851,0.499851
0.499814,0.499814,0.499718,0.499492,0.49906,0.498295,0.496998,0.494883,0.491561,0.486534,0.479203,0.468902,0.454958,0.436778,0.413952,0.386357,0.354247,0.318287,0.279543,0.239397,0.199407,0.161132,0.125957,0.0949452,0.0687421,0.0475532,0.031185,0.0191384,0.0107329,0.00523782,0.00199242,0.000501686,0.000501686,0.00199242,0.00523782,0.0107329,0.0191384,0.031185,0.0475532,0.0687421,0.0949452,0.125957,0.161132,0.199407,0.239397,0.279543,0.318287,0.354247,0.386357,0.413952,0.436778,0.454958,0.468902,0.479203,0.486534,0.491561,0.494883,0.496998,0.498295,0.49906,0.499492,0.499718,0.499814,0.499814
0.499773,0.499773,0.499658,0.499387,0.498871,0.497959,0.496421,0.493927,0.49003,0.484168,0.475674,0.46382,0.447896,0.427304,0.401683,0.37102,0.335736,0.296713,0.255262,0.213001,0.171683,0.132993,0.0983475,0.0687421,0.0446676,0.0261082,0.0126125,0.00341834,-0.00239772,-0.00577026,-0.0075151,-0.00823011,-0.00823011,-0.0075151,-0.00577026,-0.00239772,0.00341834,0.0126125,0.0261082,0.0446676,0.0687421,0.0983475,0.132993,0.171683,0.213001,0.255262,0.296713,0.335736,0.37102,0.401683,0.427304,0.447896,0.46382,0.475674,0.484168,0.49003,0.493927,0.496421,0.497959,0.498871,0.499387,0.499658,0.499773,0.499773
0.499731,0.499731,0.499596,0.499278,0.498675,0.497614,0.495831,0.492953,0.48848,0.481786,0.472143,0.458772,0.440933,0.418041,0.389799,0.356317,0.318195,0.276539,0.232897,0.18911,0.147103,0.108652,0.0751707,0.0475532,0.0261082,0.0105813,0.000258969,-0.00587759,-0.00897849,-0.0101612,-0.0103752,-0.0103041,-0.0103041,-0.0103752,-0.0101612,-0.00897849,-0.00587759,0.000258969,0.0105813,0.0261082,0.0475532,0.0751707,0.108652,0.147103,0.18911,0.232897,0.276539,0.318195,0.356317,0.389799,0.418041,0.440933,0.458772,0.472143,0.481786,0.48848,0.492953,0.495831,0.497614,0.498675,0.499278,0.499596,0.499731,0.499731
0.499689,0.499689,0.499534,0.49917,0.498481,0.497274,0.495252,0.492003,0.486974,0.479484,0.46875,0.453951,0.434331,0.409326,0.378714,0.342735,0.302169,0.258338,0.213013,0.168235,0.12607,0.0883555,0.0564702,0.031185,0.0126125,0.000258969,-0.00684114,-0.00994241,-0.0103949,-0.00947005,-0.00822497,-0.00740897,-0.00740897,-0.00822497,-0.00947005,-0.0103949,-0.00994241,-0.00684114,0.000258969,0.0126125,0.031185,0.0564702,0.0883555,0.12607,0.168235,0.213013,0.258338,0.302169,0.342735,0.378714,0.409326,0.434331,0.453951,0.46875,0.479484,0.486974,0.492003,0.495252,0.497274,0.498481,0.49917,0.499534,0.499689,0.499689
0.499649,0.499649,0.499475,0.499068,0.498299,0.496955,0.494712,0.491119,0.48558,0.477363,0.465641,0.449558,0.428351,0.401487,0.36882,0.330717,0.28813,0.242579,0.196033,0.150702,0.108764,0.0720893,0.0420017,0.0191384,0.00341834,-0.00587759,-0.00994241,-0.0102356,-0.0082735,-0.00544949,-0.00290072,-0.00142265,-0.00142265,-0.00290072,-0.00544949,-0.0082735,-0.0102356,-0.00994241,-0.00587759,0.00341834,0.0191384,0.0420017,0.0720893,0.108764,0.150702,0.196033,0.242579,0.28813,0.330717,0.36882,0.401487,0.428351,0.449558,0.465641,0.477363,0.48558,0.491119,0.494712,0.496955,0.498299,0.499068,0.499475,0.499649,0.499649
0.499614,0.499614,0.499423,0.498978,0.498139,0.496675,0.494239,0.490347,0.484365,0.475523,0.462955,0.445781,0.423236,0.394821,0.360463,0.320644,0.276466,0.22962,0.182242,0.136677,0.095186,0.0596498,0.0313296,0.0107329,-0.00239772,-0.00897849,-0.0103949,-0.0082735,-0.00426063,0.000160271,0.00379694,0.00582487,0.00582487,0.00379694,0.000160271,-0.00426063,-0.0082735,-0.0103949,-0.00897849,-0.00239772,0.0107329,0.0313296,0.0596498,0.095186,0.136677,0.182242,0.22962,0.276466,0.320644,0.360463,0.394821,0.423236,0.445781,0.462955,0.475523,0.484365,0.490347,0.494239,0.496675,0.498139,0.498978,0.499423,0.499614,0.499614
0.499585,0.499585,0.499381,0.498905,0.498009,0.496448,0.493857,0.489726,0.483393,0.474054,0.460818,0.442787,0.4192,0.389586,0.353934,0.312823,0.267475,0.219716,0.171811,0.126207,0.0852198,0.0507297,0.023937,0.00523782,-0.00577026,-0.0101612,-0.00947005,-0.00544949,0.000160271,0.00581422,0.0102855,0.0127336,0.0127336,0.0102855,0.00581422,0.000160271,-0.00544949,-0.00947005,-0.0101612,-0.00577026,0.00523782,0.023937,0.0507297,0.0852198,0.126207,0.171811,0.219716,0.267475,0.312823,0.353934,0.389586,0.4192,0.442787,0.460818,0.474054,0.483393,0.489726,0.493857,0.496448,0.498009,0.498905,0.499381,0.499585,0.499585
0.499565,0.499565,0.499351,0.498853,0.497917,0.496289,0.49359,0.489292,0.482713,0.473031,0.459332,0.440712,0.41641,0.38598,0.349456,0.307483,0.261369,0.213034,0.164829,0.119268,0.0787031,0.0450061,0.019331,0.00199242,-0.0075151,-0.0103752,-0.00822497,-0.00290072,0.00379694,0.0102855,0.0153189,0.018049,0.018049,0.0153189,0.0102855,0.00379694,-0.00290072,-0.00822497,-0.0103752,-0.0075151,0.00199242,0.019331,0.0450061,0.0787031,0.119268,0.164829,0.213034,0.261369,0.307483,0.349456,0.38598,0.41641,0.440712,0.459332,0.473031,0.482713,0.489292,0.49359,0.496289,0.497917,0.498853,0.499351,0.499565,0.499565
0.499554,0.499554,0.499336,0.498826,0.49787,0.496207,0.493452,0.489068,0.482364,0.472505,0.45857,0.439649,0.414985,0.384143,0.347179,0.304775,0.258284,0.209671,0.161332,0.115816,0.0754878,0.042217,0.0171311,0.000501686,-0.00823011,-0.0103041,-0.00740897,-0.00142265,0.00582487,0.0127336,0.018049,0.0209203,0.0209203,0.018049,0.0127336,0.00582487,-0.00142265,-0.00740897,-0.0103041,-0.00823011,0.000501686,0.0171311,0.042217,0.0754878,0.115816,0.161332,0.209671,0.258284,0.304775,0.347179,0.384143,0.414985,0.439649,0.45857,0.472505,0.482364,0.489068,0.493452,0.496207,0.49787,0.498826,0.499336,0.499554,0.499554
0.499554,0.499554,0.499336,0.498826,0.49787,0.496207,0.493452,0.489068,0.482364,0.472505,0.45857,0.439649,0.414985,0.384143,0.347179,0.304775,0.258284,0.209671,0.161332,0.115816,0.0754878,0.042217,0.0171311,0.000501686,-0.00823011,-0.0103041,-0.00740897,-0.00142265,0.00582487,0.0127336,0.018049,0.0209203,0.0209203,0.018049,0.0127336,0.00582487,-0.00142265,-0.00740897,-0.0103041,-0.00823011,0.000501686,0.0171311,0.042217,0.0754878,0.115816,0.161332,0.209671,0.258284,0.304775,0.347179,0.384143,0.414985,0.439649,0.45857,0.472505,0.482364,0.489068,0.493452,0.496207,0.49787,0.498826,0.499336,0.499554,0.499554
0.499565,0.499565,0.499351,0.498853,0.497917,0.496289,0.49359,0.489292,0.482713,0.473031,0.459332,0.440712,0.41641,0.38598,0.349456,0.307483,0.261369,0.213034,0.164829,0.119268,0.0787031,0.0450061,0.019331,0.00199242,-0.0075151,-0.0103752,-0.00822497,-0.00290072,0.00379694,0.0102855,0.0153189,0.018049,0.018049,0.0153189,0.0102855,0.00379694,-0.00290072,-0.00822497,-0.0103752,-0.0075151,0.00199242,0.019331,0.0450061,0.0787031,0.119268,0.164829,0.213034,0.261369,0.307483,0.349456,0.38598,0.41641,0.440712,0.459332,0.473031,0.482713,0.489292,0.49359,0.496289,0.497917,0.498853,0.499351,0.499565,0.499565
0.499585,0.499585,0.499381,0.498905,0.498009,0.496448,0.493857,0.489726,0.483393,0.474054,0.460818,0.442787,0.4192,0.389586,0.353934,0.312823,0.267475,0.219716,0.171811,0.126207,0.0852198,0.0507297,0.023937,0.00523782,-0.00577026,-0.0101612,-0.00947005,-0.00544949,0.000160271,0.00581422,0.0102855,0.0127336,0.0127336,0.0102855,0.00581422,0.000160271,-0.00544949,-0.00947005,-0.0101612,-0.00577026,0.00523782,0.023937,0.0507297,0.0852198,0.126207,0.171811,0.219716,0.267475,0.312823,0.353934,0.389586,0.4192,0.442787,0.460818,0.474054,0.483393,0.489726,0.493857,0.496448,0.498009,0.498905,0.499381,0.499585,0.499585
0.499614,0.499614,0.499423,0.498978,0.498139,0.496675,0.494239,0.490347,0.484365,0.475523,0.462955,0.445781,0.423236,0.394821,0.360463,0.320644,0.276466,0.22962,0.182242,0.136677,0.095186,0.0596498,0.0313296,0.0107329,-0.00239772,-0.00897849,-0.0103949,-0.0082735,-0.00426063,0.000160271,0.00379694,0.00582487,0.00582487,0.00379694,0.000160271,-0.00426063,-0.0082735,-0.0103949,-0.00897849,-0.00239772,0.0107329,0.0313296,0.0596498,0.095186,0.136677,0.182242,0.22962,0.276466,0.320644,0.360463,0.394821,0.423236,0.445781,0.462955,0.475523,0.484365,0.490347,0.494239,0.496675,0.498139,0.498978,0.499423,0.499614,0.499614
0.499649,0.499649,0.499475,0.499068,0.498299,0.496955,0.494712,0.491119,0.48558,0.477363,0.465641,0.449558,0.428351,0.401487,0.36882,0.330717,0.28813,0.242579,0.196033,0.150702,0.108764,0.0720893,0.0420017,0.0191384,0.00341834,-0.00587759,-0.00994241,-0.0102356,-0.0082735,-0.00544949,-0.00290072,-0.00142265,-0.00142265,-0.00290072,-0.00544949,-0.0082735,-0.0102356,-0.00994241,-0.00587759,0.00341834,0.0191384,0.0420017,0.0720893,0.108764,0.150702,0.196033,0.242579,0.28813,0.330717,0.36882,0.401487,0.428351,0.449558,0.465641,0.477363,0.48558,0.491119,0.494712,0.496955,0.498299,0.499068,0.499475,0.499649,0.499649
0.499689,0.499689,0.499534,0.49917,0.498481,0.497274,0.495252,0.492003,0.486974,0.479484,0.46875,0.453951,0.434331,0.409326,0.378714,0.342735,0.302169,0.258338,0.213013,0.168235,0.12607,0.0883555,0.0564702,0.031185,0.0126125,0.000258969,-0.00684114,-0.00994241,-0.0103949,-0.00947005,-0.00822497,-0.00740897,-0.00740897,-0.00822497,-0.00947005,-0.0103949,-0.00994241,-0.00684114,0.000258969,0.0126125,0.031185,0.0564702,0.0883555,0.12607,0.168235,0.213013,0.258338,0.302169,0.342735,0.378714,0.409326,0.434331,0.453951,0.46875,0.479484,0.486974,0.492003,0.495252,0.497274,0.498481,0.49917,0.499534,0.499689,0.499689
0.499731,0.499731,0.499596,0.499278,0.498675,0.497614,0.495831,0.492953,0.48848,0.481786,0.472143,0.458772,0.440933,0.418041,0.389799,0.356317,0.318195,0.276539,0.232897,0.18911,0.147103,0.108652,0.0751707,0.0475532,0.0261082,0.0105813,0.000258969,-0.00587759,-0.00897849,-0.0101612,-0.0103752,-0.0103041,-0.0103041,-0.0103752,-0.0101612,-0.00897849,-0.00587759,0.000258969,0.0105813,0.0261082,0.0475532,0.0751707,0.108652,0.147103,0.18911,0.232897,0.276539,0.318195,0.356317,0.389799,0.418041,0.440933,0.458772,0.472143,0.481786,0.48848,0.492953,0.495831,0.497614,0.498675,0.499278,0.499596,0.499731,0.499731
0.499773,0.499773,0.499658,0.499387,0.498871,0.497959,0.496421,0.493927,0.49003,0.484168,0.475674,0.46382,0.447896,0.427304,0.401683,0.37102,0.335736,0.296713,0.255262,0.213001,0.171683,0.132993,0.0983475,0.0687421,0.0446676,0.0261082,0.0126125,0.00341834,-0.00239772,-0.00577026,-0.0075151,-0.00823011,-0.00823011,-0.0075151,-0.00577026,-0.00239772,0.00341834,0.0126125,0.0261082,0.0446676,0.0687421,0.0983475,0.132993,0.171683,0.213001,0.255262,0.296713,0.335736,0.37102,0.401683,0.427304,0.447896,0.46382,0.475674,0.484168,0.49003,0.493927,0.496421,0.497959,0.498871,0.499387,0.499658,0.499773,0.499773
0.499814,0.499814,0.499718,0.499492,0.49906,0.498295,0.496998,0.494883,0.491561,0.486534,0.479203,0.468902,0.454958,0.436778,0.413952,0.386357,0.354247,0.318287,0.279543,0.239397,0.199407,0.161132,0.125957,0.0949452,0.0687421,0.0475532,0.031185,0.0191384,0.0107329,0.00523782,0.00199242,0.000501686,0.000501686,0.00199242,0.00523782,0.0107329,0.0191384,0.031185,0.0475532,0.0687421,0.0949452,0.125957,0.161132,0.199407,0.239397,0.279543,0.318287,0.354247,0.386357,0.413952,0.436778,0.454958,0.468902,0.479203,0.486534,0.491561,0.494883,0.496998,0.498295,0.49906,0.499492,0.499718,0.499814,0.499814
0.499851,0.499851,0.499773,0.499589,0.499237,0.498609,0.49754,0.495786,0.493017,0.488799,0.482604,0.473836,0.461872,0.446136,0.42619,0.401824,0.373141,0.340606,0.305049,0.267609,0.229632,0.192525,0.157604,0.125957,0.0983475,0.0751707,0.0564702,0.0420017,0.0313296,0.023937,0.019331,0.0171311,0.0171311,0.019331,0.023937,0.0313296,0.0420017,0.0564702,0.0751707,0.0983475,0.125957,0.157604,0.192525,0.229632,0.267609,0.305049,0.340606,0.373141,0.401824,0.42619,0.446136,0.461872,0.473836,0.482604,0.488799,0.493017,0.495786,0.49754,0.498609,0.499237,0.499589,0.499773,0.499851,0.499851
0.499883,0.499883,0.499822,0.499676,0.499395,0.498892,0.498031,0.496611,0.494354,0.490893,0.485773,0.47847,0.46842,0.455083,0.438009,0.416929,0.391821,0.362974,0.330998,0.296799,0.261501,0.226339,0.192525,0.161132,0.132993,0.108652,0.0883555,0.0720893,0.0596498,0.0507297,0.0450061,0.042217,0.042217,0.0450061,0.0507297,0.0596498,0.0720893,0.0883555,0.108652,0.132993,0.161132,0.192525,0.226339,0.261501,0.296799,0.330998,0.362974,0.391821,0.416929,0.438009,0.455083,0.46842,0.47847,0.485773,0.490893,0.494354,0.496611,0.498031,0.498892,0.499395,0.499676,0.499822,0.499883,0.499883
0.499911,0.499911,0.499864,0.499751,0.499532,0.49914,0.498463,0.49734,0.495542,0.492767,0.488632,0.482684,0.474429,0.463371,0.449073,0.431227,0.409723,0.384699,0.356574,0.326038,0.293998,0.261501,0.229632,0.199407,0.171683,0.147103,0.12607,0.108764,0.095186,0.0852198,0.0787031,0.0754878,0.0754878,0.0787031,0.0852198,0.095186,0.108764,0.12607,0.147103,0.171683,0.199407,0.229632,0.261501,0.293998,0.326038,0.356574,0.384699,0.409723,0.431227,0.449073,0.463371,0.474429,0.482684,0.488632,0.492767,0.495542,0.49734,0.498463,0.49914,0.499532,0.499751,0.499864,0.499911,0.499911
0.499934,0.499934,0.499898,0.499813,0.499648,0.499348,0.498829,0.497962,0.496565,0.494393,0.49113,0.486398,0.479774,0.470815,0.459115,0.444352,0.426356,0.405151,0.380997,0.354391,0.326038,0.296799,0.267609,0.239397,0.213001,0.18911,0.168235,0.150702,0.136677,0.126207,0.119268,0.115816,0.115816,0.119268,0.126207,0.136677,0.150702,0.168235,0.18911,0.213001,0.239397,0.267609,0.296799,0.326038,0.354391,0.380997,0.405151,0.426356,0.444352,0.459115,0.470815,0.479774,0.486398,0.49113,0.494393,0.496565,0.497962,0.498829,0.499348,0.499648,0.499813,0.499898,0.499934,0.499934
0.499952,0.499952,0.499926,0.499863,0.499741,0.499519,0.49913,0.498478,0.497419,0.495759,0.493247,0.489573,0.484384,0.4773,0.467954,0.456035,0.441338,0.42381,0.403585,0.380997,0.356574,0.330998,0.305049,0.279543,0.255262,0.232897,0.213013,0.196033,0.182242,0.171811,0.164829,0.161332,0.161332,0.164829,0.171811,0.182242,0.196033,0.213013,0.232897,0.255262,0.279543,0.305049,0.330998,0.356574,0.380997,0.403585,0.42381,0.441338,0.456035,0.467954,0.4773,0.484384,0.489573,0.493247,0.495759,0.497419,0.498478,0.49913,0.499519,0.499741,0.499863,0.499926,0.499952,0.499952
0.499966,0.499966,0.499948,0.499903,0.499815,0.499654,0.499371,0.498892,0.498109,0.496873,0.494987,0.492205,0.488241,0.482777,0.475498,0.466116,0.454418,0.440301,0.42381,0.405151,0.384699,0.362974,0.340606,0.318287,0.296713,0.276539,0.258338,0.242579,0.22962,0.219716,0.213034,0.209671,0.209671,0.213034,0.219716,0.22962,0.242579,0.258338,0.276539,0.296713,0.318287,0.340606,0.362974,0.384699,0.405151,0.42381,0.440301,0.454418,0.466116,0.475498,0.482777,0.488241,0.492205,0.494987,0.496873,0.498109,0.498892,0.499371,0.499654,0.499815,0.499903,0.499948,0.499966,0.499966
0.499977,0.499977,0.499964,0.499933,0.499871,0.499757,0.499556,0.499214,0.49865,0.497753,0.496373,0.494321,0.49137,0.487265,0.481741,0.474548,0.465482,0.454418,0.441338,0.426356,0.409723,0.391821,0.373141,0.354247,0.335736,0.318195,0.302169,0.28813,0.276466,0.267475,0.261369,0.258284,0.258284,0.261369,0.267475,0.276466,0.28813,0.302169,0.318195,0.335736,0.354247,0.373141,0.391821,0.409723,0.426356,0.441338,0.454418,0.465482,0.474548,0.481741,0.487265,0.49137,0.494321,0.496373,0.497753,0.49865,0.499214,0.499556,0.499757,0.499871,0.499933,0.499964,0.499977,0.499977
0.499985,0.499985,0.499976,0.499955,0.499913,0.499834,0.499695,0.499457,0.499062,0.498428,0.497445,0.49597,0.493831,0.490828,0.486749,0.481383,0.474548,0.466116,0.456035,0.444352,0.431227,0.416929,0.401824,0.386357,0.37102,0.356317,0.342735,0.330717,0.320644,0.312823,0.307483,0.304775,0.304775,0.307483,0.312823,0.320644,0.330717,0.342735,0.356317,0.37102,0.386357,0.401824,0.416929,0.431227,0.444352,0.456035,0.466116,0.474548,0.481383,0.486749,0.490828,0.493831,0.49597,0.497445,0.498428,0.499062,0.499457,0.499695,0.499834,0.499913,0.499955,0.499976,0.499985,0.499985
0.49999,0.49999,0.499984,0.49997,0.499942,0.49989,0.499797,0.499635,0.499365,0.498929,0.498248,0.497217,0.495708,0.493572,0.490641,0.486749,0.481741,0.475498,0.467954,0.459115,0.449073,0.438009,0.42619,0.413952,0.401683,0.389799,0.378714,0.36882,0.360463,0.353934,0.349456,0.347179,0.347179,0.349456,0.353934,0.360463,0.36882,0.378714,0.389799,0.401683,0.413952,0.42619,0.438009,0.449073,0.459115,0.467954,0.475498,0.481741,0.486749,0.490641,0.493572,0.495708,0.497217,0.498248,0.498929,0.499365,0.499635,0.499797,0.49989,0.499942,0.49997,0.499984,0.49999,0.49999
0.499994,0.499994,0.49999,0.499981,0.499963,0.499929,0.499868,0.499761,0.499582,0.499291,0.498831,0.49813,0.497096,0.495617,0.493572,0.490828,0.487265,0.482777,0.4773,0.470815,0.463371,0.455083,0.446136,0.436778,0.427304,0.418041,0.409326,0.401487,0.394821,0.389586,0.38598,0.384143,0.384143,0.38598,0.389586,0.394821,0.401487,0.409326,0.418041,0.427304,0.436778,0.446136,0.455083,0.463371,0.470815,0.4773,0.482777,0.487265,0.490828,0.493572,0.495617,0.497096,0.49813,0.498831,0.499291,0.499582,0.499761,0.499868,0.499929,0.499963,0.499981,0.49999,0.499994,0.499994
0.499996,0.499996,0.499994,0.499988,0.499977,0.499955,0.499917,0.499848,0.499733,0.499543,0.499242,0.498779,0.498089,0.497096,0.495708,0.493831,0.49137,0.488241,0.484384,0.479774,0.474429,0.46842,0.461872,0.454958,0.447896,0.440933,0.434331,0.428351,0.423236,0.4192,0.41641,0.414985,0.414985,0.41641,0.4192,0.423236,0.428351,0.434331,0.440933,0.447896,0.454958,0.461872,0.46842,0.474429,0.479774,0.484384,0.488241,0.49137,0.493831,0.495708,0.497096,0.498089,0.498779,0.499242,0.499543,0.499733,0.499848,0.499917,0.499955,0.499977,0.499988,0.499994,0.499996,0.499996
0.499998,0.499998,0.499996,0.499993,0.499986,0.499973,0.499949,0.499906,0.499834,0.499714,0.499522,0.499225,0.498779,0.49813,0.497217,0.49597,0.494321,0.492205,0.489573,0.486398,0.482684,0.47847,0.473836,0.468902,0.46382,0.458772,0.453951,0.449558,0.445781,0.442787,0.440712,0.439649,0.439649,0.440712,0.442787,0.445781,0.449558,0.453951,0.458772,0.46382,0.468902,0.473836,0.47847,0.482684,0.486398,0.489573,0.492205,0.494321,0.49597,0.497217,0.49813,0.498779,0.499225,0.499522,0.499714,0.499834,0.499906,0.499949,0.499973,0.499986,0.499993,0.499996,0.499998,0.499998
0.499999,0.499999,0.499998,0.499996,0.499992,0.499984,0.499969,0.499944,0.4999,0.499826,0.499707,0.499522,0.499242,0.498831,0.498248,0.497445,0.496373,0.494987,0.493247,0.49113,0.488632,0.485773,0.482604,0.479203,0.475674,0.472143,0.46875,0.465641,0.462955,0.460818,0.459332,0.45857,0.45857,0.459332,0.460818,0.462955,0.465641,0.46875,0.472143,0.475674,0.479203,0.482604,0.485773,0.488632,0.49113,0.493247,0.494987,0.496373,0.497445,0.498248,0.498831,0.499242,0.499522,0.499707,0.499826,0.4999,0.499944,0.499969,0.499984,0.499992,0.499996,0.499998,0.499999,0.499999
0.499999,0.499999,0.499999,0.499998,0.499995,0.499991,0.499982,0.499967,0.499941,0.499897,0.499826,0.499714,0.499543,0.499291,0.498929,0.498428,0.497753,0.496873,0.495759,0.494393,0.492767,0.490893,0.488799,0.486534,0.484168,0.481786,0.479484,0.477363,0.475523,0.474054,0.473031,0.472505,0.472505,0.473031,0.474054,0.475523,0.477363,0.479484,0.481786,0.484168,0.486534,0.488799,0.490893,0.492767,0.494393,0.495759,0.496873,0.497753,0.498428,0.498929,0.499291,0.499543,0.499714,0.499826,0.499897,0.499941,0.499967,0.499982,0.499991,0.499995,0.499998,0.499999,0.499999,0.499999
0.5,0.5,0.499999,0.499999,0.499997,0.499995,0.49999,0.499981,0.499966,0.499941,0.4999,0.499834,0.499733,0.499582,0.499365,0.499062,0.49865,0.498109,0.497419,0.496565,0.495542,0.494354,0.493017,0.491561,0.49003,0.48848,0.486974,0.48558,0.484365,0.483393,0.482713,0.482364,0.482364,0.482713,0.483393,0.484365,0.48558,0.486974,0.48848,0.49003,0.491561,0.493017,0.494354,0.495542,0.496565,0.497419,0.498109,0.49865,0.499062,0.499365,0.499582,0.499733,0.499834,0.4999,0.499941,0.499966,0.499981,0.49999,0.499995,0.499997,0.499999,0.499999,0.5,0.5
0.5,0.5,0.5,0.499999,0.499999,0.499997,0.499995,0.49999,0.499981,0.499967,0.499944,0.499906,0.499848,0.499761,0.499635,0.499457,0.499214,0.498892,0.498478,0.497962,0.49734,0.496611,0.495786,0.494883,0.493927,0.492953,0.492003,0.491119,0.490347,0.489726,0.489292,0.489068,0.489068,0.489292,0.489726,0.490347,0.491119,0.492003,0.492953,0.493927,0.494883,0.495786,0.496611,0.49734,0.497962,0.498478,0.498892,0.499214,0.499457,0.499635,0.499761,0.499848,0.499906,0.499944,0.499967,0.499981,0.49999,0.499995,0.499997,0.499999,0.499999,0.5,0.5,0.5
0.5,0.5,0.5,0.5,0.499999,0.499999,0.499997,0.499995,0.49999,0.499982,0.499969,0.499949,0.499917,0.499868,0.499797,0.499695,0.499556,0.499371,0.49913,0.498829,0.498463,0.498031,0.49754,0.496998,0.496421,0.495831,0.495252,0.494712,0.494239,0.493857,0.49359,0.493452,0.493452,0.49359,0.493857,0.494239,0.494712,0.495252,0.495831,0.496421,0.496998,0.49754,0.498031,0.498463,0.498829,0.49913,0.499371,0.499556,0.499695,0.499797,0.499868,0.499917,0.499949,0.499969,0.499982,0.49999,0.499995,0.499997,0.499999,0.499999,0.5,0.5,0.5,0.5
0.5,0.5,0.5,0.5,0.5,0.499999,0.499999,0.499997,0.499995,0.499991,0.499984,0.499973,0.499955,0.499929,0.49989,0.499834,0.499757,0.499654,0.499519,0.499348,0.49914,0.498892,0.498609,0.498295,0.497959,0.497614,0.497274,0.496955,0.496675,0.496448,0.496289,0.496207,0.496207,0.496289,0.496448,0.496675,0.496955,0.497274,0.497614,0.497959,0.498295,0.498609,0.498892,0.49914,0.499348,0.499519,0.499654,0.499757,0.499834,0.49989,0.499929,0.499955,0.499973,0.499984,0.499991,0.499995,0.499997,0.499999,0.499999,0.5,0.5,0.5,0.5,0.5
0.5,0.5,0.5,0.5,0.5,0.5,0.499999,0.499999,0.499997,0.499995,0.499992,0.499986,0.499977,0.499963,0.499942,0.499913,0.499871,0.499815,0.499741,0.499648,0.499532,0.499395,0.499237,0.49906,0.498871,0.498675,0.498481,0.498299,0.498139,0.498009,0.497917,0.49787,0.49787,0.497917,0.498009,0.498139,0.498299,0.498481,0.498675,0.498871,0.49906,0.499237,0.499395,0.499532,0.499648,0.499741,0.499815,0.499871,0.499913,0.499942,0.499963,0.499977,0.499986,0.499992,0.499995,0.499997,0.499999,0.499999,0.5,0.5,0.5,0.5,0.5,0.5
0.5,0.5,0.5,0.5,0.5,0.5,0.5,0.499999,0.499999,0.499998,0.499996,0.499993,0.499988,0.499981,0.49997,0.499955,0.499933,0.499903,0.499863,0.499813,0.499751,0.499676,0.499589,0.499492,0.499387,0.499278,0.49917,0.499068,0.498978,0.498905,0.498853,0.498826,0.498826,0.498853,0.498905,0.498978,0.499068,0.49917,0.499278,0.499387,0.499492,0.499589,0.499676,0.499751,0.499813,0.499863,0.499903,0.499933,0.499955,0.49997,0.499981,0.499988,0.499993,0.499996,0.499998,0.499999,0.499999,0.5,0.5,0.5,0.5,0.5,0.5,0.5
0.5,0.5,0.5,0.5,0.5,0.5,0.5,0.5,0.499999,0.499999,0.499998,0.499996,0.499994,0.49999,0.499984,0.499976,0.499964,0.499948,0.499926,0.499898,0.499864,0.499822,0.499773,0.499718,0.499658,0.499596,0.499534,0.499475,0.499423,0.499381,0.499351,0.499336,0.499336,0.499351,0.499381,0.499423,0.499475,0.499534,0.499596,0.499658,0.499718,0.499773,0.499822,0.499864,0.499898,0.499926,0.499948,0.499964,0.499976,0.499984,0.49999,0.499994,0.499996,0.499998,0.499999,0.499999,0.5,0.5,0.5,0.5,0.5,0.5,0.5,0.5
0.5,0.5,0.5,0.5,0.5,0.5,0.5,0.5,0.5,0.499999,0.499999,0.499998,0.499996,0.499994,0.49999,0.499985,0.499977,0.499966,0.499952,0.499934,0.499911,0.499883,0.499851,0.499814,0.499773,0.499731,0.499689,0.499649,0.499614,0.499585,0.499565,0.499554,0.499554,0.499565,0.499585,0.499614,0.499649,0.499689,0.499731,0.499773,0.499814,0.499851,0.499883,0.499911,0.499934,0.499952,0.499966,0.499977,0.499985,0.49999,0.499994,0.499996,0.499998,0.499999,0.499999,0.5,0.5,0.5,0.5,0.5,0.5,0.5,0.5,0.5
0.5,0.5,0.5,0.5,0.5,0.5,0.5,0.5,0.5,0.499999,0.499999,0.499998,0.499996,0.499994,0.49999,0.499985,0.499977,0.499966,0.499952,0.499934,0.499911,0.499883,0.499851,0.499814,0.499773,0.499731,0.499689,0.499649,0.499614,0.499585,0.499565,0.499554,0.499554,0.499565,0.499585,0.499614,0.499649,0.499689,0.499731,0.499773,0.499814,0.499851,0.499883,0.499911,0.499934,0.499952,0.499966,0.499977,0.499985,0.49999,0.499994,0.499996,0.499998,0.499999,0.499999,0.5,0.5,0.5,0.5,0.5,0.5,0.5,0.5,0.5
