0.5,0.5,0.5,0.5,0.5,0.5,0.5,0.5,0.5,0.5,0.5,0.5,0.5,0.5,0.5,0.5,0.5,0.5,0.5,0.5,0.499999,0.499999,0.499999,0.499998,0.499998,0.499997,0.499997,0.499996,0.499996,0.499995,0.499995,0.499995,0.499995,0.499995,0.499995,0.499996,0.499996,0.499997,0.499997,0.499998,0.499998,0.499999,0.499999,0.499999,0.5,0.5,0.5,0.5,0.5,0.5,0.5,0.5,0.5,0.5,0.5,0.5,0.5,0.5,0.5,0.5,0.5,0.5,0.5,0.5
0.5,0.5,0.5,0.5,0.5,0.5,0.5,0.5,0.5,0.5,0.5,0.5,0.5,0.5,0.5,0.5,0.5,0.5,0.5,0.5,0.499999,0.499999,0.499999,0.499998,0.499998,0.499997,0.499997,0.499996,0.499996,0.499995,0.499995,0.499995,0.499995,0.499995,0.499995,0.499996,0.499996,0.499997,0.499997,0.499998,0.499998,0.499999,0.499999,0.499999,0.5,0.5,0.5,0.5,0.5,0.5,0.5,0.5,0.5,0.5,0.5,0.5,0.5,0.5,0.5,0.5,0.5,0.5,0.5,0.5
0.5,0.5,0.5,0.5,0.5,0.5,0.5,0.5,0.5,0.5,0.5,0.5,0.5,0.5,0.5,0.5,0.5,0.5,0.499999,0.499999,0.499999,0.499998,0.499998,0.499997,0.499996,0.499995,0.499994,0.499993,0.499992,0.499991,0.499991,0.499991,0.499991,0.499991,0.499991,0.499992,0.499993,0.499994,0.499995,0.499996,0.499997,0.499998,0.499998,0.499999,0.499999,0.499999,0.5,0.5,0.5,0.5,0.5,0.5,0.5,0.5,0.5,0.5,0.5,0.5,0.5,0.5,0.5,0.5,0.5,0.5
0.5,0.5,0.5,0.5,0.5,0.5,0.5,0.5,0.5,0.5,0.5,0.5,0.5,0.5,0.5,0.5,0.499999,0.499999,0.499999,0.499998,0.499997,0.499996,0.499995,0.499993,0.499991,0.499989,0.499987,0.499984,0.499982,0.499981,0.499979,0.499979,0.499979,0.499979,0.499981,0.499982,0.499984,0.499987,0.499989,0.499991,0.499993,0.499995,0.499996,0.499997,0.499998,0.499999,0.499999,0.499999,0.5,0.5,0.5,0.5,0.5,0.5,0.5,0.5,0.5,0.5,0.5,0.5,0.5,0.5,0.5,0.5
0.5,0.5,0.5,0.5,0.5,0.5,0.5,0.5,0.5,0.5,0.5,0.5,0.5,0.5,0.5,0.499999,0.499999,0.499998,0.499997,0.499996,0.499994,0.499991,0.499988,0.499984,0.499979,0.499974,0.499969,0.499964,0.49996,0.499956,0.499953,0.499952,0.499952,0.499953,0.499956,0.49996,0.499964,0.499969,0.499974,0.499979,0.499984,0.499988,0.499991,0.499994,0.499996,0.499997,0.499998,0.499999,0.499999,0.5,0.5,0.5,0.5,0.5,0.5,0.5,0.5,0.5,0.5,0.5,0.5,0.5,0.5,0.5
0.5,0.5,0.5,0.5,0.5,0.5,0.5,0.5,0.5,0.5,0.5,0.5,0.5,0.499999,0.499999,0.499998,0.499997,0.499996,0.499993,0.49999,0.499986,0.49998,0.499973,0.499964,0.499954,0.499944,0.499932,0.499921,0.499911,0.499903,0.499897,0.499894,0.499894,0.499897,0.499903,0.499911,0.499921,0.499932,0.499944,0.499954,0.499964,0.499973,0.49998,0.499986,0.49999,0.499993,0.499996,0.499997,0.499998,0.499999,0.499999,0.5,0.5,0.5,0.5,0.5,0.5,0.5,0.5,0.5,0.5,0.5,0.5,0.5
0.5,0.5,0.5,0.5,0.5,0.5,0.5,0.5,0.5,0.5,0.5,0.5,0.499999,0.499999,0.499998,0.499996,0.499994,0.49999,0.499985,0.499978,0.499969,0.499956,0.499941,0.499923,0.499902,0.499879,0.499856,0.499833,0.499812,0.499794,0.499782,0.499775,0.499775,0.499782,0.499794,0.499812,0.499833,0.499856,0.499879,0.499902,0.499923,0.499941,0.499956,0.499969,0.499978,0.499985,0.49999,0.499994,0.499996,0.499998,0.499999,0.499999,0.5,0.5,0.5,0.5,0.5,0.5,0.5,0.5,0.5,0.5,0.5,0.5
0.5,0.5,0.5,0.5,0.5,0.5,0.5,0.5,0.5,0.5,0.5,0.499999,0.499998,0.499997,0.499995,0.499992,0.499987,0.49998,0.499969,0.499954,0.499935,0.499909,0.499878,0.49984,0.499798,0.499751,0.499703,0.499656,0.499613,0.499578,0.499553,0.499539,0.499539,0.499553,0.499578,0.499613,0.499656,0.499703,0.499751,0.499798,0.49984,0.499878,0.499909,0.499935,0.499954,0.499969,0.49998,0.499987,0.499992,0.499995,0.499997,0.499998,0.499999,0.5,0.5,0.5,0.5,0.5,0.5,0.5,0.5,0.5,0.5,0.5
0.5,0.5,0.5,0.5,0.5,0.5,0.5,0.5,0.5,0.5,0.499999,0.499998,0.499997,0.499994,0.49999,0.499984,0.499974,0.499959,0.499937,0.499908,0.499868,0.499817,0.499755,0.499681,0.499596,0.499505,0.49941,0.499318,0.499234,0.499165,0.499115,0.499089,0.499089,0.499115,0.499165,0.499234,0.499318,0.49941,0.499505,0.499596,0.499681,0.499755,0.499817,0.499868,0.499908,0.499937,0.499959,0.499974,0.499984,0.49999,0.499994,0.499997,0.499998,0.499999,0.5,0.5,0.5,0.5,0.5,0.5,0.5,0.5,0.5,0.5
0.5,0.5,0.5,0.5,0.5,0.5,0.5,0.5,0.5,0.499999,0.499998,0.499997,0.499994,0.499989,0.499981,0.499968,0.499948,0.499919,0.499877,0.499819,0.499743,0.499645,0.499525,0.499383,0.499222,0.499048,0.498869,0.498694,0.498535,0.498404,0.498311,0.498262,0.498262,0.498311,0.498404,0.498535,0.498694,0.498869,0.499048,0.499222,0.499383,0.499525,0.499645,0.499743,0.499819,0.499877,0.499919,0.499948,0.499968,0.499981,0.499989,0.499994,0.499997,0.499998,0.499999,0.5,0.5,0.5,0.5,0.5,0.5,0.5,0.5,0.5
0.5,0.5,0.5,0.5,0.5,0.5,0.5,0.5,0.499999,0.499998,0.499996,0.499993,0.499988,0.499978,0.499963,0.499938,0.4999,0.499845,0.499766,0.499658,0.499515,0.499333,0.499111,0.498848,0.498552,0.498233,0.497904,0.497585,0.497296,0.497058,0.496887,0.496798,0.496798,0.496887,0.497058,0.497296,0.497585,0.497904,0.498233,0.498552,0.498848,0.499111,0.499333,0.499515,0.499658,0.499766,0.499845,0.4999,0.499938,0.499963,0.499978,0.499988,0.499993,0.499996,0.499998,0.499999,0.5,0.5,0.5,0.5,0.5,0.5,0.5,0.5
0.5,0.5,0.5,0.5,0.5,0.5,0.5,0.499999,0.499998,0.499997,0.499993,0.499987,0.499977,0.499959,0.499931,0.499885,0.499816,0.499715,0.499571,0.499376,0.499118,0.498791,0.498392,0.497924,0.497398,0.496831,0.496251,0.495689,0.495181,0.494762,0.494463,0.494308,0.494308,0.494463,0.494762,0.495181,0.495689,0.496251,0.496831,0.497398,0.497924,0.498392,0.498791,0.499118,0.499376,0.499571,0.499715,0.499816,0.499885,0.499931,0.499959,0.499977,0.499987,0.499993,0.499997,0.499998,0.499999,0.5,0.5,0.5,0.5,0.5,0.5,0.5
0.5,0.5,0.5,0.5,0.5,0.5,0.499999,0.499998,0.499997,0.499994,0.499988,0.499977,0.499958,0.499926,0.499875,0.499794,0.499671,0.499492,0.49924,0.498897,0.498447,0.49788,0.49719,0.496384,0.495481,0.494512,0.493523,0.492568,0.491706,0.490997,0.490492,0.490229,0.490229,0.490492,0.490997,0.491706,0.492568,0.493523,0.494512,0.495481,0.496384,0.49719,0.49788,0.498447,0.498897,0.49924,0.499492,0.499671,0.499794,0.499875,0.499926,0.499958,0.499977,0.499988,0.499994,0.499997,0.499998,0.499999,0.5,0.5,0.5,0.5,0.5,0.5
0.5,0.5,0.5,0.5,0.5,0.499999,0.499999,0.499997,0.499994,0.499989,0.499978,0.499959,0.499926,0.499871,0.499782,0.499642,0.499432,0.499126,0.498697,0.498116,0.497358,0.496406,0.495253,0.493913,0.492416,0.490817,0.48919,0.487623,0.486213,0.485055,0.484231,0.483802,0.483802,0.484231,0.485055,0.486213,0.487623,0.48919,0.490817,0.492416,0.493913,0.495253,0.496406,0.497358,0.498116,0.498697,0.499126,0.499432,0.499642,0.499782,0.499871,0.499926,0.499959,0.499978,0.499989,0.499994,0.499997,0.499999,0.499999,0.5,0.5,0.5,0.5,0.5
0.5,0.5,0.5,0.5,0.5,0.499999,0.499998,0.499995,0.49999,0.499981,0.499963,0.499931,0.499875,0.499782,0.499632,0.499399,0.49905,0.498544,0.497838,0.496887,0.495652,0.494107,0.492247,0.490093,0.487698,0.485149,0.482565,0.480084,0.477858,0.476033,0.474737,0.474064,0.474064,0.474737,0.476033,0.477858,0.480084,0.482565,0.485149,0.487698,0.490093,0.492247,0.494107,0.495652,0.496887,0.497838,0.498544,0.49905,0.499399,0.499632,0.499782,0.499875,0.499931,0.499963,0.499981,0.49999,0.499995,0.499998,0.499999,0.5,0.5,0.5,0.5,0.5
0.5,0.5,0.5,0.5,0.499999,0.499998,0.499996,0.499992,0.499984,0.499968,0.499938,0.499885,0.499794,0.499642,0.499399,0.499023,0.498461,0.497652,0.496527,0.495021,0.493075,0.490653,0.487751,0.484405,0.480703,0.47678,0.472816,0.469025,0.465634,0.46286,0.460893,0.459873,0.459873,0.460893,0.46286,0.465634,0.469025,0.472816,0.47678,0.480703,0.484405,0.487751,0.490653,0.493075,0.495021,0.496527,0.497652,0.498461,0.499023,0.499399,0.499642,0.499794,0.499885,0.499938,0.499968,0.499984,0.499992,0.499996,0.499998,0.499999,0.5,0.5,0.5,0.5
0.5,0.5,0.5,0.499999,0.499999,0.499997,0.499994,0.499987,0.499974,0.499948,0.4999,0.499816,0.499671,0.499432,0.49905,0.498461,0.497586,0.496333,0.494601,0.492292,0.489325,0.485652,0.481272,0.47625,0.470718,0.464884,0.459014,0.453421,0.448433,0.444364,0.441485,0.439994,0.439994,0.441485,0.444364,0.448433,0.453421,0.459014,0.464884,0.470718,0.47625,0.481272,0.485652,0.489325,0.492292,0.494601,0.496333,0.497586,0.498461,0.49905,0.499432,0.499671,0.499816,0.4999,0.499948,0.499974,0.499987,0.499994,0.499997,0.499999,0.499999,0.5,0.5,0.5
0.5,0.5,0.5,0.499999,0.499998,0.499996,0.49999,0.49998,0.499959,0.499919,0.499845,0.499715,0.499492,0.499126,0.498544,0.497652,0.496333,0.494453,0.491869,0.488443,0.484064,0.478673,0.47228,0.464987,0.456998,0.448612,0.440213,0.432243,0.42516,0.419399,0.415331,0.413226,0.413226,0.415331,0.419399,0.42516,0.432243,0.440213,0.448612,0.456998,0.464987,0.47228,0.478673,0.484064,0.488443,0.491869,0.494453,0.496333,0.497652,0.498544,0.499126,0.499492,0.499715,0.499845,0.499919,0.499959,0.49998,0.49999,0.499996,0.499998,0.499999,0.5,0.5,0.5
0.5,0.5,0.499999,0.499999,0.499997,0.499993,0.499985,0.499969,0.499937,0.499877,0.499766,0.499571,0.49924,0.498697,0.497838,0.496527,0.494601,0.491869,0.488133,0.483209,0.476951,0.46929,0.460257,0.450011,0.438847,0.427192,0.415577,0.404603,0.394888,0.387011,0.381462,0.378594,0.378594,0.381462,0.387011,0.394888,0.404603,0.415577,0.427192,0.438847,0.450011,0.460257,0.46929,0.476951,0.483209,0.488133,0.491869,0.494601,0.496527,0.497838,0.498697,0.49924,0.499571,0.499766,0.499877,0.499937,0.499969,0.499985,0.499993,0.499997,0.499999,0.499999,0.5,0.5
0.5,0.5,0.499999,0.499998,0.499996,0.49999,0.499978,0.499954,0.499908,0.499819,0.499658,0.499376,0.498897,0.498116,0.496887,0.495021,0.492292,0.488443,0.483209,0.476348,0.467681,0.457133,0.444772,0.430834,0.415737,0.400064,0.384528,0.36992,0.357042,0.346636,0.339325,0.335554,0.335554,0.339325,0.346636,0.357042,0.36992,0.384528,0.400064,0.415737,0.430834,0.444772,0.457133,0.467681,0.476348,0.483209,0.488443,0.492292,0.495021,0.496887,0.498116,0.498897,0.499376,0.499658,0.499819,0.499908,0.499954,0.499978,0.49999,0.499996,0.499998,0.499999,0.5,0.5
0.499999,0.499999,0.499999,0.499997,0.499994,0.499986,0.499969,0.499935,0.499868,0.499743,0.499515,0.499118,0.498447,0.497358,0.495652,0.493075,0.489325,0.484064,0.476951,0.467681,0.456041,0.441962,0.425565,0.407193,0.387417,0.36701,0.346898,0.328086,0.311578,0.298291,0.288982,0.284188,0.284188,0.288982,0.298291,0.311578,0.328086,0.346898,0.36701,0.387417,0.407193,0.425565,0.441962,0.456041,0.467681,0.476951,0.484064,0.489325,0.493075,0.495652,0.497358,0.498447,0.499118,0.499515,0.499743,0.499868,0.499935,0.499969,0.499986,0.499994,0.499997,0.499999,0.499999,0.499999
0.499999,0.499999,0.499998,0.499996,0.499991,0.49998,0.499956,0.499909,0.499817,0.499645,0.499333,0.498791,0.49788,0.496406,0.494107,0.490653,0.485652,0.478673,0.46929,0.457133,0.441962,0.423727,0.402627,0.379141,0.354026,0.328276,0.303054,0.279598,0.259118,0.242703,0.231239,0.225347,0.225347,0.231239,0.242703,0.259118,0.279598,0.303054,0.328276,0.354026,0.379141,0.402627,0.423727,0.441962,0.457133,0.46929,0.478673,0.485652,0.490653,0.494107,0.496406,0.49788,0.498791,0.499333,0.499645,0.499817,0.499909,0.499956,0.49998,0.499991,0.499996,0.499998,0.499999,0.499999
0.499999,0.499999,0.499998,0.499995,0.499988,0.499973,0.499941,0.499878,0.499755,0.499525,0.499111,0.498392,0.49719,0.495253,0.492247,0.487751,0.481272,0.47228,0.460257,0.444772,0.425565,0.402627,0.376262,0.347115,0.316159,0.284636,0.253963,0.225612,0.200994,0.181355,0.167686,0.160676,0.160676,0.167686,0.181355,0.200994,0.225612,0.253963,0.284636,0.316159,0.347115,0.376262,0.402627,0.425565,0.444772,0.460257,0.47228,0.481272,0.487751,0.492247,0.495253,0.49719,0.498392,0.499111,0.499525,0.499755,0.499878,0.499941,0.499973,0.499988,0.499995,0.499998,0.499999,0.499999
0.499998,0.499998,0.499997,0.499993,0.499984,0.499964,0.499923,0.49984,0.499681,0.499383,0.498848,0.497924,0.496384,0.493913,0.490093,0.484405,0.47625,0.464987,0.450011,0.430834,0.407193,0.379141,0.347115,0.311955,0.274878,0.23739,0.201166,0.167904,0.139194,0.116405,0.100605,0.0925211,0.0925211,0.100605,0.116405,0.139194,0.167904,0.201166,0.23739,0.274878,0.311955,0.347115,0.379141,0.407193,0.430834,0.450011,0.464987,0.47625,0.484405,0.490093,0.493913,0.496384,0.497924,0.498848,0.499383,0.499681,0.49984,0.499923,0.499964,0.499984,0.499993,0.499997,0.499998,0.499998
0.499998,0.499998,0.499996,0.499991,0.499979,0.499954,0.499902,0.499798,0.499596,0.499222,0.498552,0.497398,0.495481,0.492416,0.487698,0.480703,0.470718,0.456998,0.438847,0.415737,0.387417,0.354026,0.316159,0.274878,0.23166,0.188283,0.146673,0.108731,0.0761888,0.0504971,0.0327591,0.0237082,0.0237082,0.0327591,0.0504971,0.0761888,0.108731,0.146673,0.188283,0.23166,0.274878,0.316159,0.354026,0.387417,0.415737,0.438847,0.456998,0.470718,0.480703,0.487698,0.492416,0.495481,0.497398,0.498552,0.499222,0.499596,0.499798,0.499902,0.499954,0.499979,0.499991,0.499996,0.499998,0.499998
0.499997,0.499997,0.499995,0.499989,0.499974,0.499944,0.499879,0.499751,0.499505,0.499048,0.498233,0.496831,0.494512,0.490817,0.485149,0.47678,0.464884,0.448612,0.427192,0.400064,0.36701,0.328276,0.284636,0.23739,0.188283,0.139361,0.0927787,0.0506081,0.0146802,-0.0135218,-0.0329061,-0.0427689,-0.0427689,-0.0329061,-0.0135218,0.0146802,0.0506081,0.0927787,0.139361,0.188283,0.23739,0.284636,0.328276,0.36701,0.400064,0.427192,0.448612,0.464884,0.47678,0.485149,0.490817,0.494512,0.496831,0.498233,0.499048,0.499505,0.499751,0.499879,0.499944,0.499974,0.499989,0.499995,0.499997,0.499997
0.499997,0.499997,0.499994,0.499987,0.499969,0.499932,0.499856,0.499703,0.49941,0.498869,0.497904,0.496251,0.493523,0.48919,0.482565,0.472816,0.459014,0.440213,0.415577,0.384528,0.346898,0.303054,0.253963,0.201166,0.146673,0.0927787,0.0418398,-0.00394036,-0.0426789,-0.0729068,-0.0935869,-0.104078,-0.104078,-0.0935869,-0.0729068,-0.0426789,-0.00394036,0.0418398,0.0927787,0.146673,0.201166,0.253963,0.303054,0.346898,0.384528,0.415577,0.440213,0.459014,0.472816,0.482565,0.48919,0.493523,0.496251,0.497904,0.498869,0.49941,0.499703,0.499856,0.499932,0.499969,0.499987,0.499994,0.499997,0.499997
0.499996,0.499996,0.499993,0.499984,0.499964,0.499921,0.499833,0.499656,0.499318,0.498694,0.497585,0.495689,0.492568,0.487623,0.480084,0.469025,0.453421,0.432243,0.404603,0.36992,0.328086,0.279598,0.225612,0.167904,0.108731,0.0506081,-0.00394036,-0.0526209,-0.0935395,-0.125281,-0.146895,-0.157826,-0.157826,-0.146895,-0.125281,-0.0935395,-0.0526209,-0.00394036,0.0506081,0.108731,0.167904,0.225612,0.279598,0.328086,0.36992,0.404603,0.432243,0.453421,0.469025,0.480084,0.487623,0.492568,0.495689,0.497585,0.498694,0.499318,0.499656,0.499833,0.499921,0.499964,0.499984,0.499993,0.499996,0.499996
0.499996,0.499996,0.499992,0.499982,0.49996,0.499911,0.499812,0.499613,0.499234,0.498535,0.497296,0.495181,0.491706,0.486213,0.477858,0.465634,0.448433,0.42516,0.394888,0.357042,0.311578,0.259118,0.200994,0.139194,0.0761888,0.0146802,-0.0426789,-0.0935395,-0.136027,-0.168804,-0.191025,-0.202231,-0.202231,-0.191025,-0.168804,-0.136027,-0.0935395,-0.0426789,0.0146802,0.0761888,0.139194,0.200994,0.259118,0.311578,0.357042,0.394888,0.42516,0.448433,0.465634,0.477858,0.486213,0.491706,0.495181,0.497296,0.498535,0.499234,0.499613,0.499812,0.499911,0.49996,0.499982,0.499992,0.499996,0.499996
0.499995,0.499995,0.499991,0.499981,0.499956,0.499903,0.499794,0.499578,0.499165,0.498404,0.497058,0.494762,0.490997,0.485055,0.476033,0.46286,0.444364,0.419399,0.387011,0.346636,0.298291,0.242703,0.181355,0.116405,0.0504971,-0.0135218,-0.0729068,-0.125281,-0.168804,-0.202221,-0.22479,-0.236144,-0.236144,-0.22479,-0.202221,-0.168804,-0.125281,-0.0729068,-0.0135218,0.0504971,0.116405,0.181355,0.242703,0.298291,0.346636,0.387011,0.419399,0.444364,0.46286,0.476033,0.485055,0.490997,0.494762,0.497058,0.498404,0.499165,0.499578,0.499794,0.499903,0.499956,0.499981,0.499991,0.499995,0.499995
0.499995,0.499995,0.499991,0.499979,0.499953,0.499897,0.499782,0.499553,0.499115,0.498311,0.496887,0.494463,0.490492,0.484231,0.474737,0.460893,0.441485,0.415331,0.381462,0.339325,0.288982,0.231239,0.167686,0.100605,0.0327591,-0.0329061,-0.0935869,-0.146895,-0.191025,-0.22479,-0.247529,-0.258947,-0.258947,-0.247529,-0.22479,-0.191025,-0.146895,-0.0935869,-0.0329061,0.0327591,0.100605,0.167686,0.231239,0.288982,0.339325,0.381462,0.415331,0.441485,0.460893,0.474737,0.484231,0.490492,0.494463,0.496887,0.498311,0.499115,0.499553,0.499782,0.499897,0.499953,0.499979,0.499991,0.499995,0.499995
0.499995,0.499995,0.499991,0.499979,0.499952,0.499894,0.499775,0.499539,0.499089,0.498262,0.496798,0.494308,0.490229,0.483802,0.474064,0.459873,0.439994,0.413226,0.378594,0.335554,0.284188,0.225347,0.160676,0.0925211,0.0237082,-0.0427689,-0.104078,-0.157826,-0.202231,-0.236144,-0.258947,-0.270386,-0.270386,-0.258947,-0.236144,-0.202231,-0.157826,-0.104078,-0.0427689,0.0237082,0.0925211,0.160676,0.225347,0.284188,0.335554,0.378594,0.413226,0.439994,0.459873,0.474064,0.483802,0.490229,0.494308,0.496798,0.498262,0.499089,0.499539,0.499775,0.499894,0.499952,0.499979,0.499991,0.499995,0.499995
0.499995,0.499995,0.499991,0.499979,0.499952,0.499894,0.499775,0.499539,0.499089,0.498262,0.496798,0.494308,0.490229,0.483802,0.474064,0.459873,0.439994,0.413226,0.378594,0.335554,0.284188,0.225347,0.160676,0.0925211,0.0237082,-0.0427689,-0.104078,-0.157826,-0.202231,-0.236144,-0.258947,-0.270386,-0.270386,-0.258947,-0.236144,-0.202231,-0.157826,-0.104078,-0.0427689,0.0237082,0.0925211,0.160676,0.225347,0.284188,0.335554,0.378594,0.413226,0.439994,0.459873,0.474064,0.483802,0.490229,0.494308,0.496798,0.498262,0.499089,0.499539,0.499775,0.499894,0.499952,0.499979,0.499991,0.499995,0.499995
0.499995,0.499995,0.499991,0.499979,0.499953,0.499897,0.499782,0.499553,0.499115,0.498311,0.496887,0.494463,0.490492,0.484231,0.474737,0.460893,0.441485,0.415331,0.381462,0.339325,0.288982,0.231239,0.167686,0.100605,0.0327591,-0.0329061,-0.0935869,-0.146895,-0.191025,-0.22479,-0.247529,-0.258947,-0.258947,-0.247529,-0.22479,-0.191025,-0.146895,-0.0935869,-0.0329061,0.0327591,0.100605,0.167686,0.231239,0.288982,0.339325,0.381462,0.415331,0.441485,0.460893,0.474737,0.484231,0.490492,0.494463,0.496887,0.498311,0.499115,0.499553,0.499782,0.499897,0.499953,0.499979,0.499991,0.499995,0.499995
0.499995,0.499995,0.499991,0.499981,0.499956,0.499903,0.499794,0.499578,0.499165,0.498404,0.497058,0.494762,0.490997,0.485055,0.476033,0.46286,0.444364,0.419399,0.387011,0.346636,0.298291,0.242703,0.181355,0.116405,0.0504971,-0.0135218,-0.0729068,-0.125281,-0.168804,-0.202221,-0.22479,-0.236144,-0.236144,-0.22479,-0.202221,-0.168804,-0.125281,-0.0729068,-0.0135218,0.0504971,0.116405,0.181355,0.242703,0.298291,0.346636,0.387011,0.419399,0.444364,0.46286,0.476033,0.485055,0.490997,0.494762,0.497058,0.498404,0.499165,0.499578,0.499794,0.499903,0.499956,0.499981,0.499991,0.499995,0.499995
0.499996,0.499996,0.499992,0.499982,0.49996,0.499911,0.499812,0.499613,0.499234,0.498535,0.497296,0.495181,0.491706,0.486213,0.477858,0.465634,0.448433,0.42516,0.394888,0.357042,0.311578,0.259118,0.200994,0.139194,0.0761888,0.0146802,-0.0426789,-0.0935395,-0.136027,-0.168804,-0.191025,-0.202231,-0.202231,-0.191025,-0.168804,-0.136027,-0.0935395,-0.0426789,0.0146802,0.0761888,0.139194,0.200994,0.259118,0.311578,0.357042,0.394888,0.42516,0.448433,0.465634,0.477858,0.486213,0.491706,0.495181,0.497296,0.498535,0.499234,0.499613,0.499812,0.499911,0.49996,0.499982,0.499992,0.499996,0.499996
0.499996,0.499996,0.499993,0.499984,0.499964,0.499921,0.499833,0.499656,0.499318,0.498694,0.497585,0.495689,0.492568,0.487623,0.480084,0.469025,0.453421,0.432243,0.404603,0.36992,0.328086,0.279598,0.225612,0.167904,0.108731,0.0506081,-0.00394036,-0.0526209,-0.0935395,-0.125281,-0.146895,-0.157826,-0.157826,-0.146895,-0.125281,-0.0935395,-0.0526209,-0.00394036,0.0506081,0.108731,0.167904,0.225612,0.279598,0.328086,0.36992,0.404603,0.432243,0.453421,0.469025,0.480084,0.487623,0.492568,0.495689,0.497585,0.498694,0.499318,0.499656,0.499833,0.499921,0.499964,0.499984,0.499993,0.499996,0.499996
0.499997,0.499997,0.499994,0.499987,0.499969,0.499932,0.499856,0.499703,0.49941,0.498869,0.497904,0.496251,0.493523,0.48919,0.482565,0.472816,0.459014,0.440213,0.415577,0.384528,0.346898,0.303054,0.253963,0.201166,0.146673,0.0927787,0.0418398,-0.00394036,-0.0426789,-0.0729068,-0.0935869,-0.104078,-0.104078,-0.0935869,-0.0729068,-0.0426789,-0.00394036,0.0418398,0.0927787,0.146673,0.201166,0.253963,0.303054,0.346898,0.384528,0.415577,0.440213,0.459014,0.472816,0.482565,0.48919,0.493523,0.496251,0.497904,0.498869,0.49941,0.499703,0.499856,0.499932,0.499969,0.499987,0.499994,0.499997,0.499997
0.499997,0.499997,0.499995,0.499989,0.499974,0.499944,0.499879,0.499751,0.499505,0.499048,0.498233,0.496831,0.494512,0.490817,0.485149,0.47678,0.464884,0.448612,0.427192,0.400064,0.36701,0.328276,0.284636,0.23739,0.188283,0.139361,0.0927787,0.0506081,0.0146802,-0.0135218,-0.0329061,-0.0427689,-0.0427689,-0.0329061,-0.0135218,0.0146802,0.0506081,0.0927787,0.139361,0.188283,0.23739,0.284636,0.328276,0.36701,0.400064,0.427192,0.448612,0.464884,0.47678,0.485149,0.490817,0.494512,0.496831,0.498233,0.499048,0.499505,0.499751,0.499879,0.499944,0.499974,0.499989,0.499995,0.499997,0.499997
0.499998,0.499998,0.499996,0.499991,0.499979,0.499954,0.499902,0.499798,0.499596,0.499222,0.498552,0.497398,0.495481,0.492416,0.487698,0.480703,0.470718,0.456998,0.438847,0.415737,0.387417,0.354026,0.316159,0.274878,0.23166,0.188283,0.146673,0.108731,0.0761888,0.0504971,0.0327591,0.0237082,0.0237082,0.0327591,0.0504971,0.0761888,0.108731,0.146673,0.188283,0.23166,0.274878,0.316159,0.354026,0.387417,0.415737,0.438847,0.456998,0.470718,0.480703,0.487698,0.492416,0.495481,0.497398,0.498552,0.499222,0.499596,0.499798,0.499902,0.499954,0.499979,0.499991,0.499996,0.499998,0.499998
0.499998,0.499998,0.499997,0.499993,0.499984,0.499964,0.499923,0.49984,0.499681,0.499383,0.498848,0.497924,0.496384,0.493913,0.490093,0.484405,0.47625,0.464987,0.450011,0.430834,0.407193,0.379141,0.347115,0.311955,0.274878,0.23739,0.201166,0.167904,0.139194,0.116405,0.100605,0.0925211,0.0925211,0.100605,0.116405,0.139194,0.167904,0.201166,0.23739,0.274878,0.311955,0.347115,0.379141,0.407193,0.430834,0.450011,0.464987,0.47625,0.484405,0.490093,0.493913,0.496384,0.497924,0.498848,0.499383,0.499681,0.49984,0.499923,0.499964,0.499984,0.499993,0.499997,0.499998,0.499998
0.499999,0.499999,0.499998,0.499995,0.499988,0.499973,0.499941,0.499878,0.499755,0.499525,0.499111,0.498392,0.49719,0.495253,0.492247,0.487751,0.481272,0.47228,0.460257,0.444772,0.425565,0.402627,0.376262,0.347115,0.316159,0.284636,0.253963,0.225612,0.200994,0.181355,0.167686,0.160676,0.160676,0.167686,0.181355,0.200994,0.225612,0.253963,0.284636,0.316159,0.347115,0.376262,0.402627,0.425565,0.444772,0.460257,0.47228,0.481272,0.487751,0.492247,0.495253,0.49719,0.498392,0.499111,0.499525,0.499755,0.499878,0.499941,0.499973,0.499988,0.499995,0.499998,0.499999,0.499999
0.499999,0.499999,0.499998,0.499996,0.499991,0.49998,0.499956,0.499909,0.499817,0.499645,0.499333,0.498791,0.49788,0.496406,0.494107,0.490653,0.485652,0.478673,0.46929,0.457133,0.441962,0.423727,0.402627,0.379141,0.354026,0.328276,0.303054,0.279598,0.259118,0.242703,0.231239,0.225347,0.225347,0.231239,0.242703,0.259118,0.279598,0.303054,0.328276,0.354026,0.379141,0.402627,0.423727,0.441962,0.457133,0.46929,0.478673,0.485652,0.490653,0.494107,0.496406,0.49788,0.498791,0.499333,0.499645,0.499817,0.499909,0.499956,0.49998,0.499991,0.499996,0.499998,0.499999,0.499999
0.499999,0.499999,0.499999,0.499997,0.499994,0.499986,0.499969,0.499935,0.499868,0.499743,0.499515,0.499118,0.498447,0.497358,0.495652,0.493075,0.489325,0.484064,0.476951,0.467681,0.456041,0.441962,0.425565,0.407193,0.387417,0.36701,0.346898,0.328086,0.311578,0.298291,0.288982,0.284188,0.284188,0.288982,0.298291,0.311578,0.328086,0.346898,0.36701,0.387417,0.407193,0.425565,0.441962,0.456041,0.467681,0.476951,0.484064,0.489325,0.493075,0.495652,0.497358,0.498447,0.499118,0.499515,0.499743,0.499868,0.499935,0.499969,0.499986,0.499994,0.499997,0.499999,0.499999,0.499999
0.5,0.5,0.499999,0.499998,0.499996,0.49999,0.499978,0.499954,0.499908,0.499819,0.499658,0.499376,0.498897,0.498116,0.496887,0.495021,0.492292,0.488443,0.483209,0.476348,0.467681,0.457133,0.444772,0.430834,0.415737,0.400064,0.384528,0.36992,0.357042,0.346636,0.339325,0.335554,0.335554,0.339325,0.346636,0.357042,0.36992,0.384528,0.400064,0.415737,0.430834,0.444772,0.457133,0.467681,0.476348,0.483209,0.488443,0.492292,0.495021,0.496887,0.498116,0.498897,0.499376,0.499658,0.499819,0.499908,0.499954,0.499978,0.49999,0.499996,0.499998,0.499999,0.5,0.5
0.5,0.5,0.499999,0.499999,0.499997,0.499993,0.499985,0.499969,0.499937,0.499877,0.499766,0.499571,0.49924,0.498697,0.497838,0.496527,0.494601,0.491869,0.488133,0.483209,0.476951,0.46929,0.460257,0.450011,0.438847,0.427192,0.415577,0.404603,0.394888,0.387011,0.381462,0.378594,0.378594,0.381462,0.387011,0.394888,0.404603,0.415577,0.427192,0.438847,0.450011,0.460257,0.46929,0.476951,0.483209,0.488133,0.491869,0.494601,0.496527,0.497838,0.498697,0.49924,0.499571,0.499766,0.499877,0.499937,0.499969,0.499985,0.499993,0.499997,0.499999,0.499999,0.5,0.5
0.5,0.5,0.5,0.499999,0.499998,0.499996,0.49999,0.49998,0.499959,0.499919,0.499845,0.499715,0.499492,0.499126,0.498544,0.497652,0.496333,0.494453,0.491869,0.488443,0.484064,0.478673,0.47228,0.464987,0.456998,0.448612,0.440213,0.432243,0.42516,0.419399,0.415331,0.413226,0.413226,0.415331,0.419399,0.42516,0.432243,0.440213,0.448612,0.456998,0.464987,0.47228,0.478673,0.484064,0.488443,0.491869,0.494453,0.496333,0.497652,0.498544,0.499126,0.499492,0.499715,0.499845,0.499919,0.499959,0.49998,0.49999,0.499996,0.499998,0.499999,0.5,0.5,0.5
0.5,0.5,0.5,0.499999,0.499999,0.499997,0.499994,0.499987,0.499974,0.499948,0.4999,0.499816,0.499671,0.499432,0.49905,0.498461,0.497586,0.496333,0.494601,0.492292,0.489325,0.485652,0.481272,0.47625,0.470718,0.464884,0.459014,0.453421,0.448433,0.444364,0.441485,0.439994,0.439994,0.441485,0.444364,0.448433,0.453421,0.459014,0.464884,0.470718,0.47625,0.481272,0.485652,0.489325,0.492292,0.494601,0.496333,0.497586,0.498461,0.49905,0.499432,0.499671,0.499816,0.4999,0.499948,0.499974,0.499987,0.499994,0.499997,0.499999,0.499999,0.5,0.5,0.5
0.5,0.5,0.5,0.5,0.499999,0.499998,0.499996,0.499992,0.499984,0.499968,0.499938,0.499885,0.499794,0.499642,0.499399,0.499023,0.498461,0.497652,0.496527,0.495021,0.493075,0.490653,0.487751,0.484405,0.480703,0.47678,0.472816,0.469025,0.465634,0.46286,0.460893,0.459873,0.459873,0.460893,0.46286,0.465634,0.469025,0.472816,0.47678,0.480703,0.484405,0.487751,0.490653,0.493075,0.495021,0.496527,0.497652,0.498461,0.499023,0.499399,0.499642,0.499794,0.499885,0.499938,0.499968,0.499984,0.499992,0.499996,0.499998,0.499999,0.5,0.5,0.5,0.5
0.5,0.5,0.5,0.5,0.5,0.499999,0.499998,0.499995,0.49999,0.499981,0.499963,0.499931,0.499875,0.499782,0.499632,0.499399,0.49905,0.498544,0.497838,0.496887,0.495652,0.494107,0.492247,0.490093,0.487698,0.485149,0.482565,0.480084,0.477858,0.476033,0.474737,0.474064,0.474064,0.474737,0.476033,0.477858,0.480084,0.482565,0.485149,0.487698,0.490093,0.492247,0.494107,0.495652,0.496887,0.497838,0.498544,0.49905,0.499399,0.499632,0.499782,0.499875,0.499931,0.499963,0.499981,0.49999,0.499995,0.499998,0.499999,0.5,0.5,0.5,0.5,0.5
0.5,0.5,0.5,0.5,0.5,0.499999,0.499999,0.499997,0.499994,0.499989,0.499978,0.499959,0.499926,0.499871,0.499782,0.499642,0.499432,0.499126,0.498697,0.498116,0.497358,0.496406,0.495253,0.493913,0.492416,0.490817,0.48919,0.487623,0.486213,0.485055,0.484231,0.483802,0.483802,0.484231,0.485055,0.486213,0.487623,0.48919,0.490817,0.492416,0.493913,0.495253,0.496406,0.497358,0.498116,0.498697,0.499126,0.499432,0.499642,0.499782,0.499871,0.499926,0.499959,0.499978,0.499989,0.499994,0.499997,0.499999,0.499999,0.5,0.5,0.5,0.5,0.5
0.5,0.5,0.5,0.5,0.5,0.5,0.499999,0.499998,0.499997,0.499994,0.499988,0.499977,0.499958,0.499926,0.499875,0.499794,0.499671,0.499492,0.49924,0.498897,0.498447,0.49788,0.49719,0.496384,0.495481,0.494512,0.493523,0.492568,0.491706,0.490997,0.490492,0.490229,0.490229,0.490492,0.490997,0.491706,0.492568,0.493523,0.494512,0.495481,0.496384,0.49719,0.49788,0.498447,0.498897,0.49924,0.499492,0.499671,0.499794,0.499875,0.499926,0.499958,0.499977,0.499988,0.499994,0.499997,0.499998,0.499999,0.5,0.5,0.5,0.5,0.5,0.5
0.5,0.5,0.5,0.5,0.5,0.5,0.5,0.499999,0.499998,0.499997,0.499993,0.499987,0.499977,0.499959,0.499931,0.499885,0.499816,0.499715,0.499571,0.499376,0.499118,0.498791,0.498392,0.497924,0.497398,0.496831,0.496251,0.495689,0.495181,0.494762,0.494463,0.494308,0.494308,0.494463,0.494762,0.495181,0.495689,0.496251,0.496831,0.497398,0.497924,0.498392,0.498791,0.499118,0.499376,0.499571,0.499715,0.499816,0.499885,0.499931,0.499959,0.499977,0.499987,0.499993,0.499997,0.499998,0.499999,0.5,0.5,0.5,0.5,0.5,0.5,0.5
0.5,0.5,0.5,0.5,0.5,0.5,0.5,0.5,0.499999,0.499998,0.499996,0.499993,0.499988,0.499978,0.499963,0.499938,0.4999,0.499845,0.499766,0.499658,0.499515,0.499333,0.499111,0.498848,0.498552,0.498233,0.497904,0.497585,0.497296,0.497058,0.496887,0.496798,0.496798,0.496887,0.497058,0.497296,0.497585,0.497904,0.498233,0.498552,0.498848,0.499111,0.499333,0.499515,0.499658,0.499766,0.499845,0.4999,0.499938,0.499963,0.499978,0.499988,0.499993,0.499996,0.499998,0.499999,0.5,0.5,0.5,0.5,0.5,0.5,0.5,0.5
0.5,0.5,0.5,0.5,0.5,0.5,0.5,0.5,0.5,0.499999,0.499998,0.499997,0.499994,0.499989,0.499981,0.499968,0.499948,0.499919,0.499877,0.499819,0.499743,0.499645,0.499525,0.499383,0.499222,0.499048,0.498869,0.498694,0.498535,0.498404,0.498311,0.498262,0.498262,0.498311,0.498404,0.498535,0.498694,0.498869,0.499048,0.499222,0.499383,0.499525,0.499645,0.499743,0.499819,0.499877,0.499919,0.499948,0.499968,0.499981,0.499989,0.499994,0.499997,0.499998,0.499999,0.5,0.5,0.5,0.5,0.5,0.5,0.5,0.5,0.5
0.5,0.5,0.5,0.5,0.5,0.5,0.5,0.5,0.5,0.5,0.499999,0.499998,0.499997,0.499994,0.49999,0.499984,0.499974,0.499959,0.499937,0.499908,0.499868,0.499817,0.499755,0.499681,0.499596,0.499505,0.49941,0.499318,0.499234,0.499165,0.499115,0.499089,0.499089,0.499115,0.499165,0.499234,0.499318,0.49941,0.499505,0.499596,0.499681,0.499755,0.499817,0.499868,0.499908,0.499937,0.499959,0.499974,0.499984,0.49999,0.499994,0.499997,0.499998,0.499999,0.5,0.5,0.5,0.5,0.5,0.5,0.5,0.5,0.5,0.5
0.5,0.5,0.5,0.5,0.5,0.5,0.5,0.5,0.5,0.5,0.5,0.499999,0.499998,0.499997,0.499995,0.499992,0.499987,0.49998,0.499969,0.499954,0.499935,0.499909,0.499878,0.49984,0.499798,0.499751,0.499703,0.499656,0.499613,0.499578,0.499553,0.499539,0.499539,0.499553,0.499578,0.499613,0.499656,0.499703,0.499751,0.499798,0.49984,0.499878,0.499909,0.499935,0.499954,0.499969,0.49998,0.499987,0.499992,0.499995,0.499997,0.499998,0.499999,0.5,0.5,0.5,0.5,0.5,0.5,0.5,0.5,0.5,0.5,0.5
0.5,0.5,0.5,0.5,0.5,0.5,0.5,0.5,0.5,0.5,0.5,0.5,0.499999,0.499999,0.499998,0.499996,0.499994,0.49999,0.499985,0.499978,0.499969,0.499956,0.499941,0.499923,0.499902,0.499879,0.499856,0.499833,0.499812,0.499794,0.499782,0.499775,0.499775,0.499782,0.499794,0.499812,0.499833,0.499856,0.499879,0.499902,0.499923,0.499941,0.499956,0.499969,0.499978,0.499985,0.49999,0.499994,0.499996,0.499998,0.499999,0.499999,0.5,0.5,0.5,0.5,0.5,0.5,0.5,0.5,0.5,0.5,0.5,0.5
0.5,0.5,0.5,0.5,0.5,0.5,0.5,0.5,0.5,0.5,0.5,0.5,0.5,0.499999,0.499999,0.499998,0.499997,0.499996,0.499993,0.49999,0.499986,0.49998,0.499973,0.499964,0.499954,0.499944,0.499932,0.499921,0.499911,0.499903,0.499897,0.499894,0.499894,0.499897,0.499903,0.499911,0.499921,0.499932,0.499944,0.499954,0.499964,0.499973,0.49998,0.499986,0.49999,0.499993,0.499996,0.499997,0.499998,0.499999,0.499999,0.5,0.5,0.5,0.5,0.5,0.5,0.5,0.5,0.5,0.5,0.5,0.5,0.5
0.5,0.5,0.5,0.5,0.5,0.5,0.5,0.5,0.5,0.5,0.5,0.5,0.5,0.5,0.5,0.499999,0.499999,0.499998,0.499997,0.499996,0.499994,0.499991,0.499988,0.499984,0.499979,0.499974,0.499969,0.499964,0.49996,0.499956,0.499953,0.499952,0.499952,0.499953,0.499956,0.49996,0.499964,0.499969,0.499974,0.499979,0.499984,0.499988,0.499991,0.499994,0.499996,0.499997,0.499998,0.499999,0.499999,0.5,0.5,0.5,0.5,0.5,0.5,0.5,0.5,0.5,0.5,0.5,0.5,0.5,0.5,0.5
0.5,0.5,0.5,0.5,0.5,0.5,0.5,0.5,0.5,0.5,0.5,0.5,0.5,0.5,0.5,0.5,0.499999,0.499999,0.499999,0.499998,0.499997,0.499996,0.499995,0.499993,0.499991,0.499989,0.499987,0.499984,0.499982,0.499981,0.499979,0.499979,0.499979,0.499979,0.499981,0.499982,0.499984,0.499987,0.499989,0.499991,0.499993,0.499995,0.499996,0.499997,0.499998,0.499999,0.499999,0.499999,0.5,0.5,0.5,0.5,0.5,0.5,0.5,0.5,0.5,0.5,0.5,0.5,0.5,0.5,0.5,0.5
0.5,0.5,0.5,0.5,0.5,0.5,0.5,0.5,0.5,0.5,0.5,0.5,0.5,0.5,0.5,0.5,0.5,0.5,0.499999,0.499999,0.499999,0.499998,0.499998,0.499997,0.499996,0.499995,0.499994,0.499993,0.499992,0.499991,0.499991,0.499991,0.499991,0.499991,0.499991,0.499992,0.499993,0.499994,0.499995,0.499996,0.499997,0.499998,0.499998,0.499999,0.499999,0.499999,0.5,0.5,0.5,0.5,0.5,0.5,0.5,0.5,0.5,0.5,0.5,0.5,0.5,0.5,0.5,0.5,0.5,0.5
0.5,0.5,0.5,0.5,0.5,0.5,0.5,0.5,0.5,0.5,0.5,0.5,0.5,0.5,0.5,0.5,0.5,0.5,0.5,0.5,0.499999,0.499999,0.499999,0.499998,0.499998,0.499997,0.499997,0.499996,0.499996,0.499995,0.499995,0.499995,0.499995,0.499995,0.499995,0.499996,0.499996,0.499997,0.499997,0.499998,0.499998,0.499999,0.499999,0.499999,0.5,0.5,0.5,0.5,0.5,0.5,0.5,0.5,0.5,0.5,0.5,0.5,0.5,0.5,0.5,0.5,0.5,0.5,0.5,0.5
0.5,0.5,0.5,0.5,0.5,0.5,0.5,0.5,0.5,0.5,0.5,0.5,0.5,0.5,0.5,0.5,0.5,0.5,0.5,0.5,0.499999,0.499999,0.499999,0.499998,0.499998,0.499997,0.499997,0.499996,0.499996,0.499995,0.499995,0.499995,0.499995,0.499995,0.499995,0.499996,0.499996,0.499997,0.499997,0.499998,0.499998,0.499999,0.499999,0.499999,0.5,0.5,0.5,0.5,0.5,0.5,0.5,0.5,0.5,0.5,0.5,0.5,0.5,0.5,0.5,0.5,0.5,0.5,0.5,0.5
