0.5,0.5,0.5,0.5,0.5,0.5,0.5,0.5,0.5,0.5,0.5,0.5,0.499999,0.499999,0.499998,0.499997,0.499995,0.499993,0.49999,0.499985,0.49998,0.499973,0.499964,0.499955,0.499944,0.499932,0.499921,0.499909,0.499899,0.499891,0.499885,0.499882,0.499882,0.499885,0.499891,0.499899,0.499909,0.499921,0.499932,0.499944,0.499955,0.499964,0.499973,0.49998,0.499985,0.49999,0.499993,0.499995,0.499997,0.499998,0.499999,0.499999,0.5,0.5,0.5,0.5,0.5,0.5,0.5,0.5,0.5,0.5,0.5,0.5
0.5,0.5,0.5,0.5,0.5,0.5,0.5,0.5,0.5,0.5,0.5,0.5,0.499999,0.499999,0.499998,0.499997,0.499995,0.499993,0.49999,0.499985,0.49998,0.499973,0.499964,0.499955,0.499944,0.499932,0.499921,0.499909,0.499899,0.499891,0.499885,0.499882,0.499882,0.499885,0.499891,0.499899,0.499909,0.499921,0.499932,0.499944,0.499955,0.499964,0.499973,0.49998,0.499985,0.49999,0.499993,0.499995,0.499997,0.499998,0.499999,0.499999,0.5,0.5,0.5,0.5,0.5,0.5,0.5,0.5,0.5,0.5,0.5,0.5
0.5,0.5,0.5,0.5,0.5,0.5,0.5,0.5,0.5,0.5,0.5,0.499999,0.499999,0.499998,0.499997,0.499995,0.499992,0.499988,0.499983,0.499976,0.499967,0.499955,0.499942,0.499926,0.499909,0.499891,0.499872,0.499855,0.499839,0.499826,0.499816,0.499812,0.499812,0.499816,0.499826,0.499839,0.499855,0.499872,0.499891,0.499909,0.499926,0.499942,0.499955,0.499967,0.499976,0.499983,0.499988,0.499992,0.499995,0.499997,0.499998,0.499999,0.499999,0.5,0.5,0.5,0.5,0.5,0.5,0.5,0.5,0.5,0.5,0.5
0.5,0.5,0.5,0.5,0.5,0.5,0.5,0.5,0.5,0.5,0.499999,0.499999,0.499998,0.499996,0.499994,0.49999,0.499984,0.499977,0.499966,0.499952,0.499935,0.499913,0.499887,0.499857,0.499824,0.49979,0.499755,0.499721,0.499691,0.499667,0.499649,0.49964,0.49964,0.499649,0.499667,0.499691,0.499721,0.499755,0.49979,0.499824,0.499857,0.499887,0.499913,0.499935,0.499952,0.499966,0.499977,0.499984,0.49999,0.499994,0.499996,0.499998,0.499999,0.499999,0.5,0.5,0.5,0.5,0.5,0.5,0.5,0.5,0.5,0.5
0.5,0.5,0.5,0.5,0.5,0.5,0.5,0.5,0.5,0.499999,0.499998,0.499997,0.499995,0.499992,0.499987,0.499979,0.499968,0.499952,0.499931,0.499904,0.499869,0.499826,0.499775,0.499717,0.499653,0.499586,0.499518,0.499454,0.499396,0.499349,0.499315,0.499298,0.499298,0.499315,0.499349,0.499396,0.499454,0.499518,0.499586,0.499653,0.499717,0.499775,0.499826,0.499869,0.499904,0.499931,0.499952,0.499968,0.499979,0.499987,0.499992,0.499995,0.499997,0.499998,0.499999,0.5,0.5,0.5,0.5,0.5,0.5,0.5,0.5,0.5
0.5,0.5,0.5,0.5,0.5,0.5,0.5,0.499999,0.499999,0.499998,0.499997,0.499994,0.49999,0.499983,0.499973,0.499958,0.499936,0.499905,0.499864,0.49981,0.499743,0.49966,0.499562,0.499451,0.49933,0.499203,0.499075,0.498954,0.498845,0.498757,0.498695,0.498662,0.498662,0.498695,0.498757,0.498845,0.498954,0.499075,0.499203,0.49933,0.499451,0.499562,0.49966,0.499743,0.49981,0.499864,0.499905,0.499936,0.499958,0.499973,0.499983,0.49999,0.499994,0.499997,0.499998,0.499999,0.499999,0.5,0.5,0.5,0.5,0.5,0.5,0.5
0.5,0.5,0.5,0.5,0.5,0.5,0.499999,0.499999,0.499998,0.499996,0.499993,0.499988,0.49998,0.499967,0.499947,0.499918,0.499876,0.499818,0.49974,0.499638,0.499511,0.499357,0.499175,0.49897,0.498747,0.498514,0.498281,0.49806,0.497863,0.497703,0.49759,0.497532,0.497532,0.49759,0.497703,0.497863,0.49806,0.498281,0.498514,0.498747,0.49897,0.499175,0.499357,0.499511,0.499638,0.49974,0.499818,0.499876,0.499918,0.499947,0.499967,0.49998,0.499988,0.499993,0.499996,0.499998,0.499999,0.499999,0.5,0.5,0.5,0.5,0.5,0.5
0.5,0.5,0.5,0.5,0.5,0.499999,0.499999,0.499998,0.499996,0.499993,0.499987,0.499977,0.499962,0.499937,0.4999,0.499845,0.499767,0.49966,0.499517,0.499332,0.499101,0.498822,0.498497,0.498132,0.497735,0.497322,0.496911,0.496522,0.496178,0.495899,0.495701,0.495599,0.495599,0.495701,0.495899,0.496178,0.496522,0.496911,0.497322,0.497735,0.498132,0.498497,0.498822,0.499101,0.499332,0.499517,0.49966,0.499767,0.499845,0.4999,0.499937,0.499962,0.499977,0.499987,0.499993,0.499996,0.499998,0.499999,0.499999,0.5,0.5,0.5,0.5,0.5
0.5,0.5,0.5,0.5,0.5,0.499999,0.499998,0.499996,0.499993,0.499986,0.499976,0.499958,0.499929,0.499884,0.499816,0.499717,0.499577,0.499385,0.499131,0.498805,0.498401,0.497915,0.497352,0.496721,0.496041,0.495336,0.494637,0.493978,0.493396,0.492925,0.492593,0.492422,0.492422,0.492593,0.492925,0.493396,0.493978,0.494637,0.495336,0.496041,0.496721,0.497352,0.497915,0.498401,0.498805,0.499131,0.499385,0.499577,0.499717,0.499816,0.499884,0.499929,0.499958,0.499976,0.499986,0.499993,0.499996,0.499998,0.499999,0.5,0.5,0.5,0.5,0.5
0.5,0.5,0.5,0.5,0.499999,0.499998,0.499996,0.499993,0.499986,0.499975,0.499955,0.499923,0.499872,0.499792,0.499673,0.499499,0.499256,0.498925,0.498489,0.497933,0.497248,0.49643,0.495487,0.494437,0.49331,0.492148,0.491001,0.489924,0.488976,0.48821,0.487672,0.487394,0.487394,0.487672,0.48821,0.488976,0.489924,0.491001,0.492148,0.49331,0.494437,0.495487,0.49643,0.497248,0.497933,0.498489,0.498925,0.499256,0.499499,0.499673,0.499792,0.499872,0.499923,0.499955,0.499975,0.499986,0.499993,0.499996,0.499998,0.499999,0.5,0.5,0.5,0.5
0.5,0.5,0.5,0.499999,0.499998,0.499997,0.499993,0.499987,0.499976,0.499955,0.499921,0.499865,0.499776,0.499639,0.499436,0.499142,0.498732,0.498178,0.497454,0.496537,0.495414,0.494083,0.492558,0.49087,0.489068,0.48722,0.485404,0.483707,0.482218,0.481018,0.480176,0.479742,0.479742,0.480176,0.481018,0.482218,0.483707,0.485404,0.48722,0.489068,0.49087,0.492558,0.494083,0.495414,0.496537,0.497454,0.498178,0.498732,0.499142,0.499436,0.499639,0.499776,0.499865,0.499921,0.499955,0.499976,0.499987,0.499993,0.499997,0.499998,0.499999,0.5,0.5,0.5
0.5,0.5,0.499999,0.499999,0.499997,0.499994,0.499988,0.499977,0.499958,0.499923,0.499865,0.499771,0.499622,0.499394,0.499056,0.498574,0.497905,0.497009,0.495845,0.494382,0.492603,0.490508,0.488124,0.485502,0.482722,0.479885,0.477111,0.474532,0.472277,0.470465,0.469197,0.468545,0.468545,0.469197,0.470465,0.472277,0.474532,0.477111,0.479885,0.482722,0.485502,0.488124,0.490508,0.492603,0.494382,0.495845,0.497009,0.497905,0.498574,0.499056,0.499394,0.499622,0.499771,0.499865,0.499923,0.499958,0.499977,0.499988,0.499994,0.499997,0.499999,0.499999,0.5,0.5
0.499999,0.499999,0.499999,0.499998,0.499995,0.49999,0.49998,0.499962,0.499929,0.499872,0.499776,0.499622,0.499379,0.499011,0.49847,0.497702,0.496646,0.49524,0.493429,0.49117,0.488442,0.485255,0.481653,0.47772,0.473576,0.469374,0.465289,0.461508,0.458217,0.455582,0.453742,0.452796,0.452796,0.453742,0.455582,0.458217,0.461508,0.465289,0.469374,0.473576,0.47772,0.481653,0.485255,0.488442,0.49117,0.493429,0.49524,0.496646,0.497702,0.49847,0.499011,0.499379,0.499622,0.499776,0.499872,0.499929,0.499962,0.49998,0.49999,0.499995,0.499998,0.499999,0.499999,0.499999
0.499999,0.499999,0.499998,0.499996,0.499992,0.499983,0.499967,0.499937,0.499884,0.499792,0.499639,0.499394,0.499011,0.498434,0.497593,0.496408,0.494791,0.492656,0.489926,0.486548,0.482501,0.47781,0.47255,0.466849,0.460884,0.454876,0.449072,0.44373,0.4391,0.435408,0.432837,0.431518,0.431518,0.432837,0.435408,0.4391,0.44373,0.449072,0.454876,0.460884,0.466849,0.47255,0.47781,0.482501,0.486548,0.489926,0.492656,0.494791,0.496408,0.497593,0.498434,0.499011,0.499394,0.499639,0.499792,0.499884,0.499937,0.499967,0.499983,0.499992,0.499996,0.499998,0.499999,0.499999
0.499998,0.499998,0.499997,0.499994,0.499987,0.499973,0.499947,0.4999,0.499816,0.499673,0.499436,0.499056,0.49847,0.497593,0.496325,0.494552,0.492151,0.489006,0.485018,0.480126,0.474314,0.467634,0.460205,0.452217,0.443926,0.435636,0.427681,0.420403,0.414128,0.409145,0.405686,0.403914,0.403914,0.405686,0.409145,0.414128,0.420403,0.427681,0.435636,0.443926,0.452217,0.460205,0.467634,0.474314,0.480126,0.485018,0.489006,0.492151,0.494552,0.496325,0.497593,0.49847,0.499056,0.499436,0.499673,0.499816,0.4999,0.499947,0.499973,0.499987,0.499994,0.499997,0.499998,0.499998
0.499997,0.499997,0.499995,0.49999,0.499979,0.499958,0.499918,0.499845,0.499717,0.499499,0.499142,0.498574,0.497702,0.496408,0.494552,0.491975,0.488516,0.484024,0.478378,0.47151,0.463427,0.454217,0.444066,0.433248,0.422114,0.411071,0.400553,0.390995,0.382801,0.376325,0.371846,0.369557,0.369557,0.371846,0.376325,0.382801,0.390995,0.400553,0.411071,0.422114,0.433248,0.444066,0.454217,0.463427,0.47151,0.478378,0.484024,0.488516,0.491975,0.494552,0.496408,0.497702,0.498574,0.499142,0.499499,0.499717,0.499845,0.499918,0.499958,0.499979,0.49999,0.499995,0.499997,0.499997
0.499995,0.499995,0.499992,0.499984,0.499968,0.499936,0.499876,0.499767,0.499577,0.499256,0.498732,0.497905,0.496646,0.494791,0.492151,0.488516,0.483678,0.47745,0.469694,0.460348,0.44945,0.437153,0.423729,0.409559,0.39511,0.380906,0.36749,0.35539,0.345086,0.336985,0.331404,0.328559,0.328559,0.331404,0.336985,0.345086,0.35539,0.36749,0.380906,0.39511,0.409559,0.423729,0.437153,0.44945,0.460348,0.469694,0.47745,0.483678,0.488516,0.492151,0.494791,0.496646,0.497905,0.498732,0.499256,0.499577,0.499767,0.499876,0.499936,0.499968,0.499984,0.499992,0.499995,0.499995
0.499993,0.499993,0.499988,0.499977,0.499952,0.499905,0.499818,0.49966,0.499385,0.498925,0.498178,0.497009,0.49524,0.492656,0.489006,0.484024,0.47745,0.469065,0.458721,0.446378,0.432129,0.416216,0.399024,0.381064,0.362938,0.345294,0.328784,0.314021,0.301542,0.291793,0.285107,0.281708,0.281708,0.285107,0.291793,0.301542,0.314021,0.328784,0.345294,0.362938,0.381064,0.399024,0.416216,0.432129,0.446378,0.458721,0.469065,0.47745,0.484024,0.489006,0.492656,0.49524,0.497009,0.498178,0.498925,0.499385,0.49966,0.499818,0.499905,0.499952,0.499977,0.499988,0.499993,0.499993
0.49999,0.49999,0.499983,0.499966,0.499931,0.499864,0.49974,0.499517,0.499131,0.498489,0.497454,0.495845,0.493429,0.489926,0.485018,0.478378,0.469694,0.458721,0.445317,0.429486,0.411405,0.391431,0.370094,0.348054,0.32606,0.304887,0.285284,0.267924,0.253379,0.242095,0.234398,0.230499,0.230499,0.234398,0.242095,0.253379,0.267924,0.285284,0.304887,0.32606,0.348054,0.370094,0.391431,0.411405,0.429486,0.445317,0.458721,0.469694,0.478378,0.485018,0.489926,0.493429,0.495845,0.497454,0.498489,0.499131,0.499517,0.49974,0.499864,0.499931,0.499966,0.499983,0.49999,0.49999
0.499985,0.499985,0.499976,0.499952,0.499904,0.49981,0.499638,0.499332,0.498805,0.497933,0.496537,0.494382,0.49117,0.486548,0.480126,0.47151,0.460348,0.446378,0.429486,0.409748,0.387456,0.363119,0.337431,0.311226,0.285399,0.260844,0.238382,0.218714,0.202399,0.18985,0.181346,0.177056,0.177056,0.181346,0.18985,0.202399,0.218714,0.238382,0.260844,0.285399,0.311226,0.337431,0.363119,0.387456,0.409748,0.429486,0.446378,0.460348,0.47151,0.480126,0.486548,0.49117,0.494382,0.496537,0.497933,0.498805,0.499332,0.499638,0.49981,0.499904,0.499952,0.499976,0.499985,0.499985
0.49998,0.49998,0.499967,0.499935,0.499869,0.499743,0.499511,0.499101,0.498401,0.497248,0.495414,0.492603,0.488442,0.482501,0.474314,0.463427,0.44945,0.432129,0.411405,0.387456,0.360727,0.331905,0.301879,0.271658,0.242287,0.214751,0.189907,0.168438,0.150843,0.137447,0.128441,0.123919,0.123919,0.128441,0.137447,0.150843,0.168438,0.189907,0.214751,0.242287,0.271658,0.301879,0.331905,0.360727,0.387456,0.411405,0.432129,0.44945,0.463427,0.474314,0.482501,0.488442,0.492603,0.495414,0.497248,0.498401,0.499101,0.499511,0.499743,0.499869,0.499935,0.499967,0.49998,0.49998
0.499973,0.499973,0.499955,0.499913,0.499826,0.49966,0.499357,0.498822,0.497915,0.49643,0.494083,0.490508,0.485255,0.47781,0.467634,0.454217,0.437153,0.416216,0.391431,0.363119,0.331905,0.298688,0.264565,0.230726,0.198342,0.168462,0.141931,0.11936,0.101128,0.0874207,0.0782953,0.0737425,0.0737425,0.0782953,0.0874207,0.101128,0.11936,0.141931,0.168462,0.198342,0.230726,0.264565,0.298688,0.331905,0.363119,0.391431,0.416216,0.437153,0.454217,0.467634,0.47781,0.485255,0.490508,0.494083,0.49643,0.497915,0.498822,0.499357,0.49966,0.499826,0.499913,0.499955,0.499973,0.499973
0.499964,0.499964,0.499942,0.499887,0.499775,0.499562,0.499175,0.498497,0.497352,0.495487,0.492558,0.488124,0.481653,0.47255,0.460205,0.444066,0.423729,0.399024,0.370094,0.337431,0.301879,0.264565,0.226802,0.189954,0.155294,0.123888,0.0965201,0.0736694,0.0555386,0.0421236,0.0333055,0.0289421,0.0289421,0.0333055,0.0421236,0.0555386,0.0736694,0.0965201,0.123888,0.155294,0.189954,0.226802,0.264565,0.301879,0.337431,0.370094,0.399024,0.423729,0.444066,0.460205,0.47255,0.481653,0.488124,0.492558,0.495487,0.497352,0.498497,0.499175,0.499562,0.499775,0.499887,0.499942,0.499964,0.499964
0.499955,0.499955,0.499926,0.499857,0.499717,0.499451,0.49897,0.498132,0.496721,0.494437,0.49087,0.485502,0.47772,0.466849,0.452217,0.433248,0.409559,0.381064,0.348054,0.311226,0.271658,0.230726,0.189954,0.150861,0.114785,0.0827686,0.0554785,0.0332077,0.0159319,0.00341302,-0.00467662,-0.00863442,-0.00863442,-0.00467662,0.00341302,0.0159319,0.0332077,0.0554785,0.0827686,0.114785,0.150861,0.189954,0.230726,0.271658,0.311226,0.348054,0.381064,0.409559,0.433248,0.452217,0.466849,0.47772,0.485502,0.49087,0.494437,0.496721,0.498132,0.49897,0.499451,0.499717,0.499857,0.499926,0.499955,0.499955
0.499944,0.499944,0.499909,0.499824,0.499653,0.49933,0.498747,0.497735,0.496041,0.49331,0.489068,0.482722,0.473576,0.460884,0.443926,0.422114,0.39511,0.362938,0.32606,0.285399,0.242287,0.198342,0.155294,0.114785,0.0781875,0.0464686,0.0201325,-0.000759476,-0.0164976,-0.0275844,-0.0345774,-0.0379424,-0.0379424,-0.0345774,-0.0275844,-0.0164976,-0.000759476,0.0201325,0.0464686,0.0781875,0.114785,0.155294,0.198342,0.242287,0.285399,0.32606,0.362938,0.39511,0.422114,0.443926,0.460884,0.473576,0.482722,0.489068,0.49331,0.496041,0.497735,0.498747,0.49933,0.499653,0.499824,0.499909,0.499944,0.499944
0.499932,0.499932,0.499891,0.49979,0.499586,0.499203,0.498514,0.497322,0.495336,0.492148,0.48722,0.479885,0.469374,0.454876,0.435636,0.411071,0.380906,0.345294,0.304887,0.260844,0.214751,0.168462,0.123888,0.0827686,0.0464686,0.0158443,-0.00880095,-0.0276679,-0.0413349,-0.0505827,-0.0562057,-0.0588411,-0.0588411,-0.0562057,-0.0505827,-0.0413349,-0.0276679,-0.00880095,0.0158443,0.0464686,0.0827686,0.123888,0.168462,0.214751,0.260844,0.304887,0.345294,0.380906,0.411071,0.435636,0.454876,0.469374,0.479885,0.48722,0.492148,0.495336,0.497322,0.498514,0.499203,0.499586,0.49979,0.499891,0.499932,0.499932
0.499921,0.499921,0.499872,0.499755,0.499518,0.499075,0.498281,0.496911,0.494637,0.491001,0.485404,0.477111,0.465289,0.449072,0.427681,0.400553,0.36749,0.328784,0.285284,0.238382,0.189907,0.141931,0.0965201,0.0554785,0.0201325,-0.00880095,-0.0312402,-0.04766,-0.0589298,-0.0661049,-0.0702089,-0.0720424,-0.0720424,-0.0702089,-0.0661049,-0.0589298,-0.04766,-0.0312402,-0.00880095,0.0201325,0.0554785,0.0965201,0.141931,0.189907,0.238382,0.285284,0.328784,0.36749,0.400553,0.427681,0.449072,0.465289,0.477111,0.485404,0.491001,0.494637,0.496911,0.498281,0.499075,0.499518,0.499755,0.499872,0.499921,0.499921
0.499909,0.499909,0.499855,0.499721,0.499454,0.498954,0.49806,0.496522,0.493978,0.489924,0.483707,0.474532,0.461508,0.44373,0.420403,0.390995,0.35539,0.314021,0.267924,0.218714,0.168438,0.11936,0.0736694,0.0332077,-0.000759476,-0.0276679,-0.04766,-0.0614764,-0.0702618,-0.0753253,-0.0778986,-0.0789291,-0.0789291,-0.0778986,-0.0753253,-0.0702618,-0.0614764,-0.04766,-0.0276679,-0.000759476,0.0332077,0.0736694,0.11936,0.168438,0.218714,0.267924,0.314021,0.35539,0.390995,0.420403,0.44373,0.461508,0.474532,0.483707,0.489924,0.493978,0.496522,0.49806,0.498954,0.499454,0.499721,0.499855,0.499909,0.499909
0.499899,0.499899,0.499839,0.499691,0.499396,0.498845,0.497863,0.496178,0.493396,0.488976,0.482218,0.472277,0.458217,0.4391,0.414128,0.382801,0.345086,0.301542,0.253379,0.202399,0.150843,0.101128,0.0555386,0.0159319,-0.0164976,-0.0413349,-0.0589298,-0.0702618,-0.0767171,-0.0798231,-0.0809887,-0.081284,-0.081284,-0.0809887,-0.0798231,-0.0767171,-0.0702618,-0.0589298,-0.0413349,-0.0164976,0.0159319,0.0555386,0.101128,0.150843,0.202399,0.253379,0.301542,0.345086,0.382801,0.414128,0.4391,0.458217,0.472277,0.482218,0.488976,0.493396,0.496178,0.497863,0.498845,0.499396,0.499691,0.499839,0.499899,0.499899
0.499891,0.499891,0.499826,0.499667,0.499349,0.498757,0.497703,0.495899,0.492925,0.48821,0.481018,0.470465,0.455582,0.435408,0.409145,0.376325,0.336985,0.291793,0.242095,0.18985,0.137447,0.0874207,0.0421236,0.00341302,-0.0275844,-0.0505827,-0.0661049,-0.0753253,-0.0798231,-0.0812985,-0.0812979,-0.0809861,-0.0809861,-0.0812979,-0.0812985,-0.0798231,-0.0753253,-0.0661049,-0.0505827,-0.0275844,0.00341302,0.0421236,0.0874207,0.137447,0.18985,0.242095,0.291793,0.336985,0.376325,0.409145,0.435408,0.455582,0.470465,0.481018,0.48821,0.492925,0.495899,0.497703,0.498757,0.499349,0.499667,0.499826,0.499891,0.499891
0.499885,0.499885,0.499816,0.499649,0.499315,0.498695,0.49759,0.495701,0.492593,0.487672,0.480176,0.469197,0.453742,0.432837,0.405686,0.371846,0.331404,0.285107,0.234398,0.181346,0.128441,0.0782953,0.0333055,-0.00467662,-0.0345774,-0.0562057,-0.0702089,-0.0778986,-0.0809887,-0.0812979,-0.0804665,-0.0797231,-0.0797231,-0.0804665,-0.0812979,-0.0809887,-0.0778986,-0.0702089,-0.0562057,-0.0345774,-0.00467662,0.0333055,0.0782953,0.128441,0.181346,0.234398,0.285107,0.331404,0.371846,0.405686,0.432837,0.453742,0.469197,0.480176,0.487672,0.492593,0.495701,0.49759,0.498695,0.499315,0.499649,0.499816,0.499885,0.499885
0.499882,0.499882,0.499812,0.49964,0.499298,0.498662,0.497532,0.495599,0.492422,0.487394,0.479742,0.468545,0.452796,0.431518,0.403914,0.369557,0.328559,0.281708,0.230499,0.177056,0.123919,0.0737425,0.0289421,-0.00863442,-0.0379424,-0.0588411,-0.0720424,-0.0789291,-0.081284,-0.0809861,-0.0797231,-0.0787558,-0.0787558,-0.0797231,-0.0809861,-0.081284,-0.0789291,-0.0720424,-0.0588411,-0.0379424,-0.00863442,0.0289421,0.0737425,0.123919,0.177056,0.230499,0.281708,0.328559,0.369557,0.403914,0.431518,0.452796,0.468545,0.479742,0.487394,0.492422,0.495599,0.497532,0.498662,0.499298,0.49964,0.499812,0.499882,0.499882
0.499882,0.499882,0.499812,0.49964,0.499298,0.498662,0.497532,0.495599,0.492422,0.487394,0.479742,0.468545,0.452796,0.431518,0.403914,0.369557,0.328559,0.281708,0.230499,0.177056,0.123919,0.0737425,0.0289421,-0.00863442,-0.0379424,-0.0588411,-0.0720424,-0.0789291,-0.081284,-0.0809861,-0.0797231,-0.0787558,-0.0787558,-0.0797231,-0.0809861,-0.081284,-0.0789291,-0.0720424,-0.0588411,-0.0379424,-0.00863442,0.0289421,0.0737425,0.123919,0.177056,0.230499,0.281708,0.328559,0.369557,0.403914,0.431518,0.452796,0.468545,0.479742,0.487394,0.492422,0.495599,0.497532,0.498662,0.499298,0.49964,0.499812,0.499882,0.499882
0.499885,0.499885,0.499816,0.499649,0.499315,0.498695,0.49759,0.495701,0.492593,0.487672,0.480176,0.469197,0.453742,0.432837,0.405686,0.371846,0.331404,0.285107,0.234398,0.181346,0.128441,0.0782953,0.0333055,-0.00467662,-0.0345774,-0.0562057,-0.0702089,-0.0778986,-0.0809887,-0.0812979,-0.0804665,-0.0797231,-0.0797231,-0.0804665,-0.0812979,-0.0809887,-0.0778986,-0.0702089,-0.0562057,-0.0345774,-0.00467662,0.0333055,0.0782953,0.128441,0.181346,0.234398,0.285107,0.331404,0.371846,0.405686,0.432837,0.453742,0.469197,0.480176,0.487672,0.492593,0.495701,0.49759,0.498695,0.499315,0.499649,0.499816,0.499885,0.499885
0.499891,0.499891,0.499826,0.499667,0.499349,0.498757,0.497703,0.495899,0.492925,0.48821,0.481018,0.470465,0.455582,0.435408,0.409145,0.376325,0.336985,0.291793,0.242095,0.18985,0.137447,0.0874207,0.0421236,0.00341302,-0.0275844,-0.0505827,-0.0661049,-0.0753253,-0.0798231,-0.0812985,-0.0812979,-0.0809861,-0.0809861,-0.0812979,-0.0812985,-0.0798231,-0.0753253,-0.0661049,-0.0505827,-0.0275844,0.00341302,0.0421236,0.0874207,0.137447,0.18985,0.242095,0.291793,0.336985,0.376325,0.409145,0.435408,0.455582,0.470465,0.481018,0.48821,0.492925,0.495899,0.497703,0.498757,0.499349,0.499667,0.499826,0.499891,0.499891
0.499899,0.499899,0.499839,0.499691,0.499396,0.498845,0.497863,0.496178,0.493396,0.488976,0.482218,0.472277,0.458217,0.4391,0.414128,0.382801,0.345086,0.301542,0.253379,0.202399,0.150843,0.101128,0.0555386,0.0159319,-0.0164976,-0.0413349,-0.0589298,-0.0702618,-0.0767171,-0.0798231,-0.0809887,-0.081284,-0.081284,-0.0809887,-0.0798231,-0.0767171,-0.0702618,-0.0589298,-0.0413349,-0.0164976,0.0159319,0.0555386,0.101128,0.150843,0.202399,0.253379,0.301542,0.345086,0.382801,0.414128,0.4391,0.458217,0.472277,0.482218,0.488976,0.493396,0.496178,0.497863,0.498845,0.499396,0.499691,0.499839,0.499899,0.499899
0.499909,0.499909,0.499855,0.499721,0.499454,0.498954,0.49806,0.496522,0.493978,0.489924,0.483707,0.474532,0.461508,0.44373,0.420403,0.390995,0.35539,0.314021,0.267924,0.218714,0.168438,0.11936,0.0736694,0.0332077,-0.000759476,-0.0276679,-0.04766,-0.0614764,-0.0702618,-0.0753253,-0.0778986,-0.0789291,-0.0789291,-0.0778986,-0.0753253,-0.0702618,-0.0614764,-0.04766,-0.0276679,-0.000759476,0.0332077,0.0736694,0.11936,0.168438,0.218714,0.267924,0.314021,0.35539,0.390995,0.420403,0.44373,0.461508,0.474532,0.483707,0.489924,0.493978,0.496522,0.49806,0.498954,0.499454,0.499721,0.499855,0.499909,0.499909
0.499921,0.499921,0.499872,0.499755,0.499518,0.499075,0.498281,0.496911,0.494637,0.491001,0.485404,0.477111,0.465289,0.449072,0.427681,0.400553,0.36749,0.328784,0.285284,0.238382,0.189907,0.141931,0.0965201,0.0554785,0.0201325,-0.00880095,-0.0312402,-0.04766,-0.0589298,-0.0661049,-0.0702089,-0.0720424,-0.0720424,-0.0702089,-0.0661049,-0.0589298,-0.04766,-0.0312402,-0.00880095,0.0201325,0.0554785,0.0965201,0.141931,0.189907,0.238382,0.285284,0.328784,0.36749,0.400553,0.427681,0.449072,0.465289,0.477111,0.485404,0.491001,0.494637,0.496911,0.498281,0.499075,0.499518,0.499755,0.499872,0.499921,0.499921
0.499932,0.499932,0.499891,0.49979,0.499586,0.499203,0.498514,0.497322,0.495336,0.492148,0.48722,0.479885,0.469374,0.454876,0.435636,0.411071,0.380906,0.345294,0.304887,0.260844,0.214751,0.168462,0.123888,0.0827686,0.0464686,0.0158443,-0.00880095,-0.0276679,-0.0413349,-0.0505827,-0.0562057,-0.0588411,-0.0588411,-0.0562057,-0.0505827,-0.0413349,-0.0276679,-0.00880095,0.0158443,0.0464686,0.0827686,0.123888,0.168462,0.214751,0.260844,0.304887,0.345294,0.380906,0.411071,0.435636,0.454876,0.469374,0.479885,0.48722,0.492148,0.495336,0.497322,0.498514,0.499203,0.499586,0.49979,0.499891,0.499932,0.499932
0.499944,0.499944,0.499909,0.499824,0.499653,0.49933,0.498747,0.497735,0.496041,0.49331,0.489068,0.482722,0.473576,0.460884,0.443926,0.422114,0.39511,0.362938,0.32606,0.285399,0.242287,0.198342,0.155294,0.114785,0.0781875,0.0464686,0.0201325,-0.000759476,-0.0164976,-0.0275844,-0.0345774,-0.0379424,-0.0379424,-0.0345774,-0.0275844,-0.0164976,-0.000759476,0.0201325,0.0464686,0.0781875,0.114785,0.155294,0.198342,0.242287,0.285399,0.32606,0.362938,0.39511,0.422114,0.443926,0.460884,0.473576,0.482722,0.489068,0.49331,0.496041,0.497735,0.498747,0.49933,0.499653,0.499824,0.499909,0.499944,0.499944
0.499955,0.499955,0.499926,0.499857,0.499717,0.499451,0.49897,0.498132,0.496721,0.494437,0.49087,0.485502,0.47772,0.466849,0.452217,0.433248,0.409559,0.381064,0.348054,0.311226,0.271658,0.230726,0.189954,0.150861,0.114785,0.0827686,0.0554785,0.0332077,0.0159319,0.00341302,-0.00467662,-0.00863442,-0.00863442,-0.00467662,0.00341302,0.0159319,0.0332077,0.0554785,0.0827686,0.114785,0.150861,0.189954,0.230726,0.271658,0.311226,0.348054,0.381064,0.409559,0.433248,0.452217,0.466849,0.47772,0.485502,0.49087,0.494437,0.496721,0.498132,0.49897,0.499451,0.499717,0.499857,0.499926,0.499955,0.499955
0.499964,0.499964,0.499942,0.499887,0.499775,0.499562,0.499175,0.498497,0.497352,0.495487,0.492558,0.488124,0.481653,0.47255,0.460205,0.444066,0.423729,0.399024,0.370094,0.337431,0.301879,0.264565,0.226802,0.189954,0.155294,0.123888,0.0965201,0.0736694,0.0555386,0.0421236,0.0333055,0.0289421,0.0289421,0.0333055,0.0421236,0.0555386,0.0736694,0.0965201,0.123888,0.155294,0.189954,0.226802,0.264565,0.301879,0.337431,0.370094,0.399024,0.423729,0.444066,0.460205,0.47255,0.481653,0.488124,0.492558,0.495487,0.497352,0.498497,0.499175,0.499562,0.499775,0.499887,0.499942,0.499964,0.499964
0.499973,0.499973,0.499955,0.499913,0.499826,0.49966,0.499357,0.498822,0.497915,0.49643,0.494083,0.490508,0.485255,0.47781,0.467634,0.454217,0.437153,0.416216,0.391431,0.363119,0.331905,0.298688,0.264565,0.230726,0.198342,0.168462,0.141931,0.11936,0.101128,0.0874207,0.0782953,0.0737425,0.0737425,0.0782953,0.0874207,0.101128,0.11936,0.141931,0.168462,0.198342,0.230726,0.264565,0.298688,0.331905,0.363119,0.391431,0.416216,0.437153,0.454217,0.467634,0.47781,0.485255,0.490508,0.494083,0.49643,0.497915,0.498822,0.499357,0.49966,0.499826,0.499913,0.499955,0.499973,0.499973
0.49998,0.49998,0.499967,0.499935,0.499869,0.499743,0.499511,0.499101,0.498401,0.497248,0.495414,0.492603,0.488442,0.482501,0.474314,0.463427,0.44945,0.432129,0.411405,0.387456,0.360727,0.331905,0.301879,0.271658,0.242287,0.214751,0.189907,0.168438,0.150843,0.137447,0.128441,0.123919,0.123919,0.128441,0.137447,0.150843,0.168438,0.189907,0.214751,0.242287,0.271658,0.301879,0.331905,0.360727,0.387456,0.411405,0.432129,0.44945,0.463427,0.474314,0.482501,0.488442,0.492603,0.495414,0.497248,0.498401,0.499101,0.499511,0.499743,0.499869,0.499935,0.499967,0.49998,0.49998
0.499985,0.499985,0.499976,0.499952,0.499904,0.49981,0.499638,0.499332,0.498805,0.497933,0.496537,0.494382,0.49117,0.486548,0.480126,0.47151,0.460348,0.446378,0.429486,0.409748,0.387456,0.363119,0.337431,0.311226,0.285399,0.260844,0.238382,0.218714,0.202399,0.18985,0.181346,0.177056,0.177056,0.181346,0.18985,0.202399,0.218714,0.238382,0.260844,0.285399,0.311226,0.337431,0.363119,0.387456,0.409748,0.429486,0.446378,0.460348,0.47151,0.480126,0.486548,0.49117,0.494382,0.496537,0.497933,0.498805,0.499332,0.499638,0.49981,0.499904,0.499952,0.499976,0.499985,0.499985
0.49999,0.49999,0.499983,0.499966,0.499931,0.499864,0.49974,0.499517,0.499131,0.498489,0.497454,0.495845,0.493429,0.489926,0.485018,0.478378,0.469694,0.458721,0.445317,0.429486,0.411405,0.391431,0.370094,0.348054,0.32606,0.304887,0.285284,0.267924,0.253379,0.242095,0.234398,0.230499,0.230499,0.234398,0.242095,0.253379,0.267924,0.285284,0.304887,0.32606,0.348054,0.370094,0.391431,0.411405,0.429486,0.445317,0.458721,0.469694,0.478378,0.485018,0.489926,0.493429,0.495845,0.497454,0.498489,0.499131,0.499517,0.49974,0.499864,0.499931,0.499966,0.499983,0.49999,0.49999
0.499993,0.499993,0.499988,0.499977,0.499952,0.499905,0.499818,0.49966,0.499385,0.498925,0.498178,0.497009,0.49524,0.492656,0.489006,0.484024,0.47745,0.469065,0.458721,0.446378,0.432129,0.416216,0.399024,0.381064,0.362938,0.345294,0.328784,0.314021,0.301542,0.291793,0.285107,0.281708,0.281708,0.285107,0.291793,0.301542,0.314021,0.328784,0.345294,0.362938,0.381064,0.399024,0.416216,0.432129,0.446378,0.458721,0.469065,0.47745,0.484024,0.489006,0.492656,0.49524,0.497009,0.498178,0.498925,0.499385,0.49966,0.499818,0.499905,0.499952,0.499977,0.499988,0.499993,0.499993
0.499995,0.499995,0.499992,0.499984,0.499968,0.499936,0.499876,0.499767,0.499577,0.499256,0.498732,0.497905,0.496646,0.494791,0.492151,0.488516,0.483678,0.47745,0.469694,0.460348,0.44945,0.437153,0.423729,0.409559,0.39511,0.380906,0.36749,0.35539,0.345086,0.336985,0.331404,0.328559,0.328559,0.331404,0.336985,0.345086,0.35539,0.36749,0.380906,0.39511,0.409559,0.423729,0.437153,0.44945,0.460348,0.469694,0.47745,0.483678,0.488516,0.492151,0.494791,0.496646,0.497905,0.498732,0.499256,0.499577,0.499767,0.499876,0.499936,0.499968,0.499984,0.499992,0.499995,0.499995
0.499997,0.499997,0.499995,0.49999,0.499979,0.499958,0.499918,0.499845,0.499717,0.499499,0.499142,0.498574,0.497702,0.496408,0.494552,0.491975,0.488516,0.484024,0.478378,0.47151,0.463427,0.454217,0.444066,0.433248,0.422114,0.411071,0.400553,0.390995,0.382801,0.376325,0.371846,0.369557,0.369557,0.371846,0.376325,0.382801,0.390995,0.400553,0.411071,0.422114,0.433248,0.444066,0.454217,0.463427,0.47151,0.478378,0.484024,0.488516,0.491975,0.494552,0.496408,0.497702,0.498574,0.499142,0.499499,0.499717,0.499845,0.499918,0.499958,0.499979,0.49999,0.499995,0.499997,0.499997
0.499998,0.499998,0.499997,0.499994,0.499987,0.499973,0.499947,0.4999,0.499816,0.499673,0.499436,0.499056,0.49847,0.497593,0.496325,0.494552,0.492151,0.489006,0.485018,0.480126,0.474314,0.467634,0.460205,0.452217,0.443926,0.435636,0.427681,0.420403,0.414128,0.409145,0.405686,0.403914,0.403914,0.405686,0.409145,0.414128,0.420403,0.427681,0.435636,0.443926,0.452217,0.460205,0.467634,0.474314,0.480126,0.485018,0.489006,0.492151,0.494552,0.496325,0.497593,0.49847,0.499056,0.499436,0.499673,0.499816,0.4999,0.499947,0.499973,0.499987,0.499994,0.499997,0.499998,0.499998
0.499999,0.499999,0.499998,0.499996,0.499992,0.499983,0.499967,0.499937,0.499884,0.499792,0.499639,0.499394,0.499011,0.498434,0.497593,0.496408,0.494791,0.492656,0.489926,0.486548,0.482501,0.47781,0.47255,0.466849,0.460884,0.454876,0.449072,0.44373,0.4391,0.435408,0.432837,0.431518,0.431518,0.432837,0.435408,0.4391,0.44373,0.449072,0.454876,0.460884,0.466849,0.47255,0.47781,0.482501,0.486548,0.489926,0.492656,0.494791,0.496408,0.497593,0.498434,0.499011,0.499394,0.499639,0.499792,0.499884,0.499937,0.499967,0.499983,0.499992,0.499996,0.499998,0.499999,0.499999
0.499999,0.499999,0.499999,0.499998,0.499995,0.49999,0.49998,0.499962,0.499929,0.499872,0.499776,0.499622,0.499379,0.499011,0.49847,0.497702,0.496646,0.49524,0.493429,0.49117,0.488442,0.485255,0.481653,0.47772,0.473576,0.469374,0.465289,0.461508,0.458217,0.455582,0.453742,0.452796,0.452796,0.453742,0.455582,0.458217,0.461508,0.465289,0.469374,0.473576,0.47772,0.481653,0.485255,0.488442,0.49117,0.493429,0.49524,0.496646,0.497702,0.49847,0.499011,0.499379,0.499622,0.499776,0.499872,0.499929,0.499962,0.49998,0.49999,0.499995,0.499998,0.499999,0.499999,0.499999
0.5,0.5,0.499999,0.499999,0.499997,0.499994,0.499988,0.499977,0.499958,0.499923,0.499865,0.499771,0.499622,0.499394,0.499056,0.498574,0.497905,0.497009,0.495845,0.494382,0.492603,0.490508,0.488124,0.485502,0.482722,0.479885,0.477111,0.474532,0.472277,0.470465,0.469197,0.468545,0.468545,0.469197,0.470465,0.472277,0.474532,0.477111,0.479885,0.482722,0.485502,0.488124,0.490508,0.492603,0.494382,0.495845,0.497009,0.497905,0.498574,0.499056,0.499394,0.499622,0.499771,0.499865,0.499923,0.499958,0.499977,0.499988,0.499994,0.499997,0.499999,0.499999,0.5,0.5
0.5,0.5,0.5,0.499999,0.499998,0.499997,0.499993,0.499987,0.499976,0.499955,0.499921,0.499865,0.499776,0.499639,0.499436,0.499142,0.498732,0.498178,0.497454,0.496537,0.495414,0.494083,0.492558,0.49087,0.489068,0.48722,0.485404,0.483707,0.482218,0.481018,0.480176,0.479742,0.479742,0.480176,0.481018,0.482218,0.483707,0.485404,0.48722,0.489068,0.49087,0.492558,0.494083,0.495414,0.496537,0.497454,0.498178,0.498732,0.499142,0.499436,0.499639,0.499776,0.499865,0.499921,0.499955,0.499976,0.499987,0.499993,0.499997,0.499998,0.499999,0.5,0.5,0.5
0.5,0.5,0.5,0.5,0.499999,0.499998,0.499996,0.499993,0.499986,0.499975,0.499955,0.499923,0.499872,0.499792,0.499673,0.499499,0.499256,0.498925,0.498489,0.497933,0.497248,0.49643,0.495487,0.494437,0.49331,0.492148,0.491001,0.489924,0.488976,0.48821,0.487672,0.487394,0.487394,0.487672,0.48821,0.488976,0.489924,0.491001,0.492148,0.49331,0.494437,0.495487,0.49643,0.497248,0.497933,0.498489,0.498925,0.499256,0.499499,0.499673,0.499792,0.499872,0.499923,0.499955,0.499975,0.499986,0.499993,0.499996,0.499998,0.499999,0.5,0.5,0.5,0.5
0.5,0.5,0.5,0.5,0.5,0.499999,0.499998,0.499996,0.499993,0.499986,0.499976,0.499958,0.499929,0.499884,0.499816,0.499717,0.499577,0.499385,0.499131,0.498805,0.498401,0.497915,0.497352,0.496721,0.496041,0.495336,0.494637,0.493978,0.493396,0.492925,0.492593,0.492422,0.492422,0.492593,0.492925,0.493396,0.493978,0.494637,0.495336,0.496041,0.496721,0.497352,0.497915,0.498401,0.498805,0.499131,0.499385,0.499577,0.499717,0.499816,0.499884,0.499929,0.499958,0.499976,0.499986,0.499993,0.499996,0.499998,0.499999,0.5,0.5,0.5,0.5,0.5
0.5,0.5,0.5,0.5,0.5,0.499999,0.499999,0.499998,0.499996,0.499993,0.499987,0.499977,0.499962,0.499937,0.4999,0.499845,0.499767,0.49966,0.499517,0.499332,0.499101,0.498822,0.498497,0.498132,0.497735,0.497322,0.496911,0.496522,0.496178,0.495899,0.495701,0.495599,0.495599,0.495701,0.495899,0.496178,0.496522,0.496911,0.497322,0.497735,0.498132,0.498497,0.498822,0.499101,0.499332,0.499517,0.49966,0.499767,0.499845,0.4999,0.499937,0.499962,0.499977,0.499987,0.499993,0.499996,0.499998,0.499999,0.499999,0.5,0.5,0.5,0.5,0.5
0.5,0.5,0.5,0.5,0.5,0.5,0.499999,0.499999,0.499998,0.499996,0.499993,0.499988,0.49998,0.499967,0.499947,0.499918,0.499876,0.499818,0.49974,0.499638,0.499511,0.499357,0.499175,0.49897,0.498747,0.498514,0.498281,0.49806,0.497863,0.497703,0.49759,0.497532,0.497532,0.49759,0.497703,0.497863,0.49806,0.498281,0.498514,0.498747,0.49897,0.499175,0.499357,0.499511,0.499638,0.49974,0.499818,0.499876,0.499918,0.499947,0.499967,0.49998,0.499988,0.499993,0.499996,0.499998,0.499999,0.499999,0.5,0.5,0.5,0.5,0.5,0.5
0.5,0.5,0.5,0.5,0.5,0.5,0.5,0.499999,0.499999,0.499998,0.499997,0.499994,0.49999,0.499983,0.499973,0.499958,0.499936,0.499905,0.499864,0.49981,0.499743,0.49966,0.499562,0.499451,0.49933,0.499203,0.499075,0.498954,0.498845,0.498757,0.498695,0.498662,0.498662,0.498695,0.498757,0.498845,0.498954,0.499075,0.499203,0.49933,0.499451,0.499562,0.49966,0.499743,0.49981,0.499864,0.499905,0.499936,0.499958,0.499973,0.499983,0.49999,0.499994,0.499997,0.499998,0.499999,0.499999,0.5,0.5,0.5,0.5,0.5,0.5,0.5
0.5,0.5,0.5,0.5,0.5,0.5,0.5,0.5,0.5,0.499999,0.499998,0.499997,0.499995,0.499992,0.499987,0.499979,0.499968,0.499952,0.499931,0.499904,0.499869,0.499826,0.499775,0.499717,0.499653,0.499586,0.499518,0.499454,0.499396,0.499349,0.499315,0.499298,0.499298,0.499315,0.499349,0.499396,0.499454,0.499518,0.499586,0.499653,0.499717,0.499775,0.499826,0.499869,0.499904,0.499931,0.499952,0.499968,0.499979,0.499987,0.499992,0.499995,0.499997,0.499998,0.499999,0.5,0.5,0.5,0.5,0.5,0.5,0.5,0.5,0.5
0.5,0.5,0.5,0.5,0.5,0.5,0.5,0.5,0.5,0.5,0.499999,0.499999,0.499998,0.499996,0.499994,0.49999,0.499984,0.499977,0.499966,0.499952,0.499935,0.499913,0.499887,0.499857,0.499824,0.49979,0.499755,0.499721,0.499691,0.499667,0.499649,0.49964,0.49964,0.499649,0.499667,0.499691,0.499721,0.499755,0.49979,0.499824,0.499857,0.499887,0.499913,0.499935,0.499952,0.499966,0.499977,0.499984,0.49999,0.499994,0.499996,0.499998,0.499999,0.499999,0.5,0.5,0.5,0.5,0.5,0.5,0.5,0.5,0.5,0.5
0.5,0.5,0.5,0.5,0.5,0.5,0.5,0.5,0.5,0.5,0.5,0.499999,0.499999,0.499998,0.499997,0.499995,0.499992,0.499988,0.499983,0.499976,0.499967,0.499955,0.499942,0.499926,0.499909,0.499891,0.499872,0.499855,0.499839,0.499826,0.499816,0.499812,0.499812,0.499816,0.499826,0.499839,0.499855,0.499872,0.499891,0.499909,0.499926,0.499942,0.499955,0.499967,0.499976,0.499983,0.499988,0.499992,0.499995,0.499997,0.499998,0.499999,0.499999,0.5,0.5,0.5,0.5,0.5,0.5,0.5,0.5,0.5,0.5,0.5
0.5,0.5,0.5,0.5,0.5,0.5,0.5,0.5,0.5,0.5,0.5,0.5,0.499999,0.499999,0.499998,0.499997,0.499995,0.499993,0.49999,0.499985,0.49998,0.499973,0.499964,0.499955,0.499944,0.499932,0.499921,0.499909,0.499899,0.499891,0.499885,0.499882,0.499882,0.499885,0.499891,0.499899,0.499909,0.499921,0.499932,0.499944,0.499955,0.499964,0.499973,0.49998,0.499985,0.49999,0.499993,0.499995,0.499997,0.499998,0.499999,0.499999,0.5,0.5,0.5,0.5,0.5,0.5,0.5,0.5,0.5,0.5,0.5,0.5
0.5,0.5,0.5,0.5,0.5,0.5,0.5,0.5,0.5,0.5,0.5,0.5,0.499999,0.499999,0.499998,0.499997,0.499995,0.499993,0.49999,0.499985,0.49998,0.499973,0.499964,0.499955,0.499944,0.499932,0.499921,0.499909,0.499899,0.499891,0.499885,0.499882,0.499882,0.499885,0.499891,0.499899,0.499909,0.499921,0.499932,0.499944,0.499955,0.499964,0.499973,0.49998,0.499985,0.49999,0.499993,0.499995,0.499997,0.499998,0.499999,0.499999,0.5,0.5,0.5,0.5,0.5,0.5,0.5,0.5,0.5,0.5,0.5,0.5
