0.5,0.5,0.5,0.5,0.499999,0.499999,0.499998,0.499997,0.499994,0.49999,0.499982,0.499971,0.499955,0.49993,0.499896,0.499847,0.499782,0.499697,0.499588,0.499454,0.499293,0.499105,0.498893,0.498662,0.498418,0.49817,0.497927,0.497702,0.497505,0.497346,0.497235,0.497178,0.497178,0.497235,0.497346,0.497505,0.497702,0.497927,0.49817,0.498418,0.498662,0.498893,0.499105,0.499293,0.499454,0.499588,0.499697,0.499782,0.499847,0.499896,0.49993,0.499955,0.499971,0.499982,0.49999,0.499994,0.499997,0.499998,0.499999,0.499999,0.5,0.5,0.5,0.5
0.5,0.5,0.5,0.5,0.499999,0.499999,0.499998,0.499997,0.499994,0.49999,0.499982,0.499971,0.499955,0.49993,0.499896,0.499847,0.499782,0.499697,0.499588,0.499454,0.499293,0.499105,0.498893,0.498662,0.498418,0.49817,0.497927,0.497702,0.497505,0.497346,0.497235,0.497178,0.497178,0.497235,0.497346,0.497505,0.497702,0.497927,0.49817,0.498418,0.498662,0.498893,0.499105,0.499293,0.499454,0.499588,0.499697,0.499782,0.499847,0.499896,0.49993,0.499955,0.499971,0.499982,0.49999,0.499994,0.499997,0.499998,0.499999,0.499999,0.5,0.5,0.5,0.5
0.5,0.5,0.5,0.5,0.499999,0.499998,0.499997,0.499995,0.499991,0.499984,0.499974,0.499958,0.499934,0.499899,0.49985,0.499781,0.49969,0.499571,0.499421,0.499237,0.499017,0.498763,0.498477,0.498167,0.497841,0.497511,0.497189,0.496892,0.496632,0.496424,0.496279,0.496204,0.496204,0.496279,0.496424,0.496632,0.496892,0.497189,0.497511,0.497841,0.498167,0.498477,0.498763,0.499017,0.499237,0.499421,0.499571,0.49969,0.499781,0.49985,0.499899,0.499934,0.499958,0.499974,0.499984,0.499991,0.499995,0.499997,0.499998,0.499999,0.5,0.5,0.5,0.5
0.5,0.5,0.5,0.499999,0.499998,0.499997,0.499995,0.499991,0.499984,0.499972,0.499954,0.499927,0.499886,0.499827,0.499744,0.499631,0.499481,0.499287,0.499044,0.498748,0.498399,0.497997,0.49755,0.497066,0.496562,0.496054,0.495562,0.495108,0.494714,0.494399,0.494179,0.494066,0.494066,0.494179,0.494399,0.494714,0.495108,0.495562,0.496054,0.496562,0.497066,0.49755,0.497997,0.498399,0.498748,0.499044,0.499287,0.499481,0.499631,0.499744,0.499827,0.499886,0.499927,0.499954,0.499972,0.499984,0.499991,0.499995,0.499997,0.499998,0.499999,0.5,0.5,0.5
0.499999,0.499999,0.499999,0.499998,0.499997,0.499995,0.49999,0.499983,0.49997,0.499949,0.499917,0.499868,0.499796,0.499693,0.499549,0.499355,0.499099,0.498771,0.498365,0.497874,0.497297,0.496641,0.495914,0.495136,0.494327,0.493518,0.492739,0.492023,0.491404,0.49091,0.490566,0.49039,0.49039,0.490566,0.49091,0.491404,0.492023,0.492739,0.493518,0.494327,0.495136,0.495914,0.496641,0.497297,0.497874,0.498365,0.498771,0.499099,0.499355,0.499549,0.499693,0.499796,0.499868,0.499917,0.499949,0.49997,0.499983,0.49999,0.499995,0.499997,0.499998,0.499999,0.499999,0.499999
0.499999,0.499999,0.499998,0.499997,0.499995,0.49999,0.499982,0.499968,0.499945,0.499909,0.499852,0.499766,0.499641,0.499463,0.499216,0.498886,0.498456,0.49791,0.497237,0.496432,0.495494,0.494434,0.49327,0.49203,0.490752,0.489479,0.488261,0.487147,0.486186,0.485423,0.484892,0.48462,0.48462,0.484892,0.485423,0.486186,0.487147,0.488261,0.489479,0.490752,0.49203,0.49327,0.494434,0.495494,0.496432,0.497237,0.49791,0.498456,0.498886,0.499216,0.499463,0.499641,0.499766,0.499852,0.499909,0.499945,0.499968,0.499982,0.49999,0.499995,0.499997,0.499998,0.499999,0.499999
0.499998,0.499998,0.499997,0.499995,0.49999,0.499982,0.499967,0.499943,0.499903,0.499839,0.499741,0.499595,0.499382,0.499082,0.498672,0.498127,0.497421,0.496535,0.495453,0.494168,0.492684,0.491019,0.489205,0.487288,0.485323,0.48338,0.481529,0.479845,0.478399,0.477253,0.476459,0.476053,0.476053,0.476459,0.477253,0.478399,0.479845,0.481529,0.48338,0.485323,0.487288,0.489205,0.491019,0.492684,0.494168,0.495453,0.496535,0.497421,0.498127,0.498672,0.499082,0.499382,0.499595,0.499741,0.499839,0.499903,0.499943,0.499967,0.499982,0.49999,0.499995,0.499997,0.499998,0.499998
0.499997,0.499997,0.499995,0.499991,0.499983,0.499968,0.499943,0.499901,0.499832,0.499725,0.49956,0.499317,0.498967,0.498478,0.497814,0.496939,0.495819,0.494424,0.492736,0.490748,0.488474,0.485944,0.483209,0.480339,0.477421,0.474552,0.471837,0.46938,0.467278,0.465619,0.464472,0.463886,0.463886,0.464472,0.465619,0.467278,0.46938,0.471837,0.474552,0.477421,0.480339,0.483209,0.485944,0.488474,0.490748,0.492736,0.494424,0.495819,0.496939,0.497814,0.498478,0.498967,0.499317,0.49956,0.499725,0.499832,0.499901,0.499943,0.499968,0.499983,0.499991,0.499995,0.499997,0.499997
0.499994,0.499994,0.499991,0.499984,0.49997,0.499945,0.499903,0.499832,0.499719,0.499542,0.499275,0.498882,0.498322,0.497547,0.496505,0.495146,0.493421,0.491293,0.488742,0.485768,0.482395,0.478676,0.474691,0.470545,0.466361,0.462277,0.458436,0.454979,0.452036,0.449723,0.448127,0.447314,0.447314,0.448127,0.449723,0.452036,0.454979,0.458436,0.462277,0.466361,0.470545,0.474691,0.478676,0.482395,0.485768,0.488742,0.491293,0.493421,0.495146,0.496505,0.497547,0.498322,0.498882,0.499275,0.499542,0.499719,0.499832,0.499903,0.499945,0.49997,0.499984,0.499991,0.499994,0.499994
0.49999,0.49999,0.499984,0.499972,0.499949,0.499909,0.499839,0.499725,0.499542,0.49926,0.498837,0.498221,0.497351,0.49616,0.494574,0.492524,0.489949,0.486805,0.483073,0.478765,0.473927,0.468645,0.463037,0.457253,0.451466,0.445861,0.440626,0.435944,0.43198,0.428875,0.426741,0.425655,0.425655,0.426741,0.428875,0.43198,0.435944,0.440626,0.445861,0.451466,0.457253,0.463037,0.468645,0.473927,0.478765,0.483073,0.486805,0.489949,0.492524,0.494574,0.49616,0.497351,0.498221,0.498837,0.49926,0.499542,0.499725,0.499839,0.499909,0.499949,0.499972,0.499984,0.49999,0.49999
0.499982,0.499982,0.499974,0.499954,0.499917,0.499852,0.499741,0.49956,0.499275,0.498837,0.498186,0.497248,0.495937,0.494158,0.491814,0.488816,0.485089,0.480587,0.475299,0.469259,0.462548,0.455295,0.447673,0.439888,0.432169,0.424757,0.417888,0.411786,0.406649,0.402645,0.399903,0.398509,0.398509,0.399903,0.402645,0.406649,0.411786,0.417888,0.424757,0.432169,0.439888,0.447673,0.455295,0.462548,0.469259,0.475299,0.480587,0.485089,0.488816,0.491814,0.494158,0.495937,0.497248,0.498186,0.498837,0.499275,0.49956,0.499741,0.499852,0.499917,0.499954,0.499974,0.499982,0.499982
0.499971,0.499971,0.499958,0.499927,0.499868,0.499766,0.499595,0.499317,0.498882,0.498221,0.497248,0.49586,0.493939,0.491359,0.487996,0.483739,0.478507,0.472256,0.464997,0.456798,0.447792,0.438168,0.428163,0.418052,0.408127,0.398686,0.390012,0.382366,0.375971,0.371012,0.367629,0.365914,0.365914,0.367629,0.371012,0.375971,0.382366,0.390012,0.398686,0.408127,0.418052,0.428163,0.438168,0.447792,0.456798,0.464997,0.472256,0.478507,0.483739,0.487996,0.491359,0.493939,0.49586,0.497248,0.498221,0.498882,0.499317,0.499595,0.499766,0.499868,0.499927,0.499958,0.499971,0.499971
0.499955,0.499955,0.499934,0.499886,0.499796,0.499641,0.499382,0.498967,0.498322,0.497351,0.495937,0.493939,0.491202,0.487565,0.482876,0.477009,0.469879,0.461462,0.451803,0.441027,0.429333,0.416986,0.404303,0.391634,0.379336,0.367761,0.357228,0.348023,0.340382,0.334492,0.33049,0.328468,0.328468,0.33049,0.334492,0.340382,0.348023,0.357228,0.367761,0.379336,0.391634,0.404303,0.416986,0.429333,0.441027,0.451803,0.461462,0.469879,0.477009,0.482876,0.487565,0.491202,0.493939,0.495937,0.497351,0.498322,0.498967,0.499382,0.499641,0.499796,0.499886,0.499934,0.499955,0.499955
0.49993,0.49993,0.499899,0.499827,0.499693,0.499463,0.499082,0.498478,0.497547,0.49616,0.494158,0.491359,0.487565,0.482579,0.476225,0.468366,0.458932,0.447933,0.435472,0.421749,0.407051,0.391736,0.37621,0.360899,0.346221,0.332567,0.32028,0.309646,0.300895,0.294195,0.289667,0.287385,0.287385,0.289667,0.294195,0.300895,0.309646,0.32028,0.332567,0.346221,0.360899,0.37621,0.391736,0.407051,0.421749,0.435472,0.447933,0.458932,0.468366,0.476225,0.482579,0.487565,0.491359,0.494158,0.49616,0.497547,0.498478,0.499082,0.499463,0.499693,0.499827,0.499899,0.49993,0.49993
0.499896,0.499896,0.49985,0.499744,0.499549,0.499216,0.498672,0.497814,0.496505,0.494574,0.491814,0.487996,0.482876,0.476225,0.467847,0.457614,0.445484,0.431527,0.41593,0.39899,0.381104,0.362734,0.344378,0.326535,0.309669,0.294189,0.280434,0.268666,0.259077,0.251796,0.246905,0.244449,0.244449,0.246905,0.251796,0.259077,0.268666,0.280434,0.294189,0.309669,0.326535,0.344378,0.362734,0.381104,0.39899,0.41593,0.431527,0.445484,0.457614,0.467847,0.476225,0.482876,0.487996,0.491814,0.494574,0.496505,0.497814,0.498672,0.499216,0.499549,0.499744,0.49985,0.499896,0.499896
0.499847,0.499847,0.499781,0.499631,0.499355,0.498886,0.498127,0.496939,0.495146,0.492524,0.488816,0.483739,0.477009,0.468366,0.457614,0.444646,0.42948,0.412271,0.393316,0.373038,0.351954,0.330641,0.309685,0.289641,0.270996,0.254148,0.239397,0.226948,0.216925,0.20939,0.204366,0.201855,0.201855,0.204366,0.20939,0.216925,0.226948,0.239397,0.254148,0.270996,0.289641,0.309685,0.330641,0.351954,0.373038,0.393316,0.412271,0.42948,0.444646,0.457614,0.468366,0.477009,0.483739,0.488816,0.492524,0.495146,0.496939,0.498127,0.498886,0.499355,0.499631,0.499781,0.499847,0.499847
0.499782,0.499782,0.49969,0.499481,0.499099,0.498456,0.497421,0.495819,0.493421,0.489949,0.485089,0.478507,0.469879,0.458932,0.445484,0.42948,0.411023,0.390388,0.368006,0.344447,0.320363,0.29644,0.273338,0.251645,0.231837,0.214264,0.199149,0.186603,0.176651,0.169263,0.164383,0.161958,0.161958,0.164383,0.169263,0.176651,0.186603,0.199149,0.214264,0.231837,0.251645,0.273338,0.29644,0.320363,0.344447,0.368006,0.390388,0.411023,0.42948,0.445484,0.458932,0.469879,0.478507,0.485089,0.489949,0.493421,0.495819,0.497421,0.498456,0.499099,0.499481,0.49969,0.499782,0.499782
0.499697,0.499697,0.499571,0.499287,0.498771,0.49791,0.496535,0.494424,0.491293,0.486805,0.480587,0.472256,0.461462,0.447933,0.431527,0.412271,0.390388,0.366297,0.340597,0.314014,0.287336,0.261349,0.236763,0.214162,0.193971,0.176451,0.161709,0.149726,0.140403,0.133595,0.129155,0.126967,0.126967,0.129155,0.133595,0.140403,0.149726,0.161709,0.176451,0.193971,0.214162,0.236763,0.261349,0.287336,0.314014,0.340597,0.366297,0.390388,0.412271,0.431527,0.447933,0.461462,0.472256,0.480587,0.486805,0.491293,0.494424,0.496535,0.49791,0.498771,0.499287,0.499571,0.499697,0.499697
0.499588,0.499588,0.499421,0.499044,0.498365,0.497237,0.495453,0.492736,0.488742,0.483073,0.475299,0.464997,0.451803,0.435472,0.41593,0.393316,0.368006,0.340597,0.311867,0.282707,0.254034,0.226708,0.201454,0.178811,0.159112,0.142483,0.128881,0.118131,0.109986,0.104177,0.100459,0.0986492,0.0986492,0.100459,0.104177,0.109986,0.118131,0.128881,0.142483,0.159112,0.178811,0.201454,0.226708,0.254034,0.282707,0.311867,0.340597,0.368006,0.393316,0.41593,0.435472,0.451803,0.464997,0.475299,0.483073,0.488742,0.492736,0.495453,0.497237,0.498365,0.499044,0.499421,0.499588,0.499588
0.499454,0.499454,0.499237,0.498748,0.497874,0.496432,0.494168,0.490748,0.485768,0.478765,0.469259,0.456798,0.441027,0.421749,0.39899,0.373038,0.344447,0.314014,0.282707,0.251577,0.22165,0.193825,0.168801,0.14703,0.128702,0.113778,0.102032,0.0931161,0.0866296,0.0821757,0.079414,0.0780978,0.0780978,0.079414,0.0821757,0.0866296,0.0931161,0.102032,0.113778,0.128702,0.14703,0.168801,0.193825,0.22165,0.251577,0.282707,0.314014,0.344447,0.373038,0.39899,0.421749,0.441027,0.456798,0.469259,0.478765,0.485768,0.490748,0.494168,0.496432,0.497874,0.498748,0.499237,0.499454,0.499454
0.499293,0.499293,0.499017,0.498399,0.497297,0.495494,0.492684,0.488474,0.482395,0.473927,0.462548,0.447792,0.429333,0.407051,0.381104,0.351954,0.320363,0.287336,0.254034,0.22165,0.191284,0.163841,0.139944,0.119909,0.103752,0.0912344,0.0819339,0.075325,0.0708547,0.0680094,0.0663644,0.0656194,0.0656194,0.0663644,0.0680094,0.0708547,0.075325,0.0819339,0.0912344,0.103752,0.119909,0.139944,0.163841,0.191284,0.22165,0.254034,0.287336,0.320363,0.351954,0.381104,0.407051,0.429333,0.447792,0.462548,0.473927,0.482395,0.488474,0.492684,0.495494,0.497297,0.498399,0.499017,0.499293,0.499293
0.499105,0.499105,0.498763,0.497997,0.496641,0.494434,0.491019,0.485944,0.478676,0.468645,0.455295,0.438168,0.416986,0.391736,0.362734,0.330641,0.29644,0.261349,0.226708,0.193825,0.163841,0.137613,0.11565,0.0980909,0.0847446,0.0751587,0.0687114,0.064706,0.0624552,0.061347,0.0608918,0.0607505,0.0607505,0.0608918,0.061347,0.0624552,0.064706,0.0687114,0.0751587,0.0847446,0.0980909,0.11565,0.137613,0.163841,0.193825,0.226708,0.261349,0.29644,0.330641,0.362734,0.391736,0.416986,0.438168,0.455295,0.468645,0.478676,0.485944,0.491019,0.494434,0.496641,0.497997,0.498763,0.499105,0.499105
0.498893,0.498893,0.498477,0.49755,0.495914,0.49327,0.489205,0.483209,0.474691,0.463037,0.447673,0.428163,0.404303,0.37621,0.344378,0.309685,0.273338,0.236763,0.201454,0.168801,0.139944,0.11565,0.0962678,0.0817322,0.0716267,0.0652814,0.0618846,0.0605885,0.0605965,0.0612259,0.0619457,0.062396,0.062396,0.0619457,0.0612259,0.0605965,0.0605885,0.0618846,0.0652814,0.0716267,0.0817322,0.0962678,0.11565,0.139944,0.168801,0.201454,0.236763,0.273338,0.309685,0.344378,0.37621,0.404303,0.428163,0.447673,0.463037,0.474691,0.483209,0.489205,0.49327,0.495914,0.49755,0.498477,0.498893,0.498893
0.498662,0.498662,0.498167,0.497066,0.495136,0.49203,0.487288,0.480339,0.470545,0.457253,0.439888,0.418052,0.391634,0.360899,0.326535,0.289641,0.251645,0.214162,0.178811,0.14703,0.119909,0.0980909,0.0817322,0.0705429,0.0638771,0.0608568,0.0605009,0.0618389,0.0639968,0.0662509,0.0680549,0.0690466,0.0690466,0.0680549,0.0662509,0.0639968,0.0618389,0.0605009,0.0608568,0.0638771,0.0705429,0.0817322,0.0980909,0.119909,0.14703,0.178811,0.214162,0.251645,0.289641,0.326535,0.360899,0.391634,0.418052,0.439888,0.457253,0.470545,0.480339,0.487288,0.49203,0.495136,0.497066,0.498167,0.498662,0.498662
0.498418,0.498418,0.497841,0.496562,0.494327,0.490752,0.485323,0.477421,0.466361,0.451466,0.432169,0.408127,0.379336,0.346221,0.309669,0.270996,0.231837,0.193971,0.159112,0.128702,0.103752,0.0847446,0.0716267,0.0638771,0.0606283,0.0608138,0.0633115,0.0670611,0.0711441,0.0748259,0.0775688,0.0790249,0.0790249,0.0775688,0.0748259,0.0711441,0.0670611,0.0633115,0.0608138,0.0606283,0.0638771,0.0716267,0.0847446,0.103752,0.128702,0.159112,0.193971,0.231837,0.270996,0.309669,0.346221,0.379336,0.408127,0.432169,0.451466,0.466361,0.477421,0.485323,0.490752,0.494327,0.496562,0.497841,0.498418,0.498418
0.49817,0.49817,0.497511,0.496054,0.493518,0.489479,0.48338,0.474552,0.462277,0.445861,0.424757,0.398686,0.367761,0.332567,0.294189,0.254148,0.214264,0.176451,0.142483,0.113778,0.0912344,0.0751587,0.0652814,0.0608568,0.0608138,0.0639244,0.0689576,0.0747958,0.0805066,0.0853703,0.0888772,0.0907072,0.0907072,0.0888772,0.0853703,0.0805066,0.0747958,0.0689576,0.0639244,0.0608138,0.0608568,0.0652814,0.0751587,0.0912344,0.113778,0.142483,0.176451,0.214264,0.254148,0.294189,0.332567,0.367761,0.398686,0.424757,0.445861,0.462277,0.474552,0.48338,0.489479,0.493518,0.496054,0.497511,0.49817,0.49817
0.497927,0.497927,0.497189,0.495562,0.492739,0.488261,0.481529,0.471837,0.458436,0.440626,0.417888,0.390012,0.357228,0.32028,0.280434,0.239397,0.199149,0.161709,0.128881,0.102032,0.0819339,0.0687114,0.0618846,0.0605009,0.0633115,0.0689576,0.0761302,0.083684,0.0906968,0.0964828,0.100574,0.102686,0.102686,0.100574,0.0964828,0.0906968,0.083684,0.0761302,0.0689576,0.0633115,0.0605009,0.0618846,0.0687114,0.0819339,0.102032,0.128881,0.161709,0.199149,0.239397,0.280434,0.32028,0.357228,0.390012,0.417888,0.440626,0.458436,0.471837,0.481529,0.488261,0.492739,0.495562,0.497189,0.497927,0.497927
0.497702,0.497702,0.496892,0.495108,0.492023,0.487147,0.479845,0.46938,0.454979,0.435944,0.411786,0.382366,0.348023,0.309646,0.268666,0.226948,0.186603,0.149726,0.118131,0.0931161,0.075325,0.064706,0.0605885,0.0618389,0.0670611,0.0747958,0.083684,0.0925746,0.100572,0.107036,0.111546,0.113857,0.113857,0.111546,0.107036,0.100572,0.0925746,0.083684,0.0747958,0.0670611,0.0618389,0.0605885,0.064706,0.075325,0.0931161,0.118131,0.149726,0.186603,0.226948,0.268666,0.309646,0.348023,0.382366,0.411786,0.435944,0.454979,0.46938,0.479845,0.487147,0.492023,0.495108,0.496892,0.497702,0.497702
0.497505,0.497505,0.496632,0.494714,0.491404,0.486186,0.478399,0.467278,0.452036,0.43198,0.406649,0.375971,0.340382,0.300895,0.259077,0.216925,0.176651,0.140403,0.109986,0.0866296,0.0708547,0.0624552,0.0605965,0.0639968,0.0711441,0.0805066,0.0906968,0.100572,0.109273,0.116205,0.120995,0.123435,0.123435,0.120995,0.116205,0.109273,0.100572,0.0906968,0.0805066,0.0711441,0.0639968,0.0605965,0.0624552,0.0708547,0.0866296,0.109986,0.140403,0.176651,0.216925,0.259077,0.300895,0.340382,0.375971,0.406649,0.43198,0.452036,0.467278,0.478399,0.486186,0.491404,0.494714,0.496632,0.497505,0.497505
0.497346,0.497346,0.496424,0.494399,0.49091,0.485423,0.477253,0.465619,0.449723,0.428875,0.402645,0.371012,0.334492,0.294195,0.251796,0.20939,0.169263,0.133595,0.104177,0.0821757,0.0680094,0.061347,0.0612259,0.0662509,0.0748259,0.0853703,0.0964828,0.107036,0.116205,0.123436,0.1284,0.130918,0.130918,0.1284,0.123436,0.116205,0.107036,0.0964828,0.0853703,0.0748259,0.0662509,0.0612259,0.061347,0.0680094,0.0821757,0.104177,0.133595,0.169263,0.20939,0.251796,0.294195,0.334492,0.371012,0.402645,0.428875,0.449723,0.465619,0.477253,0.485423,0.49091,0.494399,0.496424,0.497346,0.497346
0.497235,0.497235,0.496279,0.494179,0.490566,0.484892,0.476459,0.464472,0.448127,0.426741,0.399903,0.367629,0.33049,0.289667,0.246905,0.204366,0.164383,0.129155,0.100459,0.079414,0.0663644,0.0608918,0.0619457,0.0680549,0.0775688,0.0888772,0.100574,0.111546,0.120995,0.1284,0.133459,0.13602,0.13602,0.133459,0.1284,0.120995,0.111546,0.100574,0.0888772,0.0775688,0.0680549,0.0619457,0.0608918,0.0663644,0.079414,0.100459,0.129155,0.164383,0.204366,0.246905,0.289667,0.33049,0.367629,0.399903,0.426741,0.448127,0.464472,0.476459,0.484892,0.490566,0.494179,0.496279,0.497235,0.497235
0.497178,0.497178,0.496204,0.494066,0.49039,0.48462,0.476053,0.463886,0.447314,0.425655,0.398509,0.365914,0.328468,0.287385,0.244449,0.201855,0.161958,0.126967,0.0986492,0.0780978,0.0656194,0.0607505,0.062396,0.0690466,0.0790249,0.0907072,0.102686,0.113857,0.123435,0.130918,0.13602,0.138598,0.138598,0.13602,0.130918,0.123435,0.113857,0.102686,0.0907072,0.0790249,0.0690466,0.062396,0.0607505,0.0656194,0.0780978,0.0986492,0.126967,0.161958,0.201855,0.244449,0.287385,0.328468,0.365914,0.398509,0.425655,0.447314,0.463886,0.476053,0.48462,0.49039,0.494066,0.496204,0.497178,0.497178
0.497178,0.497178,0.496204,0.494066,0.49039,0.48462,0.476053,0.463886,0.447314,0.425655,0.398509,0.365914,0.328468,0.287385,0.244449,0.201855,0.161958,0.126967,0.0986492,0.0780978,0.0656194,0.0607505,0.062396,0.0690466,0.0790249,0.0907072,0.102686,0.113857,0.123435,0.130918,0.13602,0.138598,0.138598,0.13602,0.130918,0.123435,0.113857,0.102686,0.0907072,0.0790249,0.0690466,0.062396,0.0607505,0.0656194,0.0780978,0.0986492,0.126967,0.161958,0.201855,0.244449,0.287385,0.328468,0.365914,0.398509,0.425655,0.447314,0.463886,0.476053,0.48462,0.49039,0.494066,0.496204,0.497178,0.497178
0.497235,0.497235,0.496279,0.494179,0.490566,0.484892,0.476459,0.464472,0.448127,0.426741,0.399903,0.367629,0.33049,0.289667,0.246905,0.204366,0.164383,0.129155,0.100459,0.079414,0.0663644,0.0608918,0.0619457,0.0680549,0.0775688,0.0888772,0.100574,0.111546,0.120995,0.1284,0.133459,0.13602,0.13602,0.133459,0.1284,0.120995,0.111546,0.100574,0.0888772,0.0775688,0.0680549,0.0619457,0.0608918,0.0663644,0.079414,0.100459,0.129155,0.164383,0.204366,0.246905,0.289667,0.33049,0.367629,0.399903,0.426741,0.448127,0.464472,0.476459,0.484892,0.490566,0.494179,0.496279,0.497235,0.497235
0.497346,0.497346,0.496424,0.494399,0.49091,0.485423,0.477253,0.465619,0.449723,0.428875,0.402645,0.371012,0.334492,0.294195,0.251796,0.20939,0.169263,0.133595,0.104177,0.0821757,0.0680094,0.061347,0.0612259,0.0662509,0.0748259,0.0853703,0.0964828,0.107036,0.116205,0.123436,0.1284,0.130918,0.130918,0.1284,0.123436,0.116205,0.107036,0.0964828,0.0853703,0.0748259,0.0662509,0.0612259,0.061347,0.0680094,0.0821757,0.104177,0.133595,0.169263,0.20939,0.251796,0.294195,0.334492,0.371012,0.402645,0.428875,0.449723,0.465619,0.477253,0.485423,0.49091,0.494399,0.496424,0.497346,0.497346
0.497505,0.497505,0.496632,0.494714,0.491404,0.486186,0.478399,0.467278,0.452036,0.43198,0.406649,0.375971,0.340382,0.300895,0.259077,0.216925,0.176651,0.140403,0.109986,0.0866296,0.0708547,0.0624552,0.0605965,0.0639968,0.0711441,0.0805066,0.0906968,0.100572,0.109273,0.116205,0.120995,0.123435,0.123435,0.120995,0.116205,0.109273,0.100572,0.0906968,0.0805066,0.0711441,0.0639968,0.0605965,0.0624552,0.0708547,0.0866296,0.109986,0.140403,0.176651,0.216925,0.259077,0.300895,0.340382,0.375971,0.406649,0.43198,0.452036,0.467278,0.478399,0.486186,0.491404,0.494714,0.496632,0.497505,0.497505
0.497702,0.497702,0.496892,0.495108,0.492023,0.487147,0.479845,0.46938,0.454979,0.435944,0.411786,0.382366,0.348023,0.309646,0.268666,0.226948,0.186603,0.149726,0.118131,0.0931161,0.075325,0.064706,0.0605885,0.0618389,0.0670611,0.0747958,0.083684,0.0925746,0.100572,0.107036,0.111546,0.113857,0.113857,0.111546,0.107036,0.100572,0.0925746,0.083684,0.0747958,0.0670611,0.0618389,0.0605885,0.064706,0.075325,0.0931161,0.118131,0.149726,0.186603,0.226948,0.268666,0.309646,0.348023,0.382366,0.411786,0.435944,0.454979,0.46938,0.479845,0.487147,0.492023,0.495108,0.496892,0.497702,0.497702
0.497927,0.497927,0.497189,0.495562,0.492739,0.488261,0.481529,0.471837,0.458436,0.440626,0.417888,0.390012,0.357228,0.32028,0.280434,0.239397,0.199149,0.161709,0.128881,0.102032,0.0819339,0.0687114,0.0618846,0.0605009,0.0633115,0.0689576,0.0761302,0.083684,0.0906968,0.0964828,0.100574,0.102686,0.102686,0.100574,0.0964828,0.0906968,0.083684,0.0761302,0.0689576,0.0633115,0.0605009,0.0618846,0.0687114,0.0819339,0.102032,0.128881,0.161709,0.199149,0.239397,0.280434,0.32028,0.357228,0.390012,0.417888,0.440626,0.458436,0.471837,0.481529,0.488261,0.492739,0.495562,0.497189,0.497927,0.497927
0.49817,0.49817,0.497511,0.496054,0.493518,0.489479,0.48338,0.474552,0.462277,0.445861,0.424757,0.398686,0.367761,0.332567,0.294189,0.254148,0.214264,0.176451,0.142483,0.113778,0.0912344,0.0751587,0.0652814,0.0608568,0.0608138,0.0639244,0.0689576,0.0747958,0.0805066,0.0853703,0.0888772,0.0907072,0.0907072,0.0888772,0.0853703,0.0805066,0.0747958,0.0689576,0.0639244,0.0608138,0.0608568,0.0652814,0.0751587,0.0912344,0.113778,0.142483,0.176451,0.214264,0.254148,0.294189,0.332567,0.367761,0.398686,0.424757,0.445861,0.462277,0.474552,0.48338,0.489479,0.493518,0.496054,0.497511,0.49817,0.49817
0.498418,0.498418,0.497841,0.496562,0.494327,0.490752,0.485323,0.477421,0.466361,0.451466,0.432169,0.408127,0.379336,0.346221,0.309669,0.270996,0.231837,0.193971,0.159112,0.128702,0.103752,0.0847446,0.0716267,0.0638771,0.0606283,0.0608138,0.0633115,0.0670611,0.0711441,0.0748259,0.0775688,0.0790249,0.0790249,0.0775688,0.0748259,0.0711441,0.0670611,0.0633115,0.0608138,0.0606283,0.0638771,0.0716267,0.0847446,0.103752,0.128702,0.159112,0.193971,0.231837,0.270996,0.309669,0.346221,0.379336,0.408127,0.432169,0.451466,0.466361,0.477421,0.485323,0.490752,0.494327,0.496562,0.497841,0.498418,0.498418
0.498662,0.498662,0.498167,0.497066,0.495136,0.49203,0.487288,0.480339,0.470545,0.457253,0.439888,0.418052,0.391634,0.360899,0.326535,0.289641,0.251645,0.214162,0.178811,0.14703,0.119909,0.0980909,0.0817322,0.0705429,0.0638771,0.0608568,0.0605009,0.0618389,0.0639968,0.0662509,0.0680549,0.0690466,0.0690466,0.0680549,0.0662509,0.0639968,0.0618389,0.0605009,0.0608568,0.0638771,0.0705429,0.0817322,0.0980909,0.119909,0.14703,0.178811,0.214162,0.251645,0.289641,0.326535,0.360899,0.391634,0.418052,0.439888,0.457253,0.470545,0.480339,0.487288,0.49203,0.495136,0.497066,0.498167,0.498662,0.498662
0.498893,0.498893,0.498477,0.49755,0.495914,0.49327,0.489205,0.483209,0.474691,0.463037,0.447673,0.428163,0.404303,0.37621,0.344378,0.309685,0.273338,0.236763,0.201454,0.168801,0.139944,0.11565,0.0962678,0.0817322,0.0716267,0.0652814,0.0618846,0.0605885,0.0605965,0.0612259,0.0619457,0.062396,0.062396,0.0619457,0.0612259,0.0605965,0.0605885,0.0618846,0.0652814,0.0716267,0.0817322,0.0962678,0.11565,0.139944,0.168801,0.201454,0.236763,0.273338,0.309685,0.344378,0.37621,0.404303,0.428163,0.447673,0.463037,0.474691,0.483209,0.489205,0.49327,0.495914,0.49755,0.498477,0.498893,0.498893
0.499105,0.499105,0.498763,0.497997,0.496641,0.494434,0.491019,0.485944,0.478676,0.468645,0.455295,0.438168,0.416986,0.391736,0.362734,0.330641,0.29644,0.261349,0.226708,0.193825,0.163841,0.137613,0.11565,0.0980909,0.0847446,0.0751587,0.0687114,0.064706,0.0624552,0.061347,0.0608918,0.0607505,0.0607505,0.0608918,0.061347,0.0624552,0.064706,0.0687114,0.0751587,0.0847446,0.0980909,0.11565,0.137613,0.163841,0.193825,0.226708,0.261349,0.29644,0.330641,0.362734,0.391736,0.416986,0.438168,0.455295,0.468645,0.478676,0.485944,0.491019,0.494434,0.496641,0.497997,0.498763,0.499105,0.499105
0.499293,0.499293,0.499017,0.498399,0.497297,0.495494,0.492684,0.488474,0.482395,0.473927,0.462548,0.447792,0.429333,0.407051,0.381104,0.351954,0.320363,0.287336,0.254034,0.22165,0.191284,0.163841,0.139944,0.119909,0.103752,0.0912344,0.0819339,0.075325,0.0708547,0.0680094,0.0663644,0.0656194,0.0656194,0.0663644,0.0680094,0.0708547,0.075325,0.0819339,0.0912344,0.103752,0.119909,0.139944,0.163841,0.191284,0.22165,0.254034,0.287336,0.320363,0.351954,0.381104,0.407051,0.429333,0.447792,0.462548,0.473927,0.482395,0.488474,0.492684,0.495494,0.497297,0.498399,0.499017,0.499293,0.499293
0.499454,0.499454,0.499237,0.498748,0.497874,0.496432,0.494168,0.490748,0.485768,0.478765,0.469259,0.456798,0.441027,0.421749,0.39899,0.373038,0.344447,0.314014,0.282707,0.251577,0.22165,0.193825,0.168801,0.14703,0.128702,0.113778,0.102032,0.0931161,0.0866296,0.0821757,0.079414,0.0780978,0.0780978,0.079414,0.0821757,0.0866296,0.0931161,0.102032,0.113778,0.128702,0.14703,0.168801,0.193825,0.22165,0.251577,0.282707,0.314014,0.344447,0.373038,0.39899,0.421749,0.441027,0.456798,0.469259,0.478765,0.485768,0.490748,0.494168,0.496432,0.497874,0.498748,0.499237,0.499454,0.499454
0.499588,0.499588,0.499421,0.499044,0.498365,0.497237,0.495453,0.492736,0.488742,0.483073,0.475299,0.464997,0.451803,0.435472,0.41593,0.393316,0.368006,0.340597,0.311867,0.282707,0.254034,0.226708,0.201454,0.178811,0.159112,0.142483,0.128881,0.118131,0.109986,0.104177,0.100459,0.0986492,0.0986492,0.100459,0.104177,0.109986,0.118131,0.128881,0.142483,0.159112,0.178811,0.201454,0.226708,0.254034,0.282707,0.311867,0.340597,0.368006,0.393316,0.41593,0.435472,0.451803,0.464997,0.475299,0.483073,0.488742,0.492736,0.495453,0.497237,0.498365,0.499044,0.499421,0.499588,0.499588
0.499697,0.499697,0.499571,0.499287,0.498771,0.49791,0.496535,0.494424,0.491293,0.486805,0.480587,0.472256,0.461462,0.447933,0.431527,0.412271,0.390388,0.366297,0.340597,0.314014,0.287336,0.261349,0.236763,0.214162,0.193971,0.176451,0.161709,0.149726,0.140403,0.133595,0.129155,0.126967,0.126967,0.129155,0.133595,0.140403,0.149726,0.161709,0.176451,0.193971,0.214162,0.236763,0.261349,0.287336,0.314014,0.340597,0.366297,0.390388,0.412271,0.431527,0.447933,0.461462,0.472256,0.480587,0.486805,0.491293,0.494424,0.496535,0.49791,0.498771,0.499287,0.499571,0.499697,0.499697
0.499782,0.499782,0.49969,0.499481,0.499099,0.498456,0.497421,0.495819,0.493421,0.489949,0.485089,0.478507,0.469879,0.458932,0.445484,0.42948,0.411023,0.390388,0.368006,0.344447,0.320363,0.29644,0.273338,0.251645,0.231837,0.214264,0.199149,0.186603,0.176651,0.169263,0.164383,0.161958,0.161958,0.164383,0.169263,0.176651,0.186603,0.199149,0.214264,0.231837,0.251645,0.273338,0.29644,0.320363,0.344447,0.368006,0.390388,0.411023,0.42948,0.445484,0.458932,0.469879,0.478507,0.485089,0.489949,0.493421,0.495819,0.497421,0.498456,0.499099,0.499481,0.49969,0.499782,0.499782
0.499847,0.499847,0.499781,0.499631,0.499355,0.498886,0.498127,0.496939,0.495146,0.492524,0.488816,0.483739,0.477009,0.468366,0.457614,0.444646,0.42948,0.412271,0.393316,0.373038,0.351954,0.330641,0.309685,0.289641,0.270996,0.254148,0.239397,0.226948,0.216925,0.20939,0.204366,0.201855,0.201855,0.204366,0.20939,0.216925,0.226948,0.239397,0.254148,0.270996,0.289641,0.309685,0.330641,0.351954,0.373038,0.393316,0.412271,0.42948,0.444646,0.457614,0.468366,0.477009,0.483739,0.488816,0.492524,0.495146,0.496939,0.498127,0.498886,0.499355,0.499631,0.499781,0.499847,0.499847
0.499896,0.499896,0.49985,0.499744,0.499549,0.499216,0.498672,0.497814,0.496505,0.494574,0.491814,0.487996,0.482876,0.476225,0.467847,0.457614,0.445484,0.431527,0.41593,0.39899,0.381104,0.362734,0.344378,0.326535,0.309669,0.294189,0.280434,0.268666,0.259077,0.251796,0.246905,0.244449,0.244449,0.246905,0.251796,0.259077,0.268666,0.280434,0.294189,0.309669,0.326535,0.344378,0.362734,0.381104,0.39899,0.41593,0.431527,0.445484,0.457614,0.467847,0.476225,0.482876,0.487996,0.491814,0.494574,0.496505,0.497814,0.498672,0.499216,0.499549,0.499744,0.49985,0.499896,0.499896
0.49993,0.49993,0.499899,0.499827,0.499693,0.499463,0.499082,0.498478,0.497547,0.49616,0.494158,0.491359,0.487565,0.482579,0.476225,0.468366,0.458932,0.447933,0.435472,0.421749,0.407051,0.391736,0.37621,0.360899,0.346221,0.332567,0.32028,0.309646,0.300895,0.294195,0.289667,0.287385,0.287385,0.289667,0.294195,0.300895,0.309646,0.32028,0.332567,0.346221,0.360899,0.37621,0.391736,0.407051,0.421749,0.435472,0.447933,0.458932,0.468366,0.476225,0.482579,0.487565,0.491359,0.494158,0.49616,0.497547,0.498478,0.499082,0.499463,0.499693,0.499827,0.499899,0.49993,0.49993
0.499955,0.499955,0.499934,0.499886,0.499796,0.499641,0.499382,0.498967,0.498322,0.497351,0.495937,0.493939,0.491202,0.487565,0.482876,0.477009,0.469879,0.461462,0.451803,0.441027,0.429333,0.416986,0.404303,0.391634,0.379336,0.367761,0.357228,0.348023,0.340382,0.334492,0.33049,0.328468,0.328468,0.33049,0.334492,0.340382,0.348023,0.357228,0.367761,0.379336,0.391634,0.404303,0.416986,0.429333,0.441027,0.451803,0.461462,0.469879,0.477009,0.482876,0.487565,0.491202,0.493939,0.495937,0.497351,0.498322,0.498967,0.499382,0.499641,0.499796,0.499886,0.499934,0.499955,0.499955
0.499971,0.499971,0.499958,0.499927,0.499868,0.499766,0.499595,0.499317,0.498882,0.498221,0.497248,0.49586,0.493939,0.491359,0.487996,0.483739,0.478507,0.472256,0.464997,0.456798,0.447792,0.438168,0.428163,0.418052,0.408127,0.398686,0.390012,0.382366,0.375971,0.371012,0.367629,0.365914,0.365914,0.367629,0.371012,0.375971,0.382366,0.390012,0.398686,0.408127,0.418052,0.428163,0.438168,0.447792,0.456798,0.464997,0.472256,0.478507,0.483739,0.487996,0.491359,0.493939,0.49586,0.497248,0.498221,0.498882,0.499317,0.499595,0.499766,0.499868,0.499927,0.499958,0.499971,0.499971
0.499982,0.499982,0.499974,0.499954,0.499917,0.499852,0.499741,0.49956,0.499275,0.498837,0.498186,0.497248,0.495937,0.494158,0.491814,0.488816,0.485089,0.480587,0.475299,0.469259,0.462548,0.455295,0.447673,0.439888,0.432169,0.424757,0.417888,0.411786,0.406649,0.402645,0.399903,0.398509,0.398509,0.399903,0.402645,0.406649,0.411786,0.417888,0.424757,0.432169,0.439888,0.447673,0.455295,0.462548,0.469259,0.475299,0.480587,0.485089,0.488816,0.491814,0.494158,0.495937,0.497248,0.498186,0.498837,0.499275,0.49956,0.499741,0.499852,0.499917,0.499954,0.499974,0.499982,0.499982
0.49999,0.49999,0.499984,0.499972,0.499949,0.499909,0.499839,0.499725,0.499542,0.49926,0.498837,0.498221,0.497351,0.49616,0.494574,0.492524,0.489949,0.486805,0.483073,0.478765,0.473927,0.468645,0.463037,0.457253,0.451466,0.445861,0.440626,0.435944,0.43198,0.428875,0.426741,0.425655,0.425655,0.426741,0.428875,0.43198,0.435944,0.440626,0.445861,0.451466,0.457253,0.463037,0.468645,0.473927,0.478765,0.483073,0.486805,0.489949,0.492524,0.494574,0.49616,0.497351,0.498221,0.498837,0.49926,0.499542,0.499725,0.499839,0.499909,0.499949,0.499972,0.499984,0.49999,0.49999
0.499994,0.499994,0.499991,0.499984,0.49997,0.499945,0.499903,0.499832,0.499719,0.499542,0.499275,0.498882,0.498322,0.497547,0.496505,0.495146,0.493421,0.491293,0.488742,0.485768,0.482395,0.478676,0.474691,0.470545,0.466361,0.462277,0.458436,0.454979,0.452036,0.449723,0.448127,0.447314,0.447314,0.448127,0.449723,0.452036,0.454979,0.458436,0.462277,0.466361,0.470545,0.474691,0.478676,0.482395,0.485768,0.488742,0.491293,0.493421,0.495146,0.496505,0.497547,0.498322,0.498882,0.499275,0.499542,0.499719,0.499832,0.499903,0.499945,0.49997,0.499984,0.499991,0.499994,0.499994
0.499997,0.499997,0.499995,0.499991,0.499983,0.499968,0.499943,0.499901,0.499832,0.499725,0.49956,0.499317,0.498967,0.498478,0.497814,0.496939,0.495819,0.494424,0.492736,0.490748,0.488474,0.485944,0.483209,0.480339,0.477421,0.474552,0.471837,0.46938,0.467278,0.465619,0.464472,0.463886,0.463886,0.464472,0.465619,0.467278,0.46938,0.471837,0.474552,0.477421,0.480339,0.483209,0.485944,0.488474,0.490748,0.492736,0.494424,0.495819,0.496939,0.497814,0.498478,0.498967,0.499317,0.49956,0.499725,0.499832,0.499901,0.499943,0.499968,0.499983,0.499991,0.499995,0.499997,0.499997
0.499998,0.499998,0.499997,0.499995,0.49999,0.499982,0.499967,0.499943,0.499903,0.499839,0.499741,0.499595,0.499382,0.499082,0.498672,0.498127,0.497421,0.496535,0.495453,0.494168,0.492684,0.491019,0.489205,0.487288,0.485323,0.48338,0.481529,0.479845,0.478399,0.477253,0.476459,0.476053,0.476053,0.476459,0.477253,0.478399,0.479845,0.481529,0.48338,0.485323,0.487288,0.489205,0.491019,0.492684,0.494168,0.495453,0.496535,0.497421,0.498127,0.498672,0.499082,0.499382,0.499595,0.499741,0.499839,0.499903,0.499943,0.499967,0.499982,0.49999,0.499995,0.499997,0.499998,0.499998
0.499999,0.499999,0.499998,0.499997,0.499995,0.49999,0.499982,0.499968,0.499945,0.499909,0.499852,0.499766,0.499641,0.499463,0.499216,0.498886,0.498456,0.49791,0.497237,0.496432,0.495494,0.494434,0.49327,0.49203,0.490752,0.489479,0.488261,0.487147,0.486186,0.485423,0.484892,0.48462,0.48462,0.484892,0.485423,0.486186,0.487147,0.488261,0.489479,0.490752,0.49203,0.49327,0.494434,0.495494,0.496432,0.497237,0.49791,0.498456,0.498886,0.499216,0.499463,0.499641,0.499766,0.499852,0.499909,0.499945,0.499968,0.499982,0.49999,0.499995,0.499997,0.499998,0.499999,0.499999
0.499999,0.499999,0.499999,0.499998,0.499997,0.499995,0.49999,0.499983,0.49997,0.499949,0.499917,0.499868,0.499796,0.499693,0.499549,0.499355,0.499099,0.498771,0.498365,0.497874,0.497297,0.496641,0.495914,0.495136,0.494327,0.493518,0.492739,0.492023,0.491404,0.49091,0.490566,0.49039,0.49039,0.490566,0.49091,0.491404,0.492023,0.492739,0.493518,0.494327,0.495136,0.495914,0.496641,0.497297,0.497874,0.498365,0.498771,0.499099,0.499355,0.499549,0.499693,0.499796,0.499868,0.499917,0.499949,0.49997,0.499983,0.49999,0.499995,0.499997,0.499998,0.499999,0.499999,0.499999
0.5,0.5,0.5,0.499999,0.499998,0.499997,0.499995,0.499991,0.499984,0.499972,0.499954,0.499927,0.499886,0.499827,0.499744,0.499631,0.499481,0.499287,0.499044,0.498748,0.498399,0.497997,0.49755,0.497066,0.496562,0.496054,0.495562,0.495108,0.494714,0.494399,0.494179,0.494066,0.494066,0.494179,0.494399,0.494714,0.495108,0.495562,0.496054,0.496562,0.497066,0.49755,0.497997,0.498399,0.498748,0.499044,0.499287,0.499481,0.499631,0.499744,0.499827,0.499886,0.499927,0.499954,0.499972,0.499984,0.499991,0.499995,0.499997,0.499998,0.499999,0.5,0.5,0.5
0.5,0.5,0.5,0.5,0.499999,0.499998,0.499997,0.499995,0.499991,0.499984,0.499974,0.499958,0.499934,0.499899,0.49985,0.499781,0.49969,0.499571,0.499421,0.499237,0.499017,0.498763,0.498477,0.498167,0.497841,0.497511,0.497189,0.496892,0.496632,0.496424,0.496279,0.496204,0.496204,0.496279,0.496424,0.496632,0.496892,0.497189,0.497511,0.497841,0.498167,0.498477,0.498763,0.499017,0.499237,0.499421,0.499571,0.49969,0.499781,0.49985,0.499899,0.499934,0.499958,0.499974,0.499984,0.499991,0.499995,0.499997,0.499998,0.499999,0.5,0.5,0.5,0.5
0.5,0.5,0.5,0.5,0.499999,0.499999,0.499998,0.499997,0.499994,0.49999,0.499982,0.499971,0.499955,0.49993,0.499896,0.499847,0.499782,0.499697,0.499588,0.499454,0.499293,0.499105,0.498893,0.498662,0.498418,0.49817,0.497927,0.497702,0.497505,0.497346,0.497235,0.497178,0.497178,0.497235,0.497346,0.497505,0.497702,0.497927,0.49817,0.498418,0.498662,0.498893,0.499105,0.499293,0.499454,0.499588,0.499697,0.499782,0.499847,0.499896,0.49993,0.499955,0.499971,0.499982,0.49999,0.499994,0.499997,0.499998,0.499999,0.499999,0.5,0.5,0.5,0.5
0.5,0.5,0.5,0.5,0.499999,0.499999,0.499998,0.499997,0.499994,0.49999,0.499982,0.499971,0.499955,0.49993,0.499896,0.499847,0.499782,0.499697,0.499588,0.499454,0.499293,0.499105,0.498893,0.498662,0.498418,0.49817,0.497927,0.497702,0.497505,0.497346,0.497235,0.497178,0.497178,0.497235,0.497346,0.497505,0.497702,0.497927,0.49817,0.498418,0.498662,0.498893,0.499105,0.499293,0.499454,0.499588,0.499697,0.499782,0.499847,0.499896,0.49993,0.499955,0.499971,0.499982,0.49999,0.499994,0.499997,0.499998,0.499999,0.499999,0.5,0.5,0.5,0.5
