0.5,0.5,0.5,0.5,0.5,0.5,0.499999,0.499999,0.499997,0.499996,0.499992,0.499987,0.499979,0.499968,0.499951,0.499926,0.499893,0.499849,0.499792,0.49972,0.499633,0.49953,0.499412,0.499282,0.499143,0.499001,0.498861,0.498729,0.498614,0.498521,0.498455,0.498421,0.498421,0.498455,0.498521,0.498614,0.498729,0.498861,0.499001,0.499143,0.499282,0.499412,0.49953,0.499633,0.49972,0.499792,0.499849,0.499893,0.499926,0.499951,0.499968,0.499979,0.499987,0.499992,0.499996,0.499997,0.499999,0.499999,0.5,0.5,0.5,0.5,0.5,0.5
0.5,0.5,0.5,0.5,0.5,0.5,0.499999,0.499999,0.499997,0.499996,0.499992,0.499987,0.499979,0.499968,0.499951,0.499926,0.499893,0.499849,0.499792,0.49972,0.499633,0.49953,0.499412,0.499282,0.499143,0.499001,0.498861,0.498729,0.498614,0.498521,0.498455,0.498421,0.498421,0.498455,0.498521,0.498614,0.498729,0.498861,0.499001,0.499143,0.499282,0.499412,0.49953,0.499633,0.49972,0.499792,0.499849,0.499893,0.499926,0.499951,0.499968,0.499979,0.499987,0.499992,0.499996,0.499997,0.499999,0.499999,0.5,0.5,0.5,0.5,0.5,0.5
0.5,0.5,0.5,0.5,0.5,0.499999,0.499999,0.499998,0.499996,0.499993,0.499988,0.499981,0.499969,0.499952,0.499927,0.499892,0.499844,0.49978,0.499699,0.499597,0.499474,0.499329,0.499165,0.498985,0.498793,0.498597,0.498404,0.498225,0.498067,0.49794,0.497852,0.497806,0.497806,0.497852,0.49794,0.498067,0.498225,0.498404,0.498597,0.498793,0.498985,0.499165,0.499329,0.499474,0.499597,0.499699,0.49978,0.499844,0.499892,0.499927,0.499952,0.499969,0.499981,0.499988,0.499993,0.499996,0.499998,0.499999,0.499999,0.5,0.5,0.5,0.5,0.5
0.5,0.5,0.5,0.5,0.499999,0.499999,0.499998,0.499996,0.499993,0.499987,0.499979,0.499965,0.499945,0.499914,0.499871,0.49981,0.499728,0.49962,0.499483,0.499313,0.499109,0.498872,0.498603,0.49831,0.498,0.497685,0.497377,0.497092,0.496842,0.496641,0.4965,0.496428,0.496428,0.4965,0.496641,0.496842,0.497092,0.497377,0.497685,0.498,0.49831,0.498603,0.498872,0.499109,0.499313,0.499483,0.49962,0.499728,0.49981,0.499871,0.499914,0.499945,0.499965,0.499979,0.499987,0.499993,0.499996,0.499998,0.499999,0.499999,0.5,0.5,0.5,0.5
0.5,0.5,0.5,0.499999,0.499999,0.499998,0.499996,0.499992,0.499986,0.499976,0.49996,0.499935,0.499898,0.499843,0.499765,0.499657,0.499512,0.499324,0.499085,0.498792,0.498443,0.498039,0.497586,0.497093,0.496576,0.496053,0.495545,0.495075,0.494666,0.494338,0.494108,0.493991,0.493991,0.494108,0.494338,0.494666,0.495075,0.495545,0.496053,0.496576,0.497093,0.497586,0.498039,0.498443,0.498792,0.499085,0.499324,0.499512,0.499657,0.499765,0.499843,0.499898,0.499935,0.49996,0.499976,0.499986,0.499992,0.499996,0.499998,0.499999,0.499999,0.5,0.5,0.5
0.5,0.5,0.499999,0.499999,0.499998,0.499996,0.499992,0.499985,0.499974,0.499956,0.499927,0.499882,0.499815,0.499717,0.499579,0.49939,0.499138,0.498812,0.498404,0.497906,0.497317,0.49664,0.495886,0.495073,0.494224,0.493369,0.492543,0.491781,0.49112,0.490592,0.490224,0.490035,0.490035,0.490224,0.490592,0.49112,0.491781,0.492543,0.493369,0.494224,0.495073,0.495886,0.49664,0.497317,0.497906,0.498404,0.498812,0.499138,0.49939,0.499579,0.499717,0.499815,0.499882,0.499927,0.499956,0.499974,0.499985,0.499992,0.499996,0.499998,0.499999,0.499999,0.5,0.5
0.499999,0.499999,0.499999,0.499998,0.499996,0.499992,0.499985,0.499973,0.499953,0.49992,0.499868,0.499789,0.499672,0.499502,0.499265,0.498942,0.498517,0.497971,0.497291,0.496469,0.495503,0.494402,0.493184,0.491878,0.490524,0.489169,0.487865,0.486669,0.485634,0.48481,0.484237,0.483943,0.483943,0.484237,0.48481,0.485634,0.486669,0.487865,0.489169,0.490524,0.491878,0.493184,0.494402,0.495503,0.496469,0.497291,0.497971,0.498517,0.498942,0.499265,0.499502,0.499672,0.499789,0.499868,0.49992,0.499953,0.499973,0.499985,0.499992,0.499996,0.499998,0.499999,0.499999,0.499999
0.499999,0.499999,0.499998,0.499996,0.499992,0.499985,0.499973,0.499952,0.499917,0.49986,0.499771,0.499635,0.499436,0.499151,0.498755,0.498221,0.497523,0.496635,0.495539,0.494224,0.492692,0.490958,0.489055,0.487029,0.484941,0.482864,0.480877,0.479063,0.4775,0.476259,0.475398,0.474957,0.474957,0.475398,0.476259,0.4775,0.479063,0.480877,0.482864,0.484941,0.487029,0.489055,0.490958,0.492692,0.494224,0.495539,0.496635,0.497523,0.498221,0.498755,0.499151,0.499436,0.499635,0.499771,0.49986,0.499917,0.499952,0.499973,0.499985,0.499992,0.499996,0.499998,0.499999,0.499999
0.499997,0.499997,0.499996,0.499993,0.499986,0.499974,0.499953,0.499917,0.499857,0.499761,0.499612,0.499387,0.499059,0.498594,0.497953,0.497098,0.495988,0.494589,0.492877,0.490842,0.48849,0.485851,0.482977,0.47994,0.476834,0.473763,0.470843,0.468191,0.465916,0.464115,0.462869,0.462231,0.462231,0.462869,0.464115,0.465916,0.468191,0.470843,0.473763,0.476834,0.47994,0.482977,0.485851,0.48849,0.490842,0.492877,0.494589,0.495988,0.497098,0.497953,0.498594,0.499059,0.499387,0.499612,0.499761,0.499857,0.499917,0.499953,0.499974,0.499986,0.499993,0.499996,0.499997,0.499997
0.499996,0.499996,0.499993,0.499987,0.499976,0.499956,0.49992,0.49986,0.499761,0.499603,0.499361,0.498999,0.498475,0.497738,0.496733,0.495404,0.493694,0.49156,0.488972,0.485923,0.482432,0.478549,0.474356,0.469962,0.465501,0.461123,0.456987,0.453251,0.450062,0.447547,0.445811,0.444925,0.444925,0.445811,0.447547,0.450062,0.453251,0.456987,0.461123,0.465501,0.469962,0.474356,0.478549,0.482432,0.485923,0.488972,0.49156,0.493694,0.495404,0.496733,0.497738,0.498475,0.498999,0.499361,0.499603,0.499761,0.49986,0.49992,0.499956,0.499976,0.499987,0.499993,0.499996,0.499996
0.499992,0.499992,0.499988,0.499979,0.49996,0.499927,0.499868,0.499771,0.499612,0.499361,0.498978,0.498412,0.497599,0.496467,0.494938,0.492932,0.49038,0.487225,0.483436,0.479015,0.474002,0.46848,0.46257,0.456433,0.450253,0.444236,0.438591,0.433524,0.42922,0.425842,0.423517,0.422332,0.422332,0.423517,0.425842,0.42922,0.433524,0.438591,0.444236,0.450253,0.456433,0.46257,0.46848,0.474002,0.479015,0.483436,0.487225,0.49038,0.492932,0.494938,0.496467,0.497599,0.498412,0.498978,0.499361,0.499612,0.499771,0.499868,0.499927,0.49996,0.499979,0.499988,0.499992,0.499992
0.499987,0.499987,0.499981,0.499965,0.499935,0.499882,0.499789,0.499635,0.499387,0.498999,0.498412,0.497551,0.496326,0.494637,0.492377,0.489444,0.485749,0.481227,0.475852,0.469647,0.462683,0.455089,0.447044,0.438768,0.430512,0.422541,0.415121,0.408506,0.402921,0.398558,0.395564,0.394042,0.394042,0.395564,0.398558,0.402921,0.408506,0.415121,0.422541,0.430512,0.438768,0.447044,0.455089,0.462683,0.469647,0.475852,0.481227,0.485749,0.489444,0.492377,0.494637,0.496326,0.497551,0.498412,0.498999,0.499387,0.499635,0.499789,0.499882,0.499935,0.499965,0.499981,0.499987,0.499987
0.499979,0.499979,0.499969,0.499945,0.499898,0.499815,0.499672,0.499436,0.499059,0.498475,0.497599,0.496326,0.494533,0.492084,0.488842,0.484678,0.479486,0.473201,0.465814,0.457378,0.448016,0.437919,0.427337,0.416566,0.405927,0.395753,0.386364,0.378058,0.371092,0.365678,0.361978,0.360102,0.360102,0.361978,0.365678,0.371092,0.378058,0.386364,0.395753,0.405927,0.416566,0.427337,0.437919,0.448016,0.457378,0.465814,0.473201,0.479486,0.484678,0.488842,0.492084,0.494533,0.496326,0.497599,0.498475,0.499059,0.499436,0.499672,0.499815,0.499898,0.499945,0.499969,0.499979,0.499979
0.499968,0.499968,0.499952,0.499914,0.499843,0.499717,0.499502,0.499151,0.498594,0.497738,0.496467,0.494637,0.492084,0.488635,0.484115,0.478371,0.471289,0.462816,0.452971,0.44186,0.429676,0.416691,0.403242,0.38971,0.376493,0.363985,0.352555,0.34253,0.334186,0.327741,0.323357,0.321138,0.321138,0.323357,0.327741,0.334186,0.34253,0.352555,0.363985,0.376493,0.38971,0.403242,0.416691,0.429676,0.44186,0.452971,0.462816,0.471289,0.478371,0.484115,0.488635,0.492084,0.494637,0.496467,0.497738,0.498594,0.499151,0.499502,0.499717,0.499843,0.499914,0.499952,0.499968,0.499968
0.499951,0.499951,0.499927,0.499871,0.499765,0.499579,0.499265,0.498755,0.497953,0.496733,0.494938,0.492377,0.488842,0.484115,0.477987,0.470288,0.460906,0.449814,0.437085,0.422899,0.407543,0.391388,0.37487,0.358461,0.342632,0.32783,0.314452,0.302836,0.29325,0.285898,0.280923,0.278414,0.278414,0.280923,0.285898,0.29325,0.302836,0.314452,0.32783,0.342632,0.358461,0.37487,0.391388,0.407543,0.422899,0.437085,0.449814,0.460906,0.470288,0.477987,0.484115,0.488842,0.492377,0.494938,0.496733,0.497953,0.498755,0.499265,0.499579,0.499765,0.499871,0.499927,0.499951,0.499951
0.499926,0.499926,0.499892,0.49981,0.499657,0.49939,0.498942,0.498221,0.497098,0.495404,0.492932,0.489444,0.484678,0.478371,0.470288,0.46025,0.448167,0.434061,0.418084,0.400519,0.381765,0.362313,0.342706,0.323502,0.305235,0.288382,0.273344,0.260436,0.249893,0.241875,0.236482,0.233773,0.233773,0.236482,0.241875,0.249893,0.260436,0.273344,0.288382,0.305235,0.323502,0.342706,0.362313,0.381765,0.400519,0.418084,0.434061,0.448167,0.46025,0.470288,0.478371,0.484678,0.489444,0.492932,0.495404,0.497098,0.498221,0.498942,0.49939,0.499657,0.49981,0.499892,0.499926,0.499926
0.499893,0.499893,0.499844,0.499728,0.499512,0.499138,0.498517,0.497523,0.495988,0.493694,0.49038,0.485749,0.479486,0.471289,0.460906,0.448167,0.433026,0.415584,0.396102,0.374992,0.352788,0.33011,0.307611,0.285923,0.265619,0.247176,0.230962,0.217237,0.206162,0.197825,0.19226,0.189478,0.189478,0.19226,0.197825,0.206162,0.217237,0.230962,0.247176,0.265619,0.285923,0.307611,0.33011,0.352788,0.374992,0.396102,0.415584,0.433026,0.448167,0.460906,0.471289,0.479486,0.485749,0.49038,0.493694,0.495988,0.497523,0.498517,0.499138,0.499512,0.499728,0.499844,0.499893,0.499893
0.499849,0.499849,0.49978,0.49962,0.499324,0.498812,0.497971,0.496635,0.494589,0.49156,0.487225,0.481227,0.473201,0.462816,0.449814,0.434061,0.415584,0.394596,0.371495,0.346849,0.321345,0.295736,0.270771,0.247139,0.225416,0.206042,0.189311,0.175384,0.164314,0.156087,0.15065,0.147948,0.147948,0.15065,0.156087,0.164314,0.175384,0.189311,0.206042,0.225416,0.247139,0.270771,0.295736,0.321345,0.346849,0.371495,0.394596,0.415584,0.434061,0.449814,0.462816,0.473201,0.481227,0.487225,0.49156,0.494589,0.496635,0.497971,0.498812,0.499324,0.49962,0.49978,0.499849,0.499849
0.499792,0.499792,0.499699,0.499483,0.499085,0.498404,0.497291,0.495539,0.492877,0.488972,0.483436,0.475852,0.465814,0.452971,0.437085,0.418084,0.396102,0.371495,0.344832,0.316854,0.28841,0.260379,0.233589,0.20875,0.186403,0.166904,0.15043,0.137003,0.126538,0.11889,0.113902,0.111444,0.111444,0.113902,0.11889,0.126538,0.137003,0.15043,0.166904,0.186403,0.20875,0.233589,0.260379,0.28841,0.316854,0.344832,0.371495,0.396102,0.418084,0.437085,0.452971,0.465814,0.475852,0.483436,0.488972,0.492877,0.495539,0.497291,0.498404,0.499085,0.499483,0.499699,0.499792,0.499792
0.49972,0.49972,0.499597,0.499313,0.498792,0.497906,0.496469,0.494224,0.490842,0.485923,0.479015,0.469647,0.457378,0.44186,0.422899,0.400519,0.374992,0.346849,0.316854,0.285936,0.255102,0.225343,0.197532,0.172359,0.150287,0.131541,0.116138,0.10393,0.0946661,0.0880556,0.0838253,0.0817664,0.0817664,0.0838253,0.0880556,0.0946661,0.10393,0.116138,0.131541,0.150287,0.172359,0.197532,0.225343,0.255102,0.285936,0.316854,0.346849,0.374992,0.400519,0.422899,0.44186,0.457378,0.469647,0.479015,0.485923,0.490842,0.494224,0.496469,0.497906,0.498792,0.499313,0.499597,0.49972,0.49972
0.499633,0.499633,0.499474,0.499109,0.498443,0.497317,0.495503,0.492692,0.48849,0.482432,0.474002,0.462683,0.448016,0.429676,0.407543,0.381765,0.352788,0.321345,0.28841,0.255102,0.222577,0.191904,0.163968,0.139391,0.118507,0.101373,0.0878102,0.0774762,0.0699409,0.0647625,0.0615518,0.0600222,0.0600222,0.0615518,0.0647625,0.0699409,0.0774762,0.0878102,0.101373,0.118507,0.139391,0.163968,0.191904,0.222577,0.255102,0.28841,0.321345,0.352788,0.381765,0.407543,0.429676,0.448016,0.462683,0.474002,0.482432,0.48849,0.492692,0.495503,0.497317,0.498443,0.499109,0.499474,0.499633,0.499633
0.49953,0.49953,0.499329,0.498872,0.498039,0.49664,0.494402,0.490958,0.485851,0.478549,0.46848,0.455089,0.437919,0.416691,0.391388,0.362313,0.33011,0.295736,0.260379,0.225343,0.191904,0.16118,0.134017,0.110926,0.0920701,0.0772999,0.0662209,0.0582845,0.0528812,0.0494244,0.0474186,0.0465083,0.0465083,0.0474186,0.0494244,0.0528812,0.0582845,0.0662209,0.0772999,0.0920701,0.110926,0.134017,0.16118,0.191904,0.225343,0.260379,0.295736,0.33011,0.362313,0.391388,0.416691,0.437919,0.455089,0.46848,0.478549,0.485851,0.490958,0.494402,0.49664,0.498039,0.498872,0.499329,0.49953,0.49953
0.499412,0.499412,0.499165,0.498603,0.497586,0.495886,0.493184,0.489055,0.482977,0.474356,0.46257,0.447044,0.427337,0.403242,0.37487,0.342706,0.307611,0.270771,0.233589,0.197532,0.163968,0.134017,0.108444,0.0876058,0.0714602,0.0596286,0.0514909,0.046296,0.043267,0.0416905,0.0409828,0.0407342,0.0407342,0.0409828,0.0416905,0.043267,0.046296,0.0514909,0.0596286,0.0714602,0.0876058,0.108444,0.134017,0.163968,0.197532,0.233589,0.270771,0.307611,0.342706,0.37487,0.403242,0.427337,0.447044,0.46257,0.474356,0.482977,0.489055,0.493184,0.495886,0.497586,0.498603,0.499165,0.499412,0.499412
0.499282,0.499282,0.498985,0.49831,0.497093,0.495073,0.491878,0.487029,0.47994,0.469962,0.456433,0.438768,0.416566,0.38971,0.358461,0.323502,0.285923,0.247139,0.20875,0.172359,0.139391,0.110926,0.0876058,0.069598,0.0566321,0.0480917,0.0431354,0.0408251,0.04024,0.0405661,0.0411558,0.0415637,0.0415637,0.0411558,0.0405661,0.04024,0.0408251,0.0431354,0.0480917,0.0566321,0.069598,0.0876058,0.110926,0.139391,0.172359,0.20875,0.247139,0.285923,0.323502,0.358461,0.38971,0.416566,0.438768,0.456433,0.469962,0.47994,0.487029,0.491878,0.495073,0.497093,0.49831,0.498985,0.499282,0.499282
0.499143,0.499143,0.498793,0.498,0.496576,0.494224,0.490524,0.484941,0.476834,0.465501,0.450253,0.430512,0.405927,0.376493,0.342632,0.305235,0.265619,0.225416,0.186403,0.150287,0.118507,0.0920701,0.0714602,0.0566321,0.0470777,0.0419467,0.0401932,0.040718,0.042487,0.0446157,0.0464197,0.0474372,0.0474372,0.0464197,0.0446157,0.042487,0.040718,0.0401932,0.0419467,0.0470777,0.0566321,0.0714602,0.0920701,0.118507,0.150287,0.186403,0.225416,0.265619,0.305235,0.342632,0.376493,0.405927,0.430512,0.450253,0.465501,0.476834,0.484941,0.490524,0.494224,0.496576,0.498,0.498793,0.499143,0.499143
0.499001,0.499001,0.498597,0.497685,0.496053,0.493369,0.489169,0.482864,0.473763,0.461123,0.444236,0.422541,0.395753,0.363985,0.32783,0.288382,0.247176,0.206042,0.166904,0.131541,0.101373,0.0772999,0.0596286,0.0480917,0.0419467,0.040126,0.0414046,0.0445538,0.0484591,0.0521968,0.0550706,0.0566211,0.0566211,0.0550706,0.0521968,0.0484591,0.0445538,0.0414046,0.040126,0.0419467,0.0480917,0.0596286,0.0772999,0.101373,0.131541,0.166904,0.206042,0.247176,0.288382,0.32783,0.363985,0.395753,0.422541,0.444236,0.461123,0.473763,0.482864,0.489169,0.493369,0.496053,0.497685,0.498597,0.499001,0.499001
0.498861,0.498861,0.498404,0.497377,0.495545,0.492543,0.487865,0.480877,0.470843,0.456987,0.438591,0.415121,0.386364,0.352555,0.314452,0.273344,0.230962,0.189311,0.15043,0.116138,0.0878102,0.0662209,0.0514909,0.0431354,0.0401932,0.0414046,0.0453967,0.0508438,0.0565828,0.0616776,0.0654414,0.0674312,0.0674312,0.0654414,0.0616776,0.0565828,0.0508438,0.0453967,0.0414046,0.0401932,0.0431354,0.0514909,0.0662209,0.0878102,0.116138,0.15043,0.189311,0.230962,0.273344,0.314452,0.352555,0.386364,0.415121,0.438591,0.456987,0.470843,0.480877,0.487865,0.492543,0.495545,0.497377,0.498404,0.498861,0.498861
0.498729,0.498729,0.498225,0.497092,0.495075,0.491781,0.486669,0.479063,0.468191,0.453251,0.433524,0.408506,0.378058,0.34253,0.302836,0.260436,0.217237,0.175384,0.137003,0.10393,0.0774762,0.0582845,0.046296,0.0408251,0.040718,0.0445538,0.0508438,0.0581962,0.0654249,0.0716021,0.0760653,0.0783968,0.0783968,0.0760653,0.0716021,0.0654249,0.0581962,0.0508438,0.0445538,0.040718,0.0408251,0.046296,0.0582845,0.0774762,0.10393,0.137003,0.175384,0.217237,0.260436,0.302836,0.34253,0.378058,0.408506,0.433524,0.453251,0.468191,0.479063,0.486669,0.491781,0.495075,0.497092,0.498225,0.498729,0.498729
0.498614,0.498614,0.498067,0.496842,0.494666,0.49112,0.485634,0.4775,0.465916,0.450062,0.42922,0.402921,0.371092,0.334186,0.29325,0.249893,0.206162,0.164314,0.126538,0.0946661,0.0699409,0.0528812,0.043267,0.04024,0.042487,0.0484591,0.0565828,0.0654249,0.073795,0.080786,0.0857665,0.0883482,0.0883482,0.0857665,0.080786,0.073795,0.0654249,0.0565828,0.0484591,0.042487,0.04024,0.043267,0.0528812,0.0699409,0.0946661,0.126538,0.164314,0.206162,0.249893,0.29325,0.334186,0.371092,0.402921,0.42922,0.450062,0.465916,0.4775,0.485634,0.49112,0.494666,0.496842,0.498067,0.498614,0.498614
0.498521,0.498521,0.49794,0.496641,0.494338,0.490592,0.48481,0.476259,0.464115,0.447547,0.425842,0.398558,0.365678,0.327741,0.285898,0.241875,0.197825,0.156087,0.11889,0.0880556,0.0647625,0.0494244,0.0416905,0.0405661,0.0446157,0.0521968,0.0616776,0.0716021,0.080786,0.0883464,0.0936832,0.0964351,0.0964351,0.0936832,0.0883464,0.080786,0.0716021,0.0616776,0.0521968,0.0446157,0.0405661,0.0416905,0.0494244,0.0647625,0.0880556,0.11889,0.156087,0.197825,0.241875,0.285898,0.327741,0.365678,0.398558,0.425842,0.447547,0.464115,0.476259,0.48481,0.490592,0.494338,0.496641,0.49794,0.498521,0.498521
0.498455,0.498455,0.497852,0.4965,0.494108,0.490224,0.484237,0.475398,0.462869,0.445811,0.423517,0.395564,0.361978,0.323357,0.280923,0.236482,0.19226,0.15065,0.113902,0.0838253,0.0615518,0.0474186,0.0409828,0.0411558,0.0464197,0.0550706,0.0654414,0.0760653,0.0857665,0.0936832,0.0992396,0.102095,0.102095,0.0992396,0.0936832,0.0857665,0.0760653,0.0654414,0.0550706,0.0464197,0.0411558,0.0409828,0.0474186,0.0615518,0.0838253,0.113902,0.15065,0.19226,0.236482,0.280923,0.323357,0.361978,0.395564,0.423517,0.445811,0.462869,0.475398,0.484237,0.490224,0.494108,0.4965,0.497852,0.498455,0.498455
0.498421,0.498421,0.497806,0.496428,0.493991,0.490035,0.483943,0.474957,0.462231,0.444925,0.422332,0.394042,0.360102,0.321138,0.278414,0.233773,0.189478,0.147948,0.111444,0.0817664,0.0600222,0.0465083,0.0407342,0.0415637,0.0474372,0.0566211,0.0674312,0.0783968,0.0883482,0.0964351,0.102095,0.105,0.105,0.102095,0.0964351,0.0883482,0.0783968,0.0674312,0.0566211,0.0474372,0.0415637,0.0407342,0.0465083,0.0600222,0.0817664,0.111444,0.147948,0.189478,0.233773,0.278414,0.321138,0.360102,0.394042,0.422332,0.444925,0.462231,0.474957,0.483943,0.490035,0.493991,0.496428,0.497806,0.498421,0.498421
0.498421,0.498421,0.497806,0.496428,0.493991,0.490035,0.483943,0.474957,0.462231,0.444925,0.422332,0.394042,0.360102,0.321138,0.278414,0.233773,0.189478,0.147948,0.111444,0.0817664,0.0600222,0.0465083,0.0407342,0.0415637,0.0474372,0.0566211,0.0674312,0.0783968,0.0883482,0.0964351,0.102095,0.105,0.105,0.102095,0.0964351,0.0883482,0.0783968,0.0674312,0.0566211,0.0474372,0.0415637,0.0407342,0.0465083,0.0600222,0.0817664,0.111444,0.147948,0.189478,0.233773,0.278414,0.321138,0.360102,0.394042,0.422332,0.444925,0.462231,0.474957,0.483943,0.490035,0.493991,0.496428,0.497806,0.498421,0.498421
0.498455,0.498455,0.497852,0.4965,0.494108,0.490224,0.484237,0.475398,0.462869,0.445811,0.423517,0.395564,0.361978,0.323357,0.280923,0.236482,0.19226,0.15065,0.113902,0.0838253,0.0615518,0.0474186,0.0409828,0.0411558,0.0464197,0.0550706,0.0654414,0.0760653,0.0857665,0.0936832,0.0992396,0.102095,0.102095,0.0992396,0.0936832,0.0857665,0.0760653,0.0654414,0.0550706,0.0464197,0.0411558,0.0409828,0.0474186,0.0615518,0.0838253,0.113902,0.15065,0.19226,0.236482,0.280923,0.323357,0.361978,0.395564,0.423517,0.445811,0.462869,0.475398,0.484237,0.490224,0.494108,0.4965,0.497852,0.498455,0.498455
0.498521,0.498521,0.49794,0.496641,0.494338,0.490592,0.48481,0.476259,0.464115,0.447547,0.425842,0.398558,0.365678,0.327741,0.285898,0.241875,0.197825,0.156087,0.11889,0.0880556,0.0647625,0.0494244,0.0416905,0.0405661,0.0446157,0.0521968,0.0616776,0.0716021,0.080786,0.0883464,0.0936832,0.0964351,0.0964351,0.0936832,0.0883464,0.080786,0.0716021,0.0616776,0.0521968,0.0446157,0.0405661,0.0416905,0.0494244,0.0647625,0.0880556,0.11889,0.156087,0.197825,0.241875,0.285898,0.327741,0.365678,0.398558,0.425842,0.447547,0.464115,0.476259,0.48481,0.490592,0.494338,0.496641,0.49794,0.498521,0.498521
0.498614,0.498614,0.498067,0.496842,0.494666,0.49112,0.485634,0.4775,0.465916,0.450062,0.42922,0.402921,0.371092,0.334186,0.29325,0.249893,0.206162,0.164314,0.126538,0.0946661,0.0699409,0.0528812,0.043267,0.04024,0.042487,0.0484591,0.0565828,0.0654249,0.073795,0.080786,0.0857665,0.0883482,0.0883482,0.0857665,0.080786,0.073795,0.0654249,0.0565828,0.0484591,0.042487,0.04024,0.043267,0.0528812,0.0699409,0.0946661,0.126538,0.164314,0.206162,0.249893,0.29325,0.334186,0.371092,0.402921,0.42922,0.450062,0.465916,0.4775,0.485634,0.49112,0.494666,0.496842,0.498067,0.498614,0.498614
0.498729,0.498729,0.498225,0.497092,0.495075,0.491781,0.486669,0.479063,0.468191,0.453251,0.433524,0.408506,0.378058,0.34253,0.302836,0.260436,0.217237,0.175384,0.137003,0.10393,0.0774762,0.0582845,0.046296,0.0408251,0.040718,0.0445538,0.0508438,0.0581962,0.0654249,0.0716021,0.0760653,0.0783968,0.0783968,0.0760653,0.0716021,0.0654249,0.0581962,0.0508438,0.0445538,0.040718,0.0408251,0.046296,0.0582845,0.0774762,0.10393,0.137003,0.175384,0.217237,0.260436,0.302836,0.34253,0.378058,0.408506,0.433524,0.453251,0.468191,0.479063,0.486669,0.491781,0.495075,0.497092,0.498225,0.498729,0.498729
0.498861,0.498861,0.498404,0.497377,0.495545,0.492543,0.487865,0.480877,0.470843,0.456987,0.438591,0.415121,0.386364,0.352555,0.314452,0.273344,0.230962,0.189311,0.15043,0.116138,0.0878102,0.0662209,0.0514909,0.0431354,0.0401932,0.0414046,0.0453967,0.0508438,0.0565828,0.0616776,0.0654414,0.0674312,0.0674312,0.0654414,0.0616776,0.0565828,0.0508438,0.0453967,0.0414046,0.0401932,0.0431354,0.0514909,0.0662209,0.0878102,0.116138,0.15043,0.189311,0.230962,0.273344,0.314452,0.352555,0.386364,0.415121,0.438591,0.456987,0.470843,0.480877,0.487865,0.492543,0.495545,0.497377,0.498404,0.498861,0.498861
0.499001,0.499001,0.498597,0.497685,0.496053,0.493369,0.489169,0.482864,0.473763,0.461123,0.444236,0.422541,0.395753,0.363985,0.32783,0.288382,0.247176,0.206042,0.166904,0.131541,0.101373,0.0772999,0.0596286,0.0480917,0.0419467,0.040126,0.0414046,0.0445538,0.0484591,0.0521968,0.0550706,0.0566211,0.0566211,0.0550706,0.0521968,0.0484591,0.0445538,0.0414046,0.040126,0.0419467,0.0480917,0.0596286,0.0772999,0.101373,0.131541,0.166904,0.206042,0.247176,0.288382,0.32783,0.363985,0.395753,0.422541,0.444236,0.461123,0.473763,0.482864,0.489169,0.493369,0.496053,0.497685,0.498597,0.499001,0.499001
0.499143,0.499143,0.498793,0.498,0.496576,0.494224,0.490524,0.484941,0.476834,0.465501,0.450253,0.430512,0.405927,0.376493,0.342632,0.305235,0.265619,0.225416,0.186403,0.150287,0.118507,0.0920701,0.0714602,0.0566321,0.0470777,0.0419467,0.0401932,0.040718,0.042487,0.0446157,0.0464197,0.0474372,0.0474372,0.0464197,0.0446157,0.042487,0.040718,0.0401932,0.0419467,0.0470777,0.0566321,0.0714602,0.0920701,0.118507,0.150287,0.186403,0.225416,0.265619,0.305235,0.342632,0.376493,0.405927,0.430512,0.450253,0.465501,0.476834,0.484941,0.490524,0.494224,0.496576,0.498,0.498793,0.499143,0.499143
0.499282,0.499282,0.498985,0.49831,0.497093,0.495073,0.491878,0.487029,0.47994,0.469962,0.456433,0.438768,0.416566,0.38971,0.358461,0.323502,0.285923,0.247139,0.20875,0.172359,0.139391,0.110926,0.0876058,0.069598,0.0566321,0.0480917,0.0431354,0.0408251,0.04024,0.0405661,0.0411558,0.0415637,0.0415637,0.0411558,0.0405661,0.04024,0.0408251,0.0431354,0.0480917,0.0566321,0.069598,0.0876058,0.110926,0.139391,0.172359,0.20875,0.247139,0.285923,0.323502,0.358461,0.38971,0.416566,0.438768,0.456433,0.469962,0.47994,0.487029,0.491878,0.495073,0.497093,0.49831,0.498985,0.499282,0.499282
0.499412,0.499412,0.499165,0.498603,0.497586,0.495886,0.493184,0.489055,0.482977,0.474356,0.46257,0.447044,0.427337,0.403242,0.37487,0.342706,0.307611,0.270771,0.233589,0.197532,0.163968,0.134017,0.108444,0.0876058,0.0714602,0.0596286,0.0514909,0.046296,0.043267,0.0416905,0.0409828,0.0407342,0.0407342,0.0409828,0.0416905,0.043267,0.046296,0.0514909,0.0596286,0.0714602,0.0876058,0.108444,0.134017,0.163968,0.197532,0.233589,0.270771,0.307611,0.342706,0.37487,0.403242,0.427337,0.447044,0.46257,0.474356,0.482977,0.489055,0.493184,0.495886,0.497586,0.498603,0.499165,0.499412,0.499412
0.49953,0.49953,0.499329,0.498872,0.498039,0.49664,0.494402,0.490958,0.485851,0.478549,0.46848,0.455089,0.437919,0.416691,0.391388,0.362313,0.33011,0.295736,0.260379,0.225343,0.191904,0.16118,0.134017,0.110926,0.0920701,0.0772999,0.0662209,0.0582845,0.0528812,0.0494244,0.0474186,0.0465083,0.0465083,0.0474186,0.0494244,0.0528812,0.0582845,0.0662209,0.0772999,0.0920701,0.110926,0.134017,0.16118,0.191904,0.225343,0.260379,0.295736,0.33011,0.362313,0.391388,0.416691,0.437919,0.455089,0.46848,0.478549,0.485851,0.490958,0.494402,0.49664,0.498039,0.498872,0.499329,0.49953,0.49953
0.499633,0.499633,0.499474,0.499109,0.498443,0.497317,0.495503,0.492692,0.48849,0.482432,0.474002,0.462683,0.448016,0.429676,0.407543,0.381765,0.352788,0.321345,0.28841,0.255102,0.222577,0.191904,0.163968,0.139391,0.118507,0.101373,0.0878102,0.0774762,0.0699409,0.0647625,0.0615518,0.0600222,0.0600222,0.0615518,0.0647625,0.0699409,0.0774762,0.0878102,0.101373,0.118507,0.139391,0.163968,0.191904,0.222577,0.255102,0.28841,0.321345,0.352788,0.381765,0.407543,0.429676,0.448016,0.462683,0.474002,0.482432,0.48849,0.492692,0.495503,0.497317,0.498443,0.499109,0.499474,0.499633,0.499633
0.49972,0.49972,0.499597,0.499313,0.498792,0.497906,0.496469,0.494224,0.490842,0.485923,0.479015,0.469647,0.457378,0.44186,0.422899,0.400519,0.374992,0.346849,0.316854,0.285936,0.255102,0.225343,0.197532,0.172359,0.150287,0.131541,0.116138,0.10393,0.0946661,0.0880556,0.0838253,0.0817664,0.0817664,0.0838253,0.0880556,0.0946661,0.10393,0.116138,0.131541,0.150287,0.172359,0.197532,0.225343,0.255102,0.285936,0.316854,0.346849,0.374992,0.400519,0.422899,0.44186,0.457378,0.469647,0.479015,0.485923,0.490842,0.494224,0.496469,0.497906,0.498792,0.499313,0.499597,0.49972,0.49972
0.499792,0.499792,0.499699,0.499483,0.499085,0.498404,0.497291,0.495539,0.492877,0.488972,0.483436,0.475852,0.465814,0.452971,0.437085,0.418084,0.396102,0.371495,0.344832,0.316854,0.28841,0.260379,0.233589,0.20875,0.186403,0.166904,0.15043,0.137003,0.126538,0.11889,0.113902,0.111444,0.111444,0.113902,0.11889,0.126538,0.137003,0.15043,0.166904,0.186403,0.20875,0.233589,0.260379,0.28841,0.316854,0.344832,0.371495,0.396102,0.418084,0.437085,0.452971,0.465814,0.475852,0.483436,0.488972,0.492877,0.495539,0.497291,0.498404,0.499085,0.499483,0.499699,0.499792,0.499792
0.499849,0.499849,0.49978,0.49962,0.499324,0.498812,0.497971,0.496635,0.494589,0.49156,0.487225,0.481227,0.473201,0.462816,0.449814,0.434061,0.415584,0.394596,0.371495,0.346849,0.321345,0.295736,0.270771,0.247139,0.225416,0.206042,0.189311,0.175384,0.164314,0.156087,0.15065,0.147948,0.147948,0.15065,0.156087,0.164314,0.175384,0.189311,0.206042,0.225416,0.247139,0.270771,0.295736,0.321345,0.346849,0.371495,0.394596,0.415584,0.434061,0.449814,0.462816,0.473201,0.481227,0.487225,0.49156,0.494589,0.496635,0.497971,0.498812,0.499324,0.49962,0.49978,0.499849,0.499849
0.499893,0.499893,0.499844,0.499728,0.499512,0.499138,0.498517,0.497523,0.495988,0.493694,0.49038,0.485749,0.479486,0.471289,0.460906,0.448167,0.433026,0.415584,0.396102,0.374992,0.352788,0.33011,0.307611,0.285923,0.265619,0.247176,0.230962,0.217237,0.206162,0.197825,0.19226,0.189478,0.189478,0.19226,0.197825,0.206162,0.217237,0.230962,0.247176,0.265619,0.285923,0.307611,0.33011,0.352788,0.374992,0.396102,0.415584,0.433026,0.448167,0.460906,0.471289,0.479486,0.485749,0.49038,0.493694,0.495988,0.497523,0.498517,0.499138,0.499512,0.499728,0.499844,0.499893,0.499893
0.499926,0.499926,0.499892,0.49981,0.499657,0.49939,0.498942,0.498221,0.497098,0.495404,0.492932,0.489444,0.484678,0.478371,0.470288,0.46025,0.448167,0.434061,0.418084,0.400519,0.381765,0.362313,0.342706,0.323502,0.305235,0.288382,0.273344,0.260436,0.249893,0.241875,0.236482,0.233773,0.233773,0.236482,0.241875,0.249893,0.260436,0.273344,0.288382,0.305235,0.323502,0.342706,0.362313,0.381765,0.400519,0.418084,0.434061,0.448167,0.46025,0.470288,0.478371,0.484678,0.489444,0.492932,0.495404,0.497098,0.498221,0.498942,0.49939,0.499657,0.49981,0.499892,0.499926,0.499926
0.499951,0.499951,0.499927,0.499871,0.499765,0.499579,0.499265,0.498755,0.497953,0.496733,0.494938,0.492377,0.488842,0.484115,0.477987,0.470288,0.460906,0.449814,0.437085,0.422899,0.407543,0.391388,0.37487,0.358461,0.342632,0.32783,0.314452,0.302836,0.29325,0.285898,0.280923,0.278414,0.278414,0.280923,0.285898,0.29325,0.302836,0.314452,0.32783,0.342632,0.358461,0.37487,0.391388,0.407543,0.422899,0.437085,0.449814,0.460906,0.470288,0.477987,0.484115,0.488842,0.492377,0.494938,0.496733,0.497953,0.498755,0.499265,0.499579,0.499765,0.499871,0.499927,0.499951,0.499951
0.499968,0.499968,0.499952,0.499914,0.499843,0.499717,0.499502,0.499151,0.498594,0.497738,0.496467,0.494637,0.492084,0.488635,0.484115,0.478371,0.471289,0.462816,0.452971,0.44186,0.429676,0.416691,0.403242,0.38971,0.376493,0.363985,0.352555,0.34253,0.334186,0.327741,0.323357,0.321138,0.321138,0.323357,0.327741,0.334186,0.34253,0.352555,0.363985,0.376493,0.38971,0.403242,0.416691,0.429676,0.44186,0.452971,0.462816,0.471289,0.478371,0.484115,0.488635,0.492084,0.494637,0.496467,0.497738,0.498594,0.499151,0.499502,0.499717,0.499843,0.499914,0.499952,0.499968,0.499968
0.499979,0.499979,0.499969,0.499945,0.499898,0.499815,0.499672,0.499436,0.499059,0.498475,0.497599,0.496326,0.494533,0.492084,0.488842,0.484678,0.479486,0.473201,0.465814,0.457378,0.448016,0.437919,0.427337,0.416566,0.405927,0.395753,0.386364,0.378058,0.371092,0.365678,0.361978,0.360102,0.360102,0.361978,0.365678,0.371092,0.378058,0.386364,0.395753,0.405927,0.416566,0.427337,0.437919,0.448016,0.457378,0.465814,0.473201,0.479486,0.484678,0.488842,0.492084,0.494533,0.496326,0.497599,0.498475,0.499059,0.499436,0.499672,0.499815,0.499898,0.499945,0.499969,0.499979,0.499979
0.499987,0.499987,0.499981,0.499965,0.499935,0.499882,0.499789,0.499635,0.499387,0.498999,0.498412,0.497551,0.496326,0.494637,0.492377,0.489444,0.485749,0.481227,0.475852,0.469647,0.462683,0.455089,0.447044,0.438768,0.430512,0.422541,0.415121,0.408506,0.402921,0.398558,0.395564,0.394042,0.394042,0.395564,0.398558,0.402921,0.408506,0.415121,0.422541,0.430512,0.438768,0.447044,0.455089,0.462683,0.469647,0.475852,0.481227,0.485749,0.489444,0.492377,0.494637,0.496326,0.497551,0.498412,0.498999,0.499387,0.499635,0.499789,0.499882,0.499935,0.499965,0.499981,0.499987,0.499987
0.499992,0.499992,0.499988,0.499979,0.49996,0.499927,0.499868,0.499771,0.499612,0.499361,0.498978,0.498412,0.497599,0.496467,0.494938,0.492932,0.49038,0.487225,0.483436,0.479015,0.474002,0.46848,0.46257,0.456433,0.450253,0.444236,0.438591,0.433524,0.42922,0.425842,0.423517,0.422332,0.422332,0.423517,0.425842,0.42922,0.433524,0.438591,0.444236,0.450253,0.456433,0.46257,0.46848,0.474002,0.479015,0.483436,0.487225,0.49038,0.492932,0.494938,0.496467,0.497599,0.498412,0.498978,0.499361,0.499612,0.499771,0.499868,0.499927,0.49996,0.499979,0.499988,0.499992,0.499992
0.499996,0.499996,0.499993,0.499987,0.499976,0.499956,0.49992,0.49986,0.499761,0.499603,0.499361,0.498999,0.498475,0.497738,0.496733,0.495404,0.493694,0.49156,0.488972,0.485923,0.482432,0.478549,0.474356,0.469962,0.465501,0.461123,0.456987,0.453251,0.450062,0.447547,0.445811,0.444925,0.444925,0.445811,0.447547,0.450062,0.453251,0.456987,0.461123,0.465501,0.469962,0.474356,0.478549,0.482432,0.485923,0.488972,0.49156,0.493694,0.495404,0.496733,0.497738,0.498475,0.498999,0.499361,0.499603,0.499761,0.49986,0.49992,0.499956,0.499976,0.499987,0.499993,0.499996,0.499996
0.499997,0.499997,0.499996,0.499993,0.499986,0.499974,0.499953,0.499917,0.499857,0.499761,0.499612,0.499387,0.499059,0.498594,0.497953,0.497098,0.495988,0.494589,0.492877,0.490842,0.48849,0.485851,0.482977,0.47994,0.476834,0.473763,0.470843,0.468191,0.465916,0.464115,0.462869,0.462231,0.462231,0.462869,0.464115,0.465916,0.468191,0.470843,0.473763,0.476834,0.47994,0.482977,0.485851,0.48849,0.490842,0.492877,0.494589,0.495988,0.497098,0.497953,0.498594,0.499059,0.499387,0.499612,0.499761,0.499857,0.499917,0.499953,0.499974,0.499986,0.499993,0.499996,0.499997,0.499997
0.499999,0.499999,0.499998,0.499996,0.499992,0.499985,0.499973,0.499952,0.499917,0.49986,0.499771,0.499635,0.499436,0.499151,0.498755,0.498221,0.497523,0.496635,0.495539,0.494224,0.492692,0.490958,0.489055,0.487029,0.484941,0.482864,0.480877,0.479063,0.4775,0.476259,0.475398,0.474957,0.474957,0.475398,0.476259,0.4775,0.479063,0.480877,0.482864,0.484941,0.487029,0.489055,0.490958,0.492692,0.494224,0.495539,0.496635,0.497523,0.498221,0.498755,0.499151,0.499436,0.499635,0.499771,0.49986,0.499917,0.499952,0.499973,0.499985,0.499992,0.499996,0.499998,0.499999,0.499999
0.499999,0.499999,0.499999,0.499998,0.499996,0.499992,0.499985,0.499973,0.499953,0.49992,0.499868,0.499789,0.499672,0.499502,0.499265,0.498942,0.498517,0.497971,0.497291,0.496469,0.495503,0.494402,0.493184,0.491878,0.490524,0.489169,0.487865,0.486669,0.485634,0.48481,0.484237,0.483943,0.483943,0.484237,0.48481,0.485634,0.486669,0.487865,0.489169,0.490524,0.491878,0.493184,0.494402,0.495503,0.496469,0.497291,0.497971,0.498517,0.498942,0.499265,0.499502,0.499672,0.499789,0.499868,0.49992,0.499953,0.499973,0.499985,0.499992,0.499996,0.499998,0.499999,0.499999,0.499999
0.5,0.5,0.499999,0.499999,0.499998,0.499996,0.499992,0.499985,0.499974,0.499956,0.499927,0.499882,0.499815,0.499717,0.499579,0.49939,0.499138,0.498812,0.498404,0.497906,0.497317,0.49664,0.495886,0.495073,0.494224,0.493369,0.492543,0.491781,0.49112,0.490592,0.490224,0.490035,0.490035,0.490224,0.490592,0.49112,0.491781,0.492543,0.493369,0.494224,0.495073,0.495886,0.49664,0.497317,0.497906,0.498404,0.498812,0.499138,0.49939,0.499579,0.499717,0.499815,0.499882,0.499927,0.499956,0.499974,0.499985,0.499992,0.499996,0.499998,0.499999,0.499999,0.5,0.5
0.5,0.5,0.5,0.499999,0.499999,0.499998,0.499996,0.499992,0.499986,0.499976,0.49996,0.499935,0.499898,0.499843,0.499765,0.499657,0.499512,0.499324,0.499085,0.498792,0.498443,0.498039,0.497586,0.497093,0.496576,0.496053,0.495545,0.495075,0.494666,0.494338,0.494108,0.493991,0.493991,0.494108,0.494338,0.494666,0.495075,0.495545,0.496053,0.496576,0.497093,0.497586,0.498039,0.498443,0.498792,0.499085,0.499324,0.499512,0.499657,0.499765,0.499843,0.499898,0.499935,0.49996,0.499976,0.499986,0.499992,0.499996,0.499998,0.499999,0.499999,0.5,0.5,0.5
0.5,0.5,0.5,0.5,0.499999,0.499999,0.499998,0.499996,0.499993,0.499987,0.499979,0.499965,0.499945,0.499914,0.499871,0.49981,0.499728,0.49962,0.499483,0.499313,0.499109,0.498872,0.498603,0.49831,0.498,0.497685,0.497377,0.497092,0.496842,0.496641,0.4965,0.496428,0.496428,0.4965,0.496641,0.496842,0.497092,0.497377,0.497685,0.498,0.49831,0.498603,0.498872,0.499109,0.499313,0.499483,0.49962,0.499728,0.49981,0.499871,0.499914,0.499945,0.499965,0.499979,0.499987,0.499993,0.499996,0.499998,0.499999,0.499999,0.5,0.5,0.5,0.5
0.5,0.5,0.5,0.5,0.5,0.499999,0.499999,0.499998,0.499996,0.499993,0.499988,0.499981,0.499969,0.499952,0.499927,0.499892,0.499844,0.49978,0.499699,0.499597,0.499474,0.499329,0.499165,0.498985,0.498793,0.498597,0.498404,0.498225,0.498067,0.49794,0.497852,0.497806,0.497806,0.497852,0.49794,0.498067,0.498225,0.498404,0.498597,0.498793,0.498985,0.499165,0.499329,0.499474,0.499597,0.499699,0.49978,0.499844,0.499892,0.499927,0.499952,0.499969,0.499981,0.499988,0.499993,0.499996,0.499998,0.499999,0.499999,0.5,0.5,0.5,0.5,0.5
0.5,0.5,0.5,0.5,0.5,0.5,0.499999,0.499999,0.499997,0.499996,0.499992,0.499987,0.499979,0.499968,0.499951,0.499926,0.499893,0.499849,0.499792,0.49972,0.499633,0.49953,0.499412,0.499282,0.499143,0.499001,0.498861,0.498729,0.498614,0.498521,0.498455,0.498421,0.498421,0.498455,0.498521,0.498614,0.498729,0.498861,0.499001,0.499143,0.499282,0.499412,0.49953,0.499633,0.49972,0.499792,0.499849,0.499893,0.499926,0.499951,0.499968,0.499979,0.499987,0.499992,0.499996,0.499997,0.499999,0.499999,0.5,0.5,0.5,0.5,0.5,0.5
0.5,0.5,0.5,0.5,0.5,0.5,0.499999,0.499999,0.499997,0.499996,0.499992,0.499987,0.499979,0.499968,0.499951,0.499926,0.499893,0.499849,0.499792,0.49972,0.499633,0.49953,0.499412,0.499282,0.499143,0.499001,0.498861,0.498729,0.498614,0.498521,0.498455,0.498421,0.498421,0.498455,0.498521,0.498614,0.498729,0.498861,0.499001,0.499143,0.499282,0.499412,0.49953,0.499633,0.49972,0.499792,0.499849,0.499893,0.499926,0.499951,0.499968,0.499979,0.499987,0.499992,0.499996,0.499997,0.499999,0.499999,0.5,0.5,0.5,0.5,0.5,0.5
