0.5,0.5,0.5,0.5,0.5,0.499999,0.499999,0.499998,0.499996,0.499993,0.499988,0.499981,0.499969,0.499952,0.499928,0.499894,0.499847,0.499785,0.499706,0.499607,0.499488,0.499349,0.49919,0.499016,0.498831,0.498642,0.498457,0.498284,0.498132,0.49801,0.497925,0.497881,0.497881,0.497925,0.49801,0.498132,0.498284,0.498457,0.498642,0.498831,0.499016,0.49919,0.499349,0.499488,0.499607,0.499706,0.499785,0.499847,0.499894,0.499928,0.499952,0.499969,0.499981,0.499988,0.499993,0.499996,0.499998,0.499999,0.499999,0.5,0.5,0.5,0.5,0.5
0.5,0.5,0.5,0.5,0.5,0.499999,0.499999,0.499998,0.499996,0.499993,0.499988,0.499981,0.499969,0.499952,0.499928,0.499894,0.499847,0.499785,0.499706,0.499607,0.499488,0.499349,0.49919,0.499016,0.498831,0.498642,0.498457,0.498284,0.498132,0.49801,0.497925,0.497881,0.497881,0.497925,0.49801,0.498132,0.498284,0.498457,0.498642,0.498831,0.499016,0.49919,0.499349,0.499488,0.499607,0.499706,0.499785,0.499847,0.499894,0.499928,0.499952,0.499969,0.499981,0.499988,0.499993,0.499996,0.499998,0.499999,0.499999,0.5,0.5,0.5,0.5,0.5
0.5,0.5,0.5,0.5,0.499999,0.499999,0.499998,0.499997,0.499994,0.49999,0.499983,0.499971,0.499955,0.49993,0.499895,0.499845,0.499779,0.499692,0.499581,0.499443,0.499278,0.499085,0.498868,0.49863,0.498379,0.498123,0.497874,0.497641,0.497438,0.497275,0.497161,0.497102,0.497102,0.497161,0.497275,0.497438,0.497641,0.497874,0.498123,0.498379,0.49863,0.498868,0.499085,0.499278,0.499443,0.499581,0.499692,0.499779,0.499845,0.499895,0.49993,0.499955,0.499971,0.499983,0.49999,0.499994,0.499997,0.499998,0.499999,0.499999,0.5,0.5,0.5,0.5
0.5,0.5,0.5,0.5,0.499999,0.499998,0.499997,0.499994,0.499989,0.499981,0.499969,0.499949,0.49992,0.499878,0.499817,0.499734,0.499623,0.499478,0.499294,0.499069,0.498801,0.49849,0.498142,0.497764,0.497367,0.496965,0.496575,0.496213,0.495898,0.495645,0.495469,0.495378,0.495378,0.495469,0.495645,0.495898,0.496213,0.496575,0.496965,0.497367,0.497764,0.498142,0.49849,0.498801,0.499069,0.499294,0.499478,0.499623,0.499734,0.499817,0.499878,0.49992,0.499949,0.499969,0.499981,0.499989,0.499994,0.499997,0.499998,0.499999,0.5,0.5,0.5,0.5
0.5,0.5,0.499999,0.499999,0.499998,0.499996,0.499993,0.499988,0.499979,0.499965,0.499942,0.499907,0.499855,0.49978,0.499673,0.499528,0.499334,0.499085,0.498772,0.498391,0.49794,0.497423,0.496846,0.496224,0.495575,0.494921,0.49429,0.493707,0.493201,0.492797,0.492515,0.49237,0.49237,0.492515,0.492797,0.493201,0.493707,0.49429,0.494921,0.495575,0.496224,0.496846,0.497423,0.49794,0.498391,0.498772,0.499085,0.499334,0.499528,0.499673,0.49978,0.499855,0.499907,0.499942,0.499965,0.499979,0.499988,0.499993,0.499996,0.499998,0.499999,0.499999,0.5,0.5
0.499999,0.499999,0.499999,0.499998,0.499996,0.499993,0.499988,0.499978,0.499962,0.499936,0.499895,0.499833,0.499741,0.499608,0.499423,0.499172,0.498841,0.498418,0.497891,0.497255,0.496509,0.495658,0.494717,0.493708,0.492661,0.491613,0.490605,0.48968,0.48888,0.488242,0.487798,0.48757,0.48757,0.487798,0.488242,0.48888,0.48968,0.490605,0.491613,0.492661,0.493708,0.494717,0.495658,0.496509,0.497255,0.497891,0.498418,0.498841,0.499172,0.499423,0.499608,0.499741,0.499833,0.499895,0.499936,0.499962,0.499978,0.499988,0.499993,0.499996,0.499998,0.499999,0.499999,0.499999
0.499999,0.499999,0.499998,0.499997,0.499993,0.499988,0.499978,0.49996,0.499932,0.499886,0.499815,0.499707,0.499548,0.499321,0.499008,0.498586,0.498036,0.497337,0.496476,0.495443,0.494241,0.492881,0.491387,0.489798,0.488159,0.486528,0.484968,0.483542,0.482313,0.481337,0.480659,0.480312,0.480312,0.480659,0.481337,0.482313,0.483542,0.484968,0.486528,0.488159,0.489798,0.491387,0.492881,0.494241,0.495443,0.496476,0.497337,0.498036,0.498586,0.499008,0.499321,0.499548,0.499707,0.499815,0.499886,0.499932,0.49996,0.499978,0.499988,0.499993,0.499997,0.499998,0.499999,0.499999
0.499998,0.499998,0.499997,0.499994,0.499988,0.499978,0.49996,0.49993,0.499881,0.499803,0.499681,0.499499,0.499233,0.498858,0.498343,0.497657,0.496769,0.495651,0.494284,0.49266,0.490784,0.48868,0.486388,0.483966,0.481486,0.479033,0.4767,0.474579,0.472758,0.471316,0.470317,0.469807,0.469807,0.470317,0.471316,0.472758,0.474579,0.4767,0.479033,0.481486,0.483966,0.486388,0.48868,0.490784,0.49266,0.494284,0.495651,0.496769,0.497657,0.498343,0.498858,0.499233,0.499499,0.499681,0.499803,0.499881,0.49993,0.49996,0.499978,0.499988,0.499994,0.499997,0.499998,0.499998
0.499996,0.499996,0.499994,0.499989,0.499979,0.499962,0.499932,0.499881,0.499798,0.499668,0.499467,0.499169,0.498738,0.498135,0.497314,0.496231,0.494841,0.493108,0.491009,0.488536,0.485707,0.48256,0.47916,0.475595,0.471972,0.468414,0.465049,0.462007,0.459407,0.457356,0.455939,0.455216,0.455216,0.455939,0.457356,0.459407,0.462007,0.465049,0.468414,0.471972,0.475595,0.47916,0.48256,0.485707,0.488536,0.491009,0.493108,0.494841,0.496231,0.497314,0.498135,0.498738,0.499169,0.499467,0.499668,0.499798,0.499881,0.499932,0.499962,0.499979,0.499989,0.499994,0.499996,0.499996
0.499993,0.499993,0.49999,0.499981,0.499965,0.499936,0.499886,0.499803,0.499668,0.499456,0.499134,0.49866,0.497982,0.49704,0.495772,0.494114,0.492006,0.489404,0.486282,0.48264,0.478511,0.473961,0.469089,0.464024,0.458918,0.453941,0.449265,0.445063,0.441489,0.438682,0.436748,0.435762,0.435762,0.436748,0.438682,0.441489,0.445063,0.449265,0.453941,0.458918,0.464024,0.469089,0.473961,0.478511,0.48264,0.486282,0.489404,0.492006,0.494114,0.495772,0.49704,0.497982,0.49866,0.499134,0.499456,0.499668,0.499803,0.499886,0.499936,0.499965,0.499981,0.49999,0.499993,0.499993
0.499988,0.499988,0.499983,0.499969,0.499942,0.499895,0.499815,0.499681,0.499467,0.499134,0.498633,0.497901,0.496864,0.495438,0.493536,0.491073,0.487974,0.484188,0.47969,0.474498,0.468671,0.462312,0.455569,0.448623,0.441682,0.434971,0.428714,0.423125,0.4184,0.414704,0.412166,0.410875,0.410875,0.412166,0.414704,0.4184,0.423125,0.428714,0.434971,0.441682,0.448623,0.455569,0.462312,0.468671,0.474498,0.47969,0.484188,0.487974,0.491073,0.493536,0.495438,0.496864,0.497901,0.498633,0.499134,0.499467,0.499681,0.499815,0.499895,0.499942,0.499969,0.499983,0.499988,0.499988
0.499981,0.499981,0.499971,0.499949,0.499907,0.499833,0.499707,0.499499,0.499169,0.49866,0.497901,0.496802,0.495261,0.493164,0.490395,0.486845,0.482427,0.477085,0.47081,0.463643,0.455686,0.447095,0.43808,0.428887,0.41979,0.411071,0.403008,0.395859,0.389853,0.385177,0.381978,0.380354,0.380354,0.381978,0.385177,0.389853,0.395859,0.403008,0.411071,0.41979,0.428887,0.43808,0.447095,0.455686,0.463643,0.47081,0.477085,0.482427,0.486845,0.490395,0.493164,0.495261,0.496802,0.497901,0.49866,0.499169,0.499499,0.499707,0.499833,0.499907,0.499949,0.499971,0.499981,0.499981
0.499969,0.499969,0.499955,0.49992,0.499855,0.499741,0.499548,0.499233,0.498738,0.497982,0.496864,0.495261,0.493036,0.490038,0.486121,0.481155,0.475042,0.467734,0.459247,0.449666,0.439151,0.427931,0.416288,0.404547,0.393051,0.382142,0.372146,0.363355,0.35602,0.350343,0.346475,0.344516,0.344516,0.346475,0.350343,0.35602,0.363355,0.372146,0.382142,0.393051,0.404547,0.416288,0.427931,0.439151,0.449666,0.459247,0.467734,0.475042,0.481155,0.486121,0.490038,0.493036,0.495261,0.496864,0.497982,0.498738,0.499233,0.499548,0.499741,0.499855,0.49992,0.499955,0.499969,0.499969
0.499952,0.499952,0.49993,0.499878,0.49978,0.499608,0.499321,0.498858,0.498135,0.49704,0.495438,0.493164,0.490038,0.485872,0.480487,0.473737,0.465524,0.455824,0.444694,0.432285,0.418836,0.404663,0.390139,0.375669,0.361667,0.348528,0.336613,0.326231,0.317637,0.311029,0.306547,0.304285,0.304285,0.306547,0.311029,0.317637,0.326231,0.336613,0.348528,0.361667,0.375669,0.390139,0.404663,0.418836,0.432285,0.444694,0.455824,0.465524,0.473737,0.480487,0.485872,0.490038,0.493164,0.495438,0.49704,0.498135,0.498858,0.499321,0.499608,0.49978,0.499878,0.49993,0.499952,0.499952
0.499928,0.499928,0.499895,0.499817,0.499673,0.499423,0.499008,0.498343,0.497314,0.495772,0.493536,0.490395,0.486121,0.480487,0.473288,0.46437,0.453651,0.441148,0.426987,0.411408,0.39475,0.377433,0.359929,0.342725,0.326295,0.311072,0.297428,0.285667,0.276022,0.268661,0.263698,0.2612,0.2612,0.263698,0.268661,0.276022,0.285667,0.297428,0.311072,0.326295,0.342725,0.359929,0.377433,0.39475,0.411408,0.426987,0.441148,0.453651,0.46437,0.473288,0.480487,0.486121,0.490395,0.493536,0.495772,0.497314,0.498343,0.499008,0.499423,0.499673,0.499817,0.499895,0.499928,0.499928
0.499894,0.499894,0.499845,0.499734,0.499528,0.499172,0.498586,0.497657,0.496231,0.494114,0.491073,0.486845,0.481155,0.473737,0.46437,0.452906,0.439302,0.423645,0.406155,0.387184,0.367195,0.346724,0.326341,0.30661,0.288047,0.271094,0.256107,0.24335,0.233002,0.225177,0.219936,0.21731,0.21731,0.219936,0.225177,0.233002,0.24335,0.256107,0.271094,0.288047,0.30661,0.326341,0.346724,0.367195,0.387184,0.406155,0.423645,0.439302,0.452906,0.46437,0.473737,0.481155,0.486845,0.491073,0.494114,0.496231,0.497657,0.498586,0.499172,0.499528,0.499734,0.499845,0.499894,0.499894
0.499847,0.499847,0.499779,0.499623,0.499334,0.498841,0.498036,0.496769,0.494841,0.492006,0.487974,0.482427,0.475042,0.465524,0.453651,0.439302,0.422503,0.403435,0.382446,0.360026,0.336775,0.313352,0.29042,0.268598,0.248417,0.230295,0.214532,0.201316,0.190738,0.182829,0.177576,0.174958,0.174958,0.177576,0.182829,0.190738,0.201316,0.214532,0.230295,0.248417,0.268598,0.29042,0.313352,0.336775,0.360026,0.382446,0.403435,0.422503,0.439302,0.453651,0.465524,0.475042,0.482427,0.487974,0.492006,0.494841,0.496769,0.498036,0.498841,0.499334,0.499623,0.499779,0.499847,0.499847
0.499785,0.499785,0.499692,0.499478,0.499085,0.498418,0.497337,0.495651,0.493108,0.489404,0.484188,0.477085,0.467734,0.455824,0.441148,0.423645,0.403435,0.380833,0.356338,0.3306,0.304368,0.278417,0.253488,0.230224,0.209136,0.190575,0.174746,0.161718,0.151469,0.143914,0.138952,0.136496,0.136496,0.138952,0.143914,0.151469,0.161718,0.174746,0.190575,0.209136,0.230224,0.253488,0.278417,0.304368,0.3306,0.356338,0.380833,0.403435,0.423645,0.441148,0.455824,0.467734,0.477085,0.484188,0.489404,0.493108,0.495651,0.497337,0.498418,0.499085,0.499478,0.499692,0.499785,0.499785
0.499706,0.499706,0.499581,0.499294,0.498772,0.497891,0.496476,0.494284,0.491009,0.486282,0.47969,0.47081,0.459247,0.444694,0.426987,0.406155,0.382446,0.356338,0.328508,0.299781,0.271052,0.243199,0.217012,0.193123,0.171975,0.153813,0.1387,0.126559,0.11722,0.110471,0.106106,0.103967,0.103967,0.106106,0.110471,0.11722,0.126559,0.1387,0.153813,0.171975,0.193123,0.217012,0.243199,0.271052,0.299781,0.328508,0.356338,0.382446,0.406155,0.426987,0.444694,0.459247,0.47081,0.47969,0.486282,0.491009,0.494284,0.496476,0.497891,0.498772,0.499294,0.499581,0.499706,0.499706
0.499607,0.499607,0.499443,0.499069,0.498391,0.497255,0.495443,0.49266,0.488536,0.48264,0.474498,0.463643,0.449666,0.432285,0.411408,0.387184,0.360026,0.3306,0.299781,0.268571,0.237999,0.209024,0.182445,0.158838,0.138536,0.121629,0.108011,0.0974265,0.0895439,0.0840126,0.0805206,0.078836,0.078836,0.0805206,0.0840126,0.0895439,0.0974265,0.108011,0.121629,0.138536,0.158838,0.182445,0.209024,0.237999,0.268571,0.299781,0.3306,0.360026,0.387184,0.411408,0.432285,0.449666,0.463643,0.474498,0.48264,0.488536,0.49266,0.495443,0.497255,0.498391,0.499069,0.499443,0.499607,0.499607
0.499488,0.499488,0.499278,0.498801,0.49794,0.496509,0.494241,0.490784,0.485707,0.478511,0.468671,0.455686,0.439151,0.418836,0.39475,0.367195,0.336775,0.304368,0.271052,0.237999,0.206354,0.177119,0.151057,0.128646,0.110058,0.0952003,0.0837643,0.0753071,0.0693284,0.0653421,0.062935,0.0618092,0.0618092,0.062935,0.0653421,0.0693284,0.0753071,0.0837643,0.0952003,0.110058,0.128646,0.151057,0.177119,0.206354,0.237999,0.271052,0.304368,0.336775,0.367195,0.39475,0.418836,0.439151,0.455686,0.468671,0.478511,0.485707,0.490784,0.494241,0.496509,0.49794,0.498801,0.499278,0.499488,0.499488
0.499349,0.499349,0.499085,0.49849,0.497423,0.495658,0.492881,0.48868,0.48256,0.473961,0.462312,0.447095,0.427931,0.404663,0.377433,0.346724,0.313352,0.278417,0.243199,0.209024,0.177119,0.148485,0.123809,0.103418,0.0872959,0.0751325,0.0664092,0.0604918,0.0567209,0.0544885,0.053295,0.0527888,0.0527888,0.053295,0.0544885,0.0567209,0.0604918,0.0664092,0.0751325,0.0872959,0.103418,0.123809,0.148485,0.177119,0.209024,0.243199,0.278417,0.313352,0.346724,0.377433,0.404663,0.427931,0.447095,0.462312,0.473961,0.48256,0.48868,0.492881,0.495658,0.497423,0.49849,0.499085,0.499349,0.499349
0.49919,0.49919,0.498868,0.498142,0.496846,0.494717,0.491387,0.486388,0.47916,0.469089,0.455569,0.43808,0.416288,0.390139,0.359929,0.326341,0.29042,0.253488,0.217012,0.182445,0.151057,0.123809,0.101261,0.0835571,0.0704615,0.061437,0.0557538,0.0525989,0.0511738,0.0507714,0.0508281,0.0509551,0.0509551,0.0508281,0.0507714,0.0511738,0.0525989,0.0557538,0.061437,0.0704615,0.0835571,0.101261,0.123809,0.151057,0.182445,0.217012,0.253488,0.29042,0.326341,0.359929,0.390139,0.416288,0.43808,0.455569,0.469089,0.47916,0.486388,0.491387,0.494717,0.496846,0.498142,0.498868,0.49919,0.49919
0.499016,0.499016,0.49863,0.497764,0.496224,0.493708,0.489798,0.483966,0.475595,0.464024,0.448623,0.428887,0.404547,0.375669,0.342725,0.30661,0.268598,0.230224,0.193123,0.158838,0.128646,0.103418,0.0835571,0.0689948,0.0592606,0.0535911,0.0510587,0.0506944,0.0515892,0.0529661,0.054223,0.0549534,0.0549534,0.054223,0.0529661,0.0515892,0.0506944,0.0510587,0.0535911,0.0592606,0.0689948,0.0835571,0.103418,0.128646,0.158838,0.193123,0.230224,0.268598,0.30661,0.342725,0.375669,0.404547,0.428887,0.448623,0.464024,0.475595,0.483966,0.489798,0.493708,0.496224,0.497764,0.49863,0.499016,0.499016
0.498831,0.498831,0.498379,0.497367,0.495575,0.492661,0.488159,0.481486,0.471972,0.458918,0.441682,0.41979,0.393051,0.361667,0.326295,0.288047,0.248417,0.209136,0.171975,0.138536,0.110058,0.0872959,0.0704615,0.0592606,0.0529882,0.0506669,0.0511946,0.0534765,0.0565259,0.0595269,0.061865,0.0631344,0.0631344,0.061865,0.0595269,0.0565259,0.0534765,0.0511946,0.0506669,0.0529882,0.0592606,0.0704615,0.0872959,0.110058,0.138536,0.171975,0.209136,0.248417,0.288047,0.326295,0.361667,0.393051,0.41979,0.441682,0.458918,0.471972,0.481486,0.488159,0.492661,0.495575,0.497367,0.498379,0.498831,0.498831
0.498642,0.498642,0.498123,0.496965,0.494921,0.491613,0.486528,0.479033,0.468414,0.453941,0.434971,0.411071,0.382142,0.348528,0.311072,0.271094,0.230295,0.190575,0.153813,0.121629,0.0952003,0.0751325,0.061437,0.0535911,0.0506669,0.0514952,0.0548289,0.0594809,0.0644191,0.0688178,0.0720729,0.0737951,0.0737951,0.0720729,0.0688178,0.0644191,0.0594809,0.0548289,0.0514952,0.0506669,0.0535911,0.061437,0.0751325,0.0952003,0.121629,0.153813,0.190575,0.230295,0.271094,0.311072,0.348528,0.382142,0.411071,0.434971,0.453941,0.468414,0.479033,0.486528,0.491613,0.494921,0.496965,0.498123,0.498642,0.498642
0.498457,0.498457,0.497874,0.496575,0.49429,0.490605,0.484968,0.4767,0.465049,0.449265,0.428714,0.403008,0.372146,0.336613,0.297428,0.256107,0.214532,0.174746,0.1387,0.108011,0.0837643,0.0664092,0.0557538,0.0510587,0.0511946,0.0548289,0.060602,0.0672658,0.0737714,0.0793064,0.0832948,0.0853753,0.0853753,0.0832948,0.0793064,0.0737714,0.0672658,0.060602,0.0548289,0.0511946,0.0510587,0.0557538,0.0664092,0.0837643,0.108011,0.1387,0.174746,0.214532,0.256107,0.297428,0.336613,0.372146,0.403008,0.428714,0.449265,0.465049,0.4767,0.484968,0.490605,0.49429,0.496575,0.497874,0.498457,0.498457
0.498284,0.498284,0.497641,0.496213,0.493707,0.48968,0.483542,0.474579,0.462007,0.445063,0.423125,0.395859,0.363355,0.326231,0.285667,0.24335,0.201316,0.161718,0.126559,0.0974265,0.0753071,0.0604918,0.0525989,0.0506944,0.0534765,0.0594809,0.0672658,0.0755491,0.0832862,0.0896942,0.0942353,0.0965824,0.0965824,0.0942353,0.0896942,0.0832862,0.0755491,0.0672658,0.0594809,0.0534765,0.0506944,0.0525989,0.0604918,0.0753071,0.0974265,0.126559,0.161718,0.201316,0.24335,0.285667,0.326231,0.363355,0.395859,0.423125,0.445063,0.462007,0.474579,0.483542,0.48968,0.493707,0.496213,0.497641,0.498284,0.498284
0.498132,0.498132,0.497438,0.495898,0.493201,0.48888,0.482313,0.472758,0.459407,0.441489,0.4184,0.389853,0.35602,0.317637,0.276022,0.233002,0.190738,0.151469,0.11722,0.0895439,0.0693284,0.0567209,0.0511738,0.0515892,0.0565259,0.0644191,0.0737714,0.0832862,0.0919368,0.0989766,0.103909,0.106442,0.106442,0.103909,0.0989766,0.0919368,0.0832862,0.0737714,0.0644191,0.0565259,0.0515892,0.0511738,0.0567209,0.0693284,0.0895439,0.11722,0.151469,0.190738,0.233002,0.276022,0.317637,0.35602,0.389853,0.4184,0.441489,0.459407,0.472758,0.482313,0.48888,0.493201,0.495898,0.497438,0.498132,0.498132
0.49801,0.49801,0.497275,0.495645,0.492797,0.488242,0.481337,0.471316,0.457356,0.438682,0.414704,0.385177,0.350343,0.311029,0.268661,0.225177,0.182829,0.143914,0.110471,0.0840126,0.0653421,0.0544885,0.0507714,0.0529661,0.0595269,0.0688178,0.0793064,0.0896942,0.0989766,0.106442,0.111633,0.114287,0.114287,0.111633,0.106442,0.0989766,0.0896942,0.0793064,0.0688178,0.0595269,0.0529661,0.0507714,0.0544885,0.0653421,0.0840126,0.110471,0.143914,0.182829,0.225177,0.268661,0.311029,0.350343,0.385177,0.414704,0.438682,0.457356,0.471316,0.481337,0.488242,0.492797,0.495645,0.497275,0.49801,0.49801
0.497925,0.497925,0.497161,0.495469,0.492515,0.487798,0.480659,0.470317,0.455939,0.436748,0.412166,0.381978,0.346475,0.306547,0.263698,0.219936,0.177576,0.138952,0.106106,0.0805206,0.062935,0.053295,0.0508281,0.054223,0.061865,0.0720729,0.0832948,0.0942353,0.103909,0.111633,0.116977,0.1197,0.1197,0.116977,0.111633,0.103909,0.0942353,0.0832948,0.0720729,0.061865,0.054223,0.0508281,0.053295,0.062935,0.0805206,0.106106,0.138952,0.177576,0.219936,0.263698,0.306547,0.346475,0.381978,0.412166,0.436748,0.455939,0.470317,0.480659,0.487798,0.492515,0.495469,0.497161,0.497925,0.497925
0.497881,0.497881,0.497102,0.495378,0.49237,0.48757,0.480312,0.469807,0.455216,0.435762,0.410875,0.380354,0.344516,0.304285,0.2612,0.21731,0.174958,0.136496,0.103967,0.078836,0.0618092,0.0527888,0.0509551,0.0549534,0.0631344,0.0737951,0.0853753,0.0965824,0.106442,0.114287,0.1197,0.122456,0.122456,0.1197,0.114287,0.106442,0.0965824,0.0853753,0.0737951,0.0631344,0.0549534,0.0509551,0.0527888,0.0618092,0.078836,0.103967,0.136496,0.174958,0.21731,0.2612,0.304285,0.344516,0.380354,0.410875,0.435762,0.455216,0.469807,0.480312,0.48757,0.49237,0.495378,0.497102,0.497881,0.497881
0.497881,0.497881,0.497102,0.495378,0.49237,0.48757,0.480312,0.469807,0.455216,0.435762,0.410875,0.380354,0.344516,0.304285,0.2612,0.21731,0.174958,0.136496,0.103967,0.078836,0.0618092,0.0527888,0.0509551,0.0549534,0.0631344,0.0737951,0.0853753,0.0965824,0.106442,0.114287,0.1197,0.122456,0.122456,0.1197,0.114287,0.106442,0.0965824,0.0853753,0.0737951,0.0631344,0.0549534,0.0509551,0.0527888,0.0618092,0.078836,0.103967,0.136496,0.174958,0.21731,0.2612,0.304285,0.344516,0.380354,0.410875,0.435762,0.455216,0.469807,0.480312,0.48757,0.49237,0.495378,0.497102,0.497881,0.497881
0.497925,0.497925,0.497161,0.495469,0.492515,0.487798,0.480659,0.470317,0.455939,0.436748,0.412166,0.381978,0.346475,0.306547,0.263698,0.219936,0.177576,0.138952,0.106106,0.0805206,0.062935,0.053295,0.0508281,0.054223,0.061865,0.0720729,0.0832948,0.0942353,0.103909,0.111633,0.116977,0.1197,0.1197,0.116977,0.111633,0.103909,0.0942353,0.0832948,0.0720729,0.061865,0.054223,0.0508281,0.053295,0.062935,0.0805206,0.106106,0.138952,0.177576,0.219936,0.263698,0.306547,0.346475,0.381978,0.412166,0.436748,0.455939,0.470317,0.480659,0.487798,0.492515,0.495469,0.497161,0.497925,0.497925
0.49801,0.49801,0.497275,0.495645,0.492797,0.488242,0.481337,0.471316,0.457356,0.438682,0.414704,0.385177,0.350343,0.311029,0.268661,0.225177,0.182829,0.143914,0.110471,0.0840126,0.0653421,0.0544885,0.0507714,0.0529661,0.0595269,0.0688178,0.0793064,0.0896942,0.0989766,0.106442,0.111633,0.114287,0.114287,0.111633,0.106442,0.0989766,0.0896942,0.0793064,0.0688178,0.0595269,0.0529661,0.0507714,0.0544885,0.0653421,0.0840126,0.110471,0.143914,0.182829,0.225177,0.268661,0.311029,0.350343,0.385177,0.414704,0.438682,0.457356,0.471316,0.481337,0.488242,0.492797,0.495645,0.497275,0.49801,0.49801
0.498132,0.498132,0.497438,0.495898,0.493201,0.48888,0.482313,0.472758,0.459407,0.441489,0.4184,0.389853,0.35602,0.317637,0.276022,0.233002,0.190738,0.151469,0.11722,0.0895439,0.0693284,0.0567209,0.0511738,0.0515892,0.0565259,0.0644191,0.0737714,0.0832862,0.0919368,0.0989766,0.103909,0.106442,0.106442,0.103909,0.0989766,0.0919368,0.0832862,0.0737714,0.0644191,0.0565259,0.0515892,0.0511738,0.0567209,0.0693284,0.0895439,0.11722,0.151469,0.190738,0.233002,0.276022,0.317637,0.35602,0.389853,0.4184,0.441489,0.459407,0.472758,0.482313,0.48888,0.493201,0.495898,0.497438,0.498132,0.498132
0.498284,0.498284,0.497641,0.496213,0.493707,0.48968,0.483542,0.474579,0.462007,0.445063,0.423125,0.395859,0.363355,0.326231,0.285667,0.24335,0.201316,0.161718,0.126559,0.0974265,0.0753071,0.0604918,0.0525989,0.0506944,0.0534765,0.0594809,0.0672658,0.0755491,0.0832862,0.0896942,0.0942353,0.0965824,0.0965824,0.0942353,0.0896942,0.0832862,0.0755491,0.0672658,0.0594809,0.0534765,0.0506944,0.0525989,0.0604918,0.0753071,0.0974265,0.126559,0.161718,0.201316,0.24335,0.285667,0.326231,0.363355,0.395859,0.423125,0.445063,0.462007,0.474579,0.483542,0.48968,0.493707,0.496213,0.497641,0.498284,0.498284
0.498457,0.498457,0.497874,0.496575,0.49429,0.490605,0.484968,0.4767,0.465049,0.449265,0.428714,0.403008,0.372146,0.336613,0.297428,0.256107,0.214532,0.174746,0.1387,0.108011,0.0837643,0.0664092,0.0557538,0.0510587,0.0511946,0.0548289,0.060602,0.0672658,0.0737714,0.0793064,0.0832948,0.0853753,0.0853753,0.0832948,0.0793064,0.0737714,0.0672658,0.060602,0.0548289,0.0511946,0.0510587,0.0557538,0.0664092,0.0837643,0.108011,0.1387,0.174746,0.214532,0.256107,0.297428,0.336613,0.372146,0.403008,0.428714,0.449265,0.465049,0.4767,0.484968,0.490605,0.49429,0.496575,0.497874,0.498457,0.498457
0.498642,0.498642,0.498123,0.496965,0.494921,0.491613,0.486528,0.479033,0.468414,0.453941,0.434971,0.411071,0.382142,0.348528,0.311072,0.271094,0.230295,0.190575,0.153813,0.121629,0.0952003,0.0751325,0.061437,0.0535911,0.0506669,0.0514952,0.0548289,0.0594809,0.0644191,0.0688178,0.0720729,0.0737951,0.0737951,0.0720729,0.0688178,0.0644191,0.0594809,0.0548289,0.0514952,0.0506669,0.0535911,0.061437,0.0751325,0.0952003,0.121629,0.153813,0.190575,0.230295,0.271094,0.311072,0.348528,0.382142,0.411071,0.434971,0.453941,0.468414,0.479033,0.486528,0.491613,0.494921,0.496965,0.498123,0.498642,0.498642
0.498831,0.498831,0.498379,0.497367,0.495575,0.492661,0.488159,0.481486,0.471972,0.458918,0.441682,0.41979,0.393051,0.361667,0.326295,0.288047,0.248417,0.209136,0.171975,0.138536,0.110058,0.0872959,0.0704615,0.0592606,0.0529882,0.0506669,0.0511946,0.0534765,0.0565259,0.0595269,0.061865,0.0631344,0.0631344,0.061865,0.0595269,0.0565259,0.0534765,0.0511946,0.0506669,0.0529882,0.0592606,0.0704615,0.0872959,0.110058,0.138536,0.171975,0.209136,0.248417,0.288047,0.326295,0.361667,0.393051,0.41979,0.441682,0.458918,0.471972,0.481486,0.488159,0.492661,0.495575,0.497367,0.498379,0.498831,0.498831
0.499016,0.499016,0.49863,0.497764,0.496224,0.493708,0.489798,0.483966,0.475595,0.464024,0.448623,0.428887,0.404547,0.375669,0.342725,0.30661,0.268598,0.230224,0.193123,0.158838,0.128646,0.103418,0.0835571,0.0689948,0.0592606,0.0535911,0.0510587,0.0506944,0.0515892,0.0529661,0.054223,0.0549534,0.0549534,0.054223,0.0529661,0.0515892,0.0506944,0.0510587,0.0535911,0.0592606,0.0689948,0.0835571,0.103418,0.128646,0.158838,0.193123,0.230224,0.268598,0.30661,0.342725,0.375669,0.404547,0.428887,0.448623,0.464024,0.475595,0.483966,0.489798,0.493708,0.496224,0.497764,0.49863,0.499016,0.499016
0.49919,0.49919,0.498868,0.498142,0.496846,0.494717,0.491387,0.486388,0.47916,0.469089,0.455569,0.43808,0.416288,0.390139,0.359929,0.326341,0.29042,0.253488,0.217012,0.182445,0.151057,0.123809,0.101261,0.0835571,0.0704615,0.061437,0.0557538,0.0525989,0.0511738,0.0507714,0.0508281,0.0509551,0.0509551,0.0508281,0.0507714,0.0511738,0.0525989,0.0557538,0.061437,0.0704615,0.0835571,0.101261,0.123809,0.151057,0.182445,0.217012,0.253488,0.29042,0.326341,0.359929,0.390139,0.416288,0.43808,0.455569,0.469089,0.47916,0.486388,0.491387,0.494717,0.496846,0.498142,0.498868,0.49919,0.49919
0.499349,0.499349,0.499085,0.49849,0.497423,0.495658,0.492881,0.48868,0.48256,0.473961,0.462312,0.447095,0.427931,0.404663,0.377433,0.346724,0.313352,0.278417,0.243199,0.209024,0.177119,0.148485,0.123809,0.103418,0.0872959,0.0751325,0.0664092,0.0604918,0.0567209,0.0544885,0.053295,0.0527888,0.0527888,0.053295,0.0544885,0.0567209,0.0604918,0.0664092,0.0751325,0.0872959,0.103418,0.123809,0.148485,0.177119,0.209024,0.243199,0.278417,0.313352,0.346724,0.377433,0.404663,0.427931,0.447095,0.462312,0.473961,0.48256,0.48868,0.492881,0.495658,0.497423,0.49849,0.499085,0.499349,0.499349
0.499488,0.499488,0.499278,0.498801,0.49794,0.496509,0.494241,0.490784,0.485707,0.478511,0.468671,0.455686,0.439151,0.418836,0.39475,0.367195,0.336775,0.304368,0.271052,0.237999,0.206354,0.177119,0.151057,0.128646,0.110058,0.0952003,0.0837643,0.0753071,0.0693284,0.0653421,0.062935,0.0618092,0.0618092,0.062935,0.0653421,0.0693284,0.0753071,0.0837643,0.0952003,0.110058,0.128646,0.151057,0.177119,0.206354,0.237999,0.271052,0.304368,0.336775,0.367195,0.39475,0.418836,0.439151,0.455686,0.468671,0.478511,0.485707,0.490784,0.494241,0.496509,0.49794,0.498801,0.499278,0.499488,0.499488
0.499607,0.499607,0.499443,0.499069,0.498391,0.497255,0.495443,0.49266,0.488536,0.48264,0.474498,0.463643,0.449666,0.432285,0.411408,0.387184,0.360026,0.3306,0.299781,0.268571,0.237999,0.209024,0.182445,0.158838,0.138536,0.121629,0.108011,0.0974265,0.0895439,0.0840126,0.0805206,0.078836,0.078836,0.0805206,0.0840126,0.0895439,0.0974265,0.108011,0.121629,0.138536,0.158838,0.182445,0.209024,0.237999,0.268571,0.299781,0.3306,0.360026,0.387184,0.411408,0.432285,0.449666,0.463643,0.474498,0.48264,0.488536,0.49266,0.495443,0.497255,0.498391,0.499069,0.499443,0.499607,0.499607
0.499706,0.499706,0.499581,0.499294,0.498772,0.497891,0.496476,0.494284,0.491009,0.486282,0.47969,0.47081,0.459247,0.444694,0.426987,0.406155,0.382446,0.356338,0.328508,0.299781,0.271052,0.243199,0.217012,0.193123,0.171975,0.153813,0.1387,0.126559,0.11722,0.110471,0.106106,0.103967,0.103967,0.106106,0.110471,0.11722,0.126559,0.1387,0.153813,0.171975,0.193123,0.217012,0.243199,0.271052,0.299781,0.328508,0.356338,0.382446,0.406155,0.426987,0.444694,0.459247,0.47081,0.47969,0.486282,0.491009,0.494284,0.496476,0.497891,0.498772,0.499294,0.499581,0.499706,0.499706
0.499785,0.499785,0.499692,0.499478,0.499085,0.498418,0.497337,0.495651,0.493108,0.489404,0.484188,0.477085,0.467734,0.455824,0.441148,0.423645,0.403435,0.380833,0.356338,0.3306,0.304368,0.278417,0.253488,0.230224,0.209136,0.190575,0.174746,0.161718,0.151469,0.143914,0.138952,0.136496,0.136496,0.138952,0.143914,0.151469,0.161718,0.174746,0.190575,0.209136,0.230224,0.253488,0.278417,0.304368,0.3306,0.356338,0.380833,0.403435,0.423645,0.441148,0.455824,0.467734,0.477085,0.484188,0.489404,0.493108,0.495651,0.497337,0.498418,0.499085,0.499478,0.499692,0.499785,0.499785
0.499847,0.499847,0.499779,0.499623,0.499334,0.498841,0.498036,0.496769,0.494841,0.492006,0.487974,0.482427,0.475042,0.465524,0.453651,0.439302,0.422503,0.403435,0.382446,0.360026,0.336775,0.313352,0.29042,0.268598,0.248417,0.230295,0.214532,0.201316,0.190738,0.182829,0.177576,0.174958,0.174958,0.177576,0.182829,0.190738,0.201316,0.214532,0.230295,0.248417,0.268598,0.29042,0.313352,0.336775,0.360026,0.382446,0.403435,0.422503,0.439302,0.453651,0.465524,0.475042,0.482427,0.487974,0.492006,0.494841,0.496769,0.498036,0.498841,0.499334,0.499623,0.499779,0.499847,0.499847
0.499894,0.499894,0.499845,0.499734,0.499528,0.499172,0.498586,0.497657,0.496231,0.494114,0.491073,0.486845,0.481155,0.473737,0.46437,0.452906,0.439302,0.423645,0.406155,0.387184,0.367195,0.346724,0.326341,0.30661,0.288047,0.271094,0.256107,0.24335,0.233002,0.225177,0.219936,0.21731,0.21731,0.219936,0.225177,0.233002,0.24335,0.256107,0.271094,0.288047,0.30661,0.326341,0.346724,0.367195,0.387184,0.406155,0.423645,0.439302,0.452906,0.46437,0.473737,0.481155,0.486845,0.491073,0.494114,0.496231,0.497657,0.498586,0.499172,0.499528,0.499734,0.499845,0.499894,0.499894
0.499928,0.499928,0.499895,0.499817,0.499673,0.499423,0.499008,0.498343,0.497314,0.495772,0.493536,0.490395,0.486121,0.480487,0.473288,0.46437,0.453651,0.441148,0.426987,0.411408,0.39475,0.377433,0.359929,0.342725,0.326295,0.311072,0.297428,0.285667,0.276022,0.268661,0.263698,0.2612,0.2612,0.263698,0.268661,0.276022,0.285667,0.297428,0.311072,0.326295,0.342725,0.359929,0.377433,0.39475,0.411408,0.426987,0.441148,0.453651,0.46437,0.473288,0.480487,0.486121,0.490395,0.493536,0.495772,0.497314,0.498343,0.499008,0.499423,0.499673,0.499817,0.499895,0.499928,0.499928
0.499952,0.499952,0.49993,0.499878,0.49978,0.499608,0.499321,0.498858,0.498135,0.49704,0.495438,0.493164,0.490038,0.485872,0.480487,0.473737,0.465524,0.455824,0.444694,0.432285,0.418836,0.404663,0.390139,0.375669,0.361667,0.348528,0.336613,0.326231,0.317637,0.311029,0.306547,0.304285,0.304285,0.306547,0.311029,0.317637,0.326231,0.336613,0.348528,0.361667,0.375669,0.390139,0.404663,0.418836,0.432285,0.444694,0.455824,0.465524,0.473737,0.480487,0.485872,0.490038,0.493164,0.495438,0.49704,0.498135,0.498858,0.499321,0.499608,0.49978,0.499878,0.49993,0.499952,0.499952
0.499969,0.499969,0.499955,0.49992,0.499855,0.499741,0.499548,0.499233,0.498738,0.497982,0.496864,0.495261,0.493036,0.490038,0.486121,0.481155,0.475042,0.467734,0.459247,0.449666,0.439151,0.427931,0.416288,0.404547,0.393051,0.382142,0.372146,0.363355,0.35602,0.350343,0.346475,0.344516,0.344516,0.346475,0.350343,0.35602,0.363355,0.372146,0.382142,0.393051,0.404547,0.416288,0.427931,0.439151,0.449666,0.459247,0.467734,0.475042,0.481155,0.486121,0.490038,0.493036,0.495261,0.496864,0.497982,0.498738,0.499233,0.499548,0.499741,0.499855,0.49992,0.499955,0.499969,0.499969
0.499981,0.499981,0.499971,0.499949,0.499907,0.499833,0.499707,0.499499,0.499169,0.49866,0.497901,0.496802,0.495261,0.493164,0.490395,0.486845,0.482427,0.477085,0.47081,0.463643,0.455686,0.447095,0.43808,0.428887,0.41979,0.411071,0.403008,0.395859,0.389853,0.385177,0.381978,0.380354,0.380354,0.381978,0.385177,0.389853,0.395859,0.403008,0.411071,0.41979,0.428887,0.43808,0.447095,0.455686,0.463643,0.47081,0.477085,0.482427,0.486845,0.490395,0.493164,0.495261,0.496802,0.497901,0.49866,0.499169,0.499499,0.499707,0.499833,0.499907,0.499949,0.499971,0.499981,0.499981
0.499988,0.499988,0.499983,0.499969,0.499942,0.499895,0.499815,0.499681,0.499467,0.499134,0.498633,0.497901,0.496864,0.495438,0.493536,0.491073,0.487974,0.484188,0.47969,0.474498,0.468671,0.462312,0.455569,0.448623,0.441682,0.434971,0.428714,0.423125,0.4184,0.414704,0.412166,0.410875,0.410875,0.412166,0.414704,0.4184,0.423125,0.428714,0.434971,0.441682,0.448623,0.455569,0.462312,0.468671,0.474498,0.47969,0.484188,0.487974,0.491073,0.493536,0.495438,0.496864,0.497901,0.498633,0.499134,0.499467,0.499681,0.499815,0.499895,0.499942,0.499969,0.499983,0.499988,0.499988
0.499993,0.499993,0.49999,0.499981,0.499965,0.499936,0.499886,0.499803,0.499668,0.499456,0.499134,0.49866,0.497982,0.49704,0.495772,0.494114,0.492006,0.489404,0.486282,0.48264,0.478511,0.473961,0.469089,0.464024,0.458918,0.453941,0.449265,0.445063,0.441489,0.438682,0.436748,0.435762,0.435762,0.436748,0.438682,0.441489,0.445063,0.449265,0.453941,0.458918,0.464024,0.469089,0.473961,0.478511,0.48264,0.486282,0.489404,0.492006,0.494114,0.495772,0.49704,0.497982,0.49866,0.499134,0.499456,0.499668,0.499803,0.499886,0.499936,0.499965,0.499981,0.49999,0.499993,0.499993
0.499996,0.499996,0.499994,0.499989,0.499979,0.499962,0.499932,0.499881,0.499798,0.499668,0.499467,0.499169,0.498738,0.498135,0.497314,0.496231,0.494841,0.493108,0.491009,0.488536,0.485707,0.48256,0.47916,0.475595,0.471972,0.468414,0.465049,0.462007,0.459407,0.457356,0.455939,0.455216,0.455216,0.455939,0.457356,0.459407,0.462007,0.465049,0.468414,0.471972,0.475595,0.47916,0.48256,0.485707,0.488536,0.491009,0.493108,0.494841,0.496231,0.497314,0.498135,0.498738,0.499169,0.499467,0.499668,0.499798,0.499881,0.499932,0.499962,0.499979,0.499989,0.499994,0.499996,0.499996
0.499998,0.499998,0.499997,0.499994,0.499988,0.499978,0.49996,0.49993,0.499881,0.499803,0.499681,0.499499,0.499233,0.498858,0.498343,0.497657,0.496769,0.495651,0.494284,0.49266,0.490784,0.48868,0.486388,0.483966,0.481486,0.479033,0.4767,0.474579,0.472758,0.471316,0.470317,0.469807,0.469807,0.470317,0.471316,0.472758,0.474579,0.4767,0.479033,0.481486,0.483966,0.486388,0.48868,0.490784,0.49266,0.494284,0.495651,0.496769,0.497657,0.498343,0.498858,0.499233,0.499499,0.499681,0.499803,0.499881,0.49993,0.49996,0.499978,0.499988,0.499994,0.499997,0.499998,0.499998
0.499999,0.499999,0.499998,0.499997,0.499993,0.499988,0.499978,0.49996,0.499932,0.499886,0.499815,0.499707,0.499548,0.499321,0.499008,0.498586,0.498036,0.497337,0.496476,0.495443,0.494241,0.492881,0.491387,0.489798,0.488159,0.486528,0.484968,0.483542,0.482313,0.481337,0.480659,0.480312,0.480312,0.480659,0.481337,0.482313,0.483542,0.484968,0.486528,0.488159,0.489798,0.491387,0.492881,0.494241,0.495443,0.496476,0.497337,0.498036,0.498586,0.499008,0.499321,0.499548,0.499707,0.499815,0.499886,0.499932,0.49996,0.499978,0.499988,0.499993,0.499997,0.499998,0.499999,0.499999
0.499999,0.499999,0.499999,0.499998,0.499996,0.499993,0.499988,0.499978,0.499962,0.499936,0.499895,0.499833,0.499741,0.499608,0.499423,0.499172,0.498841,0.498418,0.497891,0.497255,0.496509,0.495658,0.494717,0.493708,0.492661,0.491613,0.490605,0.48968,0.48888,0.488242,0.487798,0.48757,0.48757,0.487798,0.488242,0.48888,0.48968,0.490605,0.491613,0.492661,0.493708,0.494717,0.495658,0.496509,0.497255,0.497891,0.498418,0.498841,0.499172,0.499423,0.499608,0.499741,0.499833,0.499895,0.499936,0.499962,0.499978,0.499988,0.499993,0.499996,0.499998,0.499999,0.499999,0.499999
0.5,0.5,0.499999,0.499999,0.499998,0.499996,0.499993,0.499988,0.499979,0.499965,0.499942,0.499907,0.499855,0.49978,0.499673,0.499528,0.499334,0.499085,0.498772,0.498391,0.49794,0.497423,0.496846,0.496224,0.495575,0.494921,0.49429,0.493707,0.493201,0.492797,0.492515,0.49237,0.49237,0.492515,0.492797,0.493201,0.493707,0.49429,0.494921,0.495575,0.496224,0.496846,0.497423,0.49794,0.498391,0.498772,0.499085,0.499334,0.499528,0.499673,0.49978,0.499855,0.499907,0.499942,0.499965,0.499979,0.499988,0.499993,0.499996,0.499998,0.499999,0.499999,0.5,0.5
0.5,0.5,0.5,0.5,0.499999,0.499998,0.499997,0.499994,0.499989,0.499981,0.499969,0.499949,0.49992,0.499878,0.499817,0.499734,0.499623,0.499478,0.499294,0.499069,0.498801,0.49849,0.498142,0.497764,0.497367,0.496965,0.496575,0.496213,0.495898,0.495645,0.495469,0.495378,0.495378,0.495469,0.495645,0.495898,0.496213,0.496575,0.496965,0.497367,0.497764,0.498142,0.49849,0.498801,0.499069,0.499294,0.499478,0.499623,0.499734,0.499817,0.499878,0.49992,0.499949,0.499969,0.499981,0.499989,0.499994,0.499997,0.499998,0.499999,0.5,0.5,0.5,0.5
0.5,0.5,0.5,0.5,0.499999,0.499999,0.499998,0.499997,0.499994,0.49999,0.499983,0.499971,0.499955,0.49993,0.499895,0.499845,0.499779,0.499692,0.499581,0.499443,0.499278,0.499085,0.498868,0.49863,0.498379,0.498123,0.497874,0.497641,0.497438,0.497275,0.497161,0.497102,0.497102,0.497161,0.497275,0.497438,0.497641,0.497874,0.498123,0.498379,0.49863,0.498868,0.499085,0.499278,0.499443,0.499581,0.499692,0.499779,0.499845,0.499895,0.49993,0.499955,0.499971,0.499983,0.49999,0.499994,0.499997,0.499998,0.499999,0.499999,0.5,0.5,0.5,0.5
0.5,0.5,0.5,0.5,0.5,0.499999,0.499999,0.499998,0.499996,0.499993,0.499988,0.499981,0.499969,0.499952,0.499928,0.499894,0.499847,0.499785,0.499706,0.499607,0.499488,0.499349,0.49919,0.499016,0.498831,0.498642,0.498457,0.498284,0.498132,0.49801,0.497925,0.497881,0.497881,0.497925,0.49801,0.498132,0.498284,0.498457,0.498642,0.498831,0.499016,0.49919,0.499349,0.499488,0.499607,0.499706,0.499785,0.499847,0.499894,0.499928,0.499952,0.499969,0.499981,0.499988,0.499993,0.499996,0.499998,0.499999,0.499999,0.5,0.5,0.5,0.5,0.5
0.5,0.5,0.5,0.5,0.5,0.499999,0.499999,0.499998,0.499996,0.499993,0.499988,0.499981,0.499969,0.499952,0.499928,0.499894,0.499847,0.499785,0.499706,0.499607,0.499488,0.499349,0.49919,0.499016,0.498831,0.498642,0.498457,0.498284,0.498132,0.49801,0.497925,0.497881,0.497881,0.497925,0.49801,0.498132,0.498284,0.498457,0.498642,0.498831,0.499016,0.49919,0.499349,0.499488,0.499607,0.499706,0.499785,0.499847,0.499894,0.499928,0.499952,0.499969,0.499981,0.499988,0.499993,0.499996,0.499998,0.499999,0.499999,0.5,0.5,0.5,0.5,0.5
