0.5,0.5,0.5,0.5,0.5,0.5,0.5,0.5,0.5,0.5,0.5,0.5,0.5,0.5,0.5,0.5,0.5,0.499999,0.499999,0.499999,0.499998,0.499997,0.499996,0.499995,0.499994,0.499992,0.499991,0.499989,0.499988,0.499987,0.499986,0.499986,0.499986,0.499986,0.499987,0.499988,0.499989,0.499991,0.499992,0.499994,0.499995,0.499996,0.499997,0.499998,0.499999,0.499999,0.499999,0.5,0.5,0.5,0.5,0.5,0.5,0.5,0.5,0.5,0.5,0.5,0.5,0.5,0.5,0.5,0.5,0.5
0.5,0.5,0.5,0.5,0.5,0.5,0.5,0.5,0.5,0.5,0.5,0.5,0.5,0.5,0.5,0.5,0.5,0.499999,0.499999,0.499999,0.499998,0.499997,0.499996,0.499995,0.499994,0.499992,0.499991,0.499989,0.499988,0.499987,0.499986,0.499986,0.499986,0.499986,0.499987,0.499988,0.499989,0.499991,0.499992,0.499994,0.499995,0.499996,0.499997,0.499998,0.499999,0.499999,0.499999,0.5,0.5,0.5,0.5,0.5,0.5,0.5,0.5,0.5,0.5,0.5,0.5,0.5,0.5,0.5,0.5,0.5
0.5,0.5,0.5,0.5,0.5,0.5,0.5,0.5,0.5,0.5,0.5,0.5,0.5,0.5,0.5,0.5,0.499999,0.499999,0.499998,0.499997,0.499996,0.499995,0.499993,0.499991,0.499989,0.499986,0.499984,0.499981,0.499979,0.499977,0.499975,0.499975,0.499975,0.499975,0.499977,0.499979,0.499981,0.499984,0.499986,0.499989,0.499991,0.499993,0.499995,0.499996,0.499997,0.499998,0.499999,0.499999,0.5,0.5,0.5,0.5,0.5,0.5,0.5,0.5,0.5,0.5,0.5,0.5,0.5,0.5,0.5,0.5
0.5,0.5,0.5,0.5,0.5,0.5,0.5,0.5,0.5,0.5,0.5,0.5,0.5,0.5,0.499999,0.499999,0.499998,0.499998,0.499996,0.499994,0.499992,0.499989,0.499985,0.499981,0.499976,0.499971,0.499965,0.49996,0.499955,0.499951,0.499948,0.499946,0.499946,0.499948,0.499951,0.499955,0.49996,0.499965,0.499971,0.499976,0.499981,0.499985,0.499989,0.499992,0.499994,0.499996,0.499998,0.499998,0.499999,0.499999,0.5,0.5,0.5,0.5,0.5,0.5,0.5,0.5,0.5,0.5,0.5,0.5,0.5,0.5
0.5,0.5,0.5,0.5,0.5,0.5,0.5,0.5,0.5,0.5,0.5,0.5,0.5,0.499999,0.499999,0.499998,0.499996,0.499994,0.499992,0.499988,0.499983,0.499976,0.499968,0.499959,0.499948,0.499936,0.499924,0.499912,0.499902,0.499893,0.499887,0.499883,0.499883,0.499887,0.499893,0.499902,0.499912,0.499924,0.499936,0.499948,0.499959,0.499968,0.499976,0.499983,0.499988,0.499992,0.499994,0.499996,0.499998,0.499999,0.499999,0.5,0.5,0.5,0.5,0.5,0.5,0.5,0.5,0.5,0.5,0.5,0.5,0.5
0.5,0.5,0.5,0.5,0.5,0.5,0.5,0.5,0.5,0.5,0.5,0.499999,0.499999,0.499998,0.499997,0.499995,0.499992,0.499988,0.499982,0.499974,0.499963,0.499949,0.499932,0.499912,0.499889,0.499865,0.49984,0.499815,0.499793,0.499775,0.499762,0.499755,0.499755,0.499762,0.499775,0.499793,0.499815,0.49984,0.499865,0.499889,0.499912,0.499932,0.499949,0.499963,0.499974,0.499982,0.499988,0.499992,0.499995,0.499997,0.499998,0.499999,0.499999,0.5,0.5,0.5,0.5,0.5,0.5,0.5,0.5,0.5,0.5,0.5
0.5,0.5,0.5,0.5,0.5,0.5,0.5,0.5,0.5,0.5,0.499999,0.499999,0.499998,0.499996,0.499994,0.49999,0.499984,0.499975,0.499962,0.499945,0.499923,0.499894,0.499859,0.499819,0.499773,0.499723,0.499673,0.499623,0.499579,0.499542,0.499516,0.499502,0.499502,0.499516,0.499542,0.499579,0.499623,0.499673,0.499723,0.499773,0.499819,0.499859,0.499894,0.499923,0.499945,0.499962,0.499975,0.499984,0.49999,0.499994,0.499996,0.499998,0.499999,0.499999,0.5,0.5,0.5,0.5,0.5,0.5,0.5,0.5,0.5,0.5
0.5,0.5,0.5,0.5,0.5,0.5,0.5,0.5,0.5,0.499999,0.499999,0.499998,0.499996,0.499992,0.499987,0.499979,0.499967,0.499949,0.499924,0.49989,0.499845,0.499788,0.49972,0.49964,0.499549,0.499453,0.499354,0.499258,0.499172,0.4991,0.49905,0.499023,0.499023,0.49905,0.4991,0.499172,0.499258,0.499354,0.499453,0.499549,0.49964,0.49972,0.499788,0.499845,0.49989,0.499924,0.499949,0.499967,0.499979,0.499987,0.499992,0.499996,0.499998,0.499999,0.499999,0.5,0.5,0.5,0.5,0.5,0.5,0.5,0.5,0.5
0.5,0.5,0.5,0.5,0.5,0.5,0.5,0.5,0.499999,0.499999,0.499997,0.499995,0.499991,0.499985,0.499975,0.499959,0.499934,0.4999,0.499851,0.499785,0.499699,0.499591,0.49946,0.499308,0.499137,0.498955,0.498769,0.498589,0.498428,0.498294,0.4982,0.49815,0.49815,0.4982,0.498294,0.498428,0.498589,0.498769,0.498955,0.499137,0.499308,0.49946,0.499591,0.499699,0.499785,0.499851,0.4999,0.499934,0.499959,0.499975,0.499985,0.499991,0.499995,0.499997,0.499999,0.499999,0.5,0.5,0.5,0.5,0.5,0.5,0.5,0.5
0.5,0.5,0.5,0.5,0.5,0.5,0.5,0.499999,0.499999,0.499997,0.499995,0.499991,0.499983,0.499971,0.499951,0.499921,0.499875,0.499809,0.499718,0.499595,0.499436,0.499236,0.498995,0.498716,0.498405,0.498073,0.497735,0.49741,0.497118,0.496878,0.496707,0.496618,0.496618,0.496707,0.496878,0.497118,0.49741,0.497735,0.498073,0.498405,0.498716,0.498995,0.499236,0.499436,0.499595,0.499718,0.499809,0.499875,0.499921,0.499951,0.499971,0.499983,0.499991,0.499995,0.499997,0.499999,0.499999,0.5,0.5,0.5,0.5,0.5,0.5,0.5
0.5,0.5,0.5,0.5,0.5,0.5,0.499999,0.499999,0.499997,0.499995,0.49999,0.499982,0.499968,0.499945,0.499909,0.499853,0.49977,0.49965,0.499485,0.499263,0.498977,0.49862,0.498192,0.497698,0.497149,0.496566,0.495975,0.495408,0.494899,0.494482,0.494185,0.494031,0.494031,0.494185,0.494482,0.494899,0.495408,0.495975,0.496566,0.497149,0.497698,0.498192,0.49862,0.498977,0.499263,0.499485,0.49965,0.49977,0.499853,0.499909,0.499945,0.499968,0.499982,0.49999,0.499995,0.499997,0.499999,0.499999,0.5,0.5,0.5,0.5,0.5,0.5
0.5,0.5,0.5,0.5,0.5,0.499999,0.499999,0.499998,0.499995,0.499991,0.499982,0.499967,0.499942,0.499901,0.499836,0.499736,0.499589,0.499379,0.499088,0.498702,0.498206,0.497591,0.496856,0.496011,0.495077,0.494089,0.49309,0.492135,0.49128,0.490581,0.490085,0.489828,0.489828,0.490085,0.490581,0.49128,0.492135,0.49309,0.494089,0.495077,0.496011,0.496856,0.497591,0.498206,0.498702,0.499088,0.499379,0.499589,0.499736,0.499836,0.499901,0.499942,0.499967,0.499982,0.499991,0.499995,0.499998,0.499999,0.499999,0.5,0.5,0.5,0.5,0.5
0.5,0.5,0.5,0.5,0.5,0.499999,0.499998,0.499996,0.499991,0.499983,0.499968,0.499942,0.499898,0.499827,0.499714,0.499542,0.49929,0.498932,0.49844,0.49779,0.496958,0.495932,0.494713,0.493318,0.491784,0.490166,0.488539,0.486987,0.485602,0.484472,0.483672,0.483257,0.483257,0.483672,0.484472,0.485602,0.486987,0.488539,0.490166,0.491784,0.493318,0.494713,0.495932,0.496958,0.49779,0.49844,0.498932,0.49929,0.499542,0.499714,0.499827,0.499898,0.499942,0.499968,0.499983,0.499991,0.499996,0.499998,0.499999,0.5,0.5,0.5,0.5,0.5
0.5,0.5,0.5,0.5,0.499999,0.499998,0.499996,0.499992,0.499985,0.499971,0.499945,0.499901,0.499827,0.499706,0.499517,0.499231,0.498813,0.498222,0.497417,0.496356,0.495009,0.493356,0.491402,0.489177,0.486741,0.484186,0.481625,0.479193,0.477029,0.475268,0.474023,0.473378,0.473378,0.474023,0.475268,0.477029,0.479193,0.481625,0.484186,0.486741,0.489177,0.491402,0.493356,0.495009,0.496356,0.497417,0.498222,0.498813,0.499231,0.499517,0.499706,0.499827,0.499901,0.499945,0.499971,0.499985,0.499992,0.499996,0.499998,0.499999,0.5,0.5,0.5,0.5
0.5,0.5,0.5,0.499999,0.499999,0.499997,0.499994,0.499987,0.499975,0.499951,0.499909,0.499836,0.499714,0.499517,0.49921,0.498749,0.498077,0.497135,0.495857,0.494185,0.492072,0.489497,0.486469,0.48304,0.479307,0.475408,0.47152,0.467842,0.46458,0.461932,0.460065,0.459099,0.459099,0.460065,0.461932,0.46458,0.467842,0.47152,0.475408,0.479307,0.48304,0.486469,0.489497,0.492072,0.494185,0.495857,0.497135,0.498077,0.498749,0.49921,0.499517,0.499714,0.499836,0.499909,0.499951,0.499975,0.499987,0.499994,0.499997,0.499999,0.499999,0.5,0.5,0.5
0.5,0.5,0.5,0.499999,0.499998,0.499995,0.49999,0.499979,0.499959,0.499921,0.499853,0.499736,0.499542,0.499231,0.498749,0.498027,0.496983,0.495527,0.493565,0.491013,0.487808,0.483925,0.479387,0.47428,0.468751,0.463007,0.457307,0.451938,0.447196,0.443357,0.440655,0.43926,0.43926,0.440655,0.443357,0.447196,0.451938,0.457307,0.463007,0.468751,0.47428,0.479387,0.483925,0.487808,0.491013,0.493565,0.495527,0.496983,0.498027,0.498749,0.499231,0.499542,0.499736,0.499853,0.499921,0.499959,0.499979,0.49999,0.499995,0.499998,0.499999,0.5,0.5,0.5
0.5,0.5,0.499999,0.499998,0.499996,0.499992,0.499984,0.499967,0.499934,0.499875,0.49977,0.499589,0.49929,0.498813,0.498077,0.496983,0.495411,0.493231,0.490313,0.48654,0.481834,0.476169,0.469592,0.462235,0.454319,0.446145,0.438075,0.430511,0.423857,0.418488,0.41472,0.412777,0.412777,0.41472,0.418488,0.423857,0.430511,0.438075,0.446145,0.454319,0.462235,0.469592,0.476169,0.481834,0.48654,0.490313,0.493231,0.495411,0.496983,0.498077,0.498813,0.49929,0.499589,0.49977,0.499875,0.499934,0.499967,0.499984,0.499992,0.499996,0.499998,0.499999,0.5,0.5
0.499999,0.499999,0.499999,0.499998,0.499994,0.499988,0.499975,0.499949,0.4999,0.499809,0.49965,0.499379,0.498932,0.498222,0.497135,0.495527,0.493231,0.490068,0.48586,0.480458,0.473764,0.46576,0.456533,0.446282,0.435324,0.424078,0.413042,0.402752,0.393741,0.386499,0.381429,0.37882,0.37882,0.381429,0.386499,0.393741,0.402752,0.413042,0.424078,0.435324,0.446282,0.456533,0.46576,0.473764,0.480458,0.48586,0.490068,0.493231,0.495527,0.497135,0.498222,0.498932,0.499379,0.49965,0.499809,0.4999,0.499949,0.499975,0.499988,0.499994,0.499998,0.499999,0.499999,0.499999
0.499999,0.499999,0.499998,0.499996,0.499992,0.499982,0.499962,0.499924,0.499851,0.499718,0.499485,0.499088,0.49844,0.497417,0.495857,0.493565,0.490313,0.48586,0.479977,0.472477,0.463248,0.452294,0.439757,0.425929,0.411252,0.396293,0.381707,0.368186,0.356407,0.346979,0.3404,0.33702,0.33702,0.3404,0.346979,0.356407,0.368186,0.381707,0.396293,0.411252,0.425929,0.439757,0.452294,0.463248,0.472477,0.479977,0.48586,0.490313,0.493565,0.495857,0.497417,0.49844,0.499088,0.499485,0.499718,0.499851,0.499924,0.499962,0.499982,0.499992,0.499996,0.499998,0.499999,0.499999
0.499999,0.499999,0.499997,0.499994,0.499988,0.499974,0.499945,0.49989,0.499785,0.499595,0.499263,0.498702,0.49779,0.496356,0.494185,0.491013,0.48654,0.480458,0.472477,0.462373,0.450033,0.435498,0.418988,0.400919,0.381888,0.362635,0.343994,0.326825,0.311954,0.300107,0.291869,0.287646,0.287646,0.291869,0.300107,0.311954,0.326825,0.343994,0.362635,0.381888,0.400919,0.418988,0.435498,0.450033,0.462373,0.472477,0.480458,0.48654,0.491013,0.494185,0.496356,0.49779,0.498702,0.499263,0.499595,0.499785,0.49989,0.499945,0.499974,0.499988,0.499994,0.499997,0.499999,0.499999
0.499998,0.499998,0.499996,0.499992,0.499983,0.499963,0.499923,0.499845,0.499699,0.499436,0.498977,0.498206,0.496958,0.495009,0.492072,0.487808,0.481834,0.473764,0.463248,0.450033,0.434017,0.415299,0.394211,0.371321,0.347409,0.323414,0.300361,0.279282,0.26114,0.246765,0.236808,0.231717,0.231717,0.236808,0.246765,0.26114,0.279282,0.300361,0.323414,0.347409,0.371321,0.394211,0.415299,0.434017,0.450033,0.463248,0.473764,0.481834,0.487808,0.492072,0.495009,0.496958,0.498206,0.498977,0.499436,0.499699,0.499845,0.499923,0.499963,0.499983,0.499992,0.499996,0.499998,0.499998
0.499997,0.499997,0.499995,0.499989,0.499976,0.499949,0.499894,0.499788,0.499591,0.499236,0.49862,0.497591,0.495932,0.493356,0.489497,0.483925,0.476169,0.46576,0.452294,0.435498,0.415299,0.391886,0.36573,0.337587,0.308446,0.27946,0.251849,0.226804,0.205402,0.188546,0.176925,0.171,0.171,0.176925,0.188546,0.205402,0.226804,0.251849,0.27946,0.308446,0.337587,0.36573,0.391886,0.415299,0.435498,0.452294,0.46576,0.476169,0.483925,0.489497,0.493356,0.495932,0.497591,0.49862,0.499236,0.499591,0.499788,0.499894,0.499949,0.499976,0.499989,0.499995,0.499997,0.499997
0.499996,0.499996,0.499993,0.499985,0.499968,0.499932,0.499859,0.49972,0.49946,0.498995,0.498192,0.496856,0.494713,0.491402,0.486469,0.479387,0.469592,0.456533,0.439757,0.418988,0.394211,0.36573,0.334195,0.300572,0.266083,0.232102,0.200033,0.171203,0.146765,0.12765,0.114541,0.107879,0.107879,0.114541,0.12765,0.146765,0.171203,0.200033,0.232102,0.266083,0.300572,0.334195,0.36573,0.394211,0.418988,0.439757,0.456533,0.469592,0.479387,0.486469,0.491402,0.494713,0.496856,0.498192,0.498995,0.49946,0.49972,0.499859,0.499932,0.499968,0.499985,0.499993,0.499996,0.499996
0.499995,0.499995,0.499991,0.499981,0.499959,0.499912,0.499819,0.49964,0.499308,0.498716,0.497698,0.496011,0.493318,0.489177,0.48304,0.47428,0.462235,0.446282,0.425929,0.400919,0.371321,0.337587,0.300572,0.261481,0.221781,0.183061,0.14689,0.114689,0.0876418,0.0666505,0.0523418,0.0450983,0.0450983,0.0523418,0.0666505,0.0876418,0.114689,0.14689,0.183061,0.221781,0.261481,0.300572,0.337587,0.371321,0.400919,0.425929,0.446282,0.462235,0.47428,0.48304,0.489177,0.493318,0.496011,0.497698,0.498716,0.499308,0.49964,0.499819,0.499912,0.499959,0.499981,0.499991,0.499995,0.499995
0.499994,0.499994,0.499989,0.499976,0.499948,0.499889,0.499773,0.499549,0.499137,0.498405,0.497149,0.495077,0.491784,0.486741,0.479307,0.468751,0.454319,0.435324,0.411252,0.381888,0.347409,0.308446,0.266083,0.221781,0.177251,0.134286,0.0945864,0.0596238,0.0305525,0.00818985,-0.00694761,-0.0145764,-0.0145764,-0.00694761,0.00818985,0.0305525,0.0596238,0.0945864,0.134286,0.177251,0.221781,0.266083,0.308446,0.347409,0.381888,0.411252,0.435324,0.454319,0.468751,0.479307,0.486741,0.491784,0.495077,0.497149,0.498405,0.499137,0.499549,0.499773,0.499889,0.499948,0.499976,0.499989,0.499994,0.499994
0.499992,0.499992,0.499986,0.499971,0.499936,0.499865,0.499723,0.499453,0.498955,0.498073,0.496566,0.494089,0.490166,0.484186,0.475408,0.463007,0.446145,0.424078,0.396293,0.362635,0.323414,0.27946,0.232102,0.183061,0.134286,0.0877481,0.0452442,0.00824546,-0.0221776,-0.0453481,-0.0609082,-0.0687097,-0.0687097,-0.0609082,-0.0453481,-0.0221776,0.00824546,0.0452442,0.0877481,0.134286,0.183061,0.232102,0.27946,0.323414,0.362635,0.396293,0.424078,0.446145,0.463007,0.475408,0.484186,0.490166,0.494089,0.496566,0.498073,0.498955,0.499453,0.499723,0.499865,0.499936,0.499971,0.499986,0.499992,0.499992
0.499991,0.499991,0.499984,0.499965,0.499924,0.49984,0.499673,0.499354,0.498769,0.497735,0.495975,0.49309,0.488539,0.481625,0.47152,0.457307,0.438075,0.413042,0.381707,0.343994,0.300361,0.251849,0.200033,0.14689,0.0945864,0.0452442,0.000715698,-0.037572,-0.0686787,-0.0921118,-0.107709,-0.115483,-0.115483,-0.107709,-0.0921118,-0.0686787,-0.037572,0.000715698,0.0452442,0.0945864,0.14689,0.200033,0.251849,0.300361,0.343994,0.381707,0.413042,0.438075,0.457307,0.47152,0.481625,0.488539,0.49309,0.495975,0.497735,0.498769,0.499354,0.499673,0.49984,0.499924,0.499965,0.499984,0.499991,0.499991
0.499989,0.499989,0.499981,0.49996,0.499912,0.499815,0.499623,0.499258,0.498589,0.49741,0.495408,0.492135,0.486987,0.479193,0.467842,0.451938,0.430511,0.402752,0.368186,0.326825,0.279282,0.226804,0.171203,0.114689,0.0596238,0.00824546,-0.037572,-0.0764795,-0.107697,-0.130942,-0.146265,-0.153854,-0.153854,-0.146265,-0.130942,-0.107697,-0.0764795,-0.037572,0.00824546,0.0596238,0.114689,0.171203,0.226804,0.279282,0.326825,0.368186,0.402752,0.430511,0.451938,0.467842,0.479193,0.486987,0.492135,0.495408,0.49741,0.498589,0.499258,0.499623,0.499815,0.499912,0.49996,0.499981,0.499989,0.499989
0.499988,0.499988,0.499979,0.499955,0.499902,0.499793,0.499579,0.499172,0.498428,0.497118,0.494899,0.49128,0.485602,0.477029,0.46458,0.447196,0.423857,0.393741,0.356407,0.311954,0.26114,0.205402,0.146765,0.0876418,0.0305525,-0.0221776,-0.0686787,-0.107697,-0.138623,-0.161382,-0.176238,-0.183547,-0.183547,-0.176238,-0.161382,-0.138623,-0.107697,-0.0686787,-0.0221776,0.0305525,0.0876418,0.146765,0.205402,0.26114,0.311954,0.356407,0.393741,0.423857,0.447196,0.46458,0.477029,0.485602,0.49128,0.494899,0.497118,0.498428,0.499172,0.499579,0.499793,0.499902,0.499955,0.499979,0.499988,0.499988
0.499987,0.499987,0.499977,0.499951,0.499893,0.499775,0.499542,0.4991,0.498294,0.496878,0.494482,0.490581,0.484472,0.475268,0.461932,0.443357,0.418488,0.386499,0.346979,0.300107,0.246765,0.188546,0.12765,0.0666505,0.00818985,-0.0453481,-0.0921118,-0.130942,-0.161382,-0.183547,-0.197882,-0.204889,-0.204889,-0.197882,-0.183547,-0.161382,-0.130942,-0.0921118,-0.0453481,0.00818985,0.0666505,0.12765,0.188546,0.246765,0.300107,0.346979,0.386499,0.418488,0.443357,0.461932,0.475268,0.484472,0.490581,0.494482,0.496878,0.498294,0.4991,0.499542,0.499775,0.499893,0.499951,0.499977,0.499987,0.499987
0.499986,0.499986,0.499975,0.499948,0.499887,0.499762,0.499516,0.49905,0.4982,0.496707,0.494185,0.490085,0.483672,0.474023,0.460065,0.440655,0.41472,0.381429,0.3404,0.291869,0.236808,0.176925,0.114541,0.0523418,-0.00694761,-0.0609082,-0.107709,-0.146265,-0.176238,-0.197882,-0.211778,-0.218536,-0.218536,-0.211778,-0.197882,-0.176238,-0.146265,-0.107709,-0.0609082,-0.00694761,0.0523418,0.114541,0.176925,0.236808,0.291869,0.3404,0.381429,0.41472,0.440655,0.460065,0.474023,0.483672,0.490085,0.494185,0.496707,0.4982,0.49905,0.499516,0.499762,0.499887,0.499948,0.499975,0.499986,0.499986
0.499986,0.499986,0.499975,0.499946,0.499883,0.499755,0.499502,0.499023,0.49815,0.496618,0.494031,0.489828,0.483257,0.473378,0.459099,0.43926,0.412777,0.37882,0.33702,0.287646,0.231717,0.171,0.107879,0.0450983,-0.0145764,-0.0687097,-0.115483,-0.153854,-0.183547,-0.204889,-0.218536,-0.225154,-0.225154,-0.218536,-0.204889,-0.183547,-0.153854,-0.115483,-0.0687097,-0.0145764,0.0450983,0.107879,0.171,0.231717,0.287646,0.33702,0.37882,0.412777,0.43926,0.459099,0.473378,0.483257,0.489828,0.494031,0.496618,0.49815,0.499023,0.499502,0.499755,0.499883,0.499946,0.499975,0.499986,0.499986
0.499986,0.499986,0.499975,0.499946,0.499883,0.499755,0.499502,0.499023,0.49815,0.496618,0.494031,0.489828,0.483257,0.473378,0.459099,0.43926,0.412777,0.37882,0.33702,0.287646,0.231717,0.171,0.107879,0.0450983,-0.0145764,-0.0687097,-0.115483,-0.153854,-0.183547,-0.204889,-0.218536,-0.225154,-0.225154,-0.218536,-0.204889,-0.183547,-0.153854,-0.115483,-0.0687097,-0.0145764,0.0450983,0.107879,0.171,0.231717,0.287646,0.33702,0.37882,0.412777,0.43926,0.459099,0.473378,0.483257,0.489828,0.494031,0.496618,0.49815,0.499023,0.499502,0.499755,0.499883,0.499946,0.499975,0.499986,0.499986
0.499986,0.499986,0.499975,0.499948,0.499887,0.499762,0.499516,0.49905,0.4982,0.496707,0.494185,0.490085,0.483672,0.474023,0.460065,0.440655,0.41472,0.381429,0.3404,0.291869,0.236808,0.176925,0.114541,0.0523418,-0.00694761,-0.0609082,-0.107709,-0.146265,-0.176238,-0.197882,-0.211778,-0.218536,-0.218536,-0.211778,-0.197882,-0.176238,-0.146265,-0.107709,-0.0609082,-0.00694761,0.0523418,0.114541,0.176925,0.236808,0.291869,0.3404,0.381429,0.41472,0.440655,0.460065,0.474023,0.483672,0.490085,0.494185,0.496707,0.4982,0.49905,0.499516,0.499762,0.499887,0.499948,0.499975,0.499986,0.499986
0.499987,0.499987,0.499977,0.499951,0.499893,0.499775,0.499542,0.4991,0.498294,0.496878,0.494482,0.490581,0.484472,0.475268,0.461932,0.443357,0.418488,0.386499,0.346979,0.300107,0.246765,0.188546,0.12765,0.0666505,0.00818985,-0.0453481,-0.0921118,-0.130942,-0.161382,-0.183547,-0.197882,-0.204889,-0.204889,-0.197882,-0.183547,-0.161382,-0.130942,-0.0921118,-0.0453481,0.00818985,0.0666505,0.12765,0.188546,0.246765,0.300107,0.346979,0.386499,0.418488,0.443357,0.461932,0.475268,0.484472,0.490581,0.494482,0.496878,0.498294,0.4991,0.499542,0.499775,0.499893,0.499951,0.499977,0.499987,0.499987
0.499988,0.499988,0.499979,0.499955,0.499902,0.499793,0.499579,0.499172,0.498428,0.497118,0.494899,0.49128,0.485602,0.477029,0.46458,0.447196,0.423857,0.393741,0.356407,0.311954,0.26114,0.205402,0.146765,0.0876418,0.0305525,-0.0221776,-0.0686787,-0.107697,-0.138623,-0.161382,-0.176238,-0.183547,-0.183547,-0.176238,-0.161382,-0.138623,-0.107697,-0.0686787,-0.0221776,0.0305525,0.0876418,0.146765,0.205402,0.26114,0.311954,0.356407,0.393741,0.423857,0.447196,0.46458,0.477029,0.485602,0.49128,0.494899,0.497118,0.498428,0.499172,0.499579,0.499793,0.499902,0.499955,0.499979,0.499988,0.499988
0.499989,0.499989,0.499981,0.49996,0.499912,0.499815,0.499623,0.499258,0.498589,0.49741,0.495408,0.492135,0.486987,0.479193,0.467842,0.451938,0.430511,0.402752,0.368186,0.326825,0.279282,0.226804,0.171203,0.114689,0.0596238,0.00824546,-0.037572,-0.0764795,-0.107697,-0.130942,-0.146265,-0.153854,-0.153854,-0.146265,-0.130942,-0.107697,-0.0764795,-0.037572,0.00824546,0.0596238,0.114689,0.171203,0.226804,0.279282,0.326825,0.368186,0.402752,0.430511,0.451938,0.467842,0.479193,0.486987,0.492135,0.495408,0.49741,0.498589,0.499258,0.499623,0.499815,0.499912,0.49996,0.499981,0.499989,0.499989
0.499991,0.499991,0.499984,0.499965,0.499924,0.49984,0.499673,0.499354,0.498769,0.497735,0.495975,0.49309,0.488539,0.481625,0.47152,0.457307,0.438075,0.413042,0.381707,0.343994,0.300361,0.251849,0.200033,0.14689,0.0945864,0.0452442,0.000715698,-0.037572,-0.0686787,-0.0921118,-0.107709,-0.115483,-0.115483,-0.107709,-0.0921118,-0.0686787,-0.037572,0.000715698,0.0452442,0.0945864,0.14689,0.200033,0.251849,0.300361,0.343994,0.381707,0.413042,0.438075,0.457307,0.47152,0.481625,0.488539,0.49309,0.495975,0.497735,0.498769,0.499354,0.499673,0.49984,0.499924,0.499965,0.499984,0.499991,0.499991
0.499992,0.499992,0.499986,0.499971,0.499936,0.499865,0.499723,0.499453,0.498955,0.498073,0.496566,0.494089,0.490166,0.484186,0.475408,0.463007,0.446145,0.424078,0.396293,0.362635,0.323414,0.27946,0.232102,0.183061,0.134286,0.0877481,0.0452442,0.00824546,-0.0221776,-0.0453481,-0.0609082,-0.0687097,-0.0687097,-0.0609082,-0.0453481,-0.0221776,0.00824546,0.0452442,0.0877481,0.134286,0.183061,0.232102,0.27946,0.323414,0.362635,0.396293,0.424078,0.446145,0.463007,0.475408,0.484186,0.490166,0.494089,0.496566,0.498073,0.498955,0.499453,0.499723,0.499865,0.499936,0.499971,0.499986,0.499992,0.499992
0.499994,0.499994,0.499989,0.499976,0.499948,0.499889,0.499773,0.499549,0.499137,0.498405,0.497149,0.495077,0.491784,0.486741,0.479307,0.468751,0.454319,0.435324,0.411252,0.381888,0.347409,0.308446,0.266083,0.221781,0.177251,0.134286,0.0945864,0.0596238,0.0305525,0.00818985,-0.00694761,-0.0145764,-0.0145764,-0.00694761,0.00818985,0.0305525,0.0596238,0.0945864,0.134286,0.177251,0.221781,0.266083,0.308446,0.347409,0.381888,0.411252,0.435324,0.454319,0.468751,0.479307,0.486741,0.491784,0.495077,0.497149,0.498405,0.499137,0.499549,0.499773,0.499889,0.499948,0.499976,0.499989,0.499994,0.499994
0.499995,0.499995,0.499991,0.499981,0.499959,0.499912,0.499819,0.49964,0.499308,0.498716,0.497698,0.496011,0.493318,0.489177,0.48304,0.47428,0.462235,0.446282,0.425929,0.400919,0.371321,0.337587,0.300572,0.261481,0.221781,0.183061,0.14689,0.114689,0.0876418,0.0666505,0.0523418,0.0450983,0.0450983,0.0523418,0.0666505,0.0876418,0.114689,0.14689,0.183061,0.221781,0.261481,0.300572,0.337587,0.371321,0.400919,0.425929,0.446282,0.462235,0.47428,0.48304,0.489177,0.493318,0.496011,0.497698,0.498716,0.499308,0.49964,0.499819,0.499912,0.499959,0.499981,0.499991,0.499995,0.499995
0.499996,0.499996,0.499993,0.499985,0.499968,0.499932,0.499859,0.49972,0.49946,0.498995,0.498192,0.496856,0.494713,0.491402,0.486469,0.479387,0.469592,0.456533,0.439757,0.418988,0.394211,0.36573,0.334195,0.300572,0.266083,0.232102,0.200033,0.171203,0.146765,0.12765,0.114541,0.107879,0.107879,0.114541,0.12765,0.146765,0.171203,0.200033,0.232102,0.266083,0.300572,0.334195,0.36573,0.394211,0.418988,0.439757,0.456533,0.469592,0.479387,0.486469,0.491402,0.494713,0.496856,0.498192,0.498995,0.49946,0.49972,0.499859,0.499932,0.499968,0.499985,0.499993,0.499996,0.499996
0.499997,0.499997,0.499995,0.499989,0.499976,0.499949,0.499894,0.499788,0.499591,0.499236,0.49862,0.497591,0.495932,0.493356,0.489497,0.483925,0.476169,0.46576,0.452294,0.435498,0.415299,0.391886,0.36573,0.337587,0.308446,0.27946,0.251849,0.226804,0.205402,0.188546,0.176925,0.171,0.171,0.176925,0.188546,0.205402,0.226804,0.251849,0.27946,0.308446,0.337587,0.36573,0.391886,0.415299,0.435498,0.452294,0.46576,0.476169,0.483925,0.489497,0.493356,0.495932,0.497591,0.49862,0.499236,0.499591,0.499788,0.499894,0.499949,0.499976,0.499989,0.499995,0.499997,0.499997
0.499998,0.499998,0.499996,0.499992,0.499983,0.499963,0.499923,0.499845,0.499699,0.499436,0.498977,0.498206,0.496958,0.495009,0.492072,0.487808,0.481834,0.473764,0.463248,0.450033,0.434017,0.415299,0.394211,0.371321,0.347409,0.323414,0.300361,0.279282,0.26114,0.246765,0.236808,0.231717,0.231717,0.236808,0.246765,0.26114,0.279282,0.300361,0.323414,0.347409,0.371321,0.394211,0.415299,0.434017,0.450033,0.463248,0.473764,0.481834,0.487808,0.492072,0.495009,0.496958,0.498206,0.498977,0.499436,0.499699,0.499845,0.499923,0.499963,0.499983,0.499992,0.499996,0.499998,0.499998
0.499999,0.499999,0.499997,0.499994,0.499988,0.499974,0.499945,0.49989,0.499785,0.499595,0.499263,0.498702,0.49779,0.496356,0.494185,0.491013,0.48654,0.480458,0.472477,0.462373,0.450033,0.435498,0.418988,0.400919,0.381888,0.362635,0.343994,0.326825,0.311954,0.300107,0.291869,0.287646,0.287646,0.291869,0.300107,0.311954,0.326825,0.343994,0.362635,0.381888,0.400919,0.418988,0.435498,0.450033,0.462373,0.472477,0.480458,0.48654,0.491013,0.494185,0.496356,0.49779,0.498702,0.499263,0.499595,0.499785,0.49989,0.499945,0.499974,0.499988,0.499994,0.499997,0.499999,0.499999
0.499999,0.499999,0.499998,0.499996,0.499992,0.499982,0.499962,0.499924,0.499851,0.499718,0.499485,0.499088,0.49844,0.497417,0.495857,0.493565,0.490313,0.48586,0.479977,0.472477,0.463248,0.452294,0.439757,0.425929,0.411252,0.396293,0.381707,0.368186,0.356407,0.346979,0.3404,0.33702,0.33702,0.3404,0.346979,0.356407,0.368186,0.381707,0.396293,0.411252,0.425929,0.439757,0.452294,0.463248,0.472477,0.479977,0.48586,0.490313,0.493565,0.495857,0.497417,0.49844,0.499088,0.499485,0.499718,0.499851,0.499924,0.499962,0.499982,0.499992,0.499996,0.499998,0.499999,0.499999
0.499999,0.499999,0.499999,0.499998,0.499994,0.499988,0.499975,0.499949,0.4999,0.499809,0.49965,0.499379,0.498932,0.498222,0.497135,0.495527,0.493231,0.490068,0.48586,0.480458,0.473764,0.46576,0.456533,0.446282,0.435324,0.424078,0.413042,0.402752,0.393741,0.386499,0.381429,0.37882,0.37882,0.381429,0.386499,0.393741,0.402752,0.413042,0.424078,0.435324,0.446282,0.456533,0.46576,0.473764,0.480458,0.48586,0.490068,0.493231,0.495527,0.497135,0.498222,0.498932,0.499379,0.49965,0.499809,0.4999,0.499949,0.499975,0.499988,0.499994,0.499998,0.499999,0.499999,0.499999
0.5,0.5,0.499999,0.499998,0.499996,0.499992,0.499984,0.499967,0.499934,0.499875,0.49977,0.499589,0.49929,0.498813,0.498077,0.496983,0.495411,0.493231,0.490313,0.48654,0.481834,0.476169,0.469592,0.462235,0.454319,0.446145,0.438075,0.430511,0.423857,0.418488,0.41472,0.412777,0.412777,0.41472,0.418488,0.423857,0.430511,0.438075,0.446145,0.454319,0.462235,0.469592,0.476169,0.481834,0.48654,0.490313,0.493231,0.495411,0.496983,0.498077,0.498813,0.49929,0.499589,0.49977,0.499875,0.499934,0.499967,0.499984,0.499992,0.499996,0.499998,0.499999,0.5,0.5
0.5,0.5,0.5,0.499999,0.499998,0.499995,0.49999,0.499979,0.499959,0.499921,0.499853,0.499736,0.499542,0.499231,0.498749,0.498027,0.496983,0.495527,0.493565,0.491013,0.487808,0.483925,0.479387,0.47428,0.468751,0.463007,0.457307,0.451938,0.447196,0.443357,0.440655,0.43926,0.43926,0.440655,0.443357,0.447196,0.451938,0.457307,0.463007,0.468751,0.47428,0.479387,0.483925,0.487808,0.491013,0.493565,0.495527,0.496983,0.498027,0.498749,0.499231,0.499542,0.499736,0.499853,0.499921,0.499959,0.499979,0.49999,0.499995,0.499998,0.499999,0.5,0.5,0.5
0.5,0.5,0.5,0.499999,0.499999,0.499997,0.499994,0.499987,0.499975,0.499951,0.499909,0.499836,0.499714,0.499517,0.49921,0.498749,0.498077,0.497135,0.495857,0.494185,0.492072,0.489497,0.486469,0.48304,0.479307,0.475408,0.47152,0.467842,0.46458,0.461932,0.460065,0.459099,0.459099,0.460065,0.461932,0.46458,0.467842,0.47152,0.475408,0.479307,0.48304,0.486469,0.489497,0.492072,0.494185,0.495857,0.497135,0.498077,0.498749,0.49921,0.499517,0.499714,0.499836,0.499909,0.499951,0.499975,0.499987,0.499994,0.499997,0.499999,0.499999,0.5,0.5,0.5
0.5,0.5,0.5,0.5,0.499999,0.499998,0.499996,0.499992,0.499985,0.499971,0.499945,0.499901,0.499827,0.499706,0.499517,0.499231,0.498813,0.498222,0.497417,0.496356,0.495009,0.493356,0.491402,0.489177,0.486741,0.484186,0.481625,0.479193,0.477029,0.475268,0.474023,0.473378,0.473378,0.474023,0.475268,0.477029,0.479193,0.481625,0.484186,0.486741,0.489177,0.491402,0.493356,0.495009,0.496356,0.497417,0.498222,0.498813,0.499231,0.499517,0.499706,0.499827,0.499901,0.499945,0.499971,0.499985,0.499992,0.499996,0.499998,0.499999,0.5,0.5,0.5,0.5
0.5,0.5,0.5,0.5,0.5,0.499999,0.499998,0.499996,0.499991,0.499983,0.499968,0.499942,0.499898,0.499827,0.499714,0.499542,0.49929,0.498932,0.49844,0.49779,0.496958,0.495932,0.494713,0.493318,0.491784,0.490166,0.488539,0.486987,0.485602,0.484472,0.483672,0.483257,0.483257,0.483672,0.484472,0.485602,0.486987,0.488539,0.490166,0.491784,0.493318,0.494713,0.495932,0.496958,0.49779,0.49844,0.498932,0.49929,0.499542,0.499714,0.499827,0.499898,0.499942,0.499968,0.499983,0.499991,0.499996,0.499998,0.499999,0.5,0.5,0.5,0.5,0.5
0.5,0.5,0.5,0.5,0.5,0.499999,0.499999,0.499998,0.499995,0.499991,0.499982,0.499967,0.499942,0.499901,0.499836,0.499736,0.499589,0.499379,0.499088,0.498702,0.498206,0.497591,0.496856,0.496011,0.495077,0.494089,0.49309,0.492135,0.49128,0.490581,0.490085,0.489828,0.489828,0.490085,0.490581,0.49128,0.492135,0.49309,0.494089,0.495077,0.496011,0.496856,0.497591,0.498206,0.498702,0.499088,0.499379,0.499589,0.499736,0.499836,0.499901,0.499942,0.499967,0.499982,0.499991,0.499995,0.499998,0.499999,0.499999,0.5,0.5,0.5,0.5,0.5
0.5,0.5,0.5,0.5,0.5,0.5,0.499999,0.499999,0.499997,0.499995,0.49999,0.499982,0.499968,0.499945,0.499909,0.499853,0.49977,0.49965,0.499485,0.499263,0.498977,0.49862,0.498192,0.497698,0.497149,0.496566,0.495975,0.495408,0.494899,0.494482,0.494185,0.494031,0.494031,0.494185,0.494482,0.494899,0.495408,0.495975,0.496566,0.497149,0.497698,0.498192,0.49862,0.498977,0.499263,0.499485,0.49965,0.49977,0.499853,0.499909,0.499945,0.499968,0.499982,0.49999,0.499995,0.499997,0.499999,0.499999,0.5,0.5,0.5,0.5,0.5,0.5
0.5,0.5,0.5,0.5,0.5,0.5,0.5,0.499999,0.499999,0.499997,0.499995,0.499991,0.499983,0.499971,0.499951,0.499921,0.499875,0.499809,0.499718,0.499595,0.499436,0.499236,0.498995,0.498716,0.498405,0.498073,0.497735,0.49741,0.497118,0.496878,0.496707,0.496618,0.496618,0.496707,0.496878,0.497118,0.49741,0.497735,0.498073,0.498405,0.498716,0.498995,0.499236,0.499436,0.499595,0.499718,0.499809,0.499875,0.499921,0.499951,0.499971,0.499983,0.499991,0.499995,0.499997,0.499999,0.499999,0.5,0.5,0.5,0.5,0.5,0.5,0.5
0.5,0.5,0.5,0.5,0.5,0.5,0.5,0.5,0.499999,0.499999,0.499997,0.499995,0.499991,0.499985,0.499975,0.499959,0.499934,0.4999,0.499851,0.499785,0.499699,0.499591,0.49946,0.499308,0.499137,0.498955,0.498769,0.498589,0.498428,0.498294,0.4982,0.49815,0.49815,0.4982,0.498294,0.498428,0.498589,0.498769,0.498955,0.499137,0.499308,0.49946,0.499591,0.499699,0.499785,0.499851,0.4999,0.499934,0.499959,0.499975,0.499985,0.499991,0.499995,0.499997,0.499999,0.499999,0.5,0.5,0.5,0.5,0.5,0.5,0.5,0.5
0.5,0.5,0.5,0.5,0.5,0.5,0.5,0.5,0.5,0.499999,0.499999,0.499998,0.499996,0.499992,0.499987,0.499979,0.499967,0.499949,0.499924,0.49989,0.499845,0.499788,0.49972,0.49964,0.499549,0.499453,0.499354,0.499258,0.499172,0.4991,0.49905,0.499023,0.499023,0.49905,0.4991,0.499172,0.499258,0.499354,0.499453,0.499549,0.49964,0.49972,0.499788,0.499845,0.49989,0.499924,0.499949,0.499967,0.499979,0.499987,0.499992,0.499996,0.499998,0.499999,0.499999,0.5,0.5,0.5,0.5,0.5,0.5,0.5,0.5,0.5
0.5,0.5,0.5,0.5,0.5,0.5,0.5,0.5,0.5,0.5,0.499999,0.499999,0.499998,0.499996,0.499994,0.49999,0.499984,0.499975,0.499962,0.499945,0.499923,0.499894,0.499859,0.499819,0.499773,0.499723,0.499673,0.499623,0.499579,0.499542,0.499516,0.499502,0.499502,0.499516,0.499542,0.499579,0.499623,0.499673,0.499723,0.499773,0.499819,0.499859,0.499894,0.499923,0.499945,0.499962,0.499975,0.499984,0.49999,0.499994,0.499996,0.499998,0.499999,0.499999,0.5,0.5,0.5,0.5,0.5,0.5,0.5,0.5,0.5,0.5
0.5,0.5,0.5,0.5,0.5,0.5,0.5,0.5,0.5,0.5,0.5,0.499999,0.499999,0.499998,0.499997,0.499995,0.499992,0.499988,0.499982,0.499974,0.499963,0.499949,0.499932,0.499912,0.499889,0.499865,0.49984,0.499815,0.499793,0.499775,0.499762,0.499755,0.499755,0.499762,0.499775,0.499793,0.499815,0.49984,0.499865,0.499889,0.499912,0.499932,0.499949,0.499963,0.499974,0.499982,0.499988,0.499992,0.499995,0.499997,0.499998,0.499999,0.499999,0.5,0.5,0.5,0.5,0.5,0.5,0.5,0.5,0.5,0.5,0.5
0.5,0.5,0.5,0.5,0.5,0.5,0.5,0.5,0.5,0.5,0.5,0.5,0.5,0.499999,0.499999,0.499998,0.499996,0.499994,0.499992,0.499988,0.499983,0.499976,0.499968,0.499959,0.499948,0.499936,0.499924,0.499912,0.499902,0.499893,0.499887,0.499883,0.499883,0.499887,0.499893,0.499902,0.499912,0.499924,0.499936,0.499948,0.499959,0.499968,0.499976,0.499983,0.499988,0.499992,0.499994,0.499996,0.499998,0.499999,0.499999,0.5,0.5,0.5,0.5,0.5,0.5,0.5,0.5,0.5,0.5,0.5,0.5,0.5
0.5,0.5,0.5,0.5,0.5,0.5,0.5,0.5,0.5,0.5,0.5,0.5,0.5,0.5,0.499999,0.499999,0.499998,0.499998,0.499996,0.499994,0.499992,0.499989,0.499985,0.499981,0.499976,0.499971,0.499965,0.49996,0.499955,0.499951,0.499948,0.499946,0.499946,0.499948,0.499951,0.499955,0.49996,0.499965,0.499971,0.499976,0.499981,0.499985,0.499989,0.499992,0.499994,0.499996,0.499998,0.499998,0.499999,0.499999,0.5,0.5,0.5,0.5,0.5,0.5,0.5,0.5,0.5,0.5,0.5,0.5,0.5,0.5
0.5,0.5,0.5,0.5,0.5,0.5,0.5,0.5,0.5,0.5,0.5,0.5,0.5,0.5,0.5,0.5,0.499999,0.499999,0.499998,0.499997,0.499996,0.499995,0.499993,0.499991,0.499989,0.499986,0.499984,0.499981,0.499979,0.499977,0.499975,0.499975,0.499975,0.499975,0.499977,0.499979,0.499981,0.499984,0.499986,0.499989,0.499991,0.499993,0.499995,0.499996,0.499997,0.499998,0.499999,0.499999,0.5,0.5,0.5,0.5,0.5,0.5,0.5,0.5,0.5,0.5,0.5,0.5,0.5,0.5,0.5,0.5
0.5,0.5,0.5,0.5,0.5,0.5,0.5,0.5,0.5,0.5,0.5,0.5,0.5,0.5,0.5,0.5,0.5,0.499999,0.499999,0.499999,0.499998,0.499997,0.499996,0.499995,0.499994,0.499992,0.499991,0.499989,0.499988,0.499987,0.499986,0.499986,0.499986,0.499986,0.499987,0.499988,0.499989,0.499991,0.499992,0.499994,0.499995,0.499996,0.499997,0.499998,0.499999,0.499999,0.499999,0.5,0.5,0.5,0.5,0.5,0.5,0.5,0.5,0.5,0.5,0.5,0.5,0.5,0.5,0.5,0.5,0.5
0.5,0.5,0.5,0.5,0.5,0.5,0.5,0.5,0.5,0.5,0.5,0.5,0.5,0.5,0.5,0.5,0.5,0.499999,0.499999,0.499999,0.499998,0.499997,0.499996,0.499995,0.499994,0.499992,0.499991,0.499989,0.499988,0.499987,0.499986,0.499986,0.499986,0.499986,0.499987,0.499988,0.499989,0.499991,0.499992,0.499994,0.499995,0.499996,0.499997,0.499998,0.499999,0.499999,0.499999,0.5,0.5,0.5,0.5,0.5,0.5,0.5,0.5,0.5,0.5,0.5,0.5,0.5,0.5,0.5,0.5,0.5
