0.5,0.5,0.5,0.5,0.5,0.5,0.5,0.5,0.5,0.5,0.5,0.5,0.5,0.5,0.499999,0.499999,0.499998,0.499998,0.499996,0.499995,0.499993,0.49999,0.499986,0.499983,0.499978,0.499973,0.499969,0.499964,0.49996,0.499956,0.499954,0.499952,0.499952,0.499954,0.499956,0.49996,0.499964,0.499969,0.499973,0.499978,0.499983,0.499986,0.49999,0.499993,0.499995,0.499996,0.499998,0.499998,0.499999,0.499999,0.5,0.5,0.5,0.5,0.5,0.5,0.5,0.5,0.5,0.5,0.5,0.5,0.5,0.5
0.5,0.5,0.5,0.5,0.5,0.5,0.5,0.5,0.5,0.5,0.5,0.5,0.5,0.5,0.499999,0.499999,0.499998,0.499998,0.499996,0.499995,0.499993,0.49999,0.499986,0.499983,0.499978,0.499973,0.499969,0.499964,0.49996,0.499956,0.499954,0.499952,0.499952,0.499954,0.499956,0.49996,0.499964,0.499969,0.499973,0.499978,0.499983,0.499986,0.49999,0.499993,0.499995,0.499996,0.499998,0.499998,0.499999,0.499999,0.5,0.5,0.5,0.5,0.5,0.5,0.5,0.5,0.5,0.5,0.5,0.5,0.5,0.5
0.5,0.5,0.5,0.5,0.5,0.5,0.5,0.5,0.5,0.5,0.5,0.5,0.5,0.499999,0.499999,0.499998,0.499997,0.499996,0.499994,0.499991,0.499987,0.499983,0.499977,0.49997,0.499963,0.499955,0.499947,0.499939,0.499932,0.499927,0.499923,0.49992,0.49992,0.499923,0.499927,0.499932,0.499939,0.499947,0.499955,0.499963,0.49997,0.499977,0.499983,0.499987,0.499991,0.499994,0.499996,0.499997,0.499998,0.499999,0.499999,0.5,0.5,0.5,0.5,0.5,0.5,0.5,0.5,0.5,0.5,0.5,0.5,0.5
0.5,0.5,0.5,0.5,0.5,0.5,0.5,0.5,0.5,0.5,0.5,0.5,0.499999,0.499999,0.499998,0.499996,0.499994,0.499991,0.499987,0.499981,0.499974,0.499964,0.499953,0.49994,0.499925,0.499909,0.499893,0.499878,0.499864,0.499853,0.499844,0.49984,0.49984,0.499844,0.499853,0.499864,0.499878,0.499893,0.499909,0.499925,0.49994,0.499953,0.499964,0.499974,0.499981,0.499987,0.499991,0.499994,0.499996,0.499998,0.499999,0.499999,0.5,0.5,0.5,0.5,0.5,0.5,0.5,0.5,0.5,0.5,0.5,0.5
0.5,0.5,0.5,0.5,0.5,0.5,0.5,0.5,0.5,0.5,0.499999,0.499999,0.499998,0.499997,0.499995,0.499992,0.499988,0.499981,0.499972,0.49996,0.499945,0.499926,0.499902,0.499876,0.499846,0.499814,0.499781,0.49975,0.499722,0.499699,0.499682,0.499674,0.499674,0.499682,0.499699,0.499722,0.49975,0.499781,0.499814,0.499846,0.499876,0.499902,0.499926,0.499945,0.49996,0.499972,0.499981,0.499988,0.499992,0.499995,0.499997,0.499998,0.499999,0.499999,0.5,0.5,0.5,0.5,0.5,0.5,0.5,0.5,0.5,0.5
0.5,0.5,0.5,0.5,0.5,0.5,0.5,0.5,0.5,0.499999,0.499999,0.499998,0.499996,0.499994,0.49999,0.499983,0.499974,0.499961,0.499943,0.499919,0.499887,0.499849,0.499802,0.499749,0.499689,0.499626,0.499562,0.4995,0.499445,0.499399,0.499367,0.49935,0.49935,0.499367,0.499399,0.499445,0.4995,0.499562,0.499626,0.499689,0.499749,0.499802,0.499849,0.499887,0.499919,0.499943,0.499961,0.499974,0.499983,0.49999,0.499994,0.499996,0.499998,0.499999,0.499999,0.5,0.5,0.5,0.5,0.5,0.5,0.5,0.5,0.5
0.5,0.5,0.5,0.5,0.5,0.5,0.5,0.5,0.499999,0.499999,0.499998,0.499996,0.499992,0.499987,0.499979,0.499966,0.499948,0.499922,0.499886,0.499839,0.499778,0.499702,0.499612,0.499509,0.499394,0.499273,0.499151,0.499033,0.498928,0.498842,0.498781,0.498749,0.498749,0.498781,0.498842,0.498928,0.499033,0.499151,0.499273,0.499394,0.499509,0.499612,0.499702,0.499778,0.499839,0.499886,0.499922,0.499948,0.499966,0.499979,0.499987,0.499992,0.499996,0.499998,0.499999,0.499999,0.5,0.5,0.5,0.5,0.5,0.5,0.5,0.5
0.5,0.5,0.5,0.5,0.5,0.5,0.5,0.499999,0.499999,0.499997,0.499995,0.499991,0.499985,0.499975,0.499959,0.499934,0.499899,0.499849,0.49978,0.49969,0.499575,0.499433,0.499265,0.499072,0.49886,0.498636,0.49841,0.498194,0.498001,0.497844,0.497732,0.497674,0.497674,0.497732,0.497844,0.498001,0.498194,0.49841,0.498636,0.49886,0.499072,0.499265,0.499433,0.499575,0.49969,0.49978,0.499849,0.499899,0.499934,0.499959,0.499975,0.499985,0.499991,0.499995,0.499997,0.499999,0.499999,0.5,0.5,0.5,0.5,0.5,0.5,0.5
0.5,0.5,0.5,0.5,0.5,0.5,0.499999,0.499999,0.499997,0.499995,0.499991,0.499983,0.499971,0.499952,0.499921,0.499876,0.499809,0.499716,0.49959,0.499425,0.499215,0.498957,0.498653,0.498306,0.497925,0.497525,0.497124,0.496741,0.496401,0.496122,0.495926,0.495824,0.495824,0.495926,0.496122,0.496401,0.496741,0.497124,0.497525,0.497925,0.498306,0.498653,0.498957,0.499215,0.499425,0.49959,0.499716,0.499809,0.499876,0.499921,0.499952,0.499971,0.499983,0.499991,0.499995,0.499997,0.499999,0.499999,0.5,0.5,0.5,0.5,0.5,0.5
0.5,0.5,0.5,0.5,0.5,0.499999,0.499999,0.499997,0.499995,0.49999,0.499982,0.499969,0.499946,0.49991,0.499855,0.499772,0.499653,0.499486,0.499261,0.498967,0.498596,0.498144,0.497613,0.49701,0.496352,0.495663,0.494974,0.49432,0.493738,0.493265,0.492931,0.492758,0.492758,0.492931,0.493265,0.493738,0.49432,0.494974,0.495663,0.496352,0.49701,0.497613,0.498144,0.498596,0.498967,0.499261,0.499486,0.499653,0.499772,0.499855,0.49991,0.499946,0.499969,0.499982,0.49999,0.499995,0.499997,0.499999,0.499999,0.5,0.5,0.5,0.5,0.5
0.5,0.5,0.5,0.5,0.499999,0.499999,0.499998,0.499995,0.499991,0.499982,0.499968,0.499943,0.499903,0.499839,0.499741,0.499596,0.499387,0.499097,0.498709,0.498205,0.497572,0.496806,0.495909,0.494897,0.493799,0.492654,0.491513,0.490434,0.489478,0.488701,0.488154,0.48787,0.48787,0.488154,0.488701,0.489478,0.490434,0.491513,0.492654,0.493799,0.494897,0.495909,0.496806,0.497572,0.498205,0.498709,0.499097,0.499387,0.499596,0.499741,0.499839,0.499903,0.499943,0.499968,0.499982,0.499991,0.499995,0.499998,0.499999,0.499999,0.5,0.5,0.5,0.5
0.5,0.5,0.5,0.5,0.499999,0.499998,0.499996,0.499991,0.499983,0.499969,0.499943,0.4999,0.499831,0.499721,0.499553,0.499305,0.498952,0.498466,0.497817,0.49698,0.495937,0.49468,0.493219,0.491579,0.489808,0.487971,0.486149,0.484433,0.482916,0.481688,0.480823,0.480377,0.480377,0.480823,0.481688,0.482916,0.484433,0.486149,0.487971,0.489808,0.491579,0.493219,0.49468,0.495937,0.49698,0.497817,0.498466,0.498952,0.499305,0.499553,0.499721,0.499831,0.4999,0.499943,0.499969,0.499983,0.499991,0.499996,0.499998,0.499999,0.5,0.5,0.5,0.5
0.5,0.5,0.5,0.499999,0.499998,0.499996,0.499992,0.499985,0.499971,0.499946,0.499903,0.499831,0.499713,0.49953,0.499251,0.498843,0.498265,0.497474,0.496425,0.495082,0.493418,0.491427,0.489125,0.486558,0.483801,0.480956,0.478148,0.475514,0.473195,0.471322,0.470007,0.469328,0.469328,0.470007,0.471322,0.473195,0.475514,0.478148,0.480956,0.483801,0.486558,0.489125,0.491427,0.493418,0.495082,0.496425,0.497474,0.498265,0.498843,0.499251,0.49953,0.499713,0.499831,0.499903,0.499946,0.499971,0.499985,0.499992,0.499996,0.499998,0.499999,0.5,0.5,0.5
0.5,0.5,0.499999,0.499999,0.499997,0.499994,0.499987,0.499975,0.499952,0.49991,0.499839,0.499721,0.49953,0.499232,0.498785,0.498133,0.497217,0.49597,0.494329,0.492242,0.489675,0.486623,0.483118,0.479236,0.47509,0.470838,0.466662,0.462763,0.459344,0.456592,0.454663,0.45367,0.45367,0.454663,0.456592,0.459344,0.462763,0.466662,0.470838,0.47509,0.479236,0.483118,0.486623,0.489675,0.492242,0.494329,0.49597,0.497217,0.498133,0.498785,0.499232,0.49953,0.499721,0.499839,0.49991,0.499952,0.499975,0.499987,0.499994,0.499997,0.499999,0.499999,0.5,0.5
0.499999,0.499999,0.499999,0.499998,0.499995,0.49999,0.499979,0.499959,0.499921,0.499855,0.499741,0.499553,0.499251,0.498785,0.498087,0.497079,0.49567,0.493767,0.491281,0.488141,0.484307,0.479783,0.474624,0.468948,0.462928,0.45679,0.450797,0.445231,0.440372,0.436474,0.433748,0.432347,0.432347,0.433748,0.436474,0.440372,0.445231,0.450797,0.45679,0.462928,0.468948,0.474624,0.479783,0.484307,0.488141,0.491281,0.493767,0.49567,0.497079,0.498087,0.498785,0.499251,0.499553,0.499741,0.499855,0.499921,0.499959,0.499979,0.49999,0.499995,0.499998,0.499999,0.499999,0.499999
0.499999,0.499999,0.499998,0.499996,0.499992,0.499983,0.499966,0.499934,0.499876,0.499772,0.499596,0.499305,0.498843,0.498133,0.497079,0.495566,0.493466,0.490651,0.487001,0.482426,0.476883,0.47039,0.463045,0.455022,0.446575,0.438021,0.429721,0.422056,0.415396,0.410074,0.406365,0.40446,0.40446,0.406365,0.410074,0.415396,0.422056,0.429721,0.438021,0.446575,0.455022,0.463045,0.47039,0.476883,0.482426,0.487001,0.490651,0.493466,0.495566,0.497079,0.498133,0.498843,0.499305,0.499596,0.499772,0.499876,0.499934,0.499966,0.499983,0.499992,0.499996,0.499998,0.499999,0.499999
0.499998,0.499998,0.499997,0.499994,0.499988,0.499974,0.499948,0.499899,0.499809,0.499653,0.499387,0.498952,0.498265,0.497217,0.49567,0.493466,0.490431,0.486392,0.481197,0.474736,0.466972,0.457952,0.447831,0.436864,0.425408,0.413892,0.402796,0.392612,0.383811,0.376811,0.371946,0.369454,0.369454,0.371946,0.376811,0.383811,0.392612,0.402796,0.413892,0.425408,0.436864,0.447831,0.457952,0.466972,0.474736,0.481197,0.486392,0.490431,0.493466,0.49567,0.497217,0.498265,0.498952,0.499387,0.499653,0.499809,0.499899,0.499948,0.499974,0.499988,0.499994,0.499997,0.499998,0.499998
0.499998,0.499998,0.499996,0.499991,0.499981,0.499961,0.499922,0.499849,0.499716,0.499486,0.499097,0.498466,0.497474,0.49597,0.493767,0.490651,0.486392,0.480769,0.473594,0.464748,0.454205,0.442065,0.42856,0.414055,0.39903,0.38405,0.369728,0.356674,0.345462,0.336587,0.330444,0.327303,0.327303,0.330444,0.336587,0.345462,0.356674,0.369728,0.38405,0.39903,0.414055,0.42856,0.442065,0.454205,0.464748,0.473594,0.480769,0.486392,0.490651,0.493767,0.49597,0.497474,0.498466,0.499097,0.499486,0.499716,0.499849,0.499922,0.499961,0.499981,0.499991,0.499996,0.499998,0.499998
0.499996,0.499996,0.499994,0.499987,0.499972,0.499943,0.499886,0.49978,0.49959,0.499261,0.498709,0.497817,0.496425,0.494329,0.491281,0.487001,0.481197,0.473594,0.463976,0.452219,0.438334,0.422491,0.405032,0.386454,0.36739,0.348554,0.330699,0.314552,0.300779,0.28994,0.282469,0.27866,0.27866,0.282469,0.28994,0.300779,0.314552,0.330699,0.348554,0.36739,0.386454,0.405032,0.422491,0.438334,0.452219,0.463976,0.473594,0.481197,0.487001,0.491281,0.494329,0.496425,0.497817,0.498709,0.499261,0.49959,0.49978,0.499886,0.499943,0.499972,0.499987,0.499994,0.499996,0.499996
0.499995,0.499995,0.499991,0.499981,0.49996,0.499919,0.499839,0.49969,0.499425,0.498967,0.498205,0.49698,0.495082,0.492242,0.488141,0.482426,0.474736,0.464748,0.452219,0.437042,0.419287,0.399226,0.377338,0.354283,0.330864,0.307956,0.286448,0.267171,0.250857,0.238103,0.229355,0.224909,0.224909,0.229355,0.238103,0.250857,0.267171,0.286448,0.307956,0.330864,0.354283,0.377338,0.399226,0.419287,0.437042,0.452219,0.464748,0.474736,0.482426,0.488141,0.492242,0.495082,0.49698,0.498205,0.498967,0.499425,0.49969,0.499839,0.499919,0.49996,0.499981,0.499991,0.499995,0.499995
0.499993,0.499993,0.499987,0.499974,0.499945,0.499887,0.499778,0.499575,0.499215,0.498596,0.497572,0.495937,0.493418,0.489675,0.484307,0.476883,0.466972,0.454205,0.438334,0.419287,0.397223,0.372549,0.345912,0.318163,0.290287,0.263321,0.238273,0.216051,0.197416,0.182959,0.173102,0.168109,0.168109,0.173102,0.182959,0.197416,0.216051,0.238273,0.263321,0.290287,0.318163,0.345912,0.372549,0.397223,0.419287,0.438334,0.454205,0.466972,0.476883,0.484307,0.489675,0.493418,0.495937,0.497572,0.498596,0.499215,0.499575,0.499778,0.499887,0.499945,0.499974,0.499987,0.499993,0.499993
0.49999,0.49999,0.499983,0.499964,0.499926,0.499849,0.499702,0.499433,0.498957,0.498144,0.496806,0.49468,0.491427,0.486623,0.479783,0.47039,0.457952,0.442065,0.422491,0.399226,0.372549,0.343034,0.311532,0.279101,0.246914,0.21616,0.187939,0.163192,0.14266,0.126876,0.116189,0.1108,0.1108,0.116189,0.126876,0.14266,0.163192,0.187939,0.21616,0.246914,0.279101,0.311532,0.343034,0.372549,0.399226,0.422491,0.442065,0.457952,0.47039,0.479783,0.486623,0.491427,0.49468,0.496806,0.498144,0.498957,0.499433,0.499702,0.499849,0.499926,0.499964,0.499983,0.49999,0.49999
0.499986,0.499986,0.499977,0.499953,0.499902,0.499802,0.499612,0.499265,0.498653,0.497613,0.495909,0.493219,0.489125,0.483118,0.474624,0.463045,0.447831,0.42856,0.405032,0.377338,0.345912,0.311532,0.275273,0.238414,0.202316,0.168292,0.137499,0.110858,0.0890287,0.0724293,0.0612853,0.0556969,0.0556969,0.0612853,0.0724293,0.0890287,0.110858,0.137499,0.168292,0.202316,0.238414,0.275273,0.311532,0.345912,0.377338,0.405032,0.42856,0.447831,0.463045,0.474624,0.483118,0.489125,0.493219,0.495909,0.497613,0.498653,0.499265,0.499612,0.499802,0.499902,0.499953,0.499977,0.499986,0.499986
0.499983,0.499983,0.49997,0.49994,0.499876,0.499749,0.499509,0.499072,0.498306,0.49701,0.494897,0.491579,0.486558,0.479236,0.468948,0.455022,0.436864,0.414055,0.386454,0.354283,0.318163,0.279101,0.238414,0.197607,0.158213,0.121641,0.0890539,0.0612967,0.038889,0.0220733,0.0109024,0.00533849,0.00533849,0.0109024,0.0220733,0.038889,0.0612967,0.0890539,0.121641,0.158213,0.197607,0.238414,0.279101,0.318163,0.354283,0.386454,0.414055,0.436864,0.455022,0.468948,0.479236,0.486558,0.491579,0.494897,0.49701,0.498306,0.499072,0.499509,0.499749,0.499876,0.49994,0.49997,0.499983,0.499983
0.499978,0.499978,0.499963,0.499925,0.499846,0.499689,0.499394,0.49886,0.497925,0.496352,0.493799,0.489808,0.483801,0.47509,0.462928,0.446575,0.425408,0.39903,0.36739,0.330864,0.290287,0.246914,0.202316,0.158213,0.116288,0.0780096,0.0444971,0.0164637,-0.00576877,-0.0221843,-0.032946,-0.0382595,-0.0382595,-0.032946,-0.0221843,-0.00576877,0.0164637,0.0444971,0.0780096,0.116288,0.158213,0.202316,0.246914,0.290287,0.330864,0.36739,0.39903,0.425408,0.446575,0.462928,0.47509,0.483801,0.489808,0.493799,0.496352,0.497925,0.49886,0.499394,0.499689,0.499846,0.499925,0.499963,0.499978,0.499978
0.499973,0.499973,0.499955,0.499909,0.499814,0.499626,0.499273,0.498636,0.497525,0.495663,0.492654,0.487971,0.480956,0.470838,0.45679,0.438021,0.413892,0.38405,0.348554,0.307956,0.263321,0.21616,0.168292,0.121641,0.0780096,0.0388846,0.00529906,-0.0222139,-0.0435746,-0.0590323,-0.0689962,-0.07386,-0.07386,-0.0689962,-0.0590323,-0.0435746,-0.0222139,0.00529906,0.0388846,0.0780096,0.121641,0.168292,0.21616,0.263321,0.307956,0.348554,0.38405,0.413892,0.438021,0.45679,0.470838,0.480956,0.487971,0.492654,0.495663,0.497525,0.498636,0.499273,0.499626,0.499814,0.499909,0.499955,0.499973,0.499973
0.499969,0.499969,0.499947,0.499893,0.499781,0.499562,0.499151,0.49841,0.497124,0.494974,0.491513,0.486149,0.478148,0.466662,0.450797,0.429721,0.402796,0.369728,0.330699,0.286448,0.238273,0.187939,0.137499,0.0890539,0.0444971,0.00529906,-0.02763,-0.0539692,-0.0739077,-0.0879802,-0.096855,-0.101122,-0.101122,-0.096855,-0.0879802,-0.0739077,-0.0539692,-0.02763,0.00529906,0.0444971,0.0890539,0.137499,0.187939,0.238273,0.286448,0.330699,0.369728,0.402796,0.429721,0.450797,0.466662,0.478148,0.486149,0.491513,0.494974,0.497124,0.49841,0.499151,0.499562,0.499781,0.499893,0.499947,0.499969,0.499969
0.499964,0.499964,0.499939,0.499878,0.49975,0.4995,0.499033,0.498194,0.496741,0.49432,0.490434,0.484433,0.475514,0.462763,0.445231,0.422056,0.392612,0.356674,0.314552,0.267171,0.216051,0.163192,0.110858,0.0612967,0.0164637,-0.0222139,-0.0539692,-0.0787061,-0.0968876,-0.109332,-0.116961,-0.120554,-0.120554,-0.116961,-0.109332,-0.0968876,-0.0787061,-0.0539692,-0.0222139,0.0164637,0.0612967,0.110858,0.163192,0.216051,0.267171,0.314552,0.356674,0.392612,0.422056,0.445231,0.462763,0.475514,0.484433,0.490434,0.49432,0.496741,0.498194,0.499033,0.4995,0.49975,0.499878,0.499939,0.499964,0.499964
0.49996,0.49996,0.499932,0.499864,0.499722,0.499445,0.498928,0.498001,0.496401,0.493738,0.489478,0.482916,0.473195,0.459344,0.440372,0.415396,0.383811,0.345462,0.300779,0.250857,0.197416,0.14266,0.0890287,0.038889,-0.00576877,-0.0435746,-0.0739077,-0.0968876,-0.113232,-0.124019,-0.130399,-0.133323,-0.133323,-0.130399,-0.124019,-0.113232,-0.0968876,-0.0739077,-0.0435746,-0.00576877,0.038889,0.0890287,0.14266,0.197416,0.250857,0.300779,0.345462,0.383811,0.415396,0.440372,0.459344,0.473195,0.482916,0.489478,0.493738,0.496401,0.498001,0.498928,0.499445,0.499722,0.499864,0.499932,0.49996,0.49996
0.499956,0.499956,0.499927,0.499853,0.499699,0.499399,0.498842,0.497844,0.496122,0.493265,0.488701,0.481688,0.471322,0.456592,0.436474,0.410074,0.376811,0.336587,0.28994,0.238103,0.182959,0.126876,0.0724293,0.0220733,-0.0221843,-0.0590323,-0.0879802,-0.109332,-0.124019,-0.133334,-0.138616,-0.140954,-0.140954,-0.138616,-0.133334,-0.124019,-0.109332,-0.0879802,-0.0590323,-0.0221843,0.0220733,0.0724293,0.126876,0.182959,0.238103,0.28994,0.336587,0.376811,0.410074,0.436474,0.456592,0.471322,0.481688,0.488701,0.493265,0.496122,0.497844,0.498842,0.499399,0.499699,0.499853,0.499927,0.499956,0.499956
0.499954,0.499954,0.499923,0.499844,0.499682,0.499367,0.498781,0.497732,0.495926,0.492931,0.488154,0.480823,0.470007,0.454663,0.433748,0.406365,0.371946,0.330444,0.282469,0.229355,0.173102,0.116189,0.0612853,0.0109024,-0.032946,-0.0689962,-0.096855,-0.116961,-0.130399,-0.138616,-0.143084,-0.144988,-0.144988,-0.143084,-0.138616,-0.130399,-0.116961,-0.096855,-0.0689962,-0.032946,0.0109024,0.0612853,0.116189,0.173102,0.229355,0.282469,0.330444,0.371946,0.406365,0.433748,0.454663,0.470007,0.480823,0.488154,0.492931,0.495926,0.497732,0.498781,0.499367,0.499682,0.499844,0.499923,0.499954,0.499954
0.499952,0.499952,0.49992,0.49984,0.499674,0.49935,0.498749,0.497674,0.495824,0.492758,0.48787,0.480377,0.469328,0.45367,0.432347,0.40446,0.369454,0.327303,0.27866,0.224909,0.168109,0.1108,0.0556969,0.00533849,-0.0382595,-0.07386,-0.101122,-0.120554,-0.133323,-0.140954,-0.144988,-0.146663,-0.146663,-0.144988,-0.140954,-0.133323,-0.120554,-0.101122,-0.07386,-0.0382595,0.00533849,0.0556969,0.1108,0.168109,0.224909,0.27866,0.327303,0.369454,0.40446,0.432347,0.45367,0.469328,0.480377,0.48787,0.492758,0.495824,0.497674,0.498749,0.49935,0.499674,0.49984,0.49992,0.499952,0.499952
0.499952,0.499952,0.49992,0.49984,0.499674,0.49935,0.498749,0.497674,0.495824,0.492758,0.48787,0.480377,0.469328,0.45367,0.432347,0.40446,0.369454,0.327303,0.27866,0.224909,0.168109,0.1108,0.0556969,0.00533849,-0.0382595,-0.07386,-0.101122,-0.120554,-0.133323,-0.140954,-0.144988,-0.146663,-0.146663,-0.144988,-0.140954,-0.133323,-0.120554,-0.101122,-0.07386,-0.0382595,0.00533849,0.0556969,0.1108,0.168109,0.224909,0.27866,0.327303,0.369454,0.40446,0.432347,0.45367,0.469328,0.480377,0.48787,0.492758,0.495824,0.497674,0.498749,0.49935,0.499674,0.49984,0.49992,0.499952,0.499952
0.499954,0.499954,0.499923,0.499844,0.499682,0.499367,0.498781,0.497732,0.495926,0.492931,0.488154,0.480823,0.470007,0.454663,0.433748,0.406365,0.371946,0.330444,0.282469,0.229355,0.173102,0.116189,0.0612853,0.0109024,-0.032946,-0.0689962,-0.096855,-0.116961,-0.130399,-0.138616,-0.143084,-0.144988,-0.144988,-0.143084,-0.138616,-0.130399,-0.116961,-0.096855,-0.0689962,-0.032946,0.0109024,0.0612853,0.116189,0.173102,0.229355,0.282469,0.330444,0.371946,0.406365,0.433748,0.454663,0.470007,0.480823,0.488154,0.492931,0.495926,0.497732,0.498781,0.499367,0.499682,0.499844,0.499923,0.499954,0.499954
0.499956,0.499956,0.499927,0.499853,0.499699,0.499399,0.498842,0.497844,0.496122,0.493265,0.488701,0.481688,0.471322,0.456592,0.436474,0.410074,0.376811,0.336587,0.28994,0.238103,0.182959,0.126876,0.0724293,0.0220733,-0.0221843,-0.0590323,-0.0879802,-0.109332,-0.124019,-0.133334,-0.138616,-0.140954,-0.140954,-0.138616,-0.133334,-0.124019,-0.109332,-0.0879802,-0.0590323,-0.0221843,0.0220733,0.0724293,0.126876,0.182959,0.238103,0.28994,0.336587,0.376811,0.410074,0.436474,0.456592,0.471322,0.481688,0.488701,0.493265,0.496122,0.497844,0.498842,0.499399,0.499699,0.499853,0.499927,0.499956,0.499956
0.49996,0.49996,0.499932,0.499864,0.499722,0.499445,0.498928,0.498001,0.496401,0.493738,0.489478,0.482916,0.473195,0.459344,0.440372,0.415396,0.383811,0.345462,0.300779,0.250857,0.197416,0.14266,0.0890287,0.038889,-0.00576877,-0.0435746,-0.0739077,-0.0968876,-0.113232,-0.124019,-0.130399,-0.133323,-0.133323,-0.130399,-0.124019,-0.113232,-0.0968876,-0.0739077,-0.0435746,-0.00576877,0.038889,0.0890287,0.14266,0.197416,0.250857,0.300779,0.345462,0.383811,0.415396,0.440372,0.459344,0.473195,0.482916,0.489478,0.493738,0.496401,0.498001,0.498928,0.499445,0.499722,0.499864,0.499932,0.49996,0.49996
0.499964,0.499964,0.499939,0.499878,0.49975,0.4995,0.499033,0.498194,0.496741,0.49432,0.490434,0.484433,0.475514,0.462763,0.445231,0.422056,0.392612,0.356674,0.314552,0.267171,0.216051,0.163192,0.110858,0.0612967,0.0164637,-0.0222139,-0.0539692,-0.0787061,-0.0968876,-0.109332,-0.116961,-0.120554,-0.120554,-0.116961,-0.109332,-0.0968876,-0.0787061,-0.0539692,-0.0222139,0.0164637,0.0612967,0.110858,0.163192,0.216051,0.267171,0.314552,0.356674,0.392612,0.422056,0.445231,0.462763,0.475514,0.484433,0.490434,0.49432,0.496741,0.498194,0.499033,0.4995,0.49975,0.499878,0.499939,0.499964,0.499964
0.499969,0.499969,0.499947,0.499893,0.499781,0.499562,0.499151,0.49841,0.497124,0.494974,0.491513,0.486149,0.478148,0.466662,0.450797,0.429721,0.402796,0.369728,0.330699,0.286448,0.238273,0.187939,0.137499,0.0890539,0.0444971,0.00529906,-0.02763,-0.0539692,-0.0739077,-0.0879802,-0.096855,-0.101122,-0.101122,-0.096855,-0.0879802,-0.0739077,-0.0539692,-0.02763,0.00529906,0.0444971,0.0890539,0.137499,0.187939,0.238273,0.286448,0.330699,0.369728,0.402796,0.429721,0.450797,0.466662,0.478148,0.486149,0.491513,0.494974,0.497124,0.49841,0.499151,0.499562,0.499781,0.499893,0.499947,0.499969,0.499969
0.499973,0.499973,0.499955,0.499909,0.499814,0.499626,0.499273,0.498636,0.497525,0.495663,0.492654,0.487971,0.480956,0.470838,0.45679,0.438021,0.413892,0.38405,0.348554,0.307956,0.263321,0.21616,0.168292,0.121641,0.0780096,0.0388846,0.00529906,-0.0222139,-0.0435746,-0.0590323,-0.0689962,-0.07386,-0.07386,-0.0689962,-0.0590323,-0.0435746,-0.0222139,0.00529906,0.0388846,0.0780096,0.121641,0.168292,0.21616,0.263321,0.307956,0.348554,0.38405,0.413892,0.438021,0.45679,0.470838,0.480956,0.487971,0.492654,0.495663,0.497525,0.498636,0.499273,0.499626,0.499814,0.499909,0.499955,0.499973,0.499973
0.499978,0.499978,0.499963,0.499925,0.499846,0.499689,0.499394,0.49886,0.497925,0.496352,0.493799,0.489808,0.483801,0.47509,0.462928,0.446575,0.425408,0.39903,0.36739,0.330864,0.290287,0.246914,0.202316,0.158213,0.116288,0.0780096,0.0444971,0.0164637,-0.00576877,-0.0221843,-0.032946,-0.0382595,-0.0382595,-0.032946,-0.0221843,-0.00576877,0.0164637,0.0444971,0.0780096,0.116288,0.158213,0.202316,0.246914,0.290287,0.330864,0.36739,0.39903,0.425408,0.446575,0.462928,0.47509,0.483801,0.489808,0.493799,0.496352,0.497925,0.49886,0.499394,0.499689,0.499846,0.499925,0.499963,0.499978,0.499978
0.499983,0.499983,0.49997,0.49994,0.499876,0.499749,0.499509,0.499072,0.498306,0.49701,0.494897,0.491579,0.486558,0.479236,0.468948,0.455022,0.436864,0.414055,0.386454,0.354283,0.318163,0.279101,0.238414,0.197607,0.158213,0.121641,0.0890539,0.0612967,0.038889,0.0220733,0.0109024,0.00533849,0.00533849,0.0109024,0.0220733,0.038889,0.0612967,0.0890539,0.121641,0.158213,0.197607,0.238414,0.279101,0.318163,0.354283,0.386454,0.414055,0.436864,0.455022,0.468948,0.479236,0.486558,0.491579,0.494897,0.49701,0.498306,0.499072,0.499509,0.499749,0.499876,0.49994,0.49997,0.499983,0.499983
0.499986,0.499986,0.499977,0.499953,0.499902,0.499802,0.499612,0.499265,0.498653,0.497613,0.495909,0.493219,0.489125,0.483118,0.474624,0.463045,0.447831,0.42856,0.405032,0.377338,0.345912,0.311532,0.275273,0.238414,0.202316,0.168292,0.137499,0.110858,0.0890287,0.0724293,0.0612853,0.0556969,0.0556969,0.0612853,0.0724293,0.0890287,0.110858,0.137499,0.168292,0.202316,0.238414,0.275273,0.311532,0.345912,0.377338,0.405032,0.42856,0.447831,0.463045,0.474624,0.483118,0.489125,0.493219,0.495909,0.497613,0.498653,0.499265,0.499612,0.499802,0.499902,0.499953,0.499977,0.499986,0.499986
0.49999,0.49999,0.499983,0.499964,0.499926,0.499849,0.499702,0.499433,0.498957,0.498144,0.496806,0.49468,0.491427,0.486623,0.479783,0.47039,0.457952,0.442065,0.422491,0.399226,0.372549,0.343034,0.311532,0.279101,0.246914,0.21616,0.187939,0.163192,0.14266,0.126876,0.116189,0.1108,0.1108,0.116189,0.126876,0.14266,0.163192,0.187939,0.21616,0.246914,0.279101,0.311532,0.343034,0.372549,0.399226,0.422491,0.442065,0.457952,0.47039,0.479783,0.486623,0.491427,0.49468,0.496806,0.498144,0.498957,0.499433,0.499702,0.499849,0.499926,0.499964,0.499983,0.49999,0.49999
0.499993,0.499993,0.499987,0.499974,0.499945,0.499887,0.499778,0.499575,0.499215,0.498596,0.497572,0.495937,0.493418,0.489675,0.484307,0.476883,0.466972,0.454205,0.438334,0.419287,0.397223,0.372549,0.345912,0.318163,0.290287,0.263321,0.238273,0.216051,0.197416,0.182959,0.173102,0.168109,0.168109,0.173102,0.182959,0.197416,0.216051,0.238273,0.263321,0.290287,0.318163,0.345912,0.372549,0.397223,0.419287,0.438334,0.454205,0.466972,0.476883,0.484307,0.489675,0.493418,0.495937,0.497572,0.498596,0.499215,0.499575,0.499778,0.499887,0.499945,0.499974,0.499987,0.499993,0.499993
0.499995,0.499995,0.499991,0.499981,0.49996,0.499919,0.499839,0.49969,0.499425,0.498967,0.498205,0.49698,0.495082,0.492242,0.488141,0.482426,0.474736,0.464748,0.452219,0.437042,0.419287,0.399226,0.377338,0.354283,0.330864,0.307956,0.286448,0.267171,0.250857,0.238103,0.229355,0.224909,0.224909,0.229355,0.238103,0.250857,0.267171,0.286448,0.307956,0.330864,0.354283,0.377338,0.399226,0.419287,0.437042,0.452219,0.464748,0.474736,0.482426,0.488141,0.492242,0.495082,0.49698,0.498205,0.498967,0.499425,0.49969,0.499839,0.499919,0.49996,0.499981,0.499991,0.499995,0.499995
0.499996,0.499996,0.499994,0.499987,0.499972,0.499943,0.499886,0.49978,0.49959,0.499261,0.498709,0.497817,0.496425,0.494329,0.491281,0.487001,0.481197,0.473594,0.463976,0.452219,0.438334,0.422491,0.405032,0.386454,0.36739,0.348554,0.330699,0.314552,0.300779,0.28994,0.282469,0.27866,0.27866,0.282469,0.28994,0.300779,0.314552,0.330699,0.348554,0.36739,0.386454,0.405032,0.422491,0.438334,0.452219,0.463976,0.473594,0.481197,0.487001,0.491281,0.494329,0.496425,0.497817,0.498709,0.499261,0.49959,0.49978,0.499886,0.499943,0.499972,0.499987,0.499994,0.499996,0.499996
0.499998,0.499998,0.499996,0.499991,0.499981,0.499961,0.499922,0.499849,0.499716,0.499486,0.499097,0.498466,0.497474,0.49597,0.493767,0.490651,0.486392,0.480769,0.473594,0.464748,0.454205,0.442065,0.42856,0.414055,0.39903,0.38405,0.369728,0.356674,0.345462,0.336587,0.330444,0.327303,0.327303,0.330444,0.336587,0.345462,0.356674,0.369728,0.38405,0.39903,0.414055,0.42856,0.442065,0.454205,0.464748,0.473594,0.480769,0.486392,0.490651,0.493767,0.49597,0.497474,0.498466,0.499097,0.499486,0.499716,0.499849,0.499922,0.499961,0.499981,0.499991,0.499996,0.499998,0.499998
0.499998,0.499998,0.499997,0.499994,0.499988,0.499974,0.499948,0.499899,0.499809,0.499653,0.499387,0.498952,0.498265,0.497217,0.49567,0.493466,0.490431,0.486392,0.481197,0.474736,0.466972,0.457952,0.447831,0.436864,0.425408,0.413892,0.402796,0.392612,0.383811,0.376811,0.371946,0.369454,0.369454,0.371946,0.376811,0.383811,0.392612,0.402796,0.413892,0.425408,0.436864,0.447831,0.457952,0.466972,0.474736,0.481197,0.486392,0.490431,0.493466,0.49567,0.497217,0.498265,0.498952,0.499387,0.499653,0.499809,0.499899,0.499948,0.499974,0.499988,0.499994,0.499997,0.499998,0.499998
0.499999,0.499999,0.499998,0.499996,0.499992,0.499983,0.499966,0.499934,0.499876,0.499772,0.499596,0.499305,0.498843,0.498133,0.497079,0.495566,0.493466,0.490651,0.487001,0.482426,0.476883,0.47039,0.463045,0.455022,0.446575,0.438021,0.429721,0.422056,0.415396,0.410074,0.406365,0.40446,0.40446,0.406365,0.410074,0.415396,0.422056,0.429721,0.438021,0.446575,0.455022,0.463045,0.47039,0.476883,0.482426,0.487001,0.490651,0.493466,0.495566,0.497079,0.498133,0.498843,0.499305,0.499596,0.499772,0.499876,0.499934,0.499966,0.499983,0.499992,0.499996,0.499998,0.499999,0.499999
0.499999,0.499999,0.499999,0.499998,0.499995,0.49999,0.499979,0.499959,0.499921,0.499855,0.499741,0.499553,0.499251,0.498785,0.498087,0.497079,0.49567,0.493767,0.491281,0.488141,0.484307,0.479783,0.474624,0.468948,0.462928,0.45679,0.450797,0.445231,0.440372,0.436474,0.433748,0.432347,0.432347,0.433748,0.436474,0.440372,0.445231,0.450797,0.45679,0.462928,0.468948,0.474624,0.479783,0.484307,0.488141,0.491281,0.493767,0.49567,0.497079,0.498087,0.498785,0.499251,0.499553,0.499741,0.499855,0.499921,0.499959,0.499979,0.49999,0.499995,0.499998,0.499999,0.499999,0.499999
0.5,0.5,0.499999,0.499999,0.499997,0.499994,0.499987,0.499975,0.499952,0.49991,0.499839,0.499721,0.49953,0.499232,0.498785,0.498133,0.497217,0.49597,0.494329,0.492242,0.489675,0.486623,0.483118,0.479236,0.47509,0.470838,0.466662,0.462763,0.459344,0.456592,0.454663,0.45367,0.45367,0.454663,0.456592,0.459344,0.462763,0.466662,0.470838,0.47509,0.479236,0.483118,0.486623,0.489675,0.492242,0.494329,0.49597,0.497217,0.498133,0.498785,0.499232,0.49953,0.499721,0.499839,0.49991,0.499952,0.499975,0.499987,0.499994,0.499997,0.499999,0.499999,0.5,0.5
0.5,0.5,0.5,0.499999,0.499998,0.499996,0.499992,0.499985,0.499971,0.499946,0.499903,0.499831,0.499713,0.49953,0.499251,0.498843,0.498265,0.497474,0.496425,0.495082,0.493418,0.491427,0.489125,0.486558,0.483801,0.480956,0.478148,0.475514,0.473195,0.471322,0.470007,0.469328,0.469328,0.470007,0.471322,0.473195,0.475514,0.478148,0.480956,0.483801,0.486558,0.489125,0.491427,0.493418,0.495082,0.496425,0.497474,0.498265,0.498843,0.499251,0.49953,0.499713,0.499831,0.499903,0.499946,0.499971,0.499985,0.499992,0.499996,0.499998,0.499999,0.5,0.5,0.5
0.5,0.5,0.5,0.5,0.499999,0.499998,0.499996,0.499991,0.499983,0.499969,0.499943,0.4999,0.499831,0.499721,0.499553,0.499305,0.498952,0.498466,0.497817,0.49698,0.495937,0.49468,0.493219,0.491579,0.489808,0.487971,0.486149,0.484433,0.482916,0.481688,0.480823,0.480377,0.480377,0.480823,0.481688,0.482916,0.484433,0.486149,0.487971,0.489808,0.491579,0.493219,0.49468,0.495937,0.49698,0.497817,0.498466,0.498952,0.499305,0.499553,0.499721,0.499831,0.4999,0.499943,0.499969,0.499983,0.499991,0.499996,0.499998,0.499999,0.5,0.5,0.5,0.5
0.5,0.5,0.5,0.5,0.499999,0.499999,0.499998,0.499995,0.499991,0.499982,0.499968,0.499943,0.499903,0.499839,0.499741,0.499596,0.499387,0.499097,0.498709,0.498205,0.497572,0.496806,0.495909,0.494897,0.493799,0.492654,0.491513,0.490434,0.489478,0.488701,0.488154,0.48787,0.48787,0.488154,0.488701,0.489478,0.490434,0.491513,0.492654,0.493799,0.494897,0.495909,0.496806,0.497572,0.498205,0.498709,0.499097,0.499387,0.499596,0.499741,0.499839,0.499903,0.499943,0.499968,0.499982,0.499991,0.499995,0.499998,0.499999,0.499999,0.5,0.5,0.5,0.5
0.5,0.5,0.5,0.5,0.5,0.499999,0.499999,0.499997,0.499995,0.49999,0.499982,0.499969,0.499946,0.49991,0.499855,0.499772,0.499653,0.499486,0.499261,0.498967,0.498596,0.498144,0.497613,0.49701,0.496352,0.495663,0.494974,0.49432,0.493738,0.493265,0.492931,0.492758,0.492758,0.492931,0.493265,0.493738,0.49432,0.494974,0.495663,0.496352,0.49701,0.497613,0.498144,0.498596,0.498967,0.499261,0.499486,0.499653,0.499772,0.499855,0.49991,0.499946,0.499969,0.499982,0.49999,0.499995,0.499997,0.499999,0.499999,0.5,0.5,0.5,0.5,0.5
0.5,0.5,0.5,0.5,0.5,0.5,0.499999,0.499999,0.499997,0.499995,0.499991,0.499983,0.499971,0.499952,0.499921,0.499876,0.499809,0.499716,0.49959,0.499425,0.499215,0.498957,0.498653,0.498306,0.497925,0.497525,0.497124,0.496741,0.496401,0.496122,0.495926,0.495824,0.495824,0.495926,0.496122,0.496401,0.496741,0.497124,0.497525,0.497925,0.498306,0.498653,0.498957,0.499215,0.499425,0.49959,0.499716,0.499809,0.499876,0.499921,0.499952,0.499971,0.499983,0.499991,0.499995,0.499997,0.499999,0.499999,0.5,0.5,0.5,0.5,0.5,0.5
0.5,0.5,0.5,0.5,0.5,0.5,0.5,0.499999,0.499999,0.499997,0.499995,0.499991,0.499985,0.499975,0.499959,0.499934,0.499899,0.499849,0.49978,0.49969,0.499575,0.499433,0.499265,0.499072,0.49886,0.498636,0.49841,0.498194,0.498001,0.497844,0.497732,0.497674,0.497674,0.497732,0.497844,0.498001,0.498194,0.49841,0.498636,0.49886,0.499072,0.499265,0.499433,0.499575,0.49969,0.49978,0.499849,0.499899,0.499934,0.499959,0.499975,0.499985,0.499991,0.499995,0.499997,0.499999,0.499999,0.5,0.5,0.5,0.5,0.5,0.5,0.5
0.5,0.5,0.5,0.5,0.5,0.5,0.5,0.5,0.499999,0.499999,0.499998,0.499996,0.499992,0.499987,0.499979,0.499966,0.499948,0.499922,0.499886,0.499839,0.499778,0.499702,0.499612,0.499509,0.499394,0.499273,0.499151,0.499033,0.498928,0.498842,0.498781,0.498749,0.498749,0.498781,0.498842,0.498928,0.499033,0.499151,0.499273,0.499394,0.499509,0.499612,0.499702,0.499778,0.499839,0.499886,0.499922,0.499948,0.499966,0.499979,0.499987,0.499992,0.499996,0.499998,0.499999,0.499999,0.5,0.5,0.5,0.5,0.5,0.5,0.5,0.5
0.5,0.5,0.5,0.5,0.5,0.5,0.5,0.5,0.5,0.499999,0.499999,0.499998,0.499996,0.499994,0.49999,0.499983,0.499974,0.499961,0.499943,0.499919,0.499887,0.499849,0.499802,0.499749,0.499689,0.499626,0.499562,0.4995,0.499445,0.499399,0.499367,0.49935,0.49935,0.499367,0.499399,0.499445,0.4995,0.499562,0.499626,0.499689,0.499749,0.499802,0.499849,0.499887,0.499919,0.499943,0.499961,0.499974,0.499983,0.49999,0.499994,0.499996,0.499998,0.499999,0.499999,0.5,0.5,0.5,0.5,0.5,0.5,0.5,0.5,0.5
0.5,0.5,0.5,0.5,0.5,0.5,0.5,0.5,0.5,0.5,0.499999,0.499999,0.499998,0.499997,0.499995,0.499992,0.499988,0.499981,0.499972,0.49996,0.499945,0.499926,0.499902,0.499876,0.499846,0.499814,0.499781,0.49975,0.499722,0.499699,0.499682,0.499674,0.499674,0.499682,0.499699,0.499722,0.49975,0.499781,0.499814,0.499846,0.499876,0.499902,0.499926,0.499945,0.49996,0.499972,0.499981,0.499988,0.499992,0.499995,0.499997,0.499998,0.499999,0.499999,0.5,0.5,0.5,0.5,0.5,0.5,0.5,0.5,0.5,0.5
0.5,0.5,0.5,0.5,0.5,0.5,0.5,0.5,0.5,0.5,0.5,0.5,0.499999,0.499999,0.499998,0.499996,0.499994,0.499991,0.499987,0.499981,0.499974,0.499964,0.499953,0.49994,0.499925,0.499909,0.499893,0.499878,0.499864,0.499853,0.499844,0.49984,0.49984,0.499844,0.499853,0.499864,0.499878,0.499893,0.499909,0.499925,0.49994,0.499953,0.499964,0.499974,0.499981,0.499987,0.499991,0.499994,0.499996,0.499998,0.499999,0.499999,0.5,0.5,0.5,0.5,0.5,0.5,0.5,0.5,0.5,0.5,0.5,0.5
0.5,0.5,0.5,0.5,0.5,0.5,0.5,0.5,0.5,0.5,0.5,0.5,0.5,0.499999,0.499999,0.499998,0.499997,0.499996,0.499994,0.499991,0.499987,0.499983,0.499977,0.49997,0.499963,0.499955,0.499947,0.499939,0.499932,0.499927,0.499923,0.49992,0.49992,0.499923,0.499927,0.499932,0.499939,0.499947,0.499955,0.499963,0.49997,0.499977,0.499983,0.499987,0.499991,0.499994,0.499996,0.499997,0.499998,0.499999,0.499999,0.5,0.5,0.5,0.5,0.5,0.5,0.5,0.5,0.5,0.5,0.5,0.5,0.5
0.5,0.5,0.5,0.5,0.5,0.5,0.5,0.5,0.5,0.5,0.5,0.5,0.5,0.5,0.499999,0.499999,0.499998,0.499998,0.499996,0.499995,0.499993,0.49999,0.499986,0.499983,0.499978,0.499973,0.499969,0.499964,0.49996,0.499956,0.499954,0.499952,0.499952,0.499954,0.499956,0.49996,0.499964,0.499969,0.499973,0.499978,0.499983,0.499986,0.49999,0.499993,0.499995,0.499996,0.499998,0.499998,0.499999,0.499999,0.5,0.5,0.5,0.5,0.5,0.5,0.5,0.5,0.5,0.5,0.5,0.5,0.5,0.5
0.5,0.5,0.5,0.5,0.5,0.5,0.5,0.5,0.5,0.5,0.5,0.5,0.5,0.5,0.499999,0.499999,0.499998,0.499998,0.499996,0.499995,0.499993,0.49999,0.499986,0.499983,0.499978,0.499973,0.499969,0.499964,0.49996,0.499956,0.499954,0.499952,0.499952,0.499954,0.499956,0.49996,0.499964,0.499969,0.499973,0.499978,0.499983,0.499986,0.49999,0.499993,0.499995,0.499996,0.499998,0.499998,0.499999,0.499999,0.5,0.5,0.5,0.5,0.5,0.5,0.5,0.5,0.5,0.5,0.5,0.5,0.5,0.5
