0.5,0.5,0.5,0.5,0.5,0.5,0.5,0.499999,0.499999,0.499998,0.499996,0.499993,0.499989,0.499983,0.499974,0.49996,0.499941,0.499916,0.499883,0.49984,0.499788,0.499726,0.499654,0.499574,0.499488,0.499399,0.499311,0.499228,0.499155,0.499095,0.499054,0.499032,0.499032,0.499054,0.499095,0.499155,0.499228,0.499311,0.499399,0.499488,0.499574,0.499654,0.499726,0.499788,0.49984,0.499883,0.499916,0.499941,0.49996,0.499974,0.499983,0.499989,0.499993,0.499996,0.499998,0.499999,0.499999,0.5,0.5,0.5,0.5,0.5,0.5,0.5
0.5,0.5,0.5,0.5,0.5,0.5,0.5,0.499999,0.499999,0.499998,0.499996,0.499993,0.499989,0.499983,0.499974,0.49996,0.499941,0.499916,0.499883,0.49984,0.499788,0.499726,0.499654,0.499574,0.499488,0.499399,0.499311,0.499228,0.499155,0.499095,0.499054,0.499032,0.499032,0.499054,0.499095,0.499155,0.499228,0.499311,0.499399,0.499488,0.499574,0.499654,0.499726,0.499788,0.49984,0.499883,0.499916,0.499941,0.49996,0.499974,0.499983,0.499989,0.499993,0.499996,0.499998,0.499999,0.499999,0.5,0.5,0.5,0.5,0.5,0.5,0.5
0.5,0.5,0.5,0.5,0.5,0.5,0.499999,0.499999,0.499998,0.499997,0.499994,0.49999,0.499984,0.499974,0.49996,0.49994,0.499912,0.499874,0.499825,0.499764,0.499688,0.499599,0.499496,0.499382,0.499259,0.499133,0.499009,0.498892,0.498789,0.498706,0.498648,0.498618,0.498618,0.498648,0.498706,0.498789,0.498892,0.499009,0.499133,0.499259,0.499382,0.499496,0.499599,0.499688,0.499764,0.499825,0.499874,0.499912,0.49994,0.49996,0.499974,0.499984,0.49999,0.499994,0.499997,0.499998,0.499999,0.499999,0.5,0.5,0.5,0.5,0.5,0.5
0.5,0.5,0.5,0.5,0.5,0.499999,0.499999,0.499998,0.499996,0.499993,0.499989,0.499981,0.49997,0.499952,0.499927,0.499891,0.499842,0.499776,0.499692,0.499585,0.499456,0.499304,0.49913,0.498938,0.498734,0.498524,0.498318,0.498126,0.497956,0.49782,0.497724,0.497675,0.497675,0.497724,0.49782,0.497956,0.498126,0.498318,0.498524,0.498734,0.498938,0.49913,0.499304,0.499456,0.499585,0.499692,0.499776,0.499842,0.499891,0.499927,0.499952,0.49997,0.499981,0.499989,0.499993,0.499996,0.499998,0.499999,0.499999,0.5,0.5,0.5,0.5,0.5
0.5,0.5,0.5,0.5,0.499999,0.499999,0.499998,0.499996,0.499993,0.499987,0.499978,0.499964,0.499943,0.49991,0.499864,0.499798,0.499709,0.499591,0.499439,0.49925,0.499022,0.498755,0.498452,0.49812,0.497768,0.497408,0.497057,0.49673,0.496443,0.496213,0.496051,0.495968,0.495968,0.496051,0.496213,0.496443,0.49673,0.497057,0.497408,0.497768,0.49812,0.498452,0.498755,0.499022,0.49925,0.499439,0.499591,0.499709,0.499798,0.499864,0.49991,0.499943,0.499964,0.499978,0.499987,0.499993,0.499996,0.499998,0.499999,0.499999,0.5,0.5,0.5,0.5
0.5,0.5,0.5,0.499999,0.499999,0.499998,0.499996,0.499992,0.499986,0.499976,0.499959,0.499933,0.499893,0.499834,0.49975,0.499632,0.499472,0.499263,0.498996,0.498666,0.49827,0.49781,0.497291,0.496725,0.496129,0.495523,0.494933,0.494387,0.493909,0.493526,0.493258,0.493121,0.493121,0.493258,0.493526,0.493909,0.494387,0.494933,0.495523,0.496129,0.496725,0.497291,0.49781,0.49827,0.498666,0.498996,0.499263,0.499472,0.499632,0.49975,0.499834,0.499893,0.499933,0.499959,0.499976,0.499986,0.499992,0.499996,0.499998,0.499999,0.499999,0.5,0.5,0.5
0.5,0.5,0.499999,0.499999,0.499998,0.499996,0.499992,0.499986,0.499974,0.499956,0.499925,0.499878,0.499807,0.499702,0.499553,0.499347,0.49907,0.498709,0.498252,0.497692,0.497025,0.496255,0.495392,0.494458,0.493478,0.492489,0.49153,0.490644,0.489873,0.489257,0.488827,0.488606,0.488606,0.488827,0.489257,0.489873,0.490644,0.49153,0.492489,0.493478,0.494458,0.495392,0.496255,0.497025,0.497692,0.498252,0.498709,0.49907,0.499347,0.499553,0.499702,0.499807,0.499878,0.499925,0.499956,0.499974,0.499986,0.499992,0.499996,0.499998,0.499999,0.499999,0.5,0.5
0.499999,0.499999,0.499999,0.499998,0.499996,0.499992,0.499986,0.499974,0.499953,0.49992,0.499867,0.499785,0.499661,0.499481,0.499225,0.498875,0.498409,0.497807,0.497051,0.496131,0.495043,0.493796,0.492409,0.490916,0.489361,0.487799,0.486293,0.484908,0.483708,0.48275,0.482083,0.481741,0.481741,0.482083,0.48275,0.483708,0.484908,0.486293,0.487799,0.489361,0.490916,0.492409,0.493796,0.495043,0.496131,0.497051,0.497807,0.498409,0.498875,0.499225,0.499481,0.499661,0.499785,0.499867,0.49992,0.499953,0.499974,0.499986,0.499992,0.499996,0.499998,0.499999,0.499999,0.499999
0.499999,0.499999,0.499998,0.499996,0.499993,0.499986,0.499974,0.499953,0.499918,0.499861,0.49977,0.49963,0.499422,0.49912,0.498698,0.498122,0.497363,0.496389,0.495178,0.493714,0.491998,0.490046,0.487892,0.485588,0.483205,0.480826,0.478545,0.476456,0.474654,0.473221,0.472225,0.471715,0.471715,0.472225,0.473221,0.474654,0.476456,0.478545,0.480826,0.483205,0.485588,0.487892,0.490046,0.491998,0.493714,0.495178,0.496389,0.497363,0.498122,0.498698,0.49912,0.499422,0.49963,0.49977,0.499861,0.499918,0.499953,0.499974,0.499986,0.499993,0.499996,0.499998,0.499999,0.499999
0.499998,0.499998,0.499997,0.499993,0.499987,0.499976,0.499956,0.49992,0.499861,0.499765,0.499614,0.499383,0.499043,0.498554,0.497875,0.496959,0.495759,0.494235,0.492355,0.490103,0.487486,0.484532,0.481298,0.477866,0.474341,0.470846,0.467514,0.464481,0.461874,0.459808,0.458377,0.457644,0.457644,0.458377,0.459808,0.461874,0.464481,0.467514,0.470846,0.474341,0.477866,0.481298,0.484532,0.487486,0.490103,0.492355,0.494235,0.495759,0.496959,0.497875,0.498554,0.499043,0.499383,0.499614,0.499765,0.499861,0.49992,0.499956,0.499976,0.499987,0.499993,0.499997,0.499998,0.499998
0.499996,0.499996,0.499994,0.499989,0.499978,0.499959,0.499925,0.499867,0.49977,0.499614,0.49937,0.499001,0.498461,0.497693,0.496635,0.495219,0.493383,0.491072,0.488247,0.484894,0.481031,0.476711,0.472021,0.467085,0.462054,0.457102,0.452412,0.448166,0.444535,0.441669,0.439688,0.438676,0.438676,0.439688,0.441669,0.444535,0.448166,0.452412,0.457102,0.462054,0.467085,0.472021,0.476711,0.481031,0.484894,0.488247,0.491072,0.493383,0.495219,0.496635,0.497693,0.498461,0.499001,0.49937,0.499614,0.49977,0.499867,0.499925,0.499959,0.499978,0.499989,0.499994,0.499996,0.499996
0.499993,0.499993,0.49999,0.499981,0.499964,0.499933,0.499878,0.499785,0.49963,0.499383,0.499001,0.498429,0.497596,0.496424,0.494824,0.492704,0.489979,0.486582,0.48247,0.477637,0.472122,0.466012,0.45944,0.452585,0.445658,0.438893,0.43253,0.426807,0.421939,0.418114,0.415479,0.414135,0.414135,0.415479,0.418114,0.421939,0.426807,0.43253,0.438893,0.445658,0.452585,0.45944,0.466012,0.472122,0.477637,0.48247,0.486582,0.489979,0.492704,0.494824,0.496424,0.497596,0.498429,0.499001,0.499383,0.49963,0.499785,0.499878,0.499933,0.499964,0.499981,0.49999,0.499993,0.499993
0.499989,0.499989,0.499984,0.49997,0.499943,0.499893,0.499807,0.499661,0.499422,0.499043,0.498461,0.497596,0.496352,0.494614,0.492265,0.489182,0.485261,0.48042,0.47462,0.467873,0.460253,0.451897,0.442999,0.433807,0.424604,0.415693,0.40738,0.399954,0.393676,0.388767,0.385397,0.383683,0.383683,0.385397,0.388767,0.393676,0.399954,0.40738,0.415693,0.424604,0.433807,0.442999,0.451897,0.460253,0.467873,0.47462,0.48042,0.485261,0.489182,0.492265,0.494614,0.496352,0.497596,0.498461,0.499043,0.499422,0.499661,0.499807,0.499893,0.499943,0.49997,0.499984,0.499989,0.499989
0.499983,0.499983,0.499974,0.499952,0.49991,0.499834,0.499702,0.499481,0.49912,0.498554,0.497693,0.496424,0.494614,0.492113,0.488762,0.484411,0.478933,0.472241,0.464311,0.455187,0.444994,0.433938,0.422294,0.410392,0.398596,0.387285,0.376825,0.367556,0.359774,0.353721,0.349583,0.347483,0.347483,0.349583,0.353721,0.359774,0.367556,0.376825,0.387285,0.398596,0.410392,0.422294,0.433938,0.444994,0.455187,0.464311,0.472241,0.478933,0.484411,0.488762,0.492113,0.494614,0.496424,0.497693,0.498554,0.49912,0.499481,0.499702,0.499834,0.49991,0.499952,0.499974,0.499983,0.499983
0.499974,0.499974,0.49996,0.499927,0.499864,0.49975,0.499553,0.499225,0.498698,0.497875,0.496635,0.494824,0.492265,0.488762,0.484118,0.478151,0.470719,0.461742,0.451224,0.439263,0.426059,0.411905,0.397174,0.382291,0.367708,0.353873,0.341207,0.330083,0.320816,0.313654,0.308781,0.306315,0.306315,0.308781,0.313654,0.320816,0.330083,0.341207,0.353873,0.367708,0.382291,0.397174,0.411905,0.426059,0.439263,0.451224,0.461742,0.470719,0.478151,0.484118,0.488762,0.492265,0.494824,0.496635,0.497875,0.498698,0.499225,0.499553,0.49975,0.499864,0.499927,0.49996,0.499974,0.499974
0.49996,0.49996,0.49994,0.499891,0.499798,0.499632,0.499347,0.498875,0.498122,0.496959,0.495219,0.492704,0.489182,0.484411,0.478151,0.470194,0.460396,0.4487,0.435159,0.419952,0.403377,0.385837,0.367817,0.349844,0.332454,0.316155,0.301402,0.288579,0.277992,0.269871,0.264375,0.261604,0.261604,0.264375,0.269871,0.277992,0.288579,0.301402,0.316155,0.332454,0.349844,0.367817,0.385837,0.403377,0.419952,0.435159,0.4487,0.460396,0.470194,0.478151,0.484411,0.489182,0.492704,0.495219,0.496959,0.498122,0.498875,0.499347,0.499632,0.499798,0.499891,0.49994,0.49996,0.49996
0.499941,0.499941,0.499912,0.499842,0.499709,0.499472,0.49907,0.498409,0.497363,0.495759,0.493383,0.489979,0.485261,0.478933,0.470719,0.460396,0.447833,0.433019,0.416088,0.397323,0.377148,0.356096,0.334774,0.313811,0.293813,0.275327,0.258814,0.244633,0.233049,0.224241,0.218319,0.215345,0.215345,0.218319,0.224241,0.233049,0.244633,0.258814,0.275327,0.293813,0.313811,0.334774,0.356096,0.377148,0.397323,0.416088,0.433019,0.447833,0.460396,0.470719,0.478933,0.485261,0.489979,0.493383,0.495759,0.497363,0.498409,0.49907,0.499472,0.499709,0.499842,0.499912,0.499941,0.499941
0.499916,0.499916,0.499874,0.499776,0.499591,0.499263,0.498709,0.497807,0.496389,0.494235,0.491072,0.486582,0.48042,0.472241,0.461742,0.4487,0.433019,0.414766,0.394183,0.371691,0.347863,0.323378,0.298965,0.275346,0.253175,0.233006,0.215263,0.200244,0.188133,0.179022,0.172947,0.169911,0.169911,0.172947,0.179022,0.188133,0.200244,0.215263,0.233006,0.253175,0.275346,0.298965,0.323378,0.347863,0.371691,0.394183,0.414766,0.433019,0.4487,0.461742,0.472241,0.48042,0.486582,0.491072,0.494235,0.496389,0.497807,0.498709,0.499263,0.499591,0.499776,0.499874,0.499916,0.499916
0.499883,0.499883,0.499825,0.499692,0.499439,0.498996,0.498252,0.497051,0.495178,0.492355,0.488247,0.48247,0.47462,0.464311,0.451224,0.435159,0.416088,0.394183,0.369832,0.34362,0.316289,0.28867,0.261611,0.235901,0.212213,0.191062,0.172796,0.157603,0.145546,0.136599,0.130695,0.127764,0.127764,0.130695,0.136599,0.145546,0.157603,0.172796,0.191062,0.212213,0.235901,0.261611,0.28867,0.316289,0.34362,0.369832,0.394183,0.416088,0.435159,0.451224,0.464311,0.47462,0.48247,0.488247,0.492355,0.495178,0.497051,0.498252,0.498996,0.499439,0.499692,0.499825,0.499883,0.499883
0.49984,0.49984,0.499764,0.499585,0.49925,0.498666,0.497692,0.496131,0.493714,0.490103,0.484894,0.477637,0.467873,0.455187,0.439263,0.419952,0.397323,0.371691,0.34362,0.313884,0.283406,0.253167,0.224115,0.197077,0.172699,0.151414,0.133442,0.118822,0.107457,0.0991752,0.0937875,0.0911374,0.0911374,0.0937875,0.0991752,0.107457,0.118822,0.133442,0.151414,0.172699,0.197077,0.224115,0.253167,0.283406,0.313884,0.34362,0.371691,0.397323,0.419952,0.439263,0.455187,0.467873,0.477637,0.484894,0.490103,0.493714,0.496131,0.497692,0.498666,0.49925,0.499585,0.499764,0.49984,0.49984
0.499788,0.499788,0.499688,0.499456,0.499022,0.49827,0.497025,0.495043,0.491998,0.487486,0.481031,0.472122,0.460253,0.444994,0.426059,0.403377,0.377148,0.347863,0.316289,0.283406,0.250321,0.218152,0.187916,0.160439,0.136294,0.115783,0.0989557,0.0856604,0.0756149,0.0684811,0.0639363,0.0617313,0.0617313,0.0639363,0.0684811,0.0756149,0.0856604,0.0989557,0.115783,0.136294,0.160439,0.187916,0.218152,0.250321,0.283406,0.316289,0.347863,0.377148,0.403377,0.426059,0.444994,0.460253,0.472122,0.481031,0.487486,0.491998,0.495043,0.497025,0.49827,0.499022,0.499456,0.499688,0.499788,0.499788
0.499726,0.499726,0.499599,0.499304,0.498755,0.49781,0.496255,0.493796,0.490046,0.484532,0.476711,0.466012,0.451897,0.433938,0.411905,0.385837,0.356096,0.323378,0.28867,0.253167,0.218152,0.184853,0.154323,0.12734,0.104356,0.0854963,0.0706032,0.0593098,0.0511313,0.0455559,0.0421262,0.0405017,0.0405017,0.0421262,0.0455559,0.0511313,0.0593098,0.0706032,0.0854963,0.104356,0.12734,0.154323,0.184853,0.218152,0.253167,0.28867,0.323378,0.356096,0.385837,0.411905,0.433938,0.451897,0.466012,0.476711,0.484532,0.490046,0.493796,0.496255,0.49781,0.498755,0.499304,0.499599,0.499726,0.499726
0.499654,0.499654,0.499496,0.49913,0.498452,0.497291,0.495392,0.492409,0.487892,0.481298,0.472021,0.45944,0.442999,0.422294,0.397174,0.367817,0.334774,0.298965,0.261611,0.224115,0.187916,0.154323,0.124381,0.098773,0.0777869,0.0613357,0.0490284,0.0402695,0.0343692,0.0306479,0.0285226,0.0275706,0.0275706,0.0285226,0.0306479,0.0343692,0.0402695,0.0490284,0.0613357,0.0777869,0.098773,0.124381,0.154323,0.187916,0.224115,0.261611,0.298965,0.334774,0.367817,0.397174,0.422294,0.442999,0.45944,0.472021,0.481298,0.487892,0.492409,0.495392,0.497291,0.498452,0.49913,0.499496,0.499654,0.499654
0.499574,0.499574,0.499382,0.498938,0.49812,0.496725,0.494458,0.490916,0.485588,0.477866,0.467085,0.452585,0.433807,0.410392,0.382291,0.349844,0.313811,0.275346,0.235901,0.197077,0.160439,0.12734,0.098773,0.0752858,0.0569658,0.0434893,0.0342206,0.0283367,0.0249547,0.0232441,0.0225147,0.0222765,0.0222765,0.0225147,0.0232441,0.0249547,0.0283367,0.0342206,0.0434893,0.0569658,0.0752858,0.098773,0.12734,0.160439,0.197077,0.235901,0.275346,0.313811,0.349844,0.382291,0.410392,0.433807,0.452585,0.467085,0.477866,0.485588,0.490916,0.494458,0.496725,0.49812,0.498938,0.499382,0.499574,0.499574
0.499488,0.499488,0.499259,0.498734,0.497768,0.496129,0.493478,0.489361,0.483205,0.474341,0.462054,0.445658,0.424604,0.398596,0.367708,0.332454,0.293813,0.253175,0.212213,0.172699,0.136294,0.104356,0.0777869,0.0569658,0.0417563,0.0315874,0.0255817,0.0227033,0.0218987,0.0222128,0.0228725,0.0233398,0.0233398,0.0228725,0.0222128,0.0218987,0.0227033,0.0255817,0.0315874,0.0417563,0.0569658,0.0777869,0.104356,0.136294,0.172699,0.212213,0.253175,0.293813,0.332454,0.367708,0.398596,0.424604,0.445658,0.462054,0.474341,0.483205,0.489361,0.493478,0.496129,0.497768,0.498734,0.499259,0.499488,0.499488
0.499399,0.499399,0.499133,0.498524,0.497408,0.495523,0.492489,0.487799,0.480826,0.470846,0.457102,0.438893,0.415693,0.387285,0.353873,0.316155,0.275327,0.233006,0.191062,0.151414,0.115783,0.0854963,0.0613357,0.0434893,0.0315874,0.0248152,0.0220698,0.0221272,0.0237935,0.0260194,0.0279763,0.0290977,0.0290977,0.0279763,0.0260194,0.0237935,0.0221272,0.0220698,0.0248152,0.0315874,0.0434893,0.0613357,0.0854963,0.115783,0.151414,0.191062,0.233006,0.275327,0.316155,0.353873,0.387285,0.415693,0.438893,0.457102,0.470846,0.480826,0.487799,0.492489,0.495523,0.497408,0.498524,0.499133,0.499399,0.499399
0.499311,0.499311,0.499009,0.498318,0.497057,0.494933,0.49153,0.486293,0.478545,0.467514,0.452412,0.43253,0.40738,0.376825,0.341207,0.301402,0.258814,0.215263,0.172796,0.133442,0.0989557,0.0706032,0.0490284,0.0342206,0.0255817,0.0220698,0.0223818,0.0251377,0.0290357,0.0329633,0.036062,0.0377553,0.0377553,0.036062,0.0329633,0.0290357,0.0251377,0.0223818,0.0220698,0.0255817,0.0342206,0.0490284,0.0706032,0.0989557,0.133442,0.172796,0.215263,0.258814,0.301402,0.341207,0.376825,0.40738,0.43253,0.452412,0.467514,0.478545,0.486293,0.49153,0.494933,0.497057,0.498318,0.499009,0.499311,0.499311
0.499228,0.499228,0.498892,0.498126,0.49673,0.494387,0.490644,0.484908,0.476456,0.464481,0.448166,0.426807,0.399954,0.367556,0.330083,0.288579,0.244633,0.200244,0.157603,0.118822,0.0856604,0.0593098,0.0402695,0.0283367,0.0227033,0.0221272,0.0251377,0.0302317,0.0360317,0.0413893,0.0454367,0.0476017,0.0476017,0.0454367,0.0413893,0.0360317,0.0302317,0.0251377,0.0221272,0.0227033,0.0283367,0.0402695,0.0593098,0.0856604,0.118822,0.157603,0.200244,0.244633,0.288579,0.330083,0.367556,0.399954,0.426807,0.448166,0.464481,0.476456,0.484908,0.490644,0.494387,0.49673,0.498126,0.498892,0.499228,0.499228
0.499155,0.499155,0.498789,0.497956,0.496443,0.493909,0.489873,0.483708,0.474654,0.461874,0.444535,0.421939,0.393676,0.359774,0.320816,0.277992,0.233049,0.188133,0.145546,0.107457,0.0756149,0.0511313,0.0343692,0.0249547,0.0218987,0.0237935,0.0290357,0.0360317,0.0433554,0.0498426,0.0546314,0.0571623,0.0571623,0.0546314,0.0498426,0.0433554,0.0360317,0.0290357,0.0237935,0.0218987,0.0249547,0.0343692,0.0511313,0.0756149,0.107457,0.145546,0.188133,0.233049,0.277992,0.320816,0.359774,0.393676,0.421939,0.444535,0.461874,0.474654,0.483708,0.489873,0.493909,0.496443,0.497956,0.498789,0.499155,0.499155
0.499095,0.499095,0.498706,0.49782,0.496213,0.493526,0.489257,0.48275,0.473221,0.459808,0.441669,0.418114,0.388767,0.353721,0.313654,0.269871,0.224241,0.179022,0.136599,0.0991752,0.0684811,0.0455559,0.0306479,0.0232441,0.0222128,0.0260194,0.0329633,0.0413893,0.0498426,0.0571571,0.0624832,0.0652774,0.0652774,0.0624832,0.0571571,0.0498426,0.0413893,0.0329633,0.0260194,0.0222128,0.0232441,0.0306479,0.0455559,0.0684811,0.0991752,0.136599,0.179022,0.224241,0.269871,0.313654,0.353721,0.388767,0.418114,0.441669,0.459808,0.473221,0.48275,0.489257,0.493526,0.496213,0.49782,0.498706,0.499095,0.499095
0.499054,0.499054,0.498648,0.497724,0.496051,0.493258,0.488827,0.482083,0.472225,0.458377,0.439688,0.415479,0.385397,0.349583,0.308781,0.264375,0.218319,0.172947,0.130695,0.0937875,0.0639363,0.0421262,0.0285226,0.0225147,0.0228725,0.0279763,0.036062,0.0454367,0.0546314,0.0624832,0.0681552,0.071118,0.071118,0.0681552,0.0624832,0.0546314,0.0454367,0.036062,0.0279763,0.0228725,0.0225147,0.0285226,0.0421262,0.0639363,0.0937875,0.130695,0.172947,0.218319,0.264375,0.308781,0.349583,0.385397,0.415479,0.439688,0.458377,0.472225,0.482083,0.488827,0.493258,0.496051,0.497724,0.498648,0.499054,0.499054
0.499032,0.499032,0.498618,0.497675,0.495968,0.493121,0.488606,0.481741,0.471715,0.457644,0.438676,0.414135,0.383683,0.347483,0.306315,0.261604,0.215345,0.169911,0.127764,0.0911374,0.0617313,0.0405017,0.0275706,0.0222765,0.0233398,0.0290977,0.0377553,0.0476017,0.0571623,0.0652774,0.071118,0.0741627,0.0741627,0.071118,0.0652774,0.0571623,0.0476017,0.0377553,0.0290977,0.0233398,0.0222765,0.0275706,0.0405017,0.0617313,0.0911374,0.127764,0.169911,0.215345,0.261604,0.306315,0.347483,0.383683,0.414135,0.438676,0.457644,0.471715,0.481741,0.488606,0.493121,0.495968,0.497675,0.498618,0.499032,0.499032
0.499032,0.499032,0.498618,0.497675,0.495968,0.493121,0.488606,0.481741,0.471715,0.457644,0.438676,0.414135,0.383683,0.347483,0.306315,0.261604,0.215345,0.169911,0.127764,0.0911374,0.0617313,0.0405017,0.0275706,0.0222765,0.0233398,0.0290977,0.0377553,0.0476017,0.0571623,0.0652774,0.071118,0.0741627,0.0741627,0.071118,0.0652774,0.0571623,0.0476017,0.0377553,0.0290977,0.0233398,0.0222765,0.0275706,0.0405017,0.0617313,0.0911374,0.127764,0.169911,0.215345,0.261604,0.306315,0.347483,0.383683,0.414135,0.438676,0.457644,0.471715,0.481741,0.488606,0.493121,0.495968,0.497675,0.498618,0.499032,0.499032
0.499054,0.499054,0.498648,0.497724,0.496051,0.493258,0.488827,0.482083,0.472225,0.458377,0.439688,0.415479,0.385397,0.349583,0.308781,0.264375,0.218319,0.172947,0.130695,0.0937875,0.0639363,0.0421262,0.0285226,0.0225147,0.0228725,0.0279763,0.036062,0.0454367,0.0546314,0.0624832,0.0681552,0.071118,0.071118,0.0681552,0.0624832,0.0546314,0.0454367,0.036062,0.0279763,0.0228725,0.0225147,0.0285226,0.0421262,0.0639363,0.0937875,0.130695,0.172947,0.218319,0.264375,0.308781,0.349583,0.385397,0.415479,0.439688,0.458377,0.472225,0.482083,0.488827,0.493258,0.496051,0.497724,0.498648,0.499054,0.499054
0.499095,0.499095,0.498706,0.49782,0.496213,0.493526,0.489257,0.48275,0.473221,0.459808,0.441669,0.418114,0.388767,0.353721,0.313654,0.269871,0.224241,0.179022,0.136599,0.0991752,0.0684811,0.0455559,0.0306479,0.0232441,0.0222128,0.0260194,0.0329633,0.0413893,0.0498426,0.0571571,0.0624832,0.0652774,0.0652774,0.0624832,0.0571571,0.0498426,0.0413893,0.0329633,0.0260194,0.0222128,0.0232441,0.0306479,0.0455559,0.0684811,0.0991752,0.136599,0.179022,0.224241,0.269871,0.313654,0.353721,0.388767,0.418114,0.441669,0.459808,0.473221,0.48275,0.489257,0.493526,0.496213,0.49782,0.498706,0.499095,0.499095
0.499155,0.499155,0.498789,0.497956,0.496443,0.493909,0.489873,0.483708,0.474654,0.461874,0.444535,0.421939,0.393676,0.359774,0.320816,0.277992,0.233049,0.188133,0.145546,0.107457,0.0756149,0.0511313,0.0343692,0.0249547,0.0218987,0.0237935,0.0290357,0.0360317,0.0433554,0.0498426,0.0546314,0.0571623,0.0571623,0.0546314,0.0498426,0.0433554,0.0360317,0.0290357,0.0237935,0.0218987,0.0249547,0.0343692,0.0511313,0.0756149,0.107457,0.145546,0.188133,0.233049,0.277992,0.320816,0.359774,0.393676,0.421939,0.444535,0.461874,0.474654,0.483708,0.489873,0.493909,0.496443,0.497956,0.498789,0.499155,0.499155
0.499228,0.499228,0.498892,0.498126,0.49673,0.494387,0.490644,0.484908,0.476456,0.464481,0.448166,0.426807,0.399954,0.367556,0.330083,0.288579,0.244633,0.200244,0.157603,0.118822,0.0856604,0.0593098,0.0402695,0.0283367,0.0227033,0.0221272,0.0251377,0.0302317,0.0360317,0.0413893,0.0454367,0.0476017,0.0476017,0.0454367,0.0413893,0.0360317,0.0302317,0.0251377,0.0221272,0.0227033,0.0283367,0.0402695,0.0593098,0.0856604,0.118822,0.157603,0.200244,0.244633,0.288579,0.330083,0.367556,0.399954,0.426807,0.448166,0.464481,0.476456,0.484908,0.490644,0.494387,0.49673,0.498126,0.498892,0.499228,0.499228
0.499311,0.499311,0.499009,0.498318,0.497057,0.494933,0.49153,0.486293,0.478545,0.467514,0.452412,0.43253,0.40738,0.376825,0.341207,0.301402,0.258814,0.215263,0.172796,0.133442,0.0989557,0.0706032,0.0490284,0.0342206,0.0255817,0.0220698,0.0223818,0.0251377,0.0290357,0.0329633,0.036062,0.0377553,0.0377553,0.036062,0.0329633,0.0290357,0.0251377,0.0223818,0.0220698,0.0255817,0.0342206,0.0490284,0.0706032,0.0989557,0.133442,0.172796,0.215263,0.258814,0.301402,0.341207,0.376825,0.40738,0.43253,0.452412,0.467514,0.478545,0.486293,0.49153,0.494933,0.497057,0.498318,0.499009,0.499311,0.499311
0.499399,0.499399,0.499133,0.498524,0.497408,0.495523,0.492489,0.487799,0.480826,0.470846,0.457102,0.438893,0.415693,0.387285,0.353873,0.316155,0.275327,0.233006,0.191062,0.151414,0.115783,0.0854963,0.0613357,0.0434893,0.0315874,0.0248152,0.0220698,0.0221272,0.0237935,0.0260194,0.0279763,0.0290977,0.0290977,0.0279763,0.0260194,0.0237935,0.0221272,0.0220698,0.0248152,0.0315874,0.0434893,0.0613357,0.0854963,0.115783,0.151414,0.191062,0.233006,0.275327,0.316155,0.353873,0.387285,0.415693,0.438893,0.457102,0.470846,0.480826,0.487799,0.492489,0.495523,0.497408,0.498524,0.499133,0.499399,0.499399
0.499488,0.499488,0.499259,0.498734,0.497768,0.496129,0.493478,0.489361,0.483205,0.474341,0.462054,0.445658,0.424604,0.398596,0.367708,0.332454,0.293813,0.253175,0.212213,0.172699,0.136294,0.104356,0.0777869,0.0569658,0.0417563,0.0315874,0.0255817,0.0227033,0.0218987,0.0222128,0.0228725,0.0233398,0.0233398,0.0228725,0.0222128,0.0218987,0.0227033,0.0255817,0.0315874,0.0417563,0.0569658,0.0777869,0.104356,0.136294,0.172699,0.212213,0.253175,0.293813,0.332454,0.367708,0.398596,0.424604,0.445658,0.462054,0.474341,0.483205,0.489361,0.493478,0.496129,0.497768,0.498734,0.499259,0.499488,0.499488
0.499574,0.499574,0.499382,0.498938,0.49812,0.496725,0.494458,0.490916,0.485588,0.477866,0.467085,0.452585,0.433807,0.410392,0.382291,0.349844,0.313811,0.275346,0.235901,0.197077,0.160439,0.12734,0.098773,0.0752858,0.0569658,0.0434893,0.0342206,0.0283367,0.0249547,0.0232441,0.0225147,0.0222765,0.0222765,0.0225147,0.0232441,0.0249547,0.0283367,0.0342206,0.0434893,0.0569658,0.0752858,0.098773,0.12734,0.160439,0.197077,0.235901,0.275346,0.313811,0.349844,0.382291,0.410392,0.433807,0.452585,0.467085,0.477866,0.485588,0.490916,0.494458,0.496725,0.49812,0.498938,0.499382,0.499574,0.499574
0.499654,0.499654,0.499496,0.49913,0.498452,0.497291,0.495392,0.492409,0.487892,0.481298,0.472021,0.45944,0.442999,0.422294,0.397174,0.367817,0.334774,0.298965,0.261611,0.224115,0.187916,0.154323,0.124381,0.098773,0.0777869,0.0613357,0.0490284,0.0402695,0.0343692,0.0306479,0.0285226,0.0275706,0.0275706,0.0285226,0.0306479,0.0343692,0.0402695,0.0490284,0.0613357,0.0777869,0.098773,0.124381,0.154323,0.187916,0.224115,0.261611,0.298965,0.334774,0.367817,0.397174,0.422294,0.442999,0.45944,0.472021,0.481298,0.487892,0.492409,0.495392,0.497291,0.498452,0.49913,0.499496,0.499654,0.499654
0.499726,0.499726,0.499599,0.499304,0.498755,0.49781,0.496255,0.493796,0.490046,0.484532,0.476711,0.466012,0.451897,0.433938,0.411905,0.385837,0.356096,0.323378,0.28867,0.253167,0.218152,0.184853,0.154323,0.12734,0.104356,0.0854963,0.0706032,0.0593098,0.0511313,0.0455559,0.0421262,0.0405017,0.0405017,0.0421262,0.0455559,0.0511313,0.0593098,0.0706032,0.0854963,0.104356,0.12734,0.154323,0.184853,0.218152,0.253167,0.28867,0.323378,0.356096,0.385837,0.411905,0.433938,0.451897,0.466012,0.476711,0.484532,0.490046,0.493796,0.496255,0.49781,0.498755,0.499304,0.499599,0.499726,0.499726
0.499788,0.499788,0.499688,0.499456,0.499022,0.49827,0.497025,0.495043,0.491998,0.487486,0.481031,0.472122,0.460253,0.444994,0.426059,0.403377,0.377148,0.347863,0.316289,0.283406,0.250321,0.218152,0.187916,0.160439,0.136294,0.115783,0.0989557,0.0856604,0.0756149,0.0684811,0.0639363,0.0617313,0.0617313,0.0639363,0.0684811,0.0756149,0.0856604,0.0989557,0.115783,0.136294,0.160439,0.187916,0.218152,0.250321,0.283406,0.316289,0.347863,0.377148,0.403377,0.426059,0.444994,0.460253,0.472122,0.481031,0.487486,0.491998,0.495043,0.497025,0.49827,0.499022,0.499456,0.499688,0.499788,0.499788
0.49984,0.49984,0.499764,0.499585,0.49925,0.498666,0.497692,0.496131,0.493714,0.490103,0.484894,0.477637,0.467873,0.455187,0.439263,0.419952,0.397323,0.371691,0.34362,0.313884,0.283406,0.253167,0.224115,0.197077,0.172699,0.151414,0.133442,0.118822,0.107457,0.0991752,0.0937875,0.0911374,0.0911374,0.0937875,0.0991752,0.107457,0.118822,0.133442,0.151414,0.172699,0.197077,0.224115,0.253167,0.283406,0.313884,0.34362,0.371691,0.397323,0.419952,0.439263,0.455187,0.467873,0.477637,0.484894,0.490103,0.493714,0.496131,0.497692,0.498666,0.49925,0.499585,0.499764,0.49984,0.49984
0.499883,0.499883,0.499825,0.499692,0.499439,0.498996,0.498252,0.497051,0.495178,0.492355,0.488247,0.48247,0.47462,0.464311,0.451224,0.435159,0.416088,0.394183,0.369832,0.34362,0.316289,0.28867,0.261611,0.235901,0.212213,0.191062,0.172796,0.157603,0.145546,0.136599,0.130695,0.127764,0.127764,0.130695,0.136599,0.145546,0.157603,0.172796,0.191062,0.212213,0.235901,0.261611,0.28867,0.316289,0.34362,0.369832,0.394183,0.416088,0.435159,0.451224,0.464311,0.47462,0.48247,0.488247,0.492355,0.495178,0.497051,0.498252,0.498996,0.499439,0.499692,0.499825,0.499883,0.499883
0.499916,0.499916,0.499874,0.499776,0.499591,0.499263,0.498709,0.497807,0.496389,0.494235,0.491072,0.486582,0.48042,0.472241,0.461742,0.4487,0.433019,0.414766,0.394183,0.371691,0.347863,0.323378,0.298965,0.275346,0.253175,0.233006,0.215263,0.200244,0.188133,0.179022,0.172947,0.169911,0.169911,0.172947,0.179022,0.188133,0.200244,0.215263,0.233006,0.253175,0.275346,0.298965,0.323378,0.347863,0.371691,0.394183,0.414766,0.433019,0.4487,0.461742,0.472241,0.48042,0.486582,0.491072,0.494235,0.496389,0.497807,0.498709,0.499263,0.499591,0.499776,0.499874,0.499916,0.499916
0.499941,0.499941,0.499912,0.499842,0.499709,0.499472,0.49907,0.498409,0.497363,0.495759,0.493383,0.489979,0.485261,0.478933,0.470719,0.460396,0.447833,0.433019,0.416088,0.397323,0.377148,0.356096,0.334774,0.313811,0.293813,0.275327,0.258814,0.244633,0.233049,0.224241,0.218319,0.215345,0.215345,0.218319,0.224241,0.233049,0.244633,0.258814,0.275327,0.293813,0.313811,0.334774,0.356096,0.377148,0.397323,0.416088,0.433019,0.447833,0.460396,0.470719,0.478933,0.485261,0.489979,0.493383,0.495759,0.497363,0.498409,0.49907,0.499472,0.499709,0.499842,0.499912,0.499941,0.499941
0.49996,0.49996,0.49994,0.499891,0.499798,0.499632,0.499347,0.498875,0.498122,0.496959,0.495219,0.492704,0.489182,0.484411,0.478151,0.470194,0.460396,0.4487,0.435159,0.419952,0.403377,0.385837,0.367817,0.349844,0.332454,0.316155,0.301402,0.288579,0.277992,0.269871,0.264375,0.261604,0.261604,0.264375,0.269871,0.277992,0.288579,0.301402,0.316155,0.332454,0.349844,0.367817,0.385837,0.403377,0.419952,0.435159,0.4487,0.460396,0.470194,0.478151,0.484411,0.489182,0.492704,0.495219,0.496959,0.498122,0.498875,0.499347,0.499632,0.499798,0.499891,0.49994,0.49996,0.49996
0.499974,0.499974,0.49996,0.499927,0.499864,0.49975,0.499553,0.499225,0.498698,0.497875,0.496635,0.494824,0.492265,0.488762,0.484118,0.478151,0.470719,0.461742,0.451224,0.439263,0.426059,0.411905,0.397174,0.382291,0.367708,0.353873,0.341207,0.330083,0.320816,0.313654,0.308781,0.306315,0.306315,0.308781,0.313654,0.320816,0.330083,0.341207,0.353873,0.367708,0.382291,0.397174,0.411905,0.426059,0.439263,0.451224,0.461742,0.470719,0.478151,0.484118,0.488762,0.492265,0.494824,0.496635,0.497875,0.498698,0.499225,0.499553,0.49975,0.499864,0.499927,0.49996,0.499974,0.499974
0.499983,0.499983,0.499974,0.499952,0.49991,0.499834,0.499702,0.499481,0.49912,0.498554,0.497693,0.496424,0.494614,0.492113,0.488762,0.484411,0.478933,0.472241,0.464311,0.455187,0.444994,0.433938,0.422294,0.410392,0.398596,0.387285,0.376825,0.367556,0.359774,0.353721,0.349583,0.347483,0.347483,0.349583,0.353721,0.359774,0.367556,0.376825,0.387285,0.398596,0.410392,0.422294,0.433938,0.444994,0.455187,0.464311,0.472241,0.478933,0.484411,0.488762,0.492113,0.494614,0.496424,0.497693,0.498554,0.49912,0.499481,0.499702,0.499834,0.49991,0.499952,0.499974,0.499983,0.499983
0.499989,0.499989,0.499984,0.49997,0.499943,0.499893,0.499807,0.499661,0.499422,0.499043,0.498461,0.497596,0.496352,0.494614,0.492265,0.489182,0.485261,0.48042,0.47462,0.467873,0.460253,0.451897,0.442999,0.433807,0.424604,0.415693,0.40738,0.399954,0.393676,0.388767,0.385397,0.383683,0.383683,0.385397,0.388767,0.393676,0.399954,0.40738,0.415693,0.424604,0.433807,0.442999,0.451897,0.460253,0.467873,0.47462,0.48042,0.485261,0.489182,0.492265,0.494614,0.496352,0.497596,0.498461,0.499043,0.499422,0.499661,0.499807,0.499893,0.499943,0.49997,0.499984,0.499989,0.499989
0.499993,0.499993,0.49999,0.499981,0.499964,0.499933,0.499878,0.499785,0.49963,0.499383,0.499001,0.498429,0.497596,0.496424,0.494824,0.492704,0.489979,0.486582,0.48247,0.477637,0.472122,0.466012,0.45944,0.452585,0.445658,0.438893,0.43253,0.426807,0.421939,0.418114,0.415479,0.414135,0.414135,0.415479,0.418114,0.421939,0.426807,0.43253,0.438893,0.445658,0.452585,0.45944,0.466012,0.472122,0.477637,0.48247,0.486582,0.489979,0.492704,0.494824,0.496424,0.497596,0.498429,0.499001,0.499383,0.49963,0.499785,0.499878,0.499933,0.499964,0.499981,0.49999,0.499993,0.499993
0.499996,0.499996,0.499994,0.499989,0.499978,0.499959,0.499925,0.499867,0.49977,0.499614,0.49937,0.499001,0.498461,0.497693,0.496635,0.495219,0.493383,0.491072,0.488247,0.484894,0.481031,0.476711,0.472021,0.467085,0.462054,0.457102,0.452412,0.448166,0.444535,0.441669,0.439688,0.438676,0.438676,0.439688,0.441669,0.444535,0.448166,0.452412,0.457102,0.462054,0.467085,0.472021,0.476711,0.481031,0.484894,0.488247,0.491072,0.493383,0.495219,0.496635,0.497693,0.498461,0.499001,0.49937,0.499614,0.49977,0.499867,0.499925,0.499959,0.499978,0.499989,0.499994,0.499996,0.499996
0.499998,0.499998,0.499997,0.499993,0.499987,0.499976,0.499956,0.49992,0.499861,0.499765,0.499614,0.499383,0.499043,0.498554,0.497875,0.496959,0.495759,0.494235,0.492355,0.490103,0.487486,0.484532,0.481298,0.477866,0.474341,0.470846,0.467514,0.464481,0.461874,0.459808,0.458377,0.457644,0.457644,0.458377,0.459808,0.461874,0.464481,0.467514,0.470846,0.474341,0.477866,0.481298,0.484532,0.487486,0.490103,0.492355,0.494235,0.495759,0.496959,0.497875,0.498554,0.499043,0.499383,0.499614,0.499765,0.499861,0.49992,0.499956,0.499976,0.499987,0.499993,0.499997,0.499998,0.499998
0.499999,0.499999,0.499998,0.499996,0.499993,0.499986,0.499974,0.499953,0.499918,0.499861,0.49977,0.49963,0.499422,0.49912,0.498698,0.498122,0.497363,0.496389,0.495178,0.493714,0.491998,0.490046,0.487892,0.485588,0.483205,0.480826,0.478545,0.476456,0.474654,0.473221,0.472225,0.471715,0.471715,0.472225,0.473221,0.474654,0.476456,0.478545,0.480826,0.483205,0.485588,0.487892,0.490046,0.491998,0.493714,0.495178,0.496389,0.497363,0.498122,0.498698,0.49912,0.499422,0.49963,0.49977,0.499861,0.499918,0.499953,0.499974,0.499986,0.499993,0.499996,0.499998,0.499999,0.499999
0.499999,0.499999,0.499999,0.499998,0.499996,0.499992,0.499986,0.499974,0.499953,0.49992,0.499867,0.499785,0.499661,0.499481,0.499225,0.498875,0.498409,0.497807,0.497051,0.496131,0.495043,0.493796,0.492409,0.490916,0.489361,0.487799,0.486293,0.484908,0.483708,0.48275,0.482083,0.481741,0.481741,0.482083,0.48275,0.483708,0.484908,0.486293,0.487799,0.489361,0.490916,0.492409,0.493796,0.495043,0.496131,0.497051,0.497807,0.498409,0.498875,0.499225,0.499481,0.499661,0.499785,0.499867,0.49992,0.499953,0.499974,0.499986,0.499992,0.499996,0.499998,0.499999,0.499999,0.499999
0.5,0.5,0.499999,0.499999,0.499998,0.499996,0.499992,0.499986,0.499974,0.499956,0.499925,0.499878,0.499807,0.499702,0.499553,0.499347,0.49907,0.498709,0.498252,0.497692,0.497025,0.496255,0.495392,0.494458,0.493478,0.492489,0.49153,0.490644,0.489873,0.489257,0.488827,0.488606,0.488606,0.488827,0.489257,0.489873,0.490644,0.49153,0.492489,0.493478,0.494458,0.495392,0.496255,0.497025,0.497692,0.498252,0.498709,0.49907,0.499347,0.499553,0.499702,0.499807,0.499878,0.499925,0.499956,0.499974,0.499986,0.499992,0.499996,0.499998,0.499999,0.499999,0.5,0.5
0.5,0.5,0.5,0.499999,0.499999,0.499998,0.499996,0.499992,0.499986,0.499976,0.499959,0.499933,0.499893,0.499834,0.49975,0.499632,0.499472,0.499263,0.498996,0.498666,0.49827,0.49781,0.497291,0.496725,0.496129,0.495523,0.494933,0.494387,0.493909,0.493526,0.493258,0.493121,0.493121,0.493258,0.493526,0.493909,0.494387,0.494933,0.495523,0.496129,0.496725,0.497291,0.49781,0.49827,0.498666,0.498996,0.499263,0.499472,0.499632,0.49975,0.499834,0.499893,0.499933,0.499959,0.499976,0.499986,0.499992,0.499996,0.499998,0.499999,0.499999,0.5,0.5,0.5
0.5,0.5,0.5,0.5,0.499999,0.499999,0.499998,0.499996,0.499993,0.499987,0.499978,0.499964,0.499943,0.49991,0.499864,0.499798,0.499709,0.499591,0.499439,0.49925,0.499022,0.498755,0.498452,0.49812,0.497768,0.497408,0.497057,0.49673,0.496443,0.496213,0.496051,0.495968,0.495968,0.496051,0.496213,0.496443,0.49673,0.497057,0.497408,0.497768,0.49812,0.498452,0.498755,0.499022,0.49925,0.499439,0.499591,0.499709,0.499798,0.499864,0.49991,0.499943,0.499964,0.499978,0.499987,0.499993,0.499996,0.499998,0.499999,0.499999,0.5,0.5,0.5,0.5
0.5,0.5,0.5,0.5,0.5,0.499999,0.499999,0.499998,0.499996,0.499993,0.499989,0.499981,0.49997,0.499952,0.499927,0.499891,0.499842,0.499776,0.499692,0.499585,0.499456,0.499304,0.49913,0.498938,0.498734,0.498524,0.498318,0.498126,0.497956,0.49782,0.497724,0.497675,0.497675,0.497724,0.49782,0.497956,0.498126,0.498318,0.498524,0.498734,0.498938,0.49913,0.499304,0.499456,0.499585,0.499692,0.499776,0.499842,0.499891,0.499927,0.499952,0.49997,0.499981,0.499989,0.499993,0.499996,0.499998,0.499999,0.499999,0.5,0.5,0.5,0.5,0.5
0.5,0.5,0.5,0.5,0.5,0.5,0.499999,0.499999,0.499998,0.499997,0.499994,0.49999,0.499984,0.499974,0.49996,0.49994,0.499912,0.499874,0.499825,0.499764,0.499688,0.499599,0.499496,0.499382,0.499259,0.499133,0.499009,0.498892,0.498789,0.498706,0.498648,0.498618,0.498618,0.498648,0.498706,0.498789,0.498892,0.499009,0.499133,0.499259,0.499382,0.499496,0.499599,0.499688,0.499764,0.499825,0.499874,0.499912,0.49994,0.49996,0.499974,0.499984,0.49999,0.499994,0.499997,0.499998,0.499999,0.499999,0.5,0.5,0.5,0.5,0.5,0.5
0.5,0.5,0.5,0.5,0.5,0.5,0.5,0.499999,0.499999,0.499998,0.499996,0.499993,0.499989,0.499983,0.499974,0.49996,0.499941,0.499916,0.499883,0.49984,0.499788,0.499726,0.499654,0.499574,0.499488,0.499399,0.499311,0.499228,0.499155,0.499095,0.499054,0.499032,0.499032,0.499054,0.499095,0.499155,0.499228,0.499311,0.499399,0.499488,0.499574,0.499654,0.499726,0.499788,0.49984,0.499883,0.499916,0.499941,0.49996,0.499974,0.499983,0.499989,0.499993,0.499996,0.499998,0.499999,0.499999,0.5,0.5,0.5,0.5,0.5,0.5,0.5
0.5,0.5,0.5,0.5,0.5,0.5,0.5,0.499999,0.499999,0.499998,0.499996,0.499993,0.499989,0.499983,0.499974,0.49996,0.499941,0.499916,0.499883,0.49984,0.499788,0.499726,0.499654,0.499574,0.499488,0.499399,0.499311,0.499228,0.499155,0.499095,0.499054,0.499032,0.499032,0.499054,0.499095,0.499155,0.499228,0.499311,0.499399,0.499488,0.499574,0.499654,0.499726,0.499788,0.49984,0.499883,0.499916,0.499941,0.49996,0.499974,0.499983,0.499989,0.499993,0.499996,0.499998,0.499999,0.499999,0.5,0.5,0.5,0.5,0.5,0.5,0.5
