0.5,0.5,0.5,0.5,0.5,0.5,0.499999,0.499999,0.499998,0.499996,0.499994,0.499989,0.499983,0.499972,0.499958,0.499937,0.499908,0.499869,0.499819,0.499756,0.49968,0.499589,0.499484,0.499369,0.499245,0.499118,0.498993,0.498876,0.498773,0.498689,0.49863,0.4986,0.4986,0.49863,0.498689,0.498773,0.498876,0.498993,0.499118,0.499245,0.499369,0.499484,0.499589,0.49968,0.499756,0.499819,0.499869,0.499908,0.499937,0.499958,0.499972,0.499983,0.499989,0.499994,0.499996,0.499998,0.499999,0.499999,0.5,0.5,0.5,0.5,0.5,0.5
0.5,0.5,0.5,0.5,0.5,0.5,0.499999,0.499999,0.499998,0.499996,0.499994,0.499989,0.499983,0.499972,0.499958,0.499937,0.499908,0.499869,0.499819,0.499756,0.49968,0.499589,0.499484,0.499369,0.499245,0.499118,0.498993,0.498876,0.498773,0.498689,0.49863,0.4986,0.4986,0.49863,0.498689,0.498773,0.498876,0.498993,0.499118,0.499245,0.499369,0.499484,0.499589,0.49968,0.499756,0.499819,0.499869,0.499908,0.499937,0.499958,0.499972,0.499983,0.499989,0.499994,0.499996,0.499998,0.499999,0.499999,0.5,0.5,0.5,0.5,0.5,0.5
0.5,0.5,0.5,0.5,0.5,0.499999,0.499999,0.499998,0.499997,0.499994,0.49999,0.499984,0.499974,0.499959,0.499937,0.499906,0.499864,0.499808,0.499736,0.499647,0.499537,0.499409,0.499263,0.499101,0.498929,0.498753,0.498581,0.498419,0.498277,0.498163,0.498083,0.498041,0.498041,0.498083,0.498163,0.498277,0.498419,0.498581,0.498753,0.498929,0.499101,0.499263,0.499409,0.499537,0.499647,0.499736,0.499808,0.499864,0.499906,0.499937,0.499959,0.499974,0.499984,0.49999,0.499994,0.499997,0.499998,0.499999,0.499999,0.5,0.5,0.5,0.5,0.5
0.5,0.5,0.5,0.5,0.499999,0.499999,0.499998,0.499997,0.499994,0.499989,0.499982,0.49997,0.499952,0.499926,0.499888,0.499834,0.499762,0.499667,0.499545,0.499393,0.499211,0.498998,0.498757,0.498492,0.498212,0.497927,0.497648,0.497389,0.497162,0.496979,0.496851,0.496785,0.496785,0.496851,0.496979,0.497162,0.497389,0.497648,0.497927,0.498212,0.498492,0.498757,0.498998,0.499211,0.499393,0.499545,0.499667,0.499762,0.499834,0.499888,0.499926,0.499952,0.49997,0.499982,0.499989,0.499994,0.499997,0.499998,0.499999,0.499999,0.5,0.5,0.5,0.5
0.5,0.5,0.5,0.499999,0.499999,0.499998,0.499996,0.499993,0.499988,0.49998,0.499966,0.499944,0.499911,0.499863,0.499794,0.499699,0.49957,0.499402,0.499189,0.498926,0.498611,0.498246,0.497835,0.497388,0.496917,0.49644,0.495976,0.495546,0.49517,0.494869,0.494659,0.49455,0.49455,0.494659,0.494869,0.49517,0.495546,0.495976,0.49644,0.496917,0.497388,0.497835,0.498246,0.498611,0.498926,0.499189,0.499402,0.49957,0.499699,0.499794,0.499863,0.499911,0.499944,0.499966,0.49998,0.499988,0.499993,0.499996,0.499998,0.499999,0.499999,0.5,0.5,0.5
0.5,0.5,0.499999,0.499999,0.499998,0.499996,0.499993,0.499987,0.499978,0.499962,0.499937,0.499897,0.499838,0.499752,0.499629,0.499461,0.499236,0.498944,0.498576,0.498125,0.497591,0.496975,0.496287,0.495542,0.494763,0.493977,0.493216,0.492514,0.491903,0.491415,0.491074,0.490899,0.490899,0.491074,0.491415,0.491903,0.492514,0.493216,0.493977,0.494763,0.495542,0.496287,0.496975,0.497591,0.498125,0.498576,0.498944,0.499236,0.499461,0.499629,0.499752,0.499838,0.499897,0.499937,0.499962,0.499978,0.499987,0.499993,0.499996,0.499998,0.499999,0.499999,0.5,0.5
0.499999,0.499999,0.499999,0.499998,0.499996,0.499993,0.499987,0.499977,0.499959,0.499931,0.499886,0.499816,0.499712,0.499561,0.49935,0.49906,0.498677,0.498184,0.497567,0.496819,0.495936,0.494927,0.493807,0.492604,0.491352,0.490096,0.488886,0.487774,0.486811,0.486043,0.485508,0.485234,0.485234,0.485508,0.486043,0.486811,0.487774,0.488886,0.490096,0.491352,0.492604,0.493807,0.494927,0.495936,0.496819,0.497567,0.498184,0.498677,0.49906,0.49935,0.499561,0.499712,0.499816,0.499886,0.499931,0.499959,0.499977,0.499987,0.499993,0.499996,0.499998,0.499999,0.499999,0.499999
0.499999,0.499999,0.499998,0.499997,0.499993,0.499987,0.499977,0.499958,0.499928,0.499878,0.499799,0.49968,0.499502,0.499247,0.498892,0.498411,0.497778,0.496971,0.49597,0.494764,0.493355,0.491754,0.489992,0.48811,0.486167,0.484228,0.48237,0.480671,0.479204,0.478039,0.477229,0.476814,0.476814,0.477229,0.478039,0.479204,0.480671,0.48237,0.484228,0.486167,0.48811,0.489992,0.491754,0.493355,0.494764,0.49597,0.496971,0.497778,0.498411,0.498892,0.499247,0.499502,0.49968,0.499799,0.499878,0.499928,0.499958,0.499977,0.499987,0.499993,0.499997,0.499998,0.499999,0.499999
0.499998,0.499998,0.499997,0.499994,0.499988,0.499978,0.499959,0.499928,0.499875,0.499791,0.499659,0.499459,0.499165,0.498747,0.498168,0.497392,0.49638,0.4951,0.493526,0.491648,0.489469,0.487017,0.484336,0.481496,0.478582,0.475694,0.472943,0.470439,0.468288,0.466583,0.465402,0.464798,0.464798,0.465402,0.466583,0.468288,0.470439,0.472943,0.475694,0.478582,0.481496,0.484336,0.487017,0.489469,0.491648,0.493526,0.4951,0.49638,0.497392,0.498168,0.498747,0.499165,0.499459,0.499659,0.499791,0.499875,0.499928,0.499959,0.499978,0.499988,0.499994,0.499997,0.499998,0.499998
0.499996,0.499996,0.499994,0.499989,0.49998,0.499962,0.499931,0.499878,0.499791,0.499651,0.499435,0.499111,0.49864,0.497973,0.49706,0.495846,0.494278,0.492312,0.489917,0.487084,0.483829,0.480194,0.476256,0.472116,0.4679,0.463753,0.459826,0.456271,0.453231,0.450832,0.449174,0.448326,0.448326,0.449174,0.450832,0.453231,0.456271,0.459826,0.463753,0.4679,0.472116,0.476256,0.480194,0.483829,0.487084,0.489917,0.492312,0.494278,0.495846,0.49706,0.497973,0.49864,0.499111,0.499435,0.499651,0.499791,0.499878,0.499931,0.499962,0.49998,0.499989,0.499994,0.499996,0.499996
0.499994,0.499994,0.49999,0.499982,0.499966,0.499937,0.499886,0.499799,0.499659,0.499435,0.499093,0.498583,0.497847,0.496818,0.49542,0.493578,0.491222,0.488296,0.484768,0.480633,0.475925,0.47072,0.46513,0.459304,0.453421,0.447676,0.442275,0.437415,0.43328,0.430031,0.427792,0.42665,0.42665,0.427792,0.430031,0.43328,0.437415,0.442275,0.447676,0.453421,0.459304,0.46513,0.47072,0.475925,0.480633,0.484768,0.488296,0.491222,0.493578,0.49542,0.496818,0.497847,0.498583,0.499093,0.499435,0.499659,0.499799,0.499886,0.499937,0.499966,0.499982,0.49999,0.499994,0.499994
0.499989,0.499989,0.499984,0.49997,0.499944,0.499897,0.499816,0.49968,0.499459,0.499111,0.498583,0.497803,0.496689,0.495144,0.493067,0.490356,0.486924,0.482705,0.477667,0.471824,0.46524,0.458031,0.450365,0.442452,0.434531,0.426862,0.419705,0.41331,0.407901,0.403668,0.400762,0.399283,0.399283,0.400762,0.403668,0.407901,0.41331,0.419705,0.426862,0.434531,0.442452,0.450365,0.458031,0.46524,0.471824,0.477667,0.482705,0.486924,0.490356,0.493067,0.495144,0.496689,0.497803,0.498583,0.499111,0.499459,0.49968,0.499816,0.499897,0.499944,0.49997,0.499984,0.499989,0.499989
0.499983,0.499983,0.499974,0.499952,0.499911,0.499838,0.499712,0.499502,0.499165,0.49864,0.497847,0.496689,0.495049,0.492797,0.489799,0.485927,0.481076,0.475175,0.468206,0.46021,0.451297,0.441644,0.431487,0.42111,0.410825,0.400959,0.391829,0.383732,0.376928,0.371632,0.368009,0.366169,0.366169,0.368009,0.371632,0.376928,0.383732,0.391829,0.400959,0.410825,0.42111,0.431487,0.441644,0.451297,0.46021,0.468206,0.475175,0.481076,0.485927,0.489799,0.492797,0.495049,0.496689,0.497847,0.49864,0.499165,0.499502,0.499712,0.499838,0.499911,0.499952,0.499974,0.499983,0.499983
0.499972,0.499972,0.499959,0.499926,0.499863,0.499752,0.499561,0.499247,0.498747,0.497973,0.496818,0.495144,0.492797,0.489606,0.485403,0.480032,0.473376,0.46537,0.456021,0.44542,0.43374,0.421237,0.408233,0.395096,0.382218,0.36999,0.358783,0.348928,0.340706,0.334345,0.330012,0.327818,0.327818,0.330012,0.334345,0.340706,0.348928,0.358783,0.36999,0.382218,0.395096,0.408233,0.421237,0.43374,0.44542,0.456021,0.46537,0.473376,0.480032,0.485403,0.489606,0.492797,0.495144,0.496818,0.497973,0.498747,0.499247,0.499561,0.499752,0.499863,0.499926,0.499959,0.499972,0.499972
0.499958,0.499958,0.499937,0.499888,0.499794,0.499629,0.49935,0.498892,0.498168,0.49706,0.49542,0.493067,0.489799,0.485403,0.479672,0.472432,0.463561,0.453016,0.440851,0.427226,0.412403,0.396735,0.380645,0.364591,0.349043,0.334451,0.32122,0.309698,0.300167,0.292843,0.28788,0.285374,0.285374,0.28788,0.292843,0.300167,0.309698,0.32122,0.334451,0.349043,0.364591,0.380645,0.396735,0.412403,0.427226,0.440851,0.453016,0.463561,0.472432,0.479672,0.485403,0.489799,0.493067,0.49542,0.49706,0.498168,0.498892,0.49935,0.499629,0.499794,0.499888,0.499937,0.499958,0.499958
0.499937,0.499937,0.499906,0.499834,0.499699,0.499461,0.49906,0.498411,0.497392,0.495846,0.493578,0.490356,0.485927,0.480032,0.472432,0.462939,0.451446,0.437954,0.422589,0.405605,0.387376,0.368373,0.349127,0.330189,0.312097,0.295338,0.28033,0.267407,0.256822,0.248754,0.24332,0.240587,0.240587,0.24332,0.248754,0.256822,0.267407,0.28033,0.295338,0.312097,0.330189,0.349127,0.368373,0.387376,0.405605,0.422589,0.437954,0.451446,0.462939,0.472432,0.480032,0.485927,0.490356,0.493578,0.495846,0.497392,0.498411,0.49906,0.499461,0.499699,0.499834,0.499906,0.499937,0.499937
0.499908,0.499908,0.499864,0.499762,0.49957,0.499236,0.498677,0.497778,0.49638,0.494278,0.491222,0.486924,0.481076,0.473376,0.463561,0.451446,0.436962,0.420178,0.401323,0.380774,0.359041,0.336724,0.314465,0.292902,0.272618,0.25411,0.237773,0.223892,0.212656,0.204175,0.198505,0.195666,0.195666,0.198505,0.204175,0.212656,0.223892,0.237773,0.25411,0.272618,0.292902,0.314465,0.336724,0.359041,0.380774,0.401323,0.420178,0.436962,0.451446,0.463561,0.473376,0.481076,0.486924,0.491222,0.494278,0.49638,0.497778,0.498677,0.499236,0.49957,0.499762,0.499864,0.499908,0.499908
0.499869,0.499869,0.499808,0.499667,0.499402,0.498944,0.498184,0.496971,0.4951,0.492312,0.488296,0.482705,0.475175,0.46537,0.453016,0.437954,0.420178,0.399861,0.377362,0.353212,0.328072,0.30268,0.277785,0.254087,0.232187,0.212554,0.195519,0.181277,0.169914,0.161442,0.15583,0.153037,0.153037,0.15583,0.161442,0.169914,0.181277,0.195519,0.212554,0.232187,0.254087,0.277785,0.30268,0.328072,0.353212,0.377362,0.399861,0.420178,0.437954,0.453016,0.46537,0.475175,0.482705,0.488296,0.492312,0.4951,0.496971,0.498184,0.498944,0.499402,0.499667,0.499808,0.499869,0.499869
0.499819,0.499819,0.499736,0.499545,0.499189,0.498576,0.497567,0.49597,0.493526,0.489917,0.484768,0.477667,0.468206,0.456021,0.440851,0.422589,0.401323,0.377362,0.35123,0.323633,0.295394,0.267388,0.240451,0.215317,0.192566,0.172596,0.155626,0.141721,0.130831,0.12284,0.117612,0.11503,0.11503,0.117612,0.12284,0.130831,0.141721,0.155626,0.172596,0.192566,0.215317,0.240451,0.267388,0.295394,0.323633,0.35123,0.377362,0.401323,0.422589,0.440851,0.456021,0.468206,0.477667,0.484768,0.489917,0.493526,0.49597,0.497567,0.498576,0.499189,0.499545,0.499736,0.499819,0.499819
0.499756,0.499756,0.499647,0.499393,0.498926,0.498125,0.496819,0.494764,0.491648,0.487084,0.480633,0.471824,0.46021,0.44542,0.427226,0.405605,0.380774,0.353212,0.323633,0.292931,0.262099,0.23213,0.203923,0.178207,0.155493,0.136061,0.119979,0.107142,0.0973367,0.0902992,0.085775,0.0835665,0.0835665,0.085775,0.0902992,0.0973367,0.107142,0.119979,0.136061,0.155493,0.178207,0.203923,0.23213,0.262099,0.292931,0.323633,0.353212,0.380774,0.405605,0.427226,0.44542,0.46021,0.471824,0.480633,0.487084,0.491648,0.494764,0.496819,0.498125,0.498926,0.499393,0.499647,0.499756,0.499756
0.49968,0.49968,0.499537,0.499211,0.498611,0.497591,0.495936,0.493355,0.489469,0.483829,0.475925,0.46524,0.451297,0.43374,0.412403,0.387376,0.359041,0.328072,0.295394,0.262099,0.229335,0.198194,0.169597,0.144225,0.122473,0.104458,0.0900579,0.0789741,0.0708097,0.0651452,0.0616047,0.0599087,0.0599087,0.0616047,0.0651452,0.0708097,0.0789741,0.0900579,0.104458,0.122473,0.144225,0.169597,0.198194,0.229335,0.262099,0.295394,0.328072,0.359041,0.387376,0.412403,0.43374,0.451297,0.46524,0.475925,0.483829,0.489469,0.493355,0.495936,0.497591,0.498611,0.499211,0.499537,0.49968,0.49968
0.499589,0.499589,0.499409,0.498998,0.498246,0.496975,0.494927,0.491754,0.487017,0.480194,0.47072,0.458031,0.441644,0.421237,0.396735,0.368373,0.336724,0.30268,0.267388,0.23213,0.198194,0.166733,0.138651,0.114531,0.0946076,0.0787991,0.066766,0.0580004,0.0519186,0.0479481,0.0455992,0.0445174,0.0445174,0.0455992,0.0479481,0.0519186,0.0580004,0.066766,0.0787991,0.0946076,0.114531,0.138651,0.166733,0.198194,0.23213,0.267388,0.30268,0.336724,0.368373,0.396735,0.421237,0.441644,0.458031,0.47072,0.480194,0.487017,0.491754,0.494927,0.496975,0.498246,0.498998,0.499409,0.499589,0.499589
0.499484,0.499484,0.499263,0.498757,0.497835,0.496287,0.493807,0.489992,0.484336,0.476256,0.46513,0.450365,0.431487,0.408233,0.380645,0.349127,0.314465,0.277785,0.240451,0.203923,0.169597,0.138651,0.111924,0.0898569,0.0724891,0.0595107,0.0503533,0.0442981,0.0405837,0.0385,0.0374594,0.0370464,0.0370464,0.0374594,0.0385,0.0405837,0.0442981,0.0503533,0.0595107,0.0724891,0.0898569,0.111924,0.138651,0.169597,0.203923,0.240451,0.277785,0.314465,0.349127,0.380645,0.408233,0.431487,0.450365,0.46513,0.476256,0.484336,0.489992,0.493807,0.496287,0.497835,0.498757,0.499263,0.499484,0.499484
0.499369,0.499369,0.499101,0.498492,0.497388,0.495542,0.492604,0.48811,0.481496,0.472116,0.459304,0.442452,0.42111,0.395096,0.364591,0.330189,0.292902,0.254087,0.215317,0.178207,0.144225,0.114531,0.0898569,0.0704669,0.0561761,0.0464353,0.0404467,0.0372933,0.0360571,0.0359143,0.0362031,0.0364644,0.0364644,0.0362031,0.0359143,0.0360571,0.0372933,0.0404467,0.0464353,0.0561761,0.0704669,0.0898569,0.114531,0.144225,0.178207,0.215317,0.254087,0.292902,0.330189,0.364591,0.395096,0.42111,0.442452,0.459304,0.472116,0.481496,0.48811,0.492604,0.495542,0.497388,0.498492,0.499101,0.499369,0.499369
0.499245,0.499245,0.498929,0.498212,0.496917,0.494763,0.491352,0.486167,0.478582,0.4679,0.453421,0.434531,0.410825,0.382218,0.349043,0.312097,0.272618,0.232187,0.192566,0.155493,0.122473,0.0946076,0.0724891,0.0561761,0.0452477,0.0389151,0.0361653,0.0359065,0.0370926,0.0388167,0.0403687,0.0412661,0.0412661,0.0403687,0.0388167,0.0370926,0.0359065,0.0361653,0.0389151,0.0452477,0.0561761,0.0724891,0.0946076,0.122473,0.155493,0.192566,0.232187,0.272618,0.312097,0.349043,0.382218,0.410825,0.434531,0.453421,0.4679,0.478582,0.486167,0.491352,0.494763,0.496917,0.498212,0.498929,0.499245,0.499245
0.499118,0.499118,0.498753,0.497927,0.49644,0.493977,0.490096,0.484228,0.475694,0.463753,0.447676,0.426862,0.400959,0.36999,0.334451,0.295338,0.25411,0.212554,0.172596,0.136061,0.104458,0.0787991,0.0595107,0.0464353,0.0389151,0.0359357,0.0362923,0.0387485,0.0421633,0.0455773,0.0482589,0.0497207,0.0497207,0.0482589,0.0455773,0.0421633,0.0387485,0.0362923,0.0359357,0.0389151,0.0464353,0.0595107,0.0787991,0.104458,0.136061,0.172596,0.212554,0.25411,0.295338,0.334451,0.36999,0.400959,0.426862,0.447676,0.463753,0.475694,0.484228,0.490096,0.493977,0.49644,0.497927,0.498753,0.499118,0.499118
0.498993,0.498993,0.498581,0.497648,0.495976,0.493216,0.488886,0.48237,0.472943,0.459826,0.442275,0.419705,0.391829,0.358783,0.32122,0.28033,0.237773,0.195519,0.155626,0.119979,0.0900579,0.066766,0.0503533,0.0404467,0.0361653,0.0362923,0.0394612,0.0443238,0.0496764,0.0545358,0.058171,0.0601054,0.0601054,0.058171,0.0545358,0.0496764,0.0443238,0.0394612,0.0362923,0.0361653,0.0404467,0.0503533,0.066766,0.0900579,0.119979,0.155626,0.195519,0.237773,0.28033,0.32122,0.358783,0.391829,0.419705,0.442275,0.459826,0.472943,0.48237,0.488886,0.493216,0.495976,0.497648,0.498581,0.498993,0.498993
0.498876,0.498876,0.498419,0.497389,0.495546,0.492514,0.487774,0.480671,0.470439,0.456271,0.437415,0.41331,0.383732,0.348928,0.309698,0.267407,0.223892,0.181277,0.141721,0.107142,0.0789741,0.0580004,0.0442981,0.0372933,0.0359065,0.0387485,0.0443238,0.0512043,0.0581511,0.0641792,0.068575,0.0708827,0.0708827,0.068575,0.0641792,0.0581511,0.0512043,0.0443238,0.0387485,0.0359065,0.0372933,0.0442981,0.0580004,0.0789741,0.107142,0.141721,0.181277,0.223892,0.267407,0.309698,0.348928,0.383732,0.41331,0.437415,0.456271,0.470439,0.480671,0.487774,0.492514,0.495546,0.497389,0.498419,0.498876,0.498876
0.498773,0.498773,0.498277,0.497162,0.49517,0.491903,0.486811,0.479204,0.468288,0.453231,0.43328,0.407901,0.376928,0.340706,0.300167,0.256822,0.212656,0.169914,0.130831,0.0973367,0.0708097,0.0519186,0.0405837,0.0360571,0.0370926,0.0421633,0.0496764,0.0581511,0.0663338,0.0732526,0.0782195,0.080805,0.080805,0.0782195,0.0732526,0.0663338,0.0581511,0.0496764,0.0421633,0.0370926,0.0360571,0.0405837,0.0519186,0.0708097,0.0973367,0.130831,0.169914,0.212656,0.256822,0.300167,0.340706,0.376928,0.407901,0.43328,0.453231,0.468288,0.479204,0.486811,0.491903,0.49517,0.497162,0.498277,0.498773,0.498773
0.498689,0.498689,0.498163,0.496979,0.494869,0.491415,0.486043,0.478039,0.466583,0.450832,0.430031,0.403668,0.371632,0.334345,0.292843,0.248754,0.204175,0.161442,0.12284,0.0902992,0.0651452,0.0479481,0.0385,0.0359143,0.0388167,0.0455773,0.0545358,0.0641792,0.0732526,0.0808024,0.0861684,0.088946,0.088946,0.0861684,0.0808024,0.0732526,0.0641792,0.0545358,0.0455773,0.0388167,0.0359143,0.0385,0.0479481,0.0651452,0.0902992,0.12284,0.161442,0.204175,0.248754,0.292843,0.334345,0.371632,0.403668,0.430031,0.450832,0.466583,0.478039,0.486043,0.491415,0.494869,0.496979,0.498163,0.498689,0.498689
0.49863,0.49863,0.498083,0.496851,0.494659,0.491074,0.485508,0.477229,0.465402,0.449174,0.427792,0.400762,0.368009,0.330012,0.28788,0.24332,0.198505,0.15583,0.117612,0.085775,0.0616047,0.0455992,0.0374594,0.0362031,0.0403687,0.0482589,0.058171,0.068575,0.0782195,0.0861684,0.0917834,0.0946799,0.0946799,0.0917834,0.0861684,0.0782195,0.068575,0.058171,0.0482589,0.0403687,0.0362031,0.0374594,0.0455992,0.0616047,0.085775,0.117612,0.15583,0.198505,0.24332,0.28788,0.330012,0.368009,0.400762,0.427792,0.449174,0.465402,0.477229,0.485508,0.491074,0.494659,0.496851,0.498083,0.49863,0.49863
0.4986,0.4986,0.498041,0.496785,0.49455,0.490899,0.485234,0.476814,0.464798,0.448326,0.42665,0.399283,0.366169,0.327818,0.285374,0.240587,0.195666,0.153037,0.11503,0.0835665,0.0599087,0.0445174,0.0370464,0.0364644,0.0412661,0.0497207,0.0601054,0.0708827,0.080805,0.088946,0.0946799,0.0976328,0.0976328,0.0946799,0.088946,0.080805,0.0708827,0.0601054,0.0497207,0.0412661,0.0364644,0.0370464,0.0445174,0.0599087,0.0835665,0.11503,0.153037,0.195666,0.240587,0.285374,0.327818,0.366169,0.399283,0.42665,0.448326,0.464798,0.476814,0.485234,0.490899,0.49455,0.496785,0.498041,0.4986,0.4986
0.4986,0.4986,0.498041,0.496785,0.49455,0.490899,0.485234,0.476814,0.464798,0.448326,0.42665,0.399283,0.366169,0.327818,0.285374,0.240587,0.195666,0.153037,0.11503,0.0835665,0.0599087,0.0445174,0.0370464,0.0364644,0.0412661,0.0497207,0.0601054,0.0708827,0.080805,0.088946,0.0946799,0.0976328,0.0976328,0.0946799,0.088946,0.080805,0.0708827,0.0601054,0.0497207,0.0412661,0.0364644,0.0370464,0.0445174,0.0599087,0.0835665,0.11503,0.153037,0.195666,0.240587,0.285374,0.327818,0.366169,0.399283,0.42665,0.448326,0.464798,0.476814,0.485234,0.490899,0.49455,0.496785,0.498041,0.4986,0.4986
0.49863,0.49863,0.498083,0.496851,0.494659,0.491074,0.485508,0.477229,0.465402,0.449174,0.427792,0.400762,0.368009,0.330012,0.28788,0.24332,0.198505,0.15583,0.117612,0.085775,0.0616047,0.0455992,0.0374594,0.0362031,0.0403687,0.0482589,0.058171,0.068575,0.0782195,0.0861684,0.0917834,0.0946799,0.0946799,0.0917834,0.0861684,0.0782195,0.068575,0.058171,0.0482589,0.0403687,0.0362031,0.0374594,0.0455992,0.0616047,0.085775,0.117612,0.15583,0.198505,0.24332,0.28788,0.330012,0.368009,0.400762,0.427792,0.449174,0.465402,0.477229,0.485508,0.491074,0.494659,0.496851,0.498083,0.49863,0.49863
0.498689,0.498689,0.498163,0.496979,0.494869,0.491415,0.486043,0.478039,0.466583,0.450832,0.430031,0.403668,0.371632,0.334345,0.292843,0.248754,0.204175,0.161442,0.12284,0.0902992,0.0651452,0.0479481,0.0385,0.0359143,0.0388167,0.0455773,0.0545358,0.0641792,0.0732526,0.0808024,0.0861684,0.088946,0.088946,0.0861684,0.0808024,0.0732526,0.0641792,0.0545358,0.0455773,0.0388167,0.0359143,0.0385,0.0479481,0.0651452,0.0902992,0.12284,0.161442,0.204175,0.248754,0.292843,0.334345,0.371632,0.403668,0.430031,0.450832,0.466583,0.478039,0.486043,0.491415,0.494869,0.496979,0.498163,0.498689,0.498689
0.498773,0.498773,0.498277,0.497162,0.49517,0.491903,0.486811,0.479204,0.468288,0.453231,0.43328,0.407901,0.376928,0.340706,0.300167,0.256822,0.212656,0.169914,0.130831,0.0973367,0.0708097,0.0519186,0.0405837,0.0360571,0.0370926,0.0421633,0.0496764,0.0581511,0.0663338,0.0732526,0.0782195,0.080805,0.080805,0.0782195,0.0732526,0.0663338,0.0581511,0.0496764,0.0421633,0.0370926,0.0360571,0.0405837,0.0519186,0.0708097,0.0973367,0.130831,0.169914,0.212656,0.256822,0.300167,0.340706,0.376928,0.407901,0.43328,0.453231,0.468288,0.479204,0.486811,0.491903,0.49517,0.497162,0.498277,0.498773,0.498773
0.498876,0.498876,0.498419,0.497389,0.495546,0.492514,0.487774,0.480671,0.470439,0.456271,0.437415,0.41331,0.383732,0.348928,0.309698,0.267407,0.223892,0.181277,0.141721,0.107142,0.0789741,0.0580004,0.0442981,0.0372933,0.0359065,0.0387485,0.0443238,0.0512043,0.0581511,0.0641792,0.068575,0.0708827,0.0708827,0.068575,0.0641792,0.0581511,0.0512043,0.0443238,0.0387485,0.0359065,0.0372933,0.0442981,0.0580004,0.0789741,0.107142,0.141721,0.181277,0.223892,0.267407,0.309698,0.348928,0.383732,0.41331,0.437415,0.456271,0.470439,0.480671,0.487774,0.492514,0.495546,0.497389,0.498419,0.498876,0.498876
0.498993,0.498993,0.498581,0.497648,0.495976,0.493216,0.488886,0.48237,0.472943,0.459826,0.442275,0.419705,0.391829,0.358783,0.32122,0.28033,0.237773,0.195519,0.155626,0.119979,0.0900579,0.066766,0.0503533,0.0404467,0.0361653,0.0362923,0.0394612,0.0443238,0.0496764,0.0545358,0.058171,0.0601054,0.0601054,0.058171,0.0545358,0.0496764,0.0443238,0.0394612,0.0362923,0.0361653,0.0404467,0.0503533,0.066766,0.0900579,0.119979,0.155626,0.195519,0.237773,0.28033,0.32122,0.358783,0.391829,0.419705,0.442275,0.459826,0.472943,0.48237,0.488886,0.493216,0.495976,0.497648,0.498581,0.498993,0.498993
0.499118,0.499118,0.498753,0.497927,0.49644,0.493977,0.490096,0.484228,0.475694,0.463753,0.447676,0.426862,0.400959,0.36999,0.334451,0.295338,0.25411,0.212554,0.172596,0.136061,0.104458,0.0787991,0.0595107,0.0464353,0.0389151,0.0359357,0.0362923,0.0387485,0.0421633,0.0455773,0.0482589,0.0497207,0.0497207,0.0482589,0.0455773,0.0421633,0.0387485,0.0362923,0.0359357,0.0389151,0.0464353,0.0595107,0.0787991,0.104458,0.136061,0.172596,0.212554,0.25411,0.295338,0.334451,0.36999,0.400959,0.426862,0.447676,0.463753,0.475694,0.484228,0.490096,0.493977,0.49644,0.497927,0.498753,0.499118,0.499118
0.499245,0.499245,0.498929,0.498212,0.496917,0.494763,0.491352,0.486167,0.478582,0.4679,0.453421,0.434531,0.410825,0.382218,0.349043,0.312097,0.272618,0.232187,0.192566,0.155493,0.122473,0.0946076,0.0724891,0.0561761,0.0452477,0.0389151,0.0361653,0.0359065,0.0370926,0.0388167,0.0403687,0.0412661,0.0412661,0.0403687,0.0388167,0.0370926,0.0359065,0.0361653,0.0389151,0.0452477,0.0561761,0.0724891,0.0946076,0.122473,0.155493,0.192566,0.232187,0.272618,0.312097,0.349043,0.382218,0.410825,0.434531,0.453421,0.4679,0.478582,0.486167,0.491352,0.494763,0.496917,0.498212,0.498929,0.499245,0.499245
0.499369,0.499369,0.499101,0.498492,0.497388,0.495542,0.492604,0.48811,0.481496,0.472116,0.459304,0.442452,0.42111,0.395096,0.364591,0.330189,0.292902,0.254087,0.215317,0.178207,0.144225,0.114531,0.0898569,0.0704669,0.0561761,0.0464353,0.0404467,0.0372933,0.0360571,0.0359143,0.0362031,0.0364644,0.0364644,0.0362031,0.0359143,0.0360571,0.0372933,0.0404467,0.0464353,0.0561761,0.0704669,0.0898569,0.114531,0.144225,0.178207,0.215317,0.254087,0.292902,0.330189,0.364591,0.395096,0.42111,0.442452,0.459304,0.472116,0.481496,0.48811,0.492604,0.495542,0.497388,0.498492,0.499101,0.499369,0.499369
0.499484,0.499484,0.499263,0.498757,0.497835,0.496287,0.493807,0.489992,0.484336,0.476256,0.46513,0.450365,0.431487,0.408233,0.380645,0.349127,0.314465,0.277785,0.240451,0.203923,0.169597,0.138651,0.111924,0.0898569,0.0724891,0.0595107,0.0503533,0.0442981,0.0405837,0.0385,0.0374594,0.0370464,0.0370464,0.0374594,0.0385,0.0405837,0.0442981,0.0503533,0.0595107,0.0724891,0.0898569,0.111924,0.138651,0.169597,0.203923,0.240451,0.277785,0.314465,0.349127,0.380645,0.408233,0.431487,0.450365,0.46513,0.476256,0.484336,0.489992,0.493807,0.496287,0.497835,0.498757,0.499263,0.499484,0.499484
0.499589,0.499589,0.499409,0.498998,0.498246,0.496975,0.494927,0.491754,0.487017,0.480194,0.47072,0.458031,0.441644,0.421237,0.396735,0.368373,0.336724,0.30268,0.267388,0.23213,0.198194,0.166733,0.138651,0.114531,0.0946076,0.0787991,0.066766,0.0580004,0.0519186,0.0479481,0.0455992,0.0445174,0.0445174,0.0455992,0.0479481,0.0519186,0.0580004,0.066766,0.0787991,0.0946076,0.114531,0.138651,0.166733,0.198194,0.23213,0.267388,0.30268,0.336724,0.368373,0.396735,0.421237,0.441644,0.458031,0.47072,0.480194,0.487017,0.491754,0.494927,0.496975,0.498246,0.498998,0.499409,0.499589,0.499589
0.49968,0.49968,0.499537,0.499211,0.498611,0.497591,0.495936,0.493355,0.489469,0.483829,0.475925,0.46524,0.451297,0.43374,0.412403,0.387376,0.359041,0.328072,0.295394,0.262099,0.229335,0.198194,0.169597,0.144225,0.122473,0.104458,0.0900579,0.0789741,0.0708097,0.0651452,0.0616047,0.0599087,0.0599087,0.0616047,0.0651452,0.0708097,0.0789741,0.0900579,0.104458,0.122473,0.144225,0.169597,0.198194,0.229335,0.262099,0.295394,0.328072,0.359041,0.387376,0.412403,0.43374,0.451297,0.46524,0.475925,0.483829,0.489469,0.493355,0.495936,0.497591,0.498611,0.499211,0.499537,0.49968,0.49968
0.499756,0.499756,0.499647,0.499393,0.498926,0.498125,0.496819,0.494764,0.491648,0.487084,0.480633,0.471824,0.46021,0.44542,0.427226,0.405605,0.380774,0.353212,0.323633,0.292931,0.262099,0.23213,0.203923,0.178207,0.155493,0.136061,0.119979,0.107142,0.0973367,0.0902992,0.085775,0.0835665,0.0835665,0.085775,0.0902992,0.0973367,0.107142,0.119979,0.136061,0.155493,0.178207,0.203923,0.23213,0.262099,0.292931,0.323633,0.353212,0.380774,0.405605,0.427226,0.44542,0.46021,0.471824,0.480633,0.487084,0.491648,0.494764,0.496819,0.498125,0.498926,0.499393,0.499647,0.499756,0.499756
0.499819,0.499819,0.499736,0.499545,0.499189,0.498576,0.497567,0.49597,0.493526,0.489917,0.484768,0.477667,0.468206,0.456021,0.440851,0.422589,0.401323,0.377362,0.35123,0.323633,0.295394,0.267388,0.240451,0.215317,0.192566,0.172596,0.155626,0.141721,0.130831,0.12284,0.117612,0.11503,0.11503,0.117612,0.12284,0.130831,0.141721,0.155626,0.172596,0.192566,0.215317,0.240451,0.267388,0.295394,0.323633,0.35123,0.377362,0.401323,0.422589,0.440851,0.456021,0.468206,0.477667,0.484768,0.489917,0.493526,0.49597,0.497567,0.498576,0.499189,0.499545,0.499736,0.499819,0.499819
0.499869,0.499869,0.499808,0.499667,0.499402,0.498944,0.498184,0.496971,0.4951,0.492312,0.488296,0.482705,0.475175,0.46537,0.453016,0.437954,0.420178,0.399861,0.377362,0.353212,0.328072,0.30268,0.277785,0.254087,0.232187,0.212554,0.195519,0.181277,0.169914,0.161442,0.15583,0.153037,0.153037,0.15583,0.161442,0.169914,0.181277,0.195519,0.212554,0.232187,0.254087,0.277785,0.30268,0.328072,0.353212,0.377362,0.399861,0.420178,0.437954,0.453016,0.46537,0.475175,0.482705,0.488296,0.492312,0.4951,0.496971,0.498184,0.498944,0.499402,0.499667,0.499808,0.499869,0.499869
0.499908,0.499908,0.499864,0.499762,0.49957,0.499236,0.498677,0.497778,0.49638,0.494278,0.491222,0.486924,0.481076,0.473376,0.463561,0.451446,0.436962,0.420178,0.401323,0.380774,0.359041,0.336724,0.314465,0.292902,0.272618,0.25411,0.237773,0.223892,0.212656,0.204175,0.198505,0.195666,0.195666,0.198505,0.204175,0.212656,0.223892,0.237773,0.25411,0.272618,0.292902,0.314465,0.336724,0.359041,0.380774,0.401323,0.420178,0.436962,0.451446,0.463561,0.473376,0.481076,0.486924,0.491222,0.494278,0.49638,0.497778,0.498677,0.499236,0.49957,0.499762,0.499864,0.499908,0.499908
0.499937,0.499937,0.499906,0.499834,0.499699,0.499461,0.49906,0.498411,0.497392,0.495846,0.493578,0.490356,0.485927,0.480032,0.472432,0.462939,0.451446,0.437954,0.422589,0.405605,0.387376,0.368373,0.349127,0.330189,0.312097,0.295338,0.28033,0.267407,0.256822,0.248754,0.24332,0.240587,0.240587,0.24332,0.248754,0.256822,0.267407,0.28033,0.295338,0.312097,0.330189,0.349127,0.368373,0.387376,0.405605,0.422589,0.437954,0.451446,0.462939,0.472432,0.480032,0.485927,0.490356,0.493578,0.495846,0.497392,0.498411,0.49906,0.499461,0.499699,0.499834,0.499906,0.499937,0.499937
0.499958,0.499958,0.499937,0.499888,0.499794,0.499629,0.49935,0.498892,0.498168,0.49706,0.49542,0.493067,0.489799,0.485403,0.479672,0.472432,0.463561,0.453016,0.440851,0.427226,0.412403,0.396735,0.380645,0.364591,0.349043,0.334451,0.32122,0.309698,0.300167,0.292843,0.28788,0.285374,0.285374,0.28788,0.292843,0.300167,0.309698,0.32122,0.334451,0.349043,0.364591,0.380645,0.396735,0.412403,0.427226,0.440851,0.453016,0.463561,0.472432,0.479672,0.485403,0.489799,0.493067,0.49542,0.49706,0.498168,0.498892,0.49935,0.499629,0.499794,0.499888,0.499937,0.499958,0.499958
0.499972,0.499972,0.499959,0.499926,0.499863,0.499752,0.499561,0.499247,0.498747,0.497973,0.496818,0.495144,0.492797,0.489606,0.485403,0.480032,0.473376,0.46537,0.456021,0.44542,0.43374,0.421237,0.408233,0.395096,0.382218,0.36999,0.358783,0.348928,0.340706,0.334345,0.330012,0.327818,0.327818,0.330012,0.334345,0.340706,0.348928,0.358783,0.36999,0.382218,0.395096,0.408233,0.421237,0.43374,0.44542,0.456021,0.46537,0.473376,0.480032,0.485403,0.489606,0.492797,0.495144,0.496818,0.497973,0.498747,0.499247,0.499561,0.499752,0.499863,0.499926,0.499959,0.499972,0.499972
0.499983,0.499983,0.499974,0.499952,0.499911,0.499838,0.499712,0.499502,0.499165,0.49864,0.497847,0.496689,0.495049,0.492797,0.489799,0.485927,0.481076,0.475175,0.468206,0.46021,0.451297,0.441644,0.431487,0.42111,0.410825,0.400959,0.391829,0.383732,0.376928,0.371632,0.368009,0.366169,0.366169,0.368009,0.371632,0.376928,0.383732,0.391829,0.400959,0.410825,0.42111,0.431487,0.441644,0.451297,0.46021,0.468206,0.475175,0.481076,0.485927,0.489799,0.492797,0.495049,0.496689,0.497847,0.49864,0.499165,0.499502,0.499712,0.499838,0.499911,0.499952,0.499974,0.499983,0.499983
0.499989,0.499989,0.499984,0.49997,0.499944,0.499897,0.499816,0.49968,0.499459,0.499111,0.498583,0.497803,0.496689,0.495144,0.493067,0.490356,0.486924,0.482705,0.477667,0.471824,0.46524,0.458031,0.450365,0.442452,0.434531,0.426862,0.419705,0.41331,0.407901,0.403668,0.400762,0.399283,0.399283,0.400762,0.403668,0.407901,0.41331,0.419705,0.426862,0.434531,0.442452,0.450365,0.458031,0.46524,0.471824,0.477667,0.482705,0.486924,0.490356,0.493067,0.495144,0.496689,0.497803,0.498583,0.499111,0.499459,0.49968,0.499816,0.499897,0.499944,0.49997,0.499984,0.499989,0.499989
0.499994,0.499994,0.49999,0.499982,0.499966,0.499937,0.499886,0.499799,0.499659,0.499435,0.499093,0.498583,0.497847,0.496818,0.49542,0.493578,0.491222,0.488296,0.484768,0.480633,0.475925,0.47072,0.46513,0.459304,0.453421,0.447676,0.442275,0.437415,0.43328,0.430031,0.427792,0.42665,0.42665,0.427792,0.430031,0.43328,0.437415,0.442275,0.447676,0.453421,0.459304,0.46513,0.47072,0.475925,0.480633,0.484768,0.488296,0.491222,0.493578,0.49542,0.496818,0.497847,0.498583,0.499093,0.499435,0.499659,0.499799,0.499886,0.499937,0.499966,0.499982,0.49999,0.499994,0.499994
0.499996,0.499996,0.499994,0.499989,0.49998,0.499962,0.499931,0.499878,0.499791,0.499651,0.499435,0.499111,0.49864,0.497973,0.49706,0.495846,0.494278,0.492312,0.489917,0.487084,0.483829,0.480194,0.476256,0.472116,0.4679,0.463753,0.459826,0.456271,0.453231,0.450832,0.449174,0.448326,0.448326,0.449174,0.450832,0.453231,0.456271,0.459826,0.463753,0.4679,0.472116,0.476256,0.480194,0.483829,0.487084,0.489917,0.492312,0.494278,0.495846,0.49706,0.497973,0.49864,0.499111,0.499435,0.499651,0.499791,0.499878,0.499931,0.499962,0.49998,0.499989,0.499994,0.499996,0.499996
0.499998,0.499998,0.499997,0.499994,0.499988,0.499978,0.499959,0.499928,0.499875,0.499791,0.499659,0.499459,0.499165,0.498747,0.498168,0.497392,0.49638,0.4951,0.493526,0.491648,0.489469,0.487017,0.484336,0.481496,0.478582,0.475694,0.472943,0.470439,0.468288,0.466583,0.465402,0.464798,0.464798,0.465402,0.466583,0.468288,0.470439,0.472943,0.475694,0.478582,0.481496,0.484336,0.487017,0.489469,0.491648,0.493526,0.4951,0.49638,0.497392,0.498168,0.498747,0.499165,0.499459,0.499659,0.499791,0.499875,0.499928,0.499959,0.499978,0.499988,0.499994,0.499997,0.499998,0.499998
0.499999,0.499999,0.499998,0.499997,0.499993,0.499987,0.499977,0.499958,0.499928,0.499878,0.499799,0.49968,0.499502,0.499247,0.498892,0.498411,0.497778,0.496971,0.49597,0.494764,0.493355,0.491754,0.489992,0.48811,0.486167,0.484228,0.48237,0.480671,0.479204,0.478039,0.477229,0.476814,0.476814,0.477229,0.478039,0.479204,0.480671,0.48237,0.484228,0.486167,0.48811,0.489992,0.491754,0.493355,0.494764,0.49597,0.496971,0.497778,0.498411,0.498892,0.499247,0.499502,0.49968,0.499799,0.499878,0.499928,0.499958,0.499977,0.499987,0.499993,0.499997,0.499998,0.499999,0.499999
0.499999,0.499999,0.499999,0.499998,0.499996,0.499993,0.499987,0.499977,0.499959,0.499931,0.499886,0.499816,0.499712,0.499561,0.49935,0.49906,0.498677,0.498184,0.497567,0.496819,0.495936,0.494927,0.493807,0.492604,0.491352,0.490096,0.488886,0.487774,0.486811,0.486043,0.485508,0.485234,0.485234,0.485508,0.486043,0.486811,0.487774,0.488886,0.490096,0.491352,0.492604,0.493807,0.494927,0.495936,0.496819,0.497567,0.498184,0.498677,0.49906,0.49935,0.499561,0.499712,0.499816,0.499886,0.499931,0.499959,0.499977,0.499987,0.499993,0.499996,0.499998,0.499999,0.499999,0.499999
0.5,0.5,0.499999,0.499999,0.499998,0.499996,0.499993,0.499987,0.499978,0.499962,0.499937,0.499897,0.499838,0.499752,0.499629,0.499461,0.499236,0.498944,0.498576,0.498125,0.497591,0.496975,0.496287,0.495542,0.494763,0.493977,0.493216,0.492514,0.491903,0.491415,0.491074,0.490899,0.490899,0.491074,0.491415,0.491903,0.492514,0.493216,0.493977,0.494763,0.495542,0.496287,0.496975,0.497591,0.498125,0.498576,0.498944,0.499236,0.499461,0.499629,0.499752,0.499838,0.499897,0.499937,0.499962,0.499978,0.499987,0.499993,0.499996,0.499998,0.499999,0.499999,0.5,0.5
0.5,0.5,0.5,0.499999,0.499999,0.499998,0.499996,0.499993,0.499988,0.49998,0.499966,0.499944,0.499911,0.499863,0.499794,0.499699,0.49957,0.499402,0.499189,0.498926,0.498611,0.498246,0.497835,0.497388,0.496917,0.49644,0.495976,0.495546,0.49517,0.494869,0.494659,0.49455,0.49455,0.494659,0.494869,0.49517,0.495546,0.495976,0.49644,0.496917,0.497388,0.497835,0.498246,0.498611,0.498926,0.499189,0.499402,0.49957,0.499699,0.499794,0.499863,0.499911,0.499944,0.499966,0.49998,0.499988,0.499993,0.499996,0.499998,0.499999,0.499999,0.5,0.5,0.5
0.5,0.5,0.5,0.5,0.499999,0.499999,0.499998,0.499997,0.499994,0.499989,0.499982,0.49997,0.499952,0.499926,0.499888,0.499834,0.499762,0.499667,0.499545,0.499393,0.499211,0.498998,0.498757,0.498492,0.498212,0.497927,0.497648,0.497389,0.497162,0.496979,0.496851,0.496785,0.496785,0.496851,0.496979,0.497162,0.497389,0.497648,0.497927,0.498212,0.498492,0.498757,0.498998,0.499211,0.499393,0.499545,0.499667,0.499762,0.499834,0.499888,0.499926,0.499952,0.49997,0.499982,0.499989,0.499994,0.499997,0.499998,0.499999,0.499999,0.5,0.5,0.5,0.5
0.5,0.5,0.5,0.5,0.5,0.499999,0.499999,0.499998,0.499997,0.499994,0.49999,0.499984,0.499974,0.499959,0.499937,0.499906,0.499864,0.499808,0.499736,0.499647,0.499537,0.499409,0.499263,0.499101,0.498929,0.498753,0.498581,0.498419,0.498277,0.498163,0.498083,0.498041,0.498041,0.498083,0.498163,0.498277,0.498419,0.498581,0.498753,0.498929,0.499101,0.499263,0.499409,0.499537,0.499647,0.499736,0.499808,0.499864,0.499906,0.499937,0.499959,0.499974,0.499984,0.49999,0.499994,0.499997,0.499998,0.499999,0.499999,0.5,0.5,0.5,0.5,0.5
0.5,0.5,0.5,0.5,0.5,0.5,0.499999,0.499999,0.499998,0.499996,0.499994,0.499989,0.499983,0.499972,0.499958,0.499937,0.499908,0.499869,0.499819,0.499756,0.49968,0.499589,0.499484,0.499369,0.499245,0.499118,0.498993,0.498876,0.498773,0.498689,0.49863,0.4986,0.4986,0.49863,0.498689,0.498773,0.498876,0.498993,0.499118,0.499245,0.499369,0.499484,0.499589,0.49968,0.499756,0.499819,0.499869,0.499908,0.499937,0.499958,0.499972,0.499983,0.499989,0.499994,0.499996,0.499998,0.499999,0.499999,0.5,0.5,0.5,0.5,0.5,0.5
0.5,0.5,0.5,0.5,0.5,0.5,0.499999,0.499999,0.499998,0.499996,0.499994,0.499989,0.499983,0.499972,0.499958,0.499937,0.499908,0.499869,0.499819,0.499756,0.49968,0.499589,0.499484,0.499369,0.499245,0.499118,0.498993,0.498876,0.498773,0.498689,0.49863,0.4986,0.4986,0.49863,0.498689,0.498773,0.498876,0.498993,0.499118,0.499245,0.499369,0.499484,0.499589,0.49968,0.499756,0.499819,0.499869,0.499908,0.499937,0.499958,0.499972,0.499983,0.499989,0.499994,0.499996,0.499998,0.499999,0.499999,0.5,0.5,0.5,0.5,0.5,0.5
