0.5,0.5,0.5,0.5,0.5,0.5,0.5,0.5,0.5,0.5,0.5,0.5,0.5,0.499999,0.499999,0.499998,0.499997,0.499996,0.499994,0.499992,0.499989,0.499985,0.49998,0.499974,0.499967,0.499961,0.499954,0.499947,0.499941,0.499936,0.499932,0.49993,0.49993,0.499932,0.499936,0.499941,0.499947,0.499954,0.499961,0.499967,0.499974,0.49998,0.499985,0.499989,0.499992,0.499994,0.499996,0.499997,0.499998,0.499999,0.499999,0.5,0.5,0.5,0.5,0.5,0.5,0.5,0.5,0.5,0.5,0.5,0.5,0.5
0.5,0.5,0.5,0.5,0.5,0.5,0.5,0.5,0.5,0.5,0.5,0.5,0.5,0.499999,0.499999,0.499998,0.499997,0.499996,0.499994,0.499992,0.499989,0.499985,0.49998,0.499974,0.499967,0.499961,0.499954,0.499947,0.499941,0.499936,0.499932,0.49993,0.49993,0.499932,0.499936,0.499941,0.499947,0.499954,0.499961,0.499967,0.499974,0.49998,0.499985,0.499989,0.499992,0.499994,0.499996,0.499997,0.499998,0.499999,0.499999,0.5,0.5,0.5,0.5,0.5,0.5,0.5,0.5,0.5,0.5,0.5,0.5,0.5
0.5,0.5,0.5,0.5,0.5,0.5,0.5,0.5,0.5,0.5,0.5,0.5,0.499999,0.499999,0.499998,0.499997,0.499996,0.499993,0.49999,0.499986,0.499981,0.499974,0.499966,0.499957,0.499946,0.499935,0.499923,0.499912,0.499902,0.499894,0.499888,0.499885,0.499885,0.499888,0.499894,0.499902,0.499912,0.499923,0.499935,0.499946,0.499957,0.499966,0.499974,0.499981,0.499986,0.49999,0.499993,0.499996,0.499997,0.499998,0.499999,0.499999,0.5,0.5,0.5,0.5,0.5,0.5,0.5,0.5,0.5,0.5,0.5,0.5
0.5,0.5,0.5,0.5,0.5,0.5,0.5,0.5,0.5,0.5,0.5,0.499999,0.499999,0.499998,0.499996,0.499994,0.499991,0.499987,0.49998,0.499972,0.499961,0.499948,0.499932,0.499913,0.499893,0.499871,0.499848,0.499827,0.499807,0.499792,0.49978,0.499774,0.499774,0.49978,0.499792,0.499807,0.499827,0.499848,0.499871,0.499893,0.499913,0.499932,0.499948,0.499961,0.499972,0.49998,0.499987,0.499991,0.499994,0.499996,0.499998,0.499999,0.499999,0.5,0.5,0.5,0.5,0.5,0.5,0.5,0.5,0.5,0.5,0.5
0.5,0.5,0.5,0.5,0.5,0.5,0.5,0.5,0.5,0.5,0.499999,0.499998,0.499997,0.499995,0.499992,0.499988,0.499981,0.499972,0.499959,0.499942,0.49992,0.499893,0.499861,0.499824,0.499782,0.499738,0.499694,0.499651,0.499613,0.499582,0.49956,0.499548,0.499548,0.49956,0.499582,0.499613,0.499651,0.499694,0.499738,0.499782,0.499824,0.499861,0.499893,0.49992,0.499942,0.499959,0.499972,0.499981,0.499988,0.499992,0.499995,0.499997,0.499998,0.499999,0.5,0.5,0.5,0.5,0.5,0.5,0.5,0.5,0.5,0.5
0.5,0.5,0.5,0.5,0.5,0.5,0.5,0.5,0.499999,0.499999,0.499998,0.499997,0.499994,0.49999,0.499984,0.499975,0.499962,0.499943,0.499918,0.499884,0.49984,0.499787,0.499723,0.49965,0.499569,0.499484,0.499398,0.499316,0.499242,0.499182,0.499139,0.499117,0.499117,0.499139,0.499182,0.499242,0.499316,0.499398,0.499484,0.499569,0.49965,0.499723,0.499787,0.49984,0.499884,0.499918,0.499943,0.499962,0.499975,0.499984,0.49999,0.499994,0.499997,0.499998,0.499999,0.499999,0.5,0.5,0.5,0.5,0.5,0.5,0.5,0.5
0.5,0.5,0.5,0.5,0.5,0.5,0.5,0.499999,0.499999,0.499998,0.499996,0.499993,0.499989,0.499981,0.499969,0.499951,0.499925,0.499888,0.499838,0.499773,0.499689,0.499587,0.499466,0.499327,0.499175,0.499015,0.498854,0.4987,0.498563,0.49845,0.498371,0.49833,0.49833,0.498371,0.49845,0.498563,0.4987,0.498854,0.499015,0.499175,0.499327,0.499466,0.499587,0.499689,0.499773,0.499838,0.499888,0.499925,0.499951,0.499969,0.499981,0.499989,0.499993,0.499996,0.499998,0.499999,0.499999,0.5,0.5,0.5,0.5,0.5,0.5,0.5
0.5,0.5,0.5,0.5,0.5,0.5,0.499999,0.499999,0.499998,0.499996,0.499993,0.499987,0.499978,0.499963,0.49994,0.499905,0.499856,0.499787,0.499693,0.499571,0.499416,0.499227,0.499004,0.49875,0.498473,0.498182,0.49789,0.497613,0.497366,0.497164,0.497022,0.496948,0.496948,0.497022,0.497164,0.497366,0.497613,0.49789,0.498182,0.498473,0.49875,0.499004,0.499227,0.499416,0.499571,0.499693,0.499787,0.499856,0.499905,0.49994,0.499963,0.499978,0.499987,0.499993,0.499996,0.499998,0.499999,0.499999,0.5,0.5,0.5,0.5,0.5,0.5
0.5,0.5,0.5,0.5,0.5,0.499999,0.499999,0.499998,0.499996,0.499992,0.499986,0.499975,0.499958,0.49993,0.499887,0.499824,0.499733,0.499606,0.499436,0.499215,0.498937,0.4986,0.498204,0.497756,0.497268,0.496758,0.496249,0.495766,0.495337,0.494989,0.494742,0.494615,0.494615,0.494742,0.494989,0.495337,0.495766,0.496249,0.496758,0.497268,0.497756,0.498204,0.4986,0.498937,0.499215,0.499436,0.499606,0.499733,0.499824,0.499887,0.49993,0.499958,0.499975,0.499986,0.499992,0.499996,0.499998,0.499999,0.499999,0.5,0.5,0.5,0.5,0.5
0.5,0.5,0.5,0.5,0.5,0.499999,0.499998,0.499996,0.499992,0.499986,0.499974,0.499954,0.499922,0.499872,0.499795,0.499682,0.49952,0.499297,0.498998,0.498612,0.49813,0.497548,0.496869,0.496104,0.495275,0.494413,0.493555,0.492745,0.492027,0.491445,0.491035,0.490822,0.490822,0.491035,0.491445,0.492027,0.492745,0.493555,0.494413,0.495275,0.496104,0.496869,0.497548,0.49813,0.498612,0.498998,0.499297,0.49952,0.499682,0.499795,0.499872,0.499922,0.499954,0.499974,0.499986,0.499992,0.499996,0.499998,0.499999,0.5,0.5,0.5,0.5,0.5
0.5,0.5,0.5,0.5,0.499999,0.499998,0.499996,0.499993,0.499986,0.499974,0.499953,0.499918,0.499862,0.499773,0.49964,0.499443,0.499165,0.498783,0.498276,0.497625,0.496817,0.495846,0.49472,0.493459,0.4921,0.490693,0.489299,0.487988,0.48683,0.485893,0.485233,0.484893,0.484893,0.485233,0.485893,0.48683,0.487988,0.489299,0.490693,0.4921,0.493459,0.49472,0.495846,0.496817,0.497625,0.498276,0.498783,0.499165,0.499443,0.49964,0.499773,0.499862,0.499918,0.499953,0.499974,0.499986,0.499993,0.499996,0.499998,0.499999,0.5,0.5,0.5,0.5
0.5,0.5,0.5,0.499999,0.499998,0.499997,0.499993,0.499987,0.499975,0.499954,0.499918,0.499858,0.499762,0.499612,0.499386,0.499057,0.498593,0.497962,0.497128,0.496066,0.494754,0.493189,0.491385,0.489378,0.487227,0.485011,0.482825,0.480778,0.478977,0.477523,0.476502,0.475976,0.475976,0.476502,0.477523,0.478977,0.480778,0.482825,0.485011,0.487227,0.489378,0.491385,0.493189,0.494754,0.496066,0.497128,0.497962,0.498593,0.499057,0.499386,0.499612,0.499762,0.499858,0.499918,0.499954,0.499975,0.499987,0.499993,0.499997,0.499998,0.499999,0.5,0.5,0.5
0.5,0.5,0.499999,0.499999,0.499997,0.499994,0.499989,0.499978,0.499958,0.499922,0.499862,0.499762,0.499602,0.499355,0.498985,0.498451,0.497703,0.496691,0.495366,0.493687,0.491629,0.489191,0.486399,0.483312,0.480023,0.476653,0.473348,0.470266,0.467565,0.465391,0.463868,0.463083,0.463083,0.463868,0.465391,0.467565,0.470266,0.473348,0.476653,0.480023,0.483312,0.486399,0.489191,0.491629,0.493687,0.495366,0.496691,0.497703,0.498451,0.498985,0.499355,0.499602,0.499762,0.499862,0.499922,0.499958,0.499978,0.499989,0.499994,0.499997,0.499999,0.499999,0.5,0.5
0.499999,0.499999,0.499999,0.499998,0.499995,0.49999,0.499981,0.499963,0.49993,0.499872,0.499773,0.499612,0.499355,0.49896,0.498375,0.497533,0.496365,0.494794,0.492753,0.490185,0.487062,0.483387,0.479209,0.474622,0.469766,0.464821,0.459999,0.455523,0.451617,0.448486,0.446297,0.445171,0.445171,0.446297,0.448486,0.451617,0.455523,0.459999,0.464821,0.469766,0.474622,0.479209,0.483387,0.487062,0.490185,0.492753,0.494794,0.496365,0.497533,0.498375,0.49896,0.499355,0.499612,0.499773,0.499872,0.49993,0.499963,0.499981,0.49999,0.499995,0.499998,0.499999,0.499999,0.499999
0.499999,0.499999,0.499998,0.499996,0.499992,0.499984,0.499969,0.49994,0.499887,0.499795,0.49964,0.499386,0.498985,0.498375,0.497474,0.49619,0.49442,0.492058,0.489012,0.485209,0.48062,0.475262,0.469217,0.462628,0.455703,0.448699,0.441909,0.435642,0.430199,0.425851,0.42282,0.421264,0.421264,0.42282,0.425851,0.430199,0.435642,0.441909,0.448699,0.455703,0.462628,0.469217,0.475262,0.48062,0.485209,0.489012,0.492058,0.49442,0.49619,0.497474,0.498375,0.498985,0.499386,0.49964,0.499795,0.499887,0.49994,0.499969,0.499984,0.499992,0.499996,0.499998,0.499999,0.499999
0.499998,0.499998,0.499997,0.499994,0.499988,0.499975,0.499951,0.499905,0.499824,0.499682,0.499443,0.499057,0.498451,0.497533,0.49619,0.494289,0.491687,0.488244,0.483838,0.478384,0.471854,0.464293,0.455831,0.446682,0.43714,0.427559,0.418335,0.409872,0.40256,0.396743,0.392702,0.390631,0.390631,0.392702,0.396743,0.40256,0.409872,0.418335,0.427559,0.43714,0.446682,0.455831,0.464293,0.471854,0.478384,0.483838,0.488244,0.491687,0.494289,0.49619,0.497533,0.498451,0.499057,0.499443,0.499682,0.499824,0.499905,0.499951,0.499975,0.499988,0.499994,0.499997,0.499998,0.499998
0.499997,0.499997,0.499996,0.499991,0.499981,0.499962,0.499925,0.499856,0.499733,0.49952,0.499165,0.498593,0.497703,0.496365,0.49442,0.491687,0.487978,0.483108,0.476928,0.469343,0.46034,0.450008,0.438544,0.426258,0.41355,0.400893,0.388798,0.377777,0.368311,0.360816,0.355627,0.352974,0.352974,0.355627,0.360816,0.368311,0.377777,0.388798,0.400893,0.41355,0.426258,0.438544,0.450008,0.46034,0.469343,0.476928,0.483108,0.487978,0.491687,0.49442,0.496365,0.497703,0.498593,0.499165,0.49952,0.499733,0.499856,0.499925,0.499962,0.499981,0.499991,0.499996,0.499997,0.499997
0.499996,0.499996,0.499993,0.499987,0.499972,0.499943,0.499888,0.499787,0.499606,0.499297,0.498783,0.497962,0.496691,0.494794,0.492058,0.488244,0.483108,0.476423,0.468011,0.457779,0.445745,0.432063,0.417025,0.401058,0.384695,0.368542,0.353234,0.339391,0.32758,0.31828,0.311868,0.308597,0.308597,0.311868,0.31828,0.32758,0.339391,0.353234,0.368542,0.384695,0.401058,0.417025,0.432063,0.445745,0.457779,0.468011,0.476423,0.483108,0.488244,0.492058,0.494794,0.496691,0.497962,0.498783,0.499297,0.499606,0.499787,0.499888,0.499943,0.499972,0.499987,0.499993,0.499996,0.499996
0.499994,0.499994,0.49999,0.49998,0.499959,0.499918,0.499838,0.499693,0.499436,0.498998,0.498276,0.497128,0.495366,0.492753,0.489012,0.483838,0.476928,0.468011,0.456892,0.443492,0.427886,0.410316,0.3912,0.371108,0.350725,0.330802,0.312096,0.295326,0.281125,0.270015,0.26239,0.258512,0.258512,0.26239,0.270015,0.281125,0.295326,0.312096,0.330802,0.350725,0.371108,0.3912,0.410316,0.427886,0.443492,0.456892,0.468011,0.476928,0.483838,0.489012,0.492753,0.495366,0.497128,0.498276,0.498998,0.499436,0.499693,0.499838,0.499918,0.499959,0.49998,0.49999,0.499994,0.499994
0.499992,0.499992,0.499986,0.499972,0.499942,0.499884,0.499773,0.499571,0.499215,0.498612,0.497625,0.496066,0.493687,0.490185,0.485209,0.478384,0.469343,0.457779,0.443492,0.426443,0.406787,0.384889,0.361322,0.336823,0.312245,0.288482,0.266406,0.246809,0.230358,0.217582,0.208862,0.204443,0.204443,0.208862,0.217582,0.230358,0.246809,0.266406,0.288482,0.312245,0.336823,0.361322,0.384889,0.406787,0.426443,0.443492,0.457779,0.469343,0.478384,0.485209,0.490185,0.493687,0.496066,0.497625,0.498612,0.499215,0.499571,0.499773,0.499884,0.499942,0.499972,0.499986,0.499992,0.499992
0.499989,0.499989,0.499981,0.499961,0.49992,0.49984,0.499689,0.499416,0.498937,0.49813,0.496817,0.494754,0.491629,0.487062,0.48062,0.471854,0.46034,0.445745,0.427886,0.406787,0.382717,0.356201,0.327993,0.29902,0.270306,0.242882,0.217708,0.195613,0.177254,0.163119,0.153536,0.148699,0.148699,0.153536,0.163119,0.177254,0.195613,0.217708,0.242882,0.270306,0.29902,0.327993,0.356201,0.382717,0.406787,0.427886,0.445745,0.46034,0.471854,0.48062,0.487062,0.491629,0.494754,0.496817,0.49813,0.498937,0.499416,0.499689,0.49984,0.49992,0.499961,0.499981,0.499989,0.499989
0.499985,0.499985,0.499974,0.499948,0.499893,0.499787,0.499587,0.499227,0.4986,0.497548,0.495846,0.493189,0.489191,0.483387,0.475262,0.464293,0.450008,0.432063,0.410316,0.384889,0.356201,0.324967,0.292148,0.258874,0.226338,0.195688,0.167934,0.143892,0.124157,0.109119,0.099005,0.0939267,0.0939267,0.099005,0.109119,0.124157,0.143892,0.167934,0.195688,0.226338,0.258874,0.292148,0.324967,0.356201,0.384889,0.410316,0.432063,0.450008,0.464293,0.475262,0.483387,0.489191,0.493189,0.495846,0.497548,0.4986,0.499227,0.499587,0.499787,0.499893,0.499948,0.499974,0.499985,0.499985
0.49998,0.49998,0.499966,0.499932,0.499861,0.499723,0.499466,0.499004,0.498204,0.496869,0.49472,0.491385,0.486399,0.479209,0.469217,0.455831,0.438544,0.417025,0.3912,0.361322,0.327993,0.292148,0.254976,0.217814,0.182009,0.148795,0.119186,0.0939291,0.0734948,0.0581215,0.0478848,0.0427779,0.0427779,0.0478848,0.0581215,0.0734948,0.0939291,0.119186,0.148795,0.182009,0.217814,0.254976,0.292148,0.327993,0.361322,0.3912,0.417025,0.438544,0.455831,0.469217,0.479209,0.486399,0.491385,0.49472,0.496869,0.498204,0.499004,0.499466,0.499723,0.499861,0.499932,0.499966,0.49998,0.49998
0.499974,0.499974,0.499957,0.499913,0.499824,0.49965,0.499327,0.49875,0.497756,0.496104,0.493459,0.489378,0.483312,0.474622,0.462628,0.446682,0.426258,0.401058,0.371108,0.336823,0.29902,0.258874,0.217814,0.177376,0.139041,0.104087,0.0734834,0.0478484,0.0274701,0.01238,0.00245934,-0.00244893,-0.00244893,0.00245934,0.01238,0.0274701,0.0478484,0.0734834,0.104087,0.139041,0.177376,0.217814,0.258874,0.29902,0.336823,0.371108,0.401058,0.426258,0.446682,0.462628,0.474622,0.483312,0.489378,0.493459,0.496104,0.497756,0.49875,0.499327,0.49965,0.499824,0.499913,0.499957,0.499974,0.499974
0.499967,0.499967,0.499946,0.499893,0.499782,0.499569,0.499175,0.498473,0.497268,0.495275,0.4921,0.487227,0.480023,0.469766,0.455703,0.43714,0.41355,0.384695,0.350725,0.312245,0.270306,0.226338,0.182009,0.139041,0.0990172,0.0632174,0.0325151,0.00734828,-0.0122293,-0.026437,-0.0356226,-0.0401167,-0.0401167,-0.0356226,-0.026437,-0.0122293,0.00734828,0.0325151,0.0632174,0.0990172,0.139041,0.182009,0.226338,0.270306,0.312245,0.350725,0.384695,0.41355,0.43714,0.455703,0.469766,0.480023,0.487227,0.4921,0.495275,0.497268,0.498473,0.499175,0.499569,0.499782,0.499893,0.499946,0.499967,0.499967
0.499961,0.499961,0.499935,0.499871,0.499738,0.499484,0.499015,0.498182,0.496758,0.494413,0.490693,0.485011,0.476653,0.464821,0.448699,0.427559,0.400893,0.368542,0.330802,0.288482,0.242882,0.195688,0.148795,0.104087,0.0632174,0.0274286,-0.00254661,-0.0264919,-0.0446243,-0.0574427,-0.0655446,-0.0694472,-0.0694472,-0.0655446,-0.0574427,-0.0446243,-0.0264919,-0.00254661,0.0274286,0.0632174,0.104087,0.148795,0.195688,0.242882,0.288482,0.330802,0.368542,0.400893,0.427559,0.448699,0.464821,0.476653,0.485011,0.490693,0.494413,0.496758,0.498182,0.499015,0.499484,0.499738,0.499871,0.499935,0.499961,0.499961
0.499954,0.499954,0.499923,0.499848,0.499694,0.499398,0.498854,0.49789,0.496249,0.493555,0.489299,0.482825,0.473348,0.459999,0.441909,0.418335,0.388798,0.353234,0.312096,0.266406,0.217708,0.167934,0.119186,0.0734834,0.0325151,-0.00254661,-0.0311396,-0.0532944,-0.0695154,-0.0805914,-0.0873737,-0.0905669,-0.0905669,-0.0873737,-0.0805914,-0.0695154,-0.0532944,-0.0311396,-0.00254661,0.0325151,0.0734834,0.119186,0.167934,0.217708,0.266406,0.312096,0.353234,0.388798,0.418335,0.441909,0.459999,0.473348,0.482825,0.489299,0.493555,0.496249,0.49789,0.498854,0.499398,0.499694,0.499848,0.499923,0.499954,0.499954
0.499947,0.499947,0.499912,0.499827,0.499651,0.499316,0.4987,0.497613,0.495766,0.492745,0.487988,0.480778,0.470266,0.455523,0.435642,0.409872,0.377777,0.339391,0.295326,0.246809,0.195613,0.143892,0.0939291,0.0478484,0.00734828,-0.0264919,-0.0532944,-0.0733401,-0.0874169,-0.0965925,-0.10196,-0.104399,-0.104399,-0.10196,-0.0965925,-0.0874169,-0.0733401,-0.0532944,-0.0264919,0.00734828,0.0478484,0.0939291,0.143892,0.195613,0.246809,0.295326,0.339391,0.377777,0.409872,0.435642,0.455523,0.470266,0.480778,0.487988,0.492745,0.495766,0.497613,0.4987,0.499316,0.499651,0.499827,0.499912,0.499947,0.499947
0.499941,0.499941,0.499902,0.499807,0.499613,0.499242,0.498563,0.497366,0.495337,0.492027,0.48683,0.478977,0.467565,0.451617,0.430199,0.40256,0.368311,0.32758,0.281125,0.230358,0.177254,0.124157,0.0734948,0.0274701,-0.0122293,-0.0446243,-0.0695154,-0.0874169,-0.0993736,-0.106703,-0.110709,-0.112428,-0.112428,-0.110709,-0.106703,-0.0993736,-0.0874169,-0.0695154,-0.0446243,-0.0122293,0.0274701,0.0734948,0.124157,0.177254,0.230358,0.281125,0.32758,0.368311,0.40256,0.430199,0.451617,0.467565,0.478977,0.48683,0.492027,0.495337,0.497366,0.498563,0.499242,0.499613,0.499807,0.499902,0.499941,0.499941
0.499936,0.499936,0.499894,0.499792,0.499582,0.499182,0.49845,0.497164,0.494989,0.491445,0.485893,0.477523,0.465391,0.448486,0.425851,0.396743,0.360816,0.31828,0.270015,0.217582,0.163119,0.109119,0.0581215,0.01238,-0.026437,-0.0574427,-0.0805914,-0.0965925,-0.106703,-0.112441,-0.115284,-0.116388,-0.116388,-0.115284,-0.112441,-0.106703,-0.0965925,-0.0805914,-0.0574427,-0.026437,0.01238,0.0581215,0.109119,0.163119,0.217582,0.270015,0.31828,0.360816,0.396743,0.425851,0.448486,0.465391,0.477523,0.485893,0.491445,0.494989,0.497164,0.49845,0.499182,0.499582,0.499792,0.499894,0.499936,0.499936
0.499932,0.499932,0.499888,0.49978,0.49956,0.499139,0.498371,0.497022,0.494742,0.491035,0.485233,0.476502,0.463868,0.446297,0.42282,0.392702,0.355627,0.311868,0.26239,0.208862,0.153536,0.099005,0.0478848,0.00245934,-0.0356226,-0.0655446,-0.0873737,-0.10196,-0.110709,-0.115284,-0.117279,-0.117938,-0.117938,-0.117279,-0.115284,-0.110709,-0.10196,-0.0873737,-0.0655446,-0.0356226,0.00245934,0.0478848,0.099005,0.153536,0.208862,0.26239,0.311868,0.355627,0.392702,0.42282,0.446297,0.463868,0.476502,0.485233,0.491035,0.494742,0.497022,0.498371,0.499139,0.49956,0.49978,0.499888,0.499932,0.499932
0.49993,0.49993,0.499885,0.499774,0.499548,0.499117,0.49833,0.496948,0.494615,0.490822,0.484893,0.475976,0.463083,0.445171,0.421264,0.390631,0.352974,0.308597,0.258512,0.204443,0.148699,0.0939267,0.0427779,-0.00244893,-0.0401167,-0.0694472,-0.0905669,-0.104399,-0.112428,-0.116388,-0.117938,-0.118363,-0.118363,-0.117938,-0.116388,-0.112428,-0.104399,-0.0905669,-0.0694472,-0.0401167,-0.00244893,0.0427779,0.0939267,0.148699,0.204443,0.258512,0.308597,0.352974,0.390631,0.421264,0.445171,0.463083,0.475976,0.484893,0.490822,0.494615,0.496948,0.49833,0.499117,0.499548,0.499774,0.499885,0.49993,0.49993
0.49993,0.49993,0.499885,0.499774,0.499548,0.499117,0.49833,0.496948,0.494615,0.490822,0.484893,0.475976,0.463083,0.445171,0.421264,0.390631,0.352974,0.308597,0.258512,0.204443,0.148699,0.0939267,0.0427779,-0.00244893,-0.0401167,-0.0694472,-0.0905669,-0.104399,-0.112428,-0.116388,-0.117938,-0.118363,-0.118363,-0.117938,-0.116388,-0.112428,-0.104399,-0.0905669,-0.0694472,-0.0401167,-0.00244893,0.0427779,0.0939267,0.148699,0.204443,0.258512,0.308597,0.352974,0.390631,0.421264,0.445171,0.463083,0.475976,0.484893,0.490822,0.494615,0.496948,0.49833,0.499117,0.499548,0.499774,0.499885,0.49993,0.49993
0.499932,0.499932,0.499888,0.49978,0.49956,0.499139,0.498371,0.497022,0.494742,0.491035,0.485233,0.476502,0.463868,0.446297,0.42282,0.392702,0.355627,0.311868,0.26239,0.208862,0.153536,0.099005,0.0478848,0.00245934,-0.0356226,-0.0655446,-0.0873737,-0.10196,-0.110709,-0.115284,-0.117279,-0.117938,-0.117938,-0.117279,-0.115284,-0.110709,-0.10196,-0.0873737,-0.0655446,-0.0356226,0.00245934,0.0478848,0.099005,0.153536,0.208862,0.26239,0.311868,0.355627,0.392702,0.42282,0.446297,0.463868,0.476502,0.485233,0.491035,0.494742,0.497022,0.498371,0.499139,0.49956,0.49978,0.499888,0.499932,0.499932
0.499936,0.499936,0.499894,0.499792,0.499582,0.499182,0.49845,0.497164,0.494989,0.491445,0.485893,0.477523,0.465391,0.448486,0.425851,0.396743,0.360816,0.31828,0.270015,0.217582,0.163119,0.109119,0.0581215,0.01238,-0.026437,-0.0574427,-0.0805914,-0.0965925,-0.106703,-0.112441,-0.115284,-0.116388,-0.116388,-0.115284,-0.112441,-0.106703,-0.0965925,-0.0805914,-0.0574427,-0.026437,0.01238,0.0581215,0.109119,0.163119,0.217582,0.270015,0.31828,0.360816,0.396743,0.425851,0.448486,0.465391,0.477523,0.485893,0.491445,0.494989,0.497164,0.49845,0.499182,0.499582,0.499792,0.499894,0.499936,0.499936
0.499941,0.499941,0.499902,0.499807,0.499613,0.499242,0.498563,0.497366,0.495337,0.492027,0.48683,0.478977,0.467565,0.451617,0.430199,0.40256,0.368311,0.32758,0.281125,0.230358,0.177254,0.124157,0.0734948,0.0274701,-0.0122293,-0.0446243,-0.0695154,-0.0874169,-0.0993736,-0.106703,-0.110709,-0.112428,-0.112428,-0.110709,-0.106703,-0.0993736,-0.0874169,-0.0695154,-0.0446243,-0.0122293,0.0274701,0.0734948,0.124157,0.177254,0.230358,0.281125,0.32758,0.368311,0.40256,0.430199,0.451617,0.467565,0.478977,0.48683,0.492027,0.495337,0.497366,0.498563,0.499242,0.499613,0.499807,0.499902,0.499941,0.499941
0.499947,0.499947,0.499912,0.499827,0.499651,0.499316,0.4987,0.497613,0.495766,0.492745,0.487988,0.480778,0.470266,0.455523,0.435642,0.409872,0.377777,0.339391,0.295326,0.246809,0.195613,0.143892,0.0939291,0.0478484,0.00734828,-0.0264919,-0.0532944,-0.0733401,-0.0874169,-0.0965925,-0.10196,-0.104399,-0.104399,-0.10196,-0.0965925,-0.0874169,-0.0733401,-0.0532944,-0.0264919,0.00734828,0.0478484,0.0939291,0.143892,0.195613,0.246809,0.295326,0.339391,0.377777,0.409872,0.435642,0.455523,0.470266,0.480778,0.487988,0.492745,0.495766,0.497613,0.4987,0.499316,0.499651,0.499827,0.499912,0.499947,0.499947
0.499954,0.499954,0.499923,0.499848,0.499694,0.499398,0.498854,0.49789,0.496249,0.493555,0.489299,0.482825,0.473348,0.459999,0.441909,0.418335,0.388798,0.353234,0.312096,0.266406,0.217708,0.167934,0.119186,0.0734834,0.0325151,-0.00254661,-0.0311396,-0.0532944,-0.0695154,-0.0805914,-0.0873737,-0.0905669,-0.0905669,-0.0873737,-0.0805914,-0.0695154,-0.0532944,-0.0311396,-0.00254661,0.0325151,0.0734834,0.119186,0.167934,0.217708,0.266406,0.312096,0.353234,0.388798,0.418335,0.441909,0.459999,0.473348,0.482825,0.489299,0.493555,0.496249,0.49789,0.498854,0.499398,0.499694,0.499848,0.499923,0.499954,0.499954
0.499961,0.499961,0.499935,0.499871,0.499738,0.499484,0.499015,0.498182,0.496758,0.494413,0.490693,0.485011,0.476653,0.464821,0.448699,0.427559,0.400893,0.368542,0.330802,0.288482,0.242882,0.195688,0.148795,0.104087,0.0632174,0.0274286,-0.00254661,-0.0264919,-0.0446243,-0.0574427,-0.0655446,-0.0694472,-0.0694472,-0.0655446,-0.0574427,-0.0446243,-0.0264919,-0.00254661,0.0274286,0.0632174,0.104087,0.148795,0.195688,0.242882,0.288482,0.330802,0.368542,0.400893,0.427559,0.448699,0.464821,0.476653,0.485011,0.490693,0.494413,0.496758,0.498182,0.499015,0.499484,0.499738,0.499871,0.499935,0.499961,0.499961
0.499967,0.499967,0.499946,0.499893,0.499782,0.499569,0.499175,0.498473,0.497268,0.495275,0.4921,0.487227,0.480023,0.469766,0.455703,0.43714,0.41355,0.384695,0.350725,0.312245,0.270306,0.226338,0.182009,0.139041,0.0990172,0.0632174,0.0325151,0.00734828,-0.0122293,-0.026437,-0.0356226,-0.0401167,-0.0401167,-0.0356226,-0.026437,-0.0122293,0.00734828,0.0325151,0.0632174,0.0990172,0.139041,0.182009,0.226338,0.270306,0.312245,0.350725,0.384695,0.41355,0.43714,0.455703,0.469766,0.480023,0.487227,0.4921,0.495275,0.497268,0.498473,0.499175,0.499569,0.499782,0.499893,0.499946,0.499967,0.499967
0.499974,0.499974,0.499957,0.499913,0.499824,0.49965,0.499327,0.49875,0.497756,0.496104,0.493459,0.489378,0.483312,0.474622,0.462628,0.446682,0.426258,0.401058,0.371108,0.336823,0.29902,0.258874,0.217814,0.177376,0.139041,0.104087,0.0734834,0.0478484,0.0274701,0.01238,0.00245934,-0.00244893,-0.00244893,0.00245934,0.01238,0.0274701,0.0478484,0.0734834,0.104087,0.139041,0.177376,0.217814,0.258874,0.29902,0.336823,0.371108,0.401058,0.426258,0.446682,0.462628,0.474622,0.483312,0.489378,0.493459,0.496104,0.497756,0.49875,0.499327,0.49965,0.499824,0.499913,0.499957,0.499974,0.499974
0.49998,0.49998,0.499966,0.499932,0.499861,0.499723,0.499466,0.499004,0.498204,0.496869,0.49472,0.491385,0.486399,0.479209,0.469217,0.455831,0.438544,0.417025,0.3912,0.361322,0.327993,0.292148,0.254976,0.217814,0.182009,0.148795,0.119186,0.0939291,0.0734948,0.0581215,0.0478848,0.0427779,0.0427779,0.0478848,0.0581215,0.0734948,0.0939291,0.119186,0.148795,0.182009,0.217814,0.254976,0.292148,0.327993,0.361322,0.3912,0.417025,0.438544,0.455831,0.469217,0.479209,0.486399,0.491385,0.49472,0.496869,0.498204,0.499004,0.499466,0.499723,0.499861,0.499932,0.499966,0.49998,0.49998
0.499985,0.499985,0.499974,0.499948,0.499893,0.499787,0.499587,0.499227,0.4986,0.497548,0.495846,0.493189,0.489191,0.483387,0.475262,0.464293,0.450008,0.432063,0.410316,0.384889,0.356201,0.324967,0.292148,0.258874,0.226338,0.195688,0.167934,0.143892,0.124157,0.109119,0.099005,0.0939267,0.0939267,0.099005,0.109119,0.124157,0.143892,0.167934,0.195688,0.226338,0.258874,0.292148,0.324967,0.356201,0.384889,0.410316,0.432063,0.450008,0.464293,0.475262,0.483387,0.489191,0.493189,0.495846,0.497548,0.4986,0.499227,0.499587,0.499787,0.499893,0.499948,0.499974,0.499985,0.499985
0.499989,0.499989,0.499981,0.499961,0.49992,0.49984,0.499689,0.499416,0.498937,0.49813,0.496817,0.494754,0.491629,0.487062,0.48062,0.471854,0.46034,0.445745,0.427886,0.406787,0.382717,0.356201,0.327993,0.29902,0.270306,0.242882,0.217708,0.195613,0.177254,0.163119,0.153536,0.148699,0.148699,0.153536,0.163119,0.177254,0.195613,0.217708,0.242882,0.270306,0.29902,0.327993,0.356201,0.382717,0.406787,0.427886,0.445745,0.46034,0.471854,0.48062,0.487062,0.491629,0.494754,0.496817,0.49813,0.498937,0.499416,0.499689,0.49984,0.49992,0.499961,0.499981,0.499989,0.499989
0.499992,0.499992,0.499986,0.499972,0.499942,0.499884,0.499773,0.499571,0.499215,0.498612,0.497625,0.496066,0.493687,0.490185,0.485209,0.478384,0.469343,0.457779,0.443492,0.426443,0.406787,0.384889,0.361322,0.336823,0.312245,0.288482,0.266406,0.246809,0.230358,0.217582,0.208862,0.204443,0.204443,0.208862,0.217582,0.230358,0.246809,0.266406,0.288482,0.312245,0.336823,0.361322,0.384889,0.406787,0.426443,0.443492,0.457779,0.469343,0.478384,0.485209,0.490185,0.493687,0.496066,0.497625,0.498612,0.499215,0.499571,0.499773,0.499884,0.499942,0.499972,0.499986,0.499992,0.499992
0.499994,0.499994,0.49999,0.49998,0.499959,0.499918,0.499838,0.499693,0.499436,0.498998,0.498276,0.497128,0.495366,0.492753,0.489012,0.483838,0.476928,0.468011,0.456892,0.443492,0.427886,0.410316,0.3912,0.371108,0.350725,0.330802,0.312096,0.295326,0.281125,0.270015,0.26239,0.258512,0.258512,0.26239,0.270015,0.281125,0.295326,0.312096,0.330802,0.350725,0.371108,0.3912,0.410316,0.427886,0.443492,0.456892,0.468011,0.476928,0.483838,0.489012,0.492753,0.495366,0.497128,0.498276,0.498998,0.499436,0.499693,0.499838,0.499918,0.499959,0.49998,0.49999,0.499994,0.499994
0.499996,0.499996,0.499993,0.499987,0.499972,0.499943,0.499888,0.499787,0.499606,0.499297,0.498783,0.497962,0.496691,0.494794,0.492058,0.488244,0.483108,0.476423,0.468011,0.457779,0.445745,0.432063,0.417025,0.401058,0.384695,0.368542,0.353234,0.339391,0.32758,0.31828,0.311868,0.308597,0.308597,0.311868,0.31828,0.32758,0.339391,0.353234,0.368542,0.384695,0.401058,0.417025,0.432063,0.445745,0.457779,0.468011,0.476423,0.483108,0.488244,0.492058,0.494794,0.496691,0.497962,0.498783,0.499297,0.499606,0.499787,0.499888,0.499943,0.499972,0.499987,0.499993,0.499996,0.499996
0.499997,0.499997,0.499996,0.499991,0.499981,0.499962,0.499925,0.499856,0.499733,0.49952,0.499165,0.498593,0.497703,0.496365,0.49442,0.491687,0.487978,0.483108,0.476928,0.469343,0.46034,0.450008,0.438544,0.426258,0.41355,0.400893,0.388798,0.377777,0.368311,0.360816,0.355627,0.352974,0.352974,0.355627,0.360816,0.368311,0.377777,0.388798,0.400893,0.41355,0.426258,0.438544,0.450008,0.46034,0.469343,0.476928,0.483108,0.487978,0.491687,0.49442,0.496365,0.497703,0.498593,0.499165,0.49952,0.499733,0.499856,0.499925,0.499962,0.499981,0.499991,0.499996,0.499997,0.499997
0.499998,0.499998,0.499997,0.499994,0.499988,0.499975,0.499951,0.499905,0.499824,0.499682,0.499443,0.499057,0.498451,0.497533,0.49619,0.494289,0.491687,0.488244,0.483838,0.478384,0.471854,0.464293,0.455831,0.446682,0.43714,0.427559,0.418335,0.409872,0.40256,0.396743,0.392702,0.390631,0.390631,0.392702,0.396743,0.40256,0.409872,0.418335,0.427559,0.43714,0.446682,0.455831,0.464293,0.471854,0.478384,0.483838,0.488244,0.491687,0.494289,0.49619,0.497533,0.498451,0.499057,0.499443,0.499682,0.499824,0.499905,0.499951,0.499975,0.499988,0.499994,0.499997,0.499998,0.499998
0.499999,0.499999,0.499998,0.499996,0.499992,0.499984,0.499969,0.49994,0.499887,0.499795,0.49964,0.499386,0.498985,0.498375,0.497474,0.49619,0.49442,0.492058,0.489012,0.485209,0.48062,0.475262,0.469217,0.462628,0.455703,0.448699,0.441909,0.435642,0.430199,0.425851,0.42282,0.421264,0.421264,0.42282,0.425851,0.430199,0.435642,0.441909,0.448699,0.455703,0.462628,0.469217,0.475262,0.48062,0.485209,0.489012,0.492058,0.49442,0.49619,0.497474,0.498375,0.498985,0.499386,0.49964,0.499795,0.499887,0.49994,0.499969,0.499984,0.499992,0.499996,0.499998,0.499999,0.499999
0.499999,0.499999,0.499999,0.499998,0.499995,0.49999,0.499981,0.499963,0.49993,0.499872,0.499773,0.499612,0.499355,0.49896,0.498375,0.497533,0.496365,0.494794,0.492753,0.490185,0.487062,0.483387,0.479209,0.474622,0.469766,0.464821,0.459999,0.455523,0.451617,0.448486,0.446297,0.445171,0.445171,0.446297,0.448486,0.451617,0.455523,0.459999,0.464821,0.469766,0.474622,0.479209,0.483387,0.487062,0.490185,0.492753,0.494794,0.496365,0.497533,0.498375,0.49896,0.499355,0.499612,0.499773,0.499872,0.49993,0.499963,0.499981,0.49999,0.499995,0.499998,0.499999,0.499999,0.499999
0.5,0.5,0.499999,0.499999,0.499997,0.499994,0.499989,0.499978,0.499958,0.499922,0.499862,0.499762,0.499602,0.499355,0.498985,0.498451,0.497703,0.496691,0.495366,0.493687,0.491629,0.489191,0.486399,0.483312,0.480023,0.476653,0.473348,0.470266,0.467565,0.465391,0.463868,0.463083,0.463083,0.463868,0.465391,0.467565,0.470266,0.473348,0.476653,0.480023,0.483312,0.486399,0.489191,0.491629,0.493687,0.495366,0.496691,0.497703,0.498451,0.498985,0.499355,0.499602,0.499762,0.499862,0.499922,0.499958,0.499978,0.499989,0.499994,0.499997,0.499999,0.499999,0.5,0.5
0.5,0.5,0.5,0.499999,0.499998,0.499997,0.499993,0.499987,0.499975,0.499954,0.499918,0.499858,0.499762,0.499612,0.499386,0.499057,0.498593,0.497962,0.497128,0.496066,0.494754,0.493189,0.491385,0.489378,0.487227,0.485011,0.482825,0.480778,0.478977,0.477523,0.476502,0.475976,0.475976,0.476502,0.477523,0.478977,0.480778,0.482825,0.485011,0.487227,0.489378,0.491385,0.493189,0.494754,0.496066,0.497128,0.497962,0.498593,0.499057,0.499386,0.499612,0.499762,0.499858,0.499918,0.499954,0.499975,0.499987,0.499993,0.499997,0.499998,0.499999,0.5,0.5,0.5
0.5,0.5,0.5,0.5,0.499999,0.499998,0.499996,0.499993,0.499986,0.499974,0.499953,0.499918,0.499862,0.499773,0.49964,0.499443,0.499165,0.498783,0.498276,0.497625,0.496817,0.495846,0.49472,0.493459,0.4921,0.490693,0.489299,0.487988,0.48683,0.485893,0.485233,0.484893,0.484893,0.485233,0.485893,0.48683,0.487988,0.489299,0.490693,0.4921,0.493459,0.49472,0.495846,0.496817,0.497625,0.498276,0.498783,0.499165,0.499443,0.49964,0.499773,0.499862,0.499918,0.499953,0.499974,0.499986,0.499993,0.499996,0.499998,0.499999,0.5,0.5,0.5,0.5
0.5,0.5,0.5,0.5,0.5,0.499999,0.499998,0.499996,0.499992,0.499986,0.499974,0.499954,0.499922,0.499872,0.499795,0.499682,0.49952,0.499297,0.498998,0.498612,0.49813,0.497548,0.496869,0.496104,0.495275,0.494413,0.493555,0.492745,0.492027,0.491445,0.491035,0.490822,0.490822,0.491035,0.491445,0.492027,0.492745,0.493555,0.494413,0.495275,0.496104,0.496869,0.497548,0.49813,0.498612,0.498998,0.499297,0.49952,0.499682,0.499795,0.499872,0.499922,0.499954,0.499974,0.499986,0.499992,0.499996,0.499998,0.499999,0.5,0.5,0.5,0.5,0.5
0.5,0.5,0.5,0.5,0.5,0.499999,0.499999,0.499998,0.499996,0.499992,0.499986,0.499975,0.499958,0.49993,0.499887,0.499824,0.499733,0.499606,0.499436,0.499215,0.498937,0.4986,0.498204,0.497756,0.497268,0.496758,0.496249,0.495766,0.495337,0.494989,0.494742,0.494615,0.494615,0.494742,0.494989,0.495337,0.495766,0.496249,0.496758,0.497268,0.497756,0.498204,0.4986,0.498937,0.499215,0.499436,0.499606,0.499733,0.499824,0.499887,0.49993,0.499958,0.499975,0.499986,0.499992,0.499996,0.499998,0.499999,0.499999,0.5,0.5,0.5,0.5,0.5
0.5,0.5,0.5,0.5,0.5,0.5,0.499999,0.499999,0.499998,0.499996,0.499993,0.499987,0.499978,0.499963,0.49994,0.499905,0.499856,0.499787,0.499693,0.499571,0.499416,0.499227,0.499004,0.49875,0.498473,0.498182,0.49789,0.497613,0.497366,0.497164,0.497022,0.496948,0.496948,0.497022,0.497164,0.497366,0.497613,0.49789,0.498182,0.498473,0.49875,0.499004,0.499227,0.499416,0.499571,0.499693,0.499787,0.499856,0.499905,0.49994,0.499963,0.499978,0.499987,0.499993,0.499996,0.499998,0.499999,0.499999,0.5,0.5,0.5,0.5,0.5,0.5
0.5,0.5,0.5,0.5,0.5,0.5,0.5,0.499999,0.499999,0.499998,0.499996,0.499993,0.499989,0.499981,0.499969,0.499951,0.499925,0.499888,0.499838,0.499773,0.499689,0.499587,0.499466,0.499327,0.499175,0.499015,0.498854,0.4987,0.498563,0.49845,0.498371,0.49833,0.49833,0.498371,0.49845,0.498563,0.4987,0.498854,0.499015,0.499175,0.499327,0.499466,0.499587,0.499689,0.499773,0.499838,0.499888,0.499925,0.499951,0.499969,0.499981,0.499989,0.499993,0.499996,0.499998,0.499999,0.499999,0.5,0.5,0.5,0.5,0.5,0.5,0.5
0.5,0.5,0.5,0.5,0.5,0.5,0.5,0.5,0.499999,0.499999,0.499998,0.499997,0.499994,0.49999,0.499984,0.499975,0.499962,0.499943,0.499918,0.499884,0.49984,0.499787,0.499723,0.49965,0.499569,0.499484,0.499398,0.499316,0.499242,0.499182,0.499139,0.499117,0.499117,0.499139,0.499182,0.499242,0.499316,0.499398,0.499484,0.499569,0.49965,0.499723,0.499787,0.49984,0.499884,0.499918,0.499943,0.499962,0.499975,0.499984,0.49999,0.499994,0.499997,0.499998,0.499999,0.499999,0.5,0.5,0.5,0.5,0.5,0.5,0.5,0.5
0.5,0.5,0.5,0.5,0.5,0.5,0.5,0.5,0.5,0.5,0.499999,0.499998,0.499997,0.499995,0.499992,0.499988,0.499981,0.499972,0.499959,0.499942,0.49992,0.499893,0.499861,0.499824,0.499782,0.499738,0.499694,0.499651,0.499613,0.499582,0.49956,0.499548,0.499548,0.49956,0.499582,0.499613,0.499651,0.499694,0.499738,0.499782,0.499824,0.499861,0.499893,0.49992,0.499942,0.499959,0.499972,0.499981,0.499988,0.499992,0.499995,0.499997,0.499998,0.499999,0.5,0.5,0.5,0.5,0.5,0.5,0.5,0.5,0.5,0.5
0.5,0.5,0.5,0.5,0.5,0.5,0.5,0.5,0.5,0.5,0.5,0.499999,0.499999,0.499998,0.499996,0.499994,0.499991,0.499987,0.49998,0.499972,0.499961,0.499948,0.499932,0.499913,0.499893,0.499871,0.499848,0.499827,0.499807,0.499792,0.49978,0.499774,0.499774,0.49978,0.499792,0.499807,0.499827,0.499848,0.499871,0.499893,0.499913,0.499932,0.499948,0.499961,0.499972,0.49998,0.499987,0.499991,0.499994,0.499996,0.499998,0.499999,0.499999,0.5,0.5,0.5,0.5,0.5,0.5,0.5,0.5,0.5,0.5,0.5
0.5,0.5,0.5,0.5,0.5,0.5,0.5,0.5,0.5,0.5,0.5,0.5,0.499999,0.499999,0.499998,0.499997,0.499996,0.499993,0.49999,0.499986,0.499981,0.499974,0.499966,0.499957,0.499946,0.499935,0.499923,0.499912,0.499902,0.499894,0.499888,0.499885,0.499885,0.499888,0.499894,0.499902,0.499912,0.499923,0.499935,0.499946,0.499957,0.499966,0.499974,0.499981,0.499986,0.49999,0.499993,0.499996,0.499997,0.499998,0.499999,0.499999,0.5,0.5,0.5,0.5,0.5,0.5,0.5,0.5,0.5,0.5,0.5,0.5
0.5,0.5,0.5,0.5,0.5,0.5,0.5,0.5,0.5,0.5,0.5,0.5,0.5,0.499999,0.499999,0.499998,0.499997,0.499996,0.499994,0.499992,0.499989,0.499985,0.49998,0.499974,0.499967,0.499961,0.499954,0.499947,0.499941,0.499936,0.499932,0.49993,0.49993,0.499932,0.499936,0.499941,0.499947,0.499954,0.499961,0.499967,0.499974,0.49998,0.499985,0.499989,0.499992,0.499994,0.499996,0.499997,0.499998,0.499999,0.499999,0.5,0.5,0.5,0.5,0.5,0.5,0.5,0.5,0.5,0.5,0.5,0.5,0.5
0.5,0.5,0.5,0.5,0.5,0.5,0.5,0.5,0.5,0.5,0.5,0.5,0.5,0.499999,0.499999,0.499998,0.499997,0.499996,0.499994,0.499992,0.499989,0.499985,0.49998,0.499974,0.499967,0.499961,0.499954,0.499947,0.499941,0.499936,0.499932,0.49993,0.49993,0.499932,0.499936,0.499941,0.499947,0.499954,0.499961,0.499967,0.499974,0.49998,0.499985,0.499989,0.499992,0.499994,0.499996,0.499997,0.499998,0.499999,0.499999,0.5,0.5,0.5,0.5,0.5,0.5,0.5,0.5,0.5,0.5,0.5,0.5,0.5
