0.5,0.5,0.5,0.5,0.5,0.5,0.5,0.5,0.5,0.5,0.5,0.5,0.5,0.5,0.5,0.5,0.5,0.5,0.499999,0.499999,0.499998,0.499998,0.499997,0.499996,0.499995,0.499994,0.499993,0.499992,0.499991,0.49999,0.499989,0.499989,0.499989,0.499989,0.49999,0.499991,0.499992,0.499993,0.499994,0.499995,0.499996,0.499997,0.499998,0.499998,0.499999,0.499999,0.5,0.5,0.5,0.5,0.5,0.5,0.5,0.5,0.5,0.5,0.5,0.5,0.5,0.5,0.5,0.5,0.5,0.5
0.5,0.5,0.5,0.5,0.5,0.5,0.5,0.5,0.5,0.5,0.5,0.5,0.5,0.5,0.5,0.5,0.5,0.5,0.499999,0.499999,0.499998,0.499998,0.499997,0.499996,0.499995,0.499994,0.499993,0.499992,0.499991,0.49999,0.499989,0.499989,0.499989,0.499989,0.49999,0.499991,0.499992,0.499993,0.499994,0.499995,0.499996,0.499997,0.499998,0.499998,0.499999,0.499999,0.5,0.5,0.5,0.5,0.5,0.5,0.5,0.5,0.5,0.5,0.5,0.5,0.5,0.5,0.5,0.5,0.5,0.5
0.5,0.5,0.5,0.5,0.5,0.5,0.5,0.5,0.5,0.5,0.5,0.5,0.5,0.5,0.5,0.5,0.499999,0.499999,0.499999,0.499998,0.499997,0.499996,0.499995,0.499993,0.499991,0.499989,0.499987,0.499985,0.499983,0.499982,0.499981,0.49998,0.49998,0.499981,0.499982,0.499983,0.499985,0.499987,0.499989,0.499991,0.499993,0.499995,0.499996,0.499997,0.499998,0.499999,0.499999,0.499999,0.5,0.5,0.5,0.5,0.5,0.5,0.5,0.5,0.5,0.5,0.5,0.5,0.5,0.5,0.5,0.5
0.5,0.5,0.5,0.5,0.5,0.5,0.5,0.5,0.5,0.5,0.5,0.5,0.5,0.5,0.5,0.499999,0.499999,0.499998,0.499997,0.499996,0.499994,0.499992,0.499989,0.499985,0.499981,0.499977,0.499972,0.499968,0.499964,0.499961,0.499958,0.499957,0.499957,0.499958,0.499961,0.499964,0.499968,0.499972,0.499977,0.499981,0.499985,0.499989,0.499992,0.499994,0.499996,0.499997,0.499998,0.499999,0.499999,0.5,0.5,0.5,0.5,0.5,0.5,0.5,0.5,0.5,0.5,0.5,0.5,0.5,0.5,0.5
0.5,0.5,0.5,0.5,0.5,0.5,0.5,0.5,0.5,0.5,0.5,0.5,0.5,0.499999,0.499999,0.499998,0.499997,0.499996,0.499993,0.49999,0.499986,0.499981,0.499975,0.499967,0.499958,0.499949,0.499939,0.49993,0.499921,0.499914,0.499909,0.499906,0.499906,0.499909,0.499914,0.499921,0.49993,0.499939,0.499949,0.499958,0.499967,0.499975,0.499981,0.499986,0.49999,0.499993,0.499996,0.499997,0.499998,0.499999,0.499999,0.5,0.5,0.5,0.5,0.5,0.5,0.5,0.5,0.5,0.5,0.5,0.5,0.5
0.5,0.5,0.5,0.5,0.5,0.5,0.5,0.5,0.5,0.5,0.5,0.5,0.499999,0.499999,0.499998,0.499996,0.499994,0.499991,0.499986,0.499979,0.49997,0.499959,0.499945,0.499929,0.499911,0.499891,0.49987,0.49985,0.499832,0.499817,0.499806,0.4998,0.4998,0.499806,0.499817,0.499832,0.49985,0.49987,0.499891,0.499911,0.499929,0.499945,0.499959,0.49997,0.499979,0.499986,0.499991,0.499994,0.499996,0.499998,0.499999,0.499999,0.5,0.5,0.5,0.5,0.5,0.5,0.5,0.5,0.5,0.5,0.5,0.5
0.5,0.5,0.5,0.5,0.5,0.5,0.5,0.5,0.5,0.5,0.5,0.499999,0.499998,0.499997,0.499995,0.499992,0.499987,0.49998,0.49997,0.499956,0.499938,0.499915,0.499886,0.499853,0.499815,0.499774,0.499732,0.499691,0.499654,0.499623,0.499601,0.49959,0.49959,0.499601,0.499623,0.499654,0.499691,0.499732,0.499774,0.499815,0.499853,0.499886,0.499915,0.499938,0.499956,0.49997,0.49998,0.499987,0.499992,0.499995,0.499997,0.499998,0.499999,0.5,0.5,0.5,0.5,0.5,0.5,0.5,0.5,0.5,0.5,0.5
0.5,0.5,0.5,0.5,0.5,0.5,0.5,0.5,0.5,0.499999,0.499999,0.499998,0.499997,0.499994,0.49999,0.499983,0.499974,0.499959,0.499939,0.499911,0.499874,0.499828,0.499771,0.499704,0.499629,0.499548,0.499465,0.499385,0.499312,0.499252,0.499209,0.499187,0.499187,0.499209,0.499252,0.499312,0.499385,0.499465,0.499548,0.499629,0.499704,0.499771,0.499828,0.499874,0.499911,0.499939,0.499959,0.499974,0.499983,0.49999,0.499994,0.499997,0.499998,0.499999,0.499999,0.5,0.5,0.5,0.5,0.5,0.5,0.5,0.5,0.5
0.5,0.5,0.5,0.5,0.5,0.5,0.5,0.5,0.499999,0.499999,0.499998,0.499996,0.499993,0.499988,0.49998,0.499967,0.499948,0.499919,0.499879,0.499825,0.499754,0.499664,0.499555,0.499427,0.499283,0.499129,0.498971,0.498818,0.49868,0.498566,0.498485,0.498443,0.498443,0.498485,0.498566,0.49868,0.498818,0.498971,0.499129,0.499283,0.499427,0.499555,0.499664,0.499754,0.499825,0.499879,0.499919,0.499948,0.499967,0.49998,0.499988,0.499993,0.499996,0.499998,0.499999,0.499999,0.5,0.5,0.5,0.5,0.5,0.5,0.5,0.5
0.5,0.5,0.5,0.5,0.5,0.5,0.5,0.499999,0.499999,0.499998,0.499996,0.499993,0.499987,0.499977,0.499961,0.499936,0.499899,0.499845,0.49977,0.499667,0.499534,0.499366,0.499163,0.498926,0.49866,0.498377,0.498087,0.497807,0.497555,0.497348,0.4972,0.497123,0.497123,0.4972,0.497348,0.497555,0.497807,0.498087,0.498377,0.49866,0.498926,0.499163,0.499366,0.499534,0.499667,0.49977,0.499845,0.499899,0.499936,0.499961,0.499977,0.499987,0.499993,0.499996,0.499998,0.499999,0.499999,0.5,0.5,0.5,0.5,0.5,0.5,0.5
0.5,0.5,0.5,0.5,0.5,0.5,0.5,0.499999,0.499998,0.499996,0.499992,0.499986,0.499975,0.499956,0.499927,0.499881,0.499812,0.499713,0.499575,0.499389,0.499147,0.498844,0.498479,0.498055,0.497582,0.497078,0.496565,0.496071,0.495627,0.495262,0.495003,0.494868,0.494868,0.495003,0.495262,0.495627,0.496071,0.496565,0.497078,0.497582,0.498055,0.498479,0.498844,0.499147,0.499389,0.499575,0.499713,0.499812,0.499881,0.499927,0.499956,0.499975,0.499986,0.499992,0.499996,0.499998,0.499999,0.5,0.5,0.5,0.5,0.5,0.5,0.5
0.5,0.5,0.5,0.5,0.5,0.5,0.499999,0.499998,0.499996,0.499993,0.499986,0.499974,0.499954,0.49992,0.499867,0.499785,0.499662,0.499486,0.499242,0.498914,0.498491,0.497963,0.497329,0.496596,0.495783,0.494918,0.494042,0.493202,0.492447,0.491829,0.491389,0.491161,0.491161,0.491389,0.491829,0.492447,0.493202,0.494042,0.494918,0.495783,0.496596,0.497329,0.497963,0.498491,0.498914,0.499242,0.499486,0.499662,0.499785,0.499867,0.49992,0.499954,0.499974,0.499986,0.499993,0.499996,0.499998,0.499999,0.5,0.5,0.5,0.5,0.5,0.5
0.5,0.5,0.5,0.5,0.5,0.499999,0.499998,0.499997,0.499993,0.499987,0.499975,0.499954,0.499918,0.49986,0.499766,0.499623,0.499412,0.499109,0.498691,0.498134,0.497417,0.496528,0.495465,0.494243,0.492892,0.491461,0.490017,0.488636,0.487399,0.486388,0.485671,0.485299,0.485299,0.485671,0.486388,0.487399,0.488636,0.490017,0.491461,0.492892,0.494243,0.495465,0.496528,0.497417,0.498134,0.498691,0.499109,0.499412,0.499623,0.499766,0.49986,0.499918,0.499954,0.499975,0.499987,0.499993,0.499997,0.499998,0.499999,0.5,0.5,0.5,0.5,0.5
0.5,0.5,0.5,0.5,0.499999,0.499999,0.499997,0.499994,0.499988,0.499977,0.499956,0.49992,0.49986,0.49976,0.499602,0.499362,0.499008,0.498504,0.497813,0.496896,0.495723,0.494276,0.492555,0.490584,0.488417,0.486132,0.483834,0.481644,0.47969,0.478095,0.476966,0.476381,0.476381,0.476966,0.478095,0.47969,0.481644,0.483834,0.486132,0.488417,0.490584,0.492555,0.494276,0.495723,0.496896,0.497813,0.498504,0.499008,0.499362,0.499602,0.49976,0.49986,0.49992,0.499956,0.499977,0.499988,0.499994,0.499997,0.499999,0.499999,0.5,0.5,0.5,0.5
0.5,0.5,0.5,0.5,0.499999,0.499998,0.499995,0.49999,0.49998,0.499961,0.499927,0.499867,0.499766,0.499602,0.499345,0.498954,0.49838,0.49757,0.496463,0.495003,0.493147,0.490868,0.488174,0.485106,0.481747,0.478224,0.474695,0.471344,0.468364,0.465939,0.464225,0.463338,0.463338,0.464225,0.465939,0.468364,0.471344,0.474695,0.478224,0.481747,0.485106,0.488174,0.490868,0.493147,0.495003,0.496463,0.49757,0.49838,0.498954,0.499345,0.499602,0.499766,0.499867,0.499927,0.499961,0.49998,0.49999,0.499995,0.499998,0.499999,0.5,0.5,0.5,0.5
0.5,0.5,0.5,0.499999,0.499998,0.499996,0.499992,0.499983,0.499967,0.499936,0.499881,0.499785,0.499623,0.499362,0.498954,0.498337,0.497439,0.496175,0.49446,0.492211,0.489368,0.485899,0.481821,0.477202,0.472175,0.466926,0.461694,0.456747,0.452362,0.448804,0.446296,0.444999,0.444999,0.446296,0.448804,0.452362,0.456747,0.461694,0.466926,0.472175,0.477202,0.481821,0.485899,0.489368,0.492211,0.49446,0.496175,0.497439,0.498337,0.498954,0.499362,0.499623,0.499785,0.499881,0.499936,0.499967,0.499983,0.499992,0.499996,0.499998,0.499999,0.5,0.5,0.5
0.5,0.5,0.499999,0.499999,0.499997,0.499994,0.499987,0.499974,0.499948,0.499899,0.499812,0.499662,0.499412,0.499008,0.49838,0.497439,0.496074,0.494167,0.491592,0.488238,0.484024,0.478914,0.472942,0.466221,0.458945,0.451392,0.443901,0.436849,0.430624,0.425588,0.422046,0.420218,0.420218,0.422046,0.425588,0.430624,0.436849,0.443901,0.451392,0.458945,0.466221,0.472942,0.478914,0.484024,0.488238,0.491592,0.494167,0.496074,0.497439,0.49838,0.499008,0.499412,0.499662,0.499812,0.499899,0.499948,0.499974,0.499987,0.499994,0.499997,0.499999,0.499999,0.5,0.5
0.5,0.5,0.499999,0.499998,0.499996,0.499991,0.49998,0.499959,0.499919,0.499845,0.499713,0.499486,0.499109,0.498504,0.49757,0.496175,0.494167,0.491375,0.487631,0.482786,0.476735,0.469447,0.460985,0.451522,0.441343,0.430837,0.420474,0.410769,0.402238,0.395361,0.390536,0.38805,0.38805,0.390536,0.395361,0.402238,0.410769,0.420474,0.430837,0.441343,0.451522,0.460985,0.469447,0.476735,0.482786,0.487631,0.491375,0.494167,0.496175,0.49757,0.498504,0.499109,0.499486,0.499713,0.499845,0.499919,0.499959,0.49998,0.499991,0.499996,0.499998,0.499999,0.5,0.5
0.499999,0.499999,0.499999,0.499997,0.499993,0.499986,0.49997,0.499939,0.499879,0.49977,0.499575,0.499242,0.498691,0.497813,0.496463,0.49446,0.491592,0.487631,0.482353,0.475567,0.46715,0.457081,0.44547,0.432573,0.418793,0.404664,0.39081,0.377906,0.366618,0.357554,0.351213,0.347951,0.347951,0.351213,0.357554,0.366618,0.377906,0.39081,0.404664,0.418793,0.432573,0.44547,0.457081,0.46715,0.475567,0.482353,0.487631,0.491592,0.49446,0.496463,0.497813,0.498691,0.499242,0.499575,0.49977,0.499879,0.499939,0.49997,0.499986,0.499993,0.499997,0.499999,0.499999,0.499999
0.499999,0.499999,0.499998,0.499996,0.49999,0.499979,0.499956,0.499911,0.499825,0.499667,0.499389,0.498914,0.498134,0.496896,0.495003,0.492211,0.488238,0.482786,0.475567,0.466348,0.454994,0.441508,0.426069,0.409046,0.390987,0.372599,0.354689,0.338107,0.323679,0.312144,0.304102,0.299972,0.299972,0.304102,0.312144,0.323679,0.338107,0.354689,0.372599,0.390987,0.409046,0.426069,0.441508,0.454994,0.466348,0.475567,0.482786,0.488238,0.492211,0.495003,0.496896,0.498134,0.498914,0.499389,0.499667,0.499825,0.499911,0.499956,0.499979,0.49999,0.499996,0.499998,0.499999,0.499999
0.499998,0.499998,0.499997,0.499994,0.499986,0.49997,0.499938,0.499874,0.499754,0.499534,0.499147,0.498491,0.497417,0.495723,0.493147,0.489368,0.484024,0.476735,0.46715,0.454994,0.440129,0.422605,0.402697,0.380913,0.357984,0.334812,0.312404,0.291797,0.273973,0.259793,0.249942,0.244896,0.244896,0.249942,0.259793,0.273973,0.291797,0.312404,0.334812,0.357984,0.380913,0.402697,0.422605,0.440129,0.454994,0.46715,0.476735,0.484024,0.489368,0.493147,0.495723,0.497417,0.498491,0.499147,0.499534,0.499754,0.499874,0.499938,0.49997,0.499986,0.499994,0.499997,0.499998,0.499998
0.499998,0.499998,0.499996,0.499992,0.499981,0.499959,0.499915,0.499828,0.499664,0.499366,0.498844,0.497963,0.496528,0.494276,0.490868,0.485899,0.478914,0.469447,0.457081,0.441508,0.422605,0.400493,0.37557,0.348523,0.320286,0.291982,0.264828,0.24004,0.21874,0.201889,0.190233,0.184277,0.184277,0.190233,0.201889,0.21874,0.24004,0.264828,0.291982,0.320286,0.348523,0.37557,0.400493,0.422605,0.441508,0.457081,0.469447,0.478914,0.485899,0.490868,0.494276,0.496528,0.497963,0.498844,0.499366,0.499664,0.499828,0.499915,0.499959,0.499981,0.499992,0.499996,0.499998,0.499998
0.499997,0.499997,0.499995,0.499989,0.499975,0.499945,0.499886,0.499771,0.499555,0.499163,0.498479,0.497329,0.495465,0.492555,0.488174,0.481821,0.472942,0.460985,0.44547,0.426069,0.402697,0.37557,0.345248,0.312621,0.278856,0.245306,0.213395,0.184501,0.159856,0.14048,0.12714,0.120345,0.120345,0.12714,0.14048,0.159856,0.184501,0.213395,0.245306,0.278856,0.312621,0.345248,0.37557,0.402697,0.426069,0.44547,0.460985,0.472942,0.481821,0.488174,0.492555,0.495465,0.497329,0.498479,0.499163,0.499555,0.499771,0.499886,0.499945,0.499975,0.499989,0.499995,0.499997,0.499997
0.499996,0.499996,0.499993,0.499985,0.499967,0.499929,0.499853,0.499704,0.499427,0.498926,0.498055,0.496596,0.494243,0.490584,0.485106,0.477202,0.466221,0.451522,0.432573,0.409046,0.380913,0.348523,0.312621,0.274331,0.235067,0.196418,0.159996,0.127311,0.0996601,0.0780734,0.0632927,0.0557894,0.0557894,0.0632927,0.0780734,0.0996601,0.127311,0.159996,0.196418,0.235067,0.274331,0.312621,0.348523,0.380913,0.409046,0.432573,0.451522,0.466221,0.477202,0.485106,0.490584,0.494243,0.496596,0.498055,0.498926,0.499427,0.499704,0.499853,0.499929,0.499967,0.499985,0.499993,0.499996,0.499996
0.499995,0.499995,0.499991,0.499981,0.499958,0.499911,0.499815,0.499629,0.499283,0.49866,0.497582,0.495783,0.492892,0.488417,0.481747,0.472175,0.458945,0.441343,0.418793,0.390987,0.357984,0.320286,0.278856,0.235067,0.190591,0.147238,0.106788,0.0708387,0.0407008,0.0173566,0.00147074,-0.00656203,-0.00656203,0.00147074,0.0173566,0.0407008,0.0708387,0.106788,0.147238,0.190591,0.235067,0.278856,0.320286,0.357984,0.390987,0.418793,0.441343,0.458945,0.472175,0.481747,0.488417,0.492892,0.495783,0.497582,0.49866,0.499283,0.499629,0.499815,0.499911,0.499958,0.499981,0.499991,0.499995,0.499995
0.499994,0.499994,0.499989,0.499977,0.499949,0.499891,0.499774,0.499548,0.499129,0.498377,0.497078,0.494918,0.491461,0.486132,0.478224,0.466926,0.451392,0.430837,0.404664,0.372599,0.334812,0.291982,0.245306,0.196418,0.147238,0.0997851,0.0559683,0.0174282,-0.0145651,-0.0391318,-0.0557347,-0.0640928,-0.0640928,-0.0557347,-0.0391318,-0.0145651,0.0174282,0.0559683,0.0997851,0.147238,0.196418,0.245306,0.291982,0.334812,0.372599,0.404664,0.430837,0.451392,0.466926,0.478224,0.486132,0.491461,0.494918,0.497078,0.498377,0.499129,0.499548,0.499774,0.499891,0.499949,0.499977,0.499989,0.499994,0.499994
0.499993,0.499993,0.499987,0.499972,0.499939,0.49987,0.499732,0.499465,0.498971,0.498087,0.496565,0.494042,0.490017,0.483834,0.474695,0.461694,0.443901,0.420474,0.39081,0.354689,0.312404,0.264828,0.213395,0.159996,0.106788,0.0559683,0.0095402,-0.0308581,-0.0640456,-0.0892907,-0.106224,-0.114706,-0.114706,-0.106224,-0.0892907,-0.0640456,-0.0308581,0.0095402,0.0559683,0.106788,0.159996,0.213395,0.264828,0.312404,0.354689,0.39081,0.420474,0.443901,0.461694,0.474695,0.483834,0.490017,0.494042,0.496565,0.498087,0.498971,0.499465,0.499732,0.49987,0.499939,0.499972,0.499987,0.499993,0.499993
0.499992,0.499992,0.499985,0.499968,0.49993,0.49985,0.499691,0.499385,0.498818,0.497807,0.496071,0.493202,0.488636,0.481644,0.471344,0.456747,0.436849,0.410769,0.377906,0.338107,0.291797,0.24004,0.184501,0.127311,0.0708387,0.0174282,-0.0308581,-0.0724209,-0.106202,-0.131649,-0.148581,-0.157018,-0.157018,-0.148581,-0.131649,-0.106202,-0.0724209,-0.0308581,0.0174282,0.0708387,0.127311,0.184501,0.24004,0.291797,0.338107,0.377906,0.410769,0.436849,0.456747,0.471344,0.481644,0.488636,0.493202,0.496071,0.497807,0.498818,0.499385,0.499691,0.49985,0.49993,0.499968,0.499985,0.499992,0.499992
0.499991,0.499991,0.499983,0.499964,0.499921,0.499832,0.499654,0.499312,0.49868,0.497555,0.495627,0.492447,0.487399,0.47969,0.468364,0.452362,0.430624,0.402238,0.366618,0.323679,0.273973,0.21874,0.159856,0.0996601,0.0407008,-0.0145651,-0.0640456,-0.106202,-0.140116,-0.165416,-0.182117,-0.190394,-0.190394,-0.182117,-0.165416,-0.140116,-0.106202,-0.0640456,-0.0145651,0.0407008,0.0996601,0.159856,0.21874,0.273973,0.323679,0.366618,0.402238,0.430624,0.452362,0.468364,0.47969,0.487399,0.492447,0.495627,0.497555,0.49868,0.499312,0.499654,0.499832,0.499921,0.499964,0.499983,0.499991,0.499991
0.49999,0.49999,0.499982,0.499961,0.499914,0.499817,0.499623,0.499252,0.498566,0.497348,0.495262,0.491829,0.486388,0.478095,0.465939,0.448804,0.425588,0.395361,0.357554,0.312144,0.259793,0.201889,0.14048,0.0780734,0.0173566,-0.0391318,-0.0892907,-0.131649,-0.165416,-0.190392,-0.206757,-0.214829,-0.214829,-0.206757,-0.190392,-0.165416,-0.131649,-0.0892907,-0.0391318,0.0173566,0.0780734,0.14048,0.201889,0.259793,0.312144,0.357554,0.395361,0.425588,0.448804,0.465939,0.478095,0.486388,0.491829,0.495262,0.497348,0.498566,0.499252,0.499623,0.499817,0.499914,0.499961,0.499982,0.49999,0.49999
0.499989,0.499989,0.499981,0.499958,0.499909,0.499806,0.499601,0.499209,0.498485,0.4972,0.495003,0.491389,0.485671,0.476966,0.464225,0.446296,0.422046,0.390536,0.351213,0.304102,0.249942,0.190233,0.12714,0.0632927,0.00147074,-0.0557347,-0.106224,-0.148581,-0.182117,-0.206757,-0.222813,-0.2307,-0.2307,-0.222813,-0.206757,-0.182117,-0.148581,-0.106224,-0.0557347,0.00147074,0.0632927,0.12714,0.190233,0.249942,0.304102,0.351213,0.390536,0.422046,0.446296,0.464225,0.476966,0.485671,0.491389,0.495003,0.4972,0.498485,0.499209,0.499601,0.499806,0.499909,0.499958,0.499981,0.499989,0.499989
0.499989,0.499989,0.49998,0.499957,0.499906,0.4998,0.49959,0.499187,0.498443,0.497123,0.494868,0.491161,0.485299,0.476381,0.463338,0.444999,0.420218,0.38805,0.347951,0.299972,0.244896,0.184277,0.120345,0.0557894,-0.00656203,-0.0640928,-0.114706,-0.157018,-0.190394,-0.214829,-0.2307,-0.23848,-0.23848,-0.2307,-0.214829,-0.190394,-0.157018,-0.114706,-0.0640928,-0.00656203,0.0557894,0.120345,0.184277,0.244896,0.299972,0.347951,0.38805,0.420218,0.444999,0.463338,0.476381,0.485299,0.491161,0.494868,0.497123,0.498443,0.499187,0.49959,0.4998,0.499906,0.499957,0.49998,0.499989,0.499989
0.499989,0.499989,0.49998,0.499957,0.499906,0.4998,0.49959,0.499187,0.498443,0.497123,0.494868,0.491161,0.485299,0.476381,0.463338,0.444999,0.420218,0.38805,0.347951,0.299972,0.244896,0.184277,0.120345,0.0557894,-0.00656203,-0.0640928,-0.114706,-0.157018,-0.190394,-0.214829,-0.2307,-0.23848,-0.23848,-0.2307,-0.214829,-0.190394,-0.157018,-0.114706,-0.0640928,-0.00656203,0.0557894,0.120345,0.184277,0.244896,0.299972,0.347951,0.38805,0.420218,0.444999,0.463338,0.476381,0.485299,0.491161,0.494868,0.497123,0.498443,0.499187,0.49959,0.4998,0.499906,0.499957,0.49998,0.499989,0.499989
0.499989,0.499989,0.499981,0.499958,0.499909,0.499806,0.499601,0.499209,0.498485,0.4972,0.495003,0.491389,0.485671,0.476966,0.464225,0.446296,0.422046,0.390536,0.351213,0.304102,0.249942,0.190233,0.12714,0.0632927,0.00147074,-0.0557347,-0.106224,-0.148581,-0.182117,-0.206757,-0.222813,-0.2307,-0.2307,-0.222813,-0.206757,-0.182117,-0.148581,-0.106224,-0.0557347,0.00147074,0.0632927,0.12714,0.190233,0.249942,0.304102,0.351213,0.390536,0.422046,0.446296,0.464225,0.476966,0.485671,0.491389,0.495003,0.4972,0.498485,0.499209,0.499601,0.499806,0.499909,0.499958,0.499981,0.499989,0.499989
0.49999,0.49999,0.499982,0.499961,0.499914,0.499817,0.499623,0.499252,0.498566,0.497348,0.495262,0.491829,0.486388,0.478095,0.465939,0.448804,0.425588,0.395361,0.357554,0.312144,0.259793,0.201889,0.14048,0.0780734,0.0173566,-0.0391318,-0.0892907,-0.131649,-0.165416,-0.190392,-0.206757,-0.214829,-0.214829,-0.206757,-0.190392,-0.165416,-0.131649,-0.0892907,-0.0391318,0.0173566,0.0780734,0.14048,0.201889,0.259793,0.312144,0.357554,0.395361,0.425588,0.448804,0.465939,0.478095,0.486388,0.491829,0.495262,0.497348,0.498566,0.499252,0.499623,0.499817,0.499914,0.499961,0.499982,0.49999,0.49999
0.499991,0.499991,0.499983,0.499964,0.499921,0.499832,0.499654,0.499312,0.49868,0.497555,0.495627,0.492447,0.487399,0.47969,0.468364,0.452362,0.430624,0.402238,0.366618,0.323679,0.273973,0.21874,0.159856,0.0996601,0.0407008,-0.0145651,-0.0640456,-0.106202,-0.140116,-0.165416,-0.182117,-0.190394,-0.190394,-0.182117,-0.165416,-0.140116,-0.106202,-0.0640456,-0.0145651,0.0407008,0.0996601,0.159856,0.21874,0.273973,0.323679,0.366618,0.402238,0.430624,0.452362,0.468364,0.47969,0.487399,0.492447,0.495627,0.497555,0.49868,0.499312,0.499654,0.499832,0.499921,0.499964,0.499983,0.499991,0.499991
0.499992,0.499992,0.499985,0.499968,0.49993,0.49985,0.499691,0.499385,0.498818,0.497807,0.496071,0.493202,0.488636,0.481644,0.471344,0.456747,0.436849,0.410769,0.377906,0.338107,0.291797,0.24004,0.184501,0.127311,0.0708387,0.0174282,-0.0308581,-0.0724209,-0.106202,-0.131649,-0.148581,-0.157018,-0.157018,-0.148581,-0.131649,-0.106202,-0.0724209,-0.0308581,0.0174282,0.0708387,0.127311,0.184501,0.24004,0.291797,0.338107,0.377906,0.410769,0.436849,0.456747,0.471344,0.481644,0.488636,0.493202,0.496071,0.497807,0.498818,0.499385,0.499691,0.49985,0.49993,0.499968,0.499985,0.499992,0.499992
0.499993,0.499993,0.499987,0.499972,0.499939,0.49987,0.499732,0.499465,0.498971,0.498087,0.496565,0.494042,0.490017,0.483834,0.474695,0.461694,0.443901,0.420474,0.39081,0.354689,0.312404,0.264828,0.213395,0.159996,0.106788,0.0559683,0.0095402,-0.0308581,-0.0640456,-0.0892907,-0.106224,-0.114706,-0.114706,-0.106224,-0.0892907,-0.0640456,-0.0308581,0.0095402,0.0559683,0.106788,0.159996,0.213395,0.264828,0.312404,0.354689,0.39081,0.420474,0.443901,0.461694,0.474695,0.483834,0.490017,0.494042,0.496565,0.498087,0.498971,0.499465,0.499732,0.49987,0.499939,0.499972,0.499987,0.499993,0.499993
0.499994,0.499994,0.499989,0.499977,0.499949,0.499891,0.499774,0.499548,0.499129,0.498377,0.497078,0.494918,0.491461,0.486132,0.478224,0.466926,0.451392,0.430837,0.404664,0.372599,0.334812,0.291982,0.245306,0.196418,0.147238,0.0997851,0.0559683,0.0174282,-0.0145651,-0.0391318,-0.0557347,-0.0640928,-0.0640928,-0.0557347,-0.0391318,-0.0145651,0.0174282,0.0559683,0.0997851,0.147238,0.196418,0.245306,0.291982,0.334812,0.372599,0.404664,0.430837,0.451392,0.466926,0.478224,0.486132,0.491461,0.494918,0.497078,0.498377,0.499129,0.499548,0.499774,0.499891,0.499949,0.499977,0.499989,0.499994,0.499994
0.499995,0.499995,0.499991,0.499981,0.499958,0.499911,0.499815,0.499629,0.499283,0.49866,0.497582,0.495783,0.492892,0.488417,0.481747,0.472175,0.458945,0.441343,0.418793,0.390987,0.357984,0.320286,0.278856,0.235067,0.190591,0.147238,0.106788,0.0708387,0.0407008,0.0173566,0.00147074,-0.00656203,-0.00656203,0.00147074,0.0173566,0.0407008,0.0708387,0.106788,0.147238,0.190591,0.235067,0.278856,0.320286,0.357984,0.390987,0.418793,0.441343,0.458945,0.472175,0.481747,0.488417,0.492892,0.495783,0.497582,0.49866,0.499283,0.499629,0.499815,0.499911,0.499958,0.499981,0.499991,0.499995,0.499995
0.499996,0.499996,0.499993,0.499985,0.499967,0.499929,0.499853,0.499704,0.499427,0.498926,0.498055,0.496596,0.494243,0.490584,0.485106,0.477202,0.466221,0.451522,0.432573,0.409046,0.380913,0.348523,0.312621,0.274331,0.235067,0.196418,0.159996,0.127311,0.0996601,0.0780734,0.0632927,0.0557894,0.0557894,0.0632927,0.0780734,0.0996601,0.127311,0.159996,0.196418,0.235067,0.274331,0.312621,0.348523,0.380913,0.409046,0.432573,0.451522,0.466221,0.477202,0.485106,0.490584,0.494243,0.496596,0.498055,0.498926,0.499427,0.499704,0.499853,0.499929,0.499967,0.499985,0.499993,0.499996,0.499996
0.499997,0.499997,0.499995,0.499989,0.499975,0.499945,0.499886,0.499771,0.499555,0.499163,0.498479,0.497329,0.495465,0.492555,0.488174,0.481821,0.472942,0.460985,0.44547,0.426069,0.402697,0.37557,0.345248,0.312621,0.278856,0.245306,0.213395,0.184501,0.159856,0.14048,0.12714,0.120345,0.120345,0.12714,0.14048,0.159856,0.184501,0.213395,0.245306,0.278856,0.312621,0.345248,0.37557,0.402697,0.426069,0.44547,0.460985,0.472942,0.481821,0.488174,0.492555,0.495465,0.497329,0.498479,0.499163,0.499555,0.499771,0.499886,0.499945,0.499975,0.499989,0.499995,0.499997,0.499997
0.499998,0.499998,0.499996,0.499992,0.499981,0.499959,0.499915,0.499828,0.499664,0.499366,0.498844,0.497963,0.496528,0.494276,0.490868,0.485899,0.478914,0.469447,0.457081,0.441508,0.422605,0.400493,0.37557,0.348523,0.320286,0.291982,0.264828,0.24004,0.21874,0.201889,0.190233,0.184277,0.184277,0.190233,0.201889,0.21874,0.24004,0.264828,0.291982,0.320286,0.348523,0.37557,0.400493,0.422605,0.441508,0.457081,0.469447,0.478914,0.485899,0.490868,0.494276,0.496528,0.497963,0.498844,0.499366,0.499664,0.499828,0.499915,0.499959,0.499981,0.499992,0.499996,0.499998,0.499998
0.499998,0.499998,0.499997,0.499994,0.499986,0.49997,0.499938,0.499874,0.499754,0.499534,0.499147,0.498491,0.497417,0.495723,0.493147,0.489368,0.484024,0.476735,0.46715,0.454994,0.440129,0.422605,0.402697,0.380913,0.357984,0.334812,0.312404,0.291797,0.273973,0.259793,0.249942,0.244896,0.244896,0.249942,0.259793,0.273973,0.291797,0.312404,0.334812,0.357984,0.380913,0.402697,0.422605,0.440129,0.454994,0.46715,0.476735,0.484024,0.489368,0.493147,0.495723,0.497417,0.498491,0.499147,0.499534,0.499754,0.499874,0.499938,0.49997,0.499986,0.499994,0.499997,0.499998,0.499998
0.499999,0.499999,0.499998,0.499996,0.49999,0.499979,0.499956,0.499911,0.499825,0.499667,0.499389,0.498914,0.498134,0.496896,0.495003,0.492211,0.488238,0.482786,0.475567,0.466348,0.454994,0.441508,0.426069,0.409046,0.390987,0.372599,0.354689,0.338107,0.323679,0.312144,0.304102,0.299972,0.299972,0.304102,0.312144,0.323679,0.338107,0.354689,0.372599,0.390987,0.409046,0.426069,0.441508,0.454994,0.466348,0.475567,0.482786,0.488238,0.492211,0.495003,0.496896,0.498134,0.498914,0.499389,0.499667,0.499825,0.499911,0.499956,0.499979,0.49999,0.499996,0.499998,0.499999,0.499999
0.499999,0.499999,0.499999,0.499997,0.499993,0.499986,0.49997,0.499939,0.499879,0.49977,0.499575,0.499242,0.498691,0.497813,0.496463,0.49446,0.491592,0.487631,0.482353,0.475567,0.46715,0.457081,0.44547,0.432573,0.418793,0.404664,0.39081,0.377906,0.366618,0.357554,0.351213,0.347951,0.347951,0.351213,0.357554,0.366618,0.377906,0.39081,0.404664,0.418793,0.432573,0.44547,0.457081,0.46715,0.475567,0.482353,0.487631,0.491592,0.49446,0.496463,0.497813,0.498691,0.499242,0.499575,0.49977,0.499879,0.499939,0.49997,0.499986,0.499993,0.499997,0.499999,0.499999,0.499999
0.5,0.5,0.499999,0.499998,0.499996,0.499991,0.49998,0.499959,0.499919,0.499845,0.499713,0.499486,0.499109,0.498504,0.49757,0.496175,0.494167,0.491375,0.487631,0.482786,0.476735,0.469447,0.460985,0.451522,0.441343,0.430837,0.420474,0.410769,0.402238,0.395361,0.390536,0.38805,0.38805,0.390536,0.395361,0.402238,0.410769,0.420474,0.430837,0.441343,0.451522,0.460985,0.469447,0.476735,0.482786,0.487631,0.491375,0.494167,0.496175,0.49757,0.498504,0.499109,0.499486,0.499713,0.499845,0.499919,0.499959,0.49998,0.499991,0.499996,0.499998,0.499999,0.5,0.5
0.5,0.5,0.499999,0.499999,0.499997,0.499994,0.499987,0.499974,0.499948,0.499899,0.499812,0.499662,0.499412,0.499008,0.49838,0.497439,0.496074,0.494167,0.491592,0.488238,0.484024,0.478914,0.472942,0.466221,0.458945,0.451392,0.443901,0.436849,0.430624,0.425588,0.422046,0.420218,0.420218,0.422046,0.425588,0.430624,0.436849,0.443901,0.451392,0.458945,0.466221,0.472942,0.478914,0.484024,0.488238,0.491592,0.494167,0.496074,0.497439,0.49838,0.499008,0.499412,0.499662,0.499812,0.499899,0.499948,0.499974,0.499987,0.499994,0.499997,0.499999,0.499999,0.5,0.5
0.5,0.5,0.5,0.499999,0.499998,0.499996,0.499992,0.499983,0.499967,0.499936,0.499881,0.499785,0.499623,0.499362,0.498954,0.498337,0.497439,0.496175,0.49446,0.492211,0.489368,0.485899,0.481821,0.477202,0.472175,0.466926,0.461694,0.456747,0.452362,0.448804,0.446296,0.444999,0.444999,0.446296,0.448804,0.452362,0.456747,0.461694,0.466926,0.472175,0.477202,0.481821,0.485899,0.489368,0.492211,0.49446,0.496175,0.497439,0.498337,0.498954,0.499362,0.499623,0.499785,0.499881,0.499936,0.499967,0.499983,0.499992,0.499996,0.499998,0.499999,0.5,0.5,0.5
0.5,0.5,0.5,0.5,0.499999,0.499998,0.499995,0.49999,0.49998,0.499961,0.499927,0.499867,0.499766,0.499602,0.499345,0.498954,0.49838,0.49757,0.496463,0.495003,0.493147,0.490868,0.488174,0.485106,0.481747,0.478224,0.474695,0.471344,0.468364,0.465939,0.464225,0.463338,0.463338,0.464225,0.465939,0.468364,0.471344,0.474695,0.478224,0.481747,0.485106,0.488174,0.490868,0.493147,0.495003,0.496463,0.49757,0.49838,0.498954,0.499345,0.499602,0.499766,0.499867,0.499927,0.499961,0.49998,0.49999,0.499995,0.499998,0.499999,0.5,0.5,0.5,0.5
0.5,0.5,0.5,0.5,0.499999,0.499999,0.499997,0.499994,0.499988,0.499977,0.499956,0.49992,0.49986,0.49976,0.499602,0.499362,0.499008,0.498504,0.497813,0.496896,0.495723,0.494276,0.492555,0.490584,0.488417,0.486132,0.483834,0.481644,0.47969,0.478095,0.476966,0.476381,0.476381,0.476966,0.478095,0.47969,0.481644,0.483834,0.486132,0.488417,0.490584,0.492555,0.494276,0.495723,0.496896,0.497813,0.498504,0.499008,0.499362,0.499602,0.49976,0.49986,0.49992,0.499956,0.499977,0.499988,0.499994,0.499997,0.499999,0.499999,0.5,0.5,0.5,0.5
0.5,0.5,0.5,0.5,0.5,0.499999,0.499998,0.499997,0.499993,0.499987,0.499975,0.499954,0.499918,0.49986,0.499766,0.499623,0.499412,0.499109,0.498691,0.498134,0.497417,0.496528,0.495465,0.494243,0.492892,0.491461,0.490017,0.488636,0.487399,0.486388,0.485671,0.485299,0.485299,0.485671,0.486388,0.487399,0.488636,0.490017,0.491461,0.492892,0.494243,0.495465,0.496528,0.497417,0.498134,0.498691,0.499109,0.499412,0.499623,0.499766,0.49986,0.499918,0.499954,0.499975,0.499987,0.499993,0.499997,0.499998,0.499999,0.5,0.5,0.5,0.5,0.5
0.5,0.5,0.5,0.5,0.5,0.5,0.499999,0.499998,0.499996,0.499993,0.499986,0.499974,0.499954,0.49992,0.499867,0.499785,0.499662,0.499486,0.499242,0.498914,0.498491,0.497963,0.497329,0.496596,0.495783,0.494918,0.494042,0.493202,0.492447,0.491829,0.491389,0.491161,0.491161,0.491389,0.491829,0.492447,0.493202,0.494042,0.494918,0.495783,0.496596,0.497329,0.497963,0.498491,0.498914,0.499242,0.499486,0.499662,0.499785,0.499867,0.49992,0.499954,0.499974,0.499986,0.499993,0.499996,0.499998,0.499999,0.5,0.5,0.5,0.5,0.5,0.5
0.5,0.5,0.5,0.5,0.5,0.5,0.5,0.499999,0.499998,0.499996,0.499992,0.499986,0.499975,0.499956,0.499927,0.499881,0.499812,0.499713,0.499575,0.499389,0.499147,0.498844,0.498479,0.498055,0.497582,0.497078,0.496565,0.496071,0.495627,0.495262,0.495003,0.494868,0.494868,0.495003,0.495262,0.495627,0.496071,0.496565,0.497078,0.497582,0.498055,0.498479,0.498844,0.499147,0.499389,0.499575,0.499713,0.499812,0.499881,0.499927,0.499956,0.499975,0.499986,0.499992,0.499996,0.499998,0.499999,0.5,0.5,0.5,0.5,0.5,0.5,0.5
0.5,0.5,0.5,0.5,0.5,0.5,0.5,0.499999,0.499999,0.499998,0.499996,0.499993,0.499987,0.499977,0.499961,0.499936,0.499899,0.499845,0.49977,0.499667,0.499534,0.499366,0.499163,0.498926,0.49866,0.498377,0.498087,0.497807,0.497555,0.497348,0.4972,0.497123,0.497123,0.4972,0.497348,0.497555,0.497807,0.498087,0.498377,0.49866,0.498926,0.499163,0.499366,0.499534,0.499667,0.49977,0.499845,0.499899,0.499936,0.499961,0.499977,0.499987,0.499993,0.499996,0.499998,0.499999,0.499999,0.5,0.5,0.5,0.5,0.5,0.5,0.5
0.5,0.5,0.5,0.5,0.5,0.5,0.5,0.5,0.499999,0.499999,0.499998,0.499996,0.499993,0.499988,0.49998,0.499967,0.499948,0.499919,0.499879,0.499825,0.499754,0.499664,0.499555,0.499427,0.499283,0.499129,0.498971,0.498818,0.49868,0.498566,0.498485,0.498443,0.498443,0.498485,0.498566,0.49868,0.498818,0.498971,0.499129,0.499283,0.499427,0.499555,0.499664,0.499754,0.499825,0.499879,0.499919,0.499948,0.499967,0.49998,0.499988,0.499993,0.499996,0.499998,0.499999,0.499999,0.5,0.5,0.5,0.5,0.5,0.5,0.5,0.5
0.5,0.5,0.5,0.5,0.5,0.5,0.5,0.5,0.5,0.499999,0.499999,0.499998,0.499997,0.499994,0.49999,0.499983,0.499974,0.499959,0.499939,0.499911,0.499874,0.499828,0.499771,0.499704,0.499629,0.499548,0.499465,0.499385,0.499312,0.499252,0.499209,0.499187,0.499187,0.499209,0.499252,0.499312,0.499385,0.499465,0.499548,0.499629,0.499704,0.499771,0.499828,0.499874,0.499911,0.499939,0.499959,0.499974,0.499983,0.49999,0.499994,0.499997,0.499998,0.499999,0.499999,0.5,0.5,0.5,0.5,0.5,0.5,0.5,0.5,0.5
0.5,0.5,0.5,0.5,0.5,0.5,0.5,0.5,0.5,0.5,0.5,0.499999,0.499998,0.499997,0.499995,0.499992,0.499987,0.49998,0.49997,0.499956,0.499938,0.499915,0.499886,0.499853,0.499815,0.499774,0.499732,0.499691,0.499654,0.499623,0.499601,0.49959,0.49959,0.499601,0.499623,0.499654,0.499691,0.499732,0.499774,0.499815,0.499853,0.499886,0.499915,0.499938,0.499956,0.49997,0.49998,0.499987,0.499992,0.499995,0.499997,0.499998,0.499999,0.5,0.5,0.5,0.5,0.5,0.5,0.5,0.5,0.5,0.5,0.5
0.5,0.5,0.5,0.5,0.5,0.5,0.5,0.5,0.5,0.5,0.5,0.5,0.499999,0.499999,0.499998,0.499996,0.499994,0.499991,0.499986,0.499979,0.49997,0.499959,0.499945,0.499929,0.499911,0.499891,0.49987,0.49985,0.499832,0.499817,0.499806,0.4998,0.4998,0.499806,0.499817,0.499832,0.49985,0.49987,0.499891,0.499911,0.499929,0.499945,0.499959,0.49997,0.499979,0.499986,0.499991,0.499994,0.499996,0.499998,0.499999,0.499999,0.5,0.5,0.5,0.5,0.5,0.5,0.5,0.5,0.5,0.5,0.5,0.5
0.5,0.5,0.5,0.5,0.5,0.5,0.5,0.5,0.5,0.5,0.5,0.5,0.5,0.499999,0.499999,0.499998,0.499997,0.499996,0.499993,0.49999,0.499986,0.499981,0.499975,0.499967,0.499958,0.499949,0.499939,0.49993,0.499921,0.499914,0.499909,0.499906,0.499906,0.499909,0.499914,0.499921,0.49993,0.499939,0.499949,0.499958,0.499967,0.499975,0.499981,0.499986,0.49999,0.499993,0.499996,0.499997,0.499998,0.499999,0.499999,0.5,0.5,0.5,0.5,0.5,0.5,0.5,0.5,0.5,0.5,0.5,0.5,0.5
0.5,0.5,0.5,0.5,0.5,0.5,0.5,0.5,0.5,0.5,0.5,0.5,0.5,0.5,0.5,0.499999,0.499999,0.499998,0.499997,0.499996,0.499994,0.499992,0.499989,0.499985,0.499981,0.499977,0.499972,0.499968,0.499964,0.499961,0.499958,0.499957,0.499957,0.499958,0.499961,0.499964,0.499968,0.499972,0.499977,0.499981,0.499985,0.499989,0.499992,0.499994,0.499996,0.499997,0.499998,0.499999,0.499999,0.5,0.5,0.5,0.5,0.5,0.5,0.5,0.5,0.5,0.5,0.5,0.5,0.5,0.5,0.5
0.5,0.5,0.5,0.5,0.5,0.5,0.5,0.5,0.5,0.5,0.5,0.5,0.5,0.5,0.5,0.5,0.499999,0.499999,0.499999,0.499998,0.499997,0.499996,0.499995,0.499993,0.499991,0.499989,0.499987,0.499985,0.499983,0.499982,0.499981,0.49998,0.49998,0.499981,0.499982,0.499983,0.499985,0.499987,0.499989,0.499991,0.499993,0.499995,0.499996,0.499997,0.499998,0.499999,0.499999,0.499999,0.5,0.5,0.5,0.5,0.5,0.5,0.5,0.5,0.5,0.5,0.5,0.5,0.5,0.5,0.5,0.5
0.5,0.5,0.5,0.5,0.5,0.5,0.5,0.5,0.5,0.5,0.5,0.5,0.5,0.5,0.5,0.5,0.5,0.5,0.499999,0.499999,0.499998,0.499998,0.499997,0.499996,0.499995,0.499994,0.499993,0.499992,0.499991,0.49999,0.499989,0.499989,0.499989,0.499989,0.49999,0.499991,0.499992,0.499993,0.499994,0.499995,0.499996,0.499997,0.499998,0.499998,0.499999,0.499999,0.5,0.5,0.5,0.5,0.5,0.5,0.5,0.5,0.5,0.5,0.5,0.5,0.5,0.5,0.5,0.5,0.5,0.5
0.5,0.5,0.5,0.5,0.5,0.5,0.5,0.5,0.5,0.5,0.5,0.5,0.5,0.5,0.5,0.5,0.5,0.5,0.499999,0.499999,0.499998,0.499998,0.499997,0.499996,0.499995,0.499994,0.499993,0.499992,0.499991,0.49999,0.499989,0.499989,0.499989,0.499989,0.49999,0.499991,0.499992,0.499993,0.499994,0.499995,0.499996,0.499997,0.499998,0.499998,0.499999,0.499999,0.5,0.5,0.5,0.5,0.5,0.5,0.5,0.5,0.5,0.5,0.5,0.5,0.5,0.5,0.5,0.5,0.5,0.5
