0.5,0.5,0.5,0.5,0.5,0.5,0.5,0.5,0.5,0.5,0.5,0.5,0.5,0.5,0.5,0.5,0.5,0.499999,0.499999,0.499998,0.499998,0.499997,0.499996,0.499995,0.499993,0.499992,0.49999,0.499988,0.499987,0.499986,0.499985,0.499985,0.499985,0.499985,0.499986,0.499987,0.499988,0.49999,0.499992,0.499993,0.499995,0.499996,0.499997,0.499998,0.499998,0.499999,0.499999,0.5,0.5,0.5,0.5,0.5,0.5,0.5,0.5,0.5,0.5,0.5,0.5,0.5,0.5,0.5,0.5,0.5
0.5,0.5,0.5,0.5,0.5,0.5,0.5,0.5,0.5,0.5,0.5,0.5,0.5,0.5,0.5,0.5,0.5,0.499999,0.499999,0.499998,0.499998,0.499997,0.499996,0.499995,0.499993,0.499992,0.49999,0.499988,0.499987,0.499986,0.499985,0.499985,0.499985,0.499985,0.499986,0.499987,0.499988,0.49999,0.499992,0.499993,0.499995,0.499996,0.499997,0.499998,0.499998,0.499999,0.499999,0.5,0.5,0.5,0.5,0.5,0.5,0.5,0.5,0.5,0.5,0.5,0.5,0.5,0.5,0.5,0.5,0.5
0.5,0.5,0.5,0.5,0.5,0.5,0.5,0.5,0.5,0.5,0.5,0.5,0.5,0.5,0.5,0.5,0.499999,0.499999,0.499998,0.499997,0.499996,0.499995,0.499993,0.49999,0.499988,0.499985,0.499982,0.49998,0.499977,0.499975,0.499973,0.499973,0.499973,0.499973,0.499975,0.499977,0.49998,0.499982,0.499985,0.499988,0.49999,0.499993,0.499995,0.499996,0.499997,0.499998,0.499999,0.499999,0.5,0.5,0.5,0.5,0.5,0.5,0.5,0.5,0.5,0.5,0.5,0.5,0.5,0.5,0.5,0.5
0.5,0.5,0.5,0.5,0.5,0.5,0.5,0.5,0.5,0.5,0.5,0.5,0.5,0.5,0.499999,0.499999,0.499998,0.499997,0.499996,0.499994,0.499991,0.499988,0.499984,0.499979,0.499974,0.499968,0.499962,0.499956,0.499951,0.499947,0.499943,0.499942,0.499942,0.499943,0.499947,0.499951,0.499956,0.499962,0.499968,0.499974,0.499979,0.499984,0.499988,0.499991,0.499994,0.499996,0.499997,0.499998,0.499999,0.499999,0.5,0.5,0.5,0.5,0.5,0.5,0.5,0.5,0.5,0.5,0.5,0.5,0.5,0.5
0.5,0.5,0.5,0.5,0.5,0.5,0.5,0.5,0.5,0.5,0.5,0.5,0.5,0.499999,0.499999,0.499998,0.499996,0.499994,0.499991,0.499987,0.499981,0.499974,0.499966,0.499955,0.499944,0.499931,0.499918,0.499906,0.499894,0.499885,0.499878,0.499875,0.499875,0.499878,0.499885,0.499894,0.499906,0.499918,0.499931,0.499944,0.499955,0.499966,0.499974,0.499981,0.499987,0.499991,0.499994,0.499996,0.499998,0.499999,0.499999,0.5,0.5,0.5,0.5,0.5,0.5,0.5,0.5,0.5,0.5,0.5,0.5,0.5
0.5,0.5,0.5,0.5,0.5,0.5,0.5,0.5,0.5,0.5,0.5,0.499999,0.499999,0.499998,0.499997,0.499995,0.499992,0.499987,0.49998,0.499972,0.49996,0.499945,0.499927,0.499905,0.499881,0.499855,0.499828,0.499802,0.499779,0.499759,0.499745,0.499738,0.499738,0.499745,0.499759,0.499779,0.499802,0.499828,0.499855,0.499881,0.499905,0.499927,0.499945,0.49996,0.499972,0.49998,0.499987,0.499992,0.499995,0.499997,0.499998,0.499999,0.499999,0.5,0.5,0.5,0.5,0.5,0.5,0.5,0.5,0.5,0.5,0.5
0.5,0.5,0.5,0.5,0.5,0.5,0.5,0.5,0.5,0.5,0.499999,0.499999,0.499998,0.499996,0.499993,0.499989,0.499982,0.499973,0.499959,0.499941,0.499917,0.499886,0.499849,0.499806,0.499757,0.499704,0.49965,0.499598,0.499551,0.499512,0.499484,0.499469,0.499469,0.499484,0.499512,0.499551,0.499598,0.49965,0.499704,0.499757,0.499806,0.499849,0.499886,0.499917,0.499941,0.499959,0.499973,0.499982,0.499989,0.499993,0.499996,0.499998,0.499999,0.499999,0.5,0.5,0.5,0.5,0.5,0.5,0.5,0.5,0.5,0.5
0.5,0.5,0.5,0.5,0.5,0.5,0.5,0.5,0.5,0.499999,0.499999,0.499997,0.499995,0.499992,0.499986,0.499977,0.499964,0.499945,0.499918,0.499881,0.499834,0.499773,0.4997,0.499615,0.49952,0.499417,0.499312,0.499211,0.499119,0.499044,0.49899,0.498962,0.498962,0.49899,0.499044,0.499119,0.499211,0.499312,0.499417,0.49952,0.499615,0.4997,0.499773,0.499834,0.499881,0.499918,0.499945,0.499964,0.499977,0.499986,0.499992,0.499995,0.499997,0.499999,0.499999,0.5,0.5,0.5,0.5,0.5,0.5,0.5,0.5,0.5
0.5,0.5,0.5,0.5,0.5,0.5,0.5,0.5,0.499999,0.499998,0.499997,0.499995,0.499991,0.499984,0.499972,0.499955,0.499929,0.499892,0.49984,0.49977,0.499678,0.499564,0.499425,0.499263,0.499083,0.498891,0.498694,0.498505,0.498334,0.498194,0.498094,0.498042,0.498042,0.498094,0.498194,0.498334,0.498505,0.498694,0.498891,0.499083,0.499263,0.499425,0.499564,0.499678,0.49977,0.49984,0.499892,0.499929,0.499955,0.499972,0.499984,0.499991,0.499995,0.499997,0.499998,0.499999,0.5,0.5,0.5,0.5,0.5,0.5,0.5,0.5
0.5,0.5,0.5,0.5,0.5,0.5,0.5,0.499999,0.499998,0.499997,0.499994,0.49999,0.499982,0.499968,0.499947,0.499915,0.499866,0.499796,0.499699,0.499568,0.499399,0.499187,0.498933,0.498638,0.49831,0.497961,0.497606,0.497264,0.496958,0.496706,0.496527,0.496434,0.496434,0.496527,0.496706,0.496958,0.497264,0.497606,0.497961,0.49831,0.498638,0.498933,0.499187,0.499399,0.499568,0.499699,0.499796,0.499866,0.499915,0.499947,0.499968,0.499982,0.49999,0.499994,0.499997,0.499998,0.499999,0.5,0.5,0.5,0.5,0.5,0.5,0.5
0.5,0.5,0.5,0.5,0.5,0.5,0.499999,0.499999,0.499997,0.499994,0.499989,0.499981,0.499966,0.499941,0.499902,0.499842,0.499753,0.499626,0.499451,0.499216,0.498913,0.498537,0.498087,0.497567,0.49699,0.496379,0.49576,0.495166,0.494634,0.494198,0.493888,0.493728,0.493728,0.493888,0.494198,0.494634,0.495166,0.49576,0.496379,0.49699,0.497567,0.498087,0.498537,0.498913,0.499216,0.499451,0.499626,0.499753,0.499842,0.499902,0.499941,0.499966,0.499981,0.499989,0.499994,0.499997,0.499999,0.499999,0.5,0.5,0.5,0.5,0.5,0.5
0.5,0.5,0.5,0.5,0.5,0.499999,0.499999,0.499997,0.499995,0.49999,0.499981,0.499965,0.499938,0.499894,0.499824,0.499718,0.499561,0.499338,0.499031,0.498624,0.498101,0.497454,0.496683,0.495797,0.49482,0.493787,0.492745,0.49175,0.490859,0.490131,0.489615,0.489347,0.489347,0.489615,0.490131,0.490859,0.49175,0.492745,0.493787,0.49482,0.495797,0.496683,0.497454,0.498101,0.498624,0.499031,0.499338,0.499561,0.499718,0.499824,0.499894,0.499938,0.499965,0.499981,0.49999,0.499995,0.499997,0.499999,0.499999,0.5,0.5,0.5,0.5,0.5
0.5,0.5,0.5,0.5,0.5,0.499999,0.499998,0.499995,0.499991,0.499982,0.499966,0.499938,0.499891,0.499814,0.499694,0.499512,0.499245,0.498866,0.498348,0.497663,0.49679,0.495715,0.49444,0.492983,0.491383,0.489699,0.488007,0.486395,0.484958,0.483786,0.482956,0.482527,0.482527,0.482956,0.483786,0.484958,0.486395,0.488007,0.489699,0.491383,0.492983,0.49444,0.495715,0.49679,0.497663,0.498348,0.498866,0.499245,0.499512,0.499694,0.499814,0.499891,0.499938,0.499966,0.499982,0.499991,0.499995,0.499998,0.499999,0.5,0.5,0.5,0.5,0.5
0.5,0.5,0.5,0.5,0.499999,0.499998,0.499996,0.499992,0.499984,0.499968,0.499941,0.499894,0.499814,0.499686,0.499485,0.499182,0.49874,0.498118,0.497271,0.496159,0.494748,0.493022,0.490985,0.48867,0.48614,0.483489,0.480837,0.47832,0.476083,0.474263,0.472978,0.472313,0.472313,0.472978,0.474263,0.476083,0.47832,0.480837,0.483489,0.48614,0.48867,0.490985,0.493022,0.494748,0.496159,0.497271,0.498118,0.49874,0.499182,0.499485,0.499686,0.499814,0.499894,0.499941,0.499968,0.499984,0.499992,0.499996,0.499998,0.499999,0.5,0.5,0.5,0.5
0.5,0.5,0.5,0.499999,0.499999,0.499997,0.499993,0.499986,0.499972,0.499947,0.499902,0.499824,0.499694,0.499485,0.49916,0.498673,0.497966,0.496976,0.495637,0.493888,0.491684,0.489002,0.485857,0.482301,0.478437,0.474408,0.470395,0.466604,0.463245,0.460521,0.4586,0.457607,0.457607,0.4586,0.460521,0.463245,0.466604,0.470395,0.474408,0.478437,0.482301,0.485857,0.489002,0.491684,0.493888,0.495637,0.496976,0.497966,0.498673,0.49916,0.499485,0.499694,0.499824,0.499902,0.499947,0.499972,0.499986,0.499993,0.499997,0.499999,0.499999,0.5,0.5,0.5
0.5,0.5,0.5,0.499999,0.499998,0.499995,0.499989,0.499977,0.499955,0.499915,0.499842,0.499718,0.499512,0.499182,0.498673,0.497912,0.496816,0.495291,0.49324,0.49058,0.487247,0.483218,0.47852,0.473243,0.46754,0.461626,0.455765,0.450252,0.445388,0.441453,0.438686,0.437258,0.437258,0.438686,0.441453,0.445388,0.450252,0.455765,0.461626,0.46754,0.473243,0.47852,0.483218,0.487247,0.49058,0.49324,0.495291,0.496816,0.497912,0.498673,0.499182,0.499512,0.499718,0.499842,0.499915,0.499955,0.499977,0.499989,0.499995,0.499998,0.499999,0.5,0.5,0.5
0.5,0.5,0.499999,0.499998,0.499996,0.499992,0.499982,0.499964,0.499929,0.499866,0.499753,0.499561,0.499245,0.49874,0.497966,0.496816,0.49517,0.492892,0.489851,0.485931,0.481052,0.475193,0.468406,0.46083,0.452695,0.444309,0.436043,0.428306,0.421507,0.416028,0.412184,0.410202,0.410202,0.412184,0.416028,0.421507,0.428306,0.436043,0.444309,0.452695,0.46083,0.468406,0.475193,0.481052,0.485931,0.489851,0.492892,0.49517,0.496816,0.497966,0.49874,0.499245,0.499561,0.499753,0.499866,0.499929,0.499964,0.499982,0.499992,0.499996,0.499998,0.499999,0.5,0.5
0.499999,0.499999,0.499999,0.499997,0.499994,0.499987,0.499973,0.499945,0.499892,0.499796,0.499626,0.499338,0.498866,0.498118,0.496976,0.495291,0.492892,0.489597,0.485225,0.479627,0.472709,0.464458,0.454968,0.444448,0.433226,0.421732,0.410471,0.399986,0.390817,0.383455,0.378305,0.375655,0.375655,0.378305,0.383455,0.390817,0.399986,0.410471,0.421732,0.433226,0.444448,0.454968,0.464458,0.472709,0.479627,0.485225,0.489597,0.492892,0.495291,0.496976,0.498118,0.498866,0.499338,0.499626,0.499796,0.499892,0.499945,0.499973,0.499987,0.499994,0.499997,0.499999,0.499999,0.499999
0.499999,0.499999,0.499998,0.499996,0.499991,0.49998,0.499959,0.499918,0.49984,0.499699,0.499451,0.499031,0.498348,0.497271,0.495637,0.49324,0.489851,0.485225,0.47913,0.471381,0.461872,0.450615,0.437763,0.423621,0.408644,0.39341,0.378583,0.364862,0.352924,0.343379,0.336724,0.333307,0.333307,0.336724,0.343379,0.352924,0.364862,0.378583,0.39341,0.408644,0.423621,0.437763,0.450615,0.461872,0.471381,0.47913,0.485225,0.489851,0.49324,0.495637,0.497271,0.498348,0.499031,0.499451,0.499699,0.49984,0.499918,0.499959,0.49998,0.499991,0.499996,0.499998,0.499999,0.499999
0.499998,0.499998,0.499997,0.499994,0.499987,0.499972,0.499941,0.499881,0.49977,0.499568,0.499216,0.498624,0.497663,0.496159,0.493888,0.49058,0.485931,0.479627,0.471381,0.460971,0.448295,0.433403,0.416533,0.398116,0.378764,0.35923,0.340355,0.323001,0.307992,0.29605,0.287752,0.283501,0.283501,0.287752,0.29605,0.307992,0.323001,0.340355,0.35923,0.378764,0.398116,0.416533,0.433403,0.448295,0.460971,0.471381,0.479627,0.485931,0.49058,0.493888,0.496159,0.497663,0.498624,0.499216,0.499568,0.49977,0.499881,0.499941,0.499972,0.499987,0.499994,0.499997,0.499998,0.499998
0.499998,0.499998,0.499996,0.499991,0.499981,0.49996,0.499917,0.499834,0.499678,0.499399,0.498913,0.498101,0.49679,0.494748,0.491684,0.487247,0.481052,0.472709,0.461872,0.448295,0.431888,0.412769,0.391289,0.368036,0.343807,0.319552,0.2963,0.27508,0.256847,0.242419,0.232436,0.227335,0.227335,0.232436,0.242419,0.256847,0.27508,0.2963,0.319552,0.343807,0.368036,0.391289,0.412769,0.431888,0.448295,0.461872,0.472709,0.481052,0.487247,0.491684,0.494748,0.49679,0.498101,0.498913,0.499399,0.499678,0.499834,0.499917,0.49996,0.499981,0.499991,0.499996,0.499998,0.499998
0.499997,0.499997,0.499995,0.499988,0.499974,0.499945,0.499886,0.499773,0.499564,0.499187,0.498537,0.497454,0.495715,0.493022,0.489002,0.483218,0.475193,0.464458,0.450615,0.433403,0.412769,0.388924,0.362366,0.333871,0.304447,0.275256,0.247515,0.222406,0.200991,0.18415,0.172552,0.166642,0.166642,0.172552,0.18415,0.200991,0.222406,0.247515,0.275256,0.304447,0.333871,0.362366,0.388924,0.412769,0.433403,0.450615,0.464458,0.475193,0.483218,0.489002,0.493022,0.495715,0.497454,0.498537,0.499187,0.499564,0.499773,0.499886,0.499945,0.499974,0.499988,0.499995,0.499997,0.499997
0.499996,0.499996,0.499993,0.499984,0.499966,0.499927,0.499849,0.4997,0.499425,0.498933,0.498087,0.496683,0.49444,0.490985,0.485857,0.47852,0.468406,0.454968,0.437763,0.416533,0.391289,0.362366,0.330441,0.296508,0.261806,0.22771,0.195619,0.166837,0.142493,0.123484,0.110465,0.103854,0.103854,0.110465,0.123484,0.142493,0.166837,0.195619,0.22771,0.261806,0.296508,0.330441,0.362366,0.391289,0.416533,0.437763,0.454968,0.468406,0.47852,0.485857,0.490985,0.49444,0.496683,0.498087,0.498933,0.499425,0.4997,0.499849,0.499927,0.499966,0.499984,0.499993,0.499996,0.499996
0.499995,0.499995,0.49999,0.499979,0.499955,0.499905,0.499806,0.499615,0.499263,0.498638,0.497567,0.495797,0.492983,0.48867,0.482301,0.473243,0.46083,0.444448,0.423621,0.398116,0.368036,0.333871,0.296508,0.257182,0.217371,0.178664,0.142612,0.110605,0.083785,0.0630123,0.0488743,0.0417241,0.0417241,0.0488743,0.0630123,0.083785,0.110605,0.142612,0.178664,0.217371,0.257182,0.296508,0.333871,0.368036,0.398116,0.423621,0.444448,0.46083,0.473243,0.482301,0.48867,0.492983,0.495797,0.497567,0.498638,0.499263,0.499615,0.499806,0.499905,0.499955,0.499979,0.49999,0.499995,0.499995
0.499993,0.499993,0.499988,0.499974,0.499944,0.499881,0.499757,0.49952,0.499083,0.49831,0.49699,0.49482,0.491383,0.48614,0.478437,0.46754,0.452695,0.433226,0.408644,0.378764,0.343807,0.304447,0.261806,0.217371,0.172866,0.130072,0.0906614,0.0560613,0.0273719,0.00535553,-0.00952028,-0.0170086,-0.0170086,-0.00952028,0.00535553,0.0273719,0.0560613,0.0906614,0.130072,0.172866,0.217371,0.261806,0.304447,0.343807,0.378764,0.408644,0.433226,0.452695,0.46754,0.478437,0.48614,0.491383,0.49482,0.49699,0.49831,0.499083,0.49952,0.499757,0.499881,0.499944,0.499974,0.499988,0.499993,0.499993
0.499992,0.499992,0.499985,0.499968,0.499931,0.499855,0.499704,0.499417,0.498891,0.497961,0.496379,0.493787,0.489699,0.483489,0.474408,0.461626,0.444309,0.421732,0.39341,0.35923,0.319552,0.275256,0.22771,0.178664,0.130072,0.0838847,0.0418584,0.0054056,-0.0244703,-0.0471595,-0.0623626,-0.0699743,-0.0699743,-0.0623626,-0.0471595,-0.0244703,0.0054056,0.0418584,0.0838847,0.130072,0.178664,0.22771,0.275256,0.319552,0.35923,0.39341,0.421732,0.444309,0.461626,0.474408,0.483489,0.489699,0.493787,0.496379,0.497961,0.498891,0.499417,0.499704,0.499855,0.499931,0.499968,0.499985,0.499992,0.499992
0.49999,0.49999,0.499982,0.499962,0.499918,0.499828,0.49965,0.499312,0.498694,0.497606,0.49576,0.492745,0.488007,0.480837,0.470395,0.455765,0.436043,0.410471,0.378583,0.340355,0.2963,0.247515,0.195619,0.142612,0.0906614,0.0418584,-0.00199866,-0.0395545,-0.0699488,-0.0927673,-0.107914,-0.115451,-0.115451,-0.107914,-0.0927673,-0.0699488,-0.0395545,-0.00199866,0.0418584,0.0906614,0.142612,0.195619,0.247515,0.2963,0.340355,0.378583,0.410471,0.436043,0.455765,0.470395,0.480837,0.488007,0.492745,0.49576,0.497606,0.498694,0.499312,0.49965,0.499828,0.499918,0.499962,0.499982,0.49999,0.49999
0.499988,0.499988,0.49998,0.499956,0.499906,0.499802,0.499598,0.499211,0.498505,0.497264,0.495166,0.49175,0.486395,0.47832,0.466604,0.450252,0.428306,0.399986,0.364862,0.323001,0.27508,0.222406,0.166837,0.110605,0.0560613,0.0054056,-0.0395545,-0.0775542,-0.107905,-0.130412,-0.145199,-0.152507,-0.152507,-0.145199,-0.130412,-0.107905,-0.0775542,-0.0395545,0.0054056,0.0560613,0.110605,0.166837,0.222406,0.27508,0.323001,0.364862,0.399986,0.428306,0.450252,0.466604,0.47832,0.486395,0.49175,0.495166,0.497264,0.498505,0.499211,0.499598,0.499802,0.499906,0.499956,0.49998,0.499988,0.499988
0.499987,0.499987,0.499977,0.499951,0.499894,0.499779,0.499551,0.499119,0.498334,0.496958,0.494634,0.490859,0.484958,0.476083,0.463245,0.445388,0.421507,0.390817,0.352924,0.307992,0.256847,0.200991,0.142493,0.083785,0.0273719,-0.0244703,-0.0699488,-0.107905,-0.137831,-0.159746,-0.173993,-0.180983,-0.180983,-0.173993,-0.159746,-0.137831,-0.107905,-0.0699488,-0.0244703,0.0273719,0.083785,0.142493,0.200991,0.256847,0.307992,0.352924,0.390817,0.421507,0.445388,0.463245,0.476083,0.484958,0.490859,0.494634,0.496958,0.498334,0.499119,0.499551,0.499779,0.499894,0.499951,0.499977,0.499987,0.499987
0.499986,0.499986,0.499975,0.499947,0.499885,0.499759,0.499512,0.499044,0.498194,0.496706,0.494198,0.490131,0.483786,0.474263,0.460521,0.441453,0.416028,0.383455,0.343379,0.29605,0.242419,0.18415,0.123484,0.0630123,0.00535553,-0.0471595,-0.0927673,-0.130412,-0.159746,-0.180984,-0.194653,-0.201313,-0.201313,-0.194653,-0.180984,-0.159746,-0.130412,-0.0927673,-0.0471595,0.00535553,0.0630123,0.123484,0.18415,0.242419,0.29605,0.343379,0.383455,0.416028,0.441453,0.460521,0.474263,0.483786,0.490131,0.494198,0.496706,0.498194,0.499044,0.499512,0.499759,0.499885,0.499947,0.499975,0.499986,0.499986
0.499985,0.499985,0.499973,0.499943,0.499878,0.499745,0.499484,0.49899,0.498094,0.496527,0.493888,0.489615,0.482956,0.472978,0.4586,0.438686,0.412184,0.378305,0.336724,0.287752,0.232436,0.172552,0.110465,0.0488743,-0.00952028,-0.0623626,-0.107914,-0.145199,-0.173993,-0.194653,-0.207844,-0.214235,-0.214235,-0.207844,-0.194653,-0.173993,-0.145199,-0.107914,-0.0623626,-0.00952028,0.0488743,0.110465,0.172552,0.232436,0.287752,0.336724,0.378305,0.412184,0.438686,0.4586,0.472978,0.482956,0.489615,0.493888,0.496527,0.498094,0.49899,0.499484,0.499745,0.499878,0.499943,0.499973,0.499985,0.499985
0.499985,0.499985,0.499973,0.499942,0.499875,0.499738,0.499469,0.498962,0.498042,0.496434,0.493728,0.489347,0.482527,0.472313,0.457607,0.437258,0.410202,0.375655,0.333307,0.283501,0.227335,0.166642,0.103854,0.0417241,-0.0170086,-0.0699743,-0.115451,-0.152507,-0.180983,-0.201313,-0.214235,-0.220476,-0.220476,-0.214235,-0.201313,-0.180983,-0.152507,-0.115451,-0.0699743,-0.0170086,0.0417241,0.103854,0.166642,0.227335,0.283501,0.333307,0.375655,0.410202,0.437258,0.457607,0.472313,0.482527,0.489347,0.493728,0.496434,0.498042,0.498962,0.499469,0.499738,0.499875,0.499942,0.499973,0.499985,0.499985
0.499985,0.499985,0.499973,0.499942,0.499875,0.499738,0.499469,0.498962,0.498042,0.496434,0.493728,0.489347,0.482527,0.472313,0.457607,0.437258,0.410202,0.375655,0.333307,0.283501,0.227335,0.166642,0.103854,0.0417241,-0.0170086,-0.0699743,-0.115451,-0.152507,-0.180983,-0.201313,-0.214235,-0.220476,-0.220476,-0.214235,-0.201313,-0.180983,-0.152507,-0.115451,-0.0699743,-0.0170086,0.0417241,0.103854,0.166642,0.227335,0.283501,0.333307,0.375655,0.410202,0.437258,0.457607,0.472313,0.482527,0.489347,0.493728,0.496434,0.498042,0.498962,0.499469,0.499738,0.499875,0.499942,0.499973,0.499985,0.499985
0.499985,0.499985,0.499973,0.499943,0.499878,0.499745,0.499484,0.49899,0.498094,0.496527,0.493888,0.489615,0.482956,0.472978,0.4586,0.438686,0.412184,0.378305,0.336724,0.287752,0.232436,0.172552,0.110465,0.0488743,-0.00952028,-0.0623626,-0.107914,-0.145199,-0.173993,-0.194653,-0.207844,-0.214235,-0.214235,-0.207844,-0.194653,-0.173993,-0.145199,-0.107914,-0.0623626,-0.00952028,0.0488743,0.110465,0.172552,0.232436,0.287752,0.336724,0.378305,0.412184,0.438686,0.4586,0.472978,0.482956,0.489615,0.493888,0.496527,0.498094,0.49899,0.499484,0.499745,0.499878,0.499943,0.499973,0.499985,0.499985
0.499986,0.499986,0.499975,0.499947,0.499885,0.499759,0.499512,0.499044,0.498194,0.496706,0.494198,0.490131,0.483786,0.474263,0.460521,0.441453,0.416028,0.383455,0.343379,0.29605,0.242419,0.18415,0.123484,0.0630123,0.00535553,-0.0471595,-0.0927673,-0.130412,-0.159746,-0.180984,-0.194653,-0.201313,-0.201313,-0.194653,-0.180984,-0.159746,-0.130412,-0.0927673,-0.0471595,0.00535553,0.0630123,0.123484,0.18415,0.242419,0.29605,0.343379,0.383455,0.416028,0.441453,0.460521,0.474263,0.483786,0.490131,0.494198,0.496706,0.498194,0.499044,0.499512,0.499759,0.499885,0.499947,0.499975,0.499986,0.499986
0.499987,0.499987,0.499977,0.499951,0.499894,0.499779,0.499551,0.499119,0.498334,0.496958,0.494634,0.490859,0.484958,0.476083,0.463245,0.445388,0.421507,0.390817,0.352924,0.307992,0.256847,0.200991,0.142493,0.083785,0.0273719,-0.0244703,-0.0699488,-0.107905,-0.137831,-0.159746,-0.173993,-0.180983,-0.180983,-0.173993,-0.159746,-0.137831,-0.107905,-0.0699488,-0.0244703,0.0273719,0.083785,0.142493,0.200991,0.256847,0.307992,0.352924,0.390817,0.421507,0.445388,0.463245,0.476083,0.484958,0.490859,0.494634,0.496958,0.498334,0.499119,0.499551,0.499779,0.499894,0.499951,0.499977,0.499987,0.499987
0.499988,0.499988,0.49998,0.499956,0.499906,0.499802,0.499598,0.499211,0.498505,0.497264,0.495166,0.49175,0.486395,0.47832,0.466604,0.450252,0.428306,0.399986,0.364862,0.323001,0.27508,0.222406,0.166837,0.110605,0.0560613,0.0054056,-0.0395545,-0.0775542,-0.107905,-0.130412,-0.145199,-0.152507,-0.152507,-0.145199,-0.130412,-0.107905,-0.0775542,-0.0395545,0.0054056,0.0560613,0.110605,0.166837,0.222406,0.27508,0.323001,0.364862,0.399986,0.428306,0.450252,0.466604,0.47832,0.486395,0.49175,0.495166,0.497264,0.498505,0.499211,0.499598,0.499802,0.499906,0.499956,0.49998,0.499988,0.499988
0.49999,0.49999,0.499982,0.499962,0.499918,0.499828,0.49965,0.499312,0.498694,0.497606,0.49576,0.492745,0.488007,0.480837,0.470395,0.455765,0.436043,0.410471,0.378583,0.340355,0.2963,0.247515,0.195619,0.142612,0.0906614,0.0418584,-0.00199866,-0.0395545,-0.0699488,-0.0927673,-0.107914,-0.115451,-0.115451,-0.107914,-0.0927673,-0.0699488,-0.0395545,-0.00199866,0.0418584,0.0906614,0.142612,0.195619,0.247515,0.2963,0.340355,0.378583,0.410471,0.436043,0.455765,0.470395,0.480837,0.488007,0.492745,0.49576,0.497606,0.498694,0.499312,0.49965,0.499828,0.499918,0.499962,0.499982,0.49999,0.49999
0.499992,0.499992,0.499985,0.499968,0.499931,0.499855,0.499704,0.499417,0.498891,0.497961,0.496379,0.493787,0.489699,0.483489,0.474408,0.461626,0.444309,0.421732,0.39341,0.35923,0.319552,0.275256,0.22771,0.178664,0.130072,0.0838847,0.0418584,0.0054056,-0.0244703,-0.0471595,-0.0623626,-0.0699743,-0.0699743,-0.0623626,-0.0471595,-0.0244703,0.0054056,0.0418584,0.0838847,0.130072,0.178664,0.22771,0.275256,0.319552,0.35923,0.39341,0.421732,0.444309,0.461626,0.474408,0.483489,0.489699,0.493787,0.496379,0.497961,0.498891,0.499417,0.499704,0.499855,0.499931,0.499968,0.499985,0.499992,0.499992
0.499993,0.499993,0.499988,0.499974,0.499944,0.499881,0.499757,0.49952,0.499083,0.49831,0.49699,0.49482,0.491383,0.48614,0.478437,0.46754,0.452695,0.433226,0.408644,0.378764,0.343807,0.304447,0.261806,0.217371,0.172866,0.130072,0.0906614,0.0560613,0.0273719,0.00535553,-0.00952028,-0.0170086,-0.0170086,-0.00952028,0.00535553,0.0273719,0.0560613,0.0906614,0.130072,0.172866,0.217371,0.261806,0.304447,0.343807,0.378764,0.408644,0.433226,0.452695,0.46754,0.478437,0.48614,0.491383,0.49482,0.49699,0.49831,0.499083,0.49952,0.499757,0.499881,0.499944,0.499974,0.499988,0.499993,0.499993
0.499995,0.499995,0.49999,0.499979,0.499955,0.499905,0.499806,0.499615,0.499263,0.498638,0.497567,0.495797,0.492983,0.48867,0.482301,0.473243,0.46083,0.444448,0.423621,0.398116,0.368036,0.333871,0.296508,0.257182,0.217371,0.178664,0.142612,0.110605,0.083785,0.0630123,0.0488743,0.0417241,0.0417241,0.0488743,0.0630123,0.083785,0.110605,0.142612,0.178664,0.217371,0.257182,0.296508,0.333871,0.368036,0.398116,0.423621,0.444448,0.46083,0.473243,0.482301,0.48867,0.492983,0.495797,0.497567,0.498638,0.499263,0.499615,0.499806,0.499905,0.499955,0.499979,0.49999,0.499995,0.499995
0.499996,0.499996,0.499993,0.499984,0.499966,0.499927,0.499849,0.4997,0.499425,0.498933,0.498087,0.496683,0.49444,0.490985,0.485857,0.47852,0.468406,0.454968,0.437763,0.416533,0.391289,0.362366,0.330441,0.296508,0.261806,0.22771,0.195619,0.166837,0.142493,0.123484,0.110465,0.103854,0.103854,0.110465,0.123484,0.142493,0.166837,0.195619,0.22771,0.261806,0.296508,0.330441,0.362366,0.391289,0.416533,0.437763,0.454968,0.468406,0.47852,0.485857,0.490985,0.49444,0.496683,0.498087,0.498933,0.499425,0.4997,0.499849,0.499927,0.499966,0.499984,0.499993,0.499996,0.499996
0.499997,0.499997,0.499995,0.499988,0.499974,0.499945,0.499886,0.499773,0.499564,0.499187,0.498537,0.497454,0.495715,0.493022,0.489002,0.483218,0.475193,0.464458,0.450615,0.433403,0.412769,0.388924,0.362366,0.333871,0.304447,0.275256,0.247515,0.222406,0.200991,0.18415,0.172552,0.166642,0.166642,0.172552,0.18415,0.200991,0.222406,0.247515,0.275256,0.304447,0.333871,0.362366,0.388924,0.412769,0.433403,0.450615,0.464458,0.475193,0.483218,0.489002,0.493022,0.495715,0.497454,0.498537,0.499187,0.499564,0.499773,0.499886,0.499945,0.499974,0.499988,0.499995,0.499997,0.499997
0.499998,0.499998,0.499996,0.499991,0.499981,0.49996,0.499917,0.499834,0.499678,0.499399,0.498913,0.498101,0.49679,0.494748,0.491684,0.487247,0.481052,0.472709,0.461872,0.448295,0.431888,0.412769,0.391289,0.368036,0.343807,0.319552,0.2963,0.27508,0.256847,0.242419,0.232436,0.227335,0.227335,0.232436,0.242419,0.256847,0.27508,0.2963,0.319552,0.343807,0.368036,0.391289,0.412769,0.431888,0.448295,0.461872,0.472709,0.481052,0.487247,0.491684,0.494748,0.49679,0.498101,0.498913,0.499399,0.499678,0.499834,0.499917,0.49996,0.499981,0.499991,0.499996,0.499998,0.499998
0.499998,0.499998,0.499997,0.499994,0.499987,0.499972,0.499941,0.499881,0.49977,0.499568,0.499216,0.498624,0.497663,0.496159,0.493888,0.49058,0.485931,0.479627,0.471381,0.460971,0.448295,0.433403,0.416533,0.398116,0.378764,0.35923,0.340355,0.323001,0.307992,0.29605,0.287752,0.283501,0.283501,0.287752,0.29605,0.307992,0.323001,0.340355,0.35923,0.378764,0.398116,0.416533,0.433403,0.448295,0.460971,0.471381,0.479627,0.485931,0.49058,0.493888,0.496159,0.497663,0.498624,0.499216,0.499568,0.49977,0.499881,0.499941,0.499972,0.499987,0.499994,0.499997,0.499998,0.499998
0.499999,0.499999,0.499998,0.499996,0.499991,0.49998,0.499959,0.499918,0.49984,0.499699,0.499451,0.499031,0.498348,0.497271,0.495637,0.49324,0.489851,0.485225,0.47913,0.471381,0.461872,0.450615,0.437763,0.423621,0.408644,0.39341,0.378583,0.364862,0.352924,0.343379,0.336724,0.333307,0.333307,0.336724,0.343379,0.352924,0.364862,0.378583,0.39341,0.408644,0.423621,0.437763,0.450615,0.461872,0.471381,0.47913,0.485225,0.489851,0.49324,0.495637,0.497271,0.498348,0.499031,0.499451,0.499699,0.49984,0.499918,0.499959,0.49998,0.499991,0.499996,0.499998,0.499999,0.499999
0.499999,0.499999,0.499999,0.499997,0.499994,0.499987,0.499973,0.499945,0.499892,0.499796,0.499626,0.499338,0.498866,0.498118,0.496976,0.495291,0.492892,0.489597,0.485225,0.479627,0.472709,0.464458,0.454968,0.444448,0.433226,0.421732,0.410471,0.399986,0.390817,0.383455,0.378305,0.375655,0.375655,0.378305,0.383455,0.390817,0.399986,0.410471,0.421732,0.433226,0.444448,0.454968,0.464458,0.472709,0.479627,0.485225,0.489597,0.492892,0.495291,0.496976,0.498118,0.498866,0.499338,0.499626,0.499796,0.499892,0.499945,0.499973,0.499987,0.499994,0.499997,0.499999,0.499999,0.499999
0.5,0.5,0.499999,0.499998,0.499996,0.499992,0.499982,0.499964,0.499929,0.499866,0.499753,0.499561,0.499245,0.49874,0.497966,0.496816,0.49517,0.492892,0.489851,0.485931,0.481052,0.475193,0.468406,0.46083,0.452695,0.444309,0.436043,0.428306,0.421507,0.416028,0.412184,0.410202,0.410202,0.412184,0.416028,0.421507,0.428306,0.436043,0.444309,0.452695,0.46083,0.468406,0.475193,0.481052,0.485931,0.489851,0.492892,0.49517,0.496816,0.497966,0.49874,0.499245,0.499561,0.499753,0.499866,0.499929,0.499964,0.499982,0.499992,0.499996,0.499998,0.499999,0.5,0.5
0.5,0.5,0.5,0.499999,0.499998,0.499995,0.499989,0.499977,0.499955,0.499915,0.499842,0.499718,0.499512,0.499182,0.498673,0.497912,0.496816,0.495291,0.49324,0.49058,0.487247,0.483218,0.47852,0.473243,0.46754,0.461626,0.455765,0.450252,0.445388,0.441453,0.438686,0.437258,0.437258,0.438686,0.441453,0.445388,0.450252,0.455765,0.461626,0.46754,0.473243,0.47852,0.483218,0.487247,0.49058,0.49324,0.495291,0.496816,0.497912,0.498673,0.499182,0.499512,0.499718,0.499842,0.499915,0.499955,0.499977,0.499989,0.499995,0.499998,0.499999,0.5,0.5,0.5
0.5,0.5,0.5,0.499999,0.499999,0.499997,0.499993,0.499986,0.499972,0.499947,0.499902,0.499824,0.499694,0.499485,0.49916,0.498673,0.497966,0.496976,0.495637,0.493888,0.491684,0.489002,0.485857,0.482301,0.478437,0.474408,0.470395,0.466604,0.463245,0.460521,0.4586,0.457607,0.457607,0.4586,0.460521,0.463245,0.466604,0.470395,0.474408,0.478437,0.482301,0.485857,0.489002,0.491684,0.493888,0.495637,0.496976,0.497966,0.498673,0.49916,0.499485,0.499694,0.499824,0.499902,0.499947,0.499972,0.499986,0.499993,0.499997,0.499999,0.499999,0.5,0.5,0.5
0.5,0.5,0.5,0.5,0.499999,0.499998,0.499996,0.499992,0.499984,0.499968,0.499941,0.499894,0.499814,0.499686,0.499485,0.499182,0.49874,0.498118,0.497271,0.496159,0.494748,0.493022,0.490985,0.48867,0.48614,0.483489,0.480837,0.47832,0.476083,0.474263,0.472978,0.472313,0.472313,0.472978,0.474263,0.476083,0.47832,0.480837,0.483489,0.48614,0.48867,0.490985,0.493022,0.494748,0.496159,0.497271,0.498118,0.49874,0.499182,0.499485,0.499686,0.499814,0.499894,0.499941,0.499968,0.499984,0.499992,0.499996,0.499998,0.499999,0.5,0.5,0.5,0.5
0.5,0.5,0.5,0.5,0.5,0.499999,0.499998,0.499995,0.499991,0.499982,0.499966,0.499938,0.499891,0.499814,0.499694,0.499512,0.499245,0.498866,0.498348,0.497663,0.49679,0.495715,0.49444,0.492983,0.491383,0.489699,0.488007,0.486395,0.484958,0.483786,0.482956,0.482527,0.482527,0.482956,0.483786,0.484958,0.486395,0.488007,0.489699,0.491383,0.492983,0.49444,0.495715,0.49679,0.497663,0.498348,0.498866,0.499245,0.499512,0.499694,0.499814,0.499891,0.499938,0.499966,0.499982,0.499991,0.499995,0.499998,0.499999,0.5,0.5,0.5,0.5,0.5
0.5,0.5,0.5,0.5,0.5,0.499999,0.499999,0.499997,0.499995,0.49999,0.499981,0.499965,0.499938,0.499894,0.499824,0.499718,0.499561,0.499338,0.499031,0.498624,0.498101,0.497454,0.496683,0.495797,0.49482,0.493787,0.492745,0.49175,0.490859,0.490131,0.489615,0.489347,0.489347,0.489615,0.490131,0.490859,0.49175,0.492745,0.493787,0.49482,0.495797,0.496683,0.497454,0.498101,0.498624,0.499031,0.499338,0.499561,0.499718,0.499824,0.499894,0.499938,0.499965,0.499981,0.49999,0.499995,0.499997,0.499999,0.499999,0.5,0.5,0.5,0.5,0.5
0.5,0.5,0.5,0.5,0.5,0.5,0.499999,0.499999,0.499997,0.499994,0.499989,0.499981,0.499966,0.499941,0.499902,0.499842,0.499753,0.499626,0.499451,0.499216,0.498913,0.498537,0.498087,0.497567,0.49699,0.496379,0.49576,0.495166,0.494634,0.494198,0.493888,0.493728,0.493728,0.493888,0.494198,0.494634,0.495166,0.49576,0.496379,0.49699,0.497567,0.498087,0.498537,0.498913,0.499216,0.499451,0.499626,0.499753,0.499842,0.499902,0.499941,0.499966,0.499981,0.499989,0.499994,0.499997,0.499999,0.499999,0.5,0.5,0.5,0.5,0.5,0.5
0.5,0.5,0.5,0.5,0.5,0.5,0.5,0.499999,0.499998,0.499997,0.499994,0.49999,0.499982,0.499968,0.499947,0.499915,0.499866,0.499796,0.499699,0.499568,0.499399,0.499187,0.498933,0.498638,0.49831,0.497961,0.497606,0.497264,0.496958,0.496706,0.496527,0.496434,0.496434,0.496527,0.496706,0.496958,0.497264,0.497606,0.497961,0.49831,0.498638,0.498933,0.499187,0.499399,0.499568,0.499699,0.499796,0.499866,0.499915,0.499947,0.499968,0.499982,0.49999,0.499994,0.499997,0.499998,0.499999,0.5,0.5,0.5,0.5,0.5,0.5,0.5
0.5,0.5,0.5,0.5,0.5,0.5,0.5,0.5,0.499999,0.499998,0.499997,0.499995,0.499991,0.499984,0.499972,0.499955,0.499929,0.499892,0.49984,0.49977,0.499678,0.499564,0.499425,0.499263,0.499083,0.498891,0.498694,0.498505,0.498334,0.498194,0.498094,0.498042,0.498042,0.498094,0.498194,0.498334,0.498505,0.498694,0.498891,0.499083,0.499263,0.499425,0.499564,0.499678,0.49977,0.49984,0.499892,0.499929,0.499955,0.499972,0.499984,0.499991,0.499995,0.499997,0.499998,0.499999,0.5,0.5,0.5,0.5,0.5,0.5,0.5,0.5
0.5,0.5,0.5,0.5,0.5,0.5,0.5,0.5,0.5,0.499999,0.499999,0.499997,0.499995,0.499992,0.499986,0.499977,0.499964,0.499945,0.499918,0.499881,0.499834,0.499773,0.4997,0.499615,0.49952,0.499417,0.499312,0.499211,0.499119,0.499044,0.49899,0.498962,0.498962,0.49899,0.499044,0.499119,0.499211,0.499312,0.499417,0.49952,0.499615,0.4997,0.499773,0.499834,0.499881,0.499918,0.499945,0.499964,0.499977,0.499986,0.499992,0.499995,0.499997,0.499999,0.499999,0.5,0.5,0.5,0.5,0.5,0.5,0.5,0.5,0.5
0.5,0.5,0.5,0.5,0.5,0.5,0.5,0.5,0.5,0.5,0.499999,0.499999,0.499998,0.499996,0.499993,0.499989,0.499982,0.499973,0.499959,0.499941,0.499917,0.499886,0.499849,0.499806,0.499757,0.499704,0.49965,0.499598,0.499551,0.499512,0.499484,0.499469,0.499469,0.499484,0.499512,0.499551,0.499598,0.49965,0.499704,0.499757,0.499806,0.499849,0.499886,0.499917,0.499941,0.499959,0.499973,0.499982,0.499989,0.499993,0.499996,0.499998,0.499999,0.499999,0.5,0.5,0.5,0.5,0.5,0.5,0.5,0.5,0.5,0.5
0.5,0.5,0.5,0.5,0.5,0.5,0.5,0.5,0.5,0.5,0.5,0.499999,0.499999,0.499998,0.499997,0.499995,0.499992,0.499987,0.49998,0.499972,0.49996,0.499945,0.499927,0.499905,0.499881,0.499855,0.499828,0.499802,0.499779,0.499759,0.499745,0.499738,0.499738,0.499745,0.499759,0.499779,0.499802,0.499828,0.499855,0.499881,0.499905,0.499927,0.499945,0.49996,0.499972,0.49998,0.499987,0.499992,0.499995,0.499997,0.499998,0.499999,0.499999,0.5,0.5,0.5,0.5,0.5,0.5,0.5,0.5,0.5,0.5,0.5
0.5,0.5,0.5,0.5,0.5,0.5,0.5,0.5,0.5,0.5,0.5,0.5,0.5,0.499999,0.499999,0.499998,0.499996,0.499994,0.499991,0.499987,0.499981,0.499974,0.499966,0.499955,0.499944,0.499931,0.499918,0.499906,0.499894,0.499885,0.499878,0.499875,0.499875,0.499878,0.499885,0.499894,0.499906,0.499918,0.499931,0.499944,0.499955,0.499966,0.499974,0.499981,0.499987,0.499991,0.499994,0.499996,0.499998,0.499999,0.499999,0.5,0.5,0.5,0.5,0.5,0.5,0.5,0.5,0.5,0.5,0.5,0.5,0.5
0.5,0.5,0.5,0.5,0.5,0.5,0.5,0.5,0.5,0.5,0.5,0.5,0.5,0.5,0.499999,0.499999,0.499998,0.499997,0.499996,0.499994,0.499991,0.499988,0.499984,0.499979,0.499974,0.499968,0.499962,0.499956,0.499951,0.499947,0.499943,0.499942,0.499942,0.499943,0.499947,0.499951,0.499956,0.499962,0.499968,0.499974,0.499979,0.499984,0.499988,0.499991,0.499994,0.499996,0.499997,0.499998,0.499999,0.499999,0.5,0.5,0.5,0.5,0.5,0.5,0.5,0.5,0.5,0.5,0.5,0.5,0.5,0.5
0.5,0.5,0.5,0.5,0.5,0.5,0.5,0.5,0.5,0.5,0.5,0.5,0.5,0.5,0.5,0.5,0.499999,0.499999,0.499998,0.499997,0.499996,0.499995,0.499993,0.49999,0.499988,0.499985,0.499982,0.49998,0.499977,0.499975,0.499973,0.499973,0.499973,0.499973,0.499975,0.499977,0.49998,0.499982,0.499985,0.499988,0.49999,0.499993,0.499995,0.499996,0.499997,0.499998,0.499999,0.499999,0.5,0.5,0.5,0.5,0.5,0.5,0.5,0.5,0.5,0.5,0.5,0.5,0.5,0.5,0.5,0.5
0.5,0.5,0.5,0.5,0.5,0.5,0.5,0.5,0.5,0.5,0.5,0.5,0.5,0.5,0.5,0.5,0.5,0.499999,0.499999,0.499998,0.499998,0.499997,0.499996,0.499995,0.499993,0.499992,0.49999,0.499988,0.499987,0.499986,0.499985,0.499985,0.499985,0.499985,0.499986,0.499987,0.499988,0.49999,0.499992,0.499993,0.499995,0.499996,0.499997,0.499998,0.499998,0.499999,0.499999,0.5,0.5,0.5,0.5,0.5,0.5,0.5,0.5,0.5,0.5,0.5,0.5,0.5,0.5,0.5,0.5,0.5
0.5,0.5,0.5,0.5,0.5,0.5,0.5,0.5,0.5,0.5,0.5,0.5,0.5,0.5,0.5,0.5,0.5,0.499999,0.499999,0.499998,0.499998,0.499997,0.499996,0.499995,0.499993,0.499992,0.49999,0.499988,0.499987,0.499986,0.499985,0.499985,0.499985,0.499985,0.499986,0.499987,0.499988,0.49999,0.499992,0.499993,0.499995,0.499996,0.499997,0.499998,0.499998,0.499999,0.499999,0.5,0.5,0.5,0.5,0.5,0.5,0.5,0.5,0.5,0.5,0.5,0.5,0.5,0.5,0.5,0.5,0.5
