0.5,0.5,0.5,0.5,0.5,0.5,0.5,0.5,0.5,0.499999,0.499999,0.499998,0.499997,0.499996,0.499993,0.499989,0.499983,0.499976,0.499965,0.499951,0.499934,0.499913,0.499888,0.49986,0.499829,0.499797,0.499764,0.499733,0.499706,0.499683,0.499668,0.499659,0.499659,0.499668,0.499683,0.499706,0.499733,0.499764,0.499797,0.499829,0.49986,0.499888,0.499913,0.499934,0.499951,0.499965,0.499976,0.499983,0.499989,0.499993,0.499996,0.499997,0.499998,0.499999,0.499999,0.5,0.5,0.5,0.5,0.5,0.5,0.5,0.5,0.5
0.5,0.5,0.5,0.5,0.5,0.5,0.5,0.5,0.5,0.499999,0.499999,0.499998,0.499997,0.499996,0.499993,0.499989,0.499983,0.499976,0.499965,0.499951,0.499934,0.499913,0.499888,0.49986,0.499829,0.499797,0.499764,0.499733,0.499706,0.499683,0.499668,0.499659,0.499659,0.499668,0.499683,0.499706,0.499733,0.499764,0.499797,0.499829,0.49986,0.499888,0.499913,0.499934,0.499951,0.499965,0.499976,0.499983,0.499989,0.499993,0.499996,0.499997,0.499998,0.499999,0.499999,0.5,0.5,0.5,0.5,0.5,0.5,0.5,0.5,0.5
0.5,0.5,0.5,0.5,0.5,0.5,0.5,0.5,0.5,0.499999,0.499999,0.499997,0.499996,0.499993,0.499989,0.499982,0.499974,0.499961,0.499945,0.499924,0.499898,0.499865,0.499828,0.499785,0.499739,0.49969,0.499642,0.499595,0.499554,0.499521,0.499497,0.499485,0.499485,0.499497,0.499521,0.499554,0.499595,0.499642,0.49969,0.499739,0.499785,0.499828,0.499865,0.499898,0.499924,0.499945,0.499961,0.499974,0.499982,0.499989,0.499993,0.499996,0.499997,0.499999,0.499999,0.5,0.5,0.5,0.5,0.5,0.5,0.5,0.5,0.5
0.5,0.5,0.5,0.5,0.5,0.5,0.5,0.5,0.499999,0.499998,0.499997,0.499995,0.499992,0.499986,0.499978,0.499967,0.49995,0.499927,0.499897,0.499858,0.49981,0.499752,0.499684,0.499607,0.499524,0.499437,0.499351,0.49927,0.499197,0.499138,0.499097,0.499076,0.499076,0.499097,0.499138,0.499197,0.49927,0.499351,0.499437,0.499524,0.499607,0.499684,0.499752,0.49981,0.499858,0.499897,0.499927,0.49995,0.499967,0.499978,0.499986,0.499992,0.499995,0.499997,0.499998,0.499999,0.5,0.5,0.5,0.5,0.5,0.5,0.5,0.5
0.5,0.5,0.5,0.5,0.5,0.5,0.499999,0.499999,0.499998,0.499997,0.499994,0.49999,0.499983,0.499973,0.499957,0.499935,0.499903,0.499859,0.499802,0.499729,0.499638,0.49953,0.499404,0.499262,0.49911,0.498952,0.498795,0.498647,0.498516,0.49841,0.498335,0.498297,0.498297,0.498335,0.49841,0.498516,0.498647,0.498795,0.498952,0.49911,0.499262,0.499404,0.49953,0.499638,0.499729,0.499802,0.499859,0.499903,0.499935,0.499957,0.499973,0.499983,0.49999,0.499994,0.499997,0.499998,0.499999,0.499999,0.5,0.5,0.5,0.5,0.5,0.5
0.5,0.5,0.5,0.5,0.5,0.499999,0.499999,0.499998,0.499996,0.499993,0.499988,0.49998,0.499967,0.499947,0.499917,0.499875,0.499815,0.499734,0.499627,0.499492,0.499326,0.499127,0.498898,0.498643,0.498369,0.498086,0.497806,0.497543,0.497311,0.497123,0.496991,0.496923,0.496923,0.496991,0.497123,0.497311,0.497543,0.497806,0.498086,0.498369,0.498643,0.498898,0.499127,0.499326,0.499492,0.499627,0.499734,0.499815,0.499875,0.499917,0.499947,0.499967,0.49998,0.499988,0.499993,0.499996,0.499998,0.499999,0.499999,0.5,0.5,0.5,0.5,0.5
0.5,0.5,0.5,0.5,0.499999,0.499999,0.499998,0.499996,0.499993,0.499987,0.499978,0.499962,0.499938,0.4999,0.499845,0.499766,0.499657,0.49951,0.499318,0.499076,0.49878,0.498428,0.498025,0.497579,0.497101,0.496611,0.496127,0.495675,0.495277,0.494955,0.49473,0.494613,0.494613,0.49473,0.494955,0.495277,0.495675,0.496127,0.496611,0.497101,0.497579,0.498025,0.498428,0.49878,0.499076,0.499318,0.49951,0.499657,0.499766,0.499845,0.4999,0.499938,0.499962,0.499978,0.499987,0.499993,0.499996,0.499998,0.499999,0.499999,0.5,0.5,0.5,0.5
0.5,0.5,0.5,0.5,0.499999,0.499998,0.499996,0.499993,0.499986,0.499976,0.499958,0.49993,0.499885,0.499818,0.499719,0.499579,0.499385,0.499127,0.498792,0.498372,0.497861,0.49726,0.496574,0.495819,0.495015,0.494193,0.493388,0.492636,0.491977,0.491447,0.491075,0.490883,0.490883,0.491075,0.491447,0.491977,0.492636,0.493388,0.494193,0.495015,0.495819,0.496574,0.49726,0.497861,0.498372,0.498792,0.499127,0.499385,0.499579,0.499719,0.499818,0.499885,0.49993,0.499958,0.499976,0.499986,0.499993,0.499996,0.499998,0.499999,0.5,0.5,0.5,0.5
0.5,0.5,0.5,0.499999,0.499998,0.499996,0.499993,0.499986,0.499975,0.499956,0.499925,0.499874,0.499796,0.499678,0.499506,0.499263,0.498932,0.498492,0.497927,0.497222,0.496371,0.495376,0.494249,0.493014,0.491709,0.490381,0.489085,0.487881,0.486829,0.485985,0.485394,0.48509,0.48509,0.485394,0.485985,0.486829,0.487881,0.489085,0.490381,0.491709,0.493014,0.494249,0.495376,0.496371,0.497222,0.497927,0.498492,0.498932,0.499263,0.499506,0.499678,0.499796,0.499874,0.499925,0.499956,0.499975,0.499986,0.499993,0.499996,0.499998,0.499999,0.5,0.5,0.5
0.499999,0.499999,0.499999,0.499998,0.499997,0.499993,0.499987,0.499976,0.499956,0.499923,0.499868,0.499781,0.499647,0.499446,0.499157,0.498752,0.498201,0.497477,0.496552,0.495409,0.494039,0.492447,0.490657,0.488709,0.486662,0.484591,0.48258,0.480721,0.479102,0.477807,0.476902,0.476438,0.476438,0.476902,0.477807,0.479102,0.480721,0.48258,0.484591,0.486662,0.488709,0.490657,0.492447,0.494039,0.495409,0.496552,0.497477,0.498201,0.498752,0.499157,0.499446,0.499647,0.499781,0.499868,0.499923,0.499956,0.499976,0.499987,0.499993,0.499997,0.499998,0.499999,0.499999,0.499999
0.499999,0.499999,0.499999,0.499997,0.499994,0.499988,0.499978,0.499958,0.499925,0.499868,0.499776,0.49963,0.499408,0.499078,0.498605,0.497948,0.497063,0.495908,0.494445,0.49265,0.490515,0.488054,0.485307,0.482339,0.479241,0.476125,0.473116,0.470347,0.467948,0.466033,0.4647,0.464016,0.464016,0.4647,0.466033,0.467948,0.470347,0.473116,0.476125,0.479241,0.482339,0.485307,0.488054,0.490515,0.49265,0.494445,0.495908,0.497063,0.497948,0.498605,0.499078,0.499408,0.49963,0.499776,0.499868,0.499925,0.499958,0.499978,0.499988,0.499994,0.499997,0.499999,0.499999,0.499999
0.499998,0.499998,0.499997,0.499995,0.49999,0.49998,0.499962,0.49993,0.499874,0.499781,0.49963,0.499394,0.499036,0.49851,0.497761,0.496729,0.49535,0.493565,0.491323,0.488596,0.485379,0.4817,0.477626,0.473257,0.46873,0.464207,0.459867,0.455894,0.452466,0.449741,0.447849,0.446879,0.446879,0.447849,0.449741,0.452466,0.455894,0.459867,0.464207,0.46873,0.473257,0.477626,0.4817,0.485379,0.488596,0.491323,0.493565,0.49535,0.496729,0.497761,0.49851,0.499036,0.499394,0.49963,0.499781,0.499874,0.49993,0.499962,0.49998,0.49999,0.499995,0.499997,0.499998,0.499998
0.499997,0.499997,0.499996,0.499992,0.499983,0.499967,0.499938,0.499885,0.499796,0.499647,0.499408,0.499036,0.498476,0.497661,0.496511,0.494938,0.492856,0.490182,0.486856,0.482844,0.478152,0.472835,0.466994,0.460784,0.454398,0.448065,0.442027,0.436534,0.431818,0.428084,0.425498,0.424176,0.424176,0.425498,0.428084,0.431818,0.436534,0.442027,0.448065,0.454398,0.460784,0.466994,0.472835,0.478152,0.482844,0.486856,0.490182,0.492856,0.494938,0.496511,0.497661,0.498476,0.499036,0.499408,0.499647,0.499796,0.499885,0.499938,0.499967,0.499983,0.499992,0.499996,0.499997,0.499997
0.499996,0.499996,0.499993,0.499986,0.499973,0.499947,0.4999,0.499818,0.499678,0.499446,0.499078,0.49851,0.497661,0.496435,0.49472,0.492396,0.489344,0.485463,0.480679,0.474962,0.46834,0.460903,0.45281,0.444281,0.435585,0.427029,0.418934,0.411616,0.405369,0.400445,0.397047,0.395312,0.395312,0.397047,0.400445,0.405369,0.411616,0.418934,0.427029,0.435585,0.444281,0.45281,0.460903,0.46834,0.474962,0.480679,0.485463,0.489344,0.492396,0.49472,0.496435,0.497661,0.49851,0.499078,0.499446,0.499678,0.499818,0.4999,0.499947,0.499973,0.499986,0.499993,0.499996,0.499996
0.499993,0.499993,0.499989,0.499978,0.499957,0.499917,0.499845,0.499719,0.499506,0.499157,0.498605,0.497761,0.496511,0.49472,0.492236,0.4889,0.484562,0.479098,0.472426,0.464533,0.45548,0.445415,0.434571,0.423251,0.411819,0.40067,0.390207,0.380818,0.372853,0.366609,0.362314,0.360128,0.360128,0.362314,0.366609,0.372853,0.380818,0.390207,0.40067,0.411819,0.423251,0.434571,0.445415,0.45548,0.464533,0.472426,0.479098,0.484562,0.4889,0.492236,0.49472,0.496511,0.497761,0.498605,0.499157,0.499506,0.499719,0.499845,0.499917,0.499957,0.499978,0.499989,0.499993,0.499993
0.499989,0.499989,0.499982,0.499967,0.499935,0.499875,0.499766,0.499579,0.499263,0.498752,0.497948,0.496729,0.494938,0.492396,0.4889,0.484251,0.478262,0.470793,0.461768,0.451201,0.439211,0.426023,0.411964,0.397446,0.382934,0.368919,0.355887,0.344289,0.334521,0.326908,0.321695,0.319048,0.319048,0.321695,0.326908,0.334521,0.344289,0.355887,0.368919,0.382934,0.397446,0.411964,0.426023,0.439211,0.451201,0.461768,0.470793,0.478262,0.484251,0.4889,0.492396,0.494938,0.496729,0.497948,0.498752,0.499263,0.499579,0.499766,0.499875,0.499935,0.499967,0.499982,0.499989,0.499989
0.499983,0.499983,0.499974,0.49995,0.499903,0.499815,0.499657,0.499385,0.498932,0.498201,0.497063,0.49535,0.492856,0.489344,0.484562,0.478262,0.470229,0.460313,0.44846,0.434736,0.419339,0.402599,0.384962,0.366958,0.349167,0.332173,0.316535,0.302749,0.291233,0.282318,0.276245,0.273171,0.273171,0.276245,0.282318,0.291233,0.302749,0.316535,0.332173,0.349167,0.366958,0.384962,0.402599,0.419339,0.434736,0.44846,0.460313,0.470229,0.478262,0.484562,0.489344,0.492856,0.49535,0.497063,0.498201,0.498932,0.499385,0.499657,0.499815,0.499903,0.49995,0.499974,0.499983,0.499983
0.499976,0.499976,0.499961,0.499927,0.499859,0.499734,0.49951,0.499127,0.498492,0.497477,0.495908,0.493565,0.490182,0.485463,0.479098,0.470793,0.460313,0.447516,0.432392,0.415084,0.395902,0.375305,0.353879,0.332285,0.311217,0.291342,0.273268,0.257507,0.244468,0.234454,0.227673,0.224253,0.224253,0.227673,0.234454,0.244468,0.257507,0.273268,0.291342,0.311217,0.332285,0.353879,0.375305,0.395902,0.415084,0.432392,0.447516,0.460313,0.470793,0.479098,0.485463,0.490182,0.493565,0.495908,0.497477,0.498492,0.499127,0.49951,0.499734,0.499859,0.499927,0.499961,0.499976,0.499976
0.499965,0.499965,0.499945,0.499897,0.499802,0.499627,0.499318,0.498792,0.497927,0.496552,0.494445,0.491323,0.486856,0.480679,0.472426,0.461768,0.44846,0.432392,0.413624,0.392412,0.369205,0.34462,0.319396,0.294335,0.27023,0.24781,0.227698,0.210383,0.196222,0.18545,0.178209,0.174573,0.174573,0.178209,0.18545,0.196222,0.210383,0.227698,0.24781,0.27023,0.294335,0.319396,0.34462,0.369205,0.392412,0.413624,0.432392,0.44846,0.461768,0.472426,0.480679,0.486856,0.491323,0.494445,0.496552,0.497927,0.498792,0.499318,0.499627,0.499802,0.499897,0.499945,0.499965,0.499965
0.499951,0.499951,0.499924,0.499858,0.499729,0.499492,0.499076,0.498372,0.497222,0.495409,0.49265,0.488596,0.482844,0.474962,0.464533,0.451201,0.434736,0.415084,0.392412,0.367119,0.339825,0.311329,0.282533,0.25437,0.227715,0.203324,0.181791,0.163534,0.148807,0.137737,0.130363,0.126682,0.126682,0.130363,0.137737,0.148807,0.163534,0.181791,0.203324,0.227715,0.25437,0.282533,0.311329,0.339825,0.367119,0.392412,0.415084,0.434736,0.451201,0.464533,0.474962,0.482844,0.488596,0.49265,0.495409,0.497222,0.498372,0.499076,0.499492,0.499729,0.499858,0.499924,0.499951,0.499951
0.499934,0.499934,0.499898,0.49981,0.499638,0.499326,0.49878,0.497861,0.496371,0.494039,0.490515,0.485379,0.478152,0.46834,0.45548,0.439211,0.419339,0.395902,0.369205,0.339825,0.308584,0.276471,0.244557,0.213888,0.18539,0.159802,0.137638,0.119192,0.104569,0.0937415,0.0866135,0.0830816,0.0830816,0.0866135,0.0937415,0.104569,0.119192,0.137638,0.159802,0.18539,0.213888,0.244557,0.276471,0.308584,0.339825,0.369205,0.395902,0.419339,0.439211,0.45548,0.46834,0.478152,0.485379,0.490515,0.494039,0.496371,0.497861,0.49878,0.499326,0.499638,0.49981,0.499898,0.499934,0.499934
0.499913,0.499913,0.499865,0.499752,0.49953,0.499127,0.498428,0.49726,0.495376,0.492447,0.488054,0.4817,0.472835,0.460903,0.445415,0.426023,0.402599,0.375305,0.34462,0.311329,0.276471,0.241239,0.206858,0.174461,0.144986,0.119105,0.0972,0.0793894,0.0655829,0.0555633,0.0490726,0.0458902,0.0458902,0.0490726,0.0555633,0.0655829,0.0793894,0.0972,0.119105,0.144986,0.174461,0.206858,0.241239,0.276471,0.311329,0.34462,0.375305,0.402599,0.426023,0.445415,0.460903,0.472835,0.4817,0.488054,0.492447,0.495376,0.49726,0.498428,0.499127,0.49953,0.499752,0.499865,0.499913,0.499913
0.499888,0.499888,0.499828,0.499684,0.499404,0.498898,0.498025,0.496574,0.494249,0.490657,0.485307,0.477626,0.466994,0.45281,0.434571,0.411964,0.384962,0.353879,0.319396,0.282533,0.244557,0.206858,0.170795,0.137556,0.108043,0.0828113,0.0620624,0.0456939,0.0333848,0.0247025,0.01921,0.0165595,0.0165595,0.01921,0.0247025,0.0333848,0.0456939,0.0620624,0.0828113,0.108043,0.137556,0.170795,0.206858,0.244557,0.282533,0.319396,0.353879,0.384962,0.411964,0.434571,0.45281,0.466994,0.477626,0.485307,0.490657,0.494249,0.496574,0.498025,0.498898,0.499404,0.499684,0.499828,0.499888,0.499888
0.49986,0.49986,0.499785,0.499607,0.499262,0.498643,0.497579,0.495819,0.493014,0.488709,0.482339,0.473257,0.460784,0.444281,0.423251,0.397446,0.366958,0.332285,0.294335,0.25437,0.213888,0.174461,0.137556,0.104374,0.0757364,0.0520353,0.0332504,0.0190267,0.00879053,0.00188129,-0.00232193,-0.00429509,-0.00429509,-0.00232193,0.00188129,0.00879053,0.0190267,0.0332504,0.0520353,0.0757364,0.104374,0.137556,0.174461,0.213888,0.25437,0.294335,0.332285,0.366958,0.397446,0.423251,0.444281,0.460784,0.473257,0.482339,0.488709,0.493014,0.495819,0.497579,0.498643,0.499262,0.499607,0.499785,0.49986,0.49986
0.499829,0.499829,0.499739,0.499524,0.49911,0.498369,0.497101,0.495015,0.491709,0.486662,0.479241,0.46873,0.454398,0.435585,0.411819,0.382934,0.349167,0.311217,0.27023,0.227715,0.18539,0.144986,0.108043,0.0757364,0.0487659,0.0273233,0.0111382,-0.000413617,-0.00816499,-0.0130023,-0.0157237,-0.0169256,-0.0169256,-0.0157237,-0.0130023,-0.00816499,-0.000413617,0.0111382,0.0273233,0.0487659,0.0757364,0.108043,0.144986,0.18539,0.227715,0.27023,0.311217,0.349167,0.382934,0.411819,0.435585,0.454398,0.46873,0.479241,0.486662,0.491709,0.495015,0.497101,0.498369,0.49911,0.499524,0.499739,0.499829,0.499829
0.499797,0.499797,0.49969,0.499437,0.498952,0.498086,0.496611,0.494193,0.490381,0.484591,0.476125,0.464207,0.448065,0.427029,0.40067,0.368919,0.332173,0.291342,0.24781,0.203324,0.159802,0.119105,0.0828113,0.0520353,0.0273233,0.00864369,-0.00453637,-0.0131113,-0.0181639,-0.020791,-0.0219507,-0.0223455,-0.0223455,-0.0219507,-0.020791,-0.0181639,-0.0131113,-0.00453637,0.00864369,0.0273233,0.0520353,0.0828113,0.119105,0.159802,0.203324,0.24781,0.291342,0.332173,0.368919,0.40067,0.427029,0.448065,0.464207,0.476125,0.484591,0.490381,0.494193,0.496611,0.498086,0.498952,0.499437,0.49969,0.499797,0.499797
0.499764,0.499764,0.499642,0.499351,0.498795,0.497806,0.496127,0.493388,0.489085,0.48258,0.473116,0.459867,0.442027,0.418934,0.390207,0.355887,0.316535,0.273268,0.227698,0.181791,0.137638,0.0972,0.0620624,0.0332504,0.0111382,-0.00453637,-0.0145646,-0.0200963,-0.0224418,-0.0228827,-0.0225129,-0.0221219,-0.0221219,-0.0225129,-0.0228827,-0.0224418,-0.0200963,-0.0145646,-0.00453637,0.0111382,0.0332504,0.0620624,0.0972,0.137638,0.181791,0.227698,0.273268,0.316535,0.355887,0.390207,0.418934,0.442027,0.459867,0.473116,0.48258,0.489085,0.493388,0.496127,0.497806,0.498795,0.499351,0.499642,0.499764,0.499764
0.499733,0.499733,0.499595,0.49927,0.498647,0.497543,0.495675,0.492636,0.487881,0.480721,0.470347,0.455894,0.436534,0.411616,0.380818,0.344289,0.302749,0.257507,0.210383,0.163534,0.119192,0.0793894,0.0456939,0.0190267,-0.000413617,-0.0131113,-0.0200963,-0.0227456,-0.0225656,-0.0209904,-0.0192215,-0.0181154,-0.0181154,-0.0192215,-0.0209904,-0.0225656,-0.0227456,-0.0200963,-0.0131113,-0.000413617,0.0190267,0.0456939,0.0793894,0.119192,0.163534,0.210383,0.257507,0.302749,0.344289,0.380818,0.411616,0.436534,0.455894,0.470347,0.480721,0.487881,0.492636,0.495675,0.497543,0.498647,0.49927,0.499595,0.499733,0.499733
0.499706,0.499706,0.499554,0.499197,0.498516,0.497311,0.495277,0.491977,0.486829,0.479102,0.467948,0.452466,0.431818,0.405369,0.372853,0.334521,0.291233,0.244468,0.196222,0.148807,0.104569,0.0655829,0.0333848,0.00879053,-0.00816499,-0.0181639,-0.0224418,-0.0225656,-0.0201992,-0.0168953,-0.0139354,-0.012223,-0.012223,-0.0139354,-0.0168953,-0.0201992,-0.0225656,-0.0224418,-0.0181639,-0.00816499,0.00879053,0.0333848,0.0655829,0.104569,0.148807,0.196222,0.244468,0.291233,0.334521,0.372853,0.405369,0.431818,0.452466,0.467948,0.479102,0.486829,0.491977,0.495277,0.497311,0.498516,0.499197,0.499554,0.499706,0.499706
0.499683,0.499683,0.499521,0.499138,0.49841,0.497123,0.494955,0.491447,0.485985,0.477807,0.466033,0.449741,0.428084,0.400445,0.366609,0.326908,0.282318,0.234454,0.18545,0.137737,0.0937415,0.0555633,0.0247025,0.00188129,-0.0130023,-0.020791,-0.0228827,-0.0209904,-0.0168953,-0.0122352,-0.00834637,-0.00616288,-0.00616288,-0.00834637,-0.0122352,-0.0168953,-0.0209904,-0.0228827,-0.020791,-0.0130023,0.00188129,0.0247025,0.0555633,0.0937415,0.137737,0.18545,0.234454,0.282318,0.326908,0.366609,0.400445,0.428084,0.449741,0.466033,0.477807,0.485985,0.491447,0.494955,0.497123,0.49841,0.499138,0.499521,0.499683,0.499683
0.499668,0.499668,0.499497,0.499097,0.498335,0.496991,0.49473,0.491075,0.485394,0.476902,0.4647,0.447849,0.425498,0.397047,0.362314,0.321695,0.276245,0.227673,0.178209,0.130363,0.0866135,0.0490726,0.01921,-0.00232193,-0.0157237,-0.0219507,-0.0225129,-0.0192215,-0.0139354,-0.00834637,-0.00382398,-0.00132011,-0.00132011,-0.00382398,-0.00834637,-0.0139354,-0.0192215,-0.0225129,-0.0219507,-0.0157237,-0.00232193,0.01921,0.0490726,0.0866135,0.130363,0.178209,0.227673,0.276245,0.321695,0.362314,0.397047,0.425498,0.447849,0.4647,0.476902,0.485394,0.491075,0.49473,0.496991,0.498335,0.499097,0.499497,0.499668,0.499668
0.499659,0.499659,0.499485,0.499076,0.498297,0.496923,0.494613,0.490883,0.48509,0.476438,0.464016,0.446879,0.424176,0.395312,0.360128,0.319048,0.273171,0.224253,0.174573,0.126682,0.0830816,0.0458902,0.0165595,-0.00429509,-0.0169256,-0.0223455,-0.0221219,-0.0181154,-0.012223,-0.00616288,-0.00132011,0.0013455,0.0013455,-0.00132011,-0.00616288,-0.012223,-0.0181154,-0.0221219,-0.0223455,-0.0169256,-0.00429509,0.0165595,0.0458902,0.0830816,0.126682,0.174573,0.224253,0.273171,0.319048,0.360128,0.395312,0.424176,0.446879,0.464016,0.476438,0.48509,0.490883,0.494613,0.496923,0.498297,0.499076,0.499485,0.499659,0.499659
0.499659,0.499659,0.499485,0.499076,0.498297,0.496923,0.494613,0.490883,0.48509,0.476438,0.464016,0.446879,0.424176,0.395312,0.360128,0.319048,0.273171,0.224253,0.174573,0.126682,0.0830816,0.0458902,0.0165595,-0.00429509,-0.0169256,-0.0223455,-0.0221219,-0.0181154,-0.012223,-0.00616288,-0.00132011,0.0013455,0.0013455,-0.00132011,-0.00616288,-0.012223,-0.0181154,-0.0221219,-0.0223455,-0.0169256,-0.00429509,0.0165595,0.0458902,0.0830816,0.126682,0.174573,0.224253,0.273171,0.319048,0.360128,0.395312,0.424176,0.446879,0.464016,0.476438,0.48509,0.490883,0.494613,0.496923,0.498297,0.499076,0.499485,0.499659,0.499659
0.499668,0.499668,0.499497,0.499097,0.498335,0.496991,0.49473,0.491075,0.485394,0.476902,0.4647,0.447849,0.425498,0.397047,0.362314,0.321695,0.276245,0.227673,0.178209,0.130363,0.0866135,0.0490726,0.01921,-0.00232193,-0.0157237,-0.0219507,-0.0225129,-0.0192215,-0.0139354,-0.00834637,-0.00382398,-0.00132011,-0.00132011,-0.00382398,-0.00834637,-0.0139354,-0.0192215,-0.0225129,-0.0219507,-0.0157237,-0.00232193,0.01921,0.0490726,0.0866135,0.130363,0.178209,0.227673,0.276245,0.321695,0.362314,0.397047,0.425498,0.447849,0.4647,0.476902,0.485394,0.491075,0.49473,0.496991,0.498335,0.499097,0.499497,0.499668,0.499668
0.499683,0.499683,0.499521,0.499138,0.49841,0.497123,0.494955,0.491447,0.485985,0.477807,0.466033,0.449741,0.428084,0.400445,0.366609,0.326908,0.282318,0.234454,0.18545,0.137737,0.0937415,0.0555633,0.0247025,0.00188129,-0.0130023,-0.020791,-0.0228827,-0.0209904,-0.0168953,-0.0122352,-0.00834637,-0.00616288,-0.00616288,-0.00834637,-0.0122352,-0.0168953,-0.0209904,-0.0228827,-0.020791,-0.0130023,0.00188129,0.0247025,0.0555633,0.0937415,0.137737,0.18545,0.234454,0.282318,0.326908,0.366609,0.400445,0.428084,0.449741,0.466033,0.477807,0.485985,0.491447,0.494955,0.497123,0.49841,0.499138,0.499521,0.499683,0.499683
0.499706,0.499706,0.499554,0.499197,0.498516,0.497311,0.495277,0.491977,0.486829,0.479102,0.467948,0.452466,0.431818,0.405369,0.372853,0.334521,0.291233,0.244468,0.196222,0.148807,0.104569,0.0655829,0.0333848,0.00879053,-0.00816499,-0.0181639,-0.0224418,-0.0225656,-0.0201992,-0.0168953,-0.0139354,-0.012223,-0.012223,-0.0139354,-0.0168953,-0.0201992,-0.0225656,-0.0224418,-0.0181639,-0.00816499,0.00879053,0.0333848,0.0655829,0.104569,0.148807,0.196222,0.244468,0.291233,0.334521,0.372853,0.405369,0.431818,0.452466,0.467948,0.479102,0.486829,0.491977,0.495277,0.497311,0.498516,0.499197,0.499554,0.499706,0.499706
0.499733,0.499733,0.499595,0.49927,0.498647,0.497543,0.495675,0.492636,0.487881,0.480721,0.470347,0.455894,0.436534,0.411616,0.380818,0.344289,0.302749,0.257507,0.210383,0.163534,0.119192,0.0793894,0.0456939,0.0190267,-0.000413617,-0.0131113,-0.0200963,-0.0227456,-0.0225656,-0.0209904,-0.0192215,-0.0181154,-0.0181154,-0.0192215,-0.0209904,-0.0225656,-0.0227456,-0.0200963,-0.0131113,-0.000413617,0.0190267,0.0456939,0.0793894,0.119192,0.163534,0.210383,0.257507,0.302749,0.344289,0.380818,0.411616,0.436534,0.455894,0.470347,0.480721,0.487881,0.492636,0.495675,0.497543,0.498647,0.49927,0.499595,0.499733,0.499733
0.499764,0.499764,0.499642,0.499351,0.498795,0.497806,0.496127,0.493388,0.489085,0.48258,0.473116,0.459867,0.442027,0.418934,0.390207,0.355887,0.316535,0.273268,0.227698,0.181791,0.137638,0.0972,0.0620624,0.0332504,0.0111382,-0.00453637,-0.0145646,-0.0200963,-0.0224418,-0.0228827,-0.0225129,-0.0221219,-0.0221219,-0.0225129,-0.0228827,-0.0224418,-0.0200963,-0.0145646,-0.00453637,0.0111382,0.0332504,0.0620624,0.0972,0.137638,0.181791,0.227698,0.273268,0.316535,0.355887,0.390207,0.418934,0.442027,0.459867,0.473116,0.48258,0.489085,0.493388,0.496127,0.497806,0.498795,0.499351,0.499642,0.499764,0.499764
0.499797,0.499797,0.49969,0.499437,0.498952,0.498086,0.496611,0.494193,0.490381,0.484591,0.476125,0.464207,0.448065,0.427029,0.40067,0.368919,0.332173,0.291342,0.24781,0.203324,0.159802,0.119105,0.0828113,0.0520353,0.0273233,0.00864369,-0.00453637,-0.0131113,-0.0181639,-0.020791,-0.0219507,-0.0223455,-0.0223455,-0.0219507,-0.020791,-0.0181639,-0.0131113,-0.00453637,0.00864369,0.0273233,0.0520353,0.0828113,0.119105,0.159802,0.203324,0.24781,0.291342,0.332173,0.368919,0.40067,0.427029,0.448065,0.464207,0.476125,0.484591,0.490381,0.494193,0.496611,0.498086,0.498952,0.499437,0.49969,0.499797,0.499797
0.499829,0.499829,0.499739,0.499524,0.49911,0.498369,0.497101,0.495015,0.491709,0.486662,0.479241,0.46873,0.454398,0.435585,0.411819,0.382934,0.349167,0.311217,0.27023,0.227715,0.18539,0.144986,0.108043,0.0757364,0.0487659,0.0273233,0.0111382,-0.000413617,-0.00816499,-0.0130023,-0.0157237,-0.0169256,-0.0169256,-0.0157237,-0.0130023,-0.00816499,-0.000413617,0.0111382,0.0273233,0.0487659,0.0757364,0.108043,0.144986,0.18539,0.227715,0.27023,0.311217,0.349167,0.382934,0.411819,0.435585,0.454398,0.46873,0.479241,0.486662,0.491709,0.495015,0.497101,0.498369,0.49911,0.499524,0.499739,0.499829,0.499829
0.49986,0.49986,0.499785,0.499607,0.499262,0.498643,0.497579,0.495819,0.493014,0.488709,0.482339,0.473257,0.460784,0.444281,0.423251,0.397446,0.366958,0.332285,0.294335,0.25437,0.213888,0.174461,0.137556,0.104374,0.0757364,0.0520353,0.0332504,0.0190267,0.00879053,0.00188129,-0.00232193,-0.00429509,-0.00429509,-0.00232193,0.00188129,0.00879053,0.0190267,0.0332504,0.0520353,0.0757364,0.104374,0.137556,0.174461,0.213888,0.25437,0.294335,0.332285,0.366958,0.397446,0.423251,0.444281,0.460784,0.473257,0.482339,0.488709,0.493014,0.495819,0.497579,0.498643,0.499262,0.499607,0.499785,0.49986,0.49986
0.499888,0.499888,0.499828,0.499684,0.499404,0.498898,0.498025,0.496574,0.494249,0.490657,0.485307,0.477626,0.466994,0.45281,0.434571,0.411964,0.384962,0.353879,0.319396,0.282533,0.244557,0.206858,0.170795,0.137556,0.108043,0.0828113,0.0620624,0.0456939,0.0333848,0.0247025,0.01921,0.0165595,0.0165595,0.01921,0.0247025,0.0333848,0.0456939,0.0620624,0.0828113,0.108043,0.137556,0.170795,0.206858,0.244557,0.282533,0.319396,0.353879,0.384962,0.411964,0.434571,0.45281,0.466994,0.477626,0.485307,0.490657,0.494249,0.496574,0.498025,0.498898,0.499404,0.499684,0.499828,0.499888,0.499888
0.499913,0.499913,0.499865,0.499752,0.49953,0.499127,0.498428,0.49726,0.495376,0.492447,0.488054,0.4817,0.472835,0.460903,0.445415,0.426023,0.402599,0.375305,0.34462,0.311329,0.276471,0.241239,0.206858,0.174461,0.144986,0.119105,0.0972,0.0793894,0.0655829,0.0555633,0.0490726,0.0458902,0.0458902,0.0490726,0.0555633,0.0655829,0.0793894,0.0972,0.119105,0.144986,0.174461,0.206858,0.241239,0.276471,0.311329,0.34462,0.375305,0.402599,0.426023,0.445415,0.460903,0.472835,0.4817,0.488054,0.492447,0.495376,0.49726,0.498428,0.499127,0.49953,0.499752,0.499865,0.499913,0.499913
0.499934,0.499934,0.499898,0.49981,0.499638,0.499326,0.49878,0.497861,0.496371,0.494039,0.490515,0.485379,0.478152,0.46834,0.45548,0.439211,0.419339,0.395902,0.369205,0.339825,0.308584,0.276471,0.244557,0.213888,0.18539,0.159802,0.137638,0.119192,0.104569,0.0937415,0.0866135,0.0830816,0.0830816,0.0866135,0.0937415,0.104569,0.119192,0.137638,0.159802,0.18539,0.213888,0.244557,0.276471,0.308584,0.339825,0.369205,0.395902,0.419339,0.439211,0.45548,0.46834,0.478152,0.485379,0.490515,0.494039,0.496371,0.497861,0.49878,0.499326,0.499638,0.49981,0.499898,0.499934,0.499934
0.499951,0.499951,0.499924,0.499858,0.499729,0.499492,0.499076,0.498372,0.497222,0.495409,0.49265,0.488596,0.482844,0.474962,0.464533,0.451201,0.434736,0.415084,0.392412,0.367119,0.339825,0.311329,0.282533,0.25437,0.227715,0.203324,0.181791,0.163534,0.148807,0.137737,0.130363,0.126682,0.126682,0.130363,0.137737,0.148807,0.163534,0.181791,0.203324,0.227715,0.25437,0.282533,0.311329,0.339825,0.367119,0.392412,0.415084,0.434736,0.451201,0.464533,0.474962,0.482844,0.488596,0.49265,0.495409,0.497222,0.498372,0.499076,0.499492,0.499729,0.499858,0.499924,0.499951,0.499951
0.499965,0.499965,0.499945,0.499897,0.499802,0.499627,0.499318,0.498792,0.497927,0.496552,0.494445,0.491323,0.486856,0.480679,0.472426,0.461768,0.44846,0.432392,0.413624,0.392412,0.369205,0.34462,0.319396,0.294335,0.27023,0.24781,0.227698,0.210383,0.196222,0.18545,0.178209,0.174573,0.174573,0.178209,0.18545,0.196222,0.210383,0.227698,0.24781,0.27023,0.294335,0.319396,0.34462,0.369205,0.392412,0.413624,0.432392,0.44846,0.461768,0.472426,0.480679,0.486856,0.491323,0.494445,0.496552,0.497927,0.498792,0.499318,0.499627,0.499802,0.499897,0.499945,0.499965,0.499965
0.499976,0.499976,0.499961,0.499927,0.499859,0.499734,0.49951,0.499127,0.498492,0.497477,0.495908,0.493565,0.490182,0.485463,0.479098,0.470793,0.460313,0.447516,0.432392,0.415084,0.395902,0.375305,0.353879,0.332285,0.311217,0.291342,0.273268,0.257507,0.244468,0.234454,0.227673,0.224253,0.224253,0.227673,0.234454,0.244468,0.257507,0.273268,0.291342,0.311217,0.332285,0.353879,0.375305,0.395902,0.415084,0.432392,0.447516,0.460313,0.470793,0.479098,0.485463,0.490182,0.493565,0.495908,0.497477,0.498492,0.499127,0.49951,0.499734,0.499859,0.499927,0.499961,0.499976,0.499976
0.499983,0.499983,0.499974,0.49995,0.499903,0.499815,0.499657,0.499385,0.498932,0.498201,0.497063,0.49535,0.492856,0.489344,0.484562,0.478262,0.470229,0.460313,0.44846,0.434736,0.419339,0.402599,0.384962,0.366958,0.349167,0.332173,0.316535,0.302749,0.291233,0.282318,0.276245,0.273171,0.273171,0.276245,0.282318,0.291233,0.302749,0.316535,0.332173,0.349167,0.366958,0.384962,0.402599,0.419339,0.434736,0.44846,0.460313,0.470229,0.478262,0.484562,0.489344,0.492856,0.49535,0.497063,0.498201,0.498932,0.499385,0.499657,0.499815,0.499903,0.49995,0.499974,0.499983,0.499983
0.499989,0.499989,0.499982,0.499967,0.499935,0.499875,0.499766,0.499579,0.499263,0.498752,0.497948,0.496729,0.494938,0.492396,0.4889,0.484251,0.478262,0.470793,0.461768,0.451201,0.439211,0.426023,0.411964,0.397446,0.382934,0.368919,0.355887,0.344289,0.334521,0.326908,0.321695,0.319048,0.319048,0.321695,0.326908,0.334521,0.344289,0.355887,0.368919,0.382934,0.397446,0.411964,0.426023,0.439211,0.451201,0.461768,0.470793,0.478262,0.484251,0.4889,0.492396,0.494938,0.496729,0.497948,0.498752,0.499263,0.499579,0.499766,0.499875,0.499935,0.499967,0.499982,0.499989,0.499989
0.499993,0.499993,0.499989,0.499978,0.499957,0.499917,0.499845,0.499719,0.499506,0.499157,0.498605,0.497761,0.496511,0.49472,0.492236,0.4889,0.484562,0.479098,0.472426,0.464533,0.45548,0.445415,0.434571,0.423251,0.411819,0.40067,0.390207,0.380818,0.372853,0.366609,0.362314,0.360128,0.360128,0.362314,0.366609,0.372853,0.380818,0.390207,0.40067,0.411819,0.423251,0.434571,0.445415,0.45548,0.464533,0.472426,0.479098,0.484562,0.4889,0.492236,0.49472,0.496511,0.497761,0.498605,0.499157,0.499506,0.499719,0.499845,0.499917,0.499957,0.499978,0.499989,0.499993,0.499993
0.499996,0.499996,0.499993,0.499986,0.499973,0.499947,0.4999,0.499818,0.499678,0.499446,0.499078,0.49851,0.497661,0.496435,0.49472,0.492396,0.489344,0.485463,0.480679,0.474962,0.46834,0.460903,0.45281,0.444281,0.435585,0.427029,0.418934,0.411616,0.405369,0.400445,0.397047,0.395312,0.395312,0.397047,0.400445,0.405369,0.411616,0.418934,0.427029,0.435585,0.444281,0.45281,0.460903,0.46834,0.474962,0.480679,0.485463,0.489344,0.492396,0.49472,0.496435,0.497661,0.49851,0.499078,0.499446,0.499678,0.499818,0.4999,0.499947,0.499973,0.499986,0.499993,0.499996,0.499996
0.499997,0.499997,0.499996,0.499992,0.499983,0.499967,0.499938,0.499885,0.499796,0.499647,0.499408,0.499036,0.498476,0.497661,0.496511,0.494938,0.492856,0.490182,0.486856,0.482844,0.478152,0.472835,0.466994,0.460784,0.454398,0.448065,0.442027,0.436534,0.431818,0.428084,0.425498,0.424176,0.424176,0.425498,0.428084,0.431818,0.436534,0.442027,0.448065,0.454398,0.460784,0.466994,0.472835,0.478152,0.482844,0.486856,0.490182,0.492856,0.494938,0.496511,0.497661,0.498476,0.499036,0.499408,0.499647,0.499796,0.499885,0.499938,0.499967,0.499983,0.499992,0.499996,0.499997,0.499997
0.499998,0.499998,0.499997,0.499995,0.49999,0.49998,0.499962,0.49993,0.499874,0.499781,0.49963,0.499394,0.499036,0.49851,0.497761,0.496729,0.49535,0.493565,0.491323,0.488596,0.485379,0.4817,0.477626,0.473257,0.46873,0.464207,0.459867,0.455894,0.452466,0.449741,0.447849,0.446879,0.446879,0.447849,0.449741,0.452466,0.455894,0.459867,0.464207,0.46873,0.473257,0.477626,0.4817,0.485379,0.488596,0.491323,0.493565,0.49535,0.496729,0.497761,0.49851,0.499036,0.499394,0.49963,0.499781,0.499874,0.49993,0.499962,0.49998,0.49999,0.499995,0.499997,0.499998,0.499998
0.499999,0.499999,0.499999,0.499997,0.499994,0.499988,0.499978,0.499958,0.499925,0.499868,0.499776,0.49963,0.499408,0.499078,0.498605,0.497948,0.497063,0.495908,0.494445,0.49265,0.490515,0.488054,0.485307,0.482339,0.479241,0.476125,0.473116,0.470347,0.467948,0.466033,0.4647,0.464016,0.464016,0.4647,0.466033,0.467948,0.470347,0.473116,0.476125,0.479241,0.482339,0.485307,0.488054,0.490515,0.49265,0.494445,0.495908,0.497063,0.497948,0.498605,0.499078,0.499408,0.49963,0.499776,0.499868,0.499925,0.499958,0.499978,0.499988,0.499994,0.499997,0.499999,0.499999,0.499999
0.499999,0.499999,0.499999,0.499998,0.499997,0.499993,0.499987,0.499976,0.499956,0.499923,0.499868,0.499781,0.499647,0.499446,0.499157,0.498752,0.498201,0.497477,0.496552,0.495409,0.494039,0.492447,0.490657,0.488709,0.486662,0.484591,0.48258,0.480721,0.479102,0.477807,0.476902,0.476438,0.476438,0.476902,0.477807,0.479102,0.480721,0.48258,0.484591,0.486662,0.488709,0.490657,0.492447,0.494039,0.495409,0.496552,0.497477,0.498201,0.498752,0.499157,0.499446,0.499647,0.499781,0.499868,0.499923,0.499956,0.499976,0.499987,0.499993,0.499997,0.499998,0.499999,0.499999,0.499999
0.5,0.5,0.5,0.499999,0.499998,0.499996,0.499993,0.499986,0.499975,0.499956,0.499925,0.499874,0.499796,0.499678,0.499506,0.499263,0.498932,0.498492,0.497927,0.497222,0.496371,0.495376,0.494249,0.493014,0.491709,0.490381,0.489085,0.487881,0.486829,0.485985,0.485394,0.48509,0.48509,0.485394,0.485985,0.486829,0.487881,0.489085,0.490381,0.491709,0.493014,0.494249,0.495376,0.496371,0.497222,0.497927,0.498492,0.498932,0.499263,0.499506,0.499678,0.499796,0.499874,0.499925,0.499956,0.499975,0.499986,0.499993,0.499996,0.499998,0.499999,0.5,0.5,0.5
0.5,0.5,0.5,0.5,0.499999,0.499998,0.499996,0.499993,0.499986,0.499976,0.499958,0.49993,0.499885,0.499818,0.499719,0.499579,0.499385,0.499127,0.498792,0.498372,0.497861,0.49726,0.496574,0.495819,0.495015,0.494193,0.493388,0.492636,0.491977,0.491447,0.491075,0.490883,0.490883,0.491075,0.491447,0.491977,0.492636,0.493388,0.494193,0.495015,0.495819,0.496574,0.49726,0.497861,0.498372,0.498792,0.499127,0.499385,0.499579,0.499719,0.499818,0.499885,0.49993,0.499958,0.499976,0.499986,0.499993,0.499996,0.499998,0.499999,0.5,0.5,0.5,0.5
0.5,0.5,0.5,0.5,0.499999,0.499999,0.499998,0.499996,0.499993,0.499987,0.499978,0.499962,0.499938,0.4999,0.499845,0.499766,0.499657,0.49951,0.499318,0.499076,0.49878,0.498428,0.498025,0.497579,0.497101,0.496611,0.496127,0.495675,0.495277,0.494955,0.49473,0.494613,0.494613,0.49473,0.494955,0.495277,0.495675,0.496127,0.496611,0.497101,0.497579,0.498025,0.498428,0.49878,0.499076,0.499318,0.49951,0.499657,0.499766,0.499845,0.4999,0.499938,0.499962,0.499978,0.499987,0.499993,0.499996,0.499998,0.499999,0.499999,0.5,0.5,0.5,0.5
0.5,0.5,0.5,0.5,0.5,0.499999,0.499999,0.499998,0.499996,0.499993,0.499988,0.49998,0.499967,0.499947,0.499917,0.499875,0.499815,0.499734,0.499627,0.499492,0.499326,0.499127,0.498898,0.498643,0.498369,0.498086,0.497806,0.497543,0.497311,0.497123,0.496991,0.496923,0.496923,0.496991,0.497123,0.497311,0.497543,0.497806,0.498086,0.498369,0.498643,0.498898,0.499127,0.499326,0.499492,0.499627,0.499734,0.499815,0.499875,0.499917,0.499947,0.499967,0.49998,0.499988,0.499993,0.499996,0.499998,0.499999,0.499999,0.5,0.5,0.5,0.5,0.5
0.5,0.5,0.5,0.5,0.5,0.5,0.499999,0.499999,0.499998,0.499997,0.499994,0.49999,0.499983,0.499973,0.499957,0.499935,0.499903,0.499859,0.499802,0.499729,0.499638,0.49953,0.499404,0.499262,0.49911,0.498952,0.498795,0.498647,0.498516,0.49841,0.498335,0.498297,0.498297,0.498335,0.49841,0.498516,0.498647,0.498795,0.498952,0.49911,0.499262,0.499404,0.49953,0.499638,0.499729,0.499802,0.499859,0.499903,0.499935,0.499957,0.499973,0.499983,0.49999,0.499994,0.499997,0.499998,0.499999,0.499999,0.5,0.5,0.5,0.5,0.5,0.5
0.5,0.5,0.5,0.5,0.5,0.5,0.5,0.5,0.499999,0.499998,0.499997,0.499995,0.499992,0.499986,0.499978,0.499967,0.49995,0.499927,0.499897,0.499858,0.49981,0.499752,0.499684,0.499607,0.499524,0.499437,0.499351,0.49927,0.499197,0.499138,0.499097,0.499076,0.499076,0.499097,0.499138,0.499197,0.49927,0.499351,0.499437,0.499524,0.499607,0.499684,0.499752,0.49981,0.499858,0.499897,0.499927,0.49995,0.499967,0.499978,0.499986,0.499992,0.499995,0.499997,0.499998,0.499999,0.5,0.5,0.5,0.5,0.5,0.5,0.5,0.5
0.5,0.5,0.5,0.5,0.5,0.5,0.5,0.5,0.5,0.499999,0.499999,0.499997,0.499996,0.499993,0.499989,0.499982,0.499974,0.499961,0.499945,0.499924,0.499898,0.499865,0.499828,0.499785,0.499739,0.49969,0.499642,0.499595,0.499554,0.499521,0.499497,0.499485,0.499485,0.499497,0.499521,0.499554,0.499595,0.499642,0.49969,0.499739,0.499785,0.499828,0.499865,0.499898,0.499924,0.499945,0.499961,0.499974,0.499982,0.499989,0.499993,0.499996,0.499997,0.499999,0.499999,0.5,0.5,0.5,0.5,0.5,0.5,0.5,0.5,0.5
0.5,0.5,0.5,0.5,0.5,0.5,0.5,0.5,0.5,0.499999,0.499999,0.499998,0.499997,0.499996,0.499993,0.499989,0.499983,0.499976,0.499965,0.499951,0.499934,0.499913,0.499888,0.49986,0.499829,0.499797,0.499764,0.499733,0.499706,0.499683,0.499668,0.499659,0.499659,0.499668,0.499683,0.499706,0.499733,0.499764,0.499797,0.499829,0.49986,0.499888,0.499913,0.499934,0.499951,0.499965,0.499976,0.499983,0.499989,0.499993,0.499996,0.499997,0.499998,0.499999,0.499999,0.5,0.5,0.5,0.5,0.5,0.5,0.5,0.5,0.5
0.5,0.5,0.5,0.5,0.5,0.5,0.5,0.5,0.5,0.499999,0.499999,0.499998,0.499997,0.499996,0.499993,0.499989,0.499983,0.499976,0.499965,0.499951,0.499934,0.499913,0.499888,0.49986,0.499829,0.499797,0.499764,0.499733,0.499706,0.499683,0.499668,0.499659,0.499659,0.499668,0.499683,0.499706,0.499733,0.499764,0.499797,0.499829,0.49986,0.499888,0.499913,0.499934,0.499951,0.499965,0.499976,0.499983,0.499989,0.499993,0.499996,0.499997,0.499998,0.499999,0.499999,0.5,0.5,0.5,0.5,0.5,0.5,0.5,0.5,0.5
