0.5,0.5,0.5,0.499999,0.499999,0.499997,0.499995,0.499992,0.499986,0.499976,0.499961,0.499938,0.499904,0.499855,0.499787,0.499693,0.499569,0.49941,0.499211,0.498968,0.498682,0.498352,0.497986,0.497589,0.497175,0.496757,0.496353,0.49598,0.495656,0.495396,0.495215,0.495122,0.495122,0.495215,0.495396,0.495656,0.49598,0.496353,0.496757,0.497175,0.497589,0.497986,0.498352,0.498682,0.498968,0.499211,0.49941,0.499569,0.499693,0.499787,0.499855,0.499904,0.499938,0.499961,0.499976,0.499986,0.499992,0.499995,0.499997,0.499999,0.499999,0.5,0.5,0.5
0.5,0.5,0.5,0.499999,0.499999,0.499997,0.499995,0.499992,0.499986,0.499976,0.499961,0.499938,0.499904,0.499855,0.499787,0.499693,0.499569,0.49941,0.499211,0.498968,0.498682,0.498352,0.497986,0.497589,0.497175,0.496757,0.496353,0.49598,0.495656,0.495396,0.495215,0.495122,0.495122,0.495215,0.495396,0.495656,0.49598,0.496353,0.496757,0.497175,0.497589,0.497986,0.498352,0.498682,0.498968,0.499211,0.49941,0.499569,0.499693,0.499787,0.499855,0.499904,0.499938,0.499961,0.499976,0.499986,0.499992,0.499995,0.499997,0.499999,0.499999,0.5,0.5,0.5
0.5,0.5,0.499999,0.499999,0.499998,0.499996,0.499993,0.499988,0.499979,0.499966,0.499944,0.499912,0.499864,0.499796,0.499702,0.499574,0.499406,0.499191,0.498925,0.498602,0.498223,0.497791,0.497312,0.496798,0.496263,0.495726,0.495208,0.494731,0.494318,0.493988,0.493759,0.493641,0.493641,0.493759,0.493988,0.494318,0.494731,0.495208,0.495726,0.496263,0.496798,0.497312,0.497791,0.498223,0.498602,0.498925,0.499191,0.499406,0.499574,0.499702,0.499796,0.499864,0.499912,0.499944,0.499966,0.499979,0.499988,0.499993,0.499996,0.499998,0.499999,0.499999,0.5,0.5
0.499999,0.499999,0.499999,0.499998,0.499996,0.499993,0.499988,0.499979,0.499965,0.499941,0.499905,0.499852,0.499773,0.499663,0.49951,0.499306,0.49904,0.498703,0.498288,0.497792,0.497213,0.496558,0.495838,0.49507,0.494277,0.493486,0.492727,0.492032,0.491432,0.490954,0.490622,0.490452,0.490452,0.490622,0.490954,0.491432,0.492032,0.492727,0.493486,0.494277,0.49507,0.495838,0.496558,0.497213,0.497792,0.498288,0.498703,0.49904,0.499306,0.49951,0.499663,0.499773,0.499852,0.499905,0.499941,0.499965,0.499979,0.499988,0.499993,0.499996,0.499998,0.499999,0.499999,0.499999
0.499999,0.499999,0.499998,0.499996,0.499993,0.499988,0.499978,0.499962,0.499936,0.499896,0.499833,0.499741,0.499607,0.49942,0.499165,0.498826,0.498389,0.497841,0.497172,0.496378,0.495461,0.494431,0.493308,0.49212,0.4909,0.489691,0.488538,0.487487,0.486584,0.485867,0.485369,0.485115,0.485115,0.485369,0.485867,0.486584,0.487487,0.488538,0.489691,0.4909,0.49212,0.493308,0.494431,0.495461,0.496378,0.497172,0.497841,0.498389,0.498826,0.499165,0.49942,0.499607,0.499741,0.499833,0.499896,0.499936,0.499962,0.499978,0.499988,0.499993,0.499996,0.499998,0.499999,0.499999
0.499997,0.499997,0.499996,0.499993,0.499988,0.499978,0.499961,0.499933,0.499888,0.499817,0.49971,0.499552,0.499327,0.499014,0.498591,0.498035,0.497324,0.496441,0.495373,0.494116,0.492678,0.491076,0.489343,0.487522,0.485667,0.483839,0.482106,0.480535,0.479189,0.478125,0.477389,0.477012,0.477012,0.477389,0.478125,0.479189,0.480535,0.482106,0.483839,0.485667,0.487522,0.489343,0.491076,0.492678,0.494116,0.495373,0.496441,0.497324,0.498035,0.498591,0.499014,0.499327,0.499552,0.49971,0.499817,0.499888,0.499933,0.499961,0.499978,0.499988,0.499993,0.499996,0.499997,0.499997
0.499995,0.499995,0.499993,0.499988,0.499978,0.499961,0.499931,0.499883,0.499806,0.499686,0.499507,0.499245,0.498875,0.498364,0.49768,0.496791,0.495665,0.494278,0.492616,0.490679,0.488481,0.486055,0.483452,0.480737,0.477992,0.475306,0.472773,0.47049,0.468542,0.467007,0.465948,0.465408,0.465408,0.465948,0.467007,0.468542,0.47049,0.472773,0.475306,0.477992,0.480737,0.483452,0.486055,0.488481,0.490679,0.492616,0.494278,0.495665,0.496791,0.49768,0.498364,0.498875,0.499245,0.499507,0.499686,0.499806,0.499883,0.499931,0.499961,0.499978,0.499988,0.499993,0.499995,0.499995
0.499992,0.499992,0.499988,0.499979,0.499962,0.499933,0.499883,0.499802,0.499674,0.499477,0.499185,0.498763,0.498169,0.49736,0.496288,0.494906,0.493173,0.491061,0.488554,0.485659,0.482405,0.478846,0.47506,0.471145,0.467216,0.4634,0.459826,0.456619,0.453898,0.451762,0.450292,0.449543,0.449543,0.450292,0.451762,0.453898,0.456619,0.459826,0.4634,0.467216,0.471145,0.47506,0.478846,0.482405,0.485659,0.488554,0.491061,0.493173,0.494906,0.496288,0.49736,0.498169,0.498763,0.499185,0.499477,0.499674,0.499802,0.499883,0.499933,0.499962,0.499979,0.499988,0.499992,0.499992
0.499986,0.499986,0.499979,0.499965,0.499936,0.499888,0.499806,0.499674,0.499467,0.499153,0.49869,0.498027,0.497106,0.495861,0.494229,0.492145,0.489561,0.486442,0.482778,0.47859,0.47393,0.468882,0.463561,0.458109,0.452684,0.447454,0.44259,0.438254,0.434593,0.431731,0.429767,0.428768,0.428768,0.429767,0.431731,0.434593,0.438254,0.44259,0.447454,0.452684,0.458109,0.463561,0.468882,0.47393,0.47859,0.482778,0.486442,0.489561,0.492145,0.494229,0.495861,0.497106,0.498027,0.49869,0.499153,0.499467,0.499674,0.499806,0.499888,0.499936,0.499965,0.499979,0.499986,0.499986
0.499976,0.499976,0.499966,0.499941,0.499896,0.499817,0.499686,0.499477,0.499153,0.498665,0.497952,0.496942,0.495551,0.493693,0.49128,0.488235,0.484497,0.480034,0.474849,0.468985,0.46253,0.45561,0.448391,0.441064,0.43384,0.426935,0.420562,0.41492,0.410182,0.406497,0.403975,0.402696,0.402696,0.403975,0.406497,0.410182,0.41492,0.420562,0.426935,0.43384,0.441064,0.448391,0.45561,0.46253,0.468985,0.474849,0.480034,0.484497,0.488235,0.49128,0.493693,0.495551,0.496942,0.497952,0.498665,0.499153,0.499477,0.499686,0.499817,0.499896,0.499941,0.499966,0.499976,0.499976
0.499961,0.499961,0.499944,0.499905,0.499833,0.49971,0.499507,0.499185,0.49869,0.497952,0.496885,0.495388,0.49335,0.490655,0.487193,0.482872,0.477629,0.47144,0.464332,0.456387,0.447739,0.438574,0.429116,0.419619,0.410348,0.40157,0.393538,0.386479,0.380591,0.376033,0.372927,0.371354,0.371354,0.372927,0.376033,0.380591,0.386479,0.393538,0.40157,0.410348,0.419619,0.429116,0.438574,0.447739,0.456387,0.464332,0.47144,0.477629,0.482872,0.487193,0.490655,0.49335,0.495388,0.496885,0.497952,0.49869,0.499185,0.499507,0.49971,0.499833,0.499905,0.499944,0.499961,0.499961
0.499938,0.499938,0.499912,0.499852,0.499741,0.499552,0.499245,0.498763,0.498027,0.496942,0.495388,0.493231,0.490326,0.486527,0.481704,0.475752,0.468617,0.460296,0.450857,0.440434,0.42923,0.417499,0.405539,0.393668,0.382209,0.371471,0.361739,0.353259,0.346237,0.340833,0.337166,0.335313,0.335313,0.337166,0.340833,0.346237,0.353259,0.361739,0.371471,0.382209,0.393668,0.405539,0.417499,0.42923,0.440434,0.450857,0.460296,0.468617,0.475752,0.481704,0.486527,0.490326,0.493231,0.495388,0.496942,0.498027,0.498763,0.499245,0.499552,0.499741,0.499852,0.499912,0.499938,0.499938
0.499904,0.499904,0.499864,0.499773,0.499607,0.499327,0.498875,0.498169,0.497106,0.495551,0.49335,0.490326,0.486299,0.481092,0.47456,0.466598,0.457172,0.44632,0.43417,0.420931,0.406888,0.39238,0.377783,0.36348,0.349844,0.337216,0.325894,0.316124,0.3081,0.301968,0.297827,0.295742,0.295742,0.297827,0.301968,0.3081,0.316124,0.325894,0.337216,0.349844,0.36348,0.377783,0.39238,0.406888,0.420931,0.43417,0.44632,0.457172,0.466598,0.47456,0.481092,0.486299,0.490326,0.49335,0.495551,0.497106,0.498169,0.498875,0.499327,0.499607,0.499773,0.499864,0.499904,0.499904
0.499855,0.499855,0.499796,0.499663,0.49942,0.499014,0.498364,0.49736,0.495861,0.493693,0.490655,0.486527,0.481092,0.47415,0.465547,0.455195,0.443099,0.429364,0.414199,0.39791,0.38088,0.363543,0.346351,0.329747,0.314138,0.299875,0.287246,0.27647,0.267706,0.26106,0.2566,0.254362,0.254362,0.2566,0.26106,0.267706,0.27647,0.287246,0.299875,0.314138,0.329747,0.346351,0.363543,0.38088,0.39791,0.414199,0.429364,0.443099,0.455195,0.465547,0.47415,0.481092,0.486527,0.490655,0.493693,0.495861,0.49736,0.498364,0.499014,0.49942,0.499663,0.499796,0.499855,0.499855
0.499787,0.499787,0.499702,0.49951,0.499165,0.498591,0.49768,0.496288,0.494229,0.49128,0.487193,0.481704,0.47456,0.465547,0.454519,0.441428,0.426343,0.40946,0.391097,0.371675,0.351688,0.331667,0.312134,0.293574,0.276403,0.260954,0.247473,0.236123,0.227,0.220149,0.215584,0.213303,0.213303,0.215584,0.220149,0.227,0.236123,0.247473,0.260954,0.276403,0.293574,0.312134,0.331667,0.351688,0.371675,0.391097,0.40946,0.426343,0.441428,0.454519,0.465547,0.47456,0.481704,0.487193,0.49128,0.494229,0.496288,0.49768,0.498591,0.499165,0.49951,0.499702,0.499787,0.499787
0.499693,0.499693,0.499574,0.499306,0.498826,0.498035,0.496791,0.494906,0.492145,0.488235,0.482872,0.475752,0.466598,0.455195,0.441428,0.425313,0.407014,0.386845,0.365258,0.342806,0.3201,0.297757,0.276356,0.256395,0.238269,0.222257,0.208527,0.197155,0.188146,0.181462,0.177049,0.174857,0.174857,0.177049,0.181462,0.188146,0.197155,0.208527,0.222257,0.238269,0.256395,0.276356,0.297757,0.3201,0.342806,0.365258,0.386845,0.407014,0.425313,0.441428,0.455195,0.466598,0.475752,0.482872,0.488235,0.492145,0.494906,0.496791,0.498035,0.498826,0.499306,0.499574,0.499693,0.499693
0.499569,0.499569,0.499406,0.49904,0.498389,0.497324,0.495665,0.493173,0.489561,0.484497,0.477629,0.468617,0.457172,0.443099,0.426343,0.407014,0.385401,0.361966,0.337313,0.312135,0.287154,0.263062,0.240464,0.219837,0.201515,0.185685,0.172403,0.161628,0.153252,0.147137,0.143149,0.141183,0.141183,0.143149,0.147137,0.153252,0.161628,0.172403,0.185685,0.201515,0.219837,0.240464,0.263062,0.287154,0.312135,0.337313,0.361966,0.385401,0.407014,0.426343,0.443099,0.457172,0.468617,0.477629,0.484497,0.489561,0.493173,0.495665,0.497324,0.498389,0.49904,0.499406,0.499569,0.499569
0.49941,0.49941,0.499191,0.498703,0.497841,0.496441,0.494278,0.491061,0.486442,0.480034,0.47144,0.460296,0.44632,0.429364,0.40946,0.386845,0.361966,0.335455,0.308079,0.28067,0.254048,0.228951,0.205973,0.18553,0.167854,0.153002,0.140889,0.131332,0.124095,0.118932,0.115625,0.114015,0.114015,0.115625,0.118932,0.124095,0.131332,0.140889,0.153002,0.167854,0.18553,0.205973,0.228951,0.254048,0.28067,0.308079,0.335455,0.361966,0.386845,0.40946,0.429364,0.44632,0.460296,0.47144,0.480034,0.486442,0.491061,0.494278,0.496441,0.497841,0.498703,0.499191,0.49941,0.49941
0.499211,0.499211,0.498925,0.498288,0.497172,0.495373,0.492616,0.488554,0.482778,0.474849,0.464332,0.450857,0.43417,0.414199,0.391097,0.365258,0.337313,0.308079,0.278489,0.249502,0.222011,0.196761,0.174293,0.15492,0.13873,0.125619,0.115339,0.107553,0.101891,0.0980018,0.0955876,0.0944358,0.0944358,0.0955876,0.0980018,0.101891,0.107553,0.115339,0.125619,0.13873,0.15492,0.174293,0.196761,0.222011,0.249502,0.278489,0.308079,0.337313,0.365258,0.391097,0.414199,0.43417,0.450857,0.464332,0.474849,0.482778,0.488554,0.492616,0.495373,0.497172,0.498288,0.498925,0.499211,0.499211
0.498968,0.498968,0.498602,0.497792,0.496378,0.494116,0.490679,0.485659,0.47859,0.468985,0.456387,0.440434,0.420931,0.39791,0.371675,0.342806,0.312135,0.28067,0.249502,0.219695,0.192176,0.167656,0.146576,0.129104,0.115152,0.104433,0.0965231,0.0909312,0.0871626,0.0847692,0.0833868,0.082761,0.082761,0.0833868,0.0847692,0.0871626,0.0909312,0.0965231,0.104433,0.115152,0.129104,0.146576,0.167656,0.192176,0.219695,0.249502,0.28067,0.312135,0.342806,0.371675,0.39791,0.420931,0.440434,0.456387,0.468985,0.47859,0.485659,0.490679,0.494116,0.496378,0.497792,0.498602,0.498968,0.498968
0.498682,0.498682,0.498223,0.497213,0.495461,0.492678,0.488481,0.482405,0.47393,0.46253,0.447739,0.42923,0.406888,0.38088,0.351688,0.3201,0.287154,0.254048,0.222011,0.192176,0.165464,0.142502,0.123594,0.108722,0.0976003,0.0897472,0.0845655,0.0814226,0.0797159,0.0789218,0.0786282,0.0785528,0.0785528,0.0786282,0.0789218,0.0797159,0.0814226,0.0845655,0.0897472,0.0976003,0.108722,0.123594,0.142502,0.165464,0.192176,0.222011,0.254048,0.287154,0.3201,0.351688,0.38088,0.406888,0.42923,0.447739,0.46253,0.47393,0.482405,0.488481,0.492678,0.495461,0.497213,0.498223,0.498682,0.498682
0.498352,0.498352,0.497791,0.496558,0.494431,0.491076,0.486055,0.478846,0.468882,0.45561,0.438574,0.417499,0.39238,0.363543,0.331667,0.297757,0.263062,0.228951,0.196761,0.167656,0.142502,0.121805,0.105686,0.0939211,0.0860136,0.081289,0.0789917,0.0783693,0.0787383,0.0795263,0.0802957,0.0807536,0.0807536,0.0802957,0.0795263,0.0787383,0.0783693,0.0789917,0.081289,0.0860136,0.0939211,0.105686,0.121805,0.142502,0.167656,0.196761,0.228951,0.263062,0.297757,0.331667,0.363543,0.39238,0.417499,0.438574,0.45561,0.468882,0.478846,0.486055,0.491076,0.494431,0.496558,0.497791,0.498352,0.498352
0.497986,0.497986,0.497312,0.495838,0.493308,0.489343,0.483452,0.47506,0.463561,0.448391,0.429116,0.405539,0.377783,0.346351,0.312134,0.276356,0.240464,0.205973,0.174293,0.146576,0.123594,0.105686,0.0927685,0.0843952,0.0798601,0.0783108,0.0788567,0.0806561,0.0829755,0.085223,0.0869597,0.0878987,0.0878987,0.0869597,0.085223,0.0829755,0.0806561,0.0788567,0.0783108,0.0798601,0.0843952,0.0927685,0.105686,0.123594,0.146576,0.174293,0.205973,0.240464,0.276356,0.312134,0.346351,0.377783,0.405539,0.429116,0.448391,0.463561,0.47506,0.483452,0.489343,0.493308,0.495838,0.497312,0.497986,0.497986
0.497589,0.497589,0.496798,0.49507,0.49212,0.487522,0.480737,0.471145,0.458109,0.441064,0.419619,0.393668,0.36348,0.329747,0.293574,0.256395,0.219837,0.18553,0.15492,0.129104,0.108722,0.0939211,0.0843952,0.0794758,0.0782597,0.0797403,0.0829227,0.0869087,0.0909475,0.0944555,0.0970142,0.0983578,0.0983578,0.0970142,0.0944555,0.0909475,0.0869087,0.0829227,0.0797403,0.0782597,0.0794758,0.0843952,0.0939211,0.108722,0.129104,0.15492,0.18553,0.219837,0.256395,0.293574,0.329747,0.36348,0.393668,0.419619,0.441064,0.458109,0.471145,0.480737,0.487522,0.49212,0.49507,0.496798,0.497589,0.497589
0.497175,0.497175,0.496263,0.494277,0.4909,0.485667,0.477992,0.467216,0.452684,0.43384,0.410348,0.382209,0.349844,0.314138,0.276403,0.238269,0.201515,0.167854,0.13873,0.115152,0.0976003,0.0860136,0.0798601,0.0782597,0.0801339,0.0843511,0.0898451,0.0956938,0.101158,0.105685,0.108895,0.110555,0.110555,0.108895,0.105685,0.101158,0.0956938,0.0898451,0.0843511,0.0801339,0.0782597,0.0798601,0.0860136,0.0976003,0.115152,0.13873,0.167854,0.201515,0.238269,0.276403,0.314138,0.349844,0.382209,0.410348,0.43384,0.452684,0.467216,0.477992,0.485667,0.4909,0.494277,0.496263,0.497175,0.497175
0.496757,0.496757,0.495726,0.493486,0.489691,0.483839,0.475306,0.4634,0.447454,0.426935,0.40157,0.371471,0.337216,0.299875,0.260954,0.222257,0.185685,0.153002,0.125619,0.104433,0.0897472,0.081289,0.0783108,0.0797403,0.0843511,0.0909182,0.0983347,0.105682,0.112256,0.117553,0.121243,0.123132,0.123132,0.121243,0.117553,0.112256,0.105682,0.0983347,0.0909182,0.0843511,0.0797403,0.0783108,0.081289,0.0897472,0.104433,0.125619,0.153002,0.185685,0.222257,0.260954,0.299875,0.337216,0.371471,0.40157,0.426935,0.447454,0.4634,0.475306,0.483839,0.489691,0.493486,0.495726,0.496757,0.496757
0.496353,0.496353,0.495208,0.492727,0.488538,0.482106,0.472773,0.459826,0.44259,0.420562,0.393538,0.361739,0.325894,0.287246,0.247473,0.208527,0.172403,0.140889,0.115339,0.0965231,0.0845655,0.0789917,0.0788567,0.0829227,0.0898451,0.0983347,0.10727,0.115759,0.123143,0.12898,0.132994,0.135034,0.135034,0.132994,0.12898,0.123143,0.115759,0.10727,0.0983347,0.0898451,0.0829227,0.0788567,0.0789917,0.0845655,0.0965231,0.115339,0.140889,0.172403,0.208527,0.247473,0.287246,0.325894,0.361739,0.393538,0.420562,0.44259,0.459826,0.472773,0.482106,0.488538,0.492727,0.495208,0.496353,0.496353
0.49598,0.49598,0.494731,0.492032,0.487487,0.480535,0.47049,0.456619,0.438254,0.41492,0.386479,0.353259,0.316124,0.27647,0.236123,0.197155,0.161628,0.131332,0.107553,0.0909312,0.0814226,0.0783693,0.0806561,0.0869087,0.0956938,0.105682,0.115759,0.125066,0.133003,0.139188,0.1434,0.145528,0.145528,0.1434,0.139188,0.133003,0.125066,0.115759,0.105682,0.0956938,0.0869087,0.0806561,0.0783693,0.0814226,0.0909312,0.107553,0.131332,0.161628,0.197155,0.236123,0.27647,0.316124,0.353259,0.386479,0.41492,0.438254,0.456619,0.47049,0.480535,0.487487,0.492032,0.494731,0.49598,0.49598
0.495656,0.495656,0.494318,0.491432,0.486584,0.479189,0.468542,0.453898,0.434593,0.410182,0.380591,0.346237,0.3081,0.267706,0.227,0.188146,0.153252,0.124095,0.101891,0.0871626,0.0797159,0.0787383,0.0829755,0.0909475,0.101158,0.112256,0.123143,0.133003,0.14129,0.147678,0.151996,0.154167,0.154167,0.151996,0.147678,0.14129,0.133003,0.123143,0.112256,0.101158,0.0909475,0.0829755,0.0787383,0.0797159,0.0871626,0.101891,0.124095,0.153252,0.188146,0.227,0.267706,0.3081,0.346237,0.380591,0.410182,0.434593,0.453898,0.468542,0.479189,0.486584,0.491432,0.494318,0.495656,0.495656
0.495396,0.495396,0.493988,0.490954,0.485867,0.478125,0.467007,0.451762,0.431731,0.406497,0.376033,0.340833,0.301968,0.26106,0.220149,0.181462,0.147137,0.118932,0.0980018,0.0847692,0.0789218,0.0795263,0.085223,0.0944555,0.105685,0.117553,0.12898,0.139188,0.147678,0.154171,0.158534,0.160721,0.160721,0.158534,0.154171,0.147678,0.139188,0.12898,0.117553,0.105685,0.0944555,0.085223,0.0795263,0.0789218,0.0847692,0.0980018,0.118932,0.147137,0.181462,0.220149,0.26106,0.301968,0.340833,0.376033,0.406497,0.431731,0.451762,0.467007,0.478125,0.485867,0.490954,0.493988,0.495396,0.495396
0.495215,0.495215,0.493759,0.490622,0.485369,0.477389,0.465948,0.450292,0.429767,0.403975,0.372927,0.337166,0.297827,0.2566,0.215584,0.177049,0.143149,0.115625,0.0955876,0.0833868,0.0786282,0.0802957,0.0869597,0.0970142,0.108895,0.121243,0.132994,0.1434,0.151996,0.158534,0.162911,0.1651,0.1651,0.162911,0.158534,0.151996,0.1434,0.132994,0.121243,0.108895,0.0970142,0.0869597,0.0802957,0.0786282,0.0833868,0.0955876,0.115625,0.143149,0.177049,0.215584,0.2566,0.297827,0.337166,0.372927,0.403975,0.429767,0.450292,0.465948,0.477389,0.485369,0.490622,0.493759,0.495215,0.495215
0.495122,0.495122,0.493641,0.490452,0.485115,0.477012,0.465408,0.449543,0.428768,0.402696,0.371354,0.335313,0.295742,0.254362,0.213303,0.174857,0.141183,0.114015,0.0944358,0.082761,0.0785528,0.0807536,0.0878987,0.0983578,0.110555,0.123132,0.135034,0.145528,0.154167,0.160721,0.1651,0.167287,0.167287,0.1651,0.160721,0.154167,0.145528,0.135034,0.123132,0.110555,0.0983578,0.0878987,0.0807536,0.0785528,0.082761,0.0944358,0.114015,0.141183,0.174857,0.213303,0.254362,0.295742,0.335313,0.371354,0.402696,0.428768,0.449543,0.465408,0.477012,0.485115,0.490452,0.493641,0.495122,0.495122
0.495122,0.495122,0.493641,0.490452,0.485115,0.477012,0.465408,0.449543,0.428768,0.402696,0.371354,0.335313,0.295742,0.254362,0.213303,0.174857,0.141183,0.114015,0.0944358,0.082761,0.0785528,0.0807536,0.0878987,0.0983578,0.110555,0.123132,0.135034,0.145528,0.154167,0.160721,0.1651,0.167287,0.167287,0.1651,0.160721,0.154167,0.145528,0.135034,0.123132,0.110555,0.0983578,0.0878987,0.0807536,0.0785528,0.082761,0.0944358,0.114015,0.141183,0.174857,0.213303,0.254362,0.295742,0.335313,0.371354,0.402696,0.428768,0.449543,0.465408,0.477012,0.485115,0.490452,0.493641,0.495122,0.495122
0.495215,0.495215,0.493759,0.490622,0.485369,0.477389,0.465948,0.450292,0.429767,0.403975,0.372927,0.337166,0.297827,0.2566,0.215584,0.177049,0.143149,0.115625,0.0955876,0.0833868,0.0786282,0.0802957,0.0869597,0.0970142,0.108895,0.121243,0.132994,0.1434,0.151996,0.158534,0.162911,0.1651,0.1651,0.162911,0.158534,0.151996,0.1434,0.132994,0.121243,0.108895,0.0970142,0.0869597,0.0802957,0.0786282,0.0833868,0.0955876,0.115625,0.143149,0.177049,0.215584,0.2566,0.297827,0.337166,0.372927,0.403975,0.429767,0.450292,0.465948,0.477389,0.485369,0.490622,0.493759,0.495215,0.495215
0.495396,0.495396,0.493988,0.490954,0.485867,0.478125,0.467007,0.451762,0.431731,0.406497,0.376033,0.340833,0.301968,0.26106,0.220149,0.181462,0.147137,0.118932,0.0980018,0.0847692,0.0789218,0.0795263,0.085223,0.0944555,0.105685,0.117553,0.12898,0.139188,0.147678,0.154171,0.158534,0.160721,0.160721,0.158534,0.154171,0.147678,0.139188,0.12898,0.117553,0.105685,0.0944555,0.085223,0.0795263,0.0789218,0.0847692,0.0980018,0.118932,0.147137,0.181462,0.220149,0.26106,0.301968,0.340833,0.376033,0.406497,0.431731,0.451762,0.467007,0.478125,0.485867,0.490954,0.493988,0.495396,0.495396
0.495656,0.495656,0.494318,0.491432,0.486584,0.479189,0.468542,0.453898,0.434593,0.410182,0.380591,0.346237,0.3081,0.267706,0.227,0.188146,0.153252,0.124095,0.101891,0.0871626,0.0797159,0.0787383,0.0829755,0.0909475,0.101158,0.112256,0.123143,0.133003,0.14129,0.147678,0.151996,0.154167,0.154167,0.151996,0.147678,0.14129,0.133003,0.123143,0.112256,0.101158,0.0909475,0.0829755,0.0787383,0.0797159,0.0871626,0.101891,0.124095,0.153252,0.188146,0.227,0.267706,0.3081,0.346237,0.380591,0.410182,0.434593,0.453898,0.468542,0.479189,0.486584,0.491432,0.494318,0.495656,0.495656
0.49598,0.49598,0.494731,0.492032,0.487487,0.480535,0.47049,0.456619,0.438254,0.41492,0.386479,0.353259,0.316124,0.27647,0.236123,0.197155,0.161628,0.131332,0.107553,0.0909312,0.0814226,0.0783693,0.0806561,0.0869087,0.0956938,0.105682,0.115759,0.125066,0.133003,0.139188,0.1434,0.145528,0.145528,0.1434,0.139188,0.133003,0.125066,0.115759,0.105682,0.0956938,0.0869087,0.0806561,0.0783693,0.0814226,0.0909312,0.107553,0.131332,0.161628,0.197155,0.236123,0.27647,0.316124,0.353259,0.386479,0.41492,0.438254,0.456619,0.47049,0.480535,0.487487,0.492032,0.494731,0.49598,0.49598
0.496353,0.496353,0.495208,0.492727,0.488538,0.482106,0.472773,0.459826,0.44259,0.420562,0.393538,0.361739,0.325894,0.287246,0.247473,0.208527,0.172403,0.140889,0.115339,0.0965231,0.0845655,0.0789917,0.0788567,0.0829227,0.0898451,0.0983347,0.10727,0.115759,0.123143,0.12898,0.132994,0.135034,0.135034,0.132994,0.12898,0.123143,0.115759,0.10727,0.0983347,0.0898451,0.0829227,0.0788567,0.0789917,0.0845655,0.0965231,0.115339,0.140889,0.172403,0.208527,0.247473,0.287246,0.325894,0.361739,0.393538,0.420562,0.44259,0.459826,0.472773,0.482106,0.488538,0.492727,0.495208,0.496353,0.496353
0.496757,0.496757,0.495726,0.493486,0.489691,0.483839,0.475306,0.4634,0.447454,0.426935,0.40157,0.371471,0.337216,0.299875,0.260954,0.222257,0.185685,0.153002,0.125619,0.104433,0.0897472,0.081289,0.0783108,0.0797403,0.0843511,0.0909182,0.0983347,0.105682,0.112256,0.117553,0.121243,0.123132,0.123132,0.121243,0.117553,0.112256,0.105682,0.0983347,0.0909182,0.0843511,0.0797403,0.0783108,0.081289,0.0897472,0.104433,0.125619,0.153002,0.185685,0.222257,0.260954,0.299875,0.337216,0.371471,0.40157,0.426935,0.447454,0.4634,0.475306,0.483839,0.489691,0.493486,0.495726,0.496757,0.496757
0.497175,0.497175,0.496263,0.494277,0.4909,0.485667,0.477992,0.467216,0.452684,0.43384,0.410348,0.382209,0.349844,0.314138,0.276403,0.238269,0.201515,0.167854,0.13873,0.115152,0.0976003,0.0860136,0.0798601,0.0782597,0.0801339,0.0843511,0.0898451,0.0956938,0.101158,0.105685,0.108895,0.110555,0.110555,0.108895,0.105685,0.101158,0.0956938,0.0898451,0.0843511,0.0801339,0.0782597,0.0798601,0.0860136,0.0976003,0.115152,0.13873,0.167854,0.201515,0.238269,0.276403,0.314138,0.349844,0.382209,0.410348,0.43384,0.452684,0.467216,0.477992,0.485667,0.4909,0.494277,0.496263,0.497175,0.497175
0.497589,0.497589,0.496798,0.49507,0.49212,0.487522,0.480737,0.471145,0.458109,0.441064,0.419619,0.393668,0.36348,0.329747,0.293574,0.256395,0.219837,0.18553,0.15492,0.129104,0.108722,0.0939211,0.0843952,0.0794758,0.0782597,0.0797403,0.0829227,0.0869087,0.0909475,0.0944555,0.0970142,0.0983578,0.0983578,0.0970142,0.0944555,0.0909475,0.0869087,0.0829227,0.0797403,0.0782597,0.0794758,0.0843952,0.0939211,0.108722,0.129104,0.15492,0.18553,0.219837,0.256395,0.293574,0.329747,0.36348,0.393668,0.419619,0.441064,0.458109,0.471145,0.480737,0.487522,0.49212,0.49507,0.496798,0.497589,0.497589
0.497986,0.497986,0.497312,0.495838,0.493308,0.489343,0.483452,0.47506,0.463561,0.448391,0.429116,0.405539,0.377783,0.346351,0.312134,0.276356,0.240464,0.205973,0.174293,0.146576,0.123594,0.105686,0.0927685,0.0843952,0.0798601,0.0783108,0.0788567,0.0806561,0.0829755,0.085223,0.0869597,0.0878987,0.0878987,0.0869597,0.085223,0.0829755,0.0806561,0.0788567,0.0783108,0.0798601,0.0843952,0.0927685,0.105686,0.123594,0.146576,0.174293,0.205973,0.240464,0.276356,0.312134,0.346351,0.377783,0.405539,0.429116,0.448391,0.463561,0.47506,0.483452,0.489343,0.493308,0.495838,0.497312,0.497986,0.497986
0.498352,0.498352,0.497791,0.496558,0.494431,0.491076,0.486055,0.478846,0.468882,0.45561,0.438574,0.417499,0.39238,0.363543,0.331667,0.297757,0.263062,0.228951,0.196761,0.167656,0.142502,0.121805,0.105686,0.0939211,0.0860136,0.081289,0.0789917,0.0783693,0.0787383,0.0795263,0.0802957,0.0807536,0.0807536,0.0802957,0.0795263,0.0787383,0.0783693,0.0789917,0.081289,0.0860136,0.0939211,0.105686,0.121805,0.142502,0.167656,0.196761,0.228951,0.263062,0.297757,0.331667,0.363543,0.39238,0.417499,0.438574,0.45561,0.468882,0.478846,0.486055,0.491076,0.494431,0.496558,0.497791,0.498352,0.498352
0.498682,0.498682,0.498223,0.497213,0.495461,0.492678,0.488481,0.482405,0.47393,0.46253,0.447739,0.42923,0.406888,0.38088,0.351688,0.3201,0.287154,0.254048,0.222011,0.192176,0.165464,0.142502,0.123594,0.108722,0.0976003,0.0897472,0.0845655,0.0814226,0.0797159,0.0789218,0.0786282,0.0785528,0.0785528,0.0786282,0.0789218,0.0797159,0.0814226,0.0845655,0.0897472,0.0976003,0.108722,0.123594,0.142502,0.165464,0.192176,0.222011,0.254048,0.287154,0.3201,0.351688,0.38088,0.406888,0.42923,0.447739,0.46253,0.47393,0.482405,0.488481,0.492678,0.495461,0.497213,0.498223,0.498682,0.498682
0.498968,0.498968,0.498602,0.497792,0.496378,0.494116,0.490679,0.485659,0.47859,0.468985,0.456387,0.440434,0.420931,0.39791,0.371675,0.342806,0.312135,0.28067,0.249502,0.219695,0.192176,0.167656,0.146576,0.129104,0.115152,0.104433,0.0965231,0.0909312,0.0871626,0.0847692,0.0833868,0.082761,0.082761,0.0833868,0.0847692,0.0871626,0.0909312,0.0965231,0.104433,0.115152,0.129104,0.146576,0.167656,0.192176,0.219695,0.249502,0.28067,0.312135,0.342806,0.371675,0.39791,0.420931,0.440434,0.456387,0.468985,0.47859,0.485659,0.490679,0.494116,0.496378,0.497792,0.498602,0.498968,0.498968
0.499211,0.499211,0.498925,0.498288,0.497172,0.495373,0.492616,0.488554,0.482778,0.474849,0.464332,0.450857,0.43417,0.414199,0.391097,0.365258,0.337313,0.308079,0.278489,0.249502,0.222011,0.196761,0.174293,0.15492,0.13873,0.125619,0.115339,0.107553,0.101891,0.0980018,0.0955876,0.0944358,0.0944358,0.0955876,0.0980018,0.101891,0.107553,0.115339,0.125619,0.13873,0.15492,0.174293,0.196761,0.222011,0.249502,0.278489,0.308079,0.337313,0.365258,0.391097,0.414199,0.43417,0.450857,0.464332,0.474849,0.482778,0.488554,0.492616,0.495373,0.497172,0.498288,0.498925,0.499211,0.499211
0.49941,0.49941,0.499191,0.498703,0.497841,0.496441,0.494278,0.491061,0.486442,0.480034,0.47144,0.460296,0.44632,0.429364,0.40946,0.386845,0.361966,0.335455,0.308079,0.28067,0.254048,0.228951,0.205973,0.18553,0.167854,0.153002,0.140889,0.131332,0.124095,0.118932,0.115625,0.114015,0.114015,0.115625,0.118932,0.124095,0.131332,0.140889,0.153002,0.167854,0.18553,0.205973,0.228951,0.254048,0.28067,0.308079,0.335455,0.361966,0.386845,0.40946,0.429364,0.44632,0.460296,0.47144,0.480034,0.486442,0.491061,0.494278,0.496441,0.497841,0.498703,0.499191,0.49941,0.49941
0.499569,0.499569,0.499406,0.49904,0.498389,0.497324,0.495665,0.493173,0.489561,0.484497,0.477629,0.468617,0.457172,0.443099,0.426343,0.407014,0.385401,0.361966,0.337313,0.312135,0.287154,0.263062,0.240464,0.219837,0.201515,0.185685,0.172403,0.161628,0.153252,0.147137,0.143149,0.141183,0.141183,0.143149,0.147137,0.153252,0.161628,0.172403,0.185685,0.201515,0.219837,0.240464,0.263062,0.287154,0.312135,0.337313,0.361966,0.385401,0.407014,0.426343,0.443099,0.457172,0.468617,0.477629,0.484497,0.489561,0.493173,0.495665,0.497324,0.498389,0.49904,0.499406,0.499569,0.499569
0.499693,0.499693,0.499574,0.499306,0.498826,0.498035,0.496791,0.494906,0.492145,0.488235,0.482872,0.475752,0.466598,0.455195,0.441428,0.425313,0.407014,0.386845,0.365258,0.342806,0.3201,0.297757,0.276356,0.256395,0.238269,0.222257,0.208527,0.197155,0.188146,0.181462,0.177049,0.174857,0.174857,0.177049,0.181462,0.188146,0.197155,0.208527,0.222257,0.238269,0.256395,0.276356,0.297757,0.3201,0.342806,0.365258,0.386845,0.407014,0.425313,0.441428,0.455195,0.466598,0.475752,0.482872,0.488235,0.492145,0.494906,0.496791,0.498035,0.498826,0.499306,0.499574,0.499693,0.499693
0.499787,0.499787,0.499702,0.49951,0.499165,0.498591,0.49768,0.496288,0.494229,0.49128,0.487193,0.481704,0.47456,0.465547,0.454519,0.441428,0.426343,0.40946,0.391097,0.371675,0.351688,0.331667,0.312134,0.293574,0.276403,0.260954,0.247473,0.236123,0.227,0.220149,0.215584,0.213303,0.213303,0.215584,0.220149,0.227,0.236123,0.247473,0.260954,0.276403,0.293574,0.312134,0.331667,0.351688,0.371675,0.391097,0.40946,0.426343,0.441428,0.454519,0.465547,0.47456,0.481704,0.487193,0.49128,0.494229,0.496288,0.49768,0.498591,0.499165,0.49951,0.499702,0.499787,0.499787
0.499855,0.499855,0.499796,0.499663,0.49942,0.499014,0.498364,0.49736,0.495861,0.493693,0.490655,0.486527,0.481092,0.47415,0.465547,0.455195,0.443099,0.429364,0.414199,0.39791,0.38088,0.363543,0.346351,0.329747,0.314138,0.299875,0.287246,0.27647,0.267706,0.26106,0.2566,0.254362,0.254362,0.2566,0.26106,0.267706,0.27647,0.287246,0.299875,0.314138,0.329747,0.346351,0.363543,0.38088,0.39791,0.414199,0.429364,0.443099,0.455195,0.465547,0.47415,0.481092,0.486527,0.490655,0.493693,0.495861,0.49736,0.498364,0.499014,0.49942,0.499663,0.499796,0.499855,0.499855
0.499904,0.499904,0.499864,0.499773,0.499607,0.499327,0.498875,0.498169,0.497106,0.495551,0.49335,0.490326,0.486299,0.481092,0.47456,0.466598,0.457172,0.44632,0.43417,0.420931,0.406888,0.39238,0.377783,0.36348,0.349844,0.337216,0.325894,0.316124,0.3081,0.301968,0.297827,0.295742,0.295742,0.297827,0.301968,0.3081,0.316124,0.325894,0.337216,0.349844,0.36348,0.377783,0.39238,0.406888,0.420931,0.43417,0.44632,0.457172,0.466598,0.47456,0.481092,0.486299,0.490326,0.49335,0.495551,0.497106,0.498169,0.498875,0.499327,0.499607,0.499773,0.499864,0.499904,0.499904
0.499938,0.499938,0.499912,0.499852,0.499741,0.499552,0.499245,0.498763,0.498027,0.496942,0.495388,0.493231,0.490326,0.486527,0.481704,0.475752,0.468617,0.460296,0.450857,0.440434,0.42923,0.417499,0.405539,0.393668,0.382209,0.371471,0.361739,0.353259,0.346237,0.340833,0.337166,0.335313,0.335313,0.337166,0.340833,0.346237,0.353259,0.361739,0.371471,0.382209,0.393668,0.405539,0.417499,0.42923,0.440434,0.450857,0.460296,0.468617,0.475752,0.481704,0.486527,0.490326,0.493231,0.495388,0.496942,0.498027,0.498763,0.499245,0.499552,0.499741,0.499852,0.499912,0.499938,0.499938
0.499961,0.499961,0.499944,0.499905,0.499833,0.49971,0.499507,0.499185,0.49869,0.497952,0.496885,0.495388,0.49335,0.490655,0.487193,0.482872,0.477629,0.47144,0.464332,0.456387,0.447739,0.438574,0.429116,0.419619,0.410348,0.40157,0.393538,0.386479,0.380591,0.376033,0.372927,0.371354,0.371354,0.372927,0.376033,0.380591,0.386479,0.393538,0.40157,0.410348,0.419619,0.429116,0.438574,0.447739,0.456387,0.464332,0.47144,0.477629,0.482872,0.487193,0.490655,0.49335,0.495388,0.496885,0.497952,0.49869,0.499185,0.499507,0.49971,0.499833,0.499905,0.499944,0.499961,0.499961
0.499976,0.499976,0.499966,0.499941,0.499896,0.499817,0.499686,0.499477,0.499153,0.498665,0.497952,0.496942,0.495551,0.493693,0.49128,0.488235,0.484497,0.480034,0.474849,0.468985,0.46253,0.45561,0.448391,0.441064,0.43384,0.426935,0.420562,0.41492,0.410182,0.406497,0.403975,0.402696,0.402696,0.403975,0.406497,0.410182,0.41492,0.420562,0.426935,0.43384,0.441064,0.448391,0.45561,0.46253,0.468985,0.474849,0.480034,0.484497,0.488235,0.49128,0.493693,0.495551,0.496942,0.497952,0.498665,0.499153,0.499477,0.499686,0.499817,0.499896,0.499941,0.499966,0.499976,0.499976
0.499986,0.499986,0.499979,0.499965,0.499936,0.499888,0.499806,0.499674,0.499467,0.499153,0.49869,0.498027,0.497106,0.495861,0.494229,0.492145,0.489561,0.486442,0.482778,0.47859,0.47393,0.468882,0.463561,0.458109,0.452684,0.447454,0.44259,0.438254,0.434593,0.431731,0.429767,0.428768,0.428768,0.429767,0.431731,0.434593,0.438254,0.44259,0.447454,0.452684,0.458109,0.463561,0.468882,0.47393,0.47859,0.482778,0.486442,0.489561,0.492145,0.494229,0.495861,0.497106,0.498027,0.49869,0.499153,0.499467,0.499674,0.499806,0.499888,0.499936,0.499965,0.499979,0.499986,0.499986
0.499992,0.499992,0.499988,0.499979,0.499962,0.499933,0.499883,0.499802,0.499674,0.499477,0.499185,0.498763,0.498169,0.49736,0.496288,0.494906,0.493173,0.491061,0.488554,0.485659,0.482405,0.478846,0.47506,0.471145,0.467216,0.4634,0.459826,0.456619,0.453898,0.451762,0.450292,0.449543,0.449543,0.450292,0.451762,0.453898,0.456619,0.459826,0.4634,0.467216,0.471145,0.47506,0.478846,0.482405,0.485659,0.488554,0.491061,0.493173,0.494906,0.496288,0.49736,0.498169,0.498763,0.499185,0.499477,0.499674,0.499802,0.499883,0.499933,0.499962,0.499979,0.499988,0.499992,0.499992
0.499995,0.499995,0.499993,0.499988,0.499978,0.499961,0.499931,0.499883,0.499806,0.499686,0.499507,0.499245,0.498875,0.498364,0.49768,0.496791,0.495665,0.494278,0.492616,0.490679,0.488481,0.486055,0.483452,0.480737,0.477992,0.475306,0.472773,0.47049,0.468542,0.467007,0.465948,0.465408,0.465408,0.465948,0.467007,0.468542,0.47049,0.472773,0.475306,0.477992,0.480737,0.483452,0.486055,0.488481,0.490679,0.492616,0.494278,0.495665,0.496791,0.49768,0.498364,0.498875,0.499245,0.499507,0.499686,0.499806,0.499883,0.499931,0.499961,0.499978,0.499988,0.499993,0.499995,0.499995
0.499997,0.499997,0.499996,0.499993,0.499988,0.499978,0.499961,0.499933,0.499888,0.499817,0.49971,0.499552,0.499327,0.499014,0.498591,0.498035,0.497324,0.496441,0.495373,0.494116,0.492678,0.491076,0.489343,0.487522,0.485667,0.483839,0.482106,0.480535,0.479189,0.478125,0.477389,0.477012,0.477012,0.477389,0.478125,0.479189,0.480535,0.482106,0.483839,0.485667,0.487522,0.489343,0.491076,0.492678,0.494116,0.495373,0.496441,0.497324,0.498035,0.498591,0.499014,0.499327,0.499552,0.49971,0.499817,0.499888,0.499933,0.499961,0.499978,0.499988,0.499993,0.499996,0.499997,0.499997
0.499999,0.499999,0.499998,0.499996,0.499993,0.499988,0.499978,0.499962,0.499936,0.499896,0.499833,0.499741,0.499607,0.49942,0.499165,0.498826,0.498389,0.497841,0.497172,0.496378,0.495461,0.494431,0.493308,0.49212,0.4909,0.489691,0.488538,0.487487,0.486584,0.485867,0.485369,0.485115,0.485115,0.485369,0.485867,0.486584,0.487487,0.488538,0.489691,0.4909,0.49212,0.493308,0.494431,0.495461,0.496378,0.497172,0.497841,0.498389,0.498826,0.499165,0.49942,0.499607,0.499741,0.499833,0.499896,0.499936,0.499962,0.499978,0.499988,0.499993,0.499996,0.499998,0.499999,0.499999
0.499999,0.499999,0.499999,0.499998,0.499996,0.499993,0.499988,0.499979,0.499965,0.499941,0.499905,0.499852,0.499773,0.499663,0.49951,0.499306,0.49904,0.498703,0.498288,0.497792,0.497213,0.496558,0.495838,0.49507,0.494277,0.493486,0.492727,0.492032,0.491432,0.490954,0.490622,0.490452,0.490452,0.490622,0.490954,0.491432,0.492032,0.492727,0.493486,0.494277,0.49507,0.495838,0.496558,0.497213,0.497792,0.498288,0.498703,0.49904,0.499306,0.49951,0.499663,0.499773,0.499852,0.499905,0.499941,0.499965,0.499979,0.499988,0.499993,0.499996,0.499998,0.499999,0.499999,0.499999
0.5,0.5,0.499999,0.499999,0.499998,0.499996,0.499993,0.499988,0.499979,0.499966,0.499944,0.499912,0.499864,0.499796,0.499702,0.499574,0.499406,0.499191,0.498925,0.498602,0.498223,0.497791,0.497312,0.496798,0.496263,0.495726,0.495208,0.494731,0.494318,0.493988,0.493759,0.493641,0.493641,0.493759,0.493988,0.494318,0.494731,0.495208,0.495726,0.496263,0.496798,0.497312,0.497791,0.498223,0.498602,0.498925,0.499191,0.499406,0.499574,0.499702,0.499796,0.499864,0.499912,0.499944,0.499966,0.499979,0.499988,0.499993,0.499996,0.499998,0.499999,0.499999,0.5,0.5
0.5,0.5,0.5,0.499999,0.499999,0.499997,0.499995,0.499992,0.499986,0.499976,0.499961,0.499938,0.499904,0.499855,0.499787,0.499693,0.499569,0.49941,0.499211,0.498968,0.498682,0.498352,0.497986,0.497589,0.497175,0.496757,0.496353,0.49598,0.495656,0.495396,0.495215,0.495122,0.495122,0.495215,0.495396,0.495656,0.49598,0.496353,0.496757,0.497175,0.497589,0.497986,0.498352,0.498682,0.498968,0.499211,0.49941,0.499569,0.499693,0.499787,0.499855,0.499904,0.499938,0.499961,0.499976,0.499986,0.499992,0.499995,0.499997,0.499999,0.499999,0.5,0.5,0.5
0.5,0.5,0.5,0.499999,0.499999,0.499997,0.499995,0.499992,0.499986,0.499976,0.499961,0.499938,0.499904,0.499855,0.499787,0.499693,0.499569,0.49941,0.499211,0.498968,0.498682,0.498352,0.497986,0.497589,0.497175,0.496757,0.496353,0.49598,0.495656,0.495396,0.495215,0.495122,0.495122,0.495215,0.495396,0.495656,0.49598,0.496353,0.496757,0.497175,0.497589,0.497986,0.498352,0.498682,0.498968,0.499211,0.49941,0.499569,0.499693,0.499787,0.499855,0.499904,0.499938,0.499961,0.499976,0.499986,0.499992,0.499995,0.499997,0.499999,0.499999,0.5,0.5,0.5
