0.5,0.5,0.499999,0.499999,0.499998,0.499996,0.499992,0.499987,0.499977,0.499962,0.499939,0.499904,0.499852,0.499779,0.499678,0.499541,0.499363,0.499135,0.498853,0.498514,0.498115,0.497662,0.49716,0.496622,0.496063,0.495503,0.494963,0.494466,0.494036,0.493693,0.493454,0.493331,0.493331,0.493454,0.493693,0.494036,0.494466,0.494963,0.495503,0.496063,0.496622,0.49716,0.497662,0.498115,0.498514,0.498853,0.499135,0.499363,0.499541,0.499678,0.499779,0.499852,0.499904,0.499939,0.499962,0.499977,0.499987,0.499992,0.499996,0.499998,0.499999,0.499999,0.5,0.5
0.5,0.5,0.499999,0.499999,0.499998,0.499996,0.499992,0.499987,0.499977,0.499962,0.499939,0.499904,0.499852,0.499779,0.499678,0.499541,0.499363,0.499135,0.498853,0.498514,0.498115,0.497662,0.49716,0.496622,0.496063,0.495503,0.494963,0.494466,0.494036,0.493693,0.493454,0.493331,0.493331,0.493454,0.493693,0.494036,0.494466,0.494963,0.495503,0.496063,0.496622,0.49716,0.497662,0.498115,0.498514,0.498853,0.499135,0.499363,0.499541,0.499678,0.499779,0.499852,0.499904,0.499939,0.499962,0.499977,0.499987,0.499992,0.499996,0.499998,0.499999,0.499999,0.5,0.5
0.499999,0.499999,0.499999,0.499998,0.499997,0.499994,0.499989,0.499981,0.499967,0.499946,0.499914,0.499865,0.499794,0.499694,0.499557,0.499374,0.499136,0.498835,0.498465,0.498021,0.497505,0.496921,0.496279,0.495593,0.494885,0.494178,0.4935,0.492878,0.492341,0.491914,0.491617,0.491464,0.491464,0.491617,0.491914,0.492341,0.492878,0.4935,0.494178,0.494885,0.495593,0.496279,0.496921,0.497505,0.498021,0.498465,0.498835,0.499136,0.499374,0.499557,0.499694,0.499794,0.499865,0.499914,0.499946,0.499967,0.499981,0.499989,0.499994,0.499997,0.499998,0.499999,0.499999,0.499999
0.499999,0.499999,0.499998,0.499997,0.499994,0.499989,0.499981,0.499967,0.499944,0.499909,0.499856,0.499777,0.499663,0.499504,0.499288,0.499002,0.498633,0.498172,0.49761,0.496943,0.496174,0.495311,0.494369,0.493371,0.492348,0.491333,0.490365,0.489482,0.488722,0.488119,0.487701,0.487487,0.487487,0.487701,0.488119,0.488722,0.489482,0.490365,0.491333,0.492348,0.493371,0.494369,0.495311,0.496174,0.496943,0.49761,0.498172,0.498633,0.499002,0.499288,0.499504,0.499663,0.499777,0.499856,0.499909,0.499944,0.499967,0.499981,0.499989,0.499994,0.499997,0.499998,0.499999,0.499999
0.499998,0.499998,0.499997,0.499994,0.499989,0.49998,0.499966,0.499941,0.499902,0.499842,0.499751,0.499617,0.499427,0.499164,0.498809,0.498345,0.497753,0.497019,0.496133,0.495091,0.4939,0.492575,0.491141,0.489635,0.4881,0.486589,0.485155,0.483854,0.482739,0.481858,0.481248,0.480936,0.480936,0.481248,0.481858,0.482739,0.483854,0.485155,0.486589,0.4881,0.489635,0.491141,0.492575,0.4939,0.495091,0.496133,0.497019,0.497753,0.498345,0.498809,0.499164,0.499427,0.499617,0.499751,0.499842,0.499902,0.499941,0.499966,0.49998,0.499989,0.499994,0.499997,0.499998,0.499998
0.499996,0.499996,0.499994,0.499989,0.49998,0.499965,0.499939,0.499897,0.49983,0.499727,0.499573,0.49935,0.499035,0.498604,0.498028,0.497281,0.496338,0.495179,0.493794,0.492181,0.490353,0.488337,0.486175,0.483921,0.481641,0.47941,0.477306,0.475408,0.473789,0.472513,0.471632,0.471182,0.471182,0.471632,0.472513,0.473789,0.475408,0.477306,0.47941,0.481641,0.483921,0.486175,0.488337,0.490353,0.492181,0.493794,0.495179,0.496338,0.497281,0.498028,0.498604,0.499035,0.49935,0.499573,0.499727,0.49983,0.499897,0.499939,0.499965,0.49998,0.499989,0.499994,0.499996,0.499996
0.499992,0.499992,0.499989,0.499981,0.499966,0.499939,0.499895,0.499823,0.499711,0.49954,0.499287,0.498922,0.498413,0.497722,0.49681,0.495637,0.494172,0.492389,0.490278,0.487843,0.485109,0.482122,0.478944,0.475659,0.472362,0.469158,0.466156,0.463463,0.461175,0.459379,0.458142,0.457512,0.457512,0.458142,0.459379,0.461175,0.463463,0.466156,0.469158,0.472362,0.475659,0.478944,0.482122,0.485109,0.487843,0.490278,0.492389,0.494172,0.495637,0.49681,0.497722,0.498413,0.498922,0.499287,0.49954,0.499711,0.499823,0.499895,0.499939,0.499966,0.499981,0.499989,0.499992,0.499992
0.499987,0.499987,0.499981,0.499967,0.499941,0.499897,0.499823,0.499705,0.499522,0.499245,0.498839,0.498261,0.497461,0.496386,0.49498,0.493193,0.490982,0.488319,0.485197,0.481633,0.477671,0.473381,0.46886,0.464227,0.459616,0.455168,0.451028,0.447336,0.444215,0.441775,0.4401,0.439247,0.439247,0.4401,0.441775,0.444215,0.447336,0.451028,0.455168,0.459616,0.464227,0.46886,0.473381,0.477671,0.481633,0.485197,0.488319,0.490982,0.493193,0.49498,0.496386,0.497461,0.498261,0.498839,0.499245,0.499522,0.499705,0.499823,0.499897,0.499941,0.499967,0.499981,0.499987,0.499987
0.499977,0.499977,0.499967,0.499944,0.499902,0.49983,0.499711,0.499522,0.499231,0.498795,0.498162,0.497271,0.49605,0.494425,0.492324,0.48968,0.486444,0.482589,0.478117,0.473066,0.467509,0.461554,0.45534,0.449031,0.442806,0.436852,0.43135,0.426475,0.422377,0.419187,0.417003,0.415894,0.415894,0.417003,0.419187,0.422377,0.426475,0.43135,0.436852,0.442806,0.449031,0.45534,0.461554,0.467509,0.473066,0.478117,0.482589,0.486444,0.48968,0.492324,0.494425,0.49605,0.497271,0.498162,0.498795,0.499231,0.499522,0.499711,0.49983,0.499902,0.499944,0.499967,0.499977,0.499977
0.499962,0.499962,0.499946,0.499909,0.499842,0.499727,0.49954,0.499245,0.498795,0.498128,0.49717,0.495834,0.494023,0.49164,0.48859,0.484796,0.480203,0.474794,0.468592,0.461664,0.454127,0.446139,0.437892,0.429604,0.421505,0.413827,0.406791,0.400599,0.395427,0.39142,0.388686,0.387301,0.387301,0.388686,0.39142,0.395427,0.400599,0.406791,0.413827,0.421505,0.429604,0.437892,0.446139,0.454127,0.461664,0.468592,0.474794,0.480203,0.484796,0.48859,0.49164,0.494023,0.495834,0.49717,0.498128,0.498795,0.499245,0.49954,0.499727,0.499842,0.499909,0.499946,0.499962,0.499962
0.499939,0.499939,0.499914,0.499856,0.499751,0.499573,0.499287,0.498839,0.498162,0.49717,0.49576,0.493812,0.491202,0.487805,0.483507,0.478222,0.471902,0.464546,0.456212,0.447017,0.437133,0.426781,0.416217,0.405718,0.395568,0.38604,0.377388,0.369834,0.363568,0.358739,0.355459,0.353801,0.353801,0.355459,0.358739,0.363568,0.369834,0.377388,0.38604,0.395568,0.405718,0.416217,0.426781,0.437133,0.447017,0.456212,0.464546,0.471902,0.478222,0.483507,0.487805,0.491202,0.493812,0.49576,0.49717,0.498162,0.498839,0.499287,0.499573,0.499751,0.499856,0.499914,0.499939,0.499939
0.499904,0.499904,0.499865,0.499777,0.499617,0.49935,0.498922,0.498261,0.497271,0.495834,0.493812,0.491052,0.487394,0.482687,0.476803,0.469657,0.461216,0.451517,0.440669,0.428855,0.41632,0.403361,0.390303,0.377486,0.36524,0.353872,0.343654,0.334814,0.327538,0.321965,0.318198,0.316298,0.316298,0.318198,0.321965,0.327538,0.334814,0.343654,0.353872,0.36524,0.377486,0.390303,0.403361,0.41632,0.428855,0.440669,0.451517,0.461216,0.469657,0.476803,0.482687,0.487394,0.491052,0.493812,0.495834,0.497271,0.498261,0.498922,0.49935,0.499617,0.499777,0.499865,0.499904,0.499904
0.499852,0.499852,0.499794,0.499663,0.499427,0.499035,0.498413,0.497461,0.49605,0.494023,0.491202,0.487394,0.482405,0.476063,0.468234,0.458846,0.447902,0.435496,0.421812,0.407117,0.391743,0.376073,0.360504,0.345431,0.331219,0.318192,0.306618,0.296709,0.288626,0.282482,0.278349,0.276273,0.276273,0.278349,0.282482,0.288626,0.296709,0.306618,0.318192,0.331219,0.345431,0.360504,0.376073,0.391743,0.407117,0.421812,0.435496,0.447902,0.458846,0.468234,0.476063,0.482405,0.487394,0.491202,0.494023,0.49605,0.497461,0.498413,0.499035,0.499427,0.499663,0.499794,0.499852,0.499852
0.499779,0.499779,0.499694,0.499504,0.499164,0.498604,0.497722,0.496386,0.494425,0.49164,0.487805,0.482687,0.476063,0.467747,0.457614,0.445624,0.431843,0.416443,0.399706,0.382002,0.363765,0.345464,0.327563,0.310498,0.29465,0.280332,0.267782,0.257169,0.248604,0.242149,0.237836,0.235678,0.235678,0.237836,0.242149,0.248604,0.257169,0.267782,0.280332,0.29465,0.310498,0.327563,0.345464,0.363765,0.382002,0.399706,0.416443,0.431843,0.445624,0.457614,0.467747,0.476063,0.482687,0.487805,0.49164,0.494425,0.496386,0.497722,0.498604,0.499164,0.499504,0.499694,0.499779,0.499779
0.499678,0.499678,0.499557,0.499288,0.498809,0.498028,0.49681,0.49498,0.492324,0.48859,0.483507,0.476803,0.468234,0.457614,0.444846,0.429952,0.413082,0.394517,0.374659,0.353995,0.333068,0.312427,0.292589,0.274008,0.25705,0.241987,0.228994,0.21817,0.209547,0.203118,0.198857,0.196736,0.196736,0.198857,0.203118,0.209547,0.21817,0.228994,0.241987,0.25705,0.274008,0.292589,0.312427,0.333068,0.353995,0.374659,0.394517,0.413082,0.429952,0.444846,0.457614,0.468234,0.476803,0.483507,0.48859,0.492324,0.49498,0.49681,0.498028,0.498809,0.499288,0.499557,0.499678,0.499678
0.499541,0.499541,0.499374,0.499002,0.498345,0.497281,0.495637,0.493193,0.48968,0.484796,0.478222,0.469657,0.458846,0.445624,0.429952,0.411938,0.391847,0.370098,0.347227,0.323853,0.300618,0.278141,0.256966,0.237532,0.220158,0.205035,0.192247,0.181787,0.173592,0.167568,0.163617,0.161663,0.161663,0.163617,0.167568,0.173592,0.181787,0.192247,0.205035,0.220158,0.237532,0.256966,0.278141,0.300618,0.323853,0.347227,0.370098,0.391847,0.411938,0.429952,0.445624,0.458846,0.469657,0.478222,0.484796,0.48968,0.493193,0.495637,0.497281,0.498345,0.499002,0.499374,0.499541,0.499541
0.499363,0.499363,0.499136,0.498633,0.497753,0.496338,0.494172,0.490982,0.486444,0.480203,0.471902,0.461216,0.447902,0.431843,0.413082,0.391847,0.368552,0.343768,0.318185,0.292546,0.267584,0.24396,0.222212,0.202728,0.185736,0.171316,0.159425,0.149934,0.142662,0.137419,0.134032,0.132373,0.132373,0.134032,0.137419,0.142662,0.149934,0.159425,0.171316,0.185736,0.202728,0.222212,0.24396,0.267584,0.292546,0.318185,0.343768,0.368552,0.391847,0.413082,0.431843,0.447902,0.461216,0.471902,0.480203,0.486444,0.490982,0.494172,0.496338,0.497753,0.498633,0.499136,0.499363,0.499363
0.499135,0.499135,0.498835,0.498172,0.497019,0.495179,0.492389,0.488319,0.482589,0.474794,0.464546,0.451517,0.435496,0.416443,0.394517,0.370098,0.343768,0.316272,0.288453,0.261169,0.235218,0.211268,0.189811,0.171141,0.155359,0.1424,0.132073,0.124109,0.118208,0.114078,0.111474,0.110219,0.110219,0.111474,0.114078,0.118208,0.124109,0.132073,0.1424,0.155359,0.171141,0.189811,0.211268,0.235218,0.261169,0.288453,0.316272,0.343768,0.370098,0.394517,0.416443,0.435496,0.451517,0.464546,0.474794,0.482589,0.488319,0.492389,0.495179,0.497019,0.498172,0.498835,0.499135,0.499135
0.498853,0.498853,0.498465,0.49761,0.496133,0.493794,0.490278,0.485197,0.478117,0.468592,0.456212,0.440669,0.421812,0.399706,0.374659,0.347227,0.318185,0.288453,0.259018,0.230833,0.204725,0.181327,0.161041,0.144026,0.130223,0.119398,0.111201,0.105219,0.101035,0.0982668,0.0966043,0.0958291,0.0958291,0.0966043,0.0982668,0.101035,0.105219,0.111201,0.119398,0.130223,0.144026,0.161041,0.181327,0.204725,0.230833,0.259018,0.288453,0.318185,0.347227,0.374659,0.399706,0.421812,0.440669,0.456212,0.468592,0.478117,0.485197,0.490278,0.493794,0.496133,0.49761,0.498465,0.498853,0.498853
0.498514,0.498514,0.498021,0.496943,0.495091,0.492181,0.487843,0.481633,0.473066,0.461664,0.447017,0.428855,0.407117,0.382002,0.353995,0.323853,0.292546,0.261169,0.230833,0.20255,0.177135,0.155143,0.136839,0.122214,0.111023,0.102852,0.0971906,0.0934919,0.0912355,0.089967,0.0893274,0.0890702,0.0890702,0.0893274,0.089967,0.0912355,0.0934919,0.0971906,0.102852,0.111023,0.122214,0.136839,0.155143,0.177135,0.20255,0.230833,0.261169,0.292546,0.323853,0.353995,0.382002,0.407117,0.428855,0.447017,0.461664,0.473066,0.481633,0.487843,0.492181,0.495091,0.496943,0.498021,0.498514,0.498514
0.498115,0.498115,0.497505,0.496174,0.4939,0.490353,0.485109,0.477671,0.467509,0.454127,0.437133,0.41632,0.391743,0.363765,0.333068,0.300618,0.267584,0.235218,0.204725,0.177135,0.153207,0.13337,0.117718,0.106044,0.097906,0.0927115,0.0897979,0.0885067,0.0882383,0.0884892,0.0888729,0.0891298,0.0891298,0.0888729,0.0884892,0.0882383,0.0885067,0.0897979,0.0927115,0.097906,0.106044,0.117718,0.13337,0.153207,0.177135,0.204725,0.235218,0.267584,0.300618,0.333068,0.363765,0.391743,0.41632,0.437133,0.454127,0.467509,0.477671,0.485109,0.490353,0.4939,0.496174,0.497505,0.498115,0.498115
0.497662,0.497662,0.496921,0.495311,0.492575,0.488337,0.482122,0.473381,0.461554,0.446139,0.426781,0.403361,0.376073,0.345464,0.312427,0.278141,0.24396,0.211268,0.181327,0.155143,0.13337,0.116274,0.103749,0.0953742,0.0905115,0.0884,0.0882503,0.0893184,0.0909555,0.0926367,0.0939708,0.0947011,0.0947011,0.0939708,0.0926367,0.0909555,0.0893184,0.0882503,0.0884,0.0905115,0.0953742,0.103749,0.116274,0.13337,0.155143,0.181327,0.211268,0.24396,0.278141,0.312427,0.345464,0.376073,0.403361,0.426781,0.446139,0.461554,0.473381,0.482122,0.488337,0.492575,0.495311,0.496921,0.497662,0.497662
0.49716,0.49716,0.496279,0.494369,0.491141,0.486175,0.478944,0.46886,0.45534,0.437892,0.416217,0.390303,0.360504,0.327563,0.292589,0.256966,0.222212,0.189811,0.161041,0.136839,0.117718,0.103749,0.0946057,0.0896565,0.0880745,0.0889544,0.0914096,0.0946428,0.0979877,0.100925,0.103081,0.104217,0.104217,0.103081,0.100925,0.0979877,0.0946428,0.0914096,0.0889544,0.0880745,0.0896565,0.0946057,0.103749,0.117718,0.136839,0.161041,0.189811,0.222212,0.256966,0.292589,0.327563,0.360504,0.390303,0.416217,0.437892,0.45534,0.46886,0.478944,0.486175,0.491141,0.494369,0.496279,0.49716,0.49716
0.496622,0.496622,0.495593,0.493371,0.489635,0.483921,0.475659,0.464227,0.449031,0.429604,0.405718,0.377486,0.345431,0.310498,0.274008,0.237532,0.202728,0.171141,0.144026,0.122214,0.106044,0.0953742,0.0896565,0.0880529,0.0895714,0.0931908,0.0979599,0.103061,0.10784,0.111807,0.114625,0.116083,0.116083,0.114625,0.111807,0.10784,0.103061,0.0979599,0.0931908,0.0895714,0.0880529,0.0896565,0.0953742,0.106044,0.122214,0.144026,0.171141,0.202728,0.237532,0.274008,0.310498,0.345431,0.377486,0.405718,0.429604,0.449031,0.464227,0.475659,0.483921,0.489635,0.493371,0.495593,0.496622,0.496622
0.496063,0.496063,0.494885,0.492348,0.4881,0.481641,0.472362,0.459616,0.442806,0.421505,0.395568,0.36524,0.331219,0.29465,0.25705,0.220158,0.185736,0.155359,0.130223,0.111023,0.097906,0.0905115,0.0880745,0.0895714,0.0938715,0.0998699,0.106583,0.113201,0.119107,0.123859,0.127168,0.128861,0.128861,0.127168,0.123859,0.119107,0.113201,0.106583,0.0998699,0.0938715,0.0895714,0.0880745,0.0905115,0.097906,0.111023,0.130223,0.155359,0.185736,0.220158,0.25705,0.29465,0.331219,0.36524,0.395568,0.421505,0.442806,0.459616,0.472362,0.481641,0.4881,0.492348,0.494885,0.496063,0.496063
0.495503,0.495503,0.494178,0.491333,0.486589,0.47941,0.469158,0.455168,0.436852,0.413827,0.38604,0.353872,0.318192,0.280332,0.241987,0.205035,0.171316,0.1424,0.119398,0.102852,0.0927115,0.0884,0.0889544,0.0931908,0.0998699,0.107833,0.116092,0.12387,0.1306,0.135904,0.139545,0.141394,0.141394,0.139545,0.135904,0.1306,0.12387,0.116092,0.107833,0.0998699,0.0931908,0.0889544,0.0884,0.0927115,0.102852,0.119398,0.1424,0.171316,0.205035,0.241987,0.280332,0.318192,0.353872,0.38604,0.413827,0.436852,0.455168,0.469158,0.47941,0.486589,0.491333,0.494178,0.495503,0.495503
0.494963,0.494963,0.4935,0.490365,0.485155,0.477306,0.466156,0.451028,0.43135,0.406791,0.377388,0.343654,0.306618,0.267782,0.228994,0.192247,0.159425,0.132073,0.111201,0.0971906,0.0897979,0.0882503,0.0914096,0.0979599,0.106583,0.116092,0.125516,0.134124,0.141413,0.147066,0.150906,0.152844,0.152844,0.150906,0.147066,0.141413,0.134124,0.125516,0.116092,0.106583,0.0979599,0.0914096,0.0882503,0.0897979,0.0971906,0.111201,0.132073,0.159425,0.192247,0.228994,0.267782,0.306618,0.343654,0.377388,0.406791,0.43135,0.451028,0.466156,0.477306,0.485155,0.490365,0.4935,0.494963,0.494963
0.494466,0.494466,0.492878,0.489482,0.483854,0.475408,0.463463,0.447336,0.426475,0.400599,0.369834,0.334814,0.296709,0.257169,0.21817,0.181787,0.149934,0.124109,0.105219,0.0934919,0.0885067,0.0893184,0.0946428,0.103061,0.113201,0.12387,0.134124,0.143287,0.150919,0.156766,0.160704,0.162681,0.162681,0.160704,0.156766,0.150919,0.143287,0.134124,0.12387,0.113201,0.103061,0.0946428,0.0893184,0.0885067,0.0934919,0.105219,0.124109,0.149934,0.181787,0.21817,0.257169,0.296709,0.334814,0.369834,0.400599,0.426475,0.447336,0.463463,0.475408,0.483854,0.489482,0.492878,0.494466,0.494466
0.494036,0.494036,0.492341,0.488722,0.482739,0.473789,0.461175,0.444215,0.422377,0.395427,0.363568,0.327538,0.288626,0.248604,0.209547,0.173592,0.142662,0.118208,0.101035,0.0912355,0.0882383,0.0909555,0.0979877,0.10784,0.119107,0.1306,0.141413,0.150919,0.158738,0.164671,0.16864,0.170624,0.170624,0.16864,0.164671,0.158738,0.150919,0.141413,0.1306,0.119107,0.10784,0.0979877,0.0909555,0.0882383,0.0912355,0.101035,0.118208,0.142662,0.173592,0.209547,0.248604,0.288626,0.327538,0.363568,0.395427,0.422377,0.444215,0.461175,0.473789,0.482739,0.488722,0.492341,0.494036,0.494036
0.493693,0.493693,0.491914,0.488119,0.481858,0.472513,0.459379,0.441775,0.419187,0.39142,0.358739,0.321965,0.282482,0.242149,0.203118,0.167568,0.137419,0.114078,0.0982668,0.089967,0.0884892,0.0926367,0.100925,0.111807,0.123859,0.135904,0.147066,0.156766,0.164671,0.170627,0.17459,0.176564,0.176564,0.17459,0.170627,0.164671,0.156766,0.147066,0.135904,0.123859,0.111807,0.100925,0.0926367,0.0884892,0.089967,0.0982668,0.114078,0.137419,0.167568,0.203118,0.242149,0.282482,0.321965,0.358739,0.39142,0.419187,0.441775,0.459379,0.472513,0.481858,0.488119,0.491914,0.493693,0.493693
0.493454,0.493454,0.491617,0.487701,0.481248,0.471632,0.458142,0.4401,0.417003,0.388686,0.355459,0.318198,0.278349,0.237836,0.198857,0.163617,0.134032,0.111474,0.0966043,0.0893274,0.0888729,0.0939708,0.103081,0.114625,0.127168,0.139545,0.150906,0.160704,0.16864,0.17459,0.178535,0.180496,0.180496,0.178535,0.17459,0.16864,0.160704,0.150906,0.139545,0.127168,0.114625,0.103081,0.0939708,0.0888729,0.0893274,0.0966043,0.111474,0.134032,0.163617,0.198857,0.237836,0.278349,0.318198,0.355459,0.388686,0.417003,0.4401,0.458142,0.471632,0.481248,0.487701,0.491617,0.493454,0.493454
0.493331,0.493331,0.491464,0.487487,0.480936,0.471182,0.457512,0.439247,0.415894,0.387301,0.353801,0.316298,0.276273,0.235678,0.196736,0.161663,0.132373,0.110219,0.0958291,0.0890702,0.0891298,0.0947011,0.104217,0.116083,0.128861,0.141394,0.152844,0.162681,0.170624,0.176564,0.180496,0.182449,0.182449,0.180496,0.176564,0.170624,0.162681,0.152844,0.141394,0.128861,0.116083,0.104217,0.0947011,0.0891298,0.0890702,0.0958291,0.110219,0.132373,0.161663,0.196736,0.235678,0.276273,0.316298,0.353801,0.387301,0.415894,0.439247,0.457512,0.471182,0.480936,0.487487,0.491464,0.493331,0.493331
0.493331,0.493331,0.491464,0.487487,0.480936,0.471182,0.457512,0.439247,0.415894,0.387301,0.353801,0.316298,0.276273,0.235678,0.196736,0.161663,0.132373,0.110219,0.0958291,0.0890702,0.0891298,0.0947011,0.104217,0.116083,0.128861,0.141394,0.152844,0.162681,0.170624,0.176564,0.180496,0.182449,0.182449,0.180496,0.176564,0.170624,0.162681,0.152844,0.141394,0.128861,0.116083,0.104217,0.0947011,0.0891298,0.0890702,0.0958291,0.110219,0.132373,0.161663,0.196736,0.235678,0.276273,0.316298,0.353801,0.387301,0.415894,0.439247,0.457512,0.471182,0.480936,0.487487,0.491464,0.493331,0.493331
0.493454,0.493454,0.491617,0.487701,0.481248,0.471632,0.458142,0.4401,0.417003,0.388686,0.355459,0.318198,0.278349,0.237836,0.198857,0.163617,0.134032,0.111474,0.0966043,0.0893274,0.0888729,0.0939708,0.103081,0.114625,0.127168,0.139545,0.150906,0.160704,0.16864,0.17459,0.178535,0.180496,0.180496,0.178535,0.17459,0.16864,0.160704,0.150906,0.139545,0.127168,0.114625,0.103081,0.0939708,0.0888729,0.0893274,0.0966043,0.111474,0.134032,0.163617,0.198857,0.237836,0.278349,0.318198,0.355459,0.388686,0.417003,0.4401,0.458142,0.471632,0.481248,0.487701,0.491617,0.493454,0.493454
0.493693,0.493693,0.491914,0.488119,0.481858,0.472513,0.459379,0.441775,0.419187,0.39142,0.358739,0.321965,0.282482,0.242149,0.203118,0.167568,0.137419,0.114078,0.0982668,0.089967,0.0884892,0.0926367,0.100925,0.111807,0.123859,0.135904,0.147066,0.156766,0.164671,0.170627,0.17459,0.176564,0.176564,0.17459,0.170627,0.164671,0.156766,0.147066,0.135904,0.123859,0.111807,0.100925,0.0926367,0.0884892,0.089967,0.0982668,0.114078,0.137419,0.167568,0.203118,0.242149,0.282482,0.321965,0.358739,0.39142,0.419187,0.441775,0.459379,0.472513,0.481858,0.488119,0.491914,0.493693,0.493693
0.494036,0.494036,0.492341,0.488722,0.482739,0.473789,0.461175,0.444215,0.422377,0.395427,0.363568,0.327538,0.288626,0.248604,0.209547,0.173592,0.142662,0.118208,0.101035,0.0912355,0.0882383,0.0909555,0.0979877,0.10784,0.119107,0.1306,0.141413,0.150919,0.158738,0.164671,0.16864,0.170624,0.170624,0.16864,0.164671,0.158738,0.150919,0.141413,0.1306,0.119107,0.10784,0.0979877,0.0909555,0.0882383,0.0912355,0.101035,0.118208,0.142662,0.173592,0.209547,0.248604,0.288626,0.327538,0.363568,0.395427,0.422377,0.444215,0.461175,0.473789,0.482739,0.488722,0.492341,0.494036,0.494036
0.494466,0.494466,0.492878,0.489482,0.483854,0.475408,0.463463,0.447336,0.426475,0.400599,0.369834,0.334814,0.296709,0.257169,0.21817,0.181787,0.149934,0.124109,0.105219,0.0934919,0.0885067,0.0893184,0.0946428,0.103061,0.113201,0.12387,0.134124,0.143287,0.150919,0.156766,0.160704,0.162681,0.162681,0.160704,0.156766,0.150919,0.143287,0.134124,0.12387,0.113201,0.103061,0.0946428,0.0893184,0.0885067,0.0934919,0.105219,0.124109,0.149934,0.181787,0.21817,0.257169,0.296709,0.334814,0.369834,0.400599,0.426475,0.447336,0.463463,0.475408,0.483854,0.489482,0.492878,0.494466,0.494466
0.494963,0.494963,0.4935,0.490365,0.485155,0.477306,0.466156,0.451028,0.43135,0.406791,0.377388,0.343654,0.306618,0.267782,0.228994,0.192247,0.159425,0.132073,0.111201,0.0971906,0.0897979,0.0882503,0.0914096,0.0979599,0.106583,0.116092,0.125516,0.134124,0.141413,0.147066,0.150906,0.152844,0.152844,0.150906,0.147066,0.141413,0.134124,0.125516,0.116092,0.106583,0.0979599,0.0914096,0.0882503,0.0897979,0.0971906,0.111201,0.132073,0.159425,0.192247,0.228994,0.267782,0.306618,0.343654,0.377388,0.406791,0.43135,0.451028,0.466156,0.477306,0.485155,0.490365,0.4935,0.494963,0.494963
0.495503,0.495503,0.494178,0.491333,0.486589,0.47941,0.469158,0.455168,0.436852,0.413827,0.38604,0.353872,0.318192,0.280332,0.241987,0.205035,0.171316,0.1424,0.119398,0.102852,0.0927115,0.0884,0.0889544,0.0931908,0.0998699,0.107833,0.116092,0.12387,0.1306,0.135904,0.139545,0.141394,0.141394,0.139545,0.135904,0.1306,0.12387,0.116092,0.107833,0.0998699,0.0931908,0.0889544,0.0884,0.0927115,0.102852,0.119398,0.1424,0.171316,0.205035,0.241987,0.280332,0.318192,0.353872,0.38604,0.413827,0.436852,0.455168,0.469158,0.47941,0.486589,0.491333,0.494178,0.495503,0.495503
0.496063,0.496063,0.494885,0.492348,0.4881,0.481641,0.472362,0.459616,0.442806,0.421505,0.395568,0.36524,0.331219,0.29465,0.25705,0.220158,0.185736,0.155359,0.130223,0.111023,0.097906,0.0905115,0.0880745,0.0895714,0.0938715,0.0998699,0.106583,0.113201,0.119107,0.123859,0.127168,0.128861,0.128861,0.127168,0.123859,0.119107,0.113201,0.106583,0.0998699,0.0938715,0.0895714,0.0880745,0.0905115,0.097906,0.111023,0.130223,0.155359,0.185736,0.220158,0.25705,0.29465,0.331219,0.36524,0.395568,0.421505,0.442806,0.459616,0.472362,0.481641,0.4881,0.492348,0.494885,0.496063,0.496063
0.496622,0.496622,0.495593,0.493371,0.489635,0.483921,0.475659,0.464227,0.449031,0.429604,0.405718,0.377486,0.345431,0.310498,0.274008,0.237532,0.202728,0.171141,0.144026,0.122214,0.106044,0.0953742,0.0896565,0.0880529,0.0895714,0.0931908,0.0979599,0.103061,0.10784,0.111807,0.114625,0.116083,0.116083,0.114625,0.111807,0.10784,0.103061,0.0979599,0.0931908,0.0895714,0.0880529,0.0896565,0.0953742,0.106044,0.122214,0.144026,0.171141,0.202728,0.237532,0.274008,0.310498,0.345431,0.377486,0.405718,0.429604,0.449031,0.464227,0.475659,0.483921,0.489635,0.493371,0.495593,0.496622,0.496622
0.49716,0.49716,0.496279,0.494369,0.491141,0.486175,0.478944,0.46886,0.45534,0.437892,0.416217,0.390303,0.360504,0.327563,0.292589,0.256966,0.222212,0.189811,0.161041,0.136839,0.117718,0.103749,0.0946057,0.0896565,0.0880745,0.0889544,0.0914096,0.0946428,0.0979877,0.100925,0.103081,0.104217,0.104217,0.103081,0.100925,0.0979877,0.0946428,0.0914096,0.0889544,0.0880745,0.0896565,0.0946057,0.103749,0.117718,0.136839,0.161041,0.189811,0.222212,0.256966,0.292589,0.327563,0.360504,0.390303,0.416217,0.437892,0.45534,0.46886,0.478944,0.486175,0.491141,0.494369,0.496279,0.49716,0.49716
0.497662,0.497662,0.496921,0.495311,0.492575,0.488337,0.482122,0.473381,0.461554,0.446139,0.426781,0.403361,0.376073,0.345464,0.312427,0.278141,0.24396,0.211268,0.181327,0.155143,0.13337,0.116274,0.103749,0.0953742,0.0905115,0.0884,0.0882503,0.0893184,0.0909555,0.0926367,0.0939708,0.0947011,0.0947011,0.0939708,0.0926367,0.0909555,0.0893184,0.0882503,0.0884,0.0905115,0.0953742,0.103749,0.116274,0.13337,0.155143,0.181327,0.211268,0.24396,0.278141,0.312427,0.345464,0.376073,0.403361,0.426781,0.446139,0.461554,0.473381,0.482122,0.488337,0.492575,0.495311,0.496921,0.497662,0.497662
0.498115,0.498115,0.497505,0.496174,0.4939,0.490353,0.485109,0.477671,0.467509,0.454127,0.437133,0.41632,0.391743,0.363765,0.333068,0.300618,0.267584,0.235218,0.204725,0.177135,0.153207,0.13337,0.117718,0.106044,0.097906,0.0927115,0.0897979,0.0885067,0.0882383,0.0884892,0.0888729,0.0891298,0.0891298,0.0888729,0.0884892,0.0882383,0.0885067,0.0897979,0.0927115,0.097906,0.106044,0.117718,0.13337,0.153207,0.177135,0.204725,0.235218,0.267584,0.300618,0.333068,0.363765,0.391743,0.41632,0.437133,0.454127,0.467509,0.477671,0.485109,0.490353,0.4939,0.496174,0.497505,0.498115,0.498115
0.498514,0.498514,0.498021,0.496943,0.495091,0.492181,0.487843,0.481633,0.473066,0.461664,0.447017,0.428855,0.407117,0.382002,0.353995,0.323853,0.292546,0.261169,0.230833,0.20255,0.177135,0.155143,0.136839,0.122214,0.111023,0.102852,0.0971906,0.0934919,0.0912355,0.089967,0.0893274,0.0890702,0.0890702,0.0893274,0.089967,0.0912355,0.0934919,0.0971906,0.102852,0.111023,0.122214,0.136839,0.155143,0.177135,0.20255,0.230833,0.261169,0.292546,0.323853,0.353995,0.382002,0.407117,0.428855,0.447017,0.461664,0.473066,0.481633,0.487843,0.492181,0.495091,0.496943,0.498021,0.498514,0.498514
0.498853,0.498853,0.498465,0.49761,0.496133,0.493794,0.490278,0.485197,0.478117,0.468592,0.456212,0.440669,0.421812,0.399706,0.374659,0.347227,0.318185,0.288453,0.259018,0.230833,0.204725,0.181327,0.161041,0.144026,0.130223,0.119398,0.111201,0.105219,0.101035,0.0982668,0.0966043,0.0958291,0.0958291,0.0966043,0.0982668,0.101035,0.105219,0.111201,0.119398,0.130223,0.144026,0.161041,0.181327,0.204725,0.230833,0.259018,0.288453,0.318185,0.347227,0.374659,0.399706,0.421812,0.440669,0.456212,0.468592,0.478117,0.485197,0.490278,0.493794,0.496133,0.49761,0.498465,0.498853,0.498853
0.499135,0.499135,0.498835,0.498172,0.497019,0.495179,0.492389,0.488319,0.482589,0.474794,0.464546,0.451517,0.435496,0.416443,0.394517,0.370098,0.343768,0.316272,0.288453,0.261169,0.235218,0.211268,0.189811,0.171141,0.155359,0.1424,0.132073,0.124109,0.118208,0.114078,0.111474,0.110219,0.110219,0.111474,0.114078,0.118208,0.124109,0.132073,0.1424,0.155359,0.171141,0.189811,0.211268,0.235218,0.261169,0.288453,0.316272,0.343768,0.370098,0.394517,0.416443,0.435496,0.451517,0.464546,0.474794,0.482589,0.488319,0.492389,0.495179,0.497019,0.498172,0.498835,0.499135,0.499135
0.499363,0.499363,0.499136,0.498633,0.497753,0.496338,0.494172,0.490982,0.486444,0.480203,0.471902,0.461216,0.447902,0.431843,0.413082,0.391847,0.368552,0.343768,0.318185,0.292546,0.267584,0.24396,0.222212,0.202728,0.185736,0.171316,0.159425,0.149934,0.142662,0.137419,0.134032,0.132373,0.132373,0.134032,0.137419,0.142662,0.149934,0.159425,0.171316,0.185736,0.202728,0.222212,0.24396,0.267584,0.292546,0.318185,0.343768,0.368552,0.391847,0.413082,0.431843,0.447902,0.461216,0.471902,0.480203,0.486444,0.490982,0.494172,0.496338,0.497753,0.498633,0.499136,0.499363,0.499363
0.499541,0.499541,0.499374,0.499002,0.498345,0.497281,0.495637,0.493193,0.48968,0.484796,0.478222,0.469657,0.458846,0.445624,0.429952,0.411938,0.391847,0.370098,0.347227,0.323853,0.300618,0.278141,0.256966,0.237532,0.220158,0.205035,0.192247,0.181787,0.173592,0.167568,0.163617,0.161663,0.161663,0.163617,0.167568,0.173592,0.181787,0.192247,0.205035,0.220158,0.237532,0.256966,0.278141,0.300618,0.323853,0.347227,0.370098,0.391847,0.411938,0.429952,0.445624,0.458846,0.469657,0.478222,0.484796,0.48968,0.493193,0.495637,0.497281,0.498345,0.499002,0.499374,0.499541,0.499541
0.499678,0.499678,0.499557,0.499288,0.498809,0.498028,0.49681,0.49498,0.492324,0.48859,0.483507,0.476803,0.468234,0.457614,0.444846,0.429952,0.413082,0.394517,0.374659,0.353995,0.333068,0.312427,0.292589,0.274008,0.25705,0.241987,0.228994,0.21817,0.209547,0.203118,0.198857,0.196736,0.196736,0.198857,0.203118,0.209547,0.21817,0.228994,0.241987,0.25705,0.274008,0.292589,0.312427,0.333068,0.353995,0.374659,0.394517,0.413082,0.429952,0.444846,0.457614,0.468234,0.476803,0.483507,0.48859,0.492324,0.49498,0.49681,0.498028,0.498809,0.499288,0.499557,0.499678,0.499678
0.499779,0.499779,0.499694,0.499504,0.499164,0.498604,0.497722,0.496386,0.494425,0.49164,0.487805,0.482687,0.476063,0.467747,0.457614,0.445624,0.431843,0.416443,0.399706,0.382002,0.363765,0.345464,0.327563,0.310498,0.29465,0.280332,0.267782,0.257169,0.248604,0.242149,0.237836,0.235678,0.235678,0.237836,0.242149,0.248604,0.257169,0.267782,0.280332,0.29465,0.310498,0.327563,0.345464,0.363765,0.382002,0.399706,0.416443,0.431843,0.445624,0.457614,0.467747,0.476063,0.482687,0.487805,0.49164,0.494425,0.496386,0.497722,0.498604,0.499164,0.499504,0.499694,0.499779,0.499779
0.499852,0.499852,0.499794,0.499663,0.499427,0.499035,0.498413,0.497461,0.49605,0.494023,0.491202,0.487394,0.482405,0.476063,0.468234,0.458846,0.447902,0.435496,0.421812,0.407117,0.391743,0.376073,0.360504,0.345431,0.331219,0.318192,0.306618,0.296709,0.288626,0.282482,0.278349,0.276273,0.276273,0.278349,0.282482,0.288626,0.296709,0.306618,0.318192,0.331219,0.345431,0.360504,0.376073,0.391743,0.407117,0.421812,0.435496,0.447902,0.458846,0.468234,0.476063,0.482405,0.487394,0.491202,0.494023,0.49605,0.497461,0.498413,0.499035,0.499427,0.499663,0.499794,0.499852,0.499852
0.499904,0.499904,0.499865,0.499777,0.499617,0.49935,0.498922,0.498261,0.497271,0.495834,0.493812,0.491052,0.487394,0.482687,0.476803,0.469657,0.461216,0.451517,0.440669,0.428855,0.41632,0.403361,0.390303,0.377486,0.36524,0.353872,0.343654,0.334814,0.327538,0.321965,0.318198,0.316298,0.316298,0.318198,0.321965,0.327538,0.334814,0.343654,0.353872,0.36524,0.377486,0.390303,0.403361,0.41632,0.428855,0.440669,0.451517,0.461216,0.469657,0.476803,0.482687,0.487394,0.491052,0.493812,0.495834,0.497271,0.498261,0.498922,0.49935,0.499617,0.499777,0.499865,0.499904,0.499904
0.499939,0.499939,0.499914,0.499856,0.499751,0.499573,0.499287,0.498839,0.498162,0.49717,0.49576,0.493812,0.491202,0.487805,0.483507,0.478222,0.471902,0.464546,0.456212,0.447017,0.437133,0.426781,0.416217,0.405718,0.395568,0.38604,0.377388,0.369834,0.363568,0.358739,0.355459,0.353801,0.353801,0.355459,0.358739,0.363568,0.369834,0.377388,0.38604,0.395568,0.405718,0.416217,0.426781,0.437133,0.447017,0.456212,0.464546,0.471902,0.478222,0.483507,0.487805,0.491202,0.493812,0.49576,0.49717,0.498162,0.498839,0.499287,0.499573,0.499751,0.499856,0.499914,0.499939,0.499939
0.499962,0.499962,0.499946,0.499909,0.499842,0.499727,0.49954,0.499245,0.498795,0.498128,0.49717,0.495834,0.494023,0.49164,0.48859,0.484796,0.480203,0.474794,0.468592,0.461664,0.454127,0.446139,0.437892,0.429604,0.421505,0.413827,0.406791,0.400599,0.395427,0.39142,0.388686,0.387301,0.387301,0.388686,0.39142,0.395427,0.400599,0.406791,0.413827,0.421505,0.429604,0.437892,0.446139,0.454127,0.461664,0.468592,0.474794,0.480203,0.484796,0.48859,0.49164,0.494023,0.495834,0.49717,0.498128,0.498795,0.499245,0.49954,0.499727,0.499842,0.499909,0.499946,0.499962,0.499962
0.499977,0.499977,0.499967,0.499944,0.499902,0.49983,0.499711,0.499522,0.499231,0.498795,0.498162,0.497271,0.49605,0.494425,0.492324,0.48968,0.486444,0.482589,0.478117,0.473066,0.467509,0.461554,0.45534,0.449031,0.442806,0.436852,0.43135,0.426475,0.422377,0.419187,0.417003,0.415894,0.415894,0.417003,0.419187,0.422377,0.426475,0.43135,0.436852,0.442806,0.449031,0.45534,0.461554,0.467509,0.473066,0.478117,0.482589,0.486444,0.48968,0.492324,0.494425,0.49605,0.497271,0.498162,0.498795,0.499231,0.499522,0.499711,0.49983,0.499902,0.499944,0.499967,0.499977,0.499977
0.499987,0.499987,0.499981,0.499967,0.499941,0.499897,0.499823,0.499705,0.499522,0.499245,0.498839,0.498261,0.497461,0.496386,0.49498,0.493193,0.490982,0.488319,0.485197,0.481633,0.477671,0.473381,0.46886,0.464227,0.459616,0.455168,0.451028,0.447336,0.444215,0.441775,0.4401,0.439247,0.439247,0.4401,0.441775,0.444215,0.447336,0.451028,0.455168,0.459616,0.464227,0.46886,0.473381,0.477671,0.481633,0.485197,0.488319,0.490982,0.493193,0.49498,0.496386,0.497461,0.498261,0.498839,0.499245,0.499522,0.499705,0.499823,0.499897,0.499941,0.499967,0.499981,0.499987,0.499987
0.499992,0.499992,0.499989,0.499981,0.499966,0.499939,0.499895,0.499823,0.499711,0.49954,0.499287,0.498922,0.498413,0.497722,0.49681,0.495637,0.494172,0.492389,0.490278,0.487843,0.485109,0.482122,0.478944,0.475659,0.472362,0.469158,0.466156,0.463463,0.461175,0.459379,0.458142,0.457512,0.457512,0.458142,0.459379,0.461175,0.463463,0.466156,0.469158,0.472362,0.475659,0.478944,0.482122,0.485109,0.487843,0.490278,0.492389,0.494172,0.495637,0.49681,0.497722,0.498413,0.498922,0.499287,0.49954,0.499711,0.499823,0.499895,0.499939,0.499966,0.499981,0.499989,0.499992,0.499992
0.499996,0.499996,0.499994,0.499989,0.49998,0.499965,0.499939,0.499897,0.49983,0.499727,0.499573,0.49935,0.499035,0.498604,0.498028,0.497281,0.496338,0.495179,0.493794,0.492181,0.490353,0.488337,0.486175,0.483921,0.481641,0.47941,0.477306,0.475408,0.473789,0.472513,0.471632,0.471182,0.471182,0.471632,0.472513,0.473789,0.475408,0.477306,0.47941,0.481641,0.483921,0.486175,0.488337,0.490353,0.492181,0.493794,0.495179,0.496338,0.497281,0.498028,0.498604,0.499035,0.49935,0.499573,0.499727,0.49983,0.499897,0.499939,0.499965,0.49998,0.499989,0.499994,0.499996,0.499996
0.499998,0.499998,0.499997,0.499994,0.499989,0.49998,0.499966,0.499941,0.499902,0.499842,0.499751,0.499617,0.499427,0.499164,0.498809,0.498345,0.497753,0.497019,0.496133,0.495091,0.4939,0.492575,0.491141,0.489635,0.4881,0.486589,0.485155,0.483854,0.482739,0.481858,0.481248,0.480936,0.480936,0.481248,0.481858,0.482739,0.483854,0.485155,0.486589,0.4881,0.489635,0.491141,0.492575,0.4939,0.495091,0.496133,0.497019,0.497753,0.498345,0.498809,0.499164,0.499427,0.499617,0.499751,0.499842,0.499902,0.499941,0.499966,0.49998,0.499989,0.499994,0.499997,0.499998,0.499998
0.499999,0.499999,0.499998,0.499997,0.499994,0.499989,0.499981,0.499967,0.499944,0.499909,0.499856,0.499777,0.499663,0.499504,0.499288,0.499002,0.498633,0.498172,0.49761,0.496943,0.496174,0.495311,0.494369,0.493371,0.492348,0.491333,0.490365,0.489482,0.488722,0.488119,0.487701,0.487487,0.487487,0.487701,0.488119,0.488722,0.489482,0.490365,0.491333,0.492348,0.493371,0.494369,0.495311,0.496174,0.496943,0.49761,0.498172,0.498633,0.499002,0.499288,0.499504,0.499663,0.499777,0.499856,0.499909,0.499944,0.499967,0.499981,0.499989,0.499994,0.499997,0.499998,0.499999,0.499999
0.499999,0.499999,0.499999,0.499998,0.499997,0.499994,0.499989,0.499981,0.499967,0.499946,0.499914,0.499865,0.499794,0.499694,0.499557,0.499374,0.499136,0.498835,0.498465,0.498021,0.497505,0.496921,0.496279,0.495593,0.494885,0.494178,0.4935,0.492878,0.492341,0.491914,0.491617,0.491464,0.491464,0.491617,0.491914,0.492341,0.492878,0.4935,0.494178,0.494885,0.495593,0.496279,0.496921,0.497505,0.498021,0.498465,0.498835,0.499136,0.499374,0.499557,0.499694,0.499794,0.499865,0.499914,0.499946,0.499967,0.499981,0.499989,0.499994,0.499997,0.499998,0.499999,0.499999,0.499999
0.5,0.5,0.499999,0.499999,0.499998,0.499996,0.499992,0.499987,0.499977,0.499962,0.499939,0.499904,0.499852,0.499779,0.499678,0.499541,0.499363,0.499135,0.498853,0.498514,0.498115,0.497662,0.49716,0.496622,0.496063,0.495503,0.494963,0.494466,0.494036,0.493693,0.493454,0.493331,0.493331,0.493454,0.493693,0.494036,0.494466,0.494963,0.495503,0.496063,0.496622,0.49716,0.497662,0.498115,0.498514,0.498853,0.499135,0.499363,0.499541,0.499678,0.499779,0.499852,0.499904,0.499939,0.499962,0.499977,0.499987,0.499992,0.499996,0.499998,0.499999,0.499999,0.5,0.5
0.5,0.5,0.499999,0.499999,0.499998,0.499996,0.499992,0.499987,0.499977,0.499962,0.499939,0.499904,0.499852,0.499779,0.499678,0.499541,0.499363,0.499135,0.498853,0.498514,0.498115,0.497662,0.49716,0.496622,0.496063,0.495503,0.494963,0.494466,0.494036,0.493693,0.493454,0.493331,0.493331,0.493454,0.493693,0.494036,0.494466,0.494963,0.495503,0.496063,0.496622,0.49716,0.497662,0.498115,0.498514,0.498853,0.499135,0.499363,0.499541,0.499678,0.499779,0.499852,0.499904,0.499939,0.499962,0.499977,0.499987,0.499992,0.499996,0.499998,0.499999,0.499999,0.5,0.5
