0.5,0.5,0.5,0.5,0.499999,0.499999,0.499998,0.499997,0.499994,0.499991,0.499985,0.499976,0.499964,0.499945,0.49992,0.499887,0.499842,0.499786,0.499716,0.499632,0.499533,0.499421,0.499296,0.499163,0.499024,0.498885,0.498752,0.498629,0.498522,0.498437,0.498378,0.498347,0.498347,0.498378,0.498437,0.498522,0.498629,0.498752,0.498885,0.499024,0.499163,0.499296,0.499421,0.499533,0.499632,0.499716,0.499786,0.499842,0.499887,0.49992,0.499945,0.499964,0.499976,0.499985,0.499991,0.499994,0.499997,0.499998,0.499999,0.499999,0.5,0.5,0.5,0.5
0.5,0.5,0.5,0.5,0.499999,0.499999,0.499998,0.499997,0.499994,0.499991,0.499985,0.499976,0.499964,0.499945,0.49992,0.499887,0.499842,0.499786,0.499716,0.499632,0.499533,0.499421,0.499296,0.499163,0.499024,0.498885,0.498752,0.498629,0.498522,0.498437,0.498378,0.498347,0.498347,0.498378,0.498437,0.498522,0.498629,0.498752,0.498885,0.499024,0.499163,0.499296,0.499421,0.499533,0.499632,0.499716,0.499786,0.499842,0.499887,0.49992,0.499945,0.499964,0.499976,0.499985,0.499991,0.499994,0.499997,0.499998,0.499999,0.499999,0.5,0.5,0.5,0.5
0.5,0.5,0.5,0.5,0.499999,0.499998,0.499997,0.499995,0.499992,0.499987,0.499979,0.499967,0.499949,0.499924,0.49989,0.499845,0.499786,0.499712,0.49962,0.49951,0.499382,0.499237,0.499078,0.498908,0.498732,0.498557,0.498389,0.498235,0.498102,0.497996,0.497922,0.497884,0.497884,0.497922,0.497996,0.498102,0.498235,0.498389,0.498557,0.498732,0.498908,0.499078,0.499237,0.499382,0.49951,0.49962,0.499712,0.499786,0.499845,0.49989,0.499924,0.499949,0.499967,0.499979,0.499987,0.499992,0.499995,0.499997,0.499998,0.499999,0.5,0.5,0.5,0.5
0.5,0.5,0.5,0.499999,0.499999,0.499997,0.499995,0.499992,0.499986,0.499978,0.499964,0.499945,0.499917,0.499877,0.499824,0.499753,0.499662,0.499547,0.499408,0.499243,0.499052,0.498838,0.498604,0.498357,0.498103,0.497852,0.497612,0.497393,0.497205,0.497055,0.496952,0.496899,0.496899,0.496952,0.497055,0.497205,0.497393,0.497612,0.497852,0.498103,0.498357,0.498604,0.498838,0.499052,0.499243,0.499408,0.499547,0.499662,0.499753,0.499824,0.499877,0.499917,0.499945,0.499964,0.499978,0.499986,0.499992,0.499995,0.499997,0.499999,0.499999,0.5,0.5,0.5
0.499999,0.499999,0.499999,0.499999,0.499997,0.499995,0.499992,0.499985,0.499976,0.499961,0.499938,0.499905,0.499858,0.499793,0.499705,0.49959,0.499443,0.499261,0.499041,0.498783,0.498488,0.49816,0.497804,0.497431,0.497051,0.496676,0.496321,0.495999,0.495723,0.495505,0.495354,0.495276,0.495276,0.495354,0.495505,0.495723,0.495999,0.496321,0.496676,0.497051,0.497431,0.497804,0.49816,0.498488,0.498783,0.499041,0.499261,0.499443,0.49959,0.499705,0.499793,0.499858,0.499905,0.499938,0.499961,0.499976,0.499985,0.499992,0.499995,0.499997,0.499999,0.499999,0.499999,0.499999
0.499999,0.499999,0.499998,0.499997,0.499995,0.499991,0.499985,0.499975,0.499958,0.499932,0.499894,0.499839,0.499761,0.499654,0.499511,0.499326,0.499092,0.498805,0.498462,0.498062,0.497609,0.49711,0.496574,0.496015,0.495451,0.494898,0.494378,0.493908,0.493507,0.493191,0.492973,0.492862,0.492862,0.492973,0.493191,0.493507,0.493908,0.494378,0.494898,0.495451,0.496015,0.496574,0.49711,0.497609,0.498062,0.498462,0.498805,0.499092,0.499326,0.499511,0.499654,0.499761,0.499839,0.499894,0.499932,0.499958,0.499975,0.499985,0.499991,0.499995,0.499997,0.499998,0.499999,0.499999
0.499998,0.499998,0.499997,0.499995,0.499992,0.499985,0.499974,0.499956,0.499929,0.499886,0.499823,0.499733,0.499607,0.499436,0.499209,0.498919,0.498555,0.498114,0.49759,0.496987,0.49631,0.49557,0.494783,0.49397,0.493154,0.492361,0.491618,0.490952,0.490386,0.489942,0.489636,0.489481,0.489481,0.489636,0.489942,0.490386,0.490952,0.491618,0.492361,0.493154,0.49397,0.494783,0.49557,0.49631,0.496987,0.49759,0.498114,0.498555,0.498919,0.499209,0.499436,0.499607,0.499733,0.499823,0.499886,0.499929,0.499956,0.499974,0.499985,0.499992,0.499995,0.499997,0.499998,0.499998
0.499997,0.499997,0.499995,0.499992,0.499985,0.499975,0.499956,0.499927,0.499882,0.499813,0.499712,0.499569,0.499371,0.499104,0.498756,0.498313,0.497765,0.497105,0.496331,0.495449,0.494468,0.493406,0.492287,0.491141,0.49,0.488901,0.487878,0.486965,0.486194,0.485592,0.485178,0.484968,0.484968,0.485178,0.485592,0.486194,0.486965,0.487878,0.488901,0.49,0.491141,0.492287,0.493406,0.494468,0.495449,0.496331,0.497105,0.497765,0.498313,0.498756,0.499104,0.499371,0.499569,0.499712,0.499813,0.499882,0.499927,0.499956,0.499975,0.499985,0.499992,0.499995,0.499997,0.499997
0.499994,0.499994,0.499992,0.499986,0.499976,0.499958,0.499929,0.499882,0.499809,0.499701,0.499545,0.499324,0.499021,0.498618,0.498097,0.497442,0.49664,0.495685,0.494578,0.493328,0.491953,0.49048,0.488943,0.487384,0.485846,0.484376,0.483018,0.481814,0.480803,0.480016,0.479478,0.479204,0.479204,0.479478,0.480016,0.480803,0.481814,0.483018,0.484376,0.485846,0.487384,0.488943,0.49048,0.491953,0.493328,0.494578,0.495685,0.49664,0.497442,0.498097,0.498618,0.499021,0.499324,0.499545,0.499701,0.499809,0.499882,0.499929,0.499958,0.499976,0.499986,0.499992,0.499994,0.499994
0.499991,0.499991,0.499987,0.499978,0.499961,0.499932,0.499886,0.499813,0.499701,0.499536,0.499299,0.498967,0.498519,0.497928,0.497172,0.496232,0.495095,0.493755,0.49222,0.490507,0.488643,0.486669,0.484632,0.482586,0.480588,0.478694,0.47696,0.475434,0.47416,0.473173,0.4725,0.472159,0.472159,0.4725,0.473173,0.47416,0.475434,0.47696,0.478694,0.480588,0.482586,0.484632,0.486669,0.488643,0.490507,0.49222,0.493755,0.495095,0.496232,0.497172,0.497928,0.498519,0.498967,0.499299,0.499536,0.499701,0.499813,0.499886,0.499932,0.499961,0.499978,0.499987,0.499991,0.499991
0.499985,0.499985,0.499979,0.499964,0.499938,0.499894,0.499823,0.499712,0.499545,0.499299,0.498949,0.498466,0.497819,0.496977,0.495913,0.494604,0.493039,0.491219,0.489159,0.486886,0.484445,0.481889,0.479283,0.476695,0.474194,0.471848,0.469719,0.467861,0.466321,0.465134,0.464328,0.463921,0.463921,0.464328,0.465134,0.466321,0.467861,0.469719,0.471848,0.474194,0.476695,0.479283,0.481889,0.484445,0.486886,0.489159,0.491219,0.493039,0.494604,0.495913,0.496977,0.497819,0.498466,0.498949,0.499299,0.499545,0.499712,0.499823,0.499894,0.499938,0.499964,0.499979,0.499985,0.499985
0.499976,0.499976,0.499967,0.499945,0.499905,0.499839,0.499733,0.499569,0.499324,0.498967,0.498466,0.497782,0.496876,0.49571,0.494253,0.492484,0.490396,0.487998,0.485318,0.482401,0.479308,0.476113,0.472897,0.469742,0.466731,0.463937,0.461428,0.459259,0.457475,0.456109,0.455185,0.45472,0.45472,0.455185,0.456109,0.457475,0.459259,0.461428,0.463937,0.466731,0.469742,0.472897,0.476113,0.479308,0.482401,0.485318,0.487998,0.490396,0.492484,0.494253,0.49571,0.496876,0.497782,0.498466,0.498967,0.499324,0.499569,0.499733,0.499839,0.499905,0.499945,0.499967,0.499976,0.499976
0.499964,0.499964,0.499949,0.499917,0.499858,0.499761,0.499607,0.499371,0.499021,0.498519,0.497819,0.496876,0.49564,0.494069,0.492132,0.48981,0.487104,0.48404,0.480663,0.477039,0.473251,0.469394,0.465566,0.461863,0.458376,0.455183,0.452348,0.449924,0.447948,0.446447,0.445437,0.444931,0.444931,0.445437,0.446447,0.447948,0.449924,0.452348,0.455183,0.458376,0.461863,0.465566,0.469394,0.473251,0.477039,0.480663,0.48404,0.487104,0.48981,0.492132,0.494069,0.49564,0.496876,0.497819,0.498519,0.499021,0.499371,0.499607,0.499761,0.499858,0.499917,0.499949,0.499964,0.499964
0.499945,0.499945,0.499924,0.499877,0.499793,0.499654,0.499436,0.499104,0.498618,0.497928,0.496977,0.49571,0.494069,0.492011,0.489505,0.486542,0.483138,0.479338,0.475212,0.470852,0.466367,0.461871,0.457478,0.453297,0.449419,0.44592,0.442857,0.44027,0.438184,0.436614,0.435565,0.435041,0.435041,0.435565,0.436614,0.438184,0.44027,0.442857,0.44592,0.449419,0.453297,0.457478,0.461871,0.466367,0.470852,0.475212,0.479338,0.483138,0.486542,0.489505,0.492011,0.494069,0.49571,0.496977,0.497928,0.498618,0.499104,0.499436,0.499654,0.499793,0.499877,0.499924,0.499945,0.499945
0.49992,0.49992,0.49989,0.499824,0.499705,0.499511,0.499209,0.498756,0.498097,0.497172,0.495913,0.494253,0.492132,0.489505,0.486349,0.482671,0.478509,0.473934,0.469045,0.463965,0.458828,0.453768,0.448914,0.444374,0.440239,0.436572,0.433415,0.43079,0.428701,0.427146,0.426117,0.425605,0.425605,0.426117,0.427146,0.428701,0.43079,0.433415,0.436572,0.440239,0.444374,0.448914,0.453768,0.458828,0.463965,0.469045,0.473934,0.478509,0.482671,0.486349,0.489505,0.492132,0.494253,0.495913,0.497172,0.498097,0.498756,0.499209,0.499511,0.499705,0.499824,0.49989,0.49992,0.49992
0.499887,0.499887,0.499845,0.499753,0.49959,0.499326,0.498919,0.498313,0.497442,0.496232,0.494604,0.492484,0.48981,0.486542,0.482671,0.478227,0.473276,0.467923,0.462303,0.456568,0.450877,0.445382,0.440217,0.435487,0.431269,0.427607,0.424518,0.421998,0.420029,0.418584,0.417638,0.41717,0.41717,0.417638,0.418584,0.420029,0.421998,0.424518,0.427607,0.431269,0.435487,0.440217,0.445382,0.450877,0.456568,0.462303,0.467923,0.473276,0.478227,0.482671,0.486542,0.48981,0.492484,0.494604,0.496232,0.497442,0.498313,0.498919,0.499326,0.49959,0.499753,0.499845,0.499887,0.499887
0.499842,0.499842,0.499786,0.499662,0.499443,0.499092,0.498555,0.497765,0.49664,0.495095,0.493039,0.490396,0.487104,0.483138,0.478509,0.473276,0.467543,0.461453,0.455178,0.448902,0.442805,0.437049,0.431766,0.427047,0.422947,0.419479,0.416632,0.414367,0.41264,0.411398,0.410598,0.410207,0.410207,0.410598,0.411398,0.41264,0.414367,0.416632,0.419479,0.422947,0.427047,0.431766,0.437049,0.442805,0.448902,0.455178,0.461453,0.467543,0.473276,0.478509,0.483138,0.487104,0.490396,0.493039,0.495095,0.49664,0.497765,0.498555,0.499092,0.499443,0.499662,0.499786,0.499842,0.499842
0.499786,0.499786,0.499712,0.499547,0.499261,0.498805,0.498114,0.497105,0.495685,0.493755,0.491219,0.487998,0.48404,0.479338,0.473934,0.467923,0.461453,0.454709,0.447901,0.44124,0.434923,0.429113,0.423927,0.419435,0.415658,0.412574,0.410132,0.408262,0.406887,0.405931,0.405332,0.405044,0.405044,0.405332,0.405931,0.406887,0.408262,0.410132,0.412574,0.415658,0.419435,0.423927,0.429113,0.434923,0.44124,0.447901,0.454709,0.461453,0.467923,0.473934,0.479338,0.48404,0.487998,0.491219,0.493755,0.495685,0.497105,0.498114,0.498805,0.499261,0.499547,0.499712,0.499786,0.499786
0.499716,0.499716,0.49962,0.499408,0.499041,0.498462,0.49759,0.496331,0.494578,0.49222,0.489159,0.485318,0.480663,0.475212,0.469045,0.462303,0.455178,0.447901,0.440716,0.433857,0.427528,0.421882,0.417014,0.412957,0.409693,0.407159,0.405263,0.4039,0.402961,0.402351,0.401991,0.401825,0.401825,0.401991,0.402351,0.402961,0.4039,0.405263,0.407159,0.409693,0.412957,0.417014,0.421882,0.427528,0.433857,0.440716,0.447901,0.455178,0.462303,0.469045,0.475212,0.480663,0.485318,0.489159,0.49222,0.494578,0.496331,0.49759,0.498462,0.499041,0.499408,0.49962,0.499716,0.499716
0.499632,0.499632,0.49951,0.499243,0.498783,0.498062,0.496987,0.495449,0.493328,0.490507,0.486886,0.482401,0.477039,0.470852,0.463965,0.456568,0.448902,0.44124,0.433857,0.427002,0.420873,0.415603,0.411253,0.407813,0.405219,0.403362,0.40211,0.401325,0.400874,0.400643,0.400541,0.400506,0.400506,0.400541,0.400643,0.400874,0.401325,0.40211,0.403362,0.405219,0.407813,0.411253,0.415603,0.420873,0.427002,0.433857,0.44124,0.448902,0.456568,0.463965,0.470852,0.477039,0.482401,0.486886,0.490507,0.493328,0.495449,0.496987,0.498062,0.498783,0.499243,0.49951,0.499632,0.499632
0.499533,0.499533,0.499382,0.499052,0.498488,0.497609,0.49631,0.494468,0.491953,0.488643,0.484445,0.479308,0.473251,0.466367,0.458828,0.450877,0.442805,0.434923,0.427528,0.420873,0.415141,0.410432,0.406764,0.404079,0.402262,0.401158,0.400601,0.400424,0.400474,0.400625,0.40078,0.400873,0.400873,0.40078,0.400625,0.400474,0.400424,0.400601,0.401158,0.402262,0.404079,0.406764,0.410432,0.415141,0.420873,0.427528,0.434923,0.442805,0.450877,0.458828,0.466367,0.473251,0.479308,0.484445,0.488643,0.491953,0.494468,0.49631,0.497609,0.498488,0.499052,0.499382,0.499533,0.499533
0.499421,0.499421,0.499237,0.498838,0.49816,0.49711,0.49557,0.493406,0.49048,0.486669,0.481889,0.476113,0.469394,0.461871,0.453768,0.445382,0.437049,0.429113,0.421882,0.415603,0.410432,0.406429,0.403559,0.401712,0.400723,0.400397,0.400536,0.400951,0.401479,0.401988,0.402381,0.402593,0.402593,0.402381,0.401988,0.401479,0.400951,0.400536,0.400397,0.400723,0.401712,0.403559,0.406429,0.410432,0.415603,0.421882,0.429113,0.437049,0.445382,0.453768,0.461871,0.469394,0.476113,0.481889,0.486669,0.49048,0.493406,0.49557,0.49711,0.49816,0.498838,0.499237,0.499421,0.499421
0.499296,0.499296,0.499078,0.498604,0.497804,0.496574,0.494783,0.492287,0.488943,0.484632,0.479283,0.472897,0.465566,0.457478,0.448914,0.440217,0.431766,0.423927,0.417014,0.411253,0.406764,0.403559,0.401548,0.400567,0.400404,0.400831,0.401622,0.402579,0.403534,0.404357,0.404955,0.405268,0.405268,0.404955,0.404357,0.403534,0.402579,0.401622,0.400831,0.400404,0.400567,0.401548,0.403559,0.406764,0.411253,0.417014,0.423927,0.431766,0.440217,0.448914,0.457478,0.465566,0.472897,0.479283,0.484632,0.488943,0.492287,0.494783,0.496574,0.497804,0.498604,0.499078,0.499296,0.499296
0.499163,0.499163,0.498908,0.498357,0.497431,0.496015,0.49397,0.491141,0.487384,0.482586,0.476695,0.469742,0.461863,0.453297,0.444374,0.435487,0.427047,0.419435,0.412957,0.407813,0.404079,0.401712,0.400567,0.400428,0.401044,0.402157,0.403527,0.40495,0.406262,0.407341,0.408103,0.408496,0.408496,0.408103,0.407341,0.406262,0.40495,0.403527,0.402157,0.401044,0.400428,0.400567,0.401712,0.404079,0.407813,0.412957,0.419435,0.427047,0.435487,0.444374,0.453297,0.461863,0.469742,0.476695,0.482586,0.487384,0.491141,0.49397,0.496015,0.497431,0.498357,0.498908,0.499163,0.499163
0.499024,0.499024,0.498732,0.498103,0.497051,0.495451,0.493154,0.49,0.485846,0.480588,0.474194,0.466731,0.458376,0.449419,0.440239,0.431269,0.422947,0.415658,0.409693,0.405219,0.402262,0.400723,0.400404,0.401044,0.402357,0.404064,0.405919,0.407718,0.40931,0.410583,0.411466,0.411917,0.411917,0.411466,0.410583,0.40931,0.407718,0.405919,0.404064,0.402357,0.401044,0.400404,0.400723,0.402262,0.405219,0.409693,0.415658,0.422947,0.431269,0.440239,0.449419,0.458376,0.466731,0.474194,0.480588,0.485846,0.49,0.493154,0.495451,0.497051,0.498103,0.498732,0.499024,0.499024
0.498885,0.498885,0.498557,0.497852,0.496676,0.494898,0.492361,0.488901,0.484376,0.478694,0.471848,0.463937,0.455183,0.44592,0.436572,0.427607,0.419479,0.412574,0.407159,0.403362,0.401158,0.400397,0.400831,0.402157,0.404064,0.406261,0.408499,0.410586,0.41238,0.413789,0.414754,0.415243,0.415243,0.414754,0.413789,0.41238,0.410586,0.408499,0.406261,0.404064,0.402157,0.400831,0.400397,0.401158,0.403362,0.407159,0.412574,0.419479,0.427607,0.436572,0.44592,0.455183,0.463937,0.471848,0.478694,0.484376,0.488901,0.492361,0.494898,0.496676,0.497852,0.498557,0.498885,0.498885
0.498752,0.498752,0.498389,0.497612,0.496321,0.494378,0.491618,0.487878,0.483018,0.47696,0.469719,0.461428,0.452348,0.442857,0.433415,0.424518,0.416632,0.410132,0.405263,0.40211,0.400601,0.400536,0.401622,0.403527,0.405919,0.408499,0.411025,0.413317,0.415248,0.416742,0.417754,0.418265,0.418265,0.417754,0.416742,0.415248,0.413317,0.411025,0.408499,0.405919,0.403527,0.401622,0.400536,0.400601,0.40211,0.405263,0.410132,0.416632,0.424518,0.433415,0.442857,0.452348,0.461428,0.469719,0.47696,0.483018,0.487878,0.491618,0.494378,0.496321,0.497612,0.498389,0.498752,0.498752
0.498629,0.498629,0.498235,0.497393,0.495999,0.493908,0.490952,0.486965,0.481814,0.475434,0.467861,0.459259,0.449924,0.44027,0.43079,0.421998,0.414367,0.408262,0.4039,0.401325,0.400424,0.400951,0.402579,0.40495,0.407718,0.410586,0.413317,0.415743,0.417758,0.419298,0.420334,0.420853,0.420853,0.420334,0.419298,0.417758,0.415743,0.413317,0.410586,0.407718,0.40495,0.402579,0.400951,0.400424,0.401325,0.4039,0.408262,0.414367,0.421998,0.43079,0.44027,0.449924,0.459259,0.467861,0.475434,0.481814,0.486965,0.490952,0.493908,0.495999,0.497393,0.498235,0.498629,0.498629
0.498522,0.498522,0.498102,0.497205,0.495723,0.493507,0.490386,0.486194,0.480803,0.47416,0.466321,0.457475,0.447948,0.438184,0.428701,0.420029,0.41264,0.406887,0.402961,0.400874,0.400474,0.401479,0.403534,0.406262,0.40931,0.41238,0.415248,0.417758,0.419817,0.421377,0.422419,0.42294,0.42294,0.422419,0.421377,0.419817,0.417758,0.415248,0.41238,0.40931,0.406262,0.403534,0.401479,0.400474,0.400874,0.402961,0.406887,0.41264,0.420029,0.428701,0.438184,0.447948,0.457475,0.466321,0.47416,0.480803,0.486194,0.490386,0.493507,0.495723,0.497205,0.498102,0.498522,0.498522
0.498437,0.498437,0.497996,0.497055,0.495505,0.493191,0.489942,0.485592,0.480016,0.473173,0.465134,0.456109,0.446447,0.436614,0.427146,0.418584,0.411398,0.405931,0.402351,0.400643,0.400625,0.401988,0.404357,0.407341,0.410583,0.413789,0.416742,0.419298,0.421377,0.422941,0.423981,0.424499,0.424499,0.423981,0.422941,0.421377,0.419298,0.416742,0.413789,0.410583,0.407341,0.404357,0.401988,0.400625,0.400643,0.402351,0.405931,0.411398,0.418584,0.427146,0.436614,0.446447,0.456109,0.465134,0.473173,0.480016,0.485592,0.489942,0.493191,0.495505,0.497055,0.497996,0.498437,0.498437
0.498378,0.498378,0.497922,0.496952,0.495354,0.492973,0.489636,0.485178,0.479478,0.4725,0.464328,0.455185,0.445437,0.435565,0.426117,0.417638,0.410598,0.405332,0.401991,0.400541,0.40078,0.402381,0.404955,0.408103,0.411466,0.414754,0.417754,0.420334,0.422419,0.423981,0.425015,0.42553,0.42553,0.425015,0.423981,0.422419,0.420334,0.417754,0.414754,0.411466,0.408103,0.404955,0.402381,0.40078,0.400541,0.401991,0.405332,0.410598,0.417638,0.426117,0.435565,0.445437,0.455185,0.464328,0.4725,0.479478,0.485178,0.489636,0.492973,0.495354,0.496952,0.497922,0.498378,0.498378
0.498347,0.498347,0.497884,0.496899,0.495276,0.492862,0.489481,0.484968,0.479204,0.472159,0.463921,0.45472,0.444931,0.435041,0.425605,0.41717,0.410207,0.405044,0.401825,0.400506,0.400873,0.402593,0.405268,0.408496,0.411917,0.415243,0.418265,0.420853,0.42294,0.424499,0.42553,0.426042,0.426042,0.42553,0.424499,0.42294,0.420853,0.418265,0.415243,0.411917,0.408496,0.405268,0.402593,0.400873,0.400506,0.401825,0.405044,0.410207,0.41717,0.425605,0.435041,0.444931,0.45472,0.463921,0.472159,0.479204,0.484968,0.489481,0.492862,0.495276,0.496899,0.497884,0.498347,0.498347
0.498347,0.498347,0.497884,0.496899,0.495276,0.492862,0.489481,0.484968,0.479204,0.472159,0.463921,0.45472,0.444931,0.435041,0.425605,0.41717,0.410207,0.405044,0.401825,0.400506,0.400873,0.402593,0.405268,0.408496,0.411917,0.415243,0.418265,0.420853,0.42294,0.424499,0.42553,0.426042,0.426042,0.42553,0.424499,0.42294,0.420853,0.418265,0.415243,0.411917,0.408496,0.405268,0.402593,0.400873,0.400506,0.401825,0.405044,0.410207,0.41717,0.425605,0.435041,0.444931,0.45472,0.463921,0.472159,0.479204,0.484968,0.489481,0.492862,0.495276,0.496899,0.497884,0.498347,0.498347
0.498378,0.498378,0.497922,0.496952,0.495354,0.492973,0.489636,0.485178,0.479478,0.4725,0.464328,0.455185,0.445437,0.435565,0.426117,0.417638,0.410598,0.405332,0.401991,0.400541,0.40078,0.402381,0.404955,0.408103,0.411466,0.414754,0.417754,0.420334,0.422419,0.423981,0.425015,0.42553,0.42553,0.425015,0.423981,0.422419,0.420334,0.417754,0.414754,0.411466,0.408103,0.404955,0.402381,0.40078,0.400541,0.401991,0.405332,0.410598,0.417638,0.426117,0.435565,0.445437,0.455185,0.464328,0.4725,0.479478,0.485178,0.489636,0.492973,0.495354,0.496952,0.497922,0.498378,0.498378
0.498437,0.498437,0.497996,0.497055,0.495505,0.493191,0.489942,0.485592,0.480016,0.473173,0.465134,0.456109,0.446447,0.436614,0.427146,0.418584,0.411398,0.405931,0.402351,0.400643,0.400625,0.401988,0.404357,0.407341,0.410583,0.413789,0.416742,0.419298,0.421377,0.422941,0.423981,0.424499,0.424499,0.423981,0.422941,0.421377,0.419298,0.416742,0.413789,0.410583,0.407341,0.404357,0.401988,0.400625,0.400643,0.402351,0.405931,0.411398,0.418584,0.427146,0.436614,0.446447,0.456109,0.465134,0.473173,0.480016,0.485592,0.489942,0.493191,0.495505,0.497055,0.497996,0.498437,0.498437
0.498522,0.498522,0.498102,0.497205,0.495723,0.493507,0.490386,0.486194,0.480803,0.47416,0.466321,0.457475,0.447948,0.438184,0.428701,0.420029,0.41264,0.406887,0.402961,0.400874,0.400474,0.401479,0.403534,0.406262,0.40931,0.41238,0.415248,0.417758,0.419817,0.421377,0.422419,0.42294,0.42294,0.422419,0.421377,0.419817,0.417758,0.415248,0.41238,0.40931,0.406262,0.403534,0.401479,0.400474,0.400874,0.402961,0.406887,0.41264,0.420029,0.428701,0.438184,0.447948,0.457475,0.466321,0.47416,0.480803,0.486194,0.490386,0.493507,0.495723,0.497205,0.498102,0.498522,0.498522
0.498629,0.498629,0.498235,0.497393,0.495999,0.493908,0.490952,0.486965,0.481814,0.475434,0.467861,0.459259,0.449924,0.44027,0.43079,0.421998,0.414367,0.408262,0.4039,0.401325,0.400424,0.400951,0.402579,0.40495,0.407718,0.410586,0.413317,0.415743,0.417758,0.419298,0.420334,0.420853,0.420853,0.420334,0.419298,0.417758,0.415743,0.413317,0.410586,0.407718,0.40495,0.402579,0.400951,0.400424,0.401325,0.4039,0.408262,0.414367,0.421998,0.43079,0.44027,0.449924,0.459259,0.467861,0.475434,0.481814,0.486965,0.490952,0.493908,0.495999,0.497393,0.498235,0.498629,0.498629
0.498752,0.498752,0.498389,0.497612,0.496321,0.494378,0.491618,0.487878,0.483018,0.47696,0.469719,0.461428,0.452348,0.442857,0.433415,0.424518,0.416632,0.410132,0.405263,0.40211,0.400601,0.400536,0.401622,0.403527,0.405919,0.408499,0.411025,0.413317,0.415248,0.416742,0.417754,0.418265,0.418265,0.417754,0.416742,0.415248,0.413317,0.411025,0.408499,0.405919,0.403527,0.401622,0.400536,0.400601,0.40211,0.405263,0.410132,0.416632,0.424518,0.433415,0.442857,0.452348,0.461428,0.469719,0.47696,0.483018,0.487878,0.491618,0.494378,0.496321,0.497612,0.498389,0.498752,0.498752
0.498885,0.498885,0.498557,0.497852,0.496676,0.494898,0.492361,0.488901,0.484376,0.478694,0.471848,0.463937,0.455183,0.44592,0.436572,0.427607,0.419479,0.412574,0.407159,0.403362,0.401158,0.400397,0.400831,0.402157,0.404064,0.406261,0.408499,0.410586,0.41238,0.413789,0.414754,0.415243,0.415243,0.414754,0.413789,0.41238,0.410586,0.408499,0.406261,0.404064,0.402157,0.400831,0.400397,0.401158,0.403362,0.407159,0.412574,0.419479,0.427607,0.436572,0.44592,0.455183,0.463937,0.471848,0.478694,0.484376,0.488901,0.492361,0.494898,0.496676,0.497852,0.498557,0.498885,0.498885
0.499024,0.499024,0.498732,0.498103,0.497051,0.495451,0.493154,0.49,0.485846,0.480588,0.474194,0.466731,0.458376,0.449419,0.440239,0.431269,0.422947,0.415658,0.409693,0.405219,0.402262,0.400723,0.400404,0.401044,0.402357,0.404064,0.405919,0.407718,0.40931,0.410583,0.411466,0.411917,0.411917,0.411466,0.410583,0.40931,0.407718,0.405919,0.404064,0.402357,0.401044,0.400404,0.400723,0.402262,0.405219,0.409693,0.415658,0.422947,0.431269,0.440239,0.449419,0.458376,0.466731,0.474194,0.480588,0.485846,0.49,0.493154,0.495451,0.497051,0.498103,0.498732,0.499024,0.499024
0.499163,0.499163,0.498908,0.498357,0.497431,0.496015,0.49397,0.491141,0.487384,0.482586,0.476695,0.469742,0.461863,0.453297,0.444374,0.435487,0.427047,0.419435,0.412957,0.407813,0.404079,0.401712,0.400567,0.400428,0.401044,0.402157,0.403527,0.40495,0.406262,0.407341,0.408103,0.408496,0.408496,0.408103,0.407341,0.406262,0.40495,0.403527,0.402157,0.401044,0.400428,0.400567,0.401712,0.404079,0.407813,0.412957,0.419435,0.427047,0.435487,0.444374,0.453297,0.461863,0.469742,0.476695,0.482586,0.487384,0.491141,0.49397,0.496015,0.497431,0.498357,0.498908,0.499163,0.499163
0.499296,0.499296,0.499078,0.498604,0.497804,0.496574,0.494783,0.492287,0.488943,0.484632,0.479283,0.472897,0.465566,0.457478,0.448914,0.440217,0.431766,0.423927,0.417014,0.411253,0.406764,0.403559,0.401548,0.400567,0.400404,0.400831,0.401622,0.402579,0.403534,0.404357,0.404955,0.405268,0.405268,0.404955,0.404357,0.403534,0.402579,0.401622,0.400831,0.400404,0.400567,0.401548,0.403559,0.406764,0.411253,0.417014,0.423927,0.431766,0.440217,0.448914,0.457478,0.465566,0.472897,0.479283,0.484632,0.488943,0.492287,0.494783,0.496574,0.497804,0.498604,0.499078,0.499296,0.499296
0.499421,0.499421,0.499237,0.498838,0.49816,0.49711,0.49557,0.493406,0.49048,0.486669,0.481889,0.476113,0.469394,0.461871,0.453768,0.445382,0.437049,0.429113,0.421882,0.415603,0.410432,0.406429,0.403559,0.401712,0.400723,0.400397,0.400536,0.400951,0.401479,0.401988,0.402381,0.402593,0.402593,0.402381,0.401988,0.401479,0.400951,0.400536,0.400397,0.400723,0.401712,0.403559,0.406429,0.410432,0.415603,0.421882,0.429113,0.437049,0.445382,0.453768,0.461871,0.469394,0.476113,0.481889,0.486669,0.49048,0.493406,0.49557,0.49711,0.49816,0.498838,0.499237,0.499421,0.499421
0.499533,0.499533,0.499382,0.499052,0.498488,0.497609,0.49631,0.494468,0.491953,0.488643,0.484445,0.479308,0.473251,0.466367,0.458828,0.450877,0.442805,0.434923,0.427528,0.420873,0.415141,0.410432,0.406764,0.404079,0.402262,0.401158,0.400601,0.400424,0.400474,0.400625,0.40078,0.400873,0.400873,0.40078,0.400625,0.400474,0.400424,0.400601,0.401158,0.402262,0.404079,0.406764,0.410432,0.415141,0.420873,0.427528,0.434923,0.442805,0.450877,0.458828,0.466367,0.473251,0.479308,0.484445,0.488643,0.491953,0.494468,0.49631,0.497609,0.498488,0.499052,0.499382,0.499533,0.499533
0.499632,0.499632,0.49951,0.499243,0.498783,0.498062,0.496987,0.495449,0.493328,0.490507,0.486886,0.482401,0.477039,0.470852,0.463965,0.456568,0.448902,0.44124,0.433857,0.427002,0.420873,0.415603,0.411253,0.407813,0.405219,0.403362,0.40211,0.401325,0.400874,0.400643,0.400541,0.400506,0.400506,0.400541,0.400643,0.400874,0.401325,0.40211,0.403362,0.405219,0.407813,0.411253,0.415603,0.420873,0.427002,0.433857,0.44124,0.448902,0.456568,0.463965,0.470852,0.477039,0.482401,0.486886,0.490507,0.493328,0.495449,0.496987,0.498062,0.498783,0.499243,0.49951,0.499632,0.499632
0.499716,0.499716,0.49962,0.499408,0.499041,0.498462,0.49759,0.496331,0.494578,0.49222,0.489159,0.485318,0.480663,0.475212,0.469045,0.462303,0.455178,0.447901,0.440716,0.433857,0.427528,0.421882,0.417014,0.412957,0.409693,0.407159,0.405263,0.4039,0.402961,0.402351,0.401991,0.401825,0.401825,0.401991,0.402351,0.402961,0.4039,0.405263,0.407159,0.409693,0.412957,0.417014,0.421882,0.427528,0.433857,0.440716,0.447901,0.455178,0.462303,0.469045,0.475212,0.480663,0.485318,0.489159,0.49222,0.494578,0.496331,0.49759,0.498462,0.499041,0.499408,0.49962,0.499716,0.499716
0.499786,0.499786,0.499712,0.499547,0.499261,0.498805,0.498114,0.497105,0.495685,0.493755,0.491219,0.487998,0.48404,0.479338,0.473934,0.467923,0.461453,0.454709,0.447901,0.44124,0.434923,0.429113,0.423927,0.419435,0.415658,0.412574,0.410132,0.408262,0.406887,0.405931,0.405332,0.405044,0.405044,0.405332,0.405931,0.406887,0.408262,0.410132,0.412574,0.415658,0.419435,0.423927,0.429113,0.434923,0.44124,0.447901,0.454709,0.461453,0.467923,0.473934,0.479338,0.48404,0.487998,0.491219,0.493755,0.495685,0.497105,0.498114,0.498805,0.499261,0.499547,0.499712,0.499786,0.499786
0.499842,0.499842,0.499786,0.499662,0.499443,0.499092,0.498555,0.497765,0.49664,0.495095,0.493039,0.490396,0.487104,0.483138,0.478509,0.473276,0.467543,0.461453,0.455178,0.448902,0.442805,0.437049,0.431766,0.427047,0.422947,0.419479,0.416632,0.414367,0.41264,0.411398,0.410598,0.410207,0.410207,0.410598,0.411398,0.41264,0.414367,0.416632,0.419479,0.422947,0.427047,0.431766,0.437049,0.442805,0.448902,0.455178,0.461453,0.467543,0.473276,0.478509,0.483138,0.487104,0.490396,0.493039,0.495095,0.49664,0.497765,0.498555,0.499092,0.499443,0.499662,0.499786,0.499842,0.499842
0.499887,0.499887,0.499845,0.499753,0.49959,0.499326,0.498919,0.498313,0.497442,0.496232,0.494604,0.492484,0.48981,0.486542,0.482671,0.478227,0.473276,0.467923,0.462303,0.456568,0.450877,0.445382,0.440217,0.435487,0.431269,0.427607,0.424518,0.421998,0.420029,0.418584,0.417638,0.41717,0.41717,0.417638,0.418584,0.420029,0.421998,0.424518,0.427607,0.431269,0.435487,0.440217,0.445382,0.450877,0.456568,0.462303,0.467923,0.473276,0.478227,0.482671,0.486542,0.48981,0.492484,0.494604,0.496232,0.497442,0.498313,0.498919,0.499326,0.49959,0.499753,0.499845,0.499887,0.499887
0.49992,0.49992,0.49989,0.499824,0.499705,0.499511,0.499209,0.498756,0.498097,0.497172,0.495913,0.494253,0.492132,0.489505,0.486349,0.482671,0.478509,0.473934,0.469045,0.463965,0.458828,0.453768,0.448914,0.444374,0.440239,0.436572,0.433415,0.43079,0.428701,0.427146,0.426117,0.425605,0.425605,0.426117,0.427146,0.428701,0.43079,0.433415,0.436572,0.440239,0.444374,0.448914,0.453768,0.458828,0.463965,0.469045,0.473934,0.478509,0.482671,0.486349,0.489505,0.492132,0.494253,0.495913,0.497172,0.498097,0.498756,0.499209,0.499511,0.499705,0.499824,0.49989,0.49992,0.49992
0.499945,0.499945,0.499924,0.499877,0.499793,0.499654,0.499436,0.499104,0.498618,0.497928,0.496977,0.49571,0.494069,0.492011,0.489505,0.486542,0.483138,0.479338,0.475212,0.470852,0.466367,0.461871,0.457478,0.453297,0.449419,0.44592,0.442857,0.44027,0.438184,0.436614,0.435565,0.435041,0.435041,0.435565,0.436614,0.438184,0.44027,0.442857,0.44592,0.449419,0.453297,0.457478,0.461871,0.466367,0.470852,0.475212,0.479338,0.483138,0.486542,0.489505,0.492011,0.494069,0.49571,0.496977,0.497928,0.498618,0.499104,0.499436,0.499654,0.499793,0.499877,0.499924,0.499945,0.499945
0.499964,0.499964,0.499949,0.499917,0.499858,0.499761,0.499607,0.499371,0.499021,0.498519,0.497819,0.496876,0.49564,0.494069,0.492132,0.48981,0.487104,0.48404,0.480663,0.477039,0.473251,0.469394,0.465566,0.461863,0.458376,0.455183,0.452348,0.449924,0.447948,0.446447,0.445437,0.444931,0.444931,0.445437,0.446447,0.447948,0.449924,0.452348,0.455183,0.458376,0.461863,0.465566,0.469394,0.473251,0.477039,0.480663,0.48404,0.487104,0.48981,0.492132,0.494069,0.49564,0.496876,0.497819,0.498519,0.499021,0.499371,0.499607,0.499761,0.499858,0.499917,0.499949,0.499964,0.499964
0.499976,0.499976,0.499967,0.499945,0.499905,0.499839,0.499733,0.499569,0.499324,0.498967,0.498466,0.497782,0.496876,0.49571,0.494253,0.492484,0.490396,0.487998,0.485318,0.482401,0.479308,0.476113,0.472897,0.469742,0.466731,0.463937,0.461428,0.459259,0.457475,0.456109,0.455185,0.45472,0.45472,0.455185,0.456109,0.457475,0.459259,0.461428,0.463937,0.466731,0.469742,0.472897,0.476113,0.479308,0.482401,0.485318,0.487998,0.490396,0.492484,0.494253,0.49571,0.496876,0.497782,0.498466,0.498967,0.499324,0.499569,0.499733,0.499839,0.499905,0.499945,0.499967,0.499976,0.499976
0.499985,0.499985,0.499979,0.499964,0.499938,0.499894,0.499823,0.499712,0.499545,0.499299,0.498949,0.498466,0.497819,0.496977,0.495913,0.494604,0.493039,0.491219,0.489159,0.486886,0.484445,0.481889,0.479283,0.476695,0.474194,0.471848,0.469719,0.467861,0.466321,0.465134,0.464328,0.463921,0.463921,0.464328,0.465134,0.466321,0.467861,0.469719,0.471848,0.474194,0.476695,0.479283,0.481889,0.484445,0.486886,0.489159,0.491219,0.493039,0.494604,0.495913,0.496977,0.497819,0.498466,0.498949,0.499299,0.499545,0.499712,0.499823,0.499894,0.499938,0.499964,0.499979,0.499985,0.499985
0.499991,0.499991,0.499987,0.499978,0.499961,0.499932,0.499886,0.499813,0.499701,0.499536,0.499299,0.498967,0.498519,0.497928,0.497172,0.496232,0.495095,0.493755,0.49222,0.490507,0.488643,0.486669,0.484632,0.482586,0.480588,0.478694,0.47696,0.475434,0.47416,0.473173,0.4725,0.472159,0.472159,0.4725,0.473173,0.47416,0.475434,0.47696,0.478694,0.480588,0.482586,0.484632,0.486669,0.488643,0.490507,0.49222,0.493755,0.495095,0.496232,0.497172,0.497928,0.498519,0.498967,0.499299,0.499536,0.499701,0.499813,0.499886,0.499932,0.499961,0.499978,0.499987,0.499991,0.499991
0.499994,0.499994,0.499992,0.499986,0.499976,0.499958,0.499929,0.499882,0.499809,0.499701,0.499545,0.499324,0.499021,0.498618,0.498097,0.497442,0.49664,0.495685,0.494578,0.493328,0.491953,0.49048,0.488943,0.487384,0.485846,0.484376,0.483018,0.481814,0.480803,0.480016,0.479478,0.479204,0.479204,0.479478,0.480016,0.480803,0.481814,0.483018,0.484376,0.485846,0.487384,0.488943,0.49048,0.491953,0.493328,0.494578,0.495685,0.49664,0.497442,0.498097,0.498618,0.499021,0.499324,0.499545,0.499701,0.499809,0.499882,0.499929,0.499958,0.499976,0.499986,0.499992,0.499994,0.499994
0.499997,0.499997,0.499995,0.499992,0.499985,0.499975,0.499956,0.499927,0.499882,0.499813,0.499712,0.499569,0.499371,0.499104,0.498756,0.498313,0.497765,0.497105,0.496331,0.495449,0.494468,0.493406,0.492287,0.491141,0.49,0.488901,0.487878,0.486965,0.486194,0.485592,0.485178,0.484968,0.484968,0.485178,0.485592,0.486194,0.486965,0.487878,0.488901,0.49,0.491141,0.492287,0.493406,0.494468,0.495449,0.496331,0.497105,0.497765,0.498313,0.498756,0.499104,0.499371,0.499569,0.499712,0.499813,0.499882,0.499927,0.499956,0.499975,0.499985,0.499992,0.499995,0.499997,0.499997
0.499998,0.499998,0.499997,0.499995,0.499992,0.499985,0.499974,0.499956,0.499929,0.499886,0.499823,0.499733,0.499607,0.499436,0.499209,0.498919,0.498555,0.498114,0.49759,0.496987,0.49631,0.49557,0.494783,0.49397,0.493154,0.492361,0.491618,0.490952,0.490386,0.489942,0.489636,0.489481,0.489481,0.489636,0.489942,0.490386,0.490952,0.491618,0.492361,0.493154,0.49397,0.494783,0.49557,0.49631,0.496987,0.49759,0.498114,0.498555,0.498919,0.499209,0.499436,0.499607,0.499733,0.499823,0.499886,0.499929,0.499956,0.499974,0.499985,0.499992,0.499995,0.499997,0.499998,0.499998
0.499999,0.499999,0.499998,0.499997,0.499995,0.499991,0.499985,0.499975,0.499958,0.499932,0.499894,0.499839,0.499761,0.499654,0.499511,0.499326,0.499092,0.498805,0.498462,0.498062,0.497609,0.49711,0.496574,0.496015,0.495451,0.494898,0.494378,0.493908,0.493507,0.493191,0.492973,0.492862,0.492862,0.492973,0.493191,0.493507,0.493908,0.494378,0.494898,0.495451,0.496015,0.496574,0.49711,0.497609,0.498062,0.498462,0.498805,0.499092,0.499326,0.499511,0.499654,0.499761,0.499839,0.499894,0.499932,0.499958,0.499975,0.499985,0.499991,0.499995,0.499997,0.499998,0.499999,0.499999
0.499999,0.499999,0.499999,0.499999,0.499997,0.499995,0.499992,0.499985,0.499976,0.499961,0.499938,0.499905,0.499858,0.499793,0.499705,0.49959,0.499443,0.499261,0.499041,0.498783,0.498488,0.49816,0.497804,0.497431,0.497051,0.496676,0.496321,0.495999,0.495723,0.495505,0.495354,0.495276,0.495276,0.495354,0.495505,0.495723,0.495999,0.496321,0.496676,0.497051,0.497431,0.497804,0.49816,0.498488,0.498783,0.499041,0.499261,0.499443,0.49959,0.499705,0.499793,0.499858,0.499905,0.499938,0.499961,0.499976,0.499985,0.499992,0.499995,0.499997,0.499999,0.499999,0.499999,0.499999
0.5,0.5,0.5,0.499999,0.499999,0.499997,0.499995,0.499992,0.499986,0.499978,0.499964,0.499945,0.499917,0.499877,0.499824,0.499753,0.499662,0.499547,0.499408,0.499243,0.499052,0.498838,0.498604,0.498357,0.498103,0.497852,0.497612,0.497393,0.497205,0.497055,0.496952,0.496899,0.496899,0.496952,0.497055,0.497205,0.497393,0.497612,0.497852,0.498103,0.498357,0.498604,0.498838,0.499052,0.499243,0.499408,0.499547,0.499662,0.499753,0.499824,0.499877,0.499917,0.499945,0.499964,0.499978,0.499986,0.499992,0.499995,0.499997,0.499999,0.499999,0.5,0.5,0.5
0.5,0.5,0.5,0.5,0.499999,0.499998,0.499997,0.499995,0.499992,0.499987,0.499979,0.499967,0.499949,0.499924,0.49989,0.499845,0.499786,0.499712,0.49962,0.49951,0.499382,0.499237,0.499078,0.498908,0.498732,0.498557,0.498389,0.498235,0.498102,0.497996,0.497922,0.497884,0.497884,0.497922,0.497996,0.498102,0.498235,0.498389,0.498557,0.498732,0.498908,0.499078,0.499237,0.499382,0.49951,0.49962,0.499712,0.499786,0.499845,0.49989,0.499924,0.499949,0.499967,0.499979,0.499987,0.499992,0.499995,0.499997,0.499998,0.499999,0.5,0.5,0.5,0.5
0.5,0.5,0.5,0.5,0.499999,0.499999,0.499998,0.499997,0.499994,0.499991,0.499985,0.499976,0.499964,0.499945,0.49992,0.499887,0.499842,0.499786,0.499716,0.499632,0.499533,0.499421,0.499296,0.499163,0.499024,0.498885,0.498752,0.498629,0.498522,0.498437,0.498378,0.498347,0.498347,0.498378,0.498437,0.498522,0.498629,0.498752,0.498885,0.499024,0.499163,0.499296,0.499421,0.499533,0.499632,0.499716,0.499786,0.499842,0.499887,0.49992,0.499945,0.499964,0.499976,0.499985,0.499991,0.499994,0.499997,0.499998,0.499999,0.499999,0.5,0.5,0.5,0.5
0.5,0.5,0.5,0.5,0.499999,0.499999,0.499998,0.499997,0.499994,0.499991,0.499985,0.499976,0.499964,0.499945,0.49992,0.499887,0.499842,0.499786,0.499716,0.499632,0.499533,0.499421,0.499296,0.499163,0.499024,0.498885,0.498752,0.498629,0.498522,0.498437,0.498378,0.498347,0.498347,0.498378,0.498437,0.498522,0.498629,0.498752,0.498885,0.499024,0.499163,0.499296,0.499421,0.499533,0.499632,0.499716,0.499786,0.499842,0.499887,0.49992,0.499945,0.499964,0.499976,0.499985,0.499991,0.499994,0.499997,0.499998,0.499999,0.499999,0.5,0.5,0.5,0.5
