0.5,0.5,0.5,0.5,0.5,0.5,0.5,0.5,0.5,0.5,0.5,0.5,0.5,0.5,0.5,0.5,0.5,0.5,0.5,0.5,0.5,0.5,0.5,0.5,0.5,0.5,0.5,0.5,0.5,0.5,0.5,0.5,0.5,0.5,0.5,0.5,0.5,0.5,0.5,0.5,0.5,0.5,0.5,0.5,0.5,0.5,0.5,0.5,0.5,0.5,0.5,0.5,0.5,0.5,0.5,0.5,0.5,0.5,0.5,0.5,0.5,0.5,0.5,0.5
0.5,0.5,0.5,0.5,0.5,0.5,0.5,0.5,0.5,0.5,0.5,0.5,0.5,0.5,0.5,0.5,0.5,0.5,0.5,0.5,0.5,0.5,0.5,0.5,0.5,0.5,0.5,0.5,0.5,0.5,0.5,0.5,0.5,0.5,0.5,0.5,0.5,0.5,0.5,0.5,0.5,0.5,0.5,0.5,0.5,0.5,0.5,0.5,0.5,0.5,0.5,0.5,0.5,0.5,0.5,0.5,0.5,0.5,0.5,0.5,0.5,0.5,0.5,0.5
0.5,0.5,0.5,0.5,0.5,0.5,0.5,0.5,0.5,0.5,0.5,0.5,0.5,0.5,0.5,0.5,0.5,0.5,0.5,0.5,0.5,0.5,0.5,0.5,0.5,0.5,0.5,0.5,0.5,0.5,0.5,0.5,0.5,0.5,0.5,0.5,0.5,0.5,0.5,0.5,0.5,0.5,0.5,0.5,0.5,0.5,0.5,0.5,0.5,0.5,0.5,0.5,0.5,0.5,0.5,0.5,0.5,0.5,0.5,0.5,0.5,0.5,0.5,0.5
0.5,0.5,0.5,0.5,0.5,0.5,0.5,0.5,0.5,0.5,0.5,0.5,0.5,0.5,0.5,0.5,0.5,0.5,0.5,0.5,0.5,0.5,0.5,0.5,0.5,0.5,0.5,0.5,0.5,0.499999,0.499999,0.499999,0.499999,0.499999,0.499999,0.5,0.5,0.5,0.5,0.5,0.5,0.5,0.5,0.5,0.5,0.5,0.5,0.5,0.5,0.5,0.5,0.5,0.5,0.5,0.5,0.5,0.5,0.5,0.5,0.5,0.5,0.5,0.5,0.5
0.5,0.5,0.5,0.5,0.5,0.5,0.5,0.5,0.5,0.5,0.5,0.5,0.5,0.5,0.5,0.5,0.5,0.5,0.5,0.5,0.5,0.5,0.5,0.5,0.499999,0.499999,0.499999,0.499999,0.499999,0.499999,0.499998,0.499998,0.499998,0.499998,0.499999,0.499999,0.499999,0.499999,0.499999,0.499999,0.5,0.5,0.5,0.5,0.5,0.5,0.5,0.5,0.5,0.5,0.5,0.5,0.5,0.5,0.5,0.5,0.5,0.5,0.5,0.5,0.5,0.5,0.5,0.5
0.5,0.5,0.5,0.5,0.5,0.5,0.5,0.5,0.5,0.5,0.5,0.5,0.5,0.5,0.5,0.5,0.5,0.5,0.5,0.5,0.5,0.499999,0.499999,0.499999,0.499999,0.499998,0.499998,0.499997,0.499997,0.499996,0.499996,0.499996,0.499996,0.499996,0.499996,0.499997,0.499997,0.499998,0.499998,0.499999,0.499999,0.499999,0.499999,0.5,0.5,0.5,0.5,0.5,0.5,0.5,0.5,0.5,0.5,0.5,0.5,0.5,0.5,0.5,0.5,0.5,0.5,0.5,0.5,0.5
0.5,0.5,0.5,0.5,0.5,0.5,0.5,0.5,0.5,0.5,0.5,0.5,0.5,0.5,0.5,0.5,0.5,0.5,0.5,0.499999,0.499999,0.499999,0.499998,0.499997,0.499996,0.499995,0.499994,0.499993,0.499992,0.499991,0.49999,0.49999,0.49999,0.49999,0.499991,0.499992,0.499993,0.499994,0.499995,0.499996,0.499997,0.499998,0.499999,0.499999,0.499999,0.5,0.5,0.5,0.5,0.5,0.5,0.5,0.5,0.5,0.5,0.5,0.5,0.5,0.5,0.5,0.5,0.5,0.5,0.5
0.5,0.5,0.5,0.5,0.5,0.5,0.5,0.5,0.5,0.5,0.5,0.5,0.5,0.5,0.5,0.5,0.5,0.499999,0.499999,0.499999,0.499998,0.499997,0.499995,0.499993,0.499991,0.499989,0.499986,0.499983,0.499981,0.499979,0.499977,0.499976,0.499976,0.499977,0.499979,0.499981,0.499983,0.499986,0.499989,0.499991,0.499993,0.499995,0.499997,0.499998,0.499999,0.499999,0.499999,0.5,0.5,0.5,0.5,0.5,0.5,0.5,0.5,0.5,0.5,0.5,0.5,0.5,0.5,0.5,0.5,0.5
0.5,0.5,0.5,0.5,0.5,0.5,0.5,0.5,0.5,0.5,0.5,0.5,0.5,0.5,0.5,0.5,0.499999,0.499999,0.499998,0.499997,0.499995,0.499992,0.499989,0.499985,0.49998,0.499974,0.499968,0.499962,0.499956,0.499951,0.499947,0.499946,0.499946,0.499947,0.499951,0.499956,0.499962,0.499968,0.499974,0.49998,0.499985,0.499989,0.499992,0.499995,0.499997,0.499998,0.499999,0.499999,0.5,0.5,0.5,0.5,0.5,0.5,0.5,0.5,0.5,0.5,0.5,0.5,0.5,0.5,0.5,0.5
0.5,0.5,0.5,0.5,0.5,0.5,0.5,0.5,0.5,0.5,0.5,0.5,0.5,0.5,0.499999,0.499999,0.499998,0.499997,0.499995,0.499992,0.499988,0.499983,0.499975,0.499966,0.499955,0.499942,0.499929,0.499915,0.499902,0.499891,0.499883,0.499879,0.499879,0.499883,0.499891,0.499902,0.499915,0.499929,0.499942,0.499955,0.499966,0.499975,0.499983,0.499988,0.499992,0.499995,0.499997,0.499998,0.499999,0.499999,0.5,0.5,0.5,0.5,0.5,0.5,0.5,0.5,0.5,0.5,0.5,0.5,0.5,0.5
0.5,0.5,0.5,0.5,0.5,0.5,0.5,0.5,0.5,0.5,0.5,0.5,0.5,0.499999,0.499999,0.499998,0.499996,0.499994,0.499989,0.499983,0.499974,0.499962,0.499947,0.499927,0.499903,0.499876,0.499847,0.499818,0.49979,0.499767,0.49975,0.499742,0.499742,0.49975,0.499767,0.49979,0.499818,0.499847,0.499876,0.499903,0.499927,0.499947,0.499962,0.499974,0.499983,0.499989,0.499994,0.499996,0.499998,0.499999,0.499999,0.5,0.5,0.5,0.5,0.5,0.5,0.5,0.5,0.5,0.5,0.5,0.5,0.5
0.5,0.5,0.5,0.5,0.5,0.5,0.5,0.5,0.5,0.5,0.5,0.5,0.499999,0.499999,0.499998,0.499995,0.499992,0.499986,0.499978,0.499965,0.499947,0.499922,0.499889,0.499848,0.499799,0.499744,0.499684,0.499624,0.499567,0.49952,0.499485,0.499467,0.499467,0.499485,0.49952,0.499567,0.499624,0.499684,0.499744,0.499799,0.499848,0.499889,0.499922,0.499947,0.499965,0.499978,0.499986,0.499992,0.499995,0.499998,0.499999,0.499999,0.5,0.5,0.5,0.5,0.5,0.5,0.5,0.5,0.5,0.5,0.5,0.5
0.5,0.5,0.5,0.5,0.5,0.5,0.5,0.5,0.5,0.5,0.5,0.499999,0.499999,0.499997,0.499995,0.499991,0.499984,0.499973,0.499956,0.49993,0.499893,0.499844,0.499778,0.499697,0.499599,0.499489,0.49937,0.49925,0.499139,0.499044,0.498976,0.498939,0.498939,0.498976,0.499044,0.499139,0.49925,0.49937,0.499489,0.499599,0.499697,0.499778,0.499844,0.499893,0.49993,0.499956,0.499973,0.499984,0.499991,0.499995,0.499997,0.499999,0.499999,0.5,0.5,0.5,0.5,0.5,0.5,0.5,0.5,0.5,0.5,0.5
0.5,0.5,0.5,0.5,0.5,0.5,0.5,0.5,0.5,0.5,0.499999,0.499999,0.499997,0.499995,0.49999,0.499982,0.499969,0.499947,0.499914,0.499864,0.499794,0.499698,0.499572,0.499415,0.499228,0.499016,0.498789,0.49856,0.498346,0.498166,0.498034,0.497965,0.497965,0.498034,0.498166,0.498346,0.49856,0.498789,0.499016,0.499228,0.499415,0.499572,0.499698,0.499794,0.499864,0.499914,0.499947,0.499969,0.499982,0.49999,0.499995,0.499997,0.499999,0.499999,0.5,0.5,0.5,0.5,0.5,0.5,0.5,0.5,0.5,0.5
0.5,0.5,0.5,0.5,0.5,0.5,0.5,0.5,0.5,0.499999,0.499999,0.499998,0.499995,0.49999,0.499982,0.499967,0.499941,0.499901,0.499839,0.499747,0.499616,0.499438,0.499204,0.498913,0.498567,0.498175,0.497755,0.497332,0.496937,0.496604,0.496362,0.496234,0.496234,0.496362,0.496604,0.496937,0.497332,0.497755,0.498175,0.498567,0.498913,0.499204,0.499438,0.499616,0.499747,0.499839,0.499901,0.499941,0.499967,0.499982,0.49999,0.499995,0.499998,0.499999,0.499999,0.5,0.5,0.5,0.5,0.5,0.5,0.5,0.5,0.5
0.5,0.5,0.5,0.5,0.5,0.5,0.5,0.5,0.5,0.499999,0.499998,0.499995,0.499991,0.499982,0.499967,0.499939,0.499894,0.499822,0.49971,0.499544,0.499309,0.498989,0.498572,0.498052,0.497433,0.496733,0.495984,0.495231,0.494528,0.493934,0.493503,0.493277,0.493277,0.493503,0.493934,0.494528,0.495231,0.495984,0.496733,0.497433,0.498052,0.498572,0.498989,0.499309,0.499544,0.49971,0.499822,0.499894,0.499939,0.499967,0.499982,0.499991,0.499995,0.499998,0.499999,0.5,0.5,0.5,0.5,0.5,0.5,0.5,0.5,0.5
0.5,0.5,0.5,0.5,0.5,0.5,0.5,0.5,0.499999,0.499998,0.499996,0.499992,0.499984,0.499969,0.499941,0.499894,0.499815,0.499689,0.499495,0.499208,0.498801,0.498247,0.497527,0.496629,0.495562,0.494357,0.493068,0.491774,0.490567,0.489547,0.488808,0.488419,0.488419,0.488808,0.489547,0.490567,0.491774,0.493068,0.494357,0.495562,0.496629,0.497527,0.498247,0.498801,0.499208,0.499495,0.499689,0.499815,0.499894,0.499941,0.499969,0.499984,0.499992,0.499996,0.499998,0.499999,0.5,0.5,0.5,0.5,0.5,0.5,0.5,0.5
0.5,0.5,0.5,0.5,0.5,0.5,0.5,0.499999,0.499999,0.499997,0.499994,0.499986,0.499973,0.499947,0.499901,0.499822,0.499689,0.499477,0.499152,0.498672,0.497991,0.497068,0.495866,0.494371,0.492597,0.490595,0.488455,0.486307,0.484307,0.482618,0.481392,0.480748,0.480748,0.481392,0.482618,0.484307,0.486307,0.488455,0.490595,0.492597,0.494371,0.495866,0.497068,0.497991,0.498672,0.499152,0.499477,0.499689,0.499822,0.499901,0.499947,0.499973,0.499986,0.499994,0.499997,0.499999,0.499999,0.5,0.5,0.5,0.5,0.5,0.5,0.5
0.5,0.5,0.5,0.5,0.5,0.5,0.5,0.499999,0.499998,0.499995,0.499989,0.499978,0.499956,0.499914,0.499839,0.49971,0.499495,0.499152,0.498626,0.49785,0.496753,0.495264,0.493331,0.490928,0.48808,0.484869,0.48144,0.478002,0.4748,0.472099,0.470141,0.469111,0.469111,0.470141,0.472099,0.4748,0.478002,0.48144,0.484869,0.48808,0.490928,0.493331,0.495264,0.496753,0.49785,0.498626,0.499152,0.499495,0.49971,0.499839,0.499914,0.499956,0.499978,0.499989,0.499995,0.499998,0.499999,0.5,0.5,0.5,0.5,0.5,0.5,0.5
0.5,0.5,0.5,0.5,0.5,0.5,0.499999,0.499999,0.499997,0.499992,0.499983,0.499965,0.49993,0.499864,0.499747,0.499544,0.499208,0.498672,0.49785,0.49664,0.494931,0.492617,0.489613,0.485886,0.481472,0.476499,0.471196,0.46588,0.460935,0.456765,0.453742,0.452153,0.452153,0.453742,0.456765,0.460935,0.46588,0.471196,0.476499,0.481472,0.485886,0.489613,0.492617,0.494931,0.49664,0.49785,0.498672,0.499208,0.499544,0.499747,0.499864,0.49993,0.499965,0.499983,0.499992,0.499997,0.499999,0.499999,0.5,0.5,0.5,0.5,0.5,0.5
0.5,0.5,0.5,0.5,0.5,0.5,0.499999,0.499998,0.499995,0.499988,0.499974,0.499947,0.499893,0.499794,0.499616,0.499309,0.498801,0.497991,0.496753,0.494931,0.492362,0.488886,0.484381,0.478797,0.472191,0.464756,0.456834,0.4489,0.441523,0.435306,0.430801,0.428433,0.428433,0.430801,0.435306,0.441523,0.4489,0.456834,0.464756,0.472191,0.478797,0.484381,0.488886,0.492362,0.494931,0.496753,0.497991,0.498801,0.499309,0.499616,0.499794,0.499893,0.499947,0.499974,0.499988,0.499995,0.499998,0.499999,0.5,0.5,0.5,0.5,0.5,0.5
0.5,0.5,0.5,0.5,0.5,0.499999,0.499999,0.499997,0.499992,0.499983,0.499962,0.499922,0.499844,0.499698,0.499438,0.498989,0.498247,0.497068,0.495264,0.492617,0.488886,0.483845,0.477319,0.469239,0.45969,0.448954,0.437524,0.426084,0.415456,0.406503,0.400018,0.39661,0.39661,0.400018,0.406503,0.415456,0.426084,0.437524,0.448954,0.45969,0.469239,0.477319,0.483845,0.488886,0.492617,0.495264,0.497068,0.498247,0.498989,0.499438,0.499698,0.499844,0.499922,0.499962,0.499983,0.499992,0.499997,0.499999,0.499999,0.5,0.5,0.5,0.5,0.5
0.5,0.5,0.5,0.5,0.5,0.499999,0.499998,0.499995,0.499989,0.499975,0.499947,0.499889,0.499778,0.499572,0.499204,0.498572,0.497527,0.495866,0.493331,0.489613,0.484381,0.477319,0.468187,0.456892,0.443558,0.42858,0.412647,0.396713,0.381917,0.369459,0.360439,0.355701,0.355701,0.360439,0.369459,0.381917,0.396713,0.412647,0.42858,0.443558,0.456892,0.468187,0.477319,0.484381,0.489613,0.493331,0.495866,0.497527,0.498572,0.499204,0.499572,0.499778,0.499889,0.499947,0.499975,0.499989,0.499995,0.499998,0.499999,0.5,0.5,0.5,0.5,0.5
0.5,0.5,0.5,0.5,0.5,0.499999,0.499997,0.499993,0.499985,0.499966,0.499927,0.499848,0.499697,0.499415,0.498913,0.498052,0.496629,0.494371,0.490928,0.485886,0.478797,0.469239,0.456892,0.441637,0.423644,0.403452,0.381988,0.360538,0.340633,0.323881,0.311756,0.305387,0.305387,0.311756,0.323881,0.340633,0.360538,0.381988,0.403452,0.423644,0.441637,0.456892,0.469239,0.478797,0.485886,0.490928,0.494371,0.496629,0.498052,0.498913,0.499415,0.499697,0.499848,0.499927,0.499966,0.499985,0.499993,0.499997,0.499999,0.5,0.5,0.5,0.5,0.5
0.5,0.5,0.5,0.5,0.499999,0.499999,0.499996,0.499991,0.49998,0.499955,0.499903,0.499799,0.499599,0.499228,0.498567,0.497433,0.495562,0.492597,0.48808,0.481472,0.472191,0.45969,0.443558,0.423644,0.400179,0.373866,0.345917,0.318005,0.292117,0.270339,0.254581,0.246306,0.246306,0.254581,0.270339,0.292117,0.318005,0.345917,0.373866,0.400179,0.423644,0.443558,0.45969,0.472191,0.481472,0.48808,0.492597,0.495562,0.497433,0.498567,0.499228,0.499599,0.499799,0.499903,0.499955,0.49998,0.499991,0.499996,0.499999,0.499999,0.5,0.5,0.5,0.5
0.5,0.5,0.5,0.5,0.499999,0.499998,0.499995,0.499989,0.499974,0.499942,0.499876,0.499744,0.499489,0.499016,0.498175,0.496733,0.494357,0.490595,0.484869,0.476499,0.464756,0.448954,0.42858,0.403452,0.373866,0.340714,0.305527,0.270406,0.237849,0.210472,0.190669,0.180271,0.180271,0.190669,0.210472,0.237849,0.270406,0.305527,0.340714,0.373866,0.403452,0.42858,0.448954,0.464756,0.476499,0.484869,0.490595,0.494357,0.496733,0.498175,0.499016,0.499489,0.499744,0.499876,0.499942,0.499974,0.499989,0.499995,0.499998,0.499999,0.5,0.5,0.5,0.5
0.5,0.5,0.5,0.5,0.499999,0.499998,0.499994,0.499986,0.499968,0.499929,0.499847,0.499684,0.49937,0.498789,0.497755,0.495984,0.493068,0.488455,0.48144,0.471196,0.456834,0.437524,0.412647,0.381988,0.345917,0.305527,0.262682,0.219941,0.180339,0.14705,0.122977,0.110339,0.110339,0.122977,0.14705,0.180339,0.219941,0.262682,0.305527,0.345917,0.381988,0.412647,0.437524,0.456834,0.471196,0.48144,0.488455,0.493068,0.495984,0.497755,0.498789,0.49937,0.499684,0.499847,0.499929,0.499968,0.499986,0.499994,0.499998,0.499999,0.5,0.5,0.5,0.5
0.5,0.5,0.5,0.5,0.499999,0.499997,0.499993,0.499983,0.499962,0.499915,0.499818,0.499624,0.49925,0.49856,0.497332,0.495231,0.491774,0.486307,0.478002,0.46588,0.4489,0.426084,0.396713,0.360538,0.318005,0.270406,0.219941,0.169622,0.123017,0.0838545,0.0555404,0.0406782,0.0406782,0.0555404,0.0838545,0.123017,0.169622,0.219941,0.270406,0.318005,0.360538,0.396713,0.426084,0.4489,0.46588,0.478002,0.486307,0.491774,0.495231,0.497332,0.49856,0.49925,0.499624,0.499818,0.499915,0.499962,0.499983,0.499993,0.499997,0.499999,0.5,0.5,0.5,0.5
0.5,0.5,0.5,0.5,0.499999,0.499997,0.499992,0.499981,0.499956,0.499902,0.49979,0.499567,0.499139,0.498346,0.496937,0.494528,0.490567,0.484307,0.4748,0.460935,0.441523,0.415456,0.381917,0.340633,0.292117,0.237849,0.180339,0.123017,0.069944,0.0253576,-0.00687157,-0.0237868,-0.0237868,-0.00687157,0.0253576,0.069944,0.123017,0.180339,0.237849,0.292117,0.340633,0.381917,0.415456,0.441523,0.460935,0.4748,0.484307,0.490567,0.494528,0.496937,0.498346,0.499139,0.499567,0.49979,0.499902,0.499956,0.499981,0.499992,0.499997,0.499999,0.5,0.5,0.5,0.5
0.5,0.5,0.5,0.499999,0.499999,0.499996,0.499991,0.499979,0.499951,0.499891,0.499767,0.49952,0.499044,0.498166,0.496604,0.493934,0.489547,0.482618,0.472099,0.456765,0.435306,0.406503,0.369459,0.323881,0.270339,0.210472,0.14705,0.0838545,0.0253576,-0.0237754,-0.0592856,-0.0779212,-0.0779212,-0.0592856,-0.0237754,0.0253576,0.0838545,0.14705,0.210472,0.270339,0.323881,0.369459,0.406503,0.435306,0.456765,0.472099,0.482618,0.489547,0.493934,0.496604,0.498166,0.499044,0.49952,0.499767,0.499891,0.499951,0.499979,0.499991,0.499996,0.499999,0.499999,0.5,0.5,0.5
0.5,0.5,0.5,0.499999,0.499998,0.499996,0.49999,0.499977,0.499947,0.499883,0.49975,0.499485,0.498976,0.498034,0.496362,0.493503,0.488808,0.481392,0.470141,0.453742,0.430801,0.400018,0.360439,0.311756,0.254581,0.190669,0.122977,0.0555404,-0.00687157,-0.0592856,-0.0971633,-0.11704,-0.11704,-0.0971633,-0.0592856,-0.00687157,0.0555404,0.122977,0.190669,0.254581,0.311756,0.360439,0.400018,0.430801,0.453742,0.470141,0.481392,0.488808,0.493503,0.496362,0.498034,0.498976,0.499485,0.49975,0.499883,0.499947,0.499977,0.49999,0.499996,0.499998,0.499999,0.5,0.5,0.5
0.5,0.5,0.5,0.499999,0.499998,0.499996,0.49999,0.499976,0.499946,0.499879,0.499742,0.499467,0.498939,0.497965,0.496234,0.493277,0.488419,0.480748,0.469111,0.452153,0.428433,0.39661,0.355701,0.305387,0.246306,0.180271,0.110339,0.0406782,-0.0237868,-0.0779212,-0.11704,-0.137568,-0.137568,-0.11704,-0.0779212,-0.0237868,0.0406782,0.110339,0.180271,0.246306,0.305387,0.355701,0.39661,0.428433,0.452153,0.469111,0.480748,0.488419,0.493277,0.496234,0.497965,0.498939,0.499467,0.499742,0.499879,0.499946,0.499976,0.49999,0.499996,0.499998,0.499999,0.5,0.5,0.5
0.5,0.5,0.5,0.499999,0.499998,0.499996,0.49999,0.499976,0.499946,0.499879,0.499742,0.499467,0.498939,0.497965,0.496234,0.493277,0.488419,0.480748,0.469111,0.452153,0.428433,0.39661,0.355701,0.305387,0.246306,0.180271,0.110339,0.0406782,-0.0237868,-0.0779212,-0.11704,-0.137568,-0.137568,-0.11704,-0.0779212,-0.0237868,0.0406782,0.110339,0.180271,0.246306,0.305387,0.355701,0.39661,0.428433,0.452153,0.469111,0.480748,0.488419,0.493277,0.496234,0.497965,0.498939,0.499467,0.499742,0.499879,0.499946,0.499976,0.49999,0.499996,0.499998,0.499999,0.5,0.5,0.5
0.5,0.5,0.5,0.499999,0.499998,0.499996,0.49999,0.499977,0.499947,0.499883,0.49975,0.499485,0.498976,0.498034,0.496362,0.493503,0.488808,0.481392,0.470141,0.453742,0.430801,0.400018,0.360439,0.311756,0.254581,0.190669,0.122977,0.0555404,-0.00687157,-0.0592856,-0.0971633,-0.11704,-0.11704,-0.0971633,-0.0592856,-0.00687157,0.0555404,0.122977,0.190669,0.254581,0.311756,0.360439,0.400018,0.430801,0.453742,0.470141,0.481392,0.488808,0.493503,0.496362,0.498034,0.498976,0.499485,0.49975,0.499883,0.499947,0.499977,0.49999,0.499996,0.499998,0.499999,0.5,0.5,0.5
0.5,0.5,0.5,0.499999,0.499999,0.499996,0.499991,0.499979,0.499951,0.499891,0.499767,0.49952,0.499044,0.498166,0.496604,0.493934,0.489547,0.482618,0.472099,0.456765,0.435306,0.406503,0.369459,0.323881,0.270339,0.210472,0.14705,0.0838545,0.0253576,-0.0237754,-0.0592856,-0.0779212,-0.0779212,-0.0592856,-0.0237754,0.0253576,0.0838545,0.14705,0.210472,0.270339,0.323881,0.369459,0.406503,0.435306,0.456765,0.472099,0.482618,0.489547,0.493934,0.496604,0.498166,0.499044,0.49952,0.499767,0.499891,0.499951,0.499979,0.499991,0.499996,0.499999,0.499999,0.5,0.5,0.5
0.5,0.5,0.5,0.5,0.499999,0.499997,0.499992,0.499981,0.499956,0.499902,0.49979,0.499567,0.499139,0.498346,0.496937,0.494528,0.490567,0.484307,0.4748,0.460935,0.441523,0.415456,0.381917,0.340633,0.292117,0.237849,0.180339,0.123017,0.069944,0.0253576,-0.00687157,-0.0237868,-0.0237868,-0.00687157,0.0253576,0.069944,0.123017,0.180339,0.237849,0.292117,0.340633,0.381917,0.415456,0.441523,0.460935,0.4748,0.484307,0.490567,0.494528,0.496937,0.498346,0.499139,0.499567,0.49979,0.499902,0.499956,0.499981,0.499992,0.499997,0.499999,0.5,0.5,0.5,0.5
0.5,0.5,0.5,0.5,0.499999,0.499997,0.499993,0.499983,0.499962,0.499915,0.499818,0.499624,0.49925,0.49856,0.497332,0.495231,0.491774,0.486307,0.478002,0.46588,0.4489,0.426084,0.396713,0.360538,0.318005,0.270406,0.219941,0.169622,0.123017,0.0838545,0.0555404,0.0406782,0.0406782,0.0555404,0.0838545,0.123017,0.169622,0.219941,0.270406,0.318005,0.360538,0.396713,0.426084,0.4489,0.46588,0.478002,0.486307,0.491774,0.495231,0.497332,0.49856,0.49925,0.499624,0.499818,0.499915,0.499962,0.499983,0.499993,0.499997,0.499999,0.5,0.5,0.5,0.5
0.5,0.5,0.5,0.5,0.499999,0.499998,0.499994,0.499986,0.499968,0.499929,0.499847,0.499684,0.49937,0.498789,0.497755,0.495984,0.493068,0.488455,0.48144,0.471196,0.456834,0.437524,0.412647,0.381988,0.345917,0.305527,0.262682,0.219941,0.180339,0.14705,0.122977,0.110339,0.110339,0.122977,0.14705,0.180339,0.219941,0.262682,0.305527,0.345917,0.381988,0.412647,0.437524,0.456834,0.471196,0.48144,0.488455,0.493068,0.495984,0.497755,0.498789,0.49937,0.499684,0.499847,0.499929,0.499968,0.499986,0.499994,0.499998,0.499999,0.5,0.5,0.5,0.5
0.5,0.5,0.5,0.5,0.499999,0.499998,0.499995,0.499989,0.499974,0.499942,0.499876,0.499744,0.499489,0.499016,0.498175,0.496733,0.494357,0.490595,0.484869,0.476499,0.464756,0.448954,0.42858,0.403452,0.373866,0.340714,0.305527,0.270406,0.237849,0.210472,0.190669,0.180271,0.180271,0.190669,0.210472,0.237849,0.270406,0.305527,0.340714,0.373866,0.403452,0.42858,0.448954,0.464756,0.476499,0.484869,0.490595,0.494357,0.496733,0.498175,0.499016,0.499489,0.499744,0.499876,0.499942,0.499974,0.499989,0.499995,0.499998,0.499999,0.5,0.5,0.5,0.5
0.5,0.5,0.5,0.5,0.499999,0.499999,0.499996,0.499991,0.49998,0.499955,0.499903,0.499799,0.499599,0.499228,0.498567,0.497433,0.495562,0.492597,0.48808,0.481472,0.472191,0.45969,0.443558,0.423644,0.400179,0.373866,0.345917,0.318005,0.292117,0.270339,0.254581,0.246306,0.246306,0.254581,0.270339,0.292117,0.318005,0.345917,0.373866,0.400179,0.423644,0.443558,0.45969,0.472191,0.481472,0.48808,0.492597,0.495562,0.497433,0.498567,0.499228,0.499599,0.499799,0.499903,0.499955,0.49998,0.499991,0.499996,0.499999,0.499999,0.5,0.5,0.5,0.5
0.5,0.5,0.5,0.5,0.5,0.499999,0.499997,0.499993,0.499985,0.499966,0.499927,0.499848,0.499697,0.499415,0.498913,0.498052,0.496629,0.494371,0.490928,0.485886,0.478797,0.469239,0.456892,0.441637,0.423644,0.403452,0.381988,0.360538,0.340633,0.323881,0.311756,0.305387,0.305387,0.311756,0.323881,0.340633,0.360538,0.381988,0.403452,0.423644,0.441637,0.456892,0.469239,0.478797,0.485886,0.490928,0.494371,0.496629,0.498052,0.498913,0.499415,0.499697,0.499848,0.499927,0.499966,0.499985,0.499993,0.499997,0.499999,0.5,0.5,0.5,0.5,0.5
0.5,0.5,0.5,0.5,0.5,0.499999,0.499998,0.499995,0.499989,0.499975,0.499947,0.499889,0.499778,0.499572,0.499204,0.498572,0.497527,0.495866,0.493331,0.489613,0.484381,0.477319,0.468187,0.456892,0.443558,0.42858,0.412647,0.396713,0.381917,0.369459,0.360439,0.355701,0.355701,0.360439,0.369459,0.381917,0.396713,0.412647,0.42858,0.443558,0.456892,0.468187,0.477319,0.484381,0.489613,0.493331,0.495866,0.497527,0.498572,0.499204,0.499572,0.499778,0.499889,0.499947,0.499975,0.499989,0.499995,0.499998,0.499999,0.5,0.5,0.5,0.5,0.5
0.5,0.5,0.5,0.5,0.5,0.499999,0.499999,0.499997,0.499992,0.499983,0.499962,0.499922,0.499844,0.499698,0.499438,0.498989,0.498247,0.497068,0.495264,0.492617,0.488886,0.483845,0.477319,0.469239,0.45969,0.448954,0.437524,0.426084,0.415456,0.406503,0.400018,0.39661,0.39661,0.400018,0.406503,0.415456,0.426084,0.437524,0.448954,0.45969,0.469239,0.477319,0.483845,0.488886,0.492617,0.495264,0.497068,0.498247,0.498989,0.499438,0.499698,0.499844,0.499922,0.499962,0.499983,0.499992,0.499997,0.499999,0.499999,0.5,0.5,0.5,0.5,0.5
0.5,0.5,0.5,0.5,0.5,0.5,0.499999,0.499998,0.499995,0.499988,0.499974,0.499947,0.499893,0.499794,0.499616,0.499309,0.498801,0.497991,0.496753,0.494931,0.492362,0.488886,0.484381,0.478797,0.472191,0.464756,0.456834,0.4489,0.441523,0.435306,0.430801,0.428433,0.428433,0.430801,0.435306,0.441523,0.4489,0.456834,0.464756,0.472191,0.478797,0.484381,0.488886,0.492362,0.494931,0.496753,0.497991,0.498801,0.499309,0.499616,0.499794,0.499893,0.499947,0.499974,0.499988,0.499995,0.499998,0.499999,0.5,0.5,0.5,0.5,0.5,0.5
0.5,0.5,0.5,0.5,0.5,0.5,0.499999,0.499999,0.499997,0.499992,0.499983,0.499965,0.49993,0.499864,0.499747,0.499544,0.499208,0.498672,0.49785,0.49664,0.494931,0.492617,0.489613,0.485886,0.481472,0.476499,0.471196,0.46588,0.460935,0.456765,0.453742,0.452153,0.452153,0.453742,0.456765,0.460935,0.46588,0.471196,0.476499,0.481472,0.485886,0.489613,0.492617,0.494931,0.49664,0.49785,0.498672,0.499208,0.499544,0.499747,0.499864,0.49993,0.499965,0.499983,0.499992,0.499997,0.499999,0.499999,0.5,0.5,0.5,0.5,0.5,0.5
0.5,0.5,0.5,0.5,0.5,0.5,0.5,0.499999,0.499998,0.499995,0.499989,0.499978,0.499956,0.499914,0.499839,0.49971,0.499495,0.499152,0.498626,0.49785,0.496753,0.495264,0.493331,0.490928,0.48808,0.484869,0.48144,0.478002,0.4748,0.472099,0.470141,0.469111,0.469111,0.470141,0.472099,0.4748,0.478002,0.48144,0.484869,0.48808,0.490928,0.493331,0.495264,0.496753,0.49785,0.498626,0.499152,0.499495,0.49971,0.499839,0.499914,0.499956,0.499978,0.499989,0.499995,0.499998,0.499999,0.5,0.5,0.5,0.5,0.5,0.5,0.5
0.5,0.5,0.5,0.5,0.5,0.5,0.5,0.499999,0.499999,0.499997,0.499994,0.499986,0.499973,0.499947,0.499901,0.499822,0.499689,0.499477,0.499152,0.498672,0.497991,0.497068,0.495866,0.494371,0.492597,0.490595,0.488455,0.486307,0.484307,0.482618,0.481392,0.480748,0.480748,0.481392,0.482618,0.484307,0.486307,0.488455,0.490595,0.492597,0.494371,0.495866,0.497068,0.497991,0.498672,0.499152,0.499477,0.499689,0.499822,0.499901,0.499947,0.499973,0.499986,0.499994,0.499997,0.499999,0.499999,0.5,0.5,0.5,0.5,0.5,0.5,0.5
0.5,0.5,0.5,0.5,0.5,0.5,0.5,0.5,0.499999,0.499998,0.499996,0.499992,0.499984,0.499969,0.499941,0.499894,0.499815,0.499689,0.499495,0.499208,0.498801,0.498247,0.497527,0.496629,0.495562,0.494357,0.493068,0.491774,0.490567,0.489547,0.488808,0.488419,0.488419,0.488808,0.489547,0.490567,0.491774,0.493068,0.494357,0.495562,0.496629,0.497527,0.498247,0.498801,0.499208,0.499495,0.499689,0.499815,0.499894,0.499941,0.499969,0.499984,0.499992,0.499996,0.499998,0.499999,0.5,0.5,0.5,0.5,0.5,0.5,0.5,0.5
0.5,0.5,0.5,0.5,0.5,0.5,0.5,0.5,0.5,0.499999,0.499998,0.499995,0.499991,0.499982,0.499967,0.499939,0.499894,0.499822,0.49971,0.499544,0.499309,0.498989,0.498572,0.498052,0.497433,0.496733,0.495984,0.495231,0.494528,0.493934,0.493503,0.493277,0.493277,0.493503,0.493934,0.494528,0.495231,0.495984,0.496733,0.497433,0.498052,0.498572,0.498989,0.499309,0.499544,0.49971,0.499822,0.499894,0.499939,0.499967,0.499982,0.499991,0.499995,0.499998,0.499999,0.5,0.5,0.5,0.5,0.5,0.5,0.5,0.5,0.5
0.5,0.5,0.5,0.5,0.5,0.5,0.5,0.5,0.5,0.499999,0.499999,0.499998,0.499995,0.49999,0.499982,0.499967,0.499941,0.499901,0.499839,0.499747,0.499616,0.499438,0.499204,0.498913,0.498567,0.498175,0.497755,0.497332,0.496937,0.496604,0.496362,0.496234,0.496234,0.496362,0.496604,0.496937,0.497332,0.497755,0.498175,0.498567,0.498913,0.499204,0.499438,0.499616,0.499747,0.499839,0.499901,0.499941,0.499967,0.499982,0.49999,0.499995,0.499998,0.499999,0.499999,0.5,0.5,0.5,0.5,0.5,0.5,0.5,0.5,0.5
0.5,0.5,0.5,0.5,0.5,0.5,0.5,0.5,0.5,0.5,0.499999,0.499999,0.499997,0.499995,0.49999,0.499982,0.499969,0.499947,0.499914,0.499864,0.499794,0.499698,0.499572,0.499415,0.499228,0.499016,0.498789,0.49856,0.498346,0.498166,0.498034,0.497965,0.497965,0.498034,0.498166,0.498346,0.49856,0.498789,0.499016,0.499228,0.499415,0.499572,0.499698,0.499794,0.499864,0.499914,0.499947,0.499969,0.499982,0.49999,0.499995,0.499997,0.499999,0.499999,0.5,0.5,0.5,0.5,0.5,0.5,0.5,0.5,0.5,0.5
0.5,0.5,0.5,0.5,0.5,0.5,0.5,0.5,0.5,0.5,0.5,0.499999,0.499999,0.499997,0.499995,0.499991,0.499984,0.499973,0.499956,0.49993,0.499893,0.499844,0.499778,0.499697,0.499599,0.499489,0.49937,0.49925,0.499139,0.499044,0.498976,0.498939,0.498939,0.498976,0.499044,0.499139,0.49925,0.49937,0.499489,0.499599,0.499697,0.499778,0.499844,0.499893,0.49993,0.499956,0.499973,0.499984,0.499991,0.499995,0.499997,0.499999,0.499999,0.5,0.5,0.5,0.5,0.5,0.5,0.5,0.5,0.5,0.5,0.5
0.5,0.5,0.5,0.5,0.5,0.5,0.5,0.5,0.5,0.5,0.5,0.5,0.499999,0.499999,0.499998,0.499995,0.499992,0.499986,0.499978,0.499965,0.499947,0.499922,0.499889,0.499848,0.499799,0.499744,0.499684,0.499624,0.499567,0.49952,0.499485,0.499467,0.499467,0.499485,0.49952,0.499567,0.499624,0.499684,0.499744,0.499799,0.499848,0.499889,0.499922,0.499947,0.499965,0.499978,0.499986,0.499992,0.499995,0.499998,0.499999,0.499999,0.5,0.5,0.5,0.5,0.5,0.5,0.5,0.5,0.5,0.5,0.5,0.5
0.5,0.5,0.5,0.5,0.5,0.5,0.5,0.5,0.5,0.5,0.5,0.5,0.5,0.499999,0.499999,0.499998,0.499996,0.499994,0.499989,0.499983,0.499974,0.499962,0.499947,0.499927,0.499903,0.499876,0.499847,0.499818,0.49979,0.499767,0.49975,0.499742,0.499742,0.49975,0.499767,0.49979,0.499818,0.499847,0.499876,0.499903,0.499927,0.499947,0.499962,0.499974,0.499983,0.499989,0.499994,0.499996,0.499998,0.499999,0.499999,0.5,0.5,0.5,0.5,0.5,0.5,0.5,0.5,0.5,0.5,0.5,0.5,0.5
0.5,0.5,0.5,0.5,0.5,0.5,0.5,0.5,0.5,0.5,0.5,0.5,0.5,0.5,0.499999,0.499999,0.499998,0.499997,0.499995,0.499992,0.499988,0.499983,0.499975,0.499966,0.499955,0.499942,0.499929,0.499915,0.499902,0.499891,0.499883,0.499879,0.499879,0.499883,0.499891,0.499902,0.499915,0.499929,0.499942,0.499955,0.499966,0.499975,0.499983,0.499988,0.499992,0.499995,0.499997,0.499998,0.499999,0.499999,0.5,0.5,0.5,0.5,0.5,0.5,0.5,0.5,0.5,0.5,0.5,0.5,0.5,0.5
0.5,0.5,0.5,0.5,0.5,0.5,0.5,0.5,0.5,0.5,0.5,0.5,0.5,0.5,0.5,0.5,0.499999,0.499999,0.499998,0.499997,0.499995,0.499992,0.499989,0.499985,0.49998,0.499974,0.499968,0.499962,0.499956,0.499951,0.499947,0.499946,0.499946,0.499947,0.499951,0.499956,0.499962,0.499968,0.499974,0.49998,0.499985,0.499989,0.499992,0.499995,0.499997,0.499998,0.499999,0.499999,0.5,0.5,0.5,0.5,0.5,0.5,0.5,0.5,0.5,0.5,0.5,0.5,0.5,0.5,0.5,0.5
0.5,0.5,0.5,0.5,0.5,0.5,0.5,0.5,0.5,0.5,0.5,0.5,0.5,0.5,0.5,0.5,0.5,0.499999,0.499999,0.499999,0.499998,0.499997,0.499995,0.499993,0.499991,0.499989,0.499986,0.499983,0.499981,0.499979,0.499977,0.499976,0.499976,0.499977,0.499979,0.499981,0.499983,0.499986,0.499989,0.499991,0.499993,0.499995,0.499997,0.499998,0.499999,0.499999,0.499999,0.5,0.5,0.5,0.5,0.5,0.5,0.5,0.5,0.5,0.5,0.5,0.5,0.5,0.5,0.5,0.5,0.5
0.5,0.5,0.5,0.5,0.5,0.5,0.5,0.5,0.5,0.5,0.5,0.5,0.5,0.5,0.5,0.5,0.5,0.5,0.5,0.499999,0.499999,0.499999,0.499998,0.499997,0.499996,0.499995,0.499994,0.499993,0.499992,0.499991,0.49999,0.49999,0.49999,0.49999,0.499991,0.499992,0.499993,0.499994,0.499995,0.499996,0.499997,0.499998,0.499999,0.499999,0.499999,0.5,0.5,0.5,0.5,0.5,0.5,0.5,0.5,0.5,0.5,0.5,0.5,0.5,0.5,0.5,0.5,0.5,0.5,0.5
0.5,0.5,0.5,0.5,0.5,0.5,0.5,0.5,0.5,0.5,0.5,0.5,0.5,0.5,0.5,0.5,0.5,0.5,0.5,0.5,0.5,0.499999,0.499999,0.499999,0.499999,0.499998,0.499998,0.499997,0.499997,0.499996,0.499996,0.499996,0.499996,0.499996,0.499996,0.499997,0.499997,0.499998,0.499998,0.499999,0.499999,0.499999,0.499999,0.5,0.5,0.5,0.5,0.5,0.5,0.5,0.5,0.5,0.5,0.5,0.5,0.5,0.5,0.5,0.5,0.5,0.5,0.5,0.5,0.5
0.5,0.5,0.5,0.5,0.5,0.5,0.5,0.5,0.5,0.5,0.5,0.5,0.5,0.5,0.5,0.5,0.5,0.5,0.5,0.5,0.5,0.5,0.5,0.5,0.499999,0.499999,0.499999,0.499999,0.499999,0.499999,0.499998,0.499998,0.499998,0.499998,0.499999,0.499999,0.499999,0.499999,0.499999,0.499999,0.5,0.5,0.5,0.5,0.5,0.5,0.5,0.5,0.5,0.5,0.5,0.5,0.5,0.5,0.5,0.5,0.5,0.5,0.5,0.5,0.5,0.5,0.5,0.5
0.5,0.5,0.5,0.5,0.5,0.5,0.5,0.5,0.5,0.5,0.5,0.5,0.5,0.5,0.5,0.5,0.5,0.5,0.5,0.5,0.5,0.5,0.5,0.5,0.5,0.5,0.5,0.5,0.5,0.499999,0.499999,0.499999,0.499999,0.499999,0.499999,0.5,0.5,0.5,0.5,0.5,0.5,0.5,0.5,0.5,0.5,0.5,0.5,0.5,0.5,0.5,0.5,0.5,0.5,0.5,0.5,0.5,0.5,0.5,0.5,0.5,0.5,0.5,0.5,0.5
0.5,0.5,0.5,0.5,0.5,0.5,0.5,0.5,0.5,0.5,0.5,0.5,0.5,0.5,0.5,0.5,0.5,0.5,0.5,0.5,0.5,0.5,0.5,0.5,0.5,0.5,0.5,0.5,0.5,0.5,0.5,0.5,0.5,0.5,0.5,0.5,0.5,0.5,0.5,0.5,0.5,0.5,0.5,0.5,0.5,0.5,0.5,0.5,0.5,0.5,0.5,0.5,0.5,0.5,0.5,0.5,0.5,0.5,0.5,0.5,0.5,0.5,0.5,0.5
0.5,0.5,0.5,0.5,0.5,0.5,0.5,0.5,0.5,0.5,0.5,0.5,0.5,0.5,0.5,0.5,0.5,0.5,0.5,0.5,0.5,0.5,0.5,0.5,0.5,0.5,0.5,0.5,0.5,0.5,0.5,0.5,0.5,0.5,0.5,0.5,0.5,0.5,0.5,0.5,0.5,0.5,0.5,0.5,0.5,0.5,0.5,0.5,0.5,0.5,0.5,0.5,0.5,0.5,0.5,0.5,0.5,0.5,0.5,0.5,0.5,0.5,0.5,0.5
0.5,0.5,0.5,0.5,0.5,0.5,0.5,0.5,0.5,0.5,0.5,0.5,0.5,0.5,0.5,0.5,0.5,0.5,0.5,0.5,0.5,0.5,0.5,0.5,0.5,0.5,0.5,0.5,0.5,0.5,0.5,0.5,0.5,0.5,0.5,0.5,0.5,0.5,0.5,0.5,0.5,0.5,0.5,0.5,0.5,0.5,0.5,0.5,0.5,0.5,0.5,0.5,0.5,0.5,0.5,0.5,0.5,0.5,0.5,0.5,0.5,0.5,0.5,0.5
