0.5,0.5,0.5,0.5,0.5,0.5,0.5,0.5,0.5,0.5,0.5,0.5,0.5,0.5,0.499999,0.499999,0.499999,0.499998,0.499997,0.499996,0.499994,0.499991,0.499989,0.499985,0.499981,0.499977,0.499973,0.499969,0.499966,0.499963,0.49996,0.499959,0.499959,0.49996,0.499963,0.499966,0.499969,0.499973,0.499977,0.499981,0.499985,0.499989,0.499991,0.499994,0.499996,0.499997,0.499998,0.499999,0.499999,0.499999,0.5,0.5,0.5,0.5,0.5,0.5,0.5,0.5,0.5,0.5,0.5,0.5,0.5,0.5
0.5,0.5,0.5,0.5,0.5,0.5,0.5,0.5,0.5,0.5,0.5,0.5,0.5,0.5,0.499999,0.499999,0.499999,0.499998,0.499997,0.499996,0.499994,0.499991,0.499989,0.499985,0.499981,0.499977,0.499973,0.499969,0.499966,0.499963,0.49996,0.499959,0.499959,0.49996,0.499963,0.499966,0.499969,0.499973,0.499977,0.499981,0.499985,0.499989,0.499991,0.499994,0.499996,0.499997,0.499998,0.499999,0.499999,0.499999,0.5,0.5,0.5,0.5,0.5,0.5,0.5,0.5,0.5,0.5,0.5,0.5,0.5,0.5
0.5,0.5,0.5,0.5,0.5,0.5,0.5,0.5,0.5,0.5,0.5,0.5,0.5,0.499999,0.499999,0.499999,0.499998,0.499996,0.499995,0.499992,0.499989,0.499985,0.49998,0.499975,0.499968,0.499962,0.499955,0.499948,0.499942,0.499937,0.499933,0.499931,0.499931,0.499933,0.499937,0.499942,0.499948,0.499955,0.499962,0.499968,0.499975,0.49998,0.499985,0.499989,0.499992,0.499995,0.499996,0.499998,0.499999,0.499999,0.499999,0.5,0.5,0.5,0.5,0.5,0.5,0.5,0.5,0.5,0.5,0.5,0.5,0.5
0.5,0.5,0.5,0.5,0.5,0.5,0.5,0.5,0.5,0.5,0.5,0.5,0.499999,0.499999,0.499998,0.499997,0.499995,0.499992,0.499989,0.499984,0.499977,0.499969,0.49996,0.499948,0.499935,0.499922,0.499908,0.499894,0.499882,0.499872,0.499865,0.499861,0.499861,0.499865,0.499872,0.499882,0.499894,0.499908,0.499922,0.499935,0.499948,0.49996,0.499969,0.499977,0.499984,0.499989,0.499992,0.499995,0.499997,0.499998,0.499999,0.499999,0.5,0.5,0.5,0.5,0.5,0.5,0.5,0.5,0.5,0.5,0.5,0.5
0.5,0.5,0.5,0.5,0.5,0.5,0.5,0.5,0.5,0.5,0.5,0.499999,0.499999,0.499997,0.499996,0.499993,0.499989,0.499984,0.499976,0.499966,0.499953,0.499936,0.499916,0.499892,0.499866,0.499838,0.499809,0.499782,0.499757,0.499736,0.499722,0.499714,0.499714,0.499722,0.499736,0.499757,0.499782,0.499809,0.499838,0.499866,0.499892,0.499916,0.499936,0.499953,0.499966,0.499976,0.499984,0.499989,0.499993,0.499996,0.499997,0.499999,0.499999,0.5,0.5,0.5,0.5,0.5,0.5,0.5,0.5,0.5,0.5,0.5
0.5,0.5,0.5,0.5,0.5,0.5,0.5,0.5,0.5,0.499999,0.499999,0.499998,0.499997,0.499995,0.499991,0.499986,0.499978,0.499966,0.499951,0.49993,0.499902,0.499868,0.499828,0.49978,0.499728,0.499672,0.499615,0.49956,0.499511,0.499471,0.499442,0.499427,0.499427,0.499442,0.499471,0.499511,0.49956,0.499615,0.499672,0.499728,0.49978,0.499828,0.499868,0.499902,0.49993,0.499951,0.499966,0.499978,0.499986,0.499991,0.499995,0.499997,0.499998,0.499999,0.499999,0.5,0.5,0.5,0.5,0.5,0.5,0.5,0.5,0.5
0.5,0.5,0.5,0.5,0.5,0.5,0.5,0.5,0.499999,0.499999,0.499998,0.499996,0.499994,0.499989,0.499982,0.499971,0.499955,0.499933,0.499901,0.49986,0.499806,0.499739,0.49966,0.499568,0.499466,0.499358,0.499249,0.499144,0.499049,0.498972,0.498917,0.498889,0.498889,0.498917,0.498972,0.499049,0.499144,0.499249,0.499358,0.499466,0.499568,0.49966,0.499739,0.499806,0.49986,0.499901,0.499933,0.499955,0.499971,0.499982,0.499989,0.499994,0.499996,0.499998,0.499999,0.499999,0.5,0.5,0.5,0.5,0.5,0.5,0.5,0.5
0.5,0.5,0.5,0.5,0.5,0.5,0.5,0.499999,0.499999,0.499998,0.499996,0.499993,0.499987,0.499978,0.499964,0.499943,0.499912,0.499868,0.499808,0.499729,0.499627,0.499501,0.499351,0.499178,0.498988,0.498787,0.498583,0.498389,0.498215,0.498072,0.497971,0.497919,0.497919,0.497971,0.498072,0.498215,0.498389,0.498583,0.498787,0.498988,0.499178,0.499351,0.499501,0.499627,0.499729,0.499808,0.499868,0.499912,0.499943,0.499964,0.499978,0.499987,0.499993,0.499996,0.499998,0.499999,0.499999,0.5,0.5,0.5,0.5,0.5,0.5,0.5
0.5,0.5,0.5,0.5,0.5,0.5,0.499999,0.499999,0.499998,0.499996,0.499992,0.499986,0.499975,0.499958,0.499932,0.499892,0.499834,0.499752,0.49964,0.499493,0.499306,0.499075,0.498802,0.49849,0.498146,0.497784,0.49742,0.497073,0.496762,0.496509,0.49633,0.496236,0.496236,0.49633,0.496509,0.496762,0.497073,0.49742,0.497784,0.498146,0.49849,0.498802,0.499075,0.499306,0.499493,0.49964,0.499752,0.499834,0.499892,0.499932,0.499958,0.499975,0.499986,0.499992,0.499996,0.499998,0.499999,0.499999,0.5,0.5,0.5,0.5,0.5,0.5
0.5,0.5,0.5,0.5,0.5,0.499999,0.499999,0.499998,0.499996,0.499992,0.499985,0.499973,0.499954,0.499922,0.499874,0.499801,0.499695,0.499548,0.499347,0.499084,0.498751,0.498344,0.497863,0.497316,0.496718,0.49609,0.49546,0.494862,0.494329,0.493894,0.493587,0.493428,0.493428,0.493587,0.493894,0.494329,0.494862,0.49546,0.49609,0.496718,0.497316,0.497863,0.498344,0.498751,0.499084,0.499347,0.499548,0.499695,0.499801,0.499874,0.499922,0.499954,0.499973,0.499985,0.499992,0.499996,0.499998,0.499999,0.499999,0.5,0.5,0.5,0.5,0.5
0.5,0.5,0.5,0.5,0.5,0.499999,0.499998,0.499996,0.499992,0.499985,0.499972,0.499951,0.499916,0.49986,0.499774,0.499645,0.49946,0.499201,0.498852,0.498398,0.497827,0.497131,0.496315,0.495391,0.494384,0.493333,0.492282,0.491287,0.490404,0.489686,0.489178,0.488916,0.488916,0.489178,0.489686,0.490404,0.491287,0.492282,0.493333,0.494384,0.495391,0.496315,0.497131,0.497827,0.498398,0.498852,0.499201,0.49946,0.499645,0.499774,0.49986,0.499916,0.499951,0.499972,0.499985,0.499992,0.499996,0.499998,0.499999,0.5,0.5,0.5,0.5,0.5
0.5,0.5,0.5,0.5,0.499999,0.499998,0.499996,0.499993,0.499986,0.499973,0.499951,0.499914,0.499853,0.499756,0.499607,0.499387,0.499071,0.498634,0.498048,0.49729,0.49634,0.495192,0.493853,0.492344,0.49071,0.48901,0.48732,0.485725,0.484313,0.483168,0.482361,0.481944,0.481944,0.482361,0.483168,0.484313,0.485725,0.48732,0.48901,0.49071,0.492344,0.493853,0.495192,0.49634,0.49729,0.498048,0.498634,0.499071,0.499387,0.499607,0.499756,0.499853,0.499914,0.499951,0.499973,0.499986,0.499993,0.499996,0.499998,0.499999,0.5,0.5,0.5,0.5
0.5,0.5,0.5,0.499999,0.499999,0.499997,0.499994,0.499987,0.499975,0.499954,0.499916,0.499853,0.499749,0.499586,0.499338,0.498973,0.498453,0.497738,0.496785,0.49556,0.494036,0.492204,0.490079,0.487701,0.485138,0.482487,0.479862,0.477396,0.47522,0.473461,0.472223,0.471585,0.471585,0.472223,0.473461,0.47522,0.477396,0.479862,0.482487,0.485138,0.487701,0.490079,0.492204,0.494036,0.49556,0.496785,0.497738,0.498453,0.498973,0.499338,0.499586,0.499749,0.499853,0.499916,0.499954,0.499975,0.499987,0.499994,0.499997,0.499999,0.499999,0.5,0.5,0.5
0.5,0.5,0.499999,0.499999,0.499997,0.499995,0.499989,0.499978,0.499958,0.499922,0.49986,0.499756,0.499586,0.499321,0.498921,0.498334,0.497505,0.496371,0.494871,0.492955,0.490587,0.487761,0.484504,0.480881,0.477001,0.473007,0.469075,0.465396,0.462164,0.459557,0.457729,0.456786,0.456786,0.457729,0.459557,0.462164,0.465396,0.469075,0.473007,0.477001,0.480881,0.484504,0.487761,0.490587,0.492955,0.494871,0.496371,0.497505,0.498334,0.498921,0.499321,0.499586,0.499756,0.49986,0.499922,0.499958,0.499978,0.499989,0.499995,0.499997,0.499999,0.499999,0.5,0.5
0.499999,0.499999,0.499999,0.499998,0.499996,0.499991,0.499982,0.499964,0.499932,0.499874,0.499774,0.499607,0.499338,0.498921,0.498292,0.49738,0.496097,0.494356,0.49207,0.489169,0.485611,0.481393,0.476565,0.471231,0.465555,0.459748,0.454063,0.448769,0.444138,0.440417,0.437812,0.436472,0.436472,0.437812,0.440417,0.444138,0.448769,0.454063,0.459748,0.465555,0.471231,0.476565,0.481393,0.485611,0.489169,0.49207,0.494356,0.496097,0.49738,0.498292,0.498921,0.499338,0.499607,0.499774,0.499874,0.499932,0.499964,0.499982,0.499991,0.499996,0.499998,0.499999,0.499999,0.499999
0.499999,0.499999,0.499999,0.499997,0.499993,0.499986,0.499971,0.499943,0.499892,0.499801,0.499645,0.499387,0.498973,0.498334,0.49738,0.496002,0.49408,0.491489,0.488113,0.48386,0.478682,0.47259,0.465667,0.458076,0.450052,0.4419,0.433965,0.426618,0.42022,0.415099,0.411524,0.409687,0.409687,0.411524,0.415099,0.42022,0.426618,0.433965,0.4419,0.450052,0.458076,0.465667,0.47259,0.478682,0.48386,0.488113,0.491489,0.49408,0.496002,0.49738,0.498334,0.498973,0.499387,0.499645,0.499801,0.499892,0.499943,0.499971,0.499986,0.499993,0.499997,0.499999,0.499999,0.499999
0.499999,0.499999,0.499998,0.499995,0.499989,0.499978,0.499955,0.499912,0.499834,0.499695,0.49946,0.499071,0.498453,0.497505,0.496097,0.49408,0.491287,0.487549,0.482714,0.476671,0.469372,0.460853,0.451249,0.440799,0.429838,0.41878,0.40809,0.398251,0.389728,0.382935,0.378209,0.375785,0.375785,0.378209,0.382935,0.389728,0.398251,0.40809,0.41878,0.429838,0.440799,0.451249,0.460853,0.469372,0.476671,0.482714,0.487549,0.491287,0.49408,0.496097,0.497505,0.498453,0.499071,0.49946,0.499695,0.499834,0.499912,0.499955,0.499978,0.499989,0.499995,0.499998,0.499999,0.499999
0.499998,0.499998,0.499996,0.499992,0.499984,0.499966,0.499933,0.499868,0.499752,0.499548,0.499201,0.498634,0.497738,0.496371,0.494356,0.491489,0.487549,0.482315,0.475601,0.467276,0.457304,0.445762,0.432861,0.418941,0.404461,0.389968,0.376061,0.363348,0.352399,0.343715,0.337694,0.334613,0.334613,0.337694,0.343715,0.352399,0.363348,0.376061,0.389968,0.404461,0.418941,0.432861,0.445762,0.457304,0.467276,0.475601,0.482315,0.487549,0.491489,0.494356,0.496371,0.497738,0.498634,0.499201,0.499548,0.499752,0.499868,0.499933,0.499966,0.499984,0.499992,0.499996,0.499998,0.499998
0.499997,0.499997,0.499995,0.499989,0.499976,0.499951,0.499901,0.499808,0.49964,0.499347,0.498852,0.498048,0.496785,0.494871,0.49207,0.488113,0.482714,0.475601,0.466548,0.45542,0.442205,0.427047,0.410256,0.392303,0.373795,0.355432,0.337957,0.322101,0.308537,0.297838,0.290451,0.28668,0.28668,0.290451,0.297838,0.308537,0.322101,0.337957,0.355432,0.373795,0.392303,0.410256,0.427047,0.442205,0.45542,0.466548,0.475601,0.482714,0.488113,0.49207,0.494871,0.496785,0.498048,0.498852,0.499347,0.49964,0.499808,0.499901,0.499951,0.499976,0.499989,0.499995,0.499997,0.499997
0.499996,0.499996,0.499992,0.499984,0.499966,0.49993,0.49986,0.499729,0.499493,0.499084,0.498398,0.49729,0.49556,0.492955,0.489169,0.48386,0.476671,0.467276,0.45542,0.440972,0.423973,0.404657,0.383466,0.36103,0.338127,0.315621,0.294401,0.275311,0.259104,0.2464,0.237671,0.233228,0.233228,0.237671,0.2464,0.259104,0.275311,0.294401,0.315621,0.338127,0.36103,0.383466,0.404657,0.423973,0.440972,0.45542,0.467276,0.476671,0.48386,0.489169,0.492955,0.49556,0.49729,0.498398,0.499084,0.499493,0.499729,0.49986,0.49993,0.499966,0.499984,0.499992,0.499996,0.499996
0.499994,0.499994,0.499989,0.499977,0.499953,0.499902,0.499806,0.499627,0.499306,0.498751,0.497827,0.49634,0.494036,0.490587,0.485611,0.478682,0.469372,0.457304,0.442205,0.423973,0.402723,0.378817,0.352859,0.325667,0.298203,0.271502,0.246586,0.224388,0.205706,0.191169,0.181236,0.176199,0.176199,0.181236,0.191169,0.205706,0.224388,0.246586,0.271502,0.298203,0.325667,0.352859,0.378817,0.402723,0.423973,0.442205,0.457304,0.469372,0.478682,0.485611,0.490587,0.494036,0.49634,0.497827,0.498751,0.499306,0.499627,0.499806,0.499902,0.499953,0.499977,0.499989,0.499994,0.499994
0.499991,0.499991,0.499985,0.499969,0.499936,0.499868,0.499739,0.499501,0.499075,0.498344,0.497131,0.495192,0.492204,0.487761,0.481393,0.47259,0.460853,0.445762,0.427047,0.404657,0.378817,0.350048,0.31915,0.287148,0.255203,0.224509,0.196197,0.171253,0.150472,0.134441,0.123559,0.118063,0.118063,0.123559,0.134441,0.150472,0.171253,0.196197,0.224509,0.255203,0.287148,0.31915,0.350048,0.378817,0.404657,0.427047,0.445762,0.460853,0.47259,0.481393,0.487761,0.492204,0.495192,0.497131,0.498344,0.499075,0.499501,0.499739,0.499868,0.499936,0.499969,0.499985,0.499991,0.499991
0.499989,0.499989,0.49998,0.49996,0.499916,0.499828,0.49966,0.499351,0.498802,0.497863,0.496315,0.493853,0.490079,0.484504,0.476565,0.465667,0.451249,0.432861,0.410256,0.383466,0.352859,0.31915,0.283361,0.24674,0.210645,0.176414,0.145251,0.118143,0.0958231,0.0787816,0.0673054,0.0615392,0.0615392,0.0673054,0.0787816,0.0958231,0.118143,0.145251,0.176414,0.210645,0.24674,0.283361,0.31915,0.352859,0.383466,0.410256,0.432861,0.451249,0.465667,0.476565,0.484504,0.490079,0.493853,0.496315,0.497863,0.498802,0.499351,0.49966,0.499828,0.499916,0.49996,0.49998,0.499989,0.499989
0.499985,0.499985,0.499975,0.499948,0.499892,0.49978,0.499568,0.499178,0.49849,0.497316,0.495391,0.492344,0.487701,0.480881,0.471231,0.458076,0.440799,0.418941,0.392303,0.36103,0.325667,0.287148,0.24674,0.205923,0.166239,0.129141,0.095863,0.0673363,0.0441736,0.0267048,0.0150553,0.0092388,0.0092388,0.0150553,0.0267048,0.0441736,0.0673363,0.095863,0.129141,0.166239,0.205923,0.24674,0.287148,0.325667,0.36103,0.392303,0.418941,0.440799,0.458076,0.471231,0.480881,0.487701,0.492344,0.495391,0.497316,0.49849,0.499178,0.499568,0.49978,0.499892,0.499948,0.499975,0.499985,0.499985
0.499981,0.499981,0.499968,0.499935,0.499866,0.499728,0.499466,0.498988,0.498146,0.496718,0.494384,0.49071,0.485138,0.477001,0.465555,0.450052,0.429838,0.404461,0.373795,0.338127,0.298203,0.255203,0.210645,0.166239,0.123693,0.08454,0.0499938,0.0208758,-0.00238122,-0.0196612,-0.0310462,-0.0366856,-0.0366856,-0.0310462,-0.0196612,-0.00238122,0.0208758,0.0499938,0.08454,0.123693,0.166239,0.210645,0.255203,0.298203,0.338127,0.373795,0.404461,0.429838,0.450052,0.465555,0.477001,0.485138,0.49071,0.494384,0.496718,0.498146,0.498988,0.499466,0.499728,0.499866,0.499935,0.499968,0.499981,0.499981
0.499977,0.499977,0.499962,0.499922,0.499838,0.499672,0.499358,0.498787,0.497784,0.49609,0.493333,0.48901,0.482487,0.473007,0.459748,0.4419,0.41878,0.389968,0.355432,0.315621,0.271502,0.224509,0.176414,0.129141,0.08454,0.0441845,0.00922401,-0.0196799,-0.0423218,-0.0588412,-0.0695612,-0.0748175,-0.0748175,-0.0695612,-0.0588412,-0.0423218,-0.0196799,0.00922401,0.0441845,0.08454,0.129141,0.176414,0.224509,0.271502,0.315621,0.355432,0.389968,0.41878,0.4419,0.459748,0.473007,0.482487,0.48901,0.493333,0.49609,0.497784,0.498787,0.499358,0.499672,0.499838,0.499922,0.499962,0.499977,0.499977
0.499973,0.499973,0.499955,0.499908,0.499809,0.499615,0.499249,0.498583,0.49742,0.49546,0.492282,0.48732,0.479862,0.469075,0.454063,0.433965,0.40809,0.376061,0.337957,0.294401,0.246586,0.196197,0.145251,0.095863,0.0499938,0.00922401,-0.0253989,-0.0534081,-0.0748559,-0.0901614,-0.0999056,-0.104621,-0.104621,-0.0999056,-0.0901614,-0.0748559,-0.0534081,-0.0253989,0.00922401,0.0499938,0.095863,0.145251,0.196197,0.246586,0.294401,0.337957,0.376061,0.40809,0.433965,0.454063,0.469075,0.479862,0.48732,0.492282,0.49546,0.49742,0.498583,0.499249,0.499615,0.499809,0.499908,0.499955,0.499973,0.499973
0.499969,0.499969,0.499948,0.499894,0.499782,0.49956,0.499144,0.498389,0.497073,0.494862,0.491287,0.485725,0.477396,0.465396,0.448769,0.426618,0.398251,0.363348,0.322101,0.275311,0.224388,0.171253,0.118143,0.0673363,0.0208758,-0.0196799,-0.0534081,-0.080053,-0.0999331,-0.113749,-0.122336,-0.126422,-0.126422,-0.122336,-0.113749,-0.0999331,-0.080053,-0.0534081,-0.0196799,0.0208758,0.0673363,0.118143,0.171253,0.224388,0.275311,0.322101,0.363348,0.398251,0.426618,0.448769,0.465396,0.477396,0.485725,0.491287,0.494862,0.497073,0.498389,0.499144,0.49956,0.499782,0.499894,0.499948,0.499969,0.499969
0.499966,0.499966,0.499942,0.499882,0.499757,0.499511,0.499049,0.498215,0.496762,0.494329,0.490404,0.484313,0.47522,0.462164,0.444138,0.42022,0.389728,0.352399,0.308537,0.259104,0.205706,0.150472,0.0958231,0.0441736,-0.00238122,-0.0423218,-0.0748559,-0.0999331,-0.118122,-0.130384,-0.137788,-0.141234,-0.141234,-0.137788,-0.130384,-0.118122,-0.0999331,-0.0748559,-0.0423218,-0.00238122,0.0441736,0.0958231,0.150472,0.205706,0.259104,0.308537,0.352399,0.389728,0.42022,0.444138,0.462164,0.47522,0.484313,0.490404,0.494329,0.496762,0.498215,0.499049,0.499511,0.499757,0.499882,0.499942,0.499966,0.499966
0.499963,0.499963,0.499937,0.499872,0.499736,0.499471,0.498972,0.498072,0.496509,0.493894,0.489686,0.483168,0.473461,0.459557,0.440417,0.415099,0.382935,0.343715,0.297838,0.2464,0.191169,0.134441,0.0787816,0.0267048,-0.0196612,-0.0588412,-0.0901614,-0.113749,-0.130384,-0.141244,-0.147593,-0.150474,-0.150474,-0.147593,-0.141244,-0.130384,-0.113749,-0.0901614,-0.0588412,-0.0196612,0.0267048,0.0787816,0.134441,0.191169,0.2464,0.297838,0.343715,0.382935,0.415099,0.440417,0.459557,0.473461,0.483168,0.489686,0.493894,0.496509,0.498072,0.498972,0.499471,0.499736,0.499872,0.499937,0.499963,0.499963
0.49996,0.49996,0.499933,0.499865,0.499722,0.499442,0.498917,0.497971,0.49633,0.493587,0.489178,0.482361,0.472223,0.457729,0.437812,0.411524,0.378209,0.337694,0.290451,0.237671,0.181236,0.123559,0.0673054,0.0150553,-0.0310462,-0.0695612,-0.0999056,-0.122336,-0.137788,-0.147593,-0.153152,-0.155611,-0.155611,-0.153152,-0.147593,-0.137788,-0.122336,-0.0999056,-0.0695612,-0.0310462,0.0150553,0.0673054,0.123559,0.181236,0.237671,0.290451,0.337694,0.378209,0.411524,0.437812,0.457729,0.472223,0.482361,0.489178,0.493587,0.49633,0.497971,0.498917,0.499442,0.499722,0.499865,0.499933,0.49996,0.49996
0.499959,0.499959,0.499931,0.499861,0.499714,0.499427,0.498889,0.497919,0.496236,0.493428,0.488916,0.481944,0.471585,0.456786,0.436472,0.409687,0.375785,0.334613,0.28668,0.233228,0.176199,0.118063,0.0615392,0.0092388,-0.0366856,-0.0748175,-0.104621,-0.126422,-0.141234,-0.150474,-0.155611,-0.157845,-0.157845,-0.155611,-0.150474,-0.141234,-0.126422,-0.104621,-0.0748175,-0.0366856,0.0092388,0.0615392,0.118063,0.176199,0.233228,0.28668,0.334613,0.375785,0.409687,0.436472,0.456786,0.471585,0.481944,0.488916,0.493428,0.496236,0.497919,0.498889,0.499427,0.499714,0.499861,0.499931,0.499959,0.499959
0.499959,0.499959,0.499931,0.499861,0.499714,0.499427,0.498889,0.497919,0.496236,0.493428,0.488916,0.481944,0.471585,0.456786,0.436472,0.409687,0.375785,0.334613,0.28668,0.233228,0.176199,0.118063,0.0615392,0.0092388,-0.0366856,-0.0748175,-0.104621,-0.126422,-0.141234,-0.150474,-0.155611,-0.157845,-0.157845,-0.155611,-0.150474,-0.141234,-0.126422,-0.104621,-0.0748175,-0.0366856,0.0092388,0.0615392,0.118063,0.176199,0.233228,0.28668,0.334613,0.375785,0.409687,0.436472,0.456786,0.471585,0.481944,0.488916,0.493428,0.496236,0.497919,0.498889,0.499427,0.499714,0.499861,0.499931,0.499959,0.499959
0.49996,0.49996,0.499933,0.499865,0.499722,0.499442,0.498917,0.497971,0.49633,0.493587,0.489178,0.482361,0.472223,0.457729,0.437812,0.411524,0.378209,0.337694,0.290451,0.237671,0.181236,0.123559,0.0673054,0.0150553,-0.0310462,-0.0695612,-0.0999056,-0.122336,-0.137788,-0.147593,-0.153152,-0.155611,-0.155611,-0.153152,-0.147593,-0.137788,-0.122336,-0.0999056,-0.0695612,-0.0310462,0.0150553,0.0673054,0.123559,0.181236,0.237671,0.290451,0.337694,0.378209,0.411524,0.437812,0.457729,0.472223,0.482361,0.489178,0.493587,0.49633,0.497971,0.498917,0.499442,0.499722,0.499865,0.499933,0.49996,0.49996
0.499963,0.499963,0.499937,0.499872,0.499736,0.499471,0.498972,0.498072,0.496509,0.493894,0.489686,0.483168,0.473461,0.459557,0.440417,0.415099,0.382935,0.343715,0.297838,0.2464,0.191169,0.134441,0.0787816,0.0267048,-0.0196612,-0.0588412,-0.0901614,-0.113749,-0.130384,-0.141244,-0.147593,-0.150474,-0.150474,-0.147593,-0.141244,-0.130384,-0.113749,-0.0901614,-0.0588412,-0.0196612,0.0267048,0.0787816,0.134441,0.191169,0.2464,0.297838,0.343715,0.382935,0.415099,0.440417,0.459557,0.473461,0.483168,0.489686,0.493894,0.496509,0.498072,0.498972,0.499471,0.499736,0.499872,0.499937,0.499963,0.499963
0.499966,0.499966,0.499942,0.499882,0.499757,0.499511,0.499049,0.498215,0.496762,0.494329,0.490404,0.484313,0.47522,0.462164,0.444138,0.42022,0.389728,0.352399,0.308537,0.259104,0.205706,0.150472,0.0958231,0.0441736,-0.00238122,-0.0423218,-0.0748559,-0.0999331,-0.118122,-0.130384,-0.137788,-0.141234,-0.141234,-0.137788,-0.130384,-0.118122,-0.0999331,-0.0748559,-0.0423218,-0.00238122,0.0441736,0.0958231,0.150472,0.205706,0.259104,0.308537,0.352399,0.389728,0.42022,0.444138,0.462164,0.47522,0.484313,0.490404,0.494329,0.496762,0.498215,0.499049,0.499511,0.499757,0.499882,0.499942,0.499966,0.499966
0.499969,0.499969,0.499948,0.499894,0.499782,0.49956,0.499144,0.498389,0.497073,0.494862,0.491287,0.485725,0.477396,0.465396,0.448769,0.426618,0.398251,0.363348,0.322101,0.275311,0.224388,0.171253,0.118143,0.0673363,0.0208758,-0.0196799,-0.0534081,-0.080053,-0.0999331,-0.113749,-0.122336,-0.126422,-0.126422,-0.122336,-0.113749,-0.0999331,-0.080053,-0.0534081,-0.0196799,0.0208758,0.0673363,0.118143,0.171253,0.224388,0.275311,0.322101,0.363348,0.398251,0.426618,0.448769,0.465396,0.477396,0.485725,0.491287,0.494862,0.497073,0.498389,0.499144,0.49956,0.499782,0.499894,0.499948,0.499969,0.499969
0.499973,0.499973,0.499955,0.499908,0.499809,0.499615,0.499249,0.498583,0.49742,0.49546,0.492282,0.48732,0.479862,0.469075,0.454063,0.433965,0.40809,0.376061,0.337957,0.294401,0.246586,0.196197,0.145251,0.095863,0.0499938,0.00922401,-0.0253989,-0.0534081,-0.0748559,-0.0901614,-0.0999056,-0.104621,-0.104621,-0.0999056,-0.0901614,-0.0748559,-0.0534081,-0.0253989,0.00922401,0.0499938,0.095863,0.145251,0.196197,0.246586,0.294401,0.337957,0.376061,0.40809,0.433965,0.454063,0.469075,0.479862,0.48732,0.492282,0.49546,0.49742,0.498583,0.499249,0.499615,0.499809,0.499908,0.499955,0.499973,0.499973
0.499977,0.499977,0.499962,0.499922,0.499838,0.499672,0.499358,0.498787,0.497784,0.49609,0.493333,0.48901,0.482487,0.473007,0.459748,0.4419,0.41878,0.389968,0.355432,0.315621,0.271502,0.224509,0.176414,0.129141,0.08454,0.0441845,0.00922401,-0.0196799,-0.0423218,-0.0588412,-0.0695612,-0.0748175,-0.0748175,-0.0695612,-0.0588412,-0.0423218,-0.0196799,0.00922401,0.0441845,0.08454,0.129141,0.176414,0.224509,0.271502,0.315621,0.355432,0.389968,0.41878,0.4419,0.459748,0.473007,0.482487,0.48901,0.493333,0.49609,0.497784,0.498787,0.499358,0.499672,0.499838,0.499922,0.499962,0.499977,0.499977
0.499981,0.499981,0.499968,0.499935,0.499866,0.499728,0.499466,0.498988,0.498146,0.496718,0.494384,0.49071,0.485138,0.477001,0.465555,0.450052,0.429838,0.404461,0.373795,0.338127,0.298203,0.255203,0.210645,0.166239,0.123693,0.08454,0.0499938,0.0208758,-0.00238122,-0.0196612,-0.0310462,-0.0366856,-0.0366856,-0.0310462,-0.0196612,-0.00238122,0.0208758,0.0499938,0.08454,0.123693,0.166239,0.210645,0.255203,0.298203,0.338127,0.373795,0.404461,0.429838,0.450052,0.465555,0.477001,0.485138,0.49071,0.494384,0.496718,0.498146,0.498988,0.499466,0.499728,0.499866,0.499935,0.499968,0.499981,0.499981
0.499985,0.499985,0.499975,0.499948,0.499892,0.49978,0.499568,0.499178,0.49849,0.497316,0.495391,0.492344,0.487701,0.480881,0.471231,0.458076,0.440799,0.418941,0.392303,0.36103,0.325667,0.287148,0.24674,0.205923,0.166239,0.129141,0.095863,0.0673363,0.0441736,0.0267048,0.0150553,0.0092388,0.0092388,0.0150553,0.0267048,0.0441736,0.0673363,0.095863,0.129141,0.166239,0.205923,0.24674,0.287148,0.325667,0.36103,0.392303,0.418941,0.440799,0.458076,0.471231,0.480881,0.487701,0.492344,0.495391,0.497316,0.49849,0.499178,0.499568,0.49978,0.499892,0.499948,0.499975,0.499985,0.499985
0.499989,0.499989,0.49998,0.49996,0.499916,0.499828,0.49966,0.499351,0.498802,0.497863,0.496315,0.493853,0.490079,0.484504,0.476565,0.465667,0.451249,0.432861,0.410256,0.383466,0.352859,0.31915,0.283361,0.24674,0.210645,0.176414,0.145251,0.118143,0.0958231,0.0787816,0.0673054,0.0615392,0.0615392,0.0673054,0.0787816,0.0958231,0.118143,0.145251,0.176414,0.210645,0.24674,0.283361,0.31915,0.352859,0.383466,0.410256,0.432861,0.451249,0.465667,0.476565,0.484504,0.490079,0.493853,0.496315,0.497863,0.498802,0.499351,0.49966,0.499828,0.499916,0.49996,0.49998,0.499989,0.499989
0.499991,0.499991,0.499985,0.499969,0.499936,0.499868,0.499739,0.499501,0.499075,0.498344,0.497131,0.495192,0.492204,0.487761,0.481393,0.47259,0.460853,0.445762,0.427047,0.404657,0.378817,0.350048,0.31915,0.287148,0.255203,0.224509,0.196197,0.171253,0.150472,0.134441,0.123559,0.118063,0.118063,0.123559,0.134441,0.150472,0.171253,0.196197,0.224509,0.255203,0.287148,0.31915,0.350048,0.378817,0.404657,0.427047,0.445762,0.460853,0.47259,0.481393,0.487761,0.492204,0.495192,0.497131,0.498344,0.499075,0.499501,0.499739,0.499868,0.499936,0.499969,0.499985,0.499991,0.499991
0.499994,0.499994,0.499989,0.499977,0.499953,0.499902,0.499806,0.499627,0.499306,0.498751,0.497827,0.49634,0.494036,0.490587,0.485611,0.478682,0.469372,0.457304,0.442205,0.423973,0.402723,0.378817,0.352859,0.325667,0.298203,0.271502,0.246586,0.224388,0.205706,0.191169,0.181236,0.176199,0.176199,0.181236,0.191169,0.205706,0.224388,0.246586,0.271502,0.298203,0.325667,0.352859,0.378817,0.402723,0.423973,0.442205,0.457304,0.469372,0.478682,0.485611,0.490587,0.494036,0.49634,0.497827,0.498751,0.499306,0.499627,0.499806,0.499902,0.499953,0.499977,0.499989,0.499994,0.499994
0.499996,0.499996,0.499992,0.499984,0.499966,0.49993,0.49986,0.499729,0.499493,0.499084,0.498398,0.49729,0.49556,0.492955,0.489169,0.48386,0.476671,0.467276,0.45542,0.440972,0.423973,0.404657,0.383466,0.36103,0.338127,0.315621,0.294401,0.275311,0.259104,0.2464,0.237671,0.233228,0.233228,0.237671,0.2464,0.259104,0.275311,0.294401,0.315621,0.338127,0.36103,0.383466,0.404657,0.423973,0.440972,0.45542,0.467276,0.476671,0.48386,0.489169,0.492955,0.49556,0.49729,0.498398,0.499084,0.499493,0.499729,0.49986,0.49993,0.499966,0.499984,0.499992,0.499996,0.499996
0.499997,0.499997,0.499995,0.499989,0.499976,0.499951,0.499901,0.499808,0.49964,0.499347,0.498852,0.498048,0.496785,0.494871,0.49207,0.488113,0.482714,0.475601,0.466548,0.45542,0.442205,0.427047,0.410256,0.392303,0.373795,0.355432,0.337957,0.322101,0.308537,0.297838,0.290451,0.28668,0.28668,0.290451,0.297838,0.308537,0.322101,0.337957,0.355432,0.373795,0.392303,0.410256,0.427047,0.442205,0.45542,0.466548,0.475601,0.482714,0.488113,0.49207,0.494871,0.496785,0.498048,0.498852,0.499347,0.49964,0.499808,0.499901,0.499951,0.499976,0.499989,0.499995,0.499997,0.499997
0.499998,0.499998,0.499996,0.499992,0.499984,0.499966,0.499933,0.499868,0.499752,0.499548,0.499201,0.498634,0.497738,0.496371,0.494356,0.491489,0.487549,0.482315,0.475601,0.467276,0.457304,0.445762,0.432861,0.418941,0.404461,0.389968,0.376061,0.363348,0.352399,0.343715,0.337694,0.334613,0.334613,0.337694,0.343715,0.352399,0.363348,0.376061,0.389968,0.404461,0.418941,0.432861,0.445762,0.457304,0.467276,0.475601,0.482315,0.487549,0.491489,0.494356,0.496371,0.497738,0.498634,0.499201,0.499548,0.499752,0.499868,0.499933,0.499966,0.499984,0.499992,0.499996,0.499998,0.499998
0.499999,0.499999,0.499998,0.499995,0.499989,0.499978,0.499955,0.499912,0.499834,0.499695,0.49946,0.499071,0.498453,0.497505,0.496097,0.49408,0.491287,0.487549,0.482714,0.476671,0.469372,0.460853,0.451249,0.440799,0.429838,0.41878,0.40809,0.398251,0.389728,0.382935,0.378209,0.375785,0.375785,0.378209,0.382935,0.389728,0.398251,0.40809,0.41878,0.429838,0.440799,0.451249,0.460853,0.469372,0.476671,0.482714,0.487549,0.491287,0.49408,0.496097,0.497505,0.498453,0.499071,0.49946,0.499695,0.499834,0.499912,0.499955,0.499978,0.499989,0.499995,0.499998,0.499999,0.499999
0.499999,0.499999,0.499999,0.499997,0.499993,0.499986,0.499971,0.499943,0.499892,0.499801,0.499645,0.499387,0.498973,0.498334,0.49738,0.496002,0.49408,0.491489,0.488113,0.48386,0.478682,0.47259,0.465667,0.458076,0.450052,0.4419,0.433965,0.426618,0.42022,0.415099,0.411524,0.409687,0.409687,0.411524,0.415099,0.42022,0.426618,0.433965,0.4419,0.450052,0.458076,0.465667,0.47259,0.478682,0.48386,0.488113,0.491489,0.49408,0.496002,0.49738,0.498334,0.498973,0.499387,0.499645,0.499801,0.499892,0.499943,0.499971,0.499986,0.499993,0.499997,0.499999,0.499999,0.499999
0.499999,0.499999,0.499999,0.499998,0.499996,0.499991,0.499982,0.499964,0.499932,0.499874,0.499774,0.499607,0.499338,0.498921,0.498292,0.49738,0.496097,0.494356,0.49207,0.489169,0.485611,0.481393,0.476565,0.471231,0.465555,0.459748,0.454063,0.448769,0.444138,0.440417,0.437812,0.436472,0.436472,0.437812,0.440417,0.444138,0.448769,0.454063,0.459748,0.465555,0.471231,0.476565,0.481393,0.485611,0.489169,0.49207,0.494356,0.496097,0.49738,0.498292,0.498921,0.499338,0.499607,0.499774,0.499874,0.499932,0.499964,0.499982,0.499991,0.499996,0.499998,0.499999,0.499999,0.499999
0.5,0.5,0.499999,0.499999,0.499997,0.499995,0.499989,0.499978,0.499958,0.499922,0.49986,0.499756,0.499586,0.499321,0.498921,0.498334,0.497505,0.496371,0.494871,0.492955,0.490587,0.487761,0.484504,0.480881,0.477001,0.473007,0.469075,0.465396,0.462164,0.459557,0.457729,0.456786,0.456786,0.457729,0.459557,0.462164,0.465396,0.469075,0.473007,0.477001,0.480881,0.484504,0.487761,0.490587,0.492955,0.494871,0.496371,0.497505,0.498334,0.498921,0.499321,0.499586,0.499756,0.49986,0.499922,0.499958,0.499978,0.499989,0.499995,0.499997,0.499999,0.499999,0.5,0.5
0.5,0.5,0.5,0.499999,0.499999,0.499997,0.499994,0.499987,0.499975,0.499954,0.499916,0.499853,0.499749,0.499586,0.499338,0.498973,0.498453,0.497738,0.496785,0.49556,0.494036,0.492204,0.490079,0.487701,0.485138,0.482487,0.479862,0.477396,0.47522,0.473461,0.472223,0.471585,0.471585,0.472223,0.473461,0.47522,0.477396,0.479862,0.482487,0.485138,0.487701,0.490079,0.492204,0.494036,0.49556,0.496785,0.497738,0.498453,0.498973,0.499338,0.499586,0.499749,0.499853,0.499916,0.499954,0.499975,0.499987,0.499994,0.499997,0.499999,0.499999,0.5,0.5,0.5
0.5,0.5,0.5,0.5,0.499999,0.499998,0.499996,0.499993,0.499986,0.499973,0.499951,0.499914,0.499853,0.499756,0.499607,0.499387,0.499071,0.498634,0.498048,0.49729,0.49634,0.495192,0.493853,0.492344,0.49071,0.48901,0.48732,0.485725,0.484313,0.483168,0.482361,0.481944,0.481944,0.482361,0.483168,0.484313,0.485725,0.48732,0.48901,0.49071,0.492344,0.493853,0.495192,0.49634,0.49729,0.498048,0.498634,0.499071,0.499387,0.499607,0.499756,0.499853,0.499914,0.499951,0.499973,0.499986,0.499993,0.499996,0.499998,0.499999,0.5,0.5,0.5,0.5
0.5,0.5,0.5,0.5,0.5,0.499999,0.499998,0.499996,0.499992,0.499985,0.499972,0.499951,0.499916,0.49986,0.499774,0.499645,0.49946,0.499201,0.498852,0.498398,0.497827,0.497131,0.496315,0.495391,0.494384,0.493333,0.492282,0.491287,0.490404,0.489686,0.489178,0.488916,0.488916,0.489178,0.489686,0.490404,0.491287,0.492282,0.493333,0.494384,0.495391,0.496315,0.497131,0.497827,0.498398,0.498852,0.499201,0.49946,0.499645,0.499774,0.49986,0.499916,0.499951,0.499972,0.499985,0.499992,0.499996,0.499998,0.499999,0.5,0.5,0.5,0.5,0.5
0.5,0.5,0.5,0.5,0.5,0.499999,0.499999,0.499998,0.499996,0.499992,0.499985,0.499973,0.499954,0.499922,0.499874,0.499801,0.499695,0.499548,0.499347,0.499084,0.498751,0.498344,0.497863,0.497316,0.496718,0.49609,0.49546,0.494862,0.494329,0.493894,0.493587,0.493428,0.493428,0.493587,0.493894,0.494329,0.494862,0.49546,0.49609,0.496718,0.497316,0.497863,0.498344,0.498751,0.499084,0.499347,0.499548,0.499695,0.499801,0.499874,0.499922,0.499954,0.499973,0.499985,0.499992,0.499996,0.499998,0.499999,0.499999,0.5,0.5,0.5,0.5,0.5
0.5,0.5,0.5,0.5,0.5,0.5,0.499999,0.499999,0.499998,0.499996,0.499992,0.499986,0.499975,0.499958,0.499932,0.499892,0.499834,0.499752,0.49964,0.499493,0.499306,0.499075,0.498802,0.49849,0.498146,0.497784,0.49742,0.497073,0.496762,0.496509,0.49633,0.496236,0.496236,0.49633,0.496509,0.496762,0.497073,0.49742,0.497784,0.498146,0.49849,0.498802,0.499075,0.499306,0.499493,0.49964,0.499752,0.499834,0.499892,0.499932,0.499958,0.499975,0.499986,0.499992,0.499996,0.499998,0.499999,0.499999,0.5,0.5,0.5,0.5,0.5,0.5
0.5,0.5,0.5,0.5,0.5,0.5,0.5,0.499999,0.499999,0.499998,0.499996,0.499993,0.499987,0.499978,0.499964,0.499943,0.499912,0.499868,0.499808,0.499729,0.499627,0.499501,0.499351,0.499178,0.498988,0.498787,0.498583,0.498389,0.498215,0.498072,0.497971,0.497919,0.497919,0.497971,0.498072,0.498215,0.498389,0.498583,0.498787,0.498988,0.499178,0.499351,0.499501,0.499627,0.499729,0.499808,0.499868,0.499912,0.499943,0.499964,0.499978,0.499987,0.499993,0.499996,0.499998,0.499999,0.499999,0.5,0.5,0.5,0.5,0.5,0.5,0.5
0.5,0.5,0.5,0.5,0.5,0.5,0.5,0.5,0.499999,0.499999,0.499998,0.499996,0.499994,0.499989,0.499982,0.499971,0.499955,0.499933,0.499901,0.49986,0.499806,0.499739,0.49966,0.499568,0.499466,0.499358,0.499249,0.499144,0.499049,0.498972,0.498917,0.498889,0.498889,0.498917,0.498972,0.499049,0.499144,0.499249,0.499358,0.499466,0.499568,0.49966,0.499739,0.499806,0.49986,0.499901,0.499933,0.499955,0.499971,0.499982,0.499989,0.499994,0.499996,0.499998,0.499999,0.499999,0.5,0.5,0.5,0.5,0.5,0.5,0.5,0.5
0.5,0.5,0.5,0.5,0.5,0.5,0.5,0.5,0.5,0.499999,0.499999,0.499998,0.499997,0.499995,0.499991,0.499986,0.499978,0.499966,0.499951,0.49993,0.499902,0.499868,0.499828,0.49978,0.499728,0.499672,0.499615,0.49956,0.499511,0.499471,0.499442,0.499427,0.499427,0.499442,0.499471,0.499511,0.49956,0.499615,0.499672,0.499728,0.49978,0.499828,0.499868,0.499902,0.49993,0.499951,0.499966,0.499978,0.499986,0.499991,0.499995,0.499997,0.499998,0.499999,0.499999,0.5,0.5,0.5,0.5,0.5,0.5,0.5,0.5,0.5
0.5,0.5,0.5,0.5,0.5,0.5,0.5,0.5,0.5,0.5,0.5,0.499999,0.499999,0.499997,0.499996,0.499993,0.499989,0.499984,0.499976,0.499966,0.499953,0.499936,0.499916,0.499892,0.499866,0.499838,0.499809,0.499782,0.499757,0.499736,0.499722,0.499714,0.499714,0.499722,0.499736,0.499757,0.499782,0.499809,0.499838,0.499866,0.499892,0.499916,0.499936,0.499953,0.499966,0.499976,0.499984,0.499989,0.499993,0.499996,0.499997,0.499999,0.499999,0.5,0.5,0.5,0.5,0.5,0.5,0.5,0.5,0.5,0.5,0.5
0.5,0.5,0.5,0.5,0.5,0.5,0.5,0.5,0.5,0.5,0.5,0.5,0.499999,0.499999,0.499998,0.499997,0.499995,0.499992,0.499989,0.499984,0.499977,0.499969,0.49996,0.499948,0.499935,0.499922,0.499908,0.499894,0.499882,0.499872,0.499865,0.499861,0.499861,0.499865,0.499872,0.499882,0.499894,0.499908,0.499922,0.499935,0.499948,0.49996,0.499969,0.499977,0.499984,0.499989,0.499992,0.499995,0.499997,0.499998,0.499999,0.499999,0.5,0.5,0.5,0.5,0.5,0.5,0.5,0.5,0.5,0.5,0.5,0.5
0.5,0.5,0.5,0.5,0.5,0.5,0.5,0.5,0.5,0.5,0.5,0.5,0.5,0.499999,0.499999,0.499999,0.499998,0.499996,0.499995,0.499992,0.499989,0.499985,0.49998,0.499975,0.499968,0.499962,0.499955,0.499948,0.499942,0.499937,0.499933,0.499931,0.499931,0.499933,0.499937,0.499942,0.499948,0.499955,0.499962,0.499968,0.499975,0.49998,0.499985,0.499989,0.499992,0.499995,0.499996,0.499998,0.499999,0.499999,0.499999,0.5,0.5,0.5,0.5,0.5,0.5,0.5,0.5,0.5,0.5,0.5,0.5,0.5
0.5,0.5,0.5,0.5,0.5,0.5,0.5,0.5,0.5,0.5,0.5,0.5,0.5,0.5,0.499999,0.499999,0.499999,0.499998,0.499997,0.499996,0.499994,0.499991,0.499989,0.499985,0.499981,0.499977,0.499973,0.499969,0.499966,0.499963,0.49996,0.499959,0.499959,0.49996,0.499963,0.499966,0.499969,0.499973,0.499977,0.499981,0.499985,0.499989,0.499991,0.499994,0.499996,0.499997,0.499998,0.499999,0.499999,0.499999,0.5,0.5,0.5,0.5,0.5,0.5,0.5,0.5,0.5,0.5,0.5,0.5,0.5,0.5
0.5,0.5,0.5,0.5,0.5,0.5,0.5,0.5,0.5,0.5,0.5,0.5,0.5,0.5,0.499999,0.499999,0.499999,0.499998,0.499997,0.499996,0.499994,0.499991,0.499989,0.499985,0.499981,0.499977,0.499973,0.499969,0.499966,0.499963,0.49996,0.499959,0.499959,0.49996,0.499963,0.499966,0.499969,0.499973,0.499977,0.499981,0.499985,0.499989,0.499991,0.499994,0.499996,0.499997,0.499998,0.499999,0.499999,0.499999,0.5,0.5,0.5,0.5,0.5,0.5,0.5,0.5,0.5,0.5,0.5,0.5,0.5,0.5
