0.5,0.5,0.5,0.5,0.5,0.5,0.5,0.5,0.5,0.5,0.5,0.5,0.499999,0.499999,0.499998,0.499997,0.499996,0.499994,0.499991,0.499987,0.499982,0.499976,0.499969,0.499961,0.499951,0.499941,0.499931,0.499922,0.499913,0.499906,0.499901,0.499899,0.499899,0.499901,0.499906,0.499913,0.499922,0.499931,0.499941,0.499951,0.499961,0.499969,0.499976,0.499982,0.499987,0.499991,0.499994,0.499996,0.499997,0.499998,0.499999,0.499999,0.5,0.5,0.5,0.5,0.5,0.5,0.5,0.5,0.5,0.5,0.5,0.5
0.5,0.5,0.5,0.5,0.5,0.5,0.5,0.5,0.5,0.5,0.5,0.5,0.499999,0.499999,0.499998,0.499997,0.499996,0.499994,0.499991,0.499987,0.499982,0.499976,0.499969,0.499961,0.499951,0.499941,0.499931,0.499922,0.499913,0.499906,0.499901,0.499899,0.499899,0.499901,0.499906,0.499913,0.499922,0.499931,0.499941,0.499951,0.499961,0.499969,0.499976,0.499982,0.499987,0.499991,0.499994,0.499996,0.499997,0.499998,0.499999,0.499999,0.5,0.5,0.5,0.5,0.5,0.5,0.5,0.5,0.5,0.5,0.5,0.5
0.5,0.5,0.5,0.5,0.5,0.5,0.5,0.5,0.5,0.5,0.5,0.499999,0.499999,0.499998,0.499997,0.499996,0.499993,0.49999,0.499985,0.499979,0.499971,0.499961,0.49995,0.499937,0.499922,0.499907,0.499891,0.499876,0.499863,0.499852,0.499844,0.49984,0.49984,0.499844,0.499852,0.499863,0.499876,0.499891,0.499907,0.499922,0.499937,0.49995,0.499961,0.499971,0.499979,0.499985,0.49999,0.499993,0.499996,0.499997,0.499998,0.499999,0.499999,0.5,0.5,0.5,0.5,0.5,0.5,0.5,0.5,0.5,0.5,0.5
0.5,0.5,0.5,0.5,0.5,0.5,0.5,0.5,0.5,0.5,0.499999,0.499999,0.499998,0.499997,0.499994,0.499991,0.499986,0.49998,0.499971,0.499959,0.499944,0.499925,0.499903,0.499878,0.499851,0.499822,0.499793,0.499765,0.499741,0.499721,0.499706,0.499699,0.499699,0.499706,0.499721,0.499741,0.499765,0.499793,0.499822,0.499851,0.499878,0.499903,0.499925,0.499944,0.499959,0.499971,0.49998,0.499986,0.499991,0.499994,0.499997,0.499998,0.499999,0.499999,0.5,0.5,0.5,0.5,0.5,0.5,0.5,0.5,0.5,0.5
0.5,0.5,0.5,0.5,0.5,0.5,0.5,0.5,0.5,0.499999,0.499999,0.499997,0.499996,0.499993,0.499988,0.499982,0.499972,0.499959,0.499941,0.499918,0.499888,0.499852,0.49981,0.499762,0.49971,0.499655,0.4996,0.499548,0.499501,0.499464,0.499437,0.499423,0.499423,0.499437,0.499464,0.499501,0.499548,0.4996,0.499655,0.49971,0.499762,0.49981,0.499852,0.499888,0.499918,0.499941,0.499959,0.499972,0.499982,0.499988,0.499993,0.499996,0.499997,0.499999,0.499999,0.5,0.5,0.5,0.5,0.5,0.5,0.5,0.5,0.5
0.5,0.5,0.5,0.5,0.5,0.5,0.5,0.5,0.499999,0.499998,0.499997,0.499995,0.499991,0.499985,0.499977,0.499964,0.499945,0.499919,0.499884,0.49984,0.499783,0.499715,0.499636,0.499546,0.499449,0.499347,0.499246,0.49915,0.499065,0.498996,0.498947,0.498922,0.498922,0.498947,0.498996,0.499065,0.49915,0.499246,0.499347,0.499449,0.499546,0.499636,0.499715,0.499783,0.49984,0.499884,0.499919,0.499945,0.499964,0.499977,0.499985,0.499991,0.499995,0.499997,0.499998,0.499999,0.5,0.5,0.5,0.5,0.5,0.5,0.5,0.5
0.5,0.5,0.5,0.5,0.5,0.5,0.5,0.499999,0.499998,0.499997,0.499994,0.49999,0.499983,0.499971,0.499955,0.49993,0.499894,0.499846,0.499781,0.499698,0.499594,0.49947,0.499325,0.499163,0.498988,0.498806,0.498626,0.498456,0.498305,0.498184,0.498098,0.498053,0.498053,0.498098,0.498184,0.498305,0.498456,0.498626,0.498806,0.498988,0.499163,0.499325,0.49947,0.499594,0.499698,0.499781,0.499846,0.499894,0.49993,0.499955,0.499971,0.499983,0.49999,0.499994,0.499997,0.499998,0.499999,0.5,0.5,0.5,0.5,0.5,0.5,0.5
0.5,0.5,0.5,0.5,0.5,0.5,0.499999,0.499998,0.499997,0.499994,0.499989,0.49998,0.499967,0.499946,0.499914,0.499869,0.499804,0.499715,0.499599,0.49945,0.499266,0.499047,0.498793,0.498511,0.498207,0.497894,0.497585,0.497294,0.497039,0.496832,0.496686,0.496611,0.496611,0.496686,0.496832,0.497039,0.497294,0.497585,0.497894,0.498207,0.498511,0.498793,0.499047,0.499266,0.49945,0.499599,0.499715,0.499804,0.499869,0.499914,0.499946,0.499967,0.49998,0.499989,0.499994,0.499997,0.499998,0.499999,0.5,0.5,0.5,0.5,0.5,0.5
0.5,0.5,0.5,0.5,0.5,0.499999,0.499998,0.499997,0.499994,0.499988,0.499979,0.499963,0.499939,0.499901,0.499844,0.499762,0.499648,0.499493,0.49929,0.499033,0.498718,0.498345,0.497916,0.497442,0.496936,0.496417,0.495906,0.495429,0.49501,0.494673,0.494436,0.494314,0.494314,0.494436,0.494673,0.49501,0.495429,0.495906,0.496417,0.496936,0.497442,0.497916,0.498345,0.498718,0.499033,0.49929,0.499493,0.499648,0.499762,0.499844,0.499901,0.499939,0.499963,0.499979,0.499988,0.499994,0.499997,0.499998,0.499999,0.5,0.5,0.5,0.5,0.5
0.5,0.5,0.5,0.5,0.499999,0.499998,0.499997,0.499994,0.499988,0.499978,0.499962,0.499934,0.499891,0.499824,0.499726,0.499585,0.499389,0.499127,0.498786,0.498358,0.497837,0.497224,0.496527,0.49576,0.494946,0.494117,0.493306,0.492551,0.491892,0.491362,0.490991,0.4908,0.4908,0.490991,0.491362,0.491892,0.492551,0.493306,0.494117,0.494946,0.49576,0.496527,0.497224,0.497837,0.498358,0.498786,0.499127,0.499389,0.499585,0.499726,0.499824,0.499891,0.499934,0.499962,0.499978,0.499988,0.499994,0.499997,0.499998,0.499999,0.5,0.5,0.5,0.5
0.5,0.5,0.5,0.499999,0.499999,0.499997,0.499994,0.499989,0.499979,0.499962,0.499933,0.499885,0.499811,0.499699,0.499533,0.499299,0.498976,0.498546,0.497993,0.497304,0.496472,0.495502,0.494407,0.493211,0.491952,0.490676,0.489436,0.488289,0.48729,0.48649,0.485932,0.485645,0.485645,0.485932,0.48649,0.48729,0.488289,0.489436,0.490676,0.491952,0.493211,0.494407,0.495502,0.496472,0.497304,0.497993,0.498546,0.498976,0.499299,0.499533,0.499699,0.499811,0.499885,0.499933,0.499962,0.499979,0.499989,0.499994,0.499997,0.499999,0.499999,0.5,0.5,0.5
0.5,0.5,0.499999,0.499999,0.499997,0.499995,0.49999,0.49998,0.499963,0.499934,0.499885,0.499807,0.499684,0.4995,0.499231,0.498852,0.498337,0.497657,0.496789,0.495718,0.494437,0.492955,0.491295,0.489499,0.487621,0.485731,0.483906,0.482227,0.480771,0.479611,0.478803,0.478388,0.478388,0.478803,0.479611,0.480771,0.482227,0.483906,0.485731,0.487621,0.489499,0.491295,0.492955,0.494437,0.495718,0.496789,0.497657,0.498337,0.498852,0.499231,0.4995,0.499684,0.499807,0.499885,0.499934,0.499963,0.49998,0.49999,0.499995,0.499997,0.499999,0.499999,0.5,0.5
0.499999,0.499999,0.499999,0.499998,0.499996,0.499991,0.499983,0.499967,0.499939,0.499891,0.499811,0.499684,0.499488,0.499195,0.498772,0.498181,0.497384,0.496344,0.495028,0.493419,0.491513,0.489327,0.486901,0.484298,0.481599,0.478903,0.476317,0.473952,0.471913,0.470294,0.46917,0.468595,0.468595,0.46917,0.470294,0.471913,0.473952,0.476317,0.478903,0.481599,0.484298,0.486901,0.489327,0.491513,0.493419,0.495028,0.496344,0.497384,0.498181,0.498772,0.499195,0.499488,0.499684,0.499811,0.499891,0.499939,0.499967,0.499983,0.499991,0.499996,0.499998,0.499999,0.499999,0.499999
0.499999,0.499999,0.499998,0.499997,0.499993,0.499985,0.499971,0.499946,0.499901,0.499824,0.499699,0.4995,0.499195,0.498743,0.498098,0.497207,0.496015,0.494473,0.492544,0.490207,0.487465,0.484352,0.480929,0.47729,0.47355,0.469845,0.466319,0.463115,0.460369,0.458198,0.456696,0.455928,0.455928,0.456696,0.458198,0.460369,0.463115,0.466319,0.469845,0.47355,0.47729,0.480929,0.484352,0.487465,0.490207,0.492544,0.494473,0.496015,0.497207,0.498098,0.498743,0.499195,0.4995,0.499699,0.499824,0.499901,0.499946,0.499971,0.499985,0.499993,0.499997,0.499998,0.499999,0.499999
0.499998,0.499998,0.499997,0.499994,0.499988,0.499977,0.499955,0.499914,0.499844,0.499726,0.499533,0.499231,0.498772,0.498098,0.497145,0.49584,0.494113,0.491901,0.489162,0.485878,0.482065,0.47778,0.473118,0.468209,0.463213,0.458307,0.453677,0.449501,0.445945,0.443148,0.44122,0.440238,0.440238,0.44122,0.443148,0.445945,0.449501,0.453677,0.458307,0.463213,0.468209,0.473118,0.47778,0.482065,0.485878,0.489162,0.491901,0.494113,0.49584,0.497145,0.498098,0.498772,0.499231,0.499533,0.499726,0.499844,0.499914,0.499955,0.499977,0.499988,0.499994,0.499997,0.499998,0.499998
0.499997,0.499997,0.499996,0.499991,0.499982,0.499964,0.49993,0.499869,0.499762,0.499585,0.499299,0.498852,0.498181,0.497207,0.49584,0.493988,0.491561,0.488487,0.484719,0.480251,0.475121,0.469419,0.463283,0.456891,0.450453,0.444195,0.438342,0.433107,0.428681,0.42522,0.422845,0.421637,0.421637,0.422845,0.42522,0.428681,0.433107,0.438342,0.444195,0.450453,0.456891,0.463283,0.469419,0.475121,0.480251,0.484719,0.488487,0.491561,0.493988,0.49584,0.497207,0.498181,0.498852,0.499299,0.499585,0.499762,0.499869,0.49993,0.499964,0.499982,0.499991,0.499996,0.499997,0.499997
0.499996,0.499996,0.499993,0.499986,0.499972,0.499945,0.499894,0.499804,0.499648,0.499389,0.498976,0.498337,0.497384,0.496015,0.494113,0.491561,0.488253,0.484108,0.479085,0.473196,0.466512,0.459171,0.451363,0.443325,0.435322,0.427626,0.420504,0.414193,0.4089,0.404789,0.401982,0.400559,0.400559,0.401982,0.404789,0.4089,0.414193,0.420504,0.427626,0.435322,0.443325,0.451363,0.459171,0.466512,0.473196,0.479085,0.484108,0.488253,0.491561,0.494113,0.496015,0.497384,0.498337,0.498976,0.499389,0.499648,0.499804,0.499894,0.499945,0.499972,0.499986,0.499993,0.499996,0.499996
0.499994,0.499994,0.49999,0.49998,0.499959,0.499919,0.499846,0.499715,0.499493,0.499127,0.498546,0.497657,0.496344,0.494473,0.491901,0.488487,0.484108,0.478683,0.472184,0.464655,0.456217,0.447064,0.437453,0.427685,0.418082,0.408962,0.400618,0.393304,0.387226,0.382543,0.379364,0.377758,0.377758,0.379364,0.382543,0.387226,0.393304,0.400618,0.408962,0.418082,0.427685,0.437453,0.447064,0.456217,0.464655,0.472184,0.478683,0.484108,0.488487,0.491901,0.494473,0.496344,0.497657,0.498546,0.499127,0.499493,0.499715,0.499846,0.499919,0.499959,0.49998,0.49999,0.499994,0.499994
0.499991,0.499991,0.499985,0.499971,0.499941,0.499884,0.499781,0.499599,0.49929,0.498786,0.497993,0.496789,0.495028,0.492544,0.489162,0.484719,0.479085,0.472184,0.464017,0.454674,0.444339,0.433278,0.421825,0.410347,0.39922,0.388798,0.379389,0.371243,0.36455,0.359439,0.355993,0.35426,0.35426,0.355993,0.359439,0.36455,0.371243,0.379389,0.388798,0.39922,0.410347,0.421825,0.433278,0.444339,0.454674,0.464017,0.472184,0.479085,0.484719,0.489162,0.492544,0.495028,0.496789,0.497993,0.498786,0.49929,0.499599,0.499781,0.499884,0.499941,0.499971,0.499985,0.499991,0.499991
0.499987,0.499987,0.499979,0.499959,0.499918,0.49984,0.499698,0.49945,0.499033,0.498358,0.497304,0.495718,0.493419,0.490207,0.485878,0.480251,0.473196,0.464655,0.454674,0.443406,0.431111,0.418143,0.404915,0.391861,0.379406,0.367921,0.357711,0.349001,0.341937,0.336603,0.333038,0.331255,0.331255,0.333038,0.336603,0.341937,0.349001,0.357711,0.367921,0.379406,0.391861,0.404915,0.418143,0.431111,0.443406,0.454674,0.464655,0.473196,0.480251,0.485878,0.490207,0.493419,0.495718,0.497304,0.498358,0.499033,0.49945,0.499698,0.49984,0.499918,0.499959,0.499979,0.499987,0.499987
0.499982,0.499982,0.499971,0.499944,0.499888,0.499783,0.499594,0.499266,0.498718,0.497837,0.496472,0.494437,0.491513,0.487465,0.482065,0.475121,0.466512,0.456217,0.444339,0.431111,0.416889,0.402117,0.387291,0.372911,0.35943,0.347224,0.336567,0.327633,0.320505,0.315197,0.311688,0.309945,0.309945,0.311688,0.315197,0.320505,0.327633,0.336567,0.347224,0.35943,0.372911,0.387291,0.402117,0.416889,0.431111,0.444339,0.456217,0.466512,0.475121,0.482065,0.487465,0.491513,0.494437,0.496472,0.497837,0.498718,0.499266,0.499594,0.499783,0.499888,0.499944,0.499971,0.499982,0.499982
0.499976,0.499976,0.499961,0.499925,0.499852,0.499715,0.49947,0.499047,0.498345,0.497224,0.495502,0.492955,0.489327,0.484352,0.47778,0.469419,0.459171,0.447064,0.433279,0.418143,0.402117,0.385743,0.369599,0.354233,0.340116,0.3276,0.316906,0.308133,0.301274,0.29626,0.292993,0.291385,0.291385,0.292993,0.29626,0.301274,0.308133,0.316906,0.3276,0.340116,0.354233,0.369599,0.385743,0.402117,0.418143,0.433278,0.447064,0.459171,0.469419,0.47778,0.484352,0.489327,0.492955,0.495502,0.497224,0.498345,0.499047,0.49947,0.499715,0.499852,0.499925,0.499961,0.499976,0.499976
0.499969,0.499969,0.49995,0.499903,0.49981,0.499636,0.499325,0.498793,0.497916,0.496527,0.494407,0.491295,0.486901,0.480929,0.473118,0.463283,0.451363,0.437453,0.421825,0.404915,0.387291,0.369599,0.352486,0.336538,0.322217,0.309832,0.299527,0.2913,0.285039,0.280576,0.277726,0.276343,0.276343,0.277726,0.280576,0.285039,0.2913,0.299527,0.309832,0.322217,0.336538,0.352486,0.369599,0.387291,0.404915,0.421825,0.437453,0.451363,0.463283,0.473118,0.480929,0.486901,0.491295,0.494407,0.496527,0.497916,0.498793,0.499325,0.499636,0.49981,0.499903,0.49995,0.499969,0.499969
0.499961,0.499961,0.499937,0.499878,0.499762,0.499546,0.499163,0.498511,0.497442,0.49576,0.493211,0.489499,0.484298,0.47729,0.468209,0.456891,0.443325,0.427685,0.410347,0.391861,0.372911,0.354233,0.336538,0.320426,0.306335,0.294505,0.28498,0.277644,0.272268,0.268573,0.266288,0.265203,0.265203,0.266288,0.268573,0.272268,0.277644,0.28498,0.294505,0.306336,0.320426,0.336538,0.354233,0.372911,0.391861,0.410347,0.427685,0.443325,0.456891,0.468209,0.47729,0.484298,0.489499,0.493211,0.49576,0.497442,0.498511,0.499163,0.499546,0.499762,0.499878,0.499937,0.499961,0.499961
0.499951,0.499951,0.499922,0.499851,0.49971,0.499449,0.498988,0.498207,0.496936,0.494946,0.491952,0.487621,0.481599,0.47355,0.463213,0.450453,0.435322,0.418082,0.39922,0.379406,0.35943,0.340116,0.322217,0.306335,0.29286,0.281943,0.273518,0.267343,0.263064,0.260295,0.258677,0.257941,0.257941,0.258677,0.260295,0.263064,0.267343,0.273518,0.281943,0.29286,0.306336,0.322217,0.340116,0.35943,0.379406,0.39922,0.418082,0.435322,0.450453,0.463213,0.47355,0.481599,0.487621,0.491952,0.494946,0.496936,0.498207,0.498988,0.499449,0.49971,0.499851,0.499922,0.499951,0.499951
0.499941,0.499941,0.499907,0.499822,0.499655,0.499347,0.498806,0.497894,0.496417,0.494117,0.490676,0.485731,0.478903,0.469845,0.458307,0.444195,0.427626,0.408962,0.388798,0.367921,0.347224,0.3276,0.309832,0.294505,0.281943,0.272202,0.265092,0.260245,0.257187,0.255426,0.254526,0.254161,0.254161,0.254526,0.255426,0.257187,0.260245,0.265092,0.272202,0.281943,0.294505,0.309832,0.3276,0.347224,0.367921,0.388798,0.408962,0.427626,0.444195,0.458307,0.469845,0.478903,0.485731,0.490676,0.494117,0.496417,0.497894,0.498806,0.499347,0.499655,0.499822,0.499907,0.499941,0.499941
0.499931,0.499931,0.499891,0.499793,0.4996,0.499246,0.498626,0.497585,0.495906,0.493306,0.489436,0.483906,0.476317,0.466319,0.453677,0.438342,0.420504,0.400618,0.379389,0.357711,0.336567,0.316906,0.299527,0.28498,0.273518,0.265092,0.259393,0.255929,0.254116,0.25337,0.253184,0.253187,0.253187,0.253184,0.25337,0.254116,0.255929,0.259393,0.265092,0.273518,0.28498,0.299527,0.316906,0.336567,0.357711,0.379389,0.400618,0.420504,0.438342,0.453677,0.466319,0.476317,0.483906,0.489436,0.493306,0.495906,0.497585,0.498626,0.499246,0.4996,0.499793,0.499891,0.499931,0.499931
0.499922,0.499922,0.499876,0.499765,0.499548,0.49915,0.498456,0.497294,0.495429,0.492551,0.488289,0.482227,0.473952,0.463115,0.449501,0.433107,0.414193,0.393304,0.371243,0.349001,0.327633,0.308133,0.2913,0.277644,0.267343,0.260245,0.255929,0.253794,0.253159,0.25336,0.253835,0.254179,0.254179,0.253835,0.25336,0.253159,0.253794,0.255929,0.260245,0.267343,0.277644,0.2913,0.308133,0.327633,0.349001,0.371243,0.393304,0.414193,0.433107,0.449501,0.463115,0.473952,0.482227,0.488289,0.492551,0.495429,0.497294,0.498456,0.49915,0.499548,0.499765,0.499876,0.499922,0.499922
0.499913,0.499913,0.499863,0.499741,0.499501,0.499065,0.498305,0.497039,0.49501,0.491892,0.48729,0.480771,0.471913,0.460369,0.445945,0.428681,0.4089,0.387226,0.36455,0.341937,0.320505,0.301274,0.285039,0.272268,0.263064,0.257187,0.254116,0.253159,0.253553,0.254576,0.255621,0.256255,0.256255,0.255621,0.254576,0.253553,0.253159,0.254116,0.257187,0.263064,0.272268,0.285039,0.301274,0.320505,0.341937,0.36455,0.387226,0.4089,0.428681,0.445945,0.460369,0.471913,0.480771,0.48729,0.491892,0.49501,0.497039,0.498305,0.499065,0.499501,0.499741,0.499863,0.499913,0.499913
0.499906,0.499906,0.499852,0.499721,0.499464,0.498996,0.498184,0.496832,0.494673,0.491362,0.48649,0.479611,0.470294,0.458198,0.443148,0.42522,0.404789,0.382543,0.359439,0.336603,0.315197,0.29626,0.280576,0.268573,0.260295,0.255426,0.25337,0.25336,0.254576,0.25625,0.257743,0.258605,0.258605,0.257743,0.25625,0.254576,0.25336,0.25337,0.255426,0.260295,0.268573,0.280576,0.29626,0.315197,0.336603,0.359439,0.382543,0.404789,0.42522,0.443148,0.458198,0.470294,0.479611,0.48649,0.491362,0.494673,0.496832,0.498184,0.498996,0.499464,0.499721,0.499852,0.499906,0.499906
0.499901,0.499901,0.499844,0.499706,0.499437,0.498947,0.498098,0.496686,0.494436,0.490991,0.485932,0.478803,0.46917,0.456696,0.44122,0.422845,0.401982,0.379364,0.355993,0.333038,0.311688,0.292993,0.277726,0.266288,0.258677,0.254526,0.253184,0.253835,0.255621,0.257743,0.259543,0.260562,0.260562,0.259543,0.257743,0.255621,0.253835,0.253184,0.254526,0.258677,0.266288,0.277726,0.292993,0.311688,0.333038,0.355993,0.379364,0.401982,0.422845,0.44122,0.456696,0.46917,0.478803,0.485932,0.490991,0.494436,0.496686,0.498098,0.498947,0.499437,0.499706,0.499844,0.499901,0.499901
0.499899,0.499899,0.49984,0.499699,0.499423,0.498922,0.498053,0.496611,0.494314,0.4908,0.485645,0.478388,0.468595,0.455928,0.440238,0.421637,0.400559,0.377758,0.35426,0.331255,0.309945,0.291385,0.276343,0.265203,0.257941,0.254161,0.253187,0.254179,0.256255,0.258605,0.260562,0.26166,0.26166,0.260562,0.258605,0.256255,0.254179,0.253187,0.254161,0.257941,0.265203,0.276343,0.291385,0.309945,0.331255,0.35426,0.377758,0.400559,0.421637,0.440238,0.455928,0.468595,0.478388,0.485645,0.4908,0.494314,0.496611,0.498053,0.498922,0.499423,0.499699,0.49984,0.499899,0.499899
0.499899,0.499899,0.49984,0.499699,0.499423,0.498922,0.498053,0.496611,0.494314,0.4908,0.485645,0.478388,0.468595,0.455928,0.440238,0.421637,0.400559,0.377758,0.35426,0.331255,0.309945,0.291385,0.276343,0.265203,0.257941,0.254161,0.253187,0.254179,0.256255,0.258605,0.260562,0.26166,0.26166,0.260562,0.258605,0.256255,0.254179,0.253187,0.254161,0.257941,0.265203,0.276343,0.291385,0.309945,0.331255,0.35426,0.377758,0.400559,0.421637,0.440238,0.455928,0.468595,0.478388,0.485645,0.4908,0.494314,0.496611,0.498053,0.498922,0.499423,0.499699,0.49984,0.499899,0.499899
0.499901,0.499901,0.499844,0.499706,0.499437,0.498947,0.498098,0.496686,0.494436,0.490991,0.485932,0.478803,0.46917,0.456696,0.44122,0.422845,0.401982,0.379364,0.355993,0.333038,0.311688,0.292993,0.277726,0.266288,0.258677,0.254526,0.253184,0.253835,0.255621,0.257743,0.259543,0.260562,0.260562,0.259543,0.257743,0.255621,0.253835,0.253184,0.254526,0.258677,0.266288,0.277726,0.292993,0.311688,0.333038,0.355993,0.379364,0.401982,0.422845,0.44122,0.456696,0.46917,0.478803,0.485932,0.490991,0.494436,0.496686,0.498098,0.498947,0.499437,0.499706,0.499844,0.499901,0.499901
0.499906,0.499906,0.499852,0.499721,0.499464,0.498996,0.498184,0.496832,0.494673,0.491362,0.48649,0.479611,0.470294,0.458198,0.443148,0.42522,0.404789,0.382543,0.359439,0.336603,0.315197,0.29626,0.280576,0.268573,0.260295,0.255426,0.25337,0.25336,0.254576,0.25625,0.257743,0.258605,0.258605,0.257743,0.25625,0.254576,0.25336,0.25337,0.255426,0.260295,0.268573,0.280576,0.29626,0.315197,0.336603,0.359439,0.382543,0.404789,0.42522,0.443148,0.458198,0.470294,0.479611,0.48649,0.491362,0.494673,0.496832,0.498184,0.498996,0.499464,0.499721,0.499852,0.499906,0.499906
0.499913,0.499913,0.499863,0.499741,0.499501,0.499065,0.498305,0.497039,0.49501,0.491892,0.48729,0.480771,0.471913,0.460369,0.445945,0.428681,0.4089,0.387226,0.36455,0.341937,0.320505,0.301274,0.285039,0.272268,0.263064,0.257187,0.254116,0.253159,0.253553,0.254576,0.255621,0.256255,0.256255,0.255621,0.254576,0.253553,0.253159,0.254116,0.257187,0.263064,0.272268,0.285039,0.301274,0.320505,0.341937,0.36455,0.387226,0.4089,0.428681,0.445945,0.460369,0.471913,0.480771,0.48729,0.491892,0.49501,0.497039,0.498305,0.499065,0.499501,0.499741,0.499863,0.499913,0.499913
0.499922,0.499922,0.499876,0.499765,0.499548,0.49915,0.498456,0.497294,0.495429,0.492551,0.488289,0.482227,0.473952,0.463115,0.449501,0.433107,0.414193,0.393304,0.371243,0.349001,0.327633,0.308133,0.2913,0.277644,0.267343,0.260245,0.255929,0.253794,0.253159,0.25336,0.253835,0.254179,0.254179,0.253835,0.25336,0.253159,0.253794,0.255929,0.260245,0.267343,0.277644,0.2913,0.308133,0.327633,0.349001,0.371243,0.393304,0.414193,0.433107,0.449501,0.463115,0.473952,0.482227,0.488289,0.492551,0.495429,0.497294,0.498456,0.49915,0.499548,0.499765,0.499876,0.499922,0.499922
0.499931,0.499931,0.499891,0.499793,0.4996,0.499246,0.498626,0.497585,0.495906,0.493306,0.489436,0.483906,0.476317,0.466319,0.453677,0.438342,0.420504,0.400618,0.379389,0.357711,0.336567,0.316906,0.299527,0.28498,0.273518,0.265092,0.259393,0.255929,0.254116,0.25337,0.253184,0.253187,0.253187,0.253184,0.25337,0.254116,0.255929,0.259393,0.265092,0.273518,0.28498,0.299527,0.316906,0.336567,0.357711,0.379389,0.400618,0.420504,0.438342,0.453677,0.466319,0.476317,0.483906,0.489436,0.493306,0.495906,0.497585,0.498626,0.499246,0.4996,0.499793,0.499891,0.499931,0.499931
0.499941,0.499941,0.499907,0.499822,0.499655,0.499347,0.498806,0.497894,0.496417,0.494117,0.490676,0.485731,0.478903,0.469845,0.458307,0.444195,0.427626,0.408962,0.388798,0.367921,0.347224,0.3276,0.309832,0.294505,0.281943,0.272202,0.265092,0.260245,0.257187,0.255426,0.254526,0.254161,0.254161,0.254526,0.255426,0.257187,0.260245,0.265092,0.272202,0.281943,0.294505,0.309832,0.3276,0.347224,0.367921,0.388798,0.408962,0.427626,0.444195,0.458307,0.469845,0.478903,0.485731,0.490676,0.494117,0.496417,0.497894,0.498806,0.499347,0.499655,0.499822,0.499907,0.499941,0.499941
0.499951,0.499951,0.499922,0.499851,0.49971,0.499449,0.498988,0.498207,0.496936,0.494946,0.491952,0.487621,0.481599,0.47355,0.463213,0.450453,0.435322,0.418082,0.39922,0.379406,0.35943,0.340116,0.322217,0.306335,0.29286,0.281943,0.273518,0.267343,0.263064,0.260295,0.258677,0.257941,0.257941,0.258677,0.260295,0.263064,0.267343,0.273518,0.281943,0.29286,0.306336,0.322217,0.340116,0.35943,0.379406,0.39922,0.418082,0.435322,0.450453,0.463213,0.47355,0.481599,0.487621,0.491952,0.494946,0.496936,0.498207,0.498988,0.499449,0.49971,0.499851,0.499922,0.499951,0.499951
0.499961,0.499961,0.499937,0.499878,0.499762,0.499546,0.499163,0.498511,0.497442,0.49576,0.493211,0.489499,0.484298,0.47729,0.468209,0.456891,0.443325,0.427685,0.410347,0.391861,0.372911,0.354233,0.336538,0.320426,0.306335,0.294505,0.28498,0.277644,0.272268,0.268573,0.266288,0.265203,0.265203,0.266288,0.268573,0.272268,0.277644,0.28498,0.294505,0.306336,0.320426,0.336538,0.354233,0.372911,0.391861,0.410347,0.427685,0.443325,0.456891,0.468209,0.47729,0.484298,0.489499,0.493211,0.49576,0.497442,0.498511,0.499163,0.499546,0.499762,0.499878,0.499937,0.499961,0.499961
0.499969,0.499969,0.49995,0.499903,0.49981,0.499636,0.499325,0.498793,0.497916,0.496527,0.494407,0.491295,0.486901,0.480929,0.473118,0.463283,0.451363,0.437453,0.421825,0.404915,0.387291,0.369599,0.352486,0.336538,0.322217,0.309832,0.299527,0.291299,0.285039,0.280576,0.277726,0.276343,0.276343,0.277726,0.280576,0.285039,0.2913,0.299527,0.309832,0.322217,0.336538,0.352486,0.369599,0.387291,0.404915,0.421825,0.437453,0.451363,0.463283,0.473118,0.480929,0.486901,0.491295,0.494407,0.496527,0.497916,0.498793,0.499325,0.499636,0.49981,0.499903,0.49995,0.499969,0.499969
0.499976,0.499976,0.499961,0.499925,0.499852,0.499715,0.49947,0.499047,0.498345,0.497224,0.495502,0.492955,0.489327,0.484352,0.47778,0.469419,0.459171,0.447064,0.433279,0.418143,0.402117,0.385743,0.369599,0.354233,0.340116,0.3276,0.316906,0.308133,0.301274,0.29626,0.292993,0.291385,0.291385,0.292993,0.29626,0.301274,0.308133,0.316906,0.3276,0.340116,0.354233,0.369599,0.385743,0.402117,0.418143,0.433278,0.447064,0.459171,0.469419,0.47778,0.484352,0.489327,0.492955,0.495502,0.497224,0.498345,0.499047,0.49947,0.499715,0.499852,0.499925,0.499961,0.499976,0.499976
0.499982,0.499982,0.499971,0.499944,0.499888,0.499783,0.499594,0.499266,0.498718,0.497837,0.496472,0.494437,0.491513,0.487465,0.482065,0.475121,0.466512,0.456217,0.444339,0.431111,0.416889,0.402117,0.387291,0.372911,0.35943,0.347224,0.336567,0.327633,0.320505,0.315197,0.311688,0.309945,0.309945,0.311688,0.315197,0.320505,0.327633,0.336567,0.347224,0.35943,0.372911,0.387291,0.402117,0.416889,0.431111,0.444339,0.456217,0.466512,0.475121,0.482065,0.487465,0.491513,0.494437,0.496472,0.497837,0.498718,0.499266,0.499594,0.499783,0.499888,0.499944,0.499971,0.499982,0.499982
0.499987,0.499987,0.499979,0.499959,0.499918,0.49984,0.499698,0.49945,0.499033,0.498358,0.497304,0.495718,0.493419,0.490207,0.485878,0.480251,0.473196,0.464655,0.454674,0.443406,0.431111,0.418143,0.404915,0.391861,0.379406,0.367921,0.357711,0.349001,0.341937,0.336603,0.333038,0.331255,0.331255,0.333038,0.336603,0.341937,0.349001,0.357711,0.367921,0.379406,0.391861,0.404915,0.418143,0.431111,0.443406,0.454674,0.464655,0.473196,0.480251,0.485878,0.490207,0.493419,0.495718,0.497304,0.498358,0.499033,0.49945,0.499698,0.49984,0.499918,0.499959,0.499979,0.499987,0.499987
0.499991,0.499991,0.499985,0.499971,0.499941,0.499884,0.499781,0.499599,0.49929,0.498786,0.497993,0.496789,0.495028,0.492544,0.489162,0.484719,0.479085,0.472184,0.464017,0.454674,0.444339,0.433278,0.421825,0.410347,0.39922,0.388798,0.379389,0.371243,0.36455,0.359439,0.355993,0.35426,0.35426,0.355993,0.359439,0.36455,0.371243,0.379389,0.388798,0.39922,0.410347,0.421825,0.433278,0.444339,0.454674,0.464017,0.472184,0.479085,0.484719,0.489162,0.492544,0.495028,0.496789,0.497993,0.498786,0.49929,0.499599,0.499781,0.499884,0.499941,0.499971,0.499985,0.499991,0.499991
0.499994,0.499994,0.49999,0.49998,0.499959,0.499919,0.499846,0.499715,0.499493,0.499127,0.498546,0.497657,0.496344,0.494473,0.491901,0.488487,0.484108,0.478683,0.472184,0.464655,0.456217,0.447064,0.437453,0.427685,0.418082,0.408962,0.400618,0.393304,0.387226,0.382543,0.379364,0.377758,0.377758,0.379364,0.382543,0.387226,0.393304,0.400618,0.408962,0.418082,0.427685,0.437453,0.447064,0.456217,0.464655,0.472184,0.478683,0.484108,0.488487,0.491901,0.494473,0.496344,0.497657,0.498546,0.499127,0.499493,0.499715,0.499846,0.499919,0.499959,0.49998,0.49999,0.499994,0.499994
0.499996,0.499996,0.499993,0.499986,0.499972,0.499945,0.499894,0.499804,0.499648,0.499389,0.498976,0.498337,0.497384,0.496015,0.494113,0.491561,0.488253,0.484108,0.479085,0.473196,0.466512,0.459171,0.451363,0.443325,0.435322,0.427626,0.420504,0.414193,0.4089,0.404789,0.401982,0.400559,0.400559,0.401982,0.404789,0.4089,0.414193,0.420504,0.427626,0.435322,0.443325,0.451363,0.459171,0.466512,0.473196,0.479085,0.484108,0.488253,0.491561,0.494113,0.496015,0.497384,0.498337,0.498976,0.499389,0.499648,0.499804,0.499894,0.499945,0.499972,0.499986,0.499993,0.499996,0.499996
0.499997,0.499997,0.499996,0.499991,0.499982,0.499964,0.49993,0.499869,0.499762,0.499585,0.499299,0.498852,0.498181,0.497207,0.49584,0.493988,0.491561,0.488487,0.484719,0.480251,0.475121,0.469419,0.463283,0.456891,0.450453,0.444195,0.438342,0.433107,0.428681,0.42522,0.422845,0.421637,0.421637,0.422845,0.42522,0.428681,0.433107,0.438342,0.444195,0.450453,0.456891,0.463283,0.469419,0.475121,0.480251,0.484719,0.488487,0.491561,0.493988,0.49584,0.497207,0.498181,0.498852,0.499299,0.499585,0.499762,0.499869,0.49993,0.499964,0.499982,0.499991,0.499996,0.499997,0.499997
0.499998,0.499998,0.499997,0.499994,0.499988,0.499977,0.499955,0.499914,0.499844,0.499726,0.499533,0.499231,0.498772,0.498098,0.497145,0.49584,0.494113,0.491901,0.489162,0.485878,0.482065,0.47778,0.473118,0.468209,0.463213,0.458307,0.453677,0.449501,0.445945,0.443148,0.44122,0.440238,0.440238,0.44122,0.443148,0.445945,0.449501,0.453677,0.458307,0.463213,0.468209,0.473118,0.47778,0.482065,0.485878,0.489162,0.491901,0.494113,0.49584,0.497145,0.498098,0.498772,0.499231,0.499533,0.499726,0.499844,0.499914,0.499955,0.499977,0.499988,0.499994,0.499997,0.499998,0.499998
0.499999,0.499999,0.499998,0.499997,0.499993,0.499985,0.499971,0.499946,0.499901,0.499824,0.499699,0.4995,0.499195,0.498743,0.498098,0.497207,0.496015,0.494473,0.492544,0.490207,0.487465,0.484352,0.480929,0.47729,0.47355,0.469845,0.466319,0.463115,0.460369,0.458198,0.456696,0.455928,0.455928,0.456696,0.458198,0.460369,0.463115,0.466319,0.469845,0.47355,0.47729,0.480929,0.484352,0.487465,0.490207,0.492544,0.494473,0.496015,0.497207,0.498098,0.498743,0.499195,0.4995,0.499699,0.499824,0.499901,0.499946,0.499971,0.499985,0.499993,0.499997,0.499998,0.499999,0.499999
0.499999,0.499999,0.499999,0.499998,0.499996,0.499991,0.499983,0.499967,0.499939,0.499891,0.499811,0.499684,0.499488,0.499195,0.498772,0.498181,0.497384,0.496344,0.495028,0.493419,0.491513,0.489327,0.486901,0.484298,0.481599,0.478903,0.476317,0.473952,0.471913,0.470294,0.46917,0.468595,0.468595,0.46917,0.470294,0.471913,0.473952,0.476317,0.478903,0.481599,0.484298,0.486901,0.489327,0.491513,0.493419,0.495028,0.496344,0.497384,0.498181,0.498772,0.499195,0.499488,0.499684,0.499811,0.499891,0.499939,0.499967,0.499983,0.499991,0.499996,0.499998,0.499999,0.499999,0.499999
0.5,0.5,0.499999,0.499999,0.499997,0.499995,0.49999,0.49998,0.499963,0.499934,0.499885,0.499807,0.499684,0.4995,0.499231,0.498852,0.498337,0.497657,0.496789,0.495718,0.494437,0.492955,0.491295,0.489499,0.487621,0.485731,0.483906,0.482227,0.480771,0.479611,0.478803,0.478388,0.478388,0.478803,0.479611,0.480771,0.482227,0.483906,0.485731,0.487621,0.489499,0.491295,0.492955,0.494437,0.495718,0.496789,0.497657,0.498337,0.498852,0.499231,0.4995,0.499684,0.499807,0.499885,0.499934,0.499963,0.49998,0.49999,0.499995,0.499997,0.499999,0.499999,0.5,0.5
0.5,0.5,0.5,0.499999,0.499999,0.499997,0.499994,0.499989,0.499979,0.499962,0.499933,0.499885,0.499811,0.499699,0.499533,0.499299,0.498976,0.498546,0.497993,0.497304,0.496472,0.495502,0.494407,0.493211,0.491952,0.490676,0.489436,0.488289,0.48729,0.48649,0.485932,0.485645,0.485645,0.485932,0.48649,0.48729,0.488289,0.489436,0.490676,0.491952,0.493211,0.494407,0.495502,0.496472,0.497304,0.497993,0.498546,0.498976,0.499299,0.499533,0.499699,0.499811,0.499885,0.499933,0.499962,0.499979,0.499989,0.499994,0.499997,0.499999,0.499999,0.5,0.5,0.5
0.5,0.5,0.5,0.5,0.499999,0.499998,0.499997,0.499994,0.499988,0.499978,0.499962,0.499934,0.499891,0.499824,0.499726,0.499585,0.499389,0.499127,0.498786,0.498358,0.497837,0.497224,0.496527,0.49576,0.494946,0.494117,0.493306,0.492551,0.491892,0.491362,0.490991,0.4908,0.4908,0.490991,0.491362,0.491892,0.492551,0.493306,0.494117,0.494946,0.49576,0.496527,0.497224,0.497837,0.498358,0.498786,0.499127,0.499389,0.499585,0.499726,0.499824,0.499891,0.499934,0.499962,0.499978,0.499988,0.499994,0.499997,0.499998,0.499999,0.5,0.5,0.5,0.5
0.5,0.5,0.5,0.5,0.5,0.499999,0.499998,0.499997,0.499994,0.499988,0.499979,0.499963,0.499939,0.499901,0.499844,0.499762,0.499648,0.499493,0.49929,0.499033,0.498718,0.498345,0.497916,0.497442,0.496936,0.496417,0.495906,0.495429,0.49501,0.494673,0.494436,0.494314,0.494314,0.494436,0.494673,0.49501,0.495429,0.495906,0.496417,0.496936,0.497442,0.497916,0.498345,0.498718,0.499033,0.49929,0.499493,0.499648,0.499762,0.499844,0.499901,0.499939,0.499963,0.499979,0.499988,0.499994,0.499997,0.499998,0.499999,0.5,0.5,0.5,0.5,0.5
0.5,0.5,0.5,0.5,0.5,0.5,0.499999,0.499998,0.499997,0.499994,0.499989,0.49998,0.499967,0.499946,0.499914,0.499869,0.499804,0.499715,0.499599,0.49945,0.499266,0.499047,0.498793,0.498511,0.498207,0.497894,0.497585,0.497294,0.497039,0.496832,0.496686,0.496611,0.496611,0.496686,0.496832,0.497039,0.497294,0.497585,0.497894,0.498207,0.498511,0.498793,0.499047,0.499266,0.49945,0.499599,0.499715,0.499804,0.499869,0.499914,0.499946,0.499967,0.49998,0.499989,0.499994,0.499997,0.499998,0.499999,0.5,0.5,0.5,0.5,0.5,0.5
0.5,0.5,0.5,0.5,0.5,0.5,0.5,0.499999,0.499998,0.499997,0.499994,0.49999,0.499983,0.499971,0.499955,0.49993,0.499894,0.499846,0.499781,0.499698,0.499594,0.49947,0.499325,0.499163,0.498988,0.498806,0.498626,0.498456,0.498305,0.498184,0.498098,0.498053,0.498053,0.498098,0.498184,0.498305,0.498456,0.498626,0.498806,0.498988,0.499163,0.499325,0.49947,0.499594,0.499698,0.499781,0.499846,0.499894,0.49993,0.499955,0.499971,0.499983,0.49999,0.499994,0.499997,0.499998,0.499999,0.5,0.5,0.5,0.5,0.5,0.5,0.5
0.5,0.5,0.5,0.5,0.5,0.5,0.5,0.5,0.499999,0.499998,0.499997,0.499995,0.499991,0.499985,0.499977,0.499964,0.499945,0.499919,0.499884,0.49984,0.499783,0.499715,0.499636,0.499546,0.499449,0.499347,0.499246,0.49915,0.499065,0.498996,0.498947,0.498922,0.498922,0.498947,0.498996,0.499065,0.49915,0.499246,0.499347,0.499449,0.499546,0.499636,0.499715,0.499783,0.49984,0.499884,0.499919,0.499945,0.499964,0.499977,0.499985,0.499991,0.499995,0.499997,0.499998,0.499999,0.5,0.5,0.5,0.5,0.5,0.5,0.5,0.5
0.5,0.5,0.5,0.5,0.5,0.5,0.5,0.5,0.5,0.499999,0.499999,0.499997,0.499996,0.499993,0.499988,0.499982,0.499972,0.499959,0.499941,0.499918,0.499888,0.499852,0.49981,0.499762,0.49971,0.499655,0.4996,0.499548,0.499501,0.499464,0.499437,0.499423,0.499423,0.499437,0.499464,0.499501,0.499548,0.4996,0.499655,0.49971,0.499762,0.49981,0.499852,0.499888,0.499918,0.499941,0.499959,0.499972,0.499982,0.499988,0.499993,0.499996,0.499997,0.499999,0.499999,0.5,0.5,0.5,0.5,0.5,0.5,0.5,0.5,0.5
0.5,0.5,0.5,0.5,0.5,0.5,0.5,0.5,0.5,0.5,0.499999,0.499999,0.499998,0.499997,0.499994,0.499991,0.499986,0.49998,0.499971,0.499959,0.499944,0.499925,0.499903,0.499878,0.499851,0.499822,0.499793,0.499765,0.499741,0.499721,0.499706,0.499699,0.499699,0.499706,0.499721,0.499741,0.499765,0.499793,0.499822,0.499851,0.499878,0.499903,0.499925,0.499944,0.499959,0.499971,0.49998,0.499986,0.499991,0.499994,0.499997,0.499998,0.499999,0.499999,0.5,0.5,0.5,0.5,0.5,0.5,0.5,0.5,0.5,0.5
0.5,0.5,0.5,0.5,0.5,0.5,0.5,0.5,0.5,0.5,0.5,0.499999,0.499999,0.499998,0.499997,0.499996,0.499993,0.49999,0.499985,0.499979,0.499971,0.499961,0.49995,0.499937,0.499922,0.499907,0.499891,0.499876,0.499863,0.499852,0.499844,0.49984,0.49984,0.499844,0.499852,0.499863,0.499876,0.499891,0.499907,0.499922,0.499937,0.49995,0.499961,0.499971,0.499979,0.499985,0.49999,0.499993,0.499996,0.499997,0.499998,0.499999,0.499999,0.5,0.5,0.5,0.5,0.5,0.5,0.5,0.5,0.5,0.5,0.5
0.5,0.5,0.5,0.5,0.5,0.5,0.5,0.5,0.5,0.5,0.5,0.5,0.499999,0.499999,0.499998,0.499997,0.499996,0.499994,0.499991,0.499987,0.499982,0.499976,0.499969,0.499961,0.499951,0.499941,0.499931,0.499922,0.499913,0.499906,0.499901,0.499899,0.499899,0.499901,0.499906,0.499913,0.499922,0.499931,0.499941,0.499951,0.499961,0.499969,0.499976,0.499982,0.499987,0.499991,0.499994,0.499996,0.499997,0.499998,0.499999,0.499999,0.5,0.5,0.5,0.5,0.5,0.5,0.5,0.5,0.5,0.5,0.5,0.5
0.5,0.5,0.5,0.5,0.5,0.5,0.5,0.5,0.5,0.5,0.5,0.5,0.499999,0.499999,0.499998,0.499997,0.499996,0.499994,0.499991,0.499987,0.499982,0.499976,0.499969,0.499961,0.499951,0.499941,0.499931,0.499922,0.499913,0.499906,0.499901,0.499899,0.499899,0.499901,0.499906,0.499913,0.499922,0.499931,0.499941,0.499951,0.499961,0.499969,0.499976,0.499982,0.499987,0.499991,0.499994,0.499996,0.499997,0.499998,0.499999,0.499999,0.5,0.5,0.5,0.5,0.5,0.5,0.5,0.5,0.5,0.5,0.5,0.5
