0.5,0.5,0.5,0.5,0.5,0.5,0.5,0.5,0.5,0.5,0.499999,0.499999,0.499998,0.499997,0.499995,0.499991,0.499987,0.499981,0.499972,0.499961,0.499948,0.499931,0.49991,0.499888,0.499862,0.499836,0.499809,0.499784,0.499761,0.499743,0.499729,0.499723,0.499723,0.499729,0.499743,0.499761,0.499784,0.499809,0.499836,0.499862,0.499888,0.49991,0.499931,0.499948,0.499961,0.499972,0.499981,0.499987,0.499991,0.499995,0.499997,0.499998,0.499999,0.499999,0.5,0.5,0.5,0.5,0.5,0.5,0.5,0.5,0.5,0.5
0.5,0.5,0.5,0.5,0.5,0.5,0.5,0.5,0.5,0.5,0.499999,0.499999,0.499998,0.499997,0.499995,0.499991,0.499987,0.499981,0.499972,0.499961,0.499948,0.499931,0.49991,0.499888,0.499862,0.499836,0.499809,0.499784,0.499761,0.499743,0.499729,0.499723,0.499723,0.499729,0.499743,0.499761,0.499784,0.499809,0.499836,0.499862,0.499888,0.49991,0.499931,0.499948,0.499961,0.499972,0.499981,0.499987,0.499991,0.499995,0.499997,0.499998,0.499999,0.499999,0.5,0.5,0.5,0.5,0.5,0.5,0.5,0.5,0.5,0.5
0.5,0.5,0.5,0.5,0.5,0.5,0.5,0.5,0.5,0.499999,0.499999,0.499998,0.499997,0.499994,0.499991,0.499986,0.499979,0.499969,0.499956,0.499939,0.499918,0.499891,0.499861,0.499826,0.499787,0.499747,0.499707,0.499668,0.499634,0.499606,0.499587,0.499576,0.499576,0.499587,0.499606,0.499634,0.499668,0.499707,0.499747,0.499787,0.499826,0.499861,0.499891,0.499918,0.499939,0.499956,0.499969,0.499979,0.499986,0.499991,0.499994,0.499997,0.499998,0.499999,0.499999,0.5,0.5,0.5,0.5,0.5,0.5,0.5,0.5,0.5
0.5,0.5,0.5,0.5,0.5,0.5,0.5,0.5,0.499999,0.499999,0.499998,0.499996,0.499993,0.499989,0.499983,0.499973,0.49996,0.499942,0.499917,0.499885,0.499845,0.499797,0.499741,0.499677,0.499607,0.499535,0.499462,0.499394,0.499333,0.499283,0.499248,0.49923,0.49923,0.499248,0.499283,0.499333,0.499394,0.499462,0.499535,0.499607,0.499677,0.499741,0.499797,0.499845,0.499885,0.499917,0.499942,0.49996,0.499973,0.499983,0.499989,0.499993,0.499996,0.499998,0.499999,0.499999,0.5,0.5,0.5,0.5,0.5,0.5,0.5,0.5
0.5,0.5,0.5,0.5,0.5,0.5,0.5,0.499999,0.499999,0.499997,0.499995,0.499992,0.499987,0.499978,0.499966,0.499948,0.499922,0.499886,0.499839,0.499778,0.499703,0.499612,0.499506,0.499387,0.499258,0.499124,0.498991,0.498864,0.498753,0.498662,0.498598,0.498565,0.498565,0.498598,0.498662,0.498753,0.498864,0.498991,0.499124,0.499258,0.499387,0.499506,0.499612,0.499703,0.499778,0.499839,0.499886,0.499922,0.499948,0.499966,0.499978,0.499987,0.499992,0.499995,0.499997,0.499999,0.499999,0.5,0.5,0.5,0.5,0.5,0.5,0.5
0.5,0.5,0.5,0.5,0.5,0.5,0.499999,0.499998,0.499997,0.499995,0.499991,0.499984,0.499974,0.499958,0.499934,0.499898,0.499849,0.499782,0.499694,0.49958,0.49944,0.499273,0.499078,0.498861,0.498626,0.498384,0.498143,0.497916,0.497715,0.497553,0.497438,0.497379,0.497379,0.497438,0.497553,0.497715,0.497916,0.498143,0.498384,0.498626,0.498861,0.499078,0.499273,0.49944,0.49958,0.499694,0.499782,0.499849,0.499898,0.499934,0.499958,0.499974,0.499984,0.499991,0.499995,0.499997,0.499998,0.499999,0.5,0.5,0.5,0.5,0.5,0.5
0.5,0.5,0.5,0.5,0.5,0.499999,0.499998,0.499997,0.499994,0.49999,0.499982,0.49997,0.49995,0.49992,0.499874,0.499809,0.499718,0.499595,0.499434,0.499229,0.498977,0.498677,0.498331,0.497947,0.497534,0.497108,0.496688,0.496293,0.495945,0.495664,0.495466,0.495364,0.495364,0.495466,0.495664,0.495945,0.496293,0.496688,0.497108,0.497534,0.497947,0.498331,0.498677,0.498977,0.499229,0.499434,0.499595,0.499718,0.499809,0.499874,0.49992,0.49995,0.49997,0.499982,0.49999,0.499994,0.499997,0.499998,0.499999,0.5,0.5,0.5,0.5,0.5
0.5,0.5,0.5,0.5,0.499999,0.499998,0.499997,0.499994,0.499989,0.499981,0.499967,0.499944,0.499907,0.499852,0.49977,0.499653,0.499491,0.499272,0.498988,0.498629,0.498191,0.497671,0.497077,0.496419,0.495717,0.494996,0.494287,0.493624,0.493041,0.492571,0.492241,0.492071,0.492071,0.492241,0.492571,0.493041,0.493624,0.494287,0.494996,0.495717,0.496419,0.497077,0.497671,0.498191,0.498629,0.498988,0.499272,0.499491,0.499653,0.49977,0.499852,0.499907,0.499944,0.499967,0.499981,0.499989,0.499994,0.499997,0.499998,0.499999,0.5,0.5,0.5,0.5
0.5,0.5,0.5,0.499999,0.499999,0.499997,0.499994,0.499989,0.49998,0.499965,0.499939,0.499898,0.499833,0.499736,0.499592,0.499388,0.499107,0.498732,0.498247,0.497639,0.496901,0.496033,0.495045,0.493959,0.492805,0.491627,0.490474,0.4894,0.488459,0.487702,0.487172,0.486899,0.486899,0.487172,0.487702,0.488459,0.4894,0.490474,0.491627,0.492805,0.493959,0.495045,0.496033,0.496901,0.497639,0.498247,0.498732,0.499107,0.499388,0.499592,0.499736,0.499833,0.499898,0.499939,0.499965,0.49998,0.499989,0.499994,0.499997,0.499999,0.499999,0.5,0.5,0.5
0.5,0.5,0.499999,0.499999,0.499997,0.499995,0.49999,0.499981,0.499965,0.499938,0.499893,0.499821,0.49971,0.499542,0.499298,0.498954,0.498483,0.497859,0.497059,0.496063,0.494862,0.493459,0.491873,0.490141,0.488312,0.486454,0.484645,0.482966,0.481502,0.480328,0.479507,0.479085,0.479085,0.479507,0.480328,0.481502,0.482966,0.484645,0.486454,0.488312,0.490141,0.491873,0.493459,0.494862,0.496063,0.497059,0.497859,0.498483,0.498954,0.499298,0.499542,0.49971,0.499821,0.499893,0.499938,0.499965,0.499981,0.49999,0.499995,0.499997,0.499999,0.499999,0.5,0.5
0.499999,0.499999,0.499999,0.499998,0.499995,0.499991,0.499982,0.499967,0.499939,0.499893,0.499817,0.499696,0.499509,0.499231,0.498829,0.498266,0.497502,0.496498,0.495219,0.493639,0.491749,0.489558,0.487099,0.48443,0.481631,0.478805,0.476067,0.473539,0.471343,0.469587,0.468363,0.467734,0.467734,0.468363,0.469587,0.471343,0.473539,0.476067,0.478805,0.481631,0.48443,0.487099,0.489558,0.491749,0.493639,0.495219,0.496498,0.497502,0.498266,0.498829,0.499231,0.499509,0.499696,0.499817,0.499893,0.499939,0.499967,0.499982,0.499991,0.499995,0.499998,0.499999,0.499999,0.499999
0.499999,0.499999,0.499998,0.499996,0.499992,0.499984,0.49997,0.499944,0.499898,0.499821,0.499696,0.499498,0.499195,0.498747,0.498105,0.497212,0.496011,0.494445,0.492466,0.490043,0.487165,0.483856,0.480171,0.4762,0.472065,0.467917,0.463921,0.460252,0.457077,0.454548,0.452789,0.451887,0.451887,0.452789,0.454548,0.457077,0.460252,0.463921,0.467917,0.472065,0.4762,0.480171,0.483856,0.487165,0.490043,0.492466,0.494445,0.496011,0.497212,0.498105,0.498747,0.499195,0.499498,0.499696,0.499821,0.499898,0.499944,0.49997,0.499984,0.499992,0.499996,0.499998,0.499999,0.499999
0.499998,0.499998,0.499997,0.499993,0.499987,0.499974,0.49995,0.499907,0.499833,0.49971,0.499509,0.499195,0.498719,0.498019,0.497023,0.495652,0.493821,0.491455,0.48849,0.484889,0.480651,0.475818,0.470479,0.464772,0.458875,0.453,0.447377,0.442244,0.437824,0.434317,0.431884,0.430639,0.430639,0.431884,0.434317,0.437824,0.442244,0.447377,0.453,0.458875,0.464772,0.470479,0.475818,0.480651,0.484889,0.48849,0.491455,0.493821,0.495652,0.497023,0.498019,0.498719,0.499195,0.499509,0.49971,0.499833,0.499907,0.49995,0.499974,0.499987,0.499993,0.499997,0.499998,0.499998
0.499997,0.499997,0.499994,0.499989,0.499978,0.499958,0.49992,0.499852,0.499736,0.499542,0.499231,0.498747,0.498019,0.496958,0.49546,0.493415,0.49071,0.487243,0.482938,0.477757,0.471715,0.464887,0.45741,0.449486,0.441366,0.433338,0.42571,0.418789,0.412863,0.408181,0.404944,0.40329,0.40329,0.404944,0.408181,0.412863,0.418789,0.42571,0.433338,0.441366,0.449486,0.45741,0.464887,0.471715,0.477757,0.482938,0.487243,0.49071,0.493415,0.49546,0.496958,0.498019,0.498747,0.499231,0.499542,0.499736,0.499852,0.49992,0.499958,0.499978,0.499989,0.499994,0.499997,0.499997
0.499995,0.499995,0.499991,0.499983,0.499966,0.499934,0.499874,0.49977,0.499592,0.499298,0.498829,0.498105,0.497023,0.49546,0.493275,0.490315,0.486435,0.481509,0.47545,0.468227,0.459885,0.450548,0.440423,0.429792,0.418995,0.408412,0.398435,0.389447,0.381797,0.375784,0.371641,0.369529,0.369529,0.371641,0.375784,0.381797,0.389447,0.398435,0.408412,0.418995,0.429792,0.440423,0.450548,0.459885,0.468227,0.47545,0.481509,0.486435,0.490315,0.493275,0.49546,0.497023,0.498105,0.498829,0.499298,0.499592,0.49977,0.499874,0.499934,0.499966,0.499983,0.499991,0.499995,0.499995
0.499991,0.499991,0.499986,0.499973,0.499948,0.499898,0.499809,0.499653,0.499388,0.498954,0.498266,0.497212,0.495652,0.493415,0.490315,0.486156,0.480754,0.47396,0.465687,0.455926,0.444768,0.432407,0.419142,0.405355,0.391491,0.37803,0.365452,0.354211,0.344708,0.337281,0.332185,0.329594,0.329594,0.332185,0.337281,0.344708,0.354211,0.365452,0.37803,0.391491,0.405355,0.419142,0.432407,0.444768,0.455926,0.465687,0.47396,0.480754,0.486156,0.490315,0.493415,0.495652,0.497212,0.498266,0.498954,0.499388,0.499653,0.499809,0.499898,0.499948,0.499973,0.499986,0.499991,0.499991
0.499987,0.499987,0.499979,0.49996,0.499922,0.499849,0.499718,0.499491,0.499107,0.498483,0.497502,0.496011,0.493821,0.49071,0.486435,0.480754,0.473446,0.464349,0.453385,0.440587,0.426116,0.410266,0.393444,0.376156,0.358962,0.342443,0.32716,0.313624,0.302272,0.293456,0.287437,0.284385,0.284385,0.287437,0.293456,0.302272,0.313624,0.32716,0.342443,0.358962,0.376156,0.393444,0.410266,0.426116,0.440587,0.453385,0.464349,0.473446,0.480754,0.486435,0.49071,0.493821,0.496011,0.497502,0.498483,0.499107,0.499491,0.499718,0.499849,0.499922,0.49996,0.499979,0.499987,0.499987
0.499981,0.499981,0.499969,0.499942,0.499886,0.499782,0.499595,0.499272,0.498732,0.497859,0.496498,0.494445,0.491455,0.487243,0.481509,0.47396,0.464349,0.452508,0.438393,0.422102,0.403897,0.384194,0.363538,0.342568,0.321966,0.302405,0.284512,0.268829,0.255796,0.245751,0.238931,0.235485,0.235485,0.238931,0.245751,0.255796,0.268829,0.284512,0.302405,0.321966,0.342568,0.363538,0.384194,0.403897,0.422102,0.438393,0.452508,0.464349,0.47396,0.481509,0.487243,0.491455,0.494445,0.496498,0.497859,0.498732,0.499272,0.499595,0.499782,0.499886,0.499942,0.499969,0.499981,0.499981
0.499972,0.499972,0.499956,0.499917,0.499839,0.499694,0.499434,0.498988,0.498247,0.497059,0.495219,0.492466,0.48849,0.482938,0.47545,0.465687,0.453385,0.438393,0.420723,0.400572,0.378333,0.354572,0.329992,0.305375,0.281517,0.259169,0.238989,0.221514,0.207148,0.196176,0.188777,0.185055,0.185055,0.188777,0.196176,0.207148,0.221514,0.238989,0.259169,0.281517,0.305375,0.329992,0.354572,0.378333,0.400572,0.420723,0.438393,0.453385,0.465687,0.47545,0.482938,0.48849,0.492466,0.495219,0.497059,0.498247,0.498988,0.499434,0.499694,0.499839,0.499917,0.499956,0.499972,0.499972
0.499961,0.499961,0.499939,0.499885,0.499778,0.49958,0.499229,0.498629,0.497639,0.496063,0.493639,0.490043,0.484889,0.477757,0.468227,0.455926,0.440587,0.422102,0.400572,0.376327,0.34992,0.322096,0.293728,0.26574,0.239028,0.214389,0.192473,0.173765,0.158585,0.147118,0.139451,0.135614,0.135614,0.139451,0.147118,0.158585,0.173765,0.192473,0.214389,0.239028,0.26574,0.293728,0.322096,0.34992,0.376327,0.400572,0.422102,0.440587,0.455926,0.468227,0.477757,0.484889,0.490043,0.493639,0.496063,0.497639,0.498629,0.499229,0.49958,0.499778,0.499885,0.499939,0.499961,0.499961
0.499948,0.499948,0.499918,0.499845,0.499703,0.49944,0.498977,0.498191,0.496901,0.494862,0.491749,0.487165,0.480651,0.471715,0.459885,0.444768,0.426116,0.403897,0.378333,0.34992,0.319404,0.287729,0.255941,0.225098,0.196168,0.169953,0.147048,0.127831,0.112485,0.101053,0.0934911,0.0897334,0.0897334,0.0934911,0.101053,0.112485,0.127831,0.147048,0.169953,0.196168,0.225098,0.255941,0.287729,0.319404,0.34992,0.378333,0.403897,0.426116,0.444768,0.459885,0.471715,0.480651,0.487165,0.491749,0.494862,0.496901,0.498191,0.498977,0.49944,0.499703,0.499845,0.499918,0.499948,0.499948
0.499931,0.499931,0.499891,0.499797,0.499612,0.499273,0.498677,0.497671,0.496033,0.493459,0.489558,0.483856,0.475818,0.464887,0.450548,0.432407,0.410266,0.384194,0.354572,0.322096,0.287729,0.252621,0.217993,0.185012,0.154682,0.127764,0.104743,0.085836,0.0710431,0.0602205,0.0531651,0.0496916,0.0496916,0.0531651,0.0602205,0.0710431,0.085836,0.104743,0.127764,0.154682,0.185012,0.217993,0.252621,0.287729,0.322096,0.354572,0.384194,0.410266,0.432407,0.450548,0.464887,0.475818,0.483856,0.489558,0.493459,0.496033,0.497671,0.498677,0.499273,0.499612,0.499797,0.499891,0.499931,0.499931
0.49991,0.49991,0.499861,0.499741,0.499506,0.499078,0.498331,0.497077,0.495045,0.491873,0.487099,0.480171,0.470479,0.45741,0.440423,0.419142,0.393444,0.363538,0.329992,0.293728,0.255941,0.217993,0.18126,0.146991,0.116182,0.0895039,0.067278,0.0495139,0.0359849,0.0263308,0.0201652,0.0171709,0.0171709,0.0201652,0.0263308,0.0359849,0.0495139,0.067278,0.0895039,0.116182,0.146991,0.18126,0.217993,0.255941,0.293728,0.329992,0.363538,0.393444,0.419142,0.440423,0.45741,0.470479,0.480171,0.487099,0.491873,0.495045,0.497077,0.498331,0.499078,0.499506,0.499741,0.499861,0.49991,0.49991
0.499888,0.499888,0.499826,0.499677,0.499387,0.498861,0.497947,0.496419,0.493959,0.490141,0.48443,0.4762,0.464772,0.449486,0.429792,0.405355,0.376156,0.342568,0.305375,0.26574,0.225098,0.185012,0.146991,0.112328,0.0819676,0.0564403,0.035861,0.0199928,0.00835423,0.000349507,-0.00460178,-0.00695359,-0.00695359,-0.00460178,0.000349507,0.00835423,0.0199928,0.035861,0.0564403,0.0819676,0.112328,0.146991,0.185012,0.225098,0.26574,0.305375,0.342568,0.376156,0.405355,0.429792,0.449486,0.464772,0.4762,0.48443,0.490141,0.493959,0.496419,0.497947,0.498861,0.499387,0.499677,0.499826,0.499888,0.499888
0.499862,0.499862,0.499787,0.499607,0.499258,0.498626,0.497534,0.495717,0.492805,0.488312,0.481631,0.472065,0.458875,0.441366,0.418995,0.391491,0.358962,0.321966,0.281517,0.239028,0.196168,0.154682,0.116182,0.0819676,0.0528888,0.029296,0.0110643,-0.00231297,-0.0115851,-0.0175875,-0.0210928,-0.0226878,-0.0226878,-0.0210928,-0.0175875,-0.0115851,-0.00231297,0.0110643,0.029296,0.0528888,0.0819676,0.116182,0.154682,0.196168,0.239028,0.281517,0.321966,0.358962,0.391491,0.418995,0.441366,0.458875,0.472065,0.481631,0.488312,0.492805,0.495717,0.497534,0.498626,0.499258,0.499607,0.499787,0.499862,0.499862
0.499836,0.499836,0.499747,0.499535,0.499124,0.498384,0.497108,0.494996,0.491627,0.486454,0.478805,0.467917,0.453,0.433338,0.408412,0.37803,0.342443,0.302405,0.259169,0.214389,0.169953,0.127764,0.0895039,0.0564403,0.029296,0.00821408,-0.00718874,-0.0176955,-0.02432,-0.0281269,-0.0300675,-0.0308498,-0.0308498,-0.0300675,-0.0281269,-0.02432,-0.0176955,-0.00718874,0.00821408,0.029296,0.0564403,0.0895039,0.127764,0.169953,0.214389,0.259169,0.302405,0.342443,0.37803,0.408412,0.433338,0.453,0.467917,0.478805,0.486454,0.491627,0.494996,0.497108,0.498384,0.499124,0.499535,0.499747,0.499836,0.499836
0.499809,0.499809,0.499707,0.499462,0.498991,0.498143,0.496688,0.494287,0.490474,0.484645,0.476067,0.463921,0.447377,0.42571,0.398435,0.365452,0.32716,0.284512,0.238989,0.192473,0.147048,0.104743,0.067278,0.035861,0.0110643,-0.00718874,-0.0195404,-0.0270402,-0.0309483,-0.0325359,-0.0329111,-0.0328852,-0.0328852,-0.0329111,-0.0325359,-0.0309483,-0.0270402,-0.0195404,-0.00718874,0.0110643,0.035861,0.067278,0.104743,0.147048,0.192473,0.238989,0.284512,0.32716,0.365452,0.398435,0.42571,0.447377,0.463921,0.476067,0.484645,0.490474,0.494287,0.496688,0.498143,0.498991,0.499462,0.499707,0.499809,0.499809
0.499784,0.499784,0.499668,0.499394,0.498864,0.497916,0.496293,0.493624,0.4894,0.482966,0.473539,0.460252,0.442244,0.418789,0.389447,0.354211,0.313624,0.268829,0.221514,0.173765,0.127831,0.085836,0.0495139,0.0199928,-0.00231297,-0.0176955,-0.0270402,-0.0316383,-0.0329659,-0.03247,-0.0313878,-0.0306131,-0.0306131,-0.0313878,-0.03247,-0.0329659,-0.0316383,-0.0270402,-0.0176955,-0.00231297,0.0199928,0.0495139,0.085836,0.127831,0.173765,0.221514,0.268829,0.313624,0.354211,0.389447,0.418789,0.442244,0.460252,0.473539,0.482966,0.4894,0.493624,0.496293,0.497916,0.498864,0.499394,0.499668,0.499784,0.499784
0.499761,0.499761,0.499634,0.499333,0.498753,0.497715,0.495945,0.493041,0.488459,0.481502,0.471343,0.457077,0.437824,0.412863,0.381797,0.344708,0.302272,0.255796,0.207148,0.158585,0.112485,0.0710431,0.0359849,0.00835423,-0.0115851,-0.02432,-0.0309483,-0.0329659,-0.0320269,-0.0297184,-0.0273766,-0.0259577,-0.0259577,-0.0273766,-0.0297184,-0.0320269,-0.0329659,-0.0309483,-0.02432,-0.0115851,0.00835423,0.0359849,0.0710431,0.112485,0.158585,0.207148,0.255796,0.302272,0.344708,0.381797,0.412863,0.437824,0.457077,0.471343,0.481502,0.488459,0.493041,0.495945,0.497715,0.498753,0.499333,0.499634,0.499761,0.499761
0.499743,0.499743,0.499606,0.499283,0.498662,0.497553,0.495664,0.492571,0.487702,0.480328,0.469587,0.454548,0.434317,0.408181,0.375784,0.337281,0.293456,0.245751,0.196176,0.147118,0.101053,0.0602205,0.0263308,0.000349507,-0.0175875,-0.0281269,-0.0325359,-0.03247,-0.0297184,-0.0259709,-0.022635,-0.0207092,-0.0207092,-0.022635,-0.0259709,-0.0297184,-0.03247,-0.0325359,-0.0281269,-0.0175875,0.000349507,0.0263308,0.0602205,0.101053,0.147118,0.196176,0.245751,0.293456,0.337281,0.375784,0.408181,0.434317,0.454548,0.469587,0.480328,0.487702,0.492571,0.495664,0.497553,0.498662,0.499283,0.499606,0.499743,0.499743
0.499729,0.499729,0.499587,0.499248,0.498598,0.497438,0.495466,0.492241,0.487172,0.479507,0.468363,0.452789,0.431884,0.404944,0.371641,0.332185,0.287437,0.238931,0.188777,0.139451,0.0934911,0.0531651,0.0201652,-0.00460178,-0.0210928,-0.0300675,-0.0329111,-0.0313878,-0.0273766,-0.022635,-0.018615,-0.0163413,-0.0163413,-0.018615,-0.022635,-0.0273766,-0.0313878,-0.0329111,-0.0300675,-0.0210928,-0.00460178,0.0201652,0.0531651,0.0934911,0.139451,0.188777,0.238931,0.287437,0.332185,0.371641,0.404944,0.431884,0.452789,0.468363,0.479507,0.487172,0.492241,0.495466,0.497438,0.498598,0.499248,0.499587,0.499729,0.499729
0.499723,0.499723,0.499576,0.49923,0.498565,0.497379,0.495364,0.492071,0.486899,0.479085,0.467734,0.451887,0.430639,0.40329,0.369529,0.329594,0.284385,0.235485,0.185055,0.135614,0.0897334,0.0496916,0.0171709,-0.00695359,-0.0226878,-0.0308498,-0.0328852,-0.0306131,-0.0259577,-0.0207092,-0.0163413,-0.0138909,-0.0138909,-0.0163413,-0.0207092,-0.0259577,-0.0306131,-0.0328852,-0.0308498,-0.0226878,-0.00695359,0.0171709,0.0496916,0.0897334,0.135614,0.185055,0.235485,0.284385,0.329594,0.369529,0.40329,0.430639,0.451887,0.467734,0.479085,0.486899,0.492071,0.495364,0.497379,0.498565,0.49923,0.499576,0.499723,0.499723
0.499723,0.499723,0.499576,0.49923,0.498565,0.497379,0.495364,0.492071,0.486899,0.479085,0.467734,0.451887,0.430639,0.40329,0.369529,0.329594,0.284385,0.235485,0.185055,0.135614,0.0897334,0.0496916,0.0171709,-0.00695359,-0.0226878,-0.0308498,-0.0328852,-0.0306131,-0.0259577,-0.0207092,-0.0163413,-0.0138909,-0.0138909,-0.0163413,-0.0207092,-0.0259577,-0.0306131,-0.0328852,-0.0308498,-0.0226878,-0.00695359,0.0171709,0.0496916,0.0897334,0.135614,0.185055,0.235485,0.284385,0.329594,0.369529,0.40329,0.430639,0.451887,0.467734,0.479085,0.486899,0.492071,0.495364,0.497379,0.498565,0.49923,0.499576,0.499723,0.499723
0.499729,0.499729,0.499587,0.499248,0.498598,0.497438,0.495466,0.492241,0.487172,0.479507,0.468363,0.452789,0.431884,0.404944,0.371641,0.332185,0.287437,0.238931,0.188777,0.139451,0.0934911,0.0531651,0.0201652,-0.00460178,-0.0210928,-0.0300675,-0.0329111,-0.0313878,-0.0273766,-0.022635,-0.018615,-0.0163413,-0.0163413,-0.018615,-0.022635,-0.0273766,-0.0313878,-0.0329111,-0.0300675,-0.0210928,-0.00460178,0.0201652,0.0531651,0.0934911,0.139451,0.188777,0.238931,0.287437,0.332185,0.371641,0.404944,0.431884,0.452789,0.468363,0.479507,0.487172,0.492241,0.495466,0.497438,0.498598,0.499248,0.499587,0.499729,0.499729
0.499743,0.499743,0.499606,0.499283,0.498662,0.497553,0.495664,0.492571,0.487702,0.480328,0.469587,0.454548,0.434317,0.408181,0.375784,0.337281,0.293456,0.245751,0.196176,0.147118,0.101053,0.0602205,0.0263308,0.000349507,-0.0175875,-0.0281269,-0.0325359,-0.03247,-0.0297184,-0.0259709,-0.022635,-0.0207092,-0.0207092,-0.022635,-0.0259709,-0.0297184,-0.03247,-0.0325359,-0.0281269,-0.0175875,0.000349507,0.0263308,0.0602205,0.101053,0.147118,0.196176,0.245751,0.293456,0.337281,0.375784,0.408181,0.434317,0.454548,0.469587,0.480328,0.487702,0.492571,0.495664,0.497553,0.498662,0.499283,0.499606,0.499743,0.499743
0.499761,0.499761,0.499634,0.499333,0.498753,0.497715,0.495945,0.493041,0.488459,0.481502,0.471343,0.457077,0.437824,0.412863,0.381797,0.344708,0.302272,0.255796,0.207148,0.158585,0.112485,0.0710431,0.0359849,0.00835423,-0.0115851,-0.02432,-0.0309483,-0.0329659,-0.0320269,-0.0297184,-0.0273766,-0.0259577,-0.0259577,-0.0273766,-0.0297184,-0.0320269,-0.0329659,-0.0309483,-0.02432,-0.0115851,0.00835423,0.0359849,0.0710431,0.112485,0.158585,0.207148,0.255796,0.302272,0.344708,0.381797,0.412863,0.437824,0.457077,0.471343,0.481502,0.488459,0.493041,0.495945,0.497715,0.498753,0.499333,0.499634,0.499761,0.499761
0.499784,0.499784,0.499668,0.499394,0.498864,0.497916,0.496293,0.493624,0.4894,0.482966,0.473539,0.460252,0.442244,0.418789,0.389447,0.354211,0.313624,0.268829,0.221514,0.173765,0.127831,0.085836,0.0495139,0.0199928,-0.00231297,-0.0176955,-0.0270402,-0.0316383,-0.0329659,-0.03247,-0.0313878,-0.0306131,-0.0306131,-0.0313878,-0.03247,-0.0329659,-0.0316383,-0.0270402,-0.0176955,-0.00231297,0.0199928,0.0495139,0.085836,0.127831,0.173765,0.221514,0.268829,0.313624,0.354211,0.389447,0.418789,0.442244,0.460252,0.473539,0.482966,0.4894,0.493624,0.496293,0.497916,0.498864,0.499394,0.499668,0.499784,0.499784
0.499809,0.499809,0.499707,0.499462,0.498991,0.498143,0.496688,0.494287,0.490474,0.484645,0.476067,0.463921,0.447377,0.42571,0.398435,0.365452,0.32716,0.284512,0.238989,0.192473,0.147048,0.104743,0.067278,0.035861,0.0110643,-0.00718874,-0.0195404,-0.0270402,-0.0309483,-0.0325359,-0.0329111,-0.0328852,-0.0328852,-0.0329111,-0.0325359,-0.0309483,-0.0270402,-0.0195404,-0.00718874,0.0110643,0.035861,0.067278,0.104743,0.147048,0.192473,0.238989,0.284512,0.32716,0.365452,0.398435,0.42571,0.447377,0.463921,0.476067,0.484645,0.490474,0.494287,0.496688,0.498143,0.498991,0.499462,0.499707,0.499809,0.499809
0.499836,0.499836,0.499747,0.499535,0.499124,0.498384,0.497108,0.494996,0.491627,0.486454,0.478805,0.467917,0.453,0.433338,0.408412,0.37803,0.342443,0.302405,0.259169,0.214389,0.169953,0.127764,0.0895039,0.0564403,0.029296,0.00821408,-0.00718874,-0.0176955,-0.02432,-0.0281269,-0.0300675,-0.0308498,-0.0308498,-0.0300675,-0.0281269,-0.02432,-0.0176955,-0.00718874,0.00821408,0.029296,0.0564403,0.0895039,0.127764,0.169953,0.214389,0.259169,0.302405,0.342443,0.37803,0.408412,0.433338,0.453,0.467917,0.478805,0.486454,0.491627,0.494996,0.497108,0.498384,0.499124,0.499535,0.499747,0.499836,0.499836
0.499862,0.499862,0.499787,0.499607,0.499258,0.498626,0.497534,0.495717,0.492805,0.488312,0.481631,0.472065,0.458875,0.441366,0.418995,0.391491,0.358962,0.321966,0.281517,0.239028,0.196168,0.154682,0.116182,0.0819676,0.0528888,0.029296,0.0110643,-0.00231297,-0.0115851,-0.0175875,-0.0210928,-0.0226878,-0.0226878,-0.0210928,-0.0175875,-0.0115851,-0.00231297,0.0110643,0.029296,0.0528888,0.0819676,0.116182,0.154682,0.196168,0.239028,0.281517,0.321966,0.358962,0.391491,0.418995,0.441366,0.458875,0.472065,0.481631,0.488312,0.492805,0.495717,0.497534,0.498626,0.499258,0.499607,0.499787,0.499862,0.499862
0.499888,0.499888,0.499826,0.499677,0.499387,0.498861,0.497947,0.496419,0.493959,0.490141,0.48443,0.4762,0.464772,0.449486,0.429792,0.405355,0.376156,0.342568,0.305375,0.26574,0.225098,0.185012,0.146991,0.112328,0.0819676,0.0564403,0.035861,0.0199928,0.00835423,0.000349507,-0.00460178,-0.00695359,-0.00695359,-0.00460178,0.000349507,0.00835423,0.0199928,0.035861,0.0564403,0.0819676,0.112328,0.146991,0.185012,0.225098,0.26574,0.305375,0.342568,0.376156,0.405355,0.429792,0.449486,0.464772,0.4762,0.48443,0.490141,0.493959,0.496419,0.497947,0.498861,0.499387,0.499677,0.499826,0.499888,0.499888
0.49991,0.49991,0.499861,0.499741,0.499506,0.499078,0.498331,0.497077,0.495045,0.491873,0.487099,0.480171,0.470479,0.45741,0.440423,0.419142,0.393444,0.363538,0.329992,0.293728,0.255941,0.217993,0.18126,0.146991,0.116182,0.0895039,0.067278,0.0495139,0.0359849,0.0263308,0.0201652,0.0171709,0.0171709,0.0201652,0.0263308,0.0359849,0.0495139,0.067278,0.0895039,0.116182,0.146991,0.18126,0.217993,0.255941,0.293728,0.329992,0.363538,0.393444,0.419142,0.440423,0.45741,0.470479,0.480171,0.487099,0.491873,0.495045,0.497077,0.498331,0.499078,0.499506,0.499741,0.499861,0.49991,0.49991
0.499931,0.499931,0.499891,0.499797,0.499612,0.499273,0.498677,0.497671,0.496033,0.493459,0.489558,0.483856,0.475818,0.464887,0.450548,0.432407,0.410266,0.384194,0.354572,0.322096,0.287729,0.252621,0.217993,0.185012,0.154682,0.127764,0.104743,0.085836,0.0710431,0.0602205,0.0531651,0.0496916,0.0496916,0.0531651,0.0602205,0.0710431,0.085836,0.104743,0.127764,0.154682,0.185012,0.217993,0.252621,0.287729,0.322096,0.354572,0.384194,0.410266,0.432407,0.450548,0.464887,0.475818,0.483856,0.489558,0.493459,0.496033,0.497671,0.498677,0.499273,0.499612,0.499797,0.499891,0.499931,0.499931
0.499948,0.499948,0.499918,0.499845,0.499703,0.49944,0.498977,0.498191,0.496901,0.494862,0.491749,0.487165,0.480651,0.471715,0.459885,0.444768,0.426116,0.403897,0.378333,0.34992,0.319404,0.287729,0.255941,0.225098,0.196168,0.169953,0.147048,0.127831,0.112485,0.101053,0.0934911,0.0897334,0.0897334,0.0934911,0.101053,0.112485,0.127831,0.147048,0.169953,0.196168,0.225098,0.255941,0.287729,0.319404,0.34992,0.378333,0.403897,0.426116,0.444768,0.459885,0.471715,0.480651,0.487165,0.491749,0.494862,0.496901,0.498191,0.498977,0.49944,0.499703,0.499845,0.499918,0.499948,0.499948
0.499961,0.499961,0.499939,0.499885,0.499778,0.49958,0.499229,0.498629,0.497639,0.496063,0.493639,0.490043,0.484889,0.477757,0.468227,0.455926,0.440587,0.422102,0.400572,0.376327,0.34992,0.322096,0.293728,0.26574,0.239028,0.214389,0.192473,0.173765,0.158585,0.147118,0.139451,0.135614,0.135614,0.139451,0.147118,0.158585,0.173765,0.192473,0.214389,0.239028,0.26574,0.293728,0.322096,0.34992,0.376327,0.400572,0.422102,0.440587,0.455926,0.468227,0.477757,0.484889,0.490043,0.493639,0.496063,0.497639,0.498629,0.499229,0.49958,0.499778,0.499885,0.499939,0.499961,0.499961
0.499972,0.499972,0.499956,0.499917,0.499839,0.499694,0.499434,0.498988,0.498247,0.497059,0.495219,0.492466,0.48849,0.482938,0.47545,0.465687,0.453385,0.438393,0.420723,0.400572,0.378333,0.354572,0.329992,0.305375,0.281517,0.259169,0.238989,0.221514,0.207148,0.196176,0.188777,0.185055,0.185055,0.188777,0.196176,0.207148,0.221514,0.238989,0.259169,0.281517,0.305375,0.329992,0.354572,0.378333,0.400572,0.420723,0.438393,0.453385,0.465687,0.47545,0.482938,0.48849,0.492466,0.495219,0.497059,0.498247,0.498988,0.499434,0.499694,0.499839,0.499917,0.499956,0.499972,0.499972
0.499981,0.499981,0.499969,0.499942,0.499886,0.499782,0.499595,0.499272,0.498732,0.497859,0.496498,0.494445,0.491455,0.487243,0.481509,0.47396,0.464349,0.452508,0.438393,0.422102,0.403897,0.384194,0.363538,0.342568,0.321966,0.302405,0.284512,0.268829,0.255796,0.245751,0.238931,0.235485,0.235485,0.238931,0.245751,0.255796,0.268829,0.284512,0.302405,0.321966,0.342568,0.363538,0.384194,0.403897,0.422102,0.438393,0.452508,0.464349,0.47396,0.481509,0.487243,0.491455,0.494445,0.496498,0.497859,0.498732,0.499272,0.499595,0.499782,0.499886,0.499942,0.499969,0.499981,0.499981
0.499987,0.499987,0.499979,0.49996,0.499922,0.499849,0.499718,0.499491,0.499107,0.498483,0.497502,0.496011,0.493821,0.49071,0.486435,0.480754,0.473446,0.464349,0.453385,0.440587,0.426116,0.410266,0.393444,0.376156,0.358962,0.342443,0.32716,0.313624,0.302272,0.293456,0.287437,0.284385,0.284385,0.287437,0.293456,0.302272,0.313624,0.32716,0.342443,0.358962,0.376156,0.393444,0.410266,0.426116,0.440587,0.453385,0.464349,0.473446,0.480754,0.486435,0.49071,0.493821,0.496011,0.497502,0.498483,0.499107,0.499491,0.499718,0.499849,0.499922,0.49996,0.499979,0.499987,0.499987
0.499991,0.499991,0.499986,0.499973,0.499948,0.499898,0.499809,0.499653,0.499388,0.498954,0.498266,0.497212,0.495652,0.493415,0.490315,0.486156,0.480754,0.47396,0.465687,0.455926,0.444768,0.432407,0.419142,0.405355,0.391491,0.37803,0.365452,0.354211,0.344708,0.337281,0.332185,0.329594,0.329594,0.332185,0.337281,0.344708,0.354211,0.365452,0.37803,0.391491,0.405355,0.419142,0.432407,0.444768,0.455926,0.465687,0.47396,0.480754,0.486156,0.490315,0.493415,0.495652,0.497212,0.498266,0.498954,0.499388,0.499653,0.499809,0.499898,0.499948,0.499973,0.499986,0.499991,0.499991
0.499995,0.499995,0.499991,0.499983,0.499966,0.499934,0.499874,0.49977,0.499592,0.499298,0.498829,0.498105,0.497023,0.49546,0.493275,0.490315,0.486435,0.481509,0.47545,0.468227,0.459885,0.450548,0.440423,0.429792,0.418995,0.408412,0.398435,0.389447,0.381797,0.375784,0.371641,0.369529,0.369529,0.371641,0.375784,0.381797,0.389447,0.398435,0.408412,0.418995,0.429792,0.440423,0.450548,0.459885,0.468227,0.47545,0.481509,0.486435,0.490315,0.493275,0.49546,0.497023,0.498105,0.498829,0.499298,0.499592,0.49977,0.499874,0.499934,0.499966,0.499983,0.499991,0.499995,0.499995
0.499997,0.499997,0.499994,0.499989,0.499978,0.499958,0.49992,0.499852,0.499736,0.499542,0.499231,0.498747,0.498019,0.496958,0.49546,0.493415,0.49071,0.487243,0.482938,0.477757,0.471715,0.464887,0.45741,0.449486,0.441366,0.433338,0.42571,0.418789,0.412863,0.408181,0.404944,0.40329,0.40329,0.404944,0.408181,0.412863,0.418789,0.42571,0.433338,0.441366,0.449486,0.45741,0.464887,0.471715,0.477757,0.482938,0.487243,0.49071,0.493415,0.49546,0.496958,0.498019,0.498747,0.499231,0.499542,0.499736,0.499852,0.49992,0.499958,0.499978,0.499989,0.499994,0.499997,0.499997
0.499998,0.499998,0.499997,0.499993,0.499987,0.499974,0.49995,0.499907,0.499833,0.49971,0.499509,0.499195,0.498719,0.498019,0.497023,0.495652,0.493821,0.491455,0.48849,0.484889,0.480651,0.475818,0.470479,0.464772,0.458875,0.453,0.447377,0.442244,0.437824,0.434317,0.431884,0.430639,0.430639,0.431884,0.434317,0.437824,0.442244,0.447377,0.453,0.458875,0.464772,0.470479,0.475818,0.480651,0.484889,0.48849,0.491455,0.493821,0.495652,0.497023,0.498019,0.498719,0.499195,0.499509,0.49971,0.499833,0.499907,0.49995,0.499974,0.499987,0.499993,0.499997,0.499998,0.499998
0.499999,0.499999,0.499998,0.499996,0.499992,0.499984,0.49997,0.499944,0.499898,0.499821,0.499696,0.499498,0.499195,0.498747,0.498105,0.497212,0.496011,0.494445,0.492466,0.490043,0.487165,0.483856,0.480171,0.4762,0.472065,0.467917,0.463921,0.460252,0.457077,0.454548,0.452789,0.451887,0.451887,0.452789,0.454548,0.457077,0.460252,0.463921,0.467917,0.472065,0.4762,0.480171,0.483856,0.487165,0.490043,0.492466,0.494445,0.496011,0.497212,0.498105,0.498747,0.499195,0.499498,0.499696,0.499821,0.499898,0.499944,0.49997,0.499984,0.499992,0.499996,0.499998,0.499999,0.499999
0.499999,0.499999,0.499999,0.499998,0.499995,0.499991,0.499982,0.499967,0.499939,0.499893,0.499817,0.499696,0.499509,0.499231,0.498829,0.498266,0.497502,0.496498,0.495219,0.493639,0.491749,0.489558,0.487099,0.48443,0.481631,0.478805,0.476067,0.473539,0.471343,0.469587,0.468363,0.467734,0.467734,0.468363,0.469587,0.471343,0.473539,0.476067,0.478805,0.481631,0.48443,0.487099,0.489558,0.491749,0.493639,0.495219,0.496498,0.497502,0.498266,0.498829,0.499231,0.499509,0.499696,0.499817,0.499893,0.499939,0.499967,0.499982,0.499991,0.499995,0.499998,0.499999,0.499999,0.499999
0.5,0.5,0.499999,0.499999,0.499997,0.499995,0.49999,0.499981,0.499965,0.499938,0.499893,0.499821,0.49971,0.499542,0.499298,0.498954,0.498483,0.497859,0.497059,0.496063,0.494862,0.493459,0.491873,0.490141,0.488312,0.486454,0.484645,0.482966,0.481502,0.480328,0.479507,0.479085,0.479085,0.479507,0.480328,0.481502,0.482966,0.484645,0.486454,0.488312,0.490141,0.491873,0.493459,0.494862,0.496063,0.497059,0.497859,0.498483,0.498954,0.499298,0.499542,0.49971,0.499821,0.499893,0.499938,0.499965,0.499981,0.49999,0.499995,0.499997,0.499999,0.499999,0.5,0.5
0.5,0.5,0.5,0.499999,0.499999,0.499997,0.499994,0.499989,0.49998,0.499965,0.499939,0.499898,0.499833,0.499736,0.499592,0.499388,0.499107,0.498732,0.498247,0.497639,0.496901,0.496033,0.495045,0.493959,0.492805,0.491627,0.490474,0.4894,0.488459,0.487702,0.487172,0.486899,0.486899,0.487172,0.487702,0.488459,0.4894,0.490474,0.491627,0.492805,0.493959,0.495045,0.496033,0.496901,0.497639,0.498247,0.498732,0.499107,0.499388,0.499592,0.499736,0.499833,0.499898,0.499939,0.499965,0.49998,0.499989,0.499994,0.499997,0.499999,0.499999,0.5,0.5,0.5
0.5,0.5,0.5,0.5,0.499999,0.499998,0.499997,0.499994,0.499989,0.499981,0.499967,0.499944,0.499907,0.499852,0.49977,0.499653,0.499491,0.499272,0.498988,0.498629,0.498191,0.497671,0.497077,0.496419,0.495717,0.494996,0.494287,0.493624,0.493041,0.492571,0.492241,0.492071,0.492071,0.492241,0.492571,0.493041,0.493624,0.494287,0.494996,0.495717,0.496419,0.497077,0.497671,0.498191,0.498629,0.498988,0.499272,0.499491,0.499653,0.49977,0.499852,0.499907,0.499944,0.499967,0.499981,0.499989,0.499994,0.499997,0.499998,0.499999,0.5,0.5,0.5,0.5
0.5,0.5,0.5,0.5,0.5,0.499999,0.499998,0.499997,0.499994,0.49999,0.499982,0.49997,0.49995,0.49992,0.499874,0.499809,0.499718,0.499595,0.499434,0.499229,0.498977,0.498677,0.498331,0.497947,0.497534,0.497108,0.496688,0.496293,0.495945,0.495664,0.495466,0.495364,0.495364,0.495466,0.495664,0.495945,0.496293,0.496688,0.497108,0.497534,0.497947,0.498331,0.498677,0.498977,0.499229,0.499434,0.499595,0.499718,0.499809,0.499874,0.49992,0.49995,0.49997,0.499982,0.49999,0.499994,0.499997,0.499998,0.499999,0.5,0.5,0.5,0.5,0.5
0.5,0.5,0.5,0.5,0.5,0.5,0.499999,0.499998,0.499997,0.499995,0.499991,0.499984,0.499974,0.499958,0.499934,0.499898,0.499849,0.499782,0.499694,0.49958,0.49944,0.499273,0.499078,0.498861,0.498626,0.498384,0.498143,0.497916,0.497715,0.497553,0.497438,0.497379,0.497379,0.497438,0.497553,0.497715,0.497916,0.498143,0.498384,0.498626,0.498861,0.499078,0.499273,0.49944,0.49958,0.499694,0.499782,0.499849,0.499898,0.499934,0.499958,0.499974,0.499984,0.499991,0.499995,0.499997,0.499998,0.499999,0.5,0.5,0.5,0.5,0.5,0.5
0.5,0.5,0.5,0.5,0.5,0.5,0.5,0.499999,0.499999,0.499997,0.499995,0.499992,0.499987,0.499978,0.499966,0.499948,0.499922,0.499886,0.499839,0.499778,0.499703,0.499612,0.499506,0.499387,0.499258,0.499124,0.498991,0.498864,0.498753,0.498662,0.498598,0.498565,0.498565,0.498598,0.498662,0.498753,0.498864,0.498991,0.499124,0.499258,0.499387,0.499506,0.499612,0.499703,0.499778,0.499839,0.499886,0.499922,0.499948,0.499966,0.499978,0.499987,0.499992,0.499995,0.499997,0.499999,0.499999,0.5,0.5,0.5,0.5,0.5,0.5,0.5
0.5,0.5,0.5,0.5,0.5,0.5,0.5,0.5,0.499999,0.499999,0.499998,0.499996,0.499993,0.499989,0.499983,0.499973,0.49996,0.499942,0.499917,0.499885,0.499845,0.499797,0.499741,0.499677,0.499607,0.499535,0.499462,0.499394,0.499333,0.499283,0.499248,0.49923,0.49923,0.499248,0.499283,0.499333,0.499394,0.499462,0.499535,0.499607,0.499677,0.499741,0.499797,0.499845,0.499885,0.499917,0.499942,0.49996,0.499973,0.499983,0.499989,0.499993,0.499996,0.499998,0.499999,0.499999,0.5,0.5,0.5,0.5,0.5,0.5,0.5,0.5
0.5,0.5,0.5,0.5,0.5,0.5,0.5,0.5,0.5,0.499999,0.499999,0.499998,0.499997,0.499994,0.499991,0.499986,0.499979,0.499969,0.499956,0.499939,0.499918,0.499891,0.499861,0.499826,0.499787,0.499747,0.499707,0.499668,0.499634,0.499606,0.499587,0.499576,0.499576,0.499587,0.499606,0.499634,0.499668,0.499707,0.499747,0.499787,0.499826,0.499861,0.499891,0.499918,0.499939,0.499956,0.499969,0.499979,0.499986,0.499991,0.499994,0.499997,0.499998,0.499999,0.499999,0.5,0.5,0.5,0.5,0.5,0.5,0.5,0.5,0.5
0.5,0.5,0.5,0.5,0.5,0.5,0.5,0.5,0.5,0.5,0.499999,0.499999,0.499998,0.499997,0.499995,0.499991,0.499987,0.499981,0.499972,0.499961,0.499948,0.499931,0.49991,0.499888,0.499862,0.499836,0.499809,0.499784,0.499761,0.499743,0.499729,0.499723,0.499723,0.499729,0.499743,0.499761,0.499784,0.499809,0.499836,0.499862,0.499888,0.49991,0.499931,0.499948,0.499961,0.499972,0.499981,0.499987,0.499991,0.499995,0.499997,0.499998,0.499999,0.499999,0.5,0.5,0.5,0.5,0.5,0.5,0.5,0.5,0.5,0.5
0.5,0.5,0.5,0.5,0.5,0.5,0.5,0.5,0.5,0.5,0.499999,0.499999,0.499998,0.499997,0.499995,0.499991,0.499987,0.499981,0.499972,0.499961,0.499948,0.499931,0.49991,0.499888,0.499862,0.499836,0.499809,0.499784,0.499761,0.499743,0.499729,0.499723,0.499723,0.499729,0.499743,0.499761,0.499784,0.499809,0.499836,0.499862,0.499888,0.49991,0.499931,0.499948,0.499961,0.499972,0.499981,0.499987,0.499991,0.499995,0.499997,0.499998,0.499999,0.499999,0.5,0.5,0.5,0.5,0.5,0.5,0.5,0.5,0.5,0.5
