0.5,0.5,0.5,0.5,0.5,0.5,0.5,0.5,0.5,0.499999,0.499999,0.499998,0.499997,0.499995,0.499992,0.499987,0.49998,0.499971,0.499959,0.499943,0.499923,0.499899,0.499871,0.499838,0.499803,0.499766,0.499729,0.499694,0.499663,0.499637,0.499619,0.49961,0.49961,0.499619,0.499637,0.499663,0.499694,0.499729,0.499766,0.499803,0.499838,0.499871,0.499899,0.499923,0.499943,0.499959,0.499971,0.49998,0.499987,0.499992,0.499995,0.499997,0.499998,0.499999,0.499999,0.5,0.5,0.5,0.5,0.5,0.5,0.5,0.5,0.5
0.5,0.5,0.5,0.5,0.5,0.5,0.5,0.5,0.5,0.499999,0.499999,0.499998,0.499997,0.499995,0.499992,0.499987,0.49998,0.499971,0.499959,0.499943,0.499923,0.499899,0.499871,0.499838,0.499803,0.499766,0.499729,0.499694,0.499663,0.499637,0.499619,0.49961,0.49961,0.499619,0.499637,0.499663,0.499694,0.499729,0.499766,0.499803,0.499838,0.499871,0.499899,0.499923,0.499943,0.499959,0.499971,0.49998,0.499987,0.499992,0.499995,0.499997,0.499998,0.499999,0.499999,0.5,0.5,0.5,0.5,0.5,0.5,0.5,0.5,0.5
0.5,0.5,0.5,0.5,0.5,0.5,0.5,0.5,0.499999,0.499999,0.499998,0.499997,0.499995,0.499992,0.499987,0.499979,0.499969,0.499955,0.499936,0.499912,0.499882,0.499845,0.499802,0.499754,0.499701,0.499646,0.499591,0.499539,0.499493,0.499455,0.499429,0.499415,0.499415,0.499429,0.499455,0.499493,0.499539,0.499591,0.499646,0.499701,0.499754,0.499802,0.499845,0.499882,0.499912,0.499936,0.499955,0.499969,0.499979,0.499987,0.499992,0.499995,0.499997,0.499998,0.499999,0.499999,0.5,0.5,0.5,0.5,0.5,0.5,0.5,0.5
0.5,0.5,0.5,0.5,0.5,0.5,0.5,0.499999,0.499999,0.499998,0.499996,0.499994,0.49999,0.499984,0.499975,0.499961,0.499942,0.499916,0.499881,0.499837,0.499782,0.499716,0.499639,0.499553,0.499459,0.499362,0.499266,0.499174,0.499094,0.499028,0.498982,0.498958,0.498958,0.498982,0.499028,0.499094,0.499174,0.499266,0.499362,0.499459,0.499553,0.499639,0.499716,0.499782,0.499837,0.499881,0.499916,0.499942,0.499961,0.499975,0.499984,0.49999,0.499994,0.499996,0.499998,0.499999,0.499999,0.5,0.5,0.5,0.5,0.5,0.5,0.5
0.5,0.5,0.5,0.5,0.5,0.5,0.499999,0.499999,0.499998,0.499996,0.499993,0.499988,0.49998,0.499968,0.49995,0.499924,0.499888,0.499839,0.499774,0.499691,0.499589,0.499466,0.499325,0.499167,0.498997,0.498821,0.498646,0.498482,0.498337,0.498219,0.498137,0.498094,0.498094,0.498137,0.498219,0.498337,0.498482,0.498646,0.498821,0.498997,0.499167,0.499325,0.499466,0.499589,0.499691,0.499774,0.499839,0.499888,0.499924,0.49995,0.499968,0.49998,0.499988,0.499993,0.499996,0.499998,0.499999,0.499999,0.5,0.5,0.5,0.5,0.5,0.5
0.5,0.5,0.5,0.5,0.5,0.499999,0.499999,0.499998,0.499996,0.499992,0.499986,0.499977,0.499962,0.499939,0.499905,0.499856,0.499788,0.499696,0.499576,0.499424,0.499238,0.499016,0.498761,0.498478,0.498174,0.497861,0.497553,0.497263,0.497008,0.496802,0.496657,0.496582,0.496582,0.496657,0.496802,0.497008,0.497263,0.497553,0.497861,0.498174,0.498478,0.498761,0.499016,0.499238,0.499424,0.499576,0.499696,0.499788,0.499856,0.499905,0.499939,0.499962,0.499977,0.499986,0.499992,0.499996,0.499998,0.499999,0.499999,0.5,0.5,0.5,0.5,0.5
0.5,0.5,0.5,0.5,0.499999,0.499999,0.499998,0.499995,0.499992,0.499985,0.499974,0.499956,0.499928,0.499885,0.499822,0.499733,0.49961,0.499444,0.49923,0.498959,0.498629,0.49824,0.497794,0.497302,0.496777,0.496238,0.495709,0.495214,0.49478,0.49443,0.494184,0.494057,0.494057,0.494184,0.49443,0.49478,0.495214,0.495709,0.496238,0.496777,0.497302,0.497794,0.49824,0.498629,0.498959,0.49923,0.499444,0.49961,0.499733,0.499822,0.499885,0.499928,0.499956,0.499974,0.499985,0.499992,0.499995,0.499998,0.499999,0.499999,0.5,0.5,0.5,0.5
0.5,0.5,0.5,0.499999,0.499999,0.499998,0.499995,0.499991,0.499984,0.499972,0.499951,0.499919,0.499868,0.499791,0.49968,0.499521,0.499304,0.499016,0.498643,0.498177,0.497613,0.496951,0.496198,0.495371,0.494494,0.493599,0.492723,0.491908,0.491194,0.49062,0.490217,0.49001,0.49001,0.490217,0.49062,0.491194,0.491908,0.492723,0.493599,0.494494,0.495371,0.496198,0.496951,0.497613,0.498177,0.498643,0.499016,0.499304,0.499521,0.49968,0.499791,0.499868,0.499919,0.499951,0.499972,0.499984,0.499991,0.499995,0.499998,0.499999,0.499999,0.5,0.5,0.5
0.5,0.5,0.499999,0.499999,0.499998,0.499996,0.499992,0.499984,0.499971,0.499949,0.499913,0.499855,0.499766,0.499633,0.49944,0.499168,0.498798,0.49831,0.497685,0.496909,0.495975,0.494887,0.493658,0.492317,0.490903,0.489466,0.488068,0.486772,0.485641,0.484734,0.4841,0.483773,0.483773,0.4841,0.484734,0.485641,0.486772,0.488068,0.489466,0.490903,0.492317,0.493658,0.494887,0.495975,0.496909,0.497685,0.49831,0.498798,0.499168,0.49944,0.499633,0.499766,0.499855,0.499913,0.499949,0.499971,0.499984,0.499992,0.499996,0.499998,0.499999,0.499999,0.5,0.5
0.499999,0.499999,0.499999,0.499998,0.499996,0.499992,0.499985,0.499972,0.499949,0.499911,0.499848,0.499749,0.499598,0.499373,0.499049,0.498598,0.497988,0.497189,0.496174,0.494923,0.493429,0.491701,0.489763,0.487661,0.485459,0.483236,0.481083,0.479096,0.477369,0.475988,0.475025,0.474531,0.474531,0.475025,0.475988,0.477369,0.479096,0.481083,0.483236,0.485459,0.487661,0.489763,0.491701,0.493429,0.494923,0.496174,0.497189,0.497988,0.498598,0.499049,0.499373,0.499598,0.499749,0.499848,0.499911,0.499949,0.499972,0.499985,0.499992,0.499996,0.499998,0.499999,0.499999,0.499999
0.499999,0.499999,0.499998,0.499996,0.499993,0.499986,0.499974,0.499951,0.499913,0.499848,0.499744,0.499579,0.499329,0.498961,0.498436,0.497709,0.496734,0.495468,0.493871,0.49192,0.489609,0.486955,0.484002,0.480822,0.477513,0.474194,0.470997,0.46806,0.465519,0.463495,0.462086,0.461364,0.461364,0.462086,0.463495,0.465519,0.46806,0.470997,0.474194,0.477513,0.480822,0.484002,0.486955,0.489609,0.49192,0.493871,0.495468,0.496734,0.497709,0.498436,0.498961,0.499329,0.499579,0.499744,0.499848,0.499913,0.499951,0.499974,0.499986,0.499993,0.499996,0.499998,0.499999,0.499999
0.499998,0.499998,0.499997,0.499994,0.499988,0.499977,0.499956,0.499919,0.499855,0.499749,0.499579,0.499314,0.498914,0.498329,0.497502,0.496367,0.494858,0.492913,0.490482,0.487537,0.484078,0.480138,0.475789,0.471143,0.466343,0.461561,0.456983,0.452802,0.449201,0.446343,0.444359,0.443344,0.443344,0.444359,0.446343,0.449201,0.452802,0.456983,0.461561,0.466343,0.471143,0.475789,0.480138,0.484078,0.487537,0.490482,0.492913,0.494858,0.496367,0.497502,0.498329,0.498914,0.499314,0.499579,0.499749,0.499855,0.499919,0.499956,0.499977,0.499988,0.499994,0.499997,0.499998,0.499998
0.499997,0.499997,0.499995,0.49999,0.49998,0.499962,0.499928,0.499868,0.499766,0.499598,0.499329,0.498914,0.498293,0.497392,0.496128,0.494408,0.492143,0.489248,0.485664,0.48136,0.476348,0.470692,0.464502,0.457945,0.451224,0.444578,0.43826,0.432524,0.427609,0.423723,0.421036,0.419662,0.419662,0.421036,0.423723,0.427609,0.432524,0.43826,0.444578,0.451224,0.457945,0.464502,0.470692,0.476348,0.48136,0.485664,0.489248,0.492143,0.494408,0.496128,0.497392,0.498293,0.498914,0.499329,0.499598,0.499766,0.499868,0.499928,0.499962,0.49998,0.49999,0.499995,0.499997,0.499997
0.499995,0.499995,0.499992,0.499984,0.499968,0.499939,0.499885,0.499791,0.499633,0.499373,0.498961,0.498329,0.497392,0.496045,0.49417,0.491643,0.488343,0.484167,0.479044,0.472951,0.465924,0.458067,0.449551,0.44061,0.431527,0.422617,0.414211,0.406631,0.400173,0.395091,0.391588,0.389801,0.389801,0.391588,0.395091,0.400173,0.406631,0.414211,0.422617,0.431527,0.44061,0.449551,0.458067,0.465924,0.472951,0.479044,0.484167,0.488343,0.491643,0.49417,0.496045,0.497392,0.498329,0.498961,0.499373,0.499633,0.499791,0.499885,0.499939,0.499968,0.499984,0.499992,0.499995,0.499995
0.499992,0.499992,0.499987,0.499975,0.49995,0.499905,0.499822,0.49968,0.49944,0.499049,0.498436,0.497502,0.496128,0.49417,0.49147,0.487864,0.4832,0.477354,0.470255,0.461896,0.452354,0.441793,0.430463,0.418683,0.406831,0.395311,0.384533,0.374886,0.366721,0.360331,0.355942,0.353709,0.353709,0.355942,0.360331,0.366721,0.374886,0.384533,0.395311,0.406831,0.418683,0.430463,0.441793,0.452354,0.461896,0.470255,0.477354,0.4832,0.487864,0.49147,0.49417,0.496128,0.497502,0.498436,0.499049,0.49944,0.49968,0.499822,0.499905,0.49995,0.499975,0.499987,0.499992,0.499992
0.499987,0.499987,0.499979,0.499961,0.499924,0.499856,0.499733,0.499521,0.499168,0.498598,0.497709,0.496367,0.494408,0.491643,0.487864,0.482866,0.476463,0.468521,0.458975,0.447856,0.435301,0.421558,0.406974,0.391977,0.377046,0.362679,0.349364,0.337548,0.32762,0.319896,0.314616,0.311936,0.311936,0.314616,0.319896,0.32762,0.337548,0.349364,0.362679,0.377046,0.391977,0.406974,0.421558,0.435301,0.447856,0.458975,0.468521,0.476463,0.482866,0.487864,0.491643,0.494408,0.496367,0.497709,0.498598,0.499168,0.499521,0.499733,0.499856,0.499924,0.499961,0.499979,0.499987,0.499987
0.49998,0.49998,0.499969,0.499942,0.499888,0.499788,0.49961,0.499304,0.498798,0.497988,0.496734,0.494858,0.492143,0.488343,0.4832,0.476463,0.467923,0.45744,0.444979,0.430628,0.414613,0.397288,0.379122,0.360663,0.3425,0.32522,0.309375,0.29545,0.28385,0.274889,0.268794,0.265711,0.265711,0.268794,0.274889,0.28385,0.29545,0.309375,0.32522,0.3425,0.360663,0.379122,0.397288,0.414613,0.430628,0.444979,0.45744,0.467923,0.476463,0.4832,0.488343,0.492143,0.494858,0.496734,0.497988,0.498798,0.499304,0.49961,0.499788,0.499888,0.499942,0.499969,0.49998,0.49998
0.499971,0.499971,0.499955,0.499916,0.499839,0.499696,0.499444,0.499016,0.49831,0.497189,0.495468,0.492913,0.489248,0.484167,0.477354,0.468521,0.45744,0.443989,0.428184,0.410199,0.390376,0.369205,0.347294,0.325322,0.303983,0.283942,0.265787,0.250012,0.237,0.227032,0.220294,0.216899,0.216899,0.220294,0.227032,0.237,0.250012,0.265787,0.283942,0.303983,0.325322,0.347294,0.369205,0.390376,0.410199,0.428184,0.443989,0.45744,0.468521,0.477354,0.484167,0.489248,0.492913,0.495468,0.497189,0.49831,0.499016,0.499444,0.499696,0.499839,0.499916,0.499955,0.499971,0.499971
0.499959,0.499959,0.499936,0.499881,0.499774,0.499576,0.49923,0.498643,0.497685,0.496174,0.493871,0.490482,0.485664,0.479044,0.470255,0.458975,0.444979,0.428184,0.408685,0.386779,0.362952,0.337854,0.312248,0.286943,0.262727,0.240313,0.220296,0.203131,0.189141,0.178529,0.171411,0.167841,0.167841,0.171411,0.178529,0.189141,0.203131,0.220296,0.240313,0.262727,0.286943,0.312248,0.337854,0.362952,0.386779,0.408685,0.428184,0.444979,0.458975,0.470255,0.479044,0.485664,0.490482,0.493871,0.496174,0.497685,0.498643,0.49923,0.499576,0.499774,0.499881,0.499936,0.499959,0.499959
0.499943,0.499943,0.499912,0.499837,0.499691,0.499424,0.498959,0.498177,0.496909,0.494923,0.49192,0.487537,0.48136,0.472951,0.461896,0.447856,0.430628,0.410199,0.386779,0.360816,0.332974,0.304083,0.275064,0.24685,0.220298,0.196133,0.174908,0.156996,0.142607,0.131827,0.124665,0.121095,0.121095,0.124665,0.131827,0.142607,0.156996,0.174908,0.196133,0.220298,0.24685,0.275064,0.304083,0.332974,0.360816,0.386779,0.410199,0.430628,0.447856,0.461896,0.472951,0.48136,0.487537,0.49192,0.494923,0.496909,0.498177,0.498959,0.499424,0.499691,0.499837,0.499912,0.499943,0.499943
0.499923,0.499923,0.499882,0.499782,0.499589,0.499238,0.498629,0.497613,0.495975,0.493429,0.489609,0.484078,0.476348,0.465924,0.452354,0.435301,0.414613,0.390376,0.362952,0.332974,0.301307,0.268973,0.237051,0.206574,0.178435,0.153326,0.131709,0.113818,0.0997063,0.0893022,0.0824756,0.0791001,0.0791001,0.0824756,0.0893022,0.0997063,0.113818,0.131709,0.153326,0.178435,0.206574,0.237051,0.268973,0.301307,0.332974,0.362952,0.390376,0.414613,0.435301,0.452354,0.465924,0.476348,0.484078,0.489609,0.493429,0.495975,0.497613,0.498629,0.499238,0.499589,0.499782,0.499882,0.499923,0.499923
0.499899,0.499899,0.499845,0.499716,0.499466,0.499016,0.49824,0.496951,0.494887,0.491701,0.486955,0.480138,0.470692,0.458067,0.441793,0.421558,0.397288,0.369205,0.337854,0.304083,0.268973,0.233742,0.199611,0.167684,0.13885,0.113718,0.092601,0.075552,0.0624227,0.0529495,0.046841,0.0438548,0.0438548,0.046841,0.0529495,0.0624227,0.075552,0.092601,0.113718,0.13885,0.167684,0.199611,0.233742,0.268973,0.304083,0.337854,0.369205,0.397288,0.421558,0.441793,0.458067,0.470692,0.480138,0.486955,0.491701,0.494887,0.496951,0.49824,0.499016,0.499466,0.499716,0.499845,0.499899,0.499899
0.499871,0.499871,0.499802,0.499639,0.499325,0.498761,0.497794,0.496198,0.493658,0.489763,0.484002,0.475789,0.464502,0.449551,0.430463,0.406974,0.379122,0.347294,0.312248,0.275064,0.237051,0.199611,0.164083,0.131611,0.103026,0.0788051,0.0590708,0.0436481,0.0321573,0.0241215,0.0190745,0.0166507,0.0166507,0.0190745,0.0241215,0.0321573,0.0436481,0.0590708,0.0788051,0.103026,0.131611,0.164083,0.199611,0.237051,0.275064,0.312248,0.347294,0.379122,0.406974,0.430463,0.449551,0.464502,0.475789,0.484002,0.489763,0.493658,0.496198,0.497794,0.498761,0.499325,0.499639,0.499802,0.499871,0.499871
0.499838,0.499838,0.499754,0.499553,0.499167,0.498478,0.497302,0.495371,0.492317,0.487661,0.480822,0.471143,0.457945,0.44061,0.418683,0.391977,0.360663,0.325322,0.286943,0.24685,0.206574,0.167684,0.131611,0.0994873,0.0720494,0.0495954,0.0320172,0.0188858,0.00957177,0.00337712,-0.000340987,-0.00206946,-0.00206946,-0.000340987,0.00337712,0.00957177,0.0188858,0.0320172,0.0495954,0.0720494,0.0994873,0.131611,0.167684,0.206574,0.24685,0.286943,0.325322,0.360663,0.391977,0.418683,0.44061,0.457945,0.471143,0.480822,0.487661,0.492317,0.495371,0.497302,0.498478,0.499167,0.499553,0.499754,0.499838,0.499838
0.499803,0.499803,0.499701,0.499459,0.498997,0.498174,0.496777,0.494494,0.490903,0.485459,0.477513,0.466343,0.451224,0.431527,0.406831,0.377046,0.3425,0.303983,0.262727,0.220298,0.178435,0.13885,0.103026,0.0720494,0.046517,0.0265158,0.0116829,0.00132231,-0.00544716,-0.00953873,-0.0117616,-0.0127146,-0.0127146,-0.0117616,-0.00953873,-0.00544716,0.00132231,0.0116829,0.0265158,0.046517,0.0720494,0.103026,0.13885,0.178435,0.220298,0.262727,0.303983,0.3425,0.377046,0.406831,0.431527,0.451224,0.466343,0.477513,0.485459,0.490903,0.494494,0.496777,0.498174,0.498997,0.499459,0.499701,0.499803,0.499803
0.499766,0.499766,0.499646,0.499362,0.498821,0.497861,0.496238,0.493599,0.489466,0.483236,0.474194,0.461561,0.444578,0.422617,0.395311,0.362679,0.32522,0.283942,0.240313,0.196133,0.153326,0.113718,0.0788051,0.0495954,0.0265158,0.00942196,-0.0023124,-0.00964729,-0.0137027,-0.0155888,-0.0162619,-0.0164165,-0.0164165,-0.0162619,-0.0155888,-0.0137027,-0.00964729,-0.0023124,0.00942196,0.0265158,0.0495954,0.0788051,0.113718,0.153326,0.196133,0.240313,0.283942,0.32522,0.362679,0.395311,0.422617,0.444578,0.461561,0.474194,0.483236,0.489466,0.493599,0.496238,0.497861,0.498821,0.499362,0.499646,0.499766,0.499766
0.499729,0.499729,0.499591,0.499266,0.498646,0.497553,0.495709,0.492723,0.488068,0.481083,0.470997,0.456983,0.43826,0.414211,0.384533,0.349364,0.309375,0.265787,0.220296,0.174908,0.131709,0.092601,0.0590708,0.0320172,0.0116829,-0.0023124,-0.0108509,-0.0151388,-0.0165103,-0.016245,-0.0154208,-0.0148085,-0.0148085,-0.0154208,-0.016245,-0.0165103,-0.0151388,-0.0108509,-0.0023124,0.0116829,0.0320172,0.0590708,0.092601,0.131709,0.174908,0.220296,0.265787,0.309375,0.349364,0.384533,0.414211,0.43826,0.456983,0.470997,0.481083,0.488068,0.492723,0.495709,0.497553,0.498646,0.499266,0.499591,0.499729,0.499729
0.499694,0.499694,0.499539,0.499174,0.498482,0.497263,0.495214,0.491908,0.486772,0.479096,0.46806,0.452802,0.432524,0.406631,0.374886,0.337548,0.29545,0.250012,0.203131,0.156996,0.113818,0.075552,0.0436481,0.0188858,0.00132231,-0.00964729,-0.0151388,-0.0165751,-0.0154716,-0.0132451,-0.0110673,-0.00976543,-0.00976543,-0.0110673,-0.0132451,-0.0154716,-0.0165751,-0.0151388,-0.00964729,0.00132231,0.0188858,0.0436481,0.075552,0.113818,0.156996,0.203131,0.250012,0.29545,0.337548,0.374886,0.406631,0.432524,0.452802,0.46806,0.479096,0.486772,0.491908,0.495214,0.497263,0.498482,0.499174,0.499539,0.499694,0.499694
0.499663,0.499663,0.499493,0.499094,0.498337,0.497008,0.49478,0.491194,0.485641,0.477369,0.465519,0.449201,0.427609,0.400173,0.366721,0.32762,0.28385,0.237,0.189141,0.142607,0.0997063,0.0624227,0.0321573,0.00957177,-0.00544716,-0.0137027,-0.0165103,-0.0154716,-0.0122458,-0.00835408,-0.00503539,-0.00315481,-0.00315481,-0.00503539,-0.00835408,-0.0122458,-0.0154716,-0.0165103,-0.0137027,-0.00544716,0.00957177,0.0321573,0.0624227,0.0997063,0.142607,0.189141,0.237,0.28385,0.32762,0.366721,0.400173,0.427609,0.449201,0.465519,0.477369,0.485641,0.491194,0.49478,0.497008,0.498337,0.499094,0.499493,0.499663,0.499663
0.499637,0.499637,0.499455,0.499028,0.498219,0.496802,0.49443,0.49062,0.484734,0.475988,0.463495,0.446343,0.423723,0.395091,0.360331,0.319896,0.274889,0.227032,0.178529,0.131827,0.0893022,0.0529495,0.0241215,0.00337712,-0.00953873,-0.0155888,-0.016245,-0.0132451,-0.00835408,-0.00316626,0.00103505,0.00336161,0.00336161,0.00103505,-0.00316626,-0.00835408,-0.0132451,-0.016245,-0.0155888,-0.00953873,0.00337712,0.0241215,0.0529495,0.0893022,0.131827,0.178529,0.227032,0.274889,0.319896,0.360331,0.395091,0.423723,0.446343,0.463495,0.475988,0.484734,0.49062,0.49443,0.496802,0.498219,0.499028,0.499455,0.499637,0.499637
0.499619,0.499619,0.499429,0.498982,0.498137,0.496657,0.494184,0.490217,0.4841,0.475025,0.462086,0.444359,0.421036,0.391588,0.355942,0.314616,0.268794,0.220294,0.171411,0.124665,0.0824756,0.046841,0.0190745,-0.000340987,-0.0117616,-0.0162619,-0.0154208,-0.0110673,-0.00503539,0.00103505,0.0058346,0.00846252,0.00846252,0.0058346,0.00103505,-0.00503539,-0.0110673,-0.0154208,-0.0162619,-0.0117616,-0.000340987,0.0190745,0.046841,0.0824756,0.124665,0.171411,0.220294,0.268794,0.314616,0.355942,0.391588,0.421036,0.444359,0.462086,0.475025,0.4841,0.490217,0.494184,0.496657,0.498137,0.498982,0.499429,0.499619,0.499619
0.49961,0.49961,0.499415,0.498958,0.498094,0.496582,0.494057,0.49001,0.483773,0.474531,0.461364,0.443344,0.419662,0.389801,0.353709,0.311936,0.265711,0.216899,0.167841,0.121095,0.0791001,0.0438548,0.0166507,-0.00206946,-0.0127146,-0.0164165,-0.0148085,-0.00976543,-0.00315481,0.00336161,0.00846252,0.011242,0.011242,0.00846252,0.00336161,-0.00315481,-0.00976543,-0.0148085,-0.0164165,-0.0127146,-0.00206946,0.0166507,0.0438548,0.0791001,0.121095,0.167841,0.216899,0.265711,0.311936,0.353709,0.389801,0.419662,0.443344,0.461364,0.474531,0.483773,0.49001,0.494057,0.496582,0.498094,0.498958,0.499415,0.49961,0.49961
0.49961,0.49961,0.499415,0.498958,0.498094,0.496582,0.494057,0.49001,0.483773,0.474531,0.461364,0.443344,0.419662,0.389801,0.353709,0.311936,0.265711,0.216899,0.167841,0.121095,0.0791001,0.0438548,0.0166507,-0.00206946,-0.0127146,-0.0164165,-0.0148085,-0.00976543,-0.00315481,0.00336161,0.00846252,0.011242,0.011242,0.00846252,0.00336161,-0.00315481,-0.00976543,-0.0148085,-0.0164165,-0.0127146,-0.00206946,0.0166507,0.0438548,0.0791001,0.121095,0.167841,0.216899,0.265711,0.311936,0.353709,0.389801,0.419662,0.443344,0.461364,0.474531,0.483773,0.49001,0.494057,0.496582,0.498094,0.498958,0.499415,0.49961,0.49961
0.499619,0.499619,0.499429,0.498982,0.498137,0.496657,0.494184,0.490217,0.4841,0.475025,0.462086,0.444359,0.421036,0.391588,0.355942,0.314616,0.268794,0.220294,0.171411,0.124665,0.0824756,0.046841,0.0190745,-0.000340987,-0.0117616,-0.0162619,-0.0154208,-0.0110673,-0.00503539,0.00103505,0.0058346,0.00846252,0.00846252,0.0058346,0.00103505,-0.00503539,-0.0110673,-0.0154208,-0.0162619,-0.0117616,-0.000340987,0.0190745,0.046841,0.0824756,0.124665,0.171411,0.220294,0.268794,0.314616,0.355942,0.391588,0.421036,0.444359,0.462086,0.475025,0.4841,0.490217,0.494184,0.496657,0.498137,0.498982,0.499429,0.499619,0.499619
0.499637,0.499637,0.499455,0.499028,0.498219,0.496802,0.49443,0.49062,0.484734,0.475988,0.463495,0.446343,0.423723,0.395091,0.360331,0.319896,0.274889,0.227032,0.178529,0.131827,0.0893022,0.0529495,0.0241215,0.00337712,-0.00953873,-0.0155888,-0.016245,-0.0132451,-0.00835408,-0.00316626,0.00103505,0.00336161,0.00336161,0.00103505,-0.00316626,-0.00835408,-0.0132451,-0.016245,-0.0155888,-0.00953873,0.00337712,0.0241215,0.0529495,0.0893022,0.131827,0.178529,0.227032,0.274889,0.319896,0.360331,0.395091,0.423723,0.446343,0.463495,0.475988,0.484734,0.49062,0.49443,0.496802,0.498219,0.499028,0.499455,0.499637,0.499637
0.499663,0.499663,0.499493,0.499094,0.498337,0.497008,0.49478,0.491194,0.485641,0.477369,0.465519,0.449201,0.427609,0.400173,0.366721,0.32762,0.28385,0.237,0.189141,0.142607,0.0997063,0.0624227,0.0321573,0.00957177,-0.00544716,-0.0137027,-0.0165103,-0.0154716,-0.0122458,-0.00835408,-0.00503539,-0.00315481,-0.00315481,-0.00503539,-0.00835408,-0.0122458,-0.0154716,-0.0165103,-0.0137027,-0.00544716,0.00957177,0.0321573,0.0624227,0.0997063,0.142607,0.189141,0.237,0.28385,0.32762,0.366721,0.400173,0.427609,0.449201,0.465519,0.477369,0.485641,0.491194,0.49478,0.497008,0.498337,0.499094,0.499493,0.499663,0.499663
0.499694,0.499694,0.499539,0.499174,0.498482,0.497263,0.495214,0.491908,0.486772,0.479096,0.46806,0.452802,0.432524,0.406631,0.374886,0.337548,0.29545,0.250012,0.203131,0.156996,0.113818,0.075552,0.0436481,0.0188858,0.00132231,-0.00964729,-0.0151388,-0.0165751,-0.0154716,-0.0132451,-0.0110673,-0.00976543,-0.00976543,-0.0110673,-0.0132451,-0.0154716,-0.0165751,-0.0151388,-0.00964729,0.00132231,0.0188858,0.0436481,0.075552,0.113818,0.156996,0.203131,0.250012,0.29545,0.337548,0.374886,0.406631,0.432524,0.452802,0.46806,0.479096,0.486772,0.491908,0.495214,0.497263,0.498482,0.499174,0.499539,0.499694,0.499694
0.499729,0.499729,0.499591,0.499266,0.498646,0.497553,0.495709,0.492723,0.488068,0.481083,0.470997,0.456983,0.43826,0.414211,0.384533,0.349364,0.309375,0.265787,0.220296,0.174908,0.131709,0.092601,0.0590708,0.0320172,0.0116829,-0.0023124,-0.0108509,-0.0151388,-0.0165103,-0.016245,-0.0154208,-0.0148085,-0.0148085,-0.0154208,-0.016245,-0.0165103,-0.0151388,-0.0108509,-0.0023124,0.0116829,0.0320172,0.0590708,0.092601,0.131709,0.174908,0.220296,0.265787,0.309375,0.349364,0.384533,0.414211,0.43826,0.456983,0.470997,0.481083,0.488068,0.492723,0.495709,0.497553,0.498646,0.499266,0.499591,0.499729,0.499729
0.499766,0.499766,0.499646,0.499362,0.498821,0.497861,0.496238,0.493599,0.489466,0.483236,0.474194,0.461561,0.444578,0.422617,0.395311,0.362679,0.32522,0.283942,0.240313,0.196133,0.153326,0.113718,0.0788051,0.0495954,0.0265158,0.00942196,-0.0023124,-0.00964729,-0.0137027,-0.0155888,-0.0162619,-0.0164165,-0.0164165,-0.0162619,-0.0155888,-0.0137027,-0.00964729,-0.0023124,0.00942196,0.0265158,0.0495954,0.0788051,0.113718,0.153326,0.196133,0.240313,0.283942,0.32522,0.362679,0.395311,0.422617,0.444578,0.461561,0.474194,0.483236,0.489466,0.493599,0.496238,0.497861,0.498821,0.499362,0.499646,0.499766,0.499766
0.499803,0.499803,0.499701,0.499459,0.498997,0.498174,0.496777,0.494494,0.490903,0.485459,0.477513,0.466343,0.451224,0.431527,0.406831,0.377046,0.3425,0.303983,0.262727,0.220298,0.178435,0.13885,0.103026,0.0720494,0.046517,0.0265158,0.0116829,0.00132231,-0.00544716,-0.00953873,-0.0117616,-0.0127146,-0.0127146,-0.0117616,-0.00953873,-0.00544716,0.00132231,0.0116829,0.0265158,0.046517,0.0720494,0.103026,0.13885,0.178435,0.220298,0.262727,0.303983,0.3425,0.377046,0.406831,0.431527,0.451224,0.466343,0.477513,0.485459,0.490903,0.494494,0.496777,0.498174,0.498997,0.499459,0.499701,0.499803,0.499803
0.499838,0.499838,0.499754,0.499553,0.499167,0.498478,0.497302,0.495371,0.492317,0.487661,0.480822,0.471143,0.457945,0.44061,0.418683,0.391977,0.360663,0.325322,0.286943,0.24685,0.206574,0.167684,0.131611,0.0994873,0.0720494,0.0495954,0.0320172,0.0188858,0.00957177,0.00337712,-0.000340987,-0.00206946,-0.00206946,-0.000340987,0.00337712,0.00957177,0.0188858,0.0320172,0.0495954,0.0720494,0.0994873,0.131611,0.167684,0.206574,0.24685,0.286943,0.325322,0.360663,0.391977,0.418683,0.44061,0.457945,0.471143,0.480822,0.487661,0.492317,0.495371,0.497302,0.498478,0.499167,0.499553,0.499754,0.499838,0.499838
0.499871,0.499871,0.499802,0.499639,0.499325,0.498761,0.497794,0.496198,0.493658,0.489763,0.484002,0.475789,0.464502,0.449551,0.430463,0.406974,0.379122,0.347294,0.312248,0.275064,0.237051,0.199611,0.164083,0.131611,0.103026,0.0788051,0.0590708,0.0436481,0.0321573,0.0241215,0.0190745,0.0166507,0.0166507,0.0190745,0.0241215,0.0321573,0.0436481,0.0590708,0.0788051,0.103026,0.131611,0.164083,0.199611,0.237051,0.275064,0.312248,0.347294,0.379122,0.406974,0.430463,0.449551,0.464502,0.475789,0.484002,0.489763,0.493658,0.496198,0.497794,0.498761,0.499325,0.499639,0.499802,0.499871,0.499871
0.499899,0.499899,0.499845,0.499716,0.499466,0.499016,0.49824,0.496951,0.494887,0.491701,0.486955,0.480138,0.470692,0.458067,0.441793,0.421558,0.397288,0.369205,0.337854,0.304083,0.268973,0.233742,0.199611,0.167684,0.13885,0.113718,0.092601,0.075552,0.0624227,0.0529495,0.046841,0.0438548,0.0438548,0.046841,0.0529495,0.0624227,0.075552,0.092601,0.113718,0.13885,0.167684,0.199611,0.233742,0.268973,0.304083,0.337854,0.369205,0.397288,0.421558,0.441793,0.458067,0.470692,0.480138,0.486955,0.491701,0.494887,0.496951,0.49824,0.499016,0.499466,0.499716,0.499845,0.499899,0.499899
0.499923,0.499923,0.499882,0.499782,0.499589,0.499238,0.498629,0.497613,0.495975,0.493429,0.489609,0.484078,0.476348,0.465924,0.452354,0.435301,0.414613,0.390376,0.362952,0.332974,0.301307,0.268973,0.237051,0.206574,0.178435,0.153326,0.131709,0.113818,0.0997063,0.0893022,0.0824756,0.0791001,0.0791001,0.0824756,0.0893022,0.0997063,0.113818,0.131709,0.153326,0.178435,0.206574,0.237051,0.268973,0.301307,0.332974,0.362952,0.390376,0.414613,0.435301,0.452354,0.465924,0.476348,0.484078,0.489609,0.493429,0.495975,0.497613,0.498629,0.499238,0.499589,0.499782,0.499882,0.499923,0.499923
0.499943,0.499943,0.499912,0.499837,0.499691,0.499424,0.498959,0.498177,0.496909,0.494923,0.49192,0.487537,0.48136,0.472951,0.461896,0.447856,0.430628,0.410199,0.386779,0.360816,0.332974,0.304083,0.275064,0.24685,0.220298,0.196133,0.174908,0.156996,0.142607,0.131827,0.124665,0.121095,0.121095,0.124665,0.131827,0.142607,0.156996,0.174908,0.196133,0.220298,0.24685,0.275064,0.304083,0.332974,0.360816,0.386779,0.410199,0.430628,0.447856,0.461896,0.472951,0.48136,0.487537,0.49192,0.494923,0.496909,0.498177,0.498959,0.499424,0.499691,0.499837,0.499912,0.499943,0.499943
0.499959,0.499959,0.499936,0.499881,0.499774,0.499576,0.49923,0.498643,0.497685,0.496174,0.493871,0.490482,0.485664,0.479044,0.470255,0.458975,0.444979,0.428184,0.408685,0.386779,0.362952,0.337854,0.312248,0.286943,0.262727,0.240313,0.220296,0.203131,0.189141,0.178529,0.171411,0.167841,0.167841,0.171411,0.178529,0.189141,0.203131,0.220296,0.240313,0.262727,0.286943,0.312248,0.337854,0.362952,0.386779,0.408685,0.428184,0.444979,0.458975,0.470255,0.479044,0.485664,0.490482,0.493871,0.496174,0.497685,0.498643,0.49923,0.499576,0.499774,0.499881,0.499936,0.499959,0.499959
0.499971,0.499971,0.499955,0.499916,0.499839,0.499696,0.499444,0.499016,0.49831,0.497189,0.495468,0.492913,0.489248,0.484167,0.477354,0.468521,0.45744,0.443989,0.428184,0.410199,0.390376,0.369205,0.347294,0.325322,0.303983,0.283942,0.265787,0.250012,0.237,0.227032,0.220294,0.216899,0.216899,0.220294,0.227032,0.237,0.250012,0.265787,0.283942,0.303983,0.325322,0.347294,0.369205,0.390376,0.410199,0.428184,0.443989,0.45744,0.468521,0.477354,0.484167,0.489248,0.492913,0.495468,0.497189,0.49831,0.499016,0.499444,0.499696,0.499839,0.499916,0.499955,0.499971,0.499971
0.49998,0.49998,0.499969,0.499942,0.499888,0.499788,0.49961,0.499304,0.498798,0.497988,0.496734,0.494858,0.492143,0.488343,0.4832,0.476463,0.467923,0.45744,0.444979,0.430628,0.414613,0.397288,0.379122,0.360663,0.3425,0.32522,0.309375,0.29545,0.28385,0.274889,0.268794,0.265711,0.265711,0.268794,0.274889,0.28385,0.29545,0.309375,0.32522,0.3425,0.360663,0.379122,0.397288,0.414613,0.430628,0.444979,0.45744,0.467923,0.476463,0.4832,0.488343,0.492143,0.494858,0.496734,0.497988,0.498798,0.499304,0.49961,0.499788,0.499888,0.499942,0.499969,0.49998,0.49998
0.499987,0.499987,0.499979,0.499961,0.499924,0.499856,0.499733,0.499521,0.499168,0.498598,0.497709,0.496367,0.494408,0.491643,0.487864,0.482866,0.476463,0.468521,0.458975,0.447856,0.435301,0.421558,0.406974,0.391977,0.377046,0.362679,0.349364,0.337548,0.32762,0.319896,0.314616,0.311936,0.311936,0.314616,0.319896,0.32762,0.337548,0.349364,0.362679,0.377046,0.391977,0.406974,0.421558,0.435301,0.447856,0.458975,0.468521,0.476463,0.482866,0.487864,0.491643,0.494408,0.496367,0.497709,0.498598,0.499168,0.499521,0.499733,0.499856,0.499924,0.499961,0.499979,0.499987,0.499987
0.499992,0.499992,0.499987,0.499975,0.49995,0.499905,0.499822,0.49968,0.49944,0.499049,0.498436,0.497502,0.496128,0.49417,0.49147,0.487864,0.4832,0.477354,0.470255,0.461896,0.452354,0.441793,0.430463,0.418683,0.406831,0.395311,0.384533,0.374886,0.366721,0.360331,0.355942,0.353709,0.353709,0.355942,0.360331,0.366721,0.374886,0.384533,0.395311,0.406831,0.418683,0.430463,0.441793,0.452354,0.461896,0.470255,0.477354,0.4832,0.487864,0.49147,0.49417,0.496128,0.497502,0.498436,0.499049,0.49944,0.49968,0.499822,0.499905,0.49995,0.499975,0.499987,0.499992,0.499992
0.499995,0.499995,0.499992,0.499984,0.499968,0.499939,0.499885,0.499791,0.499633,0.499373,0.498961,0.498329,0.497392,0.496045,0.49417,0.491643,0.488343,0.484167,0.479044,0.472951,0.465924,0.458067,0.449551,0.44061,0.431527,0.422617,0.414211,0.406631,0.400173,0.395091,0.391588,0.389801,0.389801,0.391588,0.395091,0.400173,0.406631,0.414211,0.422617,0.431527,0.44061,0.449551,0.458067,0.465924,0.472951,0.479044,0.484167,0.488343,0.491643,0.49417,0.496045,0.497392,0.498329,0.498961,0.499373,0.499633,0.499791,0.499885,0.499939,0.499968,0.499984,0.499992,0.499995,0.499995
0.499997,0.499997,0.499995,0.49999,0.49998,0.499962,0.499928,0.499868,0.499766,0.499598,0.499329,0.498914,0.498293,0.497392,0.496128,0.494408,0.492143,0.489248,0.485664,0.48136,0.476348,0.470692,0.464502,0.457945,0.451224,0.444578,0.43826,0.432524,0.427609,0.423723,0.421036,0.419662,0.419662,0.421036,0.423723,0.427609,0.432524,0.43826,0.444578,0.451224,0.457945,0.464502,0.470692,0.476348,0.48136,0.485664,0.489248,0.492143,0.494408,0.496128,0.497392,0.498293,0.498914,0.499329,0.499598,0.499766,0.499868,0.499928,0.499962,0.49998,0.49999,0.499995,0.499997,0.499997
0.499998,0.499998,0.499997,0.499994,0.499988,0.499977,0.499956,0.499919,0.499855,0.499749,0.499579,0.499314,0.498914,0.498329,0.497502,0.496367,0.494858,0.492913,0.490482,0.487537,0.484078,0.480138,0.475789,0.471143,0.466343,0.461561,0.456983,0.452802,0.449201,0.446343,0.444359,0.443344,0.443344,0.444359,0.446343,0.449201,0.452802,0.456983,0.461561,0.466343,0.471143,0.475789,0.480138,0.484078,0.487537,0.490482,0.492913,0.494858,0.496367,0.497502,0.498329,0.498914,0.499314,0.499579,0.499749,0.499855,0.499919,0.499956,0.499977,0.499988,0.499994,0.499997,0.499998,0.499998
0.499999,0.499999,0.499998,0.499996,0.499993,0.499986,0.499974,0.499951,0.499913,0.499848,0.499744,0.499579,0.499329,0.498961,0.498436,0.497709,0.496734,0.495468,0.493871,0.49192,0.489609,0.486955,0.484002,0.480822,0.477513,0.474194,0.470997,0.46806,0.465519,0.463495,0.462086,0.461364,0.461364,0.462086,0.463495,0.465519,0.46806,0.470997,0.474194,0.477513,0.480822,0.484002,0.486955,0.489609,0.49192,0.493871,0.495468,0.496734,0.497709,0.498436,0.498961,0.499329,0.499579,0.499744,0.499848,0.499913,0.499951,0.499974,0.499986,0.499993,0.499996,0.499998,0.499999,0.499999
0.499999,0.499999,0.499999,0.499998,0.499996,0.499992,0.499985,0.499972,0.499949,0.499911,0.499848,0.499749,0.499598,0.499373,0.499049,0.498598,0.497988,0.497189,0.496174,0.494923,0.493429,0.491701,0.489763,0.487661,0.485459,0.483236,0.481083,0.479096,0.477369,0.475988,0.475025,0.474531,0.474531,0.475025,0.475988,0.477369,0.479096,0.481083,0.483236,0.485459,0.487661,0.489763,0.491701,0.493429,0.494923,0.496174,0.497189,0.497988,0.498598,0.499049,0.499373,0.499598,0.499749,0.499848,0.499911,0.499949,0.499972,0.499985,0.499992,0.499996,0.499998,0.499999,0.499999,0.499999
0.5,0.5,0.499999,0.499999,0.499998,0.499996,0.499992,0.499984,0.499971,0.499949,0.499913,0.499855,0.499766,0.499633,0.49944,0.499168,0.498798,0.49831,0.497685,0.496909,0.495975,0.494887,0.493658,0.492317,0.490903,0.489466,0.488068,0.486772,0.485641,0.484734,0.4841,0.483773,0.483773,0.4841,0.484734,0.485641,0.486772,0.488068,0.489466,0.490903,0.492317,0.493658,0.494887,0.495975,0.496909,0.497685,0.49831,0.498798,0.499168,0.49944,0.499633,0.499766,0.499855,0.499913,0.499949,0.499971,0.499984,0.499992,0.499996,0.499998,0.499999,0.499999,0.5,0.5
0.5,0.5,0.5,0.499999,0.499999,0.499998,0.499995,0.499991,0.499984,0.499972,0.499951,0.499919,0.499868,0.499791,0.49968,0.499521,0.499304,0.499016,0.498643,0.498177,0.497613,0.496951,0.496198,0.495371,0.494494,0.493599,0.492723,0.491908,0.491194,0.49062,0.490217,0.49001,0.49001,0.490217,0.49062,0.491194,0.491908,0.492723,0.493599,0.494494,0.495371,0.496198,0.496951,0.497613,0.498177,0.498643,0.499016,0.499304,0.499521,0.49968,0.499791,0.499868,0.499919,0.499951,0.499972,0.499984,0.499991,0.499995,0.499998,0.499999,0.499999,0.5,0.5,0.5
0.5,0.5,0.5,0.5,0.499999,0.499999,0.499998,0.499995,0.499992,0.499985,0.499974,0.499956,0.499928,0.499885,0.499822,0.499733,0.49961,0.499444,0.49923,0.498959,0.498629,0.49824,0.497794,0.497302,0.496777,0.496238,0.495709,0.495214,0.49478,0.49443,0.494184,0.494057,0.494057,0.494184,0.49443,0.49478,0.495214,0.495709,0.496238,0.496777,0.497302,0.497794,0.49824,0.498629,0.498959,0.49923,0.499444,0.49961,0.499733,0.499822,0.499885,0.499928,0.499956,0.499974,0.499985,0.499992,0.499995,0.499998,0.499999,0.499999,0.5,0.5,0.5,0.5
0.5,0.5,0.5,0.5,0.5,0.499999,0.499999,0.499998,0.499996,0.499992,0.499986,0.499977,0.499962,0.499939,0.499905,0.499856,0.499788,0.499696,0.499576,0.499424,0.499238,0.499016,0.498761,0.498478,0.498174,0.497861,0.497553,0.497263,0.497008,0.496802,0.496657,0.496582,0.496582,0.496657,0.496802,0.497008,0.497263,0.497553,0.497861,0.498174,0.498478,0.498761,0.499016,0.499238,0.499424,0.499576,0.499696,0.499788,0.499856,0.499905,0.499939,0.499962,0.499977,0.499986,0.499992,0.499996,0.499998,0.499999,0.499999,0.5,0.5,0.5,0.5,0.5
0.5,0.5,0.5,0.5,0.5,0.5,0.499999,0.499999,0.499998,0.499996,0.499993,0.499988,0.49998,0.499968,0.49995,0.499924,0.499888,0.499839,0.499774,0.499691,0.499589,0.499466,0.499325,0.499167,0.498997,0.498821,0.498646,0.498482,0.498337,0.498219,0.498137,0.498094,0.498094,0.498137,0.498219,0.498337,0.498482,0.498646,0.498821,0.498997,0.499167,0.499325,0.499466,0.499589,0.499691,0.499774,0.499839,0.499888,0.499924,0.49995,0.499968,0.49998,0.499988,0.499993,0.499996,0.499998,0.499999,0.499999,0.5,0.5,0.5,0.5,0.5,0.5
0.5,0.5,0.5,0.5,0.5,0.5,0.5,0.499999,0.499999,0.499998,0.499996,0.499994,0.49999,0.499984,0.499975,0.499961,0.499942,0.499916,0.499881,0.499837,0.499782,0.499716,0.499639,0.499553,0.499459,0.499362,0.499266,0.499174,0.499094,0.499028,0.498982,0.498958,0.498958,0.498982,0.499028,0.499094,0.499174,0.499266,0.499362,0.499459,0.499553,0.499639,0.499716,0.499782,0.499837,0.499881,0.499916,0.499942,0.499961,0.499975,0.499984,0.49999,0.499994,0.499996,0.499998,0.499999,0.499999,0.5,0.5,0.5,0.5,0.5,0.5,0.5
0.5,0.5,0.5,0.5,0.5,0.5,0.5,0.5,0.499999,0.499999,0.499998,0.499997,0.499995,0.499992,0.499987,0.499979,0.499969,0.499955,0.499936,0.499912,0.499882,0.499845,0.499802,0.499754,0.499701,0.499646,0.499591,0.499539,0.499493,0.499455,0.499429,0.499415,0.499415,0.499429,0.499455,0.499493,0.499539,0.499591,0.499646,0.499701,0.499754,0.499802,0.499845,0.499882,0.499912,0.499936,0.499955,0.499969,0.499979,0.499987,0.499992,0.499995,0.499997,0.499998,0.499999,0.499999,0.5,0.5,0.5,0.5,0.5,0.5,0.5,0.5
0.5,0.5,0.5,0.5,0.5,0.5,0.5,0.5,0.5,0.499999,0.499999,0.499998,0.499997,0.499995,0.499992,0.499987,0.49998,0.499971,0.499959,0.499943,0.499923,0.499899,0.499871,0.499838,0.499803,0.499766,0.499729,0.499694,0.499663,0.499637,0.499619,0.49961,0.49961,0.499619,0.499637,0.499663,0.499694,0.499729,0.499766,0.499803,0.499838,0.499871,0.499899,0.499923,0.499943,0.499959,0.499971,0.49998,0.499987,0.499992,0.499995,0.499997,0.499998,0.499999,0.499999,0.5,0.5,0.5,0.5,0.5,0.5,0.5,0.5,0.5
0.5,0.5,0.5,0.5,0.5,0.5,0.5,0.5,0.5,0.499999,0.499999,0.499998,0.499997,0.499995,0.499992,0.499987,0.49998,0.499971,0.499959,0.499943,0.499923,0.499899,0.499871,0.499838,0.499803,0.499766,0.499729,0.499694,0.499663,0.499637,0.499619,0.49961,0.49961,0.499619,0.499637,0.499663,0.499694,0.499729,0.499766,0.499803,0.499838,0.499871,0.499899,0.499923,0.499943,0.499959,0.499971,0.49998,0.499987,0.499992,0.499995,0.499997,0.499998,0.499999,0.499999,0.5,0.5,0.5,0.5,0.5,0.5,0.5,0.5,0.5
