0.5,0.5,0.5,0.5,0.5,0.5,0.5,0.5,0.5,0.5,0.5,0.5,0.5,0.5,0.5,0.5,0.5,0.499999,0.499999,0.499998,0.499998,0.499997,0.499996,0.499994,0.499993,0.499991,0.499989,0.499987,0.499986,0.499985,0.499984,0.499983,0.499983,0.499984,0.499985,0.499986,0.499987,0.499989,0.499991,0.499993,0.499994,0.499996,0.499997,0.499998,0.499998,0.499999,0.499999,0.5,0.5,0.5,0.5,0.5,0.5,0.5,0.5,0.5,0.5,0.5,0.5,0.5,0.5,0.5,0.5,0.5
0.5,0.5,0.5,0.5,0.5,0.5,0.5,0.5,0.5,0.5,0.5,0.5,0.5,0.5,0.5,0.5,0.5,0.499999,0.499999,0.499998,0.499998,0.499997,0.499996,0.499994,0.499993,0.499991,0.499989,0.499987,0.499986,0.499985,0.499984,0.499983,0.499983,0.499984,0.499985,0.499986,0.499987,0.499989,0.499991,0.499993,0.499994,0.499996,0.499997,0.499998,0.499998,0.499999,0.499999,0.5,0.5,0.5,0.5,0.5,0.5,0.5,0.5,0.5,0.5,0.5,0.5,0.5,0.5,0.5,0.5,0.5
0.5,0.5,0.5,0.5,0.5,0.5,0.5,0.5,0.5,0.5,0.5,0.5,0.5,0.5,0.5,0.499999,0.499999,0.499999,0.499998,0.499997,0.499996,0.499994,0.499992,0.49999,0.499987,0.499984,0.499981,0.499978,0.499975,0.499973,0.499971,0.49997,0.49997,0.499971,0.499973,0.499975,0.499978,0.499981,0.499984,0.499987,0.49999,0.499992,0.499994,0.499996,0.499997,0.499998,0.499999,0.499999,0.499999,0.5,0.5,0.5,0.5,0.5,0.5,0.5,0.5,0.5,0.5,0.5,0.5,0.5,0.5,0.5
0.5,0.5,0.5,0.5,0.5,0.5,0.5,0.5,0.5,0.5,0.5,0.5,0.5,0.5,0.499999,0.499999,0.499998,0.499997,0.499996,0.499993,0.499991,0.499987,0.499983,0.499978,0.499972,0.499966,0.499959,0.499953,0.499947,0.499943,0.499939,0.499937,0.499937,0.499939,0.499943,0.499947,0.499953,0.499959,0.499966,0.499972,0.499978,0.499983,0.499987,0.499991,0.499993,0.499996,0.499997,0.499998,0.499999,0.499999,0.5,0.5,0.5,0.5,0.5,0.5,0.5,0.5,0.5,0.5,0.5,0.5,0.5,0.5
0.5,0.5,0.5,0.5,0.5,0.5,0.5,0.5,0.5,0.5,0.5,0.5,0.499999,0.499999,0.499998,0.499997,0.499996,0.499993,0.49999,0.499986,0.49998,0.499972,0.499963,0.499952,0.499939,0.499926,0.499912,0.499899,0.499887,0.499877,0.499869,0.499866,0.499866,0.499869,0.499877,0.499887,0.499899,0.499912,0.499926,0.499939,0.499952,0.499963,0.499972,0.49998,0.499986,0.49999,0.499993,0.499996,0.499997,0.499998,0.499999,0.499999,0.5,0.5,0.5,0.5,0.5,0.5,0.5,0.5,0.5,0.5,0.5,0.5
0.5,0.5,0.5,0.5,0.5,0.5,0.5,0.5,0.5,0.5,0.5,0.499999,0.499999,0.499998,0.499997,0.499994,0.499991,0.499986,0.499979,0.499969,0.499957,0.499941,0.499921,0.499898,0.499872,0.499844,0.499816,0.499788,0.499763,0.499742,0.499727,0.49972,0.49972,0.499727,0.499742,0.499763,0.499788,0.499816,0.499844,0.499872,0.499898,0.499921,0.499941,0.499957,0.499969,0.499979,0.499986,0.499991,0.499994,0.499997,0.499998,0.499999,0.499999,0.5,0.5,0.5,0.5,0.5,0.5,0.5,0.5,0.5,0.5,0.5
0.5,0.5,0.5,0.5,0.5,0.5,0.5,0.5,0.5,0.5,0.499999,0.499999,0.499997,0.499996,0.499993,0.499988,0.499981,0.499971,0.499956,0.499936,0.499911,0.499878,0.499838,0.499792,0.49974,0.499684,0.499626,0.499571,0.499521,0.499479,0.49945,0.499434,0.499434,0.49945,0.499479,0.499521,0.499571,0.499626,0.499684,0.49974,0.499792,0.499838,0.499878,0.499911,0.499936,0.499956,0.499971,0.499981,0.499988,0.499993,0.499996,0.499997,0.499999,0.499999,0.5,0.5,0.5,0.5,0.5,0.5,0.5,0.5,0.5,0.5
0.5,0.5,0.5,0.5,0.5,0.5,0.5,0.5,0.5,0.499999,0.499998,0.499997,0.499995,0.499991,0.499985,0.499975,0.499961,0.499941,0.499912,0.499873,0.499822,0.499758,0.49968,0.499589,0.499488,0.499379,0.499268,0.499161,0.499064,0.498985,0.498928,0.498898,0.498898,0.498928,0.498985,0.499064,0.499161,0.499268,0.499379,0.499488,0.499589,0.49968,0.499758,0.499822,0.499873,0.499912,0.499941,0.499961,0.499975,0.499985,0.499991,0.499995,0.499997,0.499998,0.499999,0.5,0.5,0.5,0.5,0.5,0.5,0.5,0.5,0.5
0.5,0.5,0.5,0.5,0.5,0.5,0.5,0.5,0.499999,0.499998,0.499997,0.499994,0.49999,0.499982,0.49997,0.499952,0.499924,0.499884,0.499829,0.499754,0.499656,0.499534,0.499387,0.499217,0.499026,0.498822,0.498615,0.498416,0.498236,0.498088,0.497983,0.497929,0.497929,0.497983,0.498088,0.498236,0.498416,0.498615,0.498822,0.499026,0.499217,0.499387,0.499534,0.499656,0.499754,0.499829,0.499884,0.499924,0.499952,0.49997,0.499982,0.49999,0.499994,0.499997,0.499998,0.499999,0.5,0.5,0.5,0.5,0.5,0.5,0.5,0.5
0.5,0.5,0.5,0.5,0.5,0.5,0.5,0.499999,0.499998,0.499997,0.499994,0.499989,0.49998,0.499966,0.499943,0.499908,0.499856,0.499781,0.499678,0.499539,0.49936,0.499136,0.498867,0.498556,0.498211,0.497843,0.49747,0.497111,0.496789,0.496525,0.496338,0.49624,0.49624,0.496338,0.496525,0.496789,0.497111,0.49747,0.497843,0.498211,0.498556,0.498867,0.499136,0.49936,0.499539,0.499678,0.499781,0.499856,0.499908,0.499943,0.499966,0.49998,0.499989,0.499994,0.499997,0.499998,0.499999,0.5,0.5,0.5,0.5,0.5,0.5,0.5
0.5,0.5,0.5,0.5,0.5,0.5,0.499999,0.499998,0.499997,0.499994,0.499989,0.499979,0.499963,0.499937,0.499895,0.499831,0.499736,0.499601,0.499415,0.499166,0.498847,0.49845,0.497975,0.497429,0.496824,0.496183,0.495534,0.494913,0.494357,0.493901,0.493578,0.49341,0.49341,0.493578,0.493901,0.494357,0.494913,0.495534,0.496183,0.496824,0.497429,0.497975,0.49845,0.498847,0.499166,0.499415,0.499601,0.499736,0.499831,0.499895,0.499937,0.499963,0.499979,0.499989,0.499994,0.499997,0.499998,0.499999,0.5,0.5,0.5,0.5,0.5,0.5
0.5,0.5,0.5,0.5,0.5,0.499999,0.499999,0.499997,0.499994,0.499989,0.499979,0.499962,0.499933,0.499886,0.499812,0.499699,0.499532,0.499296,0.498971,0.498541,0.497991,0.497311,0.496501,0.495574,0.494552,0.493473,0.492386,0.491348,0.49042,0.489663,0.489126,0.488848,0.488848,0.489126,0.489663,0.49042,0.491348,0.492386,0.493473,0.494552,0.495574,0.496501,0.497311,0.497991,0.498541,0.498971,0.499296,0.499532,0.499699,0.499812,0.499886,0.499933,0.499962,0.499979,0.499989,0.499994,0.499997,0.499999,0.499999,0.5,0.5,0.5,0.5,0.5
0.5,0.5,0.5,0.5,0.499999,0.499999,0.499997,0.499995,0.49999,0.49998,0.499963,0.499933,0.499883,0.499801,0.499673,0.49948,0.499197,0.498796,0.49825,0.49753,0.496613,0.495487,0.494154,0.492634,0.490966,0.489213,0.487454,0.485781,0.48429,0.483075,0.482216,0.481771,0.481771,0.482216,0.483075,0.48429,0.485781,0.487454,0.489213,0.490966,0.492634,0.494154,0.495487,0.496613,0.49753,0.49825,0.498796,0.499197,0.49948,0.499673,0.499801,0.499883,0.499933,0.499963,0.49998,0.49999,0.499995,0.499997,0.499999,0.499999,0.5,0.5,0.5,0.5
0.5,0.5,0.5,0.5,0.499999,0.499998,0.499996,0.499991,0.499982,0.499966,0.499937,0.499886,0.499801,0.499665,0.499452,0.499131,0.498664,0.498008,0.497119,0.495952,0.494476,0.492674,0.490551,0.488143,0.485516,0.482767,0.480021,0.477418,0.475106,0.473227,0.471901,0.471214,0.471214,0.471901,0.473227,0.475106,0.477418,0.480021,0.482767,0.485516,0.488143,0.490551,0.492674,0.494476,0.495952,0.497119,0.498008,0.498664,0.499131,0.499452,0.499665,0.499801,0.499886,0.499937,0.499966,0.499982,0.499991,0.499996,0.499998,0.499999,0.5,0.5,0.5,0.5
0.5,0.5,0.5,0.499999,0.499998,0.499997,0.499993,0.499985,0.49997,0.499943,0.499895,0.499812,0.499673,0.499452,0.499108,0.498593,0.497848,0.496808,0.495405,0.493578,0.491279,0.488489,0.485222,0.481537,0.477538,0.473376,0.469236,0.465329,0.461872,0.45907,0.457096,0.456076,0.456076,0.457096,0.45907,0.461872,0.465329,0.469236,0.473376,0.477538,0.481537,0.485222,0.488489,0.491279,0.493578,0.495405,0.496808,0.497848,0.498593,0.499108,0.499452,0.499673,0.499812,0.499895,0.499943,0.49997,0.499985,0.499993,0.499997,0.499998,0.499999,0.5,0.5,0.5
0.5,0.5,0.499999,0.499999,0.499997,0.499994,0.499988,0.499975,0.499952,0.499908,0.499831,0.499699,0.49948,0.499131,0.498593,0.497792,0.496641,0.495043,0.492902,0.49013,0.486665,0.482486,0.477624,0.472172,0.466292,0.460205,0.454182,0.448523,0.443535,0.439505,0.436672,0.43521,0.43521,0.436672,0.439505,0.443535,0.448523,0.454182,0.460205,0.466292,0.472172,0.477624,0.482486,0.486665,0.49013,0.492902,0.495043,0.496641,0.497792,0.498593,0.499131,0.49948,0.499699,0.499831,0.499908,0.499952,0.499975,0.499988,0.499994,0.499997,0.499999,0.499999,0.5,0.5
0.5,0.5,0.499999,0.499998,0.499996,0.499991,0.499981,0.499961,0.499924,0.499856,0.499736,0.499532,0.499197,0.498664,0.497848,0.496641,0.494917,0.492539,0.489371,0.485299,0.480243,0.474185,0.467184,0.459387,0.451029,0.442428,0.433965,0.426054,0.419111,0.41352,0.409601,0.407581,0.407581,0.409601,0.41352,0.419111,0.426054,0.433965,0.442428,0.451029,0.459387,0.467184,0.474185,0.480243,0.485299,0.489371,0.492539,0.494917,0.496641,0.497848,0.498664,0.499197,0.499532,0.499736,0.499856,0.499924,0.499961,0.499981,0.499991,0.499996,0.499998,0.499999,0.5,0.5
0.499999,0.499999,0.499999,0.499997,0.499993,0.499986,0.499971,0.499941,0.499884,0.499781,0.499601,0.499296,0.498796,0.498008,0.496808,0.495043,0.492539,0.489107,0.484566,0.478768,0.471621,0.463119,0.453362,0.44257,0.431082,0.419338,0.407852,0.397174,0.387847,0.380366,0.375136,0.372447,0.372447,0.375136,0.380366,0.387847,0.397174,0.407852,0.419338,0.431082,0.44257,0.453362,0.463119,0.471621,0.478768,0.484566,0.489107,0.492539,0.495043,0.496808,0.498008,0.498796,0.499296,0.499601,0.499781,0.499884,0.499941,0.499971,0.499986,0.499993,0.499997,0.499999,0.499999,0.499999
0.499999,0.499999,0.499998,0.499996,0.49999,0.499979,0.499956,0.499912,0.499829,0.499678,0.499415,0.498971,0.49825,0.497119,0.495405,0.492902,0.489371,0.484566,0.478254,0.470251,0.460457,0.448893,0.435723,0.421265,0.405988,0.390481,0.375416,0.361496,0.349403,0.339744,0.333015,0.329561,0.329561,0.333015,0.339744,0.349403,0.361496,0.375416,0.390481,0.405988,0.421265,0.435723,0.448893,0.460457,0.470251,0.478254,0.484566,0.489371,0.492902,0.495405,0.497119,0.49825,0.498971,0.499415,0.499678,0.499829,0.499912,0.499956,0.499979,0.49999,0.499996,0.499998,0.499999,0.499999
0.499998,0.499998,0.499997,0.499993,0.499986,0.499969,0.499936,0.499873,0.499754,0.499539,0.499166,0.498541,0.49753,0.495952,0.493578,0.49013,0.485299,0.478768,0.470251,0.459531,0.446512,0.431261,0.41403,0.395267,0.375597,0.355786,0.336681,0.319147,0.304005,0.291972,0.283619,0.279342,0.279342,0.283619,0.291972,0.304005,0.319147,0.336681,0.355786,0.375597,0.395267,0.41403,0.431261,0.446512,0.459531,0.470251,0.478768,0.485299,0.49013,0.493578,0.495952,0.49753,0.498541,0.499166,0.499539,0.499754,0.499873,0.499936,0.499969,0.499986,0.499993,0.499997,0.499998,0.499998
0.499998,0.499998,0.499996,0.499991,0.49998,0.499957,0.499911,0.499822,0.499656,0.49936,0.498847,0.497991,0.496613,0.494476,0.491279,0.486665,0.480243,0.471621,0.460457,0.446512,0.429712,0.410191,0.388321,0.36471,0.34017,0.315662,0.292219,0.270867,0.252551,0.238077,0.228072,0.222962,0.222962,0.228072,0.238077,0.252551,0.270867,0.292219,0.315662,0.34017,0.36471,0.388321,0.410191,0.429712,0.446512,0.460457,0.471621,0.480243,0.486665,0.491279,0.494476,0.496613,0.497991,0.498847,0.49936,0.499656,0.499822,0.499911,0.499957,0.49998,0.499991,0.499996,0.499998,0.499998
0.499997,0.499997,0.499994,0.499987,0.499972,0.499941,0.499878,0.499758,0.499534,0.499136,0.49845,0.497311,0.495487,0.492674,0.488489,0.482486,0.474185,0.463119,0.448893,0.431261,0.410191,0.385917,0.358961,0.330122,0.300425,0.271039,0.243181,0.218021,0.196601,0.179783,0.168214,0.162323,0.162323,0.168214,0.179783,0.196601,0.218021,0.243181,0.271039,0.300425,0.330122,0.358961,0.385917,0.410191,0.431261,0.448893,0.463119,0.474185,0.482486,0.488489,0.492674,0.495487,0.497311,0.49845,0.499136,0.499534,0.499758,0.499878,0.499941,0.499972,0.499987,0.499994,0.499997,0.499997
0.499996,0.499996,0.499992,0.499983,0.499963,0.499921,0.499838,0.49968,0.499387,0.498867,0.497975,0.496501,0.494154,0.490551,0.485222,0.477624,0.467184,0.453362,0.435723,0.41403,0.388321,0.358961,0.326656,0.292425,0.257522,0.223327,0.191229,0.16251,0.138271,0.119377,0.106454,0.0998973,0.0998973,0.106454,0.119377,0.138271,0.16251,0.191229,0.223327,0.257522,0.292425,0.326656,0.358961,0.388321,0.41403,0.435723,0.453362,0.467184,0.477624,0.485222,0.490551,0.494154,0.496501,0.497975,0.498867,0.499387,0.49968,0.499838,0.499921,0.499963,0.499983,0.499992,0.499996,0.499996
0.499994,0.499994,0.49999,0.499978,0.499952,0.499898,0.499792,0.499589,0.499217,0.498556,0.497429,0.495574,0.492634,0.488143,0.481537,0.472172,0.459387,0.44257,0.421265,0.395267,0.36471,0.330122,0.292425,0.252878,0.212975,0.1743,0.138385,0.106586,0.0800066,0.0594621,0.0455012,0.0384474,0.0384474,0.0455012,0.0594621,0.0800066,0.106586,0.138385,0.1743,0.212975,0.252878,0.292425,0.330122,0.36471,0.395267,0.421265,0.44257,0.459387,0.472172,0.481537,0.488143,0.492634,0.495574,0.497429,0.498556,0.499217,0.499589,0.499792,0.499898,0.499952,0.499978,0.49999,0.499994,0.499994
0.499993,0.499993,0.499987,0.499972,0.499939,0.499872,0.49974,0.499488,0.499026,0.498211,0.496824,0.494552,0.490966,0.485516,0.477538,0.466292,0.451029,0.431082,0.405988,0.375597,0.34017,0.300425,0.257522,0.212975,0.168516,0.125914,0.0868115,0.0525898,0.0242948,0.00263372,-0.0119748,-0.0193199,-0.0193199,-0.0119748,0.00263372,0.0242948,0.0525898,0.0868115,0.125914,0.168516,0.212975,0.257522,0.300425,0.34017,0.375597,0.405988,0.431082,0.451029,0.466292,0.477538,0.485516,0.490966,0.494552,0.496824,0.498211,0.499026,0.499488,0.49974,0.499872,0.499939,0.499972,0.499987,0.499993,0.499993
0.499991,0.499991,0.499984,0.499966,0.499926,0.499844,0.499684,0.499379,0.498822,0.497843,0.496183,0.493473,0.489213,0.482767,0.473376,0.460205,0.442428,0.419338,0.390481,0.355786,0.315662,0.271039,0.223327,0.1743,0.125914,0.0800995,0.0385699,0.00267819,-0.0266396,-0.0488405,-0.0636827,-0.0711029,-0.0711029,-0.0636827,-0.0488405,-0.0266396,0.00267819,0.0385699,0.0800995,0.125914,0.1743,0.223327,0.271039,0.315662,0.355786,0.390481,0.419338,0.442428,0.460205,0.473376,0.482767,0.489213,0.493473,0.496183,0.497843,0.498822,0.499379,0.499684,0.499844,0.499926,0.499966,0.499984,0.499991,0.499991
0.499989,0.499989,0.499981,0.499959,0.499912,0.499816,0.499626,0.499268,0.498615,0.49747,0.495534,0.492386,0.487454,0.480021,0.469236,0.454182,0.433965,0.407852,0.375416,0.336681,0.292219,0.243181,0.191229,0.138385,0.0868115,0.0385699,-0.00459775,-0.0414088,-0.0710829,-0.0932824,-0.107977,-0.115275,-0.115275,-0.107977,-0.0932824,-0.0710829,-0.0414088,-0.00459775,0.0385699,0.0868115,0.138385,0.191229,0.243181,0.292219,0.336681,0.375416,0.407852,0.433965,0.454182,0.469236,0.480021,0.487454,0.492386,0.495534,0.49747,0.498615,0.499268,0.499626,0.499816,0.499912,0.499959,0.499981,0.499989,0.499989
0.499987,0.499987,0.499978,0.499953,0.499899,0.499788,0.499571,0.499161,0.498416,0.497111,0.494913,0.491348,0.485781,0.477418,0.465329,0.448523,0.426054,0.397174,0.361496,0.319147,0.270867,0.218021,0.16251,0.106586,0.0525898,0.00267819,-0.0414088,-0.0784913,-0.107972,-0.12974,-0.143992,-0.151019,-0.151019,-0.143992,-0.12974,-0.107972,-0.0784913,-0.0414088,0.00267819,0.0525898,0.106586,0.16251,0.218021,0.270867,0.319147,0.361496,0.397174,0.426054,0.448523,0.465329,0.477418,0.485781,0.491348,0.494913,0.497111,0.498416,0.499161,0.499571,0.499788,0.499899,0.499953,0.499978,0.499987,0.499987
0.499986,0.499986,0.499975,0.499947,0.499887,0.499763,0.499521,0.499064,0.498236,0.496789,0.494357,0.49042,0.48429,0.475106,0.461872,0.443535,0.419111,0.387847,0.349403,0.304005,0.252551,0.196601,0.138271,0.0800066,0.0242948,-0.0266396,-0.0710829,-0.107972,-0.136897,-0.157972,-0.171613,-0.178287,-0.178287,-0.171613,-0.157972,-0.136897,-0.107972,-0.0710829,-0.0266396,0.0242948,0.0800066,0.138271,0.196601,0.252551,0.304005,0.349403,0.387847,0.419111,0.443535,0.461872,0.475106,0.48429,0.49042,0.494357,0.496789,0.498236,0.499064,0.499521,0.499763,0.499887,0.499947,0.499975,0.499986,0.499986
0.499985,0.499985,0.499973,0.499943,0.499877,0.499742,0.499479,0.498985,0.498088,0.496525,0.493901,0.489663,0.483075,0.473227,0.45907,0.439505,0.41352,0.380366,0.339744,0.291972,0.238077,0.179783,0.119377,0.0594621,0.00263372,-0.0488405,-0.0932824,-0.12974,-0.157972,-0.178289,-0.191298,-0.197614,-0.197614,-0.191298,-0.178289,-0.157972,-0.12974,-0.0932824,-0.0488405,0.00263372,0.0594621,0.119377,0.179783,0.238077,0.291972,0.339744,0.380366,0.41352,0.439505,0.45907,0.473227,0.483075,0.489663,0.493901,0.496525,0.498088,0.498985,0.499479,0.499742,0.499877,0.499943,0.499973,0.499985,0.499985
0.499984,0.499984,0.499971,0.499939,0.499869,0.499727,0.49945,0.498928,0.497983,0.496338,0.493578,0.489126,0.482216,0.471901,0.457096,0.436672,0.409601,0.375136,0.333015,0.283619,0.228072,0.168214,0.106454,0.0455012,-0.0119748,-0.0636827,-0.107977,-0.143992,-0.171613,-0.191298,-0.203793,-0.209821,-0.209821,-0.203793,-0.191298,-0.171613,-0.143992,-0.107977,-0.0636827,-0.0119748,0.0455012,0.106454,0.168214,0.228072,0.283619,0.333015,0.375136,0.409601,0.436672,0.457096,0.471901,0.482216,0.489126,0.493578,0.496338,0.497983,0.498928,0.49945,0.499727,0.499869,0.499939,0.499971,0.499984,0.499984
0.499983,0.499983,0.49997,0.499937,0.499866,0.49972,0.499434,0.498898,0.497929,0.49624,0.49341,0.488848,0.481771,0.471214,0.456076,0.43521,0.407581,0.372447,0.329561,0.279342,0.222962,0.162323,0.0998973,0.0384474,-0.0193199,-0.0711029,-0.115275,-0.151019,-0.178287,-0.197614,-0.209821,-0.21569,-0.21569,-0.209821,-0.197614,-0.178287,-0.151019,-0.115275,-0.0711029,-0.0193199,0.0384474,0.0998973,0.162323,0.222962,0.279342,0.329561,0.372447,0.407581,0.43521,0.456076,0.471214,0.481771,0.488848,0.49341,0.49624,0.497929,0.498898,0.499434,0.49972,0.499866,0.499937,0.49997,0.499983,0.499983
0.499983,0.499983,0.49997,0.499937,0.499866,0.49972,0.499434,0.498898,0.497929,0.49624,0.49341,0.488848,0.481771,0.471214,0.456076,0.43521,0.407581,0.372447,0.329561,0.279342,0.222962,0.162323,0.0998973,0.0384474,-0.0193199,-0.0711029,-0.115275,-0.151019,-0.178287,-0.197614,-0.209821,-0.21569,-0.21569,-0.209821,-0.197614,-0.178287,-0.151019,-0.115275,-0.0711029,-0.0193199,0.0384474,0.0998973,0.162323,0.222962,0.279342,0.329561,0.372447,0.407581,0.43521,0.456076,0.471214,0.481771,0.488848,0.49341,0.49624,0.497929,0.498898,0.499434,0.49972,0.499866,0.499937,0.49997,0.499983,0.499983
0.499984,0.499984,0.499971,0.499939,0.499869,0.499727,0.49945,0.498928,0.497983,0.496338,0.493578,0.489126,0.482216,0.471901,0.457096,0.436672,0.409601,0.375136,0.333015,0.283619,0.228072,0.168214,0.106454,0.0455012,-0.0119748,-0.0636827,-0.107977,-0.143992,-0.171613,-0.191298,-0.203793,-0.209821,-0.209821,-0.203793,-0.191298,-0.171613,-0.143992,-0.107977,-0.0636827,-0.0119748,0.0455012,0.106454,0.168214,0.228072,0.283619,0.333015,0.375136,0.409601,0.436672,0.457096,0.471901,0.482216,0.489126,0.493578,0.496338,0.497983,0.498928,0.49945,0.499727,0.499869,0.499939,0.499971,0.499984,0.499984
0.499985,0.499985,0.499973,0.499943,0.499877,0.499742,0.499479,0.498985,0.498088,0.496525,0.493901,0.489663,0.483075,0.473227,0.45907,0.439505,0.41352,0.380366,0.339744,0.291972,0.238077,0.179783,0.119377,0.0594621,0.00263372,-0.0488405,-0.0932824,-0.12974,-0.157972,-0.178289,-0.191298,-0.197614,-0.197614,-0.191298,-0.178289,-0.157972,-0.12974,-0.0932824,-0.0488405,0.00263372,0.0594621,0.119377,0.179783,0.238077,0.291972,0.339744,0.380366,0.41352,0.439505,0.45907,0.473227,0.483075,0.489663,0.493901,0.496525,0.498088,0.498985,0.499479,0.499742,0.499877,0.499943,0.499973,0.499985,0.499985
0.499986,0.499986,0.499975,0.499947,0.499887,0.499763,0.499521,0.499064,0.498236,0.496789,0.494357,0.49042,0.48429,0.475106,0.461872,0.443535,0.419111,0.387847,0.349403,0.304005,0.252551,0.196601,0.138271,0.0800066,0.0242948,-0.0266396,-0.0710829,-0.107972,-0.136897,-0.157972,-0.171613,-0.178287,-0.178287,-0.171613,-0.157972,-0.136897,-0.107972,-0.0710829,-0.0266396,0.0242948,0.0800066,0.138271,0.196601,0.252551,0.304005,0.349403,0.387847,0.419111,0.443535,0.461872,0.475106,0.48429,0.49042,0.494357,0.496789,0.498236,0.499064,0.499521,0.499763,0.499887,0.499947,0.499975,0.499986,0.499986
0.499987,0.499987,0.499978,0.499953,0.499899,0.499788,0.499571,0.499161,0.498416,0.497111,0.494913,0.491348,0.485781,0.477418,0.465329,0.448523,0.426054,0.397174,0.361496,0.319147,0.270867,0.218021,0.16251,0.106586,0.0525898,0.00267819,-0.0414088,-0.0784913,-0.107972,-0.12974,-0.143992,-0.151019,-0.151019,-0.143992,-0.12974,-0.107972,-0.0784913,-0.0414088,0.00267819,0.0525898,0.106586,0.16251,0.218021,0.270867,0.319147,0.361496,0.397174,0.426054,0.448523,0.465329,0.477418,0.485781,0.491348,0.494913,0.497111,0.498416,0.499161,0.499571,0.499788,0.499899,0.499953,0.499978,0.499987,0.499987
0.499989,0.499989,0.499981,0.499959,0.499912,0.499816,0.499626,0.499268,0.498615,0.49747,0.495534,0.492386,0.487454,0.480021,0.469236,0.454182,0.433965,0.407852,0.375416,0.336681,0.292219,0.243181,0.191229,0.138385,0.0868115,0.0385699,-0.00459775,-0.0414088,-0.0710829,-0.0932824,-0.107977,-0.115275,-0.115275,-0.107977,-0.0932824,-0.0710829,-0.0414088,-0.00459775,0.0385699,0.0868115,0.138385,0.191229,0.243181,0.292219,0.336681,0.375416,0.407852,0.433965,0.454182,0.469236,0.480021,0.487454,0.492386,0.495534,0.49747,0.498615,0.499268,0.499626,0.499816,0.499912,0.499959,0.499981,0.499989,0.499989
0.499991,0.499991,0.499984,0.499966,0.499926,0.499844,0.499684,0.499379,0.498822,0.497843,0.496183,0.493473,0.489213,0.482767,0.473376,0.460205,0.442428,0.419338,0.390481,0.355786,0.315662,0.271039,0.223327,0.1743,0.125914,0.0800995,0.0385699,0.00267819,-0.0266396,-0.0488405,-0.0636827,-0.0711029,-0.0711029,-0.0636827,-0.0488405,-0.0266396,0.00267819,0.0385699,0.0800995,0.125914,0.1743,0.223327,0.271039,0.315662,0.355786,0.390481,0.419338,0.442428,0.460205,0.473376,0.482767,0.489213,0.493473,0.496183,0.497843,0.498822,0.499379,0.499684,0.499844,0.499926,0.499966,0.499984,0.499991,0.499991
0.499993,0.499993,0.499987,0.499972,0.499939,0.499872,0.49974,0.499488,0.499026,0.498211,0.496824,0.494552,0.490966,0.485516,0.477538,0.466292,0.451029,0.431082,0.405988,0.375597,0.34017,0.300425,0.257522,0.212975,0.168516,0.125914,0.0868115,0.0525898,0.0242948,0.00263372,-0.0119748,-0.0193199,-0.0193199,-0.0119748,0.00263372,0.0242948,0.0525898,0.0868115,0.125914,0.168516,0.212975,0.257522,0.300425,0.34017,0.375597,0.405988,0.431082,0.451029,0.466292,0.477538,0.485516,0.490966,0.494552,0.496824,0.498211,0.499026,0.499488,0.49974,0.499872,0.499939,0.499972,0.499987,0.499993,0.499993
0.499994,0.499994,0.49999,0.499978,0.499952,0.499898,0.499792,0.499589,0.499217,0.498556,0.497429,0.495574,0.492634,0.488143,0.481537,0.472172,0.459387,0.44257,0.421265,0.395267,0.36471,0.330122,0.292425,0.252878,0.212975,0.1743,0.138385,0.106586,0.0800066,0.0594621,0.0455012,0.0384474,0.0384474,0.0455012,0.0594621,0.0800066,0.106586,0.138385,0.1743,0.212975,0.252878,0.292425,0.330122,0.36471,0.395267,0.421265,0.44257,0.459387,0.472172,0.481537,0.488143,0.492634,0.495574,0.497429,0.498556,0.499217,0.499589,0.499792,0.499898,0.499952,0.499978,0.49999,0.499994,0.499994
0.499996,0.499996,0.499992,0.499983,0.499963,0.499921,0.499838,0.49968,0.499387,0.498867,0.497975,0.496501,0.494154,0.490551,0.485222,0.477624,0.467184,0.453362,0.435723,0.41403,0.388321,0.358961,0.326656,0.292425,0.257522,0.223327,0.191229,0.16251,0.138271,0.119377,0.106454,0.0998973,0.0998973,0.106454,0.119377,0.138271,0.16251,0.191229,0.223327,0.257522,0.292425,0.326656,0.358961,0.388321,0.41403,0.435723,0.453362,0.467184,0.477624,0.485222,0.490551,0.494154,0.496501,0.497975,0.498867,0.499387,0.49968,0.499838,0.499921,0.499963,0.499983,0.499992,0.499996,0.499996
0.499997,0.499997,0.499994,0.499987,0.499972,0.499941,0.499878,0.499758,0.499534,0.499136,0.49845,0.497311,0.495487,0.492674,0.488489,0.482486,0.474185,0.463119,0.448893,0.431261,0.410191,0.385917,0.358961,0.330122,0.300425,0.271039,0.243181,0.218021,0.196601,0.179783,0.168214,0.162323,0.162323,0.168214,0.179783,0.196601,0.218021,0.243181,0.271039,0.300425,0.330122,0.358961,0.385917,0.410191,0.431261,0.448893,0.463119,0.474185,0.482486,0.488489,0.492674,0.495487,0.497311,0.49845,0.499136,0.499534,0.499758,0.499878,0.499941,0.499972,0.499987,0.499994,0.499997,0.499997
0.499998,0.499998,0.499996,0.499991,0.49998,0.499957,0.499911,0.499822,0.499656,0.49936,0.498847,0.497991,0.496613,0.494476,0.491279,0.486665,0.480243,0.471621,0.460457,0.446512,0.429712,0.410191,0.388321,0.36471,0.34017,0.315662,0.292219,0.270867,0.252551,0.238077,0.228072,0.222962,0.222962,0.228072,0.238077,0.252551,0.270867,0.292219,0.315662,0.34017,0.36471,0.388321,0.410191,0.429712,0.446512,0.460457,0.471621,0.480243,0.486665,0.491279,0.494476,0.496613,0.497991,0.498847,0.49936,0.499656,0.499822,0.499911,0.499957,0.49998,0.499991,0.499996,0.499998,0.499998
0.499998,0.499998,0.499997,0.499993,0.499986,0.499969,0.499936,0.499873,0.499754,0.499539,0.499166,0.498541,0.49753,0.495952,0.493578,0.49013,0.485299,0.478768,0.470251,0.459531,0.446512,0.431261,0.41403,0.395267,0.375597,0.355786,0.336681,0.319147,0.304005,0.291972,0.283619,0.279342,0.279342,0.283619,0.291972,0.304005,0.319147,0.336681,0.355786,0.375597,0.395267,0.41403,0.431261,0.446512,0.459531,0.470251,0.478768,0.485299,0.49013,0.493578,0.495952,0.49753,0.498541,0.499166,0.499539,0.499754,0.499873,0.499936,0.499969,0.499986,0.499993,0.499997,0.499998,0.499998
0.499999,0.499999,0.499998,0.499996,0.49999,0.499979,0.499956,0.499912,0.499829,0.499678,0.499415,0.498971,0.49825,0.497119,0.495405,0.492902,0.489371,0.484566,0.478254,0.470251,0.460457,0.448893,0.435723,0.421265,0.405988,0.390481,0.375416,0.361496,0.349403,0.339744,0.333015,0.329561,0.329561,0.333015,0.339744,0.349403,0.361496,0.375416,0.390481,0.405988,0.421265,0.435723,0.448893,0.460457,0.470251,0.478254,0.484566,0.489371,0.492902,0.495405,0.497119,0.49825,0.498971,0.499415,0.499678,0.499829,0.499912,0.499956,0.499979,0.49999,0.499996,0.499998,0.499999,0.499999
0.499999,0.499999,0.499999,0.499997,0.499993,0.499986,0.499971,0.499941,0.499884,0.499781,0.499601,0.499296,0.498796,0.498008,0.496808,0.495043,0.492539,0.489107,0.484566,0.478768,0.471621,0.463119,0.453362,0.44257,0.431082,0.419338,0.407852,0.397174,0.387847,0.380366,0.375136,0.372447,0.372447,0.375136,0.380366,0.387847,0.397174,0.407852,0.419338,0.431082,0.44257,0.453362,0.463119,0.471621,0.478768,0.484566,0.489107,0.492539,0.495043,0.496808,0.498008,0.498796,0.499296,0.499601,0.499781,0.499884,0.499941,0.499971,0.499986,0.499993,0.499997,0.499999,0.499999,0.499999
0.5,0.5,0.499999,0.499998,0.499996,0.499991,0.499981,0.499961,0.499924,0.499856,0.499736,0.499532,0.499197,0.498664,0.497848,0.496641,0.494917,0.492539,0.489371,0.485299,0.480243,0.474185,0.467184,0.459387,0.451029,0.442428,0.433965,0.426054,0.419111,0.41352,0.409601,0.407581,0.407581,0.409601,0.41352,0.419111,0.426054,0.433965,0.442428,0.451029,0.459387,0.467184,0.474185,0.480243,0.485299,0.489371,0.492539,0.494917,0.496641,0.497848,0.498664,0.499197,0.499532,0.499736,0.499856,0.499924,0.499961,0.499981,0.499991,0.499996,0.499998,0.499999,0.5,0.5
0.5,0.5,0.499999,0.499999,0.499997,0.499994,0.499988,0.499975,0.499952,0.499908,0.499831,0.499699,0.49948,0.499131,0.498593,0.497792,0.496641,0.495043,0.492902,0.49013,0.486665,0.482486,0.477624,0.472172,0.466292,0.460205,0.454182,0.448523,0.443535,0.439505,0.436672,0.43521,0.43521,0.436672,0.439505,0.443535,0.448523,0.454182,0.460205,0.466292,0.472172,0.477624,0.482486,0.486665,0.49013,0.492902,0.495043,0.496641,0.497792,0.498593,0.499131,0.49948,0.499699,0.499831,0.499908,0.499952,0.499975,0.499988,0.499994,0.499997,0.499999,0.499999,0.5,0.5
0.5,0.5,0.5,0.499999,0.499998,0.499997,0.499993,0.499985,0.49997,0.499943,0.499895,0.499812,0.499673,0.499452,0.499108,0.498593,0.497848,0.496808,0.495405,0.493578,0.491279,0.488489,0.485222,0.481537,0.477538,0.473376,0.469236,0.465329,0.461872,0.45907,0.457096,0.456076,0.456076,0.457096,0.45907,0.461872,0.465329,0.469236,0.473376,0.477538,0.481537,0.485222,0.488489,0.491279,0.493578,0.495405,0.496808,0.497848,0.498593,0.499108,0.499452,0.499673,0.499812,0.499895,0.499943,0.49997,0.499985,0.499993,0.499997,0.499998,0.499999,0.5,0.5,0.5
0.5,0.5,0.5,0.5,0.499999,0.499998,0.499996,0.499991,0.499982,0.499966,0.499937,0.499886,0.499801,0.499665,0.499452,0.499131,0.498664,0.498008,0.497119,0.495952,0.494476,0.492674,0.490551,0.488143,0.485516,0.482767,0.480021,0.477418,0.475106,0.473227,0.471901,0.471214,0.471214,0.471901,0.473227,0.475106,0.477418,0.480021,0.482767,0.485516,0.488143,0.490551,0.492674,0.494476,0.495952,0.497119,0.498008,0.498664,0.499131,0.499452,0.499665,0.499801,0.499886,0.499937,0.499966,0.499982,0.499991,0.499996,0.499998,0.499999,0.5,0.5,0.5,0.5
0.5,0.5,0.5,0.5,0.499999,0.499999,0.499997,0.499995,0.49999,0.49998,0.499963,0.499933,0.499883,0.499801,0.499673,0.49948,0.499197,0.498796,0.49825,0.49753,0.496613,0.495487,0.494154,0.492634,0.490966,0.489213,0.487454,0.485781,0.48429,0.483075,0.482216,0.481771,0.481771,0.482216,0.483075,0.48429,0.485781,0.487454,0.489213,0.490966,0.492634,0.494154,0.495487,0.496613,0.49753,0.49825,0.498796,0.499197,0.49948,0.499673,0.499801,0.499883,0.499933,0.499963,0.49998,0.49999,0.499995,0.499997,0.499999,0.499999,0.5,0.5,0.5,0.5
0.5,0.5,0.5,0.5,0.5,0.499999,0.499999,0.499997,0.499994,0.499989,0.499979,0.499962,0.499933,0.499886,0.499812,0.499699,0.499532,0.499296,0.498971,0.498541,0.497991,0.497311,0.496501,0.495574,0.494552,0.493473,0.492386,0.491348,0.49042,0.489663,0.489126,0.488848,0.488848,0.489126,0.489663,0.49042,0.491348,0.492386,0.493473,0.494552,0.495574,0.496501,0.497311,0.497991,0.498541,0.498971,0.499296,0.499532,0.499699,0.499812,0.499886,0.499933,0.499962,0.499979,0.499989,0.499994,0.499997,0.499999,0.499999,0.5,0.5,0.5,0.5,0.5
0.5,0.5,0.5,0.5,0.5,0.5,0.499999,0.499998,0.499997,0.499994,0.499989,0.499979,0.499963,0.499937,0.499895,0.499831,0.499736,0.499601,0.499415,0.499166,0.498847,0.49845,0.497975,0.497429,0.496824,0.496183,0.495534,0.494913,0.494357,0.493901,0.493578,0.49341,0.49341,0.493578,0.493901,0.494357,0.494913,0.495534,0.496183,0.496824,0.497429,0.497975,0.49845,0.498847,0.499166,0.499415,0.499601,0.499736,0.499831,0.499895,0.499937,0.499963,0.499979,0.499989,0.499994,0.499997,0.499998,0.499999,0.5,0.5,0.5,0.5,0.5,0.5
0.5,0.5,0.5,0.5,0.5,0.5,0.5,0.499999,0.499998,0.499997,0.499994,0.499989,0.49998,0.499966,0.499943,0.499908,0.499856,0.499781,0.499678,0.499539,0.49936,0.499136,0.498867,0.498556,0.498211,0.497843,0.49747,0.497111,0.496789,0.496525,0.496338,0.49624,0.49624,0.496338,0.496525,0.496789,0.497111,0.49747,0.497843,0.498211,0.498556,0.498867,0.499136,0.49936,0.499539,0.499678,0.499781,0.499856,0.499908,0.499943,0.499966,0.49998,0.499989,0.499994,0.499997,0.499998,0.499999,0.5,0.5,0.5,0.5,0.5,0.5,0.5
0.5,0.5,0.5,0.5,0.5,0.5,0.5,0.5,0.499999,0.499998,0.499997,0.499994,0.49999,0.499982,0.49997,0.499952,0.499924,0.499884,0.499829,0.499754,0.499656,0.499534,0.499387,0.499217,0.499026,0.498822,0.498615,0.498416,0.498236,0.498088,0.497983,0.497929,0.497929,0.497983,0.498088,0.498236,0.498416,0.498615,0.498822,0.499026,0.499217,0.499387,0.499534,0.499656,0.499754,0.499829,0.499884,0.499924,0.499952,0.49997,0.499982,0.49999,0.499994,0.499997,0.499998,0.499999,0.5,0.5,0.5,0.5,0.5,0.5,0.5,0.5
0.5,0.5,0.5,0.5,0.5,0.5,0.5,0.5,0.5,0.499999,0.499998,0.499997,0.499995,0.499991,0.499985,0.499975,0.499961,0.499941,0.499912,0.499873,0.499822,0.499758,0.49968,0.499589,0.499488,0.499379,0.499268,0.499161,0.499064,0.498985,0.498928,0.498898,0.498898,0.498928,0.498985,0.499064,0.499161,0.499268,0.499379,0.499488,0.499589,0.49968,0.499758,0.499822,0.499873,0.499912,0.499941,0.499961,0.499975,0.499985,0.499991,0.499995,0.499997,0.499998,0.499999,0.5,0.5,0.5,0.5,0.5,0.5,0.5,0.5,0.5
0.5,0.5,0.5,0.5,0.5,0.5,0.5,0.5,0.5,0.5,0.499999,0.499999,0.499997,0.499996,0.499993,0.499988,0.499981,0.499971,0.499956,0.499936,0.499911,0.499878,0.499838,0.499792,0.49974,0.499684,0.499626,0.499571,0.499521,0.499479,0.49945,0.499434,0.499434,0.49945,0.499479,0.499521,0.499571,0.499626,0.499684,0.49974,0.499792,0.499838,0.499878,0.499911,0.499936,0.499956,0.499971,0.499981,0.499988,0.499993,0.499996,0.499997,0.499999,0.499999,0.5,0.5,0.5,0.5,0.5,0.5,0.5,0.5,0.5,0.5
0.5,0.5,0.5,0.5,0.5,0.5,0.5,0.5,0.5,0.5,0.5,0.499999,0.499999,0.499998,0.499997,0.499994,0.499991,0.499986,0.499979,0.499969,0.499957,0.499941,0.499921,0.499898,0.499872,0.499844,0.499816,0.499788,0.499763,0.499742,0.499727,0.49972,0.49972,0.499727,0.499742,0.499763,0.499788,0.499816,0.499844,0.499872,0.499898,0.499921,0.499941,0.499957,0.499969,0.499979,0.499986,0.499991,0.499994,0.499997,0.499998,0.499999,0.499999,0.5,0.5,0.5,0.5,0.5,0.5,0.5,0.5,0.5,0.5,0.5
0.5,0.5,0.5,0.5,0.5,0.5,0.5,0.5,0.5,0.5,0.5,0.5,0.499999,0.499999,0.499998,0.499997,0.499996,0.499993,0.49999,0.499986,0.49998,0.499972,0.499963,0.499952,0.499939,0.499926,0.499912,0.499899,0.499887,0.499877,0.499869,0.499866,0.499866,0.499869,0.499877,0.499887,0.499899,0.499912,0.499926,0.499939,0.499952,0.499963,0.499972,0.49998,0.499986,0.49999,0.499993,0.499996,0.499997,0.499998,0.499999,0.499999,0.5,0.5,0.5,0.5,0.5,0.5,0.5,0.5,0.5,0.5,0.5,0.5
0.5,0.5,0.5,0.5,0.5,0.5,0.5,0.5,0.5,0.5,0.5,0.5,0.5,0.5,0.499999,0.499999,0.499998,0.499997,0.499996,0.499993,0.499991,0.499987,0.499983,0.499978,0.499972,0.499966,0.499959,0.499953,0.499947,0.499943,0.499939,0.499937,0.499937,0.499939,0.499943,0.499947,0.499953,0.499959,0.499966,0.499972,0.499978,0.499983,0.499987,0.499991,0.499993,0.499996,0.499997,0.499998,0.499999,0.499999,0.5,0.5,0.5,0.5,0.5,0.5,0.5,0.5,0.5,0.5,0.5,0.5,0.5,0.5
0.5,0.5,0.5,0.5,0.5,0.5,0.5,0.5,0.5,0.5,0.5,0.5,0.5,0.5,0.5,0.499999,0.499999,0.499999,0.499998,0.499997,0.499996,0.499994,0.499992,0.49999,0.499987,0.499984,0.499981,0.499978,0.499975,0.499973,0.499971,0.49997,0.49997,0.499971,0.499973,0.499975,0.499978,0.499981,0.499984,0.499987,0.49999,0.499992,0.499994,0.499996,0.499997,0.499998,0.499999,0.499999,0.499999,0.5,0.5,0.5,0.5,0.5,0.5,0.5,0.5,0.5,0.5,0.5,0.5,0.5,0.5,0.5
0.5,0.5,0.5,0.5,0.5,0.5,0.5,0.5,0.5,0.5,0.5,0.5,0.5,0.5,0.5,0.5,0.5,0.499999,0.499999,0.499998,0.499998,0.499997,0.499996,0.499994,0.499993,0.499991,0.499989,0.499987,0.499986,0.499985,0.499984,0.499983,0.499983,0.499984,0.499985,0.499986,0.499987,0.499989,0.499991,0.499993,0.499994,0.499996,0.499997,0.499998,0.499998,0.499999,0.499999,0.5,0.5,0.5,0.5,0.5,0.5,0.5,0.5,0.5,0.5,0.5,0.5,0.5,0.5,0.5,0.5,0.5
0.5,0.5,0.5,0.5,0.5,0.5,0.5,0.5,0.5,0.5,0.5,0.5,0.5,0.5,0.5,0.5,0.5,0.499999,0.499999,0.499998,0.499998,0.499997,0.499996,0.499994,0.499993,0.499991,0.499989,0.499987,0.499986,0.499985,0.499984,0.499983,0.499983,0.499984,0.499985,0.499986,0.499987,0.499989,0.499991,0.499993,0.499994,0.499996,0.499997,0.499998,0.499998,0.499999,0.499999,0.5,0.5,0.5,0.5,0.5,0.5,0.5,0.5,0.5,0.5,0.5,0.5,0.5,0.5,0.5,0.5,0.5
