0.5,0.5,0.5,0.5,0.5,0.5,0.5,0.5,0.5,0.5,0.5,0.5,0.5,0.5,0.5,0.5,0.5,0.5,0.5,0.5,0.5,0.499999,0.499999,0.499999,0.499998,0.499998,0.499998,0.499997,0.499997,0.499996,0.499996,0.499996,0.499996,0.499996,0.499996,0.499997,0.499997,0.499998,0.499998,0.499998,0.499999,0.499999,0.499999,0.5,0.5,0.5,0.5,0.5,0.5,0.5,0.5,0.5,0.5,0.5,0.5,0.5,0.5,0.5,0.5,0.5,0.5,0.5,0.5,0.5
0.5,0.5,0.5,0.5,0.5,0.5,0.5,0.5,0.5,0.5,0.5,0.5,0.5,0.5,0.5,0.5,0.5,0.5,0.5,0.5,0.5,0.499999,0.499999,0.499999,0.499998,0.499998,0.499998,0.499997,0.499997,0.499996,0.499996,0.499996,0.499996,0.499996,0.499996,0.499997,0.499997,0.499998,0.499998,0.499998,0.499999,0.499999,0.499999,0.5,0.5,0.5,0.5,0.5,0.5,0.5,0.5,0.5,0.5,0.5,0.5,0.5,0.5,0.5,0.5,0.5,0.5,0.5,0.5,0.5
0.5,0.5,0.5,0.5,0.5,0.5,0.5,0.5,0.5,0.5,0.5,0.5,0.5,0.5,0.5,0.5,0.5,0.5,0.5,0.499999,0.499999,0.499999,0.499998,0.499998,0.499997,0.499996,0.499995,0.499995,0.499994,0.499993,0.499993,0.499993,0.499993,0.499993,0.499993,0.499994,0.499995,0.499995,0.499996,0.499997,0.499998,0.499998,0.499999,0.499999,0.499999,0.5,0.5,0.5,0.5,0.5,0.5,0.5,0.5,0.5,0.5,0.5,0.5,0.5,0.5,0.5,0.5,0.5,0.5,0.5
0.5,0.5,0.5,0.5,0.5,0.5,0.5,0.5,0.5,0.5,0.5,0.5,0.5,0.5,0.5,0.5,0.5,0.499999,0.499999,0.499999,0.499998,0.499997,0.499996,0.499995,0.499993,0.499991,0.499989,0.499988,0.499986,0.499985,0.499984,0.499983,0.499983,0.499984,0.499985,0.499986,0.499988,0.499989,0.499991,0.499993,0.499995,0.499996,0.499997,0.499998,0.499999,0.499999,0.499999,0.5,0.5,0.5,0.5,0.5,0.5,0.5,0.5,0.5,0.5,0.5,0.5,0.5,0.5,0.5,0.5,0.5
0.5,0.5,0.5,0.5,0.5,0.5,0.5,0.5,0.5,0.5,0.5,0.5,0.5,0.5,0.5,0.499999,0.499999,0.499999,0.499998,0.499997,0.499995,0.499993,0.49999,0.499987,0.499984,0.49998,0.499976,0.499972,0.499968,0.499965,0.499963,0.499962,0.499962,0.499963,0.499965,0.499968,0.499972,0.499976,0.49998,0.499984,0.499987,0.49999,0.499993,0.499995,0.499997,0.499998,0.499999,0.499999,0.499999,0.5,0.5,0.5,0.5,0.5,0.5,0.5,0.5,0.5,0.5,0.5,0.5,0.5,0.5,0.5
0.5,0.5,0.5,0.5,0.5,0.5,0.5,0.5,0.5,0.5,0.5,0.5,0.5,0.5,0.499999,0.499999,0.499998,0.499997,0.499995,0.499992,0.499989,0.499984,0.499978,0.499972,0.499964,0.499955,0.499946,0.499937,0.499929,0.499922,0.499917,0.499915,0.499915,0.499917,0.499922,0.499929,0.499937,0.499946,0.499955,0.499964,0.499972,0.499978,0.499984,0.499989,0.499992,0.499995,0.499997,0.499998,0.499999,0.499999,0.5,0.5,0.5,0.5,0.5,0.5,0.5,0.5,0.5,0.5,0.5,0.5,0.5,0.5
0.5,0.5,0.5,0.5,0.5,0.5,0.5,0.5,0.5,0.5,0.5,0.5,0.499999,0.499999,0.499998,0.499997,0.499995,0.499993,0.499988,0.499983,0.499975,0.499965,0.499953,0.499938,0.499921,0.499903,0.499884,0.499865,0.499847,0.499833,0.499823,0.499817,0.499817,0.499823,0.499833,0.499847,0.499865,0.499884,0.499903,0.499921,0.499938,0.499953,0.499965,0.499975,0.499983,0.499988,0.499993,0.499995,0.499997,0.499998,0.499999,0.499999,0.5,0.5,0.5,0.5,0.5,0.5,0.5,0.5,0.5,0.5,0.5,0.5
0.5,0.5,0.5,0.5,0.5,0.5,0.5,0.5,0.5,0.5,0.5,0.499999,0.499999,0.499998,0.499996,0.499994,0.49999,0.499984,0.499976,0.499964,0.499948,0.499927,0.499901,0.499871,0.499836,0.499797,0.499758,0.499719,0.499683,0.499654,0.499632,0.499621,0.499621,0.499632,0.499654,0.499683,0.499719,0.499758,0.499797,0.499836,0.499871,0.499901,0.499927,0.499948,0.499964,0.499976,0.499984,0.49999,0.499994,0.499996,0.499998,0.499999,0.499999,0.5,0.5,0.5,0.5,0.5,0.5,0.5,0.5,0.5,0.5,0.5
0.5,0.5,0.5,0.5,0.5,0.5,0.5,0.5,0.5,0.5,0.499999,0.499999,0.499998,0.499996,0.499992,0.499987,0.499979,0.499967,0.49995,0.499926,0.499893,0.499852,0.4998,0.499739,0.499669,0.499592,0.499513,0.499436,0.499365,0.499307,0.499265,0.499243,0.499243,0.499265,0.499307,0.499365,0.499436,0.499513,0.499592,0.499669,0.499739,0.4998,0.499852,0.499893,0.499926,0.49995,0.499967,0.499979,0.499987,0.499992,0.499996,0.499998,0.499999,0.499999,0.5,0.5,0.5,0.5,0.5,0.5,0.5,0.5,0.5,0.5
0.5,0.5,0.5,0.5,0.5,0.5,0.5,0.5,0.5,0.499999,0.499999,0.499997,0.499995,0.499991,0.499985,0.499974,0.499958,0.499935,0.499901,0.499853,0.49979,0.499709,0.499609,0.49949,0.499355,0.499208,0.499056,0.498908,0.498773,0.498662,0.498582,0.49854,0.49854,0.498582,0.498662,0.498773,0.498908,0.499056,0.499208,0.499355,0.49949,0.499609,0.499709,0.49979,0.499853,0.499901,0.499935,0.499958,0.499974,0.499985,0.499991,0.499995,0.499997,0.499999,0.499999,0.5,0.5,0.5,0.5,0.5,0.5,0.5,0.5,0.5
0.5,0.5,0.5,0.5,0.5,0.5,0.5,0.5,0.499999,0.499999,0.499997,0.499995,0.49999,0.499983,0.49997,0.499951,0.49992,0.499875,0.49981,0.49972,0.499601,0.499449,0.499261,0.499039,0.498787,0.498515,0.498234,0.49796,0.497711,0.497505,0.497358,0.497282,0.497282,0.497358,0.497505,0.497711,0.49796,0.498234,0.498515,0.498787,0.499039,0.499261,0.499449,0.499601,0.49972,0.49981,0.499875,0.49992,0.499951,0.49997,0.499983,0.49999,0.499995,0.499997,0.499999,0.499999,0.5,0.5,0.5,0.5,0.5,0.5,0.5,0.5
0.5,0.5,0.5,0.5,0.5,0.5,0.5,0.499999,0.499999,0.499997,0.499995,0.49999,0.499982,0.499968,0.499944,0.499907,0.499851,0.499767,0.499648,0.499484,0.499267,0.49899,0.498651,0.49825,0.497798,0.49731,0.496807,0.49632,0.495877,0.495512,0.495251,0.495115,0.495115,0.495251,0.495512,0.495877,0.49632,0.496807,0.49731,0.497798,0.49825,0.498651,0.49899,0.499267,0.499484,0.499648,0.499767,0.499851,0.499907,0.499944,0.499968,0.499982,0.49999,0.499995,0.499997,0.499999,0.499999,0.5,0.5,0.5,0.5,0.5,0.5,0.5
0.5,0.5,0.5,0.5,0.5,0.5,0.499999,0.499999,0.499998,0.499995,0.49999,0.499982,0.499967,0.499941,0.499899,0.499833,0.499731,0.499582,0.49937,0.49908,0.498698,0.498212,0.497619,0.496922,0.496138,0.495293,0.494427,0.493589,0.49283,0.492204,0.491757,0.491525,0.491525,0.491757,0.492204,0.49283,0.493589,0.494427,0.495293,0.496138,0.496922,0.497619,0.498212,0.498698,0.49908,0.49937,0.499582,0.499731,0.499833,0.499899,0.499941,0.499967,0.499982,0.49999,0.499995,0.499998,0.499999,0.499999,0.5,0.5,0.5,0.5,0.5,0.5
0.5,0.5,0.5,0.5,0.5,0.5,0.499999,0.499998,0.499996,0.499991,0.499983,0.499968,0.499941,0.499896,0.499823,0.499707,0.499531,0.499274,0.49891,0.498415,0.497764,0.496941,0.49594,0.494769,0.493455,0.492045,0.490604,0.489212,0.487956,0.486922,0.486186,0.485802,0.485802,0.486186,0.486922,0.487956,0.489212,0.490604,0.492045,0.493455,0.494769,0.49594,0.496941,0.497764,0.498415,0.49891,0.499274,0.499531,0.499707,0.499823,0.499896,0.499941,0.499968,0.499983,0.499991,0.499996,0.499998,0.499999,0.5,0.5,0.5,0.5,0.5,0.5
0.5,0.5,0.5,0.5,0.5,0.499999,0.499998,0.499996,0.499992,0.499985,0.49997,0.499944,0.499899,0.499823,0.499698,0.499504,0.499209,0.49878,0.498176,0.497357,0.496286,0.494939,0.493306,0.491404,0.489279,0.487007,0.484693,0.482464,0.480458,0.47881,0.477637,0.477028,0.477028,0.477637,0.47881,0.480458,0.482464,0.484693,0.487007,0.489279,0.491404,0.493306,0.494939,0.496286,0.497357,0.498176,0.49878,0.499209,0.499504,0.499698,0.499823,0.499899,0.499944,0.49997,0.499985,0.499992,0.499996,0.499998,0.499999,0.5,0.5,0.5,0.5,0.5
0.5,0.5,0.5,0.5,0.499999,0.499999,0.499997,0.499994,0.499987,0.499974,0.499951,0.499907,0.499833,0.499707,0.499504,0.499187,0.498709,0.498016,0.497046,0.495737,0.494034,0.4919,0.489326,0.486341,0.483021,0.479485,0.475897,0.472452,0.46936,0.466825,0.465025,0.46409,0.46409,0.465025,0.466825,0.46936,0.472452,0.475897,0.479485,0.483021,0.486341,0.489326,0.4919,0.494034,0.495737,0.497046,0.498016,0.498709,0.499187,0.499504,0.499707,0.499833,0.499907,0.499951,0.499974,0.499987,0.499994,0.499997,0.499999,0.499999,0.5,0.5,0.5,0.5
0.5,0.5,0.5,0.5,0.499999,0.499998,0.499995,0.49999,0.499979,0.499958,0.49992,0.499851,0.499731,0.499531,0.499209,0.498709,0.49796,0.496878,0.49537,0.493345,0.490724,0.487455,0.483533,0.479006,0.473992,0.468676,0.463303,0.458162,0.453561,0.449798,0.447131,0.445747,0.445747,0.447131,0.449798,0.453561,0.458162,0.463303,0.468676,0.473992,0.479006,0.483533,0.487455,0.490724,0.493345,0.49537,0.496878,0.49796,0.498709,0.499209,0.499531,0.499731,0.499851,0.49992,0.499958,0.499979,0.49999,0.499995,0.499998,0.499999,0.5,0.5,0.5,0.5
0.5,0.5,0.5,0.499999,0.499999,0.499997,0.499993,0.499984,0.499967,0.499935,0.499875,0.499767,0.499582,0.499274,0.49878,0.498016,0.496878,0.495241,0.492972,0.48994,0.486036,0.481193,0.475411,0.468771,0.461451,0.453727,0.445952,0.438542,0.431932,0.42654,0.422725,0.420748,0.420748,0.422725,0.42654,0.431932,0.438542,0.445952,0.453727,0.461451,0.468771,0.475411,0.481193,0.486036,0.48994,0.492972,0.495241,0.496878,0.498016,0.49878,0.499274,0.499582,0.499767,0.499875,0.499935,0.499967,0.499984,0.499993,0.499997,0.499999,0.499999,0.5,0.5,0.5
0.5,0.5,0.5,0.499999,0.499998,0.499995,0.499988,0.499976,0.49995,0.499901,0.49981,0.499648,0.49937,0.49891,0.498176,0.497046,0.49537,0.492972,0.489665,0.48527,0.47964,0.472693,0.464442,0.455019,0.444685,0.433832,0.422958,0.412636,0.403462,0.396,0.390732,0.388006,0.388006,0.390732,0.396,0.403462,0.412636,0.422958,0.433832,0.444685,0.455019,0.464442,0.472693,0.47964,0.48527,0.489665,0.492972,0.49537,0.497046,0.498176,0.49891,0.49937,0.499648,0.49981,0.499901,0.49995,0.499976,0.499988,0.499995,0.499998,0.499999,0.5,0.5,0.5
0.5,0.5,0.499999,0.499999,0.499997,0.499992,0.499983,0.499964,0.499926,0.499853,0.49972,0.499484,0.49908,0.498415,0.497357,0.495737,0.493345,0.48994,0.48527,0.479095,0.471228,0.461577,0.450177,0.43723,0.423109,0.408356,0.393648,0.379748,0.367441,0.357464,0.350436,0.346805,0.346805,0.350436,0.357464,0.367441,0.379748,0.393648,0.408356,0.423109,0.43723,0.450177,0.461577,0.471228,0.479095,0.48527,0.48994,0.493345,0.495737,0.497357,0.498415,0.49908,0.499484,0.49972,0.499853,0.499926,0.499964,0.499983,0.499992,0.499997,0.499999,0.499999,0.5,0.5
0.5,0.5,0.499999,0.499998,0.499995,0.499989,0.499975,0.499948,0.499893,0.49979,0.499601,0.499267,0.498698,0.497764,0.496286,0.494034,0.490724,0.486036,0.47964,0.471228,0.460573,0.447575,0.432313,0.415079,0.396391,0.376975,0.357719,0.33961,0.323644,0.310745,0.301682,0.297008,0.297008,0.301682,0.310745,0.323644,0.33961,0.357719,0.376975,0.396391,0.415079,0.432313,0.447575,0.460573,0.471228,0.47964,0.486036,0.490724,0.494034,0.496286,0.497764,0.498698,0.499267,0.499601,0.49979,0.499893,0.499948,0.499975,0.499989,0.499995,0.499998,0.499999,0.5,0.5
0.499999,0.499999,0.499999,0.499997,0.499993,0.499984,0.499965,0.499927,0.499852,0.499709,0.499449,0.49899,0.498212,0.496941,0.494939,0.4919,0.487455,0.481193,0.472693,0.461577,0.447575,0.430595,0.410777,0.388534,0.36456,0.339798,0.31538,0.292534,0.272484,0.256347,0.245042,0.239221,0.239221,0.245042,0.256347,0.272484,0.292534,0.31538,0.339798,0.36456,0.388534,0.410777,0.430595,0.447575,0.461577,0.472693,0.481193,0.487455,0.4919,0.494939,0.496941,0.498212,0.49899,0.499449,0.499709,0.499852,0.499927,0.499965,0.499984,0.499993,0.499997,0.499999,0.499999,0.499999
0.499999,0.499999,0.499998,0.499996,0.49999,0.499978,0.499953,0.499901,0.4998,0.499609,0.499261,0.498651,0.497619,0.49594,0.493306,0.489326,0.483533,0.475411,0.464442,0.450177,0.432313,0.410777,0.385795,0.357932,0.328089,0.297456,0.267429,0.239491,0.215095,0.19554,0.181883,0.174865,0.174865,0.181883,0.19554,0.215095,0.239491,0.267429,0.297456,0.328089,0.357932,0.385795,0.410777,0.432313,0.450177,0.464442,0.475411,0.483533,0.489326,0.493306,0.49594,0.497619,0.498651,0.499261,0.499609,0.4998,0.499901,0.499953,0.499978,0.49999,0.499996,0.499998,0.499999,0.499999
0.499999,0.499999,0.499998,0.499995,0.499987,0.499972,0.499938,0.499871,0.499739,0.49949,0.499039,0.49825,0.496922,0.494769,0.491404,0.486341,0.479006,0.468771,0.455019,0.43723,0.415079,0.388534,0.357932,0.324018,0.287928,0.251123,0.215271,0.182111,0.153307,0.130323,0.114325,0.106121,0.106121,0.114325,0.130323,0.153307,0.182111,0.215271,0.251123,0.287928,0.324018,0.357932,0.388534,0.415079,0.43723,0.455019,0.468771,0.479006,0.486341,0.491404,0.494769,0.496922,0.49825,0.499039,0.49949,0.499739,0.499871,0.499938,0.499972,0.499987,0.499995,0.499998,0.499999,0.499999
0.499998,0.499998,0.499997,0.499993,0.499984,0.499964,0.499921,0.499836,0.499669,0.499355,0.498787,0.497798,0.496138,0.493455,0.489279,0.483021,0.473992,0.461451,0.444685,0.423109,0.396391,0.36456,0.328089,0.287928,0.245471,0.202458,0.160831,0.122567,0.0895159,0.0632683,0.0450663,0.0357531,0.0357531,0.0450663,0.0632683,0.0895159,0.122567,0.160831,0.202458,0.245471,0.287928,0.328089,0.36456,0.396391,0.423109,0.444685,0.461451,0.473992,0.483021,0.489279,0.493455,0.496138,0.497798,0.498787,0.499355,0.499669,0.499836,0.499921,0.499964,0.499984,0.499993,0.499997,0.499998,0.499998
0.499998,0.499998,0.499996,0.499991,0.49998,0.499955,0.499903,0.499797,0.499592,0.499208,0.498515,0.49731,0.495293,0.492045,0.487007,0.479485,0.468676,0.453727,0.433832,0.408356,0.376975,0.339798,0.297456,0.251123,0.202458,0.153482,0.106397,0.0633887,0.0264557,-0.00272849,-0.0228891,-0.0331792,-0.0331792,-0.0228891,-0.00272849,0.0264557,0.0633887,0.106397,0.153482,0.202458,0.251123,0.297456,0.339798,0.376975,0.408356,0.433832,0.453727,0.468676,0.479485,0.487007,0.492045,0.495293,0.49731,0.498515,0.499208,0.499592,0.499797,0.499903,0.499955,0.49998,0.499991,0.499996,0.499998,0.499998
0.499998,0.499998,0.499995,0.499989,0.499976,0.499946,0.499884,0.499758,0.499513,0.499056,0.498234,0.496807,0.494427,0.490604,0.484693,0.475897,0.463303,0.445952,0.422958,0.393648,0.357719,0.31538,0.267429,0.215271,0.160831,0.106397,0.0544022,0.00721053,-0.033078,-0.064752,-0.0865462,-0.0976421,-0.0976421,-0.0865462,-0.064752,-0.033078,0.00721053,0.0544022,0.106397,0.160831,0.215271,0.267429,0.31538,0.357719,0.393648,0.422958,0.445952,0.463303,0.475897,0.484693,0.490604,0.494427,0.496807,0.498234,0.499056,0.499513,0.499758,0.499884,0.499946,0.499976,0.499989,0.499995,0.499998,0.499998
0.499997,0.499997,0.499995,0.499988,0.499972,0.499937,0.499865,0.499719,0.499436,0.498908,0.49796,0.49632,0.493589,0.489212,0.482464,0.472452,0.458162,0.438542,0.412636,0.379748,0.33961,0.292534,0.239491,0.182111,0.122567,0.0633887,0.00721053,-0.0434701,-0.0864918,-0.120146,-0.143213,-0.154927,-0.154927,-0.143213,-0.120146,-0.0864918,-0.0434701,0.00721053,0.0633887,0.122567,0.182111,0.239491,0.292534,0.33961,0.379748,0.412636,0.438542,0.458162,0.472452,0.482464,0.489212,0.493589,0.49632,0.49796,0.498908,0.499436,0.499719,0.499865,0.499937,0.499972,0.499988,0.499995,0.499997,0.499997
0.499997,0.499997,0.499994,0.499986,0.499968,0.499929,0.499847,0.499683,0.499365,0.498773,0.497711,0.495877,0.49283,0.487956,0.480458,0.46936,0.453561,0.431932,0.403462,0.367441,0.323644,0.272484,0.215095,0.153307,0.0895159,0.0264557,-0.033078,-0.0864918,-0.131598,-0.166721,-0.190707,-0.20286,-0.20286,-0.190707,-0.166721,-0.131598,-0.0864918,-0.033078,0.0264557,0.0895159,0.153307,0.215095,0.272484,0.323644,0.367441,0.403462,0.431932,0.453561,0.46936,0.480458,0.487956,0.49283,0.495877,0.497711,0.498773,0.499365,0.499683,0.499847,0.499929,0.499968,0.499986,0.499994,0.499997,0.499997
0.499996,0.499996,0.499993,0.499985,0.499965,0.499922,0.499833,0.499654,0.499307,0.498662,0.497505,0.495512,0.492204,0.486922,0.47881,0.466825,0.449798,0.42654,0.396,0.357464,0.310745,0.256347,0.19554,0.130323,0.0632683,-0.00272849,-0.064752,-0.120146,-0.166721,-0.202848,-0.227442,-0.239878,-0.239878,-0.227442,-0.202848,-0.166721,-0.120146,-0.064752,-0.00272849,0.0632683,0.130323,0.19554,0.256347,0.310745,0.357464,0.396,0.42654,0.449798,0.466825,0.47881,0.486922,0.492204,0.495512,0.497505,0.498662,0.499307,0.499654,0.499833,0.499922,0.499965,0.499985,0.499993,0.499996,0.499996
0.499996,0.499996,0.499993,0.499984,0.499963,0.499917,0.499823,0.499632,0.499265,0.498582,0.497358,0.495251,0.491757,0.486186,0.477637,0.465025,0.447131,0.422725,0.390732,0.350436,0.301682,0.245042,0.181883,0.114325,0.0450663,-0.0228891,-0.0865462,-0.143213,-0.190707,-0.227442,-0.252394,-0.264992,-0.264992,-0.252394,-0.227442,-0.190707,-0.143213,-0.0865462,-0.0228891,0.0450663,0.114325,0.181883,0.245042,0.301682,0.350436,0.390732,0.422725,0.447131,0.465025,0.477637,0.486186,0.491757,0.495251,0.497358,0.498582,0.499265,0.499632,0.499823,0.499917,0.499963,0.499984,0.499993,0.499996,0.499996
0.499996,0.499996,0.499993,0.499983,0.499962,0.499915,0.499817,0.499621,0.499243,0.49854,0.497282,0.495115,0.491525,0.485802,0.477028,0.46409,0.445747,0.420748,0.388006,0.346805,0.297008,0.239221,0.174865,0.106121,0.0357531,-0.0331792,-0.0976421,-0.154927,-0.20286,-0.239878,-0.264992,-0.277662,-0.277662,-0.264992,-0.239878,-0.20286,-0.154927,-0.0976421,-0.0331792,0.0357531,0.106121,0.174865,0.239221,0.297008,0.346805,0.388006,0.420748,0.445747,0.46409,0.477028,0.485802,0.491525,0.495115,0.497282,0.49854,0.499243,0.499621,0.499817,0.499915,0.499962,0.499983,0.499993,0.499996,0.499996
0.499996,0.499996,0.499993,0.499983,0.499962,0.499915,0.499817,0.499621,0.499243,0.49854,0.497282,0.495115,0.491525,0.485802,0.477028,0.46409,0.445747,0.420748,0.388006,0.346805,0.297008,0.239221,0.174865,0.106121,0.0357531,-0.0331792,-0.0976421,-0.154927,-0.20286,-0.239878,-0.264992,-0.277662,-0.277662,-0.264992,-0.239878,-0.20286,-0.154927,-0.0976421,-0.0331792,0.0357531,0.106121,0.174865,0.239221,0.297008,0.346805,0.388006,0.420748,0.445747,0.46409,0.477028,0.485802,0.491525,0.495115,0.497282,0.49854,0.499243,0.499621,0.499817,0.499915,0.499962,0.499983,0.499993,0.499996,0.499996
0.499996,0.499996,0.499993,0.499984,0.499963,0.499917,0.499823,0.499632,0.499265,0.498582,0.497358,0.495251,0.491757,0.486186,0.477637,0.465025,0.447131,0.422725,0.390732,0.350436,0.301682,0.245042,0.181883,0.114325,0.0450663,-0.0228891,-0.0865462,-0.143213,-0.190707,-0.227442,-0.252394,-0.264992,-0.264992,-0.252394,-0.227442,-0.190707,-0.143213,-0.0865462,-0.0228891,0.0450663,0.114325,0.181883,0.245042,0.301682,0.350436,0.390732,0.422725,0.447131,0.465025,0.477637,0.486186,0.491757,0.495251,0.497358,0.498582,0.499265,0.499632,0.499823,0.499917,0.499963,0.499984,0.499993,0.499996,0.499996
0.499996,0.499996,0.499993,0.499985,0.499965,0.499922,0.499833,0.499654,0.499307,0.498662,0.497505,0.495512,0.492204,0.486922,0.47881,0.466825,0.449798,0.42654,0.396,0.357464,0.310745,0.256347,0.19554,0.130323,0.0632683,-0.00272849,-0.064752,-0.120146,-0.166721,-0.202848,-0.227442,-0.239878,-0.239878,-0.227442,-0.202848,-0.166721,-0.120146,-0.064752,-0.00272849,0.0632683,0.130323,0.19554,0.256347,0.310745,0.357464,0.396,0.42654,0.449798,0.466825,0.47881,0.486922,0.492204,0.495512,0.497505,0.498662,0.499307,0.499654,0.499833,0.499922,0.499965,0.499985,0.499993,0.499996,0.499996
0.499997,0.499997,0.499994,0.499986,0.499968,0.499929,0.499847,0.499683,0.499365,0.498773,0.497711,0.495877,0.49283,0.487956,0.480458,0.46936,0.453561,0.431932,0.403462,0.367441,0.323644,0.272484,0.215095,0.153307,0.0895159,0.0264557,-0.033078,-0.0864918,-0.131598,-0.166721,-0.190707,-0.20286,-0.20286,-0.190707,-0.166721,-0.131598,-0.0864918,-0.033078,0.0264557,0.0895159,0.153307,0.215095,0.272484,0.323644,0.367441,0.403462,0.431932,0.453561,0.46936,0.480458,0.487956,0.49283,0.495877,0.497711,0.498773,0.499365,0.499683,0.499847,0.499929,0.499968,0.499986,0.499994,0.499997,0.499997
0.499997,0.499997,0.499995,0.499988,0.499972,0.499937,0.499865,0.499719,0.499436,0.498908,0.49796,0.49632,0.493589,0.489212,0.482464,0.472452,0.458162,0.438542,0.412636,0.379748,0.33961,0.292534,0.239491,0.182111,0.122567,0.0633887,0.00721053,-0.0434701,-0.0864918,-0.120146,-0.143213,-0.154927,-0.154927,-0.143213,-0.120146,-0.0864918,-0.0434701,0.00721053,0.0633887,0.122567,0.182111,0.239491,0.292534,0.33961,0.379748,0.412636,0.438542,0.458162,0.472452,0.482464,0.489212,0.493589,0.49632,0.49796,0.498908,0.499436,0.499719,0.499865,0.499937,0.499972,0.499988,0.499995,0.499997,0.499997
0.499998,0.499998,0.499995,0.499989,0.499976,0.499946,0.499884,0.499758,0.499513,0.499056,0.498234,0.496807,0.494427,0.490604,0.484693,0.475897,0.463303,0.445952,0.422958,0.393648,0.357719,0.31538,0.267429,0.215271,0.160831,0.106397,0.0544022,0.00721053,-0.033078,-0.064752,-0.0865462,-0.0976421,-0.0976421,-0.0865462,-0.064752,-0.033078,0.00721053,0.0544022,0.106397,0.160831,0.215271,0.267429,0.31538,0.357719,0.393648,0.422958,0.445952,0.463303,0.475897,0.484693,0.490604,0.494427,0.496807,0.498234,0.499056,0.499513,0.499758,0.499884,0.499946,0.499976,0.499989,0.499995,0.499998,0.499998
0.499998,0.499998,0.499996,0.499991,0.49998,0.499955,0.499903,0.499797,0.499592,0.499208,0.498515,0.49731,0.495293,0.492045,0.487007,0.479485,0.468676,0.453727,0.433832,0.408356,0.376975,0.339798,0.297456,0.251123,0.202458,0.153482,0.106397,0.0633887,0.0264557,-0.00272849,-0.0228891,-0.0331792,-0.0331792,-0.0228891,-0.00272849,0.0264557,0.0633887,0.106397,0.153482,0.202458,0.251123,0.297456,0.339798,0.376975,0.408356,0.433832,0.453727,0.468676,0.479485,0.487007,0.492045,0.495293,0.49731,0.498515,0.499208,0.499592,0.499797,0.499903,0.499955,0.49998,0.499991,0.499996,0.499998,0.499998
0.499998,0.499998,0.499997,0.499993,0.499984,0.499964,0.499921,0.499836,0.499669,0.499355,0.498787,0.497798,0.496138,0.493455,0.489279,0.483021,0.473992,0.461451,0.444685,0.423109,0.396391,0.36456,0.328089,0.287928,0.245471,0.202458,0.160831,0.122567,0.0895159,0.0632683,0.0450663,0.0357531,0.0357531,0.0450663,0.0632683,0.0895159,0.122567,0.160831,0.202458,0.245471,0.287928,0.328089,0.36456,0.396391,0.423109,0.444685,0.461451,0.473992,0.483021,0.489279,0.493455,0.496138,0.497798,0.498787,0.499355,0.499669,0.499836,0.499921,0.499964,0.499984,0.499993,0.499997,0.499998,0.499998
0.499999,0.499999,0.499998,0.499995,0.499987,0.499972,0.499938,0.499871,0.499739,0.49949,0.499039,0.49825,0.496922,0.494769,0.491404,0.486341,0.479006,0.468771,0.455019,0.43723,0.415079,0.388534,0.357932,0.324018,0.287928,0.251123,0.215271,0.182111,0.153307,0.130323,0.114325,0.106121,0.106121,0.114325,0.130323,0.153307,0.182111,0.215271,0.251123,0.287928,0.324018,0.357932,0.388534,0.415079,0.43723,0.455019,0.468771,0.479006,0.486341,0.491404,0.494769,0.496922,0.49825,0.499039,0.49949,0.499739,0.499871,0.499938,0.499972,0.499987,0.499995,0.499998,0.499999,0.499999
0.499999,0.499999,0.499998,0.499996,0.49999,0.499978,0.499953,0.499901,0.4998,0.499609,0.499261,0.498651,0.497619,0.49594,0.493306,0.489326,0.483533,0.475411,0.464442,0.450177,0.432313,0.410777,0.385795,0.357932,0.328089,0.297456,0.267429,0.239491,0.215095,0.19554,0.181883,0.174865,0.174865,0.181883,0.19554,0.215095,0.239491,0.267429,0.297456,0.328089,0.357932,0.385795,0.410777,0.432313,0.450177,0.464442,0.475411,0.483533,0.489326,0.493306,0.49594,0.497619,0.498651,0.499261,0.499609,0.4998,0.499901,0.499953,0.499978,0.49999,0.499996,0.499998,0.499999,0.499999
0.499999,0.499999,0.499999,0.499997,0.499993,0.499984,0.499965,0.499927,0.499852,0.499709,0.499449,0.49899,0.498212,0.496941,0.494939,0.4919,0.487455,0.481193,0.472693,0.461577,0.447575,0.430595,0.410777,0.388534,0.36456,0.339798,0.31538,0.292534,0.272484,0.256347,0.245042,0.239221,0.239221,0.245042,0.256347,0.272484,0.292534,0.31538,0.339798,0.36456,0.388534,0.410777,0.430595,0.447575,0.461577,0.472693,0.481193,0.487455,0.4919,0.494939,0.496941,0.498212,0.49899,0.499449,0.499709,0.499852,0.499927,0.499965,0.499984,0.499993,0.499997,0.499999,0.499999,0.499999
0.5,0.5,0.499999,0.499998,0.499995,0.499989,0.499975,0.499948,0.499893,0.49979,0.499601,0.499267,0.498698,0.497764,0.496286,0.494034,0.490724,0.486036,0.47964,0.471228,0.460573,0.447575,0.432313,0.415079,0.396391,0.376975,0.357719,0.33961,0.323644,0.310745,0.301682,0.297008,0.297008,0.301682,0.310745,0.323644,0.33961,0.357719,0.376975,0.396391,0.415079,0.432313,0.447575,0.460573,0.471228,0.47964,0.486036,0.490724,0.494034,0.496286,0.497764,0.498698,0.499267,0.499601,0.49979,0.499893,0.499948,0.499975,0.499989,0.499995,0.499998,0.499999,0.5,0.5
0.5,0.5,0.499999,0.499999,0.499997,0.499992,0.499983,0.499964,0.499926,0.499853,0.49972,0.499484,0.49908,0.498415,0.497357,0.495737,0.493345,0.48994,0.48527,0.479095,0.471228,0.461577,0.450177,0.43723,0.423109,0.408356,0.393648,0.379748,0.367441,0.357464,0.350436,0.346805,0.346805,0.350436,0.357464,0.367441,0.379748,0.393648,0.408356,0.423109,0.43723,0.450177,0.461577,0.471228,0.479095,0.48527,0.48994,0.493345,0.495737,0.497357,0.498415,0.49908,0.499484,0.49972,0.499853,0.499926,0.499964,0.499983,0.499992,0.499997,0.499999,0.499999,0.5,0.5
0.5,0.5,0.5,0.499999,0.499998,0.499995,0.499988,0.499976,0.49995,0.499901,0.49981,0.499648,0.49937,0.49891,0.498176,0.497046,0.49537,0.492972,0.489665,0.48527,0.47964,0.472693,0.464442,0.455019,0.444685,0.433832,0.422958,0.412636,0.403462,0.396,0.390732,0.388006,0.388006,0.390732,0.396,0.403462,0.412636,0.422958,0.433832,0.444685,0.455019,0.464442,0.472693,0.47964,0.48527,0.489665,0.492972,0.49537,0.497046,0.498176,0.49891,0.49937,0.499648,0.49981,0.499901,0.49995,0.499976,0.499988,0.499995,0.499998,0.499999,0.5,0.5,0.5
0.5,0.5,0.5,0.499999,0.499999,0.499997,0.499993,0.499984,0.499967,0.499935,0.499875,0.499767,0.499582,0.499274,0.49878,0.498016,0.496878,0.495241,0.492972,0.48994,0.486036,0.481193,0.475411,0.468771,0.461451,0.453727,0.445952,0.438542,0.431932,0.42654,0.422725,0.420748,0.420748,0.422725,0.42654,0.431932,0.438542,0.445952,0.453727,0.461451,0.468771,0.475411,0.481193,0.486036,0.48994,0.492972,0.495241,0.496878,0.498016,0.49878,0.499274,0.499582,0.499767,0.499875,0.499935,0.499967,0.499984,0.499993,0.499997,0.499999,0.499999,0.5,0.5,0.5
0.5,0.5,0.5,0.5,0.499999,0.499998,0.499995,0.49999,0.499979,0.499958,0.49992,0.499851,0.499731,0.499531,0.499209,0.498709,0.49796,0.496878,0.49537,0.493345,0.490724,0.487455,0.483533,0.479006,0.473992,0.468676,0.463303,0.458162,0.453561,0.449798,0.447131,0.445747,0.445747,0.447131,0.449798,0.453561,0.458162,0.463303,0.468676,0.473992,0.479006,0.483533,0.487455,0.490724,0.493345,0.49537,0.496878,0.49796,0.498709,0.499209,0.499531,0.499731,0.499851,0.49992,0.499958,0.499979,0.49999,0.499995,0.499998,0.499999,0.5,0.5,0.5,0.5
0.5,0.5,0.5,0.5,0.499999,0.499999,0.499997,0.499994,0.499987,0.499974,0.499951,0.499907,0.499833,0.499707,0.499504,0.499187,0.498709,0.498016,0.497046,0.495737,0.494034,0.4919,0.489326,0.486341,0.483021,0.479485,0.475897,0.472452,0.46936,0.466825,0.465025,0.46409,0.46409,0.465025,0.466825,0.46936,0.472452,0.475897,0.479485,0.483021,0.486341,0.489326,0.4919,0.494034,0.495737,0.497046,0.498016,0.498709,0.499187,0.499504,0.499707,0.499833,0.499907,0.499951,0.499974,0.499987,0.499994,0.499997,0.499999,0.499999,0.5,0.5,0.5,0.5
0.5,0.5,0.5,0.5,0.5,0.499999,0.499998,0.499996,0.499992,0.499985,0.49997,0.499944,0.499899,0.499823,0.499698,0.499504,0.499209,0.49878,0.498176,0.497357,0.496286,0.494939,0.493306,0.491404,0.489279,0.487007,0.484693,0.482464,0.480458,0.47881,0.477637,0.477028,0.477028,0.477637,0.47881,0.480458,0.482464,0.484693,0.487007,0.489279,0.491404,0.493306,0.494939,0.496286,0.497357,0.498176,0.49878,0.499209,0.499504,0.499698,0.499823,0.499899,0.499944,0.49997,0.499985,0.499992,0.499996,0.499998,0.499999,0.5,0.5,0.5,0.5,0.5
0.5,0.5,0.5,0.5,0.5,0.5,0.499999,0.499998,0.499996,0.499991,0.499983,0.499968,0.499941,0.499896,0.499823,0.499707,0.499531,0.499274,0.49891,0.498415,0.497764,0.496941,0.49594,0.494769,0.493455,0.492045,0.490604,0.489212,0.487956,0.486922,0.486186,0.485802,0.485802,0.486186,0.486922,0.487956,0.489212,0.490604,0.492045,0.493455,0.494769,0.49594,0.496941,0.497764,0.498415,0.49891,0.499274,0.499531,0.499707,0.499823,0.499896,0.499941,0.499968,0.499983,0.499991,0.499996,0.499998,0.499999,0.5,0.5,0.5,0.5,0.5,0.5
0.5,0.5,0.5,0.5,0.5,0.5,0.499999,0.499999,0.499998,0.499995,0.49999,0.499982,0.499967,0.499941,0.499899,0.499833,0.499731,0.499582,0.49937,0.49908,0.498698,0.498212,0.497619,0.496922,0.496138,0.495293,0.494427,0.493589,0.49283,0.492204,0.491757,0.491525,0.491525,0.491757,0.492204,0.49283,0.493589,0.494427,0.495293,0.496138,0.496922,0.497619,0.498212,0.498698,0.49908,0.49937,0.499582,0.499731,0.499833,0.499899,0.499941,0.499967,0.499982,0.49999,0.499995,0.499998,0.499999,0.499999,0.5,0.5,0.5,0.5,0.5,0.5
0.5,0.5,0.5,0.5,0.5,0.5,0.5,0.499999,0.499999,0.499997,0.499995,0.49999,0.499982,0.499968,0.499944,0.499907,0.499851,0.499767,0.499648,0.499484,0.499267,0.49899,0.498651,0.49825,0.497798,0.49731,0.496807,0.49632,0.495877,0.495512,0.495251,0.495115,0.495115,0.495251,0.495512,0.495877,0.49632,0.496807,0.49731,0.497798,0.49825,0.498651,0.49899,0.499267,0.499484,0.499648,0.499767,0.499851,0.499907,0.499944,0.499968,0.499982,0.49999,0.499995,0.499997,0.499999,0.499999,0.5,0.5,0.5,0.5,0.5,0.5,0.5
0.5,0.5,0.5,0.5,0.5,0.5,0.5,0.5,0.499999,0.499999,0.499997,0.499995,0.49999,0.499983,0.49997,0.499951,0.49992,0.499875,0.49981,0.49972,0.499601,0.499449,0.499261,0.499039,0.498787,0.498515,0.498234,0.49796,0.497711,0.497505,0.497358,0.497282,0.497282,0.497358,0.497505,0.497711,0.49796,0.498234,0.498515,0.498787,0.499039,0.499261,0.499449,0.499601,0.49972,0.49981,0.499875,0.49992,0.499951,0.49997,0.499983,0.49999,0.499995,0.499997,0.499999,0.499999,0.5,0.5,0.5,0.5,0.5,0.5,0.5,0.5
0.5,0.5,0.5,0.5,0.5,0.5,0.5,0.5,0.5,0.499999,0.499999,0.499997,0.499995,0.499991,0.499985,0.499974,0.499958,0.499935,0.499901,0.499853,0.49979,0.499709,0.499609,0.49949,0.499355,0.499208,0.499056,0.498908,0.498773,0.498662,0.498582,0.49854,0.49854,0.498582,0.498662,0.498773,0.498908,0.499056,0.499208,0.499355,0.49949,0.499609,0.499709,0.49979,0.499853,0.499901,0.499935,0.499958,0.499974,0.499985,0.499991,0.499995,0.499997,0.499999,0.499999,0.5,0.5,0.5,0.5,0.5,0.5,0.5,0.5,0.5
0.5,0.5,0.5,0.5,0.5,0.5,0.5,0.5,0.5,0.5,0.499999,0.499999,0.499998,0.499996,0.499992,0.499987,0.499979,0.499967,0.49995,0.499926,0.499893,0.499852,0.4998,0.499739,0.499669,0.499592,0.499513,0.499436,0.499365,0.499307,0.499265,0.499243,0.499243,0.499265,0.499307,0.499365,0.499436,0.499513,0.499592,0.499669,0.499739,0.4998,0.499852,0.499893,0.499926,0.49995,0.499967,0.499979,0.499987,0.499992,0.499996,0.499998,0.499999,0.499999,0.5,0.5,0.5,0.5,0.5,0.5,0.5,0.5,0.5,0.5
0.5,0.5,0.5,0.5,0.5,0.5,0.5,0.5,0.5,0.5,0.5,0.499999,0.499999,0.499998,0.499996,0.499994,0.49999,0.499984,0.499976,0.499964,0.499948,0.499927,0.499901,0.499871,0.499836,0.499797,0.499758,0.499719,0.499683,0.499654,0.499632,0.499621,0.499621,0.499632,0.499654,0.499683,0.499719,0.499758,0.499797,0.499836,0.499871,0.499901,0.499927,0.499948,0.499964,0.499976,0.499984,0.49999,0.499994,0.499996,0.499998,0.499999,0.499999,0.5,0.5,0.5,0.5,0.5,0.5,0.5,0.5,0.5,0.5,0.5
0.5,0.5,0.5,0.5,0.5,0.5,0.5,0.5,0.5,0.5,0.5,0.5,0.499999,0.499999,0.499998,0.499997,0.499995,0.499993,0.499988,0.499983,0.499975,0.499965,0.499953,0.499938,0.499921,0.499903,0.499884,0.499865,0.499847,0.499833,0.499823,0.499817,0.499817,0.499823,0.499833,0.499847,0.499865,0.499884,0.499903,0.499921,0.499938,0.499953,0.499965,0.499975,0.499983,0.499988,0.499993,0.499995,0.499997,0.499998,0.499999,0.499999,0.5,0.5,0.5,0.5,0.5,0.5,0.5,0.5,0.5,0.5,0.5,0.5
0.5,0.5,0.5,0.5,0.5,0.5,0.5,0.5,0.5,0.5,0.5,0.5,0.5,0.5,0.499999,0.499999,0.499998,0.499997,0.499995,0.499992,0.499989,0.499984,0.499978,0.499972,0.499964,0.499955,0.499946,0.499937,0.499929,0.499922,0.499917,0.499915,0.499915,0.499917,0.499922,0.499929,0.499937,0.499946,0.499955,0.499964,0.499972,0.499978,0.499984,0.499989,0.499992,0.499995,0.499997,0.499998,0.499999,0.499999,0.5,0.5,0.5,0.5,0.5,0.5,0.5,0.5,0.5,0.5,0.5,0.5,0.5,0.5
0.5,0.5,0.5,0.5,0.5,0.5,0.5,0.5,0.5,0.5,0.5,0.5,0.5,0.5,0.5,0.499999,0.499999,0.499999,0.499998,0.499997,0.499995,0.499993,0.49999,0.499987,0.499984,0.49998,0.499976,0.499972,0.499968,0.499965,0.499963,0.499962,0.499962,0.499963,0.499965,0.499968,0.499972,0.499976,0.49998,0.499984,0.499987,0.49999,0.499993,0.499995,0.499997,0.499998,0.499999,0.499999,0.499999,0.5,0.5,0.5,0.5,0.5,0.5,0.5,0.5,0.5,0.5,0.5,0.5,0.5,0.5,0.5
0.5,0.5,0.5,0.5,0.5,0.5,0.5,0.5,0.5,0.5,0.5,0.5,0.5,0.5,0.5,0.5,0.5,0.499999,0.499999,0.499999,0.499998,0.499997,0.499996,0.499995,0.499993,0.499991,0.499989,0.499988,0.499986,0.499985,0.499984,0.499983,0.499983,0.499984,0.499985,0.499986,0.499988,0.499989,0.499991,0.499993,0.499995,0.499996,0.499997,0.499998,0.499999,0.499999,0.499999,0.5,0.5,0.5,0.5,0.5,0.5,0.5,0.5,0.5,0.5,0.5,0.5,0.5,0.5,0.5,0.5,0.5
0.5,0.5,0.5,0.5,0.5,0.5,0.5,0.5,0.5,0.5,0.5,0.5,0.5,0.5,0.5,0.5,0.5,0.5,0.5,0.499999,0.499999,0.499999,0.499998,0.499998,0.499997,0.499996,0.499995,0.499995,0.499994,0.499993,0.499993,0.499993,0.499993,0.499993,0.499993,0.499994,0.499995,0.499995,0.499996,0.499997,0.499998,0.499998,0.499999,0.499999,0.499999,0.5,0.5,0.5,0.5,0.5,0.5,0.5,0.5,0.5,0.5,0.5,0.5,0.5,0.5,0.5,0.5,0.5,0.5,0.5
0.5,0.5,0.5,0.5,0.5,0.5,0.5,0.5,0.5,0.5,0.5,0.5,0.5,0.5,0.5,0.5,0.5,0.5,0.5,0.5,0.5,0.499999,0.499999,0.499999,0.499998,0.499998,0.499998,0.499997,0.499997,0.499996,0.499996,0.499996,0.499996,0.499996,0.499996,0.499997,0.499997,0.499998,0.499998,0.499998,0.499999,0.499999,0.499999,0.5,0.5,0.5,0.5,0.5,0.5,0.5,0.5,0.5,0.5,0.5,0.5,0.5,0.5,0.5,0.5,0.5,0.5,0.5,0.5,0.5
0.5,0.5,0.5,0.5,0.5,0.5,0.5,0.5,0.5,0.5,0.5,0.5,0.5,0.5,0.5,0.5,0.5,0.5,0.5,0.5,0.5,0.499999,0.499999,0.499999,0.499998,0.499998,0.499998,0.499997,0.499997,0.499996,0.499996,0.499996,0.499996,0.499996,0.499996,0.499997,0.499997,0.499998,0.499998,0.499998,0.499999,0.499999,0.499999,0.5,0.5,0.5,0.5,0.5,0.5,0.5,0.5,0.5,0.5,0.5,0.5,0.5,0.5,0.5,0.5,0.5,0.5,0.5,0.5,0.5
