0.5,0.5,0.5,0.5,0.499999,0.499998,0.499997,0.499995,0.499991,0.499984,0.499974,0.499958,0.499934,0.499899,0.49985,0.499783,0.499692,0.499575,0.499427,0.499246,0.49903,0.498781,0.498501,0.498197,0.497877,0.497554,0.497239,0.496948,0.496694,0.49649,0.496348,0.496274,0.496274,0.496348,0.49649,0.496694,0.496948,0.497239,0.497554,0.497877,0.498197,0.498501,0.498781,0.49903,0.499246,0.499427,0.499575,0.499692,0.499783,0.49985,0.499899,0.499934,0.499958,0.499974,0.499984,0.499991,0.499995,0.499997,0.499998,0.499999,0.5,0.5,0.5,0.5
0.5,0.5,0.5,0.5,0.499999,0.499998,0.499997,0.499995,0.499991,0.499984,0.499974,0.499958,0.499934,0.499899,0.49985,0.499783,0.499692,0.499575,0.499427,0.499246,0.49903,0.498781,0.498501,0.498197,0.497877,0.497554,0.497239,0.496948,0.496694,0.49649,0.496348,0.496274,0.496274,0.496348,0.49649,0.496694,0.496948,0.497239,0.497554,0.497877,0.498197,0.498501,0.498781,0.49903,0.499246,0.499427,0.499575,0.499692,0.499783,0.49985,0.499899,0.499934,0.499958,0.499974,0.499984,0.499991,0.499995,0.499997,0.499998,0.499999,0.5,0.5,0.5,0.5
0.5,0.5,0.5,0.499999,0.499999,0.499998,0.499996,0.499992,0.499986,0.499977,0.499962,0.499939,0.499905,0.499856,0.499787,0.499694,0.499569,0.499409,0.499208,0.498963,0.498673,0.49834,0.497969,0.497567,0.497148,0.496725,0.496315,0.495937,0.495608,0.495345,0.495161,0.495067,0.495067,0.495161,0.495345,0.495608,0.495937,0.496315,0.496725,0.497148,0.497567,0.497969,0.49834,0.498673,0.498963,0.499208,0.499409,0.499569,0.499694,0.499787,0.499856,0.499905,0.499939,0.499962,0.499977,0.499986,0.499992,0.499996,0.499998,0.499999,0.499999,0.5,0.5,0.5
0.5,0.5,0.499999,0.499999,0.499998,0.499996,0.499992,0.499986,0.499976,0.49996,0.499934,0.499896,0.499839,0.499757,0.499644,0.499492,0.499291,0.499034,0.498715,0.498331,0.497879,0.497364,0.496794,0.496182,0.495547,0.49491,0.494296,0.493732,0.493244,0.492854,0.492582,0.492443,0.492443,0.492582,0.492854,0.493244,0.493732,0.494296,0.49491,0.495547,0.496182,0.496794,0.497364,0.497879,0.498331,0.498715,0.499034,0.499291,0.499492,0.499644,0.499757,0.499839,0.499896,0.499934,0.49996,0.499976,0.499986,0.499992,0.499996,0.499998,0.499999,0.499999,0.5,0.5
0.499999,0.499999,0.499999,0.499998,0.499996,0.499992,0.499985,0.499974,0.499956,0.499927,0.499882,0.499815,0.499716,0.499576,0.499384,0.499126,0.49879,0.498364,0.49784,0.497213,0.496483,0.495657,0.49475,0.493784,0.492786,0.491793,0.49084,0.489969,0.489218,0.48862,0.488205,0.487992,0.487992,0.488205,0.48862,0.489218,0.489969,0.49084,0.491793,0.492786,0.493784,0.49475,0.495657,0.496483,0.497213,0.49784,0.498364,0.49879,0.499126,0.499384,0.499576,0.499716,0.499815,0.499882,0.499927,0.499956,0.499974,0.499985,0.499992,0.499996,0.499998,0.499999,0.499999,0.499999
0.499998,0.499998,0.499998,0.499996,0.499992,0.499985,0.499973,0.499953,0.499921,0.49987,0.499792,0.499675,0.499506,0.499269,0.498945,0.498514,0.497959,0.497261,0.49641,0.495399,0.494233,0.492924,0.491497,0.489987,0.48844,0.486908,0.485448,0.484119,0.482977,0.482072,0.481444,0.481123,0.481123,0.481444,0.482072,0.482977,0.484119,0.485448,0.486908,0.48844,0.489987,0.491497,0.492924,0.494233,0.495399,0.49641,0.497261,0.497959,0.498514,0.498945,0.499269,0.499506,0.499675,0.499792,0.49987,0.499921,0.499953,0.499973,0.499985,0.499992,0.499996,0.499998,0.499998,0.499998
0.499997,0.499997,0.499996,0.499992,0.499985,0.499973,0.499952,0.499918,0.499862,0.499774,0.499641,0.499445,0.499162,0.49877,0.498238,0.497538,0.496643,0.495529,0.494182,0.492597,0.490783,0.488764,0.486581,0.484288,0.481955,0.47966,0.477485,0.475515,0.473828,0.472496,0.471575,0.471104,0.471104,0.471575,0.472496,0.473828,0.475515,0.477485,0.47966,0.481955,0.484288,0.486581,0.488764,0.490783,0.492597,0.494182,0.495529,0.496643,0.497538,0.498238,0.49877,0.499162,0.499445,0.499641,0.499774,0.499862,0.499918,0.499952,0.499973,0.499985,0.499992,0.499996,0.499997,0.499997
0.499995,0.499995,0.499992,0.499986,0.499974,0.499953,0.499918,0.499859,0.499765,0.499619,0.499399,0.499077,0.498619,0.497987,0.49714,0.496035,0.494635,0.492911,0.490844,0.488434,0.485701,0.482687,0.479454,0.476086,0.472684,0.46936,0.46623,0.46341,0.461007,0.459115,0.457811,0.457145,0.457145,0.457811,0.459115,0.461007,0.46341,0.46623,0.46936,0.472684,0.476086,0.479454,0.482687,0.485701,0.488434,0.490844,0.492911,0.494635,0.496035,0.49714,0.497987,0.498619,0.499077,0.499399,0.499619,0.499765,0.499859,0.499918,0.499953,0.499974,0.499986,0.499992,0.499995,0.499995
0.499991,0.499991,0.499986,0.499976,0.499956,0.499921,0.499862,0.499765,0.499611,0.499375,0.499021,0.498508,0.497787,0.4968,0.49549,0.4938,0.491678,0.48909,0.486019,0.482473,0.47849,0.474137,0.469511,0.464733,0.459946,0.455302,0.450959,0.447069,0.443771,0.441185,0.439407,0.438501,0.438501,0.439407,0.441185,0.443771,0.447069,0.450959,0.455302,0.459946,0.464733,0.469511,0.474137,0.47849,0.482473,0.486019,0.48909,0.491678,0.4938,0.49549,0.4968,0.497787,0.498508,0.499021,0.499375,0.499611,0.499765,0.499862,0.499921,0.499956,0.499976,0.499986,0.499991,0.499991
0.499984,0.499984,0.499977,0.49996,0.499927,0.49987,0.499774,0.499619,0.499375,0.499002,0.49845,0.497658,0.496553,0.495058,0.493093,0.490583,0.487466,0.483703,0.479283,0.474233,0.468619,0.462544,0.456151,0.449609,0.443112,0.43686,0.431056,0.425891,0.421536,0.418136,0.415805,0.41462,0.41462,0.415805,0.418136,0.421536,0.425891,0.431056,0.43686,0.443112,0.449609,0.456151,0.462544,0.468619,0.474233,0.479283,0.483703,0.487466,0.490583,0.493093,0.495058,0.496553,0.497658,0.49845,0.499002,0.499375,0.499619,0.499774,0.49987,0.499927,0.49996,0.499977,0.499984,0.499984
0.499974,0.499974,0.499962,0.499934,0.499882,0.499792,0.499641,0.499399,0.499021,0.49845,0.497613,0.496423,0.49478,0.492581,0.489719,0.486103,0.481662,0.476358,0.470199,0.463238,0.455583,0.447391,0.438859,0.430218,0.421716,0.41361,0.406144,0.399548,0.39402,0.389726,0.386792,0.385304,0.385304,0.386792,0.389726,0.39402,0.399548,0.406144,0.41361,0.421716,0.430218,0.438859,0.447391,0.455583,0.463238,0.470199,0.476358,0.481662,0.486103,0.489719,0.492581,0.49478,0.496423,0.497613,0.49845,0.499021,0.499399,0.499641,0.499792,0.499882,0.499934,0.499962,0.499974,0.499974
0.499958,0.499958,0.499939,0.499896,0.499815,0.499675,0.499445,0.499077,0.498508,0.497658,0.496423,0.494685,0.492311,0.489166,0.485119,0.480063,0.473924,0.466677,0.45836,0.449071,0.438977,0.428299,0.417305,0.406294,0.395575,0.385455,0.376219,0.368124,0.361387,0.356182,0.352641,0.350849,0.350849,0.352641,0.356182,0.361387,0.368124,0.376219,0.385455,0.395575,0.406294,0.417305,0.428299,0.438977,0.449071,0.45836,0.466677,0.473924,0.480063,0.485119,0.489166,0.492311,0.494685,0.496423,0.497658,0.498508,0.499077,0.499445,0.499675,0.499815,0.499896,0.499939,0.499958,0.499958
0.499934,0.499934,0.499905,0.499839,0.499716,0.499506,0.499162,0.498619,0.497787,0.496553,0.49478,0.492311,0.488975,0.484604,0.479043,0.472177,0.463939,0.454336,0.44345,0.431447,0.418568,0.405116,0.39144,0.377908,0.36489,0.352735,0.341755,0.332219,0.324345,0.318301,0.314207,0.312142,0.312142,0.314207,0.318301,0.324345,0.332219,0.341755,0.352735,0.36489,0.377908,0.39144,0.405116,0.418568,0.431447,0.44345,0.454336,0.463939,0.472177,0.479043,0.484604,0.488975,0.492311,0.49478,0.496553,0.497787,0.498619,0.499162,0.499506,0.499716,0.499839,0.499905,0.499934,0.499934
0.499899,0.499899,0.499856,0.499757,0.499576,0.499269,0.49877,0.497987,0.4968,0.495058,0.492581,0.489166,0.484604,0.478693,0.471264,0.462202,0.451468,0.439117,0.425302,0.410275,0.394373,0.377993,0.361568,0.345537,0.330317,0.316282,0.303753,0.292985,0.284175,0.277461,0.27294,0.270666,0.270666,0.27294,0.277461,0.284175,0.292985,0.303753,0.316282,0.330317,0.345537,0.361568,0.377993,0.394373,0.410275,0.425302,0.439117,0.451468,0.462202,0.471264,0.478693,0.484604,0.489166,0.492581,0.495058,0.4968,0.497987,0.49877,0.499269,0.499576,0.499757,0.499856,0.499899,0.499899
0.49985,0.49985,0.499787,0.499644,0.499384,0.498945,0.498238,0.49714,0.49549,0.493093,0.489719,0.485119,0.479043,0.471264,0.461607,0.449976,0.436383,0.420956,0.403946,0.385714,0.366707,0.347424,0.328384,0.310081,0.292963,0.277405,0.263702,0.252071,0.242656,0.235545,0.230788,0.228405,0.228405,0.230788,0.235545,0.242656,0.252071,0.263702,0.277405,0.292963,0.310081,0.328384,0.347424,0.366707,0.385714,0.403946,0.420956,0.436383,0.449976,0.461607,0.471264,0.479043,0.485119,0.489719,0.493093,0.49549,0.49714,0.498238,0.498945,0.499384,0.499644,0.499787,0.49985,0.49985
0.499783,0.499783,0.499694,0.499492,0.499126,0.498514,0.497538,0.496035,0.4938,0.490583,0.486103,0.480063,0.472177,0.462202,0.449976,0.435449,0.418707,0.399982,0.379649,0.358197,0.336196,0.31425,0.292948,0.272824,0.254323,0.237788,0.223458,0.211474,0.2019,0.194748,0.190002,0.187637,0.187637,0.190002,0.194748,0.2019,0.211474,0.223458,0.237788,0.254323,0.272824,0.292948,0.31425,0.336196,0.358197,0.379649,0.399982,0.418707,0.435449,0.449976,0.462202,0.472177,0.480063,0.486103,0.490583,0.4938,0.496035,0.497538,0.498514,0.499126,0.499492,0.499694,0.499783,0.499783
0.499692,0.499692,0.499569,0.499291,0.49879,0.497959,0.496643,0.494635,0.491678,0.487466,0.481662,0.473924,0.463939,0.451468,0.436383,0.418707,0.398633,0.376527,0.352911,0.32842,0.30375,0.279598,0.256605,0.235311,0.216125,0.199321,0.185039,0.173313,0.1641,0.157314,0.152859,0.150654,0.150654,0.152859,0.157314,0.1641,0.173313,0.185039,0.199321,0.216125,0.235311,0.256605,0.279598,0.30375,0.32842,0.352911,0.376527,0.398633,0.418707,0.436383,0.451468,0.463939,0.473924,0.481662,0.487466,0.491678,0.494635,0.496643,0.497959,0.49879,0.499291,0.499569,0.499692,0.499692
0.499575,0.499575,0.499409,0.499034,0.498364,0.497261,0.495529,0.492911,0.48909,0.483703,0.476358,0.466677,0.454336,0.439117,0.420956,0.399982,0.376527,0.351119,0.324446,0.297296,0.270483,0.244779,0.220846,0.19919,0.180145,0.16387,0.150376,0.13956,0.131249,0.125244,0.121361,0.119457,0.119457,0.121361,0.125244,0.131249,0.13956,0.150376,0.16387,0.180145,0.19919,0.220846,0.244779,0.270483,0.297296,0.324446,0.351119,0.376527,0.399982,0.420956,0.439117,0.454336,0.466677,0.476358,0.483703,0.48909,0.492911,0.495529,0.497261,0.498364,0.499034,0.499409,0.499575,0.499575
0.499427,0.499427,0.499208,0.498715,0.49784,0.49641,0.494182,0.490844,0.486019,0.479283,0.470199,0.45836,0.44345,0.425302,0.403946,0.379649,0.352911,0.324446,0.295119,0.265867,0.237606,0.211151,0.187145,0.166019,0.147985,0.133054,0.121075,0.111788,0.104878,0.100029,0.0969663,0.0954878,0.0954878,0.0969663,0.100029,0.104878,0.111788,0.121075,0.133054,0.147985,0.166019,0.187145,0.211151,0.237606,0.265867,0.295119,0.324446,0.352911,0.379649,0.403946,0.425302,0.44345,0.45836,0.470199,0.479283,0.486019,0.490844,0.494182,0.49641,0.49784,0.498715,0.499208,0.499427,0.499427
0.499246,0.499246,0.498963,0.498331,0.497213,0.495399,0.492597,0.488434,0.482473,0.474233,0.463238,0.449071,0.431447,0.410275,0.385714,0.358197,0.32842,0.297296,0.265867,0.235204,0.206299,0.179969,0.156793,0.137082,0.120889,0.108043,0.0982136,0.0909742,0.0858685,0.0824673,0.0804133,0.0794521,0.0794521,0.0804133,0.0824673,0.0858685,0.0909742,0.0982136,0.108043,0.120889,0.137082,0.156793,0.179969,0.206299,0.235204,0.265867,0.297296,0.32842,0.358197,0.385714,0.410275,0.431447,0.449071,0.463238,0.474233,0.482473,0.488434,0.492597,0.495399,0.497213,0.498331,0.498963,0.499246,0.499246
0.49903,0.49903,0.498673,0.497879,0.496483,0.494233,0.490783,0.485701,0.47849,0.468619,0.455583,0.438977,0.418568,0.394373,0.366707,0.336196,0.30375,0.270483,0.237606,0.206299,0.177589,0.152253,0.130759,0.113258,0.0996085,0.0894425,0.0822409,0.0774143,0.0743761,0.0726003,0.0716631,0.0712699,0.0712699,0.0716631,0.0726003,0.0743761,0.0774143,0.0822409,0.0894425,0.0996085,0.113258,0.130759,0.152253,0.177589,0.206299,0.237606,0.270483,0.30375,0.336196,0.366707,0.394373,0.418568,0.438977,0.455583,0.468619,0.47849,0.485701,0.490783,0.494233,0.496483,0.497879,0.498673,0.49903,0.49903
0.498781,0.498781,0.49834,0.497364,0.495657,0.492924,0.488764,0.482687,0.474137,0.462544,0.447391,0.428299,0.405116,0.377993,0.347424,0.31425,0.279598,0.244779,0.211151,0.179969,0.152253,0.128692,0.109604,0.0949416,0.0843527,0.0772621,0.0729687,0.0707367,0.0698712,0.069773,0.0699738,0.0701546,0.0701546,0.0699738,0.069773,0.0698712,0.0707367,0.0729687,0.0772621,0.0843527,0.0949416,0.109604,0.128692,0.152253,0.179969,0.211151,0.244779,0.279598,0.31425,0.347424,0.377993,0.405116,0.428299,0.447391,0.462544,0.474137,0.482687,0.488764,0.492924,0.495657,0.497364,0.49834,0.498781,0.498781
0.498501,0.498501,0.497969,0.496794,0.49475,0.491497,0.486581,0.479454,0.469511,0.456151,0.438859,0.417305,0.39144,0.361568,0.328384,0.292948,0.256605,0.220846,0.187145,0.156793,0.130759,0.109604,0.0934559,0.0820518,0.0748172,0.0709763,0.0696641,0.070024,0.0712821,0.0727951,0.0740745,0.0747951,0.0747951,0.0740745,0.0727951,0.0712821,0.070024,0.0696641,0.0709763,0.0748172,0.0820518,0.0934559,0.109604,0.130759,0.156793,0.187145,0.220846,0.256605,0.292948,0.328384,0.361568,0.39144,0.417305,0.438859,0.456151,0.469511,0.479454,0.486581,0.491497,0.49475,0.496794,0.497969,0.498501,0.498501
0.498197,0.498197,0.497567,0.496182,0.493784,0.489987,0.484288,0.476086,0.464733,0.449609,0.430218,0.406294,0.377908,0.345537,0.310081,0.272824,0.235311,0.19919,0.166019,0.137082,0.113258,0.0949416,0.0820518,0.0740962,0.0702837,0.0696551,0.0712076,0.0739958,0.0771996,0.0801614,0.0823968,0.0835915,0.0835915,0.0823968,0.0801614,0.0771996,0.0739958,0.0712076,0.0696551,0.0702837,0.0740962,0.0820518,0.0949416,0.113258,0.137082,0.166019,0.19919,0.235311,0.272824,0.310081,0.345537,0.377908,0.406294,0.430218,0.449609,0.464733,0.476086,0.484288,0.489987,0.493784,0.496182,0.497567,0.498197,0.498197
0.497877,0.497877,0.497148,0.495547,0.492786,0.48844,0.481955,0.472684,0.459946,0.443112,0.421716,0.395575,0.36489,0.330317,0.292963,0.254323,0.216125,0.180145,0.147985,0.120889,0.0996085,0.0843527,0.0748172,0.0702837,0.0697597,0.0721278,0.0762794,0.0812134,0.0860953,0.0902803,0.0933095,0.0948936,0.0948936,0.0933095,0.0902803,0.0860953,0.0812134,0.0762794,0.0721278,0.0697597,0.0702837,0.0748172,0.0843527,0.0996085,0.120889,0.147985,0.180145,0.216125,0.254323,0.292963,0.330317,0.36489,0.395575,0.421716,0.443112,0.459946,0.472684,0.481955,0.48844,0.492786,0.495547,0.497148,0.497877,0.497877
0.497554,0.497554,0.496725,0.49491,0.491793,0.486908,0.47966,0.46936,0.455302,0.43686,0.41361,0.385455,0.352735,0.316282,0.277405,0.237788,0.199321,0.16387,0.133054,0.108043,0.0894425,0.0772621,0.0709763,0.0696551,0.0721278,0.0771492,0.0835368,0.0902649,0.0965118,0.101667,0.105313,0.107196,0.107196,0.105313,0.101667,0.0965118,0.0902649,0.0835368,0.0771492,0.0721278,0.0696551,0.0709763,0.0772621,0.0894425,0.108043,0.133054,0.16387,0.199321,0.237788,0.277405,0.316282,0.352735,0.385455,0.41361,0.43686,0.455302,0.46936,0.47966,0.486908,0.491793,0.49491,0.496725,0.497554,0.497554
0.497239,0.497239,0.496315,0.494296,0.49084,0.485448,0.477485,0.46623,0.450959,0.431056,0.406144,0.376219,0.341755,0.303753,0.263702,0.223458,0.185039,0.150376,0.121075,0.0982136,0.0822409,0.0729687,0.0696641,0.0712076,0.0762794,0.0835368,0.0917529,0.0999027,0.107197,0.113074,0.117167,0.119262,0.119262,0.117167,0.113074,0.107197,0.0999027,0.0917529,0.0835368,0.0762794,0.0712076,0.0696641,0.0729687,0.0822409,0.0982136,0.121075,0.150376,0.185039,0.223458,0.263702,0.303753,0.341755,0.376219,0.406144,0.431056,0.450959,0.46623,0.477485,0.485448,0.49084,0.494296,0.496315,0.497239,0.497239
0.496948,0.496948,0.495937,0.493732,0.489969,0.484119,0.475515,0.46341,0.447069,0.425891,0.399548,0.368124,0.332219,0.292985,0.252071,0.211474,0.173313,0.13956,0.111788,0.0909742,0.0774143,0.0707367,0.070024,0.0739958,0.0812134,0.0902649,0.0999027,0.10912,0.117171,0.12355,0.127943,0.130177,0.130177,0.127943,0.12355,0.117171,0.10912,0.0999027,0.0902649,0.0812134,0.0739958,0.070024,0.0707367,0.0774143,0.0909742,0.111788,0.13956,0.173313,0.211474,0.252071,0.292985,0.332219,0.368124,0.399548,0.425891,0.447069,0.46341,0.475515,0.484119,0.489969,0.493732,0.495937,0.496948,0.496948
0.496694,0.496694,0.495608,0.493244,0.489218,0.482977,0.473828,0.461007,0.443771,0.421536,0.39402,0.361387,0.324345,0.284175,0.242656,0.2019,0.1641,0.131249,0.104878,0.0858685,0.0743761,0.0698712,0.0712821,0.0771996,0.0860953,0.0965118,0.107197,0.117171,0.125737,0.13244,0.137018,0.139334,0.139334,0.137018,0.13244,0.125737,0.117171,0.107197,0.0965118,0.0860953,0.0771996,0.0712821,0.0698712,0.0743761,0.0858685,0.104878,0.131249,0.1641,0.2019,0.242656,0.284175,0.324345,0.361387,0.39402,0.421536,0.443771,0.461007,0.473828,0.482977,0.489218,0.493244,0.495608,0.496694,0.496694
0.49649,0.49649,0.495345,0.492854,0.48862,0.482072,0.472496,0.459115,0.441185,0.418136,0.389726,0.356182,0.318301,0.277461,0.235545,0.194748,0.157314,0.125244,0.100029,0.0824673,0.0726003,0.069773,0.0727951,0.0801614,0.0902803,0.101667,0.113074,0.12355,0.13244,0.139336,0.144016,0.146376,0.146376,0.144016,0.139336,0.13244,0.12355,0.113074,0.101667,0.0902803,0.0801614,0.0727951,0.069773,0.0726003,0.0824673,0.100029,0.125244,0.157314,0.194748,0.235545,0.277461,0.318301,0.356182,0.389726,0.418136,0.441185,0.459115,0.472496,0.482072,0.48862,0.492854,0.495345,0.49649,0.49649
0.496348,0.496348,0.495161,0.492582,0.488205,0.481444,0.471575,0.457811,0.439407,0.415805,0.386792,0.352641,0.314207,0.27294,0.230788,0.190002,0.152859,0.121361,0.0969663,0.0804133,0.0716631,0.0699738,0.0740745,0.0823968,0.0933095,0.105313,0.117167,0.127943,0.137018,0.144016,0.148747,0.151125,0.151125,0.148747,0.144016,0.137018,0.127943,0.117167,0.105313,0.0933095,0.0823968,0.0740745,0.0699738,0.0716631,0.0804133,0.0969663,0.121361,0.152859,0.190002,0.230788,0.27294,0.314207,0.352641,0.386792,0.415805,0.439407,0.457811,0.471575,0.481444,0.488205,0.492582,0.495161,0.496348,0.496348
0.496274,0.496274,0.495067,0.492443,0.487992,0.481123,0.471104,0.457145,0.438501,0.41462,0.385304,0.350849,0.312142,0.270666,0.228405,0.187637,0.150654,0.119457,0.0954878,0.0794521,0.0712699,0.0701546,0.0747951,0.0835915,0.0948936,0.107196,0.119262,0.130177,0.139334,0.146376,0.151125,0.153511,0.153511,0.151125,0.146376,0.139334,0.130177,0.119262,0.107196,0.0948936,0.0835915,0.0747951,0.0701546,0.0712699,0.0794521,0.0954878,0.119457,0.150654,0.187637,0.228405,0.270666,0.312142,0.350849,0.385304,0.41462,0.438501,0.457145,0.471104,0.481123,0.487992,0.492443,0.495067,0.496274,0.496274
0.496274,0.496274,0.495067,0.492443,0.487992,0.481123,0.471104,0.457145,0.438501,0.41462,0.385304,0.350849,0.312142,0.270666,0.228405,0.187637,0.150654,0.119457,0.0954878,0.0794521,0.0712699,0.0701546,0.0747951,0.0835915,0.0948936,0.107196,0.119262,0.130177,0.139334,0.146376,0.151125,0.153511,0.153511,0.151125,0.146376,0.139334,0.130177,0.119262,0.107196,0.0948936,0.0835915,0.0747951,0.0701546,0.0712699,0.0794521,0.0954878,0.119457,0.150654,0.187637,0.228405,0.270666,0.312142,0.350849,0.385304,0.41462,0.438501,0.457145,0.471104,0.481123,0.487992,0.492443,0.495067,0.496274,0.496274
0.496348,0.496348,0.495161,0.492582,0.488205,0.481444,0.471575,0.457811,0.439407,0.415805,0.386792,0.352641,0.314207,0.27294,0.230788,0.190002,0.152859,0.121361,0.0969663,0.0804133,0.0716631,0.0699738,0.0740745,0.0823968,0.0933095,0.105313,0.117167,0.127943,0.137018,0.144016,0.148747,0.151125,0.151125,0.148747,0.144016,0.137018,0.127943,0.117167,0.105313,0.0933095,0.0823968,0.0740745,0.0699738,0.0716631,0.0804133,0.0969663,0.121361,0.152859,0.190002,0.230788,0.27294,0.314207,0.352641,0.386792,0.415805,0.439407,0.457811,0.471575,0.481444,0.488205,0.492582,0.495161,0.496348,0.496348
0.49649,0.49649,0.495345,0.492854,0.48862,0.482072,0.472496,0.459115,0.441185,0.418136,0.389726,0.356182,0.318301,0.277461,0.235545,0.194748,0.157314,0.125244,0.100029,0.0824673,0.0726003,0.069773,0.0727951,0.0801614,0.0902803,0.101667,0.113074,0.12355,0.13244,0.139336,0.144016,0.146376,0.146376,0.144016,0.139336,0.13244,0.12355,0.113074,0.101667,0.0902803,0.0801614,0.0727951,0.069773,0.0726003,0.0824673,0.100029,0.125244,0.157314,0.194748,0.235545,0.277461,0.318301,0.356182,0.389726,0.418136,0.441185,0.459115,0.472496,0.482072,0.48862,0.492854,0.495345,0.49649,0.49649
0.496694,0.496694,0.495608,0.493244,0.489218,0.482977,0.473828,0.461007,0.443771,0.421536,0.39402,0.361387,0.324345,0.284175,0.242656,0.2019,0.1641,0.131249,0.104878,0.0858685,0.0743761,0.0698712,0.0712821,0.0771996,0.0860953,0.0965118,0.107197,0.117171,0.125737,0.13244,0.137018,0.139334,0.139334,0.137018,0.13244,0.125737,0.117171,0.107197,0.0965118,0.0860953,0.0771996,0.0712821,0.0698712,0.0743761,0.0858685,0.104878,0.131249,0.1641,0.2019,0.242656,0.284175,0.324345,0.361387,0.39402,0.421536,0.443771,0.461007,0.473828,0.482977,0.489218,0.493244,0.495608,0.496694,0.496694
0.496948,0.496948,0.495937,0.493732,0.489969,0.484119,0.475515,0.46341,0.447069,0.425891,0.399548,0.368124,0.332219,0.292985,0.252071,0.211474,0.173313,0.13956,0.111788,0.0909742,0.0774143,0.0707367,0.070024,0.0739958,0.0812134,0.0902649,0.0999027,0.10912,0.117171,0.12355,0.127943,0.130177,0.130177,0.127943,0.12355,0.117171,0.10912,0.0999027,0.0902649,0.0812134,0.0739958,0.070024,0.0707367,0.0774143,0.0909742,0.111788,0.13956,0.173313,0.211474,0.252071,0.292985,0.332219,0.368124,0.399548,0.425891,0.447069,0.46341,0.475515,0.484119,0.489969,0.493732,0.495937,0.496948,0.496948
0.497239,0.497239,0.496315,0.494296,0.49084,0.485448,0.477485,0.46623,0.450959,0.431056,0.406144,0.376219,0.341755,0.303753,0.263702,0.223458,0.185039,0.150376,0.121075,0.0982136,0.0822409,0.0729687,0.0696641,0.0712076,0.0762794,0.0835368,0.0917529,0.0999027,0.107197,0.113074,0.117167,0.119262,0.119262,0.117167,0.113074,0.107197,0.0999027,0.0917529,0.0835368,0.0762794,0.0712076,0.0696641,0.0729687,0.0822409,0.0982136,0.121075,0.150376,0.185039,0.223458,0.263702,0.303753,0.341755,0.376219,0.406144,0.431056,0.450959,0.46623,0.477485,0.485448,0.49084,0.494296,0.496315,0.497239,0.497239
0.497554,0.497554,0.496725,0.49491,0.491793,0.486908,0.47966,0.46936,0.455302,0.43686,0.41361,0.385455,0.352735,0.316282,0.277405,0.237788,0.199321,0.16387,0.133054,0.108043,0.0894425,0.0772621,0.0709763,0.0696551,0.0721278,0.0771492,0.0835368,0.0902649,0.0965118,0.101667,0.105313,0.107196,0.107196,0.105313,0.101667,0.0965118,0.0902649,0.0835368,0.0771492,0.0721278,0.0696551,0.0709763,0.0772621,0.0894425,0.108043,0.133054,0.16387,0.199321,0.237788,0.277405,0.316282,0.352735,0.385455,0.41361,0.43686,0.455302,0.46936,0.47966,0.486908,0.491793,0.49491,0.496725,0.497554,0.497554
0.497877,0.497877,0.497148,0.495547,0.492786,0.48844,0.481955,0.472684,0.459946,0.443112,0.421716,0.395575,0.36489,0.330317,0.292963,0.254323,0.216125,0.180145,0.147985,0.120889,0.0996085,0.0843527,0.0748172,0.0702837,0.0697597,0.0721278,0.0762794,0.0812134,0.0860953,0.0902803,0.0933095,0.0948936,0.0948936,0.0933095,0.0902803,0.0860953,0.0812134,0.0762794,0.0721278,0.0697597,0.0702837,0.0748172,0.0843527,0.0996085,0.120889,0.147985,0.180145,0.216125,0.254323,0.292963,0.330317,0.36489,0.395575,0.421716,0.443112,0.459946,0.472684,0.481955,0.48844,0.492786,0.495547,0.497148,0.497877,0.497877
0.498197,0.498197,0.497567,0.496182,0.493784,0.489987,0.484288,0.476086,0.464733,0.449609,0.430218,0.406294,0.377908,0.345537,0.310081,0.272824,0.235311,0.19919,0.166019,0.137082,0.113258,0.0949416,0.0820518,0.0740962,0.0702837,0.0696551,0.0712076,0.0739958,0.0771996,0.0801614,0.0823968,0.0835915,0.0835915,0.0823968,0.0801614,0.0771996,0.0739958,0.0712076,0.0696551,0.0702837,0.0740962,0.0820518,0.0949416,0.113258,0.137082,0.166019,0.19919,0.235311,0.272824,0.310081,0.345537,0.377908,0.406294,0.430218,0.449609,0.464733,0.476086,0.484288,0.489987,0.493784,0.496182,0.497567,0.498197,0.498197
0.498501,0.498501,0.497969,0.496794,0.49475,0.491497,0.486581,0.479454,0.469511,0.456151,0.438859,0.417305,0.39144,0.361568,0.328384,0.292948,0.256605,0.220846,0.187145,0.156793,0.130759,0.109604,0.0934559,0.0820518,0.0748172,0.0709763,0.0696641,0.070024,0.0712821,0.0727951,0.0740745,0.0747951,0.0747951,0.0740745,0.0727951,0.0712821,0.070024,0.0696641,0.0709763,0.0748172,0.0820518,0.0934559,0.109604,0.130759,0.156793,0.187145,0.220846,0.256605,0.292948,0.328384,0.361568,0.39144,0.417305,0.438859,0.456151,0.469511,0.479454,0.486581,0.491497,0.49475,0.496794,0.497969,0.498501,0.498501
0.498781,0.498781,0.49834,0.497364,0.495657,0.492924,0.488764,0.482687,0.474137,0.462544,0.447391,0.428299,0.405116,0.377993,0.347424,0.31425,0.279598,0.244779,0.211151,0.179969,0.152253,0.128692,0.109604,0.0949416,0.0843527,0.0772621,0.0729687,0.0707367,0.0698712,0.069773,0.0699738,0.0701546,0.0701546,0.0699738,0.069773,0.0698712,0.0707367,0.0729687,0.0772621,0.0843527,0.0949416,0.109604,0.128692,0.152253,0.179969,0.211151,0.244779,0.279598,0.31425,0.347424,0.377993,0.405116,0.428299,0.447391,0.462544,0.474137,0.482687,0.488764,0.492924,0.495657,0.497364,0.49834,0.498781,0.498781
0.49903,0.49903,0.498673,0.497879,0.496483,0.494233,0.490783,0.485701,0.47849,0.468619,0.455583,0.438977,0.418568,0.394373,0.366707,0.336196,0.30375,0.270483,0.237606,0.206299,0.177589,0.152253,0.130759,0.113258,0.0996085,0.0894425,0.0822409,0.0774143,0.0743761,0.0726003,0.0716631,0.0712699,0.0712699,0.0716631,0.0726003,0.0743761,0.0774143,0.0822409,0.0894425,0.0996085,0.113258,0.130759,0.152253,0.177589,0.206299,0.237606,0.270483,0.30375,0.336196,0.366707,0.394373,0.418568,0.438977,0.455583,0.468619,0.47849,0.485701,0.490783,0.494233,0.496483,0.497879,0.498673,0.49903,0.49903
0.499246,0.499246,0.498963,0.498331,0.497213,0.495399,0.492597,0.488434,0.482473,0.474233,0.463238,0.449071,0.431447,0.410275,0.385714,0.358197,0.32842,0.297296,0.265867,0.235204,0.206299,0.179969,0.156793,0.137082,0.120889,0.108043,0.0982136,0.0909742,0.0858685,0.0824673,0.0804133,0.0794521,0.0794521,0.0804133,0.0824673,0.0858685,0.0909742,0.0982136,0.108043,0.120889,0.137082,0.156793,0.179969,0.206299,0.235204,0.265867,0.297296,0.32842,0.358197,0.385714,0.410275,0.431447,0.449071,0.463238,0.474233,0.482473,0.488434,0.492597,0.495399,0.497213,0.498331,0.498963,0.499246,0.499246
0.499427,0.499427,0.499208,0.498715,0.49784,0.49641,0.494182,0.490844,0.486019,0.479283,0.470199,0.45836,0.44345,0.425302,0.403946,0.379649,0.352911,0.324446,0.295119,0.265867,0.237606,0.211151,0.187145,0.166019,0.147985,0.133054,0.121075,0.111788,0.104878,0.100029,0.0969663,0.0954878,0.0954878,0.0969663,0.100029,0.104878,0.111788,0.121075,0.133054,0.147985,0.166019,0.187145,0.211151,0.237606,0.265867,0.295119,0.324446,0.352911,0.379649,0.403946,0.425302,0.44345,0.45836,0.470199,0.479283,0.486019,0.490844,0.494182,0.49641,0.49784,0.498715,0.499208,0.499427,0.499427
0.499575,0.499575,0.499409,0.499034,0.498364,0.497261,0.495529,0.492911,0.48909,0.483703,0.476358,0.466677,0.454336,0.439117,0.420956,0.399982,0.376527,0.351119,0.324446,0.297296,0.270483,0.244779,0.220846,0.19919,0.180145,0.16387,0.150376,0.13956,0.131249,0.125244,0.121361,0.119457,0.119457,0.121361,0.125244,0.131249,0.13956,0.150376,0.16387,0.180145,0.19919,0.220846,0.244779,0.270483,0.297296,0.324446,0.351119,0.376527,0.399982,0.420956,0.439117,0.454336,0.466677,0.476358,0.483703,0.48909,0.492911,0.495529,0.497261,0.498364,0.499034,0.499409,0.499575,0.499575
0.499692,0.499692,0.499569,0.499291,0.49879,0.497959,0.496643,0.494635,0.491678,0.487466,0.481662,0.473924,0.463939,0.451468,0.436383,0.418707,0.398633,0.376527,0.352911,0.32842,0.30375,0.279598,0.256605,0.235311,0.216125,0.199321,0.185039,0.173313,0.1641,0.157314,0.152859,0.150654,0.150654,0.152859,0.157314,0.1641,0.173313,0.185039,0.199321,0.216125,0.235311,0.256605,0.279598,0.30375,0.32842,0.352911,0.376527,0.398633,0.418707,0.436383,0.451468,0.463939,0.473924,0.481662,0.487466,0.491678,0.494635,0.496643,0.497959,0.49879,0.499291,0.499569,0.499692,0.499692
0.499783,0.499783,0.499694,0.499492,0.499126,0.498514,0.497538,0.496035,0.4938,0.490583,0.486103,0.480063,0.472177,0.462202,0.449976,0.435449,0.418707,0.399982,0.379649,0.358197,0.336196,0.31425,0.292948,0.272824,0.254323,0.237788,0.223458,0.211474,0.2019,0.194748,0.190002,0.187637,0.187637,0.190002,0.194748,0.2019,0.211474,0.223458,0.237788,0.254323,0.272824,0.292948,0.31425,0.336196,0.358197,0.379649,0.399982,0.418707,0.435449,0.449976,0.462202,0.472177,0.480063,0.486103,0.490583,0.4938,0.496035,0.497538,0.498514,0.499126,0.499492,0.499694,0.499783,0.499783
0.49985,0.49985,0.499787,0.499644,0.499384,0.498945,0.498238,0.49714,0.49549,0.493093,0.489719,0.485119,0.479043,0.471264,0.461607,0.449976,0.436383,0.420956,0.403946,0.385714,0.366707,0.347424,0.328384,0.310081,0.292963,0.277405,0.263702,0.252071,0.242656,0.235545,0.230788,0.228405,0.228405,0.230788,0.235545,0.242656,0.252071,0.263702,0.277405,0.292963,0.310081,0.328384,0.347424,0.366707,0.385714,0.403946,0.420956,0.436383,0.449976,0.461607,0.471264,0.479043,0.485119,0.489719,0.493093,0.49549,0.49714,0.498238,0.498945,0.499384,0.499644,0.499787,0.49985,0.49985
0.499899,0.499899,0.499856,0.499757,0.499576,0.499269,0.49877,0.497987,0.4968,0.495058,0.492581,0.489166,0.484604,0.478693,0.471264,0.462202,0.451468,0.439117,0.425302,0.410275,0.394373,0.377993,0.361568,0.345537,0.330317,0.316282,0.303753,0.292985,0.284175,0.277461,0.27294,0.270666,0.270666,0.27294,0.277461,0.284175,0.292985,0.303753,0.316282,0.330317,0.345537,0.361568,0.377993,0.394373,0.410275,0.425302,0.439117,0.451468,0.462202,0.471264,0.478693,0.484604,0.489166,0.492581,0.495058,0.4968,0.497987,0.49877,0.499269,0.499576,0.499757,0.499856,0.499899,0.499899
0.499934,0.499934,0.499905,0.499839,0.499716,0.499506,0.499162,0.498619,0.497787,0.496553,0.49478,0.492311,0.488975,0.484604,0.479043,0.472177,0.463939,0.454336,0.44345,0.431447,0.418568,0.405116,0.39144,0.377908,0.36489,0.352735,0.341755,0.332219,0.324345,0.318301,0.314207,0.312142,0.312142,0.314207,0.318301,0.324345,0.332219,0.341755,0.352735,0.36489,0.377908,0.39144,0.405116,0.418568,0.431447,0.44345,0.454336,0.463939,0.472177,0.479043,0.484604,0.488975,0.492311,0.49478,0.496553,0.497787,0.498619,0.499162,0.499506,0.499716,0.499839,0.499905,0.499934,0.499934
0.499958,0.499958,0.499939,0.499896,0.499815,0.499675,0.499445,0.499077,0.498508,0.497658,0.496423,0.494685,0.492311,0.489166,0.485119,0.480063,0.473924,0.466677,0.45836,0.449071,0.438977,0.428299,0.417305,0.406294,0.395575,0.385455,0.376219,0.368124,0.361387,0.356182,0.352641,0.350849,0.350849,0.352641,0.356182,0.361387,0.368124,0.376219,0.385455,0.395575,0.406294,0.417305,0.428299,0.438977,0.449071,0.45836,0.466677,0.473924,0.480063,0.485119,0.489166,0.492311,0.494685,0.496423,0.497658,0.498508,0.499077,0.499445,0.499675,0.499815,0.499896,0.499939,0.499958,0.499958
0.499974,0.499974,0.499962,0.499934,0.499882,0.499792,0.499641,0.499399,0.499021,0.49845,0.497613,0.496423,0.49478,0.492581,0.489719,0.486103,0.481662,0.476358,0.470199,0.463238,0.455583,0.447391,0.438859,0.430218,0.421716,0.41361,0.406144,0.399548,0.39402,0.389726,0.386792,0.385304,0.385304,0.386792,0.389726,0.39402,0.399548,0.406144,0.41361,0.421716,0.430218,0.438859,0.447391,0.455583,0.463238,0.470199,0.476358,0.481662,0.486103,0.489719,0.492581,0.49478,0.496423,0.497613,0.49845,0.499021,0.499399,0.499641,0.499792,0.499882,0.499934,0.499962,0.499974,0.499974
0.499984,0.499984,0.499977,0.49996,0.499927,0.49987,0.499774,0.499619,0.499375,0.499002,0.49845,0.497658,0.496553,0.495058,0.493093,0.490583,0.487466,0.483703,0.479283,0.474233,0.468619,0.462544,0.456151,0.449609,0.443112,0.43686,0.431056,0.425891,0.421536,0.418136,0.415805,0.41462,0.41462,0.415805,0.418136,0.421536,0.425891,0.431056,0.43686,0.443112,0.449609,0.456151,0.462544,0.468619,0.474233,0.479283,0.483703,0.487466,0.490583,0.493093,0.495058,0.496553,0.497658,0.49845,0.499002,0.499375,0.499619,0.499774,0.49987,0.499927,0.49996,0.499977,0.499984,0.499984
0.499991,0.499991,0.499986,0.499976,0.499956,0.499921,0.499862,0.499765,0.499611,0.499375,0.499021,0.498508,0.497787,0.4968,0.49549,0.4938,0.491678,0.48909,0.486019,0.482473,0.47849,0.474137,0.469511,0.464733,0.459946,0.455302,0.450959,0.447069,0.443771,0.441185,0.439407,0.438501,0.438501,0.439407,0.441185,0.443771,0.447069,0.450959,0.455302,0.459946,0.464733,0.469511,0.474137,0.47849,0.482473,0.486019,0.48909,0.491678,0.4938,0.49549,0.4968,0.497787,0.498508,0.499021,0.499375,0.499611,0.499765,0.499862,0.499921,0.499956,0.499976,0.499986,0.499991,0.499991
0.499995,0.499995,0.499992,0.499986,0.499974,0.499953,0.499918,0.499859,0.499765,0.499619,0.499399,0.499077,0.498619,0.497987,0.49714,0.496035,0.494635,0.492911,0.490844,0.488434,0.485701,0.482687,0.479454,0.476086,0.472684,0.46936,0.46623,0.46341,0.461007,0.459115,0.457811,0.457145,0.457145,0.457811,0.459115,0.461007,0.46341,0.46623,0.46936,0.472684,0.476086,0.479454,0.482687,0.485701,0.488434,0.490844,0.492911,0.494635,0.496035,0.49714,0.497987,0.498619,0.499077,0.499399,0.499619,0.499765,0.499859,0.499918,0.499953,0.499974,0.499986,0.499992,0.499995,0.499995
0.499997,0.499997,0.499996,0.499992,0.499985,0.499973,0.499952,0.499918,0.499862,0.499774,0.499641,0.499445,0.499162,0.49877,0.498238,0.497538,0.496643,0.495529,0.494182,0.492597,0.490783,0.488764,0.486581,0.484288,0.481955,0.47966,0.477485,0.475515,0.473828,0.472496,0.471575,0.471104,0.471104,0.471575,0.472496,0.473828,0.475515,0.477485,0.47966,0.481955,0.484288,0.486581,0.488764,0.490783,0.492597,0.494182,0.495529,0.496643,0.497538,0.498238,0.49877,0.499162,0.499445,0.499641,0.499774,0.499862,0.499918,0.499952,0.499973,0.499985,0.499992,0.499996,0.499997,0.499997
0.499998,0.499998,0.499998,0.499996,0.499992,0.499985,0.499973,0.499953,0.499921,0.49987,0.499792,0.499675,0.499506,0.499269,0.498945,0.498514,0.497959,0.497261,0.49641,0.495399,0.494233,0.492924,0.491497,0.489987,0.48844,0.486908,0.485448,0.484119,0.482977,0.482072,0.481444,0.481123,0.481123,0.481444,0.482072,0.482977,0.484119,0.485448,0.486908,0.48844,0.489987,0.491497,0.492924,0.494233,0.495399,0.49641,0.497261,0.497959,0.498514,0.498945,0.499269,0.499506,0.499675,0.499792,0.49987,0.499921,0.499953,0.499973,0.499985,0.499992,0.499996,0.499998,0.499998,0.499998
0.499999,0.499999,0.499999,0.499998,0.499996,0.499992,0.499985,0.499974,0.499956,0.499927,0.499882,0.499815,0.499716,0.499576,0.499384,0.499126,0.49879,0.498364,0.49784,0.497213,0.496483,0.495657,0.49475,0.493784,0.492786,0.491793,0.49084,0.489969,0.489218,0.48862,0.488205,0.487992,0.487992,0.488205,0.48862,0.489218,0.489969,0.49084,0.491793,0.492786,0.493784,0.49475,0.495657,0.496483,0.497213,0.49784,0.498364,0.49879,0.499126,0.499384,0.499576,0.499716,0.499815,0.499882,0.499927,0.499956,0.499974,0.499985,0.499992,0.499996,0.499998,0.499999,0.499999,0.499999
0.5,0.5,0.499999,0.499999,0.499998,0.499996,0.499992,0.499986,0.499976,0.49996,0.499934,0.499896,0.499839,0.499757,0.499644,0.499492,0.499291,0.499034,0.498715,0.498331,0.497879,0.497364,0.496794,0.496182,0.495547,0.49491,0.494296,0.493732,0.493244,0.492854,0.492582,0.492443,0.492443,0.492582,0.492854,0.493244,0.493732,0.494296,0.49491,0.495547,0.496182,0.496794,0.497364,0.497879,0.498331,0.498715,0.499034,0.499291,0.499492,0.499644,0.499757,0.499839,0.499896,0.499934,0.49996,0.499976,0.499986,0.499992,0.499996,0.499998,0.499999,0.499999,0.5,0.5
0.5,0.5,0.5,0.499999,0.499999,0.499998,0.499996,0.499992,0.499986,0.499977,0.499962,0.499939,0.499905,0.499856,0.499787,0.499694,0.499569,0.499409,0.499208,0.498963,0.498673,0.49834,0.497969,0.497567,0.497148,0.496725,0.496315,0.495937,0.495608,0.495345,0.495161,0.495067,0.495067,0.495161,0.495345,0.495608,0.495937,0.496315,0.496725,0.497148,0.497567,0.497969,0.49834,0.498673,0.498963,0.499208,0.499409,0.499569,0.499694,0.499787,0.499856,0.499905,0.499939,0.499962,0.499977,0.499986,0.499992,0.499996,0.499998,0.499999,0.499999,0.5,0.5,0.5
0.5,0.5,0.5,0.5,0.499999,0.499998,0.499997,0.499995,0.499991,0.499984,0.499974,0.499958,0.499934,0.499899,0.49985,0.499783,0.499692,0.499575,0.499427,0.499246,0.49903,0.498781,0.498501,0.498197,0.497877,0.497554,0.497239,0.496948,0.496694,0.49649,0.496348,0.496274,0.496274,0.496348,0.49649,0.496694,0.496948,0.497239,0.497554,0.497877,0.498197,0.498501,0.498781,0.49903,0.499246,0.499427,0.499575,0.499692,0.499783,0.49985,0.499899,0.499934,0.499958,0.499974,0.499984,0.499991,0.499995,0.499997,0.499998,0.499999,0.5,0.5,0.5,0.5
0.5,0.5,0.5,0.5,0.499999,0.499998,0.499997,0.499995,0.499991,0.499984,0.499974,0.499958,0.499934,0.499899,0.49985,0.499783,0.499692,0.499575,0.499427,0.499246,0.49903,0.498781,0.498501,0.498197,0.497877,0.497554,0.497239,0.496948,0.496694,0.49649,0.496348,0.496274,0.496274,0.496348,0.49649,0.496694,0.496948,0.497239,0.497554,0.497877,0.498197,0.498501,0.498781,0.49903,0.499246,0.499427,0.499575,0.499692,0.499783,0.49985,0.499899,0.499934,0.499958,0.499974,0.499984,0.499991,0.499995,0.499997,0.499998,0.499999,0.5,0.5,0.5,0.5
