0.5,0.5,0.5,0.5,0.5,0.5,0.5,0.5,0.5,0.5,0.5,0.5,0.5,0.5,0.5,0.5,0.5,0.5,0.5,0.5,0.5,0.5,0.5,0.5,0.5,0.5,0.5,0.5,0.5,0.5,0.5,0.5,0.5,0.5,0.5,0.5,0.5,0.5,0.5,0.5,0.5,0.5,0.5,0.5,0.5,0.5,0.5,0.5,0.5,0.5,0.5,0.5,0.5,0.5,0.5,0.5,0.5,0.5,0.5,0.5,0.5,0.5,0.5,0.5
0.5,0.5,0.5,0.5,0.5,0.5,0.5,0.5,0.5,0.5,0.5,0.5,0.5,0.5,0.5,0.5,0.5,0.5,0.5,0.5,0.5,0.5,0.5,0.5,0.5,0.5,0.5,0.5,0.5,0.5,0.5,0.5,0.5,0.5,0.5,0.5,0.5,0.5,0.5,0.5,0.5,0.5,0.5,0.5,0.5,0.5,0.5,0.5,0.5,0.5,0.5,0.5,0.5,0.5,0.5,0.5,0.5,0.5,0.5,0.5,0.5,0.5,0.5,0.5
0.5,0.5,0.5,0.5,0.5,0.5,0.5,0.5,0.5,0.5,0.5,0.5,0.5,0.5,0.5,0.5,0.5,0.5,0.5,0.5,0.5,0.5,0.5,0.5,0.5,0.5,0.5,0.5,0.5,0.5,0.5,0.5,0.5,0.5,0.5,0.5,0.5,0.5,0.5,0.5,0.5,0.5,0.5,0.5,0.5,0.5,0.5,0.5,0.5,0.5,0.5,0.5,0.5,0.5,0.5,0.5,0.5,0.5,0.5,0.5,0.5,0.5,0.5,0.5
0.5,0.5,0.5,0.5,0.5,0.5,0.5,0.5,0.5,0.5,0.5,0.5,0.5,0.5,0.5,0.5,0.5,0.5,0.5,0.5,0.5,0.5,0.5,0.5,0.5,0.5,0.5,0.5,0.5,0.5,0.5,0.5,0.5,0.5,0.5,0.5,0.5,0.5,0.5,0.5,0.5,0.5,0.5,0.5,0.5,0.5,0.5,0.5,0.5,0.5,0.5,0.5,0.5,0.5,0.5,0.5,0.5,0.5,0.5,0.5,0.5,0.5,0.5,0.5
0.5,0.5,0.5,0.5,0.5,0.5,0.5,0.5,0.5,0.5,0.5,0.5,0.5,0.5,0.5,0.5,0.5,0.5,0.5,0.5,0.5,0.5,0.5,0.5,0.5,0.5,0.5,0.499999,0.499999,0.499999,0.499999,0.499999,0.499999,0.499999,0.499999,0.499999,0.499999,0.5,0.5,0.5,0.5,0.5,0.5,0.5,0.5,0.5,0.5,0.5,0.5,0.5,0.5,0.5,0.5,0.5,0.5,0.5,0.5,0.5,0.5,0.5,0.5,0.5,0.5,0.5
0.5,0.5,0.5,0.5,0.5,0.5,0.5,0.5,0.5,0.5,0.5,0.5,0.5,0.5,0.5,0.5,0.5,0.5,0.5,0.5,0.5,0.5,0.5,0.499999,0.499999,0.499999,0.499999,0.499999,0.499998,0.499998,0.499998,0.499998,0.499998,0.499998,0.499998,0.499998,0.499999,0.499999,0.499999,0.499999,0.499999,0.5,0.5,0.5,0.5,0.5,0.5,0.5,0.5,0.5,0.5,0.5,0.5,0.5,0.5,0.5,0.5,0.5,0.5,0.5,0.5,0.5,0.5,0.5
0.5,0.5,0.5,0.5,0.5,0.5,0.5,0.5,0.5,0.5,0.5,0.5,0.5,0.5,0.5,0.5,0.5,0.5,0.5,0.5,0.5,0.499999,0.499999,0.499999,0.499998,0.499998,0.499997,0.499997,0.499996,0.499996,0.499995,0.499995,0.499995,0.499995,0.499996,0.499996,0.499997,0.499997,0.499998,0.499998,0.499999,0.499999,0.499999,0.5,0.5,0.5,0.5,0.5,0.5,0.5,0.5,0.5,0.5,0.5,0.5,0.5,0.5,0.5,0.5,0.5,0.5,0.5,0.5,0.5
0.5,0.5,0.5,0.5,0.5,0.5,0.5,0.5,0.5,0.5,0.5,0.5,0.5,0.5,0.5,0.5,0.5,0.5,0.5,0.499999,0.499999,0.499998,0.499998,0.499997,0.499996,0.499994,0.499993,0.499991,0.49999,0.499989,0.499988,0.499988,0.499988,0.499988,0.499989,0.49999,0.499991,0.499993,0.499994,0.499996,0.499997,0.499998,0.499998,0.499999,0.499999,0.5,0.5,0.5,0.5,0.5,0.5,0.5,0.5,0.5,0.5,0.5,0.5,0.5,0.5,0.5,0.5,0.5,0.5,0.5
0.5,0.5,0.5,0.5,0.5,0.5,0.5,0.5,0.5,0.5,0.5,0.5,0.5,0.5,0.5,0.5,0.5,0.499999,0.499999,0.499998,0.499997,0.499996,0.499994,0.499992,0.499989,0.499986,0.499983,0.49998,0.499977,0.499974,0.499972,0.499971,0.499971,0.499972,0.499974,0.499977,0.49998,0.499983,0.499986,0.499989,0.499992,0.499994,0.499996,0.499997,0.499998,0.499999,0.499999,0.5,0.5,0.5,0.5,0.5,0.5,0.5,0.5,0.5,0.5,0.5,0.5,0.5,0.5,0.5,0.5,0.5
0.5,0.5,0.5,0.5,0.5,0.5,0.5,0.5,0.5,0.5,0.5,0.5,0.5,0.5,0.5,0.5,0.499999,0.499999,0.499998,0.499996,0.499994,0.499991,0.499987,0.499982,0.499976,0.499969,0.499961,0.499954,0.499947,0.49994,0.499936,0.499934,0.499934,0.499936,0.49994,0.499947,0.499954,0.499961,0.499969,0.499976,0.499982,0.499987,0.499991,0.499994,0.499996,0.499998,0.499999,0.499999,0.5,0.5,0.5,0.5,0.5,0.5,0.5,0.5,0.5,0.5,0.5,0.5,0.5,0.5,0.5,0.5
0.5,0.5,0.5,0.5,0.5,0.5,0.5,0.5,0.5,0.5,0.5,0.5,0.5,0.5,0.499999,0.499999,0.499998,0.499997,0.499995,0.499991,0.499987,0.49998,0.499971,0.49996,0.499947,0.499932,0.499915,0.499898,0.499882,0.499869,0.499859,0.499853,0.499853,0.499859,0.499869,0.499882,0.499898,0.499915,0.499932,0.499947,0.49996,0.499971,0.49998,0.499987,0.499991,0.499995,0.499997,0.499998,0.499999,0.499999,0.5,0.5,0.5,0.5,0.5,0.5,0.5,0.5,0.5,0.5,0.5,0.5,0.5,0.5
0.5,0.5,0.5,0.5,0.5,0.5,0.5,0.5,0.5,0.5,0.5,0.5,0.5,0.499999,0.499999,0.499998,0.499996,0.499993,0.499988,0.499982,0.499971,0.499957,0.499939,0.499915,0.499887,0.499854,0.499819,0.499783,0.499749,0.499721,0.4997,0.499689,0.499689,0.4997,0.499721,0.499749,0.499783,0.499819,0.499854,0.499887,0.499915,0.499939,0.499957,0.499971,0.499982,0.499988,0.499993,0.499996,0.499998,0.499999,0.499999,0.5,0.5,0.5,0.5,0.5,0.5,0.5,0.5,0.5,0.5,0.5,0.5,0.5
0.5,0.5,0.5,0.5,0.5,0.5,0.5,0.5,0.5,0.5,0.5,0.5,0.499999,0.499999,0.499997,0.499995,0.499992,0.499986,0.499976,0.499962,0.499941,0.499913,0.499875,0.499826,0.499768,0.499701,0.499629,0.499556,0.499487,0.499428,0.499385,0.499363,0.499363,0.499385,0.499428,0.499487,0.499556,0.499629,0.499701,0.499768,0.499826,0.499875,0.499913,0.499941,0.499962,0.499976,0.499986,0.499992,0.499995,0.499997,0.499999,0.499999,0.5,0.5,0.5,0.5,0.5,0.5,0.5,0.5,0.5,0.5,0.5,0.5
0.5,0.5,0.5,0.5,0.5,0.5,0.5,0.5,0.5,0.5,0.5,0.499999,0.499999,0.499997,0.499995,0.499991,0.499984,0.499972,0.499953,0.499925,0.499884,0.499827,0.499752,0.499656,0.499542,0.49941,0.499267,0.499123,0.498987,0.498871,0.498787,0.498743,0.498743,0.498787,0.498871,0.498987,0.499123,0.499267,0.49941,0.499542,0.499656,0.499752,0.499827,0.499884,0.499925,0.499953,0.499972,0.499984,0.499991,0.499995,0.499997,0.499999,0.499999,0.5,0.5,0.5,0.5,0.5,0.5,0.5,0.5,0.5,0.5,0.5
0.5,0.5,0.5,0.5,0.5,0.5,0.5,0.5,0.5,0.5,0.499999,0.499999,0.499997,0.499995,0.49999,0.499982,0.499968,0.499946,0.49991,0.499856,0.499778,0.49967,0.499526,0.499345,0.499126,0.498876,0.498605,0.49833,0.498072,0.497852,0.497692,0.497608,0.497608,0.497692,0.497852,0.498072,0.49833,0.498605,0.498876,0.499126,0.499345,0.499526,0.49967,0.499778,0.499856,0.49991,0.499946,0.499968,0.499982,0.49999,0.499995,0.499997,0.499999,0.499999,0.5,0.5,0.5,0.5,0.5,0.5,0.5,0.5,0.5,0.5
0.5,0.5,0.5,0.5,0.5,0.5,0.5,0.5,0.5,0.5,0.499999,0.499998,0.499995,0.499991,0.499982,0.499967,0.499942,0.4999,0.499834,0.499734,0.499591,0.499392,0.499128,0.498795,0.498394,0.497935,0.497439,0.496935,0.496462,0.49606,0.495767,0.495612,0.495612,0.495767,0.49606,0.496462,0.496935,0.497439,0.497935,0.498394,0.498795,0.499128,0.499392,0.499591,0.499734,0.499834,0.4999,0.499942,0.499967,0.499982,0.499991,0.499995,0.499998,0.499999,0.5,0.5,0.5,0.5,0.5,0.5,0.5,0.5,0.5,0.5
0.5,0.5,0.5,0.5,0.5,0.5,0.5,0.5,0.5,0.499999,0.499998,0.499996,0.499992,0.499984,0.499968,0.499942,0.499896,0.499821,0.499704,0.499528,0.499273,0.498921,0.498454,0.497865,0.497155,0.496343,0.495466,0.494576,0.493741,0.493031,0.492514,0.492241,0.492241,0.492514,0.493031,0.493741,0.494576,0.495466,0.496343,0.497155,0.497865,0.498454,0.498921,0.499273,0.499528,0.499704,0.499821,0.499896,0.499942,0.499968,0.499984,0.499992,0.499996,0.499998,0.499999,0.5,0.5,0.5,0.5,0.5,0.5,0.5,0.5,0.5
0.5,0.5,0.5,0.5,0.5,0.5,0.5,0.5,0.499999,0.499999,0.499997,0.499993,0.499986,0.499972,0.499946,0.4999,0.499821,0.499694,0.499493,0.499191,0.498755,0.498153,0.497356,0.49635,0.495139,0.493755,0.49226,0.490744,0.489322,0.488113,0.487233,0.486768,0.486768,0.487233,0.488113,0.489322,0.490744,0.49226,0.493755,0.495139,0.49635,0.497356,0.498153,0.498755,0.499191,0.499493,0.499694,0.499821,0.4999,0.499946,0.499972,0.499986,0.499993,0.499997,0.499999,0.499999,0.5,0.5,0.5,0.5,0.5,0.5,0.5,0.5
0.5,0.5,0.5,0.5,0.5,0.5,0.5,0.5,0.499999,0.499998,0.499995,0.499988,0.499976,0.499953,0.49991,0.499834,0.499704,0.499493,0.499162,0.498663,0.497945,0.496952,0.49564,0.493983,0.491991,0.489715,0.487258,0.484768,0.482431,0.480447,0.479002,0.478239,0.478239,0.479002,0.480447,0.482431,0.484768,0.487258,0.489715,0.491991,0.493983,0.49564,0.496952,0.497945,0.498663,0.499162,0.499493,0.499704,0.499834,0.49991,0.499953,0.499976,0.499988,0.499995,0.499998,0.499999,0.5,0.5,0.5,0.5,0.5,0.5,0.5,0.5
0.5,0.5,0.5,0.5,0.5,0.5,0.5,0.499999,0.499998,0.499996,0.499991,0.499982,0.499962,0.499925,0.499856,0.499734,0.499528,0.499191,0.498663,0.49787,0.496727,0.495149,0.493065,0.490435,0.487274,0.483665,0.479769,0.475824,0.472122,0.46898,0.466691,0.465484,0.465484,0.466691,0.46898,0.472122,0.475824,0.479769,0.483665,0.487274,0.490435,0.493065,0.495149,0.496727,0.49787,0.498663,0.499191,0.499528,0.499734,0.499856,0.499925,0.499962,0.499982,0.499991,0.499996,0.499998,0.499999,0.5,0.5,0.5,0.5,0.5,0.5,0.5
0.5,0.5,0.5,0.5,0.5,0.5,0.5,0.499999,0.499997,0.499994,0.499987,0.499971,0.499941,0.499884,0.499778,0.499591,0.499273,0.498755,0.497945,0.496727,0.494973,0.492554,0.48936,0.485334,0.480496,0.474974,0.469017,0.462987,0.45733,0.452529,0.449033,0.44719,0.44719,0.449033,0.452529,0.45733,0.462987,0.469017,0.474974,0.480496,0.485334,0.48936,0.492554,0.494973,0.496727,0.497945,0.498755,0.499273,0.499591,0.499778,0.499884,0.499941,0.499971,0.499987,0.499994,0.499997,0.499999,0.5,0.5,0.5,0.5,0.5,0.5,0.5
0.5,0.5,0.5,0.5,0.5,0.5,0.499999,0.499998,0.499996,0.499991,0.49998,0.499957,0.499913,0.499827,0.49967,0.499392,0.498921,0.498153,0.496952,0.495149,0.492554,0.488976,0.484256,0.478308,0.471165,0.463016,0.454229,0.445336,0.436996,0.42992,0.424768,0.422052,0.422052,0.424768,0.42992,0.436996,0.445336,0.454229,0.463016,0.471165,0.478308,0.484256,0.488976,0.492554,0.495149,0.496952,0.498153,0.498921,0.499392,0.49967,0.499827,0.499913,0.499957,0.49998,0.499991,0.499996,0.499998,0.499999,0.5,0.5,0.5,0.5,0.5,0.5
0.5,0.5,0.5,0.5,0.5,0.5,0.499999,0.499998,0.499994,0.499987,0.499971,0.499939,0.499875,0.499752,0.499526,0.499128,0.498454,0.497356,0.49564,0.493065,0.48936,0.484256,0.477525,0.469049,0.458874,0.447272,0.434764,0.42211,0.410249,0.400185,0.392859,0.388998,0.388998,0.392859,0.400185,0.410249,0.42211,0.434764,0.447272,0.458874,0.469049,0.477525,0.484256,0.48936,0.493065,0.49564,0.497356,0.498454,0.499128,0.499526,0.499752,0.499875,0.499939,0.499971,0.499987,0.499994,0.499998,0.499999,0.5,0.5,0.5,0.5,0.5,0.5
0.5,0.5,0.5,0.5,0.5,0.499999,0.499999,0.499997,0.499992,0.499982,0.49996,0.499915,0.499826,0.499656,0.499345,0.498795,0.497865,0.49635,0.493983,0.490435,0.485334,0.478308,0.469049,0.457393,0.443408,0.427468,0.410289,0.392916,0.376634,0.362824,0.352772,0.347473,0.347473,0.352772,0.362824,0.376634,0.392916,0.410289,0.427468,0.443408,0.457393,0.469049,0.478308,0.485334,0.490435,0.493983,0.49635,0.497865,0.498795,0.499345,0.499656,0.499826,0.499915,0.49996,0.499982,0.499992,0.499997,0.499999,0.499999,0.5,0.5,0.5,0.5,0.5
0.5,0.5,0.5,0.5,0.5,0.499999,0.499998,0.499996,0.499989,0.499976,0.499947,0.499887,0.499768,0.499542,0.499126,0.498394,0.497155,0.495139,0.491991,0.487274,0.480496,0.471165,0.458874,0.443408,0.424859,0.403725,0.380956,0.357937,0.336368,0.318076,0.304764,0.297749,0.297749,0.304764,0.318076,0.336368,0.357937,0.380956,0.403725,0.424859,0.443408,0.458874,0.471165,0.480496,0.487274,0.491991,0.495139,0.497155,0.498394,0.499126,0.499542,0.499768,0.499887,0.499947,0.499976,0.499989,0.499996,0.499998,0.499999,0.5,0.5,0.5,0.5,0.5
0.5,0.5,0.5,0.5,0.5,0.499999,0.499998,0.499994,0.499986,0.499969,0.499932,0.499854,0.499701,0.49941,0.498876,0.497935,0.496343,0.493755,0.489715,0.483665,0.474974,0.463016,0.447272,0.427468,0.403725,0.376681,0.347555,0.318116,0.290537,0.267154,0.250138,0.241171,0.241171,0.250138,0.267154,0.290537,0.318116,0.347555,0.376681,0.403725,0.427468,0.447272,0.463016,0.474974,0.483665,0.489715,0.493755,0.496343,0.497935,0.498876,0.49941,0.499701,0.499854,0.499932,0.499969,0.499986,0.499994,0.499998,0.499999,0.5,0.5,0.5,0.5,0.5
0.5,0.5,0.5,0.5,0.5,0.499999,0.499997,0.499993,0.499983,0.499961,0.499915,0.499819,0.499629,0.499267,0.498605,0.497439,0.495466,0.49226,0.487258,0.479769,0.469017,0.454229,0.434764,0.410289,0.380956,0.347555,0.311592,0.27525,0.241212,0.212355,0.191359,0.180295,0.180295,0.191359,0.212355,0.241212,0.27525,0.311592,0.347555,0.380956,0.410289,0.434764,0.454229,0.469017,0.479769,0.487258,0.49226,0.495466,0.497439,0.498605,0.499267,0.499629,0.499819,0.499915,0.499961,0.499983,0.499993,0.499997,0.499999,0.5,0.5,0.5,0.5,0.5
0.5,0.5,0.5,0.5,0.499999,0.499999,0.499997,0.499991,0.49998,0.499954,0.499898,0.499783,0.499556,0.499123,0.49833,0.496935,0.494576,0.490744,0.484768,0.475824,0.462987,0.445336,0.42211,0.392916,0.357937,0.318116,0.27525,0.23194,0.191383,0.157005,0.131993,0.118814,0.118814,0.131993,0.157005,0.191383,0.23194,0.27525,0.318116,0.357937,0.392916,0.42211,0.445336,0.462987,0.475824,0.484768,0.490744,0.494576,0.496935,0.49833,0.499123,0.499556,0.499783,0.499898,0.499954,0.49998,0.499991,0.499997,0.499999,0.499999,0.5,0.5,0.5,0.5
0.5,0.5,0.5,0.5,0.499999,0.499998,0.499996,0.49999,0.499977,0.499947,0.499882,0.499749,0.499487,0.498987,0.498072,0.496462,0.493741,0.489322,0.482431,0.472122,0.45733,0.436996,0.410249,0.376634,0.336368,0.290537,0.241212,0.191383,0.144728,0.105184,0.0764165,0.0612592,0.0612592,0.0764165,0.105184,0.144728,0.191383,0.241212,0.290537,0.336368,0.376634,0.410249,0.436996,0.45733,0.472122,0.482431,0.489322,0.493741,0.496462,0.498072,0.498987,0.499487,0.499749,0.499882,0.499947,0.499977,0.49999,0.499996,0.499998,0.499999,0.5,0.5,0.5,0.5
0.5,0.5,0.5,0.5,0.499999,0.499998,0.499996,0.499989,0.499974,0.49994,0.499869,0.499721,0.499428,0.498871,0.497852,0.49606,0.493031,0.488113,0.480447,0.46898,0.452529,0.42992,0.400185,0.362824,0.318076,0.267154,0.212355,0.157005,0.105184,0.0612662,0.0293181,0.0124857,0.0124857,0.0293181,0.0612662,0.105184,0.157005,0.212355,0.267154,0.318076,0.362824,0.400185,0.42992,0.452529,0.46898,0.480447,0.488113,0.493031,0.49606,0.497852,0.498871,0.499428,0.499721,0.499869,0.49994,0.499974,0.499989,0.499996,0.499998,0.499999,0.5,0.5,0.5,0.5
0.5,0.5,0.5,0.5,0.499999,0.499998,0.499995,0.499988,0.499972,0.499936,0.499859,0.4997,0.499385,0.498787,0.497692,0.495767,0.492514,0.487233,0.479002,0.466691,0.449033,0.424768,0.392859,0.352772,0.304764,0.250138,0.191359,0.131993,0.0764165,0.0293181,-0.0049423,-0.0229925,-0.0229925,-0.0049423,0.0293181,0.0764165,0.131993,0.191359,0.250138,0.304764,0.352772,0.392859,0.424768,0.449033,0.466691,0.479002,0.487233,0.492514,0.495767,0.497692,0.498787,0.499385,0.4997,0.499859,0.499936,0.499972,0.499988,0.499995,0.499998,0.499999,0.5,0.5,0.5,0.5
0.5,0.5,0.5,0.5,0.499999,0.499998,0.499995,0.499988,0.499971,0.499934,0.499853,0.499689,0.499363,0.498743,0.497608,0.495612,0.492241,0.486768,0.478239,0.465484,0.44719,0.422052,0.388998,0.347473,0.297749,0.241171,0.180295,0.118814,0.0612592,0.0124857,-0.0229925,-0.0416841,-0.0416841,-0.0229925,0.0124857,0.0612592,0.118814,0.180295,0.241171,0.297749,0.347473,0.388998,0.422052,0.44719,0.465484,0.478239,0.486768,0.492241,0.495612,0.497608,0.498743,0.499363,0.499689,0.499853,0.499934,0.499971,0.499988,0.499995,0.499998,0.499999,0.5,0.5,0.5,0.5
0.5,0.5,0.5,0.5,0.499999,0.499998,0.499995,0.499988,0.499971,0.499934,0.499853,0.499689,0.499363,0.498743,0.497608,0.495612,0.492241,0.486768,0.478239,0.465484,0.44719,0.422052,0.388998,0.347473,0.297749,0.241171,0.180295,0.118814,0.0612592,0.0124857,-0.0229925,-0.0416841,-0.0416841,-0.0229925,0.0124857,0.0612592,0.118814,0.180295,0.241171,0.297749,0.347473,0.388998,0.422052,0.44719,0.465484,0.478239,0.486768,0.492241,0.495612,0.497608,0.498743,0.499363,0.499689,0.499853,0.499934,0.499971,0.499988,0.499995,0.499998,0.499999,0.5,0.5,0.5,0.5
0.5,0.5,0.5,0.5,0.499999,0.499998,0.499995,0.499988,0.499972,0.499936,0.499859,0.4997,0.499385,0.498787,0.497692,0.495767,0.492514,0.487233,0.479002,0.466691,0.449033,0.424768,0.392859,0.352772,0.304764,0.250138,0.191359,0.131993,0.0764165,0.0293181,-0.0049423,-0.0229925,-0.0229925,-0.0049423,0.0293181,0.0764165,0.131993,0.191359,0.250138,0.304764,0.352772,0.392859,0.424768,0.449033,0.466691,0.479002,0.487233,0.492514,0.495767,0.497692,0.498787,0.499385,0.4997,0.499859,0.499936,0.499972,0.499988,0.499995,0.499998,0.499999,0.5,0.5,0.5,0.5
0.5,0.5,0.5,0.5,0.499999,0.499998,0.499996,0.499989,0.499974,0.49994,0.499869,0.499721,0.499428,0.498871,0.497852,0.49606,0.493031,0.488113,0.480447,0.46898,0.452529,0.42992,0.400185,0.362824,0.318076,0.267154,0.212355,0.157005,0.105184,0.0612662,0.0293181,0.0124857,0.0124857,0.0293181,0.0612662,0.105184,0.157005,0.212355,0.267154,0.318076,0.362824,0.400185,0.42992,0.452529,0.46898,0.480447,0.488113,0.493031,0.49606,0.497852,0.498871,0.499428,0.499721,0.499869,0.49994,0.499974,0.499989,0.499996,0.499998,0.499999,0.5,0.5,0.5,0.5
0.5,0.5,0.5,0.5,0.499999,0.499998,0.499996,0.49999,0.499977,0.499947,0.499882,0.499749,0.499487,0.498987,0.498072,0.496462,0.493741,0.489322,0.482431,0.472122,0.45733,0.436996,0.410249,0.376634,0.336368,0.290537,0.241212,0.191383,0.144728,0.105184,0.0764165,0.0612592,0.0612592,0.0764165,0.105184,0.144728,0.191383,0.241212,0.290537,0.336368,0.376634,0.410249,0.436996,0.45733,0.472122,0.482431,0.489322,0.493741,0.496462,0.498072,0.498987,0.499487,0.499749,0.499882,0.499947,0.499977,0.49999,0.499996,0.499998,0.499999,0.5,0.5,0.5,0.5
0.5,0.5,0.5,0.5,0.499999,0.499999,0.499997,0.499991,0.49998,0.499954,0.499898,0.499783,0.499556,0.499123,0.49833,0.496935,0.494576,0.490744,0.484768,0.475824,0.462987,0.445336,0.42211,0.392916,0.357937,0.318116,0.27525,0.23194,0.191383,0.157005,0.131993,0.118814,0.118814,0.131993,0.157005,0.191383,0.23194,0.27525,0.318116,0.357937,0.392916,0.42211,0.445336,0.462987,0.475824,0.484768,0.490744,0.494576,0.496935,0.49833,0.499123,0.499556,0.499783,0.499898,0.499954,0.49998,0.499991,0.499997,0.499999,0.499999,0.5,0.5,0.5,0.5
0.5,0.5,0.5,0.5,0.5,0.499999,0.499997,0.499993,0.499983,0.499961,0.499915,0.499819,0.499629,0.499267,0.498605,0.497439,0.495466,0.49226,0.487258,0.479769,0.469017,0.454229,0.434764,0.410289,0.380956,0.347555,0.311592,0.27525,0.241212,0.212355,0.191359,0.180295,0.180295,0.191359,0.212355,0.241212,0.27525,0.311592,0.347555,0.380956,0.410289,0.434764,0.454229,0.469017,0.479769,0.487258,0.49226,0.495466,0.497439,0.498605,0.499267,0.499629,0.499819,0.499915,0.499961,0.499983,0.499993,0.499997,0.499999,0.5,0.5,0.5,0.5,0.5
0.5,0.5,0.5,0.5,0.5,0.499999,0.499998,0.499994,0.499986,0.499969,0.499932,0.499854,0.499701,0.49941,0.498876,0.497935,0.496343,0.493755,0.489715,0.483665,0.474974,0.463016,0.447272,0.427468,0.403725,0.376681,0.347555,0.318116,0.290537,0.267154,0.250138,0.241171,0.241171,0.250138,0.267154,0.290537,0.318116,0.347555,0.376681,0.403725,0.427468,0.447272,0.463016,0.474974,0.483665,0.489715,0.493755,0.496343,0.497935,0.498876,0.49941,0.499701,0.499854,0.499932,0.499969,0.499986,0.499994,0.499998,0.499999,0.5,0.5,0.5,0.5,0.5
0.5,0.5,0.5,0.5,0.5,0.499999,0.499998,0.499996,0.499989,0.499976,0.499947,0.499887,0.499768,0.499542,0.499126,0.498394,0.497155,0.495139,0.491991,0.487274,0.480496,0.471165,0.458874,0.443408,0.424859,0.403725,0.380956,0.357937,0.336368,0.318076,0.304764,0.297749,0.297749,0.304764,0.318076,0.336368,0.357937,0.380956,0.403725,0.424859,0.443408,0.458874,0.471165,0.480496,0.487274,0.491991,0.495139,0.497155,0.498394,0.499126,0.499542,0.499768,0.499887,0.499947,0.499976,0.499989,0.499996,0.499998,0.499999,0.5,0.5,0.5,0.5,0.5
0.5,0.5,0.5,0.5,0.5,0.499999,0.499999,0.499997,0.499992,0.499982,0.49996,0.499915,0.499826,0.499656,0.499345,0.498795,0.497865,0.49635,0.493983,0.490435,0.485334,0.478308,0.469049,0.457393,0.443408,0.427468,0.410289,0.392916,0.376634,0.362824,0.352772,0.347473,0.347473,0.352772,0.362824,0.376634,0.392916,0.410289,0.427468,0.443408,0.457393,0.469049,0.478308,0.485334,0.490435,0.493983,0.49635,0.497865,0.498795,0.499345,0.499656,0.499826,0.499915,0.49996,0.499982,0.499992,0.499997,0.499999,0.499999,0.5,0.5,0.5,0.5,0.5
0.5,0.5,0.5,0.5,0.5,0.5,0.499999,0.499998,0.499994,0.499987,0.499971,0.499939,0.499875,0.499752,0.499526,0.499128,0.498454,0.497356,0.49564,0.493065,0.48936,0.484256,0.477525,0.469049,0.458874,0.447272,0.434764,0.42211,0.410249,0.400185,0.392859,0.388998,0.388998,0.392859,0.400185,0.410249,0.42211,0.434764,0.447272,0.458874,0.469049,0.477525,0.484256,0.48936,0.493065,0.49564,0.497356,0.498454,0.499128,0.499526,0.499752,0.499875,0.499939,0.499971,0.499987,0.499994,0.499998,0.499999,0.5,0.5,0.5,0.5,0.5,0.5
0.5,0.5,0.5,0.5,0.5,0.5,0.499999,0.499998,0.499996,0.499991,0.49998,0.499957,0.499913,0.499827,0.49967,0.499392,0.498921,0.498153,0.496952,0.495149,0.492554,0.488976,0.484256,0.478308,0.471165,0.463016,0.454229,0.445336,0.436996,0.42992,0.424768,0.422052,0.422052,0.424768,0.42992,0.436996,0.445336,0.454229,0.463016,0.471165,0.478308,0.484256,0.488976,0.492554,0.495149,0.496952,0.498153,0.498921,0.499392,0.49967,0.499827,0.499913,0.499957,0.49998,0.499991,0.499996,0.499998,0.499999,0.5,0.5,0.5,0.5,0.5,0.5
0.5,0.5,0.5,0.5,0.5,0.5,0.5,0.499999,0.499997,0.499994,0.499987,0.499971,0.499941,0.499884,0.499778,0.499591,0.499273,0.498755,0.497945,0.496727,0.494973,0.492554,0.48936,0.485334,0.480496,0.474974,0.469017,0.462987,0.45733,0.452529,0.449033,0.44719,0.44719,0.449033,0.452529,0.45733,0.462987,0.469017,0.474974,0.480496,0.485334,0.48936,0.492554,0.494973,0.496727,0.497945,0.498755,0.499273,0.499591,0.499778,0.499884,0.499941,0.499971,0.499987,0.499994,0.499997,0.499999,0.5,0.5,0.5,0.5,0.5,0.5,0.5
0.5,0.5,0.5,0.5,0.5,0.5,0.5,0.499999,0.499998,0.499996,0.499991,0.499982,0.499962,0.499925,0.499856,0.499734,0.499528,0.499191,0.498663,0.49787,0.496727,0.495149,0.493065,0.490435,0.487274,0.483665,0.479769,0.475824,0.472122,0.46898,0.466691,0.465484,0.465484,0.466691,0.46898,0.472122,0.475824,0.479769,0.483665,0.487274,0.490435,0.493065,0.495149,0.496727,0.49787,0.498663,0.499191,0.499528,0.499734,0.499856,0.499925,0.499962,0.499982,0.499991,0.499996,0.499998,0.499999,0.5,0.5,0.5,0.5,0.5,0.5,0.5
0.5,0.5,0.5,0.5,0.5,0.5,0.5,0.5,0.499999,0.499998,0.499995,0.499988,0.499976,0.499953,0.49991,0.499834,0.499704,0.499493,0.499162,0.498663,0.497945,0.496952,0.49564,0.493983,0.491991,0.489715,0.487258,0.484768,0.482431,0.480447,0.479002,0.478239,0.478239,0.479002,0.480447,0.482431,0.484768,0.487258,0.489715,0.491991,0.493983,0.49564,0.496952,0.497945,0.498663,0.499162,0.499493,0.499704,0.499834,0.49991,0.499953,0.499976,0.499988,0.499995,0.499998,0.499999,0.5,0.5,0.5,0.5,0.5,0.5,0.5,0.5
0.5,0.5,0.5,0.5,0.5,0.5,0.5,0.5,0.499999,0.499999,0.499997,0.499993,0.499986,0.499972,0.499946,0.4999,0.499821,0.499694,0.499493,0.499191,0.498755,0.498153,0.497356,0.49635,0.495139,0.493755,0.49226,0.490744,0.489322,0.488113,0.487233,0.486768,0.486768,0.487233,0.488113,0.489322,0.490744,0.49226,0.493755,0.495139,0.49635,0.497356,0.498153,0.498755,0.499191,0.499493,0.499694,0.499821,0.4999,0.499946,0.499972,0.499986,0.499993,0.499997,0.499999,0.499999,0.5,0.5,0.5,0.5,0.5,0.5,0.5,0.5
0.5,0.5,0.5,0.5,0.5,0.5,0.5,0.5,0.5,0.499999,0.499998,0.499996,0.499992,0.499984,0.499968,0.499942,0.499896,0.499821,0.499704,0.499528,0.499273,0.498921,0.498454,0.497865,0.497155,0.496343,0.495466,0.494576,0.493741,0.493031,0.492514,0.492241,0.492241,0.492514,0.493031,0.493741,0.494576,0.495466,0.496343,0.497155,0.497865,0.498454,0.498921,0.499273,0.499528,0.499704,0.499821,0.499896,0.499942,0.499968,0.499984,0.499992,0.499996,0.499998,0.499999,0.5,0.5,0.5,0.5,0.5,0.5,0.5,0.5,0.5
0.5,0.5,0.5,0.5,0.5,0.5,0.5,0.5,0.5,0.5,0.499999,0.499998,0.499995,0.499991,0.499982,0.499967,0.499942,0.4999,0.499834,0.499734,0.499591,0.499392,0.499128,0.498795,0.498394,0.497935,0.497439,0.496935,0.496462,0.49606,0.495767,0.495612,0.495612,0.495767,0.49606,0.496462,0.496935,0.497439,0.497935,0.498394,0.498795,0.499128,0.499392,0.499591,0.499734,0.499834,0.4999,0.499942,0.499967,0.499982,0.499991,0.499995,0.499998,0.499999,0.5,0.5,0.5,0.5,0.5,0.5,0.5,0.5,0.5,0.5
0.5,0.5,0.5,0.5,0.5,0.5,0.5,0.5,0.5,0.5,0.499999,0.499999,0.499997,0.499995,0.49999,0.499982,0.499968,0.499946,0.49991,0.499856,0.499778,0.49967,0.499526,0.499345,0.499126,0.498876,0.498605,0.49833,0.498072,0.497852,0.497692,0.497608,0.497608,0.497692,0.497852,0.498072,0.49833,0.498605,0.498876,0.499126,0.499345,0.499526,0.49967,0.499778,0.499856,0.49991,0.499946,0.499968,0.499982,0.49999,0.499995,0.499997,0.499999,0.499999,0.5,0.5,0.5,0.5,0.5,0.5,0.5,0.5,0.5,0.5
0.5,0.5,0.5,0.5,0.5,0.5,0.5,0.5,0.5,0.5,0.5,0.499999,0.499999,0.499997,0.499995,0.499991,0.499984,0.499972,0.499953,0.499925,0.499884,0.499827,0.499752,0.499656,0.499542,0.49941,0.499267,0.499123,0.498987,0.498871,0.498787,0.498743,0.498743,0.498787,0.498871,0.498987,0.499123,0.499267,0.49941,0.499542,0.499656,0.499752,0.499827,0.499884,0.499925,0.499953,0.499972,0.499984,0.499991,0.499995,0.499997,0.499999,0.499999,0.5,0.5,0.5,0.5,0.5,0.5,0.5,0.5,0.5,0.5,0.5
0.5,0.5,0.5,0.5,0.5,0.5,0.5,0.5,0.5,0.5,0.5,0.5,0.499999,0.499999,0.499997,0.499995,0.499992,0.499986,0.499976,0.499962,0.499941,0.499913,0.499875,0.499826,0.499768,0.499701,0.499629,0.499556,0.499487,0.499428,0.499385,0.499363,0.499363,0.499385,0.499428,0.499487,0.499556,0.499629,0.499701,0.499768,0.499826,0.499875,0.499913,0.499941,0.499962,0.499976,0.499986,0.499992,0.499995,0.499997,0.499999,0.499999,0.5,0.5,0.5,0.5,0.5,0.5,0.5,0.5,0.5,0.5,0.5,0.5
0.5,0.5,0.5,0.5,0.5,0.5,0.5,0.5,0.5,0.5,0.5,0.5,0.5,0.499999,0.499999,0.499998,0.499996,0.499993,0.499988,0.499982,0.499971,0.499957,0.499939,0.499915,0.499887,0.499854,0.499819,0.499783,0.499749,0.499721,0.4997,0.499689,0.499689,0.4997,0.499721,0.499749,0.499783,0.499819,0.499854,0.499887,0.499915,0.499939,0.499957,0.499971,0.499982,0.499988,0.499993,0.499996,0.499998,0.499999,0.499999,0.5,0.5,0.5,0.5,0.5,0.5,0.5,0.5,0.5,0.5,0.5,0.5,0.5
0.5,0.5,0.5,0.5,0.5,0.5,0.5,0.5,0.5,0.5,0.5,0.5,0.5,0.5,0.499999,0.499999,0.499998,0.499997,0.499995,0.499991,0.499987,0.49998,0.499971,0.49996,0.499947,0.499932,0.499915,0.499898,0.499882,0.499869,0.499859,0.499853,0.499853,0.499859,0.499869,0.499882,0.499898,0.499915,0.499932,0.499947,0.49996,0.499971,0.49998,0.499987,0.499991,0.499995,0.499997,0.499998,0.499999,0.499999,0.5,0.5,0.5,0.5,0.5,0.5,0.5,0.5,0.5,0.5,0.5,0.5,0.5,0.5
0.5,0.5,0.5,0.5,0.5,0.5,0.5,0.5,0.5,0.5,0.5,0.5,0.5,0.5,0.5,0.5,0.499999,0.499999,0.499998,0.499996,0.499994,0.499991,0.499987,0.499982,0.499976,0.499969,0.499961,0.499954,0.499947,0.49994,0.499936,0.499934,0.499934,0.499936,0.49994,0.499947,0.499954,0.499961,0.499969,0.499976,0.499982,0.499987,0.499991,0.499994,0.499996,0.499998,0.499999,0.499999,0.5,0.5,0.5,0.5,0.5,0.5,0.5,0.5,0.5,0.5,0.5,0.5,0.5,0.5,0.5,0.5
0.5,0.5,0.5,0.5,0.5,0.5,0.5,0.5,0.5,0.5,0.5,0.5,0.5,0.5,0.5,0.5,0.5,0.499999,0.499999,0.499998,0.499997,0.499996,0.499994,0.499992,0.499989,0.499986,0.499983,0.49998,0.499977,0.499974,0.499972,0.499971,0.499971,0.499972,0.499974,0.499977,0.49998,0.499983,0.499986,0.499989,0.499992,0.499994,0.499996,0.499997,0.499998,0.499999,0.499999,0.5,0.5,0.5,0.5,0.5,0.5,0.5,0.5,0.5,0.5,0.5,0.5,0.5,0.5,0.5,0.5,0.5
0.5,0.5,0.5,0.5,0.5,0.5,0.5,0.5,0.5,0.5,0.5,0.5,0.5,0.5,0.5,0.5,0.5,0.5,0.5,0.499999,0.499999,0.499998,0.499998,0.499997,0.499996,0.499994,0.499993,0.499991,0.49999,0.499989,0.499988,0.499988,0.499988,0.499988,0.499989,0.49999,0.499991,0.499993,0.499994,0.499996,0.499997,0.499998,0.499998,0.499999,0.499999,0.5,0.5,0.5,0.5,0.5,0.5,0.5,0.5,0.5,0.5,0.5,0.5,0.5,0.5,0.5,0.5,0.5,0.5,0.5
0.5,0.5,0.5,0.5,0.5,0.5,0.5,0.5,0.5,0.5,0.5,0.5,0.5,0.5,0.5,0.5,0.5,0.5,0.5,0.5,0.5,0.499999,0.499999,0.499999,0.499998,0.499998,0.499997,0.499997,0.499996,0.499996,0.499995,0.499995,0.499995,0.499995,0.499996,0.499996,0.499997,0.499997,0.499998,0.499998,0.499999,0.499999,0.499999,0.5,0.5,0.5,0.5,0.5,0.5,0.5,0.5,0.5,0.5,0.5,0.5,0.5,0.5,0.5,0.5,0.5,0.5,0.5,0.5,0.5
0.5,0.5,0.5,0.5,0.5,0.5,0.5,0.5,0.5,0.5,0.5,0.5,0.5,0.5,0.5,0.5,0.5,0.5,0.5,0.5,0.5,0.5,0.5,0.499999,0.499999,0.499999,0.499999,0.499999,0.499998,0.499998,0.499998,0.499998,0.499998,0.499998,0.499998,0.499998,0.499999,0.499999,0.499999,0.499999,0.499999,0.5,0.5,0.5,0.5,0.5,0.5,0.5,0.5,0.5,0.5,0.5,0.5,0.5,0.5,0.5,0.5,0.5,0.5,0.5,0.5,0.5,0.5,0.5
0.5,0.5,0.5,0.5,0.5,0.5,0.5,0.5,0.5,0.5,0.5,0.5,0.5,0.5,0.5,0.5,0.5,0.5,0.5,0.5,0.5,0.5,0.5,0.5,0.5,0.5,0.5,0.499999,0.499999,0.499999,0.499999,0.499999,0.499999,0.499999,0.499999,0.499999,0.499999,0.5,0.5,0.5,0.5,0.5,0.5,0.5,0.5,0.5,0.5,0.5,0.5,0.5,0.5,0.5,0.5,0.5,0.5,0.5,0.5,0.5,0.5,0.5,0.5,0.5,0.5,0.5
0.5,0.5,0.5,0.5,0.5,0.5,0.5,0.5,0.5,0.5,0.5,0.5,0.5,0.5,0.5,0.5,0.5,0.5,0.5,0.5,0.5,0.5,0.5,0.5,0.5,0.5,0.5,0.5,0.5,0.5,0.5,0.5,0.5,0.5,0.5,0.5,0.5,0.5,0.5,0.5,0.5,0.5,0.5,0.5,0.5,0.5,0.5,0.5,0.5,0.5,0.5,0.5,0.5,0.5,0.5,0.5,0.5,0.5,0.5,0.5,0.5,0.5,0.5,0.5
0.5,0.5,0.5,0.5,0.5,0.5,0.5,0.5,0.5,0.5,0.5,0.5,0.5,0.5,0.5,0.5,0.5,0.5,0.5,0.5,0.5,0.5,0.5,0.5,0.5,0.5,0.5,0.5,0.5,0.5,0.5,0.5,0.5,0.5,0.5,0.5,0.5,0.5,0.5,0.5,0.5,0.5,0.5,0.5,0.5,0.5,0.5,0.5,0.5,0.5,0.5,0.5,0.5,0.5,0.5,0.5,0.5,0.5,0.5,0.5,0.5,0.5,0.5,0.5
0.5,0.5,0.5,0.5,0.5,0.5,0.5,0.5,0.5,0.5,0.5,0.5,0.5,0.5,0.5,0.5,0.5,0.5,0.5,0.5,0.5,0.5,0.5,0.5,0.5,0.5,0.5,0.5,0.5,0.5,0.5,0.5,0.5,0.5,0.5,0.5,0.5,0.5,0.5,0.5,0.5,0.5,0.5,0.5,0.5,0.5,0.5,0.5,0.5,0.5,0.5,0.5,0.5,0.5,0.5,0.5,0.5,0.5,0.5,0.5,0.5,0.5,0.5,0.5
0.5,0.5,0.5,0.5,0.5,0.5,0.5,0.5,0.5,0.5,0.5,0.5,0.5,0.5,0.5,0.5,0.5,0.5,0.5,0.5,0.5,0.5,0.5,0.5,0.5,0.5,0.5,0.5,0.5,0.5,0.5,0.5,0.5,0.5,0.5,0.5,0.5,0.5,0.5,0.5,0.5,0.5,0.5,0.5,0.5,0.5,0.5,0.5,0.5,0.5,0.5,0.5,0.5,0.5,0.5,0.5,0.5,0.5,0.5,0.5,0.5,0.5,0.5,0.5
