0.5,0.5,0.5,0.5,0.5,0.5,0.5,0.5,0.5,0.5,0.5,0.5,0.5,0.5,0.5,0.5,0.5,0.5,0.5,0.5,0.5,0.5,0.5,0.5,0.5,0.5,0.5,0.5,0.5,0.5,0.5,0.5,0.5,0.5,0.5,0.5,0.5,0.5,0.5,0.5,0.5,0.5,0.5,0.5,0.5,0.5,0.5,0.5,0.5,0.5,0.5,0.5,0.5,0.5,0.5,0.5,0.5,0.5,0.5,0.5,0.5,0.5,0.5,0.5
0.5,0.5,0.5,0.5,0.5,0.5,0.5,0.5,0.5,0.5,0.5,0.5,0.5,0.5,0.5,0.5,0.5,0.5,0.5,0.5,0.5,0.5,0.5,0.5,0.5,0.5,0.5,0.5,0.5,0.5,0.5,0.5,0.5,0.5,0.5,0.5,0.5,0.5,0.5,0.5,0.5,0.5,0.5,0.5,0.5,0.5,0.5,0.5,0.5,0.5,0.5,0.5,0.5,0.5,0.5,0.5,0.5,0.5,0.5,0.5,0.5,0.5,0.5,0.5
0.5,0.5,0.5,0.5,0.5,0.5,0.5,0.5,0.5,0.5,0.5,0.5,0.5,0.5,0.5,0.5,0.5,0.5,0.5,0.5,0.5,0.5,0.5,0.5,0.5,0.5,0.5,0.5,0.499999,0.499999,0.499999,0.499999,0.499999,0.499999,0.499999,0.499999,0.5,0.5,0.5,0.5,0.5,0.5,0.5,0.5,0.5,0.5,0.5,0.5,0.5,0.5,0.5,0.5,0.5,0.5,0.5,0.5,0.5,0.5,0.5,0.5,0.5,0.5,0.5,0.5
0.5,0.5,0.5,0.5,0.5,0.5,0.5,0.5,0.5,0.5,0.5,0.5,0.5,0.5,0.5,0.5,0.5,0.5,0.5,0.5,0.5,0.5,0.5,0.5,0.499999,0.499999,0.499999,0.499999,0.499999,0.499999,0.499998,0.499998,0.499998,0.499998,0.499999,0.499999,0.499999,0.499999,0.499999,0.499999,0.5,0.5,0.5,0.5,0.5,0.5,0.5,0.5,0.5,0.5,0.5,0.5,0.5,0.5,0.5,0.5,0.5,0.5,0.5,0.5,0.5,0.5,0.5,0.5
0.5,0.5,0.5,0.5,0.5,0.5,0.5,0.5,0.5,0.5,0.5,0.5,0.5,0.5,0.5,0.5,0.5,0.5,0.5,0.5,0.5,0.499999,0.499999,0.499999,0.499998,0.499998,0.499998,0.499997,0.499997,0.499996,0.499996,0.499996,0.499996,0.499996,0.499996,0.499997,0.499997,0.499998,0.499998,0.499998,0.499999,0.499999,0.499999,0.5,0.5,0.5,0.5,0.5,0.5,0.5,0.5,0.5,0.5,0.5,0.5,0.5,0.5,0.5,0.5,0.5,0.5,0.5,0.5,0.5
0.5,0.5,0.5,0.5,0.5,0.5,0.5,0.5,0.5,0.5,0.5,0.5,0.5,0.5,0.5,0.5,0.5,0.5,0.5,0.499999,0.499999,0.499999,0.499998,0.499997,0.499996,0.499995,0.499994,0.499993,0.499992,0.499991,0.499991,0.49999,0.49999,0.499991,0.499991,0.499992,0.499993,0.499994,0.499995,0.499996,0.499997,0.499998,0.499999,0.499999,0.499999,0.5,0.5,0.5,0.5,0.5,0.5,0.5,0.5,0.5,0.5,0.5,0.5,0.5,0.5,0.5,0.5,0.5,0.5,0.5
0.5,0.5,0.5,0.5,0.5,0.5,0.5,0.5,0.5,0.5,0.5,0.5,0.5,0.5,0.5,0.5,0.5,0.499999,0.499999,0.499998,0.499998,0.499996,0.499995,0.499993,0.499991,0.499989,0.499987,0.499984,0.499982,0.49998,0.499979,0.499978,0.499978,0.499979,0.49998,0.499982,0.499984,0.499987,0.499989,0.499991,0.499993,0.499995,0.499996,0.499998,0.499998,0.499999,0.499999,0.5,0.5,0.5,0.5,0.5,0.5,0.5,0.5,0.5,0.5,0.5,0.5,0.5,0.5,0.5,0.5,0.5
0.5,0.5,0.5,0.5,0.5,0.5,0.5,0.5,0.5,0.5,0.5,0.5,0.5,0.5,0.5,0.499999,0.499999,0.499998,0.499998,0.499996,0.499994,0.499992,0.499989,0.499985,0.49998,0.499975,0.49997,0.499964,0.499959,0.499955,0.499952,0.49995,0.49995,0.499952,0.499955,0.499959,0.499964,0.49997,0.499975,0.49998,0.499985,0.499989,0.499992,0.499994,0.499996,0.499998,0.499998,0.499999,0.499999,0.5,0.5,0.5,0.5,0.5,0.5,0.5,0.5,0.5,0.5,0.5,0.5,0.5,0.5,0.5
0.5,0.5,0.5,0.5,0.5,0.5,0.5,0.5,0.5,0.5,0.5,0.5,0.5,0.5,0.499999,0.499999,0.499998,0.499997,0.499995,0.499992,0.499988,0.499982,0.499975,0.499967,0.499957,0.499946,0.499934,0.499922,0.499911,0.499902,0.499895,0.499892,0.499892,0.499895,0.499902,0.499911,0.499922,0.499934,0.499946,0.499957,0.499967,0.499975,0.499982,0.499988,0.499992,0.499995,0.499997,0.499998,0.499999,0.499999,0.5,0.5,0.5,0.5,0.5,0.5,0.5,0.5,0.5,0.5,0.5,0.5,0.5,0.5
0.5,0.5,0.5,0.5,0.5,0.5,0.5,0.5,0.5,0.5,0.5,0.5,0.5,0.499999,0.499999,0.499997,0.499996,0.499993,0.499989,0.499982,0.499974,0.499963,0.499948,0.49993,0.499909,0.499886,0.499862,0.499837,0.499814,0.499796,0.499782,0.499775,0.499775,0.499782,0.499796,0.499814,0.499837,0.499862,0.499886,0.499909,0.49993,0.499948,0.499963,0.499974,0.499982,0.499989,0.499993,0.499996,0.499997,0.499999,0.499999,0.5,0.5,0.5,0.5,0.5,0.5,0.5,0.5,0.5,0.5,0.5,0.5,0.5
0.5,0.5,0.5,0.5,0.5,0.5,0.5,0.5,0.5,0.5,0.5,0.5,0.499999,0.499998,0.499997,0.499995,0.499991,0.499985,0.499977,0.499964,0.499947,0.499924,0.499894,0.499858,0.499817,0.49977,0.499721,0.499672,0.499627,0.499589,0.499562,0.499547,0.499547,0.499562,0.499589,0.499627,0.499672,0.499721,0.49977,0.499817,0.499858,0.499894,0.499924,0.499947,0.499964,0.499977,0.499985,0.499991,0.499995,0.499997,0.499998,0.499999,0.5,0.5,0.5,0.5,0.5,0.5,0.5,0.5,0.5,0.5,0.5,0.5
0.5,0.5,0.5,0.5,0.5,0.5,0.5,0.5,0.5,0.5,0.5,0.499999,0.499998,0.499997,0.499994,0.499989,0.499982,0.499971,0.499954,0.499929,0.499895,0.49985,0.499793,0.499723,0.499642,0.499552,0.499457,0.499363,0.499276,0.499204,0.499152,0.499124,0.499124,0.499152,0.499204,0.499276,0.499363,0.499457,0.499552,0.499642,0.499723,0.499793,0.49985,0.499895,0.499929,0.499954,0.499971,0.499982,0.499989,0.499994,0.499997,0.499998,0.499999,0.5,0.5,0.5,0.5,0.5,0.5,0.5,0.5,0.5,0.5,0.5
0.5,0.5,0.5,0.5,0.5,0.5,0.5,0.5,0.5,0.5,0.499999,0.499998,0.499997,0.499994,0.499988,0.49998,0.499966,0.499944,0.499911,0.499865,0.499801,0.499716,0.499609,0.499479,0.499327,0.499159,0.498983,0.498809,0.498648,0.498514,0.498418,0.498367,0.498367,0.498418,0.498514,0.498648,0.498809,0.498983,0.499159,0.499327,0.499479,0.499609,0.499716,0.499801,0.499865,0.499911,0.499944,0.499966,0.49998,0.499988,0.499994,0.499997,0.499998,0.499999,0.5,0.5,0.5,0.5,0.5,0.5,0.5,0.5,0.5,0.5
0.5,0.5,0.5,0.5,0.5,0.5,0.5,0.5,0.5,0.499999,0.499998,0.499997,0.499994,0.499988,0.499978,0.499962,0.499936,0.499896,0.499837,0.499752,0.499635,0.499482,0.499287,0.499052,0.49878,0.498479,0.498163,0.497852,0.497566,0.497327,0.497155,0.497065,0.497065,0.497155,0.497327,0.497566,0.497852,0.498163,0.498479,0.49878,0.499052,0.499287,0.499482,0.499635,0.499752,0.499837,0.499896,0.499936,0.499962,0.499978,0.499988,0.499994,0.499997,0.499998,0.499999,0.5,0.5,0.5,0.5,0.5,0.5,0.5,0.5,0.5
0.5,0.5,0.5,0.5,0.5,0.5,0.5,0.5,0.499999,0.499999,0.499997,0.499994,0.499988,0.499978,0.499961,0.499932,0.499886,0.499815,0.499709,0.49956,0.499355,0.499086,0.498747,0.498338,0.497866,0.497345,0.496801,0.496265,0.495774,0.495364,0.49507,0.494916,0.494916,0.49507,0.495364,0.495774,0.496265,0.496801,0.497345,0.497866,0.498338,0.498747,0.499086,0.499355,0.49956,0.499709,0.499815,0.499886,0.499932,0.499961,0.499978,0.499988,0.499994,0.499997,0.499999,0.499999,0.5,0.5,0.5,0.5,0.5,0.5,0.5,0.5
0.5,0.5,0.5,0.5,0.5,0.5,0.5,0.499999,0.499999,0.499997,0.499995,0.499989,0.49998,0.499962,0.499932,0.499882,0.499803,0.499681,0.499501,0.499247,0.4989,0.498446,0.497875,0.497189,0.496398,0.49553,0.494625,0.493736,0.492922,0.492245,0.491758,0.491504,0.491504,0.491758,0.492245,0.492922,0.493736,0.494625,0.49553,0.496398,0.497189,0.497875,0.498446,0.4989,0.499247,0.499501,0.499681,0.499803,0.499882,0.499932,0.499962,0.49998,0.499989,0.499995,0.499997,0.499999,0.499999,0.5,0.5,0.5,0.5,0.5,0.5,0.5
0.5,0.5,0.5,0.5,0.5,0.5,0.5,0.499999,0.499998,0.499996,0.499991,0.499982,0.499966,0.499936,0.499886,0.499803,0.499671,0.499469,0.499173,0.498755,0.498187,0.497447,0.496521,0.495409,0.494134,0.492738,0.491286,0.489862,0.488563,0.487482,0.486707,0.486303,0.486303,0.486707,0.487482,0.488563,0.489862,0.491286,0.492738,0.494134,0.495409,0.496521,0.497447,0.498187,0.498755,0.499173,0.499469,0.499671,0.499803,0.499886,0.499936,0.499966,0.499982,0.499991,0.499996,0.499998,0.499999,0.5,0.5,0.5,0.5,0.5,0.5,0.5
0.5,0.5,0.5,0.5,0.5,0.5,0.499999,0.499998,0.499997,0.499993,0.499985,0.499971,0.499944,0.499896,0.499815,0.499681,0.499469,0.499147,0.498676,0.498013,0.497116,0.495951,0.494498,0.492761,0.490775,0.488607,0.48636,0.484162,0.482159,0.480497,0.479307,0.478686,0.478686,0.479307,0.480497,0.482159,0.484162,0.48636,0.488607,0.490775,0.492761,0.494498,0.495951,0.497116,0.498013,0.498676,0.499147,0.499469,0.499681,0.499815,0.499896,0.499944,0.499971,0.499985,0.499993,0.499997,0.499998,0.499999,0.5,0.5,0.5,0.5,0.5,0.5
0.5,0.5,0.5,0.5,0.5,0.5,0.499999,0.499998,0.499995,0.499989,0.499977,0.499954,0.499911,0.499837,0.499709,0.499501,0.499173,0.498676,0.497951,0.496935,0.495566,0.493794,0.491594,0.488973,0.485986,0.482736,0.479378,0.476102,0.473124,0.470657,0.468893,0.467973,0.467973,0.468893,0.470657,0.473124,0.476102,0.479378,0.482736,0.485986,0.488973,0.491594,0.493794,0.495566,0.496935,0.497951,0.498676,0.499173,0.499501,0.499709,0.499837,0.499911,0.499954,0.499977,0.499989,0.499995,0.499998,0.499999,0.5,0.5,0.5,0.5,0.5,0.5
0.5,0.5,0.5,0.5,0.5,0.499999,0.499998,0.499996,0.499992,0.499982,0.499964,0.499929,0.499865,0.499752,0.49956,0.499247,0.498755,0.498013,0.496935,0.49543,0.493411,0.490807,0.487586,0.483764,0.479423,0.474718,0.46987,0.465154,0.460877,0.457343,0.454818,0.453502,0.453502,0.454818,0.457343,0.460877,0.465154,0.46987,0.474718,0.479423,0.483764,0.487586,0.490807,0.493411,0.49543,0.496935,0.498013,0.498755,0.499247,0.49956,0.499752,0.499865,0.499929,0.499964,0.499982,0.499992,0.499996,0.499998,0.499999,0.5,0.5,0.5,0.5,0.5
0.5,0.5,0.5,0.5,0.5,0.499999,0.499998,0.499994,0.499988,0.499974,0.499947,0.499895,0.499801,0.499635,0.499355,0.4989,0.498187,0.497116,0.495566,0.493411,0.49053,0.486831,0.482271,0.476882,0.470784,0.464198,0.457433,0.450873,0.444938,0.440043,0.436552,0.434735,0.434735,0.436552,0.440043,0.444938,0.450873,0.457433,0.464198,0.470784,0.476882,0.482271,0.486831,0.49053,0.493411,0.495566,0.497116,0.498187,0.4989,0.499355,0.499635,0.499801,0.499895,0.499947,0.499974,0.499988,0.499994,0.499998,0.499999,0.5,0.5,0.5,0.5,0.5
0.5,0.5,0.5,0.5,0.499999,0.499999,0.499996,0.499992,0.499982,0.499963,0.499924,0.49985,0.499716,0.499482,0.499086,0.498446,0.497447,0.495951,0.493794,0.490807,0.486831,0.481744,0.4755,0.468148,0.459861,0.450942,0.441813,0.432987,0.425022,0.418468,0.413801,0.411373,0.411373,0.413801,0.418468,0.425022,0.432987,0.441813,0.450942,0.459861,0.468148,0.4755,0.481744,0.486831,0.490807,0.493794,0.495951,0.497447,0.498446,0.499086,0.499482,0.499716,0.49985,0.499924,0.499963,0.499982,0.499992,0.499996,0.499999,0.499999,0.5,0.5,0.5,0.5
0.5,0.5,0.5,0.5,0.499999,0.499998,0.499995,0.499989,0.499975,0.499948,0.499894,0.499793,0.499609,0.499287,0.498747,0.497875,0.496521,0.494498,0.491594,0.487586,0.482271,0.4755,0.467219,0.457508,0.446604,0.434912,0.422985,0.41149,0.401145,0.392651,0.386612,0.383474,0.383474,0.386612,0.392651,0.401145,0.41149,0.422985,0.434912,0.446604,0.457508,0.467219,0.4755,0.482271,0.487586,0.491594,0.494498,0.496521,0.497875,0.498747,0.499287,0.499609,0.499793,0.499894,0.499948,0.499975,0.499989,0.499995,0.499998,0.499999,0.5,0.5,0.5,0.5
0.5,0.5,0.5,0.5,0.499999,0.499997,0.499993,0.499985,0.499967,0.49993,0.499858,0.499723,0.499479,0.499052,0.498338,0.497189,0.495409,0.492761,0.488973,0.483764,0.476882,0.468148,0.457508,0.445079,0.431176,0.416323,0.401224,0.386718,0.3737,0.363034,0.355465,0.351536,0.351536,0.355465,0.363034,0.3737,0.386718,0.401224,0.416323,0.431176,0.445079,0.457508,0.468148,0.476882,0.483764,0.488973,0.492761,0.495409,0.497189,0.498338,0.499052,0.499479,0.499723,0.499858,0.49993,0.499967,0.499985,0.499993,0.499997,0.499999,0.5,0.5,0.5,0.5
0.5,0.5,0.5,0.499999,0.499998,0.499996,0.499991,0.49998,0.499957,0.499909,0.499817,0.499642,0.499327,0.49878,0.497866,0.496398,0.494134,0.490775,0.485986,0.479423,0.470784,0.459861,0.446604,0.431176,0.413984,0.395681,0.377141,0.359385,0.343494,0.330505,0.321302,0.316531,0.316531,0.321302,0.330505,0.343494,0.359385,0.377141,0.395681,0.413984,0.431176,0.446604,0.459861,0.470784,0.479423,0.485986,0.490775,0.494134,0.496398,0.497866,0.49878,0.499327,0.499642,0.499817,0.499909,0.499957,0.49998,0.499991,0.499996,0.499998,0.499999,0.5,0.5,0.5
0.5,0.5,0.5,0.499999,0.499998,0.499995,0.499989,0.499975,0.499946,0.499886,0.49977,0.499552,0.499159,0.498479,0.497345,0.49553,0.492738,0.488607,0.482736,0.474718,0.464198,0.450942,0.434912,0.416323,0.395681,0.373785,0.351677,0.33057,0.311732,0.296368,0.2855,0.279872,0.279872,0.2855,0.296368,0.311732,0.33057,0.351677,0.373785,0.395681,0.416323,0.434912,0.450942,0.464198,0.474718,0.482736,0.488607,0.492738,0.49553,0.497345,0.498479,0.499159,0.499552,0.49977,0.499886,0.499946,0.499975,0.499989,0.499995,0.499998,0.499999,0.5,0.5,0.5
0.5,0.5,0.5,0.499999,0.499998,0.499994,0.499987,0.49997,0.499934,0.499862,0.499721,0.499457,0.498983,0.498163,0.496801,0.494625,0.491286,0.48636,0.479378,0.46987,0.457433,0.441813,0.422985,0.401224,0.377141,0.351677,0.326049,0.301652,0.279934,0.262259,0.249777,0.243319,0.243319,0.249777,0.262259,0.279934,0.301652,0.326049,0.351677,0.377141,0.401224,0.422985,0.441813,0.457433,0.46987,0.479378,0.48636,0.491286,0.494625,0.496801,0.498163,0.498983,0.499457,0.499721,0.499862,0.499934,0.49997,0.499987,0.499994,0.499998,0.499999,0.5,0.5,0.5
0.5,0.5,0.5,0.499999,0.499997,0.499993,0.499984,0.499964,0.499922,0.499837,0.499672,0.499363,0.498809,0.497852,0.496265,0.493736,0.489862,0.484162,0.476102,0.465154,0.450873,0.432987,0.41149,0.386718,0.359385,0.33057,0.301652,0.274196,0.249813,0.230008,0.216044,0.208825,0.208825,0.216044,0.230008,0.249813,0.274196,0.301652,0.33057,0.359385,0.386718,0.41149,0.432987,0.450873,0.465154,0.476102,0.484162,0.489862,0.493736,0.496265,0.497852,0.498809,0.499363,0.499672,0.499837,0.499922,0.499964,0.499984,0.499993,0.499997,0.499999,0.5,0.5,0.5
0.5,0.5,0.499999,0.499999,0.499997,0.499992,0.499982,0.499959,0.499911,0.499814,0.499627,0.499276,0.498648,0.497566,0.495774,0.492922,0.488563,0.482159,0.473124,0.460877,0.444938,0.425022,0.401145,0.3737,0.343494,0.311732,0.279934,0.249813,0.223118,0.201473,0.186231,0.178359,0.178359,0.186231,0.201473,0.223118,0.249813,0.279934,0.311732,0.343494,0.3737,0.401145,0.425022,0.444938,0.460877,0.473124,0.482159,0.488563,0.492922,0.495774,0.497566,0.498648,0.499276,0.499627,0.499814,0.499911,0.499959,0.499982,0.499992,0.499997,0.499999,0.499999,0.5,0.5
0.5,0.5,0.499999,0.499999,0.499996,0.499991,0.49998,0.499955,0.499902,0.499796,0.499589,0.499204,0.498514,0.497327,0.495364,0.492245,0.487482,0.480497,0.470657,0.457343,0.440043,0.418468,0.392651,0.363034,0.330505,0.296368,0.262259,0.230008,0.201473,0.178368,0.162116,0.153727,0.153727,0.162116,0.178368,0.201473,0.230008,0.262259,0.296368,0.330505,0.363034,0.392651,0.418468,0.440043,0.457343,0.470657,0.480497,0.487482,0.492245,0.495364,0.497327,0.498514,0.499204,0.499589,0.499796,0.499902,0.499955,0.49998,0.499991,0.499996,0.499999,0.499999,0.5,0.5
0.5,0.5,0.499999,0.499998,0.499996,0.499991,0.499979,0.499952,0.499895,0.499782,0.499562,0.499152,0.498418,0.497155,0.49507,0.491758,0.486707,0.479307,0.468893,0.454818,0.436552,0.413801,0.386612,0.355465,0.321302,0.2855,0.249777,0.216044,0.186231,0.162116,0.145165,0.13642,0.13642,0.145165,0.162116,0.186231,0.216044,0.249777,0.2855,0.321302,0.355465,0.386612,0.413801,0.436552,0.454818,0.468893,0.479307,0.486707,0.491758,0.49507,0.497155,0.498418,0.499152,0.499562,0.499782,0.499895,0.499952,0.499979,0.499991,0.499996,0.499998,0.499999,0.5,0.5
0.5,0.5,0.499999,0.499998,0.499996,0.49999,0.499978,0.49995,0.499892,0.499775,0.499547,0.499124,0.498367,0.497065,0.494916,0.491504,0.486303,0.478686,0.467973,0.453502,0.434735,0.411373,0.383474,0.351536,0.316531,0.279872,0.243319,0.208825,0.178359,0.153727,0.13642,0.127493,0.127493,0.13642,0.153727,0.178359,0.208825,0.243319,0.279872,0.316531,0.351536,0.383474,0.411373,0.434735,0.453502,0.467973,0.478686,0.486303,0.491504,0.494916,0.497065,0.498367,0.499124,0.499547,0.499775,0.499892,0.49995,0.499978,0.49999,0.499996,0.499998,0.499999,0.5,0.5
0.5,0.5,0.499999,0.499998,0.499996,0.49999,0.499978,0.49995,0.499892,0.499775,0.499547,0.499124,0.498367,0.497065,0.494916,0.491504,0.486303,0.478686,0.467973,0.453502,0.434735,0.411373,0.383474,0.351536,0.316531,0.279872,0.243319,0.208825,0.178359,0.153727,0.13642,0.127493,0.127493,0.13642,0.153727,0.178359,0.208825,0.243319,0.279872,0.316531,0.351536,0.383474,0.411373,0.434735,0.453502,0.467973,0.478686,0.486303,0.491504,0.494916,0.497065,0.498367,0.499124,0.499547,0.499775,0.499892,0.49995,0.499978,0.49999,0.499996,0.499998,0.499999,0.5,0.5
0.5,0.5,0.499999,0.499998,0.499996,0.499991,0.499979,0.499952,0.499895,0.499782,0.499562,0.499152,0.498418,0.497155,0.49507,0.491758,0.486707,0.479307,0.468893,0.454818,0.436552,0.413801,0.386612,0.355465,0.321302,0.2855,0.249777,0.216044,0.186231,0.162116,0.145165,0.13642,0.13642,0.145165,0.162116,0.186231,0.216044,0.249777,0.2855,0.321302,0.355465,0.386612,0.413801,0.436552,0.454818,0.468893,0.479307,0.486707,0.491758,0.49507,0.497155,0.498418,0.499152,0.499562,0.499782,0.499895,0.499952,0.499979,0.499991,0.499996,0.499998,0.499999,0.5,0.5
0.5,0.5,0.499999,0.499999,0.499996,0.499991,0.49998,0.499955,0.499902,0.499796,0.499589,0.499204,0.498514,0.497327,0.495364,0.492245,0.487482,0.480497,0.470657,0.457343,0.440043,0.418468,0.392651,0.363034,0.330505,0.296368,0.262259,0.230008,0.201473,0.178368,0.162116,0.153727,0.153727,0.162116,0.178368,0.201473,0.230008,0.262259,0.296368,0.330505,0.363034,0.392651,0.418468,0.440043,0.457343,0.470657,0.480497,0.487482,0.492245,0.495364,0.497327,0.498514,0.499204,0.499589,0.499796,0.499902,0.499955,0.49998,0.499991,0.499996,0.499999,0.499999,0.5,0.5
0.5,0.5,0.499999,0.499999,0.499997,0.499992,0.499982,0.499959,0.499911,0.499814,0.499627,0.499276,0.498648,0.497566,0.495774,0.492922,0.488563,0.482159,0.473124,0.460877,0.444938,0.425022,0.401145,0.3737,0.343494,0.311732,0.279934,0.249813,0.223118,0.201473,0.186231,0.178359,0.178359,0.186231,0.201473,0.223118,0.249813,0.279934,0.311732,0.343494,0.3737,0.401145,0.425022,0.444938,0.460877,0.473124,0.482159,0.488563,0.492922,0.495774,0.497566,0.498648,0.499276,0.499627,0.499814,0.499911,0.499959,0.499982,0.499992,0.499997,0.499999,0.499999,0.5,0.5
0.5,0.5,0.5,0.499999,0.499997,0.499993,0.499984,0.499964,0.499922,0.499837,0.499672,0.499363,0.498809,0.497852,0.496265,0.493736,0.489862,0.484162,0.476102,0.465154,0.450873,0.432987,0.41149,0.386718,0.359385,0.33057,0.301652,0.274196,0.249813,0.230008,0.216044,0.208825,0.208825,0.216044,0.230008,0.249813,0.274196,0.301652,0.33057,0.359385,0.386718,0.41149,0.432987,0.450873,0.465154,0.476102,0.484162,0.489862,0.493736,0.496265,0.497852,0.498809,0.499363,0.499672,0.499837,0.499922,0.499964,0.499984,0.499993,0.499997,0.499999,0.5,0.5,0.5
0.5,0.5,0.5,0.499999,0.499998,0.499994,0.499987,0.49997,0.499934,0.499862,0.499721,0.499457,0.498983,0.498163,0.496801,0.494625,0.491286,0.48636,0.479378,0.46987,0.457433,0.441813,0.422985,0.401224,0.377141,0.351677,0.326049,0.301652,0.279934,0.262259,0.249777,0.243319,0.243319,0.249777,0.262259,0.279934,0.301652,0.326049,0.351677,0.377141,0.401224,0.422985,0.441813,0.457433,0.46987,0.479378,0.48636,0.491286,0.494625,0.496801,0.498163,0.498983,0.499457,0.499721,0.499862,0.499934,0.49997,0.499987,0.499994,0.499998,0.499999,0.5,0.5,0.5
0.5,0.5,0.5,0.499999,0.499998,0.499995,0.499989,0.499975,0.499946,0.499886,0.49977,0.499552,0.499159,0.498479,0.497345,0.49553,0.492738,0.488607,0.482736,0.474718,0.464198,0.450942,0.434912,0.416323,0.395681,0.373785,0.351677,0.33057,0.311732,0.296368,0.2855,0.279872,0.279872,0.2855,0.296368,0.311732,0.33057,0.351677,0.373785,0.395681,0.416323,0.434912,0.450942,0.464198,0.474718,0.482736,0.488607,0.492738,0.49553,0.497345,0.498479,0.499159,0.499552,0.49977,0.499886,0.499946,0.499975,0.499989,0.499995,0.499998,0.499999,0.5,0.5,0.5
0.5,0.5,0.5,0.499999,0.499998,0.499996,0.499991,0.49998,0.499957,0.499909,0.499817,0.499642,0.499327,0.49878,0.497866,0.496398,0.494134,0.490775,0.485986,0.479423,0.470784,0.459861,0.446604,0.431176,0.413984,0.395681,0.377141,0.359385,0.343494,0.330505,0.321302,0.316531,0.316531,0.321302,0.330505,0.343494,0.359385,0.377141,0.395681,0.413984,0.431176,0.446604,0.459861,0.470784,0.479423,0.485986,0.490775,0.494134,0.496398,0.497866,0.49878,0.499327,0.499642,0.499817,0.499909,0.499957,0.49998,0.499991,0.499996,0.499998,0.499999,0.5,0.5,0.5
0.5,0.5,0.5,0.5,0.499999,0.499997,0.499993,0.499985,0.499967,0.49993,0.499858,0.499723,0.499479,0.499052,0.498338,0.497189,0.495409,0.492761,0.488973,0.483764,0.476882,0.468148,0.457508,0.445079,0.431176,0.416323,0.401224,0.386718,0.3737,0.363034,0.355465,0.351536,0.351536,0.355465,0.363034,0.3737,0.386718,0.401224,0.416323,0.431176,0.445079,0.457508,0.468148,0.476882,0.483764,0.488973,0.492761,0.495409,0.497189,0.498338,0.499052,0.499479,0.499723,0.499858,0.49993,0.499967,0.499985,0.499993,0.499997,0.499999,0.5,0.5,0.5,0.5
0.5,0.5,0.5,0.5,0.499999,0.499998,0.499995,0.499989,0.499975,0.499948,0.499894,0.499793,0.499609,0.499287,0.498747,0.497875,0.496521,0.494498,0.491594,0.487586,0.482271,0.4755,0.467219,0.457508,0.446604,0.434912,0.422985,0.41149,0.401145,0.392651,0.386612,0.383474,0.383474,0.386612,0.392651,0.401145,0.41149,0.422985,0.434912,0.446604,0.457508,0.467219,0.4755,0.482271,0.487586,0.491594,0.494498,0.496521,0.497875,0.498747,0.499287,0.499609,0.499793,0.499894,0.499948,0.499975,0.499989,0.499995,0.499998,0.499999,0.5,0.5,0.5,0.5
0.5,0.5,0.5,0.5,0.499999,0.499999,0.499996,0.499992,0.499982,0.499963,0.499924,0.49985,0.499716,0.499482,0.499086,0.498446,0.497447,0.495951,0.493794,0.490807,0.486831,0.481744,0.4755,0.468148,0.459861,0.450942,0.441813,0.432987,0.425022,0.418468,0.413801,0.411373,0.411373,0.413801,0.418468,0.425022,0.432987,0.441813,0.450942,0.459861,0.468148,0.4755,0.481744,0.486831,0.490807,0.493794,0.495951,0.497447,0.498446,0.499086,0.499482,0.499716,0.49985,0.499924,0.499963,0.499982,0.499992,0.499996,0.499999,0.499999,0.5,0.5,0.5,0.5
0.5,0.5,0.5,0.5,0.5,0.499999,0.499998,0.499994,0.499988,0.499974,0.499947,0.499895,0.499801,0.499635,0.499355,0.4989,0.498187,0.497116,0.495566,0.493411,0.49053,0.486831,0.482271,0.476882,0.470784,0.464198,0.457433,0.450873,0.444938,0.440043,0.436552,0.434735,0.434735,0.436552,0.440043,0.444938,0.450873,0.457433,0.464198,0.470784,0.476882,0.482271,0.486831,0.49053,0.493411,0.495566,0.497116,0.498187,0.4989,0.499355,0.499635,0.499801,0.499895,0.499947,0.499974,0.499988,0.499994,0.499998,0.499999,0.5,0.5,0.5,0.5,0.5
0.5,0.5,0.5,0.5,0.5,0.499999,0.499998,0.499996,0.499992,0.499982,0.499964,0.499929,0.499865,0.499752,0.49956,0.499247,0.498755,0.498013,0.496935,0.49543,0.493411,0.490807,0.487586,0.483764,0.479423,0.474718,0.46987,0.465154,0.460877,0.457343,0.454818,0.453502,0.453502,0.454818,0.457343,0.460877,0.465154,0.46987,0.474718,0.479423,0.483764,0.487586,0.490807,0.493411,0.49543,0.496935,0.498013,0.498755,0.499247,0.49956,0.499752,0.499865,0.499929,0.499964,0.499982,0.499992,0.499996,0.499998,0.499999,0.5,0.5,0.5,0.5,0.5
0.5,0.5,0.5,0.5,0.5,0.5,0.499999,0.499998,0.499995,0.499989,0.499977,0.499954,0.499911,0.499837,0.499709,0.499501,0.499173,0.498676,0.497951,0.496935,0.495566,0.493794,0.491594,0.488973,0.485986,0.482736,0.479378,0.476102,0.473124,0.470657,0.468893,0.467973,0.467973,0.468893,0.470657,0.473124,0.476102,0.479378,0.482736,0.485986,0.488973,0.491594,0.493794,0.495566,0.496935,0.497951,0.498676,0.499173,0.499501,0.499709,0.499837,0.499911,0.499954,0.499977,0.499989,0.499995,0.499998,0.499999,0.5,0.5,0.5,0.5,0.5,0.5
0.5,0.5,0.5,0.5,0.5,0.5,0.499999,0.499998,0.499997,0.499993,0.499985,0.499971,0.499944,0.499896,0.499815,0.499681,0.499469,0.499147,0.498676,0.498013,0.497116,0.495951,0.494498,0.492761,0.490775,0.488607,0.48636,0.484162,0.482159,0.480497,0.479307,0.478686,0.478686,0.479307,0.480497,0.482159,0.484162,0.48636,0.488607,0.490775,0.492761,0.494498,0.495951,0.497116,0.498013,0.498676,0.499147,0.499469,0.499681,0.499815,0.499896,0.499944,0.499971,0.499985,0.499993,0.499997,0.499998,0.499999,0.5,0.5,0.5,0.5,0.5,0.5
0.5,0.5,0.5,0.5,0.5,0.5,0.5,0.499999,0.499998,0.499996,0.499991,0.499982,0.499966,0.499936,0.499886,0.499803,0.499671,0.499469,0.499173,0.498755,0.498187,0.497447,0.496521,0.495409,0.494134,0.492738,0.491286,0.489862,0.488563,0.487482,0.486707,0.486303,0.486303,0.486707,0.487482,0.488563,0.489862,0.491286,0.492738,0.494134,0.495409,0.496521,0.497447,0.498187,0.498755,0.499173,0.499469,0.499671,0.499803,0.499886,0.499936,0.499966,0.499982,0.499991,0.499996,0.499998,0.499999,0.5,0.5,0.5,0.5,0.5,0.5,0.5
0.5,0.5,0.5,0.5,0.5,0.5,0.5,0.499999,0.499999,0.499997,0.499995,0.499989,0.49998,0.499962,0.499932,0.499882,0.499803,0.499681,0.499501,0.499247,0.4989,0.498446,0.497875,0.497189,0.496398,0.49553,0.494625,0.493736,0.492922,0.492245,0.491758,0.491504,0.491504,0.491758,0.492245,0.492922,0.493736,0.494625,0.49553,0.496398,0.497189,0.497875,0.498446,0.4989,0.499247,0.499501,0.499681,0.499803,0.499882,0.499932,0.499962,0.49998,0.499989,0.499995,0.499997,0.499999,0.499999,0.5,0.5,0.5,0.5,0.5,0.5,0.5
0.5,0.5,0.5,0.5,0.5,0.5,0.5,0.5,0.499999,0.499999,0.499997,0.499994,0.499988,0.499978,0.499961,0.499932,0.499886,0.499815,0.499709,0.49956,0.499355,0.499086,0.498747,0.498338,0.497866,0.497345,0.496801,0.496265,0.495774,0.495364,0.49507,0.494916,0.494916,0.49507,0.495364,0.495774,0.496265,0.496801,0.497345,0.497866,0.498338,0.498747,0.499086,0.499355,0.49956,0.499709,0.499815,0.499886,0.499932,0.499961,0.499978,0.499988,0.499994,0.499997,0.499999,0.499999,0.5,0.5,0.5,0.5,0.5,0.5,0.5,0.5
0.5,0.5,0.5,0.5,0.5,0.5,0.5,0.5,0.5,0.499999,0.499998,0.499997,0.499994,0.499988,0.499978,0.499962,0.499936,0.499896,0.499837,0.499752,0.499635,0.499482,0.499287,0.499052,0.49878,0.498479,0.498163,0.497852,0.497566,0.497327,0.497155,0.497065,0.497065,0.497155,0.497327,0.497566,0.497852,0.498163,0.498479,0.49878,0.499052,0.499287,0.499482,0.499635,0.499752,0.499837,0.499896,0.499936,0.499962,0.499978,0.499988,0.499994,0.499997,0.499998,0.499999,0.5,0.5,0.5,0.5,0.5,0.5,0.5,0.5,0.5
0.5,0.5,0.5,0.5,0.5,0.5,0.5,0.5,0.5,0.5,0.499999,0.499998,0.499997,0.499994,0.499988,0.49998,0.499966,0.499944,0.499911,0.499865,0.499801,0.499716,0.499609,0.499479,0.499327,0.499159,0.498983,0.498809,0.498648,0.498514,0.498418,0.498367,0.498367,0.498418,0.498514,0.498648,0.498809,0.498983,0.499159,0.499327,0.499479,0.499609,0.499716,0.499801,0.499865,0.499911,0.499944,0.499966,0.49998,0.499988,0.499994,0.499997,0.499998,0.499999,0.5,0.5,0.5,0.5,0.5,0.5,0.5,0.5,0.5,0.5
0.5,0.5,0.5,0.5,0.5,0.5,0.5,0.5,0.5,0.5,0.5,0.499999,0.499998,0.499997,0.499994,0.499989,0.499982,0.499971,0.499954,0.499929,0.499895,0.49985,0.499793,0.499723,0.499642,0.499552,0.499457,0.499363,0.499276,0.499204,0.499152,0.499124,0.499124,0.499152,0.499204,0.499276,0.499363,0.499457,0.499552,0.499642,0.499723,0.499793,0.49985,0.499895,0.499929,0.499954,0.499971,0.499982,0.499989,0.499994,0.499997,0.499998,0.499999,0.5,0.5,0.5,0.5,0.5,0.5,0.5,0.5,0.5,0.5,0.5
0.5,0.5,0.5,0.5,0.5,0.5,0.5,0.5,0.5,0.5,0.5,0.5,0.499999,0.499998,0.499997,0.499995,0.499991,0.499985,0.499977,0.499964,0.499947,0.499924,0.499894,0.499858,0.499817,0.49977,0.499721,0.499672,0.499627,0.499589,0.499562,0.499547,0.499547,0.499562,0.499589,0.499627,0.499672,0.499721,0.49977,0.499817,0.499858,0.499894,0.499924,0.499947,0.499964,0.499977,0.499985,0.499991,0.499995,0.499997,0.499998,0.499999,0.5,0.5,0.5,0.5,0.5,0.5,0.5,0.5,0.5,0.5,0.5,0.5
0.5,0.5,0.5,0.5,0.5,0.5,0.5,0.5,0.5,0.5,0.5,0.5,0.5,0.499999,0.499999,0.499997,0.499996,0.499993,0.499989,0.499982,0.499974,0.499963,0.499948,0.49993,0.499909,0.499886,0.499862,0.499837,0.499814,0.499796,0.499782,0.499775,0.499775,0.499782,0.499796,0.499814,0.499837,0.499862,0.499886,0.499909,0.49993,0.499948,0.499963,0.499974,0.499982,0.499989,0.499993,0.499996,0.499997,0.499999,0.499999,0.5,0.5,0.5,0.5,0.5,0.5,0.5,0.5,0.5,0.5,0.5,0.5,0.5
0.5,0.5,0.5,0.5,0.5,0.5,0.5,0.5,0.5,0.5,0.5,0.5,0.5,0.5,0.499999,0.499999,0.499998,0.499997,0.499995,0.499992,0.499988,0.499982,0.499975,0.499967,0.499957,0.499946,0.499934,0.499922,0.499911,0.499902,0.499895,0.499892,0.499892,0.499895,0.499902,0.499911,0.499922,0.499934,0.499946,0.499957,0.499967,0.499975,0.499982,0.499988,0.499992,0.499995,0.499997,0.499998,0.499999,0.499999,0.5,0.5,0.5,0.5,0.5,0.5,0.5,0.5,0.5,0.5,0.5,0.5,0.5,0.5
0.5,0.5,0.5,0.5,0.5,0.5,0.5,0.5,0.5,0.5,0.5,0.5,0.5,0.5,0.5,0.499999,0.499999,0.499998,0.499998,0.499996,0.499994,0.499992,0.499989,0.499985,0.49998,0.499975,0.49997,0.499964,0.499959,0.499955,0.499952,0.49995,0.49995,0.499952,0.499955,0.499959,0.499964,0.49997,0.499975,0.49998,0.499985,0.499989,0.499992,0.499994,0.499996,0.499998,0.499998,0.499999,0.499999,0.5,0.5,0.5,0.5,0.5,0.5,0.5,0.5,0.5,0.5,0.5,0.5,0.5,0.5,0.5
0.5,0.5,0.5,0.5,0.5,0.5,0.5,0.5,0.5,0.5,0.5,0.5,0.5,0.5,0.5,0.5,0.5,0.499999,0.499999,0.499998,0.499998,0.499996,0.499995,0.499993,0.499991,0.499989,0.499987,0.499984,0.499982,0.49998,0.499979,0.499978,0.499978,0.499979,0.49998,0.499982,0.499984,0.499987,0.499989,0.499991,0.499993,0.499995,0.499996,0.499998,0.499998,0.499999,0.499999,0.5,0.5,0.5,0.5,0.5,0.5,0.5,0.5,0.5,0.5,0.5,0.5,0.5,0.5,0.5,0.5,0.5
0.5,0.5,0.5,0.5,0.5,0.5,0.5,0.5,0.5,0.5,0.5,0.5,0.5,0.5,0.5,0.5,0.5,0.5,0.5,0.499999,0.499999,0.499999,0.499998,0.499997,0.499996,0.499995,0.499994,0.499993,0.499992,0.499991,0.499991,0.49999,0.49999,0.499991,0.499991,0.499992,0.499993,0.499994,0.499995,0.499996,0.499997,0.499998,0.499999,0.499999,0.499999,0.5,0.5,0.5,0.5,0.5,0.5,0.5,0.5,0.5,0.5,0.5,0.5,0.5,0.5,0.5,0.5,0.5,0.5,0.5
0.5,0.5,0.5,0.5,0.5,0.5,0.5,0.5,0.5,0.5,0.5,0.5,0.5,0.5,0.5,0.5,0.5,0.5,0.5,0.5,0.5,0.499999,0.499999,0.499999,0.499998,0.499998,0.499998,0.499997,0.499997,0.499996,0.499996,0.499996,0.499996,0.499996,0.499996,0.499997,0.499997,0.499998,0.499998,0.499998,0.499999,0.499999,0.499999,0.5,0.5,0.5,0.5,0.5,0.5,0.5,0.5,0.5,0.5,0.5,0.5,0.5,0.5,0.5,0.5,0.5,0.5,0.5,0.5,0.5
0.5,0.5,0.5,0.5,0.5,0.5,0.5,0.5,0.5,0.5,0.5,0.5,0.5,0.5,0.5,0.5,0.5,0.5,0.5,0.5,0.5,0.5,0.5,0.5,0.499999,0.499999,0.499999,0.499999,0.499999,0.499999,0.499998,0.499998,0.499998,0.499998,0.499999,0.499999,0.499999,0.499999,0.499999,0.499999,0.5,0.5,0.5,0.5,0.5,0.5,0.5,0.5,0.5,0.5,0.5,0.5,0.5,0.5,0.5,0.5,0.5,0.5,0.5,0.5,0.5,0.5,0.5,0.5
0.5,0.5,0.5,0.5,0.5,0.5,0.5,0.5,0.5,0.5,0.5,0.5,0.5,0.5,0.5,0.5,0.5,0.5,0.5,0.5,0.5,0.5,0.5,0.5,0.5,0.5,0.5,0.5,0.499999,0.499999,0.499999,0.499999,0.499999,0.499999,0.499999,0.499999,0.5,0.5,0.5,0.5,0.5,0.5,0.5,0.5,0.5,0.5,0.5,0.5,0.5,0.5,0.5,0.5,0.5,0.5,0.5,0.5,0.5,0.5,0.5,0.5,0.5,0.5,0.5,0.5
0.5,0.5,0.5,0.5,0.5,0.5,0.5,0.5,0.5,0.5,0.5,0.5,0.5,0.5,0.5,0.5,0.5,0.5,0.5,0.5,0.5,0.5,0.5,0.5,0.5,0.5,0.5,0.5,0.5,0.5,0.5,0.5,0.5,0.5,0.5,0.5,0.5,0.5,0.5,0.5,0.5,0.5,0.5,0.5,0.5,0.5,0.5,0.5,0.5,0.5,0.5,0.5,0.5,0.5,0.5,0.5,0.5,0.5,0.5,0.5,0.5,0.5,0.5,0.5
0.5,0.5,0.5,0.5,0.5,0.5,0.5,0.5,0.5,0.5,0.5,0.5,0.5,0.5,0.5,0.5,0.5,0.5,0.5,0.5,0.5,0.5,0.5,0.5,0.5,0.5,0.5,0.5,0.5,0.5,0.5,0.5,0.5,0.5,0.5,0.5,0.5,0.5,0.5,0.5,0.5,0.5,0.5,0.5,0.5,0.5,0.5,0.5,0.5,0.5,0.5,0.5,0.5,0.5,0.5,0.5,0.5,0.5,0.5,0.5,0.5,0.5,0.5,0.5
