0.5,0.5,0.5,0.5,0.5,0.5,0.5,0.5,0.499999,0.499998,0.499997,0.499995,0.499992,0.499988,0.499981,0.499971,0.499957,0.499938,0.499913,0.49988,0.49984,0.499793,0.499737,0.499675,0.499608,0.499538,0.499469,0.499403,0.499345,0.499298,0.499265,0.499248,0.499248,0.499265,0.499298,0.499345,0.499403,0.499469,0.499538,0.499608,0.499675,0.499737,0.499793,0.49984,0.49988,0.499913,0.499938,0.499957,0.499971,0.499981,0.499988,0.499992,0.499995,0.499997,0.499998,0.499999,0.5,0.5,0.5,0.5,0.5,0.5,0.5,0.5
0.5,0.5,0.5,0.5,0.5,0.5,0.5,0.5,0.499999,0.499998,0.499997,0.499995,0.499992,0.499988,0.499981,0.499971,0.499957,0.499938,0.499913,0.49988,0.49984,0.499793,0.499737,0.499675,0.499608,0.499538,0.499469,0.499403,0.499345,0.499298,0.499265,0.499248,0.499248,0.499265,0.499298,0.499345,0.499403,0.499469,0.499538,0.499608,0.499675,0.499737,0.499793,0.49984,0.49988,0.499913,0.499938,0.499957,0.499971,0.499981,0.499988,0.499992,0.499995,0.499997,0.499998,0.499999,0.5,0.5,0.5,0.5,0.5,0.5,0.5,0.5
0.5,0.5,0.5,0.5,0.5,0.5,0.5,0.499999,0.499999,0.499998,0.499996,0.499993,0.499988,0.499981,0.49997,0.499955,0.499934,0.499906,0.499868,0.499821,0.499762,0.499692,0.499611,0.499521,0.499425,0.499324,0.499225,0.499132,0.499049,0.498983,0.498936,0.498911,0.498911,0.498936,0.498983,0.499049,0.499132,0.499225,0.499324,0.499425,0.499521,0.499611,0.499692,0.499762,0.499821,0.499868,0.499906,0.499934,0.499955,0.49997,0.499981,0.499988,0.499993,0.499996,0.499998,0.499999,0.499999,0.5,0.5,0.5,0.5,0.5,0.5,0.5
0.5,0.5,0.5,0.5,0.5,0.5,0.499999,0.499999,0.499997,0.499995,0.499992,0.499986,0.499978,0.499965,0.499946,0.499918,0.49988,0.49983,0.499764,0.49968,0.499578,0.499458,0.499319,0.499165,0.499,0.498831,0.498664,0.498507,0.498369,0.498258,0.498179,0.498139,0.498139,0.498179,0.498258,0.498369,0.498507,0.498664,0.498831,0.499,0.499165,0.499319,0.499458,0.499578,0.49968,0.499764,0.49983,0.49988,0.499918,0.499946,0.499965,0.499978,0.499986,0.499992,0.499995,0.499997,0.499999,0.499999,0.5,0.5,0.5,0.5,0.5,0.5
0.5,0.5,0.5,0.5,0.5,0.499999,0.499998,0.499997,0.499995,0.499991,0.499984,0.499974,0.499957,0.499933,0.499897,0.499846,0.499777,0.499684,0.499564,0.499414,0.499231,0.499016,0.498771,0.4985,0.498212,0.497917,0.497627,0.497356,0.497118,0.496927,0.496792,0.496723,0.496723,0.496792,0.496927,0.497118,0.497356,0.497627,0.497917,0.498212,0.4985,0.498771,0.499016,0.499231,0.499414,0.499564,0.499684,0.499777,0.499846,0.499897,0.499933,0.499957,0.499974,0.499984,0.499991,0.499995,0.499997,0.499998,0.499999,0.5,0.5,0.5,0.5,0.5
0.5,0.5,0.5,0.5,0.499999,0.499998,0.499997,0.499994,0.49999,0.499982,0.49997,0.49995,0.49992,0.499874,0.499809,0.499716,0.49959,0.499424,0.49921,0.498943,0.498622,0.498245,0.497819,0.497351,0.496856,0.496351,0.495857,0.495397,0.494995,0.494672,0.494446,0.494329,0.494329,0.494446,0.494672,0.494995,0.495397,0.495857,0.496351,0.496856,0.497351,0.497819,0.498245,0.498622,0.498943,0.49921,0.499424,0.49959,0.499716,0.499809,0.499874,0.49992,0.49995,0.49997,0.499982,0.49999,0.499994,0.499997,0.499998,0.499999,0.5,0.5,0.5,0.5
0.5,0.5,0.5,0.499999,0.499998,0.499997,0.499994,0.499989,0.499981,0.499967,0.499944,0.499908,0.499853,0.499772,0.499654,0.499491,0.499269,0.498978,0.498608,0.498149,0.4976,0.496961,0.496242,0.495458,0.494632,0.493794,0.492979,0.492223,0.491564,0.491036,0.490667,0.490476,0.490476,0.490667,0.491036,0.491564,0.492223,0.492979,0.493794,0.494632,0.495458,0.496242,0.496961,0.4976,0.498149,0.498608,0.498978,0.499269,0.499491,0.499654,0.499772,0.499853,0.499908,0.499944,0.499967,0.499981,0.499989,0.499994,0.499997,0.499998,0.499999,0.5,0.5,0.5
0.5,0.5,0.499999,0.499999,0.499997,0.499994,0.499989,0.499981,0.499966,0.49994,0.4999,0.499836,0.499739,0.499597,0.499394,0.499113,0.498736,0.498244,0.497622,0.496859,0.49595,0.494901,0.493728,0.492458,0.491127,0.489785,0.488486,0.487286,0.486244,0.48541,0.484829,0.48453,0.48453,0.484829,0.48541,0.486244,0.487286,0.488486,0.489785,0.491127,0.492458,0.493728,0.494901,0.49595,0.496859,0.497622,0.498244,0.498736,0.499113,0.499394,0.499597,0.499739,0.499836,0.4999,0.49994,0.499966,0.499981,0.499989,0.499994,0.499997,0.499999,0.499999,0.5,0.5
0.499999,0.499999,0.499999,0.499997,0.499995,0.49999,0.499981,0.499966,0.499939,0.499895,0.499825,0.499715,0.49955,0.49931,0.498969,0.498502,0.497879,0.497074,0.496063,0.494834,0.493381,0.491717,0.489868,0.487879,0.485811,0.483736,0.481737,0.479901,0.478312,0.477045,0.476163,0.47571,0.47571,0.476163,0.477045,0.478312,0.479901,0.481737,0.483736,0.485811,0.487879,0.489868,0.491717,0.493381,0.494834,0.496063,0.497074,0.497879,0.498502,0.498969,0.49931,0.49955,0.499715,0.499825,0.499895,0.499939,0.499966,0.499981,0.49999,0.499995,0.499997,0.499999,0.499999,0.499999
0.499998,0.499998,0.499998,0.499995,0.499991,0.499982,0.499967,0.49994,0.499895,0.499821,0.499702,0.49952,0.499248,0.498853,0.4983,0.497546,0.49655,0.495273,0.493685,0.491767,0.489521,0.486967,0.484152,0.481147,0.478042,0.474948,0.471984,0.469275,0.46694,0.465085,0.463797,0.463137,0.463137,0.463797,0.465085,0.46694,0.469275,0.471984,0.474948,0.478042,0.481147,0.484152,0.486967,0.489521,0.491767,0.493685,0.495273,0.49655,0.497546,0.4983,0.498853,0.499248,0.49952,0.499702,0.499821,0.499895,0.49994,0.499967,0.499982,0.499991,0.499995,0.499998,0.499998,0.499998
0.499997,0.499997,0.499996,0.499992,0.499984,0.49997,0.499944,0.4999,0.499825,0.499702,0.499509,0.499215,0.498778,0.498151,0.497278,0.496099,0.494556,0.492595,0.490177,0.487284,0.483923,0.480136,0.475995,0.471609,0.467112,0.462661,0.458425,0.454574,0.45127,0.448655,0.446844,0.445918,0.445918,0.446844,0.448655,0.45127,0.454574,0.458425,0.462661,0.467112,0.471609,0.475995,0.480136,0.483923,0.487284,0.490177,0.492595,0.494556,0.496099,0.497278,0.498151,0.498778,0.499215,0.499509,0.499702,0.499825,0.4999,0.499944,0.49997,0.499984,0.499992,0.499996,0.499997,0.499997
0.499995,0.499995,0.499993,0.499986,0.499974,0.49995,0.499908,0.499836,0.499715,0.49952,0.499215,0.498752,0.498072,0.497104,0.495768,0.493982,0.491663,0.488745,0.48518,0.480953,0.47609,0.470658,0.464774,0.458593,0.452307,0.446132,0.440296,0.435022,0.430521,0.426974,0.424525,0.423275,0.423275,0.424525,0.426974,0.430521,0.435022,0.440296,0.446132,0.452307,0.458593,0.464774,0.470658,0.47609,0.480953,0.48518,0.488745,0.491663,0.493982,0.495768,0.497104,0.498072,0.498752,0.499215,0.49952,0.499715,0.499836,0.499908,0.49995,0.499974,0.499986,0.499993,0.499995,0.499995
0.499992,0.499992,0.499988,0.499978,0.499957,0.49992,0.499853,0.499739,0.49955,0.499248,0.498778,0.498072,0.497043,0.495593,0.49361,0.490982,0.487604,0.483394,0.478301,0.472322,0.465511,0.457978,0.449895,0.441483,0.433005,0.424745,0.416998,0.410045,0.404144,0.399515,0.39633,0.394708,0.394708,0.39633,0.399515,0.404144,0.410045,0.416998,0.424745,0.433005,0.441483,0.449895,0.457978,0.465511,0.472322,0.478301,0.483394,0.487604,0.490982,0.49361,0.495593,0.497043,0.498072,0.498778,0.499248,0.49955,0.499739,0.499853,0.49992,0.499957,0.499978,0.499988,0.499992,0.499992
0.499988,0.499988,0.499981,0.499965,0.499933,0.499874,0.499772,0.499597,0.49931,0.498853,0.498151,0.497104,0.495593,0.493481,0.490622,0.486869,0.482093,0.476201,0.469148,0.460956,0.45172,0.441614,0.430882,0.419827,0.408792,0.398141,0.388234,0.379411,0.371971,0.366166,0.362187,0.360165,0.360165,0.362187,0.366166,0.371971,0.379411,0.388234,0.398141,0.408792,0.419827,0.430882,0.441614,0.45172,0.460956,0.469148,0.476201,0.482093,0.486869,0.490622,0.493481,0.495593,0.497104,0.498151,0.498853,0.49931,0.499597,0.499772,0.499874,0.499933,0.499965,0.499981,0.499988,0.499988
0.499981,0.499981,0.49997,0.499946,0.499897,0.499809,0.499654,0.499394,0.498969,0.4983,0.497278,0.495768,0.49361,0.490622,0.486614,0.481409,0.474854,0.466852,0.457379,0.446498,0.43437,0.42125,0.407473,0.393439,0.379582,0.366342,0.354145,0.343374,0.334359,0.327366,0.322595,0.320177,0.320177,0.322595,0.327366,0.334359,0.343374,0.354145,0.366342,0.379582,0.393439,0.407473,0.42125,0.43437,0.446498,0.457379,0.466852,0.474854,0.481409,0.486614,0.490622,0.49361,0.495768,0.497278,0.4983,0.498969,0.499394,0.499654,0.499809,0.499897,0.499946,0.49997,0.499981,0.499981
0.499971,0.499971,0.499955,0.499918,0.499846,0.499716,0.499491,0.499113,0.498502,0.497546,0.496099,0.493982,0.490982,0.486869,0.481409,0.474389,0.465647,0.455094,0.442746,0.428731,0.413298,0.396807,0.379704,0.362494,0.345704,0.329846,0.315393,0.302754,0.292265,0.284186,0.278702,0.275932,0.275932,0.278702,0.284186,0.292265,0.302754,0.315393,0.329846,0.345704,0.362494,0.379704,0.396807,0.413298,0.428731,0.442746,0.455094,0.465647,0.474389,0.481409,0.486869,0.490982,0.493982,0.496099,0.497546,0.498502,0.499113,0.499491,0.499716,0.499846,0.499918,0.499955,0.499971,0.499971
0.499957,0.499957,0.499934,0.49988,0.499777,0.49959,0.499269,0.498736,0.497879,0.49655,0.494556,0.491663,0.487604,0.482093,0.474854,0.465647,0.454309,0.440785,0.425151,0.407631,0.38859,0.368513,0.347972,0.327582,0.307954,0.289656,0.273185,0.258943,0.247242,0.238303,0.232272,0.229237,0.229237,0.232272,0.238303,0.247242,0.258943,0.273185,0.289656,0.307954,0.327582,0.347972,0.368513,0.38859,0.407631,0.425151,0.440785,0.454309,0.465647,0.474854,0.482093,0.487604,0.491663,0.494556,0.49655,0.497879,0.498736,0.499269,0.49959,0.499777,0.49988,0.499934,0.499957,0.499957
0.499938,0.499938,0.499906,0.49983,0.499684,0.499424,0.498978,0.498244,0.497074,0.495273,0.492595,0.488745,0.483394,0.476201,0.466852,0.455094,0.440785,0.423924,0.404684,0.383412,0.360615,0.336925,0.313047,0.289701,0.267566,0.247238,0.2292,0.213812,0.201318,0.191868,0.18554,0.182371,0.182371,0.18554,0.191868,0.201318,0.213812,0.2292,0.247238,0.267566,0.289701,0.313047,0.336925,0.360615,0.383412,0.404684,0.423924,0.440785,0.455094,0.466852,0.476201,0.483394,0.488745,0.492595,0.495273,0.497074,0.498244,0.498978,0.499424,0.499684,0.49983,0.499906,0.499938,0.499938
0.499913,0.499913,0.499868,0.499764,0.499564,0.49921,0.498608,0.497622,0.496063,0.493685,0.490177,0.48518,0.478301,0.469148,0.457379,0.442746,0.425151,0.404684,0.381644,0.356533,0.330026,0.302914,0.276033,0.250194,0.226117,0.204388,0.185431,0.169518,0.156785,0.147273,0.140965,0.137823,0.137823,0.140965,0.147273,0.156785,0.169518,0.185431,0.204388,0.226117,0.250194,0.276033,0.302914,0.330026,0.356533,0.381644,0.404684,0.425151,0.442746,0.457379,0.469148,0.478301,0.48518,0.490177,0.493685,0.496063,0.497622,0.498608,0.49921,0.499564,0.499764,0.499868,0.499913,0.499913
0.49988,0.49988,0.499821,0.49968,0.499414,0.498943,0.498149,0.496859,0.494834,0.491767,0.487284,0.480953,0.472322,0.460956,0.446498,0.428731,0.407631,0.383412,0.356533,0.327682,0.297716,0.267591,0.238265,0.210614,0.18536,0.163032,0.14395,0.128248,0.115917,0.106851,0.100913,0.0979804,0.0979804,0.100913,0.106851,0.115917,0.128248,0.14395,0.163032,0.18536,0.210614,0.238265,0.267591,0.297716,0.327682,0.356533,0.383412,0.407631,0.428731,0.446498,0.460956,0.472322,0.480953,0.487284,0.491767,0.494834,0.496859,0.498149,0.498943,0.499414,0.49968,0.499821,0.49988,0.49988
0.49984,0.49984,0.499762,0.499578,0.499231,0.498622,0.4976,0.49595,0.493381,0.489521,0.483923,0.47609,0.465511,0.45172,0.43437,0.413298,0.38859,0.360615,0.330026,0.297716,0.264738,0.232205,0.201175,0.172554,0.147021,0.124998,0.106654,0.091943,0.0806708,0.0725654,0.0673499,0.0648031,0.0648031,0.0673499,0.0725654,0.0806708,0.091943,0.106654,0.124998,0.147021,0.172554,0.201175,0.232205,0.264738,0.297716,0.330026,0.360615,0.38859,0.413298,0.43437,0.45172,0.465511,0.47609,0.483923,0.489521,0.493381,0.49595,0.4976,0.498622,0.499231,0.499578,0.499762,0.49984,0.49984
0.499793,0.499793,0.499692,0.499458,0.499016,0.498245,0.496961,0.494901,0.491717,0.486967,0.480136,0.470658,0.457978,0.441614,0.42125,0.396807,0.368513,0.336925,0.302914,0.267591,0.232205,0.19801,0.166132,0.137464,0.112595,0.091792,0.0750278,0.0620445,0.0524395,0.0457571,0.0415745,0.0395696,0.0395696,0.0415745,0.0457571,0.0524395,0.0620445,0.0750278,0.091792,0.112595,0.137464,0.166132,0.19801,0.232205,0.267591,0.302914,0.336925,0.368513,0.396807,0.42125,0.441614,0.457978,0.470658,0.480136,0.486967,0.491717,0.494901,0.496961,0.498245,0.499016,0.499458,0.499692,0.499793,0.499793
0.499737,0.499737,0.499611,0.499319,0.498771,0.497819,0.496242,0.493728,0.489868,0.484152,0.475995,0.464774,0.449895,0.430882,0.407473,0.379704,0.347972,0.313047,0.276033,0.238265,0.201175,0.166132,0.134293,0.10649,0.0831761,0.0644227,0.0499738,0.0393364,0.0318896,0.0269927,0.02408,0.0227341,0.0227341,0.02408,0.0269927,0.0318896,0.0393364,0.0499738,0.0644227,0.0831761,0.10649,0.134293,0.166132,0.201175,0.238265,0.276033,0.313047,0.347972,0.379704,0.407473,0.430882,0.449895,0.464774,0.475995,0.484152,0.489868,0.493728,0.496242,0.497819,0.498771,0.499319,0.499611,0.499737,0.499737
0.499675,0.499675,0.499521,0.499165,0.4985,0.497351,0.495458,0.492458,0.487879,0.481147,0.471609,0.458593,0.441483,0.419827,0.393439,0.362494,0.327582,0.289701,0.250194,0.210614,0.172554,0.137464,0.10649,0.0803624,0.0593566,0.0433166,0.0317381,0.0238865,0.0189265,0.0160432,0.0145421,0.0139223,0.0139223,0.0145421,0.0160432,0.0189265,0.0238865,0.0317381,0.0433166,0.0593566,0.0803624,0.10649,0.137464,0.172554,0.210614,0.250194,0.289701,0.327582,0.362494,0.393439,0.419827,0.441483,0.458593,0.471609,0.481147,0.487879,0.492458,0.495458,0.497351,0.4985,0.499165,0.499521,0.499675,0.499675
0.499608,0.499608,0.499425,0.499,0.498212,0.496856,0.494632,0.491127,0.485811,0.478042,0.467112,0.452307,0.433005,0.408792,0.379582,0.345704,0.307954,0.267566,0.226117,0.18536,0.147021,0.112595,0.0831761,0.0593566,0.0412045,0.0283185,0.0199417,0.0151051,0.0127758,0.0119865,0.0119358,0.0120568,0.0120568,0.0119358,0.0119865,0.0127758,0.0151051,0.0199417,0.0283185,0.0412045,0.0593566,0.0831761,0.112595,0.147021,0.18536,0.226117,0.267566,0.307954,0.345704,0.379582,0.408792,0.433005,0.452307,0.467112,0.478042,0.485811,0.491127,0.494632,0.496856,0.498212,0.499,0.499425,0.499608,0.499608
0.499538,0.499538,0.499324,0.498831,0.497917,0.496351,0.493794,0.489785,0.483736,0.474948,0.462661,0.446132,0.424745,0.398141,0.366342,0.329846,0.289656,0.247238,0.204388,0.163032,0.124998,0.091792,0.0644227,0.0433166,0.0283185,0.018779,0.0136977,0.0118913,0.0121562,0.0134013,0.0147445,0.0155727,0.0155727,0.0147445,0.0134013,0.0121562,0.0118913,0.0136977,0.018779,0.0283185,0.0433166,0.0644227,0.091792,0.124998,0.163032,0.204388,0.247238,0.289656,0.329846,0.366342,0.398141,0.424745,0.446132,0.462661,0.474948,0.483736,0.489785,0.493794,0.496351,0.497917,0.498831,0.499324,0.499538,0.499538
0.499469,0.499469,0.499225,0.498664,0.497627,0.495857,0.492979,0.488486,0.481737,0.471984,0.458425,0.440296,0.416998,0.388234,0.354145,0.315393,0.273185,0.2292,0.185431,0.14395,0.106654,0.0750278,0.0499738,0.0317381,0.0199417,0.0136977,0.0117839,0.0128321,0.0154995,0.0186029,0.0212064,0.0226698,0.0226698,0.0212064,0.0186029,0.0154995,0.0128321,0.0117839,0.0136977,0.0199417,0.0317381,0.0499738,0.0750278,0.106654,0.14395,0.185431,0.2292,0.273185,0.315393,0.354145,0.388234,0.416998,0.440296,0.458425,0.471984,0.481737,0.488486,0.492979,0.495857,0.497627,0.498664,0.499225,0.499469,0.499469
0.499403,0.499403,0.499132,0.498507,0.497356,0.495397,0.492223,0.487286,0.479901,0.469275,0.454574,0.435022,0.410045,0.379411,0.343374,0.302754,0.258943,0.213812,0.169518,0.128248,0.091943,0.0620445,0.0393364,0.0238865,0.0151051,0.0118913,0.0128321,0.0164074,0.0211694,0.025872,0.0295491,0.0315503,0.0315503,0.0295491,0.025872,0.0211694,0.0164074,0.0128321,0.0118913,0.0151051,0.0238865,0.0393364,0.0620445,0.091943,0.128248,0.169518,0.213812,0.258943,0.302754,0.343374,0.379411,0.410045,0.435022,0.454574,0.469275,0.479901,0.487286,0.492223,0.495397,0.497356,0.498507,0.499132,0.499403,0.499403
0.499345,0.499345,0.499049,0.498369,0.497118,0.494995,0.491564,0.486244,0.478312,0.46694,0.45127,0.430521,0.404144,0.371971,0.334359,0.292265,0.247242,0.201318,0.156785,0.115917,0.0806708,0.0524395,0.0318896,0.0189265,0.0127758,0.0121562,0.0154995,0.0211694,0.0276432,0.0336372,0.0381731,0.0406018,0.0406018,0.0381731,0.0336372,0.0276432,0.0211694,0.0154995,0.0121562,0.0127758,0.0189265,0.0318896,0.0524395,0.0806708,0.115917,0.156785,0.201318,0.247242,0.292265,0.334359,0.371971,0.404144,0.430521,0.45127,0.46694,0.478312,0.486244,0.491564,0.494995,0.497118,0.498369,0.499049,0.499345,0.499345
0.499298,0.499298,0.498983,0.498258,0.496927,0.494672,0.491036,0.48541,0.477045,0.465085,0.448655,0.426974,0.399515,0.366166,0.327366,0.284186,0.238303,0.191868,0.147273,0.106851,0.0725654,0.0457571,0.0269927,0.0160432,0.0119865,0.0134013,0.0186029,0.025872,0.0336372,0.0405948,0.0457661,0.0485094,0.0485094,0.0457661,0.0405948,0.0336372,0.025872,0.0186029,0.0134013,0.0119865,0.0160432,0.0269927,0.0457571,0.0725654,0.106851,0.147273,0.191868,0.238303,0.284186,0.327366,0.366166,0.399515,0.426974,0.448655,0.465085,0.477045,0.48541,0.491036,0.494672,0.496927,0.498258,0.498983,0.499298,0.499298
0.499265,0.499265,0.498936,0.498179,0.496792,0.494446,0.490667,0.484829,0.476163,0.463797,0.446844,0.424525,0.39633,0.362187,0.322595,0.278702,0.232272,0.18554,0.140965,0.100913,0.0673499,0.0415745,0.02408,0.0145421,0.0119358,0.0147445,0.0212064,0.0295491,0.0381731,0.0457661,0.0513535,0.0543018,0.0543018,0.0513535,0.0457661,0.0381731,0.0295491,0.0212064,0.0147445,0.0119358,0.0145421,0.02408,0.0415745,0.0673499,0.100913,0.140965,0.18554,0.232272,0.278702,0.322595,0.362187,0.39633,0.424525,0.446844,0.463797,0.476163,0.484829,0.490667,0.494446,0.496792,0.498179,0.498936,0.499265,0.499265
0.499248,0.499248,0.498911,0.498139,0.496723,0.494329,0.490476,0.48453,0.47571,0.463137,0.445918,0.423275,0.394708,0.360165,0.320177,0.275932,0.229237,0.182371,0.137823,0.0979804,0.0648031,0.0395696,0.0227341,0.0139223,0.0120568,0.0155727,0.0226698,0.0315503,0.0406018,0.0485094,0.0543018,0.0573508,0.0573508,0.0543018,0.0485094,0.0406018,0.0315503,0.0226698,0.0155727,0.0120568,0.0139223,0.0227341,0.0395696,0.0648031,0.0979804,0.137823,0.182371,0.229237,0.275932,0.320177,0.360165,0.394708,0.423275,0.445918,0.463137,0.47571,0.48453,0.490476,0.494329,0.496723,0.498139,0.498911,0.499248,0.499248
0.499248,0.499248,0.498911,0.498139,0.496723,0.494329,0.490476,0.48453,0.47571,0.463137,0.445918,0.423275,0.394708,0.360165,0.320177,0.275932,0.229237,0.182371,0.137823,0.0979804,0.0648031,0.0395696,0.0227341,0.0139223,0.0120568,0.0155727,0.0226698,0.0315503,0.0406018,0.0485094,0.0543018,0.0573508,0.0573508,0.0543018,0.0485094,0.0406018,0.0315503,0.0226698,0.0155727,0.0120568,0.0139223,0.0227341,0.0395696,0.0648031,0.0979804,0.137823,0.182371,0.229237,0.275932,0.320177,0.360165,0.394708,0.423275,0.445918,0.463137,0.47571,0.48453,0.490476,0.494329,0.496723,0.498139,0.498911,0.499248,0.499248
0.499265,0.499265,0.498936,0.498179,0.496792,0.494446,0.490667,0.484829,0.476163,0.463797,0.446844,0.424525,0.39633,0.362187,0.322595,0.278702,0.232272,0.18554,0.140965,0.100913,0.0673499,0.0415745,0.02408,0.0145421,0.0119358,0.0147445,0.0212064,0.0295491,0.0381731,0.0457661,0.0513535,0.0543018,0.0543018,0.0513535,0.0457661,0.0381731,0.0295491,0.0212064,0.0147445,0.0119358,0.0145421,0.02408,0.0415745,0.0673499,0.100913,0.140965,0.18554,0.232272,0.278702,0.322595,0.362187,0.39633,0.424525,0.446844,0.463797,0.476163,0.484829,0.490667,0.494446,0.496792,0.498179,0.498936,0.499265,0.499265
0.499298,0.499298,0.498983,0.498258,0.496927,0.494672,0.491036,0.48541,0.477045,0.465085,0.448655,0.426974,0.399515,0.366166,0.327366,0.284186,0.238303,0.191868,0.147273,0.106851,0.0725654,0.0457571,0.0269927,0.0160432,0.0119865,0.0134013,0.0186029,0.025872,0.0336372,0.0405948,0.0457661,0.0485094,0.0485094,0.0457661,0.0405948,0.0336372,0.025872,0.0186029,0.0134013,0.0119865,0.0160432,0.0269927,0.0457571,0.0725654,0.106851,0.147273,0.191868,0.238303,0.284186,0.327366,0.366166,0.399515,0.426974,0.448655,0.465085,0.477045,0.48541,0.491036,0.494672,0.496927,0.498258,0.498983,0.499298,0.499298
0.499345,0.499345,0.499049,0.498369,0.497118,0.494995,0.491564,0.486244,0.478312,0.46694,0.45127,0.430521,0.404144,0.371971,0.334359,0.292265,0.247242,0.201318,0.156785,0.115917,0.0806708,0.0524395,0.0318896,0.0189265,0.0127758,0.0121562,0.0154995,0.0211694,0.0276432,0.0336372,0.0381731,0.0406018,0.0406018,0.0381731,0.0336372,0.0276432,0.0211694,0.0154995,0.0121562,0.0127758,0.0189265,0.0318896,0.0524395,0.0806708,0.115917,0.156785,0.201318,0.247242,0.292265,0.334359,0.371971,0.404144,0.430521,0.45127,0.46694,0.478312,0.486244,0.491564,0.494995,0.497118,0.498369,0.499049,0.499345,0.499345
0.499403,0.499403,0.499132,0.498507,0.497356,0.495397,0.492223,0.487286,0.479901,0.469275,0.454574,0.435022,0.410045,0.379411,0.343374,0.302754,0.258943,0.213812,0.169518,0.128248,0.091943,0.0620445,0.0393364,0.0238865,0.0151051,0.0118913,0.0128321,0.0164074,0.0211694,0.025872,0.0295491,0.0315503,0.0315503,0.0295491,0.025872,0.0211694,0.0164074,0.0128321,0.0118913,0.0151051,0.0238865,0.0393364,0.0620445,0.091943,0.128248,0.169518,0.213812,0.258943,0.302754,0.343374,0.379411,0.410045,0.435022,0.454574,0.469275,0.479901,0.487286,0.492223,0.495397,0.497356,0.498507,0.499132,0.499403,0.499403
0.499469,0.499469,0.499225,0.498664,0.497627,0.495857,0.492979,0.488486,0.481737,0.471984,0.458425,0.440296,0.416998,0.388234,0.354145,0.315393,0.273185,0.2292,0.185431,0.14395,0.106654,0.0750278,0.0499738,0.0317381,0.0199417,0.0136977,0.0117839,0.0128321,0.0154995,0.0186029,0.0212064,0.0226698,0.0226698,0.0212064,0.0186029,0.0154995,0.0128321,0.0117839,0.0136977,0.0199417,0.0317381,0.0499738,0.0750278,0.106654,0.14395,0.185431,0.2292,0.273185,0.315393,0.354145,0.388234,0.416998,0.440296,0.458425,0.471984,0.481737,0.488486,0.492979,0.495857,0.497627,0.498664,0.499225,0.499469,0.499469
0.499538,0.499538,0.499324,0.498831,0.497917,0.496351,0.493794,0.489785,0.483736,0.474948,0.462661,0.446132,0.424745,0.398141,0.366342,0.329846,0.289656,0.247238,0.204388,0.163032,0.124998,0.091792,0.0644227,0.0433166,0.0283185,0.018779,0.0136977,0.0118913,0.0121562,0.0134013,0.0147445,0.0155727,0.0155727,0.0147445,0.0134013,0.0121562,0.0118913,0.0136977,0.018779,0.0283185,0.0433166,0.0644227,0.091792,0.124998,0.163032,0.204388,0.247238,0.289656,0.329846,0.366342,0.398141,0.424745,0.446132,0.462661,0.474948,0.483736,0.489785,0.493794,0.496351,0.497917,0.498831,0.499324,0.499538,0.499538
0.499608,0.499608,0.499425,0.499,0.498212,0.496856,0.494632,0.491127,0.485811,0.478042,0.467112,0.452307,0.433005,0.408792,0.379582,0.345704,0.307954,0.267566,0.226117,0.18536,0.147021,0.112595,0.0831761,0.0593566,0.0412045,0.0283185,0.0199417,0.0151051,0.0127758,0.0119865,0.0119358,0.0120568,0.0120568,0.0119358,0.0119865,0.0127758,0.0151051,0.0199417,0.0283185,0.0412045,0.0593566,0.0831761,0.112595,0.147021,0.18536,0.226117,0.267566,0.307954,0.345704,0.379582,0.408792,0.433005,0.452307,0.467112,0.478042,0.485811,0.491127,0.494632,0.496856,0.498212,0.499,0.499425,0.499608,0.499608
0.499675,0.499675,0.499521,0.499165,0.4985,0.497351,0.495458,0.492458,0.487879,0.481147,0.471609,0.458593,0.441483,0.419827,0.393439,0.362494,0.327582,0.289701,0.250194,0.210614,0.172554,0.137464,0.10649,0.0803624,0.0593566,0.0433166,0.0317381,0.0238865,0.0189265,0.0160432,0.0145421,0.0139223,0.0139223,0.0145421,0.0160432,0.0189265,0.0238865,0.0317381,0.0433166,0.0593566,0.0803624,0.10649,0.137464,0.172554,0.210614,0.250194,0.289701,0.327582,0.362494,0.393439,0.419827,0.441483,0.458593,0.471609,0.481147,0.487879,0.492458,0.495458,0.497351,0.4985,0.499165,0.499521,0.499675,0.499675
0.499737,0.499737,0.499611,0.499319,0.498771,0.497819,0.496242,0.493728,0.489868,0.484152,0.475995,0.464774,0.449895,0.430882,0.407473,0.379704,0.347972,0.313047,0.276033,0.238265,0.201175,0.166132,0.134293,0.10649,0.0831761,0.0644227,0.0499738,0.0393364,0.0318896,0.0269927,0.02408,0.0227341,0.0227341,0.02408,0.0269927,0.0318896,0.0393364,0.0499738,0.0644227,0.0831761,0.10649,0.134293,0.166132,0.201175,0.238265,0.276033,0.313047,0.347972,0.379704,0.407473,0.430882,0.449895,0.464774,0.475995,0.484152,0.489868,0.493728,0.496242,0.497819,0.498771,0.499319,0.499611,0.499737,0.499737
0.499793,0.499793,0.499692,0.499458,0.499016,0.498245,0.496961,0.494901,0.491717,0.486967,0.480136,0.470658,0.457978,0.441614,0.42125,0.396807,0.368513,0.336925,0.302914,0.267591,0.232205,0.19801,0.166132,0.137464,0.112595,0.091792,0.0750278,0.0620445,0.0524395,0.0457571,0.0415745,0.0395696,0.0395696,0.0415745,0.0457571,0.0524395,0.0620445,0.0750278,0.091792,0.112595,0.137464,0.166132,0.19801,0.232205,0.267591,0.302914,0.336925,0.368513,0.396807,0.42125,0.441614,0.457978,0.470658,0.480136,0.486967,0.491717,0.494901,0.496961,0.498245,0.499016,0.499458,0.499692,0.499793,0.499793
0.49984,0.49984,0.499762,0.499578,0.499231,0.498622,0.4976,0.49595,0.493381,0.489521,0.483923,0.47609,0.465511,0.45172,0.43437,0.413298,0.38859,0.360615,0.330026,0.297716,0.264738,0.232205,0.201175,0.172554,0.147021,0.124998,0.106654,0.091943,0.0806708,0.0725654,0.0673499,0.0648031,0.0648031,0.0673499,0.0725654,0.0806708,0.091943,0.106654,0.124998,0.147021,0.172554,0.201175,0.232205,0.264738,0.297716,0.330026,0.360615,0.38859,0.413298,0.43437,0.45172,0.465511,0.47609,0.483923,0.489521,0.493381,0.49595,0.4976,0.498622,0.499231,0.499578,0.499762,0.49984,0.49984
0.49988,0.49988,0.499821,0.49968,0.499414,0.498943,0.498149,0.496859,0.494834,0.491767,0.487284,0.480953,0.472322,0.460956,0.446498,0.428731,0.407631,0.383412,0.356533,0.327682,0.297716,0.267591,0.238265,0.210614,0.18536,0.163032,0.14395,0.128248,0.115917,0.106851,0.100913,0.0979804,0.0979804,0.100913,0.106851,0.115917,0.128248,0.14395,0.163032,0.18536,0.210614,0.238265,0.267591,0.297716,0.327682,0.356533,0.383412,0.407631,0.428731,0.446498,0.460956,0.472322,0.480953,0.487284,0.491767,0.494834,0.496859,0.498149,0.498943,0.499414,0.49968,0.499821,0.49988,0.49988
0.499913,0.499913,0.499868,0.499764,0.499564,0.49921,0.498608,0.497622,0.496063,0.493685,0.490177,0.48518,0.478301,0.469148,0.457379,0.442746,0.425151,0.404684,0.381644,0.356533,0.330026,0.302914,0.276033,0.250194,0.226117,0.204388,0.185431,0.169518,0.156785,0.147273,0.140965,0.137823,0.137823,0.140965,0.147273,0.156785,0.169518,0.185431,0.204388,0.226117,0.250194,0.276033,0.302914,0.330026,0.356533,0.381644,0.404684,0.425151,0.442746,0.457379,0.469148,0.478301,0.48518,0.490177,0.493685,0.496063,0.497622,0.498608,0.49921,0.499564,0.499764,0.499868,0.499913,0.499913
0.499938,0.499938,0.499906,0.49983,0.499684,0.499424,0.498978,0.498244,0.497074,0.495273,0.492595,0.488745,0.483394,0.476201,0.466852,0.455094,0.440785,0.423924,0.404684,0.383412,0.360615,0.336925,0.313047,0.289701,0.267566,0.247238,0.2292,0.213812,0.201318,0.191868,0.18554,0.182371,0.182371,0.18554,0.191868,0.201318,0.213812,0.2292,0.247238,0.267566,0.289701,0.313047,0.336925,0.360615,0.383412,0.404684,0.423924,0.440785,0.455094,0.466852,0.476201,0.483394,0.488745,0.492595,0.495273,0.497074,0.498244,0.498978,0.499424,0.499684,0.49983,0.499906,0.499938,0.499938
0.499957,0.499957,0.499934,0.49988,0.499777,0.49959,0.499269,0.498736,0.497879,0.49655,0.494556,0.491663,0.487604,0.482093,0.474854,0.465647,0.454309,0.440785,0.425151,0.407631,0.38859,0.368513,0.347972,0.327582,0.307954,0.289656,0.273185,0.258943,0.247242,0.238303,0.232272,0.229237,0.229237,0.232272,0.238303,0.247242,0.258943,0.273185,0.289656,0.307954,0.327582,0.347972,0.368513,0.38859,0.407631,0.425151,0.440785,0.454309,0.465647,0.474854,0.482093,0.487604,0.491663,0.494556,0.49655,0.497879,0.498736,0.499269,0.49959,0.499777,0.49988,0.499934,0.499957,0.499957
0.499971,0.499971,0.499955,0.499918,0.499846,0.499716,0.499491,0.499113,0.498502,0.497546,0.496099,0.493982,0.490982,0.486869,0.481409,0.474389,0.465647,0.455094,0.442746,0.428731,0.413298,0.396807,0.379704,0.362494,0.345704,0.329846,0.315393,0.302754,0.292265,0.284186,0.278702,0.275932,0.275932,0.278702,0.284186,0.292265,0.302754,0.315393,0.329846,0.345704,0.362494,0.379704,0.396807,0.413298,0.428731,0.442746,0.455094,0.465647,0.474389,0.481409,0.486869,0.490982,0.493982,0.496099,0.497546,0.498502,0.499113,0.499491,0.499716,0.499846,0.499918,0.499955,0.499971,0.499971
0.499981,0.499981,0.49997,0.499946,0.499897,0.499809,0.499654,0.499394,0.498969,0.4983,0.497278,0.495768,0.49361,0.490622,0.486614,0.481409,0.474854,0.466852,0.457379,0.446498,0.43437,0.42125,0.407473,0.393439,0.379582,0.366342,0.354145,0.343374,0.334359,0.327366,0.322595,0.320177,0.320177,0.322595,0.327366,0.334359,0.343374,0.354145,0.366342,0.379582,0.393439,0.407473,0.42125,0.43437,0.446498,0.457379,0.466852,0.474854,0.481409,0.486614,0.490622,0.49361,0.495768,0.497278,0.4983,0.498969,0.499394,0.499654,0.499809,0.499897,0.499946,0.49997,0.499981,0.499981
0.499988,0.499988,0.499981,0.499965,0.499933,0.499874,0.499772,0.499597,0.49931,0.498853,0.498151,0.497104,0.495593,0.493481,0.490622,0.486869,0.482093,0.476201,0.469148,0.460956,0.45172,0.441614,0.430882,0.419827,0.408792,0.398141,0.388234,0.379411,0.371971,0.366166,0.362187,0.360165,0.360165,0.362187,0.366166,0.371971,0.379411,0.388234,0.398141,0.408792,0.419827,0.430882,0.441614,0.45172,0.460956,0.469148,0.476201,0.482093,0.486869,0.490622,0.493481,0.495593,0.497104,0.498151,0.498853,0.49931,0.499597,0.499772,0.499874,0.499933,0.499965,0.499981,0.499988,0.499988
0.499992,0.499992,0.499988,0.499978,0.499957,0.49992,0.499853,0.499739,0.49955,0.499248,0.498778,0.498072,0.497043,0.495593,0.49361,0.490982,0.487604,0.483394,0.478301,0.472322,0.465511,0.457978,0.449895,0.441483,0.433005,0.424745,0.416998,0.410045,0.404144,0.399515,0.39633,0.394708,0.394708,0.39633,0.399515,0.404144,0.410045,0.416998,0.424745,0.433005,0.441483,0.449895,0.457978,0.465511,0.472322,0.478301,0.483394,0.487604,0.490982,0.49361,0.495593,0.497043,0.498072,0.498778,0.499248,0.49955,0.499739,0.499853,0.49992,0.499957,0.499978,0.499988,0.499992,0.499992
0.499995,0.499995,0.499993,0.499986,0.499974,0.49995,0.499908,0.499836,0.499715,0.49952,0.499215,0.498752,0.498072,0.497104,0.495768,0.493982,0.491663,0.488745,0.48518,0.480953,0.47609,0.470658,0.464774,0.458593,0.452307,0.446132,0.440296,0.435022,0.430521,0.426974,0.424525,0.423275,0.423275,0.424525,0.426974,0.430521,0.435022,0.440296,0.446132,0.452307,0.458593,0.464774,0.470658,0.47609,0.480953,0.48518,0.488745,0.491663,0.493982,0.495768,0.497104,0.498072,0.498752,0.499215,0.49952,0.499715,0.499836,0.499908,0.49995,0.499974,0.499986,0.499993,0.499995,0.499995
0.499997,0.499997,0.499996,0.499992,0.499984,0.49997,0.499944,0.4999,0.499825,0.499702,0.499509,0.499215,0.498778,0.498151,0.497278,0.496099,0.494556,0.492595,0.490177,0.487284,0.483923,0.480136,0.475995,0.471609,0.467112,0.462661,0.458425,0.454574,0.45127,0.448655,0.446844,0.445918,0.445918,0.446844,0.448655,0.45127,0.454574,0.458425,0.462661,0.467112,0.471609,0.475995,0.480136,0.483923,0.487284,0.490177,0.492595,0.494556,0.496099,0.497278,0.498151,0.498778,0.499215,0.499509,0.499702,0.499825,0.4999,0.499944,0.49997,0.499984,0.499992,0.499996,0.499997,0.499997
0.499998,0.499998,0.499998,0.499995,0.499991,0.499982,0.499967,0.49994,0.499895,0.499821,0.499702,0.49952,0.499248,0.498853,0.4983,0.497546,0.49655,0.495273,0.493685,0.491767,0.489521,0.486967,0.484152,0.481147,0.478042,0.474948,0.471984,0.469275,0.46694,0.465085,0.463797,0.463137,0.463137,0.463797,0.465085,0.46694,0.469275,0.471984,0.474948,0.478042,0.481147,0.484152,0.486967,0.489521,0.491767,0.493685,0.495273,0.49655,0.497546,0.4983,0.498853,0.499248,0.49952,0.499702,0.499821,0.499895,0.49994,0.499967,0.499982,0.499991,0.499995,0.499998,0.499998,0.499998
0.499999,0.499999,0.499999,0.499997,0.499995,0.49999,0.499981,0.499966,0.499939,0.499895,0.499825,0.499715,0.49955,0.49931,0.498969,0.498502,0.497879,0.497074,0.496063,0.494834,0.493381,0.491717,0.489868,0.487879,0.485811,0.483736,0.481737,0.479901,0.478312,0.477045,0.476163,0.47571,0.47571,0.476163,0.477045,0.478312,0.479901,0.481737,0.483736,0.485811,0.487879,0.489868,0.491717,0.493381,0.494834,0.496063,0.497074,0.497879,0.498502,0.498969,0.49931,0.49955,0.499715,0.499825,0.499895,0.499939,0.499966,0.499981,0.49999,0.499995,0.499997,0.499999,0.499999,0.499999
0.5,0.5,0.499999,0.499999,0.499997,0.499994,0.499989,0.499981,0.499966,0.49994,0.4999,0.499836,0.499739,0.499597,0.499394,0.499113,0.498736,0.498244,0.497622,0.496859,0.49595,0.494901,0.493728,0.492458,0.491127,0.489785,0.488486,0.487286,0.486244,0.48541,0.484829,0.48453,0.48453,0.484829,0.48541,0.486244,0.487286,0.488486,0.489785,0.491127,0.492458,0.493728,0.494901,0.49595,0.496859,0.497622,0.498244,0.498736,0.499113,0.499394,0.499597,0.499739,0.499836,0.4999,0.49994,0.499966,0.499981,0.499989,0.499994,0.499997,0.499999,0.499999,0.5,0.5
0.5,0.5,0.5,0.499999,0.499998,0.499997,0.499994,0.499989,0.499981,0.499967,0.499944,0.499908,0.499853,0.499772,0.499654,0.499491,0.499269,0.498978,0.498608,0.498149,0.4976,0.496961,0.496242,0.495458,0.494632,0.493794,0.492979,0.492223,0.491564,0.491036,0.490667,0.490476,0.490476,0.490667,0.491036,0.491564,0.492223,0.492979,0.493794,0.494632,0.495458,0.496242,0.496961,0.4976,0.498149,0.498608,0.498978,0.499269,0.499491,0.499654,0.499772,0.499853,0.499908,0.499944,0.499967,0.499981,0.499989,0.499994,0.499997,0.499998,0.499999,0.5,0.5,0.5
0.5,0.5,0.5,0.5,0.499999,0.499998,0.499997,0.499994,0.49999,0.499982,0.49997,0.49995,0.49992,0.499874,0.499809,0.499716,0.49959,0.499424,0.49921,0.498943,0.498622,0.498245,0.497819,0.497351,0.496856,0.496351,0.495857,0.495397,0.494995,0.494672,0.494446,0.494329,0.494329,0.494446,0.494672,0.494995,0.495397,0.495857,0.496351,0.496856,0.497351,0.497819,0.498245,0.498622,0.498943,0.49921,0.499424,0.49959,0.499716,0.499809,0.499874,0.49992,0.49995,0.49997,0.499982,0.49999,0.499994,0.499997,0.499998,0.499999,0.5,0.5,0.5,0.5
0.5,0.5,0.5,0.5,0.5,0.499999,0.499998,0.499997,0.499995,0.499991,0.499984,0.499974,0.499957,0.499933,0.499897,0.499846,0.499777,0.499684,0.499564,0.499414,0.499231,0.499016,0.498771,0.4985,0.498212,0.497917,0.497627,0.497356,0.497118,0.496927,0.496792,0.496723,0.496723,0.496792,0.496927,0.497118,0.497356,0.497627,0.497917,0.498212,0.4985,0.498771,0.499016,0.499231,0.499414,0.499564,0.499684,0.499777,0.499846,0.499897,0.499933,0.499957,0.499974,0.499984,0.499991,0.499995,0.499997,0.499998,0.499999,0.5,0.5,0.5,0.5,0.5
0.5,0.5,0.5,0.5,0.5,0.5,0.499999,0.499999,0.499997,0.499995,0.499992,0.499986,0.499978,0.499965,0.499946,0.499918,0.49988,0.49983,0.499764,0.49968,0.499578,0.499458,0.499319,0.499165,0.499,0.498831,0.498664,0.498507,0.498369,0.498258,0.498179,0.498139,0.498139,0.498179,0.498258,0.498369,0.498507,0.498664,0.498831,0.499,0.499165,0.499319,0.499458,0.499578,0.49968,0.499764,0.49983,0.49988,0.499918,0.499946,0.499965,0.499978,0.499986,0.499992,0.499995,0.499997,0.499999,0.499999,0.5,0.5,0.5,0.5,0.5,0.5
0.5,0.5,0.5,0.5,0.5,0.5,0.5,0.499999,0.499999,0.499998,0.499996,0.499993,0.499988,0.499981,0.49997,0.499955,0.499934,0.499906,0.499868,0.499821,0.499762,0.499692,0.499611,0.499521,0.499425,0.499324,0.499225,0.499132,0.499049,0.498983,0.498936,0.498911,0.498911,0.498936,0.498983,0.499049,0.499132,0.499225,0.499324,0.499425,0.499521,0.499611,0.499692,0.499762,0.499821,0.499868,0.499906,0.499934,0.499955,0.49997,0.499981,0.499988,0.499993,0.499996,0.499998,0.499999,0.499999,0.5,0.5,0.5,0.5,0.5,0.5,0.5
0.5,0.5,0.5,0.5,0.5,0.5,0.5,0.5,0.499999,0.499998,0.499997,0.499995,0.499992,0.499988,0.499981,0.499971,0.499957,0.499938,0.499913,0.49988,0.49984,0.499793,0.499737,0.499675,0.499608,0.499538,0.499469,0.499403,0.499345,0.499298,0.499265,0.499248,0.499248,0.499265,0.499298,0.499345,0.499403,0.499469,0.499538,0.499608,0.499675,0.499737,0.499793,0.49984,0.49988,0.499913,0.499938,0.499957,0.499971,0.499981,0.499988,0.499992,0.499995,0.499997,0.499998,0.499999,0.5,0.5,0.5,0.5,0.5,0.5,0.5,0.5
0.5,0.5,0.5,0.5,0.5,0.5,0.5,0.5,0.499999,0.499998,0.499997,0.499995,0.499992,0.499988,0.499981,0.499971,0.499957,0.499938,0.499913,0.49988,0.49984,0.499793,0.499737,0.499675,0.499608,0.499538,0.499469,0.499403,0.499345,0.499298,0.499265,0.499248,0.499248,0.499265,0.499298,0.499345,0.499403,0.499469,0.499538,0.499608,0.499675,0.499737,0.499793,0.49984,0.49988,0.499913,0.499938,0.499957,0.499971,0.499981,0.499988,0.499992,0.499995,0.499997,0.499998,0.499999,0.5,0.5,0.5,0.5,0.5,0.5,0.5,0.5
