0.499999,0.499999,0.499999,0.499998,0.499996,0.499993,0.499988,0.49998,0.499966,0.499944,0.499911,0.499862,0.49979,0.499689,0.49955,0.499365,0.499125,0.498822,0.498449,0.498003,0.497485,0.496898,0.496253,0.495566,0.494855,0.494146,0.493466,0.492843,0.492304,0.491875,0.491577,0.491424,0.491424,0.491577,0.491875,0.492304,0.492843,0.493466,0.494146,0.494855,0.495566,0.496253,0.496898,0.497485,0.498003,0.498449,0.498822,0.499125,0.499365,0.49955,0.499689,0.49979,0.499862,0.499911,0.499944,0.499966,0.49998,0.499988,0.499993,0.499996,0.499998,0.499999,0.499999,0.499999
0.499999,0.499999,0.499999,0.499998,0.499996,0.499993,0.499988,0.49998,0.499966,0.499944,0.499911,0.499862,0.49979,0.499689,0.49955,0.499365,0.499125,0.498822,0.498449,0.498003,0.497485,0.496898,0.496253,0.495566,0.494855,0.494146,0.493466,0.492843,0.492304,0.491875,0.491577,0.491424,0.491424,0.491577,0.491875,0.492304,0.492843,0.493466,0.494146,0.494855,0.495566,0.496253,0.496898,0.497485,0.498003,0.498449,0.498822,0.499125,0.499365,0.49955,0.499689,0.49979,0.499862,0.499911,0.499944,0.499966,0.49998,0.499988,0.499993,0.499996,0.499998,0.499999,0.499999,0.499999
0.499999,0.499999,0.499998,0.499997,0.499995,0.499991,0.499983,0.499971,0.499952,0.499922,0.499876,0.499809,0.499711,0.499575,0.49939,0.499146,0.49883,0.498435,0.497953,0.497381,0.496719,0.495975,0.495162,0.4943,0.493414,0.492533,0.491692,0.490924,0.490262,0.489737,0.489372,0.489185,0.489185,0.489372,0.489737,0.490262,0.490924,0.491692,0.492533,0.493414,0.4943,0.495162,0.495975,0.496719,0.497381,0.497953,0.498435,0.49883,0.499146,0.49939,0.499575,0.499711,0.499809,0.499876,0.499922,0.499952,0.499971,0.499983,0.499991,0.499995,0.499997,0.499998,0.499999,0.499999
0.499998,0.499998,0.499997,0.499995,0.499991,0.499984,0.499972,0.499952,0.49992,0.499871,0.499797,0.499689,0.499535,0.499323,0.499036,0.498661,0.498183,0.497589,0.496872,0.496028,0.495061,0.493984,0.492817,0.491589,0.490336,0.489099,0.487924,0.486856,0.48594,0.485215,0.484713,0.484456,0.484456,0.484713,0.485215,0.48594,0.486856,0.487924,0.489099,0.490336,0.491589,0.492817,0.493984,0.495061,0.496028,0.496872,0.497589,0.498183,0.498661,0.499036,0.499323,0.499535,0.499689,0.499797,0.499871,0.49992,0.499952,0.499972,0.499984,0.499991,0.499995,0.499997,0.499998,0.499998
0.499996,0.499996,0.499995,0.499991,0.499984,0.499971,0.49995,0.499916,0.499862,0.499778,0.499654,0.499475,0.499222,0.498876,0.498415,0.497817,0.497062,0.496135,0.495025,0.493732,0.492265,0.490645,0.488905,0.487088,0.485248,0.483444,0.481741,0.480203,0.478888,0.477852,0.477135,0.476769,0.476769,0.477135,0.477852,0.478888,0.480203,0.481741,0.483444,0.485248,0.487088,0.488905,0.490645,0.492265,0.493732,0.495025,0.496135,0.497062,0.497817,0.498415,0.498876,0.499222,0.499475,0.499654,0.499778,0.499862,0.499916,0.49995,0.499971,0.499984,0.499991,0.499995,0.499996,0.499996
0.499993,0.499993,0.499991,0.499984,0.499971,0.499949,0.499913,0.499854,0.499762,0.499623,0.499417,0.499121,0.498709,0.498151,0.497414,0.496468,0.495286,0.493848,0.492144,0.490178,0.487969,0.485551,0.482976,0.48031,0.47763,0.475022,0.472575,0.470375,0.468505,0.467036,0.466023,0.465506,0.465506,0.466023,0.467036,0.468505,0.470375,0.472575,0.475022,0.47763,0.48031,0.482976,0.485551,0.487969,0.490178,0.492144,0.493848,0.495286,0.496468,0.497414,0.498151,0.498709,0.499121,0.499417,0.499623,0.499762,0.499854,0.499913,0.499949,0.499971,0.499984,0.499991,0.499993,0.499993
0.499988,0.499988,0.499983,0.499972,0.49995,0.499913,0.499851,0.499753,0.499601,0.499372,0.499038,0.498563,0.497907,0.497026,0.495877,0.494416,0.492609,0.490433,0.487881,0.484965,0.481719,0.478201,0.474488,0.470676,0.466874,0.463202,0.459778,0.456718,0.45413,0.452103,0.45071,0.450001,0.450001,0.45071,0.452103,0.45413,0.456718,0.459778,0.463202,0.466874,0.470676,0.474488,0.478201,0.481719,0.484965,0.487881,0.490433,0.492609,0.494416,0.495877,0.497026,0.497907,0.498563,0.499038,0.499372,0.499601,0.499753,0.499851,0.499913,0.49995,0.499972,0.499983,0.499988,0.499988
0.49998,0.49998,0.499971,0.499952,0.499916,0.499854,0.499753,0.499594,0.499349,0.498983,0.498455,0.497712,0.496696,0.495347,0.493603,0.491411,0.488728,0.485531,0.481821,0.477626,0.473004,0.468043,0.462858,0.457582,0.452365,0.447365,0.442736,0.438625,0.435165,0.432467,0.430618,0.429679,0.429679,0.430618,0.432467,0.435165,0.438625,0.442736,0.447365,0.452365,0.457582,0.462858,0.468043,0.473004,0.477626,0.481821,0.485531,0.488728,0.491411,0.493603,0.495347,0.496696,0.497712,0.498455,0.498983,0.499349,0.499594,0.499753,0.499854,0.499916,0.499952,0.499971,0.49998,0.49998
0.499966,0.499966,0.499952,0.49992,0.499862,0.499762,0.499601,0.499349,0.498965,0.498398,0.497586,0.496456,0.494928,0.492919,0.490352,0.48716,0.483296,0.478743,0.473518,0.467674,0.461306,0.454543,0.447545,0.440495,0.433588,0.427024,0.420993,0.415675,0.411223,0.407768,0.405408,0.404212,0.404212,0.405408,0.407768,0.411223,0.415675,0.420993,0.427024,0.433588,0.440495,0.447545,0.454543,0.461306,0.467674,0.473518,0.478743,0.483296,0.48716,0.490352,0.492919,0.494928,0.496456,0.497586,0.498398,0.498965,0.499349,0.499601,0.499762,0.499862,0.49992,0.499952,0.499966,0.499966
0.499944,0.499944,0.499922,0.499871,0.499778,0.499623,0.499372,0.498983,0.498398,0.497542,0.496329,0.494659,0.492425,0.489521,0.485852,0.481341,0.475945,0.469661,0.462534,0.454656,0.446172,0.437263,0.428147,0.419061,0.410249,0.401952,0.394395,0.387779,0.382277,0.378029,0.375138,0.373675,0.373675,0.375138,0.378029,0.382277,0.387779,0.394395,0.401952,0.410249,0.419061,0.428147,0.437263,0.446172,0.454656,0.462534,0.469661,0.475945,0.481341,0.485852,0.489521,0.492425,0.494659,0.496329,0.497542,0.498398,0.498983,0.499372,0.499623,0.499778,0.499871,0.499922,0.499944,0.499944
0.499911,0.499911,0.499876,0.499797,0.499654,0.499417,0.499038,0.498455,0.497586,0.496329,0.494567,0.492166,0.488991,0.484912,0.479818,0.473632,0.466323,0.457916,0.4485,0.438224,0.427294,0.41596,0.404503,0.393216,0.382391,0.372305,0.363205,0.355305,0.348783,0.343775,0.340383,0.33867,0.33867,0.340383,0.343775,0.348783,0.355305,0.363205,0.372305,0.382391,0.393216,0.404503,0.41596,0.427294,0.438224,0.4485,0.457916,0.466323,0.473632,0.479818,0.484912,0.488991,0.492166,0.494567,0.496329,0.497586,0.498455,0.499038,0.499417,0.499654,0.499797,0.499876,0.499911,0.499911
0.499862,0.499862,0.499809,0.499689,0.499475,0.499121,0.498563,0.497712,0.496456,0.494659,0.492166,0.488809,0.484421,0.478851,0.471981,0.463742,0.454134,0.44323,0.43118,0.418207,0.404594,0.390669,0.376779,0.363273,0.35048,0.338699,0.328184,0.319144,0.311741,0.306095,0.302288,0.300373,0.300373,0.302288,0.306095,0.311741,0.319144,0.328184,0.338699,0.35048,0.363273,0.376779,0.390669,0.404594,0.418207,0.43118,0.44323,0.454134,0.463742,0.471981,0.478851,0.484421,0.488809,0.492166,0.494659,0.496456,0.497712,0.498563,0.499121,0.499475,0.499689,0.499809,0.499862,0.499862
0.49979,0.49979,0.499711,0.499535,0.499222,0.498709,0.497907,0.496696,0.494928,0.492425,0.488991,0.484421,0.47852,0.471121,0.462112,0.451453,0.439192,0.425472,0.410527,0.394672,0.378282,0.361763,0.345527,0.329968,0.315438,0.302234,0.290595,0.280699,0.272674,0.266601,0.262531,0.26049,0.26049,0.262531,0.266601,0.272674,0.280699,0.290595,0.302234,0.315438,0.329968,0.345527,0.361763,0.378282,0.394672,0.410527,0.425472,0.439192,0.451453,0.462112,0.471121,0.47852,0.484421,0.488991,0.492425,0.494928,0.496696,0.497907,0.498709,0.499222,0.499535,0.499711,0.49979,0.49979
0.499689,0.499689,0.499575,0.499323,0.498876,0.498151,0.497026,0.495347,0.492919,0.489521,0.484912,0.478851,0.471121,0.461554,0.450063,0.436656,0.421456,0.404702,0.386734,0.367973,0.348891,0.329973,0.311686,0.294448,0.278606,0.264433,0.25212,0.24179,0.233509,0.227302,0.223171,0.221109,0.221109,0.223171,0.227302,0.233509,0.24179,0.25212,0.264433,0.278606,0.294448,0.311686,0.329973,0.348891,0.367973,0.386734,0.404702,0.421456,0.436656,0.450063,0.461554,0.471121,0.478851,0.484912,0.489521,0.492919,0.495347,0.497026,0.498151,0.498876,0.499323,0.499575,0.499689,0.499689
0.49955,0.49955,0.49939,0.499036,0.498415,0.497414,0.495877,0.493603,0.490352,0.485852,0.479818,0.471981,0.462112,0.450063,0.435791,0.419384,0.401069,0.381201,0.360247,0.338746,0.317265,0.296358,0.276524,0.258177,0.241631,0.227098,0.214693,0.204454,0.196363,0.190371,0.186419,0.184457,0.184457,0.186419,0.190371,0.196363,0.204454,0.214693,0.227098,0.241631,0.258177,0.276524,0.296358,0.317265,0.338746,0.360247,0.381201,0.401069,0.419384,0.435791,0.450063,0.462112,0.471981,0.479818,0.485852,0.490352,0.493603,0.495877,0.497414,0.498415,0.499036,0.49939,0.49955,0.49955
0.499365,0.499365,0.499146,0.498661,0.497817,0.496468,0.494416,0.491411,0.48716,0.481341,0.473632,0.463742,0.451453,0.436656,0.419384,0.399834,0.378362,0.355468,0.331755,0.307881,0.2845,0.262212,0.241518,0.222795,0.206287,0.192109,0.180271,0.1707,0.163279,0.157871,0.154347,0.152611,0.152611,0.154347,0.157871,0.163279,0.1707,0.180271,0.192109,0.206287,0.222795,0.241518,0.262212,0.2845,0.307881,0.331755,0.355468,0.378362,0.399834,0.419384,0.436656,0.451453,0.463742,0.473632,0.481341,0.48716,0.491411,0.494416,0.496468,0.497817,0.498661,0.499146,0.499365,0.499365
0.499125,0.499125,0.49883,0.498183,0.497062,0.495286,0.492609,0.488728,0.483296,0.475945,0.466323,0.454134,0.439192,0.421456,0.401069,0.378362,0.353851,0.328194,0.302135,0.276444,0.251839,0.228935,0.208199,0.18993,0.174264,0.16119,0.150585,0.142252,0.13596,0.13148,0.128615,0.12722,0.12722,0.128615,0.13148,0.13596,0.142252,0.150585,0.16119,0.174264,0.18993,0.208199,0.228935,0.251839,0.276444,0.302135,0.328194,0.353851,0.378362,0.401069,0.421456,0.439192,0.454134,0.466323,0.475945,0.483296,0.488728,0.492609,0.495286,0.497062,0.498183,0.49883,0.499125,0.499125
0.498822,0.498822,0.498435,0.497589,0.496135,0.493848,0.490433,0.485531,0.478743,0.469661,0.457916,0.44323,0.425472,0.404702,0.381201,0.355468,0.328194,0.300202,0.272375,0.245571,0.220543,0.19788,0.177973,0.161005,0.146967,0.135698,0.126927,0.120323,0.115544,0.112273,0.110248,0.109283,0.109283,0.110248,0.112273,0.115544,0.120323,0.126927,0.135698,0.146967,0.161005,0.177973,0.19788,0.220543,0.245571,0.272375,0.300202,0.328194,0.355468,0.381201,0.404702,0.425472,0.44323,0.457916,0.469661,0.478743,0.485531,0.490433,0.493848,0.496135,0.497589,0.498435,0.498822,0.498822
0.498449,0.498449,0.497953,0.496872,0.495025,0.492144,0.487881,0.481821,0.473518,0.462534,0.4485,0.43118,0.410527,0.386734,0.360247,0.331755,0.302135,0.272375,0.243476,0.216354,0.191756,0.170203,0.151966,0.137073,0.12535,0.116464,0.109995,0.105483,0.102483,0.100603,0.0995313,0.0990505,0.0990505,0.0995313,0.100603,0.102483,0.105483,0.109995,0.116464,0.12535,0.137073,0.151966,0.170203,0.191756,0.216354,0.243476,0.272375,0.302135,0.331755,0.360247,0.386734,0.410527,0.43118,0.4485,0.462534,0.473518,0.481821,0.487881,0.492144,0.495025,0.496872,0.497953,0.498449,0.498449
0.498003,0.498003,0.497381,0.496028,0.493732,0.490178,0.484965,0.477626,0.467674,0.454656,0.438224,0.418207,0.394672,0.367973,0.338746,0.307881,0.276444,0.245571,0.216354,0.189729,0.16639,0.146745,0.130907,0.118723,0.10983,0.103729,0.0998524,0.097628,0.09653,0.096112,0.0960286,0.0960457,0.0960457,0.0960286,0.096112,0.09653,0.097628,0.0998524,0.103729,0.10983,0.118723,0.130907,0.146745,0.16639,0.189729,0.216354,0.245571,0.276444,0.307881,0.338746,0.367973,0.394672,0.418207,0.438224,0.454656,0.467674,0.477626,0.484965,0.490178,0.493732,0.496028,0.497381,0.498003,0.498003
0.497485,0.497485,0.496719,0.495061,0.492265,0.487969,0.481719,0.473004,0.461306,0.446172,0.427294,0.404594,0.378282,0.348891,0.317265,0.2845,0.251839,0.220543,0.191756,0.16639,0.145042,0.127965,0.115082,0.10604,0.100288,0.0971645,0.0959759,0.0960626,0.0968439,0.0978451,0.0987092,0.0991998,0.0991998,0.0987092,0.0978451,0.0968439,0.0960626,0.0959759,0.0971645,0.100288,0.10604,0.115082,0.127965,0.145042,0.16639,0.191756,0.220543,0.251839,0.2845,0.317265,0.348891,0.378282,0.404594,0.427294,0.446172,0.461306,0.473004,0.481719,0.487969,0.492265,0.495061,0.496719,0.497485,0.497485
0.496898,0.496898,0.495975,0.493984,0.490645,0.485551,0.478201,0.468043,0.454543,0.437263,0.41596,0.390669,0.361763,0.329973,0.296358,0.262212,0.228935,0.19788,0.170203,0.146745,0.127965,0.113927,0.104345,0.0986594,0.096139,0.0959801,0.097391,0.0996548,0.102167,0.10445,0.106158,0.107066,0.107066,0.106158,0.10445,0.102167,0.0996548,0.097391,0.0959801,0.096139,0.0986594,0.104345,0.113927,0.127965,0.146745,0.170203,0.19788,0.228935,0.262212,0.296358,0.329973,0.361763,0.390669,0.41596,0.437263,0.454543,0.468043,0.478201,0.485551,0.490645,0.493984,0.495975,0.496898,0.496898
0.496253,0.496253,0.495162,0.492817,0.488905,0.482976,0.474488,0.462858,0.447545,0.428147,0.404503,0.376779,0.345527,0.311686,0.276524,0.241518,0.208199,0.177973,0.151966,0.130907,0.115082,0.104345,0.0981912,0.0958619,0.0964644,0.0990805,0.102852,0.107038,0.111039,0.1144,0.116806,0.118056,0.118056,0.116806,0.1144,0.111039,0.107038,0.102852,0.0990805,0.0964644,0.0958619,0.0981912,0.104345,0.115082,0.130907,0.151966,0.177973,0.208199,0.241518,0.276524,0.311686,0.345527,0.376779,0.404503,0.428147,0.447545,0.462858,0.474488,0.482976,0.488905,0.492817,0.495162,0.496253,0.496253
0.495566,0.495566,0.4943,0.491589,0.487088,0.48031,0.470676,0.457582,0.440495,0.419061,0.393216,0.363273,0.329968,0.294448,0.258177,0.222795,0.18993,0.161005,0.137073,0.118723,0.10604,0.0986594,0.0958619,0.0967066,0.100165,0.105237,0.11103,0.116808,0.122004,0.126208,0.129146,0.130654,0.130654,0.129146,0.126208,0.122004,0.116808,0.11103,0.105237,0.100165,0.0967066,0.0958619,0.0986594,0.10604,0.118723,0.137073,0.161005,0.18993,0.222795,0.258177,0.294448,0.329968,0.363273,0.393216,0.419061,0.440495,0.457582,0.470676,0.48031,0.487088,0.491589,0.4943,0.495566,0.495566
0.494855,0.494855,0.493414,0.490336,0.485248,0.47763,0.466874,0.452365,0.433588,0.410249,0.382391,0.35048,0.315438,0.278606,0.241631,0.206287,0.174264,0.146967,0.12535,0.10983,0.100288,0.096139,0.0964644,0.100165,0.106107,0.113239,0.120665,0.127681,0.133769,0.138578,0.141886,0.143568,0.143568,0.141886,0.138578,0.133769,0.127681,0.120665,0.113239,0.106107,0.100165,0.0964644,0.096139,0.100288,0.10983,0.12535,0.146967,0.174264,0.206287,0.241631,0.278606,0.315438,0.35048,0.382391,0.410249,0.433588,0.452365,0.466874,0.47763,0.485248,0.490336,0.493414,0.494855,0.494855
0.494146,0.494146,0.492533,0.489099,0.483444,0.475022,0.463202,0.447365,0.427024,0.401952,0.372305,0.338699,0.302234,0.264433,0.227098,0.192109,0.16119,0.135698,0.116464,0.103729,0.0971645,0.0959801,0.0990805,0.105237,0.113239,0.122013,0.130685,0.138597,0.145297,0.150497,0.154032,0.155816,0.155816,0.154032,0.150497,0.145297,0.138597,0.130685,0.122013,0.113239,0.105237,0.0990805,0.0959801,0.0971645,0.103729,0.116464,0.135698,0.16119,0.192109,0.227098,0.264433,0.302234,0.338699,0.372305,0.401952,0.427024,0.447365,0.463202,0.475022,0.483444,0.489099,0.492533,0.494146,0.494146
0.493466,0.493466,0.491692,0.487924,0.481741,0.472575,0.459778,0.442736,0.420993,0.394395,0.363205,0.328184,0.290595,0.25212,0.214693,0.180271,0.150585,0.126927,0.109995,0.0998524,0.0959759,0.097391,0.102852,0.11103,0.120665,0.130685,0.14025,0.148763,0.15584,0.161257,0.164905,0.166736,0.166736,0.164905,0.161257,0.15584,0.148763,0.14025,0.130685,0.120665,0.11103,0.102852,0.097391,0.0959759,0.0998524,0.109995,0.126927,0.150585,0.180271,0.214693,0.25212,0.290595,0.328184,0.363205,0.394395,0.420993,0.442736,0.459778,0.472575,0.481741,0.487924,0.491692,0.493466,0.493466
0.492843,0.492843,0.490924,0.486856,0.480203,0.470375,0.456718,0.438625,0.415675,0.387779,0.355305,0.319144,0.280699,0.24179,0.204454,0.1707,0.142252,0.120323,0.105483,0.097628,0.0960626,0.0996548,0.107038,0.116808,0.127681,0.138597,0.148763,0.157644,0.164919,0.170428,0.174108,0.175947,0.175947,0.174108,0.170428,0.164919,0.157644,0.148763,0.138597,0.127681,0.116808,0.107038,0.0996548,0.0960626,0.097628,0.105483,0.120323,0.142252,0.1707,0.204454,0.24179,0.280699,0.319144,0.355305,0.387779,0.415675,0.438625,0.456718,0.470375,0.480203,0.486856,0.490924,0.492843,0.492843
0.492304,0.492304,0.490262,0.48594,0.478888,0.468505,0.45413,0.435165,0.411223,0.382277,0.348783,0.311741,0.272674,0.233509,0.196363,0.163279,0.13596,0.115544,0.102483,0.09653,0.0968439,0.102167,0.111039,0.122004,0.133769,0.145297,0.15584,0.164919,0.172274,0.177794,0.181458,0.183282,0.183282,0.181458,0.177794,0.172274,0.164919,0.15584,0.145297,0.133769,0.122004,0.111039,0.102167,0.0968439,0.09653,0.102483,0.115544,0.13596,0.163279,0.196363,0.233509,0.272674,0.311741,0.348783,0.382277,0.411223,0.435165,0.45413,0.468505,0.478888,0.48594,0.490262,0.492304,0.492304
0.491875,0.491875,0.489737,0.485215,0.477852,0.467036,0.452103,0.432467,0.407768,0.378029,0.343775,0.306095,0.266601,0.227302,0.190371,0.157871,0.13148,0.112273,0.100603,0.096112,0.0978451,0.10445,0.1144,0.126208,0.138578,0.150497,0.161257,0.170428,0.177794,0.183286,0.186914,0.188714,0.188714,0.186914,0.183286,0.177794,0.170428,0.161257,0.150497,0.138578,0.126208,0.1144,0.10445,0.0978451,0.096112,0.100603,0.112273,0.13148,0.157871,0.190371,0.227302,0.266601,0.306095,0.343775,0.378029,0.407768,0.432467,0.452103,0.467036,0.477852,0.485215,0.489737,0.491875,0.491875
0.491577,0.491577,0.489372,0.484713,0.477135,0.466023,0.45071,0.430618,0.405408,0.375138,0.340383,0.302288,0.262531,0.223171,0.186419,0.154347,0.128615,0.110248,0.0995313,0.0960286,0.0987092,0.106158,0.116806,0.129146,0.141886,0.154032,0.164905,0.174108,0.181458,0.186914,0.190505,0.192284,0.192284,0.190505,0.186914,0.181458,0.174108,0.164905,0.154032,0.141886,0.129146,0.116806,0.106158,0.0987092,0.0960286,0.0995313,0.110248,0.128615,0.154347,0.186419,0.223171,0.262531,0.302288,0.340383,0.375138,0.405408,0.430618,0.45071,0.466023,0.477135,0.484713,0.489372,0.491577,0.491577
0.491424,0.491424,0.489185,0.484456,0.476769,0.465506,0.450001,0.429679,0.404212,0.373675,0.33867,0.300373,0.26049,0.221109,0.184457,0.152611,0.12722,0.109283,0.0990505,0.0960457,0.0991998,0.107066,0.118056,0.130654,0.143568,0.155816,0.166736,0.175947,0.183282,0.188714,0.192284,0.194051,0.194051,0.192284,0.188714,0.183282,0.175947,0.166736,0.155816,0.143568,0.130654,0.118056,0.107066,0.0991998,0.0960457,0.0990505,0.109283,0.12722,0.152611,0.184457,0.221109,0.26049,0.300373,0.33867,0.373675,0.404212,0.429679,0.450001,0.465506,0.476769,0.484456,0.489185,0.491424,0.491424
0.491424,0.491424,0.489185,0.484456,0.476769,0.465506,0.450001,0.429679,0.404212,0.373675,0.33867,0.300373,0.26049,0.221109,0.184457,0.152611,0.12722,0.109283,0.0990505,0.0960457,0.0991998,0.107066,0.118056,0.130654,0.143568,0.155816,0.166736,0.175947,0.183282,0.188714,0.192284,0.194051,0.194051,0.192284,0.188714,0.183282,0.175947,0.166736,0.155816,0.143568,0.130654,0.118056,0.107066,0.0991998,0.0960457,0.0990505,0.109283,0.12722,0.152611,0.184457,0.221109,0.26049,0.300373,0.33867,0.373675,0.404212,0.429679,0.450001,0.465506,0.476769,0.484456,0.489185,0.491424,0.491424
0.491577,0.491577,0.489372,0.484713,0.477135,0.466023,0.45071,0.430618,0.405408,0.375138,0.340383,0.302288,0.262531,0.223171,0.186419,0.154347,0.128615,0.110248,0.0995313,0.0960286,0.0987092,0.106158,0.116806,0.129146,0.141886,0.154032,0.164905,0.174108,0.181458,0.186914,0.190505,0.192284,0.192284,0.190505,0.186914,0.181458,0.174108,0.164905,0.154032,0.141886,0.129146,0.116806,0.106158,0.0987092,0.0960286,0.0995313,0.110248,0.128615,0.154347,0.186419,0.223171,0.262531,0.302288,0.340383,0.375138,0.405408,0.430618,0.45071,0.466023,0.477135,0.484713,0.489372,0.491577,0.491577
0.491875,0.491875,0.489737,0.485215,0.477852,0.467036,0.452103,0.432467,0.407768,0.378029,0.343775,0.306095,0.266601,0.227302,0.190371,0.157871,0.13148,0.112273,0.100603,0.096112,0.0978451,0.10445,0.1144,0.126208,0.138578,0.150497,0.161257,0.170428,0.177794,0.183286,0.186914,0.188714,0.188714,0.186914,0.183286,0.177794,0.170428,0.161257,0.150497,0.138578,0.126208,0.1144,0.10445,0.0978451,0.096112,0.100603,0.112273,0.13148,0.157871,0.190371,0.227302,0.266601,0.306095,0.343775,0.378029,0.407768,0.432467,0.452103,0.467036,0.477852,0.485215,0.489737,0.491875,0.491875
0.492304,0.492304,0.490262,0.48594,0.478888,0.468505,0.45413,0.435165,0.411223,0.382277,0.348783,0.311741,0.272674,0.233509,0.196363,0.163279,0.13596,0.115544,0.102483,0.09653,0.0968439,0.102167,0.111039,0.122004,0.133769,0.145297,0.15584,0.164919,0.172274,0.177794,0.181458,0.183282,0.183282,0.181458,0.177794,0.172274,0.164919,0.15584,0.145297,0.133769,0.122004,0.111039,0.102167,0.0968439,0.09653,0.102483,0.115544,0.13596,0.163279,0.196363,0.233509,0.272674,0.311741,0.348783,0.382277,0.411223,0.435165,0.45413,0.468505,0.478888,0.48594,0.490262,0.492304,0.492304
0.492843,0.492843,0.490924,0.486856,0.480203,0.470375,0.456718,0.438625,0.415675,0.387779,0.355305,0.319144,0.280699,0.24179,0.204454,0.1707,0.142252,0.120323,0.105483,0.097628,0.0960626,0.0996548,0.107038,0.116808,0.127681,0.138597,0.148763,0.157644,0.164919,0.170428,0.174108,0.175947,0.175947,0.174108,0.170428,0.164919,0.157644,0.148763,0.138597,0.127681,0.116808,0.107038,0.0996548,0.0960626,0.097628,0.105483,0.120323,0.142252,0.1707,0.204454,0.24179,0.280699,0.319144,0.355305,0.387779,0.415675,0.438625,0.456718,0.470375,0.480203,0.486856,0.490924,0.492843,0.492843
0.493466,0.493466,0.491692,0.487924,0.481741,0.472575,0.459778,0.442736,0.420993,0.394395,0.363205,0.328184,0.290595,0.25212,0.214693,0.180271,0.150585,0.126927,0.109995,0.0998524,0.0959759,0.097391,0.102852,0.11103,0.120665,0.130685,0.14025,0.148763,0.15584,0.161257,0.164905,0.166736,0.166736,0.164905,0.161257,0.15584,0.148763,0.14025,0.130685,0.120665,0.11103,0.102852,0.097391,0.0959759,0.0998524,0.109995,0.126927,0.150585,0.180271,0.214693,0.25212,0.290595,0.328184,0.363205,0.394395,0.420993,0.442736,0.459778,0.472575,0.481741,0.487924,0.491692,0.493466,0.493466
0.494146,0.494146,0.492533,0.489099,0.483444,0.475022,0.463202,0.447365,0.427024,0.401952,0.372305,0.338699,0.302234,0.264433,0.227098,0.192109,0.16119,0.135698,0.116464,0.103729,0.0971645,0.0959801,0.0990805,0.105237,0.113239,0.122013,0.130685,0.138597,0.145297,0.150497,0.154032,0.155816,0.155816,0.154032,0.150497,0.145297,0.138597,0.130685,0.122013,0.113239,0.105237,0.0990805,0.0959801,0.0971645,0.103729,0.116464,0.135698,0.16119,0.192109,0.227098,0.264433,0.302234,0.338699,0.372305,0.401952,0.427024,0.447365,0.463202,0.475022,0.483444,0.489099,0.492533,0.494146,0.494146
0.494855,0.494855,0.493414,0.490336,0.485248,0.47763,0.466874,0.452365,0.433588,0.410249,0.382391,0.35048,0.315438,0.278606,0.241631,0.206287,0.174264,0.146967,0.12535,0.10983,0.100288,0.096139,0.0964644,0.100165,0.106107,0.113239,0.120665,0.127681,0.133769,0.138578,0.141886,0.143568,0.143568,0.141886,0.138578,0.133769,0.127681,0.120665,0.113239,0.106107,0.100165,0.0964644,0.096139,0.100288,0.10983,0.12535,0.146967,0.174264,0.206287,0.241631,0.278606,0.315438,0.35048,0.382391,0.410249,0.433588,0.452365,0.466874,0.47763,0.485248,0.490336,0.493414,0.494855,0.494855
0.495566,0.495566,0.4943,0.491589,0.487088,0.48031,0.470676,0.457582,0.440495,0.419061,0.393216,0.363273,0.329968,0.294448,0.258177,0.222795,0.18993,0.161005,0.137073,0.118723,0.10604,0.0986594,0.0958619,0.0967066,0.100165,0.105237,0.11103,0.116808,0.122004,0.126208,0.129146,0.130654,0.130654,0.129146,0.126208,0.122004,0.116808,0.11103,0.105237,0.100165,0.0967066,0.0958619,0.0986594,0.10604,0.118723,0.137073,0.161005,0.18993,0.222795,0.258177,0.294448,0.329968,0.363273,0.393216,0.419061,0.440495,0.457582,0.470676,0.48031,0.487088,0.491589,0.4943,0.495566,0.495566
0.496253,0.496253,0.495162,0.492817,0.488905,0.482976,0.474488,0.462858,0.447545,0.428147,0.404503,0.376779,0.345527,0.311686,0.276524,0.241518,0.208199,0.177973,0.151966,0.130907,0.115082,0.104345,0.0981912,0.0958619,0.0964644,0.0990805,0.102852,0.107038,0.111039,0.1144,0.116806,0.118056,0.118056,0.116806,0.1144,0.111039,0.107038,0.102852,0.0990805,0.0964644,0.0958619,0.0981912,0.104345,0.115082,0.130907,0.151966,0.177973,0.208199,0.241518,0.276524,0.311686,0.345527,0.376779,0.404503,0.428147,0.447545,0.462858,0.474488,0.482976,0.488905,0.492817,0.495162,0.496253,0.496253
0.496898,0.496898,0.495975,0.493984,0.490645,0.485551,0.478201,0.468043,0.454543,0.437263,0.41596,0.390669,0.361763,0.329973,0.296358,0.262212,0.228935,0.19788,0.170203,0.146745,0.127965,0.113927,0.104345,0.0986594,0.096139,0.0959801,0.097391,0.0996548,0.102167,0.10445,0.106158,0.107066,0.107066,0.106158,0.10445,0.102167,0.0996548,0.097391,0.0959801,0.096139,0.0986594,0.104345,0.113927,0.127965,0.146745,0.170203,0.19788,0.228935,0.262212,0.296358,0.329973,0.361763,0.390669,0.41596,0.437263,0.454543,0.468043,0.478201,0.485551,0.490645,0.493984,0.495975,0.496898,0.496898
0.497485,0.497485,0.496719,0.495061,0.492265,0.487969,0.481719,0.473004,0.461306,0.446172,0.427294,0.404594,0.378282,0.348891,0.317265,0.2845,0.251839,0.220543,0.191756,0.16639,0.145042,0.127965,0.115082,0.10604,0.100288,0.0971645,0.0959759,0.0960626,0.0968439,0.0978451,0.0987092,0.0991998,0.0991998,0.0987092,0.0978451,0.0968439,0.0960626,0.0959759,0.0971645,0.100288,0.10604,0.115082,0.127965,0.145042,0.16639,0.191756,0.220543,0.251839,0.2845,0.317265,0.348891,0.378282,0.404594,0.427294,0.446172,0.461306,0.473004,0.481719,0.487969,0.492265,0.495061,0.496719,0.497485,0.497485
0.498003,0.498003,0.497381,0.496028,0.493732,0.490178,0.484965,0.477626,0.467674,0.454656,0.438224,0.418207,0.394672,0.367973,0.338746,0.307881,0.276444,0.245571,0.216354,0.189729,0.16639,0.146745,0.130907,0.118723,0.10983,0.103729,0.0998524,0.097628,0.09653,0.096112,0.0960286,0.0960457,0.0960457,0.0960286,0.096112,0.09653,0.097628,0.0998524,0.103729,0.10983,0.118723,0.130907,0.146745,0.16639,0.189729,0.216354,0.245571,0.276444,0.307881,0.338746,0.367973,0.394672,0.418207,0.438224,0.454656,0.467674,0.477626,0.484965,0.490178,0.493732,0.496028,0.497381,0.498003,0.498003
0.498449,0.498449,0.497953,0.496872,0.495025,0.492144,0.487881,0.481821,0.473518,0.462534,0.4485,0.43118,0.410527,0.386734,0.360247,0.331755,0.302135,0.272375,0.243476,0.216354,0.191756,0.170203,0.151966,0.137073,0.12535,0.116464,0.109995,0.105483,0.102483,0.100603,0.0995313,0.0990505,0.0990505,0.0995313,0.100603,0.102483,0.105483,0.109995,0.116464,0.12535,0.137073,0.151966,0.170203,0.191756,0.216354,0.243476,0.272375,0.302135,0.331755,0.360247,0.386734,0.410527,0.43118,0.4485,0.462534,0.473518,0.481821,0.487881,0.492144,0.495025,0.496872,0.497953,0.498449,0.498449
0.498822,0.498822,0.498435,0.497589,0.496135,0.493848,0.490433,0.485531,0.478743,0.469661,0.457916,0.44323,0.425472,0.404702,0.381201,0.355468,0.328194,0.300202,0.272375,0.245571,0.220543,0.19788,0.177973,0.161005,0.146967,0.135698,0.126927,0.120323,0.115544,0.112273,0.110248,0.109283,0.109283,0.110248,0.112273,0.115544,0.120323,0.126927,0.135698,0.146967,0.161005,0.177973,0.19788,0.220543,0.245571,0.272375,0.300202,0.328194,0.355468,0.381201,0.404702,0.425472,0.44323,0.457916,0.469661,0.478743,0.485531,0.490433,0.493848,0.496135,0.497589,0.498435,0.498822,0.498822
0.499125,0.499125,0.49883,0.498183,0.497062,0.495286,0.492609,0.488728,0.483296,0.475945,0.466323,0.454134,0.439192,0.421456,0.401069,0.378362,0.353851,0.328194,0.302135,0.276444,0.251839,0.228935,0.208199,0.18993,0.174264,0.16119,0.150585,0.142252,0.13596,0.13148,0.128615,0.12722,0.12722,0.128615,0.13148,0.13596,0.142252,0.150585,0.16119,0.174264,0.18993,0.208199,0.228935,0.251839,0.276444,0.302135,0.328194,0.353851,0.378362,0.401069,0.421456,0.439192,0.454134,0.466323,0.475945,0.483296,0.488728,0.492609,0.495286,0.497062,0.498183,0.49883,0.499125,0.499125
0.499365,0.499365,0.499146,0.498661,0.497817,0.496468,0.494416,0.491411,0.48716,0.481341,0.473632,0.463742,0.451453,0.436656,0.419384,0.399834,0.378362,0.355468,0.331755,0.307881,0.2845,0.262212,0.241518,0.222795,0.206287,0.192109,0.180271,0.1707,0.163279,0.157871,0.154347,0.152611,0.152611,0.154347,0.157871,0.163279,0.1707,0.180271,0.192109,0.206287,0.222795,0.241518,0.262212,0.2845,0.307881,0.331755,0.355468,0.378362,0.399834,0.419384,0.436656,0.451453,0.463742,0.473632,0.481341,0.48716,0.491411,0.494416,0.496468,0.497817,0.498661,0.499146,0.499365,0.499365
0.49955,0.49955,0.49939,0.499036,0.498415,0.497414,0.495877,0.493603,0.490352,0.485852,0.479818,0.471981,0.462112,0.450063,0.435791,0.419384,0.401069,0.381201,0.360247,0.338746,0.317265,0.296358,0.276524,0.258177,0.241631,0.227098,0.214693,0.204454,0.196363,0.190371,0.186419,0.184457,0.184457,0.186419,0.190371,0.196363,0.204454,0.214693,0.227098,0.241631,0.258177,0.276524,0.296358,0.317265,0.338746,0.360247,0.381201,0.401069,0.419384,0.435791,0.450063,0.462112,0.471981,0.479818,0.485852,0.490352,0.493603,0.495877,0.497414,0.498415,0.499036,0.49939,0.49955,0.49955
0.499689,0.499689,0.499575,0.499323,0.498876,0.498151,0.497026,0.495347,0.492919,0.489521,0.484912,0.478851,0.471121,0.461554,0.450063,0.436656,0.421456,0.404702,0.386734,0.367973,0.348891,0.329973,0.311686,0.294448,0.278606,0.264433,0.25212,0.24179,0.233509,0.227302,0.223171,0.221109,0.221109,0.223171,0.227302,0.233509,0.24179,0.25212,0.264433,0.278606,0.294448,0.311686,0.329973,0.348891,0.367973,0.386734,0.404702,0.421456,0.436656,0.450063,0.461554,0.471121,0.478851,0.484912,0.489521,0.492919,0.495347,0.497026,0.498151,0.498876,0.499323,0.499575,0.499689,0.499689
0.49979,0.49979,0.499711,0.499535,0.499222,0.498709,0.497907,0.496696,0.494928,0.492425,0.488991,0.484421,0.47852,0.471121,0.462112,0.451453,0.439192,0.425472,0.410527,0.394672,0.378282,0.361763,0.345527,0.329968,0.315438,0.302234,0.290595,0.280699,0.272674,0.266601,0.262531,0.26049,0.26049,0.262531,0.266601,0.272674,0.280699,0.290595,0.302234,0.315438,0.329968,0.345527,0.361763,0.378282,0.394672,0.410527,0.425472,0.439192,0.451453,0.462112,0.471121,0.47852,0.484421,0.488991,0.492425,0.494928,0.496696,0.497907,0.498709,0.499222,0.499535,0.499711,0.49979,0.49979
0.499862,0.499862,0.499809,0.499689,0.499475,0.499121,0.498563,0.497712,0.496456,0.494659,0.492166,0.488809,0.484421,0.478851,0.471981,0.463742,0.454134,0.44323,0.43118,0.418207,0.404594,0.390669,0.376779,0.363273,0.35048,0.338699,0.328184,0.319144,0.311741,0.306095,0.302288,0.300373,0.300373,0.302288,0.306095,0.311741,0.319144,0.328184,0.338699,0.35048,0.363273,0.376779,0.390669,0.404594,0.418207,0.43118,0.44323,0.454134,0.463742,0.471981,0.478851,0.484421,0.488809,0.492166,0.494659,0.496456,0.497712,0.498563,0.499121,0.499475,0.499689,0.499809,0.499862,0.499862
0.499911,0.499911,0.499876,0.499797,0.499654,0.499417,0.499038,0.498455,0.497586,0.496329,0.494567,0.492166,0.488991,0.484912,0.479818,0.473632,0.466323,0.457916,0.4485,0.438224,0.427294,0.41596,0.404503,0.393216,0.382391,0.372305,0.363205,0.355305,0.348783,0.343775,0.340383,0.33867,0.33867,0.340383,0.343775,0.348783,0.355305,0.363205,0.372305,0.382391,0.393216,0.404503,0.41596,0.427294,0.438224,0.4485,0.457916,0.466323,0.473632,0.479818,0.484912,0.488991,0.492166,0.494567,0.496329,0.497586,0.498455,0.499038,0.499417,0.499654,0.499797,0.499876,0.499911,0.499911
0.499944,0.499944,0.499922,0.499871,0.499778,0.499623,0.499372,0.498983,0.498398,0.497542,0.496329,0.494659,0.492425,0.489521,0.485852,0.481341,0.475945,0.469661,0.462534,0.454656,0.446172,0.437263,0.428147,0.419061,0.410249,0.401952,0.394395,0.387779,0.382277,0.378029,0.375138,0.373675,0.373675,0.375138,0.378029,0.382277,0.387779,0.394395,0.401952,0.410249,0.419061,0.428147,0.437263,0.446172,0.454656,0.462534,0.469661,0.475945,0.481341,0.485852,0.489521,0.492425,0.494659,0.496329,0.497542,0.498398,0.498983,0.499372,0.499623,0.499778,0.499871,0.499922,0.499944,0.499944
0.499966,0.499966,0.499952,0.49992,0.499862,0.499762,0.499601,0.499349,0.498965,0.498398,0.497586,0.496456,0.494928,0.492919,0.490352,0.48716,0.483296,0.478743,0.473518,0.467674,0.461306,0.454543,0.447545,0.440495,0.433588,0.427024,0.420993,0.415675,0.411223,0.407768,0.405408,0.404212,0.404212,0.405408,0.407768,0.411223,0.415675,0.420993,0.427024,0.433588,0.440495,0.447545,0.454543,0.461306,0.467674,0.473518,0.478743,0.483296,0.48716,0.490352,0.492919,0.494928,0.496456,0.497586,0.498398,0.498965,0.499349,0.499601,0.499762,0.499862,0.49992,0.499952,0.499966,0.499966
0.49998,0.49998,0.499971,0.499952,0.499916,0.499854,0.499753,0.499594,0.499349,0.498983,0.498455,0.497712,0.496696,0.495347,0.493603,0.491411,0.488728,0.485531,0.481821,0.477626,0.473004,0.468043,0.462858,0.457582,0.452365,0.447365,0.442736,0.438625,0.435165,0.432467,0.430618,0.429679,0.429679,0.430618,0.432467,0.435165,0.438625,0.442736,0.447365,0.452365,0.457582,0.462858,0.468043,0.473004,0.477626,0.481821,0.485531,0.488728,0.491411,0.493603,0.495347,0.496696,0.497712,0.498455,0.498983,0.499349,0.499594,0.499753,0.499854,0.499916,0.499952,0.499971,0.49998,0.49998
0.499988,0.499988,0.499983,0.499972,0.49995,0.499913,0.499851,0.499753,0.499601,0.499372,0.499038,0.498563,0.497907,0.497026,0.495877,0.494416,0.492609,0.490433,0.487881,0.484965,0.481719,0.478201,0.474488,0.470676,0.466874,0.463202,0.459778,0.456718,0.45413,0.452103,0.45071,0.450001,0.450001,0.45071,0.452103,0.45413,0.456718,0.459778,0.463202,0.466874,0.470676,0.474488,0.478201,0.481719,0.484965,0.487881,0.490433,0.492609,0.494416,0.495877,0.497026,0.497907,0.498563,0.499038,0.499372,0.499601,0.499753,0.499851,0.499913,0.49995,0.499972,0.499983,0.499988,0.499988
0.499993,0.499993,0.499991,0.499984,0.499971,0.499949,0.499913,0.499854,0.499762,0.499623,0.499417,0.499121,0.498709,0.498151,0.497414,0.496468,0.495286,0.493848,0.492144,0.490178,0.487969,0.485551,0.482976,0.48031,0.47763,0.475022,0.472575,0.470375,0.468505,0.467036,0.466023,0.465506,0.465506,0.466023,0.467036,0.468505,0.470375,0.472575,0.475022,0.47763,0.48031,0.482976,0.485551,0.487969,0.490178,0.492144,0.493848,0.495286,0.496468,0.497414,0.498151,0.498709,0.499121,0.499417,0.499623,0.499762,0.499854,0.499913,0.499949,0.499971,0.499984,0.499991,0.499993,0.499993
0.499996,0.499996,0.499995,0.499991,0.499984,0.499971,0.49995,0.499916,0.499862,0.499778,0.499654,0.499475,0.499222,0.498876,0.498415,0.497817,0.497062,0.496135,0.495025,0.493732,0.492265,0.490645,0.488905,0.487088,0.485248,0.483444,0.481741,0.480203,0.478888,0.477852,0.477135,0.476769,0.476769,0.477135,0.477852,0.478888,0.480203,0.481741,0.483444,0.485248,0.487088,0.488905,0.490645,0.492265,0.493732,0.495025,0.496135,0.497062,0.497817,0.498415,0.498876,0.499222,0.499475,0.499654,0.499778,0.499862,0.499916,0.49995,0.499971,0.499984,0.499991,0.499995,0.499996,0.499996
0.499998,0.499998,0.499997,0.499995,0.499991,0.499984,0.499972,0.499952,0.49992,0.499871,0.499797,0.499689,0.499535,0.499323,0.499036,0.498661,0.498183,0.497589,0.496872,0.496028,0.495061,0.493984,0.492817,0.491589,0.490336,0.489099,0.487924,0.486856,0.48594,0.485215,0.484713,0.484456,0.484456,0.484713,0.485215,0.48594,0.486856,0.487924,0.489099,0.490336,0.491589,0.492817,0.493984,0.495061,0.496028,0.496872,0.497589,0.498183,0.498661,0.499036,0.499323,0.499535,0.499689,0.499797,0.499871,0.49992,0.499952,0.499972,0.499984,0.499991,0.499995,0.499997,0.499998,0.499998
0.499999,0.499999,0.499998,0.499997,0.499995,0.499991,0.499983,0.499971,0.499952,0.499922,0.499876,0.499809,0.499711,0.499575,0.49939,0.499146,0.49883,0.498435,0.497953,0.497381,0.496719,0.495975,0.495162,0.4943,0.493414,0.492533,0.491692,0.490924,0.490262,0.489737,0.489372,0.489185,0.489185,0.489372,0.489737,0.490262,0.490924,0.491692,0.492533,0.493414,0.4943,0.495162,0.495975,0.496719,0.497381,0.497953,0.498435,0.49883,0.499146,0.49939,0.499575,0.499711,0.499809,0.499876,0.499922,0.499952,0.499971,0.499983,0.499991,0.499995,0.499997,0.499998,0.499999,0.499999
0.499999,0.499999,0.499999,0.499998,0.499996,0.499993,0.499988,0.49998,0.499966,0.499944,0.499911,0.499862,0.49979,0.499689,0.49955,0.499365,0.499125,0.498822,0.498449,0.498003,0.497485,0.496898,0.496253,0.495566,0.494855,0.494146,0.493466,0.492843,0.492304,0.491875,0.491577,0.491424,0.491424,0.491577,0.491875,0.492304,0.492843,0.493466,0.494146,0.494855,0.495566,0.496253,0.496898,0.497485,0.498003,0.498449,0.498822,0.499125,0.499365,0.49955,0.499689,0.49979,0.499862,0.499911,0.499944,0.499966,0.49998,0.499988,0.499993,0.499996,0.499998,0.499999,0.499999,0.499999
0.499999,0.499999,0.499999,0.499998,0.499996,0.499993,0.499988,0.49998,0.499966,0.499944,0.499911,0.499862,0.49979,0.499689,0.49955,0.499365,0.499125,0.498822,0.498449,0.498003,0.497485,0.496898,0.496253,0.495566,0.494855,0.494146,0.493466,0.492843,0.492304,0.491875,0.491577,0.491424,0.491424,0.491577,0.491875,0.492304,0.492843,0.493466,0.494146,0.494855,0.495566,0.496253,0.496898,0.497485,0.498003,0.498449,0.498822,0.499125,0.499365,0.49955,0.499689,0.49979,0.499862,0.499911,0.499944,0.499966,0.49998,0.499988,0.499993,0.499996,0.499998,0.499999,0.499999,0.499999
