0.5,0.5,0.5,0.5,0.5,0.499999,0.499999,0.499997,0.499995,0.499992,0.499986,0.499978,0.499964,0.499945,0.499916,0.499877,0.499823,0.499753,0.499663,0.499551,0.499417,0.49926,0.499082,0.498886,0.498679,0.498468,0.498262,0.498069,0.497901,0.497765,0.49767,0.497621,0.497621,0.49767,0.497765,0.497901,0.498069,0.498262,0.498468,0.498679,0.498886,0.499082,0.49926,0.499417,0.499551,0.499663,0.499753,0.499823,0.499877,0.499916,0.499945,0.499964,0.499978,0.499986,0.499992,0.499995,0.499997,0.499999,0.499999,0.5,0.5,0.5,0.5,0.5
0.5,0.5,0.5,0.5,0.5,0.499999,0.499999,0.499997,0.499995,0.499992,0.499986,0.499978,0.499964,0.499945,0.499916,0.499877,0.499823,0.499753,0.499663,0.499551,0.499417,0.49926,0.499082,0.498886,0.498679,0.498468,0.498262,0.498069,0.497901,0.497765,0.49767,0.497621,0.497621,0.49767,0.497765,0.497901,0.498069,0.498262,0.498468,0.498679,0.498886,0.499082,0.49926,0.499417,0.499551,0.499663,0.499753,0.499823,0.499877,0.499916,0.499945,0.499964,0.499978,0.499986,0.499992,0.499995,0.499997,0.499999,0.499999,0.5,0.5,0.5,0.5,0.5
0.5,0.5,0.5,0.5,0.499999,0.499999,0.499998,0.499996,0.499993,0.499988,0.49998,0.499967,0.499947,0.499919,0.499878,0.499822,0.499747,0.499648,0.499522,0.499368,0.499182,0.498967,0.498724,0.498459,0.49818,0.497897,0.49762,0.497364,0.497139,0.496959,0.496833,0.496768,0.496768,0.496833,0.496959,0.497139,0.497364,0.49762,0.497897,0.49818,0.498459,0.498724,0.498967,0.499182,0.499368,0.499522,0.499648,0.499747,0.499822,0.499878,0.499919,0.499947,0.499967,0.49998,0.499988,0.499993,0.499996,0.499998,0.499999,0.499999,0.5,0.5,0.5,0.5
0.5,0.5,0.5,0.499999,0.499999,0.499998,0.499996,0.499993,0.499987,0.499978,0.499964,0.499941,0.499908,0.499859,0.499791,0.499697,0.499571,0.499408,0.499202,0.498951,0.498652,0.498308,0.497923,0.497505,0.497068,0.496626,0.496197,0.495801,0.495456,0.495179,0.494986,0.494887,0.494887,0.494986,0.495179,0.495456,0.495801,0.496197,0.496626,0.497068,0.497505,0.497923,0.498308,0.498652,0.498951,0.499202,0.499408,0.499571,0.499697,0.499791,0.499859,0.499908,0.499941,0.499964,0.499978,0.499987,0.499993,0.499996,0.499998,0.499999,0.499999,0.5,0.5,0.5
0.5,0.5,0.499999,0.499999,0.499998,0.499996,0.499992,0.499986,0.499976,0.499959,0.499933,0.499893,0.499834,0.499748,0.499628,0.499464,0.499248,0.498969,0.498621,0.498199,0.497701,0.497132,0.496499,0.495817,0.495108,0.494395,0.493707,0.493074,0.492525,0.492087,0.491781,0.491624,0.491624,0.491781,0.492087,0.492525,0.493074,0.493707,0.494395,0.495108,0.495817,0.496499,0.497132,0.497701,0.498199,0.498621,0.498969,0.499248,0.499464,0.499628,0.499748,0.499834,0.499893,0.499933,0.499959,0.499976,0.499986,0.499992,0.499996,0.499998,0.499999,0.499999,0.5,0.5
0.499999,0.499999,0.499999,0.499998,0.499996,0.499992,0.499986,0.499975,0.499956,0.499926,0.49988,0.499809,0.499704,0.499555,0.499347,0.499067,0.498699,0.49823,0.497648,0.496949,0.49613,0.4952,0.494174,0.493077,0.491942,0.490808,0.48972,0.488722,0.48786,0.487174,0.486697,0.486452,0.486452,0.486697,0.487174,0.48786,0.488722,0.48972,0.490808,0.491942,0.493077,0.494174,0.4952,0.49613,0.496949,0.497648,0.49823,0.498699,0.499067,0.499347,0.499555,0.499704,0.499809,0.49988,0.499926,0.499956,0.499975,0.499986,0.499992,0.499996,0.499998,0.499999,0.499999,0.499999
0.499999,0.499999,0.499998,0.499996,0.499992,0.499986,0.499974,0.499954,0.499921,0.499869,0.499788,0.499666,0.499487,0.499234,0.498884,0.498416,0.497808,0.497039,0.496094,0.494965,0.493656,0.49218,0.490564,0.488848,0.487085,0.485333,0.483661,0.482135,0.480822,0.47978,0.479057,0.478687,0.478687,0.479057,0.47978,0.480822,0.482135,0.483661,0.485333,0.487085,0.488848,0.490564,0.49218,0.493656,0.494965,0.496094,0.497039,0.497808,0.498416,0.498884,0.499234,0.499487,0.499666,0.499788,0.499869,0.499921,0.499954,0.499974,0.499986,0.499992,0.499996,0.499998,0.499999,0.499999
0.499997,0.499997,0.499996,0.499993,0.499986,0.499975,0.499954,0.49992,0.499863,0.499774,0.499637,0.499432,0.499135,0.498718,0.498147,0.49739,0.496414,0.495192,0.493702,0.49194,0.489912,0.487644,0.485181,0.482586,0.479937,0.477323,0.474841,0.472588,0.470658,0.469131,0.468074,0.467534,0.467534,0.468074,0.469131,0.470658,0.472588,0.474841,0.477323,0.479937,0.482586,0.485181,0.487644,0.489912,0.49194,0.493702,0.495192,0.496414,0.49739,0.498147,0.498718,0.499135,0.499432,0.499637,0.499774,0.499863,0.49992,0.499954,0.499975,0.499986,0.499993,0.499996,0.499997,0.499997
0.499995,0.499995,0.499993,0.499987,0.499976,0.499956,0.499921,0.499863,0.49977,0.499622,0.499396,0.499063,0.498584,0.497917,0.497013,0.495825,0.494308,0.492425,0.490153,0.487488,0.484449,0.481081,0.477454,0.473662,0.469821,0.466056,0.462505,0.459299,0.456564,0.45441,0.452922,0.452163,0.452163,0.452922,0.45441,0.456564,0.459299,0.462505,0.466056,0.469821,0.473662,0.477454,0.481081,0.484449,0.487488,0.490153,0.492425,0.494308,0.495825,0.497013,0.497917,0.498584,0.499063,0.499396,0.499622,0.49977,0.499863,0.499921,0.499956,0.499976,0.499987,0.499993,0.499995,0.499995
0.499992,0.499992,0.499988,0.499978,0.499959,0.499926,0.499869,0.499774,0.499622,0.499384,0.499025,0.498498,0.497748,0.496712,0.495324,0.493517,0.491231,0.488421,0.485064,0.481165,0.476761,0.471925,0.466765,0.461418,0.456044,0.450818,0.445921,0.441527,0.437798,0.434872,0.432858,0.431832,0.431832,0.432858,0.434872,0.437798,0.441527,0.445921,0.450818,0.456044,0.461418,0.466765,0.471925,0.476761,0.481165,0.485064,0.488421,0.491231,0.493517,0.495324,0.496712,0.497748,0.498498,0.499025,0.499384,0.499622,0.499774,0.499869,0.499926,0.499959,0.499978,0.499988,0.499992,0.499992
0.499986,0.499986,0.49998,0.499964,0.499933,0.49988,0.499788,0.499637,0.499396,0.499025,0.498468,0.497658,0.496518,0.494959,0.492889,0.490221,0.486881,0.482818,0.478015,0.472493,0.46632,0.45961,0.45252,0.445241,0.437991,0.430999,0.424496,0.418701,0.413809,0.409988,0.407367,0.406034,0.406034,0.407367,0.409988,0.413809,0.418701,0.424496,0.430999,0.437991,0.445241,0.45252,0.45961,0.46632,0.472493,0.478015,0.482818,0.486881,0.490221,0.492889,0.494959,0.496518,0.497658,0.498468,0.499025,0.499396,0.499637,0.499788,0.49988,0.499933,0.499964,0.49998,0.499986,0.499986
0.499978,0.499978,0.499967,0.499941,0.499893,0.499809,0.499666,0.499432,0.499063,0.498498,0.497658,0.496451,0.494766,0.492485,0.489488,0.485667,0.480934,0.47524,0.46858,0.461009,0.452638,0.443637,0.434227,0.424666,0.415235,0.406223,0.397912,0.390559,0.384392,0.379599,0.376324,0.374662,0.374662,0.376324,0.379599,0.384392,0.390559,0.397912,0.406223,0.415235,0.424666,0.434227,0.443637,0.452638,0.461009,0.46858,0.47524,0.480934,0.485667,0.489488,0.492485,0.494766,0.496451,0.497658,0.498498,0.499063,0.499432,0.499666,0.499809,0.499893,0.499941,0.499967,0.499978,0.499978
0.499964,0.499964,0.499947,0.499908,0.499834,0.499704,0.499487,0.499135,0.498584,0.497748,0.496518,0.494766,0.492346,0.489103,0.484889,0.479575,0.473066,0.465325,0.456377,0.446323,0.435338,0.423666,0.411604,0.399485,0.38766,0.376475,0.366255,0.35729,0.349824,0.344055,0.340129,0.338142,0.338142,0.340129,0.344055,0.349824,0.35729,0.366255,0.376475,0.38766,0.399485,0.411604,0.423666,0.435338,0.446323,0.456377,0.465325,0.473066,0.479575,0.484889,0.489103,0.492346,0.494766,0.496518,0.497748,0.498584,0.499135,0.499487,0.499704,0.499834,0.499908,0.499947,0.499964,0.499964
0.499945,0.499945,0.499919,0.499859,0.499748,0.499555,0.499234,0.498718,0.497917,0.496712,0.494959,0.492485,0.489103,0.484622,0.478862,0.47168,0.46299,0.452777,0.441119,0.428185,0.414233,0.399596,0.38466,0.369841,0.355554,0.342195,0.330116,0.31962,0.310952,0.304298,0.299791,0.297518,0.297518,0.299791,0.304298,0.310952,0.31962,0.330116,0.342195,0.355554,0.369841,0.38466,0.399596,0.414233,0.428185,0.441119,0.452777,0.46299,0.47168,0.478862,0.484622,0.489103,0.492485,0.494959,0.496712,0.497917,0.498718,0.499234,0.499555,0.499748,0.499859,0.499919,0.499945,0.499945
0.499916,0.499916,0.499878,0.499791,0.499628,0.499347,0.498884,0.498147,0.497013,0.495324,0.492889,0.489488,0.484889,0.478862,0.471204,0.461771,0.450495,0.437414,0.422678,0.406549,0.389389,0.371636,0.353773,0.336293,0.319668,0.304321,0.290614,0.278833,0.269196,0.261857,0.256915,0.25443,0.25443,0.256915,0.261857,0.269196,0.278833,0.290614,0.304321,0.319668,0.336293,0.353773,0.371636,0.389389,0.406549,0.422678,0.437414,0.450495,0.461771,0.471204,0.478862,0.484889,0.489488,0.492889,0.495324,0.497013,0.498147,0.498884,0.499347,0.499628,0.499791,0.499878,0.499916,0.499916
0.499877,0.499877,0.499822,0.499697,0.499464,0.499067,0.498416,0.49739,0.495825,0.493517,0.490221,0.485667,0.479575,0.47168,0.461771,0.449713,0.435488,0.419209,0.401125,0.381617,0.361171,0.34034,0.319702,0.299819,0.281196,0.264261,0.249346,0.236693,0.22646,0.218739,0.213578,0.210994,0.210994,0.213578,0.218739,0.22646,0.236693,0.249346,0.264261,0.281196,0.299819,0.319702,0.34034,0.361171,0.381617,0.401125,0.419209,0.435488,0.449713,0.461771,0.47168,0.479575,0.485667,0.490221,0.493517,0.495825,0.49739,0.498416,0.499067,0.499464,0.499697,0.499822,0.499877,0.499877
0.499823,0.499823,0.499747,0.499571,0.499248,0.498699,0.497808,0.496414,0.494308,0.491231,0.486881,0.480934,0.473066,0.46299,0.450495,0.435488,0.418024,0.39832,0.376757,0.353859,0.330247,0.306593,0.283561,0.261758,0.241696,0.223767,0.20824,0.195273,0.184931,0.17722,0.172109,0.169565,0.169565,0.172109,0.17722,0.184931,0.195273,0.20824,0.223767,0.241696,0.261758,0.283561,0.306593,0.330247,0.353859,0.376757,0.39832,0.418024,0.435488,0.450495,0.46299,0.473066,0.480934,0.486881,0.491231,0.494308,0.496414,0.497808,0.498699,0.499248,0.499571,0.499747,0.499823,0.499823
0.499753,0.499753,0.499648,0.499408,0.498969,0.49823,0.497039,0.495192,0.492425,0.488421,0.482818,0.47524,0.465325,0.452777,0.437414,0.419209,0.39832,0.375105,0.350102,0.323995,0.297549,0.271546,0.246717,0.223683,0.202923,0.184753,0.169337,0.156711,0.14682,0.139556,0.134798,0.132448,0.132448,0.134798,0.139556,0.14682,0.156711,0.169337,0.184753,0.202923,0.223683,0.246717,0.271546,0.297549,0.323995,0.350102,0.375105,0.39832,0.419209,0.437414,0.452777,0.465325,0.47524,0.482818,0.488421,0.492425,0.495192,0.497039,0.49823,0.498969,0.499408,0.499648,0.499753,0.499753
0.499663,0.499663,0.499522,0.499202,0.498621,0.497648,0.496094,0.493702,0.490153,0.485064,0.478015,0.46858,0.456377,0.441119,0.422678,0.401125,0.376757,0.350102,0.321879,0.292939,0.26419,0.236506,0.210653,0.187228,0.166632,0.149061,0.134536,0.122941,0.114073,0.107696,0.103588,0.10158,0.10158,0.103588,0.107696,0.114073,0.122941,0.134536,0.149061,0.166632,0.187228,0.210653,0.236506,0.26419,0.292939,0.321879,0.350102,0.376757,0.401125,0.422678,0.441119,0.456377,0.46858,0.478015,0.485064,0.490153,0.493702,0.496094,0.497648,0.498621,0.499202,0.499522,0.499663,0.499663
0.499551,0.499551,0.499368,0.498951,0.498199,0.496949,0.494965,0.49194,0.487488,0.481165,0.472493,0.461009,0.446323,0.428185,0.406549,0.381617,0.353859,0.323995,0.292939,0.261715,0.231355,0.202797,0.176803,0.1539,0.134365,0.118237,0.105359,0.0954395,0.0881153,0.0830165,0.0798184,0.0782823,0.0782823,0.0798184,0.0830165,0.0881153,0.0954395,0.105359,0.118237,0.134365,0.1539,0.176803,0.202797,0.231355,0.261715,0.292939,0.323995,0.353859,0.381617,0.406549,0.428185,0.446323,0.461009,0.472493,0.481165,0.487488,0.49194,0.494965,0.496949,0.498199,0.498951,0.499368,0.499551,0.499551
0.499417,0.499417,0.499182,0.498652,0.497701,0.49613,0.493656,0.489912,0.484449,0.476761,0.46632,0.452638,0.435338,0.414233,0.389389,0.361171,0.330247,0.297549,0.26419,0.231355,0.200175,0.171615,0.146388,0.124905,0.107277,0.0933499,0.0827697,0.0750574,0.0696895,0.0661669,0.0640705,0.0631001,0.0631001,0.0640705,0.0661669,0.0696895,0.0750574,0.0827697,0.0933499,0.107277,0.124905,0.146388,0.171615,0.200175,0.231355,0.26419,0.297549,0.330247,0.361171,0.389389,0.414233,0.435338,0.452638,0.46632,0.476761,0.484449,0.489912,0.493656,0.49613,0.497701,0.498652,0.499182,0.499417,0.499417
0.49926,0.49926,0.498967,0.498308,0.497132,0.4952,0.49218,0.487644,0.481081,0.471925,0.45961,0.443637,0.423666,0.399596,0.371636,0.34034,0.306593,0.271546,0.236506,0.202797,0.171615,0.143909,0.120295,0.101025,0.0860111,0.0748853,0.0670845,0.0619467,0.0587987,0.0570289,0.0561401,0.0557849,0.0557849,0.0561401,0.0570289,0.0587987,0.0619467,0.0670845,0.0748853,0.0860111,0.101025,0.120295,0.143909,0.171615,0.202797,0.236506,0.271546,0.306593,0.34034,0.371636,0.399596,0.423666,0.443637,0.45961,0.471925,0.481081,0.487644,0.49218,0.4952,0.497132,0.498308,0.498967,0.49926,0.49926
0.499082,0.499082,0.498724,0.497923,0.496499,0.494174,0.490564,0.485181,0.477454,0.466765,0.45252,0.434227,0.411604,0.38466,0.353773,0.319702,0.283561,0.246717,0.210653,0.176803,0.146388,0.120295,0.099,0.0825637,0.0706748,0.0627402,0.0579938,0.0556055,0.054775,0.0548029,0.0551371,0.0553998,0.0553998,0.0551371,0.0548029,0.054775,0.0556055,0.0579938,0.0627402,0.0706748,0.0825637,0.099,0.120295,0.146388,0.176803,0.210653,0.246717,0.283561,0.319702,0.353773,0.38466,0.411604,0.434227,0.45252,0.466765,0.477454,0.485181,0.490564,0.494174,0.496499,0.497923,0.498724,0.499082,0.499082
0.498886,0.498886,0.498459,0.497505,0.495817,0.493077,0.488848,0.482586,0.473662,0.461418,0.445241,0.424666,0.399485,0.369841,0.336293,0.299819,0.261758,0.223683,0.187228,0.1539,0.124905,0.101025,0.0825637,0.0693632,0.0608791,0.0562982,0.0546674,0.0550139,0.0564401,0.0581887,0.0596786,0.0605208,0.0605208,0.0596786,0.0581887,0.0564401,0.0550139,0.0546674,0.0562982,0.0608791,0.0693632,0.0825637,0.101025,0.124905,0.1539,0.187228,0.223683,0.261758,0.299819,0.336293,0.369841,0.399485,0.424666,0.445241,0.461418,0.473662,0.482586,0.488848,0.493077,0.495817,0.497505,0.498459,0.498886,0.498886
0.498679,0.498679,0.49818,0.497068,0.495108,0.491942,0.487085,0.479937,0.469821,0.456044,0.437991,0.415235,0.38766,0.355554,0.319668,0.281196,0.241696,0.202923,0.166632,0.134365,0.107277,0.0860111,0.0706748,0.0608791,0.0558497,0.054569,0.0559225,0.058826,0.0623179,0.0656136,0.0681285,0.0694801,0.0694801,0.0681285,0.0656136,0.0623179,0.058826,0.0559225,0.054569,0.0558497,0.0608791,0.0706748,0.0860111,0.107277,0.134365,0.166632,0.202923,0.241696,0.281196,0.319668,0.355554,0.38766,0.415235,0.437991,0.456044,0.469821,0.479937,0.487085,0.491942,0.495108,0.497068,0.49818,0.498679,0.498679
0.498468,0.498468,0.497897,0.496626,0.494395,0.490808,0.485333,0.477323,0.466056,0.450818,0.430999,0.406223,0.376475,0.342195,0.304321,0.264261,0.223767,0.184753,0.149061,0.118237,0.0933499,0.0748853,0.0627402,0.0562982,0.054569,0.0563547,0.0604105,0.065574,0.0708512,0.0754582,0.0788287,0.0806012,0.0806012,0.0788287,0.0754582,0.0708512,0.065574,0.0604105,0.0563547,0.054569,0.0562982,0.0627402,0.0748853,0.0933499,0.118237,0.149061,0.184753,0.223767,0.264261,0.304321,0.342195,0.376475,0.406223,0.430999,0.450818,0.466056,0.477323,0.485333,0.490808,0.494395,0.496626,0.497897,0.498468,0.498468
0.498262,0.498262,0.49762,0.496197,0.493707,0.48972,0.483661,0.474841,0.462505,0.445921,0.424496,0.397912,0.366255,0.330116,0.290614,0.249346,0.20824,0.169337,0.134536,0.105359,0.0827697,0.0670845,0.0579938,0.0546674,0.0559225,0.0604105,0.0667879,0.0738452,0.080583,0.0862394,0.0902824,0.0923819,0.0923819,0.0902824,0.0862394,0.080583,0.0738452,0.0667879,0.0604105,0.0559225,0.0546674,0.0579938,0.0670845,0.0827697,0.105359,0.134536,0.169337,0.20824,0.249346,0.290614,0.330116,0.366255,0.397912,0.424496,0.445921,0.462505,0.474841,0.483661,0.48972,0.493707,0.496197,0.49762,0.498262,0.498262
0.498069,0.498069,0.497364,0.495801,0.493074,0.488722,0.482135,0.472588,0.459299,0.441527,0.418701,0.390559,0.35729,0.31962,0.278833,0.236693,0.195273,0.156711,0.122941,0.0954395,0.0750574,0.0619467,0.0556055,0.0550139,0.058826,0.065574,0.0738452,0.0824079,0.0902767,0.0967261,0.101267,0.103604,0.103604,0.101267,0.0967261,0.0902767,0.0824079,0.0738452,0.065574,0.058826,0.0550139,0.0556055,0.0619467,0.0750574,0.0954395,0.122941,0.156711,0.195273,0.236693,0.278833,0.31962,0.35729,0.390559,0.418701,0.441527,0.459299,0.472588,0.482135,0.488722,0.493074,0.495801,0.497364,0.498069,0.498069
0.497901,0.497901,0.497139,0.495456,0.492525,0.48786,0.480822,0.470658,0.456564,0.437798,0.413809,0.384392,0.349824,0.310952,0.269196,0.22646,0.184931,0.14682,0.114073,0.0881153,0.0696895,0.0587987,0.054775,0.0564401,0.0623179,0.0708512,0.080583,0.0902767,0.0989724,0.105986,0.110871,0.113372,0.113372,0.110871,0.105986,0.0989724,0.0902767,0.080583,0.0708512,0.0623179,0.0564401,0.054775,0.0587987,0.0696895,0.0881153,0.114073,0.14682,0.184931,0.22646,0.269196,0.310952,0.349824,0.384392,0.413809,0.437798,0.456564,0.470658,0.480822,0.48786,0.492525,0.495456,0.497139,0.497901,0.497901
0.497765,0.497765,0.496959,0.495179,0.492087,0.487174,0.47978,0.469131,0.45441,0.434872,0.409988,0.379599,0.344055,0.304298,0.261857,0.218739,0.17722,0.139556,0.107696,0.0830165,0.0661669,0.0570289,0.0548029,0.0581887,0.0656136,0.0754582,0.0862394,0.0967261,0.105986,0.113372,0.11848,0.121083,0.121083,0.11848,0.113372,0.105986,0.0967261,0.0862394,0.0754582,0.0656136,0.0581887,0.0548029,0.0570289,0.0661669,0.0830165,0.107696,0.139556,0.17722,0.218739,0.261857,0.304298,0.344055,0.379599,0.409988,0.434872,0.45441,0.469131,0.47978,0.487174,0.492087,0.495179,0.496959,0.497765,0.497765
0.49767,0.49767,0.496833,0.494986,0.491781,0.486697,0.479057,0.468074,0.452922,0.432858,0.407367,0.376324,0.340129,0.299791,0.256915,0.213578,0.172109,0.134798,0.103588,0.0798184,0.0640705,0.0561401,0.0551371,0.0596786,0.0681285,0.0788287,0.0902824,0.101267,0.110871,0.11848,0.123717,0.126379,0.126379,0.123717,0.11848,0.110871,0.101267,0.0902824,0.0788287,0.0681285,0.0596786,0.0551371,0.0561401,0.0640705,0.0798184,0.103588,0.134798,0.172109,0.213578,0.256915,0.299791,0.340129,0.376324,0.407367,0.432858,0.452922,0.468074,0.479057,0.486697,0.491781,0.494986,0.496833,0.49767,0.49767
0.497621,0.497621,0.496768,0.494887,0.491624,0.486452,0.478687,0.467534,0.452163,0.431832,0.406034,0.374662,0.338142,0.297518,0.25443,0.210994,0.169565,0.132448,0.10158,0.0782823,0.0631001,0.0557849,0.0553998,0.0605208,0.0694801,0.0806012,0.0923819,0.103604,0.113372,0.121083,0.126379,0.129066,0.129066,0.126379,0.121083,0.113372,0.103604,0.0923819,0.0806012,0.0694801,0.0605208,0.0553998,0.0557849,0.0631001,0.0782823,0.10158,0.132448,0.169565,0.210994,0.25443,0.297518,0.338142,0.374662,0.406034,0.431832,0.452163,0.467534,0.478687,0.486452,0.491624,0.494887,0.496768,0.497621,0.497621
0.497621,0.497621,0.496768,0.494887,0.491624,0.486452,0.478687,0.467534,0.452163,0.431832,0.406034,0.374662,0.338142,0.297518,0.25443,0.210994,0.169565,0.132448,0.10158,0.0782823,0.0631001,0.0557849,0.0553998,0.0605208,0.0694801,0.0806012,0.0923819,0.103604,0.113372,0.121083,0.126379,0.129066,0.129066,0.126379,0.121083,0.113372,0.103604,0.0923819,0.0806012,0.0694801,0.0605208,0.0553998,0.0557849,0.0631001,0.0782823,0.10158,0.132448,0.169565,0.210994,0.25443,0.297518,0.338142,0.374662,0.406034,0.431832,0.452163,0.467534,0.478687,0.486452,0.491624,0.494887,0.496768,0.497621,0.497621
0.49767,0.49767,0.496833,0.494986,0.491781,0.486697,0.479057,0.468074,0.452922,0.432858,0.407367,0.376324,0.340129,0.299791,0.256915,0.213578,0.172109,0.134798,0.103588,0.0798184,0.0640705,0.0561401,0.0551371,0.0596786,0.0681285,0.0788287,0.0902824,0.101267,0.110871,0.11848,0.123717,0.126379,0.126379,0.123717,0.11848,0.110871,0.101267,0.0902824,0.0788287,0.0681285,0.0596786,0.0551371,0.0561401,0.0640705,0.0798184,0.103588,0.134798,0.172109,0.213578,0.256915,0.299791,0.340129,0.376324,0.407367,0.432858,0.452922,0.468074,0.479057,0.486697,0.491781,0.494986,0.496833,0.49767,0.49767
0.497765,0.497765,0.496959,0.495179,0.492087,0.487174,0.47978,0.469131,0.45441,0.434872,0.409988,0.379599,0.344055,0.304298,0.261857,0.218739,0.17722,0.139556,0.107696,0.0830165,0.0661669,0.0570289,0.0548029,0.0581887,0.0656136,0.0754582,0.0862394,0.0967261,0.105986,0.113372,0.11848,0.121083,0.121083,0.11848,0.113372,0.105986,0.0967261,0.0862394,0.0754582,0.0656136,0.0581887,0.0548029,0.0570289,0.0661669,0.0830165,0.107696,0.139556,0.17722,0.218739,0.261857,0.304298,0.344055,0.379599,0.409988,0.434872,0.45441,0.469131,0.47978,0.487174,0.492087,0.495179,0.496959,0.497765,0.497765
0.497901,0.497901,0.497139,0.495456,0.492525,0.48786,0.480822,0.470658,0.456564,0.437798,0.413809,0.384392,0.349824,0.310952,0.269196,0.22646,0.184931,0.14682,0.114073,0.0881153,0.0696895,0.0587987,0.054775,0.0564401,0.0623179,0.0708512,0.080583,0.0902767,0.0989724,0.105986,0.110871,0.113372,0.113372,0.110871,0.105986,0.0989724,0.0902767,0.080583,0.0708512,0.0623179,0.0564401,0.054775,0.0587987,0.0696895,0.0881153,0.114073,0.14682,0.184931,0.22646,0.269196,0.310952,0.349824,0.384392,0.413809,0.437798,0.456564,0.470658,0.480822,0.48786,0.492525,0.495456,0.497139,0.497901,0.497901
0.498069,0.498069,0.497364,0.495801,0.493074,0.488722,0.482135,0.472588,0.459299,0.441527,0.418701,0.390559,0.35729,0.31962,0.278833,0.236693,0.195273,0.156711,0.122941,0.0954395,0.0750574,0.0619467,0.0556055,0.0550139,0.058826,0.065574,0.0738452,0.0824079,0.0902767,0.0967261,0.101267,0.103604,0.103604,0.101267,0.0967261,0.0902767,0.0824079,0.0738452,0.065574,0.058826,0.0550139,0.0556055,0.0619467,0.0750574,0.0954395,0.122941,0.156711,0.195273,0.236693,0.278833,0.31962,0.35729,0.390559,0.418701,0.441527,0.459299,0.472588,0.482135,0.488722,0.493074,0.495801,0.497364,0.498069,0.498069
0.498262,0.498262,0.49762,0.496197,0.493707,0.48972,0.483661,0.474841,0.462505,0.445921,0.424496,0.397912,0.366255,0.330116,0.290614,0.249346,0.20824,0.169337,0.134536,0.105359,0.0827697,0.0670845,0.0579938,0.0546674,0.0559225,0.0604105,0.0667879,0.0738452,0.080583,0.0862394,0.0902824,0.0923819,0.0923819,0.0902824,0.0862394,0.080583,0.0738452,0.0667879,0.0604105,0.0559225,0.0546674,0.0579938,0.0670845,0.0827697,0.105359,0.134536,0.169337,0.20824,0.249346,0.290614,0.330116,0.366255,0.397912,0.424496,0.445921,0.462505,0.474841,0.483661,0.48972,0.493707,0.496197,0.49762,0.498262,0.498262
0.498468,0.498468,0.497897,0.496626,0.494395,0.490808,0.485333,0.477323,0.466056,0.450818,0.430999,0.406223,0.376475,0.342195,0.304321,0.264261,0.223767,0.184753,0.149061,0.118237,0.0933499,0.0748853,0.0627402,0.0562982,0.054569,0.0563547,0.0604105,0.065574,0.0708512,0.0754582,0.0788287,0.0806012,0.0806012,0.0788287,0.0754582,0.0708512,0.065574,0.0604105,0.0563547,0.054569,0.0562982,0.0627402,0.0748853,0.0933499,0.118237,0.149061,0.184753,0.223767,0.264261,0.304321,0.342195,0.376475,0.406223,0.430999,0.450818,0.466056,0.477323,0.485333,0.490808,0.494395,0.496626,0.497897,0.498468,0.498468
0.498679,0.498679,0.49818,0.497068,0.495108,0.491942,0.487085,0.479937,0.469821,0.456044,0.437991,0.415235,0.38766,0.355554,0.319668,0.281196,0.241696,0.202923,0.166632,0.134365,0.107277,0.0860111,0.0706748,0.0608791,0.0558497,0.054569,0.0559225,0.058826,0.0623179,0.0656136,0.0681285,0.0694801,0.0694801,0.0681285,0.0656136,0.0623179,0.058826,0.0559225,0.054569,0.0558497,0.0608791,0.0706748,0.0860111,0.107277,0.134365,0.166632,0.202923,0.241696,0.281196,0.319668,0.355554,0.38766,0.415235,0.437991,0.456044,0.469821,0.479937,0.487085,0.491942,0.495108,0.497068,0.49818,0.498679,0.498679
0.498886,0.498886,0.498459,0.497505,0.495817,0.493077,0.488848,0.482586,0.473662,0.461418,0.445241,0.424666,0.399485,0.369841,0.336293,0.299819,0.261758,0.223683,0.187228,0.1539,0.124905,0.101025,0.0825637,0.0693632,0.0608791,0.0562982,0.0546674,0.0550139,0.0564401,0.0581887,0.0596786,0.0605208,0.0605208,0.0596786,0.0581887,0.0564401,0.0550139,0.0546674,0.0562982,0.0608791,0.0693632,0.0825637,0.101025,0.124905,0.1539,0.187228,0.223683,0.261758,0.299819,0.336293,0.369841,0.399485,0.424666,0.445241,0.461418,0.473662,0.482586,0.488848,0.493077,0.495817,0.497505,0.498459,0.498886,0.498886
0.499082,0.499082,0.498724,0.497923,0.496499,0.494174,0.490564,0.485181,0.477454,0.466765,0.45252,0.434227,0.411604,0.38466,0.353773,0.319702,0.283561,0.246717,0.210653,0.176803,0.146388,0.120295,0.099,0.0825637,0.0706748,0.0627402,0.0579938,0.0556055,0.054775,0.0548029,0.0551371,0.0553998,0.0553998,0.0551371,0.0548029,0.054775,0.0556055,0.0579938,0.0627402,0.0706748,0.0825637,0.099,0.120295,0.146388,0.176803,0.210653,0.246717,0.283561,0.319702,0.353773,0.38466,0.411604,0.434227,0.45252,0.466765,0.477454,0.485181,0.490564,0.494174,0.496499,0.497923,0.498724,0.499082,0.499082
0.49926,0.49926,0.498967,0.498308,0.497132,0.4952,0.49218,0.487644,0.481081,0.471925,0.45961,0.443637,0.423666,0.399596,0.371636,0.34034,0.306593,0.271546,0.236506,0.202797,0.171615,0.143909,0.120295,0.101025,0.0860111,0.0748853,0.0670845,0.0619467,0.0587987,0.0570289,0.0561401,0.0557849,0.0557849,0.0561401,0.0570289,0.0587987,0.0619467,0.0670845,0.0748853,0.0860111,0.101025,0.120295,0.143909,0.171615,0.202797,0.236506,0.271546,0.306593,0.34034,0.371636,0.399596,0.423666,0.443637,0.45961,0.471925,0.481081,0.487644,0.49218,0.4952,0.497132,0.498308,0.498967,0.49926,0.49926
0.499417,0.499417,0.499182,0.498652,0.497701,0.49613,0.493656,0.489912,0.484449,0.476761,0.46632,0.452638,0.435338,0.414233,0.389389,0.361171,0.330247,0.297549,0.26419,0.231355,0.200175,0.171615,0.146388,0.124905,0.107277,0.0933499,0.0827697,0.0750574,0.0696895,0.0661669,0.0640705,0.0631001,0.0631001,0.0640705,0.0661669,0.0696895,0.0750574,0.0827697,0.0933499,0.107277,0.124905,0.146388,0.171615,0.200175,0.231355,0.26419,0.297549,0.330247,0.361171,0.389389,0.414233,0.435338,0.452638,0.46632,0.476761,0.484449,0.489912,0.493656,0.49613,0.497701,0.498652,0.499182,0.499417,0.499417
0.499551,0.499551,0.499368,0.498951,0.498199,0.496949,0.494965,0.49194,0.487488,0.481165,0.472493,0.461009,0.446323,0.428185,0.406549,0.381617,0.353859,0.323995,0.292939,0.261715,0.231355,0.202797,0.176803,0.1539,0.134365,0.118237,0.105359,0.0954395,0.0881153,0.0830165,0.0798184,0.0782823,0.0782823,0.0798184,0.0830165,0.0881153,0.0954395,0.105359,0.118237,0.134365,0.1539,0.176803,0.202797,0.231355,0.261715,0.292939,0.323995,0.353859,0.381617,0.406549,0.428185,0.446323,0.461009,0.472493,0.481165,0.487488,0.49194,0.494965,0.496949,0.498199,0.498951,0.499368,0.499551,0.499551
0.499663,0.499663,0.499522,0.499202,0.498621,0.497648,0.496094,0.493702,0.490153,0.485064,0.478015,0.46858,0.456377,0.441119,0.422678,0.401125,0.376757,0.350102,0.321879,0.292939,0.26419,0.236506,0.210653,0.187228,0.166632,0.149061,0.134536,0.122941,0.114073,0.107696,0.103588,0.10158,0.10158,0.103588,0.107696,0.114073,0.122941,0.134536,0.149061,0.166632,0.187228,0.210653,0.236506,0.26419,0.292939,0.321879,0.350102,0.376757,0.401125,0.422678,0.441119,0.456377,0.46858,0.478015,0.485064,0.490153,0.493702,0.496094,0.497648,0.498621,0.499202,0.499522,0.499663,0.499663
0.499753,0.499753,0.499648,0.499408,0.498969,0.49823,0.497039,0.495192,0.492425,0.488421,0.482818,0.47524,0.465325,0.452777,0.437414,0.419209,0.39832,0.375105,0.350102,0.323995,0.297549,0.271546,0.246717,0.223683,0.202923,0.184753,0.169337,0.156711,0.14682,0.139556,0.134798,0.132448,0.132448,0.134798,0.139556,0.14682,0.156711,0.169337,0.184753,0.202923,0.223683,0.246717,0.271546,0.297549,0.323995,0.350102,0.375105,0.39832,0.419209,0.437414,0.452777,0.465325,0.47524,0.482818,0.488421,0.492425,0.495192,0.497039,0.49823,0.498969,0.499408,0.499648,0.499753,0.499753
0.499823,0.499823,0.499747,0.499571,0.499248,0.498699,0.497808,0.496414,0.494308,0.491231,0.486881,0.480934,0.473066,0.46299,0.450495,0.435488,0.418024,0.39832,0.376757,0.353859,0.330247,0.306593,0.283561,0.261758,0.241696,0.223767,0.20824,0.195273,0.184931,0.17722,0.172109,0.169565,0.169565,0.172109,0.17722,0.184931,0.195273,0.20824,0.223767,0.241696,0.261758,0.283561,0.306593,0.330247,0.353859,0.376757,0.39832,0.418024,0.435488,0.450495,0.46299,0.473066,0.480934,0.486881,0.491231,0.494308,0.496414,0.497808,0.498699,0.499248,0.499571,0.499747,0.499823,0.499823
0.499877,0.499877,0.499822,0.499697,0.499464,0.499067,0.498416,0.49739,0.495825,0.493517,0.490221,0.485667,0.479575,0.47168,0.461771,0.449713,0.435488,0.419209,0.401125,0.381617,0.361171,0.34034,0.319702,0.299819,0.281196,0.264261,0.249346,0.236693,0.22646,0.218739,0.213578,0.210994,0.210994,0.213578,0.218739,0.22646,0.236693,0.249346,0.264261,0.281196,0.299819,0.319702,0.34034,0.361171,0.381617,0.401125,0.419209,0.435488,0.449713,0.461771,0.47168,0.479575,0.485667,0.490221,0.493517,0.495825,0.49739,0.498416,0.499067,0.499464,0.499697,0.499822,0.499877,0.499877
0.499916,0.499916,0.499878,0.499791,0.499628,0.499347,0.498884,0.498147,0.497013,0.495324,0.492889,0.489488,0.484889,0.478862,0.471204,0.461771,0.450495,0.437414,0.422678,0.406549,0.389389,0.371636,0.353773,0.336293,0.319668,0.304321,0.290614,0.278833,0.269196,0.261857,0.256915,0.25443,0.25443,0.256915,0.261857,0.269196,0.278833,0.290614,0.304321,0.319668,0.336293,0.353773,0.371636,0.389389,0.406549,0.422678,0.437414,0.450495,0.461771,0.471204,0.478862,0.484889,0.489488,0.492889,0.495324,0.497013,0.498147,0.498884,0.499347,0.499628,0.499791,0.499878,0.499916,0.499916
0.499945,0.499945,0.499919,0.499859,0.499748,0.499555,0.499234,0.498718,0.497917,0.496712,0.494959,0.492485,0.489103,0.484622,0.478862,0.47168,0.46299,0.452777,0.441119,0.428185,0.414233,0.399596,0.38466,0.369841,0.355554,0.342195,0.330116,0.31962,0.310952,0.304298,0.299791,0.297518,0.297518,0.299791,0.304298,0.310952,0.31962,0.330116,0.342195,0.355554,0.369841,0.38466,0.399596,0.414233,0.428185,0.441119,0.452777,0.46299,0.47168,0.478862,0.484622,0.489103,0.492485,0.494959,0.496712,0.497917,0.498718,0.499234,0.499555,0.499748,0.499859,0.499919,0.499945,0.499945
0.499964,0.499964,0.499947,0.499908,0.499834,0.499704,0.499487,0.499135,0.498584,0.497748,0.496518,0.494766,0.492346,0.489103,0.484889,0.479575,0.473066,0.465325,0.456377,0.446323,0.435338,0.423666,0.411604,0.399485,0.38766,0.376475,0.366255,0.35729,0.349824,0.344055,0.340129,0.338142,0.338142,0.340129,0.344055,0.349824,0.35729,0.366255,0.376475,0.38766,0.399485,0.411604,0.423666,0.435338,0.446323,0.456377,0.465325,0.473066,0.479575,0.484889,0.489103,0.492346,0.494766,0.496518,0.497748,0.498584,0.499135,0.499487,0.499704,0.499834,0.499908,0.499947,0.499964,0.499964
0.499978,0.499978,0.499967,0.499941,0.499893,0.499809,0.499666,0.499432,0.499063,0.498498,0.497658,0.496451,0.494766,0.492485,0.489488,0.485667,0.480934,0.47524,0.46858,0.461009,0.452638,0.443637,0.434227,0.424666,0.415235,0.406223,0.397912,0.390559,0.384392,0.379599,0.376324,0.374662,0.374662,0.376324,0.379599,0.384392,0.390559,0.397912,0.406223,0.415235,0.424666,0.434227,0.443637,0.452638,0.461009,0.46858,0.47524,0.480934,0.485667,0.489488,0.492485,0.494766,0.496451,0.497658,0.498498,0.499063,0.499432,0.499666,0.499809,0.499893,0.499941,0.499967,0.499978,0.499978
0.499986,0.499986,0.49998,0.499964,0.499933,0.49988,0.499788,0.499637,0.499396,0.499025,0.498468,0.497658,0.496518,0.494959,0.492889,0.490221,0.486881,0.482818,0.478015,0.472493,0.46632,0.45961,0.45252,0.445241,0.437991,0.430999,0.424496,0.418701,0.413809,0.409988,0.407367,0.406034,0.406034,0.407367,0.409988,0.413809,0.418701,0.424496,0.430999,0.437991,0.445241,0.45252,0.45961,0.46632,0.472493,0.478015,0.482818,0.486881,0.490221,0.492889,0.494959,0.496518,0.497658,0.498468,0.499025,0.499396,0.499637,0.499788,0.49988,0.499933,0.499964,0.49998,0.499986,0.499986
0.499992,0.499992,0.499988,0.499978,0.499959,0.499926,0.499869,0.499774,0.499622,0.499384,0.499025,0.498498,0.497748,0.496712,0.495324,0.493517,0.491231,0.488421,0.485064,0.481165,0.476761,0.471925,0.466765,0.461418,0.456044,0.450818,0.445921,0.441527,0.437798,0.434872,0.432858,0.431832,0.431832,0.432858,0.434872,0.437798,0.441527,0.445921,0.450818,0.456044,0.461418,0.466765,0.471925,0.476761,0.481165,0.485064,0.488421,0.491231,0.493517,0.495324,0.496712,0.497748,0.498498,0.499025,0.499384,0.499622,0.499774,0.499869,0.499926,0.499959,0.499978,0.499988,0.499992,0.499992
0.499995,0.499995,0.499993,0.499987,0.499976,0.499956,0.499921,0.499863,0.49977,0.499622,0.499396,0.499063,0.498584,0.497917,0.497013,0.495825,0.494308,0.492425,0.490153,0.487488,0.484449,0.481081,0.477454,0.473662,0.469821,0.466056,0.462505,0.459299,0.456564,0.45441,0.452922,0.452163,0.452163,0.452922,0.45441,0.456564,0.459299,0.462505,0.466056,0.469821,0.473662,0.477454,0.481081,0.484449,0.487488,0.490153,0.492425,0.494308,0.495825,0.497013,0.497917,0.498584,0.499063,0.499396,0.499622,0.49977,0.499863,0.499921,0.499956,0.499976,0.499987,0.499993,0.499995,0.499995
0.499997,0.499997,0.499996,0.499993,0.499986,0.499975,0.499954,0.49992,0.499863,0.499774,0.499637,0.499432,0.499135,0.498718,0.498147,0.49739,0.496414,0.495192,0.493702,0.49194,0.489912,0.487644,0.485181,0.482586,0.479937,0.477323,0.474841,0.472588,0.470658,0.469131,0.468074,0.467534,0.467534,0.468074,0.469131,0.470658,0.472588,0.474841,0.477323,0.479937,0.482586,0.485181,0.487644,0.489912,0.49194,0.493702,0.495192,0.496414,0.49739,0.498147,0.498718,0.499135,0.499432,0.499637,0.499774,0.499863,0.49992,0.499954,0.499975,0.499986,0.499993,0.499996,0.499997,0.499997
0.499999,0.499999,0.499998,0.499996,0.499992,0.499986,0.499974,0.499954,0.499921,0.499869,0.499788,0.499666,0.499487,0.499234,0.498884,0.498416,0.497808,0.497039,0.496094,0.494965,0.493656,0.49218,0.490564,0.488848,0.487085,0.485333,0.483661,0.482135,0.480822,0.47978,0.479057,0.478687,0.478687,0.479057,0.47978,0.480822,0.482135,0.483661,0.485333,0.487085,0.488848,0.490564,0.49218,0.493656,0.494965,0.496094,0.497039,0.497808,0.498416,0.498884,0.499234,0.499487,0.499666,0.499788,0.499869,0.499921,0.499954,0.499974,0.499986,0.499992,0.499996,0.499998,0.499999,0.499999
0.499999,0.499999,0.499999,0.499998,0.499996,0.499992,0.499986,0.499975,0.499956,0.499926,0.49988,0.499809,0.499704,0.499555,0.499347,0.499067,0.498699,0.49823,0.497648,0.496949,0.49613,0.4952,0.494174,0.493077,0.491942,0.490808,0.48972,0.488722,0.48786,0.487174,0.486697,0.486452,0.486452,0.486697,0.487174,0.48786,0.488722,0.48972,0.490808,0.491942,0.493077,0.494174,0.4952,0.49613,0.496949,0.497648,0.49823,0.498699,0.499067,0.499347,0.499555,0.499704,0.499809,0.49988,0.499926,0.499956,0.499975,0.499986,0.499992,0.499996,0.499998,0.499999,0.499999,0.499999
0.5,0.5,0.499999,0.499999,0.499998,0.499996,0.499992,0.499986,0.499976,0.499959,0.499933,0.499893,0.499834,0.499748,0.499628,0.499464,0.499248,0.498969,0.498621,0.498199,0.497701,0.497132,0.496499,0.495817,0.495108,0.494395,0.493707,0.493074,0.492525,0.492087,0.491781,0.491624,0.491624,0.491781,0.492087,0.492525,0.493074,0.493707,0.494395,0.495108,0.495817,0.496499,0.497132,0.497701,0.498199,0.498621,0.498969,0.499248,0.499464,0.499628,0.499748,0.499834,0.499893,0.499933,0.499959,0.499976,0.499986,0.499992,0.499996,0.499998,0.499999,0.499999,0.5,0.5
0.5,0.5,0.5,0.499999,0.499999,0.499998,0.499996,0.499993,0.499987,0.499978,0.499964,0.499941,0.499908,0.499859,0.499791,0.499697,0.499571,0.499408,0.499202,0.498951,0.498652,0.498308,0.497923,0.497505,0.497068,0.496626,0.496197,0.495801,0.495456,0.495179,0.494986,0.494887,0.494887,0.494986,0.495179,0.495456,0.495801,0.496197,0.496626,0.497068,0.497505,0.497923,0.498308,0.498652,0.498951,0.499202,0.499408,0.499571,0.499697,0.499791,0.499859,0.499908,0.499941,0.499964,0.499978,0.499987,0.499993,0.499996,0.499998,0.499999,0.499999,0.5,0.5,0.5
0.5,0.5,0.5,0.5,0.499999,0.499999,0.499998,0.499996,0.499993,0.499988,0.49998,0.499967,0.499947,0.499919,0.499878,0.499822,0.499747,0.499648,0.499522,0.499368,0.499182,0.498967,0.498724,0.498459,0.49818,0.497897,0.49762,0.497364,0.497139,0.496959,0.496833,0.496768,0.496768,0.496833,0.496959,0.497139,0.497364,0.49762,0.497897,0.49818,0.498459,0.498724,0.498967,0.499182,0.499368,0.499522,0.499648,0.499747,0.499822,0.499878,0.499919,0.499947,0.499967,0.49998,0.499988,0.499993,0.499996,0.499998,0.499999,0.499999,0.5,0.5,0.5,0.5
0.5,0.5,0.5,0.5,0.5,0.499999,0.499999,0.499997,0.499995,0.499992,0.499986,0.499978,0.499964,0.499945,0.499916,0.499877,0.499823,0.499753,0.499663,0.499551,0.499417,0.49926,0.499082,0.498886,0.498679,0.498468,0.498262,0.498069,0.497901,0.497765,0.49767,0.497621,0.497621,0.49767,0.497765,0.497901,0.498069,0.498262,0.498468,0.498679,0.498886,0.499082,0.49926,0.499417,0.499551,0.499663,0.499753,0.499823,0.499877,0.499916,0.499945,0.499964,0.499978,0.499986,0.499992,0.499995,0.499997,0.499999,0.499999,0.5,0.5,0.5,0.5,0.5
0.5,0.5,0.5,0.5,0.5,0.499999,0.499999,0.499997,0.499995,0.499992,0.499986,0.499978,0.499964,0.499945,0.499916,0.499877,0.499823,0.499753,0.499663,0.499551,0.499417,0.49926,0.499082,0.498886,0.498679,0.498468,0.498262,0.498069,0.497901,0.497765,0.49767,0.497621,0.497621,0.49767,0.497765,0.497901,0.498069,0.498262,0.498468,0.498679,0.498886,0.499082,0.49926,0.499417,0.499551,0.499663,0.499753,0.499823,0.499877,0.499916,0.499945,0.499964,0.499978,0.499986,0.499992,0.499995,0.499997,0.499999,0.499999,0.5,0.5,0.5,0.5,0.5
