0.5,0.5,0.5,0.5,0.5,0.5,0.5,0.5,0.5,0.5,0.5,0.5,0.5,0.5,0.499999,0.499999,0.499998,0.499997,0.499996,0.499994,0.499992,0.499989,0.499985,0.499981,0.499976,0.499971,0.499966,0.499961,0.499956,0.499953,0.49995,0.499949,0.499949,0.49995,0.499953,0.499956,0.499961,0.499966,0.499971,0.499976,0.499981,0.499985,0.499989,0.499992,0.499994,0.499996,0.499997,0.499998,0.499999,0.499999,0.5,0.5,0.5,0.5,0.5,0.5,0.5,0.5,0.5,0.5,0.5,0.5,0.5,0.5
0.5,0.5,0.5,0.5,0.5,0.5,0.5,0.5,0.5,0.5,0.5,0.5,0.5,0.5,0.499999,0.499999,0.499998,0.499997,0.499996,0.499994,0.499992,0.499989,0.499985,0.499981,0.499976,0.499971,0.499966,0.499961,0.499956,0.499953,0.49995,0.499949,0.499949,0.49995,0.499953,0.499956,0.499961,0.499966,0.499971,0.499976,0.499981,0.499985,0.499989,0.499992,0.499994,0.499996,0.499997,0.499998,0.499999,0.499999,0.5,0.5,0.5,0.5,0.5,0.5,0.5,0.5,0.5,0.5,0.5,0.5,0.5,0.5
0.5,0.5,0.5,0.5,0.5,0.5,0.5,0.5,0.5,0.5,0.5,0.5,0.5,0.499999,0.499999,0.499998,0.499997,0.499995,0.499993,0.49999,0.499986,0.499981,0.499975,0.499968,0.49996,0.499952,0.499943,0.499935,0.499927,0.499921,0.499917,0.499914,0.499914,0.499917,0.499921,0.499927,0.499935,0.499943,0.499952,0.49996,0.499968,0.499975,0.499981,0.499986,0.49999,0.499993,0.499995,0.499997,0.499998,0.499999,0.499999,0.5,0.5,0.5,0.5,0.5,0.5,0.5,0.5,0.5,0.5,0.5,0.5,0.5
0.5,0.5,0.5,0.5,0.5,0.5,0.5,0.5,0.5,0.5,0.5,0.499999,0.499999,0.499998,0.499997,0.499996,0.499994,0.49999,0.499986,0.49998,0.499971,0.499961,0.499949,0.499935,0.499919,0.499903,0.499886,0.499869,0.499854,0.499842,0.499833,0.499829,0.499829,0.499833,0.499842,0.499854,0.499869,0.499886,0.499903,0.499919,0.499935,0.499949,0.499961,0.499971,0.49998,0.499986,0.49999,0.499994,0.499996,0.499997,0.499998,0.499999,0.499999,0.5,0.5,0.5,0.5,0.5,0.5,0.5,0.5,0.5,0.5,0.5
0.5,0.5,0.5,0.5,0.5,0.5,0.5,0.5,0.5,0.5,0.499999,0.499999,0.499998,0.499997,0.499995,0.499991,0.499986,0.49998,0.49997,0.499957,0.499941,0.49992,0.499895,0.499866,0.499834,0.4998,0.499766,0.499733,0.499703,0.499678,0.499661,0.499651,0.499651,0.499661,0.499678,0.499703,0.499733,0.499766,0.4998,0.499834,0.499866,0.499895,0.49992,0.499941,0.499957,0.49997,0.49998,0.499986,0.499991,0.499995,0.499997,0.499998,0.499999,0.499999,0.5,0.5,0.5,0.5,0.5,0.5,0.5,0.5,0.5,0.5
0.5,0.5,0.5,0.5,0.5,0.5,0.5,0.5,0.5,0.499999,0.499999,0.499998,0.499996,0.499993,0.499989,0.499982,0.499972,0.499958,0.499938,0.499913,0.499879,0.499838,0.499788,0.499731,0.499668,0.499601,0.499533,0.499467,0.499409,0.499361,0.499327,0.499309,0.499309,0.499327,0.499361,0.499409,0.499467,0.499533,0.499601,0.499668,0.499731,0.499788,0.499838,0.499879,0.499913,0.499938,0.499958,0.499972,0.499982,0.499989,0.499993,0.499996,0.499998,0.499999,0.499999,0.5,0.5,0.5,0.5,0.5,0.5,0.5,0.5,0.5
0.5,0.5,0.5,0.5,0.5,0.5,0.5,0.5,0.499999,0.499999,0.499997,0.499995,0.499992,0.499986,0.499977,0.499964,0.499944,0.499916,0.499878,0.499827,0.499762,0.499682,0.499586,0.499477,0.499355,0.499227,0.499098,0.498974,0.498863,0.498772,0.498707,0.498674,0.498674,0.498707,0.498772,0.498863,0.498974,0.499098,0.499227,0.499355,0.499477,0.499586,0.499682,0.499762,0.499827,0.499878,0.499916,0.499944,0.499964,0.499977,0.499986,0.499992,0.499995,0.499997,0.499999,0.499999,0.5,0.5,0.5,0.5,0.5,0.5,0.5,0.5
0.5,0.5,0.5,0.5,0.5,0.5,0.5,0.499999,0.499998,0.499997,0.499995,0.499991,0.499984,0.499973,0.499955,0.499929,0.499891,0.499838,0.499765,0.499669,0.499547,0.499397,0.499218,0.499014,0.49879,0.498554,0.498316,0.498089,0.497887,0.497721,0.497604,0.497543,0.497543,0.497604,0.497721,0.497887,0.498089,0.498316,0.498554,0.49879,0.499014,0.499218,0.499397,0.499547,0.499669,0.499765,0.499838,0.499891,0.499929,0.499955,0.499973,0.499984,0.499991,0.499995,0.499997,0.499998,0.499999,0.5,0.5,0.5,0.5,0.5,0.5,0.5
0.5,0.5,0.5,0.5,0.5,0.5,0.499999,0.499998,0.499997,0.499994,0.49999,0.499982,0.499969,0.499948,0.499915,0.499866,0.499796,0.499697,0.499563,0.499387,0.499165,0.498893,0.498572,0.498207,0.497806,0.497386,0.496965,0.496564,0.496207,0.495916,0.49571,0.495603,0.495603,0.49571,0.495916,0.496207,0.496564,0.496965,0.497386,0.497806,0.498207,0.498572,0.498893,0.499165,0.499387,0.499563,0.499697,0.499796,0.499866,0.499915,0.499948,0.499969,0.499982,0.49999,0.499994,0.499997,0.499998,0.499999,0.5,0.5,0.5,0.5,0.5,0.5
0.5,0.5,0.5,0.5,0.5,0.499999,0.499999,0.499997,0.499994,0.49999,0.499981,0.499966,0.499942,0.499904,0.499844,0.499756,0.499629,0.499452,0.499214,0.498903,0.498512,0.498036,0.497478,0.496845,0.496156,0.495434,0.494714,0.494031,0.493424,0.49293,0.492582,0.492401,0.492401,0.492582,0.49293,0.493424,0.494031,0.494714,0.495434,0.496156,0.496845,0.497478,0.498036,0.498512,0.498903,0.499214,0.499452,0.499629,0.499756,0.499844,0.499904,0.499942,0.499966,0.499981,0.49999,0.499994,0.499997,0.499999,0.499999,0.5,0.5,0.5,0.5,0.5
0.5,0.5,0.5,0.5,0.499999,0.499999,0.499997,0.499995,0.49999,0.499981,0.499965,0.499939,0.499896,0.499828,0.499723,0.499569,0.499347,0.499041,0.498631,0.4981,0.497435,0.496631,0.495692,0.494634,0.493487,0.492292,0.491104,0.489982,0.488987,0.48818,0.487612,0.487317,0.487317,0.487612,0.48818,0.488987,0.489982,0.491104,0.492292,0.493487,0.494634,0.495692,0.496631,0.497435,0.4981,0.498631,0.499041,0.499347,0.499569,0.499723,0.499828,0.499896,0.499939,0.499965,0.499981,0.49999,0.499995,0.499997,0.499999,0.499999,0.5,0.5,0.5,0.5
0.5,0.5,0.5,0.499999,0.499999,0.499998,0.499995,0.499991,0.499982,0.499966,0.499939,0.499893,0.499819,0.499701,0.499523,0.499261,0.498888,0.498375,0.497692,0.496814,0.495721,0.494407,0.492882,0.491173,0.48933,0.487422,0.48553,0.483751,0.48218,0.480909,0.480015,0.479553,0.479553,0.480015,0.480909,0.48218,0.483751,0.48553,0.487422,0.48933,0.491173,0.492882,0.494407,0.495721,0.496814,0.497692,0.498375,0.498888,0.499261,0.499523,0.499701,0.499819,0.499893,0.499939,0.499966,0.499982,0.499991,0.499995,0.499998,0.499999,0.499999,0.5,0.5,0.5
0.5,0.5,0.5,0.499999,0.499998,0.499996,0.499992,0.499984,0.499969,0.499942,0.499896,0.499819,0.499694,0.499499,0.499204,0.498773,0.498164,0.497332,0.496232,0.494826,0.493089,0.491014,0.48862,0.485954,0.483096,0.480151,0.477247,0.474527,0.472135,0.470204,0.468848,0.468149,0.468149,0.468848,0.470204,0.472135,0.474527,0.477247,0.480151,0.483096,0.485954,0.48862,0.491014,0.493089,0.494826,0.496232,0.497332,0.498164,0.498773,0.499204,0.499499,0.499694,0.499819,0.499896,0.499942,0.499969,0.499984,0.499992,0.499996,0.499998,0.499999,0.5,0.5,0.5
0.5,0.5,0.499999,0.499998,0.499997,0.499993,0.499986,0.499973,0.499948,0.499904,0.499828,0.499701,0.499499,0.499184,0.498711,0.498025,0.497062,0.495755,0.49404,0.491863,0.489191,0.486021,0.482389,0.478371,0.474089,0.469703,0.465402,0.461391,0.457877,0.455051,0.453071,0.452052,0.452052,0.453071,0.455051,0.457877,0.461391,0.465402,0.469703,0.474089,0.478371,0.482389,0.486021,0.489191,0.491863,0.49404,0.495755,0.497062,0.498025,0.498711,0.499184,0.499499,0.499701,0.499828,0.499904,0.499948,0.499973,0.499986,0.499993,0.499997,0.499998,0.499999,0.5,0.5
0.499999,0.499999,0.499999,0.499997,0.499995,0.499989,0.499977,0.499955,0.499915,0.499844,0.499723,0.499523,0.499204,0.498711,0.497976,0.496917,0.495442,0.493453,0.490862,0.487597,0.48362,0.478936,0.473607,0.467755,0.461559,0.455252,0.449103,0.443399,0.438424,0.434437,0.431651,0.430218,0.430218,0.431651,0.434437,0.438424,0.443399,0.449103,0.455252,0.461559,0.467755,0.473607,0.478936,0.48362,0.487597,0.490862,0.493453,0.495442,0.496917,0.497976,0.498711,0.499204,0.499523,0.499723,0.499844,0.499915,0.499955,0.499977,0.499989,0.499995,0.499997,0.499999,0.499999,0.499999
0.499999,0.499999,0.499998,0.499996,0.499991,0.499982,0.499964,0.499929,0.499866,0.499756,0.499569,0.499261,0.498773,0.498025,0.496917,0.495332,0.493139,0.490206,0.486413,0.481671,0.475939,0.469241,0.461678,0.453436,0.444774,0.436017,0.427533,0.419708,0.412917,0.407495,0.403719,0.40178,0.40178,0.403719,0.407495,0.412917,0.419708,0.427533,0.436017,0.444774,0.453436,0.461678,0.469241,0.475939,0.481671,0.486413,0.490206,0.493139,0.495332,0.496917,0.498025,0.498773,0.499261,0.499569,0.499756,0.499866,0.499929,0.499964,0.499982,0.499991,0.499996,0.499998,0.499999,0.499999
0.499998,0.499998,0.499997,0.499994,0.499986,0.499972,0.499944,0.499891,0.499796,0.499629,0.499347,0.498888,0.498164,0.497062,0.495442,0.493139,0.489978,0.485782,0.480399,0.473722,0.465718,0.456444,0.446059,0.434831,0.423125,0.411381,0.400083,0.389728,0.380791,0.373688,0.368757,0.366231,0.366231,0.368757,0.373688,0.380791,0.389728,0.400083,0.411381,0.423125,0.434831,0.446059,0.456444,0.465718,0.473722,0.480399,0.485782,0.489978,0.493139,0.495442,0.497062,0.498164,0.498888,0.499347,0.499629,0.499796,0.499891,0.499944,0.499972,0.499986,0.499994,0.499997,0.499998,0.499998
0.499997,0.499997,0.499995,0.49999,0.49998,0.499958,0.499916,0.499838,0.499697,0.499452,0.499041,0.498375,0.497332,0.495755,0.493453,0.490206,0.485782,0.479956,0.472544,0.463429,0.452596,0.440152,0.426343,0.411544,0.396248,0.381029,0.366502,0.353284,0.341944,0.332979,0.326777,0.323608,0.323608,0.326777,0.332979,0.341944,0.353284,0.366502,0.381029,0.396248,0.411544,0.426343,0.440152,0.452596,0.463429,0.472544,0.479956,0.485782,0.490206,0.493453,0.495755,0.497332,0.498375,0.499041,0.499452,0.499697,0.499838,0.499916,0.499958,0.49998,0.49999,0.499995,0.499997,0.499997
0.499996,0.499996,0.499993,0.499986,0.49997,0.499938,0.499878,0.499765,0.499563,0.499214,0.498631,0.497692,0.496232,0.49404,0.490862,0.486413,0.480399,0.472544,0.462635,0.450557,0.436332,0.420146,0.402353,0.383467,0.364129,0.345065,0.327027,0.310744,0.296874,0.285972,0.278463,0.274637,0.274637,0.278463,0.285972,0.296874,0.310744,0.327027,0.345065,0.364129,0.383467,0.402353,0.420146,0.436332,0.450557,0.462635,0.472544,0.480399,0.486413,0.490862,0.49404,0.496232,0.497692,0.498631,0.499214,0.499563,0.499765,0.499878,0.499938,0.49997,0.499986,0.499993,0.499996,0.499996
0.499994,0.499994,0.49999,0.49998,0.499957,0.499913,0.499827,0.499669,0.499387,0.498903,0.4981,0.496814,0.494826,0.491863,0.487597,0.481671,0.473722,0.463429,0.450557,0.435011,0.416877,0.396445,0.374212,0.350857,0.32719,0.304094,0.282453,0.263095,0.246739,0.233969,0.225218,0.220773,0.220773,0.225218,0.233969,0.246739,0.263095,0.282453,0.304094,0.32719,0.350857,0.374212,0.396445,0.416877,0.435011,0.450557,0.463429,0.473722,0.481671,0.487597,0.491863,0.494826,0.496814,0.4981,0.498903,0.499387,0.499669,0.499827,0.499913,0.499957,0.49998,0.49999,0.499994,0.499994
0.499992,0.499992,0.499986,0.499971,0.499941,0.499879,0.499762,0.499547,0.499165,0.498512,0.497435,0.495721,0.493089,0.489191,0.48362,0.475939,0.465718,0.452596,0.436332,0.416877,0.394408,0.369355,0.342388,0.314375,0.286308,0.259227,0.23413,0.211912,0.193315,0.178908,0.169096,0.16413,0.16413,0.169096,0.178908,0.193315,0.211912,0.23413,0.259227,0.286308,0.314375,0.342388,0.369355,0.394408,0.416877,0.436332,0.452596,0.465718,0.475939,0.48362,0.489191,0.493089,0.495721,0.497435,0.498512,0.499165,0.499547,0.499762,0.499879,0.499941,0.499971,0.499986,0.499992,0.499992
0.499989,0.499989,0.499981,0.499961,0.49992,0.499838,0.499682,0.499397,0.498893,0.498036,0.496631,0.494407,0.491014,0.486021,0.478936,0.469241,0.456444,0.440152,0.420146,0.396445,0.369355,0.339479,0.307691,0.275063,0.242778,0.212015,0.18386,0.15923,0.138838,0.123188,0.112606,0.107274,0.107274,0.112606,0.123188,0.138838,0.15923,0.18386,0.212015,0.242778,0.275063,0.307691,0.339479,0.369355,0.396445,0.420146,0.440152,0.456444,0.469241,0.478936,0.486021,0.491014,0.494407,0.496631,0.498036,0.498893,0.499397,0.499682,0.499838,0.49992,0.499961,0.499981,0.499989,0.499989
0.499985,0.499985,0.499975,0.499949,0.499895,0.499788,0.499586,0.499218,0.498572,0.497478,0.495692,0.492882,0.48862,0.482389,0.473607,0.461678,0.446059,0.426343,0.402353,0.374212,0.342388,0.307691,0.271219,0.234265,0.198191,0.164296,0.13371,0.107321,0.0857525,0.0693849,0.058414,0.0529178,0.0529178,0.058414,0.0693849,0.0857525,0.107321,0.13371,0.164296,0.198191,0.234265,0.271219,0.307691,0.342388,0.374212,0.402353,0.426343,0.446059,0.461678,0.473607,0.482389,0.48862,0.492882,0.495692,0.497478,0.498572,0.499218,0.499586,0.499788,0.499895,0.499949,0.499975,0.499985,0.499985
0.499981,0.499981,0.499968,0.499935,0.499866,0.499731,0.499477,0.499014,0.498207,0.496845,0.494634,0.491173,0.485954,0.478371,0.467755,0.453436,0.434831,0.411544,0.383467,0.350857,0.314375,0.275063,0.234265,0.193492,0.154272,0.117989,0.0857703,0.0584156,0.0363983,0.0199178,0.0089913,0.00355605,0.00355605,0.0089913,0.0199178,0.0363983,0.0584156,0.0857703,0.117989,0.154272,0.193492,0.234265,0.275063,0.314375,0.350857,0.383467,0.411544,0.434831,0.453436,0.467755,0.478371,0.485954,0.491173,0.494634,0.496845,0.498207,0.499014,0.499477,0.499731,0.499866,0.499935,0.499968,0.499981,0.499981
0.499976,0.499976,0.49996,0.499919,0.499834,0.499668,0.499355,0.49879,0.497806,0.496156,0.493487,0.48933,0.483096,0.474089,0.461559,0.444774,0.423125,0.396248,0.364129,0.32719,0.286308,0.242778,0.198191,0.154272,0.112688,0.0748726,0.0418974,0.0144206,-0.00729048,-0.0232689,-0.0337168,-0.0388667,-0.0388667,-0.0337168,-0.0232689,-0.00729048,0.0144206,0.0418974,0.0748726,0.112688,0.154272,0.198191,0.242778,0.286308,0.32719,0.364129,0.396248,0.423125,0.444774,0.461559,0.474089,0.483096,0.48933,0.493487,0.496156,0.497806,0.49879,0.499355,0.499668,0.499834,0.499919,0.49996,0.499976,0.499976
0.499971,0.499971,0.499952,0.499903,0.4998,0.499601,0.499227,0.498554,0.497386,0.495434,0.492292,0.487422,0.480151,0.469703,0.455252,0.436017,0.411381,0.381029,0.345065,0.304094,0.259227,0.212015,0.164296,0.117989,0.0748726,0.0363863,0.00350453,-0.0233038,-0.0440205,-0.0589477,-0.0685353,-0.0732042,-0.0732042,-0.0685353,-0.0589477,-0.0440205,-0.0233038,0.00350453,0.0363863,0.0748726,0.117989,0.164296,0.212015,0.259227,0.304094,0.345065,0.381029,0.411381,0.436017,0.455252,0.469703,0.480151,0.487422,0.492292,0.495434,0.497386,0.498554,0.499227,0.499601,0.4998,0.499903,0.499952,0.499971,0.499971
0.499966,0.499966,0.499943,0.499886,0.499766,0.499533,0.499098,0.498316,0.496965,0.494714,0.491104,0.48553,0.477247,0.465402,0.449103,0.427533,0.400083,0.366502,0.327027,0.282453,0.23413,0.18386,0.13371,0.0857703,0.0418974,0.00350453,-0.0285673,-0.0540691,-0.0732564,-0.0867188,-0.0951652,-0.0992113,-0.0992113,-0.0951652,-0.0867188,-0.0732564,-0.0540691,-0.0285673,0.00350453,0.0418974,0.0857703,0.13371,0.18386,0.23413,0.282453,0.327027,0.366502,0.400083,0.427533,0.449103,0.465402,0.477247,0.48553,0.491104,0.494714,0.496965,0.498316,0.499098,0.499533,0.499766,0.499886,0.499943,0.499966,0.499966
0.499961,0.499961,0.499935,0.499869,0.499733,0.499467,0.498974,0.498089,0.496564,0.494031,0.489982,0.483751,0.474527,0.461391,0.443399,0.419708,0.389728,0.353284,0.310744,0.263095,0.211912,0.15923,0.107321,0.0584156,0.0144206,-0.0233038,-0.0540691,-0.077857,-0.0952001,-0.106971,-0.114132,-0.117485,-0.117485,-0.114132,-0.106971,-0.0952001,-0.077857,-0.0540691,-0.0233038,0.0144206,0.0584156,0.107321,0.15923,0.211912,0.263095,0.310744,0.353284,0.389728,0.419708,0.443399,0.461391,0.474527,0.483751,0.489982,0.494031,0.496564,0.498089,0.498974,0.499467,0.499733,0.499869,0.499935,0.499961,0.499961
0.499956,0.499956,0.499927,0.499854,0.499703,0.499409,0.498863,0.497887,0.496207,0.493424,0.488987,0.48218,0.472135,0.457877,0.438424,0.412917,0.380791,0.341944,0.296874,0.246739,0.193315,0.138838,0.0857525,0.0363983,-0.00729048,-0.0440205,-0.0732564,-0.0952001,-0.11064,-0.120709,-0.126593,-0.129263,-0.129263,-0.126593,-0.120709,-0.11064,-0.0952001,-0.0732564,-0.0440205,-0.00729048,0.0363983,0.0857525,0.138838,0.193315,0.246739,0.296874,0.341944,0.380791,0.412917,0.438424,0.457877,0.472135,0.48218,0.488987,0.493424,0.496207,0.497887,0.498863,0.499409,0.499703,0.499854,0.499927,0.499956,0.499956
0.499953,0.499953,0.499921,0.499842,0.499678,0.499361,0.498772,0.497721,0.495916,0.49293,0.48818,0.480909,0.470204,0.455051,0.434437,0.407495,0.373688,0.332979,0.285972,0.233969,0.178908,0.123188,0.0693849,0.0199178,-0.0232689,-0.0589477,-0.0867188,-0.106971,-0.120709,-0.129275,-0.134042,-0.136119,-0.136119,-0.134042,-0.129275,-0.120709,-0.106971,-0.0867188,-0.0589477,-0.0232689,0.0199178,0.0693849,0.123188,0.178908,0.233969,0.285972,0.332979,0.373688,0.407495,0.434437,0.455051,0.470204,0.480909,0.48818,0.49293,0.495916,0.497721,0.498772,0.499361,0.499678,0.499842,0.499921,0.499953,0.499953
0.49995,0.49995,0.499917,0.499833,0.499661,0.499327,0.498707,0.497604,0.49571,0.492582,0.487612,0.480015,0.468848,0.453071,0.431651,0.403719,0.368757,0.326777,0.278463,0.225218,0.169096,0.112606,0.058414,0.0089913,-0.0337168,-0.0685353,-0.0951652,-0.114132,-0.126593,-0.134042,-0.137986,-0.139625,-0.139625,-0.137986,-0.134042,-0.126593,-0.114132,-0.0951652,-0.0685353,-0.0337168,0.0089913,0.058414,0.112606,0.169096,0.225218,0.278463,0.326777,0.368757,0.403719,0.431651,0.453071,0.468848,0.480015,0.487612,0.492582,0.49571,0.497604,0.498707,0.499327,0.499661,0.499833,0.499917,0.49995,0.49995
0.499949,0.499949,0.499914,0.499829,0.499651,0.499309,0.498674,0.497543,0.495603,0.492401,0.487317,0.479553,0.468149,0.452052,0.430218,0.40178,0.366231,0.323608,0.274637,0.220773,0.16413,0.107274,0.0529178,0.00355605,-0.0388667,-0.0732042,-0.0992113,-0.117485,-0.129263,-0.136119,-0.139625,-0.141033,-0.141033,-0.139625,-0.136119,-0.129263,-0.117485,-0.0992113,-0.0732042,-0.0388667,0.00355605,0.0529178,0.107274,0.16413,0.220773,0.274637,0.323608,0.366231,0.40178,0.430218,0.452052,0.468149,0.479553,0.487317,0.492401,0.495603,0.497543,0.498674,0.499309,0.499651,0.499829,0.499914,0.499949,0.499949
0.499949,0.499949,0.499914,0.499829,0.499651,0.499309,0.498674,0.497543,0.495603,0.492401,0.487317,0.479553,0.468149,0.452052,0.430218,0.40178,0.366231,0.323608,0.274637,0.220773,0.16413,0.107274,0.0529178,0.00355605,-0.0388667,-0.0732042,-0.0992113,-0.117485,-0.129263,-0.136119,-0.139625,-0.141033,-0.141033,-0.139625,-0.136119,-0.129263,-0.117485,-0.0992113,-0.0732042,-0.0388667,0.00355605,0.0529178,0.107274,0.16413,0.220773,0.274637,0.323608,0.366231,0.40178,0.430218,0.452052,0.468149,0.479553,0.487317,0.492401,0.495603,0.497543,0.498674,0.499309,0.499651,0.499829,0.499914,0.499949,0.499949
0.49995,0.49995,0.499917,0.499833,0.499661,0.499327,0.498707,0.497604,0.49571,0.492582,0.487612,0.480015,0.468848,0.453071,0.431651,0.403719,0.368757,0.326777,0.278463,0.225218,0.169096,0.112606,0.058414,0.0089913,-0.0337168,-0.0685353,-0.0951652,-0.114132,-0.126593,-0.134042,-0.137986,-0.139625,-0.139625,-0.137986,-0.134042,-0.126593,-0.114132,-0.0951652,-0.0685353,-0.0337168,0.0089913,0.058414,0.112606,0.169096,0.225218,0.278463,0.326777,0.368757,0.403719,0.431651,0.453071,0.468848,0.480015,0.487612,0.492582,0.49571,0.497604,0.498707,0.499327,0.499661,0.499833,0.499917,0.49995,0.49995
0.499953,0.499953,0.499921,0.499842,0.499678,0.499361,0.498772,0.497721,0.495916,0.49293,0.48818,0.480909,0.470204,0.455051,0.434437,0.407495,0.373688,0.332979,0.285972,0.233969,0.178908,0.123188,0.0693849,0.0199178,-0.0232689,-0.0589477,-0.0867188,-0.106971,-0.120709,-0.129275,-0.134042,-0.136119,-0.136119,-0.134042,-0.129275,-0.120709,-0.106971,-0.0867188,-0.0589477,-0.0232689,0.0199178,0.0693849,0.123188,0.178908,0.233969,0.285972,0.332979,0.373688,0.407495,0.434437,0.455051,0.470204,0.480909,0.48818,0.49293,0.495916,0.497721,0.498772,0.499361,0.499678,0.499842,0.499921,0.499953,0.499953
0.499956,0.499956,0.499927,0.499854,0.499703,0.499409,0.498863,0.497887,0.496207,0.493424,0.488987,0.48218,0.472135,0.457877,0.438424,0.412917,0.380791,0.341944,0.296874,0.246739,0.193315,0.138838,0.0857525,0.0363983,-0.00729048,-0.0440205,-0.0732564,-0.0952001,-0.11064,-0.120709,-0.126593,-0.129263,-0.129263,-0.126593,-0.120709,-0.11064,-0.0952001,-0.0732564,-0.0440205,-0.00729048,0.0363983,0.0857525,0.138838,0.193315,0.246739,0.296874,0.341944,0.380791,0.412917,0.438424,0.457877,0.472135,0.48218,0.488987,0.493424,0.496207,0.497887,0.498863,0.499409,0.499703,0.499854,0.499927,0.499956,0.499956
0.499961,0.499961,0.499935,0.499869,0.499733,0.499467,0.498974,0.498089,0.496564,0.494031,0.489982,0.483751,0.474527,0.461391,0.443399,0.419708,0.389728,0.353284,0.310744,0.263095,0.211912,0.15923,0.107321,0.0584156,0.0144206,-0.0233038,-0.0540691,-0.077857,-0.0952001,-0.106971,-0.114132,-0.117485,-0.117485,-0.114132,-0.106971,-0.0952001,-0.077857,-0.0540691,-0.0233038,0.0144206,0.0584156,0.107321,0.15923,0.211912,0.263095,0.310744,0.353284,0.389728,0.419708,0.443399,0.461391,0.474527,0.483751,0.489982,0.494031,0.496564,0.498089,0.498974,0.499467,0.499733,0.499869,0.499935,0.499961,0.499961
0.499966,0.499966,0.499943,0.499886,0.499766,0.499533,0.499098,0.498316,0.496965,0.494714,0.491104,0.48553,0.477247,0.465402,0.449103,0.427533,0.400083,0.366502,0.327027,0.282453,0.23413,0.18386,0.13371,0.0857703,0.0418974,0.00350453,-0.0285673,-0.0540691,-0.0732564,-0.0867188,-0.0951652,-0.0992113,-0.0992113,-0.0951652,-0.0867188,-0.0732564,-0.0540691,-0.0285673,0.00350453,0.0418974,0.0857703,0.13371,0.18386,0.23413,0.282453,0.327027,0.366502,0.400083,0.427533,0.449103,0.465402,0.477247,0.48553,0.491104,0.494714,0.496965,0.498316,0.499098,0.499533,0.499766,0.499886,0.499943,0.499966,0.499966
0.499971,0.499971,0.499952,0.499903,0.4998,0.499601,0.499227,0.498554,0.497386,0.495434,0.492292,0.487422,0.480151,0.469703,0.455252,0.436017,0.411381,0.381029,0.345065,0.304094,0.259227,0.212015,0.164296,0.117989,0.0748726,0.0363863,0.00350453,-0.0233038,-0.0440205,-0.0589477,-0.0685353,-0.0732042,-0.0732042,-0.0685353,-0.0589477,-0.0440205,-0.0233038,0.00350453,0.0363863,0.0748726,0.117989,0.164296,0.212015,0.259227,0.304094,0.345065,0.381029,0.411381,0.436017,0.455252,0.469703,0.480151,0.487422,0.492292,0.495434,0.497386,0.498554,0.499227,0.499601,0.4998,0.499903,0.499952,0.499971,0.499971
0.499976,0.499976,0.49996,0.499919,0.499834,0.499668,0.499355,0.49879,0.497806,0.496156,0.493487,0.48933,0.483096,0.474089,0.461559,0.444774,0.423125,0.396248,0.364129,0.32719,0.286308,0.242778,0.198191,0.154272,0.112688,0.0748726,0.0418974,0.0144206,-0.00729048,-0.0232689,-0.0337168,-0.0388667,-0.0388667,-0.0337168,-0.0232689,-0.00729048,0.0144206,0.0418974,0.0748726,0.112688,0.154272,0.198191,0.242778,0.286308,0.32719,0.364129,0.396248,0.423125,0.444774,0.461559,0.474089,0.483096,0.48933,0.493487,0.496156,0.497806,0.49879,0.499355,0.499668,0.499834,0.499919,0.49996,0.499976,0.499976
0.499981,0.499981,0.499968,0.499935,0.499866,0.499731,0.499477,0.499014,0.498207,0.496845,0.494634,0.491173,0.485954,0.478371,0.467755,0.453436,0.434831,0.411544,0.383467,0.350857,0.314375,0.275063,0.234265,0.193492,0.154272,0.117989,0.0857703,0.0584156,0.0363983,0.0199178,0.0089913,0.00355605,0.00355605,0.0089913,0.0199178,0.0363983,0.0584156,0.0857703,0.117989,0.154272,0.193492,0.234265,0.275063,0.314375,0.350857,0.383467,0.411544,0.434831,0.453436,0.467755,0.478371,0.485954,0.491173,0.494634,0.496845,0.498207,0.499014,0.499477,0.499731,0.499866,0.499935,0.499968,0.499981,0.499981
0.499985,0.499985,0.499975,0.499949,0.499895,0.499788,0.499586,0.499218,0.498572,0.497478,0.495692,0.492882,0.48862,0.482389,0.473607,0.461678,0.446059,0.426343,0.402353,0.374212,0.342388,0.307691,0.271219,0.234265,0.198191,0.164296,0.13371,0.107321,0.0857525,0.0693849,0.058414,0.0529178,0.0529178,0.058414,0.0693849,0.0857525,0.107321,0.13371,0.164296,0.198191,0.234265,0.271219,0.307691,0.342388,0.374212,0.402353,0.426343,0.446059,0.461678,0.473607,0.482389,0.48862,0.492882,0.495692,0.497478,0.498572,0.499218,0.499586,0.499788,0.499895,0.499949,0.499975,0.499985,0.499985
0.499989,0.499989,0.499981,0.499961,0.49992,0.499838,0.499682,0.499397,0.498893,0.498036,0.496631,0.494407,0.491014,0.486021,0.478936,0.469241,0.456444,0.440152,0.420146,0.396445,0.369355,0.339479,0.307691,0.275063,0.242778,0.212015,0.18386,0.15923,0.138838,0.123188,0.112606,0.107274,0.107274,0.112606,0.123188,0.138838,0.15923,0.18386,0.212015,0.242778,0.275063,0.307691,0.339479,0.369355,0.396445,0.420146,0.440152,0.456444,0.469241,0.478936,0.486021,0.491014,0.494407,0.496631,0.498036,0.498893,0.499397,0.499682,0.499838,0.49992,0.499961,0.499981,0.499989,0.499989
0.499992,0.499992,0.499986,0.499971,0.499941,0.499879,0.499762,0.499547,0.499165,0.498512,0.497435,0.495721,0.493089,0.489191,0.48362,0.475939,0.465718,0.452596,0.436332,0.416877,0.394408,0.369355,0.342388,0.314375,0.286308,0.259227,0.23413,0.211912,0.193315,0.178908,0.169096,0.16413,0.16413,0.169096,0.178908,0.193315,0.211912,0.23413,0.259227,0.286308,0.314375,0.342388,0.369355,0.394408,0.416877,0.436332,0.452596,0.465718,0.475939,0.48362,0.489191,0.493089,0.495721,0.497435,0.498512,0.499165,0.499547,0.499762,0.499879,0.499941,0.499971,0.499986,0.499992,0.499992
0.499994,0.499994,0.49999,0.49998,0.499957,0.499913,0.499827,0.499669,0.499387,0.498903,0.4981,0.496814,0.494826,0.491863,0.487597,0.481671,0.473722,0.463429,0.450557,0.435011,0.416877,0.396445,0.374212,0.350857,0.32719,0.304094,0.282453,0.263095,0.246739,0.233969,0.225218,0.220773,0.220773,0.225218,0.233969,0.246739,0.263095,0.282453,0.304094,0.32719,0.350857,0.374212,0.396445,0.416877,0.435011,0.450557,0.463429,0.473722,0.481671,0.487597,0.491863,0.494826,0.496814,0.4981,0.498903,0.499387,0.499669,0.499827,0.499913,0.499957,0.49998,0.49999,0.499994,0.499994
0.499996,0.499996,0.499993,0.499986,0.49997,0.499938,0.499878,0.499765,0.499563,0.499214,0.498631,0.497692,0.496232,0.49404,0.490862,0.486413,0.480399,0.472544,0.462635,0.450557,0.436332,0.420146,0.402353,0.383467,0.364129,0.345065,0.327027,0.310744,0.296874,0.285972,0.278463,0.274637,0.274637,0.278463,0.285972,0.296874,0.310744,0.327027,0.345065,0.364129,0.383467,0.402353,0.420146,0.436332,0.450557,0.462635,0.472544,0.480399,0.486413,0.490862,0.49404,0.496232,0.497692,0.498631,0.499214,0.499563,0.499765,0.499878,0.499938,0.49997,0.499986,0.499993,0.499996,0.499996
0.499997,0.499997,0.499995,0.49999,0.49998,0.499958,0.499916,0.499838,0.499697,0.499452,0.499041,0.498375,0.497332,0.495755,0.493453,0.490206,0.485782,0.479956,0.472544,0.463429,0.452596,0.440152,0.426343,0.411544,0.396248,0.381029,0.366502,0.353284,0.341944,0.332979,0.326777,0.323608,0.323608,0.326777,0.332979,0.341944,0.353284,0.366502,0.381029,0.396248,0.411544,0.426343,0.440152,0.452596,0.463429,0.472544,0.479956,0.485782,0.490206,0.493453,0.495755,0.497332,0.498375,0.499041,0.499452,0.499697,0.499838,0.499916,0.499958,0.49998,0.49999,0.499995,0.499997,0.499997
0.499998,0.499998,0.499997,0.499994,0.499986,0.499972,0.499944,0.499891,0.499796,0.499629,0.499347,0.498888,0.498164,0.497062,0.495442,0.493139,0.489978,0.485782,0.480399,0.473722,0.465718,0.456444,0.446059,0.434831,0.423125,0.411381,0.400083,0.389728,0.380791,0.373688,0.368757,0.366231,0.366231,0.368757,0.373688,0.380791,0.389728,0.400083,0.411381,0.423125,0.434831,0.446059,0.456444,0.465718,0.473722,0.480399,0.485782,0.489978,0.493139,0.495442,0.497062,0.498164,0.498888,0.499347,0.499629,0.499796,0.499891,0.499944,0.499972,0.499986,0.499994,0.499997,0.499998,0.499998
0.499999,0.499999,0.499998,0.499996,0.499991,0.499982,0.499964,0.499929,0.499866,0.499756,0.499569,0.499261,0.498773,0.498025,0.496917,0.495332,0.493139,0.490206,0.486413,0.481671,0.475939,0.469241,0.461678,0.453436,0.444774,0.436017,0.427533,0.419708,0.412917,0.407495,0.403719,0.40178,0.40178,0.403719,0.407495,0.412917,0.419708,0.427533,0.436017,0.444774,0.453436,0.461678,0.469241,0.475939,0.481671,0.486413,0.490206,0.493139,0.495332,0.496917,0.498025,0.498773,0.499261,0.499569,0.499756,0.499866,0.499929,0.499964,0.499982,0.499991,0.499996,0.499998,0.499999,0.499999
0.499999,0.499999,0.499999,0.499997,0.499995,0.499989,0.499977,0.499955,0.499915,0.499844,0.499723,0.499523,0.499204,0.498711,0.497976,0.496917,0.495442,0.493453,0.490862,0.487597,0.48362,0.478936,0.473607,0.467755,0.461559,0.455252,0.449103,0.443399,0.438424,0.434437,0.431651,0.430218,0.430218,0.431651,0.434437,0.438424,0.443399,0.449103,0.455252,0.461559,0.467755,0.473607,0.478936,0.48362,0.487597,0.490862,0.493453,0.495442,0.496917,0.497976,0.498711,0.499204,0.499523,0.499723,0.499844,0.499915,0.499955,0.499977,0.499989,0.499995,0.499997,0.499999,0.499999,0.499999
0.5,0.5,0.499999,0.499998,0.499997,0.499993,0.499986,0.499973,0.499948,0.499904,0.499828,0.499701,0.499499,0.499184,0.498711,0.498025,0.497062,0.495755,0.49404,0.491863,0.489191,0.486021,0.482389,0.478371,0.474089,0.469703,0.465402,0.461391,0.457877,0.455051,0.453071,0.452052,0.452052,0.453071,0.455051,0.457877,0.461391,0.465402,0.469703,0.474089,0.478371,0.482389,0.486021,0.489191,0.491863,0.49404,0.495755,0.497062,0.498025,0.498711,0.499184,0.499499,0.499701,0.499828,0.499904,0.499948,0.499973,0.499986,0.499993,0.499997,0.499998,0.499999,0.5,0.5
0.5,0.5,0.5,0.499999,0.499998,0.499996,0.499992,0.499984,0.499969,0.499942,0.499896,0.499819,0.499694,0.499499,0.499204,0.498773,0.498164,0.497332,0.496232,0.494826,0.493089,0.491014,0.48862,0.485954,0.483096,0.480151,0.477247,0.474527,0.472135,0.470204,0.468848,0.468149,0.468149,0.468848,0.470204,0.472135,0.474527,0.477247,0.480151,0.483096,0.485954,0.48862,0.491014,0.493089,0.494826,0.496232,0.497332,0.498164,0.498773,0.499204,0.499499,0.499694,0.499819,0.499896,0.499942,0.499969,0.499984,0.499992,0.499996,0.499998,0.499999,0.5,0.5,0.5
0.5,0.5,0.5,0.499999,0.499999,0.499998,0.499995,0.499991,0.499982,0.499966,0.499939,0.499893,0.499819,0.499701,0.499523,0.499261,0.498888,0.498375,0.497692,0.496814,0.495721,0.494407,0.492882,0.491173,0.48933,0.487422,0.48553,0.483751,0.48218,0.480909,0.480015,0.479553,0.479553,0.480015,0.480909,0.48218,0.483751,0.48553,0.487422,0.48933,0.491173,0.492882,0.494407,0.495721,0.496814,0.497692,0.498375,0.498888,0.499261,0.499523,0.499701,0.499819,0.499893,0.499939,0.499966,0.499982,0.499991,0.499995,0.499998,0.499999,0.499999,0.5,0.5,0.5
0.5,0.5,0.5,0.5,0.499999,0.499999,0.499997,0.499995,0.49999,0.499981,0.499965,0.499939,0.499896,0.499828,0.499723,0.499569,0.499347,0.499041,0.498631,0.4981,0.497435,0.496631,0.495692,0.494634,0.493487,0.492292,0.491104,0.489982,0.488987,0.48818,0.487612,0.487317,0.487317,0.487612,0.48818,0.488987,0.489982,0.491104,0.492292,0.493487,0.494634,0.495692,0.496631,0.497435,0.4981,0.498631,0.499041,0.499347,0.499569,0.499723,0.499828,0.499896,0.499939,0.499965,0.499981,0.49999,0.499995,0.499997,0.499999,0.499999,0.5,0.5,0.5,0.5
0.5,0.5,0.5,0.5,0.5,0.499999,0.499999,0.499997,0.499994,0.49999,0.499981,0.499966,0.499942,0.499904,0.499844,0.499756,0.499629,0.499452,0.499214,0.498903,0.498512,0.498036,0.497478,0.496845,0.496156,0.495434,0.494714,0.494031,0.493424,0.49293,0.492582,0.492401,0.492401,0.492582,0.49293,0.493424,0.494031,0.494714,0.495434,0.496156,0.496845,0.497478,0.498036,0.498512,0.498903,0.499214,0.499452,0.499629,0.499756,0.499844,0.499904,0.499942,0.499966,0.499981,0.49999,0.499994,0.499997,0.499999,0.499999,0.5,0.5,0.5,0.5,0.5
0.5,0.5,0.5,0.5,0.5,0.5,0.499999,0.499998,0.499997,0.499994,0.49999,0.499982,0.499969,0.499948,0.499915,0.499866,0.499796,0.499697,0.499563,0.499387,0.499165,0.498893,0.498572,0.498207,0.497806,0.497386,0.496965,0.496564,0.496207,0.495916,0.49571,0.495603,0.495603,0.49571,0.495916,0.496207,0.496564,0.496965,0.497386,0.497806,0.498207,0.498572,0.498893,0.499165,0.499387,0.499563,0.499697,0.499796,0.499866,0.499915,0.499948,0.499969,0.499982,0.49999,0.499994,0.499997,0.499998,0.499999,0.5,0.5,0.5,0.5,0.5,0.5
0.5,0.5,0.5,0.5,0.5,0.5,0.5,0.499999,0.499998,0.499997,0.499995,0.499991,0.499984,0.499973,0.499955,0.499929,0.499891,0.499838,0.499765,0.499669,0.499547,0.499397,0.499218,0.499014,0.49879,0.498554,0.498316,0.498089,0.497887,0.497721,0.497604,0.497543,0.497543,0.497604,0.497721,0.497887,0.498089,0.498316,0.498554,0.49879,0.499014,0.499218,0.499397,0.499547,0.499669,0.499765,0.499838,0.499891,0.499929,0.499955,0.499973,0.499984,0.499991,0.499995,0.499997,0.499998,0.499999,0.5,0.5,0.5,0.5,0.5,0.5,0.5
0.5,0.5,0.5,0.5,0.5,0.5,0.5,0.5,0.499999,0.499999,0.499997,0.499995,0.499992,0.499986,0.499977,0.499964,0.499944,0.499916,0.499878,0.499827,0.499762,0.499682,0.499586,0.499477,0.499355,0.499227,0.499098,0.498974,0.498863,0.498772,0.498707,0.498674,0.498674,0.498707,0.498772,0.498863,0.498974,0.499098,0.499227,0.499355,0.499477,0.499586,0.499682,0.499762,0.499827,0.499878,0.499916,0.499944,0.499964,0.499977,0.499986,0.499992,0.499995,0.499997,0.499999,0.499999,0.5,0.5,0.5,0.5,0.5,0.5,0.5,0.5
0.5,0.5,0.5,0.5,0.5,0.5,0.5,0.5,0.5,0.499999,0.499999,0.499998,0.499996,0.499993,0.499989,0.499982,0.499972,0.499958,0.499938,0.499913,0.499879,0.499838,0.499788,0.499731,0.499668,0.499601,0.499533,0.499467,0.499409,0.499361,0.499327,0.499309,0.499309,0.499327,0.499361,0.499409,0.499467,0.499533,0.499601,0.499668,0.499731,0.499788,0.499838,0.499879,0.499913,0.499938,0.499958,0.499972,0.499982,0.499989,0.499993,0.499996,0.499998,0.499999,0.499999,0.5,0.5,0.5,0.5,0.5,0.5,0.5,0.5,0.5
0.5,0.5,0.5,0.5,0.5,0.5,0.5,0.5,0.5,0.5,0.499999,0.499999,0.499998,0.499997,0.499995,0.499991,0.499986,0.49998,0.49997,0.499957,0.499941,0.49992,0.499895,0.499866,0.499834,0.4998,0.499766,0.499733,0.499703,0.499678,0.499661,0.499651,0.499651,0.499661,0.499678,0.499703,0.499733,0.499766,0.4998,0.499834,0.499866,0.499895,0.49992,0.499941,0.499957,0.49997,0.49998,0.499986,0.499991,0.499995,0.499997,0.499998,0.499999,0.499999,0.5,0.5,0.5,0.5,0.5,0.5,0.5,0.5,0.5,0.5
0.5,0.5,0.5,0.5,0.5,0.5,0.5,0.5,0.5,0.5,0.5,0.499999,0.499999,0.499998,0.499997,0.499996,0.499994,0.49999,0.499986,0.49998,0.499971,0.499961,0.499949,0.499935,0.499919,0.499903,0.499886,0.499869,0.499854,0.499842,0.499833,0.499829,0.499829,0.499833,0.499842,0.499854,0.499869,0.499886,0.499903,0.499919,0.499935,0.499949,0.499961,0.499971,0.49998,0.499986,0.49999,0.499994,0.499996,0.499997,0.499998,0.499999,0.499999,0.5,0.5,0.5,0.5,0.5,0.5,0.5,0.5,0.5,0.5,0.5
0.5,0.5,0.5,0.5,0.5,0.5,0.5,0.5,0.5,0.5,0.5,0.5,0.5,0.499999,0.499999,0.499998,0.499997,0.499995,0.499993,0.49999,0.499986,0.499981,0.499975,0.499968,0.49996,0.499952,0.499943,0.499935,0.499927,0.499921,0.499917,0.499914,0.499914,0.499917,0.499921,0.499927,0.499935,0.499943,0.499952,0.49996,0.499968,0.499975,0.499981,0.499986,0.49999,0.499993,0.499995,0.499997,0.499998,0.499999,0.499999,0.5,0.5,0.5,0.5,0.5,0.5,0.5,0.5,0.5,0.5,0.5,0.5,0.5
0.5,0.5,0.5,0.5,0.5,0.5,0.5,0.5,0.5,0.5,0.5,0.5,0.5,0.5,0.499999,0.499999,0.499998,0.499997,0.499996,0.499994,0.499992,0.499989,0.499985,0.499981,0.499976,0.499971,0.499966,0.499961,0.499956,0.499953,0.49995,0.499949,0.499949,0.49995,0.499953,0.499956,0.499961,0.499966,0.499971,0.499976,0.499981,0.499985,0.499989,0.499992,0.499994,0.499996,0.499997,0.499998,0.499999,0.499999,0.5,0.5,0.5,0.5,0.5,0.5,0.5,0.5,0.5,0.5,0.5,0.5,0.5,0.5
0.5,0.5,0.5,0.5,0.5,0.5,0.5,0.5,0.5,0.5,0.5,0.5,0.5,0.5,0.499999,0.499999,0.499998,0.499997,0.499996,0.499994,0.499992,0.499989,0.499985,0.499981,0.499976,0.499971,0.499966,0.499961,0.499956,0.499953,0.49995,0.499949,0.499949,0.49995,0.499953,0.499956,0.499961,0.499966,0.499971,0.499976,0.499981,0.499985,0.499989,0.499992,0.499994,0.499996,0.499997,0.499998,0.499999,0.499999,0.5,0.5,0.5,0.5,0.5,0.5,0.5,0.5,0.5,0.5,0.5,0.5,0.5,0.5
