0.371743,0.376488,0.376214,0.375731,0.37516,0.374671,0.374473,0.37479,0.375843,0.377823,0.380869,0.385047,0.390338,0.396634,0.403745,0.411419,0.419364,0.427279,0.434884,0.441944,0.448285,0.453801,0.458453,0.462262,0.465291,0.467632,0.46939,0.470672,0.471575,0.472179,0.472547,0.47272,0.47272,0.472547,0.472179,0.471575,0.470672,0.46939,0.467632,0.465291,0.462262,0.458453,0.453801,0.448285,0.441944,0.434884,0.427279,0.419364,0.411419,0.403745,0.396634,0.390338,0.385047,0.380869,0.377823,0.375843,0.37479,0.374473,0.374671,0.37516,0.375731,0.376214,0.376488,0.376488
0.376488,0.376488,0.376214,0.375731,0.37516,0.374671,0.374473,0.37479,0.375843,0.377823,0.380869,0.385047,0.390338,0.396634,0.403745,0.411419,0.419364,0.427279,0.434884,0.441944,0.448285,0.453801,0.458453,0.462262,0.465291,0.467632,0.46939,0.470672,0.471575,0.472179,0.472547,0.47272,0.47272,0.472547,0.472179,0.471575,0.470672,0.46939,0.467632,0.465291,0.462262,0.458453,0.453801,0.448285,0.441944,0.434884,0.427279,0.419364,0.411419,0.403745,0.396634,0.390338,0.385047,0.380869,0.377823,0.375843,0.37479,0.374473,0.374671,0.37516,0.375731,0.376214,0.376488,0.376488
0.376214,0.376214,0.375983,0.375579,0.375117,0.374755,0.374689,0.375128,0.376279,0.378323,0.381389,0.385543,0.390768,0.396963,0.403952,0.411494,0.41931,0.427112,0.434628,0.441626,0.447932,0.453439,0.458102,0.461935,0.464996,0.467371,0.469163,0.470475,0.471402,0.472024,0.472403,0.472582,0.472582,0.472403,0.472024,0.471402,0.470475,0.469163,0.467371,0.464996,0.461935,0.458102,0.453439,0.447932,0.441626,0.434628,0.427112,0.41931,0.411494,0.403952,0.396963,0.390768,0.385543,0.381389,0.378323,0.376279,0.375128,0.374689,0.374755,0.375117,0.375579,0.375983,0.376214,0.376214
0.375731,0.375731,0.375579,0.375326,0.375071,0.37495,0.375133,0.375802,0.377137,0.379297,0.382398,0.3865,0.391594,0.397592,0.40434,0.411624,0.41919,0.426772,0.434113,0.44099,0.44723,0.452718,0.457401,0.461282,0.464406,0.46685,0.468708,0.470078,0.471052,0.471709,0.472112,0.472303,0.472303,0.472112,0.471709,0.471052,0.470078,0.468708,0.46685,0.464406,0.461282,0.457401,0.452718,0.44723,0.44099,0.434113,0.426772,0.41919,0.411624,0.40434,0.397592,0.391594,0.3865,0.382398,0.379297,0.377137,0.375802,0.375133,0.37495,0.375071,0.375326,0.375579,0.375731,0.375731
0.37516,0.37516,0.375117,0.375071,0.375098,0.375306,0.375828,0.376807,0.378387,0.380697,0.383835,0.387853,0.39275,0.398462,0.404863,0.411775,0.418982,0.426248,0.433337,0.44004,0.446182,0.451644,0.456356,0.460306,0.463521,0.466065,0.468019,0.469475,0.470519,0.471229,0.471667,0.471875,0.471875,0.471667,0.471229,0.470519,0.469475,0.468019,0.466065,0.463521,0.460306,0.456356,0.451644,0.446182,0.44004,0.433337,0.426248,0.418982,0.411775,0.404863,0.398462,0.39275,0.387853,0.383835,0.380697,0.378387,0.376807,0.375828,0.375306,0.375098,0.375071,0.375117,0.37516,0.37516
0.374671,0.374671,0.374755,0.37495,0.375306,0.375895,0.376806,0.378138,0.379991,0.382459,0.385617,0.389512,0.39415,0.399493,0.405454,0.411899,0.418655,0.425522,0.432295,0.438777,0.444796,0.450222,0.454971,0.459008,0.46234,0.465012,0.467091,0.468657,0.469792,0.470572,0.471055,0.471286,0.471286,0.471055,0.470572,0.469792,0.468657,0.467091,0.465012,0.46234,0.459008,0.454971,0.450222,0.444796,0.438777,0.432295,0.425522,0.418655,0.411899,0.405454,0.399493,0.39415,0.389512,0.385617,0.382459,0.379991,0.378138,0.376806,0.375895,0.375306,0.37495,0.374755,0.374671,0.374671
0.374473,0.374473,0.374689,0.375133,0.375828,0.376806,0.378111,0.379793,0.381907,0.38451,0.387651,0.391372,0.39569,0.400595,0.406041,0.411942,0.418173,0.424578,0.430982,0.437204,0.443078,0.44846,0.453251,0.457389,0.460859,0.463683,0.465911,0.467611,0.468857,0.469721,0.470261,0.470519,0.470519,0.470261,0.469721,0.468857,0.467611,0.465911,0.463683,0.460859,0.457389,0.453251,0.44846,0.443078,0.437204,0.430982,0.424578,0.418173,0.411942,0.406041,0.400595,0.39569,0.391372,0.387651,0.38451,0.381907,0.379793,0.378111,0.376806,0.375828,0.375133,0.374689,0.374473,0.374473
0.37479,0.37479,0.375128,0.375802,0.376807,0.378138,0.379793,0.381776,0.384098,0.386777,0.389844,0.393331,0.397269,0.401676,0.406548,0.411847,0.417501,0.423397,0.429392,0.435326,0.441034,0.446366,0.451198,0.455448,0.459072,0.462068,0.464466,0.46632,0.467694,0.468655,0.469261,0.469552,0.469552,0.469261,0.468655,0.467694,0.46632,0.464466,0.462068,0.459072,0.455448,0.451198,0.446366,0.441034,0.435326,0.429392,0.423397,0.417501,0.411847,0.406548,0.401676,0.397269,0.393331,0.389844,0.386777,0.384098,0.381776,0.379793,0.378138,0.376807,0.375802,0.375128,0.37479,0.37479
0.375843,0.375843,0.376279,0.377137,0.378387,0.379991,0.381907,0.384098,0.386533,0.389203,0.392116,0.395301,0.398799,0.402658,0.406911,0.411571,0.416613,0.421967,0.427526,0.433149,0.438675,0.443945,0.448818,0.453184,0.456972,0.460154,0.462738,0.464762,0.466279,0.46735,0.46803,0.468358,0.468358,0.46803,0.46735,0.466279,0.464762,0.462738,0.460154,0.456972,0.453184,0.448818,0.443945,0.438675,0.433149,0.427526,0.421967,0.416613,0.411571,0.406911,0.402658,0.398799,0.395301,0.392116,0.389203,0.386533,0.384098,0.381907,0.379991,0.378387,0.377137,0.376279,0.375843,0.375843
0.377823,0.377823,0.378323,0.379297,0.380697,0.382459,0.38451,0.386777,0.389203,0.391751,0.394415,0.397221,0.400223,0.40349,0.407094,0.41109,0.415498,0.420291,0.425395,0.430688,0.436016,0.441213,0.446119,0.450598,0.454554,0.457929,0.460711,0.462916,0.464589,0.465779,0.46654,0.466909,0.466909,0.46654,0.465779,0.464589,0.462916,0.460711,0.457929,0.454554,0.450598,0.446119,0.441213,0.436016,0.430688,0.425395,0.420291,0.415498,0.41109,0.407094,0.40349,0.400223,0.397221,0.394415,0.391751,0.389203,0.386777,0.38451,0.382459,0.380697,0.379297,0.378323,0.377823,0.377823
0.380869,0.380869,0.381389,0.382398,0.383835,0.385617,0.387651,0.389844,0.392116,0.394415,0.396726,0.399073,0.401521,0.404159,0.407092,0.41041,0.414173,0.418394,0.423028,0.427973,0.433085,0.438191,0.443116,0.447701,0.45182,0.45539,0.458372,0.460767,0.462601,0.463919,0.464766,0.46518,0.46518,0.464766,0.463919,0.462601,0.460767,0.458372,0.45539,0.45182,0.447701,0.443116,0.438191,0.433085,0.427973,0.423028,0.418394,0.414173,0.41041,0.407092,0.404159,0.401521,0.399073,0.396726,0.394415,0.392116,0.389844,0.387651,0.385617,0.383835,0.382398,0.381389,0.380869,0.380869
0.385047,0.385047,0.385543,0.3865,0.387853,0.389512,0.391372,0.393331,0.395301,0.397221,0.399073,0.400883,0.402724,0.404703,0.406947,0.409579,0.412691,0.41633,0.42048,0.42506,0.429933,0.434925,0.439847,0.444518,0.448787,0.452544,0.455725,0.45831,0.46031,0.461759,0.462696,0.463155,0.463155,0.462696,0.461759,0.46031,0.45831,0.455725,0.452544,0.448787,0.444518,0.439847,0.434925,0.429933,0.42506,0.42048,0.41633,0.412691,0.409579,0.406947,0.404703,0.402724,0.400883,0.399073,0.397221,0.395301,0.393331,0.391372,0.389512,0.387853,0.3865,0.385543,0.385047,0.385047
0.390338,0.390338,0.390768,0.391594,0.39275,0.39415,0.39569,0.397269,0.398799,0.400223,0.401521,0.402724,0.403913,0.405207,0.40675,0.408689,0.411146,0.414194,0.417844,0.422034,0.42664,0.431486,0.436374,0.441105,0.445501,0.449429,0.452798,0.455566,0.45773,0.45931,0.460338,0.460843,0.460843,0.460338,0.45931,0.45773,0.455566,0.452798,0.449429,0.445501,0.441105,0.436374,0.431486,0.42664,0.422034,0.417844,0.414194,0.411146,0.408689,0.40675,0.405207,0.403913,0.402724,0.401521,0.400223,0.398799,0.397269,0.39569,0.39415,0.39275,0.391594,0.390768,0.390338,0.390338
0.396634,0.396634,0.396963,0.397592,0.398462,0.399493,0.400595,0.401676,0.402658,0.40349,0.404159,0.404703,0.405207,0.405798,0.406633,0.407877,0.409673,0.412118,0.415248,0.41902,0.423323,0.427985,0.432799,0.437551,0.442043,0.446115,0.449653,0.452592,0.454912,0.456618,0.457734,0.458285,0.458285,0.457734,0.456618,0.454912,0.452592,0.449653,0.446115,0.442043,0.437551,0.432799,0.427985,0.423323,0.41902,0.415248,0.412118,0.409673,0.407877,0.406633,0.405798,0.405207,0.404703,0.404159,0.40349,0.402658,0.401676,0.400595,0.399493,0.398462,0.397592,0.396963,0.396634,0.396634
0.403745,0.403745,0.403952,0.40434,0.404863,0.405454,0.406041,0.406548,0.406911,0.407094,0.407092,0.406947,0.40675,0.406633,0.406762,0.407311,0.408442,0.410272,0.412859,0.416181,0.42014,0.42457,0.429262,0.43399,0.438537,0.442719,0.446399,0.449489,0.45195,0.453774,0.454973,0.455567,0.455567,0.454973,0.453774,0.45195,0.449489,0.446399,0.442719,0.438537,0.43399,0.429262,0.42457,0.42014,0.416181,0.412859,0.410272,0.408442,0.407311,0.406762,0.406633,0.40675,0.406947,0.407092,0.407094,0.406911,0.406548,0.406041,0.405454,0.404863,0.40434,0.403952,0.403745,0.403745
0.411419,0.411419,0.411494,0.411624,0.411775,0.411899,0.411942,0.411847,0.411571,0.41109,0.41041,0.409579,0.408689,0.407877,0.407311,0.407175,0.407641,0.408847,0.41087,0.413708,0.41728,0.421429,0.425947,0.430599,0.435153,0.439404,0.443191,0.446407,0.448989,0.450917,0.452192,0.452825,0.452825,0.452192,0.450917,0.448989,0.446407,0.443191,0.439404,0.435153,0.430599,0.425947,0.421429,0.41728,0.413708,0.41087,0.408847,0.407641,0.407175,0.407311,0.407877,0.408689,0.409579,0.41041,0.41109,0.411571,0.411847,0.411942,0.411899,0.411775,0.411624,0.411494,0.411419,0.411419
0.419364,0.419364,0.41931,0.41919,0.418982,0.418655,0.418173,0.417501,0.416613,0.415498,0.414173,0.412691,0.411146,0.409673,0.408442,0.407641,0.407454,0.408035,0.409478,0.411805,0.414949,0.41877,0.423062,0.427586,0.432097,0.436372,0.440229,0.443538,0.44622,0.448235,0.449574,0.450241,0.450241,0.449574,0.448235,0.44622,0.443538,0.440229,0.436372,0.432097,0.427586,0.423062,0.41877,0.414949,0.411805,0.409478,0.408035,0.407454,0.407641,0.408442,0.409673,0.411146,0.412691,0.414173,0.415498,0.416613,0.417501,0.418173,0.418655,0.418982,0.41919,0.41931,0.419364,0.419364
0.427279,0.427279,0.427112,0.426772,0.426248,0.425522,0.424578,0.423397,0.421967,0.420291,0.418394,0.41633,0.414194,0.412118,0.410272,0.408847,0.408035,0.408002,0.408864,0.410662,0.413351,0.416803,0.420823,0.42517,0.42959,0.433844,0.437733,0.441104,0.443859,0.445944,0.447336,0.448032,0.448032,0.447336,0.445944,0.443859,0.441104,0.437733,0.433844,0.42959,0.42517,0.420823,0.416803,0.413351,0.410662,0.408864,0.408002,0.408035,0.408847,0.410272,0.412118,0.414194,0.41633,0.418394,0.420291,0.421967,0.423397,0.424578,0.425522,0.426248,0.426772,0.427112,0.427279,0.427279
0.434884,0.434884,0.434628,0.434113,0.433337,0.432295,0.430982,0.429392,0.427526,0.425395,0.423028,0.42048,0.417844,0.415248,0.412859,0.41087,0.409478,0.408864,0.40916,0.41043,0.412649,0.415709,0.419423,0.423554,0.427842,0.432038,0.435923,0.439326,0.442132,0.444268,0.445702,0.44642,0.44642,0.445702,0.444268,0.442132,0.439326,0.435923,0.432038,0.427842,0.423554,0.419423,0.415709,0.412649,0.41043,0.40916,0.408864,0.409478,0.41087,0.412859,0.415248,0.417844,0.42048,0.423028,0.425395,0.427526,0.429392,0.430982,0.432295,0.433337,0.434113,0.434628,0.434884,0.434884
0.441944,0.441944,0.441626,0.44099,0.44004,0.438777,0.437204,0.435326,0.433149,0.430688,0.427973,0.42506,0.422034,0.41902,0.416181,0.413708,0.411805,0.410662,0.41043,0.411193,0.41295,0.41561,0.419002,0.422893,0.427023,0.431131,0.434984,0.438396,0.441231,0.443405,0.44487,0.445606,0.445606,0.44487,0.443405,0.441231,0.438396,0.434984,0.431131,0.427023,0.422893,0.419002,0.41561,0.41295,0.411193,0.41043,0.410662,0.411805,0.413708,0.416181,0.41902,0.422034,0.42506,0.427973,0.430688,0.433149,0.435326,0.437204,0.438777,0.44004,0.44099,0.441626,0.441944,0.441944
0.448285,0.448285,0.447932,0.44723,0.446182,0.444796,0.443078,0.441034,0.438675,0.436016,0.433085,0.429933,0.42664,0.423323,0.42014,0.41728,0.414949,0.413351,0.412649,0.41295,0.414274,0.41655,0.419623,0.42327,0.427228,0.431232,0.435037,0.43844,0.441292,0.443491,0.444981,0.445731,0.445731,0.444981,0.443491,0.441292,0.43844,0.435037,0.431232,0.427228,0.42327,0.419623,0.41655,0.414274,0.41295,0.412649,0.413351,0.414949,0.41728,0.42014,0.423323,0.42664,0.429933,0.433085,0.436016,0.438675,0.441034,0.443078,0.444796,0.446182,0.44723,0.447932,0.448285,0.448285
0.453801,0.453801,0.453439,0.452718,0.451644,0.450222,0.44846,0.446366,0.443945,0.441213,0.438191,0.434925,0.431486,0.427985,0.42457,0.421429,0.41877,0.416803,0.415709,0.41561,0.41655,0.418479,0.421257,0.424671,0.428463,0.432361,0.436113,0.439501,0.442361,0.444581,0.44609,0.446852,0.446852,0.44609,0.444581,0.442361,0.439501,0.436113,0.432361,0.428463,0.424671,0.421257,0.418479,0.41655,0.41561,0.415709,0.416803,0.41877,0.421429,0.42457,0.427985,0.431486,0.434925,0.438191,0.441213,0.443945,0.446366,0.44846,0.450222,0.451644,0.452718,0.453439,0.453801,0.453801
0.458453,0.458453,0.458102,0.457401,0.456356,0.454971,0.453251,0.451198,0.448818,0.446119,0.443116,0.439847,0.436374,0.432799,0.429262,0.425947,0.423062,0.420823,0.419423,0.419002,0.419623,0.421257,0.423779,0.42699,0.430634,0.434439,0.438143,0.441518,0.444389,0.446628,0.448156,0.44893,0.44893,0.448156,0.446628,0.444389,0.441518,0.438143,0.434439,0.430634,0.42699,0.423779,0.421257,0.419623,0.419002,0.419423,0.420823,0.423062,0.425947,0.429262,0.432799,0.436374,0.439847,0.443116,0.446119,0.448818,0.451198,0.453251,0.454971,0.456356,0.457401,0.458102,0.458453,0.458453
0.462262,0.462262,0.461935,0.461282,0.460306,0.459008,0.457389,0.455448,0.453184,0.450598,0.447701,0.444518,0.441105,0.437551,0.43399,0.430599,0.427586,0.42517,0.423554,0.422893,0.42327,0.424671,0.42699,0.430037,0.433564,0.437297,0.440968,0.44434,0.447226,0.449488,0.451038,0.451824,0.451824,0.451038,0.449488,0.447226,0.44434,0.440968,0.437297,0.433564,0.430037,0.42699,0.424671,0.42327,0.422893,0.423554,0.42517,0.427586,0.430599,0.43399,0.437551,0.441105,0.444518,0.447701,0.450598,0.453184,0.455448,0.457389,0.459008,0.460306,0.461282,0.461935,0.462262,0.462262
0.465291,0.465291,0.464996,0.464406,0.463521,0.46234,0.460859,0.459072,0.456972,0.454554,0.45182,0.448787,0.445501,0.442043,0.438537,0.435153,0.432097,0.42959,0.427842,0.427023,0.427228,0.428463,0.430634,0.433564,0.437009,0.440698,0.444356,0.44774,0.450651,0.452943,0.454517,0.455317,0.455317,0.454517,0.452943,0.450651,0.44774,0.444356,0.440698,0.437009,0.433564,0.430634,0.428463,0.427228,0.427023,0.427842,0.42959,0.432097,0.435153,0.438537,0.442043,0.445501,0.448787,0.45182,0.454554,0.456972,0.459072,0.460859,0.46234,0.463521,0.464406,0.464996,0.465291,0.465291
0.467632,0.467632,0.467371,0.46685,0.466065,0.465012,0.463683,0.462068,0.460154,0.457929,0.45539,0.452544,0.449429,0.446115,0.442719,0.439404,0.436372,0.433844,0.432038,0.431131,0.431232,0.432361,0.434439,0.437297,0.440698,0.44437,0.448037,0.451447,0.454393,0.45672,0.458323,0.459138,0.459138,0.458323,0.45672,0.454393,0.451447,0.448037,0.44437,0.440698,0.437297,0.434439,0.432361,0.431232,0.431131,0.432038,0.433844,0.436372,0.439404,0.442719,0.446115,0.449429,0.452544,0.45539,0.457929,0.460154,0.462068,0.463683,0.465012,0.466065,0.46685,0.467371,0.467632,0.467632
0.46939,0.46939,0.469163,0.468708,0.468019,0.467091,0.465911,0.464466,0.462738,0.460711,0.458372,0.455725,0.452798,0.449653,0.446399,0.443191,0.440229,0.437733,0.435923,0.434984,0.435037,0.436113,0.438143,0.440968,0.444356,0.448037,0.45173,0.455178,0.458168,0.460536,0.46217,0.463003,0.463003,0.46217,0.460536,0.458168,0.455178,0.45173,0.448037,0.444356,0.440968,0.438143,0.436113,0.435037,0.434984,0.435923,0.437733,0.440229,0.443191,0.446399,0.449653,0.452798,0.455725,0.458372,0.460711,0.462738,0.464466,0.465911,0.467091,0.468019,0.468708,0.469163,0.46939,0.46939
0.470672,0.470672,0.470475,0.470078,0.469475,0.468657,0.467611,0.46632,0.464762,0.462916,0.460767,0.45831,0.455566,0.452592,0.449489,0.446407,0.443538,0.441104,0.439326,0.438396,0.43844,0.439501,0.441518,0.44434,0.44774,0.451447,0.455178,0.458673,0.461711,0.464122,0.465789,0.466638,0.466638,0.465789,0.464122,0.461711,0.458673,0.455178,0.451447,0.44774,0.44434,0.441518,0.439501,0.43844,0.438396,0.439326,0.441104,0.443538,0.446407,0.449489,0.452592,0.455566,0.45831,0.460767,0.462916,0.464762,0.46632,0.467611,0.468657,0.469475,0.470078,0.470475,0.470672,0.470672
0.471575,0.471575,0.471402,0.471052,0.470519,0.469792,0.468857,0.467694,0.466279,0.464589,0.462601,0.46031,0.45773,0.454912,0.45195,0.448989,0.44622,0.443859,0.442132,0.441231,0.441292,0.442361,0.444389,0.447226,0.450651,0.454393,0.458168,0.461711,0.464796,0.467248,0.468945,0.469811,0.469811,0.468945,0.467248,0.464796,0.461711,0.458168,0.454393,0.450651,0.447226,0.444389,0.442361,0.441292,0.441231,0.442132,0.443859,0.44622,0.448989,0.45195,0.454912,0.45773,0.46031,0.462601,0.464589,0.466279,0.467694,0.468857,0.469792,0.470519,0.471052,0.471402,0.471575,0.471575
0.472179,0.472179,0.472024,0.471709,0.471229,0.470572,0.469721,0.468655,0.46735,0.465779,0.463919,0.461759,0.45931,0.456618,0.453774,0.450917,0.448235,0.445944,0.444268,0.443405,0.443491,0.444581,0.446628,0.449488,0.452943,0.45672,0.460536,0.464122,0.467248,0.469736,0.471458,0.472338,0.472338,0.471458,0.469736,0.467248,0.464122,0.460536,0.45672,0.452943,0.449488,0.446628,0.444581,0.443491,0.443405,0.444268,0.445944,0.448235,0.450917,0.453774,0.456618,0.45931,0.461759,0.463919,0.465779,0.46735,0.468655,0.469721,0.470572,0.471229,0.471709,0.472024,0.472179,0.472179
0.472547,0.472547,0.472403,0.472112,0.471667,0.471055,0.470261,0.469261,0.46803,0.46654,0.464766,0.462696,0.460338,0.457734,0.454973,0.452192,0.449574,0.447336,0.445702,0.44487,0.444981,0.44609,0.448156,0.451038,0.454517,0.458323,0.46217,0.465789,0.468945,0.471458,0.4732,0.474089,0.474089,0.4732,0.471458,0.468945,0.465789,0.46217,0.458323,0.454517,0.451038,0.448156,0.44609,0.444981,0.44487,0.445702,0.447336,0.449574,0.452192,0.454973,0.457734,0.460338,0.462696,0.464766,0.46654,0.46803,0.469261,0.470261,0.471055,0.471667,0.472112,0.472403,0.472547,0.472547
0.47272,0.47272,0.472582,0.472303,0.471875,0.471286,0.470519,0.469552,0.468358,0.466909,0.46518,0.463155,0.460843,0.458285,0.455567,0.452825,0.450241,0.448032,0.44642,0.445606,0.445731,0.446852,0.44893,0.451824,0.455317,0.459138,0.463003,0.466638,0.469811,0.472338,0.474089,0.474984,0.474984,0.474089,0.472338,0.469811,0.466638,0.463003,0.459138,0.455317,0.451824,0.44893,0.446852,0.445731,0.445606,0.44642,0.448032,0.450241,0.452825,0.455567,0.458285,0.460843,0.463155,0.46518,0.466909,0.468358,0.469552,0.470519,0.471286,0.471875,0.472303,0.472582,0.47272,0.47272
0.47272,0.47272,0.472582,0.472303,0.471875,0.471286,0.470519,0.469552,0.468358,0.466909,0.46518,0.463155,0.460843,0.458285,0.455567,0.452825,0.450241,0.448032,0.44642,0.445606,0.445731,0.446852,0.44893,0.451824,0.455317,0.459138,0.463003,0.466638,0.469811,0.472338,0.474089,0.474984,0.474984,0.474089,0.472338,0.469811,0.466638,0.463003,0.459138,0.455317,0.451824,0.44893,0.446852,0.445731,0.445606,0.44642,0.448032,0.450241,0.452825,0.455567,0.458285,0.460843,0.463155,0.46518,0.466909,0.468358,0.469552,0.470519,0.471286,0.471875,0.472303,0.472582,0.47272,0.47272
0.472547,0.472547,0.472403,0.472112,0.471667,0.471055,0.470261,0.469261,0.46803,0.46654,0.464766,0.462696,0.460338,0.457734,0.454973,0.452192,0.449574,0.447336,0.445702,0.44487,0.444981,0.44609,0.448156,0.451038,0.454517,0.458323,0.46217,0.465789,0.468945,0.471458,0.4732,0.474089,0.474089,0.4732,0.471458,0.468945,0.465789,0.46217,0.458323,0.454517,0.451038,0.448156,0.44609,0.444981,0.44487,0.445702,0.447336,0.449574,0.452192,0.454973,0.457734,0.460338,0.462696,0.464766,0.46654,0.46803,0.469261,0.470261,0.471055,0.471667,0.472112,0.472403,0.472547,0.472547
0.472179,0.472179,0.472024,0.471709,0.471229,0.470572,0.469721,0.468655,0.46735,0.465779,0.463919,0.461759,0.45931,0.456618,0.453774,0.450917,0.448235,0.445944,0.444268,0.443405,0.443491,0.444581,0.446628,0.449488,0.452943,0.45672,0.460536,0.464122,0.467248,0.469736,0.471458,0.472338,0.472338,0.471458,0.469736,0.467248,0.464122,0.460536,0.45672,0.452943,0.449488,0.446628,0.444581,0.443491,0.443405,0.444268,0.445944,0.448235,0.450917,0.453774,0.456618,0.45931,0.461759,0.463919,0.465779,0.46735,0.468655,0.469721,0.470572,0.471229,0.471709,0.472024,0.472179,0.472179
0.471575,0.471575,0.471402,0.471052,0.470519,0.469792,0.468857,0.467694,0.466279,0.464589,0.462601,0.46031,0.45773,0.454912,0.45195,0.448989,0.44622,0.443859,0.442132,0.441231,0.441292,0.442361,0.444389,0.447226,0.450651,0.454393,0.458168,0.461711,0.464796,0.467248,0.468945,0.469811,0.469811,0.468945,0.467248,0.464796,0.461711,0.458168,0.454393,0.450651,0.447226,0.444389,0.442361,0.441292,0.441231,0.442132,0.443859,0.44622,0.448989,0.45195,0.454912,0.45773,0.46031,0.462601,0.464589,0.466279,0.467694,0.468857,0.469792,0.470519,0.471052,0.471402,0.471575,0.471575
0.470672,0.470672,0.470475,0.470078,0.469475,0.468657,0.467611,0.46632,0.464762,0.462916,0.460767,0.45831,0.455566,0.452592,0.449489,0.446407,0.443538,0.441104,0.439326,0.438396,0.43844,0.439501,0.441518,0.44434,0.44774,0.451447,0.455178,0.458673,0.461711,0.464122,0.465789,0.466638,0.466638,0.465789,0.464122,0.461711,0.458673,0.455178,0.451447,0.44774,0.44434,0.441518,0.439501,0.43844,0.438396,0.439326,0.441104,0.443538,0.446407,0.449489,0.452592,0.455566,0.45831,0.460767,0.462916,0.464762,0.46632,0.467611,0.468657,0.469475,0.470078,0.470475,0.470672,0.470672
0.46939,0.46939,0.469163,0.468708,0.468019,0.467091,0.465911,0.464466,0.462738,0.460711,0.458372,0.455725,0.452798,0.449653,0.446399,0.443191,0.440229,0.437733,0.435923,0.434984,0.435037,0.436113,0.438143,0.440968,0.444356,0.448037,0.45173,0.455178,0.458168,0.460536,0.46217,0.463003,0.463003,0.46217,0.460536,0.458168,0.455178,0.45173,0.448037,0.444356,0.440968,0.438143,0.436113,0.435037,0.434984,0.435923,0.437733,0.440229,0.443191,0.446399,0.449653,0.452798,0.455725,0.458372,0.460711,0.462738,0.464466,0.465911,0.467091,0.468019,0.468708,0.469163,0.46939,0.46939
0.467632,0.467632,0.467371,0.46685,0.466065,0.465012,0.463683,0.462068,0.460154,0.457929,0.45539,0.452544,0.449429,0.446115,0.442719,0.439404,0.436372,0.433844,0.432038,0.431131,0.431232,0.432361,0.434439,0.437297,0.440698,0.44437,0.448037,0.451447,0.454393,0.45672,0.458323,0.459138,0.459138,0.458323,0.45672,0.454393,0.451447,0.448037,0.44437,0.440698,0.437297,0.434439,0.432361,0.431232,0.431131,0.432038,0.433844,0.436372,0.439404,0.442719,0.446115,0.449429,0.452544,0.45539,0.457929,0.460154,0.462068,0.463683,0.465012,0.466065,0.46685,0.467371,0.467632,0.467632
0.465291,0.465291,0.464996,0.464406,0.463521,0.46234,0.460859,0.459072,0.456972,0.454554,0.45182,0.448787,0.445501,0.442043,0.438537,0.435153,0.432097,0.42959,0.427842,0.427023,0.427228,0.428463,0.430634,0.433564,0.437009,0.440698,0.444356,0.44774,0.450651,0.452943,0.454517,0.455317,0.455317,0.454517,0.452943,0.450651,0.44774,0.444356,0.440698,0.437009,0.433564,0.430634,0.428463,0.427228,0.427023,0.427842,0.42959,0.432097,0.435153,0.438537,0.442043,0.445501,0.448787,0.45182,0.454554,0.456972,0.459072,0.460859,0.46234,0.463521,0.464406,0.464996,0.465291,0.465291
0.462262,0.462262,0.461935,0.461282,0.460306,0.459008,0.457389,0.455448,0.453184,0.450598,0.447701,0.444518,0.441105,0.437551,0.43399,0.430599,0.427586,0.42517,0.423554,0.422893,0.42327,0.424671,0.42699,0.430037,0.433564,0.437297,0.440968,0.44434,0.447226,0.449488,0.451038,0.451824,0.451824,0.451038,0.449488,0.447226,0.44434,0.440968,0.437297,0.433564,0.430037,0.42699,0.424671,0.42327,0.422893,0.423554,0.42517,0.427586,0.430599,0.43399,0.437551,0.441105,0.444518,0.447701,0.450598,0.453184,0.455448,0.457389,0.459008,0.460306,0.461282,0.461935,0.462262,0.462262
0.458453,0.458453,0.458102,0.457401,0.456356,0.454971,0.453251,0.451198,0.448818,0.446119,0.443116,0.439847,0.436374,0.432799,0.429262,0.425947,0.423062,0.420823,0.419423,0.419002,0.419623,0.421257,0.423779,0.42699,0.430634,0.434439,0.438143,0.441518,0.444389,0.446628,0.448156,0.44893,0.44893,0.448156,0.446628,0.444389,0.441518,0.438143,0.434439,0.430634,0.42699,0.423779,0.421257,0.419623,0.419002,0.419423,0.420823,0.423062,0.425947,0.429262,0.432799,0.436374,0.439847,0.443116,0.446119,0.448818,0.451198,0.453251,0.454971,0.456356,0.457401,0.458102,0.458453,0.458453
0.453801,0.453801,0.453439,0.452718,0.451644,0.450222,0.44846,0.446366,0.443945,0.441213,0.438191,0.434925,0.431486,0.427985,0.42457,0.421429,0.41877,0.416803,0.415709,0.41561,0.41655,0.418479,0.421257,0.424671,0.428463,0.432361,0.436113,0.439501,0.442361,0.444581,0.44609,0.446852,0.446852,0.44609,0.444581,0.442361,0.439501,0.436113,0.432361,0.428463,0.424671,0.421257,0.418479,0.41655,0.41561,0.415709,0.416803,0.41877,0.421429,0.42457,0.427985,0.431486,0.434925,0.438191,0.441213,0.443945,0.446366,0.44846,0.450222,0.451644,0.452718,0.453439,0.453801,0.453801
0.448285,0.448285,0.447932,0.44723,0.446182,0.444796,0.443078,0.441034,0.438675,0.436016,0.433085,0.429933,0.42664,0.423323,0.42014,0.41728,0.414949,0.413351,0.412649,0.41295,0.414274,0.41655,0.419623,0.42327,0.427228,0.431232,0.435037,0.43844,0.441292,0.443491,0.444981,0.445731,0.445731,0.444981,0.443491,0.441292,0.43844,0.435037,0.431232,0.427228,0.42327,0.419623,0.41655,0.414274,0.41295,0.412649,0.413351,0.414949,0.41728,0.42014,0.423323,0.42664,0.429933,0.433085,0.436016,0.438675,0.441034,0.443078,0.444796,0.446182,0.44723,0.447932,0.448285,0.448285
0.441944,0.441944,0.441626,0.44099,0.44004,0.438777,0.437204,0.435326,0.433149,0.430688,0.427973,0.42506,0.422034,0.41902,0.416181,0.413708,0.411805,0.410662,0.41043,0.411193,0.41295,0.41561,0.419002,0.422893,0.427023,0.431131,0.434984,0.438396,0.441231,0.443405,0.44487,0.445606,0.445606,0.44487,0.443405,0.441231,0.438396,0.434984,0.431131,0.427023,0.422893,0.419002,0.41561,0.41295,0.411193,0.41043,0.410662,0.411805,0.413708,0.416181,0.41902,0.422034,0.42506,0.427973,0.430688,0.433149,0.435326,0.437204,0.438777,0.44004,0.44099,0.441626,0.441944,0.441944
0.434884,0.434884,0.434628,0.434113,0.433337,0.432295,0.430982,0.429392,0.427526,0.425395,0.423028,0.42048,0.417844,0.415248,0.412859,0.41087,0.409478,0.408864,0.40916,0.41043,0.412649,0.415709,0.419423,0.423554,0.427842,0.432038,0.435923,0.439326,0.442132,0.444268,0.445702,0.44642,0.44642,0.445702,0.444268,0.442132,0.439326,0.435923,0.432038,0.427842,0.423554,0.419423,0.415709,0.412649,0.41043,0.40916,0.408864,0.409478,0.41087,0.412859,0.415248,0.417844,0.42048,0.423028,0.425395,0.427526,0.429392,0.430982,0.432295,0.433337,0.434113,0.434628,0.434884,0.434884
0.427279,0.427279,0.427112,0.426772,0.426248,0.425522,0.424578,0.423397,0.421967,0.420291,0.418394,0.41633,0.414194,0.412118,0.410272,0.408847,0.408035,0.408002,0.408864,0.410662,0.413351,0.416803,0.420823,0.42517,0.42959,0.433844,0.437733,0.441104,0.443859,0.445944,0.447336,0.448032,0.448032,0.447336,0.445944,0.443859,0.441104,0.437733,0.433844,0.42959,0.42517,0.420823,0.416803,0.413351,0.410662,0.408864,0.408002,0.408035,0.408847,0.410272,0.412118,0.414194,0.41633,0.418394,0.420291,0.421967,0.423397,0.424578,0.425522,0.426248,0.426772,0.427112,0.427279,0.427279
0.419364,0.419364,0.41931,0.41919,0.418982,0.418655,0.418173,0.417501,0.416613,0.415498,0.414173,0.412691,0.411146,0.409673,0.408442,0.407641,0.407454,0.408035,0.409478,0.411805,0.414949,0.41877,0.423062,0.427586,0.432097,0.436372,0.440229,0.443538,0.44622,0.448235,0.449574,0.450241,0.450241,0.449574,0.448235,0.44622,0.443538,0.440229,0.436372,0.432097,0.427586,0.423062,0.41877,0.414949,0.411805,0.409478,0.408035,0.407454,0.407641,0.408442,0.409673,0.411146,0.412691,0.414173,0.415498,0.416613,0.417501,0.418173,0.418655,0.418982,0.41919,0.41931,0.419364,0.419364
0.411419,0.411419,0.411494,0.411624,0.411775,0.411899,0.411942,0.411847,0.411571,0.41109,0.41041,0.409579,0.408689,0.407877,0.407311,0.407175,0.407641,0.408847,0.41087,0.413708,0.41728,0.421429,0.425947,0.430599,0.435153,0.439404,0.443191,0.446407,0.448989,0.450917,0.452192,0.452825,0.452825,0.452192,0.450917,0.448989,0.446407,0.443191,0.439404,0.435153,0.430599,0.425947,0.421429,0.41728,0.413708,0.41087,0.408847,0.407641,0.407175,0.407311,0.407877,0.408689,0.409579,0.41041,0.41109,0.411571,0.411847,0.411942,0.411899,0.411775,0.411624,0.411494,0.411419,0.411419
0.403745,0.403745,0.403952,0.40434,0.404863,0.405454,0.406041,0.406548,0.406911,0.407094,0.407092,0.406947,0.40675,0.406633,0.406762,0.407311,0.408442,0.410272,0.412859,0.416181,0.42014,0.42457,0.429262,0.43399,0.438537,0.442719,0.446399,0.449489,0.45195,0.453774,0.454973,0.455567,0.455567,0.454973,0.453774,0.45195,0.449489,0.446399,0.442719,0.438537,0.43399,0.429262,0.42457,0.42014,0.416181,0.412859,0.410272,0.408442,0.407311,0.406762,0.406633,0.40675,0.406947,0.407092,0.407094,0.406911,0.406548,0.406041,0.405454,0.404863,0.40434,0.403952,0.403745,0.403745
0.396634,0.396634,0.396963,0.397592,0.398462,0.399493,0.400595,0.401676,0.402658,0.40349,0.404159,0.404703,0.405207,0.405798,0.406633,0.407877,0.409673,0.412118,0.415248,0.41902,0.423323,0.427985,0.432799,0.437551,0.442043,0.446115,0.449653,0.452592,0.454912,0.456618,0.457734,0.458285,0.458285,0.457734,0.456618,0.454912,0.452592,0.449653,0.446115,0.442043,0.437551,0.432799,0.427985,0.423323,0.41902,0.415248,0.412118,0.409673,0.407877,0.406633,0.405798,0.405207,0.404703,0.404159,0.40349,0.402658,0.401676,0.400595,0.399493,0.398462,0.397592,0.396963,0.396634,0.396634
0.390338,0.390338,0.390768,0.391594,0.39275,0.39415,0.39569,0.397269,0.398799,0.400223,0.401521,0.402724,0.403913,0.405207,0.40675,0.408689,0.411146,0.414194,0.417844,0.422034,0.42664,0.431486,0.436374,0.441105,0.445501,0.449429,0.452798,0.455566,0.45773,0.45931,0.460338,0.460843,0.460843,0.460338,0.45931,0.45773,0.455566,0.452798,0.449429,0.445501,0.441105,0.436374,0.431486,0.42664,0.422034,0.417844,0.414194,0.411146,0.408689,0.40675,0.405207,0.403913,0.402724,0.401521,0.400223,0.398799,0.397269,0.39569,0.39415,0.39275,0.391594,0.390768,0.390338,0.390338
0.385047,0.385047,0.385543,0.3865,0.387853,0.389512,0.391372,0.393331,0.395301,0.397221,0.399073,0.400883,0.402724,0.404703,0.406947,0.409579,0.412691,0.41633,0.42048,0.42506,0.429933,0.434925,0.439847,0.444518,0.448787,0.452544,0.455725,0.45831,0.46031,0.461759,0.462696,0.463155,0.463155,0.462696,0.461759,0.46031,0.45831,0.455725,0.452544,0.448787,0.444518,0.439847,0.434925,0.429933,0.42506,0.42048,0.41633,0.412691,0.409579,0.406947,0.404703,0.402724,0.400883,0.399073,0.397221,0.395301,0.393331,0.391372,0.389512,0.387853,0.3865,0.385543,0.385047,0.385047
0.380869,0.380869,0.381389,0.382398,0.383835,0.385617,0.387651,0.389844,0.392116,0.394415,0.396726,0.399073,0.401521,0.404159,0.407092,0.41041,0.414173,0.418394,0.423028,0.427973,0.433085,0.438191,0.443116,0.447701,0.45182,0.45539,0.458372,0.460767,0.462601,0.463919,0.464766,0.46518,0.46518,0.464766,0.463919,0.462601,0.460767,0.458372,0.45539,0.45182,0.447701,0.443116,0.438191,0.433085,0.427973,0.423028,0.418394,0.414173,0.41041,0.407092,0.404159,0.401521,0.399073,0.396726,0.394415,0.392116,0.389844,0.387651,0.385617,0.383835,0.382398,0.381389,0.380869,0.380869
0.377823,0.377823,0.378323,0.379297,0.380697,0.382459,0.38451,0.386777,0.389203,0.391751,0.394415,0.397221,0.400223,0.40349,0.407094,0.41109,0.415498,0.420291,0.425395,0.430688,0.436016,0.441213,0.446119,0.450598,0.454554,0.457929,0.460711,0.462916,0.464589,0.465779,0.46654,0.466909,0.466909,0.46654,0.465779,0.464589,0.462916,0.460711,0.457929,0.454554,0.450598,0.446119,0.441213,0.436016,0.430688,0.425395,0.420291,0.415498,0.41109,0.407094,0.40349,0.400223,0.397221,0.394415,0.391751,0.389203,0.386777,0.38451,0.382459,0.380697,0.379297,0.378323,0.377823,0.377823
0.375843,0.375843,0.376279,0.377137,0.378387,0.379991,0.381907,0.384098,0.386533,0.389203,0.392116,0.395301,0.398799,0.402658,0.406911,0.411571,0.416613,0.421967,0.427526,0.433149,0.438675,0.443945,0.448818,0.453184,0.456972,0.460154,0.462738,0.464762,0.466279,0.46735,0.46803,0.468358,0.468358,0.46803,0.46735,0.466279,0.464762,0.462738,0.460154,0.456972,0.453184,0.448818,0.443945,0.438675,0.433149,0.427526,0.421967,0.416613,0.411571,0.406911,0.402658,0.398799,0.395301,0.392116,0.389203,0.386533,0.384098,0.381907,0.379991,0.378387,0.377137,0.376279,0.375843,0.375843
0.37479,0.37479,0.375128,0.375802,0.376807,0.378138,0.379793,0.381776,0.384098,0.386777,0.389844,0.393331,0.397269,0.401676,0.406548,0.411847,0.417501,0.423397,0.429392,0.435326,0.441034,0.446366,0.451198,0.455448,0.459072,0.462068,0.464466,0.46632,0.467694,0.468655,0.469261,0.469552,0.469552,0.469261,0.468655,0.467694,0.46632,0.464466,0.462068,0.459072,0.455448,0.451198,0.446366,0.441034,0.435326,0.429392,0.423397,0.417501,0.411847,0.406548,0.401676,0.397269,0.393331,0.389844,0.386777,0.384098,0.381776,0.379793,0.378138,0.376807,0.375802,0.375128,0.37479,0.37479
0.374473,0.374473,0.374689,0.375133,0.375828,0.376806,0.378111,0.379793,0.381907,0.38451,0.387651,0.391372,0.39569,0.400595,0.406041,0.411942,0.418173,0.424578,0.430982,0.437204,0.443078,0.44846,0.453251,0.457389,0.460859,0.463683,0.465911,0.467611,0.468857,0.469721,0.470261,0.470519,0.470519,0.470261,0.469721,0.468857,0.467611,0.465911,0.463683,0.460859,0.457389,0.453251,0.44846,0.443078,0.437204,0.430982,0.424578,0.418173,0.411942,0.406041,0.400595,0.39569,0.391372,0.387651,0.38451,0.381907,0.379793,0.378111,0.376806,0.375828,0.375133,0.374689,0.374473,0.374473
0.374671,0.374671,0.374755,0.37495,0.375306,0.375895,0.376806,0.378138,0.379991,0.382459,0.385617,0.389512,0.39415,0.399493,0.405454,0.411899,0.418655,0.425522,0.432295,0.438777,0.444796,0.450222,0.454971,0.459008,0.46234,0.465012,0.467091,0.468657,0.469792,0.470572,0.471055,0.471286,0.471286,0.471055,0.470572,0.469792,0.468657,0.467091,0.465012,0.46234,0.459008,0.454971,0.450222,0.444796,0.438777,0.432295,0.425522,0.418655,0.411899,0.405454,0.399493,0.39415,0.389512,0.385617,0.382459,0.379991,0.378138,0.376806,0.375895,0.375306,0.37495,0.374755,0.374671,0.374671
0.37516,0.37516,0.375117,0.375071,0.375098,0.375306,0.375828,0.376807,0.378387,0.380697,0.383835,0.387853,0.39275,0.398462,0.404863,0.411775,0.418982,0.426248,0.433337,0.44004,0.446182,0.451644,0.456356,0.460306,0.463521,0.466065,0.468019,0.469475,0.470519,0.471229,0.471667,0.471875,0.471875,0.471667,0.471229,0.470519,0.469475,0.468019,0.466065,0.463521,0.460306,0.456356,0.451644,0.446182,0.44004,0.433337,0.426248,0.418982,0.411775,0.404863,0.398462,0.39275,0.387853,0.383835,0.380697,0.378387,0.376807,0.375828,0.375306,0.375098,0.375071,0.375117,0.37516,0.37516
0.375731,0.375731,0.375579,0.375326,0.375071,0.37495,0.375133,0.375802,0.377137,0.379297,0.382398,0.3865,0.391594,0.397592,0.40434,0.411624,0.41919,0.426772,0.434113,0.44099,0.44723,0.452718,0.457401,0.461282,0.464406,0.46685,0.468708,0.470078,0.471052,0.471709,0.472112,0.472303,0.472303,0.472112,0.471709,0.471052,0.470078,0.468708,0.46685,0.464406,0.461282,0.457401,0.452718,0.44723,0.44099,0.434113,0.426772,0.41919,0.411624,0.40434,0.397592,0.391594,0.3865,0.382398,0.379297,0.377137,0.375802,0.375133,0.37495,0.375071,0.375326,0.375579,0.375731,0.375731
0.376214,0.376214,0.375983,0.375579,0.375117,0.374755,0.374689,0.375128,0.376279,0.378323,0.381389,0.385543,0.390768,0.396963,0.403952,0.411494,0.41931,0.427112,0.434628,0.441626,0.447932,0.453439,0.458102,0.461935,0.464996,0.467371,0.469163,0.470475,0.471402,0.472024,0.472403,0.472582,0.472582,0.472403,0.472024,0.471402,0.470475,0.469163,0.467371,0.464996,0.461935,0.458102,0.453439,0.447932,0.441626,0.434628,0.427112,0.41931,0.411494,0.403952,0.396963,0.390768,0.385543,0.381389,0.378323,0.376279,0.375128,0.374689,0.374755,0.375117,0.375579,0.375983,0.376214,0.376214
0.376488,0.376488,0.376214,0.375731,0.37516,0.374671,0.374473,0.37479,0.375843,0.377823,0.380869,0.385047,0.390338,0.396634,0.403745,0.411419,0.419364,0.427279,0.434884,0.441944,0.448285,0.453801,0.458453,0.462262,0.465291,0.467632,0.46939,0.470672,0.471575,0.472179,0.472547,0.47272,0.47272,0.472547,0.472179,0.471575,0.470672,0.46939,0.467632,0.465291,0.462262,0.458453,0.453801,0.448285,0.441944,0.434884,0.427279,0.419364,0.411419,0.403745,0.396634,0.390338,0.385047,0.380869,0.377823,0.375843,0.37479,0.374473,0.374671,0.37516,0.375731,0.376214,0.376488,0.376488
0.376488,0.376488,0.376214,0.375731,0.37516,0.374671,0.374473,0.37479,0.375843,0.377823,0.380869,0.385047,0.390338,0.396634,0.403745,0.411419,0.419364,0.427279,0.434884,0.441944,0.448285,0.453801,0.458453,0.462262,0.465291,0.467632,0.46939,0.470672,0.471575,0.472179,0.472547,0.47272,0.47272,0.472547,0.472179,0.471575,0.470672,0.46939,0.467632,0.465291,0.462262,0.458453,0.453801,0.448285,0.441944,0.434884,0.427279,0.419364,0.411419,0.403745,0.396634,0.390338,0.385047,0.380869,0.377823,0.375843,0.37479,0.374473,0.374671,0.37516,0.375731,0.376214,0.376488,0.376488
