0.5,0.5,0.5,0.5,0.5,0.5,0.5,0.499999,0.499998,0.499997,0.499995,0.499992,0.499986,0.499978,0.499966,0.49995,0.499926,0.499895,0.499854,0.499802,0.499739,0.499664,0.499577,0.499481,0.499378,0.499271,0.499166,0.499067,0.49898,0.498909,0.49886,0.498834,0.498834,0.49886,0.498909,0.49898,0.499067,0.499166,0.499271,0.499378,0.499481,0.499577,0.499664,0.499739,0.499802,0.499854,0.499895,0.499926,0.49995,0.499966,0.499978,0.499986,0.499992,0.499995,0.499997,0.499998,0.499999,0.5,0.5,0.5,0.5,0.5,0.5,0.5
0.5,0.5,0.5,0.5,0.5,0.5,0.5,0.499999,0.499998,0.499997,0.499995,0.499992,0.499986,0.499978,0.499966,0.49995,0.499926,0.499895,0.499854,0.499802,0.499739,0.499664,0.499577,0.499481,0.499378,0.499271,0.499166,0.499067,0.49898,0.498909,0.49886,0.498834,0.498834,0.49886,0.498909,0.49898,0.499067,0.499166,0.499271,0.499378,0.499481,0.499577,0.499664,0.499739,0.499802,0.499854,0.499895,0.499926,0.49995,0.499966,0.499978,0.499986,0.499992,0.499995,0.499997,0.499998,0.499999,0.5,0.5,0.5,0.5,0.5,0.5,0.5
0.5,0.5,0.5,0.5,0.5,0.5,0.499999,0.499999,0.499997,0.499995,0.499992,0.499987,0.499979,0.499967,0.49995,0.499925,0.49989,0.499845,0.499785,0.499711,0.49962,0.499512,0.499389,0.499253,0.499108,0.498959,0.498812,0.498675,0.498554,0.498456,0.498387,0.498352,0.498352,0.498387,0.498456,0.498554,0.498675,0.498812,0.498959,0.499108,0.499253,0.499389,0.499512,0.49962,0.499711,0.499785,0.499845,0.49989,0.499925,0.49995,0.499967,0.499979,0.499987,0.499992,0.499995,0.499997,0.499999,0.499999,0.5,0.5,0.5,0.5,0.5,0.5
0.5,0.5,0.5,0.5,0.5,0.499999,0.499999,0.499997,0.499995,0.499992,0.499986,0.499976,0.499962,0.49994,0.499909,0.499866,0.499806,0.499727,0.499625,0.499498,0.499344,0.499163,0.498958,0.498733,0.498493,0.498248,0.498008,0.497784,0.497588,0.49743,0.497319,0.497262,0.497262,0.497319,0.49743,0.497588,0.497784,0.498008,0.498248,0.498493,0.498733,0.498958,0.499163,0.499344,0.499498,0.499625,0.499727,0.499806,0.499866,0.499909,0.49994,0.499962,0.499976,0.499986,0.499992,0.499995,0.499997,0.499999,0.499999,0.5,0.5,0.5,0.5,0.5
0.5,0.5,0.5,0.5,0.499999,0.499999,0.499997,0.499995,0.499991,0.499984,0.499973,0.499955,0.499929,0.499889,0.499832,0.499753,0.499646,0.499504,0.499324,0.499101,0.498833,0.49852,0.498167,0.497781,0.497373,0.496958,0.496554,0.496178,0.495849,0.495585,0.495401,0.495305,0.495305,0.495401,0.495585,0.495849,0.496178,0.496554,0.496958,0.497373,0.497781,0.498167,0.49852,0.498833,0.499101,0.499324,0.499504,0.499646,0.499753,0.499832,0.499889,0.499929,0.499955,0.499973,0.499984,0.499991,0.499995,0.499997,0.499999,0.499999,0.5,0.5,0.5,0.5
0.5,0.5,0.5,0.499999,0.499999,0.499997,0.499995,0.49999,0.499982,0.49997,0.499949,0.499917,0.499868,0.499797,0.499695,0.499554,0.499364,0.499116,0.498802,0.498416,0.497955,0.497422,0.496824,0.496173,0.495491,0.4948,0.494129,0.493508,0.492967,0.492534,0.492231,0.492075,0.492075,0.492231,0.492534,0.492967,0.493508,0.494129,0.4948,0.495491,0.496173,0.496824,0.497422,0.497955,0.498416,0.498802,0.499116,0.499364,0.499554,0.499695,0.499797,0.499868,0.499917,0.499949,0.49997,0.499982,0.49999,0.499995,0.499997,0.499999,0.499999,0.5,0.5,0.5
0.5,0.5,0.499999,0.499999,0.499997,0.499995,0.49999,0.499982,0.499968,0.499944,0.499907,0.49985,0.499764,0.499638,0.49946,0.499215,0.498889,0.498466,0.497935,0.497286,0.496518,0.495635,0.49465,0.493588,0.492479,0.491362,0.490283,0.489289,0.488426,0.487737,0.487256,0.48701,0.48701,0.487256,0.487737,0.488426,0.489289,0.490283,0.491362,0.492479,0.493588,0.49465,0.495635,0.496518,0.497286,0.497935,0.498466,0.498889,0.499215,0.49946,0.499638,0.499764,0.49985,0.499907,0.499944,0.499968,0.499982,0.49999,0.499995,0.499997,0.499999,0.499999,0.5,0.5
0.499999,0.499999,0.499999,0.499997,0.499995,0.49999,0.499982,0.499967,0.499942,0.499901,0.499836,0.499737,0.499589,0.499374,0.499072,0.498661,0.498117,0.497419,0.496547,0.495492,0.494252,0.492837,0.491271,0.489592,0.48785,0.486108,0.484432,0.482895,0.481566,0.480508,0.479772,0.479395,0.479395,0.479772,0.480508,0.481566,0.482895,0.484432,0.486108,0.48785,0.489592,0.491271,0.492837,0.494252,0.495492,0.496547,0.497419,0.498117,0.498661,0.499072,0.499374,0.499589,0.499737,0.499836,0.499901,0.499942,0.499967,0.499982,0.49999,0.499995,0.499997,0.499999,0.499999,0.499999
0.499998,0.499998,0.499997,0.499995,0.499991,0.499982,0.499968,0.499942,0.499899,0.499829,0.499719,0.499552,0.499304,0.498948,0.498453,0.497784,0.496906,0.495787,0.494404,0.492743,0.490807,0.488615,0.486208,0.483645,0.481006,0.478381,0.475871,0.47358,0.471608,0.470043,0.468956,0.4684,0.4684,0.468956,0.470043,0.471608,0.47358,0.475871,0.478381,0.481006,0.483645,0.486208,0.488615,0.490807,0.492743,0.494404,0.495787,0.496906,0.497784,0.498453,0.498948,0.499304,0.499552,0.499719,0.499829,0.499899,0.499942,0.499968,0.499982,0.499991,0.499995,0.499997,0.499998,0.499998
0.499997,0.499997,0.499995,0.499992,0.499984,0.49997,0.499944,0.499901,0.499829,0.499713,0.499532,0.499259,0.498857,0.498286,0.497497,0.49644,0.495067,0.493333,0.491207,0.488678,0.485753,0.482471,0.478896,0.475121,0.471259,0.467446,0.463822,0.460532,0.457712,0.455482,0.453939,0.45315,0.45315,0.453939,0.455482,0.457712,0.460532,0.463822,0.467446,0.471259,0.475121,0.478896,0.482471,0.485753,0.488678,0.491207,0.493333,0.495067,0.49644,0.497497,0.498286,0.498857,0.499259,0.499532,0.499713,0.499829,0.499901,0.499944,0.49997,0.499984,0.499992,0.499995,0.499997,0.499997
0.499995,0.499995,0.499992,0.499986,0.499973,0.499949,0.499907,0.499836,0.499719,0.499532,0.499243,0.498809,0.498177,0.497286,0.496068,0.494451,0.492368,0.489763,0.4866,0.48287,0.478599,0.473848,0.468719,0.463348,0.457898,0.452556,0.447513,0.442962,0.439081,0.436024,0.433915,0.432838,0.432838,0.433915,0.436024,0.439081,0.442962,0.447513,0.452556,0.457898,0.463348,0.468719,0.473848,0.478599,0.48287,0.4866,0.489763,0.492368,0.494451,0.496068,0.497286,0.498177,0.498809,0.499243,0.499532,0.499719,0.499836,0.499907,0.499949,0.499973,0.499986,0.499992,0.499995,0.499995
0.499992,0.499992,0.499987,0.499976,0.499955,0.499917,0.49985,0.499737,0.499552,0.499259,0.498809,0.498139,0.497175,0.495827,0.494,0.491599,0.488536,0.484744,0.480185,0.474862,0.468825,0.462177,0.455067,0.447689,0.440269,0.433053,0.426293,0.420232,0.415092,0.411061,0.408288,0.406876,0.406876,0.408288,0.411061,0.415092,0.420232,0.426293,0.433053,0.440269,0.447689,0.455067,0.462177,0.468825,0.474862,0.480185,0.484744,0.488536,0.491599,0.494,0.495827,0.497175,0.498139,0.498809,0.499259,0.499552,0.499737,0.49985,0.499917,0.499955,0.499976,0.499987,0.499992,0.499992
0.499986,0.499986,0.499979,0.499962,0.499929,0.499868,0.499764,0.499589,0.499304,0.498857,0.498177,0.497175,0.495743,0.493762,0.491104,0.487643,0.483274,0.477921,0.471552,0.464195,0.455939,0.446942,0.437419,0.427635,0.417889,0.408495,0.399767,0.391999,0.385452,0.380343,0.376842,0.375063,0.375063,0.376842,0.380343,0.385452,0.391999,0.399767,0.408495,0.417889,0.427635,0.437419,0.446942,0.455939,0.464195,0.471552,0.477921,0.483274,0.487643,0.491104,0.493762,0.495743,0.497175,0.498177,0.498857,0.499304,0.499589,0.499764,0.499868,0.499929,0.499962,0.499979,0.499986,0.499986
0.499978,0.499978,0.499967,0.49994,0.499889,0.499797,0.499638,0.499374,0.498948,0.498286,0.497286,0.495827,0.493762,0.490932,0.487173,0.482331,0.476282,0.46895,0.460325,0.450473,0.439543,0.427765,0.415438,0.40291,0.390563,0.37878,0.367933,0.358357,0.350343,0.344126,0.339883,0.337733,0.337733,0.339883,0.344126,0.350343,0.358357,0.367933,0.37878,0.390563,0.40291,0.415438,0.427765,0.439543,0.450473,0.460325,0.46895,0.476282,0.482331,0.487173,0.490932,0.493762,0.495827,0.497286,0.498286,0.498948,0.499374,0.499638,0.499797,0.499889,0.49994,0.499967,0.499978,0.499978
0.499966,0.499966,0.49995,0.499909,0.499832,0.499695,0.49946,0.499072,0.498453,0.497497,0.496068,0.494,0.491104,0.487173,0.482006,0.475422,0.467288,0.457542,0.446211,0.433422,0.419407,0.404489,0.389064,0.373578,0.358492,0.344256,0.331285,0.319941,0.310524,0.303267,0.298338,0.295848,0.295848,0.298338,0.303267,0.310524,0.319941,0.331285,0.344256,0.358492,0.373578,0.389064,0.404489,0.419407,0.433422,0.446211,0.457542,0.467288,0.475422,0.482006,0.487173,0.491104,0.494,0.496068,0.497497,0.498453,0.499072,0.49946,0.499695,0.499832,0.499909,0.49995,0.499966,0.499966
0.49995,0.49995,0.499925,0.499866,0.499753,0.499554,0.499215,0.498661,0.497784,0.49644,0.494451,0.491599,0.487643,0.482331,0.475422,0.466716,0.456086,0.443502,0.429052,0.412952,0.395538,0.377247,0.358589,0.340104,0.322331,0.30577,0.290859,0.277959,0.267351,0.259238,0.253761,0.251003,0.251003,0.253761,0.259238,0.267351,0.277959,0.290859,0.30577,0.322331,0.340104,0.358589,0.377247,0.395538,0.412952,0.429052,0.443502,0.456086,0.466716,0.475422,0.482331,0.487643,0.491599,0.494451,0.49644,0.497784,0.498661,0.499215,0.499554,0.499753,0.499866,0.499925,0.49995,0.49995
0.499926,0.499926,0.49989,0.499806,0.499646,0.499364,0.498889,0.498117,0.496906,0.495067,0.492368,0.488536,0.483274,0.476282,0.467288,0.456086,0.442573,0.426777,0.408877,0.389204,0.368225,0.346508,0.32468,0.303376,0.283193,0.264656,0.248194,0.234132,0.222697,0.214033,0.208224,0.205311,0.205311,0.208224,0.214033,0.222697,0.234132,0.248194,0.264656,0.283193,0.303376,0.32468,0.346508,0.368225,0.389204,0.408877,0.426777,0.442573,0.456086,0.467288,0.476282,0.483274,0.488536,0.492368,0.495067,0.496906,0.498117,0.498889,0.499364,0.499646,0.499806,0.49989,0.499926,0.499926
0.499895,0.499895,0.499845,0.499727,0.499504,0.499116,0.498466,0.497419,0.495787,0.493333,0.489763,0.484744,0.477921,0.46895,0.457542,0.443502,0.426777,0.407484,0.385925,0.362575,0.338052,0.313068,0.288364,0.264654,0.24257,0.222624,0.205195,0.190533,0.17877,0.16996,0.164105,0.161184,0.161184,0.164105,0.16996,0.17877,0.190533,0.205195,0.222624,0.24257,0.264654,0.288364,0.313068,0.338052,0.362575,0.385925,0.407484,0.426777,0.443502,0.457542,0.46895,0.477921,0.484744,0.489763,0.493333,0.495787,0.497419,0.498466,0.499116,0.499504,0.499727,0.499845,0.499895,0.499895
0.499854,0.499854,0.499785,0.499625,0.499324,0.498802,0.497935,0.496547,0.494404,0.491207,0.4866,0.480185,0.471552,0.460325,0.446211,0.429052,0.408877,0.385925,0.360652,0.333703,0.305866,0.277995,0.250938,0.225459,0.202187,0.181581,0.163926,0.149348,0.137853,0.129369,0.123794,0.121033,0.121033,0.123794,0.129369,0.137853,0.149348,0.163926,0.181581,0.202187,0.225459,0.250938,0.277995,0.305866,0.333703,0.360652,0.385925,0.408877,0.429052,0.446211,0.460325,0.471552,0.480185,0.4866,0.491207,0.494404,0.496547,0.497935,0.498802,0.499324,0.499625,0.499785,0.499854,0.499854
0.499802,0.499802,0.499711,0.499498,0.499101,0.498416,0.497286,0.495492,0.492743,0.488678,0.48287,0.474862,0.464195,0.450473,0.433422,0.412952,0.389204,0.362575,0.333703,0.303427,0.272708,0.242537,0.213842,0.187406,0.16381,0.143411,0.126353,0.112604,0.102005,0.0943367,0.0893763,0.0869451,0.0869451,0.0893763,0.0943367,0.102005,0.112604,0.126353,0.143411,0.16381,0.187406,0.213842,0.242537,0.272708,0.303427,0.333703,0.362575,0.389204,0.412952,0.433422,0.450473,0.464195,0.474862,0.48287,0.488678,0.492743,0.495492,0.497286,0.498416,0.499101,0.499498,0.499711,0.499802,0.499802
0.499739,0.499739,0.49962,0.499344,0.498833,0.497955,0.496518,0.494252,0.490807,0.485753,0.478599,0.468825,0.455939,0.439543,0.419407,0.395538,0.368225,0.338052,0.305866,0.272708,0.23971,0.207983,0.178502,0.152022,0.129031,0.109737,0.0941045,0.0819053,0.0727971,0.0663984,0.0623575,0.0604084,0.0604084,0.0623575,0.0663984,0.0727971,0.0819053,0.0941045,0.109737,0.129031,0.152022,0.178502,0.207983,0.23971,0.272708,0.305866,0.338052,0.368225,0.395538,0.419407,0.439543,0.455939,0.468825,0.478599,0.485753,0.490807,0.494252,0.496518,0.497955,0.498833,0.499344,0.49962,0.499739,0.499739
0.499664,0.499664,0.499512,0.499163,0.49852,0.497422,0.495635,0.492837,0.488615,0.482471,0.473848,0.462177,0.446942,0.427765,0.404489,0.377247,0.346508,0.313068,0.277995,0.242537,0.207983,0.175531,0.146165,0.120568,0.099084,0.0817344,0.0682678,0.0582432,0.0511225,0.0463601,0.0434794,0.0421311,0.0421311,0.0434794,0.0463601,0.0511225,0.0582432,0.0682678,0.0817344,0.099084,0.120568,0.146165,0.175531,0.207983,0.242537,0.277995,0.313068,0.346508,0.377247,0.404489,0.427765,0.446942,0.462177,0.473848,0.482471,0.488615,0.492837,0.495635,0.497422,0.49852,0.499163,0.499512,0.499664,0.499664
0.499577,0.499577,0.499389,0.498958,0.498167,0.496824,0.49465,0.491271,0.486208,0.478896,0.468719,0.455067,0.437419,0.415438,0.389064,0.358589,0.32468,0.288364,0.250938,0.213842,0.178502,0.146165,0.11778,0.0939112,0.0747209,0.0600086,0.0492902,0.0419038,0.0371192,0.0342374,0.0326699,0.0319957,0.0319957,0.0326699,0.0342374,0.0371192,0.0419038,0.0492902,0.0600086,0.0747209,0.0939112,0.11778,0.146165,0.178502,0.213842,0.250938,0.288364,0.32468,0.358589,0.389064,0.415438,0.437419,0.455067,0.468719,0.478896,0.486208,0.491271,0.49465,0.496824,0.498167,0.498958,0.499389,0.499577,0.499577
0.499481,0.499481,0.499253,0.498733,0.497781,0.496173,0.493588,0.489592,0.483645,0.475121,0.463348,0.447689,0.427635,0.40291,0.373578,0.340104,0.303376,0.264654,0.225459,0.187406,0.152022,0.120568,0.0939112,0.0724585,0.0561592,0.0445723,0.0369754,0.0324928,0.0302186,0.0293217,0.0291228,0.0291456,0.0291456,0.0291228,0.0293217,0.0302186,0.0324928,0.0369754,0.0445723,0.0561592,0.0724585,0.0939112,0.120568,0.152022,0.187406,0.225459,0.264654,0.303376,0.340104,0.373578,0.40291,0.427635,0.447689,0.463348,0.475121,0.483645,0.489592,0.493588,0.496173,0.497781,0.498733,0.499253,0.499481,0.499481
0.499378,0.499378,0.499108,0.498493,0.497373,0.495491,0.492479,0.48785,0.481006,0.471259,0.457898,0.440269,0.417889,0.390563,0.358492,0.322331,0.283193,0.24257,0.202187,0.16381,0.129031,0.099084,0.0747209,0.0561592,0.0431162,0.0349059,0.0305764,0.0290573,0.0292933,0.0303492,0.0314809,0.0321765,0.0321765,0.0314809,0.0303492,0.0292933,0.0290573,0.0305764,0.0349059,0.0431162,0.0561592,0.0747209,0.099084,0.129031,0.16381,0.202187,0.24257,0.283193,0.322331,0.358492,0.390563,0.417889,0.440269,0.457898,0.471259,0.481006,0.48785,0.492479,0.495491,0.497373,0.498493,0.499108,0.499378,0.499378
0.499271,0.499271,0.498959,0.498248,0.496958,0.4948,0.491362,0.486108,0.478381,0.467446,0.452556,0.433053,0.408495,0.37878,0.344256,0.30577,0.264656,0.222624,0.181581,0.143411,0.109737,0.0817344,0.0600086,0.0445723,0.0349059,0.0300875,0.0289552,0.030272,0.0328651,0.0357266,0.0380743,0.0393804,0.0393804,0.0380743,0.0357266,0.0328651,0.030272,0.0289552,0.0300875,0.0349059,0.0445723,0.0600086,0.0817344,0.109737,0.143411,0.181581,0.222624,0.264656,0.30577,0.344256,0.37878,0.408495,0.433053,0.452556,0.467446,0.478381,0.486108,0.491362,0.4948,0.496958,0.498248,0.498959,0.499271,0.499271
0.499166,0.499166,0.498812,0.498008,0.496554,0.494129,0.490283,0.484432,0.475871,0.463822,0.447513,0.426293,0.399767,0.367933,0.331285,0.290859,0.248194,0.205195,0.163926,0.126353,0.0941045,0.0682678,0.0492902,0.0369754,0.0305764,0.0289552,0.0307683,0.0346448,0.0393271,0.0437644,0.0471608,0.0489893,0.0489893,0.0471608,0.0437644,0.0393271,0.0346448,0.0307683,0.0289552,0.0305764,0.0369754,0.0492902,0.0682678,0.0941045,0.126353,0.163926,0.205195,0.248194,0.290859,0.331285,0.367933,0.399767,0.426293,0.447513,0.463822,0.475871,0.484432,0.490283,0.494129,0.496554,0.498008,0.498812,0.499166,0.499166
0.499067,0.499067,0.498675,0.497784,0.496178,0.493508,0.489289,0.482895,0.47358,0.460532,0.442962,0.420232,0.391999,0.358357,0.319941,0.277959,0.234132,0.190533,0.149348,0.112604,0.0819053,0.0582432,0.0419038,0.0324928,0.0290573,0.030272,0.0346448,0.0407035,0.0471357,0.0528725,0.057123,0.0593736,0.0593736,0.057123,0.0528725,0.0471357,0.0407035,0.0346448,0.030272,0.0290573,0.0324928,0.0419038,0.0582432,0.0819053,0.112604,0.149348,0.190533,0.234132,0.277959,0.319941,0.358357,0.391999,0.420232,0.442962,0.460532,0.47358,0.482895,0.489289,0.493508,0.496178,0.497784,0.498675,0.499067,0.499067
0.49898,0.49898,0.498554,0.497588,0.495849,0.492967,0.488426,0.481566,0.471608,0.457712,0.439081,0.415092,0.385452,0.350343,0.310524,0.267351,0.222697,0.17877,0.137853,0.102005,0.0727971,0.0511225,0.0371192,0.0302186,0.0292933,0.0328651,0.0393271,0.0471357,0.0549474,0.0616932,0.0665986,0.0691701,0.0691701,0.0665986,0.0616932,0.0549474,0.0471357,0.0393271,0.0328651,0.0292933,0.0302186,0.0371192,0.0511225,0.0727971,0.102005,0.137853,0.17877,0.222697,0.267351,0.310524,0.350343,0.385452,0.415092,0.439081,0.457712,0.471608,0.481566,0.488426,0.492967,0.495849,0.497588,0.498554,0.49898,0.49898
0.498909,0.498909,0.498456,0.49743,0.495585,0.492534,0.487737,0.480508,0.470043,0.455482,0.436024,0.411061,0.380343,0.344126,0.303267,0.259238,0.214033,0.16996,0.129369,0.0943367,0.0663984,0.0463601,0.0342374,0.0293217,0.0303492,0.0357266,0.0437644,0.0528725,0.0616932,0.0691663,0.0745382,0.0773365,0.0773365,0.0745382,0.0691663,0.0616932,0.0528725,0.0437644,0.0357266,0.0303492,0.0293217,0.0342374,0.0463601,0.0663984,0.0943367,0.129369,0.16996,0.214033,0.259238,0.303267,0.344126,0.380343,0.411061,0.436024,0.455482,0.470043,0.480508,0.487737,0.492534,0.495585,0.49743,0.498456,0.498909,0.498909
0.49886,0.49886,0.498387,0.497319,0.495401,0.492231,0.487256,0.479772,0.468956,0.453939,0.433915,0.408288,0.376842,0.339883,0.298338,0.253761,0.208224,0.164105,0.123794,0.0893763,0.0623575,0.0434794,0.0326699,0.0291228,0.0314809,0.0380743,0.0471608,0.057123,0.0665986,0.0745382,0.0802061,0.0831474,0.0831474,0.0802061,0.0745382,0.0665986,0.057123,0.0471608,0.0380743,0.0314809,0.0291228,0.0326699,0.0434794,0.0623575,0.0893763,0.123794,0.164105,0.208224,0.253761,0.298338,0.339883,0.376842,0.408288,0.433915,0.453939,0.468956,0.479772,0.487256,0.492231,0.495401,0.497319,0.498387,0.49886,0.49886
0.498834,0.498834,0.498352,0.497262,0.495305,0.492075,0.48701,0.479395,0.4684,0.45315,0.432838,0.406876,0.375063,0.337733,0.295848,0.251003,0.205311,0.161184,0.121033,0.0869451,0.0604084,0.0421311,0.0319957,0.0291456,0.0321765,0.0393804,0.0489893,0.0593736,0.0691701,0.0773365,0.0831474,0.0861573,0.0861573,0.0831474,0.0773365,0.0691701,0.0593736,0.0489893,0.0393804,0.0321765,0.0291456,0.0319957,0.0421311,0.0604084,0.0869451,0.121033,0.161184,0.205311,0.251003,0.295848,0.337733,0.375063,0.406876,0.432838,0.45315,0.4684,0.479395,0.48701,0.492075,0.495305,0.497262,0.498352,0.498834,0.498834
0.498834,0.498834,0.498352,0.497262,0.495305,0.492075,0.48701,0.479395,0.4684,0.45315,0.432838,0.406876,0.375063,0.337733,0.295848,0.251003,0.205311,0.161184,0.121033,0.0869451,0.0604084,0.0421311,0.0319957,0.0291456,0.0321765,0.0393804,0.0489893,0.0593736,0.0691701,0.0773365,0.0831474,0.0861573,0.0861573,0.0831474,0.0773365,0.0691701,0.0593736,0.0489893,0.0393804,0.0321765,0.0291456,0.0319957,0.0421311,0.0604084,0.0869451,0.121033,0.161184,0.205311,0.251003,0.295848,0.337733,0.375063,0.406876,0.432838,0.45315,0.4684,0.479395,0.48701,0.492075,0.495305,0.497262,0.498352,0.498834,0.498834
0.49886,0.49886,0.498387,0.497319,0.495401,0.492231,0.487256,0.479772,0.468956,0.453939,0.433915,0.408288,0.376842,0.339883,0.298338,0.253761,0.208224,0.164105,0.123794,0.0893763,0.0623575,0.0434794,0.0326699,0.0291228,0.0314809,0.0380743,0.0471608,0.057123,0.0665986,0.0745382,0.0802061,0.0831474,0.0831474,0.0802061,0.0745382,0.0665986,0.057123,0.0471608,0.0380743,0.0314809,0.0291228,0.0326699,0.0434794,0.0623575,0.0893763,0.123794,0.164105,0.208224,0.253761,0.298338,0.339883,0.376842,0.408288,0.433915,0.453939,0.468956,0.479772,0.487256,0.492231,0.495401,0.497319,0.498387,0.49886,0.49886
0.498909,0.498909,0.498456,0.49743,0.495585,0.492534,0.487737,0.480508,0.470043,0.455482,0.436024,0.411061,0.380343,0.344126,0.303267,0.259238,0.214033,0.16996,0.129369,0.0943367,0.0663984,0.0463601,0.0342374,0.0293217,0.0303492,0.0357266,0.0437644,0.0528725,0.0616932,0.0691663,0.0745382,0.0773365,0.0773365,0.0745382,0.0691663,0.0616932,0.0528725,0.0437644,0.0357266,0.0303492,0.0293217,0.0342374,0.0463601,0.0663984,0.0943367,0.129369,0.16996,0.214033,0.259238,0.303267,0.344126,0.380343,0.411061,0.436024,0.455482,0.470043,0.480508,0.487737,0.492534,0.495585,0.49743,0.498456,0.498909,0.498909
0.49898,0.49898,0.498554,0.497588,0.495849,0.492967,0.488426,0.481566,0.471608,0.457712,0.439081,0.415092,0.385452,0.350343,0.310524,0.267351,0.222697,0.17877,0.137853,0.102005,0.0727971,0.0511225,0.0371192,0.0302186,0.0292933,0.0328651,0.0393271,0.0471357,0.0549474,0.0616932,0.0665986,0.0691701,0.0691701,0.0665986,0.0616932,0.0549474,0.0471357,0.0393271,0.0328651,0.0292933,0.0302186,0.0371192,0.0511225,0.0727971,0.102005,0.137853,0.17877,0.222697,0.267351,0.310524,0.350343,0.385452,0.415092,0.439081,0.457712,0.471608,0.481566,0.488426,0.492967,0.495849,0.497588,0.498554,0.49898,0.49898
0.499067,0.499067,0.498675,0.497784,0.496178,0.493508,0.489289,0.482895,0.47358,0.460532,0.442962,0.420232,0.391999,0.358357,0.319941,0.277959,0.234132,0.190533,0.149348,0.112604,0.0819053,0.0582432,0.0419038,0.0324928,0.0290573,0.030272,0.0346448,0.0407035,0.0471357,0.0528725,0.057123,0.0593736,0.0593736,0.057123,0.0528725,0.0471357,0.0407035,0.0346448,0.030272,0.0290573,0.0324928,0.0419038,0.0582432,0.0819053,0.112604,0.149348,0.190533,0.234132,0.277959,0.319941,0.358357,0.391999,0.420232,0.442962,0.460532,0.47358,0.482895,0.489289,0.493508,0.496178,0.497784,0.498675,0.499067,0.499067
0.499166,0.499166,0.498812,0.498008,0.496554,0.494129,0.490283,0.484432,0.475871,0.463822,0.447513,0.426293,0.399767,0.367933,0.331285,0.290859,0.248194,0.205195,0.163926,0.126353,0.0941045,0.0682678,0.0492902,0.0369754,0.0305764,0.0289552,0.0307683,0.0346448,0.0393271,0.0437644,0.0471608,0.0489893,0.0489893,0.0471608,0.0437644,0.0393271,0.0346448,0.0307683,0.0289552,0.0305764,0.0369754,0.0492902,0.0682678,0.0941045,0.126353,0.163926,0.205195,0.248194,0.290859,0.331285,0.367933,0.399767,0.426293,0.447513,0.463822,0.475871,0.484432,0.490283,0.494129,0.496554,0.498008,0.498812,0.499166,0.499166
0.499271,0.499271,0.498959,0.498248,0.496958,0.4948,0.491362,0.486108,0.478381,0.467446,0.452556,0.433053,0.408495,0.37878,0.344256,0.30577,0.264656,0.222624,0.181581,0.143411,0.109737,0.0817344,0.0600086,0.0445723,0.0349059,0.0300875,0.0289552,0.030272,0.0328651,0.0357266,0.0380743,0.0393804,0.0393804,0.0380743,0.0357266,0.0328651,0.030272,0.0289552,0.0300875,0.0349059,0.0445723,0.0600086,0.0817344,0.109737,0.143411,0.181581,0.222624,0.264656,0.30577,0.344256,0.37878,0.408495,0.433053,0.452556,0.467446,0.478381,0.486108,0.491362,0.4948,0.496958,0.498248,0.498959,0.499271,0.499271
0.499378,0.499378,0.499108,0.498493,0.497373,0.495491,0.492479,0.48785,0.481006,0.471259,0.457898,0.440269,0.417889,0.390563,0.358492,0.322331,0.283193,0.24257,0.202187,0.16381,0.129031,0.099084,0.0747209,0.0561592,0.0431162,0.0349059,0.0305764,0.0290573,0.0292933,0.0303492,0.0314809,0.0321765,0.0321765,0.0314809,0.0303492,0.0292933,0.0290573,0.0305764,0.0349059,0.0431162,0.0561592,0.0747209,0.099084,0.129031,0.16381,0.202187,0.24257,0.283193,0.322331,0.358492,0.390563,0.417889,0.440269,0.457898,0.471259,0.481006,0.48785,0.492479,0.495491,0.497373,0.498493,0.499108,0.499378,0.499378
0.499481,0.499481,0.499253,0.498733,0.497781,0.496173,0.493588,0.489592,0.483645,0.475121,0.463348,0.447689,0.427635,0.40291,0.373578,0.340104,0.303376,0.264654,0.225459,0.187406,0.152022,0.120568,0.0939112,0.0724585,0.0561592,0.0445723,0.0369754,0.0324928,0.0302186,0.0293217,0.0291228,0.0291456,0.0291456,0.0291228,0.0293217,0.0302186,0.0324928,0.0369754,0.0445723,0.0561592,0.0724585,0.0939112,0.120568,0.152022,0.187406,0.225459,0.264654,0.303376,0.340104,0.373578,0.40291,0.427635,0.447689,0.463348,0.475121,0.483645,0.489592,0.493588,0.496173,0.497781,0.498733,0.499253,0.499481,0.499481
0.499577,0.499577,0.499389,0.498958,0.498167,0.496824,0.49465,0.491271,0.486208,0.478896,0.468719,0.455067,0.437419,0.415438,0.389064,0.358589,0.32468,0.288364,0.250938,0.213842,0.178502,0.146165,0.11778,0.0939112,0.0747209,0.0600086,0.0492902,0.0419038,0.0371192,0.0342374,0.0326699,0.0319957,0.0319957,0.0326699,0.0342374,0.0371192,0.0419038,0.0492902,0.0600086,0.0747209,0.0939112,0.11778,0.146165,0.178502,0.213842,0.250938,0.288364,0.32468,0.358589,0.389064,0.415438,0.437419,0.455067,0.468719,0.478896,0.486208,0.491271,0.49465,0.496824,0.498167,0.498958,0.499389,0.499577,0.499577
0.499664,0.499664,0.499512,0.499163,0.49852,0.497422,0.495635,0.492837,0.488615,0.482471,0.473848,0.462177,0.446942,0.427765,0.404489,0.377247,0.346508,0.313068,0.277995,0.242537,0.207983,0.175531,0.146165,0.120568,0.099084,0.0817344,0.0682678,0.0582432,0.0511225,0.0463601,0.0434794,0.0421311,0.0421311,0.0434794,0.0463601,0.0511225,0.0582432,0.0682678,0.0817344,0.099084,0.120568,0.146165,0.175531,0.207983,0.242537,0.277995,0.313068,0.346508,0.377247,0.404489,0.427765,0.446942,0.462177,0.473848,0.482471,0.488615,0.492837,0.495635,0.497422,0.49852,0.499163,0.499512,0.499664,0.499664
0.499739,0.499739,0.49962,0.499344,0.498833,0.497955,0.496518,0.494252,0.490807,0.485753,0.478599,0.468825,0.455939,0.439543,0.419407,0.395538,0.368225,0.338052,0.305866,0.272708,0.23971,0.207983,0.178502,0.152022,0.129031,0.109737,0.0941045,0.0819053,0.0727971,0.0663984,0.0623575,0.0604084,0.0604084,0.0623575,0.0663984,0.0727971,0.0819053,0.0941045,0.109737,0.129031,0.152022,0.178502,0.207983,0.23971,0.272708,0.305866,0.338052,0.368225,0.395538,0.419407,0.439543,0.455939,0.468825,0.478599,0.485753,0.490807,0.494252,0.496518,0.497955,0.498833,0.499344,0.49962,0.499739,0.499739
0.499802,0.499802,0.499711,0.499498,0.499101,0.498416,0.497286,0.495492,0.492743,0.488678,0.48287,0.474862,0.464195,0.450473,0.433422,0.412952,0.389204,0.362575,0.333703,0.303427,0.272708,0.242537,0.213842,0.187406,0.16381,0.143411,0.126353,0.112604,0.102005,0.0943367,0.0893763,0.0869451,0.0869451,0.0893763,0.0943367,0.102005,0.112604,0.126353,0.143411,0.16381,0.187406,0.213842,0.242537,0.272708,0.303427,0.333703,0.362575,0.389204,0.412952,0.433422,0.450473,0.464195,0.474862,0.48287,0.488678,0.492743,0.495492,0.497286,0.498416,0.499101,0.499498,0.499711,0.499802,0.499802
0.499854,0.499854,0.499785,0.499625,0.499324,0.498802,0.497935,0.496547,0.494404,0.491207,0.4866,0.480185,0.471552,0.460325,0.446211,0.429052,0.408877,0.385925,0.360652,0.333703,0.305866,0.277995,0.250938,0.225459,0.202187,0.181581,0.163926,0.149348,0.137853,0.129369,0.123794,0.121033,0.121033,0.123794,0.129369,0.137853,0.149348,0.163926,0.181581,0.202187,0.225459,0.250938,0.277995,0.305866,0.333703,0.360652,0.385925,0.408877,0.429052,0.446211,0.460325,0.471552,0.480185,0.4866,0.491207,0.494404,0.496547,0.497935,0.498802,0.499324,0.499625,0.499785,0.499854,0.499854
0.499895,0.499895,0.499845,0.499727,0.499504,0.499116,0.498466,0.497419,0.495787,0.493333,0.489763,0.484744,0.477921,0.46895,0.457542,0.443502,0.426777,0.407484,0.385925,0.362575,0.338052,0.313068,0.288364,0.264654,0.24257,0.222624,0.205195,0.190533,0.17877,0.16996,0.164105,0.161184,0.161184,0.164105,0.16996,0.17877,0.190533,0.205195,0.222624,0.24257,0.264654,0.288364,0.313068,0.338052,0.362575,0.385925,0.407484,0.426777,0.443502,0.457542,0.46895,0.477921,0.484744,0.489763,0.493333,0.495787,0.497419,0.498466,0.499116,0.499504,0.499727,0.499845,0.499895,0.499895
0.499926,0.499926,0.49989,0.499806,0.499646,0.499364,0.498889,0.498117,0.496906,0.495067,0.492368,0.488536,0.483274,0.476282,0.467288,0.456086,0.442573,0.426777,0.408877,0.389204,0.368225,0.346508,0.32468,0.303376,0.283193,0.264656,0.248194,0.234132,0.222697,0.214033,0.208224,0.205311,0.205311,0.208224,0.214033,0.222697,0.234132,0.248194,0.264656,0.283193,0.303376,0.32468,0.346508,0.368225,0.389204,0.408877,0.426777,0.442573,0.456086,0.467288,0.476282,0.483274,0.488536,0.492368,0.495067,0.496906,0.498117,0.498889,0.499364,0.499646,0.499806,0.49989,0.499926,0.499926
0.49995,0.49995,0.499925,0.499866,0.499753,0.499554,0.499215,0.498661,0.497784,0.49644,0.494451,0.491599,0.487643,0.482331,0.475422,0.466716,0.456086,0.443502,0.429052,0.412952,0.395538,0.377247,0.358589,0.340104,0.322331,0.30577,0.290859,0.277959,0.267351,0.259238,0.253761,0.251003,0.251003,0.253761,0.259238,0.267351,0.277959,0.290859,0.30577,0.322331,0.340104,0.358589,0.377247,0.395538,0.412952,0.429052,0.443502,0.456086,0.466716,0.475422,0.482331,0.487643,0.491599,0.494451,0.49644,0.497784,0.498661,0.499215,0.499554,0.499753,0.499866,0.499925,0.49995,0.49995
0.499966,0.499966,0.49995,0.499909,0.499832,0.499695,0.49946,0.499072,0.498453,0.497497,0.496068,0.494,0.491104,0.487173,0.482006,0.475422,0.467288,0.457542,0.446211,0.433422,0.419407,0.404489,0.389064,0.373578,0.358492,0.344256,0.331285,0.319941,0.310524,0.303267,0.298338,0.295848,0.295848,0.298338,0.303267,0.310524,0.319941,0.331285,0.344256,0.358492,0.373578,0.389064,0.404489,0.419407,0.433422,0.446211,0.457542,0.467288,0.475422,0.482006,0.487173,0.491104,0.494,0.496068,0.497497,0.498453,0.499072,0.49946,0.499695,0.499832,0.499909,0.49995,0.499966,0.499966
0.499978,0.499978,0.499967,0.49994,0.499889,0.499797,0.499638,0.499374,0.498948,0.498286,0.497286,0.495827,0.493762,0.490932,0.487173,0.482331,0.476282,0.46895,0.460325,0.450473,0.439543,0.427765,0.415438,0.40291,0.390563,0.37878,0.367933,0.358357,0.350343,0.344126,0.339883,0.337733,0.337733,0.339883,0.344126,0.350343,0.358357,0.367933,0.37878,0.390563,0.40291,0.415438,0.427765,0.439543,0.450473,0.460325,0.46895,0.476282,0.482331,0.487173,0.490932,0.493762,0.495827,0.497286,0.498286,0.498948,0.499374,0.499638,0.499797,0.499889,0.49994,0.499967,0.499978,0.499978
0.499986,0.499986,0.499979,0.499962,0.499929,0.499868,0.499764,0.499589,0.499304,0.498857,0.498177,0.497175,0.495743,0.493762,0.491104,0.487643,0.483274,0.477921,0.471552,0.464195,0.455939,0.446942,0.437419,0.427635,0.417889,0.408495,0.399767,0.391999,0.385452,0.380343,0.376842,0.375063,0.375063,0.376842,0.380343,0.385452,0.391999,0.399767,0.408495,0.417889,0.427635,0.437419,0.446942,0.455939,0.464195,0.471552,0.477921,0.483274,0.487643,0.491104,0.493762,0.495743,0.497175,0.498177,0.498857,0.499304,0.499589,0.499764,0.499868,0.499929,0.499962,0.499979,0.499986,0.499986
0.499992,0.499992,0.499987,0.499976,0.499955,0.499917,0.49985,0.499737,0.499552,0.499259,0.498809,0.498139,0.497175,0.495827,0.494,0.491599,0.488536,0.484744,0.480185,0.474862,0.468825,0.462177,0.455067,0.447689,0.440269,0.433053,0.426293,0.420232,0.415092,0.411061,0.408288,0.406876,0.406876,0.408288,0.411061,0.415092,0.420232,0.426293,0.433053,0.440269,0.447689,0.455067,0.462177,0.468825,0.474862,0.480185,0.484744,0.488536,0.491599,0.494,0.495827,0.497175,0.498139,0.498809,0.499259,0.499552,0.499737,0.49985,0.499917,0.499955,0.499976,0.499987,0.499992,0.499992
0.499995,0.499995,0.499992,0.499986,0.499973,0.499949,0.499907,0.499836,0.499719,0.499532,0.499243,0.498809,0.498177,0.497286,0.496068,0.494451,0.492368,0.489763,0.4866,0.48287,0.478599,0.473848,0.468719,0.463348,0.457898,0.452556,0.447513,0.442962,0.439081,0.436024,0.433915,0.432838,0.432838,0.433915,0.436024,0.439081,0.442962,0.447513,0.452556,0.457898,0.463348,0.468719,0.473848,0.478599,0.48287,0.4866,0.489763,0.492368,0.494451,0.496068,0.497286,0.498177,0.498809,0.499243,0.499532,0.499719,0.499836,0.499907,0.499949,0.499973,0.499986,0.499992,0.499995,0.499995
0.499997,0.499997,0.499995,0.499992,0.499984,0.49997,0.499944,0.499901,0.499829,0.499713,0.499532,0.499259,0.498857,0.498286,0.497497,0.49644,0.495067,0.493333,0.491207,0.488678,0.485753,0.482471,0.478896,0.475121,0.471259,0.467446,0.463822,0.460532,0.457712,0.455482,0.453939,0.45315,0.45315,0.453939,0.455482,0.457712,0.460532,0.463822,0.467446,0.471259,0.475121,0.478896,0.482471,0.485753,0.488678,0.491207,0.493333,0.495067,0.49644,0.497497,0.498286,0.498857,0.499259,0.499532,0.499713,0.499829,0.499901,0.499944,0.49997,0.499984,0.499992,0.499995,0.499997,0.499997
0.499998,0.499998,0.499997,0.499995,0.499991,0.499982,0.499968,0.499942,0.499899,0.499829,0.499719,0.499552,0.499304,0.498948,0.498453,0.497784,0.496906,0.495787,0.494404,0.492743,0.490807,0.488615,0.486208,0.483645,0.481006,0.478381,0.475871,0.47358,0.471608,0.470043,0.468956,0.4684,0.4684,0.468956,0.470043,0.471608,0.47358,0.475871,0.478381,0.481006,0.483645,0.486208,0.488615,0.490807,0.492743,0.494404,0.495787,0.496906,0.497784,0.498453,0.498948,0.499304,0.499552,0.499719,0.499829,0.499899,0.499942,0.499968,0.499982,0.499991,0.499995,0.499997,0.499998,0.499998
0.499999,0.499999,0.499999,0.499997,0.499995,0.49999,0.499982,0.499967,0.499942,0.499901,0.499836,0.499737,0.499589,0.499374,0.499072,0.498661,0.498117,0.497419,0.496547,0.495492,0.494252,0.492837,0.491271,0.489592,0.48785,0.486108,0.484432,0.482895,0.481566,0.480508,0.479772,0.479395,0.479395,0.479772,0.480508,0.481566,0.482895,0.484432,0.486108,0.48785,0.489592,0.491271,0.492837,0.494252,0.495492,0.496547,0.497419,0.498117,0.498661,0.499072,0.499374,0.499589,0.499737,0.499836,0.499901,0.499942,0.499967,0.499982,0.49999,0.499995,0.499997,0.499999,0.499999,0.499999
0.5,0.5,0.499999,0.499999,0.499997,0.499995,0.49999,0.499982,0.499968,0.499944,0.499907,0.49985,0.499764,0.499638,0.49946,0.499215,0.498889,0.498466,0.497935,0.497286,0.496518,0.495635,0.49465,0.493588,0.492479,0.491362,0.490283,0.489289,0.488426,0.487737,0.487256,0.48701,0.48701,0.487256,0.487737,0.488426,0.489289,0.490283,0.491362,0.492479,0.493588,0.49465,0.495635,0.496518,0.497286,0.497935,0.498466,0.498889,0.499215,0.49946,0.499638,0.499764,0.49985,0.499907,0.499944,0.499968,0.499982,0.49999,0.499995,0.499997,0.499999,0.499999,0.5,0.5
0.5,0.5,0.5,0.499999,0.499999,0.499997,0.499995,0.49999,0.499982,0.49997,0.499949,0.499917,0.499868,0.499797,0.499695,0.499554,0.499364,0.499116,0.498802,0.498416,0.497955,0.497422,0.496824,0.496173,0.495491,0.4948,0.494129,0.493508,0.492967,0.492534,0.492231,0.492075,0.492075,0.492231,0.492534,0.492967,0.493508,0.494129,0.4948,0.495491,0.496173,0.496824,0.497422,0.497955,0.498416,0.498802,0.499116,0.499364,0.499554,0.499695,0.499797,0.499868,0.499917,0.499949,0.49997,0.499982,0.49999,0.499995,0.499997,0.499999,0.499999,0.5,0.5,0.5
0.5,0.5,0.5,0.5,0.499999,0.499999,0.499997,0.499995,0.499991,0.499984,0.499973,0.499955,0.499929,0.499889,0.499832,0.499753,0.499646,0.499504,0.499324,0.499101,0.498833,0.49852,0.498167,0.497781,0.497373,0.496958,0.496554,0.496178,0.495849,0.495585,0.495401,0.495305,0.495305,0.495401,0.495585,0.495849,0.496178,0.496554,0.496958,0.497373,0.497781,0.498167,0.49852,0.498833,0.499101,0.499324,0.499504,0.499646,0.499753,0.499832,0.499889,0.499929,0.499955,0.499973,0.499984,0.499991,0.499995,0.499997,0.499999,0.499999,0.5,0.5,0.5,0.5
0.5,0.5,0.5,0.5,0.5,0.499999,0.499999,0.499997,0.499995,0.499992,0.499986,0.499976,0.499962,0.49994,0.499909,0.499866,0.499806,0.499727,0.499625,0.499498,0.499344,0.499163,0.498958,0.498733,0.498493,0.498248,0.498008,0.497784,0.497588,0.49743,0.497319,0.497262,0.497262,0.497319,0.49743,0.497588,0.497784,0.498008,0.498248,0.498493,0.498733,0.498958,0.499163,0.499344,0.499498,0.499625,0.499727,0.499806,0.499866,0.499909,0.49994,0.499962,0.499976,0.499986,0.499992,0.499995,0.499997,0.499999,0.499999,0.5,0.5,0.5,0.5,0.5
0.5,0.5,0.5,0.5,0.5,0.5,0.499999,0.499999,0.499997,0.499995,0.499992,0.499987,0.499979,0.499967,0.49995,0.499925,0.49989,0.499845,0.499785,0.499711,0.49962,0.499512,0.499389,0.499253,0.499108,0.498959,0.498812,0.498675,0.498554,0.498456,0.498387,0.498352,0.498352,0.498387,0.498456,0.498554,0.498675,0.498812,0.498959,0.499108,0.499253,0.499389,0.499512,0.49962,0.499711,0.499785,0.499845,0.49989,0.499925,0.49995,0.499967,0.499979,0.499987,0.499992,0.499995,0.499997,0.499999,0.499999,0.5,0.5,0.5,0.5,0.5,0.5
0.5,0.5,0.5,0.5,0.5,0.5,0.5,0.499999,0.499998,0.499997,0.499995,0.499992,0.499986,0.499978,0.499966,0.49995,0.499926,0.499895,0.499854,0.499802,0.499739,0.499664,0.499577,0.499481,0.499378,0.499271,0.499166,0.499067,0.49898,0.498909,0.49886,0.498834,0.498834,0.49886,0.498909,0.49898,0.499067,0.499166,0.499271,0.499378,0.499481,0.499577,0.499664,0.499739,0.499802,0.499854,0.499895,0.499926,0.49995,0.499966,0.499978,0.499986,0.499992,0.499995,0.499997,0.499998,0.499999,0.5,0.5,0.5,0.5,0.5,0.5,0.5
0.5,0.5,0.5,0.5,0.5,0.5,0.5,0.499999,0.499998,0.499997,0.499995,0.499992,0.499986,0.499978,0.499966,0.49995,0.499926,0.499895,0.499854,0.499802,0.499739,0.499664,0.499577,0.499481,0.499378,0.499271,0.499166,0.499067,0.49898,0.498909,0.49886,0.498834,0.498834,0.49886,0.498909,0.49898,0.499067,0.499166,0.499271,0.499378,0.499481,0.499577,0.499664,0.499739,0.499802,0.499854,0.499895,0.499926,0.49995,0.499966,0.499978,0.499986,0.499992,0.499995,0.499997,0.499998,0.499999,0.5,0.5,0.5,0.5,0.5,0.5,0.5
