0.5,0.5,0.499999,0.499999,0.499998,0.499997,0.499994,0.49999,0.499982,0.49997,0.499951,0.499923,0.499881,0.499821,0.499737,0.499624,0.499475,0.499285,0.499047,0.49876,0.498421,0.498034,0.497605,0.497142,0.49666,0.496176,0.495708,0.495277,0.494902,0.494603,0.494395,0.494288,0.494288,0.494395,0.494603,0.494902,0.495277,0.495708,0.496176,0.49666,0.497142,0.497605,0.498034,0.498421,0.49876,0.499047,0.499285,0.499475,0.499624,0.499737,0.499821,0.499881,0.499923,0.499951,0.49997,0.499982,0.49999,0.499994,0.499997,0.499998,0.499999,0.499999,0.5,0.5
0.5,0.5,0.499999,0.499999,0.499998,0.499997,0.499994,0.49999,0.499982,0.49997,0.499951,0.499923,0.499881,0.499821,0.499737,0.499624,0.499475,0.499285,0.499047,0.49876,0.498421,0.498034,0.497605,0.497142,0.49666,0.496176,0.495708,0.495277,0.494902,0.494603,0.494395,0.494288,0.494288,0.494395,0.494603,0.494902,0.495277,0.495708,0.496176,0.49666,0.497142,0.497605,0.498034,0.498421,0.49876,0.499047,0.499285,0.499475,0.499624,0.499737,0.499821,0.499881,0.499923,0.499951,0.49997,0.499982,0.49999,0.499994,0.499997,0.499998,0.499999,0.499999,0.5,0.5
0.499999,0.499999,0.499999,0.499999,0.499997,0.499995,0.499991,0.499985,0.499974,0.499957,0.499931,0.499891,0.499833,0.49975,0.499636,0.499483,0.499283,0.499028,0.498713,0.498335,0.497892,0.497388,0.496833,0.496238,0.495621,0.495004,0.494411,0.493866,0.493394,0.493018,0.492756,0.492622,0.492622,0.492756,0.493018,0.493394,0.493866,0.494411,0.495004,0.495621,0.496238,0.496833,0.497388,0.497892,0.498335,0.498713,0.499028,0.499283,0.499483,0.499636,0.49975,0.499833,0.499891,0.499931,0.499957,0.499974,0.499985,0.499991,0.499995,0.499997,0.499999,0.499999,0.499999,0.499999
0.499999,0.499999,0.499999,0.499997,0.499995,0.499991,0.499985,0.499974,0.499956,0.499927,0.499883,0.499818,0.499723,0.49959,0.499408,0.499166,0.498853,0.498458,0.497975,0.497398,0.49673,0.495977,0.495152,0.494275,0.493373,0.492476,0.491617,0.490832,0.490156,0.489618,0.489245,0.489054,0.489054,0.489245,0.489618,0.490156,0.490832,0.491617,0.492476,0.493373,0.494275,0.495152,0.495977,0.49673,0.497398,0.497975,0.498458,0.498853,0.499166,0.499408,0.49959,0.499723,0.499818,0.499883,0.499927,0.499956,0.499974,0.499985,0.499991,0.499995,0.499997,0.499999,0.499999,0.499999
0.499998,0.499998,0.499997,0.499995,0.499991,0.499985,0.499973,0.499953,0.499921,0.499871,0.499796,0.499685,0.499525,0.499303,0.499001,0.498604,0.498095,0.497459,0.496688,0.495777,0.49473,0.49356,0.49229,0.490949,0.489579,0.488225,0.486937,0.485766,0.484761,0.483965,0.483413,0.483131,0.483131,0.483413,0.483965,0.484761,0.485766,0.486937,0.488225,0.489579,0.490949,0.49229,0.49356,0.49473,0.495777,0.496688,0.497459,0.498095,0.498604,0.499001,0.499303,0.499525,0.499685,0.499796,0.499871,0.499921,0.499953,0.499973,0.499985,0.499991,0.499995,0.499997,0.499998,0.499998
0.499997,0.499997,0.499995,0.499991,0.499985,0.499972,0.499951,0.499917,0.499862,0.499776,0.499648,0.49946,0.499193,0.498825,0.49833,0.497685,0.496865,0.495852,0.494634,0.493208,0.491583,0.489784,0.487844,0.485815,0.483755,0.481733,0.47982,0.47809,0.476612,0.475444,0.474638,0.474226,0.474226,0.474638,0.475444,0.476612,0.47809,0.47982,0.481733,0.483755,0.485815,0.487844,0.489784,0.491583,0.493208,0.494634,0.495852,0.496865,0.497685,0.49833,0.498825,0.499193,0.49946,0.499648,0.499776,0.499862,0.499917,0.499951,0.499972,0.499985,0.499991,0.499995,0.499997,0.499997
0.499994,0.499994,0.499991,0.499985,0.499973,0.499951,0.499915,0.499856,0.499763,0.49962,0.499406,0.499097,0.498662,0.498067,0.497276,0.496253,0.494966,0.493391,0.491515,0.48934,0.486884,0.484188,0.481307,0.478315,0.475302,0.472363,0.469602,0.467117,0.465003,0.46334,0.462193,0.461609,0.461609,0.462193,0.46334,0.465003,0.467117,0.469602,0.472363,0.475302,0.478315,0.481307,0.484188,0.486884,0.48934,0.491515,0.493391,0.494966,0.496253,0.497276,0.498067,0.498662,0.499097,0.499406,0.49962,0.499763,0.499856,0.499915,0.499951,0.499973,0.499985,0.499991,0.499994,0.499994
0.49999,0.49999,0.499985,0.499974,0.499953,0.499917,0.499856,0.499758,0.499605,0.499371,0.499026,0.498531,0.497841,0.496907,0.495677,0.494103,0.492142,0.489766,0.486964,0.483747,0.48015,0.476236,0.472092,0.467826,0.463562,0.459435,0.455582,0.452135,0.449216,0.446929,0.445357,0.444557,0.444557,0.445357,0.446929,0.449216,0.452135,0.455582,0.459435,0.463562,0.467826,0.472092,0.476236,0.48015,0.483747,0.486964,0.489766,0.492142,0.494103,0.495677,0.496907,0.497841,0.498531,0.499026,0.499371,0.499605,0.499758,0.499856,0.499917,0.499953,0.499974,0.499985,0.49999,0.49999
0.499982,0.499982,0.499974,0.499956,0.499921,0.499862,0.499763,0.499605,0.499359,0.498988,0.498446,0.497676,0.496614,0.49519,0.493334,0.490983,0.488087,0.484613,0.480559,0.475952,0.470854,0.465362,0.459602,0.453727,0.447906,0.442316,0.437134,0.432528,0.428648,0.425621,0.423546,0.422492,0.422492,0.423546,0.425621,0.428648,0.432528,0.437134,0.442316,0.447906,0.453727,0.459602,0.465362,0.470854,0.475952,0.480559,0.484613,0.488087,0.490983,0.493334,0.49519,0.496614,0.497676,0.498446,0.498988,0.499359,0.499605,0.499763,0.499862,0.499921,0.499956,0.499974,0.499982,0.499982
0.49997,0.49997,0.499957,0.499927,0.499871,0.499776,0.49962,0.499371,0.498988,0.498417,0.497589,0.496425,0.494836,0.492728,0.490011,0.486606,0.482455,0.477534,0.471853,0.465469,0.458482,0.451034,0.443304,0.435498,0.427835,0.420541,0.413833,0.407911,0.402953,0.399102,0.396472,0.395139,0.395139,0.396472,0.399102,0.402953,0.407911,0.413833,0.420541,0.427835,0.435498,0.443304,0.451034,0.458482,0.465469,0.471853,0.477534,0.482455,0.486606,0.490011,0.492728,0.494836,0.496425,0.497589,0.498417,0.498988,0.499371,0.49962,0.499776,0.499871,0.499927,0.499957,0.49997,0.49997
0.499951,0.499951,0.499931,0.499883,0.499796,0.499648,0.499406,0.499026,0.498446,0.497589,0.49636,0.49465,0.49234,0.489309,0.485445,0.480659,0.474892,0.468133,0.460424,0.451862,0.4426,0.432842,0.422828,0.412825,0.403107,0.393945,0.385593,0.378277,0.372191,0.367491,0.364293,0.362675,0.362675,0.364293,0.367491,0.372191,0.378277,0.385593,0.393945,0.403107,0.412825,0.422828,0.432842,0.4426,0.451862,0.460424,0.468133,0.474892,0.480659,0.485445,0.489309,0.49234,0.49465,0.49636,0.497589,0.498446,0.499026,0.499406,0.499648,0.499796,0.499883,0.499931,0.499951,0.499951
0.499923,0.499923,0.499891,0.499818,0.499685,0.49946,0.499097,0.498531,0.497676,0.496425,0.49465,0.492206,0.488941,0.484705,0.479369,0.472836,0.465062,0.456063,0.445926,0.43481,0.422938,0.410586,0.398066,0.385708,0.373839,0.36277,0.352779,0.344104,0.336941,0.331442,0.327718,0.325838,0.325838,0.327718,0.331442,0.336941,0.344104,0.352779,0.36277,0.373839,0.385708,0.398066,0.410586,0.422938,0.43481,0.445926,0.456063,0.465062,0.472836,0.479369,0.484705,0.488941,0.492206,0.49465,0.496425,0.497676,0.498531,0.499097,0.49946,0.499685,0.499818,0.499891,0.499923,0.499923
0.499881,0.499881,0.499833,0.499723,0.499525,0.499193,0.498662,0.497841,0.496614,0.494836,0.49234,0.488941,0.484451,0.478695,0.471531,0.462871,0.452696,0.441073,0.428156,0.414182,0.399462,0.384356,0.369252,0.354541,0.340593,0.327741,0.31627,0.30641,0.29834,0.292188,0.288042,0.285957,0.285957,0.288042,0.292188,0.29834,0.30641,0.31627,0.327741,0.340593,0.354541,0.369252,0.384356,0.399462,0.414182,0.428156,0.441073,0.452696,0.462871,0.471531,0.478695,0.484451,0.488941,0.49234,0.494836,0.496614,0.497841,0.498662,0.499193,0.499525,0.499723,0.499833,0.499881,0.499881
0.499821,0.499821,0.49975,0.49959,0.499303,0.498825,0.498067,0.496907,0.49519,0.492728,0.489309,0.484705,0.478695,0.471084,0.461731,0.450571,0.437637,0.423067,0.407106,0.390093,0.372437,0.354589,0.337012,0.320145,0.304384,0.290062,0.277444,0.266726,0.258042,0.251477,0.247081,0.244878,0.244878,0.247081,0.251477,0.258042,0.266726,0.277444,0.290062,0.304384,0.320145,0.337012,0.354589,0.372437,0.390093,0.407106,0.423067,0.437637,0.450571,0.461731,0.471084,0.478695,0.484705,0.489309,0.492728,0.49519,0.496907,0.498067,0.498825,0.499303,0.49959,0.49975,0.499821,0.499821
0.499737,0.499737,0.499636,0.499408,0.499001,0.49833,0.497276,0.495677,0.493334,0.490011,0.485445,0.479369,0.471531,0.461731,0.449844,0.435856,0.419875,0.402139,0.383006,0.362935,0.342443,0.322073,0.302347,0.283735,0.266633,0.251342,0.238075,0.226963,0.21807,0.211416,0.206993,0.204788,0.204788,0.206993,0.211416,0.21807,0.226963,0.238075,0.251342,0.266633,0.283735,0.302347,0.322073,0.342443,0.362935,0.383006,0.402139,0.419875,0.435856,0.449844,0.461731,0.471531,0.479369,0.485445,0.490011,0.493334,0.495677,0.497276,0.49833,0.499001,0.499408,0.499636,0.499737,0.499737
0.499624,0.499624,0.499483,0.499166,0.498604,0.497685,0.496253,0.494103,0.490983,0.486606,0.480659,0.472836,0.462871,0.450571,0.435856,0.418787,0.399578,0.378595,0.356332,0.333378,0.310361,0.287903,0.266567,0.246825,0.229034,0.213432,0.200144,0.189206,0.180586,0.17422,0.170031,0.167954,0.167954,0.170031,0.17422,0.180586,0.189206,0.200144,0.213432,0.229034,0.246825,0.266567,0.287903,0.310361,0.333378,0.356332,0.378595,0.399578,0.418787,0.435856,0.450571,0.462871,0.472836,0.480659,0.486606,0.490983,0.494103,0.496253,0.497685,0.498604,0.499166,0.499483,0.499624,0.499624
0.499475,0.499475,0.499283,0.498853,0.498095,0.496865,0.494966,0.492142,0.488087,0.482455,0.474892,0.465062,0.452696,0.437637,0.419875,0.399578,0.377097,0.352951,0.327787,0.302326,0.277299,0.253387,0.231163,0.211063,0.193368,0.178212,0.165602,0.155452,0.147616,0.141929,0.138237,0.136423,0.136423,0.138237,0.141929,0.147616,0.155452,0.165602,0.178212,0.193368,0.211063,0.231163,0.253387,0.277299,0.302326,0.327787,0.352951,0.377097,0.399578,0.419875,0.437637,0.452696,0.465062,0.474892,0.482455,0.488087,0.492142,0.494966,0.496865,0.498095,0.498853,0.499283,0.499475,0.499475
0.499285,0.499285,0.499028,0.498458,0.497459,0.495852,0.493391,0.489766,0.484613,0.477534,0.468133,0.456063,0.441073,0.423067,0.402139,0.378595,0.352951,0.325898,0.298243,0.270835,0.244489,0.219909,0.197642,0.178046,0.161286,0.147358,0.136124,0.127355,0.120782,0.116135,0.113179,0.111746,0.111746,0.113179,0.116135,0.120782,0.127355,0.136124,0.147358,0.161286,0.178046,0.197642,0.219909,0.244489,0.270835,0.298243,0.325898,0.352951,0.378595,0.402139,0.423067,0.441073,0.456063,0.468133,0.477534,0.484613,0.489766,0.493391,0.495852,0.497459,0.498458,0.499028,0.499285,0.499285
0.499047,0.499047,0.498713,0.497975,0.496688,0.494634,0.491515,0.486964,0.480559,0.471853,0.460424,0.445926,0.428156,0.407106,0.383006,0.356332,0.327787,0.298243,0.268664,0.240013,0.213152,0.188776,0.167357,0.149132,0.134116,0.122139,0.112898,0.106016,0.101099,0.0977758,0.0957423,0.0947815,0.0947815,0.0957423,0.0977758,0.101099,0.106016,0.112898,0.122139,0.134116,0.149132,0.167357,0.188776,0.213152,0.240013,0.268664,0.298243,0.327787,0.356332,0.383006,0.407106,0.428156,0.445926,0.460424,0.471853,0.480559,0.486964,0.491515,0.494634,0.496688,0.497975,0.498713,0.499047,0.499047
0.49876,0.49876,0.498335,0.497398,0.495777,0.493208,0.48934,0.483747,0.475952,0.465469,0.451862,0.43481,0.414182,0.390093,0.362935,0.333378,0.302326,0.270835,0.240013,0.210902,0.184378,0.161077,0.141355,0.12529,0.112714,0.103274,0.0964994,0.0918684,0.0888707,0.0870527,0.0860513,0.0856148,0.0856148,0.0860513,0.0870527,0.0888707,0.0918684,0.0964994,0.103274,0.112714,0.12529,0.141355,0.161077,0.184378,0.210902,0.240013,0.270835,0.302326,0.333378,0.362935,0.390093,0.414182,0.43481,0.451862,0.465469,0.475952,0.483747,0.48934,0.493208,0.495777,0.497398,0.498335,0.49876,0.49876
0.498421,0.498421,0.497892,0.49673,0.49473,0.491583,0.486884,0.48015,0.470854,0.458482,0.4426,0.422938,0.399462,0.372437,0.342443,0.310361,0.277299,0.244489,0.213152,0.184378,0.15901,0.137579,0.120284,0.10701,0.0973925,0.0908887,0.0868655,0.0846737,0.0837094,0.0834569,0.0835154,0.0836131,0.0836131,0.0835154,0.0834569,0.0837094,0.0846737,0.0868655,0.0908887,0.0973925,0.10701,0.120284,0.137579,0.15901,0.184378,0.213152,0.244489,0.277299,0.310361,0.342443,0.372437,0.399462,0.422938,0.4426,0.458482,0.470854,0.48015,0.486884,0.491583,0.49473,0.49673,0.497892,0.498421,0.498421
0.498034,0.498034,0.497388,0.495977,0.49356,0.489784,0.484188,0.476236,0.465362,0.451034,0.432842,0.410586,0.384356,0.354589,0.322073,0.287903,0.253387,0.219909,0.188776,0.161077,0.137579,0.118667,0.104346,0.0942941,0.087937,0.0845531,0.0833655,0.0836225,0.0846552,0.0859132,0.086981,0.0875833,0.0875833,0.086981,0.0859132,0.0846552,0.0836225,0.0833655,0.0845531,0.087937,0.0942941,0.104346,0.118667,0.137579,0.161077,0.188776,0.219909,0.253387,0.287903,0.322073,0.354589,0.384356,0.410586,0.432842,0.451034,0.465362,0.476236,0.484188,0.489784,0.49356,0.495977,0.497388,0.498034,0.498034
0.497605,0.497605,0.496833,0.495152,0.49229,0.487844,0.481307,0.472092,0.459602,0.443304,0.422828,0.398066,0.369252,0.337012,0.302347,0.266567,0.231163,0.197642,0.167357,0.141355,0.120284,0.104346,0.0933362,0.086709,0.0836929,0.0834041,0.0849492,0.0875056,0.0903711,0.0929891,0.0949527,0.0959987,0.0959987,0.0949527,0.0929891,0.0903711,0.0875056,0.0849492,0.0834041,0.0836929,0.086709,0.0933362,0.104346,0.120284,0.141355,0.167357,0.197642,0.231163,0.266567,0.302347,0.337012,0.369252,0.398066,0.422828,0.443304,0.459602,0.472092,0.481307,0.487844,0.49229,0.495152,0.496833,0.497605,0.497605
0.497142,0.497142,0.496238,0.494275,0.490949,0.485815,0.478315,0.467826,0.453727,0.435498,0.412825,0.385708,0.354541,0.320145,0.283735,0.246825,0.211063,0.178046,0.149132,0.12529,0.10701,0.0942941,0.086709,0.083496,0.0837013,0.0863054,0.090331,0.0949175,0.0993606,0.103124,0.105828,0.107237,0.107237,0.105828,0.103124,0.0993606,0.0949175,0.090331,0.0863054,0.0837013,0.083496,0.086709,0.0942941,0.10701,0.12529,0.149132,0.178046,0.211063,0.246825,0.283735,0.320145,0.354541,0.385708,0.412825,0.435498,0.453727,0.467826,0.478315,0.485815,0.490949,0.494275,0.496238,0.497142,0.497142
0.49666,0.49666,0.495621,0.493373,0.489579,0.483755,0.475302,0.463562,0.447906,0.427835,0.403107,0.373839,0.340593,0.304384,0.266633,0.229034,0.193368,0.161286,0.134116,0.112714,0.0973925,0.087937,0.0836929,0.0837013,0.0868508,0.0920175,0.0981726,0.104449,0.110166,0.114829,0.118103,0.119788,0.119788,0.118103,0.114829,0.110166,0.104449,0.0981726,0.0920175,0.0868508,0.0837013,0.0836929,0.087937,0.0973925,0.112714,0.134116,0.161286,0.193368,0.229034,0.266633,0.304384,0.340593,0.373839,0.403107,0.427835,0.447906,0.463562,0.475302,0.483755,0.489579,0.493373,0.495621,0.49666,0.49666
0.496176,0.496176,0.495004,0.492476,0.488225,0.481733,0.472363,0.459435,0.442316,0.420541,0.393945,0.36277,0.327741,0.290062,0.251342,0.213432,0.178212,0.147358,0.122139,0.103274,0.0908887,0.0845531,0.0834041,0.0863054,0.0920175,0.099343,0.107231,0.114834,0.121515,0.126835,0.130513,0.132388,0.132388,0.130513,0.126835,0.121515,0.114834,0.107231,0.099343,0.0920175,0.0863054,0.0834041,0.0845531,0.0908887,0.103274,0.122139,0.147358,0.178212,0.213432,0.251342,0.290062,0.327741,0.36277,0.393945,0.420541,0.442316,0.459435,0.472363,0.481733,0.488225,0.492476,0.495004,0.496176,0.496176
0.495708,0.495708,0.494411,0.491617,0.486937,0.47982,0.469602,0.455582,0.437134,0.413833,0.385593,0.352779,0.31627,0.277444,0.238075,0.200144,0.165602,0.136124,0.112898,0.0964994,0.0868655,0.0833655,0.0849492,0.090331,0.0981726,0.107231,0.116459,0.125042,0.132403,0.138164,0.142101,0.144094,0.144094,0.142101,0.138164,0.132403,0.125042,0.116459,0.107231,0.0981726,0.090331,0.0849492,0.0833655,0.0868655,0.0964994,0.112898,0.136124,0.165602,0.200144,0.238075,0.277444,0.31627,0.352779,0.385593,0.413833,0.437134,0.455582,0.469602,0.47982,0.486937,0.491617,0.494411,0.495708,0.495708
0.495277,0.495277,0.493866,0.490832,0.485766,0.47809,0.467117,0.452135,0.432528,0.407911,0.378277,0.344104,0.30641,0.266726,0.226963,0.189206,0.155452,0.127355,0.106016,0.0918684,0.0846737,0.0836225,0.0875056,0.0949175,0.104449,0.114834,0.125042,0.134307,0.142112,0.14814,0.152221,0.154276,0.154276,0.152221,0.14814,0.142112,0.134307,0.125042,0.114834,0.104449,0.0949175,0.0875056,0.0836225,0.0846737,0.0918684,0.106016,0.127355,0.155452,0.189206,0.226963,0.266726,0.30641,0.344104,0.378277,0.407911,0.432528,0.452135,0.467117,0.47809,0.485766,0.490832,0.493866,0.495277,0.495277
0.494902,0.494902,0.493394,0.490156,0.484761,0.476612,0.465003,0.449216,0.428648,0.402953,0.372191,0.336941,0.29834,0.258042,0.21807,0.180586,0.147616,0.120782,0.101099,0.0888707,0.0837094,0.0846552,0.0903711,0.0993606,0.110166,0.121515,0.132403,0.142112,0.15018,0.156348,0.160495,0.162574,0.162574,0.160495,0.156348,0.15018,0.142112,0.132403,0.121515,0.110166,0.0993606,0.0903711,0.0846552,0.0837094,0.0888707,0.101099,0.120782,0.147616,0.180586,0.21807,0.258042,0.29834,0.336941,0.372191,0.402953,0.428648,0.449216,0.465003,0.476612,0.484761,0.490156,0.493394,0.494902,0.494902
0.494603,0.494603,0.493018,0.489618,0.483965,0.475444,0.46334,0.446929,0.425621,0.399102,0.367491,0.331442,0.292188,0.251477,0.211416,0.17422,0.141929,0.116135,0.0977758,0.0870527,0.0834569,0.0859132,0.0929891,0.103124,0.114829,0.126835,0.138164,0.14814,0.156348,0.162577,0.166741,0.168822,0.168822,0.166741,0.162577,0.156348,0.14814,0.138164,0.126835,0.114829,0.103124,0.0929891,0.0859132,0.0834569,0.0870527,0.0977758,0.116135,0.141929,0.17422,0.211416,0.251477,0.292188,0.331442,0.367491,0.399102,0.425621,0.446929,0.46334,0.475444,0.483965,0.489618,0.493018,0.494603,0.494603
0.494395,0.494395,0.492756,0.489245,0.483413,0.474638,0.462193,0.445357,0.423546,0.396472,0.364293,0.327718,0.288042,0.247081,0.206993,0.170031,0.138237,0.113179,0.0957423,0.0860513,0.0835154,0.086981,0.0949527,0.105828,0.118103,0.130513,0.142101,0.152221,0.160495,0.166741,0.170902,0.172977,0.172977,0.170902,0.166741,0.160495,0.152221,0.142101,0.130513,0.118103,0.105828,0.0949527,0.086981,0.0835154,0.0860513,0.0957423,0.113179,0.138237,0.170031,0.206993,0.247081,0.288042,0.327718,0.364293,0.396472,0.423546,0.445357,0.462193,0.474638,0.483413,0.489245,0.492756,0.494395,0.494395
0.494288,0.494288,0.492622,0.489054,0.483131,0.474226,0.461609,0.444557,0.422492,0.395139,0.362675,0.325838,0.285957,0.244878,0.204788,0.167954,0.136423,0.111746,0.0947815,0.0856148,0.0836131,0.0875833,0.0959987,0.107237,0.119788,0.132388,0.144094,0.154276,0.162574,0.168822,0.172977,0.175046,0.175046,0.172977,0.168822,0.162574,0.154276,0.144094,0.132388,0.119788,0.107237,0.0959987,0.0875833,0.0836131,0.0856148,0.0947815,0.111746,0.136423,0.167954,0.204788,0.244878,0.285957,0.325838,0.362675,0.395139,0.422492,0.444557,0.461609,0.474226,0.483131,0.489054,0.492622,0.494288,0.494288
0.494288,0.494288,0.492622,0.489054,0.483131,0.474226,0.461609,0.444557,0.422492,0.395139,0.362675,0.325838,0.285957,0.244878,0.204788,0.167954,0.136423,0.111746,0.0947815,0.0856148,0.0836131,0.0875833,0.0959987,0.107237,0.119788,0.132388,0.144094,0.154276,0.162574,0.168822,0.172977,0.175046,0.175046,0.172977,0.168822,0.162574,0.154276,0.144094,0.132388,0.119788,0.107237,0.0959987,0.0875833,0.0836131,0.0856148,0.0947815,0.111746,0.136423,0.167954,0.204788,0.244878,0.285957,0.325838,0.362675,0.395139,0.422492,0.444557,0.461609,0.474226,0.483131,0.489054,0.492622,0.494288,0.494288
0.494395,0.494395,0.492756,0.489245,0.483413,0.474638,0.462193,0.445357,0.423546,0.396472,0.364293,0.327718,0.288042,0.247081,0.206993,0.170031,0.138237,0.113179,0.0957423,0.0860513,0.0835154,0.086981,0.0949527,0.105828,0.118103,0.130513,0.142101,0.152221,0.160495,0.166741,0.170902,0.172977,0.172977,0.170902,0.166741,0.160495,0.152221,0.142101,0.130513,0.118103,0.105828,0.0949527,0.086981,0.0835154,0.0860513,0.0957423,0.113179,0.138237,0.170031,0.206993,0.247081,0.288042,0.327718,0.364293,0.396472,0.423546,0.445357,0.462193,0.474638,0.483413,0.489245,0.492756,0.494395,0.494395
0.494603,0.494603,0.493018,0.489618,0.483965,0.475444,0.46334,0.446929,0.425621,0.399102,0.367491,0.331442,0.292188,0.251477,0.211416,0.17422,0.141929,0.116135,0.0977758,0.0870527,0.0834569,0.0859132,0.0929891,0.103124,0.114829,0.126835,0.138164,0.14814,0.156348,0.162577,0.166741,0.168822,0.168822,0.166741,0.162577,0.156348,0.14814,0.138164,0.126835,0.114829,0.103124,0.0929891,0.0859132,0.0834569,0.0870527,0.0977758,0.116135,0.141929,0.17422,0.211416,0.251477,0.292188,0.331442,0.367491,0.399102,0.425621,0.446929,0.46334,0.475444,0.483965,0.489618,0.493018,0.494603,0.494603
0.494902,0.494902,0.493394,0.490156,0.484761,0.476612,0.465003,0.449216,0.428648,0.402953,0.372191,0.336941,0.29834,0.258042,0.21807,0.180586,0.147616,0.120782,0.101099,0.0888707,0.0837094,0.0846552,0.0903711,0.0993606,0.110166,0.121515,0.132403,0.142112,0.15018,0.156348,0.160495,0.162574,0.162574,0.160495,0.156348,0.15018,0.142112,0.132403,0.121515,0.110166,0.0993606,0.0903711,0.0846552,0.0837094,0.0888707,0.101099,0.120782,0.147616,0.180586,0.21807,0.258042,0.29834,0.336941,0.372191,0.402953,0.428648,0.449216,0.465003,0.476612,0.484761,0.490156,0.493394,0.494902,0.494902
0.495277,0.495277,0.493866,0.490832,0.485766,0.47809,0.467117,0.452135,0.432528,0.407911,0.378277,0.344104,0.30641,0.266726,0.226963,0.189206,0.155452,0.127355,0.106016,0.0918684,0.0846737,0.0836225,0.0875056,0.0949175,0.104449,0.114834,0.125042,0.134307,0.142112,0.14814,0.152221,0.154276,0.154276,0.152221,0.14814,0.142112,0.134307,0.125042,0.114834,0.104449,0.0949175,0.0875056,0.0836225,0.0846737,0.0918684,0.106016,0.127355,0.155452,0.189206,0.226963,0.266726,0.30641,0.344104,0.378277,0.407911,0.432528,0.452135,0.467117,0.47809,0.485766,0.490832,0.493866,0.495277,0.495277
0.495708,0.495708,0.494411,0.491617,0.486937,0.47982,0.469602,0.455582,0.437134,0.413833,0.385593,0.352779,0.31627,0.277444,0.238075,0.200144,0.165602,0.136124,0.112898,0.0964994,0.0868655,0.0833655,0.0849492,0.090331,0.0981726,0.107231,0.116459,0.125042,0.132403,0.138164,0.142101,0.144094,0.144094,0.142101,0.138164,0.132403,0.125042,0.116459,0.107231,0.0981726,0.090331,0.0849492,0.0833655,0.0868655,0.0964994,0.112898,0.136124,0.165602,0.200144,0.238075,0.277444,0.31627,0.352779,0.385593,0.413833,0.437134,0.455582,0.469602,0.47982,0.486937,0.491617,0.494411,0.495708,0.495708
0.496176,0.496176,0.495004,0.492476,0.488225,0.481733,0.472363,0.459435,0.442316,0.420541,0.393945,0.36277,0.327741,0.290062,0.251342,0.213432,0.178212,0.147358,0.122139,0.103274,0.0908887,0.0845531,0.0834041,0.0863054,0.0920175,0.099343,0.107231,0.114834,0.121515,0.126835,0.130513,0.132388,0.132388,0.130513,0.126835,0.121515,0.114834,0.107231,0.099343,0.0920175,0.0863054,0.0834041,0.0845531,0.0908887,0.103274,0.122139,0.147358,0.178212,0.213432,0.251342,0.290062,0.327741,0.36277,0.393945,0.420541,0.442316,0.459435,0.472363,0.481733,0.488225,0.492476,0.495004,0.496176,0.496176
0.49666,0.49666,0.495621,0.493373,0.489579,0.483755,0.475302,0.463562,0.447906,0.427835,0.403107,0.373839,0.340593,0.304384,0.266633,0.229034,0.193368,0.161286,0.134116,0.112714,0.0973925,0.087937,0.0836929,0.0837013,0.0868508,0.0920175,0.0981726,0.104449,0.110166,0.114829,0.118103,0.119788,0.119788,0.118103,0.114829,0.110166,0.104449,0.0981726,0.0920175,0.0868508,0.0837013,0.0836929,0.087937,0.0973925,0.112714,0.134116,0.161286,0.193368,0.229034,0.266633,0.304384,0.340593,0.373839,0.403107,0.427835,0.447906,0.463562,0.475302,0.483755,0.489579,0.493373,0.495621,0.49666,0.49666
0.497142,0.497142,0.496238,0.494275,0.490949,0.485815,0.478315,0.467826,0.453727,0.435498,0.412825,0.385708,0.354541,0.320145,0.283735,0.246825,0.211063,0.178046,0.149132,0.12529,0.10701,0.0942941,0.086709,0.083496,0.0837013,0.0863054,0.090331,0.0949175,0.0993606,0.103124,0.105828,0.107237,0.107237,0.105828,0.103124,0.0993606,0.0949175,0.090331,0.0863054,0.0837013,0.083496,0.086709,0.0942941,0.10701,0.12529,0.149132,0.178046,0.211063,0.246825,0.283735,0.320145,0.354541,0.385708,0.412825,0.435498,0.453727,0.467826,0.478315,0.485815,0.490949,0.494275,0.496238,0.497142,0.497142
0.497605,0.497605,0.496833,0.495152,0.49229,0.487844,0.481307,0.472092,0.459602,0.443304,0.422828,0.398066,0.369252,0.337012,0.302347,0.266567,0.231163,0.197642,0.167357,0.141355,0.120284,0.104346,0.0933362,0.086709,0.0836929,0.0834041,0.0849492,0.0875056,0.0903711,0.0929891,0.0949527,0.0959987,0.0959987,0.0949527,0.0929891,0.0903711,0.0875056,0.0849492,0.0834041,0.0836929,0.086709,0.0933362,0.104346,0.120284,0.141355,0.167357,0.197642,0.231163,0.266567,0.302347,0.337012,0.369252,0.398066,0.422828,0.443304,0.459602,0.472092,0.481307,0.487844,0.49229,0.495152,0.496833,0.497605,0.497605
0.498034,0.498034,0.497388,0.495977,0.49356,0.489784,0.484188,0.476236,0.465362,0.451034,0.432842,0.410586,0.384356,0.354589,0.322073,0.287903,0.253387,0.219909,0.188776,0.161077,0.137579,0.118667,0.104346,0.0942941,0.087937,0.0845531,0.0833655,0.0836225,0.0846552,0.0859132,0.086981,0.0875833,0.0875833,0.086981,0.0859132,0.0846552,0.0836225,0.0833655,0.0845531,0.087937,0.0942941,0.104346,0.118667,0.137579,0.161077,0.188776,0.219909,0.253387,0.287903,0.322073,0.354589,0.384356,0.410586,0.432842,0.451034,0.465362,0.476236,0.484188,0.489784,0.49356,0.495977,0.497388,0.498034,0.498034
0.498421,0.498421,0.497892,0.49673,0.49473,0.491583,0.486884,0.48015,0.470854,0.458482,0.4426,0.422938,0.399462,0.372437,0.342443,0.310361,0.277299,0.244489,0.213152,0.184378,0.15901,0.137579,0.120284,0.10701,0.0973925,0.0908887,0.0868655,0.0846737,0.0837094,0.0834569,0.0835154,0.0836131,0.0836131,0.0835154,0.0834569,0.0837094,0.0846737,0.0868655,0.0908887,0.0973925,0.10701,0.120284,0.137579,0.15901,0.184378,0.213152,0.244489,0.277299,0.310361,0.342443,0.372437,0.399462,0.422938,0.4426,0.458482,0.470854,0.48015,0.486884,0.491583,0.49473,0.49673,0.497892,0.498421,0.498421
0.49876,0.49876,0.498335,0.497398,0.495777,0.493208,0.48934,0.483747,0.475952,0.465469,0.451862,0.43481,0.414182,0.390093,0.362935,0.333378,0.302326,0.270835,0.240013,0.210902,0.184378,0.161077,0.141355,0.12529,0.112714,0.103274,0.0964994,0.0918684,0.0888707,0.0870527,0.0860513,0.0856148,0.0856148,0.0860513,0.0870527,0.0888707,0.0918684,0.0964994,0.103274,0.112714,0.12529,0.141355,0.161077,0.184378,0.210902,0.240013,0.270835,0.302326,0.333378,0.362935,0.390093,0.414182,0.43481,0.451862,0.465469,0.475952,0.483747,0.48934,0.493208,0.495777,0.497398,0.498335,0.49876,0.49876
0.499047,0.499047,0.498713,0.497975,0.496688,0.494634,0.491515,0.486964,0.480559,0.471853,0.460424,0.445926,0.428156,0.407106,0.383006,0.356332,0.327787,0.298243,0.268664,0.240013,0.213152,0.188776,0.167357,0.149132,0.134116,0.122139,0.112898,0.106016,0.101099,0.0977758,0.0957423,0.0947815,0.0947815,0.0957423,0.0977758,0.101099,0.106016,0.112898,0.122139,0.134116,0.149132,0.167357,0.188776,0.213152,0.240013,0.268664,0.298243,0.327787,0.356332,0.383006,0.407106,0.428156,0.445926,0.460424,0.471853,0.480559,0.486964,0.491515,0.494634,0.496688,0.497975,0.498713,0.499047,0.499047
0.499285,0.499285,0.499028,0.498458,0.497459,0.495852,0.493391,0.489766,0.484613,0.477534,0.468133,0.456063,0.441073,0.423067,0.402139,0.378595,0.352951,0.325898,0.298243,0.270835,0.244489,0.219909,0.197642,0.178046,0.161286,0.147358,0.136124,0.127355,0.120782,0.116135,0.113179,0.111746,0.111746,0.113179,0.116135,0.120782,0.127355,0.136124,0.147358,0.161286,0.178046,0.197642,0.219909,0.244489,0.270835,0.298243,0.325898,0.352951,0.378595,0.402139,0.423067,0.441073,0.456063,0.468133,0.477534,0.484613,0.489766,0.493391,0.495852,0.497459,0.498458,0.499028,0.499285,0.499285
0.499475,0.499475,0.499283,0.498853,0.498095,0.496865,0.494966,0.492142,0.488087,0.482455,0.474892,0.465062,0.452696,0.437637,0.419875,0.399578,0.377097,0.352951,0.327787,0.302326,0.277299,0.253387,0.231163,0.211063,0.193368,0.178212,0.165602,0.155452,0.147616,0.141929,0.138237,0.136423,0.136423,0.138237,0.141929,0.147616,0.155452,0.165602,0.178212,0.193368,0.211063,0.231163,0.253387,0.277299,0.302326,0.327787,0.352951,0.377097,0.399578,0.419875,0.437637,0.452696,0.465062,0.474892,0.482455,0.488087,0.492142,0.494966,0.496865,0.498095,0.498853,0.499283,0.499475,0.499475
0.499624,0.499624,0.499483,0.499166,0.498604,0.497685,0.496253,0.494103,0.490983,0.486606,0.480659,0.472836,0.462871,0.450571,0.435856,0.418787,0.399578,0.378595,0.356332,0.333378,0.310361,0.287903,0.266567,0.246825,0.229034,0.213432,0.200144,0.189206,0.180586,0.17422,0.170031,0.167954,0.167954,0.170031,0.17422,0.180586,0.189206,0.200144,0.213432,0.229034,0.246825,0.266567,0.287903,0.310361,0.333378,0.356332,0.378595,0.399578,0.418787,0.435856,0.450571,0.462871,0.472836,0.480659,0.486606,0.490983,0.494103,0.496253,0.497685,0.498604,0.499166,0.499483,0.499624,0.499624
0.499737,0.499737,0.499636,0.499408,0.499001,0.49833,0.497276,0.495677,0.493334,0.490011,0.485445,0.479369,0.471531,0.461731,0.449844,0.435856,0.419875,0.402139,0.383006,0.362935,0.342443,0.322073,0.302347,0.283735,0.266633,0.251342,0.238075,0.226963,0.21807,0.211416,0.206993,0.204788,0.204788,0.206993,0.211416,0.21807,0.226963,0.238075,0.251342,0.266633,0.283735,0.302347,0.322073,0.342443,0.362935,0.383006,0.402139,0.419875,0.435856,0.449844,0.461731,0.471531,0.479369,0.485445,0.490011,0.493334,0.495677,0.497276,0.49833,0.499001,0.499408,0.499636,0.499737,0.499737
0.499821,0.499821,0.49975,0.49959,0.499303,0.498825,0.498067,0.496907,0.49519,0.492728,0.489309,0.484705,0.478695,0.471084,0.461731,0.450571,0.437637,0.423067,0.407106,0.390093,0.372437,0.354589,0.337012,0.320145,0.304384,0.290062,0.277444,0.266726,0.258042,0.251477,0.247081,0.244878,0.244878,0.247081,0.251477,0.258042,0.266726,0.277444,0.290062,0.304384,0.320145,0.337012,0.354589,0.372437,0.390093,0.407106,0.423067,0.437637,0.450571,0.461731,0.471084,0.478695,0.484705,0.489309,0.492728,0.49519,0.496907,0.498067,0.498825,0.499303,0.49959,0.49975,0.499821,0.499821
0.499881,0.499881,0.499833,0.499723,0.499525,0.499193,0.498662,0.497841,0.496614,0.494836,0.49234,0.488941,0.484451,0.478695,0.471531,0.462871,0.452696,0.441073,0.428156,0.414182,0.399462,0.384356,0.369252,0.354541,0.340593,0.327741,0.31627,0.30641,0.29834,0.292188,0.288042,0.285957,0.285957,0.288042,0.292188,0.29834,0.30641,0.31627,0.327741,0.340593,0.354541,0.369252,0.384356,0.399462,0.414182,0.428156,0.441073,0.452696,0.462871,0.471531,0.478695,0.484451,0.488941,0.49234,0.494836,0.496614,0.497841,0.498662,0.499193,0.499525,0.499723,0.499833,0.499881,0.499881
0.499923,0.499923,0.499891,0.499818,0.499685,0.49946,0.499097,0.498531,0.497676,0.496425,0.49465,0.492206,0.488941,0.484705,0.479369,0.472836,0.465062,0.456063,0.445926,0.43481,0.422938,0.410586,0.398066,0.385708,0.373839,0.36277,0.352779,0.344104,0.336941,0.331442,0.327718,0.325838,0.325838,0.327718,0.331442,0.336941,0.344104,0.352779,0.36277,0.373839,0.385708,0.398066,0.410586,0.422938,0.43481,0.445926,0.456063,0.465062,0.472836,0.479369,0.484705,0.488941,0.492206,0.49465,0.496425,0.497676,0.498531,0.499097,0.49946,0.499685,0.499818,0.499891,0.499923,0.499923
0.499951,0.499951,0.499931,0.499883,0.499796,0.499648,0.499406,0.499026,0.498446,0.497589,0.49636,0.49465,0.49234,0.489309,0.485445,0.480659,0.474892,0.468133,0.460424,0.451862,0.4426,0.432842,0.422828,0.412825,0.403107,0.393945,0.385593,0.378277,0.372191,0.367491,0.364293,0.362675,0.362675,0.364293,0.367491,0.372191,0.378277,0.385593,0.393945,0.403107,0.412825,0.422828,0.432842,0.4426,0.451862,0.460424,0.468133,0.474892,0.480659,0.485445,0.489309,0.49234,0.49465,0.49636,0.497589,0.498446,0.499026,0.499406,0.499648,0.499796,0.499883,0.499931,0.499951,0.499951
0.49997,0.49997,0.499957,0.499927,0.499871,0.499776,0.49962,0.499371,0.498988,0.498417,0.497589,0.496425,0.494836,0.492728,0.490011,0.486606,0.482455,0.477534,0.471853,0.465469,0.458482,0.451034,0.443304,0.435498,0.427835,0.420541,0.413833,0.407911,0.402953,0.399102,0.396472,0.395139,0.395139,0.396472,0.399102,0.402953,0.407911,0.413833,0.420541,0.427835,0.435498,0.443304,0.451034,0.458482,0.465469,0.471853,0.477534,0.482455,0.486606,0.490011,0.492728,0.494836,0.496425,0.497589,0.498417,0.498988,0.499371,0.49962,0.499776,0.499871,0.499927,0.499957,0.49997,0.49997
0.499982,0.499982,0.499974,0.499956,0.499921,0.499862,0.499763,0.499605,0.499359,0.498988,0.498446,0.497676,0.496614,0.49519,0.493334,0.490983,0.488087,0.484613,0.480559,0.475952,0.470854,0.465362,0.459602,0.453727,0.447906,0.442316,0.437134,0.432528,0.428648,0.425621,0.423546,0.422492,0.422492,0.423546,0.425621,0.428648,0.432528,0.437134,0.442316,0.447906,0.453727,0.459602,0.465362,0.470854,0.475952,0.480559,0.484613,0.488087,0.490983,0.493334,0.49519,0.496614,0.497676,0.498446,0.498988,0.499359,0.499605,0.499763,0.499862,0.499921,0.499956,0.499974,0.499982,0.499982
0.49999,0.49999,0.499985,0.499974,0.499953,0.499917,0.499856,0.499758,0.499605,0.499371,0.499026,0.498531,0.497841,0.496907,0.495677,0.494103,0.492142,0.489766,0.486964,0.483747,0.48015,0.476236,0.472092,0.467826,0.463562,0.459435,0.455582,0.452135,0.449216,0.446929,0.445357,0.444557,0.444557,0.445357,0.446929,0.449216,0.452135,0.455582,0.459435,0.463562,0.467826,0.472092,0.476236,0.48015,0.483747,0.486964,0.489766,0.492142,0.494103,0.495677,0.496907,0.497841,0.498531,0.499026,0.499371,0.499605,0.499758,0.499856,0.499917,0.499953,0.499974,0.499985,0.49999,0.49999
0.499994,0.499994,0.499991,0.499985,0.499973,0.499951,0.499915,0.499856,0.499763,0.49962,0.499406,0.499097,0.498662,0.498067,0.497276,0.496253,0.494966,0.493391,0.491515,0.48934,0.486884,0.484188,0.481307,0.478315,0.475302,0.472363,0.469602,0.467117,0.465003,0.46334,0.462193,0.461609,0.461609,0.462193,0.46334,0.465003,0.467117,0.469602,0.472363,0.475302,0.478315,0.481307,0.484188,0.486884,0.48934,0.491515,0.493391,0.494966,0.496253,0.497276,0.498067,0.498662,0.499097,0.499406,0.49962,0.499763,0.499856,0.499915,0.499951,0.499973,0.499985,0.499991,0.499994,0.499994
0.499997,0.499997,0.499995,0.499991,0.499985,0.499972,0.499951,0.499917,0.499862,0.499776,0.499648,0.49946,0.499193,0.498825,0.49833,0.497685,0.496865,0.495852,0.494634,0.493208,0.491583,0.489784,0.487844,0.485815,0.483755,0.481733,0.47982,0.47809,0.476612,0.475444,0.474638,0.474226,0.474226,0.474638,0.475444,0.476612,0.47809,0.47982,0.481733,0.483755,0.485815,0.487844,0.489784,0.491583,0.493208,0.494634,0.495852,0.496865,0.497685,0.49833,0.498825,0.499193,0.49946,0.499648,0.499776,0.499862,0.499917,0.499951,0.499972,0.499985,0.499991,0.499995,0.499997,0.499997
0.499998,0.499998,0.499997,0.499995,0.499991,0.499985,0.499973,0.499953,0.499921,0.499871,0.499796,0.499685,0.499525,0.499303,0.499001,0.498604,0.498095,0.497459,0.496688,0.495777,0.49473,0.49356,0.49229,0.490949,0.489579,0.488225,0.486937,0.485766,0.484761,0.483965,0.483413,0.483131,0.483131,0.483413,0.483965,0.484761,0.485766,0.486937,0.488225,0.489579,0.490949,0.49229,0.49356,0.49473,0.495777,0.496688,0.497459,0.498095,0.498604,0.499001,0.499303,0.499525,0.499685,0.499796,0.499871,0.499921,0.499953,0.499973,0.499985,0.499991,0.499995,0.499997,0.499998,0.499998
0.499999,0.499999,0.499999,0.499997,0.499995,0.499991,0.499985,0.499974,0.499956,0.499927,0.499883,0.499818,0.499723,0.49959,0.499408,0.499166,0.498853,0.498458,0.497975,0.497398,0.49673,0.495977,0.495152,0.494275,0.493373,0.492476,0.491617,0.490832,0.490156,0.489618,0.489245,0.489054,0.489054,0.489245,0.489618,0.490156,0.490832,0.491617,0.492476,0.493373,0.494275,0.495152,0.495977,0.49673,0.497398,0.497975,0.498458,0.498853,0.499166,0.499408,0.49959,0.499723,0.499818,0.499883,0.499927,0.499956,0.499974,0.499985,0.499991,0.499995,0.499997,0.499999,0.499999,0.499999
0.499999,0.499999,0.499999,0.499999,0.499997,0.499995,0.499991,0.499985,0.499974,0.499957,0.499931,0.499891,0.499833,0.49975,0.499636,0.499483,0.499283,0.499028,0.498713,0.498335,0.497892,0.497388,0.496833,0.496238,0.495621,0.495004,0.494411,0.493866,0.493394,0.493018,0.492756,0.492622,0.492622,0.492756,0.493018,0.493394,0.493866,0.494411,0.495004,0.495621,0.496238,0.496833,0.497388,0.497892,0.498335,0.498713,0.499028,0.499283,0.499483,0.499636,0.49975,0.499833,0.499891,0.499931,0.499957,0.499974,0.499985,0.499991,0.499995,0.499997,0.499999,0.499999,0.499999,0.499999
0.5,0.5,0.499999,0.499999,0.499998,0.499997,0.499994,0.49999,0.499982,0.49997,0.499951,0.499923,0.499881,0.499821,0.499737,0.499624,0.499475,0.499285,0.499047,0.49876,0.498421,0.498034,0.497605,0.497142,0.49666,0.496176,0.495708,0.495277,0.494902,0.494603,0.494395,0.494288,0.494288,0.494395,0.494603,0.494902,0.495277,0.495708,0.496176,0.49666,0.497142,0.497605,0.498034,0.498421,0.49876,0.499047,0.499285,0.499475,0.499624,0.499737,0.499821,0.499881,0.499923,0.499951,0.49997,0.499982,0.49999,0.499994,0.499997,0.499998,0.499999,0.499999,0.5,0.5
0.5,0.5,0.499999,0.499999,0.499998,0.499997,0.499994,0.49999,0.499982,0.49997,0.499951,0.499923,0.499881,0.499821,0.499737,0.499624,0.499475,0.499285,0.499047,0.49876,0.498421,0.498034,0.497605,0.497142,0.49666,0.496176,0.495708,0.495277,0.494902,0.494603,0.494395,0.494288,0.494288,0.494395,0.494603,0.494902,0.495277,0.495708,0.496176,0.49666,0.497142,0.497605,0.498034,0.498421,0.49876,0.499047,0.499285,0.499475,0.499624,0.499737,0.499821,0.499881,0.499923,0.499951,0.49997,0.499982,0.49999,0.499994,0.499997,0.499998,0.499999,0.499999,0.5,0.5
