0.5,0.5,0.5,0.499999,0.499998,0.499997,0.499995,0.49999,0.499983,0.499972,0.499955,0.499928,0.499889,0.499833,0.499755,0.499649,0.499509,0.499329,0.499105,0.498833,0.498513,0.498146,0.497738,0.497299,0.49684,0.496379,0.495933,0.495522,0.495165,0.49488,0.494681,0.494579,0.494579,0.494681,0.49488,0.495165,0.495522,0.495933,0.496379,0.49684,0.497299,0.497738,0.498146,0.498513,0.498833,0.499105,0.499329,0.499509,0.499649,0.499755,0.499833,0.499889,0.499928,0.499955,0.499972,0.499983,0.49999,0.499995,0.499997,0.499998,0.499999,0.5,0.5,0.5
0.5,0.5,0.5,0.499999,0.499998,0.499997,0.499995,0.49999,0.499983,0.499972,0.499955,0.499928,0.499889,0.499833,0.499755,0.499649,0.499509,0.499329,0.499105,0.498833,0.498513,0.498146,0.497738,0.497299,0.49684,0.496379,0.495933,0.495522,0.495165,0.49488,0.494681,0.494579,0.494579,0.494681,0.49488,0.495165,0.495522,0.495933,0.496379,0.49684,0.497299,0.497738,0.498146,0.498513,0.498833,0.499105,0.499329,0.499509,0.499649,0.499755,0.499833,0.499889,0.499928,0.499955,0.499972,0.499983,0.49999,0.499995,0.499997,0.499998,0.499999,0.5,0.5,0.5
0.5,0.5,0.499999,0.499999,0.499998,0.499996,0.499992,0.499986,0.499976,0.49996,0.499936,0.499898,0.499844,0.499767,0.499659,0.499515,0.499326,0.499086,0.498788,0.498429,0.498008,0.497529,0.497001,0.496434,0.495845,0.495256,0.494688,0.494167,0.493716,0.493356,0.493105,0.492976,0.492976,0.493105,0.493356,0.493716,0.494167,0.494688,0.495256,0.495845,0.496434,0.497001,0.497529,0.498008,0.498429,0.498788,0.499086,0.499326,0.499515,0.499659,0.499767,0.499844,0.499898,0.499936,0.49996,0.499976,0.499986,0.499992,0.499996,0.499998,0.499999,0.499999,0.5,0.5
0.499999,0.499999,0.499999,0.499998,0.499996,0.499992,0.499986,0.499976,0.499959,0.499932,0.499891,0.49983,0.499741,0.499616,0.499444,0.499215,0.498918,0.498544,0.498084,0.497536,0.496899,0.49618,0.495391,0.494552,0.493687,0.492826,0.492002,0.491248,0.490598,0.490081,0.489722,0.489538,0.489538,0.489722,0.490081,0.490598,0.491248,0.492002,0.492826,0.493687,0.494552,0.495391,0.49618,0.496899,0.497536,0.498084,0.498544,0.498918,0.499215,0.499444,0.499616,0.499741,0.49983,0.499891,0.499932,0.499959,0.499976,0.499986,0.499992,0.499996,0.499998,0.499999,0.499999,0.499999
0.499998,0.499998,0.499998,0.499996,0.499992,0.499986,0.499975,0.499956,0.499927,0.49988,0.499809,0.499705,0.499554,0.499344,0.499059,0.498682,0.498198,0.497592,0.496857,0.495986,0.494984,0.493863,0.492643,0.491355,0.490036,0.488732,0.48749,0.48636,0.48539,0.484621,0.484088,0.483815,0.483815,0.484088,0.484621,0.48539,0.48636,0.48749,0.488732,0.490036,0.491355,0.492643,0.493863,0.494984,0.495986,0.496857,0.497592,0.498198,0.498682,0.499059,0.499344,0.499554,0.499705,0.499809,0.49988,0.499927,0.499956,0.499975,0.499986,0.499992,0.499996,0.499998,0.499998,0.499998
0.499997,0.499997,0.499996,0.499992,0.499986,0.499974,0.499955,0.499922,0.499871,0.499791,0.49967,0.499493,0.49924,0.498891,0.498422,0.497807,0.497025,0.496057,0.494891,0.493523,0.491963,0.490231,0.488362,0.486404,0.484414,0.482458,0.480607,0.478931,0.477497,0.476365,0.475582,0.475182,0.475182,0.475582,0.476365,0.477497,0.478931,0.480607,0.482458,0.484414,0.486404,0.488362,0.490231,0.491963,0.493523,0.494891,0.496057,0.497025,0.497807,0.498422,0.498891,0.49924,0.499493,0.49967,0.499791,0.499871,0.499922,0.499955,0.499974,0.499986,0.499992,0.499996,0.499997,0.499997
0.499995,0.499995,0.499992,0.499986,0.499975,0.499955,0.499921,0.499866,0.499778,0.499643,0.499442,0.499149,0.498736,0.498171,0.497417,0.49644,0.495209,0.493699,0.491897,0.489803,0.487436,0.484832,0.482045,0.479148,0.476225,0.473373,0.470689,0.468272,0.466214,0.464594,0.463477,0.462908,0.462908,0.463477,0.464594,0.466214,0.468272,0.470689,0.473373,0.476225,0.479148,0.482045,0.484832,0.487436,0.489803,0.491897,0.493699,0.495209,0.49644,0.497417,0.498171,0.498736,0.499149,0.499442,0.499643,0.499778,0.499866,0.499921,0.499955,0.499975,0.499986,0.499992,0.499995,0.499995
0.49999,0.49999,0.499986,0.499976,0.499956,0.499922,0.499866,0.499774,0.499629,0.499408,0.499082,0.498612,0.497956,0.497065,0.49589,0.494382,0.4925,0.490214,0.487513,0.484406,0.480926,0.477133,0.47311,0.468963,0.464812,0.46079,0.457031,0.453665,0.450812,0.448576,0.447038,0.446255,0.446255,0.447038,0.448576,0.450812,0.453665,0.457031,0.46079,0.464812,0.468963,0.47311,0.477133,0.480926,0.484406,0.487513,0.490214,0.4925,0.494382,0.49589,0.497065,0.497956,0.498612,0.499082,0.499408,0.499629,0.499774,0.499866,0.499922,0.499956,0.499976,0.499986,0.49999,0.49999
0.499983,0.499983,0.499976,0.499959,0.499927,0.499871,0.499778,0.499629,0.499397,0.499046,0.498532,0.497799,0.496785,0.495423,0.493645,0.491386,0.488596,0.485244,0.481323,0.476858,0.471909,0.466567,0.460955,0.455222,0.449534,0.444065,0.438989,0.434473,0.430666,0.427694,0.425656,0.42462,0.42462,0.425656,0.427694,0.430666,0.434473,0.438989,0.444065,0.449534,0.455222,0.460955,0.466567,0.471909,0.476858,0.481323,0.485244,0.488596,0.491386,0.493645,0.495423,0.496785,0.497799,0.498532,0.499046,0.499397,0.499629,0.499778,0.499871,0.499927,0.499959,0.499976,0.499983,0.499983
0.499972,0.499972,0.49996,0.499932,0.49988,0.499791,0.499643,0.499408,0.499046,0.498504,0.497716,0.496605,0.495085,0.493063,0.49045,0.487168,0.483159,0.478393,0.472881,0.466673,0.459865,0.452595,0.445036,0.43739,0.429873,0.422708,0.416111,0.410282,0.405396,0.4016,0.399006,0.39769,0.39769,0.399006,0.4016,0.405396,0.410282,0.416111,0.422708,0.429873,0.43739,0.445036,0.452595,0.459865,0.466673,0.472881,0.478393,0.483159,0.487168,0.49045,0.493063,0.495085,0.496605,0.497716,0.498504,0.499046,0.499408,0.499643,0.499791,0.49988,0.499932,0.49996,0.499972,0.499972
0.499955,0.499955,0.499936,0.499891,0.499809,0.49967,0.499442,0.499082,0.498532,0.497716,0.496543,0.494907,0.49269,0.489774,0.486048,0.48142,0.475832,0.469266,0.46176,0.453405,0.444349,0.434789,0.424961,0.415125,0.405554,0.396519,0.388271,0.381039,0.375017,0.370363,0.367195,0.365591,0.365591,0.367195,0.370363,0.375017,0.381039,0.388271,0.396519,0.405554,0.415125,0.424961,0.434789,0.444349,0.453405,0.46176,0.469266,0.475832,0.48142,0.486048,0.489774,0.49269,0.494907,0.496543,0.497716,0.498532,0.499082,0.499442,0.49967,0.499809,0.499891,0.499936,0.499955,0.499955
0.499928,0.499928,0.499898,0.49983,0.499705,0.499493,0.499149,0.498612,0.497799,0.496605,0.494907,0.492562,0.48942,0.485334,0.480172,0.473837,0.466279,0.457508,0.447606,0.436722,0.425072,0.412925,0.40059,0.388391,0.376656,0.365694,0.355785,0.347172,0.340053,0.334584,0.330877,0.329006,0.329006,0.330877,0.334584,0.340053,0.347172,0.355785,0.365694,0.376656,0.388391,0.40059,0.412925,0.425072,0.436722,0.447606,0.457508,0.466279,0.473837,0.480172,0.485334,0.48942,0.492562,0.494907,0.496605,0.497799,0.498612,0.499149,0.499493,0.499705,0.49983,0.499898,0.499928,0.499928
0.499889,0.499889,0.499844,0.499741,0.499554,0.49924,0.498736,0.497956,0.496785,0.495085,0.49269,0.48942,0.485088,0.479519,0.47257,0.464146,0.454223,0.442859,0.430197,0.416468,0.401971,0.387061,0.372121,0.357541,0.343692,0.33091,0.319483,0.309649,0.301591,0.295442,0.291296,0.28921,0.28921,0.291296,0.295442,0.301591,0.309649,0.319483,0.33091,0.343692,0.357541,0.372121,0.387061,0.401971,0.416468,0.430197,0.442859,0.454223,0.464146,0.47257,0.479519,0.485088,0.48942,0.49269,0.495085,0.496785,0.497956,0.498736,0.49924,0.499554,0.499741,0.499844,0.499889,0.499889
0.499833,0.499833,0.499767,0.499616,0.499344,0.498891,0.498171,0.497065,0.495423,0.493063,0.489774,0.485334,0.479519,0.472135,0.463036,0.452148,0.439495,0.425203,0.409506,0.39273,0.375278,0.357595,0.340139,0.323352,0.307635,0.293326,0.280699,0.269956,0.261241,0.254646,0.250226,0.24801,0.24801,0.250226,0.254646,0.261241,0.269956,0.280699,0.293326,0.307635,0.323352,0.340139,0.357595,0.375278,0.39273,0.409506,0.425203,0.439495,0.452148,0.463036,0.472135,0.479519,0.485334,0.489774,0.493063,0.495423,0.497065,0.498171,0.498891,0.499344,0.499616,0.499767,0.499833,0.499833
0.499755,0.499755,0.499659,0.499444,0.499059,0.498422,0.497417,0.49589,0.493645,0.49045,0.486048,0.480172,0.47257,0.463036,0.451438,0.437751,0.422068,0.404613,0.385733,0.365872,0.345541,0.325279,0.305608,0.287005,0.269871,0.25452,0.241175,0.229978,0.221004,0.214281,0.209809,0.207577,0.207577,0.209809,0.214281,0.221004,0.229978,0.241175,0.25452,0.269871,0.287005,0.305608,0.325279,0.345541,0.365872,0.385733,0.404613,0.422068,0.437751,0.451438,0.463036,0.47257,0.480172,0.486048,0.49045,0.493645,0.49589,0.497417,0.498422,0.499059,0.499444,0.499659,0.499755,0.499755
0.499649,0.499649,0.499515,0.499215,0.498682,0.497807,0.49644,0.494382,0.491386,0.487168,0.48142,0.473837,0.464146,0.452148,0.437751,0.420999,0.40209,0.381374,0.359329,0.336534,0.31361,0.29118,0.269812,0.249987,0.232075,0.216328,0.202887,0.191798,0.183045,0.17657,0.172304,0.170188,0.170188,0.172304,0.17657,0.183045,0.191798,0.202887,0.216328,0.232075,0.249987,0.269812,0.29118,0.31361,0.336534,0.359329,0.381374,0.40209,0.420999,0.437751,0.452148,0.464146,0.473837,0.48142,0.487168,0.491386,0.494382,0.49644,0.497807,0.498682,0.499215,0.499515,0.499649,0.499649
0.499509,0.499509,0.499326,0.498918,0.498198,0.497025,0.495209,0.4925,0.488596,0.483159,0.475832,0.466279,0.454223,0.439495,0.422068,0.40209,0.379893,0.355976,0.330973,0.305594,0.280571,0.256587,0.234227,0.213941,0.196028,0.18064,0.167801,0.157439,0.14942,0.143588,0.139797,0.137931,0.137931,0.139797,0.143588,0.14942,0.157439,0.167801,0.18064,0.196028,0.213941,0.234227,0.256587,0.280571,0.305594,0.330973,0.355976,0.379893,0.40209,0.422068,0.439495,0.454223,0.466279,0.475832,0.483159,0.488596,0.4925,0.495209,0.497025,0.498198,0.498918,0.499326,0.499509,0.499509
0.499329,0.499329,0.499086,0.498544,0.497592,0.496057,0.493699,0.490214,0.485244,0.478393,0.469266,0.457508,0.442859,0.425203,0.404613,0.381374,0.355976,0.329093,0.301519,0.274097,0.247646,0.222881,0.200366,0.180478,0.163405,0.149164,0.137633,0.1286,0.121804,0.116984,0.113912,0.11242,0.11242,0.113912,0.116984,0.121804,0.1286,0.137633,0.149164,0.163405,0.180478,0.200366,0.222881,0.247646,0.274097,0.301519,0.329093,0.355976,0.381374,0.404613,0.425203,0.442859,0.457508,0.469266,0.478393,0.485244,0.490214,0.493699,0.496057,0.497592,0.498544,0.499086,0.499329,0.499329
0.499105,0.499105,0.498788,0.498084,0.496857,0.494891,0.491897,0.487513,0.481323,0.472881,0.46176,0.447606,0.430197,0.409506,0.385733,0.359329,0.330973,0.301519,0.271922,0.243144,0.21606,0.19138,0.169602,0.150987,0.135575,0.123217,0.113628,0.106446,0.101281,0.0977703,0.0956108,0.0945869,0.0945869,0.0956108,0.0977703,0.101281,0.106446,0.113628,0.123217,0.135575,0.150987,0.169602,0.19138,0.21606,0.243144,0.271922,0.301519,0.330973,0.359329,0.385733,0.409506,0.430197,0.447606,0.46176,0.472881,0.481323,0.487513,0.491897,0.494891,0.496857,0.498084,0.498788,0.499105,0.499105
0.498833,0.498833,0.498429,0.497536,0.495986,0.493523,0.489803,0.484406,0.476858,0.466673,0.453405,0.436722,0.416468,0.39273,0.365872,0.336534,0.305594,0.274097,0.243144,0.213786,0.186918,0.1632,0.143018,0.126479,0.113443,0.103578,0.0964266,0.0914782,0.0882266,0.0862195,0.0850931,0.0845946,0.0845946,0.0850931,0.0862195,0.0882266,0.0914782,0.0964266,0.103578,0.113443,0.126479,0.143018,0.1632,0.186918,0.213786,0.243144,0.274097,0.305594,0.336534,0.365872,0.39273,0.416468,0.436722,0.453405,0.466673,0.476858,0.484406,0.489803,0.493523,0.495986,0.497536,0.498429,0.498833,0.498833
0.498513,0.498513,0.498008,0.496899,0.494984,0.491963,0.487436,0.480926,0.471909,0.459865,0.444349,0.425072,0.401971,0.375278,0.345541,0.31361,0.280571,0.247646,0.21606,0.186918,0.16109,0.139141,0.121304,0.107497,0.0973804,0.0904309,0.0860266,0.0835231,0.0823164,0.0818875,0.0818316,0.0818731,0.0818731,0.0818316,0.0818875,0.0823164,0.0835231,0.0860266,0.0904309,0.0973804,0.107497,0.121304,0.139141,0.16109,0.186918,0.21606,0.247646,0.280571,0.31361,0.345541,0.375278,0.401971,0.425072,0.444349,0.459865,0.471909,0.480926,0.487436,0.491963,0.494984,0.496899,0.498008,0.498513,0.498513
0.498146,0.498146,0.497529,0.49618,0.493863,0.490231,0.484832,0.477133,0.466567,0.452595,0.434789,0.412925,0.387061,0.357595,0.325279,0.29118,0.256587,0.222881,0.19138,0.1632,0.139141,0.11963,0.10471,0.0940898,0.0872216,0.0833981,0.0818484,0.0818197,0.0826377,0.0837442,0.0847162,0.0852721,0.0852721,0.0847162,0.0837442,0.0826377,0.0818197,0.0818484,0.0833981,0.0872216,0.0940898,0.10471,0.11963,0.139141,0.1632,0.19138,0.222881,0.256587,0.29118,0.325279,0.357595,0.387061,0.412925,0.434789,0.452595,0.466567,0.477133,0.484832,0.490231,0.493863,0.49618,0.497529,0.498146,0.498146
0.497738,0.497738,0.497001,0.495391,0.492643,0.488362,0.482045,0.47311,0.460955,0.445036,0.424961,0.40059,0.372121,0.340139,0.305608,0.269812,0.234227,0.200366,0.169602,0.143018,0.121304,0.10471,0.0930675,0.0858653,0.082352,0.081653,0.0828749,0.0851878,0.0878789,0.0903791,0.0922709,0.0932832,0.0932832,0.0922709,0.0903791,0.0878789,0.0851878,0.0828749,0.081653,0.082352,0.0858653,0.0930675,0.10471,0.121304,0.143018,0.169602,0.200366,0.234227,0.269812,0.305608,0.340139,0.372121,0.40059,0.424961,0.445036,0.460955,0.47311,0.482045,0.488362,0.492643,0.495391,0.497001,0.497738,0.497738
0.497299,0.497299,0.496434,0.494552,0.491355,0.486404,0.479148,0.468963,0.455222,0.43739,0.415125,0.388391,0.357541,0.323352,0.287005,0.249987,0.213941,0.180478,0.150987,0.126479,0.107497,0.0940898,0.0858653,0.0820939,0.0818373,0.0840789,0.0878345,0.0922305,0.0965467,0.10023,0.10289,0.104279,0.104279,0.10289,0.10023,0.0965467,0.0922305,0.0878345,0.0840789,0.0818373,0.0820939,0.0858653,0.0940898,0.107497,0.126479,0.150987,0.180478,0.213941,0.249987,0.287005,0.323352,0.357541,0.388391,0.415125,0.43739,0.455222,0.468963,0.479148,0.486404,0.491355,0.494552,0.496434,0.497299,0.497299
0.49684,0.49684,0.495845,0.493687,0.490036,0.484414,0.476225,0.464812,0.449534,0.429873,0.405554,0.376656,0.343692,0.307635,0.269871,0.232075,0.196028,0.163405,0.135575,0.113443,0.0973804,0.0872216,0.082352,0.0818373,0.0845755,0.0894389,0.0953853,0.101529,0.107169,0.111792,0.115049,0.116727,0.116727,0.115049,0.111792,0.107169,0.101529,0.0953853,0.0894389,0.0845755,0.0818373,0.082352,0.0872216,0.0973804,0.113443,0.135575,0.163405,0.196028,0.232075,0.269871,0.307635,0.343692,0.376656,0.405554,0.429873,0.449534,0.464812,0.476225,0.484414,0.490036,0.493687,0.495845,0.49684,0.49684
0.496379,0.496379,0.495256,0.492826,0.488732,0.482458,0.473373,0.46079,0.444065,0.422708,0.396519,0.365694,0.33091,0.293326,0.25452,0.216328,0.18064,0.149164,0.123217,0.103578,0.0904309,0.0833981,0.081653,0.0840789,0.0894389,0.0965253,0.104268,0.111795,0.118447,0.123764,0.127449,0.12933,0.12933,0.127449,0.123764,0.118447,0.111795,0.104268,0.0965253,0.0894389,0.0840789,0.081653,0.0833981,0.0904309,0.103578,0.123217,0.149164,0.18064,0.216328,0.25452,0.293326,0.33091,0.365694,0.396519,0.422708,0.444065,0.46079,0.473373,0.482458,0.488732,0.492826,0.495256,0.496379,0.496379
0.495933,0.495933,0.494688,0.492002,0.48749,0.480607,0.470689,0.457031,0.438989,0.416111,0.388271,0.355785,0.319483,0.280699,0.241175,0.202887,0.167801,0.137633,0.113628,0.0964266,0.0860266,0.0818484,0.0828749,0.0878345,0.0953853,0.104268,0.113409,0.121969,0.129344,0.135134,0.139098,0.141108,0.141108,0.139098,0.135134,0.129344,0.121969,0.113409,0.104268,0.0953853,0.0878345,0.0828749,0.0818484,0.0860266,0.0964266,0.113628,0.137633,0.167801,0.202887,0.241175,0.280699,0.319483,0.355785,0.388271,0.416111,0.438989,0.457031,0.470689,0.480607,0.48749,0.492002,0.494688,0.495933,0.495933
0.495522,0.495522,0.494167,0.491248,0.48636,0.478931,0.468272,0.453665,0.434473,0.410282,0.381039,0.347172,0.309649,0.269956,0.229978,0.191798,0.157439,0.1286,0.106446,0.0914782,0.0835231,0.0818197,0.0851878,0.0922305,0.101529,0.111795,0.121969,0.131255,0.139109,0.145192,0.149318,0.151398,0.151398,0.149318,0.145192,0.139109,0.131255,0.121969,0.111795,0.101529,0.0922305,0.0851878,0.0818197,0.0835231,0.0914782,0.106446,0.1286,0.157439,0.191798,0.229978,0.269956,0.309649,0.347172,0.381039,0.410282,0.434473,0.453665,0.468272,0.478931,0.48636,0.491248,0.494167,0.495522,0.495522
0.495165,0.495165,0.493716,0.490598,0.48539,0.477497,0.466214,0.450812,0.430666,0.405396,0.375017,0.340053,0.301591,0.261241,0.221004,0.183045,0.14942,0.121804,0.101281,0.0882266,0.0823164,0.0826377,0.0878789,0.0965467,0.107169,0.118447,0.129344,0.139109,0.147254,0.153497,0.157702,0.159812,0.159812,0.157702,0.153497,0.147254,0.139109,0.129344,0.118447,0.107169,0.0965467,0.0878789,0.0826377,0.0823164,0.0882266,0.101281,0.121804,0.14942,0.183045,0.221004,0.261241,0.301591,0.340053,0.375017,0.405396,0.430666,0.450812,0.466214,0.477497,0.48539,0.490598,0.493716,0.495165,0.495165
0.49488,0.49488,0.493356,0.490081,0.484621,0.476365,0.464594,0.448576,0.427694,0.4016,0.370363,0.334584,0.295442,0.254646,0.214281,0.17657,0.143588,0.116984,0.0977703,0.0862195,0.0818875,0.0837442,0.0903791,0.10023,0.111792,0.123764,0.135134,0.145192,0.153497,0.159815,0.164046,0.166163,0.166163,0.164046,0.159815,0.153497,0.145192,0.135134,0.123764,0.111792,0.10023,0.0903791,0.0837442,0.0818875,0.0862195,0.0977703,0.116984,0.143588,0.17657,0.214281,0.254646,0.295442,0.334584,0.370363,0.4016,0.427694,0.448576,0.464594,0.476365,0.484621,0.490081,0.493356,0.49488,0.49488
0.494681,0.494681,0.493105,0.489722,0.484088,0.475582,0.463477,0.447038,0.425656,0.399006,0.367195,0.330877,0.291296,0.250226,0.209809,0.172304,0.139797,0.113912,0.0956108,0.0850931,0.0818316,0.0847162,0.0922709,0.10289,0.115049,0.127449,0.139098,0.149318,0.157702,0.164046,0.168279,0.170392,0.170392,0.168279,0.164046,0.157702,0.149318,0.139098,0.127449,0.115049,0.10289,0.0922709,0.0847162,0.0818316,0.0850931,0.0956108,0.113912,0.139797,0.172304,0.209809,0.250226,0.291296,0.330877,0.367195,0.399006,0.425656,0.447038,0.463477,0.475582,0.484088,0.489722,0.493105,0.494681,0.494681
0.494579,0.494579,0.492976,0.489538,0.483815,0.475182,0.462908,0.446255,0.42462,0.39769,0.365591,0.329006,0.28921,0.24801,0.207577,0.170188,0.137931,0.11242,0.0945869,0.0845946,0.0818731,0.0852721,0.0932832,0.104279,0.116727,0.12933,0.141108,0.151398,0.159812,0.166163,0.170392,0.1725,0.1725,0.170392,0.166163,0.159812,0.151398,0.141108,0.12933,0.116727,0.104279,0.0932832,0.0852721,0.0818731,0.0845946,0.0945869,0.11242,0.137931,0.170188,0.207577,0.24801,0.28921,0.329006,0.365591,0.39769,0.42462,0.446255,0.462908,0.475182,0.483815,0.489538,0.492976,0.494579,0.494579
0.494579,0.494579,0.492976,0.489538,0.483815,0.475182,0.462908,0.446255,0.42462,0.39769,0.365591,0.329006,0.28921,0.24801,0.207577,0.170188,0.137931,0.11242,0.0945869,0.0845946,0.0818731,0.0852721,0.0932832,0.104279,0.116727,0.12933,0.141108,0.151398,0.159812,0.166163,0.170392,0.1725,0.1725,0.170392,0.166163,0.159812,0.151398,0.141108,0.12933,0.116727,0.104279,0.0932832,0.0852721,0.0818731,0.0845946,0.0945869,0.11242,0.137931,0.170188,0.207577,0.24801,0.28921,0.329006,0.365591,0.39769,0.42462,0.446255,0.462908,0.475182,0.483815,0.489538,0.492976,0.494579,0.494579
0.494681,0.494681,0.493105,0.489722,0.484088,0.475582,0.463477,0.447038,0.425656,0.399006,0.367195,0.330877,0.291296,0.250226,0.209809,0.172304,0.139797,0.113912,0.0956108,0.0850931,0.0818316,0.0847162,0.0922709,0.10289,0.115049,0.127449,0.139098,0.149318,0.157702,0.164046,0.168279,0.170392,0.170392,0.168279,0.164046,0.157702,0.149318,0.139098,0.127449,0.115049,0.10289,0.0922709,0.0847162,0.0818316,0.0850931,0.0956108,0.113912,0.139797,0.172304,0.209809,0.250226,0.291296,0.330877,0.367195,0.399006,0.425656,0.447038,0.463477,0.475582,0.484088,0.489722,0.493105,0.494681,0.494681
0.49488,0.49488,0.493356,0.490081,0.484621,0.476365,0.464594,0.448576,0.427694,0.4016,0.370363,0.334584,0.295442,0.254646,0.214281,0.17657,0.143588,0.116984,0.0977703,0.0862195,0.0818875,0.0837442,0.0903791,0.10023,0.111792,0.123764,0.135134,0.145192,0.153497,0.159815,0.164046,0.166163,0.166163,0.164046,0.159815,0.153497,0.145192,0.135134,0.123764,0.111792,0.10023,0.0903791,0.0837442,0.0818875,0.0862195,0.0977703,0.116984,0.143588,0.17657,0.214281,0.254646,0.295442,0.334584,0.370363,0.4016,0.427694,0.448576,0.464594,0.476365,0.484621,0.490081,0.493356,0.49488,0.49488
0.495165,0.495165,0.493716,0.490598,0.48539,0.477497,0.466214,0.450812,0.430666,0.405396,0.375017,0.340053,0.301591,0.261241,0.221004,0.183045,0.14942,0.121804,0.101281,0.0882266,0.0823164,0.0826377,0.0878789,0.0965467,0.107169,0.118447,0.129344,0.139109,0.147254,0.153497,0.157702,0.159812,0.159812,0.157702,0.153497,0.147254,0.139109,0.129344,0.118447,0.107169,0.0965467,0.0878789,0.0826377,0.0823164,0.0882266,0.101281,0.121804,0.14942,0.183045,0.221004,0.261241,0.301591,0.340053,0.375017,0.405396,0.430666,0.450812,0.466214,0.477497,0.48539,0.490598,0.493716,0.495165,0.495165
0.495522,0.495522,0.494167,0.491248,0.48636,0.478931,0.468272,0.453665,0.434473,0.410282,0.381039,0.347172,0.309649,0.269956,0.229978,0.191798,0.157439,0.1286,0.106446,0.0914782,0.0835231,0.0818197,0.0851878,0.0922305,0.101529,0.111795,0.121969,0.131255,0.139109,0.145192,0.149318,0.151398,0.151398,0.149318,0.145192,0.139109,0.131255,0.121969,0.111795,0.101529,0.0922305,0.0851878,0.0818197,0.0835231,0.0914782,0.106446,0.1286,0.157439,0.191798,0.229978,0.269956,0.309649,0.347172,0.381039,0.410282,0.434473,0.453665,0.468272,0.478931,0.48636,0.491248,0.494167,0.495522,0.495522
0.495933,0.495933,0.494688,0.492002,0.48749,0.480607,0.470689,0.457031,0.438989,0.416111,0.388271,0.355785,0.319483,0.280699,0.241175,0.202887,0.167801,0.137633,0.113628,0.0964266,0.0860266,0.0818484,0.0828749,0.0878345,0.0953853,0.104268,0.113409,0.121969,0.129344,0.135134,0.139098,0.141108,0.141108,0.139098,0.135134,0.129344,0.121969,0.113409,0.104268,0.0953853,0.0878345,0.0828749,0.0818484,0.0860266,0.0964266,0.113628,0.137633,0.167801,0.202887,0.241175,0.280699,0.319483,0.355785,0.388271,0.416111,0.438989,0.457031,0.470689,0.480607,0.48749,0.492002,0.494688,0.495933,0.495933
0.496379,0.496379,0.495256,0.492826,0.488732,0.482458,0.473373,0.46079,0.444065,0.422708,0.396519,0.365694,0.33091,0.293326,0.25452,0.216328,0.18064,0.149164,0.123217,0.103578,0.0904309,0.0833981,0.081653,0.0840789,0.0894389,0.0965253,0.104268,0.111795,0.118447,0.123764,0.127449,0.12933,0.12933,0.127449,0.123764,0.118447,0.111795,0.104268,0.0965253,0.0894389,0.0840789,0.081653,0.0833981,0.0904309,0.103578,0.123217,0.149164,0.18064,0.216328,0.25452,0.293326,0.33091,0.365694,0.396519,0.422708,0.444065,0.46079,0.473373,0.482458,0.488732,0.492826,0.495256,0.496379,0.496379
0.49684,0.49684,0.495845,0.493687,0.490036,0.484414,0.476225,0.464812,0.449534,0.429873,0.405554,0.376656,0.343692,0.307635,0.269871,0.232075,0.196028,0.163405,0.135575,0.113443,0.0973804,0.0872216,0.082352,0.0818373,0.0845755,0.0894389,0.0953853,0.101529,0.107169,0.111792,0.115049,0.116727,0.116727,0.115049,0.111792,0.107169,0.101529,0.0953853,0.0894389,0.0845755,0.0818373,0.082352,0.0872216,0.0973804,0.113443,0.135575,0.163405,0.196028,0.232075,0.269871,0.307635,0.343692,0.376656,0.405554,0.429873,0.449534,0.464812,0.476225,0.484414,0.490036,0.493687,0.495845,0.49684,0.49684
0.497299,0.497299,0.496434,0.494552,0.491355,0.486404,0.479148,0.468963,0.455222,0.43739,0.415125,0.388391,0.357541,0.323352,0.287005,0.249987,0.213941,0.180478,0.150987,0.126479,0.107497,0.0940898,0.0858653,0.0820939,0.0818373,0.0840789,0.0878345,0.0922305,0.0965467,0.10023,0.10289,0.104279,0.104279,0.10289,0.10023,0.0965467,0.0922305,0.0878345,0.0840789,0.0818373,0.0820939,0.0858653,0.0940898,0.107497,0.126479,0.150987,0.180478,0.213941,0.249987,0.287005,0.323352,0.357541,0.388391,0.415125,0.43739,0.455222,0.468963,0.479148,0.486404,0.491355,0.494552,0.496434,0.497299,0.497299
0.497738,0.497738,0.497001,0.495391,0.492643,0.488362,0.482045,0.47311,0.460955,0.445036,0.424961,0.40059,0.372121,0.340139,0.305608,0.269812,0.234227,0.200366,0.169602,0.143018,0.121304,0.10471,0.0930675,0.0858653,0.082352,0.081653,0.0828749,0.0851878,0.0878789,0.0903791,0.0922709,0.0932832,0.0932832,0.0922709,0.0903791,0.0878789,0.0851878,0.0828749,0.081653,0.082352,0.0858653,0.0930675,0.10471,0.121304,0.143018,0.169602,0.200366,0.234227,0.269812,0.305608,0.340139,0.372121,0.40059,0.424961,0.445036,0.460955,0.47311,0.482045,0.488362,0.492643,0.495391,0.497001,0.497738,0.497738
0.498146,0.498146,0.497529,0.49618,0.493863,0.490231,0.484832,0.477133,0.466567,0.452595,0.434789,0.412925,0.387061,0.357595,0.325279,0.29118,0.256587,0.222881,0.19138,0.1632,0.139141,0.11963,0.10471,0.0940898,0.0872216,0.0833981,0.0818484,0.0818197,0.0826377,0.0837442,0.0847162,0.0852721,0.0852721,0.0847162,0.0837442,0.0826377,0.0818197,0.0818484,0.0833981,0.0872216,0.0940898,0.10471,0.11963,0.139141,0.1632,0.19138,0.222881,0.256587,0.29118,0.325279,0.357595,0.387061,0.412925,0.434789,0.452595,0.466567,0.477133,0.484832,0.490231,0.493863,0.49618,0.497529,0.498146,0.498146
0.498513,0.498513,0.498008,0.496899,0.494984,0.491963,0.487436,0.480926,0.471909,0.459865,0.444349,0.425072,0.401971,0.375278,0.345541,0.31361,0.280571,0.247646,0.21606,0.186918,0.16109,0.139141,0.121304,0.107497,0.0973804,0.0904309,0.0860266,0.0835231,0.0823164,0.0818875,0.0818316,0.0818731,0.0818731,0.0818316,0.0818875,0.0823164,0.0835231,0.0860266,0.0904309,0.0973804,0.107497,0.121304,0.139141,0.16109,0.186918,0.21606,0.247646,0.280571,0.31361,0.345541,0.375278,0.401971,0.425072,0.444349,0.459865,0.471909,0.480926,0.487436,0.491963,0.494984,0.496899,0.498008,0.498513,0.498513
0.498833,0.498833,0.498429,0.497536,0.495986,0.493523,0.489803,0.484406,0.476858,0.466673,0.453405,0.436722,0.416468,0.39273,0.365872,0.336534,0.305594,0.274097,0.243144,0.213786,0.186918,0.1632,0.143018,0.126479,0.113443,0.103578,0.0964266,0.0914782,0.0882266,0.0862195,0.0850931,0.0845946,0.0845946,0.0850931,0.0862195,0.0882266,0.0914782,0.0964266,0.103578,0.113443,0.126479,0.143018,0.1632,0.186918,0.213786,0.243144,0.274097,0.305594,0.336534,0.365872,0.39273,0.416468,0.436722,0.453405,0.466673,0.476858,0.484406,0.489803,0.493523,0.495986,0.497536,0.498429,0.498833,0.498833
0.499105,0.499105,0.498788,0.498084,0.496857,0.494891,0.491897,0.487513,0.481323,0.472881,0.46176,0.447606,0.430197,0.409506,0.385733,0.359329,0.330973,0.301519,0.271922,0.243144,0.21606,0.19138,0.169602,0.150987,0.135575,0.123217,0.113628,0.106446,0.101281,0.0977703,0.0956108,0.0945869,0.0945869,0.0956108,0.0977703,0.101281,0.106446,0.113628,0.123217,0.135575,0.150987,0.169602,0.19138,0.21606,0.243144,0.271922,0.301519,0.330973,0.359329,0.385733,0.409506,0.430197,0.447606,0.46176,0.472881,0.481323,0.487513,0.491897,0.494891,0.496857,0.498084,0.498788,0.499105,0.499105
0.499329,0.499329,0.499086,0.498544,0.497592,0.496057,0.493699,0.490214,0.485244,0.478393,0.469266,0.457508,0.442859,0.425203,0.404613,0.381374,0.355976,0.329093,0.301519,0.274097,0.247646,0.222881,0.200366,0.180478,0.163405,0.149164,0.137633,0.1286,0.121804,0.116984,0.113912,0.11242,0.11242,0.113912,0.116984,0.121804,0.1286,0.137633,0.149164,0.163405,0.180478,0.200366,0.222881,0.247646,0.274097,0.301519,0.329093,0.355976,0.381374,0.404613,0.425203,0.442859,0.457508,0.469266,0.478393,0.485244,0.490214,0.493699,0.496057,0.497592,0.498544,0.499086,0.499329,0.499329
0.499509,0.499509,0.499326,0.498918,0.498198,0.497025,0.495209,0.4925,0.488596,0.483159,0.475832,0.466279,0.454223,0.439495,0.422068,0.40209,0.379893,0.355976,0.330973,0.305594,0.280571,0.256587,0.234227,0.213941,0.196028,0.18064,0.167801,0.157439,0.14942,0.143588,0.139797,0.137931,0.137931,0.139797,0.143588,0.14942,0.157439,0.167801,0.18064,0.196028,0.213941,0.234227,0.256587,0.280571,0.305594,0.330973,0.355976,0.379893,0.40209,0.422068,0.439495,0.454223,0.466279,0.475832,0.483159,0.488596,0.4925,0.495209,0.497025,0.498198,0.498918,0.499326,0.499509,0.499509
0.499649,0.499649,0.499515,0.499215,0.498682,0.497807,0.49644,0.494382,0.491386,0.487168,0.48142,0.473837,0.464146,0.452148,0.437751,0.420999,0.40209,0.381374,0.359329,0.336534,0.31361,0.29118,0.269812,0.249987,0.232075,0.216328,0.202887,0.191798,0.183045,0.17657,0.172304,0.170188,0.170188,0.172304,0.17657,0.183045,0.191798,0.202887,0.216328,0.232075,0.249987,0.269812,0.29118,0.31361,0.336534,0.359329,0.381374,0.40209,0.420999,0.437751,0.452148,0.464146,0.473837,0.48142,0.487168,0.491386,0.494382,0.49644,0.497807,0.498682,0.499215,0.499515,0.499649,0.499649
0.499755,0.499755,0.499659,0.499444,0.499059,0.498422,0.497417,0.49589,0.493645,0.49045,0.486048,0.480172,0.47257,0.463036,0.451438,0.437751,0.422068,0.404613,0.385733,0.365872,0.345541,0.325279,0.305608,0.287005,0.269871,0.25452,0.241175,0.229978,0.221004,0.214281,0.209809,0.207577,0.207577,0.209809,0.214281,0.221004,0.229978,0.241175,0.25452,0.269871,0.287005,0.305608,0.325279,0.345541,0.365872,0.385733,0.404613,0.422068,0.437751,0.451438,0.463036,0.47257,0.480172,0.486048,0.49045,0.493645,0.49589,0.497417,0.498422,0.499059,0.499444,0.499659,0.499755,0.499755
0.499833,0.499833,0.499767,0.499616,0.499344,0.498891,0.498171,0.497065,0.495423,0.493063,0.489774,0.485334,0.479519,0.472135,0.463036,0.452148,0.439495,0.425203,0.409506,0.39273,0.375278,0.357595,0.340139,0.323352,0.307635,0.293326,0.280699,0.269956,0.261241,0.254646,0.250226,0.24801,0.24801,0.250226,0.254646,0.261241,0.269956,0.280699,0.293326,0.307635,0.323352,0.340139,0.357595,0.375278,0.39273,0.409506,0.425203,0.439495,0.452148,0.463036,0.472135,0.479519,0.485334,0.489774,0.493063,0.495423,0.497065,0.498171,0.498891,0.499344,0.499616,0.499767,0.499833,0.499833
0.499889,0.499889,0.499844,0.499741,0.499554,0.49924,0.498736,0.497956,0.496785,0.495085,0.49269,0.48942,0.485088,0.479519,0.47257,0.464146,0.454223,0.442859,0.430197,0.416468,0.401971,0.387061,0.372121,0.357541,0.343692,0.33091,0.319483,0.309649,0.301591,0.295442,0.291296,0.28921,0.28921,0.291296,0.295442,0.301591,0.309649,0.319483,0.33091,0.343692,0.357541,0.372121,0.387061,0.401971,0.416468,0.430197,0.442859,0.454223,0.464146,0.47257,0.479519,0.485088,0.48942,0.49269,0.495085,0.496785,0.497956,0.498736,0.49924,0.499554,0.499741,0.499844,0.499889,0.499889
0.499928,0.499928,0.499898,0.49983,0.499705,0.499493,0.499149,0.498612,0.497799,0.496605,0.494907,0.492562,0.48942,0.485334,0.480172,0.473837,0.466279,0.457508,0.447606,0.436722,0.425072,0.412925,0.40059,0.388391,0.376656,0.365694,0.355785,0.347172,0.340053,0.334584,0.330877,0.329006,0.329006,0.330877,0.334584,0.340053,0.347172,0.355785,0.365694,0.376656,0.388391,0.40059,0.412925,0.425072,0.436722,0.447606,0.457508,0.466279,0.473837,0.480172,0.485334,0.48942,0.492562,0.494907,0.496605,0.497799,0.498612,0.499149,0.499493,0.499705,0.49983,0.499898,0.499928,0.499928
0.499955,0.499955,0.499936,0.499891,0.499809,0.49967,0.499442,0.499082,0.498532,0.497716,0.496543,0.494907,0.49269,0.489774,0.486048,0.48142,0.475832,0.469266,0.46176,0.453405,0.444349,0.434789,0.424961,0.415125,0.405554,0.396519,0.388271,0.381039,0.375017,0.370363,0.367195,0.365591,0.365591,0.367195,0.370363,0.375017,0.381039,0.388271,0.396519,0.405554,0.415125,0.424961,0.434789,0.444349,0.453405,0.46176,0.469266,0.475832,0.48142,0.486048,0.489774,0.49269,0.494907,0.496543,0.497716,0.498532,0.499082,0.499442,0.49967,0.499809,0.499891,0.499936,0.499955,0.499955
0.499972,0.499972,0.49996,0.499932,0.49988,0.499791,0.499643,0.499408,0.499046,0.498504,0.497716,0.496605,0.495085,0.493063,0.49045,0.487168,0.483159,0.478393,0.472881,0.466673,0.459865,0.452595,0.445036,0.43739,0.429873,0.422708,0.416111,0.410282,0.405396,0.4016,0.399006,0.39769,0.39769,0.399006,0.4016,0.405396,0.410282,0.416111,0.422708,0.429873,0.43739,0.445036,0.452595,0.459865,0.466673,0.472881,0.478393,0.483159,0.487168,0.49045,0.493063,0.495085,0.496605,0.497716,0.498504,0.499046,0.499408,0.499643,0.499791,0.49988,0.499932,0.49996,0.499972,0.499972
0.499983,0.499983,0.499976,0.499959,0.499927,0.499871,0.499778,0.499629,0.499397,0.499046,0.498532,0.497799,0.496785,0.495423,0.493645,0.491386,0.488596,0.485244,0.481323,0.476858,0.471909,0.466567,0.460955,0.455222,0.449534,0.444065,0.438989,0.434473,0.430666,0.427694,0.425656,0.42462,0.42462,0.425656,0.427694,0.430666,0.434473,0.438989,0.444065,0.449534,0.455222,0.460955,0.466567,0.471909,0.476858,0.481323,0.485244,0.488596,0.491386,0.493645,0.495423,0.496785,0.497799,0.498532,0.499046,0.499397,0.499629,0.499778,0.499871,0.499927,0.499959,0.499976,0.499983,0.499983
0.49999,0.49999,0.499986,0.499976,0.499956,0.499922,0.499866,0.499774,0.499629,0.499408,0.499082,0.498612,0.497956,0.497065,0.49589,0.494382,0.4925,0.490214,0.487513,0.484406,0.480926,0.477133,0.47311,0.468963,0.464812,0.46079,0.457031,0.453665,0.450812,0.448576,0.447038,0.446255,0.446255,0.447038,0.448576,0.450812,0.453665,0.457031,0.46079,0.464812,0.468963,0.47311,0.477133,0.480926,0.484406,0.487513,0.490214,0.4925,0.494382,0.49589,0.497065,0.497956,0.498612,0.499082,0.499408,0.499629,0.499774,0.499866,0.499922,0.499956,0.499976,0.499986,0.49999,0.49999
0.499995,0.499995,0.499992,0.499986,0.499975,0.499955,0.499921,0.499866,0.499778,0.499643,0.499442,0.499149,0.498736,0.498171,0.497417,0.49644,0.495209,0.493699,0.491897,0.489803,0.487436,0.484832,0.482045,0.479148,0.476225,0.473373,0.470689,0.468272,0.466214,0.464594,0.463477,0.462908,0.462908,0.463477,0.464594,0.466214,0.468272,0.470689,0.473373,0.476225,0.479148,0.482045,0.484832,0.487436,0.489803,0.491897,0.493699,0.495209,0.49644,0.497417,0.498171,0.498736,0.499149,0.499442,0.499643,0.499778,0.499866,0.499921,0.499955,0.499975,0.499986,0.499992,0.499995,0.499995
0.499997,0.499997,0.499996,0.499992,0.499986,0.499974,0.499955,0.499922,0.499871,0.499791,0.49967,0.499493,0.49924,0.498891,0.498422,0.497807,0.497025,0.496057,0.494891,0.493523,0.491963,0.490231,0.488362,0.486404,0.484414,0.482458,0.480607,0.478931,0.477497,0.476365,0.475582,0.475182,0.475182,0.475582,0.476365,0.477497,0.478931,0.480607,0.482458,0.484414,0.486404,0.488362,0.490231,0.491963,0.493523,0.494891,0.496057,0.497025,0.497807,0.498422,0.498891,0.49924,0.499493,0.49967,0.499791,0.499871,0.499922,0.499955,0.499974,0.499986,0.499992,0.499996,0.499997,0.499997
0.499998,0.499998,0.499998,0.499996,0.499992,0.499986,0.499975,0.499956,0.499927,0.49988,0.499809,0.499705,0.499554,0.499344,0.499059,0.498682,0.498198,0.497592,0.496857,0.495986,0.494984,0.493863,0.492643,0.491355,0.490036,0.488732,0.48749,0.48636,0.48539,0.484621,0.484088,0.483815,0.483815,0.484088,0.484621,0.48539,0.48636,0.48749,0.488732,0.490036,0.491355,0.492643,0.493863,0.494984,0.495986,0.496857,0.497592,0.498198,0.498682,0.499059,0.499344,0.499554,0.499705,0.499809,0.49988,0.499927,0.499956,0.499975,0.499986,0.499992,0.499996,0.499998,0.499998,0.499998
0.499999,0.499999,0.499999,0.499998,0.499996,0.499992,0.499986,0.499976,0.499959,0.499932,0.499891,0.49983,0.499741,0.499616,0.499444,0.499215,0.498918,0.498544,0.498084,0.497536,0.496899,0.49618,0.495391,0.494552,0.493687,0.492826,0.492002,0.491248,0.490598,0.490081,0.489722,0.489538,0.489538,0.489722,0.490081,0.490598,0.491248,0.492002,0.492826,0.493687,0.494552,0.495391,0.49618,0.496899,0.497536,0.498084,0.498544,0.498918,0.499215,0.499444,0.499616,0.499741,0.49983,0.499891,0.499932,0.499959,0.499976,0.499986,0.499992,0.499996,0.499998,0.499999,0.499999,0.499999
0.5,0.5,0.499999,0.499999,0.499998,0.499996,0.499992,0.499986,0.499976,0.49996,0.499936,0.499898,0.499844,0.499767,0.499659,0.499515,0.499326,0.499086,0.498788,0.498429,0.498008,0.497529,0.497001,0.496434,0.495845,0.495256,0.494688,0.494167,0.493716,0.493356,0.493105,0.492976,0.492976,0.493105,0.493356,0.493716,0.494167,0.494688,0.495256,0.495845,0.496434,0.497001,0.497529,0.498008,0.498429,0.498788,0.499086,0.499326,0.499515,0.499659,0.499767,0.499844,0.499898,0.499936,0.49996,0.499976,0.499986,0.499992,0.499996,0.499998,0.499999,0.499999,0.5,0.5
0.5,0.5,0.5,0.499999,0.499998,0.499997,0.499995,0.49999,0.499983,0.499972,0.499955,0.499928,0.499889,0.499833,0.499755,0.499649,0.499509,0.499329,0.499105,0.498833,0.498513,0.498146,0.497738,0.497299,0.49684,0.496379,0.495933,0.495522,0.495165,0.49488,0.494681,0.494579,0.494579,0.494681,0.49488,0.495165,0.495522,0.495933,0.496379,0.49684,0.497299,0.497738,0.498146,0.498513,0.498833,0.499105,0.499329,0.499509,0.499649,0.499755,0.499833,0.499889,0.499928,0.499955,0.499972,0.499983,0.49999,0.499995,0.499997,0.499998,0.499999,0.5,0.5,0.5
0.5,0.5,0.5,0.499999,0.499998,0.499997,0.499995,0.49999,0.499983,0.499972,0.499955,0.499928,0.499889,0.499833,0.499755,0.499649,0.499509,0.499329,0.499105,0.498833,0.498513,0.498146,0.497738,0.497299,0.49684,0.496379,0.495933,0.495522,0.495165,0.49488,0.494681,0.494579,0.494579,0.494681,0.49488,0.495165,0.495522,0.495933,0.496379,0.49684,0.497299,0.497738,0.498146,0.498513,0.498833,0.499105,0.499329,0.499509,0.499649,0.499755,0.499833,0.499889,0.499928,0.499955,0.499972,0.499983,0.49999,0.499995,0.499997,0.499998,0.499999,0.5,0.5,0.5
