0.487184,0.487969,0.487918,0.487815,0.487658,0.487443,0.487165,0.486813,0.486375,0.485829,0.485145,0.484282,0.483186,0.481785,0.479993,0.477712,0.474835,0.471256,0.466885,0.461664,0.455576,0.448671,0.441064,0.432946,0.42457,0.416242,0.408294,0.40106,0.394856,0.389952,0.38656,0.384827,0.384827,0.38656,0.389952,0.394856,0.40106,0.408294,0.416242,0.42457,0.432946,0.441064,0.448671,0.455576,0.461664,0.466885,0.471256,0.474835,0.477712,0.479993,0.481785,0.483186,0.484282,0.485145,0.485829,0.486375,0.486813,0.487165,0.487443,0.487658,0.487815,0.487918,0.487969,0.487969
0.487969,0.487969,0.487918,0.487815,0.487658,0.487443,0.487165,0.486813,0.486375,0.485829,0.485145,0.484282,0.483186,0.481785,0.479993,0.477712,0.474835,0.471256,0.466885,0.461664,0.455576,0.448671,0.441064,0.432946,0.42457,0.416242,0.408294,0.40106,0.394856,0.389952,0.38656,0.384827,0.384827,0.38656,0.389952,0.394856,0.40106,0.408294,0.416242,0.42457,0.432946,0.441064,0.448671,0.455576,0.461664,0.466885,0.471256,0.474835,0.477712,0.479993,0.481785,0.483186,0.484282,0.485145,0.485829,0.486375,0.486813,0.487165,0.487443,0.487658,0.487815,0.487918,0.487969,0.487969
0.487918,0.487918,0.487867,0.487763,0.487605,0.487389,0.487108,0.486754,0.486312,0.48576,0.485069,0.484198,0.48309,0.481675,0.479867,0.477569,0.474674,0.47108,0.466698,0.461473,0.455392,0.448505,0.440931,0.432858,0.42454,0.416277,0.408399,0.401234,0.395092,0.390239,0.386884,0.38517,0.38517,0.386884,0.390239,0.395092,0.401234,0.408399,0.416277,0.42454,0.432858,0.440931,0.448505,0.455392,0.461473,0.466698,0.47108,0.474674,0.477569,0.479867,0.481675,0.48309,0.484198,0.485069,0.48576,0.486312,0.486754,0.487108,0.487389,0.487605,0.487763,0.487867,0.487918,0.487918
0.487815,0.487815,0.487763,0.487658,0.487498,0.487279,0.486994,0.486634,0.486184,0.485621,0.484916,0.484026,0.482895,0.481452,0.479613,0.477279,0.47435,0.470725,0.466321,0.461088,0.455019,0.448169,0.440659,0.432677,0.424473,0.416342,0.408604,0.401577,0.395561,0.390812,0.387531,0.385855,0.385855,0.387531,0.390812,0.395561,0.401577,0.408604,0.416342,0.424473,0.432677,0.440659,0.448169,0.455019,0.461088,0.466321,0.470725,0.47435,0.477279,0.479613,0.481452,0.482895,0.484026,0.484916,0.485621,0.486184,0.486634,0.486994,0.487279,0.487498,0.487658,0.487763,0.487815,0.487815
0.487658,0.487658,0.487605,0.487498,0.487335,0.487111,0.486819,0.48645,0.485987,0.485408,0.484682,0.483763,0.482597,0.481112,0.479224,0.476838,0.473856,0.470184,0.465746,0.460501,0.45445,0.447654,0.440238,0.432392,0.424359,0.416425,0.408897,0.402079,0.396253,0.391662,0.388492,0.386875,0.386875,0.388492,0.391662,0.396253,0.402079,0.408897,0.416425,0.424359,0.432392,0.440238,0.447654,0.45445,0.460501,0.465746,0.470184,0.473856,0.476838,0.479224,0.481112,0.482597,0.483763,0.484682,0.485408,0.485987,0.48645,0.486819,0.487111,0.487335,0.487498,0.487605,0.487658,0.487658
0.487443,0.487443,0.487389,0.487279,0.487111,0.48688,0.486579,0.486197,0.485716,0.485114,0.484357,0.483401,0.482187,0.480645,0.478691,0.476234,0.473181,0.469446,0.464962,0.459699,0.45367,0.446945,0.439653,0.431985,0.424179,0.416508,0.409262,0.402724,0.397154,0.392775,0.389758,0.38822,0.38822,0.389758,0.392775,0.397154,0.402724,0.409262,0.416508,0.424179,0.431985,0.439653,0.446945,0.45367,0.459699,0.464962,0.469446,0.473181,0.476234,0.478691,0.480645,0.482187,0.483401,0.484357,0.485114,0.485716,0.486197,0.486579,0.48688,0.487111,0.487279,0.487389,0.487443,0.487443
0.487165,0.487165,0.487108,0.486994,0.486819,0.486579,0.486265,0.485865,0.485361,0.484729,0.483932,0.482926,0.481651,0.480036,0.477999,0.475452,0.472309,0.468494,0.463952,0.458665,0.452661,0.446021,0.438882,0.431435,0.42391,0.416567,0.409673,0.403487,0.398241,0.394131,0.391306,0.389869,0.389869,0.391306,0.394131,0.398241,0.403487,0.409673,0.416567,0.42391,0.431435,0.438882,0.446021,0.452661,0.458665,0.463952,0.468494,0.472309,0.475452,0.477999,0.480036,0.481651,0.482926,0.483932,0.484729,0.485361,0.485865,0.486265,0.486579,0.486819,0.486994,0.487108,0.487165,0.487165
0.486813,0.486813,0.486754,0.486634,0.48645,0.486197,0.485865,0.485442,0.484907,0.484236,0.483389,0.48232,0.480969,0.479264,0.477125,0.474469,0.471217,0.467304,0.462689,0.457372,0.451396,0.444856,0.437897,0.430712,0.423522,0.416571,0.4101,0.404336,0.39948,0.395696,0.393105,0.391789,0.391789,0.393105,0.395696,0.39948,0.404336,0.4101,0.416571,0.423522,0.430712,0.437897,0.444856,0.451396,0.457372,0.462689,0.467304,0.471217,0.474469,0.477125,0.479264,0.480969,0.48232,0.483389,0.484236,0.484907,0.485442,0.485865,0.486197,0.48645,0.486634,0.486754,0.486813,0.486813
0.486375,0.486375,0.486312,0.486184,0.485987,0.485716,0.485361,0.484907,0.484334,0.483613,0.482704,0.481558,0.480114,0.4783,0.47604,0.473254,0.469872,0.465843,0.461144,0.45579,0.449845,0.443418,0.436667,0.429783,0.42298,0.416482,0.410502,0.40523,0.400829,0.397424,0.395106,0.393934,0.393934,0.395106,0.397424,0.400829,0.40523,0.410502,0.416482,0.42298,0.429783,0.436667,0.443418,0.449845,0.45579,0.461144,0.465843,0.469872,0.473254,0.47604,0.4783,0.480114,0.481558,0.482704,0.483613,0.484334,0.484907,0.485361,0.485716,0.485987,0.486184,0.486312,0.486375,0.486375
0.485829,0.485829,0.48576,0.485621,0.485408,0.485114,0.484729,0.484236,0.483613,0.482829,0.481843,0.480604,0.479049,0.477107,0.474703,0.471765,0.468235,0.464073,0.459276,0.45388,0.44797,0.441672,0.435155,0.428611,0.422246,0.41626,0.410834,0.406119,0.402232,0.399258,0.39725,0.396239,0.396239,0.39725,0.399258,0.402232,0.406119,0.410834,0.41626,0.422246,0.428611,0.435155,0.441672,0.44797,0.45388,0.459276,0.464073,0.468235,0.471765,0.474703,0.477107,0.479049,0.480604,0.481843,0.482829,0.483613,0.484236,0.484729,0.485114,0.485408,0.485621,0.48576,0.485829,0.485829
0.485145,0.485145,0.485069,0.484916,0.484682,0.484357,0.483932,0.483389,0.482704,0.481843,0.480764,0.479413,0.477726,0.475634,0.473065,0.469955,0.466255,0.461945,0.45704,0.451601,0.445732,0.43958,0.433325,0.427161,0.421281,0.415861,0.411047,0.406946,0.403627,0.401127,0.399459,0.398627,0.398627,0.399459,0.401127,0.403627,0.406946,0.411047,0.415861,0.421281,0.427161,0.433325,0.43958,0.445732,0.451601,0.45704,0.461945,0.466255,0.469955,0.473065,0.475634,0.477726,0.479413,0.480764,0.481843,0.482704,0.483389,0.483932,0.484357,0.484682,0.484916,0.485069,0.485145,0.485145
0.484282,0.484282,0.484198,0.484026,0.483763,0.483401,0.482926,0.48232,0.481558,0.480604,0.479413,0.477929,0.47609,0.473825,0.47107,0.467766,0.463881,0.45941,0.454392,0.448911,0.443095,0.437111,0.431148,0.425401,0.420051,0.415247,0.411095,0.407655,0.404945,0.402953,0.401651,0.401009,0.401009,0.401651,0.402953,0.404945,0.407655,0.411095,0.415247,0.420051,0.425401,0.431148,0.437111,0.443095,0.448911,0.454392,0.45941,0.463881,0.467766,0.47107,0.473825,0.47609,0.477929,0.479413,0.480604,0.481558,0.48232,0.482926,0.483401,0.483763,0.484026,0.484198,0.484282,0.484282
0.483186,0.483186,0.48309,0.482895,0.482597,0.482187,0.481651,0.480969,0.480114,0.479049,0.477726,0.47609,0.474076,0.471618,0.468656,0.465143,0.461059,0.456422,0.451292,0.445778,0.440034,0.434243,0.428607,0.423316,0.418538,0.41439,0.410939,0.408195,0.406124,0.404664,0.403742,0.403298,0.403298,0.403742,0.404664,0.406124,0.408195,0.410939,0.41439,0.418538,0.423316,0.428607,0.434243,0.440034,0.445778,0.451292,0.456422,0.461059,0.465143,0.468656,0.471618,0.474076,0.47609,0.477726,0.479049,0.480114,0.480969,0.481651,0.482187,0.482597,0.482895,0.48309,0.483186,0.483186
0.481785,0.481785,0.481675,0.481452,0.481112,0.480645,0.480036,0.479264,0.4783,0.477107,0.475634,0.473825,0.471618,0.468949,0.465766,0.462033,0.457746,0.452945,0.447714,0.442188,0.436543,0.43098,0.425707,0.420912,0.416741,0.413283,0.410559,0.408532,0.407114,0.406194,0.405658,0.405415,0.405415,0.405658,0.406194,0.407114,0.408532,0.410559,0.413283,0.416741,0.420912,0.425707,0.43098,0.436543,0.442188,0.447714,0.452945,0.457746,0.462033,0.465766,0.468949,0.471618,0.473825,0.475634,0.477107,0.4783,0.479264,0.480036,0.480645,0.481112,0.481452,0.481675,0.481785,0.481785
0.479993,0.479993,0.479867,0.479613,0.479224,0.478691,0.477999,0.477125,0.47604,0.474703,0.473065,0.47107,0.468656,0.465766,0.462355,0.458401,0.45392,0.448971,0.443664,0.438157,0.432649,0.427356,0.422488,0.418226,0.414695,0.411948,0.409966,0.408659,0.407892,0.407505,0.407348,0.407302,0.407302,0.407348,0.407505,0.407892,0.408659,0.409966,0.411948,0.414695,0.418226,0.422488,0.427356,0.432649,0.438157,0.443664,0.448971,0.45392,0.458401,0.462355,0.465766,0.468656,0.47107,0.473065,0.474703,0.47604,0.477125,0.477999,0.478691,0.479224,0.479613,0.479867,0.479993,0.479993
0.477712,0.477712,0.477569,0.477279,0.476838,0.476234,0.475452,0.474469,0.473254,0.471765,0.469955,0.467766,0.465143,0.462033,0.458401,0.454242,0.449589,0.444524,0.439181,0.433741,0.428421,0.423447,0.41903,0.415337,0.41247,0.410446,0.409202,0.408603,0.408467,0.408594,0.408798,0.408939,0.408939,0.408798,0.408594,0.408467,0.408603,0.409202,0.410446,0.41247,0.415337,0.41903,0.423447,0.428421,0.433741,0.439181,0.444524,0.449589,0.454242,0.458401,0.462033,0.465143,0.467766,0.469955,0.471765,0.473254,0.474469,0.475452,0.476234,0.476838,0.477279,0.477569,0.477712,0.477712
0.474835,0.474835,0.474674,0.47435,0.473856,0.473181,0.472309,0.471217,0.469872,0.468235,0.466255,0.463881,0.461059,0.457746,0.45392,0.449589,0.444807,0.439677,0.434356,0.429046,0.423975,0.419377,0.415458,0.412368,0.41018,0.408877,0.408353,0.408432,0.408891,0.409496,0.410035,0.410347,0.410347,0.410035,0.409496,0.408891,0.408432,0.408353,0.408877,0.41018,0.412368,0.415458,0.419377,0.423975,0.429046,0.434356,0.439677,0.444807,0.449589,0.45392,0.457746,0.461059,0.463881,0.466255,0.468235,0.469872,0.471217,0.472309,0.473181,0.473856,0.47435,0.474674,0.474835,0.474835
0.471256,0.471256,0.47108,0.470725,0.470184,0.469446,0.468494,0.467304,0.465843,0.464073,0.461945,0.45941,0.456422,0.452945,0.448971,0.444524,0.439677,0.434554,0.429331,0.424227,0.419478,0.415318,0.411942,0.409481,0.407978,0.407379,0.407542,0.408253,0.409257,0.410292,0.411129,0.411593,0.411593,0.411129,0.410292,0.409257,0.408253,0.407542,0.407379,0.407978,0.409481,0.411942,0.415318,0.419478,0.424227,0.429331,0.434554,0.439677,0.444524,0.448971,0.452945,0.456422,0.45941,0.461945,0.464073,0.465843,0.467304,0.468494,0.469446,0.470184,0.470725,0.47108,0.471256,0.471256
0.466885,0.466885,0.466698,0.466321,0.465746,0.464962,0.463952,0.462689,0.461144,0.459276,0.45704,0.454392,0.451292,0.447714,0.443664,0.439181,0.434356,0.429331,0.424299,0.419487,0.415137,0.411476,0.408685,0.40687,0.406043,0.406118,0.406919,0.408201,0.409687,0.411096,0.412187,0.41278,0.41278,0.412187,0.411096,0.409687,0.408201,0.406919,0.406118,0.406043,0.40687,0.408685,0.411476,0.415137,0.419487,0.424299,0.429331,0.434356,0.439181,0.443664,0.447714,0.451292,0.454392,0.45704,0.459276,0.461144,0.462689,0.463952,0.464962,0.465746,0.466321,0.466698,0.466885,0.466885
0.461664,0.461664,0.461473,0.461088,0.460501,0.459699,0.458665,0.457372,0.45579,0.45388,0.451601,0.448911,0.445778,0.442188,0.438157,0.433741,0.429046,0.424227,0.419487,0.41506,0.411186,0.40808,0.405904,0.404739,0.404566,0.405268,0.406644,0.408425,0.410319,0.412039,0.413336,0.414033,0.414033,0.413336,0.412039,0.410319,0.408425,0.406644,0.405268,0.404566,0.404739,0.405904,0.40808,0.411186,0.41506,0.419487,0.424227,0.429046,0.433741,0.438157,0.442188,0.445778,0.448911,0.451601,0.45388,0.45579,0.457372,0.458665,0.459699,0.460501,0.461088,0.461473,0.461664,0.461664
0.455576,0.455576,0.455392,0.455019,0.45445,0.45367,0.452661,0.451396,0.449845,0.44797,0.445732,0.443095,0.440034,0.436543,0.432649,0.428421,0.423975,0.419478,0.415137,0.411186,0.407856,0.405349,0.403804,0.403275,0.403717,0.404987,0.406862,0.409062,0.411286,0.413247,0.414702,0.415476,0.415476,0.414702,0.413247,0.411286,0.409062,0.406862,0.404987,0.403717,0.403275,0.403804,0.405349,0.407856,0.411186,0.415137,0.419478,0.423975,0.428421,0.432649,0.436543,0.440034,0.443095,0.445732,0.44797,0.449845,0.451396,0.452661,0.45367,0.45445,0.455019,0.455392,0.455576,0.455576
0.448671,0.448671,0.448505,0.448169,0.447654,0.446945,0.446021,0.444856,0.443418,0.441672,0.43958,0.437111,0.434243,0.43098,0.427356,0.423447,0.419377,0.415318,0.411476,0.40808,0.405349,0.403466,0.402548,0.402624,0.403625,0.40539,0.40768,0.410211,0.412684,0.41482,0.416383,0.417208,0.417208,0.416383,0.41482,0.412684,0.410211,0.40768,0.40539,0.403625,0.402624,0.402548,0.403466,0.405349,0.40808,0.411476,0.415318,0.419377,0.423447,0.427356,0.43098,0.434243,0.437111,0.43958,0.441672,0.443418,0.444856,0.446021,0.446945,0.447654,0.448169,0.448505,0.448671,0.448671
0.441064,0.441064,0.440931,0.440659,0.440238,0.439653,0.438882,0.437897,0.436667,0.435155,0.433325,0.431148,0.428607,0.425707,0.422488,0.41903,0.415458,0.411942,0.408685,0.405904,0.403804,0.402548,0.402232,0.402862,0.404352,0.406527,0.409143,0.411918,0.414561,0.416805,0.418431,0.419285,0.419285,0.418431,0.416805,0.414561,0.411918,0.409143,0.406527,0.404352,0.402862,0.402232,0.402548,0.403804,0.405904,0.408685,0.411942,0.415458,0.41903,0.422488,0.425707,0.428607,0.431148,0.433325,0.435155,0.436667,0.437897,0.438882,0.439653,0.440238,0.440659,0.440931,0.441064,0.441064
0.432946,0.432946,0.432858,0.432677,0.432392,0.431985,0.431435,0.430712,0.429783,0.428611,0.427161,0.425401,0.423316,0.420912,0.418226,0.415337,0.412368,0.409481,0.40687,0.404739,0.403275,0.402624,0.402862,0.40398,0.405877,0.408372,0.411223,0.414156,0.416895,0.41919,0.420838,0.421698,0.421698,0.420838,0.41919,0.416895,0.414156,0.411223,0.408372,0.405877,0.40398,0.402862,0.402624,0.403275,0.404739,0.40687,0.409481,0.412368,0.415337,0.418226,0.420912,0.423316,0.425401,0.427161,0.428611,0.429783,0.430712,0.431435,0.431985,0.432392,0.432677,0.432858,0.432946,0.432946
0.42457,0.42457,0.42454,0.424473,0.424359,0.424179,0.42391,0.423522,0.42298,0.422246,0.421281,0.420051,0.418538,0.416741,0.414695,0.41247,0.41018,0.407978,0.406043,0.404566,0.403717,0.403625,0.404352,0.405877,0.408093,0.410818,0.413818,0.416832,0.419601,0.421896,0.423532,0.424382,0.424382,0.423532,0.421896,0.419601,0.416832,0.413818,0.410818,0.408093,0.405877,0.404352,0.403625,0.403717,0.404566,0.406043,0.407978,0.41018,0.41247,0.414695,0.416741,0.418538,0.420051,0.421281,0.422246,0.42298,0.423522,0.42391,0.424179,0.424359,0.424473,0.42454,0.42457,0.42457
0.416242,0.416242,0.416277,0.416342,0.416425,0.416508,0.416567,0.416571,0.416482,0.41626,0.415861,0.415247,0.41439,0.413283,0.411948,0.410446,0.408877,0.407379,0.406118,0.405268,0.404987,0.40539,0.406527,0.408372,0.410818,0.413689,0.416761,0.41979,0.422536,0.424791,0.426389,0.427216,0.427216,0.426389,0.424791,0.422536,0.41979,0.416761,0.413689,0.410818,0.408372,0.406527,0.40539,0.404987,0.405268,0.406118,0.407379,0.408877,0.410446,0.411948,0.413283,0.41439,0.415247,0.415861,0.41626,0.416482,0.416571,0.416567,0.416508,0.416425,0.416342,0.416277,0.416242,0.416242
0.408294,0.408294,0.408399,0.408604,0.408897,0.409262,0.409673,0.4101,0.410502,0.410834,0.411047,0.411095,0.410939,0.410559,0.409966,0.409202,0.408353,0.407542,0.406919,0.406644,0.406862,0.40768,0.409143,0.411223,0.413818,0.416761,0.419842,0.422834,0.42552,0.427708,0.42925,0.430046,0.430046,0.42925,0.427708,0.42552,0.422834,0.419842,0.416761,0.413818,0.411223,0.409143,0.40768,0.406862,0.406644,0.406919,0.407542,0.408353,0.409202,0.409966,0.410559,0.410939,0.411095,0.411047,0.410834,0.410502,0.4101,0.409673,0.409262,0.408897,0.408604,0.408399,0.408294,0.408294
0.40106,0.40106,0.401234,0.401577,0.402079,0.402724,0.403487,0.404336,0.40523,0.406119,0.406946,0.407655,0.408195,0.408532,0.408659,0.408603,0.408432,0.408253,0.408201,0.408425,0.409062,0.410211,0.411918,0.414156,0.416832,0.41979,0.422834,0.425758,0.428359,0.430465,0.431944,0.432705,0.432705,0.431944,0.430465,0.428359,0.425758,0.422834,0.41979,0.416832,0.414156,0.411918,0.410211,0.409062,0.408425,0.408201,0.408253,0.408432,0.408603,0.408659,0.408532,0.408195,0.407655,0.406946,0.406119,0.40523,0.404336,0.403487,0.402724,0.402079,0.401577,0.401234,0.40106,0.40106
0.394856,0.394856,0.395092,0.395561,0.396253,0.397154,0.398241,0.39948,0.400829,0.402232,0.403627,0.404945,0.406124,0.407114,0.407892,0.408467,0.408891,0.409257,0.409687,0.410319,0.411286,0.412684,0.414561,0.416895,0.419601,0.422536,0.42552,0.428359,0.430868,0.432892,0.434307,0.435035,0.435035,0.434307,0.432892,0.430868,0.428359,0.42552,0.422536,0.419601,0.416895,0.414561,0.412684,0.411286,0.410319,0.409687,0.409257,0.408891,0.408467,0.407892,0.407114,0.406124,0.404945,0.403627,0.402232,0.400829,0.39948,0.398241,0.397154,0.396253,0.395561,0.395092,0.394856,0.394856
0.389952,0.389952,0.390239,0.390812,0.391662,0.392775,0.394131,0.395696,0.397424,0.399258,0.401127,0.402953,0.404664,0.406194,0.407505,0.408594,0.409496,0.410292,0.411096,0.412039,0.413247,0.41482,0.416805,0.41919,0.421896,0.424791,0.427708,0.430465,0.432892,0.434841,0.436202,0.4369,0.4369,0.436202,0.434841,0.432892,0.430465,0.427708,0.424791,0.421896,0.41919,0.416805,0.41482,0.413247,0.412039,0.411096,0.410292,0.409496,0.408594,0.407505,0.406194,0.404664,0.402953,0.401127,0.399258,0.397424,0.395696,0.394131,0.392775,0.391662,0.390812,0.390239,0.389952,0.389952
0.38656,0.38656,0.386884,0.387531,0.388492,0.389758,0.391306,0.393105,0.395106,0.39725,0.399459,0.401651,0.403742,0.405658,0.407348,0.408798,0.410035,0.411129,0.412187,0.413336,0.414702,0.416383,0.418431,0.420838,0.423532,0.426389,0.42925,0.431944,0.434307,0.436202,0.437522,0.438199,0.438199,0.437522,0.436202,0.434307,0.431944,0.42925,0.426389,0.423532,0.420838,0.418431,0.416383,0.414702,0.413336,0.412187,0.411129,0.410035,0.408798,0.407348,0.405658,0.403742,0.401651,0.399459,0.39725,0.395106,0.393105,0.391306,0.389758,0.388492,0.387531,0.386884,0.38656,0.38656
0.384827,0.384827,0.38517,0.385855,0.386875,0.38822,0.389869,0.391789,0.393934,0.396239,0.398627,0.401009,0.403298,0.405415,0.407302,0.408939,0.410347,0.411593,0.41278,0.414033,0.415476,0.417208,0.419285,0.421698,0.424382,0.427216,0.430046,0.432705,0.435035,0.4369,0.438199,0.438865,0.438865,0.438199,0.4369,0.435035,0.432705,0.430046,0.427216,0.424382,0.421698,0.419285,0.417208,0.415476,0.414033,0.41278,0.411593,0.410347,0.408939,0.407302,0.405415,0.403298,0.401009,0.398627,0.396239,0.393934,0.391789,0.389869,0.38822,0.386875,0.385855,0.38517,0.384827,0.384827
0.384827,0.384827,0.38517,0.385855,0.386875,0.38822,0.389869,0.391789,0.393934,0.396239,0.398627,0.401009,0.403298,0.405415,0.407302,0.408939,0.410347,0.411593,0.41278,0.414033,0.415476,0.417208,0.419285,0.421698,0.424382,0.427216,0.430046,0.432705,0.435035,0.4369,0.438199,0.438865,0.438865,0.438199,0.4369,0.435035,0.432705,0.430046,0.427216,0.424382,0.421698,0.419285,0.417208,0.415476,0.414033,0.41278,0.411593,0.410347,0.408939,0.407302,0.405415,0.403298,0.401009,0.398627,0.396239,0.393934,0.391789,0.389869,0.38822,0.386875,0.385855,0.38517,0.384827,0.384827
0.38656,0.38656,0.386884,0.387531,0.388492,0.389758,0.391306,0.393105,0.395106,0.39725,0.399459,0.401651,0.403742,0.405658,0.407348,0.408798,0.410035,0.411129,0.412187,0.413336,0.414702,0.416383,0.418431,0.420838,0.423532,0.426389,0.42925,0.431944,0.434307,0.436202,0.437522,0.438199,0.438199,0.437522,0.436202,0.434307,0.431944,0.42925,0.426389,0.423532,0.420838,0.418431,0.416383,0.414702,0.413336,0.412187,0.411129,0.410035,0.408798,0.407348,0.405658,0.403742,0.401651,0.399459,0.39725,0.395106,0.393105,0.391306,0.389758,0.388492,0.387531,0.386884,0.38656,0.38656
0.389952,0.389952,0.390239,0.390812,0.391662,0.392775,0.394131,0.395696,0.397424,0.399258,0.401127,0.402953,0.404664,0.406194,0.407505,0.408594,0.409496,0.410292,0.411096,0.412039,0.413247,0.41482,0.416805,0.41919,0.421896,0.424791,0.427708,0.430465,0.432892,0.434841,0.436202,0.4369,0.4369,0.436202,0.434841,0.432892,0.430465,0.427708,0.424791,0.421896,0.41919,0.416805,0.41482,0.413247,0.412039,0.411096,0.410292,0.409496,0.408594,0.407505,0.406194,0.404664,0.402953,0.401127,0.399258,0.397424,0.395696,0.394131,0.392775,0.391662,0.390812,0.390239,0.389952,0.389952
0.394856,0.394856,0.395092,0.395561,0.396253,0.397154,0.398241,0.39948,0.400829,0.402232,0.403627,0.404945,0.406124,0.407114,0.407892,0.408467,0.408891,0.409257,0.409687,0.410319,0.411286,0.412684,0.414561,0.416895,0.419601,0.422536,0.42552,0.428359,0.430868,0.432892,0.434307,0.435035,0.435035,0.434307,0.432892,0.430868,0.428359,0.42552,0.422536,0.419601,0.416895,0.414561,0.412684,0.411286,0.410319,0.409687,0.409257,0.408891,0.408467,0.407892,0.407114,0.406124,0.404945,0.403627,0.402232,0.400829,0.39948,0.398241,0.397154,0.396253,0.395561,0.395092,0.394856,0.394856
0.40106,0.40106,0.401234,0.401577,0.402079,0.402724,0.403487,0.404336,0.40523,0.406119,0.406946,0.407655,0.408195,0.408532,0.408659,0.408603,0.408432,0.408253,0.408201,0.408425,0.409062,0.410211,0.411918,0.414156,0.416832,0.41979,0.422834,0.425758,0.428359,0.430465,0.431944,0.432705,0.432705,0.431944,0.430465,0.428359,0.425758,0.422834,0.41979,0.416832,0.414156,0.411918,0.410211,0.409062,0.408425,0.408201,0.408253,0.408432,0.408603,0.408659,0.408532,0.408195,0.407655,0.406946,0.406119,0.40523,0.404336,0.403487,0.402724,0.402079,0.401577,0.401234,0.40106,0.40106
0.408294,0.408294,0.408399,0.408604,0.408897,0.409262,0.409673,0.4101,0.410502,0.410834,0.411047,0.411095,0.410939,0.410559,0.409966,0.409202,0.408353,0.407542,0.406919,0.406644,0.406862,0.40768,0.409143,0.411223,0.413818,0.416761,0.419842,0.422834,0.42552,0.427708,0.42925,0.430046,0.430046,0.42925,0.427708,0.42552,0.422834,0.419842,0.416761,0.413818,0.411223,0.409143,0.40768,0.406862,0.406644,0.406919,0.407542,0.408353,0.409202,0.409966,0.410559,0.410939,0.411095,0.411047,0.410834,0.410502,0.4101,0.409673,0.409262,0.408897,0.408604,0.408399,0.408294,0.408294
0.416242,0.416242,0.416277,0.416342,0.416425,0.416508,0.416567,0.416571,0.416482,0.41626,0.415861,0.415247,0.41439,0.413283,0.411948,0.410446,0.408877,0.407379,0.406118,0.405268,0.404987,0.40539,0.406527,0.408372,0.410818,0.413689,0.416761,0.41979,0.422536,0.424791,0.426389,0.427216,0.427216,0.426389,0.424791,0.422536,0.41979,0.416761,0.413689,0.410818,0.408372,0.406527,0.40539,0.404987,0.405268,0.406118,0.407379,0.408877,0.410446,0.411948,0.413283,0.41439,0.415247,0.415861,0.41626,0.416482,0.416571,0.416567,0.416508,0.416425,0.416342,0.416277,0.416242,0.416242
0.42457,0.42457,0.42454,0.424473,0.424359,0.424179,0.42391,0.423522,0.42298,0.422246,0.421281,0.420051,0.418538,0.416741,0.414695,0.41247,0.41018,0.407978,0.406043,0.404566,0.403717,0.403625,0.404352,0.405877,0.408093,0.410818,0.413818,0.416832,0.419601,0.421896,0.423532,0.424382,0.424382,0.423532,0.421896,0.419601,0.416832,0.413818,0.410818,0.408093,0.405877,0.404352,0.403625,0.403717,0.404566,0.406043,0.407978,0.41018,0.41247,0.414695,0.416741,0.418538,0.420051,0.421281,0.422246,0.42298,0.423522,0.42391,0.424179,0.424359,0.424473,0.42454,0.42457,0.42457
0.432946,0.432946,0.432858,0.432677,0.432392,0.431985,0.431435,0.430712,0.429783,0.428611,0.427161,0.425401,0.423316,0.420912,0.418226,0.415337,0.412368,0.409481,0.40687,0.404739,0.403275,0.402624,0.402862,0.40398,0.405877,0.408372,0.411223,0.414156,0.416895,0.41919,0.420838,0.421698,0.421698,0.420838,0.41919,0.416895,0.414156,0.411223,0.408372,0.405877,0.40398,0.402862,0.402624,0.403275,0.404739,0.40687,0.409481,0.412368,0.415337,0.418226,0.420912,0.423316,0.425401,0.427161,0.428611,0.429783,0.430712,0.431435,0.431985,0.432392,0.432677,0.432858,0.432946,0.432946
0.441064,0.441064,0.440931,0.440659,0.440238,0.439653,0.438882,0.437897,0.436667,0.435155,0.433325,0.431148,0.428607,0.425707,0.422488,0.41903,0.415458,0.411942,0.408685,0.405904,0.403804,0.402548,0.402232,0.402862,0.404352,0.406527,0.409143,0.411918,0.414561,0.416805,0.418431,0.419285,0.419285,0.418431,0.416805,0.414561,0.411918,0.409143,0.406527,0.404352,0.402862,0.402232,0.402548,0.403804,0.405904,0.408685,0.411942,0.415458,0.41903,0.422488,0.425707,0.428607,0.431148,0.433325,0.435155,0.436667,0.437897,0.438882,0.439653,0.440238,0.440659,0.440931,0.441064,0.441064
0.448671,0.448671,0.448505,0.448169,0.447654,0.446945,0.446021,0.444856,0.443418,0.441672,0.43958,0.437111,0.434243,0.43098,0.427356,0.423447,0.419377,0.415318,0.411476,0.40808,0.405349,0.403466,0.402548,0.402624,0.403625,0.40539,0.40768,0.410211,0.412684,0.41482,0.416383,0.417208,0.417208,0.416383,0.41482,0.412684,0.410211,0.40768,0.40539,0.403625,0.402624,0.402548,0.403466,0.405349,0.40808,0.411476,0.415318,0.419377,0.423447,0.427356,0.43098,0.434243,0.437111,0.43958,0.441672,0.443418,0.444856,0.446021,0.446945,0.447654,0.448169,0.448505,0.448671,0.448671
0.455576,0.455576,0.455392,0.455019,0.45445,0.45367,0.452661,0.451396,0.449845,0.44797,0.445732,0.443095,0.440034,0.436543,0.432649,0.428421,0.423975,0.419478,0.415137,0.411186,0.407856,0.405349,0.403804,0.403275,0.403717,0.404987,0.406862,0.409062,0.411286,0.413247,0.414702,0.415476,0.415476,0.414702,0.413247,0.411286,0.409062,0.406862,0.404987,0.403717,0.403275,0.403804,0.405349,0.407856,0.411186,0.415137,0.419478,0.423975,0.428421,0.432649,0.436543,0.440034,0.443095,0.445732,0.44797,0.449845,0.451396,0.452661,0.45367,0.45445,0.455019,0.455392,0.455576,0.455576
0.461664,0.461664,0.461473,0.461088,0.460501,0.459699,0.458665,0.457372,0.45579,0.45388,0.451601,0.448911,0.445778,0.442188,0.438157,0.433741,0.429046,0.424227,0.419487,0.41506,0.411186,0.40808,0.405904,0.404739,0.404566,0.405268,0.406644,0.408425,0.410319,0.412039,0.413336,0.414033,0.414033,0.413336,0.412039,0.410319,0.408425,0.406644,0.405268,0.404566,0.404739,0.405904,0.40808,0.411186,0.41506,0.419487,0.424227,0.429046,0.433741,0.438157,0.442188,0.445778,0.448911,0.451601,0.45388,0.45579,0.457372,0.458665,0.459699,0.460501,0.461088,0.461473,0.461664,0.461664
0.466885,0.466885,0.466698,0.466321,0.465746,0.464962,0.463952,0.462689,0.461144,0.459276,0.45704,0.454392,0.451292,0.447714,0.443664,0.439181,0.434356,0.429331,0.424299,0.419487,0.415137,0.411476,0.408685,0.40687,0.406043,0.406118,0.406919,0.408201,0.409687,0.411096,0.412187,0.41278,0.41278,0.412187,0.411096,0.409687,0.408201,0.406919,0.406118,0.406043,0.40687,0.408685,0.411476,0.415137,0.419487,0.424299,0.429331,0.434356,0.439181,0.443664,0.447714,0.451292,0.454392,0.45704,0.459276,0.461144,0.462689,0.463952,0.464962,0.465746,0.466321,0.466698,0.466885,0.466885
0.471256,0.471256,0.47108,0.470725,0.470184,0.469446,0.468494,0.467304,0.465843,0.464073,0.461945,0.45941,0.456422,0.452945,0.448971,0.444524,0.439677,0.434554,0.429331,0.424227,0.419478,0.415318,0.411942,0.409481,0.407978,0.407379,0.407542,0.408253,0.409257,0.410292,0.411129,0.411593,0.411593,0.411129,0.410292,0.409257,0.408253,0.407542,0.407379,0.407978,0.409481,0.411942,0.415318,0.419478,0.424227,0.429331,0.434554,0.439677,0.444524,0.448971,0.452945,0.456422,0.45941,0.461945,0.464073,0.465843,0.467304,0.468494,0.469446,0.470184,0.470725,0.47108,0.471256,0.471256
0.474835,0.474835,0.474674,0.47435,0.473856,0.473181,0.472309,0.471217,0.469872,0.468235,0.466255,0.463881,0.461059,0.457746,0.45392,0.449589,0.444807,0.439677,0.434356,0.429046,0.423975,0.419377,0.415458,0.412368,0.41018,0.408877,0.408353,0.408432,0.408891,0.409496,0.410035,0.410347,0.410347,0.410035,0.409496,0.408891,0.408432,0.408353,0.408877,0.41018,0.412368,0.415458,0.419377,0.423975,0.429046,0.434356,0.439677,0.444807,0.449589,0.45392,0.457746,0.461059,0.463881,0.466255,0.468235,0.469872,0.471217,0.472309,0.473181,0.473856,0.47435,0.474674,0.474835,0.474835
0.477712,0.477712,0.477569,0.477279,0.476838,0.476234,0.475452,0.474469,0.473254,0.471765,0.469955,0.467766,0.465143,0.462033,0.458401,0.454242,0.449589,0.444524,0.439181,0.433741,0.428421,0.423447,0.41903,0.415337,0.41247,0.410446,0.409202,0.408603,0.408467,0.408594,0.408798,0.408939,0.408939,0.408798,0.408594,0.408467,0.408603,0.409202,0.410446,0.41247,0.415337,0.41903,0.423447,0.428421,0.433741,0.439181,0.444524,0.449589,0.454242,0.458401,0.462033,0.465143,0.467766,0.469955,0.471765,0.473254,0.474469,0.475452,0.476234,0.476838,0.477279,0.477569,0.477712,0.477712
0.479993,0.479993,0.479867,0.479613,0.479224,0.478691,0.477999,0.477125,0.47604,0.474703,0.473065,0.47107,0.468656,0.465766,0.462355,0.458401,0.45392,0.448971,0.443664,0.438157,0.432649,0.427356,0.422488,0.418226,0.414695,0.411948,0.409966,0.408659,0.407892,0.407505,0.407348,0.407302,0.407302,0.407348,0.407505,0.407892,0.408659,0.409966,0.411948,0.414695,0.418226,0.422488,0.427356,0.432649,0.438157,0.443664,0.448971,0.45392,0.458401,0.462355,0.465766,0.468656,0.47107,0.473065,0.474703,0.47604,0.477125,0.477999,0.478691,0.479224,0.479613,0.479867,0.479993,0.479993
0.481785,0.481785,0.481675,0.481452,0.481112,0.480645,0.480036,0.479264,0.4783,0.477107,0.475634,0.473825,0.471618,0.468949,0.465766,0.462033,0.457746,0.452945,0.447714,0.442188,0.436543,0.43098,0.425707,0.420912,0.416741,0.413283,0.410559,0.408532,0.407114,0.406194,0.405658,0.405415,0.405415,0.405658,0.406194,0.407114,0.408532,0.410559,0.413283,0.416741,0.420912,0.425707,0.43098,0.436543,0.442188,0.447714,0.452945,0.457746,0.462033,0.465766,0.468949,0.471618,0.473825,0.475634,0.477107,0.4783,0.479264,0.480036,0.480645,0.481112,0.481452,0.481675,0.481785,0.481785
0.483186,0.483186,0.48309,0.482895,0.482597,0.482187,0.481651,0.480969,0.480114,0.479049,0.477726,0.47609,0.474076,0.471618,0.468656,0.465143,0.461059,0.456422,0.451292,0.445778,0.440034,0.434243,0.428607,0.423316,0.418538,0.41439,0.410939,0.408195,0.406124,0.404664,0.403742,0.403298,0.403298,0.403742,0.404664,0.406124,0.408195,0.410939,0.41439,0.418538,0.423316,0.428607,0.434243,0.440034,0.445778,0.451292,0.456422,0.461059,0.465143,0.468656,0.471618,0.474076,0.47609,0.477726,0.479049,0.480114,0.480969,0.481651,0.482187,0.482597,0.482895,0.48309,0.483186,0.483186
0.484282,0.484282,0.484198,0.484026,0.483763,0.483401,0.482926,0.48232,0.481558,0.480604,0.479413,0.477929,0.47609,0.473825,0.47107,0.467766,0.463881,0.45941,0.454392,0.448911,0.443095,0.437111,0.431148,0.425401,0.420051,0.415247,0.411095,0.407655,0.404945,0.402953,0.401651,0.401009,0.401009,0.401651,0.402953,0.404945,0.407655,0.411095,0.415247,0.420051,0.425401,0.431148,0.437111,0.443095,0.448911,0.454392,0.45941,0.463881,0.467766,0.47107,0.473825,0.47609,0.477929,0.479413,0.480604,0.481558,0.48232,0.482926,0.483401,0.483763,0.484026,0.484198,0.484282,0.484282
0.485145,0.485145,0.485069,0.484916,0.484682,0.484357,0.483932,0.483389,0.482704,0.481843,0.480764,0.479413,0.477726,0.475634,0.473065,0.469955,0.466255,0.461945,0.45704,0.451601,0.445732,0.43958,0.433325,0.427161,0.421281,0.415861,0.411047,0.406946,0.403627,0.401127,0.399459,0.398627,0.398627,0.399459,0.401127,0.403627,0.406946,0.411047,0.415861,0.421281,0.427161,0.433325,0.43958,0.445732,0.451601,0.45704,0.461945,0.466255,0.469955,0.473065,0.475634,0.477726,0.479413,0.480764,0.481843,0.482704,0.483389,0.483932,0.484357,0.484682,0.484916,0.485069,0.485145,0.485145
0.485829,0.485829,0.48576,0.485621,0.485408,0.485114,0.484729,0.484236,0.483613,0.482829,0.481843,0.480604,0.479049,0.477107,0.474703,0.471765,0.468235,0.464073,0.459276,0.45388,0.44797,0.441672,0.435155,0.428611,0.422246,0.41626,0.410834,0.406119,0.402232,0.399258,0.39725,0.396239,0.396239,0.39725,0.399258,0.402232,0.406119,0.410834,0.41626,0.422246,0.428611,0.435155,0.441672,0.44797,0.45388,0.459276,0.464073,0.468235,0.471765,0.474703,0.477107,0.479049,0.480604,0.481843,0.482829,0.483613,0.484236,0.484729,0.485114,0.485408,0.485621,0.48576,0.485829,0.485829
0.486375,0.486375,0.486312,0.486184,0.485987,0.485716,0.485361,0.484907,0.484334,0.483613,0.482704,0.481558,0.480114,0.4783,0.47604,0.473254,0.469872,0.465843,0.461144,0.45579,0.449845,0.443418,0.436667,0.429783,0.42298,0.416482,0.410502,0.40523,0.400829,0.397424,0.395106,0.393934,0.393934,0.395106,0.397424,0.400829,0.40523,0.410502,0.416482,0.42298,0.429783,0.436667,0.443418,0.449845,0.45579,0.461144,0.465843,0.469872,0.473254,0.47604,0.4783,0.480114,0.481558,0.482704,0.483613,0.484334,0.484907,0.485361,0.485716,0.485987,0.486184,0.486312,0.486375,0.486375
0.486813,0.486813,0.486754,0.486634,0.48645,0.486197,0.485865,0.485442,0.484907,0.484236,0.483389,0.48232,0.480969,0.479264,0.477125,0.474469,0.471217,0.467304,0.462689,0.457372,0.451396,0.444856,0.437897,0.430712,0.423522,0.416571,0.4101,0.404336,0.39948,0.395696,0.393105,0.391789,0.391789,0.393105,0.395696,0.39948,0.404336,0.4101,0.416571,0.423522,0.430712,0.437897,0.444856,0.451396,0.457372,0.462689,0.467304,0.471217,0.474469,0.477125,0.479264,0.480969,0.48232,0.483389,0.484236,0.484907,0.485442,0.485865,0.486197,0.48645,0.486634,0.486754,0.486813,0.486813
0.487165,0.487165,0.487108,0.486994,0.486819,0.486579,0.486265,0.485865,0.485361,0.484729,0.483932,0.482926,0.481651,0.480036,0.477999,0.475452,0.472309,0.468494,0.463952,0.458665,0.452661,0.446021,0.438882,0.431435,0.42391,0.416567,0.409673,0.403487,0.398241,0.394131,0.391306,0.389869,0.389869,0.391306,0.394131,0.398241,0.403487,0.409673,0.416567,0.42391,0.431435,0.438882,0.446021,0.452661,0.458665,0.463952,0.468494,0.472309,0.475452,0.477999,0.480036,0.481651,0.482926,0.483932,0.484729,0.485361,0.485865,0.486265,0.486579,0.486819,0.486994,0.487108,0.487165,0.487165
0.487443,0.487443,0.487389,0.487279,0.487111,0.48688,0.486579,0.486197,0.485716,0.485114,0.484357,0.483401,0.482187,0.480645,0.478691,0.476234,0.473181,0.469446,0.464962,0.459699,0.45367,0.446945,0.439653,0.431985,0.424179,0.416508,0.409262,0.402724,0.397154,0.392775,0.389758,0.38822,0.38822,0.389758,0.392775,0.397154,0.402724,0.409262,0.416508,0.424179,0.431985,0.439653,0.446945,0.45367,0.459699,0.464962,0.469446,0.473181,0.476234,0.478691,0.480645,0.482187,0.483401,0.484357,0.485114,0.485716,0.486197,0.486579,0.48688,0.487111,0.487279,0.487389,0.487443,0.487443
0.487658,0.487658,0.487605,0.487498,0.487335,0.487111,0.486819,0.48645,0.485987,0.485408,0.484682,0.483763,0.482597,0.481112,0.479224,0.476838,0.473856,0.470184,0.465746,0.460501,0.45445,0.447654,0.440238,0.432392,0.424359,0.416425,0.408897,0.402079,0.396253,0.391662,0.388492,0.386875,0.386875,0.388492,0.391662,0.396253,0.402079,0.408897,0.416425,0.424359,0.432392,0.440238,0.447654,0.45445,0.460501,0.465746,0.470184,0.473856,0.476838,0.479224,0.481112,0.482597,0.483763,0.484682,0.485408,0.485987,0.48645,0.486819,0.487111,0.487335,0.487498,0.487605,0.487658,0.487658
0.487815,0.487815,0.487763,0.487658,0.487498,0.487279,0.486994,0.486634,0.486184,0.485621,0.484916,0.484026,0.482895,0.481452,0.479613,0.477279,0.47435,0.470725,0.466321,0.461088,0.455019,0.448169,0.440659,0.432677,0.424473,0.416342,0.408604,0.401577,0.395561,0.390812,0.387531,0.385855,0.385855,0.387531,0.390812,0.395561,0.401577,0.408604,0.416342,0.424473,0.432677,0.440659,0.448169,0.455019,0.461088,0.466321,0.470725,0.47435,0.477279,0.479613,0.481452,0.482895,0.484026,0.484916,0.485621,0.486184,0.486634,0.486994,0.487279,0.487498,0.487658,0.487763,0.487815,0.487815
0.487918,0.487918,0.487867,0.487763,0.487605,0.487389,0.487108,0.486754,0.486312,0.48576,0.485069,0.484198,0.48309,0.481675,0.479867,0.477569,0.474674,0.47108,0.466698,0.461473,0.455392,0.448505,0.440931,0.432858,0.42454,0.416277,0.408399,0.401234,0.395092,0.390239,0.386884,0.38517,0.38517,0.386884,0.390239,0.395092,0.401234,0.408399,0.416277,0.42454,0.432858,0.440931,0.448505,0.455392,0.461473,0.466698,0.47108,0.474674,0.477569,0.479867,0.481675,0.48309,0.484198,0.485069,0.48576,0.486312,0.486754,0.487108,0.487389,0.487605,0.487763,0.487867,0.487918,0.487918
0.487969,0.487969,0.487918,0.487815,0.487658,0.487443,0.487165,0.486813,0.486375,0.485829,0.485145,0.484282,0.483186,0.481785,0.479993,0.477712,0.474835,0.471256,0.466885,0.461664,0.455576,0.448671,0.441064,0.432946,0.42457,0.416242,0.408294,0.40106,0.394856,0.389952,0.38656,0.384827,0.384827,0.38656,0.389952,0.394856,0.40106,0.408294,0.416242,0.42457,0.432946,0.441064,0.448671,0.455576,0.461664,0.466885,0.471256,0.474835,0.477712,0.479993,0.481785,0.483186,0.484282,0.485145,0.485829,0.486375,0.486813,0.487165,0.487443,0.487658,0.487815,0.487918,0.487969,0.487969
0.487969,0.487969,0.487918,0.487815,0.487658,0.487443,0.487165,0.486813,0.486375,0.485829,0.485145,0.484282,0.483186,0.481785,0.479993,0.477712,0.474835,0.471256,0.466885,0.461664,0.455576,0.448671,0.441064,0.432946,0.42457,0.416242,0.408294,0.40106,0.394856,0.389952,0.38656,0.384827,0.384827,0.38656,0.389952,0.394856,0.40106,0.408294,0.416242,0.42457,0.432946,0.441064,0.448671,0.455576,0.461664,0.466885,0.471256,0.474835,0.477712,0.479993,0.481785,0.483186,0.484282,0.485145,0.485829,0.486375,0.486813,0.487165,0.487443,0.487658,0.487815,0.487918,0.487969,0.487969
