0.5,0.5,0.5,0.5,0.5,0.5,0.5,0.5,0.5,0.5,0.5,0.5,0.5,0.5,0.5,0.5,0.5,0.5,0.5,0.5,0.5,0.5,0.5,0.5,0.5,0.5,0.5,0.5,0.5,0.5,0.5,0.5,0.5,0.5,0.5,0.5,0.5,0.5,0.5,0.5,0.5,0.5,0.5,0.5,0.5,0.5,0.5,0.5,0.5,0.5,0.5,0.5,0.5,0.5,0.5,0.5,0.5,0.5,0.5,0.5,0.5,0.5,0.5,0.5
0.5,0.5,0.5,0.5,0.5,0.5,0.5,0.5,0.5,0.5,0.5,0.5,0.5,0.5,0.5,0.5,0.5,0.5,0.5,0.5,0.5,0.5,0.5,0.5,0.5,0.5,0.5,0.5,0.5,0.5,0.5,0.5,0.5,0.5,0.5,0.5,0.5,0.5,0.5,0.5,0.5,0.5,0.5,0.5,0.5,0.5,0.5,0.5,0.5,0.5,0.5,0.5,0.5,0.5,0.5,0.5,0.5,0.5,0.5,0.5,0.5,0.5,0.5,0.5
0.5,0.5,0.5,0.5,0.5,0.5,0.5,0.5,0.5,0.5,0.5,0.5,0.5,0.5,0.5,0.5,0.5,0.5,0.5,0.5,0.5,0.5,0.5,0.5,0.5,0.5,0.5,0.5,0.499999,0.499999,0.499999,0.499999,0.499999,0.499999,0.499999,0.499999,0.5,0.5,0.5,0.5,0.5,0.5,0.5,0.5,0.5,0.5,0.5,0.5,0.5,0.5,0.5,0.5,0.5,0.5,0.5,0.5,0.5,0.5,0.5,0.5,0.5,0.5,0.5,0.5
0.5,0.5,0.5,0.5,0.5,0.5,0.5,0.5,0.5,0.5,0.5,0.5,0.5,0.5,0.5,0.5,0.5,0.5,0.5,0.5,0.5,0.5,0.5,0.5,0.499999,0.499999,0.499999,0.499999,0.499999,0.499999,0.499998,0.499998,0.499998,0.499998,0.499999,0.499999,0.499999,0.499999,0.499999,0.499999,0.5,0.5,0.5,0.5,0.5,0.5,0.5,0.5,0.5,0.5,0.5,0.5,0.5,0.5,0.5,0.5,0.5,0.5,0.5,0.5,0.5,0.5,0.5,0.5
0.5,0.5,0.5,0.5,0.5,0.5,0.5,0.5,0.5,0.5,0.5,0.5,0.5,0.5,0.5,0.5,0.5,0.5,0.5,0.5,0.5,0.499999,0.499999,0.499999,0.499998,0.499998,0.499998,0.499997,0.499997,0.499996,0.499996,0.499996,0.499996,0.499996,0.499996,0.499997,0.499997,0.499998,0.499998,0.499998,0.499999,0.499999,0.499999,0.5,0.5,0.5,0.5,0.5,0.5,0.5,0.5,0.5,0.5,0.5,0.5,0.5,0.5,0.5,0.5,0.5,0.5,0.5,0.5,0.5
0.5,0.5,0.5,0.5,0.5,0.5,0.5,0.5,0.5,0.5,0.5,0.5,0.5,0.5,0.5,0.5,0.5,0.5,0.5,0.499999,0.499999,0.499998,0.499998,0.499997,0.499996,0.499995,0.499994,0.499993,0.499992,0.499991,0.49999,0.49999,0.49999,0.49999,0.499991,0.499992,0.499993,0.499994,0.499995,0.499996,0.499997,0.499998,0.499998,0.499999,0.499999,0.5,0.5,0.5,0.5,0.5,0.5,0.5,0.5,0.5,0.5,0.5,0.5,0.5,0.5,0.5,0.5,0.5,0.5,0.5
0.5,0.5,0.5,0.5,0.5,0.5,0.5,0.5,0.5,0.5,0.5,0.5,0.5,0.5,0.5,0.5,0.5,0.499999,0.499999,0.499998,0.499997,0.499996,0.499995,0.499993,0.499991,0.499988,0.499985,0.499983,0.49998,0.499978,0.499976,0.499976,0.499976,0.499976,0.499978,0.49998,0.499983,0.499985,0.499988,0.499991,0.499993,0.499995,0.499996,0.499997,0.499998,0.499999,0.499999,0.5,0.5,0.5,0.5,0.5,0.5,0.5,0.5,0.5,0.5,0.5,0.5,0.5,0.5,0.5,0.5,0.5
0.5,0.5,0.5,0.5,0.5,0.5,0.5,0.5,0.5,0.5,0.5,0.5,0.5,0.5,0.5,0.499999,0.499999,0.499998,0.499997,0.499996,0.499994,0.499991,0.499988,0.499983,0.499978,0.499972,0.499966,0.49996,0.499954,0.49995,0.499946,0.499944,0.499944,0.499946,0.49995,0.499954,0.49996,0.499966,0.499972,0.499978,0.499983,0.499988,0.499991,0.499994,0.499996,0.499997,0.499998,0.499999,0.499999,0.5,0.5,0.5,0.5,0.5,0.5,0.5,0.5,0.5,0.5,0.5,0.5,0.5,0.5,0.5
0.5,0.5,0.5,0.5,0.5,0.5,0.5,0.5,0.5,0.5,0.5,0.5,0.5,0.5,0.499999,0.499999,0.499998,0.499996,0.499994,0.499991,0.499987,0.499981,0.499973,0.499963,0.499952,0.499939,0.499925,0.499912,0.499899,0.499888,0.499881,0.499877,0.499877,0.499881,0.499888,0.499899,0.499912,0.499925,0.499939,0.499952,0.499963,0.499973,0.499981,0.499987,0.499991,0.499994,0.499996,0.499998,0.499999,0.499999,0.5,0.5,0.5,0.5,0.5,0.5,0.5,0.5,0.5,0.5,0.5,0.5,0.5,0.5
0.5,0.5,0.5,0.5,0.5,0.5,0.5,0.5,0.5,0.5,0.5,0.5,0.5,0.499999,0.499998,0.499997,0.499995,0.499992,0.499988,0.499981,0.499971,0.499958,0.499942,0.499921,0.499897,0.49987,0.499841,0.499812,0.499785,0.499762,0.499746,0.499737,0.499737,0.499746,0.499762,0.499785,0.499812,0.499841,0.49987,0.499897,0.499921,0.499942,0.499958,0.499971,0.499981,0.499988,0.499992,0.499995,0.499997,0.499998,0.499999,0.5,0.5,0.5,0.5,0.5,0.5,0.5,0.5,0.5,0.5,0.5,0.5,0.5
0.5,0.5,0.5,0.5,0.5,0.5,0.5,0.5,0.5,0.5,0.5,0.5,0.499999,0.499998,0.499997,0.499994,0.49999,0.499984,0.499974,0.49996,0.49994,0.499914,0.499879,0.499837,0.499787,0.499731,0.499672,0.499613,0.499558,0.499511,0.499478,0.49946,0.49946,0.499478,0.499511,0.499558,0.499613,0.499672,0.499731,0.499787,0.499837,0.499879,0.499914,0.49994,0.49996,0.499974,0.499984,0.49999,0.499994,0.499997,0.499998,0.499999,0.5,0.5,0.5,0.5,0.5,0.5,0.5,0.5,0.5,0.5,0.5,0.5
0.5,0.5,0.5,0.5,0.5,0.5,0.5,0.5,0.5,0.5,0.5,0.499999,0.499998,0.499996,0.499994,0.499989,0.49998,0.499967,0.499948,0.49992,0.49988,0.499827,0.499759,0.499675,0.499576,0.499465,0.499348,0.499231,0.499123,0.499031,0.498965,0.498931,0.498931,0.498965,0.499031,0.499123,0.499231,0.499348,0.499465,0.499576,0.499675,0.499759,0.499827,0.49988,0.49992,0.499948,0.499967,0.49998,0.499989,0.499994,0.499996,0.499998,0.499999,0.5,0.5,0.5,0.5,0.5,0.5,0.5,0.5,0.5,0.5,0.5
0.5,0.5,0.5,0.5,0.5,0.5,0.5,0.5,0.5,0.5,0.499999,0.499998,0.499996,0.499993,0.499987,0.499978,0.499962,0.499937,0.499899,0.499844,0.499768,0.499666,0.499535,0.499374,0.499185,0.498974,0.49875,0.498527,0.498321,0.498147,0.498022,0.497956,0.497956,0.498022,0.498147,0.498321,0.498527,0.49875,0.498974,0.499185,0.499374,0.499535,0.499666,0.499768,0.499844,0.499899,0.499937,0.499962,0.499978,0.499987,0.499993,0.499996,0.499998,0.499999,0.5,0.5,0.5,0.5,0.5,0.5,0.5,0.5,0.5,0.5
0.5,0.5,0.5,0.5,0.5,0.5,0.5,0.5,0.5,0.499999,0.499998,0.499996,0.499993,0.499987,0.499976,0.499958,0.499928,0.499881,0.499811,0.499709,0.499567,0.499377,0.499135,0.498837,0.498488,0.498099,0.497688,0.497278,0.496899,0.496581,0.496351,0.496231,0.496231,0.496351,0.496581,0.496899,0.497278,0.497688,0.498099,0.498488,0.498837,0.499135,0.499377,0.499567,0.499709,0.499811,0.499881,0.499928,0.499958,0.499976,0.499987,0.499993,0.499996,0.499998,0.499999,0.5,0.5,0.5,0.5,0.5,0.5,0.5,0.5,0.5
0.5,0.5,0.5,0.5,0.5,0.5,0.5,0.5,0.499999,0.499998,0.499997,0.499994,0.499987,0.499976,0.499956,0.499923,0.499869,0.499784,0.499657,0.499474,0.499219,0.49888,0.498446,0.497915,0.497294,0.496602,0.495871,0.495145,0.494474,0.493911,0.493504,0.493291,0.493291,0.493504,0.493911,0.494474,0.495145,0.495871,0.496602,0.497294,0.497915,0.498446,0.49888,0.499219,0.499474,0.499657,0.499784,0.499869,0.499923,0.499956,0.499976,0.499987,0.499994,0.499997,0.499998,0.499999,0.5,0.5,0.5,0.5,0.5,0.5,0.5,0.5
0.5,0.5,0.5,0.5,0.5,0.5,0.5,0.499999,0.499999,0.499997,0.499994,0.499989,0.499978,0.499958,0.499923,0.499865,0.49977,0.499622,0.499401,0.499082,0.498641,0.498054,0.497305,0.49639,0.495323,0.494135,0.492883,0.49164,0.490493,0.489532,0.488838,0.488475,0.488475,0.488838,0.489532,0.490493,0.49164,0.492883,0.494135,0.495323,0.49639,0.497305,0.498054,0.498641,0.499082,0.499401,0.499622,0.49977,0.499865,0.499923,0.499958,0.499978,0.499989,0.499994,0.499997,0.499999,0.499999,0.5,0.5,0.5,0.5,0.5,0.5,0.5
0.5,0.5,0.5,0.5,0.5,0.5,0.5,0.499999,0.499998,0.499995,0.49999,0.49998,0.499962,0.499928,0.499869,0.49977,0.49961,0.499361,0.498989,0.498454,0.497715,0.496735,0.495487,0.493965,0.492193,0.490225,0.488154,0.486101,0.484209,0.482624,0.481482,0.480883,0.480883,0.481482,0.482624,0.484209,0.486101,0.488154,0.490225,0.492193,0.493965,0.495487,0.496735,0.497715,0.498454,0.498989,0.499361,0.49961,0.49977,0.499869,0.499928,0.499962,0.49998,0.49999,0.499995,0.499998,0.499999,0.5,0.5,0.5,0.5,0.5,0.5,0.5
0.5,0.5,0.5,0.5,0.5,0.5,0.499999,0.499998,0.499996,0.499992,0.499984,0.499967,0.499937,0.499881,0.499784,0.499622,0.499361,0.498956,0.498352,0.497485,0.49629,0.494708,0.492698,0.490254,0.487413,0.484265,0.480956,0.477682,0.474667,0.472146,0.470329,0.469378,0.469378,0.470329,0.472146,0.474667,0.477682,0.480956,0.484265,0.487413,0.490254,0.492698,0.494708,0.49629,0.497485,0.498352,0.498956,0.499361,0.499622,0.499784,0.499881,0.499937,0.499967,0.499984,0.499992,0.499996,0.499998,0.499999,0.5,0.5,0.5,0.5,0.5,0.5
0.5,0.5,0.5,0.5,0.5,0.5,0.499999,0.499997,0.499994,0.499988,0.499974,0.499948,0.499899,0.499811,0.499657,0.499401,0.498989,0.498352,0.497403,0.496045,0.494178,0.491711,0.488586,0.484794,0.480393,0.475527,0.470422,0.465377,0.460738,0.456863,0.454073,0.452612,0.452612,0.454073,0.456863,0.460738,0.465377,0.470422,0.475527,0.480393,0.484794,0.488586,0.491711,0.494178,0.496045,0.497403,0.498352,0.498989,0.499401,0.499657,0.499811,0.499899,0.499948,0.499974,0.499988,0.499994,0.499997,0.499999,0.5,0.5,0.5,0.5,0.5,0.5
0.5,0.5,0.5,0.5,0.5,0.499999,0.499998,0.499996,0.499991,0.499981,0.49996,0.49992,0.499844,0.499709,0.499474,0.499082,0.498454,0.497485,0.496045,0.49399,0.49117,0.487454,0.482756,0.477068,0.470482,0.463213,0.455601,0.44809,0.441194,0.435439,0.431298,0.429132,0.429132,0.431298,0.435439,0.441194,0.44809,0.455601,0.463213,0.470482,0.477068,0.482756,0.487454,0.49117,0.49399,0.496045,0.497485,0.498454,0.499082,0.499474,0.499709,0.499844,0.49992,0.49996,0.499981,0.499991,0.499996,0.499998,0.499999,0.5,0.5,0.5,0.5,0.5
0.5,0.5,0.5,0.5,0.5,0.499999,0.499997,0.499994,0.499987,0.499971,0.49994,0.49988,0.499768,0.499567,0.499219,0.498641,0.497715,0.49629,0.494178,0.49117,0.487052,0.481639,0.474813,0.466564,0.457035,0.446538,0.435565,0.424756,0.414845,0.406583,0.400644,0.397538,0.397538,0.400644,0.406583,0.414845,0.424756,0.435565,0.446538,0.457035,0.466564,0.474813,0.481639,0.487052,0.49117,0.494178,0.49629,0.497715,0.498641,0.499219,0.499567,0.499768,0.49988,0.49994,0.499971,0.499987,0.499994,0.499997,0.499999,0.5,0.5,0.5,0.5,0.5
0.5,0.5,0.5,0.5,0.499999,0.499998,0.499996,0.499991,0.499981,0.499958,0.499914,0.499827,0.499666,0.499377,0.49888,0.498054,0.496735,0.494708,0.491711,0.487454,0.481639,0.474014,0.464418,0.45285,0.439514,0.424853,0.409555,0.39451,0.380734,0.369264,0.361025,0.356718,0.356718,0.361025,0.369264,0.380734,0.39451,0.409555,0.424853,0.439514,0.45285,0.464418,0.474014,0.481639,0.487454,0.491711,0.494708,0.496735,0.498054,0.49888,0.499377,0.499666,0.499827,0.499914,0.499958,0.499981,0.499991,0.499996,0.499998,0.499999,0.5,0.5,0.5,0.5
0.5,0.5,0.5,0.5,0.499999,0.499998,0.499995,0.499988,0.499973,0.499942,0.499879,0.499759,0.499535,0.499135,0.498446,0.497305,0.495487,0.492698,0.488586,0.482756,0.474813,0.464418,0.451369,0.43567,0.417609,0.397795,0.377157,0.356893,0.338365,0.322955,0.311896,0.306117,0.306117,0.311896,0.322955,0.338365,0.356893,0.377157,0.397795,0.417609,0.43567,0.451369,0.464418,0.474813,0.482756,0.488586,0.492698,0.495487,0.497305,0.498446,0.499135,0.499535,0.499759,0.499879,0.499942,0.499973,0.499988,0.499995,0.499998,0.499999,0.5,0.5,0.5,0.5
0.5,0.5,0.5,0.5,0.499999,0.499997,0.499993,0.499983,0.499963,0.499921,0.499837,0.499675,0.499374,0.498837,0.497915,0.49639,0.493965,0.490254,0.484794,0.477068,0.466564,0.45285,0.43567,0.415046,0.391368,0.365441,0.338485,0.31206,0.287932,0.267886,0.253513,0.246005,0.246005,0.253513,0.267886,0.287932,0.31206,0.338485,0.365441,0.391368,0.415046,0.43567,0.45285,0.466564,0.477068,0.484794,0.490254,0.493965,0.49639,0.497915,0.498837,0.499374,0.499675,0.499837,0.499921,0.499963,0.499983,0.499993,0.499997,0.499999,0.5,0.5,0.5,0.5
0.5,0.5,0.5,0.499999,0.499998,0.499996,0.499991,0.499978,0.499952,0.499897,0.499787,0.499576,0.499185,0.498488,0.497294,0.495323,0.492193,0.487413,0.480393,0.470482,0.457035,0.439514,0.417609,0.391368,0.361299,0.328437,0.294328,0.260944,0.230503,0.20524,0.187139,0.17769,0.17769,0.187139,0.20524,0.230503,0.260944,0.294328,0.328437,0.361299,0.391368,0.417609,0.439514,0.457035,0.470482,0.480393,0.487413,0.492193,0.495323,0.497294,0.498488,0.499185,0.499576,0.499787,0.499897,0.499952,0.499978,0.499991,0.499996,0.499998,0.499999,0.5,0.5,0.5
0.5,0.5,0.5,0.499999,0.499998,0.499995,0.499988,0.499972,0.499939,0.49987,0.499731,0.499465,0.498974,0.498099,0.496602,0.494135,0.490225,0.484265,0.475527,0.463213,0.446538,0.424853,0.397795,0.365441,0.328437,0.288065,0.246231,0.205346,0.168112,0.137243,0.115143,0.103611,0.103611,0.115143,0.137243,0.168112,0.205346,0.246231,0.288065,0.328437,0.365441,0.397795,0.424853,0.446538,0.463213,0.475527,0.484265,0.490225,0.494135,0.496602,0.498099,0.498974,0.499465,0.499731,0.49987,0.499939,0.499972,0.499988,0.499995,0.499998,0.499999,0.5,0.5,0.5
0.5,0.5,0.5,0.499999,0.499998,0.499994,0.499985,0.499966,0.499925,0.499841,0.499672,0.499348,0.49875,0.497688,0.495871,0.492883,0.488154,0.480956,0.470422,0.455601,0.435565,0.409555,0.377157,0.338485,0.294328,0.246231,0.196467,0.147896,0.103716,0.0671221,0.0409423,0.027288,0.027288,0.0409423,0.0671221,0.103716,0.147896,0.196467,0.246231,0.294328,0.338485,0.377157,0.409555,0.435565,0.455601,0.470422,0.480956,0.488154,0.492883,0.495871,0.497688,0.49875,0.499348,0.499672,0.499841,0.499925,0.499966,0.499985,0.499994,0.499998,0.499999,0.5,0.5,0.5
0.5,0.5,0.5,0.499999,0.499997,0.499993,0.499983,0.49996,0.499912,0.499812,0.499613,0.499231,0.498527,0.497278,0.495145,0.49164,0.486101,0.477682,0.465377,0.44809,0.424756,0.39451,0.356893,0.31206,0.260944,0.205346,0.147896,0.091892,0.0410034,-0.0011106,-0.0312209,-0.046919,-0.046919,-0.0312209,-0.0011106,0.0410034,0.091892,0.147896,0.205346,0.260944,0.31206,0.356893,0.39451,0.424756,0.44809,0.465377,0.477682,0.486101,0.49164,0.495145,0.497278,0.498527,0.499231,0.499613,0.499812,0.499912,0.49996,0.499983,0.499993,0.499997,0.499999,0.5,0.5,0.5
0.5,0.5,0.499999,0.499999,0.499997,0.499992,0.49998,0.499954,0.499899,0.499785,0.499558,0.499123,0.498321,0.496899,0.494474,0.490493,0.484209,0.474667,0.460738,0.441194,0.414845,0.380734,0.338365,0.287932,0.230503,0.168112,0.103716,0.0410034,-0.0159304,-0.0630135,-0.0966584,-0.114194,-0.114194,-0.0966584,-0.0630135,-0.0159304,0.0410034,0.103716,0.168112,0.230503,0.287932,0.338365,0.380734,0.414845,0.441194,0.460738,0.474667,0.484209,0.490493,0.494474,0.496899,0.498321,0.499123,0.499558,0.499785,0.499899,0.499954,0.49998,0.499992,0.499997,0.499999,0.499999,0.5,0.5
0.5,0.5,0.499999,0.499999,0.499996,0.499991,0.499978,0.49995,0.499888,0.499762,0.499511,0.499031,0.498147,0.496581,0.493911,0.489532,0.482624,0.472146,0.456863,0.435439,0.406583,0.369264,0.322955,0.267886,0.20524,0.137243,0.0671221,-0.0011106,-0.0630135,-0.114177,-0.150722,-0.169764,-0.169764,-0.150722,-0.114177,-0.0630135,-0.0011106,0.0671221,0.137243,0.20524,0.267886,0.322955,0.369264,0.406583,0.435439,0.456863,0.472146,0.482624,0.489532,0.493911,0.496581,0.498147,0.499031,0.499511,0.499762,0.499888,0.49995,0.499978,0.499991,0.499996,0.499999,0.499999,0.5,0.5
0.5,0.5,0.499999,0.499998,0.499996,0.49999,0.499976,0.499946,0.499881,0.499746,0.499478,0.498965,0.498022,0.496351,0.493504,0.488838,0.481482,0.470329,0.454073,0.431298,0.400644,0.361025,0.311896,0.253513,0.187139,0.115143,0.0409423,-0.0312209,-0.0966584,-0.150722,-0.189328,-0.20944,-0.20944,-0.189328,-0.150722,-0.0966584,-0.0312209,0.0409423,0.115143,0.187139,0.253513,0.311896,0.361025,0.400644,0.431298,0.454073,0.470329,0.481482,0.488838,0.493504,0.496351,0.498022,0.498965,0.499478,0.499746,0.499881,0.499946,0.499976,0.49999,0.499996,0.499998,0.499999,0.5,0.5
0.5,0.5,0.499999,0.499998,0.499996,0.49999,0.499976,0.499944,0.499877,0.499737,0.49946,0.498931,0.497956,0.496231,0.493291,0.488475,0.480883,0.469378,0.452612,0.429132,0.397538,0.356718,0.306117,0.246005,0.17769,0.103611,0.027288,-0.046919,-0.114194,-0.169764,-0.20944,-0.230107,-0.230107,-0.20944,-0.169764,-0.114194,-0.046919,0.027288,0.103611,0.17769,0.246005,0.306117,0.356718,0.397538,0.429132,0.452612,0.469378,0.480883,0.488475,0.493291,0.496231,0.497956,0.498931,0.49946,0.499737,0.499877,0.499944,0.499976,0.49999,0.499996,0.499998,0.499999,0.5,0.5
0.5,0.5,0.499999,0.499998,0.499996,0.49999,0.499976,0.499944,0.499877,0.499737,0.49946,0.498931,0.497956,0.496231,0.493291,0.488475,0.480883,0.469378,0.452612,0.429132,0.397538,0.356718,0.306117,0.246005,0.17769,0.103611,0.027288,-0.046919,-0.114194,-0.169764,-0.20944,-0.230107,-0.230107,-0.20944,-0.169764,-0.114194,-0.046919,0.027288,0.103611,0.17769,0.246005,0.306117,0.356718,0.397538,0.429132,0.452612,0.469378,0.480883,0.488475,0.493291,0.496231,0.497956,0.498931,0.49946,0.499737,0.499877,0.499944,0.499976,0.49999,0.499996,0.499998,0.499999,0.5,0.5
0.5,0.5,0.499999,0.499998,0.499996,0.49999,0.499976,0.499946,0.499881,0.499746,0.499478,0.498965,0.498022,0.496351,0.493504,0.488838,0.481482,0.470329,0.454073,0.431298,0.400644,0.361025,0.311896,0.253513,0.187139,0.115143,0.0409423,-0.0312209,-0.0966584,-0.150722,-0.189328,-0.20944,-0.20944,-0.189328,-0.150722,-0.0966584,-0.0312209,0.0409423,0.115143,0.187139,0.253513,0.311896,0.361025,0.400644,0.431298,0.454073,0.470329,0.481482,0.488838,0.493504,0.496351,0.498022,0.498965,0.499478,0.499746,0.499881,0.499946,0.499976,0.49999,0.499996,0.499998,0.499999,0.5,0.5
0.5,0.5,0.499999,0.499999,0.499996,0.499991,0.499978,0.49995,0.499888,0.499762,0.499511,0.499031,0.498147,0.496581,0.493911,0.489532,0.482624,0.472146,0.456863,0.435439,0.406583,0.369264,0.322955,0.267886,0.20524,0.137243,0.0671221,-0.0011106,-0.0630135,-0.114177,-0.150722,-0.169764,-0.169764,-0.150722,-0.114177,-0.0630135,-0.0011106,0.0671221,0.137243,0.20524,0.267886,0.322955,0.369264,0.406583,0.435439,0.456863,0.472146,0.482624,0.489532,0.493911,0.496581,0.498147,0.499031,0.499511,0.499762,0.499888,0.49995,0.499978,0.499991,0.499996,0.499999,0.499999,0.5,0.5
0.5,0.5,0.499999,0.499999,0.499997,0.499992,0.49998,0.499954,0.499899,0.499785,0.499558,0.499123,0.498321,0.496899,0.494474,0.490493,0.484209,0.474667,0.460738,0.441194,0.414845,0.380734,0.338365,0.287932,0.230503,0.168112,0.103716,0.0410034,-0.0159304,-0.0630135,-0.0966584,-0.114194,-0.114194,-0.0966584,-0.0630135,-0.0159304,0.0410034,0.103716,0.168112,0.230503,0.287932,0.338365,0.380734,0.414845,0.441194,0.460738,0.474667,0.484209,0.490493,0.494474,0.496899,0.498321,0.499123,0.499558,0.499785,0.499899,0.499954,0.49998,0.499992,0.499997,0.499999,0.499999,0.5,0.5
0.5,0.5,0.5,0.499999,0.499997,0.499993,0.499983,0.49996,0.499912,0.499812,0.499613,0.499231,0.498527,0.497278,0.495145,0.49164,0.486101,0.477682,0.465377,0.44809,0.424756,0.39451,0.356893,0.31206,0.260944,0.205346,0.147896,0.091892,0.0410034,-0.0011106,-0.0312209,-0.046919,-0.046919,-0.0312209,-0.0011106,0.0410034,0.091892,0.147896,0.205346,0.260944,0.31206,0.356893,0.39451,0.424756,0.44809,0.465377,0.477682,0.486101,0.49164,0.495145,0.497278,0.498527,0.499231,0.499613,0.499812,0.499912,0.49996,0.499983,0.499993,0.499997,0.499999,0.5,0.5,0.5
0.5,0.5,0.5,0.499999,0.499998,0.499994,0.499985,0.499966,0.499925,0.499841,0.499672,0.499348,0.49875,0.497688,0.495871,0.492883,0.488154,0.480956,0.470422,0.455601,0.435565,0.409555,0.377157,0.338485,0.294328,0.246231,0.196467,0.147896,0.103716,0.0671221,0.0409423,0.027288,0.027288,0.0409423,0.0671221,0.103716,0.147896,0.196467,0.246231,0.294328,0.338485,0.377157,0.409555,0.435565,0.455601,0.470422,0.480956,0.488154,0.492883,0.495871,0.497688,0.49875,0.499348,0.499672,0.499841,0.499925,0.499966,0.499985,0.499994,0.499998,0.499999,0.5,0.5,0.5
0.5,0.5,0.5,0.499999,0.499998,0.499995,0.499988,0.499972,0.499939,0.49987,0.499731,0.499465,0.498974,0.498099,0.496602,0.494135,0.490225,0.484265,0.475527,0.463213,0.446538,0.424853,0.397795,0.365441,0.328437,0.288065,0.246231,0.205346,0.168112,0.137243,0.115143,0.103611,0.103611,0.115143,0.137243,0.168112,0.205346,0.246231,0.288065,0.328437,0.365441,0.397795,0.424853,0.446538,0.463213,0.475527,0.484265,0.490225,0.494135,0.496602,0.498099,0.498974,0.499465,0.499731,0.49987,0.499939,0.499972,0.499988,0.499995,0.499998,0.499999,0.5,0.5,0.5
0.5,0.5,0.5,0.499999,0.499998,0.499996,0.499991,0.499978,0.499952,0.499897,0.499787,0.499576,0.499185,0.498488,0.497294,0.495323,0.492193,0.487413,0.480393,0.470482,0.457035,0.439514,0.417609,0.391368,0.361299,0.328437,0.294328,0.260944,0.230503,0.20524,0.187139,0.17769,0.17769,0.187139,0.20524,0.230503,0.260944,0.294328,0.328437,0.361299,0.391368,0.417609,0.439514,0.457035,0.470482,0.480393,0.487413,0.492193,0.495323,0.497294,0.498488,0.499185,0.499576,0.499787,0.499897,0.499952,0.499978,0.499991,0.499996,0.499998,0.499999,0.5,0.5,0.5
0.5,0.5,0.5,0.5,0.499999,0.499997,0.499993,0.499983,0.499963,0.499921,0.499837,0.499675,0.499374,0.498837,0.497915,0.49639,0.493965,0.490254,0.484794,0.477068,0.466564,0.45285,0.43567,0.415046,0.391368,0.365441,0.338485,0.31206,0.287932,0.267886,0.253513,0.246005,0.246005,0.253513,0.267886,0.287932,0.31206,0.338485,0.365441,0.391368,0.415046,0.43567,0.45285,0.466564,0.477068,0.484794,0.490254,0.493965,0.49639,0.497915,0.498837,0.499374,0.499675,0.499837,0.499921,0.499963,0.499983,0.499993,0.499997,0.499999,0.5,0.5,0.5,0.5
0.5,0.5,0.5,0.5,0.499999,0.499998,0.499995,0.499988,0.499973,0.499942,0.499879,0.499759,0.499535,0.499135,0.498446,0.497305,0.495487,0.492698,0.488586,0.482756,0.474813,0.464418,0.451369,0.43567,0.417609,0.397795,0.377157,0.356893,0.338365,0.322955,0.311896,0.306117,0.306117,0.311896,0.322955,0.338365,0.356893,0.377157,0.397795,0.417609,0.43567,0.451369,0.464418,0.474813,0.482756,0.488586,0.492698,0.495487,0.497305,0.498446,0.499135,0.499535,0.499759,0.499879,0.499942,0.499973,0.499988,0.499995,0.499998,0.499999,0.5,0.5,0.5,0.5
0.5,0.5,0.5,0.5,0.499999,0.499998,0.499996,0.499991,0.499981,0.499958,0.499914,0.499827,0.499666,0.499377,0.49888,0.498054,0.496735,0.494708,0.491711,0.487454,0.481639,0.474014,0.464418,0.45285,0.439514,0.424853,0.409555,0.39451,0.380734,0.369264,0.361025,0.356718,0.356718,0.361025,0.369264,0.380734,0.39451,0.409555,0.424853,0.439514,0.45285,0.464418,0.474014,0.481639,0.487454,0.491711,0.494708,0.496735,0.498054,0.49888,0.499377,0.499666,0.499827,0.499914,0.499958,0.499981,0.499991,0.499996,0.499998,0.499999,0.5,0.5,0.5,0.5
0.5,0.5,0.5,0.5,0.5,0.499999,0.499997,0.499994,0.499987,0.499971,0.49994,0.49988,0.499768,0.499567,0.499219,0.498641,0.497715,0.49629,0.494178,0.49117,0.487052,0.481639,0.474813,0.466564,0.457035,0.446538,0.435565,0.424756,0.414845,0.406583,0.400644,0.397538,0.397538,0.400644,0.406583,0.414845,0.424756,0.435565,0.446538,0.457035,0.466564,0.474813,0.481639,0.487052,0.49117,0.494178,0.49629,0.497715,0.498641,0.499219,0.499567,0.499768,0.49988,0.49994,0.499971,0.499987,0.499994,0.499997,0.499999,0.5,0.5,0.5,0.5,0.5
0.5,0.5,0.5,0.5,0.5,0.499999,0.499998,0.499996,0.499991,0.499981,0.49996,0.49992,0.499844,0.499709,0.499474,0.499082,0.498454,0.497485,0.496045,0.49399,0.49117,0.487454,0.482756,0.477068,0.470482,0.463213,0.455601,0.44809,0.441194,0.435439,0.431298,0.429132,0.429132,0.431298,0.435439,0.441194,0.44809,0.455601,0.463213,0.470482,0.477068,0.482756,0.487454,0.49117,0.49399,0.496045,0.497485,0.498454,0.499082,0.499474,0.499709,0.499844,0.49992,0.49996,0.499981,0.499991,0.499996,0.499998,0.499999,0.5,0.5,0.5,0.5,0.5
0.5,0.5,0.5,0.5,0.5,0.5,0.499999,0.499997,0.499994,0.499988,0.499974,0.499948,0.499899,0.499811,0.499657,0.499401,0.498989,0.498352,0.497403,0.496045,0.494178,0.491711,0.488586,0.484794,0.480393,0.475527,0.470422,0.465377,0.460738,0.456863,0.454073,0.452612,0.452612,0.454073,0.456863,0.460738,0.465377,0.470422,0.475527,0.480393,0.484794,0.488586,0.491711,0.494178,0.496045,0.497403,0.498352,0.498989,0.499401,0.499657,0.499811,0.499899,0.499948,0.499974,0.499988,0.499994,0.499997,0.499999,0.5,0.5,0.5,0.5,0.5,0.5
0.5,0.5,0.5,0.5,0.5,0.5,0.499999,0.499998,0.499996,0.499992,0.499984,0.499967,0.499937,0.499881,0.499784,0.499622,0.499361,0.498956,0.498352,0.497485,0.49629,0.494708,0.492698,0.490254,0.487413,0.484265,0.480956,0.477682,0.474667,0.472146,0.470329,0.469378,0.469378,0.470329,0.472146,0.474667,0.477682,0.480956,0.484265,0.487413,0.490254,0.492698,0.494708,0.49629,0.497485,0.498352,0.498956,0.499361,0.499622,0.499784,0.499881,0.499937,0.499967,0.499984,0.499992,0.499996,0.499998,0.499999,0.5,0.5,0.5,0.5,0.5,0.5
0.5,0.5,0.5,0.5,0.5,0.5,0.5,0.499999,0.499998,0.499995,0.49999,0.49998,0.499962,0.499928,0.499869,0.49977,0.49961,0.499361,0.498989,0.498454,0.497715,0.496735,0.495487,0.493965,0.492193,0.490225,0.488154,0.486101,0.484209,0.482624,0.481482,0.480883,0.480883,0.481482,0.482624,0.484209,0.486101,0.488154,0.490225,0.492193,0.493965,0.495487,0.496735,0.497715,0.498454,0.498989,0.499361,0.49961,0.49977,0.499869,0.499928,0.499962,0.49998,0.49999,0.499995,0.499998,0.499999,0.5,0.5,0.5,0.5,0.5,0.5,0.5
0.5,0.5,0.5,0.5,0.5,0.5,0.5,0.499999,0.499999,0.499997,0.499994,0.499989,0.499978,0.499958,0.499923,0.499865,0.49977,0.499622,0.499401,0.499082,0.498641,0.498054,0.497305,0.49639,0.495323,0.494135,0.492883,0.49164,0.490493,0.489532,0.488838,0.488475,0.488475,0.488838,0.489532,0.490493,0.49164,0.492883,0.494135,0.495323,0.49639,0.497305,0.498054,0.498641,0.499082,0.499401,0.499622,0.49977,0.499865,0.499923,0.499958,0.499978,0.499989,0.499994,0.499997,0.499999,0.499999,0.5,0.5,0.5,0.5,0.5,0.5,0.5
0.5,0.5,0.5,0.5,0.5,0.5,0.5,0.5,0.499999,0.499998,0.499997,0.499994,0.499987,0.499976,0.499956,0.499923,0.499869,0.499784,0.499657,0.499474,0.499219,0.49888,0.498446,0.497915,0.497294,0.496602,0.495871,0.495145,0.494474,0.493911,0.493504,0.493291,0.493291,0.493504,0.493911,0.494474,0.495145,0.495871,0.496602,0.497294,0.497915,0.498446,0.49888,0.499219,0.499474,0.499657,0.499784,0.499869,0.499923,0.499956,0.499976,0.499987,0.499994,0.499997,0.499998,0.499999,0.5,0.5,0.5,0.5,0.5,0.5,0.5,0.5
0.5,0.5,0.5,0.5,0.5,0.5,0.5,0.5,0.5,0.499999,0.499998,0.499996,0.499993,0.499987,0.499976,0.499958,0.499928,0.499881,0.499811,0.499709,0.499567,0.499377,0.499135,0.498837,0.498488,0.498099,0.497688,0.497278,0.496899,0.496581,0.496351,0.496231,0.496231,0.496351,0.496581,0.496899,0.497278,0.497688,0.498099,0.498488,0.498837,0.499135,0.499377,0.499567,0.499709,0.499811,0.499881,0.499928,0.499958,0.499976,0.499987,0.499993,0.499996,0.499998,0.499999,0.5,0.5,0.5,0.5,0.5,0.5,0.5,0.5,0.5
0.5,0.5,0.5,0.5,0.5,0.5,0.5,0.5,0.5,0.5,0.499999,0.499998,0.499996,0.499993,0.499987,0.499978,0.499962,0.499937,0.499899,0.499844,0.499768,0.499666,0.499535,0.499374,0.499185,0.498974,0.49875,0.498527,0.498321,0.498147,0.498022,0.497956,0.497956,0.498022,0.498147,0.498321,0.498527,0.49875,0.498974,0.499185,0.499374,0.499535,0.499666,0.499768,0.499844,0.499899,0.499937,0.499962,0.499978,0.499987,0.499993,0.499996,0.499998,0.499999,0.5,0.5,0.5,0.5,0.5,0.5,0.5,0.5,0.5,0.5
0.5,0.5,0.5,0.5,0.5,0.5,0.5,0.5,0.5,0.5,0.5,0.499999,0.499998,0.499996,0.499994,0.499989,0.49998,0.499967,0.499948,0.49992,0.49988,0.499827,0.499759,0.499675,0.499576,0.499465,0.499348,0.499231,0.499123,0.499031,0.498965,0.498931,0.498931,0.498965,0.499031,0.499123,0.499231,0.499348,0.499465,0.499576,0.499675,0.499759,0.499827,0.49988,0.49992,0.499948,0.499967,0.49998,0.499989,0.499994,0.499996,0.499998,0.499999,0.5,0.5,0.5,0.5,0.5,0.5,0.5,0.5,0.5,0.5,0.5
0.5,0.5,0.5,0.5,0.5,0.5,0.5,0.5,0.5,0.5,0.5,0.5,0.499999,0.499998,0.499997,0.499994,0.49999,0.499984,0.499974,0.49996,0.49994,0.499914,0.499879,0.499837,0.499787,0.499731,0.499672,0.499613,0.499558,0.499511,0.499478,0.49946,0.49946,0.499478,0.499511,0.499558,0.499613,0.499672,0.499731,0.499787,0.499837,0.499879,0.499914,0.49994,0.49996,0.499974,0.499984,0.49999,0.499994,0.499997,0.499998,0.499999,0.5,0.5,0.5,0.5,0.5,0.5,0.5,0.5,0.5,0.5,0.5,0.5
0.5,0.5,0.5,0.5,0.5,0.5,0.5,0.5,0.5,0.5,0.5,0.5,0.5,0.499999,0.499998,0.499997,0.499995,0.499992,0.499988,0.499981,0.499971,0.499958,0.499942,0.499921,0.499897,0.49987,0.499841,0.499812,0.499785,0.499762,0.499746,0.499737,0.499737,0.499746,0.499762,0.499785,0.499812,0.499841,0.49987,0.499897,0.499921,0.499942,0.499958,0.499971,0.499981,0.499988,0.499992,0.499995,0.499997,0.499998,0.499999,0.5,0.5,0.5,0.5,0.5,0.5,0.5,0.5,0.5,0.5,0.5,0.5,0.5
0.5,0.5,0.5,0.5,0.5,0.5,0.5,0.5,0.5,0.5,0.5,0.5,0.5,0.5,0.499999,0.499999,0.499998,0.499996,0.499994,0.499991,0.499987,0.499981,0.499973,0.499963,0.499952,0.499939,0.499925,0.499912,0.499899,0.499888,0.499881,0.499877,0.499877,0.499881,0.499888,0.499899,0.499912,0.499925,0.499939,0.499952,0.499963,0.499973,0.499981,0.499987,0.499991,0.499994,0.499996,0.499998,0.499999,0.499999,0.5,0.5,0.5,0.5,0.5,0.5,0.5,0.5,0.5,0.5,0.5,0.5,0.5,0.5
0.5,0.5,0.5,0.5,0.5,0.5,0.5,0.5,0.5,0.5,0.5,0.5,0.5,0.5,0.5,0.499999,0.499999,0.499998,0.499997,0.499996,0.499994,0.499991,0.499988,0.499983,0.499978,0.499972,0.499966,0.49996,0.499954,0.49995,0.499946,0.499944,0.499944,0.499946,0.49995,0.499954,0.49996,0.499966,0.499972,0.499978,0.499983,0.499988,0.499991,0.499994,0.499996,0.499997,0.499998,0.499999,0.499999,0.5,0.5,0.5,0.5,0.5,0.5,0.5,0.5,0.5,0.5,0.5,0.5,0.5,0.5,0.5
0.5,0.5,0.5,0.5,0.5,0.5,0.5,0.5,0.5,0.5,0.5,0.5,0.5,0.5,0.5,0.5,0.5,0.499999,0.499999,0.499998,0.499997,0.499996,0.499995,0.499993,0.499991,0.499988,0.499985,0.499983,0.49998,0.499978,0.499976,0.499976,0.499976,0.499976,0.499978,0.49998,0.499983,0.499985,0.499988,0.499991,0.499993,0.499995,0.499996,0.499997,0.499998,0.499999,0.499999,0.5,0.5,0.5,0.5,0.5,0.5,0.5,0.5,0.5,0.5,0.5,0.5,0.5,0.5,0.5,0.5,0.5
0.5,0.5,0.5,0.5,0.5,0.5,0.5,0.5,0.5,0.5,0.5,0.5,0.5,0.5,0.5,0.5,0.5,0.5,0.5,0.499999,0.499999,0.499998,0.499998,0.499997,0.499996,0.499995,0.499994,0.499993,0.499992,0.499991,0.49999,0.49999,0.49999,0.49999,0.499991,0.499992,0.499993,0.499994,0.499995,0.499996,0.499997,0.499998,0.499998,0.499999,0.499999,0.5,0.5,0.5,0.5,0.5,0.5,0.5,0.5,0.5,0.5,0.5,0.5,0.5,0.5,0.5,0.5,0.5,0.5,0.5
0.5,0.5,0.5,0.5,0.5,0.5,0.5,0.5,0.5,0.5,0.5,0.5,0.5,0.5,0.5,0.5,0.5,0.5,0.5,0.5,0.5,0.499999,0.499999,0.499999,0.499998,0.499998,0.499998,0.499997,0.499997,0.499996,0.499996,0.499996,0.499996,0.499996,0.499996,0.499997,0.499997,0.499998,0.499998,0.499998,0.499999,0.499999,0.499999,0.5,0.5,0.5,0.5,0.5,0.5,0.5,0.5,0.5,0.5,0.5,0.5,0.5,0.5,0.5,0.5,0.5,0.5,0.5,0.5,0.5
0.5,0.5,0.5,0.5,0.5,0.5,0.5,0.5,0.5,0.5,0.5,0.5,0.5,0.5,0.5,0.5,0.5,0.5,0.5,0.5,0.5,0.5,0.5,0.5,0.499999,0.499999,0.499999,0.499999,0.499999,0.499999,0.499998,0.499998,0.499998,0.499998,0.499999,0.499999,0.499999,0.499999,0.499999,0.499999,0.5,0.5,0.5,0.5,0.5,0.5,0.5,0.5,0.5,0.5,0.5,0.5,0.5,0.5,0.5,0.5,0.5,0.5,0.5,0.5,0.5,0.5,0.5,0.5
0.5,0.5,0.5,0.5,0.5,0.5,0.5,0.5,0.5,0.5,0.5,0.5,0.5,0.5,0.5,0.5,0.5,0.5,0.5,0.5,0.5,0.5,0.5,0.5,0.5,0.5,0.5,0.5,0.499999,0.499999,0.499999,0.499999,0.499999,0.499999,0.499999,0.499999,0.5,0.5,0.5,0.5,0.5,0.5,0.5,0.5,0.5,0.5,0.5,0.5,0.5,0.5,0.5,0.5,0.5,0.5,0.5,0.5,0.5,0.5,0.5,0.5,0.5,0.5,0.5,0.5
0.5,0.5,0.5,0.5,0.5,0.5,0.5,0.5,0.5,0.5,0.5,0.5,0.5,0.5,0.5,0.5,0.5,0.5,0.5,0.5,0.5,0.5,0.5,0.5,0.5,0.5,0.5,0.5,0.5,0.5,0.5,0.5,0.5,0.5,0.5,0.5,0.5,0.5,0.5,0.5,0.5,0.5,0.5,0.5,0.5,0.5,0.5,0.5,0.5,0.5,0.5,0.5,0.5,0.5,0.5,0.5,0.5,0.5,0.5,0.5,0.5,0.5,0.5,0.5
0.5,0.5,0.5,0.5,0.5,0.5,0.5,0.5,0.5,0.5,0.5,0.5,0.5,0.5,0.5,0.5,0.5,0.5,0.5,0.5,0.5,0.5,0.5,0.5,0.5,0.5,0.5,0.5,0.5,0.5,0.5,0.5,0.5,0.5,0.5,0.5,0.5,0.5,0.5,0.5,0.5,0.5,0.5,0.5,0.5,0.5,0.5,0.5,0.5,0.5,0.5,0.5,0.5,0.5,0.5,0.5,0.5,0.5,0.5,0.5,0.5,0.5,0.5,0.5
