0.33679,0.341042,0.341807,0.343374,0.345805,0.349175,0.353547,0.358953,0.365371,0.372719,0.380843,0.389531,0.398526,0.407548,0.416321,0.424598,0.432178,0.438923,0.44476,0.449679,0.453719,0.456958,0.459499,0.461453,0.462929,0.464027,0.464832,0.465413,0.465823,0.4661,0.466271,0.466353,0.466353,0.466271,0.4661,0.465823,0.465413,0.464832,0.464027,0.462929,0.461453,0.459499,0.456958,0.453719,0.449679,0.44476,0.438923,0.432178,0.424598,0.416321,0.407548,0.398526,0.389531,0.380843,0.372719,0.365371,0.358953,0.353547,0.349175,0.345805,0.343374,0.341807,0.341042,0.341042
0.341042,0.341042,0.341807,0.343374,0.345805,0.349175,0.353547,0.358953,0.365371,0.372719,0.380843,0.389531,0.398526,0.407548,0.416321,0.424598,0.432178,0.438923,0.44476,0.449679,0.453719,0.456958,0.459499,0.461453,0.462929,0.464027,0.464832,0.465413,0.465823,0.4661,0.466271,0.466353,0.466353,0.466271,0.4661,0.465823,0.465413,0.464832,0.464027,0.462929,0.461453,0.459499,0.456958,0.453719,0.449679,0.44476,0.438923,0.432178,0.424598,0.416321,0.407548,0.398526,0.389531,0.380843,0.372719,0.365371,0.358953,0.353547,0.349175,0.345805,0.343374,0.341807,0.341042,0.341042
0.341807,0.341807,0.342572,0.344134,0.346551,0.349888,0.354204,0.359524,0.365829,0.373038,0.381008,0.389535,0.398376,0.40726,0.415922,0.424118,0.431651,0.43838,0.444226,0.449173,0.453254,0.45654,0.459129,0.461127,0.462642,0.463771,0.464601,0.465201,0.465624,0.465911,0.466088,0.466172,0.466172,0.466088,0.465911,0.465624,0.465201,0.464601,0.463771,0.462642,0.461127,0.459129,0.45654,0.453254,0.449173,0.444226,0.43838,0.431651,0.424118,0.415922,0.40726,0.398376,0.389535,0.381008,0.373038,0.365829,0.359524,0.354204,0.349888,0.346551,0.344134,0.342572,0.341807,0.341807
0.343374,0.343374,0.344134,0.345681,0.348059,0.351323,0.355518,0.360663,0.366737,0.373669,0.38133,0.38954,0.398074,0.406688,0.415129,0.423166,0.430604,0.437298,0.443162,0.448164,0.452324,0.455702,0.458383,0.460468,0.462059,0.463251,0.464131,0.464769,0.46522,0.465525,0.465713,0.465803,0.465803,0.465713,0.465525,0.46522,0.464769,0.464131,0.463251,0.462059,0.460468,0.458383,0.455702,0.452324,0.448164,0.443162,0.437298,0.430604,0.423166,0.415129,0.406688,0.398074,0.38954,0.38133,0.373669,0.366737,0.360663,0.355518,0.351323,0.348059,0.345681,0.344134,0.343374,0.343374
0.345805,0.345805,0.346551,0.348059,0.350362,0.353497,0.357492,0.362361,0.368083,0.374599,0.381802,0.389541,0.397626,0.40584,0.413956,0.421757,0.429053,0.435692,0.441576,0.446654,0.450927,0.454437,0.457253,0.459464,0.461167,0.462453,0.463407,0.464101,0.464593,0.464926,0.465132,0.46523,0.46523,0.465132,0.464926,0.464593,0.464101,0.463407,0.462453,0.461167,0.459464,0.457253,0.454437,0.450927,0.446654,0.441576,0.435692,0.429053,0.421757,0.413956,0.40584,0.397626,0.389541,0.381802,0.374599,0.368083,0.362361,0.357492,0.353497,0.350362,0.348059,0.346551,0.345805,0.345805
0.349175,0.349175,0.349888,0.351323,0.353497,0.356427,0.360131,0.364612,0.369855,0.375816,0.382417,0.389544,0.397044,0.404739,0.412431,0.419922,0.427026,0.433586,0.439485,0.444653,0.449066,0.45274,0.455727,0.458101,0.459948,0.461355,0.462406,0.463175,0.463721,0.464092,0.464321,0.464431,0.464431,0.464321,0.464092,0.463721,0.463175,0.462406,0.461355,0.459948,0.458101,0.455727,0.45274,0.449066,0.444653,0.439485,0.433586,0.427026,0.419922,0.412431,0.404739,0.397044,0.389544,0.382417,0.375816,0.369855,0.364612,0.360131,0.356427,0.353497,0.351323,0.349888,0.349175,0.349175
0.353547,0.353547,0.354204,0.355518,0.357492,0.360131,0.363438,0.367413,0.372049,0.377323,0.383188,0.38957,0.396364,0.40343,0.410605,0.417712,0.424571,0.43102,0.436923,0.442184,0.446751,0.450614,0.4538,0.456365,0.458383,0.459937,0.461106,0.461966,0.46258,0.462997,0.463255,0.463379,0.463379,0.463255,0.462997,0.46258,0.461966,0.461106,0.459937,0.458383,0.456365,0.4538,0.450614,0.446751,0.442184,0.436923,0.43102,0.424571,0.417712,0.410605,0.40343,0.396364,0.38957,0.383188,0.377323,0.372049,0.367413,0.363438,0.360131,0.357492,0.355518,0.354204,0.353547,0.353547
0.358953,0.358953,0.359524,0.360663,0.362361,0.364612,0.367413,0.370766,0.374673,0.379136,0.384145,0.389669,0.395647,0.401985,0.408557,0.415206,0.421764,0.42806,0.433942,0.439286,0.44401,0.448072,0.451474,0.454252,0.456463,0.458182,0.459487,0.460452,0.461144,0.461616,0.461909,0.462049,0.462049,0.461909,0.461616,0.461144,0.460452,0.459487,0.458182,0.456463,0.454252,0.451474,0.448072,0.44401,0.439286,0.433942,0.42806,0.421764,0.415206,0.408557,0.401985,0.395647,0.389669,0.384145,0.379136,0.374673,0.370766,0.367413,0.364612,0.362361,0.360663,0.359524,0.358953,0.358953
0.365371,0.365371,0.365829,0.366737,0.368083,0.369855,0.372049,0.374673,0.377746,0.381296,0.385349,0.389917,0.394988,0.400512,0.406399,0.412518,0.418711,0.424804,0.430626,0.436027,0.440894,0.445152,0.448775,0.451773,0.45419,0.456088,0.457541,0.458623,0.459402,0.459935,0.460266,0.460424,0.460424,0.460266,0.459935,0.459402,0.458623,0.457541,0.456088,0.45419,0.451773,0.448775,0.445152,0.440894,0.436027,0.430626,0.424804,0.418711,0.412518,0.406399,0.400512,0.394988,0.389917,0.385349,0.381296,0.377746,0.374673,0.372049,0.369855,0.368083,0.366737,0.365829,0.365371,0.365371
0.372719,0.372719,0.373038,0.373669,0.374599,0.375816,0.377323,0.379136,0.381296,0.383856,0.38688,0.390421,0.394513,0.399151,0.40428,0.409798,0.415558,0.421385,0.427095,0.432511,0.437489,0.441924,0.445757,0.448973,0.451596,0.453677,0.455284,0.456489,0.45736,0.457959,0.458331,0.458509,0.458509,0.458331,0.457959,0.45736,0.456489,0.455284,0.453677,0.451596,0.448973,0.445757,0.441924,0.437489,0.432511,0.427095,0.421385,0.415558,0.409798,0.40428,0.399151,0.394513,0.390421,0.38688,0.383856,0.381296,0.379136,0.377323,0.375816,0.374599,0.373669,0.373038,0.372719,0.372719
0.380843,0.380843,0.381008,0.38133,0.381802,0.382417,0.383188,0.384145,0.385349,0.38688,0.388834,0.391308,0.394374,0.398071,0.40238,0.407229,0.412485,0.417977,0.423508,0.428882,0.433925,0.438499,0.442515,0.445931,0.448751,0.451011,0.45277,0.454097,0.455062,0.455727,0.456141,0.45634,0.45634,0.456141,0.455727,0.455062,0.454097,0.45277,0.451011,0.448751,0.445931,0.442515,0.438499,0.433925,0.428882,0.423508,0.417977,0.412485,0.407229,0.40238,0.398071,0.394374,0.391308,0.388834,0.38688,0.385349,0.384145,0.383188,0.382417,0.381802,0.38133,0.381008,0.380843,0.380843
0.389531,0.389531,0.389535,0.38954,0.389541,0.389544,0.38957,0.389669,0.389917,0.390421,0.391308,0.392706,0.394729,0.397453,0.400897,0.405017,0.4097,0.414782,0.420061,0.425324,0.43037,0.435032,0.439191,0.442778,0.445772,0.448195,0.450096,0.451539,0.452593,0.453321,0.453776,0.453994,0.453994,0.453776,0.453321,0.452593,0.451539,0.450096,0.448195,0.445772,0.442778,0.439191,0.435032,0.43037,0.425324,0.420061,0.414782,0.4097,0.405017,0.400897,0.397453,0.394729,0.392706,0.391308,0.390421,0.389917,0.389669,0.38957,0.389544,0.389541,0.38954,0.389535,0.389531,0.389531
0.398526,0.398526,0.398376,0.398074,0.397626,0.397044,0.396364,0.395647,0.394988,0.394513,0.394374,0.394729,0.395725,0.397472,0.400026,0.403373,0.407424,0.412026,0.416977,0.422053,0.427033,0.431722,0.435972,0.439687,0.442823,0.445386,0.44741,0.448957,0.45009,0.450876,0.451368,0.451604,0.451604,0.451368,0.450876,0.45009,0.448957,0.44741,0.445386,0.442823,0.439687,0.435972,0.431722,0.427033,0.422053,0.416977,0.412026,0.407424,0.403373,0.400026,0.397472,0.395725,0.394729,0.394374,0.394513,0.394988,0.395647,0.396364,0.397044,0.397626,0.398074,0.398376,0.398526,0.398526
0.407548,0.407548,0.40726,0.406688,0.40584,0.404739,0.40343,0.401985,0.400512,0.399151,0.398071,0.397453,0.397472,0.39827,0.399937,0.402489,0.405865,0.409929,0.414484,0.4193,0.424142,0.428792,0.433076,0.436871,0.440111,0.442782,0.444907,0.446539,0.447739,0.448573,0.449096,0.449347,0.449347,0.449096,0.448573,0.447739,0.446539,0.444907,0.442782,0.440111,0.436871,0.433076,0.428792,0.424142,0.4193,0.414484,0.409929,0.405865,0.402489,0.399937,0.39827,0.397472,0.397453,0.398071,0.399151,0.400512,0.401985,0.40343,0.404739,0.40584,0.406688,0.40726,0.407548,0.407548
0.416321,0.416321,0.415922,0.415129,0.413956,0.412431,0.410605,0.408557,0.406399,0.40428,0.40238,0.400897,0.400026,0.399937,0.40075,0.402514,0.405197,0.408682,0.412787,0.417283,0.421923,0.426472,0.430734,0.43456,0.437863,0.440609,0.442809,0.444506,0.445759,0.44663,0.447177,0.447439,0.447439,0.447177,0.44663,0.445759,0.444506,0.442809,0.440609,0.437863,0.43456,0.430734,0.426472,0.421923,0.417283,0.412787,0.408682,0.405197,0.402514,0.40075,0.399937,0.400026,0.400897,0.40238,0.40428,0.406399,0.408557,0.410605,0.412431,0.413956,0.415129,0.415922,0.416321,0.416321
0.424598,0.424598,0.424118,0.423166,0.421757,0.419922,0.417712,0.415206,0.412518,0.409798,0.407229,0.405017,0.403373,0.402489,0.402514,0.403528,0.405527,0.408422,0.412047,0.416179,0.420569,0.424968,0.429159,0.432973,0.436302,0.439093,0.441343,0.443086,0.444376,0.445276,0.44584,0.44611,0.44611,0.44584,0.445276,0.444376,0.443086,0.441343,0.439093,0.436302,0.432973,0.429159,0.424968,0.420569,0.416179,0.412047,0.408422,0.405527,0.403528,0.402514,0.402489,0.403373,0.405017,0.407229,0.409798,0.412518,0.415206,0.417712,0.419922,0.421757,0.423166,0.424118,0.424598,0.424598
0.432178,0.432178,0.431651,0.430604,0.429053,0.427026,0.424571,0.421764,0.418711,0.415558,0.412485,0.4097,0.407424,0.405865,0.405197,0.405527,0.406884,0.409206,0.412348,0.4161,0.420211,0.424427,0.428514,0.432286,0.435613,0.438425,0.440707,0.442481,0.443798,0.444717,0.445293,0.44557,0.44557,0.445293,0.444717,0.443798,0.442481,0.440707,0.438425,0.435613,0.432286,0.428514,0.424427,0.420211,0.4161,0.412348,0.409206,0.406884,0.405527,0.405197,0.405865,0.407424,0.4097,0.412485,0.415558,0.418711,0.421764,0.424571,0.427026,0.429053,0.430604,0.431651,0.432178,0.432178
0.438923,0.438923,0.43838,0.437298,0.435692,0.433586,0.43102,0.42806,0.424804,0.421385,0.417977,0.414782,0.412026,0.409929,0.408682,0.408422,0.409206,0.411002,0.413687,0.417066,0.420897,0.424919,0.428888,0.432602,0.435912,0.438733,0.441035,0.442833,0.444171,0.445105,0.445692,0.445973,0.445973,0.445692,0.445105,0.444171,0.442833,0.441035,0.438733,0.435912,0.432602,0.428888,0.424919,0.420897,0.417066,0.413687,0.411002,0.409206,0.408422,0.408682,0.409929,0.412026,0.414782,0.417977,0.421385,0.424804,0.42806,0.43102,0.433586,0.435692,0.437298,0.43838,0.438923,0.438923
0.44476,0.44476,0.444226,0.443162,0.441576,0.439485,0.436923,0.433942,0.430626,0.427095,0.423508,0.420061,0.416977,0.414484,0.412787,0.412047,0.412348,0.413687,0.415966,0.419007,0.422578,0.426417,0.430274,0.433931,0.437225,0.440055,0.442378,0.444201,0.44556,0.446511,0.447108,0.447394,0.447394,0.447108,0.446511,0.44556,0.444201,0.442378,0.440055,0.437225,0.433931,0.430274,0.426417,0.422578,0.419007,0.415966,0.413687,0.412348,0.412047,0.412787,0.414484,0.416977,0.420061,0.423508,0.427095,0.430626,0.433942,0.436923,0.439485,0.441576,0.443162,0.444226,0.44476,0.44476
0.449679,0.449679,0.449173,0.448164,0.446654,0.444653,0.442184,0.439286,0.436027,0.432511,0.428882,0.425324,0.422053,0.4193,0.417283,0.416179,0.4161,0.417066,0.419007,0.421765,0.425116,0.428803,0.432569,0.436186,0.439478,0.442328,0.444683,0.446539,0.447928,0.448901,0.449513,0.449807,0.449807,0.449513,0.448901,0.447928,0.446539,0.444683,0.442328,0.439478,0.436186,0.432569,0.428803,0.425116,0.421765,0.419007,0.417066,0.4161,0.416179,0.417283,0.4193,0.422053,0.425324,0.428882,0.432511,0.436027,0.439286,0.442184,0.444653,0.446654,0.448164,0.449173,0.449679,0.449679
0.453719,0.453719,0.453254,0.452324,0.450927,0.449066,0.446751,0.44401,0.440894,0.437489,0.433925,0.43037,0.427033,0.424142,0.421923,0.420569,0.420211,0.420897,0.422578,0.425116,0.428299,0.431877,0.435587,0.439194,0.442507,0.445399,0.447804,0.449709,0.45114,0.452146,0.452779,0.453084,0.453084,0.452779,0.452146,0.45114,0.449709,0.447804,0.445399,0.442507,0.439194,0.435587,0.431877,0.428299,0.425116,0.422578,0.420897,0.420211,0.420569,0.421923,0.424142,0.427033,0.43037,0.433925,0.437489,0.440894,0.44401,0.446751,0.449066,0.450927,0.452324,0.453254,0.453719,0.453719
0.456958,0.456958,0.45654,0.455702,0.454437,0.45274,0.450614,0.448072,0.445152,0.441924,0.438499,0.435032,0.431722,0.428792,0.426472,0.424968,0.424427,0.424919,0.426417,0.428803,0.431877,0.435393,0.439088,0.442718,0.446083,0.449042,0.451519,0.453492,0.454981,0.456032,0.456696,0.457016,0.457016,0.456696,0.456032,0.454981,0.453492,0.451519,0.449042,0.446083,0.442718,0.439088,0.435393,0.431877,0.428803,0.426417,0.424919,0.424427,0.424968,0.426472,0.428792,0.431722,0.435032,0.438499,0.441924,0.445152,0.448072,0.450614,0.45274,0.454437,0.455702,0.45654,0.456958,0.456958
0.459499,0.459499,0.459129,0.458383,0.457253,0.455727,0.4538,0.451474,0.448775,0.445757,0.442515,0.439191,0.435972,0.433076,0.430734,0.429159,0.428514,0.428888,0.430274,0.432569,0.435587,0.439088,0.442807,0.446495,0.449941,0.452994,0.455565,0.457626,0.459189,0.460297,0.461,0.461339,0.461339,0.461,0.460297,0.459189,0.457626,0.455565,0.452994,0.449941,0.446495,0.442807,0.439088,0.435587,0.432569,0.430274,0.428888,0.428514,0.429159,0.430734,0.433076,0.435972,0.439191,0.442515,0.445757,0.448775,0.451474,0.4538,0.455727,0.457253,0.458383,0.459129,0.459499,0.459499
0.461453,0.461453,0.461127,0.460468,0.459464,0.458101,0.456365,0.454252,0.451773,0.448973,0.445931,0.442778,0.439687,0.436871,0.43456,0.432973,0.432286,0.432602,0.433931,0.436186,0.439194,0.442718,0.446495,0.450269,0.453821,0.456988,0.459673,0.461837,0.463488,0.464664,0.465412,0.465774,0.465774,0.465412,0.464664,0.463488,0.461837,0.459673,0.456988,0.453821,0.450269,0.446495,0.442718,0.439194,0.436186,0.433931,0.432602,0.432286,0.432973,0.43456,0.436871,0.439687,0.442778,0.445931,0.448973,0.451773,0.454252,0.456365,0.458101,0.459464,0.460468,0.461127,0.461453,0.461453
0.462929,0.462929,0.462642,0.462059,0.461167,0.459948,0.458383,0.456463,0.45419,0.451596,0.448751,0.445772,0.442823,0.440111,0.437863,0.436302,0.435613,0.435912,0.437225,0.439478,0.442507,0.446083,0.449941,0.453821,0.457495,0.460791,0.463601,0.465879,0.467627,0.468877,0.469676,0.470063,0.470063,0.469676,0.468877,0.467627,0.465879,0.463601,0.460791,0.457495,0.453821,0.449941,0.446083,0.442507,0.439478,0.437225,0.435912,0.435613,0.436302,0.437863,0.440111,0.442823,0.445772,0.448751,0.451596,0.45419,0.456463,0.458383,0.459948,0.461167,0.462059,0.462642,0.462929,0.462929
0.464027,0.464027,0.463771,0.463251,0.462453,0.461355,0.459937,0.458182,0.456088,0.453677,0.451011,0.448195,0.445386,0.442782,0.440609,0.439093,0.438425,0.438733,0.440055,0.442328,0.445399,0.449042,0.452994,0.456988,0.460791,0.46422,0.46716,0.469555,0.471402,0.47273,0.473581,0.473995,0.473995,0.473581,0.47273,0.471402,0.469555,0.46716,0.46422,0.460791,0.456988,0.452994,0.449042,0.445399,0.442328,0.440055,0.438733,0.438425,0.439093,0.440609,0.442782,0.445386,0.448195,0.451011,0.453677,0.456088,0.458182,0.459937,0.461355,0.462453,0.463251,0.463771,0.464027,0.464027
0.464832,0.464832,0.464601,0.464131,0.463407,0.462406,0.461106,0.459487,0.457541,0.455284,0.45277,0.450096,0.44741,0.444907,0.442809,0.441343,0.440707,0.441035,0.442378,0.444683,0.447804,0.451519,0.455565,0.459673,0.463601,0.46716,0.470225,0.472734,0.474677,0.476079,0.476981,0.477421,0.477421,0.476981,0.476079,0.474677,0.472734,0.470225,0.46716,0.463601,0.459673,0.455565,0.451519,0.447804,0.444683,0.442378,0.441035,0.440707,0.441343,0.442809,0.444907,0.44741,0.450096,0.45277,0.455284,0.457541,0.459487,0.461106,0.462406,0.463407,0.464131,0.464601,0.464832,0.464832
0.465413,0.465413,0.465201,0.464769,0.464101,0.463175,0.461966,0.460452,0.458623,0.456489,0.454097,0.451539,0.448957,0.446539,0.444506,0.443086,0.442481,0.442833,0.444201,0.446539,0.449709,0.453492,0.457626,0.461837,0.465879,0.469555,0.472734,0.475346,0.477376,0.478847,0.479795,0.480258,0.480258,0.479795,0.478847,0.477376,0.475346,0.472734,0.469555,0.465879,0.461837,0.457626,0.453492,0.449709,0.446539,0.444201,0.442833,0.442481,0.443086,0.444506,0.446539,0.448957,0.451539,0.454097,0.456489,0.458623,0.460452,0.461966,0.463175,0.464101,0.464769,0.465201,0.465413,0.465413
0.465823,0.465823,0.465624,0.46522,0.464593,0.463721,0.46258,0.461144,0.459402,0.45736,0.455062,0.452593,0.45009,0.447739,0.445759,0.444376,0.443798,0.444171,0.44556,0.447928,0.45114,0.454981,0.459189,0.463488,0.467627,0.471402,0.474677,0.477376,0.479481,0.48101,0.481998,0.482481,0.482481,0.481998,0.48101,0.479481,0.477376,0.474677,0.471402,0.467627,0.463488,0.459189,0.454981,0.45114,0.447928,0.44556,0.444171,0.443798,0.444376,0.445759,0.447739,0.45009,0.452593,0.455062,0.45736,0.459402,0.461144,0.46258,0.463721,0.464593,0.46522,0.465624,0.465823,0.465823
0.4661,0.4661,0.465911,0.465525,0.464926,0.464092,0.462997,0.461616,0.459935,0.457959,0.455727,0.453321,0.450876,0.448573,0.44663,0.445276,0.444717,0.445105,0.446511,0.448901,0.452146,0.456032,0.460297,0.464664,0.468877,0.47273,0.476079,0.478847,0.48101,0.482584,0.483603,0.484102,0.484102,0.483603,0.482584,0.48101,0.478847,0.476079,0.47273,0.468877,0.464664,0.460297,0.456032,0.452146,0.448901,0.446511,0.445105,0.444717,0.445276,0.44663,0.448573,0.450876,0.453321,0.455727,0.457959,0.459935,0.461616,0.462997,0.464092,0.464926,0.465525,0.465911,0.4661,0.4661
0.466271,0.466271,0.466088,0.465713,0.465132,0.464321,0.463255,0.461909,0.460266,0.458331,0.456141,0.453776,0.451368,0.449096,0.447177,0.44584,0.445293,0.445692,0.447108,0.449513,0.452779,0.456696,0.461,0.465412,0.469676,0.473581,0.476981,0.479795,0.481998,0.483603,0.484643,0.485153,0.485153,0.484643,0.483603,0.481998,0.479795,0.476981,0.473581,0.469676,0.465412,0.461,0.456696,0.452779,0.449513,0.447108,0.445692,0.445293,0.44584,0.447177,0.449096,0.451368,0.453776,0.456141,0.458331,0.460266,0.461909,0.463255,0.464321,0.465132,0.465713,0.466088,0.466271,0.466271
0.466353,0.466353,0.466172,0.465803,0.46523,0.464431,0.463379,0.462049,0.460424,0.458509,0.45634,0.453994,0.451604,0.449347,0.447439,0.44611,0.44557,0.445973,0.447394,0.449807,0.453084,0.457016,0.461339,0.465774,0.470063,0.473995,0.477421,0.480258,0.482481,0.484102,0.485153,0.485669,0.485669,0.485153,0.484102,0.482481,0.480258,0.477421,0.473995,0.470063,0.465774,0.461339,0.457016,0.453084,0.449807,0.447394,0.445973,0.44557,0.44611,0.447439,0.449347,0.451604,0.453994,0.45634,0.458509,0.460424,0.462049,0.463379,0.464431,0.46523,0.465803,0.466172,0.466353,0.466353
0.466353,0.466353,0.466172,0.465803,0.46523,0.464431,0.463379,0.462049,0.460424,0.458509,0.45634,0.453994,0.451604,0.449347,0.447439,0.44611,0.44557,0.445973,0.447394,0.449807,0.453084,0.457016,0.461339,0.465774,0.470063,0.473995,0.477421,0.480258,0.482481,0.484102,0.485153,0.485669,0.485669,0.485153,0.484102,0.482481,0.480258,0.477421,0.473995,0.470063,0.465774,0.461339,0.457016,0.453084,0.449807,0.447394,0.445973,0.44557,0.44611,0.447439,0.449347,0.451604,0.453994,0.45634,0.458509,0.460424,0.462049,0.463379,0.464431,0.46523,0.465803,0.466172,0.466353,0.466353
0.466271,0.466271,0.466088,0.465713,0.465132,0.464321,0.463255,0.461909,0.460266,0.458331,0.456141,0.453776,0.451368,0.449096,0.447177,0.44584,0.445293,0.445692,0.447108,0.449513,0.452779,0.456696,0.461,0.465412,0.469676,0.473581,0.476981,0.479795,0.481998,0.483603,0.484643,0.485153,0.485153,0.484643,0.483603,0.481998,0.479795,0.476981,0.473581,0.469676,0.465412,0.461,0.456696,0.452779,0.449513,0.447108,0.445692,0.445293,0.44584,0.447177,0.449096,0.451368,0.453776,0.456141,0.458331,0.460266,0.461909,0.463255,0.464321,0.465132,0.465713,0.466088,0.466271,0.466271
0.4661,0.4661,0.465911,0.465525,0.464926,0.464092,0.462997,0.461616,0.459935,0.457959,0.455727,0.453321,0.450876,0.448573,0.44663,0.445276,0.444717,0.445105,0.446511,0.448901,0.452146,0.456032,0.460297,0.464664,0.468877,0.47273,0.476079,0.478847,0.48101,0.482584,0.483603,0.484102,0.484102,0.483603,0.482584,0.48101,0.478847,0.476079,0.47273,0.468877,0.464664,0.460297,0.456032,0.452146,0.448901,0.446511,0.445105,0.444717,0.445276,0.44663,0.448573,0.450876,0.453321,0.455727,0.457959,0.459935,0.461616,0.462997,0.464092,0.464926,0.465525,0.465911,0.4661,0.4661
0.465823,0.465823,0.465624,0.46522,0.464593,0.463721,0.46258,0.461144,0.459402,0.45736,0.455062,0.452593,0.45009,0.447739,0.445759,0.444376,0.443798,0.444171,0.44556,0.447928,0.45114,0.454981,0.459189,0.463488,0.467627,0.471402,0.474677,0.477376,0.479481,0.48101,0.481998,0.482481,0.482481,0.481998,0.48101,0.479481,0.477376,0.474677,0.471402,0.467627,0.463488,0.459189,0.454981,0.45114,0.447928,0.44556,0.444171,0.443798,0.444376,0.445759,0.447739,0.45009,0.452593,0.455062,0.45736,0.459402,0.461144,0.46258,0.463721,0.464593,0.46522,0.465624,0.465823,0.465823
0.465413,0.465413,0.465201,0.464769,0.464101,0.463175,0.461966,0.460452,0.458623,0.456489,0.454097,0.451539,0.448957,0.446539,0.444506,0.443086,0.442481,0.442833,0.444201,0.446539,0.449709,0.453492,0.457626,0.461837,0.465879,0.469555,0.472734,0.475346,0.477376,0.478847,0.479795,0.480258,0.480258,0.479795,0.478847,0.477376,0.475346,0.472734,0.469555,0.465879,0.461837,0.457626,0.453492,0.449709,0.446539,0.444201,0.442833,0.442481,0.443086,0.444506,0.446539,0.448957,0.451539,0.454097,0.456489,0.458623,0.460452,0.461966,0.463175,0.464101,0.464769,0.465201,0.465413,0.465413
0.464832,0.464832,0.464601,0.464131,0.463407,0.462406,0.461106,0.459487,0.457541,0.455284,0.45277,0.450096,0.44741,0.444907,0.442809,0.441343,0.440707,0.441035,0.442378,0.444683,0.447804,0.451519,0.455565,0.459673,0.463601,0.46716,0.470225,0.472734,0.474677,0.476079,0.476981,0.477421,0.477421,0.476981,0.476079,0.474677,0.472734,0.470225,0.46716,0.463601,0.459673,0.455565,0.451519,0.447804,0.444683,0.442378,0.441035,0.440707,0.441343,0.442809,0.444907,0.44741,0.450096,0.45277,0.455284,0.457541,0.459487,0.461106,0.462406,0.463407,0.464131,0.464601,0.464832,0.464832
0.464027,0.464027,0.463771,0.463251,0.462453,0.461355,0.459937,0.458182,0.456088,0.453677,0.451011,0.448195,0.445386,0.442782,0.440609,0.439093,0.438425,0.438733,0.440055,0.442328,0.445399,0.449042,0.452994,0.456988,0.460791,0.46422,0.46716,0.469555,0.471402,0.47273,0.473581,0.473995,0.473995,0.473581,0.47273,0.471402,0.469555,0.46716,0.46422,0.460791,0.456988,0.452994,0.449042,0.445399,0.442328,0.440055,0.438733,0.438425,0.439093,0.440609,0.442782,0.445386,0.448195,0.451011,0.453677,0.456088,0.458182,0.459937,0.461355,0.462453,0.463251,0.463771,0.464027,0.464027
0.462929,0.462929,0.462642,0.462059,0.461167,0.459948,0.458383,0.456463,0.45419,0.451596,0.448751,0.445772,0.442823,0.440111,0.437863,0.436302,0.435613,0.435912,0.437225,0.439478,0.442507,0.446083,0.449941,0.453821,0.457495,0.460791,0.463601,0.465879,0.467627,0.468877,0.469676,0.470063,0.470063,0.469676,0.468877,0.467627,0.465879,0.463601,0.460791,0.457495,0.453821,0.449941,0.446083,0.442507,0.439478,0.437225,0.435912,0.435613,0.436302,0.437863,0.440111,0.442823,0.445772,0.448751,0.451596,0.45419,0.456463,0.458383,0.459948,0.461167,0.462059,0.462642,0.462929,0.462929
0.461453,0.461453,0.461127,0.460468,0.459464,0.458101,0.456365,0.454252,0.451773,0.448973,0.445931,0.442778,0.439687,0.436871,0.43456,0.432973,0.432286,0.432602,0.433931,0.436186,0.439194,0.442718,0.446495,0.450269,0.453821,0.456988,0.459673,0.461837,0.463488,0.464664,0.465412,0.465774,0.465774,0.465412,0.464664,0.463488,0.461837,0.459673,0.456988,0.453821,0.450269,0.446495,0.442718,0.439194,0.436186,0.433931,0.432602,0.432286,0.432973,0.43456,0.436871,0.439687,0.442778,0.445931,0.448973,0.451773,0.454252,0.456365,0.458101,0.459464,0.460468,0.461127,0.461453,0.461453
0.459499,0.459499,0.459129,0.458383,0.457253,0.455727,0.4538,0.451474,0.448775,0.445757,0.442515,0.439191,0.435972,0.433076,0.430734,0.429159,0.428514,0.428888,0.430274,0.432569,0.435587,0.439088,0.442807,0.446495,0.449941,0.452994,0.455565,0.457626,0.459189,0.460297,0.461,0.461339,0.461339,0.461,0.460297,0.459189,0.457626,0.455565,0.452994,0.449941,0.446495,0.442807,0.439088,0.435587,0.432569,0.430274,0.428888,0.428514,0.429159,0.430734,0.433076,0.435972,0.439191,0.442515,0.445757,0.448775,0.451474,0.4538,0.455727,0.457253,0.458383,0.459129,0.459499,0.459499
0.456958,0.456958,0.45654,0.455702,0.454437,0.45274,0.450614,0.448072,0.445152,0.441924,0.438499,0.435032,0.431722,0.428792,0.426472,0.424968,0.424427,0.424919,0.426417,0.428803,0.431877,0.435393,0.439088,0.442718,0.446083,0.449042,0.451519,0.453492,0.454981,0.456032,0.456696,0.457016,0.457016,0.456696,0.456032,0.454981,0.453492,0.451519,0.449042,0.446083,0.442718,0.439088,0.435393,0.431877,0.428803,0.426417,0.424919,0.424427,0.424968,0.426472,0.428792,0.431722,0.435032,0.438499,0.441924,0.445152,0.448072,0.450614,0.45274,0.454437,0.455702,0.45654,0.456958,0.456958
0.453719,0.453719,0.453254,0.452324,0.450927,0.449066,0.446751,0.44401,0.440894,0.437489,0.433925,0.43037,0.427033,0.424142,0.421923,0.420569,0.420211,0.420897,0.422578,0.425116,0.428299,0.431877,0.435587,0.439194,0.442507,0.445399,0.447804,0.449709,0.45114,0.452146,0.452779,0.453084,0.453084,0.452779,0.452146,0.45114,0.449709,0.447804,0.445399,0.442507,0.439194,0.435587,0.431877,0.428299,0.425116,0.422578,0.420897,0.420211,0.420569,0.421923,0.424142,0.427033,0.43037,0.433925,0.437489,0.440894,0.44401,0.446751,0.449066,0.450927,0.452324,0.453254,0.453719,0.453719
0.449679,0.449679,0.449173,0.448164,0.446654,0.444653,0.442184,0.439286,0.436027,0.432511,0.428882,0.425324,0.422053,0.4193,0.417283,0.416179,0.4161,0.417066,0.419007,0.421765,0.425116,0.428803,0.432569,0.436186,0.439478,0.442328,0.444683,0.446539,0.447928,0.448901,0.449513,0.449807,0.449807,0.449513,0.448901,0.447928,0.446539,0.444683,0.442328,0.439478,0.436186,0.432569,0.428803,0.425116,0.421765,0.419007,0.417066,0.4161,0.416179,0.417283,0.4193,0.422053,0.425324,0.428882,0.432511,0.436027,0.439286,0.442184,0.444653,0.446654,0.448164,0.449173,0.449679,0.449679
0.44476,0.44476,0.444226,0.443162,0.441576,0.439485,0.436923,0.433942,0.430626,0.427095,0.423508,0.420061,0.416977,0.414484,0.412787,0.412047,0.412348,0.413687,0.415966,0.419007,0.422578,0.426417,0.430274,0.433931,0.437225,0.440055,0.442378,0.444201,0.44556,0.446511,0.447108,0.447394,0.447394,0.447108,0.446511,0.44556,0.444201,0.442378,0.440055,0.437225,0.433931,0.430274,0.426417,0.422578,0.419007,0.415966,0.413687,0.412348,0.412047,0.412787,0.414484,0.416977,0.420061,0.423508,0.427095,0.430626,0.433942,0.436923,0.439485,0.441576,0.443162,0.444226,0.44476,0.44476
0.438923,0.438923,0.43838,0.437298,0.435692,0.433586,0.43102,0.42806,0.424804,0.421385,0.417977,0.414782,0.412026,0.409929,0.408682,0.408422,0.409206,0.411002,0.413687,0.417066,0.420897,0.424919,0.428888,0.432602,0.435912,0.438733,0.441035,0.442833,0.444171,0.445105,0.445692,0.445973,0.445973,0.445692,0.445105,0.444171,0.442833,0.441035,0.438733,0.435912,0.432602,0.428888,0.424919,0.420897,0.417066,0.413687,0.411002,0.409206,0.408422,0.408682,0.409929,0.412026,0.414782,0.417977,0.421385,0.424804,0.42806,0.43102,0.433586,0.435692,0.437298,0.43838,0.438923,0.438923
0.432178,0.432178,0.431651,0.430604,0.429053,0.427026,0.424571,0.421764,0.418711,0.415558,0.412485,0.4097,0.407424,0.405865,0.405197,0.405527,0.406884,0.409206,0.412348,0.4161,0.420211,0.424427,0.428514,0.432286,0.435613,0.438425,0.440707,0.442481,0.443798,0.444717,0.445293,0.44557,0.44557,0.445293,0.444717,0.443798,0.442481,0.440707,0.438425,0.435613,0.432286,0.428514,0.424427,0.420211,0.4161,0.412348,0.409206,0.406884,0.405527,0.405197,0.405865,0.407424,0.4097,0.412485,0.415558,0.418711,0.421764,0.424571,0.427026,0.429053,0.430604,0.431651,0.432178,0.432178
0.424598,0.424598,0.424118,0.423166,0.421757,0.419922,0.417712,0.415206,0.412518,0.409798,0.407229,0.405017,0.403373,0.402489,0.402514,0.403528,0.405527,0.408422,0.412047,0.416179,0.420569,0.424968,0.429159,0.432973,0.436302,0.439093,0.441343,0.443086,0.444376,0.445276,0.44584,0.44611,0.44611,0.44584,0.445276,0.444376,0.443086,0.441343,0.439093,0.436302,0.432973,0.429159,0.424968,0.420569,0.416179,0.412047,0.408422,0.405527,0.403528,0.402514,0.402489,0.403373,0.405017,0.407229,0.409798,0.412518,0.415206,0.417712,0.419922,0.421757,0.423166,0.424118,0.424598,0.424598
0.416321,0.416321,0.415922,0.415129,0.413956,0.412431,0.410605,0.408557,0.406399,0.40428,0.40238,0.400897,0.400026,0.399937,0.40075,0.402514,0.405197,0.408682,0.412787,0.417283,0.421923,0.426472,0.430734,0.43456,0.437863,0.440609,0.442809,0.444506,0.445759,0.44663,0.447177,0.447439,0.447439,0.447177,0.44663,0.445759,0.444506,0.442809,0.440609,0.437863,0.43456,0.430734,0.426472,0.421923,0.417283,0.412787,0.408682,0.405197,0.402514,0.40075,0.399937,0.400026,0.400897,0.40238,0.40428,0.406399,0.408557,0.410605,0.412431,0.413956,0.415129,0.415922,0.416321,0.416321
0.407548,0.407548,0.40726,0.406688,0.40584,0.404739,0.40343,0.401985,0.400512,0.399151,0.398071,0.397453,0.397472,0.39827,0.399937,0.402489,0.405865,0.409929,0.414484,0.4193,0.424142,0.428792,0.433076,0.436871,0.440111,0.442782,0.444907,0.446539,0.447739,0.448573,0.449096,0.449347,0.449347,0.449096,0.448573,0.447739,0.446539,0.444907,0.442782,0.440111,0.436871,0.433076,0.428792,0.424142,0.4193,0.414484,0.409929,0.405865,0.402489,0.399937,0.39827,0.397472,0.397453,0.398071,0.399151,0.400512,0.401985,0.40343,0.404739,0.40584,0.406688,0.40726,0.407548,0.407548
0.398526,0.398526,0.398376,0.398074,0.397626,0.397044,0.396364,0.395647,0.394988,0.394513,0.394374,0.394729,0.395725,0.397472,0.400026,0.403373,0.407424,0.412026,0.416977,0.422053,0.427033,0.431722,0.435972,0.439687,0.442823,0.445386,0.44741,0.448957,0.45009,0.450876,0.451368,0.451604,0.451604,0.451368,0.450876,0.45009,0.448957,0.44741,0.445386,0.442823,0.439687,0.435972,0.431722,0.427033,0.422053,0.416977,0.412026,0.407424,0.403373,0.400026,0.397472,0.395725,0.394729,0.394374,0.394513,0.394988,0.395647,0.396364,0.397044,0.397626,0.398074,0.398376,0.398526,0.398526
0.389531,0.389531,0.389535,0.38954,0.389541,0.389544,0.38957,0.389669,0.389917,0.390421,0.391308,0.392706,0.394729,0.397453,0.400897,0.405017,0.4097,0.414782,0.420061,0.425324,0.43037,0.435032,0.439191,0.442778,0.445772,0.448195,0.450096,0.451539,0.452593,0.453321,0.453776,0.453994,0.453994,0.453776,0.453321,0.452593,0.451539,0.450096,0.448195,0.445772,0.442778,0.439191,0.435032,0.43037,0.425324,0.420061,0.414782,0.4097,0.405017,0.400897,0.397453,0.394729,0.392706,0.391308,0.390421,0.389917,0.389669,0.38957,0.389544,0.389541,0.38954,0.389535,0.389531,0.389531
0.380843,0.380843,0.381008,0.38133,0.381802,0.382417,0.383188,0.384145,0.385349,0.38688,0.388834,0.391308,0.394374,0.398071,0.40238,0.407229,0.412485,0.417977,0.423508,0.428882,0.433925,0.438499,0.442515,0.445931,0.448751,0.451011,0.45277,0.454097,0.455062,0.455727,0.456141,0.45634,0.45634,0.456141,0.455727,0.455062,0.454097,0.45277,0.451011,0.448751,0.445931,0.442515,0.438499,0.433925,0.428882,0.423508,0.417977,0.412485,0.407229,0.40238,0.398071,0.394374,0.391308,0.388834,0.38688,0.385349,0.384145,0.383188,0.382417,0.381802,0.38133,0.381008,0.380843,0.380843
0.372719,0.372719,0.373038,0.373669,0.374599,0.375816,0.377323,0.379136,0.381296,0.383856,0.38688,0.390421,0.394513,0.399151,0.40428,0.409798,0.415558,0.421385,0.427095,0.432511,0.437489,0.441924,0.445757,0.448973,0.451596,0.453677,0.455284,0.456489,0.45736,0.457959,0.458331,0.458509,0.458509,0.458331,0.457959,0.45736,0.456489,0.455284,0.453677,0.451596,0.448973,0.445757,0.441924,0.437489,0.432511,0.427095,0.421385,0.415558,0.409798,0.40428,0.399151,0.394513,0.390421,0.38688,0.383856,0.381296,0.379136,0.377323,0.375816,0.374599,0.373669,0.373038,0.372719,0.372719
0.365371,0.365371,0.365829,0.366737,0.368083,0.369855,0.372049,0.374673,0.377746,0.381296,0.385349,0.389917,0.394988,0.400512,0.406399,0.412518,0.418711,0.424804,0.430626,0.436027,0.440894,0.445152,0.448775,0.451773,0.45419,0.456088,0.457541,0.458623,0.459402,0.459935,0.460266,0.460424,0.460424,0.460266,0.459935,0.459402,0.458623,0.457541,0.456088,0.45419,0.451773,0.448775,0.445152,0.440894,0.436027,0.430626,0.424804,0.418711,0.412518,0.406399,0.400512,0.394988,0.389917,0.385349,0.381296,0.377746,0.374673,0.372049,0.369855,0.368083,0.366737,0.365829,0.365371,0.365371
0.358953,0.358953,0.359524,0.360663,0.362361,0.364612,0.367413,0.370766,0.374673,0.379136,0.384145,0.389669,0.395647,0.401985,0.408557,0.415206,0.421764,0.42806,0.433942,0.439286,0.44401,0.448072,0.451474,0.454252,0.456463,0.458182,0.459487,0.460452,0.461144,0.461616,0.461909,0.462049,0.462049,0.461909,0.461616,0.461144,0.460452,0.459487,0.458182,0.456463,0.454252,0.451474,0.448072,0.44401,0.439286,0.433942,0.42806,0.421764,0.415206,0.408557,0.401985,0.395647,0.389669,0.384145,0.379136,0.374673,0.370766,0.367413,0.364612,0.362361,0.360663,0.359524,0.358953,0.358953
0.353547,0.353547,0.354204,0.355518,0.357492,0.360131,0.363438,0.367413,0.372049,0.377323,0.383188,0.38957,0.396364,0.40343,0.410605,0.417712,0.424571,0.43102,0.436923,0.442184,0.446751,0.450614,0.4538,0.456365,0.458383,0.459937,0.461106,0.461966,0.46258,0.462997,0.463255,0.463379,0.463379,0.463255,0.462997,0.46258,0.461966,0.461106,0.459937,0.458383,0.456365,0.4538,0.450614,0.446751,0.442184,0.436923,0.43102,0.424571,0.417712,0.410605,0.40343,0.396364,0.38957,0.383188,0.377323,0.372049,0.367413,0.363438,0.360131,0.357492,0.355518,0.354204,0.353547,0.353547
0.349175,0.349175,0.349888,0.351323,0.353497,0.356427,0.360131,0.364612,0.369855,0.375816,0.382417,0.389544,0.397044,0.404739,0.412431,0.419922,0.427026,0.433586,0.439485,0.444653,0.449066,0.45274,0.455727,0.458101,0.459948,0.461355,0.462406,0.463175,0.463721,0.464092,0.464321,0.464431,0.464431,0.464321,0.464092,0.463721,0.463175,0.462406,0.461355,0.459948,0.458101,0.455727,0.45274,0.449066,0.444653,0.439485,0.433586,0.427026,0.419922,0.412431,0.404739,0.397044,0.389544,0.382417,0.375816,0.369855,0.364612,0.360131,0.356427,0.353497,0.351323,0.349888,0.349175,0.349175
0.345805,0.345805,0.346551,0.348059,0.350362,0.353497,0.357492,0.362361,0.368083,0.374599,0.381802,0.389541,0.397626,0.40584,0.413956,0.421757,0.429053,0.435692,0.441576,0.446654,0.450927,0.454437,0.457253,0.459464,0.461167,0.462453,0.463407,0.464101,0.464593,0.464926,0.465132,0.46523,0.46523,0.465132,0.464926,0.464593,0.464101,0.463407,0.462453,0.461167,0.459464,0.457253,0.454437,0.450927,0.446654,0.441576,0.435692,0.429053,0.421757,0.413956,0.40584,0.397626,0.389541,0.381802,0.374599,0.368083,0.362361,0.357492,0.353497,0.350362,0.348059,0.346551,0.345805,0.345805
0.343374,0.343374,0.344134,0.345681,0.348059,0.351323,0.355518,0.360663,0.366737,0.373669,0.38133,0.38954,0.398074,0.406688,0.415129,0.423166,0.430604,0.437298,0.443162,0.448164,0.452324,0.455702,0.458383,0.460468,0.462059,0.463251,0.464131,0.464769,0.46522,0.465525,0.465713,0.465803,0.465803,0.465713,0.465525,0.46522,0.464769,0.464131,0.463251,0.462059,0.460468,0.458383,0.455702,0.452324,0.448164,0.443162,0.437298,0.430604,0.423166,0.415129,0.406688,0.398074,0.38954,0.38133,0.373669,0.366737,0.360663,0.355518,0.351323,0.348059,0.345681,0.344134,0.343374,0.343374
0.341807,0.341807,0.342572,0.344134,0.346551,0.349888,0.354204,0.359524,0.365829,0.373038,0.381008,0.389535,0.398376,0.40726,0.415922,0.424118,0.431651,0.43838,0.444226,0.449173,0.453254,0.45654,0.459129,0.461127,0.462642,0.463771,0.464601,0.465201,0.465624,0.465911,0.466088,0.466172,0.466172,0.466088,0.465911,0.465624,0.465201,0.464601,0.463771,0.462642,0.461127,0.459129,0.45654,0.453254,0.449173,0.444226,0.43838,0.431651,0.424118,0.415922,0.40726,0.398376,0.389535,0.381008,0.373038,0.365829,0.359524,0.354204,0.349888,0.346551,0.344134,0.342572,0.341807,0.341807
0.341042,0.341042,0.341807,0.343374,0.345805,0.349175,0.353547,0.358953,0.365371,0.372719,0.380843,0.389531,0.398526,0.407548,0.416321,0.424598,0.432178,0.438923,0.44476,0.449679,0.453719,0.456958,0.459499,0.461453,0.462929,0.464027,0.464832,0.465413,0.465823,0.4661,0.466271,0.466353,0.466353,0.466271,0.4661,0.465823,0.465413,0.464832,0.464027,0.462929,0.461453,0.459499,0.456958,0.453719,0.449679,0.44476,0.438923,0.432178,0.424598,0.416321,0.407548,0.398526,0.389531,0.380843,0.372719,0.365371,0.358953,0.353547,0.349175,0.345805,0.343374,0.341807,0.341042,0.341042
0.341042,0.341042,0.341807,0.343374,0.345805,0.349175,0.353547,0.358953,0.365371,0.372719,0.380843,0.389531,0.398526,0.407548,0.416321,0.424598,0.432178,0.438923,0.44476,0.449679,0.453719,0.456958,0.459499,0.461453,0.462929,0.464027,0.464832,0.465413,0.465823,0.4661,0.466271,0.466353,0.466353,0.466271,0.4661,0.465823,0.465413,0.464832,0.464027,0.462929,0.461453,0.459499,0.456958,0.453719,0.449679,0.44476,0.438923,0.432178,0.424598,0.416321,0.407548,0.398526,0.389531,0.380843,0.372719,0.365371,0.358953,0.353547,0.349175,0.345805,0.343374,0.341807,0.341042,0.341042
