0.5,0.5,0.5,0.5,0.5,0.5,0.5,0.5,0.5,0.5,0.5,0.5,0.5,0.499999,0.499999,0.499998,0.499997,0.499995,0.499993,0.499989,0.499985,0.49998,0.499974,0.499967,0.499959,0.49995,0.499941,0.499933,0.499925,0.499919,0.499915,0.499912,0.499912,0.499915,0.499919,0.499925,0.499933,0.499941,0.49995,0.499959,0.499967,0.499974,0.49998,0.499985,0.499989,0.499993,0.499995,0.499997,0.499998,0.499999,0.499999,0.5,0.5,0.5,0.5,0.5,0.5,0.5,0.5,0.5,0.5,0.5,0.5,0.5
0.5,0.5,0.5,0.5,0.5,0.5,0.5,0.5,0.5,0.5,0.5,0.5,0.5,0.499999,0.499999,0.499998,0.499997,0.499995,0.499993,0.499989,0.499985,0.49998,0.499974,0.499967,0.499959,0.49995,0.499941,0.499933,0.499925,0.499919,0.499915,0.499912,0.499912,0.499915,0.499919,0.499925,0.499933,0.499941,0.49995,0.499959,0.499967,0.499974,0.49998,0.499985,0.499989,0.499993,0.499995,0.499997,0.499998,0.499999,0.499999,0.5,0.5,0.5,0.5,0.5,0.5,0.5,0.5,0.5,0.5,0.5,0.5,0.5
0.5,0.5,0.5,0.5,0.5,0.5,0.5,0.5,0.5,0.5,0.5,0.5,0.499999,0.499999,0.499998,0.499996,0.499994,0.499992,0.499988,0.499982,0.499976,0.499967,0.499957,0.499945,0.499932,0.499919,0.499904,0.499891,0.499879,0.499869,0.499862,0.499858,0.499858,0.499862,0.499869,0.499879,0.499891,0.499904,0.499919,0.499932,0.499945,0.499957,0.499967,0.499976,0.499982,0.499988,0.499992,0.499994,0.499996,0.499998,0.499999,0.499999,0.5,0.5,0.5,0.5,0.5,0.5,0.5,0.5,0.5,0.5,0.5,0.5
0.5,0.5,0.5,0.5,0.5,0.5,0.5,0.5,0.5,0.5,0.499999,0.499999,0.499998,0.499997,0.499995,0.499993,0.499989,0.499983,0.499975,0.499965,0.499951,0.499935,0.499915,0.499892,0.499867,0.49984,0.499813,0.499787,0.499764,0.499744,0.499731,0.499724,0.499724,0.499731,0.499744,0.499764,0.499787,0.499813,0.49984,0.499867,0.499892,0.499915,0.499935,0.499951,0.499965,0.499975,0.499983,0.499989,0.499993,0.499995,0.499997,0.499998,0.499999,0.499999,0.5,0.5,0.5,0.5,0.5,0.5,0.5,0.5,0.5,0.5
0.5,0.5,0.5,0.5,0.5,0.5,0.5,0.5,0.5,0.499999,0.499999,0.499998,0.499996,0.499994,0.49999,0.499985,0.499976,0.499965,0.499949,0.499928,0.499901,0.499868,0.499829,0.499783,0.499734,0.499681,0.499627,0.499576,0.499531,0.499493,0.499467,0.499453,0.499453,0.499467,0.499493,0.499531,0.499576,0.499627,0.499681,0.499734,0.499783,0.499829,0.499868,0.499901,0.499928,0.499949,0.499965,0.499976,0.499985,0.49999,0.499994,0.499996,0.499998,0.499999,0.499999,0.5,0.5,0.5,0.5,0.5,0.5,0.5,0.5,0.5
0.5,0.5,0.5,0.5,0.5,0.5,0.5,0.5,0.499999,0.499999,0.499998,0.499996,0.499993,0.499988,0.49998,0.499969,0.499952,0.499929,0.499898,0.499856,0.499804,0.499739,0.499662,0.499575,0.499478,0.499377,0.499275,0.499177,0.49909,0.499019,0.498969,0.498943,0.498943,0.498969,0.499019,0.49909,0.499177,0.499275,0.499377,0.499478,0.499575,0.499662,0.499739,0.499804,0.499856,0.499898,0.499929,0.499952,0.499969,0.49998,0.499988,0.499993,0.499996,0.499998,0.499999,0.499999,0.5,0.5,0.5,0.5,0.5,0.5,0.5,0.5
0.5,0.5,0.5,0.5,0.5,0.5,0.5,0.499999,0.499999,0.499997,0.499995,0.499992,0.499985,0.499976,0.499961,0.499939,0.499907,0.499862,0.499801,0.499722,0.499622,0.499499,0.499355,0.499191,0.499011,0.498823,0.498633,0.498453,0.498293,0.498162,0.498069,0.498021,0.498021,0.498069,0.498162,0.498293,0.498453,0.498633,0.498823,0.499011,0.499191,0.499355,0.499499,0.499622,0.499722,0.499801,0.499862,0.499907,0.499939,0.499961,0.499976,0.499985,0.499992,0.499995,0.499997,0.499999,0.499999,0.5,0.5,0.5,0.5,0.5,0.5,0.5
0.5,0.5,0.5,0.5,0.5,0.5,0.499999,0.499999,0.499997,0.499995,0.499991,0.499983,0.499972,0.499953,0.499925,0.499883,0.499823,0.499739,0.499626,0.49948,0.499296,0.499072,0.498809,0.498512,0.498188,0.497849,0.497511,0.497189,0.496904,0.496672,0.496508,0.496423,0.496423,0.496508,0.496672,0.496904,0.497189,0.497511,0.497849,0.498188,0.498512,0.498809,0.499072,0.499296,0.49948,0.499626,0.499739,0.499823,0.499883,0.499925,0.499953,0.499972,0.499983,0.499991,0.499995,0.499997,0.499999,0.499999,0.5,0.5,0.5,0.5,0.5,0.5
0.5,0.5,0.5,0.5,0.5,0.499999,0.499999,0.499997,0.499995,0.49999,0.499982,0.499969,0.499947,0.499913,0.499861,0.499784,0.499674,0.499522,0.49932,0.499058,0.498731,0.498336,0.497874,0.497355,0.496791,0.496203,0.495619,0.495066,0.494576,0.494179,0.493898,0.493753,0.493753,0.493898,0.494179,0.494576,0.495066,0.495619,0.496203,0.496791,0.497355,0.497874,0.498336,0.498731,0.499058,0.49932,0.499522,0.499674,0.499784,0.499861,0.499913,0.499947,0.499969,0.499982,0.49999,0.499995,0.499997,0.499999,0.499999,0.5,0.5,0.5,0.5,0.5
0.5,0.5,0.5,0.5,0.499999,0.499999,0.499997,0.499995,0.49999,0.499982,0.499967,0.499943,0.499903,0.499842,0.499749,0.499613,0.49942,0.499155,0.498803,0.498351,0.497789,0.497114,0.49633,0.495452,0.494505,0.493523,0.492549,0.491632,0.490821,0.490165,0.489703,0.489464,0.489464,0.489703,0.490165,0.490821,0.491632,0.492549,0.493523,0.494505,0.495452,0.49633,0.497114,0.497789,0.498351,0.498803,0.499155,0.49942,0.499613,0.499749,0.499842,0.499903,0.499943,0.499967,0.499982,0.49999,0.499995,0.499997,0.499999,0.499999,0.5,0.5,0.5,0.5
0.5,0.5,0.5,0.499999,0.499999,0.499998,0.499995,0.499991,0.499982,0.499967,0.499941,0.499899,0.49983,0.499723,0.499562,0.499328,0.498999,0.49855,0.497959,0.497203,0.49627,0.495156,0.493871,0.492439,0.490902,0.489317,0.487752,0.486284,0.484991,0.483947,0.483213,0.482835,0.482835,0.483213,0.483947,0.484991,0.486284,0.487752,0.489317,0.490902,0.492439,0.493871,0.495156,0.49627,0.497203,0.497959,0.49855,0.498999,0.499328,0.499562,0.499723,0.49983,0.499899,0.499941,0.499967,0.499982,0.499991,0.499995,0.499998,0.499999,0.499999,0.5,0.5,0.5
0.5,0.5,0.5,0.499999,0.499998,0.499996,0.499992,0.499983,0.499969,0.499943,0.499899,0.499825,0.499709,0.499529,0.49926,0.498872,0.498328,0.497593,0.496629,0.495408,0.493909,0.492132,0.490095,0.487839,0.485432,0.482963,0.480537,0.478272,0.476284,0.474683,0.47356,0.472981,0.472981,0.47356,0.474683,0.476284,0.478272,0.480537,0.482963,0.485432,0.487839,0.490095,0.492132,0.493909,0.495408,0.496629,0.497593,0.498328,0.498872,0.49926,0.499529,0.499709,0.499825,0.499899,0.499943,0.499969,0.499983,0.499992,0.499996,0.499998,0.499999,0.5,0.5,0.5
0.5,0.5,0.499999,0.499998,0.499996,0.499993,0.499985,0.499972,0.499947,0.499903,0.49983,0.499709,0.499517,0.499224,0.498788,0.498162,0.497293,0.496126,0.494607,0.492696,0.490369,0.487628,0.484507,0.481074,0.477434,0.473722,0.470095,0.466723,0.463776,0.46141,0.459754,0.458903,0.458903,0.459754,0.46141,0.463776,0.466723,0.470095,0.473722,0.477434,0.481074,0.484507,0.487628,0.490369,0.492696,0.494607,0.496126,0.497293,0.498162,0.498788,0.499224,0.499517,0.499709,0.49983,0.499903,0.499947,0.499972,0.499985,0.499993,0.499996,0.499998,0.499999,0.5,0.5
0.499999,0.499999,0.499999,0.499997,0.499994,0.499988,0.499976,0.499953,0.499913,0.499842,0.499723,0.499529,0.499224,0.498758,0.498073,0.497097,0.49575,0.493955,0.491637,0.488743,0.485245,0.481156,0.476534,0.471487,0.466172,0.460784,0.455551,0.450712,0.446501,0.443132,0.440781,0.439573,0.439573,0.440781,0.443132,0.446501,0.450712,0.455551,0.460784,0.466172,0.471487,0.476534,0.481156,0.485245,0.488743,0.491637,0.493955,0.49575,0.497097,0.498073,0.498758,0.499224,0.499529,0.499723,0.499842,0.499913,0.499953,0.499976,0.499988,0.499994,0.499997,0.499999,0.499999,0.499999
0.499999,0.499999,0.499998,0.499995,0.49999,0.49998,0.499961,0.499925,0.499861,0.499749,0.499562,0.49926,0.498788,0.498073,0.497028,0.49555,0.493528,0.490852,0.487425,0.48318,0.47809,0.472188,0.465569,0.458397,0.450899,0.443353,0.436069,0.429371,0.423572,0.418951,0.415736,0.414087,0.414087,0.415736,0.418951,0.423572,0.429371,0.436069,0.443353,0.450899,0.458397,0.465569,0.472188,0.47809,0.48318,0.487425,0.490852,0.493528,0.49555,0.497028,0.498073,0.498788,0.49926,0.499562,0.499749,0.499861,0.499925,0.499961,0.49998,0.49999,0.499995,0.499998,0.499999,0.499999
0.499998,0.499998,0.499996,0.499993,0.499985,0.499969,0.499939,0.499883,0.499784,0.499613,0.499328,0.498872,0.498162,0.497097,0.49555,0.493379,0.490433,0.486566,0.481655,0.475621,0.468449,0.460202,0.451033,0.44118,0.430961,0.420755,0.410973,0.402036,0.394339,0.388234,0.384,0.381833,0.381833,0.384,0.388234,0.394339,0.402036,0.410973,0.420755,0.430961,0.44118,0.451033,0.460202,0.468449,0.475621,0.481655,0.486566,0.490433,0.493379,0.49555,0.497097,0.498162,0.498872,0.499328,0.499613,0.499784,0.499883,0.499939,0.499969,0.499985,0.499993,0.499996,0.499998,0.499998
0.499997,0.499997,0.499994,0.499989,0.499976,0.499952,0.499907,0.499823,0.499674,0.49942,0.498999,0.498328,0.497293,0.49575,0.493528,0.490433,0.486267,0.480844,0.474017,0.465703,0.455909,0.444751,0.432456,0.419364,0.405905,0.392575,0.379899,0.3684,0.358558,0.35079,0.345423,0.342682,0.342682,0.345423,0.35079,0.358558,0.3684,0.379899,0.392575,0.405905,0.419364,0.432456,0.444751,0.455909,0.465703,0.474017,0.480844,0.486267,0.490433,0.493528,0.49575,0.497293,0.498328,0.498999,0.49942,0.499674,0.499823,0.499907,0.499952,0.499976,0.499989,0.499994,0.499997,0.499997
0.499995,0.499995,0.499992,0.499983,0.499965,0.499929,0.499862,0.499739,0.499522,0.499155,0.49855,0.497593,0.496126,0.493955,0.490852,0.486566,0.480844,0.47346,0.464248,0.453134,0.440167,0.425535,0.409571,0.392738,0.375599,0.358781,0.342929,0.328663,0.316538,0.307024,0.300478,0.297144,0.297144,0.300478,0.307024,0.316538,0.328663,0.342929,0.358781,0.375599,0.392738,0.409571,0.425535,0.440167,0.453134,0.464248,0.47346,0.480844,0.486566,0.490852,0.493955,0.496126,0.497593,0.49855,0.499155,0.499522,0.499739,0.499862,0.499929,0.499965,0.499983,0.499992,0.499995,0.499995
0.499993,0.499993,0.499988,0.499975,0.499949,0.499898,0.499801,0.499626,0.49932,0.498803,0.497959,0.496629,0.494607,0.491637,0.487425,0.481655,0.474017,0.464248,0.452174,0.437748,0.421086,0.40248,0.382393,0.361436,0.340324,0.319822,0.300686,0.283621,0.269234,0.258019,0.250342,0.246444,0.246444,0.250342,0.258019,0.269234,0.283621,0.300686,0.319822,0.340324,0.361436,0.382393,0.40248,0.421086,0.437748,0.452174,0.464248,0.474017,0.481655,0.487425,0.491637,0.494607,0.496629,0.497959,0.498803,0.49932,0.499626,0.499801,0.499898,0.499949,0.499975,0.499988,0.499993,0.499993
0.499989,0.499989,0.499982,0.499965,0.499928,0.499856,0.499722,0.49948,0.499058,0.498351,0.497203,0.495408,0.492696,0.488743,0.48318,0.475621,0.465703,0.453134,0.437748,0.419552,0.398757,0.375789,0.351274,0.325994,0.300822,0.276658,0.254356,0.234672,0.218233,0.205517,0.196864,0.192487,0.192487,0.196864,0.205517,0.218233,0.234672,0.254356,0.276658,0.300822,0.325994,0.351274,0.375789,0.398757,0.419552,0.437748,0.453134,0.465703,0.475621,0.48318,0.488743,0.492696,0.495408,0.497203,0.498351,0.499058,0.49948,0.499722,0.499856,0.499928,0.499965,0.499982,0.499989,0.499989
0.499985,0.499985,0.499976,0.499951,0.499901,0.499804,0.499622,0.499296,0.498731,0.497789,0.49627,0.493909,0.490369,0.485245,0.47809,0.468449,0.455909,0.440167,0.421086,0.398757,0.37352,0.34597,0.316922,0.287343,0.25827,0.23072,0.205614,0.183723,0.165639,0.15178,0.142417,0.137702,0.137702,0.142417,0.15178,0.165639,0.183723,0.205614,0.23072,0.25827,0.287343,0.316922,0.34597,0.37352,0.398757,0.421086,0.440167,0.455909,0.468449,0.47809,0.485245,0.490369,0.493909,0.49627,0.497789,0.498731,0.499296,0.499622,0.499804,0.499901,0.499951,0.499976,0.499985,0.499985
0.49998,0.49998,0.499967,0.499935,0.499868,0.499739,0.499499,0.499072,0.498336,0.497114,0.495156,0.492132,0.487628,0.481156,0.472188,0.460202,0.444751,0.425535,0.40248,0.375789,0.34597,0.313818,0.280358,0.24675,0.214186,0.183776,0.156467,0.132988,0.113844,0.0993386,0.0896238,0.0847588,0.0847588,0.0896238,0.0993386,0.113844,0.132988,0.156467,0.183776,0.214186,0.24675,0.280358,0.313818,0.34597,0.375789,0.40248,0.425535,0.444751,0.460202,0.472188,0.481156,0.487628,0.492132,0.495156,0.497114,0.498336,0.499072,0.499499,0.499739,0.499868,0.499935,0.499967,0.49998,0.49998
0.499974,0.499974,0.499957,0.499915,0.499829,0.499662,0.499355,0.498809,0.497874,0.49633,0.493871,0.490095,0.484507,0.476534,0.465569,0.451033,0.432456,0.409571,0.382393,0.351274,0.316922,0.280358,0.242831,0.205696,0.170277,0.137744,0.109016,0.0847282,0.0652358,0.0506714,0.0410246,0.0362279,0.0362279,0.0410246,0.0506714,0.0652358,0.0847282,0.109016,0.137744,0.170277,0.205696,0.242831,0.280358,0.316922,0.351274,0.382393,0.409571,0.432456,0.451033,0.465569,0.476534,0.484507,0.490095,0.493871,0.49633,0.497874,0.498809,0.499355,0.499662,0.499829,0.499915,0.499957,0.499974,0.499974
0.499967,0.499967,0.499945,0.499892,0.499783,0.499575,0.499191,0.498512,0.497355,0.495452,0.492439,0.487839,0.481074,0.471487,0.458397,0.44118,0.419364,0.392738,0.361436,0.325994,0.287343,0.24675,0.205696,0.165716,0.128242,0.0944565,0.0652029,0.0409607,0.0218815,0.00787672,-0.00126677,-0.00577031,-0.00577031,-0.00126677,0.00787672,0.0218815,0.0409607,0.0652029,0.0944565,0.128242,0.165716,0.205696,0.24675,0.287343,0.325994,0.361436,0.392738,0.419364,0.44118,0.458397,0.471487,0.481074,0.487839,0.492439,0.495452,0.497355,0.498512,0.499191,0.499575,0.499783,0.499892,0.499945,0.499967,0.499967
0.499959,0.499959,0.499932,0.499867,0.499734,0.499478,0.499011,0.498188,0.496791,0.494505,0.490902,0.485432,0.477434,0.466172,0.450899,0.430961,0.405905,0.375599,0.340324,0.300822,0.25827,0.214186,0.170277,0.128242,0.0895836,0.0554541,0.0265707,0.00320783,-0.0147336,-0.0276016,-0.035841,-0.0398464,-0.0398464,-0.035841,-0.0276016,-0.0147336,0.00320783,0.0265707,0.0554541,0.0895836,0.128242,0.170277,0.214186,0.25827,0.300822,0.340324,0.375599,0.405905,0.430961,0.450899,0.466172,0.477434,0.485432,0.490902,0.494505,0.496791,0.498188,0.499011,0.499478,0.499734,0.499867,0.499932,0.499959,0.499959
0.49995,0.49995,0.499919,0.49984,0.499681,0.499377,0.498823,0.497849,0.496203,0.493523,0.489317,0.482963,0.473722,0.460784,0.443353,0.420755,0.392575,0.358781,0.319822,0.276658,0.23072,0.183776,0.137744,0.0944565,0.0554541,0.0218191,-0.00589965,-0.0276698,-0.0438717,-0.0551353,-0.062152,-0.065498,-0.065498,-0.062152,-0.0551353,-0.0438717,-0.0276698,-0.00589965,0.0218191,0.0554541,0.0944565,0.137744,0.183776,0.23072,0.276658,0.319822,0.358781,0.392575,0.420755,0.443353,0.460784,0.473722,0.482963,0.489317,0.493523,0.496203,0.497849,0.498823,0.499377,0.499681,0.49984,0.499919,0.49995,0.49995
0.499941,0.499941,0.499904,0.499813,0.499627,0.499275,0.498633,0.497511,0.495619,0.492549,0.487752,0.480537,0.470095,0.455551,0.436069,0.410973,0.379899,0.342929,0.300686,0.254356,0.205614,0.156467,0.109016,0.0652029,0.0265707,-0.00589965,-0.0318544,-0.0515224,-0.0655763,-0.0749319,-0.0805264,-0.0831145,-0.0831145,-0.0805264,-0.0749319,-0.0655763,-0.0515224,-0.0318544,-0.00589965,0.0265707,0.0652029,0.109016,0.156467,0.205614,0.254356,0.300686,0.342929,0.379899,0.410973,0.436069,0.455551,0.470095,0.480537,0.487752,0.492549,0.495619,0.497511,0.498633,0.499275,0.499627,0.499813,0.499904,0.499941,0.499941
0.499933,0.499933,0.499891,0.499787,0.499576,0.499177,0.498453,0.497189,0.495066,0.491632,0.486284,0.478272,0.466723,0.450712,0.429371,0.402036,0.3684,0.328663,0.283621,0.234672,0.183723,0.132988,0.0847282,0.0409607,0.00320783,-0.0276698,-0.0515224,-0.0688389,-0.0805746,-0.087916,-0.0920292,-0.0938337,-0.0938337,-0.0920292,-0.087916,-0.0805746,-0.0688389,-0.0515224,-0.0276698,0.00320783,0.0409607,0.0847282,0.132988,0.183723,0.234672,0.283621,0.328663,0.3684,0.402036,0.429371,0.450712,0.466723,0.478272,0.486284,0.491632,0.495066,0.497189,0.498453,0.499177,0.499576,0.499787,0.499891,0.499933,0.499933
0.499925,0.499925,0.499879,0.499764,0.499531,0.49909,0.498293,0.496904,0.494576,0.490821,0.484991,0.476284,0.463776,0.446501,0.423572,0.394339,0.358558,0.316538,0.269234,0.218233,0.165639,0.113844,0.0652358,0.0218815,-0.0147336,-0.0438717,-0.0655763,-0.0805746,-0.0900746,-0.095501,-0.0982189,-0.099289,-0.099289,-0.0982189,-0.095501,-0.0900746,-0.0805746,-0.0655763,-0.0438717,-0.0147336,0.0218815,0.0652358,0.113844,0.165639,0.218233,0.269234,0.316538,0.358558,0.394339,0.423572,0.446501,0.463776,0.476284,0.484991,0.490821,0.494576,0.496904,0.498293,0.49909,0.499531,0.499764,0.499879,0.499925,0.499925
0.499919,0.499919,0.499869,0.499744,0.499493,0.499019,0.498162,0.496672,0.494179,0.490165,0.483947,0.474683,0.46141,0.443132,0.418951,0.388234,0.35079,0.307024,0.258019,0.205517,0.15178,0.0993386,0.0506714,0.00787672,-0.0276016,-0.0551353,-0.0749319,-0.087916,-0.095501,-0.0993029,-0.100844,-0.101297,-0.101297,-0.100844,-0.0993029,-0.095501,-0.087916,-0.0749319,-0.0551353,-0.0276016,0.00787672,0.0506714,0.0993386,0.15178,0.205517,0.258019,0.307024,0.35079,0.388234,0.418951,0.443132,0.46141,0.474683,0.483947,0.490165,0.494179,0.496672,0.498162,0.499019,0.499493,0.499744,0.499869,0.499919,0.499919
0.499915,0.499915,0.499862,0.499731,0.499467,0.498969,0.498069,0.496508,0.493898,0.489703,0.483213,0.47356,0.459754,0.440781,0.415736,0.384,0.345423,0.300478,0.250342,0.196864,0.142417,0.0896238,0.0410246,-0.00126677,-0.035841,-0.062152,-0.0805264,-0.0920292,-0.0982189,-0.100844,-0.101537,-0.101547,-0.101547,-0.101537,-0.100844,-0.0982189,-0.0920292,-0.0805264,-0.062152,-0.035841,-0.00126677,0.0410246,0.0896238,0.142417,0.196864,0.250342,0.300478,0.345423,0.384,0.415736,0.440781,0.459754,0.47356,0.483213,0.489703,0.493898,0.496508,0.498069,0.498969,0.499467,0.499731,0.499862,0.499915,0.499915
0.499912,0.499912,0.499858,0.499724,0.499453,0.498943,0.498021,0.496423,0.493753,0.489464,0.482835,0.472981,0.458903,0.439573,0.414087,0.381833,0.342682,0.297144,0.246444,0.192487,0.137702,0.0847588,0.0362279,-0.00577031,-0.0398464,-0.065498,-0.0831145,-0.0938337,-0.099289,-0.101297,-0.101547,-0.101324,-0.101324,-0.101547,-0.101297,-0.099289,-0.0938337,-0.0831145,-0.065498,-0.0398464,-0.00577031,0.0362279,0.0847588,0.137702,0.192487,0.246444,0.297144,0.342682,0.381833,0.414087,0.439573,0.458903,0.472981,0.482835,0.489464,0.493753,0.496423,0.498021,0.498943,0.499453,0.499724,0.499858,0.499912,0.499912
0.499912,0.499912,0.499858,0.499724,0.499453,0.498943,0.498021,0.496423,0.493753,0.489464,0.482835,0.472981,0.458903,0.439573,0.414087,0.381833,0.342682,0.297144,0.246444,0.192487,0.137702,0.0847588,0.0362279,-0.00577031,-0.0398464,-0.065498,-0.0831145,-0.0938337,-0.099289,-0.101297,-0.101547,-0.101324,-0.101324,-0.101547,-0.101297,-0.099289,-0.0938337,-0.0831145,-0.065498,-0.0398464,-0.00577031,0.0362279,0.0847588,0.137702,0.192487,0.246444,0.297144,0.342682,0.381833,0.414087,0.439573,0.458903,0.472981,0.482835,0.489464,0.493753,0.496423,0.498021,0.498943,0.499453,0.499724,0.499858,0.499912,0.499912
0.499915,0.499915,0.499862,0.499731,0.499467,0.498969,0.498069,0.496508,0.493898,0.489703,0.483213,0.47356,0.459754,0.440781,0.415736,0.384,0.345423,0.300478,0.250342,0.196864,0.142417,0.0896238,0.0410246,-0.00126677,-0.035841,-0.062152,-0.0805264,-0.0920292,-0.0982189,-0.100844,-0.101537,-0.101547,-0.101547,-0.101537,-0.100844,-0.0982189,-0.0920292,-0.0805264,-0.062152,-0.035841,-0.00126677,0.0410246,0.0896238,0.142417,0.196864,0.250342,0.300478,0.345423,0.384,0.415736,0.440781,0.459754,0.47356,0.483213,0.489703,0.493898,0.496508,0.498069,0.498969,0.499467,0.499731,0.499862,0.499915,0.499915
0.499919,0.499919,0.499869,0.499744,0.499493,0.499019,0.498162,0.496672,0.494179,0.490165,0.483947,0.474683,0.46141,0.443132,0.418951,0.388234,0.35079,0.307024,0.258019,0.205517,0.15178,0.0993386,0.0506714,0.00787672,-0.0276016,-0.0551353,-0.0749319,-0.087916,-0.095501,-0.0993029,-0.100844,-0.101297,-0.101297,-0.100844,-0.0993029,-0.095501,-0.087916,-0.0749319,-0.0551353,-0.0276016,0.00787672,0.0506714,0.0993386,0.15178,0.205517,0.258019,0.307024,0.35079,0.388234,0.418951,0.443132,0.46141,0.474683,0.483947,0.490165,0.494179,0.496672,0.498162,0.499019,0.499493,0.499744,0.499869,0.499919,0.499919
0.499925,0.499925,0.499879,0.499764,0.499531,0.49909,0.498293,0.496904,0.494576,0.490821,0.484991,0.476284,0.463776,0.446501,0.423572,0.394339,0.358558,0.316538,0.269234,0.218233,0.165639,0.113844,0.0652358,0.0218815,-0.0147336,-0.0438717,-0.0655763,-0.0805746,-0.0900746,-0.095501,-0.0982189,-0.099289,-0.099289,-0.0982189,-0.095501,-0.0900746,-0.0805746,-0.0655763,-0.0438717,-0.0147336,0.0218815,0.0652358,0.113844,0.165639,0.218233,0.269234,0.316538,0.358558,0.394339,0.423572,0.446501,0.463776,0.476284,0.484991,0.490821,0.494576,0.496904,0.498293,0.49909,0.499531,0.499764,0.499879,0.499925,0.499925
0.499933,0.499933,0.499891,0.499787,0.499576,0.499177,0.498453,0.497189,0.495066,0.491632,0.486284,0.478272,0.466723,0.450712,0.429371,0.402036,0.3684,0.328663,0.283621,0.234672,0.183723,0.132988,0.0847282,0.0409607,0.00320783,-0.0276698,-0.0515224,-0.0688389,-0.0805746,-0.087916,-0.0920292,-0.0938337,-0.0938337,-0.0920292,-0.087916,-0.0805746,-0.0688389,-0.0515224,-0.0276698,0.00320783,0.0409607,0.0847282,0.132988,0.183723,0.234672,0.283621,0.328663,0.3684,0.402036,0.429371,0.450712,0.466723,0.478272,0.486284,0.491632,0.495066,0.497189,0.498453,0.499177,0.499576,0.499787,0.499891,0.499933,0.499933
0.499941,0.499941,0.499904,0.499813,0.499627,0.499275,0.498633,0.497511,0.495619,0.492549,0.487752,0.480537,0.470095,0.455551,0.436069,0.410973,0.379899,0.342929,0.300686,0.254356,0.205614,0.156467,0.109016,0.0652029,0.0265707,-0.00589965,-0.0318544,-0.0515224,-0.0655763,-0.0749319,-0.0805264,-0.0831145,-0.0831145,-0.0805264,-0.0749319,-0.0655763,-0.0515224,-0.0318544,-0.00589965,0.0265707,0.0652029,0.109016,0.156467,0.205614,0.254356,0.300686,0.342929,0.379899,0.410973,0.436069,0.455551,0.470095,0.480537,0.487752,0.492549,0.495619,0.497511,0.498633,0.499275,0.499627,0.499813,0.499904,0.499941,0.499941
0.49995,0.49995,0.499919,0.49984,0.499681,0.499377,0.498823,0.497849,0.496203,0.493523,0.489317,0.482963,0.473722,0.460784,0.443353,0.420755,0.392575,0.358781,0.319822,0.276658,0.23072,0.183776,0.137744,0.0944565,0.0554541,0.0218191,-0.00589965,-0.0276698,-0.0438717,-0.0551353,-0.062152,-0.065498,-0.065498,-0.062152,-0.0551353,-0.0438717,-0.0276698,-0.00589965,0.0218191,0.0554541,0.0944565,0.137744,0.183776,0.23072,0.276658,0.319822,0.358781,0.392575,0.420755,0.443353,0.460784,0.473722,0.482963,0.489317,0.493523,0.496203,0.497849,0.498823,0.499377,0.499681,0.49984,0.499919,0.49995,0.49995
0.499959,0.499959,0.499932,0.499867,0.499734,0.499478,0.499011,0.498188,0.496791,0.494505,0.490902,0.485432,0.477434,0.466172,0.450899,0.430961,0.405905,0.375599,0.340324,0.300822,0.25827,0.214186,0.170277,0.128242,0.0895836,0.0554541,0.0265707,0.00320783,-0.0147336,-0.0276016,-0.035841,-0.0398464,-0.0398464,-0.035841,-0.0276016,-0.0147336,0.00320783,0.0265707,0.0554541,0.0895836,0.128242,0.170277,0.214186,0.25827,0.300822,0.340324,0.375599,0.405905,0.430961,0.450899,0.466172,0.477434,0.485432,0.490902,0.494505,0.496791,0.498188,0.499011,0.499478,0.499734,0.499867,0.499932,0.499959,0.499959
0.499967,0.499967,0.499945,0.499892,0.499783,0.499575,0.499191,0.498512,0.497355,0.495452,0.492439,0.487839,0.481074,0.471487,0.458397,0.44118,0.419364,0.392738,0.361436,0.325994,0.287343,0.24675,0.205696,0.165716,0.128242,0.0944565,0.0652029,0.0409607,0.0218815,0.00787672,-0.00126677,-0.00577031,-0.00577031,-0.00126677,0.00787672,0.0218815,0.0409607,0.0652029,0.0944565,0.128242,0.165716,0.205696,0.24675,0.287343,0.325994,0.361436,0.392738,0.419364,0.44118,0.458397,0.471487,0.481074,0.487839,0.492439,0.495452,0.497355,0.498512,0.499191,0.499575,0.499783,0.499892,0.499945,0.499967,0.499967
0.499974,0.499974,0.499957,0.499915,0.499829,0.499662,0.499355,0.498809,0.497874,0.49633,0.493871,0.490095,0.484507,0.476534,0.465569,0.451033,0.432456,0.409571,0.382393,0.351274,0.316922,0.280358,0.242831,0.205696,0.170277,0.137744,0.109016,0.0847282,0.0652358,0.0506714,0.0410246,0.0362279,0.0362279,0.0410246,0.0506714,0.0652358,0.0847282,0.109016,0.137744,0.170277,0.205696,0.242831,0.280358,0.316922,0.351274,0.382393,0.409571,0.432456,0.451033,0.465569,0.476534,0.484507,0.490095,0.493871,0.49633,0.497874,0.498809,0.499355,0.499662,0.499829,0.499915,0.499957,0.499974,0.499974
0.49998,0.49998,0.499967,0.499935,0.499868,0.499739,0.499499,0.499072,0.498336,0.497114,0.495156,0.492132,0.487628,0.481156,0.472188,0.460202,0.444751,0.425535,0.40248,0.375789,0.34597,0.313818,0.280358,0.24675,0.214186,0.183776,0.156467,0.132988,0.113844,0.0993386,0.0896238,0.0847588,0.0847588,0.0896238,0.0993386,0.113844,0.132988,0.156467,0.183776,0.214186,0.24675,0.280358,0.313818,0.34597,0.375789,0.40248,0.425535,0.444751,0.460202,0.472188,0.481156,0.487628,0.492132,0.495156,0.497114,0.498336,0.499072,0.499499,0.499739,0.499868,0.499935,0.499967,0.49998,0.49998
0.499985,0.499985,0.499976,0.499951,0.499901,0.499804,0.499622,0.499296,0.498731,0.497789,0.49627,0.493909,0.490369,0.485245,0.47809,0.468449,0.455909,0.440167,0.421086,0.398757,0.37352,0.34597,0.316922,0.287343,0.25827,0.23072,0.205614,0.183723,0.165639,0.15178,0.142417,0.137702,0.137702,0.142417,0.15178,0.165639,0.183723,0.205614,0.23072,0.25827,0.287343,0.316922,0.34597,0.37352,0.398757,0.421086,0.440167,0.455909,0.468449,0.47809,0.485245,0.490369,0.493909,0.49627,0.497789,0.498731,0.499296,0.499622,0.499804,0.499901,0.499951,0.499976,0.499985,0.499985
0.499989,0.499989,0.499982,0.499965,0.499928,0.499856,0.499722,0.49948,0.499058,0.498351,0.497203,0.495408,0.492696,0.488743,0.48318,0.475621,0.465703,0.453134,0.437748,0.419552,0.398757,0.375789,0.351274,0.325994,0.300822,0.276658,0.254356,0.234672,0.218233,0.205517,0.196864,0.192487,0.192487,0.196864,0.205517,0.218233,0.234672,0.254356,0.276658,0.300822,0.325994,0.351274,0.375789,0.398757,0.419552,0.437748,0.453134,0.465703,0.475621,0.48318,0.488743,0.492696,0.495408,0.497203,0.498351,0.499058,0.49948,0.499722,0.499856,0.499928,0.499965,0.499982,0.499989,0.499989
0.499993,0.499993,0.499988,0.499975,0.499949,0.499898,0.499801,0.499626,0.49932,0.498803,0.497959,0.496629,0.494607,0.491637,0.487425,0.481655,0.474017,0.464248,0.452174,0.437748,0.421086,0.40248,0.382393,0.361436,0.340324,0.319822,0.300686,0.283621,0.269234,0.258019,0.250342,0.246444,0.246444,0.250342,0.258019,0.269234,0.283621,0.300686,0.319822,0.340324,0.361436,0.382393,0.40248,0.421086,0.437748,0.452174,0.464248,0.474017,0.481655,0.487425,0.491637,0.494607,0.496629,0.497959,0.498803,0.49932,0.499626,0.499801,0.499898,0.499949,0.499975,0.499988,0.499993,0.499993
0.499995,0.499995,0.499992,0.499983,0.499965,0.499929,0.499862,0.499739,0.499522,0.499155,0.49855,0.497593,0.496126,0.493955,0.490852,0.486566,0.480844,0.47346,0.464248,0.453134,0.440167,0.425535,0.409571,0.392738,0.375599,0.358781,0.342929,0.328663,0.316538,0.307024,0.300478,0.297144,0.297144,0.300478,0.307024,0.316538,0.328663,0.342929,0.358781,0.375599,0.392738,0.409571,0.425535,0.440167,0.453134,0.464248,0.47346,0.480844,0.486566,0.490852,0.493955,0.496126,0.497593,0.49855,0.499155,0.499522,0.499739,0.499862,0.499929,0.499965,0.499983,0.499992,0.499995,0.499995
0.499997,0.499997,0.499994,0.499989,0.499976,0.499952,0.499907,0.499823,0.499674,0.49942,0.498999,0.498328,0.497293,0.49575,0.493528,0.490433,0.486267,0.480844,0.474017,0.465703,0.455909,0.444751,0.432456,0.419364,0.405905,0.392575,0.379899,0.3684,0.358558,0.35079,0.345423,0.342682,0.342682,0.345423,0.35079,0.358558,0.3684,0.379899,0.392575,0.405905,0.419364,0.432456,0.444751,0.455909,0.465703,0.474017,0.480844,0.486267,0.490433,0.493528,0.49575,0.497293,0.498328,0.498999,0.49942,0.499674,0.499823,0.499907,0.499952,0.499976,0.499989,0.499994,0.499997,0.499997
0.499998,0.499998,0.499996,0.499993,0.499985,0.499969,0.499939,0.499883,0.499784,0.499613,0.499328,0.498872,0.498162,0.497097,0.49555,0.493379,0.490433,0.486566,0.481655,0.475621,0.468449,0.460202,0.451033,0.44118,0.430961,0.420755,0.410973,0.402036,0.394339,0.388234,0.384,0.381833,0.381833,0.384,0.388234,0.394339,0.402036,0.410973,0.420755,0.430961,0.44118,0.451033,0.460202,0.468449,0.475621,0.481655,0.486566,0.490433,0.493379,0.49555,0.497097,0.498162,0.498872,0.499328,0.499613,0.499784,0.499883,0.499939,0.499969,0.499985,0.499993,0.499996,0.499998,0.499998
0.499999,0.499999,0.499998,0.499995,0.49999,0.49998,0.499961,0.499925,0.499861,0.499749,0.499562,0.49926,0.498788,0.498073,0.497028,0.49555,0.493528,0.490852,0.487425,0.48318,0.47809,0.472188,0.465569,0.458397,0.450899,0.443353,0.436069,0.429371,0.423572,0.418951,0.415736,0.414087,0.414087,0.415736,0.418951,0.423572,0.429371,0.436069,0.443353,0.450899,0.458397,0.465569,0.472188,0.47809,0.48318,0.487425,0.490852,0.493528,0.49555,0.497028,0.498073,0.498788,0.49926,0.499562,0.499749,0.499861,0.499925,0.499961,0.49998,0.49999,0.499995,0.499998,0.499999,0.499999
0.499999,0.499999,0.499999,0.499997,0.499994,0.499988,0.499976,0.499953,0.499913,0.499842,0.499723,0.499529,0.499224,0.498758,0.498073,0.497097,0.49575,0.493955,0.491637,0.488743,0.485245,0.481156,0.476534,0.471487,0.466172,0.460784,0.455551,0.450712,0.446501,0.443132,0.440781,0.439573,0.439573,0.440781,0.443132,0.446501,0.450712,0.455551,0.460784,0.466172,0.471487,0.476534,0.481156,0.485245,0.488743,0.491637,0.493955,0.49575,0.497097,0.498073,0.498758,0.499224,0.499529,0.499723,0.499842,0.499913,0.499953,0.499976,0.499988,0.499994,0.499997,0.499999,0.499999,0.499999
0.5,0.5,0.499999,0.499998,0.499996,0.499993,0.499985,0.499972,0.499947,0.499903,0.49983,0.499709,0.499517,0.499224,0.498788,0.498162,0.497293,0.496126,0.494607,0.492696,0.490369,0.487628,0.484507,0.481074,0.477434,0.473722,0.470095,0.466723,0.463776,0.46141,0.459754,0.458903,0.458903,0.459754,0.46141,0.463776,0.466723,0.470095,0.473722,0.477434,0.481074,0.484507,0.487628,0.490369,0.492696,0.494607,0.496126,0.497293,0.498162,0.498788,0.499224,0.499517,0.499709,0.49983,0.499903,0.499947,0.499972,0.499985,0.499993,0.499996,0.499998,0.499999,0.5,0.5
0.5,0.5,0.5,0.499999,0.499998,0.499996,0.499992,0.499983,0.499969,0.499943,0.499899,0.499825,0.499709,0.499529,0.49926,0.498872,0.498328,0.497593,0.496629,0.495408,0.493909,0.492132,0.490095,0.487839,0.485432,0.482963,0.480537,0.478272,0.476284,0.474683,0.47356,0.472981,0.472981,0.47356,0.474683,0.476284,0.478272,0.480537,0.482963,0.485432,0.487839,0.490095,0.492132,0.493909,0.495408,0.496629,0.497593,0.498328,0.498872,0.49926,0.499529,0.499709,0.499825,0.499899,0.499943,0.499969,0.499983,0.499992,0.499996,0.499998,0.499999,0.5,0.5,0.5
0.5,0.5,0.5,0.499999,0.499999,0.499998,0.499995,0.499991,0.499982,0.499967,0.499941,0.499899,0.49983,0.499723,0.499562,0.499328,0.498999,0.49855,0.497959,0.497203,0.49627,0.495156,0.493871,0.492439,0.490902,0.489317,0.487752,0.486284,0.484991,0.483947,0.483213,0.482835,0.482835,0.483213,0.483947,0.484991,0.486284,0.487752,0.489317,0.490902,0.492439,0.493871,0.495156,0.49627,0.497203,0.497959,0.49855,0.498999,0.499328,0.499562,0.499723,0.49983,0.499899,0.499941,0.499967,0.499982,0.499991,0.499995,0.499998,0.499999,0.499999,0.5,0.5,0.5
0.5,0.5,0.5,0.5,0.499999,0.499999,0.499997,0.499995,0.49999,0.499982,0.499967,0.499943,0.499903,0.499842,0.499749,0.499613,0.49942,0.499155,0.498803,0.498351,0.497789,0.497114,0.49633,0.495452,0.494505,0.493523,0.492549,0.491632,0.490821,0.490165,0.489703,0.489464,0.489464,0.489703,0.490165,0.490821,0.491632,0.492549,0.493523,0.494505,0.495452,0.49633,0.497114,0.497789,0.498351,0.498803,0.499155,0.49942,0.499613,0.499749,0.499842,0.499903,0.499943,0.499967,0.499982,0.49999,0.499995,0.499997,0.499999,0.499999,0.5,0.5,0.5,0.5
0.5,0.5,0.5,0.5,0.5,0.499999,0.499999,0.499997,0.499995,0.49999,0.499982,0.499969,0.499947,0.499913,0.499861,0.499784,0.499674,0.499522,0.49932,0.499058,0.498731,0.498336,0.497874,0.497355,0.496791,0.496203,0.495619,0.495066,0.494576,0.494179,0.493898,0.493753,0.493753,0.493898,0.494179,0.494576,0.495066,0.495619,0.496203,0.496791,0.497355,0.497874,0.498336,0.498731,0.499058,0.49932,0.499522,0.499674,0.499784,0.499861,0.499913,0.499947,0.499969,0.499982,0.49999,0.499995,0.499997,0.499999,0.499999,0.5,0.5,0.5,0.5,0.5
0.5,0.5,0.5,0.5,0.5,0.5,0.499999,0.499999,0.499997,0.499995,0.499991,0.499983,0.499972,0.499953,0.499925,0.499883,0.499823,0.499739,0.499626,0.49948,0.499296,0.499072,0.498809,0.498512,0.498188,0.497849,0.497511,0.497189,0.496904,0.496672,0.496508,0.496423,0.496423,0.496508,0.496672,0.496904,0.497189,0.497511,0.497849,0.498188,0.498512,0.498809,0.499072,0.499296,0.49948,0.499626,0.499739,0.499823,0.499883,0.499925,0.499953,0.499972,0.499983,0.499991,0.499995,0.499997,0.499999,0.499999,0.5,0.5,0.5,0.5,0.5,0.5
0.5,0.5,0.5,0.5,0.5,0.5,0.5,0.499999,0.499999,0.499997,0.499995,0.499992,0.499985,0.499976,0.499961,0.499939,0.499907,0.499862,0.499801,0.499722,0.499622,0.499499,0.499355,0.499191,0.499011,0.498823,0.498633,0.498453,0.498293,0.498162,0.498069,0.498021,0.498021,0.498069,0.498162,0.498293,0.498453,0.498633,0.498823,0.499011,0.499191,0.499355,0.499499,0.499622,0.499722,0.499801,0.499862,0.499907,0.499939,0.499961,0.499976,0.499985,0.499992,0.499995,0.499997,0.499999,0.499999,0.5,0.5,0.5,0.5,0.5,0.5,0.5
0.5,0.5,0.5,0.5,0.5,0.5,0.5,0.5,0.499999,0.499999,0.499998,0.499996,0.499993,0.499988,0.49998,0.499969,0.499952,0.499929,0.499898,0.499856,0.499804,0.499739,0.499662,0.499575,0.499478,0.499377,0.499275,0.499177,0.49909,0.499019,0.498969,0.498943,0.498943,0.498969,0.499019,0.49909,0.499177,0.499275,0.499377,0.499478,0.499575,0.499662,0.499739,0.499804,0.499856,0.499898,0.499929,0.499952,0.499969,0.49998,0.499988,0.499993,0.499996,0.499998,0.499999,0.499999,0.5,0.5,0.5,0.5,0.5,0.5,0.5,0.5
0.5,0.5,0.5,0.5,0.5,0.5,0.5,0.5,0.5,0.499999,0.499999,0.499998,0.499996,0.499994,0.49999,0.499985,0.499976,0.499965,0.499949,0.499928,0.499901,0.499868,0.499829,0.499783,0.499734,0.499681,0.499627,0.499576,0.499531,0.499493,0.499467,0.499453,0.499453,0.499467,0.499493,0.499531,0.499576,0.499627,0.499681,0.499734,0.499783,0.499829,0.499868,0.499901,0.499928,0.499949,0.499965,0.499976,0.499985,0.49999,0.499994,0.499996,0.499998,0.499999,0.499999,0.5,0.5,0.5,0.5,0.5,0.5,0.5,0.5,0.5
0.5,0.5,0.5,0.5,0.5,0.5,0.5,0.5,0.5,0.5,0.499999,0.499999,0.499998,0.499997,0.499995,0.499993,0.499989,0.499983,0.499975,0.499965,0.499951,0.499935,0.499915,0.499892,0.499867,0.49984,0.499813,0.499787,0.499764,0.499744,0.499731,0.499724,0.499724,0.499731,0.499744,0.499764,0.499787,0.499813,0.49984,0.499867,0.499892,0.499915,0.499935,0.499951,0.499965,0.499975,0.499983,0.499989,0.499993,0.499995,0.499997,0.499998,0.499999,0.499999,0.5,0.5,0.5,0.5,0.5,0.5,0.5,0.5,0.5,0.5
0.5,0.5,0.5,0.5,0.5,0.5,0.5,0.5,0.5,0.5,0.5,0.5,0.499999,0.499999,0.499998,0.499996,0.499994,0.499992,0.499988,0.499982,0.499976,0.499967,0.499957,0.499945,0.499932,0.499919,0.499904,0.499891,0.499879,0.499869,0.499862,0.499858,0.499858,0.499862,0.499869,0.499879,0.499891,0.499904,0.499919,0.499932,0.499945,0.499957,0.499967,0.499976,0.499982,0.499988,0.499992,0.499994,0.499996,0.499998,0.499999,0.499999,0.5,0.5,0.5,0.5,0.5,0.5,0.5,0.5,0.5,0.5,0.5,0.5
0.5,0.5,0.5,0.5,0.5,0.5,0.5,0.5,0.5,0.5,0.5,0.5,0.5,0.499999,0.499999,0.499998,0.499997,0.499995,0.499993,0.499989,0.499985,0.49998,0.499974,0.499967,0.499959,0.49995,0.499941,0.499933,0.499925,0.499919,0.499915,0.499912,0.499912,0.499915,0.499919,0.499925,0.499933,0.499941,0.49995,0.499959,0.499967,0.499974,0.49998,0.499985,0.499989,0.499993,0.499995,0.499997,0.499998,0.499999,0.499999,0.5,0.5,0.5,0.5,0.5,0.5,0.5,0.5,0.5,0.5,0.5,0.5,0.5
0.5,0.5,0.5,0.5,0.5,0.5,0.5,0.5,0.5,0.5,0.5,0.5,0.5,0.499999,0.499999,0.499998,0.499997,0.499995,0.499993,0.499989,0.499985,0.49998,0.499974,0.499967,0.499959,0.49995,0.499941,0.499933,0.499925,0.499919,0.499915,0.499912,0.499912,0.499915,0.499919,0.499925,0.499933,0.499941,0.49995,0.499959,0.499967,0.499974,0.49998,0.499985,0.499989,0.499993,0.499995,0.499997,0.499998,0.499999,0.499999,0.5,0.5,0.5,0.5,0.5,0.5,0.5,0.5,0.5,0.5,0.5,0.5,0.5
