0.5,0.5,0.5,0.499999,0.499999,0.499998,0.499996,0.499993,0.499987,0.499978,0.499964,0.499943,0.499911,0.499865,0.499801,0.499713,0.499597,0.499447,0.499259,0.49903,0.498759,0.498448,0.4981,0.497724,0.49733,0.496933,0.496548,0.496193,0.495884,0.495636,0.495463,0.495375,0.495375,0.495463,0.495636,0.495884,0.496193,0.496548,0.496933,0.49733,0.497724,0.4981,0.498448,0.498759,0.49903,0.499259,0.499447,0.499597,0.499713,0.499801,0.499865,0.499911,0.499943,0.499964,0.499978,0.499987,0.499993,0.499996,0.499998,0.499999,0.499999,0.5,0.5,0.5
0.5,0.5,0.5,0.499999,0.499999,0.499998,0.499996,0.499993,0.499987,0.499978,0.499964,0.499943,0.499911,0.499865,0.499801,0.499713,0.499597,0.499447,0.499259,0.49903,0.498759,0.498448,0.4981,0.497724,0.49733,0.496933,0.496548,0.496193,0.495884,0.495636,0.495463,0.495375,0.495375,0.495463,0.495636,0.495884,0.496193,0.496548,0.496933,0.49733,0.497724,0.4981,0.498448,0.498759,0.49903,0.499259,0.499447,0.499597,0.499713,0.499801,0.499865,0.499911,0.499943,0.499964,0.499978,0.499987,0.499993,0.499996,0.499998,0.499999,0.499999,0.5,0.5,0.5
0.5,0.5,0.499999,0.499999,0.499998,0.499997,0.499994,0.499989,0.499981,0.499968,0.499948,0.499918,0.499874,0.49981,0.499721,0.499601,0.499443,0.49924,0.498988,0.498682,0.498323,0.497913,0.497457,0.496967,0.496457,0.495945,0.49545,0.494995,0.4946,0.494285,0.494065,0.493952,0.493952,0.494065,0.494285,0.4946,0.494995,0.49545,0.495945,0.496457,0.496967,0.497457,0.497913,0.498323,0.498682,0.498988,0.49924,0.499443,0.499601,0.499721,0.49981,0.499874,0.499918,0.499948,0.499968,0.499981,0.499989,0.499994,0.499997,0.499998,0.499999,0.499999,0.5,0.5
0.499999,0.499999,0.499999,0.499998,0.499997,0.499994,0.499989,0.499981,0.499967,0.499945,0.499912,0.499862,0.499788,0.499684,0.49954,0.499347,0.499096,0.498776,0.498383,0.49791,0.497359,0.496735,0.496047,0.495313,0.494554,0.493795,0.493067,0.4924,0.491824,0.491365,0.491046,0.490882,0.490882,0.491046,0.491365,0.491824,0.4924,0.493067,0.493795,0.494554,0.495313,0.496047,0.496735,0.497359,0.49791,0.498383,0.498776,0.499096,0.499347,0.49954,0.499684,0.499788,0.499862,0.499912,0.499945,0.499967,0.499981,0.499989,0.499994,0.499997,0.499998,0.499999,0.499999,0.499999
0.499999,0.499999,0.499998,0.499997,0.499994,0.499989,0.49998,0.499965,0.499941,0.499903,0.499844,0.499758,0.499632,0.499455,0.499213,0.498892,0.498477,0.497956,0.497319,0.49656,0.495684,0.494698,0.493621,0.49248,0.491308,0.490144,0.489034,0.488021,0.487149,0.486458,0.485978,0.485732,0.485732,0.485978,0.486458,0.487149,0.488021,0.489034,0.490144,0.491308,0.49248,0.493621,0.494698,0.495684,0.49656,0.497319,0.497956,0.498477,0.498892,0.499213,0.499455,0.499632,0.499758,0.499844,0.499903,0.499941,0.499965,0.49998,0.499989,0.499994,0.499997,0.499998,0.499999,0.499999
0.499998,0.499998,0.499997,0.499994,0.499989,0.49998,0.499964,0.499938,0.499895,0.499829,0.499728,0.49958,0.499367,0.499071,0.498669,0.49814,0.497464,0.496621,0.495599,0.494395,0.493015,0.491475,0.489807,0.488052,0.486261,0.484496,0.48282,0.481299,0.479996,0.478965,0.478251,0.477886,0.477886,0.478251,0.478965,0.479996,0.481299,0.48282,0.484496,0.486261,0.488052,0.489807,0.491475,0.493015,0.494395,0.495599,0.496621,0.497464,0.49814,0.498669,0.499071,0.499367,0.49958,0.499728,0.499829,0.499895,0.499938,0.499964,0.49998,0.499989,0.499994,0.499997,0.499998,0.499998
0.499996,0.499996,0.499994,0.499989,0.49998,0.499964,0.499936,0.499891,0.499819,0.499706,0.499537,0.49929,0.498938,0.498454,0.497803,0.496954,0.495878,0.49455,0.492955,0.491093,0.488976,0.486636,0.484121,0.481494,0.478835,0.47623,0.473772,0.471553,0.469659,0.468166,0.467136,0.466609,0.466609,0.467136,0.468166,0.469659,0.471553,0.473772,0.47623,0.478835,0.481494,0.484121,0.486636,0.488976,0.491093,0.492955,0.49455,0.495878,0.496954,0.497803,0.498454,0.498938,0.49929,0.499537,0.499706,0.499819,0.499891,0.499936,0.499964,0.49998,0.499989,0.499994,0.499996,0.499996
0.499993,0.499993,0.499989,0.499981,0.499965,0.499938,0.499891,0.499815,0.499694,0.499509,0.499233,0.498832,0.498269,0.497498,0.496474,0.495152,0.49349,0.49146,0.489047,0.486254,0.483109,0.479664,0.475993,0.472191,0.468371,0.464656,0.461172,0.458045,0.455389,0.453303,0.451866,0.451134,0.451134,0.451866,0.453303,0.455389,0.458045,0.461172,0.464656,0.468371,0.472191,0.475993,0.479664,0.483109,0.486254,0.489047,0.49146,0.49349,0.495152,0.496474,0.497498,0.498269,0.498832,0.499233,0.499509,0.499694,0.499815,0.499891,0.499938,0.499965,0.499981,0.499989,0.499993,0.499993
0.499987,0.499987,0.499981,0.499967,0.499941,0.499895,0.499819,0.499694,0.499499,0.499202,0.498763,0.498133,0.497255,0.496066,0.494503,0.492503,0.490017,0.48701,0.483471,0.479417,0.474897,0.469993,0.464815,0.459501,0.454206,0.449095,0.444337,0.44009,0.436502,0.433696,0.431769,0.430788,0.430788,0.431769,0.433696,0.436502,0.44009,0.444337,0.449095,0.454206,0.459501,0.464815,0.469993,0.474897,0.479417,0.483471,0.48701,0.490017,0.492503,0.494503,0.496066,0.497255,0.498133,0.498763,0.499202,0.499499,0.499694,0.499819,0.499895,0.499941,0.499967,0.499981,0.499987,0.499987
0.499978,0.499978,0.499968,0.499945,0.499903,0.499829,0.499706,0.499509,0.499202,0.49874,0.498062,0.497099,0.49577,0.49399,0.491672,0.48874,0.485132,0.480816,0.47579,0.470095,0.463812,0.457065,0.450014,0.442846,0.435768,0.428994,0.422734,0.417186,0.412524,0.408894,0.40641,0.405149,0.405149,0.40641,0.408894,0.412524,0.417186,0.422734,0.428994,0.435768,0.442846,0.450014,0.457065,0.463812,0.470095,0.47579,0.480816,0.485132,0.48874,0.491672,0.49399,0.49577,0.497099,0.498062,0.49874,0.499202,0.499509,0.499706,0.499829,0.499903,0.499945,0.499968,0.499978,0.499978
0.499964,0.499964,0.499948,0.499912,0.499844,0.499728,0.499537,0.499233,0.498763,0.498062,0.497045,0.495614,0.49366,0.49107,0.487735,0.483563,0.478487,0.472482,0.46557,0.457826,0.44938,0.440411,0.431139,0.421812,0.412693,0.404047,0.396125,0.389155,0.383336,0.378828,0.375755,0.374198,0.374198,0.375755,0.378828,0.383336,0.389155,0.396125,0.404047,0.412693,0.421812,0.431139,0.440411,0.44938,0.457826,0.46557,0.472482,0.478487,0.483563,0.487735,0.49107,0.49366,0.495614,0.497045,0.498062,0.498763,0.499233,0.499537,0.499728,0.499844,0.499912,0.499948,0.499964,0.499964
0.499943,0.499943,0.499918,0.499862,0.499758,0.49958,0.49929,0.498832,0.498133,0.497099,0.495614,0.493547,0.490754,0.487094,0.482433,0.476668,0.469739,0.461639,0.452428,0.442235,0.431253,0.419732,0.407962,0.396259,0.384942,0.374323,0.364684,0.356275,0.349304,0.343936,0.340292,0.33845,0.33845,0.340292,0.343936,0.349304,0.356275,0.364684,0.374323,0.384942,0.396259,0.407962,0.419732,0.431253,0.442235,0.452428,0.461639,0.469739,0.476668,0.482433,0.487094,0.490754,0.493547,0.495614,0.497099,0.498133,0.498832,0.49929,0.49958,0.499758,0.499862,0.499918,0.499943,0.499943
0.499911,0.499911,0.499874,0.499788,0.499632,0.499367,0.498938,0.498269,0.497255,0.49577,0.49366,0.490754,0.486873,0.481842,0.475511,0.467776,0.458593,0.447996,0.4361,0.423108,0.409295,0.394993,0.380573,0.366416,0.352894,0.340351,0.329089,0.319357,0.311356,0.305236,0.301101,0.299017,0.299017,0.301101,0.305236,0.311356,0.319357,0.329089,0.340351,0.352894,0.366416,0.380573,0.394993,0.409295,0.423108,0.4361,0.447996,0.458593,0.467776,0.475511,0.481842,0.486873,0.490754,0.49366,0.49577,0.497255,0.498269,0.498938,0.499367,0.499632,0.499788,0.499874,0.499911,0.499911
0.499865,0.499865,0.49981,0.499684,0.499455,0.499071,0.498454,0.497498,0.496066,0.49399,0.49107,0.487094,0.481842,0.475114,0.466753,0.456666,0.444847,0.431389,0.416493,0.400451,0.383639,0.366483,0.349433,0.332931,0.317386,0.303156,0.290535,0.27975,0.270968,0.264303,0.259826,0.257578,0.257578,0.259826,0.264303,0.270968,0.27975,0.290535,0.303156,0.317386,0.332931,0.349433,0.366483,0.383639,0.400451,0.416493,0.431389,0.444847,0.456666,0.466753,0.475114,0.481842,0.487094,0.49107,0.49399,0.496066,0.497498,0.498454,0.499071,0.499455,0.499684,0.49981,0.499865,0.499865
0.499801,0.499801,0.499721,0.49954,0.499213,0.498669,0.497803,0.496474,0.494503,0.491672,0.487735,0.482433,0.475511,0.466753,0.456006,0.443212,0.428426,0.411831,0.393732,0.374538,0.354735,0.334845,0.315395,0.296869,0.279692,0.264206,0.250667,0.239249,0.230059,0.223149,0.218541,0.216237,0.216237,0.218541,0.223149,0.230059,0.239249,0.250667,0.264206,0.279692,0.296869,0.315395,0.334845,0.354735,0.374538,0.393732,0.411831,0.428426,0.443212,0.456006,0.466753,0.475511,0.482433,0.487735,0.491672,0.494503,0.496474,0.497803,0.498669,0.499213,0.49954,0.499721,0.499801,0.499801
0.499713,0.499713,0.499601,0.499347,0.498892,0.49814,0.496954,0.495152,0.492503,0.48874,0.483563,0.476668,0.467776,0.456666,0.443212,0.427415,0.409424,0.389536,0.368188,0.345921,0.323337,0.301053,0.279652,0.259638,0.241419,0.225286,0.211422,0.199916,0.190785,0.184002,0.179518,0.177289,0.177289,0.179518,0.184002,0.190785,0.199916,0.211422,0.225286,0.241419,0.259638,0.279652,0.301053,0.323337,0.345921,0.368188,0.389536,0.409424,0.427415,0.443212,0.456666,0.467776,0.476668,0.483563,0.48874,0.492503,0.495152,0.496954,0.49814,0.498892,0.499347,0.499601,0.499713,0.499713
0.499597,0.499597,0.499443,0.499096,0.498477,0.497464,0.495878,0.49349,0.490017,0.485132,0.478487,0.469739,0.458593,0.444847,0.428426,0.409424,0.38811,0.364928,0.340465,0.315403,0.290461,0.266333,0.243633,0.222852,0.204338,0.188298,0.174804,0.163829,0.155278,0.149024,0.14494,0.142925,0.142925,0.14494,0.149024,0.155278,0.163829,0.174804,0.188298,0.204338,0.222852,0.243633,0.266333,0.290461,0.315403,0.340465,0.364928,0.38811,0.409424,0.428426,0.444847,0.458593,0.469739,0.478487,0.485132,0.490017,0.49349,0.495878,0.497464,0.498477,0.499096,0.499443,0.499597,0.499597
0.499447,0.499447,0.49924,0.498776,0.497956,0.496621,0.49455,0.49146,0.48701,0.480816,0.472482,0.461639,0.447996,0.431389,0.411831,0.389536,0.364928,0.338619,0.31136,0.283976,0.25729,0.232046,0.208853,0.188147,0.170181,0.155032,0.142633,0.132818,0.125363,0.120029,0.116607,0.114937,0.114937,0.116607,0.120029,0.125363,0.132818,0.142633,0.155032,0.170181,0.188147,0.208853,0.232046,0.25729,0.283976,0.31136,0.338619,0.364928,0.389536,0.411831,0.431389,0.447996,0.461639,0.472482,0.480816,0.48701,0.49146,0.49455,0.496621,0.497956,0.498776,0.49924,0.499447,0.499447
0.499259,0.499259,0.498988,0.498383,0.497319,0.495599,0.492955,0.489047,0.483471,0.47579,0.46557,0.452428,0.4361,0.416493,0.393732,0.368188,0.340465,0.31136,0.281794,0.252725,0.225052,0.199536,0.176738,0.156997,0.140426,0.126944,0.116319,0.108231,0.102321,0.0982404,0.0956976,0.0944812,0.0944812,0.0956976,0.0982404,0.102321,0.108231,0.116319,0.126944,0.140426,0.156997,0.176738,0.199536,0.225052,0.252725,0.281794,0.31136,0.340465,0.368188,0.393732,0.416493,0.4361,0.452428,0.46557,0.47579,0.483471,0.489047,0.492955,0.495599,0.497319,0.498383,0.498988,0.499259,0.499259
0.49903,0.49903,0.498682,0.49791,0.49656,0.494395,0.491093,0.486254,0.479417,0.470095,0.457826,0.442235,0.423108,0.400451,0.374538,0.345921,0.315403,0.283976,0.252725,0.222717,0.194893,0.169987,0.14847,0.130539,0.116132,0.104986,0.0966941,0.0907767,0.0867454,0.0841549,0.0826417,0.0819506,0.0819506,0.0826417,0.0841549,0.0867454,0.0907767,0.0966941,0.104986,0.116132,0.130539,0.14847,0.169987,0.194893,0.222717,0.252725,0.283976,0.315403,0.345921,0.374538,0.400451,0.423108,0.442235,0.457826,0.470095,0.479417,0.486254,0.491093,0.494395,0.49656,0.49791,0.498682,0.49903,0.49903
0.498759,0.498759,0.498323,0.497359,0.495684,0.493015,0.488976,0.483109,0.474897,0.463812,0.44938,0.431253,0.409295,0.383639,0.354735,0.323337,0.290461,0.25729,0.225052,0.194893,0.167755,0.1443,0.124863,0.10946,0.0978339,0.0895237,0.0839461,0.0804758,0.0785118,0.0775291,0.0771123,0.0769762,0.0769762,0.0771123,0.0775291,0.0785118,0.0804758,0.0839461,0.0895237,0.0978339,0.10946,0.124863,0.1443,0.167755,0.194893,0.225052,0.25729,0.290461,0.323337,0.354735,0.383639,0.409295,0.431253,0.44938,0.463812,0.474897,0.483109,0.488976,0.493015,0.495684,0.497359,0.498323,0.498759,0.498759
0.498448,0.498448,0.497913,0.496735,0.494698,0.491475,0.486636,0.479664,0.469993,0.457065,0.440411,0.419732,0.394993,0.366483,0.334845,0.301053,0.266333,0.232046,0.199536,0.169987,0.1443,0.123018,0.1063,0.0939587,0.0855236,0.0803382,0.0776557,0.0767255,0.0768602,0.0774812,0.078144,0.0785502,0.0785502,0.078144,0.0774812,0.0768602,0.0767255,0.0776557,0.0803382,0.0855236,0.0939587,0.1063,0.123018,0.1443,0.169987,0.199536,0.232046,0.266333,0.301053,0.334845,0.366483,0.394993,0.419732,0.440411,0.457065,0.469993,0.479664,0.486636,0.491475,0.494698,0.496735,0.497913,0.498448,0.498448
0.4981,0.4981,0.497457,0.496047,0.493621,0.489807,0.484121,0.475993,0.464815,0.450014,0.431139,0.407962,0.380573,0.349433,0.315395,0.279652,0.243633,0.208853,0.176738,0.14847,0.124863,0.1063,0.0927402,0.0837717,0.0787126,0.0767235,0.0769168,0.078446,0.0805683,0.0826807,0.084334,0.0852333,0.0852333,0.084334,0.0826807,0.0805683,0.078446,0.0769168,0.0767235,0.0787126,0.0837717,0.0927402,0.1063,0.124863,0.14847,0.176738,0.208853,0.243633,0.279652,0.315395,0.349433,0.380573,0.407962,0.431139,0.450014,0.464815,0.475993,0.484121,0.489807,0.493621,0.496047,0.497457,0.4981,0.4981
0.497724,0.497724,0.496967,0.495313,0.49248,0.488052,0.481494,0.472191,0.459501,0.442846,0.421812,0.396259,0.366416,0.332931,0.296869,0.259638,0.222852,0.188147,0.156997,0.130539,0.10946,0.0939587,0.0837717,0.0782633,0.0765501,0.0776323,0.0805112,0.0842775,0.0881658,0.0915769,0.0940792,0.0953971,0.0953971,0.0940792,0.0915769,0.0881658,0.0842775,0.0805112,0.0776323,0.0765501,0.0782633,0.0837717,0.0939587,0.10946,0.130539,0.156997,0.188147,0.222852,0.259638,0.296869,0.332931,0.366416,0.396259,0.421812,0.442846,0.459501,0.472191,0.481494,0.488052,0.49248,0.495313,0.496967,0.497724,0.497724
0.49733,0.49733,0.496457,0.494554,0.491308,0.486261,0.478835,0.468371,0.454206,0.435768,0.412693,0.384942,0.352894,0.317386,0.279692,0.241419,0.204338,0.170181,0.140426,0.116132,0.0978339,0.0855236,0.0787126,0.0765501,0.0779717,0.0818459,0.0870958,0.0927822,0.098146,0.102617,0.105799,0.107447,0.107447,0.105799,0.102617,0.098146,0.0927822,0.0870958,0.0818459,0.0779717,0.0765501,0.0787126,0.0855236,0.0978339,0.116132,0.140426,0.170181,0.204338,0.241419,0.279692,0.317386,0.352894,0.384942,0.412693,0.435768,0.454206,0.468371,0.478835,0.486261,0.491308,0.494554,0.496457,0.49733,0.49733
0.496933,0.496933,0.495945,0.493795,0.490144,0.484496,0.47623,0.464656,0.449095,0.428994,0.404047,0.374323,0.340351,0.303156,0.264206,0.225286,0.188298,0.155032,0.126944,0.104986,0.0895237,0.0803382,0.0767235,0.0776323,0.0818459,0.0881323,0.0953679,0.102612,0.109136,0.114415,0.118103,0.119994,0.119994,0.118103,0.114415,0.109136,0.102612,0.0953679,0.0881323,0.0818459,0.0776323,0.0767235,0.0803382,0.0895237,0.104986,0.126944,0.155032,0.188298,0.225286,0.264206,0.303156,0.340351,0.374323,0.404047,0.428994,0.449095,0.464656,0.47623,0.484496,0.490144,0.493795,0.495945,0.496933,0.496933
0.496548,0.496548,0.49545,0.493067,0.489034,0.48282,0.473772,0.461172,0.444337,0.422734,0.396125,0.364684,0.329089,0.290535,0.250667,0.211422,0.174804,0.142633,0.116319,0.0966941,0.0839461,0.0776557,0.0769168,0.0805112,0.0870958,0.0953679,0.104184,0.112623,0.120003,0.125857,0.129893,0.131946,0.131946,0.129893,0.125857,0.120003,0.112623,0.104184,0.0953679,0.0870958,0.0805112,0.0769168,0.0776557,0.0839461,0.0966941,0.116319,0.142633,0.174804,0.211422,0.250667,0.290535,0.329089,0.364684,0.396125,0.422734,0.444337,0.461172,0.473772,0.48282,0.489034,0.493067,0.49545,0.496548,0.496548
0.496193,0.496193,0.494995,0.4924,0.488021,0.481299,0.471553,0.458045,0.44009,0.417186,0.389155,0.356275,0.319357,0.27975,0.239249,0.199916,0.163829,0.132818,0.108231,0.0907767,0.0804758,0.0767255,0.078446,0.0842775,0.0927822,0.102612,0.112623,0.121929,0.129901,0.136132,0.140384,0.142536,0.142536,0.140384,0.136132,0.129901,0.121929,0.112623,0.102612,0.0927822,0.0842775,0.078446,0.0767255,0.0804758,0.0907767,0.108231,0.132818,0.163829,0.199916,0.239249,0.27975,0.319357,0.356275,0.389155,0.417186,0.44009,0.458045,0.471553,0.481299,0.488021,0.4924,0.494995,0.496193,0.496193
0.495884,0.495884,0.4946,0.491824,0.487149,0.479996,0.469659,0.455389,0.436502,0.412524,0.383336,0.349304,0.311356,0.270968,0.230059,0.190785,0.155278,0.125363,0.102321,0.0867454,0.0785118,0.0768602,0.0805683,0.0881658,0.098146,0.109136,0.120003,0.129901,0.138253,0.14471,0.149082,0.151284,0.151284,0.149082,0.14471,0.138253,0.129901,0.120003,0.109136,0.098146,0.0881658,0.0805683,0.0768602,0.0785118,0.0867454,0.102321,0.125363,0.155278,0.190785,0.230059,0.270968,0.311356,0.349304,0.383336,0.412524,0.436502,0.455389,0.469659,0.479996,0.487149,0.491824,0.4946,0.495884,0.495884
0.495636,0.495636,0.494285,0.491365,0.486458,0.478965,0.468166,0.453303,0.433696,0.408894,0.378828,0.343936,0.305236,0.264303,0.223149,0.184002,0.149024,0.120029,0.0982404,0.0841549,0.0775291,0.0774812,0.0826807,0.0915769,0.102617,0.114415,0.125857,0.136132,0.14471,0.151287,0.155715,0.157937,0.157937,0.155715,0.151287,0.14471,0.136132,0.125857,0.114415,0.102617,0.0915769,0.0826807,0.0774812,0.0775291,0.0841549,0.0982404,0.120029,0.149024,0.184002,0.223149,0.264303,0.305236,0.343936,0.378828,0.408894,0.433696,0.453303,0.468166,0.478965,0.486458,0.491365,0.494285,0.495636,0.495636
0.495463,0.495463,0.494065,0.491046,0.485978,0.478251,0.467136,0.451866,0.431769,0.40641,0.375755,0.340292,0.301101,0.259826,0.218541,0.179518,0.14494,0.116607,0.0956976,0.0826417,0.0771123,0.078144,0.084334,0.0940792,0.105799,0.118103,0.129893,0.140384,0.149082,0.155715,0.160164,0.162391,0.162391,0.160164,0.155715,0.149082,0.140384,0.129893,0.118103,0.105799,0.0940792,0.084334,0.078144,0.0771123,0.0826417,0.0956976,0.116607,0.14494,0.179518,0.218541,0.259826,0.301101,0.340292,0.375755,0.40641,0.431769,0.451866,0.467136,0.478251,0.485978,0.491046,0.494065,0.495463,0.495463
0.495375,0.495375,0.493952,0.490882,0.485732,0.477886,0.466609,0.451134,0.430788,0.405149,0.374198,0.33845,0.299017,0.257578,0.216237,0.177289,0.142925,0.114937,0.0944812,0.0819506,0.0769762,0.0785502,0.0852333,0.0953971,0.107447,0.119994,0.131946,0.142536,0.151284,0.157937,0.162391,0.164618,0.164618,0.162391,0.157937,0.151284,0.142536,0.131946,0.119994,0.107447,0.0953971,0.0852333,0.0785502,0.0769762,0.0819506,0.0944812,0.114937,0.142925,0.177289,0.216237,0.257578,0.299017,0.33845,0.374198,0.405149,0.430788,0.451134,0.466609,0.477886,0.485732,0.490882,0.493952,0.495375,0.495375
0.495375,0.495375,0.493952,0.490882,0.485732,0.477886,0.466609,0.451134,0.430788,0.405149,0.374198,0.33845,0.299017,0.257578,0.216237,0.177289,0.142925,0.114937,0.0944812,0.0819506,0.0769762,0.0785502,0.0852333,0.0953971,0.107447,0.119994,0.131946,0.142536,0.151284,0.157937,0.162391,0.164618,0.164618,0.162391,0.157937,0.151284,0.142536,0.131946,0.119994,0.107447,0.0953971,0.0852333,0.0785502,0.0769762,0.0819506,0.0944812,0.114937,0.142925,0.177289,0.216237,0.257578,0.299017,0.33845,0.374198,0.405149,0.430788,0.451134,0.466609,0.477886,0.485732,0.490882,0.493952,0.495375,0.495375
0.495463,0.495463,0.494065,0.491046,0.485978,0.478251,0.467136,0.451866,0.431769,0.40641,0.375755,0.340292,0.301101,0.259826,0.218541,0.179518,0.14494,0.116607,0.0956976,0.0826417,0.0771123,0.078144,0.084334,0.0940792,0.105799,0.118103,0.129893,0.140384,0.149082,0.155715,0.160164,0.162391,0.162391,0.160164,0.155715,0.149082,0.140384,0.129893,0.118103,0.105799,0.0940792,0.084334,0.078144,0.0771123,0.0826417,0.0956976,0.116607,0.14494,0.179518,0.218541,0.259826,0.301101,0.340292,0.375755,0.40641,0.431769,0.451866,0.467136,0.478251,0.485978,0.491046,0.494065,0.495463,0.495463
0.495636,0.495636,0.494285,0.491365,0.486458,0.478965,0.468166,0.453303,0.433696,0.408894,0.378828,0.343936,0.305236,0.264303,0.223149,0.184002,0.149024,0.120029,0.0982404,0.0841549,0.0775291,0.0774812,0.0826807,0.0915769,0.102617,0.114415,0.125857,0.136132,0.14471,0.151287,0.155715,0.157937,0.157937,0.155715,0.151287,0.14471,0.136132,0.125857,0.114415,0.102617,0.0915769,0.0826807,0.0774812,0.0775291,0.0841549,0.0982404,0.120029,0.149024,0.184002,0.223149,0.264303,0.305236,0.343936,0.378828,0.408894,0.433696,0.453303,0.468166,0.478965,0.486458,0.491365,0.494285,0.495636,0.495636
0.495884,0.495884,0.4946,0.491824,0.487149,0.479996,0.469659,0.455389,0.436502,0.412524,0.383336,0.349304,0.311356,0.270968,0.230059,0.190785,0.155278,0.125363,0.102321,0.0867454,0.0785118,0.0768602,0.0805683,0.0881658,0.098146,0.109136,0.120003,0.129901,0.138253,0.14471,0.149082,0.151284,0.151284,0.149082,0.14471,0.138253,0.129901,0.120003,0.109136,0.098146,0.0881658,0.0805683,0.0768602,0.0785118,0.0867454,0.102321,0.125363,0.155278,0.190785,0.230059,0.270968,0.311356,0.349304,0.383336,0.412524,0.436502,0.455389,0.469659,0.479996,0.487149,0.491824,0.4946,0.495884,0.495884
0.496193,0.496193,0.494995,0.4924,0.488021,0.481299,0.471553,0.458045,0.44009,0.417186,0.389155,0.356275,0.319357,0.27975,0.239249,0.199916,0.163829,0.132818,0.108231,0.0907767,0.0804758,0.0767255,0.078446,0.0842775,0.0927822,0.102612,0.112623,0.121929,0.129901,0.136132,0.140384,0.142536,0.142536,0.140384,0.136132,0.129901,0.121929,0.112623,0.102612,0.0927822,0.0842775,0.078446,0.0767255,0.0804758,0.0907767,0.108231,0.132818,0.163829,0.199916,0.239249,0.27975,0.319357,0.356275,0.389155,0.417186,0.44009,0.458045,0.471553,0.481299,0.488021,0.4924,0.494995,0.496193,0.496193
0.496548,0.496548,0.49545,0.493067,0.489034,0.48282,0.473772,0.461172,0.444337,0.422734,0.396125,0.364684,0.329089,0.290535,0.250667,0.211422,0.174804,0.142633,0.116319,0.0966941,0.0839461,0.0776557,0.0769168,0.0805112,0.0870958,0.0953679,0.104184,0.112623,0.120003,0.125857,0.129893,0.131946,0.131946,0.129893,0.125857,0.120003,0.112623,0.104184,0.0953679,0.0870958,0.0805112,0.0769168,0.0776557,0.0839461,0.0966941,0.116319,0.142633,0.174804,0.211422,0.250667,0.290535,0.329089,0.364684,0.396125,0.422734,0.444337,0.461172,0.473772,0.48282,0.489034,0.493067,0.49545,0.496548,0.496548
0.496933,0.496933,0.495945,0.493795,0.490144,0.484496,0.47623,0.464656,0.449095,0.428994,0.404047,0.374323,0.340351,0.303156,0.264206,0.225286,0.188298,0.155032,0.126944,0.104986,0.0895237,0.0803382,0.0767235,0.0776323,0.0818459,0.0881323,0.0953679,0.102612,0.109136,0.114415,0.118103,0.119994,0.119994,0.118103,0.114415,0.109136,0.102612,0.0953679,0.0881323,0.0818459,0.0776323,0.0767235,0.0803382,0.0895237,0.104986,0.126944,0.155032,0.188298,0.225286,0.264206,0.303156,0.340351,0.374323,0.404047,0.428994,0.449095,0.464656,0.47623,0.484496,0.490144,0.493795,0.495945,0.496933,0.496933
0.49733,0.49733,0.496457,0.494554,0.491308,0.486261,0.478835,0.468371,0.454206,0.435768,0.412693,0.384942,0.352894,0.317386,0.279692,0.241419,0.204338,0.170181,0.140426,0.116132,0.0978339,0.0855236,0.0787126,0.0765501,0.0779717,0.0818459,0.0870958,0.0927822,0.098146,0.102617,0.105799,0.107447,0.107447,0.105799,0.102617,0.098146,0.0927822,0.0870958,0.0818459,0.0779717,0.0765501,0.0787126,0.0855236,0.0978339,0.116132,0.140426,0.170181,0.204338,0.241419,0.279692,0.317386,0.352894,0.384942,0.412693,0.435768,0.454206,0.468371,0.478835,0.486261,0.491308,0.494554,0.496457,0.49733,0.49733
0.497724,0.497724,0.496967,0.495313,0.49248,0.488052,0.481494,0.472191,0.459501,0.442846,0.421812,0.396259,0.366416,0.332931,0.296869,0.259638,0.222852,0.188147,0.156997,0.130539,0.10946,0.0939587,0.0837717,0.0782633,0.0765501,0.0776323,0.0805112,0.0842775,0.0881658,0.0915769,0.0940792,0.0953971,0.0953971,0.0940792,0.0915769,0.0881658,0.0842775,0.0805112,0.0776323,0.0765501,0.0782633,0.0837717,0.0939587,0.10946,0.130539,0.156997,0.188147,0.222852,0.259638,0.296869,0.332931,0.366416,0.396259,0.421812,0.442846,0.459501,0.472191,0.481494,0.488052,0.49248,0.495313,0.496967,0.497724,0.497724
0.4981,0.4981,0.497457,0.496047,0.493621,0.489807,0.484121,0.475993,0.464815,0.450014,0.431139,0.407962,0.380573,0.349433,0.315395,0.279652,0.243633,0.208853,0.176738,0.14847,0.124863,0.1063,0.0927402,0.0837717,0.0787126,0.0767235,0.0769168,0.078446,0.0805683,0.0826807,0.084334,0.0852333,0.0852333,0.084334,0.0826807,0.0805683,0.078446,0.0769168,0.0767235,0.0787126,0.0837717,0.0927402,0.1063,0.124863,0.14847,0.176738,0.208853,0.243633,0.279652,0.315395,0.349433,0.380573,0.407962,0.431139,0.450014,0.464815,0.475993,0.484121,0.489807,0.493621,0.496047,0.497457,0.4981,0.4981
0.498448,0.498448,0.497913,0.496735,0.494698,0.491475,0.486636,0.479664,0.469993,0.457065,0.440411,0.419732,0.394993,0.366483,0.334845,0.301053,0.266333,0.232046,0.199536,0.169987,0.1443,0.123018,0.1063,0.0939587,0.0855236,0.0803382,0.0776557,0.0767255,0.0768602,0.0774812,0.078144,0.0785502,0.0785502,0.078144,0.0774812,0.0768602,0.0767255,0.0776557,0.0803382,0.0855236,0.0939587,0.1063,0.123018,0.1443,0.169987,0.199536,0.232046,0.266333,0.301053,0.334845,0.366483,0.394993,0.419732,0.440411,0.457065,0.469993,0.479664,0.486636,0.491475,0.494698,0.496735,0.497913,0.498448,0.498448
0.498759,0.498759,0.498323,0.497359,0.495684,0.493015,0.488976,0.483109,0.474897,0.463812,0.44938,0.431253,0.409295,0.383639,0.354735,0.323337,0.290461,0.25729,0.225052,0.194893,0.167755,0.1443,0.124863,0.10946,0.0978339,0.0895237,0.0839461,0.0804758,0.0785118,0.0775291,0.0771123,0.0769762,0.0769762,0.0771123,0.0775291,0.0785118,0.0804758,0.0839461,0.0895237,0.0978339,0.10946,0.124863,0.1443,0.167755,0.194893,0.225052,0.25729,0.290461,0.323337,0.354735,0.383639,0.409295,0.431253,0.44938,0.463812,0.474897,0.483109,0.488976,0.493015,0.495684,0.497359,0.498323,0.498759,0.498759
0.49903,0.49903,0.498682,0.49791,0.49656,0.494395,0.491093,0.486254,0.479417,0.470095,0.457826,0.442235,0.423108,0.400451,0.374538,0.345921,0.315403,0.283976,0.252725,0.222717,0.194893,0.169987,0.14847,0.130539,0.116132,0.104986,0.0966941,0.0907767,0.0867454,0.0841549,0.0826417,0.0819506,0.0819506,0.0826417,0.0841549,0.0867454,0.0907767,0.0966941,0.104986,0.116132,0.130539,0.14847,0.169987,0.194893,0.222717,0.252725,0.283976,0.315403,0.345921,0.374538,0.400451,0.423108,0.442235,0.457826,0.470095,0.479417,0.486254,0.491093,0.494395,0.49656,0.49791,0.498682,0.49903,0.49903
0.499259,0.499259,0.498988,0.498383,0.497319,0.495599,0.492955,0.489047,0.483471,0.47579,0.46557,0.452428,0.4361,0.416493,0.393732,0.368188,0.340465,0.31136,0.281794,0.252725,0.225052,0.199536,0.176738,0.156997,0.140426,0.126944,0.116319,0.108231,0.102321,0.0982404,0.0956976,0.0944812,0.0944812,0.0956976,0.0982404,0.102321,0.108231,0.116319,0.126944,0.140426,0.156997,0.176738,0.199536,0.225052,0.252725,0.281794,0.31136,0.340465,0.368188,0.393732,0.416493,0.4361,0.452428,0.46557,0.47579,0.483471,0.489047,0.492955,0.495599,0.497319,0.498383,0.498988,0.499259,0.499259
0.499447,0.499447,0.49924,0.498776,0.497956,0.496621,0.49455,0.49146,0.48701,0.480816,0.472482,0.461639,0.447996,0.431389,0.411831,0.389536,0.364928,0.338619,0.31136,0.283976,0.25729,0.232046,0.208853,0.188147,0.170181,0.155032,0.142633,0.132818,0.125363,0.120029,0.116607,0.114937,0.114937,0.116607,0.120029,0.125363,0.132818,0.142633,0.155032,0.170181,0.188147,0.208853,0.232046,0.25729,0.283976,0.31136,0.338619,0.364928,0.389536,0.411831,0.431389,0.447996,0.461639,0.472482,0.480816,0.48701,0.49146,0.49455,0.496621,0.497956,0.498776,0.49924,0.499447,0.499447
0.499597,0.499597,0.499443,0.499096,0.498477,0.497464,0.495878,0.49349,0.490017,0.485132,0.478487,0.469739,0.458593,0.444847,0.428426,0.409424,0.38811,0.364928,0.340465,0.315403,0.290461,0.266333,0.243633,0.222852,0.204338,0.188298,0.174804,0.163829,0.155278,0.149024,0.14494,0.142925,0.142925,0.14494,0.149024,0.155278,0.163829,0.174804,0.188298,0.204338,0.222852,0.243633,0.266333,0.290461,0.315403,0.340465,0.364928,0.38811,0.409424,0.428426,0.444847,0.458593,0.469739,0.478487,0.485132,0.490017,0.49349,0.495878,0.497464,0.498477,0.499096,0.499443,0.499597,0.499597
0.499713,0.499713,0.499601,0.499347,0.498892,0.49814,0.496954,0.495152,0.492503,0.48874,0.483563,0.476668,0.467776,0.456666,0.443212,0.427415,0.409424,0.389536,0.368188,0.345921,0.323337,0.301053,0.279652,0.259638,0.241419,0.225286,0.211422,0.199916,0.190785,0.184002,0.179518,0.177289,0.177289,0.179518,0.184002,0.190785,0.199916,0.211422,0.225286,0.241419,0.259638,0.279652,0.301053,0.323337,0.345921,0.368188,0.389536,0.409424,0.427415,0.443212,0.456666,0.467776,0.476668,0.483563,0.48874,0.492503,0.495152,0.496954,0.49814,0.498892,0.499347,0.499601,0.499713,0.499713
0.499801,0.499801,0.499721,0.49954,0.499213,0.498669,0.497803,0.496474,0.494503,0.491672,0.487735,0.482433,0.475511,0.466753,0.456006,0.443212,0.428426,0.411831,0.393732,0.374538,0.354735,0.334845,0.315395,0.296869,0.279692,0.264206,0.250667,0.239249,0.230059,0.223149,0.218541,0.216237,0.216237,0.218541,0.223149,0.230059,0.239249,0.250667,0.264206,0.279692,0.296869,0.315395,0.334845,0.354735,0.374538,0.393732,0.411831,0.428426,0.443212,0.456006,0.466753,0.475511,0.482433,0.487735,0.491672,0.494503,0.496474,0.497803,0.498669,0.499213,0.49954,0.499721,0.499801,0.499801
0.499865,0.499865,0.49981,0.499684,0.499455,0.499071,0.498454,0.497498,0.496066,0.49399,0.49107,0.487094,0.481842,0.475114,0.466753,0.456666,0.444847,0.431389,0.416493,0.400451,0.383639,0.366483,0.349433,0.332931,0.317386,0.303156,0.290535,0.27975,0.270968,0.264303,0.259826,0.257578,0.257578,0.259826,0.264303,0.270968,0.27975,0.290535,0.303156,0.317386,0.332931,0.349433,0.366483,0.383639,0.400451,0.416493,0.431389,0.444847,0.456666,0.466753,0.475114,0.481842,0.487094,0.49107,0.49399,0.496066,0.497498,0.498454,0.499071,0.499455,0.499684,0.49981,0.499865,0.499865
0.499911,0.499911,0.499874,0.499788,0.499632,0.499367,0.498938,0.498269,0.497255,0.49577,0.49366,0.490754,0.486873,0.481842,0.475511,0.467776,0.458593,0.447996,0.4361,0.423108,0.409295,0.394993,0.380573,0.366416,0.352894,0.340351,0.329089,0.319357,0.311356,0.305236,0.301101,0.299017,0.299017,0.301101,0.305236,0.311356,0.319357,0.329089,0.340351,0.352894,0.366416,0.380573,0.394993,0.409295,0.423108,0.4361,0.447996,0.458593,0.467776,0.475511,0.481842,0.486873,0.490754,0.49366,0.49577,0.497255,0.498269,0.498938,0.499367,0.499632,0.499788,0.499874,0.499911,0.499911
0.499943,0.499943,0.499918,0.499862,0.499758,0.49958,0.49929,0.498832,0.498133,0.497099,0.495614,0.493547,0.490754,0.487094,0.482433,0.476668,0.469739,0.461639,0.452428,0.442235,0.431253,0.419732,0.407962,0.396259,0.384942,0.374323,0.364684,0.356275,0.349304,0.343936,0.340292,0.33845,0.33845,0.340292,0.343936,0.349304,0.356275,0.364684,0.374323,0.384942,0.396259,0.407962,0.419732,0.431253,0.442235,0.452428,0.461639,0.469739,0.476668,0.482433,0.487094,0.490754,0.493547,0.495614,0.497099,0.498133,0.498832,0.49929,0.49958,0.499758,0.499862,0.499918,0.499943,0.499943
0.499964,0.499964,0.499948,0.499912,0.499844,0.499728,0.499537,0.499233,0.498763,0.498062,0.497045,0.495614,0.49366,0.49107,0.487735,0.483563,0.478487,0.472482,0.46557,0.457826,0.44938,0.440411,0.431139,0.421812,0.412693,0.404047,0.396125,0.389155,0.383336,0.378828,0.375755,0.374198,0.374198,0.375755,0.378828,0.383336,0.389155,0.396125,0.404047,0.412693,0.421812,0.431139,0.440411,0.44938,0.457826,0.46557,0.472482,0.478487,0.483563,0.487735,0.49107,0.49366,0.495614,0.497045,0.498062,0.498763,0.499233,0.499537,0.499728,0.499844,0.499912,0.499948,0.499964,0.499964
0.499978,0.499978,0.499968,0.499945,0.499903,0.499829,0.499706,0.499509,0.499202,0.49874,0.498062,0.497099,0.49577,0.49399,0.491672,0.48874,0.485132,0.480816,0.47579,0.470095,0.463812,0.457065,0.450014,0.442846,0.435768,0.428994,0.422734,0.417186,0.412524,0.408894,0.40641,0.405149,0.405149,0.40641,0.408894,0.412524,0.417186,0.422734,0.428994,0.435768,0.442846,0.450014,0.457065,0.463812,0.470095,0.47579,0.480816,0.485132,0.48874,0.491672,0.49399,0.49577,0.497099,0.498062,0.49874,0.499202,0.499509,0.499706,0.499829,0.499903,0.499945,0.499968,0.499978,0.499978
0.499987,0.499987,0.499981,0.499967,0.499941,0.499895,0.499819,0.499694,0.499499,0.499202,0.498763,0.498133,0.497255,0.496066,0.494503,0.492503,0.490017,0.48701,0.483471,0.479417,0.474897,0.469993,0.464815,0.459501,0.454206,0.449095,0.444337,0.44009,0.436502,0.433696,0.431769,0.430788,0.430788,0.431769,0.433696,0.436502,0.44009,0.444337,0.449095,0.454206,0.459501,0.464815,0.469993,0.474897,0.479417,0.483471,0.48701,0.490017,0.492503,0.494503,0.496066,0.497255,0.498133,0.498763,0.499202,0.499499,0.499694,0.499819,0.499895,0.499941,0.499967,0.499981,0.499987,0.499987
0.499993,0.499993,0.499989,0.499981,0.499965,0.499938,0.499891,0.499815,0.499694,0.499509,0.499233,0.498832,0.498269,0.497498,0.496474,0.495152,0.49349,0.49146,0.489047,0.486254,0.483109,0.479664,0.475993,0.472191,0.468371,0.464656,0.461172,0.458045,0.455389,0.453303,0.451866,0.451134,0.451134,0.451866,0.453303,0.455389,0.458045,0.461172,0.464656,0.468371,0.472191,0.475993,0.479664,0.483109,0.486254,0.489047,0.49146,0.49349,0.495152,0.496474,0.497498,0.498269,0.498832,0.499233,0.499509,0.499694,0.499815,0.499891,0.499938,0.499965,0.499981,0.499989,0.499993,0.499993
0.499996,0.499996,0.499994,0.499989,0.49998,0.499964,0.499936,0.499891,0.499819,0.499706,0.499537,0.49929,0.498938,0.498454,0.497803,0.496954,0.495878,0.49455,0.492955,0.491093,0.488976,0.486636,0.484121,0.481494,0.478835,0.47623,0.473772,0.471553,0.469659,0.468166,0.467136,0.466609,0.466609,0.467136,0.468166,0.469659,0.471553,0.473772,0.47623,0.478835,0.481494,0.484121,0.486636,0.488976,0.491093,0.492955,0.49455,0.495878,0.496954,0.497803,0.498454,0.498938,0.49929,0.499537,0.499706,0.499819,0.499891,0.499936,0.499964,0.49998,0.499989,0.499994,0.499996,0.499996
0.499998,0.499998,0.499997,0.499994,0.499989,0.49998,0.499964,0.499938,0.499895,0.499829,0.499728,0.49958,0.499367,0.499071,0.498669,0.49814,0.497464,0.496621,0.495599,0.494395,0.493015,0.491475,0.489807,0.488052,0.486261,0.484496,0.48282,0.481299,0.479996,0.478965,0.478251,0.477886,0.477886,0.478251,0.478965,0.479996,0.481299,0.48282,0.484496,0.486261,0.488052,0.489807,0.491475,0.493015,0.494395,0.495599,0.496621,0.497464,0.49814,0.498669,0.499071,0.499367,0.49958,0.499728,0.499829,0.499895,0.499938,0.499964,0.49998,0.499989,0.499994,0.499997,0.499998,0.499998
0.499999,0.499999,0.499998,0.499997,0.499994,0.499989,0.49998,0.499965,0.499941,0.499903,0.499844,0.499758,0.499632,0.499455,0.499213,0.498892,0.498477,0.497956,0.497319,0.49656,0.495684,0.494698,0.493621,0.49248,0.491308,0.490144,0.489034,0.488021,0.487149,0.486458,0.485978,0.485732,0.485732,0.485978,0.486458,0.487149,0.488021,0.489034,0.490144,0.491308,0.49248,0.493621,0.494698,0.495684,0.49656,0.497319,0.497956,0.498477,0.498892,0.499213,0.499455,0.499632,0.499758,0.499844,0.499903,0.499941,0.499965,0.49998,0.499989,0.499994,0.499997,0.499998,0.499999,0.499999
0.499999,0.499999,0.499999,0.499998,0.499997,0.499994,0.499989,0.499981,0.499967,0.499945,0.499912,0.499862,0.499788,0.499684,0.49954,0.499347,0.499096,0.498776,0.498383,0.49791,0.497359,0.496735,0.496047,0.495313,0.494554,0.493795,0.493067,0.4924,0.491824,0.491365,0.491046,0.490882,0.490882,0.491046,0.491365,0.491824,0.4924,0.493067,0.493795,0.494554,0.495313,0.496047,0.496735,0.497359,0.49791,0.498383,0.498776,0.499096,0.499347,0.49954,0.499684,0.499788,0.499862,0.499912,0.499945,0.499967,0.499981,0.499989,0.499994,0.499997,0.499998,0.499999,0.499999,0.499999
0.5,0.5,0.499999,0.499999,0.499998,0.499997,0.499994,0.499989,0.499981,0.499968,0.499948,0.499918,0.499874,0.49981,0.499721,0.499601,0.499443,0.49924,0.498988,0.498682,0.498323,0.497913,0.497457,0.496967,0.496457,0.495945,0.49545,0.494995,0.4946,0.494285,0.494065,0.493952,0.493952,0.494065,0.494285,0.4946,0.494995,0.49545,0.495945,0.496457,0.496967,0.497457,0.497913,0.498323,0.498682,0.498988,0.49924,0.499443,0.499601,0.499721,0.49981,0.499874,0.499918,0.499948,0.499968,0.499981,0.499989,0.499994,0.499997,0.499998,0.499999,0.499999,0.5,0.5
0.5,0.5,0.5,0.499999,0.499999,0.499998,0.499996,0.499993,0.499987,0.499978,0.499964,0.499943,0.499911,0.499865,0.499801,0.499713,0.499597,0.499447,0.499259,0.49903,0.498759,0.498448,0.4981,0.497724,0.49733,0.496933,0.496548,0.496193,0.495884,0.495636,0.495463,0.495375,0.495375,0.495463,0.495636,0.495884,0.496193,0.496548,0.496933,0.49733,0.497724,0.4981,0.498448,0.498759,0.49903,0.499259,0.499447,0.499597,0.499713,0.499801,0.499865,0.499911,0.499943,0.499964,0.499978,0.499987,0.499993,0.499996,0.499998,0.499999,0.499999,0.5,0.5,0.5
0.5,0.5,0.5,0.499999,0.499999,0.499998,0.499996,0.499993,0.499987,0.499978,0.499964,0.499943,0.499911,0.499865,0.499801,0.499713,0.499597,0.499447,0.499259,0.49903,0.498759,0.498448,0.4981,0.497724,0.49733,0.496933,0.496548,0.496193,0.495884,0.495636,0.495463,0.495375,0.495375,0.495463,0.495636,0.495884,0.496193,0.496548,0.496933,0.49733,0.497724,0.4981,0.498448,0.498759,0.49903,0.499259,0.499447,0.499597,0.499713,0.499801,0.499865,0.499911,0.499943,0.499964,0.499978,0.499987,0.499993,0.499996,0.499998,0.499999,0.499999,0.5,0.5,0.5
