0.5,0.5,0.5,0.5,0.5,0.5,0.5,0.5,0.5,0.5,0.5,0.5,0.5,0.499999,0.499999,0.499998,0.499997,0.499996,0.499994,0.499991,0.499988,0.499983,0.499978,0.499972,0.499965,0.499957,0.49995,0.499942,0.499936,0.49993,0.499927,0.499925,0.499925,0.499927,0.49993,0.499936,0.499942,0.49995,0.499957,0.499965,0.499972,0.499978,0.499983,0.499988,0.499991,0.499994,0.499996,0.499997,0.499998,0.499999,0.499999,0.5,0.5,0.5,0.5,0.5,0.5,0.5,0.5,0.5,0.5,0.5,0.5,0.5
0.5,0.5,0.5,0.5,0.5,0.5,0.5,0.5,0.5,0.5,0.5,0.5,0.5,0.499999,0.499999,0.499998,0.499997,0.499996,0.499994,0.499991,0.499988,0.499983,0.499978,0.499972,0.499965,0.499957,0.49995,0.499942,0.499936,0.49993,0.499927,0.499925,0.499925,0.499927,0.49993,0.499936,0.499942,0.49995,0.499957,0.499965,0.499972,0.499978,0.499983,0.499988,0.499991,0.499994,0.499996,0.499997,0.499998,0.499999,0.499999,0.5,0.5,0.5,0.5,0.5,0.5,0.5,0.5,0.5,0.5,0.5,0.5,0.5
0.5,0.5,0.5,0.5,0.5,0.5,0.5,0.5,0.5,0.5,0.5,0.5,0.499999,0.499999,0.499998,0.499997,0.499995,0.499993,0.49999,0.499985,0.499979,0.499972,0.499963,0.499953,0.499942,0.49993,0.499917,0.499906,0.499895,0.499886,0.49988,0.499877,0.499877,0.49988,0.499886,0.499895,0.499906,0.499917,0.49993,0.499942,0.499953,0.499963,0.499972,0.499979,0.499985,0.49999,0.499993,0.499995,0.499997,0.499998,0.499999,0.499999,0.5,0.5,0.5,0.5,0.5,0.5,0.5,0.5,0.5,0.5,0.5,0.5
0.5,0.5,0.5,0.5,0.5,0.5,0.5,0.5,0.5,0.5,0.5,0.499999,0.499999,0.499998,0.499996,0.499994,0.49999,0.499985,0.499979,0.49997,0.499958,0.499944,0.499927,0.499907,0.499885,0.499861,0.499837,0.499814,0.499794,0.499777,0.499765,0.499759,0.499759,0.499765,0.499777,0.499794,0.499814,0.499837,0.499861,0.499885,0.499907,0.499927,0.499944,0.499958,0.49997,0.499979,0.499985,0.49999,0.499994,0.499996,0.499998,0.499999,0.499999,0.5,0.5,0.5,0.5,0.5,0.5,0.5,0.5,0.5,0.5,0.5
0.5,0.5,0.5,0.5,0.5,0.5,0.5,0.5,0.5,0.499999,0.499999,0.499998,0.499997,0.499995,0.499992,0.499987,0.49998,0.49997,0.499956,0.499938,0.499914,0.499885,0.499851,0.499811,0.499767,0.49972,0.499673,0.499628,0.499587,0.499554,0.499531,0.499518,0.499518,0.499531,0.499554,0.499587,0.499628,0.499673,0.49972,0.499767,0.499811,0.499851,0.499885,0.499914,0.499938,0.499956,0.49997,0.49998,0.499987,0.499992,0.499995,0.499997,0.499998,0.499999,0.499999,0.5,0.5,0.5,0.5,0.5,0.5,0.5,0.5,0.5
0.5,0.5,0.5,0.5,0.5,0.5,0.5,0.5,0.499999,0.499999,0.499998,0.499996,0.499994,0.49999,0.499983,0.499973,0.499959,0.499939,0.499911,0.499875,0.499829,0.499772,0.499704,0.499626,0.499541,0.49945,0.499359,0.499272,0.499194,0.499131,0.499085,0.499062,0.499062,0.499085,0.499131,0.499194,0.499272,0.499359,0.49945,0.499541,0.499626,0.499704,0.499772,0.499829,0.499875,0.499911,0.499939,0.499959,0.499973,0.499983,0.49999,0.499994,0.499996,0.499998,0.499999,0.499999,0.5,0.5,0.5,0.5,0.5,0.5,0.5,0.5
0.5,0.5,0.5,0.5,0.5,0.5,0.5,0.499999,0.499999,0.499998,0.499996,0.499993,0.499988,0.499979,0.499966,0.499947,0.499919,0.49988,0.499827,0.499757,0.499668,0.49956,0.499431,0.499284,0.499124,0.498954,0.498784,0.498622,0.498477,0.498359,0.498275,0.498232,0.498232,0.498275,0.498359,0.498477,0.498622,0.498784,0.498954,0.499124,0.499284,0.499431,0.49956,0.499668,0.499757,0.499827,0.49988,0.499919,0.499947,0.499966,0.499979,0.499988,0.499993,0.499996,0.499998,0.499999,0.499999,0.5,0.5,0.5,0.5,0.5,0.5,0.5
0.5,0.5,0.5,0.5,0.5,0.5,0.499999,0.499999,0.499998,0.499996,0.499992,0.499986,0.499976,0.49996,0.499935,0.499898,0.499846,0.499772,0.499672,0.499542,0.499378,0.499178,0.498942,0.498675,0.498383,0.498077,0.49777,0.497479,0.497219,0.497008,0.496858,0.496781,0.496781,0.496858,0.497008,0.497219,0.497479,0.49777,0.498077,0.498383,0.498675,0.498942,0.499178,0.499378,0.499542,0.499672,0.499772,0.499846,0.499898,0.499935,0.49996,0.499976,0.499986,0.499992,0.499996,0.499998,0.499999,0.499999,0.5,0.5,0.5,0.5,0.5,0.5
0.5,0.5,0.5,0.5,0.5,0.499999,0.499999,0.499998,0.499995,0.499992,0.499985,0.499973,0.499954,0.499924,0.499879,0.499811,0.499714,0.49958,0.4994,0.499166,0.498872,0.498516,0.4981,0.497629,0.497116,0.496582,0.496048,0.495543,0.495095,0.49473,0.494473,0.49434,0.49434,0.494473,0.49473,0.495095,0.495543,0.496048,0.496582,0.497116,0.497629,0.4981,0.498516,0.498872,0.499166,0.4994,0.49958,0.499714,0.499811,0.499879,0.499924,0.499954,0.499973,0.499985,0.499992,0.499995,0.499998,0.499999,0.499999,0.5,0.5,0.5,0.5,0.5
0.5,0.5,0.5,0.5,0.499999,0.499999,0.499998,0.499996,0.499992,0.499984,0.499972,0.499951,0.499916,0.499863,0.499781,0.49966,0.499488,0.499252,0.498936,0.49853,0.498022,0.49741,0.496697,0.495896,0.49503,0.494129,0.493233,0.492389,0.491641,0.491035,0.490608,0.490387,0.490387,0.490608,0.491035,0.491641,0.492389,0.493233,0.494129,0.49503,0.495896,0.496697,0.49741,0.498022,0.49853,0.498936,0.499252,0.499488,0.49966,0.499781,0.499863,0.499916,0.499951,0.499972,0.499984,0.499992,0.499996,0.499998,0.499999,0.499999,0.5,0.5,0.5,0.5
0.5,0.5,0.5,0.5,0.499999,0.499998,0.499996,0.499992,0.499985,0.499972,0.499949,0.499912,0.499852,0.499758,0.499615,0.499407,0.499113,0.49871,0.498176,0.497491,0.496643,0.495626,0.494449,0.493133,0.491717,0.490252,0.488803,0.48744,0.486239,0.485267,0.484583,0.48423,0.48423,0.484583,0.485267,0.486239,0.48744,0.488803,0.490252,0.491717,0.493133,0.494449,0.495626,0.496643,0.497491,0.498176,0.49871,0.499113,0.499407,0.499615,0.499758,0.499852,0.499912,0.499949,0.499972,0.499985,0.499992,0.499996,0.499998,0.499999,0.5,0.5,0.5,0.5
0.5,0.5,0.5,0.499999,0.499998,0.499996,0.499993,0.499986,0.499973,0.499951,0.499912,0.499848,0.499745,0.499586,0.499346,0.498998,0.498509,0.497845,0.49697,0.495856,0.494484,0.492851,0.490972,0.488885,0.48665,0.484352,0.482088,0.47997,0.478108,0.476606,0.475552,0.475008,0.475008,0.475552,0.476606,0.478108,0.47997,0.482088,0.484352,0.48665,0.488885,0.490972,0.492851,0.494484,0.495856,0.49697,0.497845,0.498509,0.498998,0.499346,0.499586,0.499745,0.499848,0.499912,0.499951,0.499973,0.499986,0.499993,0.499996,0.499998,0.499999,0.5,0.5,0.5
0.5,0.5,0.499999,0.499999,0.499997,0.499994,0.499988,0.499976,0.499954,0.499916,0.499852,0.499745,0.499575,0.499314,0.498923,0.49836,0.497573,0.496511,0.495124,0.49337,0.491226,0.488689,0.48579,0.482591,0.479188,0.475706,0.472296,0.469119,0.466337,0.4641,0.462534,0.461727,0.461727,0.462534,0.4641,0.466337,0.469119,0.472296,0.475706,0.479188,0.482591,0.48579,0.488689,0.491226,0.49337,0.495124,0.496511,0.497573,0.49836,0.498923,0.499314,0.499575,0.499745,0.499852,0.499916,0.499954,0.499976,0.499988,0.499994,0.499997,0.499999,0.499999,0.5,0.5
0.499999,0.499999,0.499999,0.499998,0.499995,0.49999,0.499979,0.49996,0.499924,0.499863,0.499758,0.499586,0.499314,0.498897,0.498279,0.497395,0.496169,0.494527,0.492396,0.489723,0.486478,0.482669,0.478346,0.473608,0.468602,0.463512,0.458555,0.453959,0.449953,0.446742,0.4445,0.443347,0.443347,0.4445,0.446742,0.449953,0.453959,0.458555,0.463512,0.468602,0.473608,0.478346,0.482669,0.486478,0.489723,0.492396,0.494527,0.496169,0.497395,0.498279,0.498897,0.499314,0.499586,0.499758,0.499863,0.499924,0.49996,0.499979,0.49999,0.499995,0.499998,0.499999,0.499999,0.499999
0.499999,0.499999,0.499998,0.499996,0.499992,0.499983,0.499966,0.499935,0.499879,0.499781,0.499615,0.499346,0.498923,0.498279,0.497333,0.495986,0.494135,0.491672,0.488503,0.484557,0.479804,0.474269,0.468036,0.461256,0.454142,0.446958,0.440005,0.433595,0.428034,0.423594,0.420502,0.418915,0.418915,0.420502,0.423594,0.428034,0.433595,0.440005,0.446958,0.454142,0.461256,0.468036,0.474269,0.479804,0.484557,0.488503,0.491672,0.494135,0.495986,0.497333,0.498279,0.498923,0.499346,0.499615,0.499781,0.499879,0.499935,0.499966,0.499983,0.499992,0.499996,0.499998,0.499999,0.499999
0.499998,0.499998,0.499997,0.499994,0.499987,0.499973,0.499947,0.499898,0.499811,0.49966,0.499407,0.498998,0.49836,0.497395,0.495986,0.493999,0.491286,0.487706,0.483135,0.477492,0.470752,0.462966,0.454271,0.44489,0.435124,0.425335,0.415925,0.407303,0.399862,0.393949,0.389842,0.387739,0.387739,0.389842,0.393949,0.399862,0.407303,0.415925,0.425335,0.435124,0.44489,0.454271,0.462966,0.470752,0.477492,0.483135,0.487706,0.491286,0.493999,0.495986,0.497395,0.49836,0.498998,0.499407,0.49966,0.499811,0.499898,0.499947,0.499973,0.499987,0.499994,0.499997,0.499998,0.499998
0.499997,0.499997,0.499995,0.49999,0.49998,0.499959,0.499919,0.499846,0.499714,0.499488,0.499113,0.498509,0.497573,0.496169,0.494135,0.491286,0.487428,0.482379,0.475988,0.468164,0.458902,0.448297,0.436558,0.424004,0.411045,0.398163,0.385872,0.374689,0.365095,0.357508,0.352258,0.349575,0.349575,0.352258,0.357508,0.365095,0.374689,0.385872,0.398163,0.411045,0.424004,0.436558,0.448297,0.458902,0.468164,0.475988,0.482379,0.487428,0.491286,0.494135,0.496169,0.497573,0.498509,0.499113,0.499488,0.499714,0.499846,0.499919,0.499959,0.49998,0.49999,0.499995,0.499997,0.499997
0.499996,0.499996,0.499993,0.499985,0.49997,0.499939,0.49988,0.499772,0.49958,0.499252,0.49871,0.497845,0.496511,0.494527,0.491672,0.487706,0.482379,0.475466,0.466792,0.45627,0.443928,0.429931,0.414585,0.398327,0.381702,0.365324,0.349831,0.335842,0.323922,0.314548,0.308088,0.304795,0.304795,0.308088,0.314548,0.323922,0.335842,0.349831,0.365324,0.381702,0.398327,0.414585,0.429931,0.443928,0.45627,0.466792,0.475466,0.482379,0.487706,0.491672,0.494527,0.496511,0.497845,0.49871,0.499252,0.49958,0.499772,0.49988,0.499939,0.49997,0.499985,0.499993,0.499996,0.499996
0.499994,0.499994,0.49999,0.499979,0.499956,0.499911,0.499827,0.499672,0.4994,0.498936,0.498176,0.49697,0.495124,0.492396,0.488503,0.483135,0.475988,0.466792,0.455359,0.441621,0.425664,0.407748,0.388306,0.367921,0.347289,0.327166,0.30831,0.291435,0.277166,0.266016,0.25837,0.254483,0.254483,0.25837,0.266016,0.277166,0.291435,0.30831,0.327166,0.347289,0.367921,0.388306,0.407748,0.425664,0.441621,0.455359,0.466792,0.475988,0.483135,0.488503,0.492396,0.495124,0.49697,0.498176,0.498936,0.4994,0.499672,0.499827,0.499911,0.499956,0.499979,0.49999,0.499994,0.499994
0.499991,0.499991,0.499985,0.49997,0.499938,0.499875,0.499757,0.499542,0.499166,0.49853,0.497491,0.495856,0.49337,0.489723,0.484557,0.477492,0.468164,0.45627,0.441621,0.424191,0.404153,0.381896,0.358007,0.33324,0.308455,0.284548,0.262387,0.242752,0.226297,0.213535,0.204833,0.200426,0.200426,0.204833,0.213535,0.226297,0.242752,0.262387,0.284548,0.308455,0.33324,0.358007,0.381896,0.404153,0.424191,0.441621,0.45627,0.468164,0.477492,0.484557,0.489723,0.49337,0.495856,0.497491,0.49853,0.499166,0.499542,0.499757,0.499875,0.499938,0.49997,0.499985,0.499991,0.499991
0.499988,0.499988,0.499979,0.499958,0.499914,0.499829,0.499668,0.499378,0.498872,0.498022,0.496643,0.494484,0.491226,0.486478,0.479804,0.470752,0.458902,0.443928,0.425664,0.404153,0.379691,0.352824,0.324326,0.29514,0.266293,0.238815,0.213652,0.191613,0.173337,0.159288,0.149773,0.144975,0.144975,0.149773,0.159288,0.173337,0.191613,0.213652,0.238815,0.266293,0.29514,0.324326,0.352824,0.379691,0.404153,0.425664,0.443928,0.458902,0.470752,0.479804,0.486478,0.491226,0.494484,0.496643,0.498022,0.498872,0.499378,0.499668,0.499829,0.499914,0.499958,0.499979,0.499988,0.499988
0.499983,0.499983,0.499972,0.499944,0.499885,0.499772,0.49956,0.499178,0.498516,0.49741,0.495626,0.492851,0.488689,0.482669,0.474269,0.462966,0.448297,0.429931,0.407748,0.381896,0.352824,0.321273,0.288227,0.254827,0.222267,0.191682,0.164062,0.140196,0.120649,0.105782,0.0957969,0.0907876,0.0907876,0.0957969,0.105782,0.120649,0.140196,0.164062,0.191682,0.222267,0.254827,0.288227,0.321273,0.352824,0.381896,0.407748,0.429931,0.448297,0.462966,0.474269,0.482669,0.488689,0.492851,0.495626,0.49741,0.498516,0.499178,0.49956,0.499772,0.499885,0.499944,0.499972,0.499983,0.499983
0.499978,0.499978,0.499963,0.499927,0.499851,0.499704,0.499431,0.498942,0.4981,0.496697,0.494449,0.490972,0.48579,0.478346,0.468036,0.454271,0.436558,0.414585,0.388306,0.358007,0.324326,0.288227,0.25092,0.21375,0.178056,0.145053,0.115724,0.0907789,0.0706504,0.0555411,0.0454977,0.0404925,0.0404925,0.0454977,0.0555411,0.0706504,0.0907789,0.115724,0.145053,0.178056,0.21375,0.25092,0.288227,0.324326,0.358007,0.388306,0.414585,0.436558,0.454271,0.468036,0.478346,0.48579,0.490972,0.494449,0.496697,0.4981,0.498942,0.499431,0.499704,0.499851,0.499927,0.499963,0.499978,0.499978
0.499972,0.499972,0.499953,0.499907,0.499811,0.499626,0.499284,0.498675,0.497629,0.495896,0.493133,0.488885,0.482591,0.473608,0.461256,0.44489,0.424004,0.398327,0.367921,0.33324,0.29514,0.254827,0.21375,0.173445,0.135379,0.100798,0.0706317,0.0454519,0.0255007,0.0107689,0.00110555,-0.0036685,-0.0036685,0.00110555,0.0107689,0.0255007,0.0454519,0.0706317,0.100798,0.135379,0.173445,0.21375,0.254827,0.29514,0.33324,0.367921,0.398327,0.424004,0.44489,0.461256,0.473608,0.482591,0.488885,0.493133,0.495896,0.497629,0.498675,0.499284,0.499626,0.499811,0.499907,0.499953,0.499972,0.499972
0.499965,0.499965,0.499942,0.499885,0.499767,0.499541,0.499124,0.498383,0.497116,0.49503,0.491717,0.48665,0.479188,0.468602,0.454142,0.435124,0.411045,0.381702,0.347289,0.308455,0.266293,0.222267,0.178056,0.135379,0.0957915,0.0605343,0.0304283,0.00585701,-0.0131778,-0.0269393,-0.035809,-0.0401397,-0.0401397,-0.035809,-0.0269393,-0.0131778,0.00585701,0.0304283,0.0605343,0.0957915,0.135379,0.178056,0.222267,0.266293,0.308455,0.347289,0.381702,0.411045,0.435124,0.454142,0.468602,0.479188,0.48665,0.491717,0.49503,0.497116,0.498383,0.499124,0.499541,0.499767,0.499885,0.499942,0.499965,0.499965
0.499957,0.499957,0.49993,0.499861,0.49972,0.49945,0.498954,0.498077,0.496582,0.494129,0.490252,0.484352,0.475706,0.463512,0.446958,0.425335,0.398163,0.365324,0.327166,0.284548,0.238815,0.191682,0.145053,0.100798,0.0605343,0.0254521,-0.00377706,-0.0269989,-0.044486,-0.0567829,-0.0645198,-0.0682349,-0.0682349,-0.0645198,-0.0567829,-0.044486,-0.0269989,-0.00377706,0.0254521,0.0605343,0.100798,0.145053,0.191682,0.238815,0.284548,0.327166,0.365324,0.398163,0.425335,0.446958,0.463512,0.475706,0.484352,0.490252,0.494129,0.496582,0.498077,0.498954,0.49945,0.49972,0.499861,0.49993,0.499957,0.499957
0.49995,0.49995,0.499917,0.499837,0.499673,0.499359,0.498784,0.49777,0.496048,0.493233,0.488803,0.482088,0.472296,0.458555,0.440005,0.415925,0.385872,0.349831,0.30831,0.262387,0.213652,0.164062,0.115724,0.0706317,0.0304283,-0.00377706,-0.0314921,-0.0528145,-0.0683067,-0.0788019,-0.085182,-0.08817,-0.08817,-0.085182,-0.0788019,-0.0683067,-0.0528145,-0.0314921,-0.00377706,0.0304283,0.0706317,0.115724,0.164062,0.213652,0.262387,0.30831,0.349831,0.385872,0.415925,0.440005,0.458555,0.472296,0.482088,0.488803,0.493233,0.496048,0.49777,0.498784,0.499359,0.499673,0.499837,0.499917,0.49995,0.49995
0.499942,0.499942,0.499906,0.499814,0.499628,0.499272,0.498622,0.497479,0.495543,0.492389,0.48744,0.47997,0.469119,0.453959,0.433595,0.407303,0.374689,0.335842,0.291435,0.242752,0.191613,0.140196,0.0907789,0.0454519,0.00585701,-0.0269989,-0.0528145,-0.0719419,-0.085227,-0.0937798,-0.0987199,-0.100943,-0.100943,-0.0987199,-0.0937798,-0.085227,-0.0719419,-0.0528145,-0.0269989,0.00585701,0.0454519,0.0907789,0.140196,0.191613,0.242752,0.291435,0.335842,0.374689,0.407303,0.433595,0.453959,0.469119,0.47997,0.48744,0.492389,0.495543,0.497479,0.498622,0.499272,0.499628,0.499814,0.499906,0.499942,0.499942
0.499936,0.499936,0.499895,0.499794,0.499587,0.499194,0.498477,0.497219,0.495095,0.491641,0.486239,0.478108,0.466337,0.449953,0.428034,0.399862,0.365095,0.323922,0.277166,0.226297,0.173337,0.120649,0.0706504,0.0255007,-0.0131778,-0.044486,-0.0683067,-0.085227,-0.0963491,-0.103029,-0.106594,-0.10809,-0.10809,-0.106594,-0.103029,-0.0963491,-0.085227,-0.0683067,-0.044486,-0.0131778,0.0255007,0.0706504,0.120649,0.173337,0.226297,0.277166,0.323922,0.365095,0.399862,0.428034,0.449953,0.466337,0.478108,0.486239,0.491641,0.495095,0.497219,0.498477,0.499194,0.499587,0.499794,0.499895,0.499936,0.499936
0.49993,0.49993,0.499886,0.499777,0.499554,0.499131,0.498359,0.497008,0.49473,0.491035,0.485267,0.476606,0.4641,0.446742,0.423594,0.393949,0.357508,0.314548,0.266016,0.213535,0.159288,0.105782,0.0555411,0.0107689,-0.0269393,-0.0567829,-0.0788019,-0.0937798,-0.103029,-0.108104,-0.110499,-0.111379,-0.111379,-0.110499,-0.108104,-0.103029,-0.0937798,-0.0788019,-0.0567829,-0.0269393,0.0107689,0.0555411,0.105782,0.159288,0.213535,0.266016,0.314548,0.357508,0.393949,0.423594,0.446742,0.4641,0.476606,0.485267,0.491035,0.49473,0.497008,0.498359,0.499131,0.499554,0.499777,0.499886,0.49993,0.49993
0.499927,0.499927,0.49988,0.499765,0.499531,0.499085,0.498275,0.496858,0.494473,0.490608,0.484583,0.475552,0.462534,0.4445,0.420502,0.389842,0.352258,0.308088,0.25837,0.204833,0.149773,0.0957969,0.0454977,0.00110555,-0.035809,-0.0645198,-0.085182,-0.0987199,-0.106594,-0.110499,-0.112045,-0.112479,-0.112479,-0.112045,-0.110499,-0.106594,-0.0987199,-0.085182,-0.0645198,-0.035809,0.00110555,0.0454977,0.0957969,0.149773,0.204833,0.25837,0.308088,0.352258,0.389842,0.420502,0.4445,0.462534,0.475552,0.484583,0.490608,0.494473,0.496858,0.498275,0.499085,0.499531,0.499765,0.49988,0.499927,0.499927
0.499925,0.499925,0.499877,0.499759,0.499518,0.499062,0.498232,0.496781,0.49434,0.490387,0.48423,0.475008,0.461727,0.443347,0.418915,0.387739,0.349575,0.304795,0.254483,0.200426,0.144975,0.0907876,0.0404925,-0.0036685,-0.0401397,-0.0682349,-0.08817,-0.100943,-0.10809,-0.111379,-0.112479,-0.11268,-0.11268,-0.112479,-0.111379,-0.10809,-0.100943,-0.08817,-0.0682349,-0.0401397,-0.0036685,0.0404925,0.0907876,0.144975,0.200426,0.254483,0.304795,0.349575,0.387739,0.418915,0.443347,0.461727,0.475008,0.48423,0.490387,0.49434,0.496781,0.498232,0.499062,0.499518,0.499759,0.499877,0.499925,0.499925
0.499925,0.499925,0.499877,0.499759,0.499518,0.499062,0.498232,0.496781,0.49434,0.490387,0.48423,0.475008,0.461727,0.443347,0.418915,0.387739,0.349575,0.304795,0.254483,0.200426,0.144975,0.0907876,0.0404925,-0.0036685,-0.0401397,-0.0682349,-0.08817,-0.100943,-0.10809,-0.111379,-0.112479,-0.11268,-0.11268,-0.112479,-0.111379,-0.10809,-0.100943,-0.08817,-0.0682349,-0.0401397,-0.0036685,0.0404925,0.0907876,0.144975,0.200426,0.254483,0.304795,0.349575,0.387739,0.418915,0.443347,0.461727,0.475008,0.48423,0.490387,0.49434,0.496781,0.498232,0.499062,0.499518,0.499759,0.499877,0.499925,0.499925
0.499927,0.499927,0.49988,0.499765,0.499531,0.499085,0.498275,0.496858,0.494473,0.490608,0.484583,0.475552,0.462534,0.4445,0.420502,0.389842,0.352258,0.308088,0.25837,0.204833,0.149773,0.0957969,0.0454977,0.00110555,-0.035809,-0.0645198,-0.085182,-0.0987199,-0.106594,-0.110499,-0.112045,-0.112479,-0.112479,-0.112045,-0.110499,-0.106594,-0.0987199,-0.085182,-0.0645198,-0.035809,0.00110555,0.0454977,0.0957969,0.149773,0.204833,0.25837,0.308088,0.352258,0.389842,0.420502,0.4445,0.462534,0.475552,0.484583,0.490608,0.494473,0.496858,0.498275,0.499085,0.499531,0.499765,0.49988,0.499927,0.499927
0.49993,0.49993,0.499886,0.499777,0.499554,0.499131,0.498359,0.497008,0.49473,0.491035,0.485267,0.476606,0.4641,0.446742,0.423594,0.393949,0.357508,0.314548,0.266016,0.213535,0.159288,0.105782,0.0555411,0.0107689,-0.0269393,-0.0567829,-0.0788019,-0.0937798,-0.103029,-0.108104,-0.110499,-0.111379,-0.111379,-0.110499,-0.108104,-0.103029,-0.0937798,-0.0788019,-0.0567829,-0.0269393,0.0107689,0.0555411,0.105782,0.159288,0.213535,0.266016,0.314548,0.357508,0.393949,0.423594,0.446742,0.4641,0.476606,0.485267,0.491035,0.49473,0.497008,0.498359,0.499131,0.499554,0.499777,0.499886,0.49993,0.49993
0.499936,0.499936,0.499895,0.499794,0.499587,0.499194,0.498477,0.497219,0.495095,0.491641,0.486239,0.478108,0.466337,0.449953,0.428034,0.399862,0.365095,0.323922,0.277166,0.226297,0.173337,0.120649,0.0706504,0.0255007,-0.0131778,-0.044486,-0.0683067,-0.085227,-0.0963491,-0.103029,-0.106594,-0.10809,-0.10809,-0.106594,-0.103029,-0.0963491,-0.085227,-0.0683067,-0.044486,-0.0131778,0.0255007,0.0706504,0.120649,0.173337,0.226297,0.277166,0.323922,0.365095,0.399862,0.428034,0.449953,0.466337,0.478108,0.486239,0.491641,0.495095,0.497219,0.498477,0.499194,0.499587,0.499794,0.499895,0.499936,0.499936
0.499942,0.499942,0.499906,0.499814,0.499628,0.499272,0.498622,0.497479,0.495543,0.492389,0.48744,0.47997,0.469119,0.453959,0.433595,0.407303,0.374689,0.335842,0.291435,0.242752,0.191613,0.140196,0.0907789,0.0454519,0.00585701,-0.0269989,-0.0528145,-0.0719419,-0.085227,-0.0937798,-0.0987199,-0.100943,-0.100943,-0.0987199,-0.0937798,-0.085227,-0.0719419,-0.0528145,-0.0269989,0.00585701,0.0454519,0.0907789,0.140196,0.191613,0.242752,0.291435,0.335842,0.374689,0.407303,0.433595,0.453959,0.469119,0.47997,0.48744,0.492389,0.495543,0.497479,0.498622,0.499272,0.499628,0.499814,0.499906,0.499942,0.499942
0.49995,0.49995,0.499917,0.499837,0.499673,0.499359,0.498784,0.49777,0.496048,0.493233,0.488803,0.482088,0.472296,0.458555,0.440005,0.415925,0.385872,0.349831,0.30831,0.262387,0.213652,0.164062,0.115724,0.0706317,0.0304283,-0.00377706,-0.0314921,-0.0528145,-0.0683067,-0.0788019,-0.085182,-0.08817,-0.08817,-0.085182,-0.0788019,-0.0683067,-0.0528145,-0.0314921,-0.00377706,0.0304283,0.0706317,0.115724,0.164062,0.213652,0.262387,0.30831,0.349831,0.385872,0.415925,0.440005,0.458555,0.472296,0.482088,0.488803,0.493233,0.496048,0.49777,0.498784,0.499359,0.499673,0.499837,0.499917,0.49995,0.49995
0.499957,0.499957,0.49993,0.499861,0.49972,0.49945,0.498954,0.498077,0.496582,0.494129,0.490252,0.484352,0.475706,0.463512,0.446958,0.425335,0.398163,0.365324,0.327166,0.284548,0.238815,0.191682,0.145053,0.100798,0.0605343,0.0254521,-0.00377706,-0.0269989,-0.044486,-0.0567829,-0.0645198,-0.0682349,-0.0682349,-0.0645198,-0.0567829,-0.044486,-0.0269989,-0.00377706,0.0254521,0.0605343,0.100798,0.145053,0.191682,0.238815,0.284548,0.327166,0.365324,0.398163,0.425335,0.446958,0.463512,0.475706,0.484352,0.490252,0.494129,0.496582,0.498077,0.498954,0.49945,0.49972,0.499861,0.49993,0.499957,0.499957
0.499965,0.499965,0.499942,0.499885,0.499767,0.499541,0.499124,0.498383,0.497116,0.49503,0.491717,0.48665,0.479188,0.468602,0.454142,0.435124,0.411045,0.381702,0.347289,0.308455,0.266293,0.222267,0.178056,0.135379,0.0957915,0.0605343,0.0304283,0.00585701,-0.0131778,-0.0269393,-0.035809,-0.0401397,-0.0401397,-0.035809,-0.0269393,-0.0131778,0.00585701,0.0304283,0.0605343,0.0957915,0.135379,0.178056,0.222267,0.266293,0.308455,0.347289,0.381702,0.411045,0.435124,0.454142,0.468602,0.479188,0.48665,0.491717,0.49503,0.497116,0.498383,0.499124,0.499541,0.499767,0.499885,0.499942,0.499965,0.499965
0.499972,0.499972,0.499953,0.499907,0.499811,0.499626,0.499284,0.498675,0.497629,0.495896,0.493133,0.488885,0.482591,0.473608,0.461256,0.44489,0.424004,0.398327,0.367921,0.33324,0.29514,0.254827,0.21375,0.173445,0.135379,0.100798,0.0706317,0.0454519,0.0255007,0.0107689,0.00110555,-0.0036685,-0.0036685,0.00110555,0.0107689,0.0255007,0.0454519,0.0706317,0.100798,0.135379,0.173445,0.21375,0.254827,0.29514,0.33324,0.367921,0.398327,0.424004,0.44489,0.461256,0.473608,0.482591,0.488885,0.493133,0.495896,0.497629,0.498675,0.499284,0.499626,0.499811,0.499907,0.499953,0.499972,0.499972
0.499978,0.499978,0.499963,0.499927,0.499851,0.499704,0.499431,0.498942,0.4981,0.496697,0.494449,0.490972,0.48579,0.478346,0.468036,0.454271,0.436558,0.414585,0.388306,0.358007,0.324326,0.288227,0.25092,0.21375,0.178056,0.145053,0.115724,0.0907789,0.0706504,0.0555411,0.0454977,0.0404925,0.0404925,0.0454977,0.0555411,0.0706504,0.0907789,0.115724,0.145053,0.178056,0.21375,0.25092,0.288227,0.324326,0.358007,0.388306,0.414585,0.436558,0.454271,0.468036,0.478346,0.48579,0.490972,0.494449,0.496697,0.4981,0.498942,0.499431,0.499704,0.499851,0.499927,0.499963,0.499978,0.499978
0.499983,0.499983,0.499972,0.499944,0.499885,0.499772,0.49956,0.499178,0.498516,0.49741,0.495626,0.492851,0.488689,0.482669,0.474269,0.462966,0.448297,0.429931,0.407748,0.381896,0.352824,0.321273,0.288227,0.254827,0.222267,0.191682,0.164062,0.140196,0.120649,0.105782,0.0957969,0.0907876,0.0907876,0.0957969,0.105782,0.120649,0.140196,0.164062,0.191682,0.222267,0.254827,0.288227,0.321273,0.352824,0.381896,0.407748,0.429931,0.448297,0.462966,0.474269,0.482669,0.488689,0.492851,0.495626,0.49741,0.498516,0.499178,0.49956,0.499772,0.499885,0.499944,0.499972,0.499983,0.499983
0.499988,0.499988,0.499979,0.499958,0.499914,0.499829,0.499668,0.499378,0.498872,0.498022,0.496643,0.494484,0.491226,0.486478,0.479804,0.470752,0.458902,0.443928,0.425664,0.404153,0.379691,0.352824,0.324326,0.29514,0.266293,0.238815,0.213652,0.191613,0.173337,0.159288,0.149773,0.144975,0.144975,0.149773,0.159288,0.173337,0.191613,0.213652,0.238815,0.266293,0.29514,0.324326,0.352824,0.379691,0.404153,0.425664,0.443928,0.458902,0.470752,0.479804,0.486478,0.491226,0.494484,0.496643,0.498022,0.498872,0.499378,0.499668,0.499829,0.499914,0.499958,0.499979,0.499988,0.499988
0.499991,0.499991,0.499985,0.49997,0.499938,0.499875,0.499757,0.499542,0.499166,0.49853,0.497491,0.495856,0.49337,0.489723,0.484557,0.477492,0.468164,0.45627,0.441621,0.424191,0.404153,0.381896,0.358007,0.33324,0.308455,0.284548,0.262387,0.242752,0.226297,0.213535,0.204833,0.200426,0.200426,0.204833,0.213535,0.226297,0.242752,0.262387,0.284548,0.308455,0.33324,0.358007,0.381896,0.404153,0.424191,0.441621,0.45627,0.468164,0.477492,0.484557,0.489723,0.49337,0.495856,0.497491,0.49853,0.499166,0.499542,0.499757,0.499875,0.499938,0.49997,0.499985,0.499991,0.499991
0.499994,0.499994,0.49999,0.499979,0.499956,0.499911,0.499827,0.499672,0.4994,0.498936,0.498176,0.49697,0.495124,0.492396,0.488503,0.483135,0.475988,0.466792,0.455359,0.441621,0.425664,0.407748,0.388306,0.367921,0.347289,0.327166,0.30831,0.291435,0.277166,0.266016,0.25837,0.254483,0.254483,0.25837,0.266016,0.277166,0.291435,0.30831,0.327166,0.347289,0.367921,0.388306,0.407748,0.425664,0.441621,0.455359,0.466792,0.475988,0.483135,0.488503,0.492396,0.495124,0.49697,0.498176,0.498936,0.4994,0.499672,0.499827,0.499911,0.499956,0.499979,0.49999,0.499994,0.499994
0.499996,0.499996,0.499993,0.499985,0.49997,0.499939,0.49988,0.499772,0.49958,0.499252,0.49871,0.497845,0.496511,0.494527,0.491672,0.487706,0.482379,0.475466,0.466792,0.45627,0.443928,0.429931,0.414585,0.398327,0.381702,0.365324,0.349831,0.335842,0.323922,0.314548,0.308088,0.304795,0.304795,0.308088,0.314548,0.323922,0.335842,0.349831,0.365324,0.381702,0.398327,0.414585,0.429931,0.443928,0.45627,0.466792,0.475466,0.482379,0.487706,0.491672,0.494527,0.496511,0.497845,0.49871,0.499252,0.49958,0.499772,0.49988,0.499939,0.49997,0.499985,0.499993,0.499996,0.499996
0.499997,0.499997,0.499995,0.49999,0.49998,0.499959,0.499919,0.499846,0.499714,0.499488,0.499113,0.498509,0.497573,0.496169,0.494135,0.491286,0.487428,0.482379,0.475988,0.468164,0.458902,0.448297,0.436558,0.424004,0.411045,0.398163,0.385872,0.374689,0.365095,0.357508,0.352258,0.349575,0.349575,0.352258,0.357508,0.365095,0.374689,0.385872,0.398163,0.411045,0.424004,0.436558,0.448297,0.458902,0.468164,0.475988,0.482379,0.487428,0.491286,0.494135,0.496169,0.497573,0.498509,0.499113,0.499488,0.499714,0.499846,0.499919,0.499959,0.49998,0.49999,0.499995,0.499997,0.499997
0.499998,0.499998,0.499997,0.499994,0.499987,0.499973,0.499947,0.499898,0.499811,0.49966,0.499407,0.498998,0.49836,0.497395,0.495986,0.493999,0.491286,0.487706,0.483135,0.477492,0.470752,0.462966,0.454271,0.44489,0.435124,0.425335,0.415925,0.407303,0.399862,0.393949,0.389842,0.387739,0.387739,0.389842,0.393949,0.399862,0.407303,0.415925,0.425335,0.435124,0.44489,0.454271,0.462966,0.470752,0.477492,0.483135,0.487706,0.491286,0.493999,0.495986,0.497395,0.49836,0.498998,0.499407,0.49966,0.499811,0.499898,0.499947,0.499973,0.499987,0.499994,0.499997,0.499998,0.499998
0.499999,0.499999,0.499998,0.499996,0.499992,0.499983,0.499966,0.499935,0.499879,0.499781,0.499615,0.499346,0.498923,0.498279,0.497333,0.495986,0.494135,0.491672,0.488503,0.484557,0.479804,0.474269,0.468036,0.461256,0.454142,0.446958,0.440005,0.433595,0.428034,0.423594,0.420502,0.418915,0.418915,0.420502,0.423594,0.428034,0.433595,0.440005,0.446958,0.454142,0.461256,0.468036,0.474269,0.479804,0.484557,0.488503,0.491672,0.494135,0.495986,0.497333,0.498279,0.498923,0.499346,0.499615,0.499781,0.499879,0.499935,0.499966,0.499983,0.499992,0.499996,0.499998,0.499999,0.499999
0.499999,0.499999,0.499999,0.499998,0.499995,0.49999,0.499979,0.49996,0.499924,0.499863,0.499758,0.499586,0.499314,0.498897,0.498279,0.497395,0.496169,0.494527,0.492396,0.489723,0.486478,0.482669,0.478346,0.473608,0.468602,0.463512,0.458555,0.453959,0.449953,0.446742,0.4445,0.443347,0.443347,0.4445,0.446742,0.449953,0.453959,0.458555,0.463512,0.468602,0.473608,0.478346,0.482669,0.486478,0.489723,0.492396,0.494527,0.496169,0.497395,0.498279,0.498897,0.499314,0.499586,0.499758,0.499863,0.499924,0.49996,0.499979,0.49999,0.499995,0.499998,0.499999,0.499999,0.499999
0.5,0.5,0.499999,0.499999,0.499997,0.499994,0.499988,0.499976,0.499954,0.499916,0.499852,0.499745,0.499575,0.499314,0.498923,0.49836,0.497573,0.496511,0.495124,0.49337,0.491226,0.488689,0.48579,0.482591,0.479188,0.475706,0.472296,0.469119,0.466337,0.4641,0.462534,0.461727,0.461727,0.462534,0.4641,0.466337,0.469119,0.472296,0.475706,0.479188,0.482591,0.48579,0.488689,0.491226,0.49337,0.495124,0.496511,0.497573,0.49836,0.498923,0.499314,0.499575,0.499745,0.499852,0.499916,0.499954,0.499976,0.499988,0.499994,0.499997,0.499999,0.499999,0.5,0.5
0.5,0.5,0.5,0.499999,0.499998,0.499996,0.499993,0.499986,0.499973,0.499951,0.499912,0.499848,0.499745,0.499586,0.499346,0.498998,0.498509,0.497845,0.49697,0.495856,0.494484,0.492851,0.490972,0.488885,0.48665,0.484352,0.482088,0.47997,0.478108,0.476606,0.475552,0.475008,0.475008,0.475552,0.476606,0.478108,0.47997,0.482088,0.484352,0.48665,0.488885,0.490972,0.492851,0.494484,0.495856,0.49697,0.497845,0.498509,0.498998,0.499346,0.499586,0.499745,0.499848,0.499912,0.499951,0.499973,0.499986,0.499993,0.499996,0.499998,0.499999,0.5,0.5,0.5
0.5,0.5,0.5,0.5,0.499999,0.499998,0.499996,0.499992,0.499985,0.499972,0.499949,0.499912,0.499852,0.499758,0.499615,0.499407,0.499113,0.49871,0.498176,0.497491,0.496643,0.495626,0.494449,0.493133,0.491717,0.490252,0.488803,0.48744,0.486239,0.485267,0.484583,0.48423,0.48423,0.484583,0.485267,0.486239,0.48744,0.488803,0.490252,0.491717,0.493133,0.494449,0.495626,0.496643,0.497491,0.498176,0.49871,0.499113,0.499407,0.499615,0.499758,0.499852,0.499912,0.499949,0.499972,0.499985,0.499992,0.499996,0.499998,0.499999,0.5,0.5,0.5,0.5
0.5,0.5,0.5,0.5,0.499999,0.499999,0.499998,0.499996,0.499992,0.499984,0.499972,0.499951,0.499916,0.499863,0.499781,0.49966,0.499488,0.499252,0.498936,0.49853,0.498022,0.49741,0.496697,0.495896,0.49503,0.494129,0.493233,0.492389,0.491641,0.491035,0.490608,0.490387,0.490387,0.490608,0.491035,0.491641,0.492389,0.493233,0.494129,0.49503,0.495896,0.496697,0.49741,0.498022,0.49853,0.498936,0.499252,0.499488,0.49966,0.499781,0.499863,0.499916,0.499951,0.499972,0.499984,0.499992,0.499996,0.499998,0.499999,0.499999,0.5,0.5,0.5,0.5
0.5,0.5,0.5,0.5,0.5,0.499999,0.499999,0.499998,0.499995,0.499992,0.499985,0.499973,0.499954,0.499924,0.499879,0.499811,0.499714,0.49958,0.4994,0.499166,0.498872,0.498516,0.4981,0.497629,0.497116,0.496582,0.496048,0.495543,0.495095,0.49473,0.494473,0.49434,0.49434,0.494473,0.49473,0.495095,0.495543,0.496048,0.496582,0.497116,0.497629,0.4981,0.498516,0.498872,0.499166,0.4994,0.49958,0.499714,0.499811,0.499879,0.499924,0.499954,0.499973,0.499985,0.499992,0.499995,0.499998,0.499999,0.499999,0.5,0.5,0.5,0.5,0.5
0.5,0.5,0.5,0.5,0.5,0.5,0.499999,0.499999,0.499998,0.499996,0.499992,0.499986,0.499976,0.49996,0.499935,0.499898,0.499846,0.499772,0.499672,0.499542,0.499378,0.499178,0.498942,0.498675,0.498383,0.498077,0.49777,0.497479,0.497219,0.497008,0.496858,0.496781,0.496781,0.496858,0.497008,0.497219,0.497479,0.49777,0.498077,0.498383,0.498675,0.498942,0.499178,0.499378,0.499542,0.499672,0.499772,0.499846,0.499898,0.499935,0.49996,0.499976,0.499986,0.499992,0.499996,0.499998,0.499999,0.499999,0.5,0.5,0.5,0.5,0.5,0.5
0.5,0.5,0.5,0.5,0.5,0.5,0.5,0.499999,0.499999,0.499998,0.499996,0.499993,0.499988,0.499979,0.499966,0.499947,0.499919,0.49988,0.499827,0.499757,0.499668,0.49956,0.499431,0.499284,0.499124,0.498954,0.498784,0.498622,0.498477,0.498359,0.498275,0.498232,0.498232,0.498275,0.498359,0.498477,0.498622,0.498784,0.498954,0.499124,0.499284,0.499431,0.49956,0.499668,0.499757,0.499827,0.49988,0.499919,0.499947,0.499966,0.499979,0.499988,0.499993,0.499996,0.499998,0.499999,0.499999,0.5,0.5,0.5,0.5,0.5,0.5,0.5
0.5,0.5,0.5,0.5,0.5,0.5,0.5,0.5,0.499999,0.499999,0.499998,0.499996,0.499994,0.49999,0.499983,0.499973,0.499959,0.499939,0.499911,0.499875,0.499829,0.499772,0.499704,0.499626,0.499541,0.49945,0.499359,0.499272,0.499194,0.499131,0.499085,0.499062,0.499062,0.499085,0.499131,0.499194,0.499272,0.499359,0.49945,0.499541,0.499626,0.499704,0.499772,0.499829,0.499875,0.499911,0.499939,0.499959,0.499973,0.499983,0.49999,0.499994,0.499996,0.499998,0.499999,0.499999,0.5,0.5,0.5,0.5,0.5,0.5,0.5,0.5
0.5,0.5,0.5,0.5,0.5,0.5,0.5,0.5,0.5,0.499999,0.499999,0.499998,0.499997,0.499995,0.499992,0.499987,0.49998,0.49997,0.499956,0.499938,0.499914,0.499885,0.499851,0.499811,0.499767,0.49972,0.499673,0.499628,0.499587,0.499554,0.499531,0.499518,0.499518,0.499531,0.499554,0.499587,0.499628,0.499673,0.49972,0.499767,0.499811,0.499851,0.499885,0.499914,0.499938,0.499956,0.49997,0.49998,0.499987,0.499992,0.499995,0.499997,0.499998,0.499999,0.499999,0.5,0.5,0.5,0.5,0.5,0.5,0.5,0.5,0.5
0.5,0.5,0.5,0.5,0.5,0.5,0.5,0.5,0.5,0.5,0.5,0.499999,0.499999,0.499998,0.499996,0.499994,0.49999,0.499985,0.499979,0.49997,0.499958,0.499944,0.499927,0.499907,0.499885,0.499861,0.499837,0.499814,0.499794,0.499777,0.499765,0.499759,0.499759,0.499765,0.499777,0.499794,0.499814,0.499837,0.499861,0.499885,0.499907,0.499927,0.499944,0.499958,0.49997,0.499979,0.499985,0.49999,0.499994,0.499996,0.499998,0.499999,0.499999,0.5,0.5,0.5,0.5,0.5,0.5,0.5,0.5,0.5,0.5,0.5
0.5,0.5,0.5,0.5,0.5,0.5,0.5,0.5,0.5,0.5,0.5,0.5,0.499999,0.499999,0.499998,0.499997,0.499995,0.499993,0.49999,0.499985,0.499979,0.499972,0.499963,0.499953,0.499942,0.49993,0.499917,0.499906,0.499895,0.499886,0.49988,0.499877,0.499877,0.49988,0.499886,0.499895,0.499906,0.499917,0.49993,0.499942,0.499953,0.499963,0.499972,0.499979,0.499985,0.49999,0.499993,0.499995,0.499997,0.499998,0.499999,0.499999,0.5,0.5,0.5,0.5,0.5,0.5,0.5,0.5,0.5,0.5,0.5,0.5
0.5,0.5,0.5,0.5,0.5,0.5,0.5,0.5,0.5,0.5,0.5,0.5,0.5,0.499999,0.499999,0.499998,0.499997,0.499996,0.499994,0.499991,0.499988,0.499983,0.499978,0.499972,0.499965,0.499957,0.49995,0.499942,0.499936,0.49993,0.499927,0.499925,0.499925,0.499927,0.49993,0.499936,0.499942,0.49995,0.499957,0.499965,0.499972,0.499978,0.499983,0.499988,0.499991,0.499994,0.499996,0.499997,0.499998,0.499999,0.499999,0.5,0.5,0.5,0.5,0.5,0.5,0.5,0.5,0.5,0.5,0.5,0.5,0.5
0.5,0.5,0.5,0.5,0.5,0.5,0.5,0.5,0.5,0.5,0.5,0.5,0.5,0.499999,0.499999,0.499998,0.499997,0.499996,0.499994,0.499991,0.499988,0.499983,0.499978,0.499972,0.499965,0.499957,0.49995,0.499942,0.499936,0.49993,0.499927,0.499925,0.499925,0.499927,0.49993,0.499936,0.499942,0.49995,0.499957,0.499965,0.499972,0.499978,0.499983,0.499988,0.499991,0.499994,0.499996,0.499997,0.499998,0.499999,0.499999,0.5,0.5,0.5,0.5,0.5,0.5,0.5,0.5,0.5,0.5,0.5,0.5,0.5
