0.5,0.5,0.5,0.5,0.5,0.5,0.5,0.5,0.5,0.5,0.5,0.5,0.5,0.5,0.5,0.5,0.5,0.5,0.5,0.5,0.5,0.5,0.5,0.5,0.5,0.5,0.5,0.5,0.5,0.5,0.5,0.5,0.5,0.5,0.5,0.5,0.5,0.5,0.5,0.5,0.5,0.5,0.5,0.5,0.5,0.5,0.5,0.5,0.5,0.5,0.5,0.5,0.5,0.5,0.5,0.5,0.5,0.5,0.5,0.5,0.5,0.5,0.5,0.5
0.5,0.5,0.5,0.5,0.5,0.5,0.5,0.5,0.5,0.5,0.5,0.5,0.5,0.5,0.5,0.5,0.5,0.5,0.5,0.5,0.5,0.5,0.5,0.5,0.5,0.5,0.5,0.5,0.5,0.5,0.5,0.5,0.5,0.5,0.5,0.5,0.5,0.5,0.5,0.5,0.5,0.5,0.5,0.5,0.5,0.5,0.5,0.5,0.5,0.5,0.5,0.5,0.5,0.5,0.5,0.5,0.5,0.5,0.5,0.5,0.5,0.5,0.5,0.5
0.5,0.5,0.5,0.5,0.5,0.5,0.5,0.5,0.5,0.5,0.5,0.5,0.5,0.5,0.5,0.5,0.5,0.5,0.5,0.5,0.5,0.5,0.5,0.5,0.5,0.5,0.5,0.499999,0.499999,0.499999,0.499999,0.499999,0.499999,0.499999,0.499999,0.499999,0.499999,0.5,0.5,0.5,0.5,0.5,0.5,0.5,0.5,0.5,0.5,0.5,0.5,0.5,0.5,0.5,0.5,0.5,0.5,0.5,0.5,0.5,0.5,0.5,0.5,0.5,0.5,0.5
0.5,0.5,0.5,0.5,0.5,0.5,0.5,0.5,0.5,0.5,0.5,0.5,0.5,0.5,0.5,0.5,0.5,0.5,0.5,0.5,0.5,0.5,0.5,0.499999,0.499999,0.499999,0.499999,0.499999,0.499998,0.499998,0.499998,0.499998,0.499998,0.499998,0.499998,0.499998,0.499999,0.499999,0.499999,0.499999,0.499999,0.5,0.5,0.5,0.5,0.5,0.5,0.5,0.5,0.5,0.5,0.5,0.5,0.5,0.5,0.5,0.5,0.5,0.5,0.5,0.5,0.5,0.5,0.5
0.5,0.5,0.5,0.5,0.5,0.5,0.5,0.5,0.5,0.5,0.5,0.5,0.5,0.5,0.5,0.5,0.5,0.5,0.5,0.5,0.499999,0.499999,0.499999,0.499999,0.499998,0.499998,0.499997,0.499996,0.499996,0.499996,0.499995,0.499995,0.499995,0.499995,0.499996,0.499996,0.499996,0.499997,0.499998,0.499998,0.499999,0.499999,0.499999,0.499999,0.5,0.5,0.5,0.5,0.5,0.5,0.5,0.5,0.5,0.5,0.5,0.5,0.5,0.5,0.5,0.5,0.5,0.5,0.5,0.5
0.5,0.5,0.5,0.5,0.5,0.5,0.5,0.5,0.5,0.5,0.5,0.5,0.5,0.5,0.5,0.5,0.5,0.5,0.499999,0.499999,0.499999,0.499998,0.499997,0.499996,0.499995,0.499994,0.499993,0.499991,0.49999,0.499989,0.499988,0.499988,0.499988,0.499988,0.499989,0.49999,0.499991,0.499993,0.499994,0.499995,0.499996,0.499997,0.499998,0.499999,0.499999,0.499999,0.5,0.5,0.5,0.5,0.5,0.5,0.5,0.5,0.5,0.5,0.5,0.5,0.5,0.5,0.5,0.5,0.5,0.5
0.5,0.5,0.5,0.5,0.5,0.5,0.5,0.5,0.5,0.5,0.5,0.5,0.5,0.5,0.5,0.5,0.5,0.499999,0.499999,0.499998,0.499997,0.499996,0.499994,0.499991,0.499989,0.499986,0.499983,0.49998,0.499977,0.499974,0.499972,0.499971,0.499971,0.499972,0.499974,0.499977,0.49998,0.499983,0.499986,0.499989,0.499991,0.499994,0.499996,0.499997,0.499998,0.499999,0.499999,0.5,0.5,0.5,0.5,0.5,0.5,0.5,0.5,0.5,0.5,0.5,0.5,0.5,0.5,0.5,0.5,0.5
0.5,0.5,0.5,0.5,0.5,0.5,0.5,0.5,0.5,0.5,0.5,0.5,0.5,0.5,0.5,0.499999,0.499999,0.499998,0.499997,0.499995,0.499993,0.49999,0.499986,0.499981,0.499975,0.499968,0.499961,0.499953,0.499947,0.499941,0.499937,0.499935,0.499935,0.499937,0.499941,0.499947,0.499953,0.499961,0.499968,0.499975,0.499981,0.499986,0.49999,0.499993,0.499995,0.499997,0.499998,0.499999,0.499999,0.5,0.5,0.5,0.5,0.5,0.5,0.5,0.5,0.5,0.5,0.5,0.5,0.5,0.5,0.5
0.5,0.5,0.5,0.5,0.5,0.5,0.5,0.5,0.5,0.5,0.5,0.5,0.5,0.5,0.499999,0.499999,0.499997,0.499996,0.499993,0.499989,0.499984,0.499977,0.499968,0.499957,0.499944,0.499929,0.499913,0.499898,0.499883,0.499871,0.499862,0.499858,0.499858,0.499862,0.499871,0.499883,0.499898,0.499913,0.499929,0.499944,0.499957,0.499968,0.499977,0.499984,0.499989,0.499993,0.499996,0.499997,0.499999,0.499999,0.5,0.5,0.5,0.5,0.5,0.5,0.5,0.5,0.5,0.5,0.5,0.5,0.5,0.5
0.5,0.5,0.5,0.5,0.5,0.5,0.5,0.5,0.5,0.5,0.5,0.5,0.499999,0.499999,0.499998,0.499997,0.499994,0.499991,0.499985,0.499977,0.499966,0.499951,0.499932,0.499909,0.499881,0.49985,0.499817,0.499784,0.499753,0.499727,0.499709,0.499699,0.499699,0.499709,0.499727,0.499753,0.499784,0.499817,0.49985,0.499881,0.499909,0.499932,0.499951,0.499966,0.499977,0.499985,0.499991,0.499994,0.499997,0.499998,0.499999,0.499999,0.5,0.5,0.5,0.5,0.5,0.5,0.5,0.5,0.5,0.5,0.5,0.5
0.5,0.5,0.5,0.5,0.5,0.5,0.5,0.5,0.5,0.5,0.5,0.499999,0.499999,0.499998,0.499996,0.499993,0.499989,0.499981,0.49997,0.499953,0.499931,0.4999,0.499861,0.499812,0.499756,0.499692,0.499625,0.499558,0.499496,0.499444,0.499406,0.499386,0.499386,0.499406,0.499444,0.499496,0.499558,0.499625,0.499692,0.499756,0.499812,0.499861,0.4999,0.499931,0.499953,0.49997,0.499981,0.499989,0.499993,0.499996,0.499998,0.499999,0.499999,0.5,0.5,0.5,0.5,0.5,0.5,0.5,0.5,0.5,0.5,0.5
0.5,0.5,0.5,0.5,0.5,0.5,0.5,0.5,0.5,0.5,0.499999,0.499999,0.499998,0.499996,0.499992,0.499986,0.499977,0.499962,0.49994,0.499907,0.499862,0.499801,0.499723,0.499628,0.499517,0.499392,0.49926,0.499129,0.499007,0.498905,0.498831,0.498793,0.498793,0.498831,0.498905,0.499007,0.499129,0.49926,0.499392,0.499517,0.499628,0.499723,0.499801,0.499862,0.499907,0.49994,0.499962,0.499977,0.499986,0.499992,0.499996,0.499998,0.499999,0.499999,0.5,0.5,0.5,0.5,0.5,0.5,0.5,0.5,0.5,0.5
0.5,0.5,0.5,0.5,0.5,0.5,0.5,0.5,0.5,0.499999,0.499999,0.499998,0.499996,0.499992,0.499985,0.499974,0.499955,0.499927,0.499883,0.499821,0.499734,0.499618,0.49947,0.499289,0.499077,0.498841,0.498591,0.498343,0.498113,0.497921,0.497782,0.497709,0.497709,0.497782,0.497921,0.498113,0.498343,0.498591,0.498841,0.499077,0.499289,0.49947,0.499618,0.499734,0.499821,0.499883,0.499927,0.499955,0.499974,0.499985,0.499992,0.499996,0.499998,0.499999,0.499999,0.5,0.5,0.5,0.5,0.5,0.5,0.5,0.5,0.5
0.5,0.5,0.5,0.5,0.5,0.5,0.5,0.5,0.5,0.499999,0.499998,0.499996,0.499992,0.499985,0.499972,0.499951,0.499916,0.499863,0.499783,0.499667,0.499507,0.499293,0.499021,0.498689,0.4983,0.497868,0.497412,0.496959,0.496541,0.49619,0.495937,0.495805,0.495805,0.495937,0.49619,0.496541,0.496959,0.497412,0.497868,0.4983,0.498689,0.499021,0.499293,0.499507,0.499667,0.499783,0.499863,0.499916,0.499951,0.499972,0.499985,0.499992,0.499996,0.499998,0.499999,0.5,0.5,0.5,0.5,0.5,0.5,0.5,0.5,0.5
0.5,0.5,0.5,0.5,0.5,0.5,0.5,0.5,0.499999,0.499998,0.499996,0.499992,0.499985,0.499972,0.499949,0.499911,0.499849,0.499753,0.499609,0.499402,0.499116,0.498736,0.498253,0.497664,0.496977,0.496214,0.49541,0.494613,0.493878,0.493263,0.492819,0.492586,0.492586,0.492819,0.493263,0.493878,0.494613,0.49541,0.496214,0.496977,0.497664,0.498253,0.498736,0.499116,0.499402,0.499609,0.499753,0.499849,0.499911,0.499949,0.499972,0.499985,0.499992,0.499996,0.499998,0.499999,0.5,0.5,0.5,0.5,0.5,0.5,0.5,0.5
0.5,0.5,0.5,0.5,0.5,0.5,0.5,0.499999,0.499999,0.499997,0.499993,0.499986,0.499974,0.499951,0.499911,0.499844,0.499736,0.499569,0.49932,0.498963,0.49847,0.497818,0.49699,0.495982,0.494809,0.493509,0.492142,0.490788,0.489541,0.488498,0.487746,0.487352,0.487352,0.487746,0.488498,0.489541,0.490788,0.492142,0.493509,0.494809,0.495982,0.49699,0.497818,0.49847,0.498963,0.49932,0.499569,0.499736,0.499844,0.499911,0.499951,0.499974,0.499986,0.499993,0.499997,0.499999,0.499999,0.5,0.5,0.5,0.5,0.5,0.5,0.5
0.5,0.5,0.5,0.5,0.5,0.5,0.5,0.499999,0.499997,0.499994,0.499989,0.499977,0.499955,0.499916,0.499849,0.499736,0.499555,0.499275,0.498859,0.498263,0.497443,0.496361,0.494989,0.493324,0.491391,0.489252,0.487007,0.484787,0.482745,0.481039,0.47981,0.479166,0.479166,0.47981,0.481039,0.482745,0.484787,0.487007,0.489252,0.491391,0.493324,0.494989,0.496361,0.497443,0.498263,0.498859,0.499275,0.499555,0.499736,0.499849,0.499916,0.499955,0.499977,0.499989,0.499994,0.499997,0.499999,0.5,0.5,0.5,0.5,0.5,0.5,0.5
0.5,0.5,0.5,0.5,0.5,0.5,0.499999,0.499998,0.499996,0.499991,0.499981,0.499962,0.499927,0.499863,0.499753,0.499569,0.499275,0.498822,0.498149,0.497189,0.495872,0.494136,0.491942,0.489285,0.486207,0.482808,0.479248,0.475733,0.472505,0.46981,0.46787,0.466855,0.466855,0.46787,0.46981,0.472505,0.475733,0.479248,0.482808,0.486207,0.489285,0.491942,0.494136,0.495872,0.497189,0.498149,0.498822,0.499275,0.499569,0.499753,0.499863,0.499927,0.499962,0.499981,0.499991,0.499996,0.499998,0.499999,0.5,0.5,0.5,0.5,0.5,0.5
0.5,0.5,0.5,0.5,0.5,0.499999,0.499999,0.499997,0.499993,0.499985,0.49997,0.49994,0.499883,0.499783,0.499609,0.49932,0.498859,0.498149,0.497098,0.495603,0.493557,0.490868,0.487477,0.48338,0.478645,0.473428,0.467973,0.462597,0.457666,0.453554,0.450598,0.449051,0.449051,0.450598,0.453554,0.457666,0.462597,0.467973,0.473428,0.478645,0.48338,0.487477,0.490868,0.493557,0.495603,0.497098,0.498149,0.498859,0.49932,0.499609,0.499783,0.499883,0.49994,0.49997,0.499985,0.499993,0.499997,0.499999,0.499999,0.5,0.5,0.5,0.5,0.5
0.5,0.5,0.5,0.5,0.5,0.499999,0.499998,0.499995,0.499989,0.499977,0.499953,0.499907,0.499821,0.499667,0.499402,0.498963,0.498263,0.497189,0.495603,0.493352,0.490279,0.486252,0.481186,0.475079,0.468039,0.460299,0.452221,0.444274,0.436997,0.430935,0.426581,0.424305,0.424305,0.426581,0.430935,0.436997,0.444274,0.452221,0.460299,0.468039,0.475079,0.481186,0.486252,0.490279,0.493352,0.495603,0.497189,0.498263,0.498963,0.499402,0.499667,0.499821,0.499907,0.499953,0.499977,0.499989,0.499995,0.499998,0.499999,0.5,0.5,0.5,0.5,0.5
0.5,0.5,0.5,0.5,0.499999,0.499999,0.499997,0.499993,0.499984,0.499966,0.499931,0.499862,0.499734,0.499507,0.499116,0.49847,0.497443,0.495872,0.493557,0.490279,0.485818,0.479985,0.472666,0.463865,0.453743,0.442639,0.431073,0.419716,0.409332,0.400694,0.394494,0.391254,0.391254,0.394494,0.400694,0.409332,0.419716,0.431073,0.442639,0.453743,0.463865,0.472666,0.479985,0.485818,0.490279,0.493557,0.495872,0.497443,0.49847,0.499116,0.499507,0.499734,0.499862,0.499931,0.499966,0.499984,0.499993,0.499997,0.499999,0.499999,0.5,0.5,0.5,0.5
0.5,0.5,0.5,0.5,0.499999,0.499998,0.499996,0.49999,0.499977,0.499951,0.4999,0.499801,0.499618,0.499293,0.498736,0.497818,0.496361,0.494136,0.490868,0.486252,0.479985,0.471812,0.461583,0.449312,0.435233,0.419822,0.403804,0.388104,0.37377,0.361862,0.353323,0.348863,0.348863,0.353323,0.361862,0.37377,0.388104,0.403804,0.419822,0.435233,0.449312,0.461583,0.471812,0.479985,0.486252,0.490868,0.494136,0.496361,0.497818,0.498736,0.499293,0.499618,0.499801,0.4999,0.499951,0.499977,0.49999,0.499996,0.499998,0.499999,0.5,0.5,0.5,0.5
0.5,0.5,0.5,0.5,0.499999,0.499997,0.499994,0.499986,0.499968,0.499932,0.499861,0.499723,0.49947,0.499021,0.498253,0.49699,0.494989,0.491942,0.487477,0.481186,0.472666,0.461583,0.447745,0.431187,0.412232,0.391532,0.370059,0.349051,0.329902,0.314013,0.302631,0.29669,0.29669,0.302631,0.314013,0.329902,0.349051,0.370059,0.391532,0.412232,0.431187,0.447745,0.461583,0.472666,0.481186,0.487477,0.491942,0.494989,0.49699,0.498253,0.499021,0.49947,0.499723,0.499861,0.499932,0.499968,0.499986,0.499994,0.499997,0.499999,0.5,0.5,0.5,0.5
0.5,0.5,0.5,0.499999,0.499999,0.499996,0.499991,0.499981,0.499957,0.499909,0.499812,0.499628,0.499289,0.498689,0.497664,0.495982,0.493324,0.489285,0.48338,0.475079,0.463865,0.449312,0.431187,0.40955,0.384838,0.357908,0.33003,0.302806,0.278029,0.257497,0.242802,0.235136,0.235136,0.242802,0.257497,0.278029,0.302806,0.33003,0.357908,0.384838,0.40955,0.431187,0.449312,0.463865,0.475079,0.48338,0.489285,0.493324,0.495982,0.497664,0.498689,0.499289,0.499628,0.499812,0.499909,0.499957,0.499981,0.499991,0.499996,0.499999,0.499999,0.5,0.5,0.5
0.5,0.5,0.5,0.499999,0.499998,0.499995,0.499989,0.499975,0.499944,0.499881,0.499756,0.499517,0.499077,0.4983,0.496977,0.494809,0.491391,0.486207,0.478645,0.468039,0.453743,0.435233,0.412232,0.384838,0.353618,0.319669,0.284594,0.250402,0.219332,0.193616,0.175229,0.165641,0.165641,0.175229,0.193616,0.219332,0.250402,0.284594,0.319669,0.353618,0.384838,0.412232,0.435233,0.453743,0.468039,0.478645,0.486207,0.491391,0.494809,0.496977,0.4983,0.499077,0.499517,0.499756,0.499881,0.499944,0.499975,0.499989,0.499995,0.499998,0.499999,0.5,0.5,0.5
0.5,0.5,0.5,0.499999,0.499998,0.499994,0.499986,0.499968,0.499929,0.49985,0.499692,0.499392,0.498841,0.497868,0.496214,0.493509,0.489252,0.482808,0.473428,0.460299,0.442639,0.419822,0.391532,0.357908,0.319669,0.278171,0.235376,0.193728,0.155938,0.124698,0.102381,0.0907505,0.0907505,0.102381,0.124698,0.155938,0.193728,0.235376,0.278171,0.319669,0.357908,0.391532,0.419822,0.442639,0.460299,0.473428,0.482808,0.489252,0.493509,0.496214,0.497868,0.498841,0.499392,0.499692,0.49985,0.499929,0.499968,0.499986,0.499994,0.499998,0.499999,0.5,0.5,0.5
0.5,0.5,0.5,0.499999,0.499997,0.499993,0.499983,0.499961,0.499913,0.499817,0.499625,0.49926,0.498591,0.497412,0.49541,0.492142,0.487007,0.479248,0.467973,0.452221,0.431073,0.403804,0.370059,0.33003,0.284594,0.235376,0.184707,0.135473,0.0908602,0.054021,0.0277246,0.0140283,0.0140283,0.0277246,0.054021,0.0908602,0.135473,0.184707,0.235376,0.284594,0.33003,0.370059,0.403804,0.431073,0.452221,0.467973,0.479248,0.487007,0.492142,0.49541,0.497412,0.498591,0.49926,0.499625,0.499817,0.499913,0.499961,0.499983,0.499993,0.499997,0.499999,0.5,0.5,0.5
0.5,0.5,0.499999,0.499999,0.499996,0.499991,0.49998,0.499953,0.499898,0.499784,0.499558,0.499129,0.498343,0.496959,0.494613,0.490788,0.484787,0.475733,0.462597,0.444274,0.419716,0.388104,0.349051,0.302806,0.250402,0.193728,0.135473,0.0789476,0.0277887,-0.0144137,-0.0445161,-0.0601877,-0.0601877,-0.0445161,-0.0144137,0.0277887,0.0789476,0.135473,0.193728,0.250402,0.302806,0.349051,0.388104,0.419716,0.444274,0.462597,0.475733,0.484787,0.490788,0.494613,0.496959,0.498343,0.499129,0.499558,0.499784,0.499898,0.499953,0.49998,0.499991,0.499996,0.499999,0.499999,0.5,0.5
0.5,0.5,0.499999,0.499998,0.499996,0.49999,0.499977,0.499947,0.499883,0.499753,0.499496,0.499007,0.498113,0.496541,0.493878,0.489541,0.482745,0.472505,0.457666,0.436997,0.409332,0.37377,0.329902,0.278029,0.219332,0.155938,0.0908602,0.0277887,-0.0292358,-0.076237,-0.109741,-0.127177,-0.127177,-0.109741,-0.076237,-0.0292358,0.0277887,0.0908602,0.155938,0.219332,0.278029,0.329902,0.37377,0.409332,0.436997,0.457666,0.472505,0.482745,0.489541,0.493878,0.496541,0.498113,0.499007,0.499496,0.499753,0.499883,0.499947,0.499977,0.49999,0.499996,0.499998,0.499999,0.5,0.5
0.5,0.5,0.499999,0.499998,0.499996,0.499989,0.499974,0.499941,0.499871,0.499727,0.499444,0.498905,0.497921,0.49619,0.493263,0.488498,0.481039,0.46981,0.453554,0.430935,0.400694,0.361862,0.314013,0.257497,0.193616,0.124698,0.054021,-0.0144137,-0.076237,-0.12716,-0.163441,-0.182316,-0.182316,-0.163441,-0.12716,-0.076237,-0.0144137,0.054021,0.124698,0.193616,0.257497,0.314013,0.361862,0.400694,0.430935,0.453554,0.46981,0.481039,0.488498,0.493263,0.49619,0.497921,0.498905,0.499444,0.499727,0.499871,0.499941,0.499974,0.499989,0.499996,0.499998,0.499999,0.5,0.5
0.5,0.5,0.499999,0.499998,0.499995,0.499988,0.499972,0.499937,0.499862,0.499709,0.499406,0.498831,0.497782,0.495937,0.492819,0.487746,0.47981,0.46787,0.450598,0.426581,0.394494,0.353323,0.302631,0.242802,0.175229,0.102381,0.0277246,-0.0445161,-0.109741,-0.163441,-0.201688,-0.221582,-0.221582,-0.201688,-0.163441,-0.109741,-0.0445161,0.0277246,0.102381,0.175229,0.242802,0.302631,0.353323,0.394494,0.426581,0.450598,0.46787,0.47981,0.487746,0.492819,0.495937,0.497782,0.498831,0.499406,0.499709,0.499862,0.499937,0.499972,0.499988,0.499995,0.499998,0.499999,0.5,0.5
0.5,0.5,0.499999,0.499998,0.499995,0.499988,0.499971,0.499935,0.499858,0.499699,0.499386,0.498793,0.497709,0.495805,0.492586,0.487352,0.479166,0.466855,0.449051,0.424305,0.391254,0.348863,0.29669,0.235136,0.165641,0.0907505,0.0140283,-0.0601877,-0.127177,-0.182316,-0.221582,-0.242003,-0.242003,-0.221582,-0.182316,-0.127177,-0.0601877,0.0140283,0.0907505,0.165641,0.235136,0.29669,0.348863,0.391254,0.424305,0.449051,0.466855,0.479166,0.487352,0.492586,0.495805,0.497709,0.498793,0.499386,0.499699,0.499858,0.499935,0.499971,0.499988,0.499995,0.499998,0.499999,0.5,0.5
0.5,0.5,0.499999,0.499998,0.499995,0.499988,0.499971,0.499935,0.499858,0.499699,0.499386,0.498793,0.497709,0.495805,0.492586,0.487352,0.479166,0.466855,0.449051,0.424305,0.391254,0.348863,0.29669,0.235136,0.165641,0.0907505,0.0140283,-0.0601877,-0.127177,-0.182316,-0.221582,-0.242003,-0.242003,-0.221582,-0.182316,-0.127177,-0.0601877,0.0140283,0.0907505,0.165641,0.235136,0.29669,0.348863,0.391254,0.424305,0.449051,0.466855,0.479166,0.487352,0.492586,0.495805,0.497709,0.498793,0.499386,0.499699,0.499858,0.499935,0.499971,0.499988,0.499995,0.499998,0.499999,0.5,0.5
0.5,0.5,0.499999,0.499998,0.499995,0.499988,0.499972,0.499937,0.499862,0.499709,0.499406,0.498831,0.497782,0.495937,0.492819,0.487746,0.47981,0.46787,0.450598,0.426581,0.394494,0.353323,0.302631,0.242802,0.175229,0.102381,0.0277246,-0.0445161,-0.109741,-0.163441,-0.201688,-0.221582,-0.221582,-0.201688,-0.163441,-0.109741,-0.0445161,0.0277246,0.102381,0.175229,0.242802,0.302631,0.353323,0.394494,0.426581,0.450598,0.46787,0.47981,0.487746,0.492819,0.495937,0.497782,0.498831,0.499406,0.499709,0.499862,0.499937,0.499972,0.499988,0.499995,0.499998,0.499999,0.5,0.5
0.5,0.5,0.499999,0.499998,0.499996,0.499989,0.499974,0.499941,0.499871,0.499727,0.499444,0.498905,0.497921,0.49619,0.493263,0.488498,0.481039,0.46981,0.453554,0.430935,0.400694,0.361862,0.314013,0.257497,0.193616,0.124698,0.054021,-0.0144137,-0.076237,-0.12716,-0.163441,-0.182316,-0.182316,-0.163441,-0.12716,-0.076237,-0.0144137,0.054021,0.124698,0.193616,0.257497,0.314013,0.361862,0.400694,0.430935,0.453554,0.46981,0.481039,0.488498,0.493263,0.49619,0.497921,0.498905,0.499444,0.499727,0.499871,0.499941,0.499974,0.499989,0.499996,0.499998,0.499999,0.5,0.5
0.5,0.5,0.499999,0.499998,0.499996,0.49999,0.499977,0.499947,0.499883,0.499753,0.499496,0.499007,0.498113,0.496541,0.493878,0.489541,0.482745,0.472505,0.457666,0.436997,0.409332,0.37377,0.329902,0.278029,0.219332,0.155938,0.0908602,0.0277887,-0.0292358,-0.076237,-0.109741,-0.127177,-0.127177,-0.109741,-0.076237,-0.0292358,0.0277887,0.0908602,0.155938,0.219332,0.278029,0.329902,0.37377,0.409332,0.436997,0.457666,0.472505,0.482745,0.489541,0.493878,0.496541,0.498113,0.499007,0.499496,0.499753,0.499883,0.499947,0.499977,0.49999,0.499996,0.499998,0.499999,0.5,0.5
0.5,0.5,0.499999,0.499999,0.499996,0.499991,0.49998,0.499953,0.499898,0.499784,0.499558,0.499129,0.498343,0.496959,0.494613,0.490788,0.484787,0.475733,0.462597,0.444274,0.419716,0.388104,0.349051,0.302806,0.250402,0.193728,0.135473,0.0789476,0.0277887,-0.0144137,-0.0445161,-0.0601877,-0.0601877,-0.0445161,-0.0144137,0.0277887,0.0789476,0.135473,0.193728,0.250402,0.302806,0.349051,0.388104,0.419716,0.444274,0.462597,0.475733,0.484787,0.490788,0.494613,0.496959,0.498343,0.499129,0.499558,0.499784,0.499898,0.499953,0.49998,0.499991,0.499996,0.499999,0.499999,0.5,0.5
0.5,0.5,0.5,0.499999,0.499997,0.499993,0.499983,0.499961,0.499913,0.499817,0.499625,0.49926,0.498591,0.497412,0.49541,0.492142,0.487007,0.479248,0.467973,0.452221,0.431073,0.403804,0.370059,0.33003,0.284594,0.235376,0.184707,0.135473,0.0908602,0.054021,0.0277246,0.0140283,0.0140283,0.0277246,0.054021,0.0908602,0.135473,0.184707,0.235376,0.284594,0.33003,0.370059,0.403804,0.431073,0.452221,0.467973,0.479248,0.487007,0.492142,0.49541,0.497412,0.498591,0.49926,0.499625,0.499817,0.499913,0.499961,0.499983,0.499993,0.499997,0.499999,0.5,0.5,0.5
0.5,0.5,0.5,0.499999,0.499998,0.499994,0.499986,0.499968,0.499929,0.49985,0.499692,0.499392,0.498841,0.497868,0.496214,0.493509,0.489252,0.482808,0.473428,0.460299,0.442639,0.419822,0.391532,0.357908,0.319669,0.278171,0.235376,0.193728,0.155938,0.124698,0.102381,0.0907505,0.0907505,0.102381,0.124698,0.155938,0.193728,0.235376,0.278171,0.319669,0.357908,0.391532,0.419822,0.442639,0.460299,0.473428,0.482808,0.489252,0.493509,0.496214,0.497868,0.498841,0.499392,0.499692,0.49985,0.499929,0.499968,0.499986,0.499994,0.499998,0.499999,0.5,0.5,0.5
0.5,0.5,0.5,0.499999,0.499998,0.499995,0.499989,0.499975,0.499944,0.499881,0.499756,0.499517,0.499077,0.4983,0.496977,0.494809,0.491391,0.486207,0.478645,0.468039,0.453743,0.435233,0.412232,0.384838,0.353618,0.319669,0.284594,0.250402,0.219332,0.193616,0.175229,0.165641,0.165641,0.175229,0.193616,0.219332,0.250402,0.284594,0.319669,0.353618,0.384838,0.412232,0.435233,0.453743,0.468039,0.478645,0.486207,0.491391,0.494809,0.496977,0.4983,0.499077,0.499517,0.499756,0.499881,0.499944,0.499975,0.499989,0.499995,0.499998,0.499999,0.5,0.5,0.5
0.5,0.5,0.5,0.499999,0.499999,0.499996,0.499991,0.499981,0.499957,0.499909,0.499812,0.499628,0.499289,0.498689,0.497664,0.495982,0.493324,0.489285,0.48338,0.475079,0.463865,0.449312,0.431187,0.40955,0.384838,0.357908,0.33003,0.302806,0.278029,0.257497,0.242802,0.235136,0.235136,0.242802,0.257497,0.278029,0.302806,0.33003,0.357908,0.384838,0.40955,0.431187,0.449312,0.463865,0.475079,0.48338,0.489285,0.493324,0.495982,0.497664,0.498689,0.499289,0.499628,0.499812,0.499909,0.499957,0.499981,0.499991,0.499996,0.499999,0.499999,0.5,0.5,0.5
0.5,0.5,0.5,0.5,0.499999,0.499997,0.499994,0.499986,0.499968,0.499932,0.499861,0.499723,0.49947,0.499021,0.498253,0.49699,0.494989,0.491942,0.487477,0.481186,0.472666,0.461583,0.447745,0.431187,0.412232,0.391532,0.370059,0.349051,0.329902,0.314013,0.302631,0.29669,0.29669,0.302631,0.314013,0.329902,0.349051,0.370059,0.391532,0.412232,0.431187,0.447745,0.461583,0.472666,0.481186,0.487477,0.491942,0.494989,0.49699,0.498253,0.499021,0.49947,0.499723,0.499861,0.499932,0.499968,0.499986,0.499994,0.499997,0.499999,0.5,0.5,0.5,0.5
0.5,0.5,0.5,0.5,0.499999,0.499998,0.499996,0.49999,0.499977,0.499951,0.4999,0.499801,0.499618,0.499293,0.498736,0.497818,0.496361,0.494136,0.490868,0.486252,0.479985,0.471812,0.461583,0.449312,0.435233,0.419822,0.403804,0.388104,0.37377,0.361862,0.353323,0.348863,0.348863,0.353323,0.361862,0.37377,0.388104,0.403804,0.419822,0.435233,0.449312,0.461583,0.471812,0.479985,0.486252,0.490868,0.494136,0.496361,0.497818,0.498736,0.499293,0.499618,0.499801,0.4999,0.499951,0.499977,0.49999,0.499996,0.499998,0.499999,0.5,0.5,0.5,0.5
0.5,0.5,0.5,0.5,0.499999,0.499999,0.499997,0.499993,0.499984,0.499966,0.499931,0.499862,0.499734,0.499507,0.499116,0.49847,0.497443,0.495872,0.493557,0.490279,0.485818,0.479985,0.472666,0.463865,0.453743,0.442639,0.431073,0.419716,0.409332,0.400694,0.394494,0.391254,0.391254,0.394494,0.400694,0.409332,0.419716,0.431073,0.442639,0.453743,0.463865,0.472666,0.479985,0.485818,0.490279,0.493557,0.495872,0.497443,0.49847,0.499116,0.499507,0.499734,0.499862,0.499931,0.499966,0.499984,0.499993,0.499997,0.499999,0.499999,0.5,0.5,0.5,0.5
0.5,0.5,0.5,0.5,0.5,0.499999,0.499998,0.499995,0.499989,0.499977,0.499953,0.499907,0.499821,0.499667,0.499402,0.498963,0.498263,0.497189,0.495603,0.493352,0.490279,0.486252,0.481186,0.475079,0.468039,0.460299,0.452221,0.444274,0.436997,0.430935,0.426581,0.424305,0.424305,0.426581,0.430935,0.436997,0.444274,0.452221,0.460299,0.468039,0.475079,0.481186,0.486252,0.490279,0.493352,0.495603,0.497189,0.498263,0.498963,0.499402,0.499667,0.499821,0.499907,0.499953,0.499977,0.499989,0.499995,0.499998,0.499999,0.5,0.5,0.5,0.5,0.5
0.5,0.5,0.5,0.5,0.5,0.499999,0.499999,0.499997,0.499993,0.499985,0.49997,0.49994,0.499883,0.499783,0.499609,0.49932,0.498859,0.498149,0.497098,0.495603,0.493557,0.490868,0.487477,0.48338,0.478645,0.473428,0.467973,0.462597,0.457666,0.453554,0.450598,0.449051,0.449051,0.450598,0.453554,0.457666,0.462597,0.467973,0.473428,0.478645,0.48338,0.487477,0.490868,0.493557,0.495603,0.497098,0.498149,0.498859,0.49932,0.499609,0.499783,0.499883,0.49994,0.49997,0.499985,0.499993,0.499997,0.499999,0.499999,0.5,0.5,0.5,0.5,0.5
0.5,0.5,0.5,0.5,0.5,0.5,0.499999,0.499998,0.499996,0.499991,0.499981,0.499962,0.499927,0.499863,0.499753,0.499569,0.499275,0.498822,0.498149,0.497189,0.495872,0.494136,0.491942,0.489285,0.486207,0.482808,0.479248,0.475733,0.472505,0.46981,0.46787,0.466855,0.466855,0.46787,0.46981,0.472505,0.475733,0.479248,0.482808,0.486207,0.489285,0.491942,0.494136,0.495872,0.497189,0.498149,0.498822,0.499275,0.499569,0.499753,0.499863,0.499927,0.499962,0.499981,0.499991,0.499996,0.499998,0.499999,0.5,0.5,0.5,0.5,0.5,0.5
0.5,0.5,0.5,0.5,0.5,0.5,0.5,0.499999,0.499997,0.499994,0.499989,0.499977,0.499955,0.499916,0.499849,0.499736,0.499555,0.499275,0.498859,0.498263,0.497443,0.496361,0.494989,0.493324,0.491391,0.489252,0.487007,0.484787,0.482745,0.481039,0.47981,0.479166,0.479166,0.47981,0.481039,0.482745,0.484787,0.487007,0.489252,0.491391,0.493324,0.494989,0.496361,0.497443,0.498263,0.498859,0.499275,0.499555,0.499736,0.499849,0.499916,0.499955,0.499977,0.499989,0.499994,0.499997,0.499999,0.5,0.5,0.5,0.5,0.5,0.5,0.5
0.5,0.5,0.5,0.5,0.5,0.5,0.5,0.499999,0.499999,0.499997,0.499993,0.499986,0.499974,0.499951,0.499911,0.499844,0.499736,0.499569,0.49932,0.498963,0.49847,0.497818,0.49699,0.495982,0.494809,0.493509,0.492142,0.490788,0.489541,0.488498,0.487746,0.487352,0.487352,0.487746,0.488498,0.489541,0.490788,0.492142,0.493509,0.494809,0.495982,0.49699,0.497818,0.49847,0.498963,0.49932,0.499569,0.499736,0.499844,0.499911,0.499951,0.499974,0.499986,0.499993,0.499997,0.499999,0.499999,0.5,0.5,0.5,0.5,0.5,0.5,0.5
0.5,0.5,0.5,0.5,0.5,0.5,0.5,0.5,0.499999,0.499998,0.499996,0.499992,0.499985,0.499972,0.499949,0.499911,0.499849,0.499753,0.499609,0.499402,0.499116,0.498736,0.498253,0.497664,0.496977,0.496214,0.49541,0.494613,0.493878,0.493263,0.492819,0.492586,0.492586,0.492819,0.493263,0.493878,0.494613,0.49541,0.496214,0.496977,0.497664,0.498253,0.498736,0.499116,0.499402,0.499609,0.499753,0.499849,0.499911,0.499949,0.499972,0.499985,0.499992,0.499996,0.499998,0.499999,0.5,0.5,0.5,0.5,0.5,0.5,0.5,0.5
0.5,0.5,0.5,0.5,0.5,0.5,0.5,0.5,0.5,0.499999,0.499998,0.499996,0.499992,0.499985,0.499972,0.499951,0.499916,0.499863,0.499783,0.499667,0.499507,0.499293,0.499021,0.498689,0.4983,0.497868,0.497412,0.496959,0.496541,0.49619,0.495937,0.495805,0.495805,0.495937,0.49619,0.496541,0.496959,0.497412,0.497868,0.4983,0.498689,0.499021,0.499293,0.499507,0.499667,0.499783,0.499863,0.499916,0.499951,0.499972,0.499985,0.499992,0.499996,0.499998,0.499999,0.5,0.5,0.5,0.5,0.5,0.5,0.5,0.5,0.5
0.5,0.5,0.5,0.5,0.5,0.5,0.5,0.5,0.5,0.499999,0.499999,0.499998,0.499996,0.499992,0.499985,0.499974,0.499955,0.499927,0.499883,0.499821,0.499734,0.499618,0.49947,0.499289,0.499077,0.498841,0.498591,0.498343,0.498113,0.497921,0.497782,0.497709,0.497709,0.497782,0.497921,0.498113,0.498343,0.498591,0.498841,0.499077,0.499289,0.49947,0.499618,0.499734,0.499821,0.499883,0.499927,0.499955,0.499974,0.499985,0.499992,0.499996,0.499998,0.499999,0.499999,0.5,0.5,0.5,0.5,0.5,0.5,0.5,0.5,0.5
0.5,0.5,0.5,0.5,0.5,0.5,0.5,0.5,0.5,0.5,0.499999,0.499999,0.499998,0.499996,0.499992,0.499986,0.499977,0.499962,0.49994,0.499907,0.499862,0.499801,0.499723,0.499628,0.499517,0.499392,0.49926,0.499129,0.499007,0.498905,0.498831,0.498793,0.498793,0.498831,0.498905,0.499007,0.499129,0.49926,0.499392,0.499517,0.499628,0.499723,0.499801,0.499862,0.499907,0.49994,0.499962,0.499977,0.499986,0.499992,0.499996,0.499998,0.499999,0.499999,0.5,0.5,0.5,0.5,0.5,0.5,0.5,0.5,0.5,0.5
0.5,0.5,0.5,0.5,0.5,0.5,0.5,0.5,0.5,0.5,0.5,0.499999,0.499999,0.499998,0.499996,0.499993,0.499989,0.499981,0.49997,0.499953,0.499931,0.4999,0.499861,0.499812,0.499756,0.499692,0.499625,0.499558,0.499496,0.499444,0.499406,0.499386,0.499386,0.499406,0.499444,0.499496,0.499558,0.499625,0.499692,0.499756,0.499812,0.499861,0.4999,0.499931,0.499953,0.49997,0.499981,0.499989,0.499993,0.499996,0.499998,0.499999,0.499999,0.5,0.5,0.5,0.5,0.5,0.5,0.5,0.5,0.5,0.5,0.5
0.5,0.5,0.5,0.5,0.5,0.5,0.5,0.5,0.5,0.5,0.5,0.5,0.499999,0.499999,0.499998,0.499997,0.499994,0.499991,0.499985,0.499977,0.499966,0.499951,0.499932,0.499909,0.499881,0.49985,0.499817,0.499784,0.499753,0.499727,0.499709,0.499699,0.499699,0.499709,0.499727,0.499753,0.499784,0.499817,0.49985,0.499881,0.499909,0.499932,0.499951,0.499966,0.499977,0.499985,0.499991,0.499994,0.499997,0.499998,0.499999,0.499999,0.5,0.5,0.5,0.5,0.5,0.5,0.5,0.5,0.5,0.5,0.5,0.5
0.5,0.5,0.5,0.5,0.5,0.5,0.5,0.5,0.5,0.5,0.5,0.5,0.5,0.5,0.499999,0.499999,0.499997,0.499996,0.499993,0.499989,0.499984,0.499977,0.499968,0.499957,0.499944,0.499929,0.499913,0.499898,0.499883,0.499871,0.499862,0.499858,0.499858,0.499862,0.499871,0.499883,0.499898,0.499913,0.499929,0.499944,0.499957,0.499968,0.499977,0.499984,0.499989,0.499993,0.499996,0.499997,0.499999,0.499999,0.5,0.5,0.5,0.5,0.5,0.5,0.5,0.5,0.5,0.5,0.5,0.5,0.5,0.5
0.5,0.5,0.5,0.5,0.5,0.5,0.5,0.5,0.5,0.5,0.5,0.5,0.5,0.5,0.5,0.499999,0.499999,0.499998,0.499997,0.499995,0.499993,0.49999,0.499986,0.499981,0.499975,0.499968,0.499961,0.499953,0.499947,0.499941,0.499937,0.499935,0.499935,0.499937,0.499941,0.499947,0.499953,0.499961,0.499968,0.499975,0.499981,0.499986,0.49999,0.499993,0.499995,0.499997,0.499998,0.499999,0.499999,0.5,0.5,0.5,0.5,0.5,0.5,0.5,0.5,0.5,0.5,0.5,0.5,0.5,0.5,0.5
0.5,0.5,0.5,0.5,0.5,0.5,0.5,0.5,0.5,0.5,0.5,0.5,0.5,0.5,0.5,0.5,0.5,0.499999,0.499999,0.499998,0.499997,0.499996,0.499994,0.499991,0.499989,0.499986,0.499983,0.49998,0.499977,0.499974,0.499972,0.499971,0.499971,0.499972,0.499974,0.499977,0.49998,0.499983,0.499986,0.499989,0.499991,0.499994,0.499996,0.499997,0.499998,0.499999,0.499999,0.5,0.5,0.5,0.5,0.5,0.5,0.5,0.5,0.5,0.5,0.5,0.5,0.5,0.5,0.5,0.5,0.5
0.5,0.5,0.5,0.5,0.5,0.5,0.5,0.5,0.5,0.5,0.5,0.5,0.5,0.5,0.5,0.5,0.5,0.5,0.499999,0.499999,0.499999,0.499998,0.499997,0.499996,0.499995,0.499994,0.499993,0.499991,0.49999,0.499989,0.499988,0.499988,0.499988,0.499988,0.499989,0.49999,0.499991,0.499993,0.499994,0.499995,0.499996,0.499997,0.499998,0.499999,0.499999,0.499999,0.5,0.5,0.5,0.5,0.5,0.5,0.5,0.5,0.5,0.5,0.5,0.5,0.5,0.5,0.5,0.5,0.5,0.5
0.5,0.5,0.5,0.5,0.5,0.5,0.5,0.5,0.5,0.5,0.5,0.5,0.5,0.5,0.5,0.5,0.5,0.5,0.5,0.5,0.499999,0.499999,0.499999,0.499999,0.499998,0.499998,0.499997,0.499996,0.499996,0.499996,0.499995,0.499995,0.499995,0.499995,0.499996,0.499996,0.499996,0.499997,0.499998,0.499998,0.499999,0.499999,0.499999,0.499999,0.5,0.5,0.5,0.5,0.5,0.5,0.5,0.5,0.5,0.5,0.5,0.5,0.5,0.5,0.5,0.5,0.5,0.5,0.5,0.5
0.5,0.5,0.5,0.5,0.5,0.5,0.5,0.5,0.5,0.5,0.5,0.5,0.5,0.5,0.5,0.5,0.5,0.5,0.5,0.5,0.5,0.5,0.5,0.499999,0.499999,0.499999,0.499999,0.499999,0.499998,0.499998,0.499998,0.499998,0.499998,0.499998,0.499998,0.499998,0.499999,0.499999,0.499999,0.499999,0.499999,0.5,0.5,0.5,0.5,0.5,0.5,0.5,0.5,0.5,0.5,0.5,0.5,0.5,0.5,0.5,0.5,0.5,0.5,0.5,0.5,0.5,0.5,0.5
0.5,0.5,0.5,0.5,0.5,0.5,0.5,0.5,0.5,0.5,0.5,0.5,0.5,0.5,0.5,0.5,0.5,0.5,0.5,0.5,0.5,0.5,0.5,0.5,0.5,0.5,0.5,0.499999,0.499999,0.499999,0.499999,0.499999,0.499999,0.499999,0.499999,0.499999,0.499999,0.5,0.5,0.5,0.5,0.5,0.5,0.5,0.5,0.5,0.5,0.5,0.5,0.5,0.5,0.5,0.5,0.5,0.5,0.5,0.5,0.5,0.5,0.5,0.5,0.5,0.5,0.5
0.5,0.5,0.5,0.5,0.5,0.5,0.5,0.5,0.5,0.5,0.5,0.5,0.5,0.5,0.5,0.5,0.5,0.5,0.5,0.5,0.5,0.5,0.5,0.5,0.5,0.5,0.5,0.5,0.5,0.5,0.5,0.5,0.5,0.5,0.5,0.5,0.5,0.5,0.5,0.5,0.5,0.5,0.5,0.5,0.5,0.5,0.5,0.5,0.5,0.5,0.5,0.5,0.5,0.5,0.5,0.5,0.5,0.5,0.5,0.5,0.5,0.5,0.5,0.5
0.5,0.5,0.5,0.5,0.5,0.5,0.5,0.5,0.5,0.5,0.5,0.5,0.5,0.5,0.5,0.5,0.5,0.5,0.5,0.5,0.5,0.5,0.5,0.5,0.5,0.5,0.5,0.5,0.5,0.5,0.5,0.5,0.5,0.5,0.5,0.5,0.5,0.5,0.5,0.5,0.5,0.5,0.5,0.5,0.5,0.5,0.5,0.5,0.5,0.5,0.5,0.5,0.5,0.5,0.5,0.5,0.5,0.5,0.5,0.5,0.5,0.5,0.5,0.5
