0.5,0.5,0.5,0.5,0.5,0.5,0.5,0.5,0.499999,0.499999,0.499998,0.499996,0.499993,0.499989,0.499982,0.499973,0.49996,0.499942,0.499919,0.499889,0.499852,0.499807,0.499755,0.499696,0.499633,0.499568,0.499503,0.499441,0.499387,0.499342,0.499311,0.499295,0.499295,0.499311,0.499342,0.499387,0.499441,0.499503,0.499568,0.499633,0.499696,0.499755,0.499807,0.499852,0.499889,0.499919,0.499942,0.49996,0.499973,0.499982,0.499989,0.499993,0.499996,0.499998,0.499999,0.499999,0.5,0.5,0.5,0.5,0.5,0.5,0.5,0.5
0.5,0.5,0.5,0.5,0.5,0.5,0.5,0.5,0.499999,0.499999,0.499998,0.499996,0.499993,0.499989,0.499982,0.499973,0.49996,0.499942,0.499919,0.499889,0.499852,0.499807,0.499755,0.499696,0.499633,0.499568,0.499503,0.499441,0.499387,0.499342,0.499311,0.499295,0.499295,0.499311,0.499342,0.499387,0.499441,0.499503,0.499568,0.499633,0.499696,0.499755,0.499807,0.499852,0.499889,0.499919,0.499942,0.49996,0.499973,0.499982,0.499989,0.499993,0.499996,0.499998,0.499999,0.499999,0.5,0.5,0.5,0.5,0.5,0.5,0.5,0.5
0.5,0.5,0.5,0.5,0.5,0.5,0.5,0.499999,0.499999,0.499998,0.499996,0.499993,0.499989,0.499982,0.499973,0.499959,0.499939,0.499912,0.499877,0.499833,0.499778,0.499712,0.499636,0.499552,0.49946,0.499366,0.499272,0.499184,0.499106,0.499043,0.498998,0.498975,0.498975,0.498998,0.499043,0.499106,0.499184,0.499272,0.499366,0.49946,0.499552,0.499636,0.499712,0.499778,0.499833,0.499877,0.499912,0.499939,0.499959,0.499973,0.499982,0.499989,0.499993,0.499996,0.499998,0.499999,0.499999,0.5,0.5,0.5,0.5,0.5,0.5,0.5
0.5,0.5,0.5,0.5,0.5,0.5,0.499999,0.499999,0.499998,0.499996,0.499993,0.499987,0.499979,0.499967,0.499949,0.499924,0.499889,0.499841,0.499779,0.499701,0.499605,0.499491,0.49936,0.499214,0.499059,0.498898,0.49874,0.498591,0.49846,0.498354,0.49828,0.498241,0.498241,0.49828,0.498354,0.49846,0.498591,0.49874,0.498898,0.499059,0.499214,0.49936,0.499491,0.499605,0.499701,0.499779,0.499841,0.499889,0.499924,0.499949,0.499967,0.499979,0.499987,0.499993,0.499996,0.499998,0.499999,0.499999,0.5,0.5,0.5,0.5,0.5,0.5
0.5,0.5,0.5,0.5,0.5,0.499999,0.499999,0.499997,0.499995,0.499992,0.499985,0.499976,0.499961,0.499938,0.499904,0.499857,0.499791,0.499704,0.499591,0.499449,0.499277,0.499073,0.49884,0.498583,0.49831,0.498029,0.497753,0.497495,0.497268,0.497086,0.496957,0.496891,0.496891,0.496957,0.497086,0.497268,0.497495,0.497753,0.498029,0.49831,0.498583,0.49884,0.499073,0.499277,0.499449,0.499591,0.499704,0.499791,0.499857,0.499904,0.499938,0.499961,0.499976,0.499985,0.499992,0.499995,0.499997,0.499999,0.499999,0.5,0.5,0.5,0.5,0.5
0.5,0.5,0.5,0.5,0.499999,0.499999,0.499997,0.499995,0.499991,0.499984,0.499972,0.499954,0.499925,0.499883,0.499821,0.499734,0.499616,0.499459,0.499256,0.499004,0.498699,0.498342,0.497936,0.49749,0.497018,0.496535,0.496063,0.495624,0.495239,0.494929,0.494713,0.494601,0.494601,0.494713,0.494929,0.495239,0.495624,0.496063,0.496535,0.497018,0.49749,0.497936,0.498342,0.498699,0.499004,0.499256,0.499459,0.499616,0.499734,0.499821,0.499883,0.499925,0.499954,0.499972,0.499984,0.499991,0.499995,0.499997,0.499999,0.499999,0.5,0.5,0.5,0.5
0.5,0.5,0.5,0.499999,0.499999,0.499997,0.499995,0.49999,0.499983,0.499969,0.499948,0.499915,0.499863,0.499786,0.499676,0.499522,0.499313,0.499037,0.498686,0.49825,0.497727,0.497118,0.496431,0.495682,0.494891,0.494088,0.493306,0.492581,0.491948,0.49144,0.491084,0.490902,0.490902,0.491084,0.49144,0.491948,0.492581,0.493306,0.494088,0.494891,0.495682,0.496431,0.497118,0.497727,0.49825,0.498686,0.499037,0.499313,0.499522,0.499676,0.499786,0.499863,0.499915,0.499948,0.499969,0.499983,0.49999,0.499995,0.499997,0.499999,0.499999,0.5,0.5,0.5
0.5,0.5,0.499999,0.499999,0.499997,0.499995,0.49999,0.499982,0.499968,0.499945,0.499907,0.499847,0.499756,0.499622,0.499431,0.499165,0.498807,0.49834,0.497748,0.49702,0.496153,0.49515,0.494025,0.492806,0.491528,0.490237,0.488986,0.48783,0.486824,0.48602,0.485459,0.48517,0.48517,0.485459,0.48602,0.486824,0.48783,0.488986,0.490237,0.491528,0.492806,0.494025,0.49515,0.496153,0.49702,0.497748,0.49834,0.498807,0.499165,0.499431,0.499622,0.499756,0.499847,0.499907,0.499945,0.499968,0.499982,0.49999,0.499995,0.499997,0.499999,0.499999,0.5,0.5
0.499999,0.499999,0.499999,0.499998,0.499995,0.499991,0.499983,0.499968,0.499943,0.499902,0.499836,0.499733,0.499578,0.499351,0.499029,0.498585,0.497993,0.497226,0.496261,0.495085,0.493693,0.492095,0.490317,0.488402,0.486407,0.484404,0.482473,0.480696,0.479157,0.47793,0.477075,0.476637,0.476637,0.477075,0.47793,0.479157,0.480696,0.482473,0.484404,0.486407,0.488402,0.490317,0.492095,0.493693,0.495085,0.496261,0.497226,0.497993,0.498585,0.499029,0.499351,0.499578,0.499733,0.499836,0.499902,0.499943,0.499968,0.499983,0.499991,0.499995,0.499998,0.499999,0.499999,0.499999
0.499999,0.499999,0.499998,0.499996,0.499992,0.499984,0.499969,0.499945,0.499902,0.499832,0.499721,0.499549,0.499292,0.498919,0.498393,0.497676,0.496726,0.495506,0.493984,0.492144,0.489984,0.487524,0.484808,0.481903,0.478898,0.475899,0.473024,0.470393,0.468123,0.466319,0.465066,0.464424,0.464424,0.465066,0.466319,0.468123,0.470393,0.473024,0.475899,0.478898,0.481903,0.484808,0.487524,0.489984,0.492144,0.493984,0.495506,0.496726,0.497676,0.498393,0.498919,0.499292,0.499549,0.499721,0.499832,0.499902,0.499945,0.499969,0.499984,0.499992,0.499996,0.499998,0.499999,0.499999
0.499998,0.499998,0.499996,0.499993,0.499985,0.499972,0.499948,0.499907,0.499836,0.499721,0.49954,0.499261,0.498847,0.498252,0.497421,0.496296,0.494819,0.492939,0.490616,0.48783,0.484587,0.480926,0.476916,0.472662,0.468293,0.463963,0.459837,0.456083,0.452859,0.450305,0.448537,0.447632,0.447632,0.448537,0.450305,0.452859,0.456083,0.459837,0.463963,0.468293,0.472662,0.476916,0.480926,0.484587,0.48783,0.490616,0.492939,0.494819,0.496296,0.497421,0.498252,0.498847,0.499261,0.49954,0.499721,0.499836,0.499907,0.499948,0.499972,0.499985,0.499993,0.499996,0.499998,0.499998
0.499996,0.499996,0.499993,0.499987,0.499976,0.499954,0.499915,0.499847,0.499733,0.499549,0.499261,0.498822,0.498176,0.497255,0.49598,0.494269,0.492045,0.489238,0.485801,0.481718,0.477009,0.47174,0.466021,0.460003,0.453874,0.447845,0.442139,0.436977,0.432568,0.42909,0.426688,0.425461,0.425461,0.426688,0.42909,0.432568,0.436977,0.442139,0.447845,0.453874,0.460003,0.466021,0.47174,0.477009,0.481718,0.485801,0.489238,0.492045,0.494269,0.49598,0.497255,0.498176,0.498822,0.499261,0.499549,0.499733,0.499847,0.499915,0.499954,0.499976,0.499987,0.499993,0.499996,0.499996
0.499993,0.499993,0.499989,0.499979,0.499961,0.499925,0.499863,0.499756,0.499578,0.499292,0.498847,0.498176,0.497197,0.495812,0.493913,0.49139,0.488139,0.484077,0.479151,0.473356,0.466739,0.459406,0.451523,0.443303,0.435005,0.426909,0.419304,0.412472,0.406667,0.402111,0.398974,0.397375,0.397375,0.398974,0.402111,0.406667,0.412472,0.419304,0.426909,0.435005,0.443303,0.451523,0.459406,0.466739,0.473356,0.479151,0.484077,0.488139,0.49139,0.493913,0.495812,0.497197,0.498176,0.498847,0.499292,0.499578,0.499756,0.499863,0.499925,0.499961,0.499979,0.499989,0.499993,0.499993
0.499989,0.499989,0.499982,0.499967,0.499938,0.499883,0.499786,0.499622,0.499351,0.498919,0.498252,0.497255,0.495812,0.49379,0.491044,0.48743,0.482821,0.477118,0.470275,0.462309,0.453306,0.443434,0.432929,0.422087,0.411246,0.400764,0.391001,0.382294,0.374946,0.369206,0.36527,0.363269,0.363269,0.36527,0.369206,0.374946,0.382294,0.391001,0.400764,0.411246,0.422087,0.432929,0.443434,0.453306,0.462309,0.470275,0.477118,0.482821,0.48743,0.491044,0.49379,0.495812,0.497255,0.498252,0.498919,0.499351,0.499622,0.499786,0.499883,0.499938,0.499967,0.499982,0.499989,0.499989
0.499982,0.499982,0.499973,0.499949,0.499904,0.499821,0.499676,0.499431,0.499029,0.498393,0.497421,0.49598,0.493913,0.491044,0.487185,0.482159,0.475812,0.468045,0.458825,0.448209,0.436348,0.423486,0.409952,0.396137,0.382469,0.369389,0.357319,0.346645,0.337702,0.330759,0.326018,0.323614,0.323614,0.326018,0.330759,0.337702,0.346645,0.357319,0.369389,0.382469,0.396137,0.409952,0.423486,0.436348,0.448209,0.458825,0.468045,0.475812,0.482159,0.487185,0.491044,0.493913,0.49598,0.497421,0.498393,0.499029,0.499431,0.499676,0.499821,0.499904,0.499949,0.499973,0.499982,0.499982
0.499973,0.499973,0.499959,0.499924,0.499857,0.499734,0.499522,0.499165,0.498585,0.497676,0.496296,0.494269,0.49139,0.48743,0.482159,0.475362,0.466873,0.456599,0.444543,0.430825,0.41568,0.399458,0.382595,0.365589,0.348962,0.33323,0.318867,0.306288,0.295836,0.287777,0.282302,0.279535,0.279535,0.282302,0.287777,0.295836,0.306288,0.318867,0.33323,0.348962,0.365589,0.382595,0.399458,0.41568,0.430825,0.444543,0.456599,0.466873,0.475362,0.482159,0.48743,0.49139,0.494269,0.496296,0.497676,0.498585,0.499165,0.499522,0.499734,0.499857,0.499924,0.499959,0.499973,0.499973
0.49996,0.49996,0.499939,0.499889,0.499791,0.499616,0.499313,0.498807,0.497993,0.496726,0.494819,0.492045,0.488139,0.482821,0.475812,0.466873,0.455833,0.442626,0.427316,0.410112,0.391363,0.371543,0.351215,0.330988,0.311473,0.293243,0.276802,0.262562,0.250846,0.241885,0.235835,0.232788,0.232788,0.235835,0.241885,0.250846,0.262562,0.276802,0.293243,0.311473,0.330988,0.351215,0.371543,0.391363,0.410112,0.427316,0.442626,0.455833,0.466873,0.475812,0.482821,0.488139,0.492045,0.494819,0.496726,0.497993,0.498807,0.499313,0.499616,0.499791,0.499889,0.499939,0.49996,0.49996
0.499942,0.499942,0.499912,0.499841,0.499704,0.499459,0.499037,0.49834,0.497226,0.495506,0.492939,0.489238,0.484077,0.477118,0.468045,0.456599,0.442626,0.426113,0.407214,0.386258,0.363736,0.340266,0.316546,0.293294,0.271195,0.250852,0.232763,0.217301,0.204727,0.195203,0.18882,0.185621,0.185621,0.18882,0.195203,0.204727,0.217301,0.232763,0.250852,0.271195,0.293294,0.316546,0.340266,0.363736,0.386258,0.407214,0.426113,0.442626,0.456599,0.468045,0.477118,0.484077,0.489238,0.492939,0.495506,0.497226,0.49834,0.499037,0.499459,0.499704,0.499841,0.499912,0.499942,0.499942
0.499919,0.499919,0.499877,0.499779,0.499591,0.499256,0.498686,0.497748,0.496261,0.493984,0.490616,0.485801,0.479151,0.470275,0.458825,0.444543,0.427316,0.407214,0.384514,0.359698,0.333422,0.306464,0.279659,0.253819,0.229675,0.207828,0.188722,0.172647,0.15976,0.150117,0.143714,0.140523,0.140523,0.143714,0.150117,0.15976,0.172647,0.188722,0.207828,0.229675,0.253819,0.279659,0.306464,0.333422,0.359698,0.384514,0.407214,0.427316,0.444543,0.458825,0.470275,0.479151,0.485801,0.490616,0.493984,0.496261,0.497748,0.498686,0.499256,0.499591,0.499779,0.499877,0.499919,0.499919
0.499889,0.499889,0.499833,0.499701,0.499449,0.499004,0.49825,0.49702,0.495085,0.492144,0.48783,0.481718,0.473356,0.462309,0.448209,0.430825,0.410112,0.386258,0.359698,0.331094,0.301289,0.271227,0.241869,0.214099,0.188658,0.166095,0.146756,0.1308,0.118238,0.108984,0.102914,0.0999118,0.0999118,0.102914,0.108984,0.118238,0.1308,0.146756,0.166095,0.188658,0.214099,0.241869,0.271227,0.301289,0.331094,0.359698,0.386258,0.410112,0.430825,0.448209,0.462309,0.473356,0.481718,0.48783,0.492144,0.495085,0.49702,0.49825,0.499004,0.499449,0.499701,0.499833,0.499889,0.499889
0.499852,0.499852,0.499778,0.499605,0.499277,0.498699,0.497727,0.496153,0.493693,0.489984,0.484587,0.477009,0.466739,0.453306,0.436348,0.41568,0.391363,0.363736,0.333422,0.301289,0.268376,0.235793,0.204603,0.17573,0.14988,0.127501,0.108793,0.0937391,0.0821663,0.073821,0.0684391,0.0658071,0.0658071,0.0684391,0.073821,0.0821663,0.0937391,0.108793,0.127501,0.14988,0.17573,0.204603,0.235793,0.268376,0.301289,0.333422,0.363736,0.391363,0.41568,0.436348,0.453306,0.466739,0.477009,0.484587,0.489984,0.493693,0.496153,0.497727,0.498699,0.499277,0.499605,0.499778,0.499852,0.499852
0.499807,0.499807,0.499712,0.499491,0.499073,0.498342,0.497118,0.49515,0.492095,0.487524,0.480926,0.47174,0.459406,0.443434,0.423486,0.399458,0.371543,0.340266,0.306464,0.271227,0.235793,0.201416,0.16924,0.140182,0.114865,0.093592,0.0763686,0.0629656,0.0530031,0.0460414,0.0416677,0.0395661,0.0395661,0.0416677,0.0460414,0.0530031,0.0629656,0.0763686,0.093592,0.114865,0.140182,0.16924,0.201416,0.235793,0.271227,0.306464,0.340266,0.371543,0.399458,0.423486,0.443434,0.459406,0.47174,0.480926,0.487524,0.492095,0.49515,0.497118,0.498342,0.499073,0.499491,0.499712,0.499807,0.499807
0.499755,0.499755,0.499636,0.49936,0.49884,0.497936,0.496431,0.494025,0.490317,0.484808,0.476916,0.466021,0.451523,0.432929,0.409952,0.382595,0.351215,0.316546,0.279659,0.241869,0.204603,0.16924,0.136961,0.108635,0.0847548,0.0654323,0.0504468,0.0393336,0.0314916,0.0262919,0.0231754,0.0217272,0.0217272,0.0231754,0.0262919,0.0314916,0.0393336,0.0504468,0.0654323,0.0847548,0.108635,0.136961,0.16924,0.204603,0.241869,0.279659,0.316546,0.351215,0.382595,0.409952,0.432929,0.451523,0.466021,0.476916,0.484808,0.490317,0.494025,0.496431,0.497936,0.49884,0.49936,0.499636,0.499755,0.499755
0.499696,0.499696,0.499552,0.499214,0.498583,0.49749,0.495682,0.492806,0.488402,0.481903,0.472662,0.460003,0.443303,0.422087,0.396137,0.365589,0.330988,0.293294,0.253819,0.214099,0.17573,0.140182,0.108635,0.0818644,0.0601928,0.0435075,0.0313399,0.0229808,0.0176097,0.0144184,0.0127133,0.0119922,0.0119922,0.0127133,0.0144184,0.0176097,0.0229808,0.0313399,0.0435075,0.0601928,0.0818644,0.108635,0.140182,0.17573,0.214099,0.253819,0.293294,0.330988,0.365589,0.396137,0.422087,0.443303,0.460003,0.472662,0.481903,0.488402,0.492806,0.495682,0.49749,0.498583,0.499214,0.499552,0.499696,0.499696
0.499633,0.499633,0.49946,0.499059,0.49831,0.497018,0.494891,0.491528,0.486407,0.478898,0.468293,0.453874,0.435005,0.411246,0.382469,0.348962,0.311473,0.271195,0.229675,0.188658,0.14988,0.114865,0.0847548,0.0601928,0.0412994,0.0277185,0.0187268,0.0133761,0.0106418,0.0095566,0.00931393,0.00934078,0.00934078,0.00931393,0.0095566,0.0106418,0.0133761,0.0187268,0.0277185,0.0412994,0.0601928,0.0847548,0.114865,0.14988,0.188658,0.229675,0.271195,0.311473,0.348962,0.382469,0.411246,0.435005,0.453874,0.468293,0.478898,0.486407,0.491528,0.494891,0.497018,0.49831,0.499059,0.49946,0.499633,0.499633
0.499568,0.499568,0.499366,0.498898,0.498029,0.496535,0.494088,0.490237,0.484404,0.475899,0.463963,0.447845,0.426909,0.400764,0.369389,0.33323,0.293243,0.250852,0.207828,0.166095,0.127501,0.093592,0.0654323,0.0435075,0.0277185,0.0174608,0.011764,0.00945938,0.00934426,0.0103199,0.0114928,0.0122389,0.0122389,0.0114928,0.0103199,0.00934426,0.00945938,0.011764,0.0174608,0.0277185,0.0435075,0.0654323,0.093592,0.127501,0.166095,0.207828,0.250852,0.293243,0.33323,0.369389,0.400764,0.426909,0.447845,0.463963,0.475899,0.484404,0.490237,0.494088,0.496535,0.498029,0.498898,0.499366,0.499568,0.499568
0.499503,0.499503,0.499272,0.49874,0.497753,0.496063,0.493306,0.488986,0.482473,0.473024,0.459837,0.442139,0.419304,0.391001,0.357319,0.318867,0.276802,0.232763,0.188722,0.146756,0.108793,0.0763686,0.0504468,0.0313399,0.0187268,0.011764,0.00925444,0.00983726,0.0121632,0.0150337,0.0174948,0.0188914,0.0188914,0.0174948,0.0150337,0.0121632,0.00983726,0.00925444,0.011764,0.0187268,0.0313399,0.0504468,0.0763686,0.108793,0.146756,0.188722,0.232763,0.276802,0.318867,0.357319,0.391001,0.419304,0.442139,0.459837,0.473024,0.482473,0.488986,0.493306,0.496063,0.497753,0.49874,0.499272,0.499503,0.499503
0.499441,0.499441,0.499184,0.498591,0.497495,0.495624,0.492581,0.48783,0.480696,0.470393,0.456083,0.436977,0.412472,0.382294,0.346645,0.306288,0.262562,0.217301,0.172647,0.1308,0.0937391,0.0629656,0.0393336,0.0229808,0.0133761,0.00945938,0.00983726,0.0129903,0.0174562,0.0219668,0.0255322,0.0274829,0.0274829,0.0255322,0.0219668,0.0174562,0.0129903,0.00983726,0.00945938,0.0133761,0.0229808,0.0393336,0.0629656,0.0937391,0.1308,0.172647,0.217301,0.262562,0.306288,0.346645,0.382294,0.412472,0.436977,0.456083,0.470393,0.480696,0.48783,0.492581,0.495624,0.497495,0.498591,0.499184,0.499441,0.499441
0.499387,0.499387,0.499106,0.49846,0.497268,0.495239,0.491948,0.486824,0.479157,0.468123,0.452859,0.432568,0.406667,0.374946,0.337702,0.295836,0.250846,0.204727,0.15976,0.118238,0.0821663,0.0530031,0.0314916,0.0176097,0.0106418,0.00934426,0.0121632,0.0174562,0.0236798,0.0295216,0.0339753,0.036369,0.036369,0.0339753,0.0295216,0.0236798,0.0174562,0.0121632,0.00934426,0.0106418,0.0176097,0.0314916,0.0530031,0.0821663,0.118238,0.15976,0.204727,0.250846,0.295836,0.337702,0.374946,0.406667,0.432568,0.452859,0.468123,0.479157,0.486824,0.491948,0.495239,0.497268,0.49846,0.499106,0.499387,0.499387
0.499342,0.499342,0.499043,0.498354,0.497086,0.494929,0.49144,0.48602,0.47793,0.466319,0.450305,0.42909,0.402111,0.369206,0.330759,0.287777,0.241885,0.195203,0.150117,0.108984,0.073821,0.0460414,0.0262919,0.0144184,0.0095566,0.0103199,0.0150337,0.0219668,0.0295216,0.0363615,0.0414756,0.044197,0.044197,0.0414756,0.0363615,0.0295216,0.0219668,0.0150337,0.0103199,0.0095566,0.0144184,0.0262919,0.0460414,0.073821,0.108984,0.150117,0.195203,0.241885,0.287777,0.330759,0.369206,0.402111,0.42909,0.450305,0.466319,0.47793,0.48602,0.49144,0.494929,0.497086,0.498354,0.499043,0.499342,0.499342
0.499311,0.499311,0.498998,0.49828,0.496957,0.494713,0.491084,0.485459,0.477075,0.465066,0.448537,0.426688,0.398974,0.36527,0.326018,0.282302,0.235835,0.18882,0.143714,0.102914,0.0684391,0.0416677,0.0231754,0.0127133,0.00931393,0.0114928,0.0174948,0.0255322,0.0339753,0.0414756,0.0470237,0.0499595,0.0499595,0.0470237,0.0414756,0.0339753,0.0255322,0.0174948,0.0114928,0.00931393,0.0127133,0.0231754,0.0416677,0.0684391,0.102914,0.143714,0.18882,0.235835,0.282302,0.326018,0.36527,0.398974,0.426688,0.448537,0.465066,0.477075,0.485459,0.491084,0.494713,0.496957,0.49828,0.498998,0.499311,0.499311
0.499295,0.499295,0.498975,0.498241,0.496891,0.494601,0.490902,0.48517,0.476637,0.464424,0.447632,0.425461,0.397375,0.363269,0.323614,0.279535,0.232788,0.185621,0.140523,0.0999118,0.0658071,0.0395661,0.0217272,0.0119922,0.00934078,0.0122389,0.0188914,0.0274829,0.036369,0.044197,0.0499595,0.0530009,0.0530009,0.0499595,0.044197,0.036369,0.0274829,0.0188914,0.0122389,0.00934078,0.0119922,0.0217272,0.0395661,0.0658071,0.0999118,0.140523,0.185621,0.232788,0.279535,0.323614,0.363269,0.397375,0.425461,0.447632,0.464424,0.476637,0.48517,0.490902,0.494601,0.496891,0.498241,0.498975,0.499295,0.499295
0.499295,0.499295,0.498975,0.498241,0.496891,0.494601,0.490902,0.48517,0.476637,0.464424,0.447632,0.425461,0.397375,0.363269,0.323614,0.279535,0.232788,0.185621,0.140523,0.0999118,0.0658071,0.0395661,0.0217272,0.0119922,0.00934078,0.0122389,0.0188914,0.0274829,0.036369,0.044197,0.0499595,0.0530009,0.0530009,0.0499595,0.044197,0.036369,0.0274829,0.0188914,0.0122389,0.00934078,0.0119922,0.0217272,0.0395661,0.0658071,0.0999118,0.140523,0.185621,0.232788,0.279535,0.323614,0.363269,0.397375,0.425461,0.447632,0.464424,0.476637,0.48517,0.490902,0.494601,0.496891,0.498241,0.498975,0.499295,0.499295
0.499311,0.499311,0.498998,0.49828,0.496957,0.494713,0.491084,0.485459,0.477075,0.465066,0.448537,0.426688,0.398974,0.36527,0.326018,0.282302,0.235835,0.18882,0.143714,0.102914,0.0684391,0.0416677,0.0231754,0.0127133,0.00931393,0.0114928,0.0174948,0.0255322,0.0339753,0.0414756,0.0470237,0.0499595,0.0499595,0.0470237,0.0414756,0.0339753,0.0255322,0.0174948,0.0114928,0.00931393,0.0127133,0.0231754,0.0416677,0.0684391,0.102914,0.143714,0.18882,0.235835,0.282302,0.326018,0.36527,0.398974,0.426688,0.448537,0.465066,0.477075,0.485459,0.491084,0.494713,0.496957,0.49828,0.498998,0.499311,0.499311
0.499342,0.499342,0.499043,0.498354,0.497086,0.494929,0.49144,0.48602,0.47793,0.466319,0.450305,0.42909,0.402111,0.369206,0.330759,0.287777,0.241885,0.195203,0.150117,0.108984,0.073821,0.0460414,0.0262919,0.0144184,0.0095566,0.0103199,0.0150337,0.0219668,0.0295216,0.0363615,0.0414756,0.044197,0.044197,0.0414756,0.0363615,0.0295216,0.0219668,0.0150337,0.0103199,0.0095566,0.0144184,0.0262919,0.0460414,0.073821,0.108984,0.150117,0.195203,0.241885,0.287777,0.330759,0.369206,0.402111,0.42909,0.450305,0.466319,0.47793,0.48602,0.49144,0.494929,0.497086,0.498354,0.499043,0.499342,0.499342
0.499387,0.499387,0.499106,0.49846,0.497268,0.495239,0.491948,0.486824,0.479157,0.468123,0.452859,0.432568,0.406667,0.374946,0.337702,0.295836,0.250846,0.204727,0.15976,0.118238,0.0821663,0.0530031,0.0314916,0.0176097,0.0106418,0.00934426,0.0121632,0.0174562,0.0236798,0.0295216,0.0339753,0.036369,0.036369,0.0339753,0.0295216,0.0236798,0.0174562,0.0121632,0.00934426,0.0106418,0.0176097,0.0314916,0.0530031,0.0821663,0.118238,0.15976,0.204727,0.250846,0.295836,0.337702,0.374946,0.406667,0.432568,0.452859,0.468123,0.479157,0.486824,0.491948,0.495239,0.497268,0.49846,0.499106,0.499387,0.499387
0.499441,0.499441,0.499184,0.498591,0.497495,0.495624,0.492581,0.48783,0.480696,0.470393,0.456083,0.436977,0.412472,0.382294,0.346645,0.306288,0.262562,0.217301,0.172647,0.1308,0.0937391,0.0629656,0.0393336,0.0229808,0.0133761,0.00945938,0.00983726,0.0129903,0.0174562,0.0219668,0.0255322,0.0274829,0.0274829,0.0255322,0.0219668,0.0174562,0.0129903,0.00983726,0.00945938,0.0133761,0.0229808,0.0393336,0.0629656,0.0937391,0.1308,0.172647,0.217301,0.262562,0.306288,0.346645,0.382294,0.412472,0.436977,0.456083,0.470393,0.480696,0.48783,0.492581,0.495624,0.497495,0.498591,0.499184,0.499441,0.499441
0.499503,0.499503,0.499272,0.49874,0.497753,0.496063,0.493306,0.488986,0.482473,0.473024,0.459837,0.442139,0.419304,0.391001,0.357319,0.318867,0.276802,0.232763,0.188722,0.146756,0.108793,0.0763686,0.0504468,0.0313399,0.0187268,0.011764,0.00925444,0.00983726,0.0121632,0.0150337,0.0174948,0.0188914,0.0188914,0.0174948,0.0150337,0.0121632,0.00983726,0.00925444,0.011764,0.0187268,0.0313399,0.0504468,0.0763686,0.108793,0.146756,0.188722,0.232763,0.276802,0.318867,0.357319,0.391001,0.419304,0.442139,0.459837,0.473024,0.482473,0.488986,0.493306,0.496063,0.497753,0.49874,0.499272,0.499503,0.499503
0.499568,0.499568,0.499366,0.498898,0.498029,0.496535,0.494088,0.490237,0.484404,0.475899,0.463963,0.447845,0.426909,0.400764,0.369389,0.33323,0.293243,0.250852,0.207828,0.166095,0.127501,0.093592,0.0654323,0.0435075,0.0277185,0.0174608,0.011764,0.00945938,0.00934426,0.0103199,0.0114928,0.0122389,0.0122389,0.0114928,0.0103199,0.00934426,0.00945938,0.011764,0.0174608,0.0277185,0.0435075,0.0654323,0.093592,0.127501,0.166095,0.207828,0.250852,0.293243,0.33323,0.369389,0.400764,0.426909,0.447845,0.463963,0.475899,0.484404,0.490237,0.494088,0.496535,0.498029,0.498898,0.499366,0.499568,0.499568
0.499633,0.499633,0.49946,0.499059,0.49831,0.497018,0.494891,0.491528,0.486407,0.478898,0.468293,0.453874,0.435005,0.411246,0.382469,0.348962,0.311473,0.271195,0.229675,0.188658,0.14988,0.114865,0.0847548,0.0601928,0.0412994,0.0277185,0.0187268,0.0133761,0.0106418,0.0095566,0.00931393,0.00934078,0.00934078,0.00931393,0.0095566,0.0106418,0.0133761,0.0187268,0.0277185,0.0412994,0.0601928,0.0847548,0.114865,0.14988,0.188658,0.229675,0.271195,0.311473,0.348962,0.382469,0.411246,0.435005,0.453874,0.468293,0.478898,0.486407,0.491528,0.494891,0.497018,0.49831,0.499059,0.49946,0.499633,0.499633
0.499696,0.499696,0.499552,0.499214,0.498583,0.49749,0.495682,0.492806,0.488402,0.481903,0.472662,0.460003,0.443303,0.422087,0.396137,0.365589,0.330988,0.293294,0.253819,0.214099,0.17573,0.140182,0.108635,0.0818644,0.0601928,0.0435075,0.0313399,0.0229808,0.0176097,0.0144184,0.0127133,0.0119922,0.0119922,0.0127133,0.0144184,0.0176097,0.0229808,0.0313399,0.0435075,0.0601928,0.0818644,0.108635,0.140182,0.17573,0.214099,0.253819,0.293294,0.330988,0.365589,0.396137,0.422087,0.443303,0.460003,0.472662,0.481903,0.488402,0.492806,0.495682,0.49749,0.498583,0.499214,0.499552,0.499696,0.499696
0.499755,0.499755,0.499636,0.49936,0.49884,0.497936,0.496431,0.494025,0.490317,0.484808,0.476916,0.466021,0.451523,0.432929,0.409952,0.382595,0.351215,0.316546,0.279659,0.241869,0.204603,0.16924,0.136961,0.108635,0.0847548,0.0654323,0.0504468,0.0393336,0.0314916,0.0262919,0.0231754,0.0217272,0.0217272,0.0231754,0.0262919,0.0314916,0.0393336,0.0504468,0.0654323,0.0847548,0.108635,0.136961,0.16924,0.204603,0.241869,0.279659,0.316546,0.351215,0.382595,0.409952,0.432929,0.451523,0.466021,0.476916,0.484808,0.490317,0.494025,0.496431,0.497936,0.49884,0.49936,0.499636,0.499755,0.499755
0.499807,0.499807,0.499712,0.499491,0.499073,0.498342,0.497118,0.49515,0.492095,0.487524,0.480926,0.47174,0.459406,0.443434,0.423486,0.399458,0.371543,0.340266,0.306464,0.271227,0.235793,0.201416,0.16924,0.140182,0.114865,0.093592,0.0763686,0.0629656,0.0530031,0.0460414,0.0416677,0.0395661,0.0395661,0.0416677,0.0460414,0.0530031,0.0629656,0.0763686,0.093592,0.114865,0.140182,0.16924,0.201416,0.235793,0.271227,0.306464,0.340266,0.371543,0.399458,0.423486,0.443434,0.459406,0.47174,0.480926,0.487524,0.492095,0.49515,0.497118,0.498342,0.499073,0.499491,0.499712,0.499807,0.499807
0.499852,0.499852,0.499778,0.499605,0.499277,0.498699,0.497727,0.496153,0.493693,0.489984,0.484587,0.477009,0.466739,0.453306,0.436348,0.41568,0.391363,0.363736,0.333422,0.301289,0.268376,0.235793,0.204603,0.17573,0.14988,0.127501,0.108793,0.0937391,0.0821663,0.073821,0.0684391,0.0658071,0.0658071,0.0684391,0.073821,0.0821663,0.0937391,0.108793,0.127501,0.14988,0.17573,0.204603,0.235793,0.268376,0.301289,0.333422,0.363736,0.391363,0.41568,0.436348,0.453306,0.466739,0.477009,0.484587,0.489984,0.493693,0.496153,0.497727,0.498699,0.499277,0.499605,0.499778,0.499852,0.499852
0.499889,0.499889,0.499833,0.499701,0.499449,0.499004,0.49825,0.49702,0.495085,0.492144,0.48783,0.481718,0.473356,0.462309,0.448209,0.430825,0.410112,0.386258,0.359698,0.331094,0.301289,0.271227,0.241869,0.214099,0.188658,0.166095,0.146756,0.1308,0.118238,0.108984,0.102914,0.0999118,0.0999118,0.102914,0.108984,0.118238,0.1308,0.146756,0.166095,0.188658,0.214099,0.241869,0.271227,0.301289,0.331094,0.359698,0.386258,0.410112,0.430825,0.448209,0.462309,0.473356,0.481718,0.48783,0.492144,0.495085,0.49702,0.49825,0.499004,0.499449,0.499701,0.499833,0.499889,0.499889
0.499919,0.499919,0.499877,0.499779,0.499591,0.499256,0.498686,0.497748,0.496261,0.493984,0.490616,0.485801,0.479151,0.470275,0.458825,0.444543,0.427316,0.407214,0.384514,0.359698,0.333422,0.306464,0.279659,0.253819,0.229675,0.207828,0.188722,0.172647,0.15976,0.150117,0.143714,0.140523,0.140523,0.143714,0.150117,0.15976,0.172647,0.188722,0.207828,0.229675,0.253819,0.279659,0.306464,0.333422,0.359698,0.384514,0.407214,0.427316,0.444543,0.458825,0.470275,0.479151,0.485801,0.490616,0.493984,0.496261,0.497748,0.498686,0.499256,0.499591,0.499779,0.499877,0.499919,0.499919
0.499942,0.499942,0.499912,0.499841,0.499704,0.499459,0.499037,0.49834,0.497226,0.495506,0.492939,0.489238,0.484077,0.477118,0.468045,0.456599,0.442626,0.426113,0.407214,0.386258,0.363736,0.340266,0.316546,0.293294,0.271195,0.250852,0.232763,0.217301,0.204727,0.195203,0.18882,0.185621,0.185621,0.18882,0.195203,0.204727,0.217301,0.232763,0.250852,0.271195,0.293294,0.316546,0.340266,0.363736,0.386258,0.407214,0.426113,0.442626,0.456599,0.468045,0.477118,0.484077,0.489238,0.492939,0.495506,0.497226,0.49834,0.499037,0.499459,0.499704,0.499841,0.499912,0.499942,0.499942
0.49996,0.49996,0.499939,0.499889,0.499791,0.499616,0.499313,0.498807,0.497993,0.496726,0.494819,0.492045,0.488139,0.482821,0.475812,0.466873,0.455833,0.442626,0.427316,0.410112,0.391363,0.371543,0.351215,0.330988,0.311473,0.293243,0.276802,0.262562,0.250846,0.241885,0.235835,0.232788,0.232788,0.235835,0.241885,0.250846,0.262562,0.276802,0.293243,0.311473,0.330988,0.351215,0.371543,0.391363,0.410112,0.427316,0.442626,0.455833,0.466873,0.475812,0.482821,0.488139,0.492045,0.494819,0.496726,0.497993,0.498807,0.499313,0.499616,0.499791,0.499889,0.499939,0.49996,0.49996
0.499973,0.499973,0.499959,0.499924,0.499857,0.499734,0.499522,0.499165,0.498585,0.497676,0.496296,0.494269,0.49139,0.48743,0.482159,0.475362,0.466873,0.456599,0.444543,0.430825,0.41568,0.399458,0.382595,0.365589,0.348962,0.33323,0.318867,0.306288,0.295836,0.287777,0.282302,0.279535,0.279535,0.282302,0.287777,0.295836,0.306288,0.318867,0.33323,0.348962,0.365589,0.382595,0.399458,0.41568,0.430825,0.444543,0.456599,0.466873,0.475362,0.482159,0.48743,0.49139,0.494269,0.496296,0.497676,0.498585,0.499165,0.499522,0.499734,0.499857,0.499924,0.499959,0.499973,0.499973
0.499982,0.499982,0.499973,0.499949,0.499904,0.499821,0.499676,0.499431,0.499029,0.498393,0.497421,0.49598,0.493913,0.491044,0.487185,0.482159,0.475812,0.468045,0.458825,0.448209,0.436348,0.423486,0.409952,0.396137,0.382469,0.369389,0.357319,0.346645,0.337702,0.330759,0.326018,0.323614,0.323614,0.326018,0.330759,0.337702,0.346645,0.357319,0.369389,0.382469,0.396137,0.409952,0.423486,0.436348,0.448209,0.458825,0.468045,0.475812,0.482159,0.487185,0.491044,0.493913,0.49598,0.497421,0.498393,0.499029,0.499431,0.499676,0.499821,0.499904,0.499949,0.499973,0.499982,0.499982
0.499989,0.499989,0.499982,0.499967,0.499938,0.499883,0.499786,0.499622,0.499351,0.498919,0.498252,0.497255,0.495812,0.49379,0.491044,0.48743,0.482821,0.477118,0.470275,0.462309,0.453306,0.443434,0.432929,0.422087,0.411246,0.400764,0.391001,0.382294,0.374946,0.369206,0.36527,0.363269,0.363269,0.36527,0.369206,0.374946,0.382294,0.391001,0.400764,0.411246,0.422087,0.432929,0.443434,0.453306,0.462309,0.470275,0.477118,0.482821,0.48743,0.491044,0.49379,0.495812,0.497255,0.498252,0.498919,0.499351,0.499622,0.499786,0.499883,0.499938,0.499967,0.499982,0.499989,0.499989
0.499993,0.499993,0.499989,0.499979,0.499961,0.499925,0.499863,0.499756,0.499578,0.499292,0.498847,0.498176,0.497197,0.495812,0.493913,0.49139,0.488139,0.484077,0.479151,0.473356,0.466739,0.459406,0.451523,0.443303,0.435005,0.426909,0.419304,0.412472,0.406667,0.402111,0.398974,0.397375,0.397375,0.398974,0.402111,0.406667,0.412472,0.419304,0.426909,0.435005,0.443303,0.451523,0.459406,0.466739,0.473356,0.479151,0.484077,0.488139,0.49139,0.493913,0.495812,0.497197,0.498176,0.498847,0.499292,0.499578,0.499756,0.499863,0.499925,0.499961,0.499979,0.499989,0.499993,0.499993
0.499996,0.499996,0.499993,0.499987,0.499976,0.499954,0.499915,0.499847,0.499733,0.499549,0.499261,0.498822,0.498176,0.497255,0.49598,0.494269,0.492045,0.489238,0.485801,0.481718,0.477009,0.47174,0.466021,0.460003,0.453874,0.447845,0.442139,0.436977,0.432568,0.42909,0.426688,0.425461,0.425461,0.426688,0.42909,0.432568,0.436977,0.442139,0.447845,0.453874,0.460003,0.466021,0.47174,0.477009,0.481718,0.485801,0.489238,0.492045,0.494269,0.49598,0.497255,0.498176,0.498822,0.499261,0.499549,0.499733,0.499847,0.499915,0.499954,0.499976,0.499987,0.499993,0.499996,0.499996
0.499998,0.499998,0.499996,0.499993,0.499985,0.499972,0.499948,0.499907,0.499836,0.499721,0.49954,0.499261,0.498847,0.498252,0.497421,0.496296,0.494819,0.492939,0.490616,0.48783,0.484587,0.480926,0.476916,0.472662,0.468293,0.463963,0.459837,0.456083,0.452859,0.450305,0.448537,0.447632,0.447632,0.448537,0.450305,0.452859,0.456083,0.459837,0.463963,0.468293,0.472662,0.476916,0.480926,0.484587,0.48783,0.490616,0.492939,0.494819,0.496296,0.497421,0.498252,0.498847,0.499261,0.49954,0.499721,0.499836,0.499907,0.499948,0.499972,0.499985,0.499993,0.499996,0.499998,0.499998
0.499999,0.499999,0.499998,0.499996,0.499992,0.499984,0.499969,0.499945,0.499902,0.499832,0.499721,0.499549,0.499292,0.498919,0.498393,0.497676,0.496726,0.495506,0.493984,0.492144,0.489984,0.487524,0.484808,0.481903,0.478898,0.475899,0.473024,0.470393,0.468123,0.466319,0.465066,0.464424,0.464424,0.465066,0.466319,0.468123,0.470393,0.473024,0.475899,0.478898,0.481903,0.484808,0.487524,0.489984,0.492144,0.493984,0.495506,0.496726,0.497676,0.498393,0.498919,0.499292,0.499549,0.499721,0.499832,0.499902,0.499945,0.499969,0.499984,0.499992,0.499996,0.499998,0.499999,0.499999
0.499999,0.499999,0.499999,0.499998,0.499995,0.499991,0.499983,0.499968,0.499943,0.499902,0.499836,0.499733,0.499578,0.499351,0.499029,0.498585,0.497993,0.497226,0.496261,0.495085,0.493693,0.492095,0.490317,0.488402,0.486407,0.484404,0.482473,0.480696,0.479157,0.47793,0.477075,0.476637,0.476637,0.477075,0.47793,0.479157,0.480696,0.482473,0.484404,0.486407,0.488402,0.490317,0.492095,0.493693,0.495085,0.496261,0.497226,0.497993,0.498585,0.499029,0.499351,0.499578,0.499733,0.499836,0.499902,0.499943,0.499968,0.499983,0.499991,0.499995,0.499998,0.499999,0.499999,0.499999
0.5,0.5,0.499999,0.499999,0.499997,0.499995,0.49999,0.499982,0.499968,0.499945,0.499907,0.499847,0.499756,0.499622,0.499431,0.499165,0.498807,0.49834,0.497748,0.49702,0.496153,0.49515,0.494025,0.492806,0.491528,0.490237,0.488986,0.48783,0.486824,0.48602,0.485459,0.48517,0.48517,0.485459,0.48602,0.486824,0.48783,0.488986,0.490237,0.491528,0.492806,0.494025,0.49515,0.496153,0.49702,0.497748,0.49834,0.498807,0.499165,0.499431,0.499622,0.499756,0.499847,0.499907,0.499945,0.499968,0.499982,0.49999,0.499995,0.499997,0.499999,0.499999,0.5,0.5
0.5,0.5,0.5,0.499999,0.499999,0.499997,0.499995,0.49999,0.499983,0.499969,0.499948,0.499915,0.499863,0.499786,0.499676,0.499522,0.499313,0.499037,0.498686,0.49825,0.497727,0.497118,0.496431,0.495682,0.494891,0.494088,0.493306,0.492581,0.491948,0.49144,0.491084,0.490902,0.490902,0.491084,0.49144,0.491948,0.492581,0.493306,0.494088,0.494891,0.495682,0.496431,0.497118,0.497727,0.49825,0.498686,0.499037,0.499313,0.499522,0.499676,0.499786,0.499863,0.499915,0.499948,0.499969,0.499983,0.49999,0.499995,0.499997,0.499999,0.499999,0.5,0.5,0.5
0.5,0.5,0.5,0.5,0.499999,0.499999,0.499997,0.499995,0.499991,0.499984,0.499972,0.499954,0.499925,0.499883,0.499821,0.499734,0.499616,0.499459,0.499256,0.499004,0.498699,0.498342,0.497936,0.49749,0.497018,0.496535,0.496063,0.495624,0.495239,0.494929,0.494713,0.494601,0.494601,0.494713,0.494929,0.495239,0.495624,0.496063,0.496535,0.497018,0.49749,0.497936,0.498342,0.498699,0.499004,0.499256,0.499459,0.499616,0.499734,0.499821,0.499883,0.499925,0.499954,0.499972,0.499984,0.499991,0.499995,0.499997,0.499999,0.499999,0.5,0.5,0.5,0.5
0.5,0.5,0.5,0.5,0.5,0.499999,0.499999,0.499997,0.499995,0.499992,0.499985,0.499976,0.499961,0.499938,0.499904,0.499857,0.499791,0.499704,0.499591,0.499449,0.499277,0.499073,0.49884,0.498583,0.49831,0.498029,0.497753,0.497495,0.497268,0.497086,0.496957,0.496891,0.496891,0.496957,0.497086,0.497268,0.497495,0.497753,0.498029,0.49831,0.498583,0.49884,0.499073,0.499277,0.499449,0.499591,0.499704,0.499791,0.499857,0.499904,0.499938,0.499961,0.499976,0.499985,0.499992,0.499995,0.499997,0.499999,0.499999,0.5,0.5,0.5,0.5,0.5
0.5,0.5,0.5,0.5,0.5,0.5,0.499999,0.499999,0.499998,0.499996,0.499993,0.499987,0.499979,0.499967,0.499949,0.499924,0.499889,0.499841,0.499779,0.499701,0.499605,0.499491,0.49936,0.499214,0.499059,0.498898,0.49874,0.498591,0.49846,0.498354,0.49828,0.498241,0.498241,0.49828,0.498354,0.49846,0.498591,0.49874,0.498898,0.499059,0.499214,0.49936,0.499491,0.499605,0.499701,0.499779,0.499841,0.499889,0.499924,0.499949,0.499967,0.499979,0.499987,0.499993,0.499996,0.499998,0.499999,0.499999,0.5,0.5,0.5,0.5,0.5,0.5
0.5,0.5,0.5,0.5,0.5,0.5,0.5,0.499999,0.499999,0.499998,0.499996,0.499993,0.499989,0.499982,0.499973,0.499959,0.499939,0.499912,0.499877,0.499833,0.499778,0.499712,0.499636,0.499552,0.49946,0.499366,0.499272,0.499184,0.499106,0.499043,0.498998,0.498975,0.498975,0.498998,0.499043,0.499106,0.499184,0.499272,0.499366,0.49946,0.499552,0.499636,0.499712,0.499778,0.499833,0.499877,0.499912,0.499939,0.499959,0.499973,0.499982,0.499989,0.499993,0.499996,0.499998,0.499999,0.499999,0.5,0.5,0.5,0.5,0.5,0.5,0.5
0.5,0.5,0.5,0.5,0.5,0.5,0.5,0.5,0.499999,0.499999,0.499998,0.499996,0.499993,0.499989,0.499982,0.499973,0.49996,0.499942,0.499919,0.499889,0.499852,0.499807,0.499755,0.499696,0.499633,0.499568,0.499503,0.499441,0.499387,0.499342,0.499311,0.499295,0.499295,0.499311,0.499342,0.499387,0.499441,0.499503,0.499568,0.499633,0.499696,0.499755,0.499807,0.499852,0.499889,0.499919,0.499942,0.49996,0.499973,0.499982,0.499989,0.499993,0.499996,0.499998,0.499999,0.499999,0.5,0.5,0.5,0.5,0.5,0.5,0.5,0.5
0.5,0.5,0.5,0.5,0.5,0.5,0.5,0.5,0.499999,0.499999,0.499998,0.499996,0.499993,0.499989,0.499982,0.499973,0.49996,0.499942,0.499919,0.499889,0.499852,0.499807,0.499755,0.499696,0.499633,0.499568,0.499503,0.499441,0.499387,0.499342,0.499311,0.499295,0.499295,0.499311,0.499342,0.499387,0.499441,0.499503,0.499568,0.499633,0.499696,0.499755,0.499807,0.499852,0.499889,0.499919,0.499942,0.49996,0.499973,0.499982,0.499989,0.499993,0.499996,0.499998,0.499999,0.499999,0.5,0.5,0.5,0.5,0.5,0.5,0.5,0.5
