0.436284,0.438592,0.438267,0.437612,0.436615,0.435267,0.433558,0.431486,0.429064,0.426328,0.423345,0.420219,0.417094,0.414156,0.411622,0.409728,0.408705,0.408754,0.41002,0.41257,0.416375,0.421307,0.427148,0.433611,0.440365,0.447068,0.453398,0.459068,0.46385,0.467571,0.47011,0.471397,0.471397,0.47011,0.467571,0.46385,0.459068,0.453398,0.447068,0.440365,0.433611,0.427148,0.421307,0.416375,0.41257,0.41002,0.408754,0.408705,0.409728,0.411622,0.414156,0.417094,0.420219,0.423345,0.426328,0.429064,0.431486,0.433558,0.435267,0.436615,0.437612,0.438267,0.438592,0.438592
0.438592,0.438592,0.438267,0.437612,0.436615,0.435267,0.433558,0.431486,0.429064,0.426328,0.423345,0.420219,0.417094,0.414156,0.411622,0.409728,0.408705,0.408754,0.41002,0.41257,0.416375,0.421307,0.427148,0.433611,0.440365,0.447068,0.453398,0.459068,0.46385,0.467571,0.47011,0.471397,0.471397,0.47011,0.467571,0.46385,0.459068,0.453398,0.447068,0.440365,0.433611,0.427148,0.421307,0.416375,0.41257,0.41002,0.408754,0.408705,0.409728,0.411622,0.414156,0.417094,0.420219,0.423345,0.426328,0.429064,0.431486,0.433558,0.435267,0.436615,0.437612,0.438267,0.438592,0.438592
0.438267,0.438267,0.43794,0.437282,0.436283,0.434936,0.433234,0.431179,0.428788,0.426099,0.423181,0.420137,0.41711,0.41428,0.411856,0.410063,0.409123,0.409228,0.410516,0.413052,0.416806,0.421659,0.427401,0.433756,0.440402,0.447008,0.453255,0.458862,0.463599,0.467289,0.469811,0.47109,0.47109,0.469811,0.467289,0.463599,0.458862,0.453255,0.447008,0.440402,0.433756,0.427401,0.421659,0.416806,0.413052,0.410516,0.409228,0.409123,0.410063,0.411856,0.41428,0.41711,0.420137,0.423181,0.426099,0.428788,0.431179,0.433234,0.434936,0.436283,0.437282,0.43794,0.438267,0.438267
0.437612,0.437612,0.437282,0.436619,0.435619,0.434277,0.432593,0.430575,0.428248,0.425655,0.422868,0.41999,0.417157,0.414538,0.412327,0.410732,0.409952,0.410163,0.411492,0.413996,0.417651,0.422348,0.427895,0.434036,0.440472,0.446886,0.452972,0.458454,0.4631,0.466731,0.469219,0.470483,0.470483,0.469219,0.466731,0.4631,0.458454,0.452972,0.446886,0.440472,0.434036,0.427895,0.422348,0.417651,0.413996,0.411492,0.410163,0.409952,0.410732,0.412327,0.414538,0.417157,0.41999,0.422868,0.425655,0.428248,0.430575,0.432593,0.434277,0.435619,0.436619,0.437282,0.437612,0.437612
0.436615,0.436615,0.436283,0.435619,0.434622,0.433295,0.431646,0.429694,0.42747,0.425028,0.42244,0.419808,0.41726,0.414949,0.413046,0.411731,0.411177,0.411535,0.412915,0.415367,0.418873,0.423341,0.428604,0.434435,0.440564,0.446699,0.45255,0.457848,0.462363,0.465907,0.468344,0.469584,0.469584,0.468344,0.465907,0.462363,0.457848,0.45255,0.446699,0.440564,0.434435,0.428604,0.423341,0.418873,0.415367,0.412915,0.411535,0.411177,0.411731,0.413046,0.414949,0.41726,0.419808,0.42244,0.425028,0.42747,0.429694,0.431646,0.433295,0.434622,0.435619,0.436283,0.436615,0.436615
0.435267,0.435267,0.434936,0.434277,0.433295,0.432001,0.430414,0.428564,0.426493,0.424259,0.421941,0.419635,0.417457,0.415538,0.414022,0.413054,0.412775,0.413306,0.414737,0.417113,0.420422,0.424592,0.42949,0.434925,0.440663,0.446441,0.451991,0.457054,0.461398,0.464829,0.4672,0.468409,0.468409,0.4672,0.464829,0.461398,0.457054,0.451991,0.446441,0.440663,0.434925,0.42949,0.424592,0.420422,0.417113,0.414737,0.413306,0.412775,0.413054,0.414022,0.415538,0.417457,0.419635,0.421941,0.424259,0.426493,0.428564,0.430414,0.432001,0.433295,0.434277,0.434936,0.435267,0.435267
0.433558,0.433558,0.433234,0.432593,0.431646,0.430414,0.428927,0.427226,0.425364,0.423405,0.421428,0.419522,0.417787,0.41633,0.415259,0.414686,0.414711,0.415426,0.416899,0.419168,0.422233,0.426046,0.43051,0.435476,0.440751,0.446108,0.451301,0.456083,0.460222,0.463516,0.465804,0.466977,0.466977,0.465804,0.463516,0.460222,0.456083,0.451301,0.446108,0.440751,0.435476,0.43051,0.426046,0.422233,0.419168,0.416899,0.415426,0.414711,0.414686,0.415259,0.41633,0.417787,0.419522,0.421428,0.423405,0.425364,0.427226,0.428927,0.430414,0.431646,0.432593,0.433234,0.433558,0.433558
0.431486,0.431486,0.431179,0.430575,0.429694,0.428564,0.427226,0.425732,0.424143,0.422527,0.42096,0.419521,0.418289,0.417344,0.416757,0.416601,0.41694,0.417831,0.419325,0.421455,0.424232,0.427637,0.431612,0.436052,0.440809,0.445693,0.450484,0.454947,0.458852,0.461986,0.464179,0.465307,0.465307,0.464179,0.461986,0.458852,0.454947,0.450484,0.445693,0.440809,0.436052,0.431612,0.427637,0.424232,0.421455,0.419325,0.417831,0.41694,0.416601,0.416757,0.417344,0.418289,0.419521,0.42096,0.422527,0.424143,0.425732,0.427226,0.428564,0.429694,0.430575,0.431179,0.431486,0.431486
0.429064,0.429064,0.428788,0.428248,0.42747,0.426493,0.425364,0.424143,0.422895,0.42169,0.420598,0.41968,0.418996,0.41859,0.418502,0.418763,0.419402,0.420448,0.421932,0.423887,0.426339,0.429296,0.43274,0.436615,0.440815,0.445189,0.449544,0.453659,0.457304,0.460261,0.462345,0.463422,0.463422,0.462345,0.460261,0.457304,0.453659,0.449544,0.445189,0.440815,0.436615,0.43274,0.429296,0.426339,0.423887,0.421932,0.420448,0.419402,0.418763,0.418502,0.41859,0.418996,0.41968,0.420598,0.42169,0.422895,0.424143,0.425364,0.426493,0.42747,0.428248,0.428788,0.429064,0.429064
0.426328,0.426328,0.426099,0.425655,0.425028,0.424259,0.423405,0.422527,0.42169,0.420961,0.420395,0.420039,0.419923,0.420064,0.420464,0.421119,0.422026,0.42319,0.424628,0.426374,0.428469,0.430951,0.433841,0.437127,0.440748,0.444589,0.448486,0.452231,0.455597,0.45836,0.460324,0.461345,0.461345,0.460324,0.45836,0.455597,0.452231,0.448486,0.444589,0.440748,0.437127,0.433841,0.430951,0.428469,0.426374,0.424628,0.42319,0.422026,0.421119,0.420464,0.420064,0.419923,0.420039,0.420395,0.420961,0.42169,0.422527,0.423405,0.424259,0.425028,0.425655,0.426099,0.426328,0.426328
0.423345,0.423345,0.423181,0.422868,0.42244,0.421941,0.421428,0.42096,0.420598,0.420395,0.420394,0.420618,0.421071,0.421739,0.422593,0.4236,0.424728,0.425964,0.427316,0.428822,0.430538,0.43253,0.434858,0.437549,0.440584,0.443885,0.447312,0.450674,0.453747,0.456303,0.458138,0.459096,0.459096,0.458138,0.456303,0.453747,0.450674,0.447312,0.443885,0.440584,0.437549,0.434858,0.43253,0.430538,0.428822,0.427316,0.425964,0.424728,0.4236,0.422593,0.421739,0.421071,0.420618,0.420394,0.420395,0.420598,0.42096,0.421428,0.421941,0.42244,0.422868,0.423181,0.423345,0.423345
0.420219,0.420219,0.420137,0.41999,0.419808,0.419635,0.419522,0.419521,0.41968,0.420039,0.420618,0.421417,0.422414,0.423569,0.424824,0.426122,0.427413,0.42867,0.429898,0.431138,0.432464,0.433967,0.435739,0.437844,0.440302,0.443066,0.446023,0.448995,0.451766,0.454106,0.455802,0.456694,0.456694,0.455802,0.454106,0.451766,0.448995,0.446023,0.443066,0.440302,0.437844,0.435739,0.433967,0.432464,0.431138,0.429898,0.42867,0.427413,0.426122,0.424824,0.423569,0.422414,0.421417,0.420618,0.420039,0.41968,0.419521,0.419522,0.419635,0.419808,0.41999,0.420137,0.420219,0.420219
0.417094,0.417094,0.41711,0.417157,0.41726,0.417457,0.417787,0.418289,0.418996,0.419923,0.421071,0.422414,0.423908,0.425486,0.427073,0.428592,0.429982,0.431209,0.432277,0.433235,0.43417,0.435197,0.436434,0.437977,0.439878,0.442121,0.444614,0.447198,0.449663,0.451778,0.45333,0.454151,0.454151,0.45333,0.451778,0.449663,0.447198,0.444614,0.442121,0.439878,0.437977,0.436434,0.435197,0.43417,0.433235,0.432277,0.431209,0.429982,0.428592,0.427073,0.425486,0.423908,0.422414,0.421071,0.419923,0.418996,0.418289,0.417787,0.417457,0.41726,0.417157,0.41711,0.417094,0.417094
0.414156,0.414156,0.41428,0.414538,0.414949,0.415538,0.41633,0.417344,0.41859,0.420064,0.421739,0.423569,0.425486,0.427408,0.429243,0.430907,0.432331,0.43348,0.434361,0.43503,0.435587,0.436162,0.436896,0.437912,0.439288,0.441032,0.443077,0.445279,0.447437,0.449325,0.450727,0.451474,0.451474,0.450727,0.449325,0.447437,0.445279,0.443077,0.441032,0.439288,0.437912,0.436896,0.436162,0.435587,0.43503,0.434361,0.43348,0.432331,0.430907,0.429243,0.427408,0.425486,0.423569,0.421739,0.420064,0.41859,0.417344,0.41633,0.415538,0.414949,0.414538,0.41428,0.414156,0.414156
0.411622,0.411622,0.411856,0.412327,0.413046,0.414022,0.415259,0.416757,0.418502,0.420464,0.422593,0.424824,0.427073,0.429243,0.431238,0.432968,0.434364,0.435394,0.436069,0.436452,0.43665,0.436809,0.437083,0.437615,0.438503,0.43978,0.441398,0.443228,0.445083,0.446742,0.447992,0.448663,0.448663,0.447992,0.446742,0.445083,0.443228,0.441398,0.43978,0.438503,0.437615,0.437083,0.436809,0.43665,0.436452,0.436069,0.435394,0.434364,0.432968,0.431238,0.429243,0.427073,0.424824,0.422593,0.420464,0.418502,0.416757,0.415259,0.414022,0.413046,0.412327,0.411856,0.411622,0.411622
0.409728,0.409728,0.410063,0.410732,0.411731,0.413054,0.414686,0.416601,0.418763,0.421119,0.4236,0.426122,0.428592,0.430907,0.432968,0.434686,0.435998,0.436876,0.437335,0.437442,0.437312,0.437094,0.436956,0.437051,0.437496,0.438341,0.439555,0.44103,0.442588,0.444019,0.445114,0.445708,0.445708,0.445114,0.444019,0.442588,0.44103,0.439555,0.438341,0.437496,0.437051,0.436956,0.437094,0.437312,0.437442,0.437335,0.436876,0.435998,0.434686,0.432968,0.430907,0.428592,0.426122,0.4236,0.421119,0.418763,0.416601,0.414686,0.413054,0.411731,0.410732,0.410063,0.409728,0.409728
0.408705,0.408705,0.409123,0.409952,0.411177,0.412775,0.414711,0.41694,0.419402,0.422026,0.424728,0.427413,0.429982,0.432331,0.434364,0.435998,0.437176,0.437875,0.438114,0.437963,0.437536,0.436987,0.436485,0.436193,0.436238,0.436687,0.437526,0.438661,0.439931,0.441137,0.442079,0.442595,0.442595,0.442079,0.441137,0.439931,0.438661,0.437526,0.436687,0.436238,0.436193,0.436485,0.436987,0.437536,0.437963,0.438114,0.437875,0.437176,0.435998,0.434364,0.432331,0.429982,0.427413,0.424728,0.422026,0.419402,0.41694,0.414711,0.412775,0.411177,0.409952,0.409123,0.408705,0.408705
0.408754,0.408754,0.409228,0.410163,0.411535,0.413306,0.415426,0.417831,0.420448,0.42319,0.425964,0.42867,0.431209,0.43348,0.435394,0.436876,0.437875,0.438373,0.438392,0.438001,0.43731,0.436471,0.435652,0.435019,0.434708,0.434796,0.435285,0.436099,0.437092,0.438078,0.438867,0.439305,0.439305,0.438867,0.438078,0.437092,0.436099,0.435285,0.434796,0.434708,0.435019,0.435652,0.436471,0.43731,0.438001,0.438392,0.438373,0.437875,0.436876,0.435394,0.43348,0.431209,0.42867,0.425964,0.42319,0.420448,0.417831,0.415426,0.413306,0.411535,0.410163,0.409228,0.408754,0.408754
0.41002,0.41002,0.410516,0.411492,0.412915,0.414737,0.416899,0.419325,0.421932,0.424628,0.427316,0.429898,0.432277,0.434361,0.436069,0.437335,0.438114,0.438392,0.438191,0.437574,0.436648,0.435555,0.434459,0.433527,0.432897,0.432655,0.43282,0.433329,0.434055,0.434826,0.435466,0.435827,0.435827,0.435466,0.434826,0.434055,0.433329,0.43282,0.432655,0.432897,0.433527,0.434459,0.435555,0.436648,0.437574,0.438191,0.438392,0.438114,0.437335,0.436069,0.434361,0.432277,0.429898,0.427316,0.424628,0.421932,0.419325,0.416899,0.414737,0.412915,0.411492,0.410516,0.41002,0.41002
0.41257,0.41257,0.413052,0.413996,0.415367,0.417113,0.419168,0.421455,0.423887,0.426374,0.428822,0.431138,0.433235,0.43503,0.436452,0.437442,0.437963,0.438001,0.437574,0.436741,0.435598,0.434277,0.432935,0.431734,0.430814,0.43027,0.43013,0.43035,0.430818,0.431381,0.431873,0.432158,0.432158,0.431873,0.431381,0.430818,0.43035,0.43013,0.43027,0.430814,0.431734,0.432935,0.434277,0.435598,0.436741,0.437574,0.438001,0.437963,0.437442,0.436452,0.43503,0.433235,0.431138,0.428822,0.426374,0.423887,0.421455,0.419168,0.417113,0.415367,0.413996,0.413052,0.41257,0.41257
0.416375,0.416375,0.416806,0.417651,0.418873,0.420422,0.422233,0.424232,0.426339,0.428469,0.430538,0.432464,0.43417,0.435587,0.43665,0.437312,0.437536,0.43731,0.436648,0.435598,0.434245,0.43271,0.431141,0.429691,0.428502,0.427672,0.427243,0.427185,0.427404,0.427762,0.42811,0.428319,0.428319,0.42811,0.427762,0.427404,0.427185,0.427243,0.427672,0.428502,0.429691,0.431141,0.43271,0.434245,0.435598,0.436648,0.43731,0.437536,0.437312,0.43665,0.435587,0.43417,0.432464,0.430538,0.428469,0.426339,0.424232,0.422233,0.420422,0.418873,0.417651,0.416806,0.416375,0.416375
0.421307,0.421307,0.421659,0.422348,0.423341,0.424592,0.426046,0.427637,0.429296,0.430951,0.43253,0.433967,0.435197,0.436162,0.436809,0.437094,0.436987,0.436471,0.435555,0.434277,0.43271,0.430963,0.429171,0.427481,0.426032,0.424927,0.424218,0.42389,0.423865,0.424022,0.424227,0.424362,0.424362,0.424227,0.424022,0.423865,0.42389,0.424218,0.424927,0.426032,0.427481,0.429171,0.430963,0.43271,0.434277,0.435555,0.436471,0.436987,0.437094,0.436809,0.436162,0.435197,0.433967,0.43253,0.430951,0.429296,0.427637,0.426046,0.424592,0.423341,0.422348,0.421659,0.421307,0.421307
0.427148,0.427148,0.427401,0.427895,0.428604,0.42949,0.43051,0.431612,0.43274,0.433841,0.434858,0.435739,0.436434,0.436896,0.437083,0.436956,0.436485,0.435652,0.434459,0.432935,0.431141,0.429171,0.427149,0.425217,0.423508,0.422132,0.421147,0.420552,0.420286,0.420244,0.420307,0.420369,0.420369,0.420307,0.420244,0.420286,0.420552,0.421147,0.422132,0.423508,0.425217,0.427149,0.429171,0.431141,0.432935,0.434459,0.435652,0.436485,0.436956,0.437083,0.436896,0.436434,0.435739,0.434858,0.433841,0.43274,0.431612,0.43051,0.42949,0.428604,0.427895,0.427401,0.427148,0.427148
0.433611,0.433611,0.433756,0.434036,0.434435,0.434925,0.435476,0.436052,0.436615,0.437127,0.437549,0.437844,0.437977,0.437912,0.437615,0.437051,0.436193,0.435019,0.433527,0.431734,0.429691,0.427481,0.425217,0.423032,0.421058,0.419406,0.418145,0.417284,0.416779,0.416541,0.416464,0.416453,0.416453,0.416464,0.416541,0.416779,0.417284,0.418145,0.419406,0.421058,0.423032,0.425217,0.427481,0.429691,0.431734,0.433527,0.435019,0.436193,0.437051,0.437615,0.437912,0.437977,0.437844,0.437549,0.437127,0.436615,0.436052,0.435476,0.434925,0.434435,0.434036,0.433756,0.433611,0.433611
0.440365,0.440365,0.440402,0.440472,0.440564,0.440663,0.440751,0.440809,0.440815,0.440748,0.440584,0.440302,0.439878,0.439288,0.438503,0.437496,0.436238,0.434708,0.432897,0.430814,0.428502,0.426032,0.423508,0.421058,0.418811,0.416879,0.41534,0.414214,0.413473,0.413041,0.412825,0.412742,0.412742,0.412825,0.413041,0.413473,0.414214,0.41534,0.416879,0.418811,0.421058,0.423508,0.426032,0.428502,0.430814,0.432897,0.434708,0.436238,0.437496,0.438503,0.439288,0.439878,0.440302,0.440584,0.440748,0.440815,0.440809,0.440751,0.440663,0.440564,0.440472,0.440402,0.440365,0.440365
0.447068,0.447068,0.447008,0.446886,0.446699,0.446441,0.446108,0.445693,0.445189,0.444589,0.443885,0.443066,0.442121,0.441032,0.43978,0.438341,0.436687,0.434796,0.432655,0.43027,0.427672,0.424927,0.422132,0.419406,0.416879,0.414667,0.41285,0.411464,0.41049,0.409868,0.409519,0.409366,0.409366,0.409519,0.409868,0.41049,0.411464,0.41285,0.414667,0.416879,0.419406,0.422132,0.424927,0.427672,0.43027,0.432655,0.434796,0.436687,0.438341,0.43978,0.441032,0.442121,0.443066,0.443885,0.444589,0.445189,0.445693,0.446108,0.446441,0.446699,0.446886,0.447008,0.447068,0.447068
0.453398,0.453398,0.453255,0.452972,0.45255,0.451991,0.451301,0.450484,0.449544,0.448486,0.447312,0.446023,0.444614,0.443077,0.441398,0.439555,0.437526,0.435285,0.43282,0.43013,0.427243,0.424218,0.421147,0.418145,0.41534,0.41285,0.410765,0.409127,0.40793,0.407128,0.406651,0.406432,0.406432,0.406651,0.407128,0.40793,0.409127,0.410765,0.41285,0.41534,0.418145,0.421147,0.424218,0.427243,0.43013,0.43282,0.435285,0.437526,0.439555,0.441398,0.443077,0.444614,0.446023,0.447312,0.448486,0.449544,0.450484,0.451301,0.451991,0.45255,0.452972,0.453255,0.453398,0.453398
0.459068,0.459068,0.458862,0.458454,0.457848,0.457054,0.456083,0.454947,0.453659,0.452231,0.450674,0.448995,0.447198,0.445279,0.443228,0.44103,0.438661,0.436099,0.433329,0.43035,0.427185,0.42389,0.420552,0.417284,0.414214,0.411464,0.409127,0.407255,0.405853,0.404885,0.40429,0.404011,0.404011,0.40429,0.404885,0.405853,0.407255,0.409127,0.411464,0.414214,0.417284,0.420552,0.42389,0.427185,0.43035,0.433329,0.436099,0.438661,0.44103,0.443228,0.445279,0.447198,0.448995,0.450674,0.452231,0.453659,0.454947,0.456083,0.457054,0.457848,0.458454,0.458862,0.459068,0.459068
0.46385,0.46385,0.463599,0.4631,0.462363,0.461398,0.460222,0.458852,0.457304,0.455597,0.453747,0.451766,0.449663,0.447437,0.445083,0.442588,0.439931,0.437092,0.434055,0.430818,0.427404,0.423865,0.420286,0.416779,0.413473,0.41049,0.40793,0.405853,0.404271,0.403158,0.402461,0.402129,0.402129,0.402461,0.403158,0.404271,0.405853,0.40793,0.41049,0.413473,0.416779,0.420286,0.423865,0.427404,0.430818,0.434055,0.437092,0.439931,0.442588,0.445083,0.447437,0.449663,0.451766,0.453747,0.455597,0.457304,0.458852,0.460222,0.461398,0.462363,0.4631,0.463599,0.46385,0.46385
0.467571,0.467571,0.467289,0.466731,0.465907,0.464829,0.463516,0.461986,0.460261,0.45836,0.456303,0.454106,0.451778,0.449325,0.446742,0.444019,0.441137,0.438078,0.434826,0.431381,0.427762,0.424022,0.420244,0.416541,0.413041,0.409868,0.407128,0.404885,0.403158,0.401928,0.401149,0.400775,0.400775,0.401149,0.401928,0.403158,0.404885,0.407128,0.409868,0.413041,0.416541,0.420244,0.424022,0.427762,0.431381,0.434826,0.438078,0.441137,0.444019,0.446742,0.449325,0.451778,0.454106,0.456303,0.45836,0.460261,0.461986,0.463516,0.464829,0.465907,0.466731,0.467289,0.467571,0.467571
0.47011,0.47011,0.469811,0.469219,0.468344,0.4672,0.465804,0.464179,0.462345,0.460324,0.458138,0.455802,0.45333,0.450727,0.447992,0.445114,0.442079,0.438867,0.435466,0.431873,0.42811,0.424227,0.420307,0.416464,0.412825,0.409519,0.406651,0.40429,0.402461,0.401149,0.400314,0.39991,0.39991,0.400314,0.401149,0.402461,0.40429,0.406651,0.409519,0.412825,0.416464,0.420307,0.424227,0.42811,0.431873,0.435466,0.438867,0.442079,0.445114,0.447992,0.450727,0.45333,0.455802,0.458138,0.460324,0.462345,0.464179,0.465804,0.4672,0.468344,0.469219,0.469811,0.47011,0.47011
0.471397,0.471397,0.47109,0.470483,0.469584,0.468409,0.466977,0.465307,0.463422,0.461345,0.459096,0.456694,0.454151,0.451474,0.448663,0.445708,0.442595,0.439305,0.435827,0.432158,0.428319,0.424362,0.420369,0.416453,0.412742,0.409366,0.406432,0.404011,0.402129,0.400775,0.39991,0.399491,0.399491,0.39991,0.400775,0.402129,0.404011,0.406432,0.409366,0.412742,0.416453,0.420369,0.424362,0.428319,0.432158,0.435827,0.439305,0.442595,0.445708,0.448663,0.451474,0.454151,0.456694,0.459096,0.461345,0.463422,0.465307,0.466977,0.468409,0.469584,0.470483,0.47109,0.471397,0.471397
0.471397,0.471397,0.47109,0.470483,0.469584,0.468409,0.466977,0.465307,0.463422,0.461345,0.459096,0.456694,0.454151,0.451474,0.448663,0.445708,0.442595,0.439305,0.435827,0.432158,0.428319,0.424362,0.420369,0.416453,0.412742,0.409366,0.406432,0.404011,0.402129,0.400775,0.39991,0.399491,0.399491,0.39991,0.400775,0.402129,0.404011,0.406432,0.409366,0.412742,0.416453,0.420369,0.424362,0.428319,0.432158,0.435827,0.439305,0.442595,0.445708,0.448663,0.451474,0.454151,0.456694,0.459096,0.461345,0.463422,0.465307,0.466977,0.468409,0.469584,0.470483,0.47109,0.471397,0.471397
0.47011,0.47011,0.469811,0.469219,0.468344,0.4672,0.465804,0.464179,0.462345,0.460324,0.458138,0.455802,0.45333,0.450727,0.447992,0.445114,0.442079,0.438867,0.435466,0.431873,0.42811,0.424227,0.420307,0.416464,0.412825,0.409519,0.406651,0.40429,0.402461,0.401149,0.400314,0.39991,0.39991,0.400314,0.401149,0.402461,0.40429,0.406651,0.409519,0.412825,0.416464,0.420307,0.424227,0.42811,0.431873,0.435466,0.438867,0.442079,0.445114,0.447992,0.450727,0.45333,0.455802,0.458138,0.460324,0.462345,0.464179,0.465804,0.4672,0.468344,0.469219,0.469811,0.47011,0.47011
0.467571,0.467571,0.467289,0.466731,0.465907,0.464829,0.463516,0.461986,0.460261,0.45836,0.456303,0.454106,0.451778,0.449325,0.446742,0.444019,0.441137,0.438078,0.434826,0.431381,0.427762,0.424022,0.420244,0.416541,0.413041,0.409868,0.407128,0.404885,0.403158,0.401928,0.401149,0.400775,0.400775,0.401149,0.401928,0.403158,0.404885,0.407128,0.409868,0.413041,0.416541,0.420244,0.424022,0.427762,0.431381,0.434826,0.438078,0.441137,0.444019,0.446742,0.449325,0.451778,0.454106,0.456303,0.45836,0.460261,0.461986,0.463516,0.464829,0.465907,0.466731,0.467289,0.467571,0.467571
0.46385,0.46385,0.463599,0.4631,0.462363,0.461398,0.460222,0.458852,0.457304,0.455597,0.453747,0.451766,0.449663,0.447437,0.445083,0.442588,0.439931,0.437092,0.434055,0.430818,0.427404,0.423865,0.420286,0.416779,0.413473,0.41049,0.40793,0.405853,0.404271,0.403158,0.402461,0.402129,0.402129,0.402461,0.403158,0.404271,0.405853,0.40793,0.41049,0.413473,0.416779,0.420286,0.423865,0.427404,0.430818,0.434055,0.437092,0.439931,0.442588,0.445083,0.447437,0.449663,0.451766,0.453747,0.455597,0.457304,0.458852,0.460222,0.461398,0.462363,0.4631,0.463599,0.46385,0.46385
0.459068,0.459068,0.458862,0.458454,0.457848,0.457054,0.456083,0.454947,0.453659,0.452231,0.450674,0.448995,0.447198,0.445279,0.443228,0.44103,0.438661,0.436099,0.433329,0.43035,0.427185,0.42389,0.420552,0.417284,0.414214,0.411464,0.409127,0.407255,0.405853,0.404885,0.40429,0.404011,0.404011,0.40429,0.404885,0.405853,0.407255,0.409127,0.411464,0.414214,0.417284,0.420552,0.42389,0.427185,0.43035,0.433329,0.436099,0.438661,0.44103,0.443228,0.445279,0.447198,0.448995,0.450674,0.452231,0.453659,0.454947,0.456083,0.457054,0.457848,0.458454,0.458862,0.459068,0.459068
0.453398,0.453398,0.453255,0.452972,0.45255,0.451991,0.451301,0.450484,0.449544,0.448486,0.447312,0.446023,0.444614,0.443077,0.441398,0.439555,0.437526,0.435285,0.43282,0.43013,0.427243,0.424218,0.421147,0.418145,0.41534,0.41285,0.410765,0.409127,0.40793,0.407128,0.406651,0.406432,0.406432,0.406651,0.407128,0.40793,0.409127,0.410765,0.41285,0.41534,0.418145,0.421147,0.424218,0.427243,0.43013,0.43282,0.435285,0.437526,0.439555,0.441398,0.443077,0.444614,0.446023,0.447312,0.448486,0.449544,0.450484,0.451301,0.451991,0.45255,0.452972,0.453255,0.453398,0.453398
0.447068,0.447068,0.447008,0.446886,0.446699,0.446441,0.446108,0.445693,0.445189,0.444589,0.443885,0.443066,0.442121,0.441032,0.43978,0.438341,0.436687,0.434796,0.432655,0.43027,0.427672,0.424927,0.422132,0.419406,0.416879,0.414667,0.41285,0.411464,0.41049,0.409868,0.409519,0.409366,0.409366,0.409519,0.409868,0.41049,0.411464,0.41285,0.414667,0.416879,0.419406,0.422132,0.424927,0.427672,0.43027,0.432655,0.434796,0.436687,0.438341,0.43978,0.441032,0.442121,0.443066,0.443885,0.444589,0.445189,0.445693,0.446108,0.446441,0.446699,0.446886,0.447008,0.447068,0.447068
0.440365,0.440365,0.440402,0.440472,0.440564,0.440663,0.440751,0.440809,0.440815,0.440748,0.440584,0.440302,0.439878,0.439288,0.438503,0.437496,0.436238,0.434708,0.432897,0.430814,0.428502,0.426032,0.423508,0.421058,0.418811,0.416879,0.41534,0.414214,0.413473,0.413041,0.412825,0.412742,0.412742,0.412825,0.413041,0.413473,0.414214,0.41534,0.416879,0.418811,0.421058,0.423508,0.426032,0.428502,0.430814,0.432897,0.434708,0.436238,0.437496,0.438503,0.439288,0.439878,0.440302,0.440584,0.440748,0.440815,0.440809,0.440751,0.440663,0.440564,0.440472,0.440402,0.440365,0.440365
0.433611,0.433611,0.433756,0.434036,0.434435,0.434925,0.435476,0.436052,0.436615,0.437127,0.437549,0.437844,0.437977,0.437912,0.437615,0.437051,0.436193,0.435019,0.433527,0.431734,0.429691,0.427481,0.425217,0.423032,0.421058,0.419406,0.418145,0.417284,0.416779,0.416541,0.416464,0.416453,0.416453,0.416464,0.416541,0.416779,0.417284,0.418145,0.419406,0.421058,0.423032,0.425217,0.427481,0.429691,0.431734,0.433527,0.435019,0.436193,0.437051,0.437615,0.437912,0.437977,0.437844,0.437549,0.437127,0.436615,0.436052,0.435476,0.434925,0.434435,0.434036,0.433756,0.433611,0.433611
0.427148,0.427148,0.427401,0.427895,0.428604,0.42949,0.43051,0.431612,0.43274,0.433841,0.434858,0.435739,0.436434,0.436896,0.437083,0.436956,0.436485,0.435652,0.434459,0.432935,0.431141,0.429171,0.427149,0.425217,0.423508,0.422132,0.421147,0.420552,0.420286,0.420244,0.420307,0.420369,0.420369,0.420307,0.420244,0.420286,0.420552,0.421147,0.422132,0.423508,0.425217,0.427149,0.429171,0.431141,0.432935,0.434459,0.435652,0.436485,0.436956,0.437083,0.436896,0.436434,0.435739,0.434858,0.433841,0.43274,0.431612,0.43051,0.42949,0.428604,0.427895,0.427401,0.427148,0.427148
0.421307,0.421307,0.421659,0.422348,0.423341,0.424592,0.426046,0.427637,0.429296,0.430951,0.43253,0.433967,0.435197,0.436162,0.436809,0.437094,0.436987,0.436471,0.435555,0.434277,0.43271,0.430963,0.429171,0.427481,0.426032,0.424927,0.424218,0.42389,0.423865,0.424022,0.424227,0.424362,0.424362,0.424227,0.424022,0.423865,0.42389,0.424218,0.424927,0.426032,0.427481,0.429171,0.430963,0.43271,0.434277,0.435555,0.436471,0.436987,0.437094,0.436809,0.436162,0.435197,0.433967,0.43253,0.430951,0.429296,0.427637,0.426046,0.424592,0.423341,0.422348,0.421659,0.421307,0.421307
0.416375,0.416375,0.416806,0.417651,0.418873,0.420422,0.422233,0.424232,0.426339,0.428469,0.430538,0.432464,0.43417,0.435587,0.43665,0.437312,0.437536,0.43731,0.436648,0.435598,0.434245,0.43271,0.431141,0.429691,0.428502,0.427672,0.427243,0.427185,0.427404,0.427762,0.42811,0.428319,0.428319,0.42811,0.427762,0.427404,0.427185,0.427243,0.427672,0.428502,0.429691,0.431141,0.43271,0.434245,0.435598,0.436648,0.43731,0.437536,0.437312,0.43665,0.435587,0.43417,0.432464,0.430538,0.428469,0.426339,0.424232,0.422233,0.420422,0.418873,0.417651,0.416806,0.416375,0.416375
0.41257,0.41257,0.413052,0.413996,0.415367,0.417113,0.419168,0.421455,0.423887,0.426374,0.428822,0.431138,0.433235,0.43503,0.436452,0.437442,0.437963,0.438001,0.437574,0.436741,0.435598,0.434277,0.432935,0.431734,0.430814,0.43027,0.43013,0.43035,0.430818,0.431381,0.431873,0.432158,0.432158,0.431873,0.431381,0.430818,0.43035,0.43013,0.43027,0.430814,0.431734,0.432935,0.434277,0.435598,0.436741,0.437574,0.438001,0.437963,0.437442,0.436452,0.43503,0.433235,0.431138,0.428822,0.426374,0.423887,0.421455,0.419168,0.417113,0.415367,0.413996,0.413052,0.41257,0.41257
0.41002,0.41002,0.410516,0.411492,0.412915,0.414737,0.416899,0.419325,0.421932,0.424628,0.427316,0.429898,0.432277,0.434361,0.436069,0.437335,0.438114,0.438392,0.438191,0.437574,0.436648,0.435555,0.434459,0.433527,0.432897,0.432655,0.43282,0.433329,0.434055,0.434826,0.435466,0.435827,0.435827,0.435466,0.434826,0.434055,0.433329,0.43282,0.432655,0.432897,0.433527,0.434459,0.435555,0.436648,0.437574,0.438191,0.438392,0.438114,0.437335,0.436069,0.434361,0.432277,0.429898,0.427316,0.424628,0.421932,0.419325,0.416899,0.414737,0.412915,0.411492,0.410516,0.41002,0.41002
0.408754,0.408754,0.409228,0.410163,0.411535,0.413306,0.415426,0.417831,0.420448,0.42319,0.425964,0.42867,0.431209,0.43348,0.435394,0.436876,0.437875,0.438373,0.438392,0.438001,0.43731,0.436471,0.435652,0.435019,0.434708,0.434796,0.435285,0.436099,0.437092,0.438078,0.438867,0.439305,0.439305,0.438867,0.438078,0.437092,0.436099,0.435285,0.434796,0.434708,0.435019,0.435652,0.436471,0.43731,0.438001,0.438392,0.438373,0.437875,0.436876,0.435394,0.43348,0.431209,0.42867,0.425964,0.42319,0.420448,0.417831,0.415426,0.413306,0.411535,0.410163,0.409228,0.408754,0.408754
0.408705,0.408705,0.409123,0.409952,0.411177,0.412775,0.414711,0.41694,0.419402,0.422026,0.424728,0.427413,0.429982,0.432331,0.434364,0.435998,0.437176,0.437875,0.438114,0.437963,0.437536,0.436987,0.436485,0.436193,0.436238,0.436687,0.437526,0.438661,0.439931,0.441137,0.442079,0.442595,0.442595,0.442079,0.441137,0.439931,0.438661,0.437526,0.436687,0.436238,0.436193,0.436485,0.436987,0.437536,0.437963,0.438114,0.437875,0.437176,0.435998,0.434364,0.432331,0.429982,0.427413,0.424728,0.422026,0.419402,0.41694,0.414711,0.412775,0.411177,0.409952,0.409123,0.408705,0.408705
0.409728,0.409728,0.410063,0.410732,0.411731,0.413054,0.414686,0.416601,0.418763,0.421119,0.4236,0.426122,0.428592,0.430907,0.432968,0.434686,0.435998,0.436876,0.437335,0.437442,0.437312,0.437094,0.436956,0.437051,0.437496,0.438341,0.439555,0.44103,0.442588,0.444019,0.445114,0.445708,0.445708,0.445114,0.444019,0.442588,0.44103,0.439555,0.438341,0.437496,0.437051,0.436956,0.437094,0.437312,0.437442,0.437335,0.436876,0.435998,0.434686,0.432968,0.430907,0.428592,0.426122,0.4236,0.421119,0.418763,0.416601,0.414686,0.413054,0.411731,0.410732,0.410063,0.409728,0.409728
0.411622,0.411622,0.411856,0.412327,0.413046,0.414022,0.415259,0.416757,0.418502,0.420464,0.422593,0.424824,0.427073,0.429243,0.431238,0.432968,0.434364,0.435394,0.436069,0.436452,0.43665,0.436809,0.437083,0.437615,0.438503,0.43978,0.441398,0.443228,0.445083,0.446742,0.447992,0.448663,0.448663,0.447992,0.446742,0.445083,0.443228,0.441398,0.43978,0.438503,0.437615,0.437083,0.436809,0.43665,0.436452,0.436069,0.435394,0.434364,0.432968,0.431238,0.429243,0.427073,0.424824,0.422593,0.420464,0.418502,0.416757,0.415259,0.414022,0.413046,0.412327,0.411856,0.411622,0.411622
0.414156,0.414156,0.41428,0.414538,0.414949,0.415538,0.41633,0.417344,0.41859,0.420064,0.421739,0.423569,0.425486,0.427408,0.429243,0.430907,0.432331,0.43348,0.434361,0.43503,0.435587,0.436162,0.436896,0.437912,0.439288,0.441032,0.443077,0.445279,0.447437,0.449325,0.450727,0.451474,0.451474,0.450727,0.449325,0.447437,0.445279,0.443077,0.441032,0.439288,0.437912,0.436896,0.436162,0.435587,0.43503,0.434361,0.43348,0.432331,0.430907,0.429243,0.427408,0.425486,0.423569,0.421739,0.420064,0.41859,0.417344,0.41633,0.415538,0.414949,0.414538,0.41428,0.414156,0.414156
0.417094,0.417094,0.41711,0.417157,0.41726,0.417457,0.417787,0.418289,0.418996,0.419923,0.421071,0.422414,0.423908,0.425486,0.427073,0.428592,0.429982,0.431209,0.432277,0.433235,0.43417,0.435197,0.436434,0.437977,0.439878,0.442121,0.444614,0.447198,0.449663,0.451778,0.45333,0.454151,0.454151,0.45333,0.451778,0.449663,0.447198,0.444614,0.442121,0.439878,0.437977,0.436434,0.435197,0.43417,0.433235,0.432277,0.431209,0.429982,0.428592,0.427073,0.425486,0.423908,0.422414,0.421071,0.419923,0.418996,0.418289,0.417787,0.417457,0.41726,0.417157,0.41711,0.417094,0.417094
0.420219,0.420219,0.420137,0.41999,0.419808,0.419635,0.419522,0.419521,0.41968,0.420039,0.420618,0.421417,0.422414,0.423569,0.424824,0.426122,0.427413,0.42867,0.429898,0.431138,0.432464,0.433967,0.435739,0.437844,0.440302,0.443066,0.446023,0.448995,0.451766,0.454106,0.455802,0.456694,0.456694,0.455802,0.454106,0.451766,0.448995,0.446023,0.443066,0.440302,0.437844,0.435739,0.433967,0.432464,0.431138,0.429898,0.42867,0.427413,0.426122,0.424824,0.423569,0.422414,0.421417,0.420618,0.420039,0.41968,0.419521,0.419522,0.419635,0.419808,0.41999,0.420137,0.420219,0.420219
0.423345,0.423345,0.423181,0.422868,0.42244,0.421941,0.421428,0.42096,0.420598,0.420395,0.420394,0.420618,0.421071,0.421739,0.422593,0.4236,0.424728,0.425964,0.427316,0.428822,0.430538,0.43253,0.434858,0.437549,0.440584,0.443885,0.447312,0.450674,0.453747,0.456303,0.458138,0.459096,0.459096,0.458138,0.456303,0.453747,0.450674,0.447312,0.443885,0.440584,0.437549,0.434858,0.43253,0.430538,0.428822,0.427316,0.425964,0.424728,0.4236,0.422593,0.421739,0.421071,0.420618,0.420394,0.420395,0.420598,0.42096,0.421428,0.421941,0.42244,0.422868,0.423181,0.423345,0.423345
0.426328,0.426328,0.426099,0.425655,0.425028,0.424259,0.423405,0.422527,0.42169,0.420961,0.420395,0.420039,0.419923,0.420064,0.420464,0.421119,0.422026,0.42319,0.424628,0.426374,0.428469,0.430951,0.433841,0.437127,0.440748,0.444589,0.448486,0.452231,0.455597,0.45836,0.460324,0.461345,0.461345,0.460324,0.45836,0.455597,0.452231,0.448486,0.444589,0.440748,0.437127,0.433841,0.430951,0.428469,0.426374,0.424628,0.42319,0.422026,0.421119,0.420464,0.420064,0.419923,0.420039,0.420395,0.420961,0.42169,0.422527,0.423405,0.424259,0.425028,0.425655,0.426099,0.426328,0.426328
0.429064,0.429064,0.428788,0.428248,0.42747,0.426493,0.425364,0.424143,0.422895,0.42169,0.420598,0.41968,0.418996,0.41859,0.418502,0.418763,0.419402,0.420448,0.421932,0.423887,0.426339,0.429296,0.43274,0.436615,0.440815,0.445189,0.449544,0.453659,0.457304,0.460261,0.462345,0.463422,0.463422,0.462345,0.460261,0.457304,0.453659,0.449544,0.445189,0.440815,0.436615,0.43274,0.429296,0.426339,0.423887,0.421932,0.420448,0.419402,0.418763,0.418502,0.41859,0.418996,0.41968,0.420598,0.42169,0.422895,0.424143,0.425364,0.426493,0.42747,0.428248,0.428788,0.429064,0.429064
0.431486,0.431486,0.431179,0.430575,0.429694,0.428564,0.427226,0.425732,0.424143,0.422527,0.42096,0.419521,0.418289,0.417344,0.416757,0.416601,0.41694,0.417831,0.419325,0.421455,0.424232,0.427637,0.431612,0.436052,0.440809,0.445693,0.450484,0.454947,0.458852,0.461986,0.464179,0.465307,0.465307,0.464179,0.461986,0.458852,0.454947,0.450484,0.445693,0.440809,0.436052,0.431612,0.427637,0.424232,0.421455,0.419325,0.417831,0.41694,0.416601,0.416757,0.417344,0.418289,0.419521,0.42096,0.422527,0.424143,0.425732,0.427226,0.428564,0.429694,0.430575,0.431179,0.431486,0.431486
0.433558,0.433558,0.433234,0.432593,0.431646,0.430414,0.428927,0.427226,0.425364,0.423405,0.421428,0.419522,0.417787,0.41633,0.415259,0.414686,0.414711,0.415426,0.416899,0.419168,0.422233,0.426046,0.43051,0.435476,0.440751,0.446108,0.451301,0.456083,0.460222,0.463516,0.465804,0.466977,0.466977,0.465804,0.463516,0.460222,0.456083,0.451301,0.446108,0.440751,0.435476,0.43051,0.426046,0.422233,0.419168,0.416899,0.415426,0.414711,0.414686,0.415259,0.41633,0.417787,0.419522,0.421428,0.423405,0.425364,0.427226,0.428927,0.430414,0.431646,0.432593,0.433234,0.433558,0.433558
0.435267,0.435267,0.434936,0.434277,0.433295,0.432001,0.430414,0.428564,0.426493,0.424259,0.421941,0.419635,0.417457,0.415538,0.414022,0.413054,0.412775,0.413306,0.414737,0.417113,0.420422,0.424592,0.42949,0.434925,0.440663,0.446441,0.451991,0.457054,0.461398,0.464829,0.4672,0.468409,0.468409,0.4672,0.464829,0.461398,0.457054,0.451991,0.446441,0.440663,0.434925,0.42949,0.424592,0.420422,0.417113,0.414737,0.413306,0.412775,0.413054,0.414022,0.415538,0.417457,0.419635,0.421941,0.424259,0.426493,0.428564,0.430414,0.432001,0.433295,0.434277,0.434936,0.435267,0.435267
0.436615,0.436615,0.436283,0.435619,0.434622,0.433295,0.431646,0.429694,0.42747,0.425028,0.42244,0.419808,0.41726,0.414949,0.413046,0.411731,0.411177,0.411535,0.412915,0.415367,0.418873,0.423341,0.428604,0.434435,0.440564,0.446699,0.45255,0.457848,0.462363,0.465907,0.468344,0.469584,0.469584,0.468344,0.465907,0.462363,0.457848,0.45255,0.446699,0.440564,0.434435,0.428604,0.423341,0.418873,0.415367,0.412915,0.411535,0.411177,0.411731,0.413046,0.414949,0.41726,0.419808,0.42244,0.425028,0.42747,0.429694,0.431646,0.433295,0.434622,0.435619,0.436283,0.436615,0.436615
0.437612,0.437612,0.437282,0.436619,0.435619,0.434277,0.432593,0.430575,0.428248,0.425655,0.422868,0.41999,0.417157,0.414538,0.412327,0.410732,0.409952,0.410163,0.411492,0.413996,0.417651,0.422348,0.427895,0.434036,0.440472,0.446886,0.452972,0.458454,0.4631,0.466731,0.469219,0.470483,0.470483,0.469219,0.466731,0.4631,0.458454,0.452972,0.446886,0.440472,0.434036,0.427895,0.422348,0.417651,0.413996,0.411492,0.410163,0.409952,0.410732,0.412327,0.414538,0.417157,0.41999,0.422868,0.425655,0.428248,0.430575,0.432593,0.434277,0.435619,0.436619,0.437282,0.437612,0.437612
0.438267,0.438267,0.43794,0.437282,0.436283,0.434936,0.433234,0.431179,0.428788,0.426099,0.423181,0.420137,0.41711,0.41428,0.411856,0.410063,0.409123,0.409228,0.410516,0.413052,0.416806,0.421659,0.427401,0.433756,0.440402,0.447008,0.453255,0.458862,0.463599,0.467289,0.469811,0.47109,0.47109,0.469811,0.467289,0.463599,0.458862,0.453255,0.447008,0.440402,0.433756,0.427401,0.421659,0.416806,0.413052,0.410516,0.409228,0.409123,0.410063,0.411856,0.41428,0.41711,0.420137,0.423181,0.426099,0.428788,0.431179,0.433234,0.434936,0.436283,0.437282,0.43794,0.438267,0.438267
0.438592,0.438592,0.438267,0.437612,0.436615,0.435267,0.433558,0.431486,0.429064,0.426328,0.423345,0.420219,0.417094,0.414156,0.411622,0.409728,0.408705,0.408754,0.41002,0.41257,0.416375,0.421307,0.427148,0.433611,0.440365,0.447068,0.453398,0.459068,0.46385,0.467571,0.47011,0.471397,0.471397,0.47011,0.467571,0.46385,0.459068,0.453398,0.447068,0.440365,0.433611,0.427148,0.421307,0.416375,0.41257,0.41002,0.408754,0.408705,0.409728,0.411622,0.414156,0.417094,0.420219,0.423345,0.426328,0.429064,0.431486,0.433558,0.435267,0.436615,0.437612,0.438267,0.438592,0.438592
0.438592,0.438592,0.438267,0.437612,0.436615,0.435267,0.433558,0.431486,0.429064,0.426328,0.423345,0.420219,0.417094,0.414156,0.411622,0.409728,0.408705,0.408754,0.41002,0.41257,0.416375,0.421307,0.427148,0.433611,0.440365,0.447068,0.453398,0.459068,0.46385,0.467571,0.47011,0.471397,0.471397,0.47011,0.467571,0.46385,0.459068,0.453398,0.447068,0.440365,0.433611,0.427148,0.421307,0.416375,0.41257,0.41002,0.408754,0.408705,0.409728,0.411622,0.414156,0.417094,0.420219,0.423345,0.426328,0.429064,0.431486,0.433558,0.435267,0.436615,0.437612,0.438267,0.438592,0.438592
