0.477813,0.478803,0.478732,0.47859,0.478374,0.478083,0.477713,0.477259,0.476714,0.47607,0.475312,0.474424,0.473381,0.472147,0.470677,0.46891,0.466768,0.464158,0.460974,0.457101,0.452433,0.446889,0.440436,0.433112,0.425052,0.4165,0.407809,0.399427,0.39186,0.38562,0.381167,0.378847,0.378847,0.381167,0.38562,0.39186,0.399427,0.407809,0.4165,0.425052,0.433112,0.440436,0.446889,0.452433,0.457101,0.460974,0.464158,0.466768,0.46891,0.470677,0.472147,0.473381,0.474424,0.475312,0.47607,0.476714,0.477259,0.477713,0.478083,0.478374,0.47859,0.478732,0.478803,0.478803
0.478803,0.478803,0.478732,0.47859,0.478374,0.478083,0.477713,0.477259,0.476714,0.47607,0.475312,0.474424,0.473381,0.472147,0.470677,0.46891,0.466768,0.464158,0.460974,0.457101,0.452433,0.446889,0.440436,0.433112,0.425052,0.4165,0.407809,0.399427,0.39186,0.38562,0.381167,0.378847,0.378847,0.381167,0.38562,0.39186,0.399427,0.407809,0.4165,0.425052,0.433112,0.440436,0.446889,0.452433,0.457101,0.460974,0.464158,0.466768,0.46891,0.470677,0.472147,0.473381,0.474424,0.475312,0.47607,0.476714,0.477259,0.477713,0.478083,0.478374,0.47859,0.478732,0.478803,0.478803
0.478732,0.478732,0.478661,0.478518,0.478301,0.478008,0.477636,0.477179,0.47663,0.475981,0.475217,0.474321,0.473267,0.47202,0.470534,0.468748,0.466585,0.463953,0.460748,0.456859,0.452185,0.44665,0.440224,0.432952,0.424968,0.416517,0.407945,0.399693,0.392253,0.386124,0.381754,0.379478,0.379478,0.381754,0.386124,0.392253,0.399693,0.407945,0.416517,0.424968,0.432952,0.440224,0.44665,0.452185,0.456859,0.460748,0.463953,0.466585,0.468748,0.470534,0.47202,0.473267,0.474321,0.475217,0.475981,0.47663,0.477179,0.477636,0.478008,0.478301,0.478518,0.478661,0.478732,0.478732
0.47859,0.47859,0.478518,0.478373,0.478154,0.477858,0.477481,0.477018,0.476461,0.475802,0.475025,0.474113,0.473037,0.471764,0.470246,0.468423,0.466219,0.463544,0.460299,0.456381,0.451697,0.44618,0.439811,0.432641,0.424811,0.416558,0.408222,0.400223,0.393031,0.387121,0.382912,0.380723,0.380723,0.382912,0.387121,0.393031,0.400223,0.408222,0.416558,0.424811,0.432641,0.439811,0.44618,0.451697,0.456381,0.460299,0.463544,0.466219,0.468423,0.470246,0.471764,0.473037,0.474113,0.475025,0.475802,0.476461,0.477018,0.477481,0.477858,0.478154,0.478373,0.478518,0.47859,0.47859
0.478374,0.478374,0.478301,0.478154,0.477931,0.477629,0.477245,0.476773,0.476205,0.47553,0.474733,0.473795,0.472688,0.471376,0.469811,0.467933,0.465668,0.462932,0.459632,0.455675,0.45098,0.445495,0.439215,0.432201,0.424596,0.416636,0.408643,0.401013,0.394182,0.388586,0.384611,0.382546,0.382546,0.384611,0.388586,0.394182,0.401013,0.408643,0.416636,0.424596,0.432201,0.439215,0.445495,0.45098,0.455675,0.459632,0.462932,0.465668,0.467933,0.469811,0.471376,0.472688,0.473795,0.474733,0.47553,0.476205,0.476773,0.477245,0.477629,0.477931,0.478154,0.478301,0.478374,0.478374
0.478083,0.478083,0.478008,0.477858,0.477629,0.47732,0.476926,0.476441,0.475856,0.475159,0.474336,0.473363,0.472213,0.470848,0.469221,0.467273,0.464932,0.462121,0.458755,0.454754,0.450054,0.444621,0.438464,0.431658,0.42435,0.416768,0.409216,0.402056,0.395682,0.390485,0.386804,0.384896,0.384896,0.386804,0.390485,0.395682,0.402056,0.409216,0.416768,0.42435,0.431658,0.438464,0.444621,0.450054,0.454754,0.458755,0.462121,0.464932,0.467273,0.469221,0.470848,0.472213,0.473363,0.474336,0.475159,0.475856,0.476441,0.476926,0.47732,0.477629,0.477858,0.478008,0.478083,0.478083
0.477713,0.477713,0.477636,0.477481,0.477245,0.476926,0.476519,0.476016,0.475409,0.474684,0.473824,0.472807,0.471603,0.470174,0.468471,0.466439,0.46401,0.461114,0.457678,0.453637,0.448945,0.443587,0.437592,0.431047,0.424101,0.416975,0.409946,0.40334,0.397502,0.392769,0.389432,0.387706,0.387706,0.389432,0.392769,0.397502,0.40334,0.409946,0.416975,0.424101,0.431047,0.437592,0.443587,0.448945,0.453637,0.457678,0.461114,0.46401,0.466439,0.468471,0.470174,0.471603,0.472807,0.473824,0.474684,0.475409,0.476016,0.476519,0.476926,0.477245,0.477481,0.477636,0.477713,0.477713
0.477259,0.477259,0.477179,0.477018,0.476773,0.476441,0.476016,0.475491,0.474855,0.474094,0.47319,0.472118,0.470848,0.469342,0.467553,0.465426,0.462902,0.459918,0.456415,0.452346,0.447683,0.442432,0.43664,0.430406,0.423881,0.417273,0.410834,0.404845,0.399601,0.39538,0.39242,0.390894,0.390894,0.39242,0.39538,0.399601,0.404845,0.410834,0.417273,0.423881,0.430406,0.43664,0.442432,0.447683,0.452346,0.456415,0.459918,0.462902,0.465426,0.467553,0.469342,0.470848,0.472118,0.47319,0.474094,0.474855,0.475491,0.476016,0.476441,0.476773,0.477018,0.477179,0.477259,0.477259
0.476714,0.476714,0.47663,0.476461,0.476205,0.475856,0.475409,0.474855,0.474183,0.473377,0.472418,0.471282,0.469935,0.468342,0.466457,0.464231,0.46161,0.458543,0.454986,0.450907,0.446302,0.441194,0.435648,0.429772,0.423718,0.417678,0.411874,0.406544,0.401928,0.398246,0.39568,0.394363,0.394363,0.39568,0.398246,0.401928,0.406544,0.411874,0.417678,0.423718,0.429772,0.435648,0.441194,0.446302,0.450907,0.454986,0.458543,0.46161,0.464231,0.466457,0.468342,0.469935,0.471282,0.472418,0.473377,0.474183,0.474855,0.475409,0.475856,0.476205,0.476461,0.47663,0.476714,0.476714
0.47607,0.47607,0.475981,0.475802,0.47553,0.475159,0.474684,0.474094,0.473377,0.472517,0.471494,0.470281,0.468849,0.467161,0.465176,0.46285,0.460138,0.457001,0.45341,0.449351,0.444838,0.439914,0.434656,0.42918,0.423635,0.418194,0.41305,0.408397,0.40442,0.401281,0.399112,0.398005,0.398005,0.399112,0.401281,0.40442,0.408397,0.41305,0.418194,0.423635,0.42918,0.434656,0.439914,0.444838,0.449351,0.45341,0.457001,0.460138,0.46285,0.465176,0.467161,0.468849,0.470281,0.471494,0.472517,0.473377,0.474094,0.474684,0.475159,0.47553,0.475802,0.475981,0.47607,0.47607
0.475312,0.475312,0.475217,0.475025,0.474733,0.474336,0.473824,0.47319,0.472418,0.471494,0.470395,0.469097,0.467571,0.465783,0.463699,0.461279,0.458491,0.455306,0.451711,0.447708,0.443328,0.438628,0.433697,0.428654,0.423641,0.418814,0.414332,0.410349,0.406998,0.404389,0.402605,0.4017,0.4017,0.402605,0.404389,0.406998,0.410349,0.414332,0.418814,0.423641,0.428654,0.433697,0.438628,0.443328,0.447708,0.451711,0.455306,0.458491,0.461279,0.463699,0.465783,0.467571,0.469097,0.470395,0.471494,0.472418,0.47319,0.473824,0.474336,0.474733,0.475025,0.475217,0.475312,0.475312
0.474424,0.474424,0.474321,0.474113,0.473795,0.473363,0.472807,0.472118,0.471282,0.470281,0.469097,0.467706,0.466081,0.464195,0.462017,0.459519,0.456676,0.453474,0.449911,0.446006,0.441801,0.437365,0.432793,0.428205,0.423732,0.419511,0.415673,0.412331,0.409573,0.407461,0.406037,0.40532,0.40532,0.406037,0.407461,0.409573,0.412331,0.415673,0.419511,0.423732,0.428205,0.432793,0.437365,0.441801,0.446006,0.449911,0.453474,0.456676,0.459519,0.462017,0.464195,0.466081,0.467706,0.469097,0.470281,0.471282,0.472118,0.472807,0.473363,0.473795,0.474113,0.474321,0.474424,0.474424
0.473381,0.473381,0.473267,0.473037,0.472688,0.472213,0.471603,0.470848,0.469935,0.468849,0.467571,0.466081,0.464358,0.462379,0.460122,0.457567,0.454701,0.451519,0.448032,0.444268,0.44028,0.436142,0.431952,0.427825,0.423882,0.420242,0.417008,0.414257,0.41204,0.410379,0.409278,0.40873,0.40873,0.409278,0.410379,0.41204,0.414257,0.417008,0.420242,0.423882,0.427825,0.431952,0.436142,0.44028,0.444268,0.448032,0.451519,0.454701,0.457567,0.460122,0.462379,0.464358,0.466081,0.467571,0.468849,0.469935,0.470848,0.471603,0.472213,0.472688,0.473037,0.473267,0.473381,0.473381
0.472147,0.472147,0.47202,0.471764,0.471376,0.470848,0.470174,0.469342,0.468342,0.467161,0.465783,0.464195,0.462379,0.460321,0.458007,0.455426,0.452574,0.449455,0.446089,0.44251,0.438775,0.43496,0.431161,0.427486,0.424047,0.420942,0.418253,0.416029,0.414287,0.413018,0.412196,0.411795,0.411795,0.412196,0.413018,0.414287,0.416029,0.418253,0.420942,0.424047,0.427486,0.431161,0.43496,0.438775,0.44251,0.446089,0.449455,0.452574,0.455426,0.458007,0.460321,0.462379,0.464195,0.465783,0.467161,0.468342,0.469342,0.470174,0.470848,0.471376,0.471764,0.47202,0.472147,0.472147
0.470677,0.470677,0.470534,0.470246,0.469811,0.469221,0.468471,0.467553,0.466457,0.465176,0.463699,0.462017,0.460122,0.458007,0.455666,0.453097,0.450303,0.447294,0.444093,0.440737,0.437282,0.433802,0.430389,0.427141,0.42416,0.42153,0.419313,0.417536,0.416194,0.415252,0.414662,0.414381,0.414381,0.414662,0.415252,0.416194,0.417536,0.419313,0.42153,0.42416,0.427141,0.430389,0.433802,0.437282,0.440737,0.444093,0.447294,0.450303,0.453097,0.455666,0.458007,0.460122,0.462017,0.463699,0.465176,0.466457,0.467553,0.468471,0.469221,0.469811,0.470246,0.470534,0.470677,0.470677
0.46891,0.46891,0.468748,0.468423,0.467933,0.467273,0.466439,0.465426,0.464231,0.46285,0.461279,0.459519,0.457567,0.455426,0.453097,0.450584,0.447895,0.445041,0.442045,0.438942,0.435783,0.432637,0.429587,0.426725,0.424142,0.421912,0.420084,0.418671,0.417648,0.416965,0.416558,0.416372,0.416372,0.416558,0.416965,0.417648,0.418671,0.420084,0.421912,0.424142,0.426725,0.429587,0.432637,0.435783,0.438942,0.442045,0.445041,0.447895,0.450584,0.453097,0.455426,0.457567,0.459519,0.461279,0.46285,0.464231,0.465426,0.466439,0.467273,0.467933,0.468423,0.468748,0.46891,0.46891
0.466768,0.466768,0.466585,0.466219,0.465668,0.464932,0.46401,0.462902,0.46161,0.460138,0.458491,0.456676,0.454701,0.452574,0.450303,0.447895,0.445357,0.442701,0.439943,0.437112,0.43425,0.431419,0.428694,0.426162,0.423907,0.421995,0.420469,0.419331,0.418548,0.418058,0.417788,0.417671,0.417671,0.417788,0.418058,0.418548,0.419331,0.420469,0.421995,0.423907,0.426162,0.428694,0.431419,0.43425,0.437112,0.439943,0.442701,0.445357,0.447895,0.450303,0.452574,0.454701,0.456676,0.458491,0.460138,0.46161,0.462902,0.46401,0.464932,0.465668,0.466219,0.466585,0.466768,0.466768
0.464158,0.464158,0.463953,0.463544,0.462932,0.462121,0.461114,0.459918,0.458543,0.457001,0.455306,0.453474,0.451519,0.449455,0.447294,0.445041,0.442701,0.440278,0.43778,0.435225,0.432647,0.430099,0.42765,0.425382,0.423376,0.421698,0.420387,0.419442,0.418825,0.418468,0.41829,0.418222,0.418222,0.41829,0.418468,0.418825,0.419442,0.420387,0.421698,0.423376,0.425382,0.42765,0.430099,0.432647,0.435225,0.43778,0.440278,0.442701,0.445041,0.447294,0.449455,0.451519,0.453474,0.455306,0.457001,0.458543,0.459918,0.461114,0.462121,0.462932,0.463544,0.463953,0.464158,0.464158
0.460974,0.460974,0.460748,0.460299,0.459632,0.458755,0.457678,0.456415,0.454986,0.45341,0.451711,0.449911,0.448032,0.446089,0.444093,0.442045,0.439943,0.43778,0.435551,0.433265,0.430944,0.428635,0.426402,0.424327,0.422492,0.420966,0.41979,0.418964,0.418449,0.418172,0.418052,0.418013,0.418013,0.418052,0.418172,0.418449,0.418964,0.41979,0.420966,0.422492,0.424327,0.426402,0.428635,0.430944,0.433265,0.435551,0.43778,0.439943,0.442045,0.444093,0.446089,0.448032,0.449911,0.451711,0.45341,0.454986,0.456415,0.457678,0.458755,0.459632,0.460299,0.460748,0.460974,0.460974
0.457101,0.457101,0.456859,0.456381,0.455675,0.454754,0.453637,0.452346,0.450907,0.449351,0.447708,0.446006,0.444268,0.44251,0.440737,0.438942,0.437112,0.435225,0.433265,0.431227,0.429127,0.427004,0.424925,0.422972,0.421234,0.419788,0.418678,0.417909,0.417443,0.417207,0.417115,0.417091,0.417091,0.417115,0.417207,0.417443,0.417909,0.418678,0.419788,0.421234,0.422972,0.424925,0.427004,0.429127,0.431227,0.433265,0.435225,0.437112,0.438942,0.440737,0.44251,0.444268,0.446006,0.447708,0.449351,0.450907,0.452346,0.453637,0.454754,0.455675,0.456381,0.456859,0.457101,0.457101
0.452433,0.452433,0.452185,0.451697,0.45098,0.450054,0.448945,0.447683,0.446302,0.444838,0.443328,0.441801,0.44028,0.438775,0.437282,0.435783,0.43425,0.432647,0.430944,0.429127,0.427204,0.425213,0.423225,0.421331,0.419627,0.4182,0.417103,0.416344,0.415889,0.415665,0.415582,0.415564,0.415564,0.415582,0.415665,0.415889,0.416344,0.417103,0.4182,0.419627,0.421331,0.423225,0.425213,0.427204,0.429127,0.430944,0.432647,0.43425,0.435783,0.437282,0.438775,0.44028,0.441801,0.443328,0.444838,0.446302,0.447683,0.448945,0.450054,0.45098,0.451697,0.452185,0.452433,0.452433
0.446889,0.446889,0.44665,0.44618,0.445495,0.444621,0.443587,0.442432,0.441194,0.439914,0.438628,0.437365,0.436142,0.43496,0.433802,0.432637,0.431419,0.430099,0.428635,0.427004,0.425213,0.423304,0.421354,0.419465,0.417746,0.416295,0.415172,0.414394,0.413926,0.413696,0.413612,0.413593,0.413593,0.413612,0.413696,0.413926,0.414394,0.415172,0.416295,0.417746,0.419465,0.421354,0.423304,0.425213,0.427004,0.428635,0.430099,0.431419,0.432637,0.433802,0.43496,0.436142,0.437365,0.438628,0.439914,0.441194,0.442432,0.443587,0.444621,0.445495,0.44618,0.44665,0.446889,0.446889
0.440436,0.440436,0.440224,0.439811,0.439215,0.438464,0.437592,0.43664,0.435648,0.434656,0.433697,0.432793,0.431952,0.431161,0.430389,0.429587,0.428694,0.42765,0.426402,0.424925,0.423225,0.421354,0.4194,0.417477,0.41571,0.414207,0.413039,0.412226,0.411735,0.411491,0.411401,0.41138,0.41138,0.411401,0.411491,0.411735,0.412226,0.413039,0.414207,0.41571,0.417477,0.4194,0.421354,0.423225,0.424925,0.426402,0.42765,0.428694,0.429587,0.430389,0.431161,0.431952,0.432793,0.433697,0.434656,0.435648,0.43664,0.437592,0.438464,0.439215,0.439811,0.440224,0.440436,0.440436
0.433112,0.433112,0.432952,0.432641,0.432201,0.431658,0.431047,0.430406,0.429772,0.42918,0.428654,0.428205,0.427825,0.427486,0.427141,0.426725,0.426162,0.425382,0.424327,0.422972,0.421331,0.419465,0.417477,0.415498,0.413666,0.4121,0.410881,0.41003,0.409516,0.40926,0.409165,0.409143,0.409143,0.409165,0.40926,0.409516,0.41003,0.410881,0.4121,0.413666,0.415498,0.417477,0.419465,0.421331,0.422972,0.424327,0.425382,0.426162,0.426725,0.427141,0.427486,0.427825,0.428205,0.428654,0.42918,0.429772,0.430406,0.431047,0.431658,0.432201,0.432641,0.432952,0.433112,0.433112
0.425052,0.425052,0.424968,0.424811,0.424596,0.42435,0.424101,0.423881,0.423718,0.423635,0.423641,0.423732,0.423882,0.424047,0.42416,0.424142,0.423907,0.423376,0.422492,0.421234,0.419627,0.417746,0.41571,0.413666,0.411765,0.41014,0.408874,0.407994,0.407463,0.407201,0.407106,0.407085,0.407085,0.407106,0.407201,0.407463,0.407994,0.408874,0.41014,0.411765,0.413666,0.41571,0.417746,0.419627,0.421234,0.422492,0.423376,0.423907,0.424142,0.42416,0.424047,0.423882,0.423732,0.423641,0.423635,0.423718,0.423881,0.424101,0.42435,0.424596,0.424811,0.424968,0.425052,0.425052
0.4165,0.4165,0.416517,0.416558,0.416636,0.416768,0.416975,0.417273,0.417678,0.418194,0.418814,0.419511,0.420242,0.420942,0.42153,0.421912,0.421995,0.421698,0.420966,0.419788,0.4182,0.416295,0.414207,0.4121,0.41014,0.408465,0.407166,0.406268,0.405733,0.405475,0.405385,0.405369,0.405369,0.405385,0.405475,0.405733,0.406268,0.407166,0.408465,0.41014,0.4121,0.414207,0.416295,0.4182,0.419788,0.420966,0.421698,0.421995,0.421912,0.42153,0.420942,0.420242,0.419511,0.418814,0.418194,0.417678,0.417273,0.416975,0.416768,0.416636,0.416558,0.416517,0.4165,0.4165
0.407809,0.407809,0.407945,0.408222,0.408643,0.409216,0.409946,0.410834,0.411874,0.41305,0.414332,0.415673,0.417008,0.418253,0.419313,0.420084,0.420469,0.420387,0.41979,0.418678,0.417103,0.415172,0.413039,0.410881,0.408874,0.407166,0.405849,0.404948,0.40442,0.404173,0.404096,0.404086,0.404086,0.404096,0.404173,0.40442,0.404948,0.405849,0.407166,0.408874,0.410881,0.413039,0.415172,0.417103,0.418678,0.41979,0.420387,0.420469,0.420084,0.419313,0.418253,0.417008,0.415673,0.414332,0.41305,0.411874,0.410834,0.409946,0.409216,0.408643,0.408222,0.407945,0.407809,0.407809
0.399427,0.399427,0.399693,0.400223,0.401013,0.402056,0.40334,0.404845,0.406544,0.408397,0.410349,0.412331,0.414257,0.416029,0.417536,0.418671,0.419331,0.419442,0.418964,0.417909,0.416344,0.414394,0.412226,0.41003,0.407994,0.406268,0.404948,0.404055,0.403543,0.403316,0.403254,0.403254,0.403254,0.403254,0.403316,0.403543,0.404055,0.404948,0.406268,0.407994,0.41003,0.412226,0.414394,0.416344,0.417909,0.418964,0.419442,0.419331,0.418671,0.417536,0.416029,0.414257,0.412331,0.410349,0.408397,0.406544,0.404845,0.40334,0.402056,0.401013,0.400223,0.399693,0.399427,0.399427
0.39186,0.39186,0.392253,0.393031,0.394182,0.395682,0.397502,0.399601,0.401928,0.40442,0.406998,0.409573,0.41204,0.414287,0.416194,0.417648,0.418548,0.418825,0.418449,0.417443,0.415889,0.413926,0.411735,0.409516,0.407463,0.405733,0.40442,0.403543,0.403053,0.402848,0.402803,0.402813,0.402813,0.402803,0.402848,0.403053,0.403543,0.40442,0.405733,0.407463,0.409516,0.411735,0.413926,0.415889,0.417443,0.418449,0.418825,0.418548,0.417648,0.416194,0.414287,0.41204,0.409573,0.406998,0.40442,0.401928,0.399601,0.397502,0.395682,0.394182,0.393031,0.392253,0.39186,0.39186
0.38562,0.38562,0.386124,0.387121,0.388586,0.390485,0.392769,0.39538,0.398246,0.401281,0.404389,0.407461,0.410379,0.413018,0.415252,0.416965,0.418058,0.418468,0.418172,0.417207,0.415665,0.413696,0.411491,0.40926,0.407201,0.405475,0.404173,0.403316,0.402848,0.402663,0.402635,0.402654,0.402654,0.402635,0.402663,0.402848,0.403316,0.404173,0.405475,0.407201,0.40926,0.411491,0.413696,0.415665,0.417207,0.418172,0.418468,0.418058,0.416965,0.415252,0.413018,0.410379,0.407461,0.404389,0.401281,0.398246,0.39538,0.392769,0.390485,0.388586,0.387121,0.386124,0.38562,0.38562
0.381167,0.381167,0.381754,0.382912,0.384611,0.386804,0.389432,0.39242,0.39568,0.399112,0.402605,0.406037,0.409278,0.412196,0.414662,0.416558,0.417788,0.41829,0.418052,0.417115,0.415582,0.413612,0.411401,0.409165,0.407106,0.405385,0.404096,0.403254,0.402803,0.402635,0.40262,0.402645,0.402645,0.40262,0.402635,0.402803,0.403254,0.404096,0.405385,0.407106,0.409165,0.411401,0.413612,0.415582,0.417115,0.418052,0.41829,0.417788,0.416558,0.414662,0.412196,0.409278,0.406037,0.402605,0.399112,0.39568,0.39242,0.389432,0.386804,0.384611,0.382912,0.381754,0.381167,0.381167
0.378847,0.378847,0.379478,0.380723,0.382546,0.384896,0.387706,0.390894,0.394363,0.398005,0.4017,0.40532,0.40873,0.411795,0.414381,0.416372,0.417671,0.418222,0.418013,0.417091,0.415564,0.413593,0.41138,0.409143,0.407085,0.405369,0.404086,0.403254,0.402813,0.402654,0.402645,0.402674,0.402674,0.402645,0.402654,0.402813,0.403254,0.404086,0.405369,0.407085,0.409143,0.41138,0.413593,0.415564,0.417091,0.418013,0.418222,0.417671,0.416372,0.414381,0.411795,0.40873,0.40532,0.4017,0.398005,0.394363,0.390894,0.387706,0.384896,0.382546,0.380723,0.379478,0.378847,0.378847
0.378847,0.378847,0.379478,0.380723,0.382546,0.384896,0.387706,0.390894,0.394363,0.398005,0.4017,0.40532,0.40873,0.411795,0.414381,0.416372,0.417671,0.418222,0.418013,0.417091,0.415564,0.413593,0.41138,0.409143,0.407085,0.405369,0.404086,0.403254,0.402813,0.402654,0.402645,0.402674,0.402674,0.402645,0.402654,0.402813,0.403254,0.404086,0.405369,0.407085,0.409143,0.41138,0.413593,0.415564,0.417091,0.418013,0.418222,0.417671,0.416372,0.414381,0.411795,0.40873,0.40532,0.4017,0.398005,0.394363,0.390894,0.387706,0.384896,0.382546,0.380723,0.379478,0.378847,0.378847
0.381167,0.381167,0.381754,0.382912,0.384611,0.386804,0.389432,0.39242,0.39568,0.399112,0.402605,0.406037,0.409278,0.412196,0.414662,0.416558,0.417788,0.41829,0.418052,0.417115,0.415582,0.413612,0.411401,0.409165,0.407106,0.405385,0.404096,0.403254,0.402803,0.402635,0.40262,0.402645,0.402645,0.40262,0.402635,0.402803,0.403254,0.404096,0.405385,0.407106,0.409165,0.411401,0.413612,0.415582,0.417115,0.418052,0.41829,0.417788,0.416558,0.414662,0.412196,0.409278,0.406037,0.402605,0.399112,0.39568,0.39242,0.389432,0.386804,0.384611,0.382912,0.381754,0.381167,0.381167
0.38562,0.38562,0.386124,0.387121,0.388586,0.390485,0.392769,0.39538,0.398246,0.401281,0.404389,0.407461,0.410379,0.413018,0.415252,0.416965,0.418058,0.418468,0.418172,0.417207,0.415665,0.413696,0.411491,0.40926,0.407201,0.405475,0.404173,0.403316,0.402848,0.402663,0.402635,0.402654,0.402654,0.402635,0.402663,0.402848,0.403316,0.404173,0.405475,0.407201,0.40926,0.411491,0.413696,0.415665,0.417207,0.418172,0.418468,0.418058,0.416965,0.415252,0.413018,0.410379,0.407461,0.404389,0.401281,0.398246,0.39538,0.392769,0.390485,0.388586,0.387121,0.386124,0.38562,0.38562
0.39186,0.39186,0.392253,0.393031,0.394182,0.395682,0.397502,0.399601,0.401928,0.40442,0.406998,0.409573,0.41204,0.414287,0.416194,0.417648,0.418548,0.418825,0.418449,0.417443,0.415889,0.413926,0.411735,0.409516,0.407463,0.405733,0.40442,0.403543,0.403053,0.402848,0.402803,0.402813,0.402813,0.402803,0.402848,0.403053,0.403543,0.40442,0.405733,0.407463,0.409516,0.411735,0.413926,0.415889,0.417443,0.418449,0.418825,0.418548,0.417648,0.416194,0.414287,0.41204,0.409573,0.406998,0.40442,0.401928,0.399601,0.397502,0.395682,0.394182,0.393031,0.392253,0.39186,0.39186
0.399427,0.399427,0.399693,0.400223,0.401013,0.402056,0.40334,0.404845,0.406544,0.408397,0.410349,0.412331,0.414257,0.416029,0.417536,0.418671,0.419331,0.419442,0.418964,0.417909,0.416344,0.414394,0.412226,0.41003,0.407994,0.406268,0.404948,0.404055,0.403543,0.403316,0.403254,0.403254,0.403254,0.403254,0.403316,0.403543,0.404055,0.404948,0.406268,0.407994,0.41003,0.412226,0.414394,0.416344,0.417909,0.418964,0.419442,0.419331,0.418671,0.417536,0.416029,0.414257,0.412331,0.410349,0.408397,0.406544,0.404845,0.40334,0.402056,0.401013,0.400223,0.399693,0.399427,0.399427
0.407809,0.407809,0.407945,0.408222,0.408643,0.409216,0.409946,0.410834,0.411874,0.41305,0.414332,0.415673,0.417008,0.418253,0.419313,0.420084,0.420469,0.420387,0.41979,0.418678,0.417103,0.415172,0.413039,0.410881,0.408874,0.407166,0.405849,0.404948,0.40442,0.404173,0.404096,0.404086,0.404086,0.404096,0.404173,0.40442,0.404948,0.405849,0.407166,0.408874,0.410881,0.413039,0.415172,0.417103,0.418678,0.41979,0.420387,0.420469,0.420084,0.419313,0.418253,0.417008,0.415673,0.414332,0.41305,0.411874,0.410834,0.409946,0.409216,0.408643,0.408222,0.407945,0.407809,0.407809
0.4165,0.4165,0.416517,0.416558,0.416636,0.416768,0.416975,0.417273,0.417678,0.418194,0.418814,0.419511,0.420242,0.420942,0.42153,0.421912,0.421995,0.421698,0.420966,0.419788,0.4182,0.416295,0.414207,0.4121,0.41014,0.408465,0.407166,0.406268,0.405733,0.405475,0.405385,0.405369,0.405369,0.405385,0.405475,0.405733,0.406268,0.407166,0.408465,0.41014,0.4121,0.414207,0.416295,0.4182,0.419788,0.420966,0.421698,0.421995,0.421912,0.42153,0.420942,0.420242,0.419511,0.418814,0.418194,0.417678,0.417273,0.416975,0.416768,0.416636,0.416558,0.416517,0.4165,0.4165
0.425052,0.425052,0.424968,0.424811,0.424596,0.42435,0.424101,0.423881,0.423718,0.423635,0.423641,0.423732,0.423882,0.424047,0.42416,0.424142,0.423907,0.423376,0.422492,0.421234,0.419627,0.417746,0.41571,0.413666,0.411765,0.41014,0.408874,0.407994,0.407463,0.407201,0.407106,0.407085,0.407085,0.407106,0.407201,0.407463,0.407994,0.408874,0.41014,0.411765,0.413666,0.41571,0.417746,0.419627,0.421234,0.422492,0.423376,0.423907,0.424142,0.42416,0.424047,0.423882,0.423732,0.423641,0.423635,0.423718,0.423881,0.424101,0.42435,0.424596,0.424811,0.424968,0.425052,0.425052
0.433112,0.433112,0.432952,0.432641,0.432201,0.431658,0.431047,0.430406,0.429772,0.42918,0.428654,0.428205,0.427825,0.427486,0.427141,0.426725,0.426162,0.425382,0.424327,0.422972,0.421331,0.419465,0.417477,0.415498,0.413666,0.4121,0.410881,0.41003,0.409516,0.40926,0.409165,0.409143,0.409143,0.409165,0.40926,0.409516,0.41003,0.410881,0.4121,0.413666,0.415498,0.417477,0.419465,0.421331,0.422972,0.424327,0.425382,0.426162,0.426725,0.427141,0.427486,0.427825,0.428205,0.428654,0.42918,0.429772,0.430406,0.431047,0.431658,0.432201,0.432641,0.432952,0.433112,0.433112
0.440436,0.440436,0.440224,0.439811,0.439215,0.438464,0.437592,0.43664,0.435648,0.434656,0.433697,0.432793,0.431952,0.431161,0.430389,0.429587,0.428694,0.42765,0.426402,0.424925,0.423225,0.421354,0.4194,0.417477,0.41571,0.414207,0.413039,0.412226,0.411735,0.411491,0.411401,0.41138,0.41138,0.411401,0.411491,0.411735,0.412226,0.413039,0.414207,0.41571,0.417477,0.4194,0.421354,0.423225,0.424925,0.426402,0.42765,0.428694,0.429587,0.430389,0.431161,0.431952,0.432793,0.433697,0.434656,0.435648,0.43664,0.437592,0.438464,0.439215,0.439811,0.440224,0.440436,0.440436
0.446889,0.446889,0.44665,0.44618,0.445495,0.444621,0.443587,0.442432,0.441194,0.439914,0.438628,0.437365,0.436142,0.43496,0.433802,0.432637,0.431419,0.430099,0.428635,0.427004,0.425213,0.423304,0.421354,0.419465,0.417746,0.416295,0.415172,0.414394,0.413926,0.413696,0.413612,0.413593,0.413593,0.413612,0.413696,0.413926,0.414394,0.415172,0.416295,0.417746,0.419465,0.421354,0.423304,0.425213,0.427004,0.428635,0.430099,0.431419,0.432637,0.433802,0.43496,0.436142,0.437365,0.438628,0.439914,0.441194,0.442432,0.443587,0.444621,0.445495,0.44618,0.44665,0.446889,0.446889
0.452433,0.452433,0.452185,0.451697,0.45098,0.450054,0.448945,0.447683,0.446302,0.444838,0.443328,0.441801,0.44028,0.438775,0.437282,0.435783,0.43425,0.432647,0.430944,0.429127,0.427204,0.425213,0.423225,0.421331,0.419627,0.4182,0.417103,0.416344,0.415889,0.415665,0.415582,0.415564,0.415564,0.415582,0.415665,0.415889,0.416344,0.417103,0.4182,0.419627,0.421331,0.423225,0.425213,0.427204,0.429127,0.430944,0.432647,0.43425,0.435783,0.437282,0.438775,0.44028,0.441801,0.443328,0.444838,0.446302,0.447683,0.448945,0.450054,0.45098,0.451697,0.452185,0.452433,0.452433
0.457101,0.457101,0.456859,0.456381,0.455675,0.454754,0.453637,0.452346,0.450907,0.449351,0.447708,0.446006,0.444268,0.44251,0.440737,0.438942,0.437112,0.435225,0.433265,0.431227,0.429127,0.427004,0.424925,0.422972,0.421234,0.419788,0.418678,0.417909,0.417443,0.417207,0.417115,0.417091,0.417091,0.417115,0.417207,0.417443,0.417909,0.418678,0.419788,0.421234,0.422972,0.424925,0.427004,0.429127,0.431227,0.433265,0.435225,0.437112,0.438942,0.440737,0.44251,0.444268,0.446006,0.447708,0.449351,0.450907,0.452346,0.453637,0.454754,0.455675,0.456381,0.456859,0.457101,0.457101
0.460974,0.460974,0.460748,0.460299,0.459632,0.458755,0.457678,0.456415,0.454986,0.45341,0.451711,0.449911,0.448032,0.446089,0.444093,0.442045,0.439943,0.43778,0.435551,0.433265,0.430944,0.428635,0.426402,0.424327,0.422492,0.420966,0.41979,0.418964,0.418449,0.418172,0.418052,0.418013,0.418013,0.418052,0.418172,0.418449,0.418964,0.41979,0.420966,0.422492,0.424327,0.426402,0.428635,0.430944,0.433265,0.435551,0.43778,0.439943,0.442045,0.444093,0.446089,0.448032,0.449911,0.451711,0.45341,0.454986,0.456415,0.457678,0.458755,0.459632,0.460299,0.460748,0.460974,0.460974
0.464158,0.464158,0.463953,0.463544,0.462932,0.462121,0.461114,0.459918,0.458543,0.457001,0.455306,0.453474,0.451519,0.449455,0.447294,0.445041,0.442701,0.440278,0.43778,0.435225,0.432647,0.430099,0.42765,0.425382,0.423376,0.421698,0.420387,0.419442,0.418825,0.418468,0.41829,0.418222,0.418222,0.41829,0.418468,0.418825,0.419442,0.420387,0.421698,0.423376,0.425382,0.42765,0.430099,0.432647,0.435225,0.43778,0.440278,0.442701,0.445041,0.447294,0.449455,0.451519,0.453474,0.455306,0.457001,0.458543,0.459918,0.461114,0.462121,0.462932,0.463544,0.463953,0.464158,0.464158
0.466768,0.466768,0.466585,0.466219,0.465668,0.464932,0.46401,0.462902,0.46161,0.460138,0.458491,0.456676,0.454701,0.452574,0.450303,0.447895,0.445357,0.442701,0.439943,0.437112,0.43425,0.431419,0.428694,0.426162,0.423907,0.421995,0.420469,0.419331,0.418548,0.418058,0.417788,0.417671,0.417671,0.417788,0.418058,0.418548,0.419331,0.420469,0.421995,0.423907,0.426162,0.428694,0.431419,0.43425,0.437112,0.439943,0.442701,0.445357,0.447895,0.450303,0.452574,0.454701,0.456676,0.458491,0.460138,0.46161,0.462902,0.46401,0.464932,0.465668,0.466219,0.466585,0.466768,0.466768
0.46891,0.46891,0.468748,0.468423,0.467933,0.467273,0.466439,0.465426,0.464231,0.46285,0.461279,0.459519,0.457567,0.455426,0.453097,0.450584,0.447895,0.445041,0.442045,0.438942,0.435783,0.432637,0.429587,0.426725,0.424142,0.421912,0.420084,0.418671,0.417648,0.416965,0.416558,0.416372,0.416372,0.416558,0.416965,0.417648,0.418671,0.420084,0.421912,0.424142,0.426725,0.429587,0.432637,0.435783,0.438942,0.442045,0.445041,0.447895,0.450584,0.453097,0.455426,0.457567,0.459519,0.461279,0.46285,0.464231,0.465426,0.466439,0.467273,0.467933,0.468423,0.468748,0.46891,0.46891
0.470677,0.470677,0.470534,0.470246,0.469811,0.469221,0.468471,0.467553,0.466457,0.465176,0.463699,0.462017,0.460122,0.458007,0.455666,0.453097,0.450303,0.447294,0.444093,0.440737,0.437282,0.433802,0.430389,0.427141,0.42416,0.42153,0.419313,0.417536,0.416194,0.415252,0.414662,0.414381,0.414381,0.414662,0.415252,0.416194,0.417536,0.419313,0.42153,0.42416,0.427141,0.430389,0.433802,0.437282,0.440737,0.444093,0.447294,0.450303,0.453097,0.455666,0.458007,0.460122,0.462017,0.463699,0.465176,0.466457,0.467553,0.468471,0.469221,0.469811,0.470246,0.470534,0.470677,0.470677
0.472147,0.472147,0.47202,0.471764,0.471376,0.470848,0.470174,0.469342,0.468342,0.467161,0.465783,0.464195,0.462379,0.460321,0.458007,0.455426,0.452574,0.449455,0.446089,0.44251,0.438775,0.43496,0.431161,0.427486,0.424047,0.420942,0.418253,0.416029,0.414287,0.413018,0.412196,0.411795,0.411795,0.412196,0.413018,0.414287,0.416029,0.418253,0.420942,0.424047,0.427486,0.431161,0.43496,0.438775,0.44251,0.446089,0.449455,0.452574,0.455426,0.458007,0.460321,0.462379,0.464195,0.465783,0.467161,0.468342,0.469342,0.470174,0.470848,0.471376,0.471764,0.47202,0.472147,0.472147
0.473381,0.473381,0.473267,0.473037,0.472688,0.472213,0.471603,0.470848,0.469935,0.468849,0.467571,0.466081,0.464358,0.462379,0.460122,0.457567,0.454701,0.451519,0.448032,0.444268,0.44028,0.436142,0.431952,0.427825,0.423882,0.420242,0.417008,0.414257,0.41204,0.410379,0.409278,0.40873,0.40873,0.409278,0.410379,0.41204,0.414257,0.417008,0.420242,0.423882,0.427825,0.431952,0.436142,0.44028,0.444268,0.448032,0.451519,0.454701,0.457567,0.460122,0.462379,0.464358,0.466081,0.467571,0.468849,0.469935,0.470848,0.471603,0.472213,0.472688,0.473037,0.473267,0.473381,0.473381
0.474424,0.474424,0.474321,0.474113,0.473795,0.473363,0.472807,0.472118,0.471282,0.470281,0.469097,0.467706,0.466081,0.464195,0.462017,0.459519,0.456676,0.453474,0.449911,0.446006,0.441801,0.437365,0.432793,0.428205,0.423732,0.419511,0.415673,0.412331,0.409573,0.407461,0.406037,0.40532,0.40532,0.406037,0.407461,0.409573,0.412331,0.415673,0.419511,0.423732,0.428205,0.432793,0.437365,0.441801,0.446006,0.449911,0.453474,0.456676,0.459519,0.462017,0.464195,0.466081,0.467706,0.469097,0.470281,0.471282,0.472118,0.472807,0.473363,0.473795,0.474113,0.474321,0.474424,0.474424
0.475312,0.475312,0.475217,0.475025,0.474733,0.474336,0.473824,0.47319,0.472418,0.471494,0.470395,0.469097,0.467571,0.465783,0.463699,0.461279,0.458491,0.455306,0.451711,0.447708,0.443328,0.438628,0.433697,0.428654,0.423641,0.418814,0.414332,0.410349,0.406998,0.404389,0.402605,0.4017,0.4017,0.402605,0.404389,0.406998,0.410349,0.414332,0.418814,0.423641,0.428654,0.433697,0.438628,0.443328,0.447708,0.451711,0.455306,0.458491,0.461279,0.463699,0.465783,0.467571,0.469097,0.470395,0.471494,0.472418,0.47319,0.473824,0.474336,0.474733,0.475025,0.475217,0.475312,0.475312
0.47607,0.47607,0.475981,0.475802,0.47553,0.475159,0.474684,0.474094,0.473377,0.472517,0.471494,0.470281,0.468849,0.467161,0.465176,0.46285,0.460138,0.457001,0.45341,0.449351,0.444838,0.439914,0.434656,0.42918,0.423635,0.418194,0.41305,0.408397,0.40442,0.401281,0.399112,0.398005,0.398005,0.399112,0.401281,0.40442,0.408397,0.41305,0.418194,0.423635,0.42918,0.434656,0.439914,0.444838,0.449351,0.45341,0.457001,0.460138,0.46285,0.465176,0.467161,0.468849,0.470281,0.471494,0.472517,0.473377,0.474094,0.474684,0.475159,0.47553,0.475802,0.475981,0.47607,0.47607
0.476714,0.476714,0.47663,0.476461,0.476205,0.475856,0.475409,0.474855,0.474183,0.473377,0.472418,0.471282,0.469935,0.468342,0.466457,0.464231,0.46161,0.458543,0.454986,0.450907,0.446302,0.441194,0.435648,0.429772,0.423718,0.417678,0.411874,0.406544,0.401928,0.398246,0.39568,0.394363,0.394363,0.39568,0.398246,0.401928,0.406544,0.411874,0.417678,0.423718,0.429772,0.435648,0.441194,0.446302,0.450907,0.454986,0.458543,0.46161,0.464231,0.466457,0.468342,0.469935,0.471282,0.472418,0.473377,0.474183,0.474855,0.475409,0.475856,0.476205,0.476461,0.47663,0.476714,0.476714
0.477259,0.477259,0.477179,0.477018,0.476773,0.476441,0.476016,0.475491,0.474855,0.474094,0.47319,0.472118,0.470848,0.469342,0.467553,0.465426,0.462902,0.459918,0.456415,0.452346,0.447683,0.442432,0.43664,0.430406,0.423881,0.417273,0.410834,0.404845,0.399601,0.39538,0.39242,0.390894,0.390894,0.39242,0.39538,0.399601,0.404845,0.410834,0.417273,0.423881,0.430406,0.43664,0.442432,0.447683,0.452346,0.456415,0.459918,0.462902,0.465426,0.467553,0.469342,0.470848,0.472118,0.47319,0.474094,0.474855,0.475491,0.476016,0.476441,0.476773,0.477018,0.477179,0.477259,0.477259
0.477713,0.477713,0.477636,0.477481,0.477245,0.476926,0.476519,0.476016,0.475409,0.474684,0.473824,0.472807,0.471603,0.470174,0.468471,0.466439,0.46401,0.461114,0.457678,0.453637,0.448945,0.443587,0.437592,0.431047,0.424101,0.416975,0.409946,0.40334,0.397502,0.392769,0.389432,0.387706,0.387706,0.389432,0.392769,0.397502,0.40334,0.409946,0.416975,0.424101,0.431047,0.437592,0.443587,0.448945,0.453637,0.457678,0.461114,0.46401,0.466439,0.468471,0.470174,0.471603,0.472807,0.473824,0.474684,0.475409,0.476016,0.476519,0.476926,0.477245,0.477481,0.477636,0.477713,0.477713
0.478083,0.478083,0.478008,0.477858,0.477629,0.47732,0.476926,0.476441,0.475856,0.475159,0.474336,0.473363,0.472213,0.470848,0.469221,0.467273,0.464932,0.462121,0.458755,0.454754,0.450054,0.444621,0.438464,0.431658,0.42435,0.416768,0.409216,0.402056,0.395682,0.390485,0.386804,0.384896,0.384896,0.386804,0.390485,0.395682,0.402056,0.409216,0.416768,0.42435,0.431658,0.438464,0.444621,0.450054,0.454754,0.458755,0.462121,0.464932,0.467273,0.469221,0.470848,0.472213,0.473363,0.474336,0.475159,0.475856,0.476441,0.476926,0.47732,0.477629,0.477858,0.478008,0.478083,0.478083
0.478374,0.478374,0.478301,0.478154,0.477931,0.477629,0.477245,0.476773,0.476205,0.47553,0.474733,0.473795,0.472688,0.471376,0.469811,0.467933,0.465668,0.462932,0.459632,0.455675,0.45098,0.445495,0.439215,0.432201,0.424596,0.416636,0.408643,0.401013,0.394182,0.388586,0.384611,0.382546,0.382546,0.384611,0.388586,0.394182,0.401013,0.408643,0.416636,0.424596,0.432201,0.439215,0.445495,0.45098,0.455675,0.459632,0.462932,0.465668,0.467933,0.469811,0.471376,0.472688,0.473795,0.474733,0.47553,0.476205,0.476773,0.477245,0.477629,0.477931,0.478154,0.478301,0.478374,0.478374
0.47859,0.47859,0.478518,0.478373,0.478154,0.477858,0.477481,0.477018,0.476461,0.475802,0.475025,0.474113,0.473037,0.471764,0.470246,0.468423,0.466219,0.463544,0.460299,0.456381,0.451697,0.44618,0.439811,0.432641,0.424811,0.416558,0.408222,0.400223,0.393031,0.387121,0.382912,0.380723,0.380723,0.382912,0.387121,0.393031,0.400223,0.408222,0.416558,0.424811,0.432641,0.439811,0.44618,0.451697,0.456381,0.460299,0.463544,0.466219,0.468423,0.470246,0.471764,0.473037,0.474113,0.475025,0.475802,0.476461,0.477018,0.477481,0.477858,0.478154,0.478373,0.478518,0.47859,0.47859
0.478732,0.478732,0.478661,0.478518,0.478301,0.478008,0.477636,0.477179,0.47663,0.475981,0.475217,0.474321,0.473267,0.47202,0.470534,0.468748,0.466585,0.463953,0.460748,0.456859,0.452185,0.44665,0.440224,0.432952,0.424968,0.416517,0.407945,0.399693,0.392253,0.386124,0.381754,0.379478,0.379478,0.381754,0.386124,0.392253,0.399693,0.407945,0.416517,0.424968,0.432952,0.440224,0.44665,0.452185,0.456859,0.460748,0.463953,0.466585,0.468748,0.470534,0.47202,0.473267,0.474321,0.475217,0.475981,0.47663,0.477179,0.477636,0.478008,0.478301,0.478518,0.478661,0.478732,0.478732
0.478803,0.478803,0.478732,0.47859,0.478374,0.478083,0.477713,0.477259,0.476714,0.47607,0.475312,0.474424,0.473381,0.472147,0.470677,0.46891,0.466768,0.464158,0.460974,0.457101,0.452433,0.446889,0.440436,0.433112,0.425052,0.4165,0.407809,0.399427,0.39186,0.38562,0.381167,0.378847,0.378847,0.381167,0.38562,0.39186,0.399427,0.407809,0.4165,0.425052,0.433112,0.440436,0.446889,0.452433,0.457101,0.460974,0.464158,0.466768,0.46891,0.470677,0.472147,0.473381,0.474424,0.475312,0.47607,0.476714,0.477259,0.477713,0.478083,0.478374,0.47859,0.478732,0.478803,0.478803
0.478803,0.478803,0.478732,0.47859,0.478374,0.478083,0.477713,0.477259,0.476714,0.47607,0.475312,0.474424,0.473381,0.472147,0.470677,0.46891,0.466768,0.464158,0.460974,0.457101,0.452433,0.446889,0.440436,0.433112,0.425052,0.4165,0.407809,0.399427,0.39186,0.38562,0.381167,0.378847,0.378847,0.381167,0.38562,0.39186,0.399427,0.407809,0.4165,0.425052,0.433112,0.440436,0.446889,0.452433,0.457101,0.460974,0.464158,0.466768,0.46891,0.470677,0.472147,0.473381,0.474424,0.475312,0.47607,0.476714,0.477259,0.477713,0.478083,0.478374,0.47859,0.478732,0.478803,0.478803
