0.5,0.5,0.5,0.5,0.5,0.5,0.5,0.5,0.5,0.5,0.5,0.5,0.5,0.499999,0.499999,0.499999,0.499998,0.499996,0.499995,0.499992,0.499989,0.499986,0.499981,0.499976,0.49997,0.499964,0.499957,0.499951,0.499945,0.49994,0.499937,0.499935,0.499935,0.499937,0.49994,0.499945,0.499951,0.499957,0.499964,0.49997,0.499976,0.499981,0.499986,0.499989,0.499992,0.499995,0.499996,0.499998,0.499999,0.499999,0.499999,0.5,0.5,0.5,0.5,0.5,0.5,0.5,0.5,0.5,0.5,0.5,0.5,0.5
0.5,0.5,0.5,0.5,0.5,0.5,0.5,0.5,0.5,0.5,0.5,0.5,0.5,0.499999,0.499999,0.499999,0.499998,0.499996,0.499995,0.499992,0.499989,0.499986,0.499981,0.499976,0.49997,0.499964,0.499957,0.499951,0.499945,0.49994,0.499937,0.499935,0.499935,0.499937,0.49994,0.499945,0.499951,0.499957,0.499964,0.49997,0.499976,0.499981,0.499986,0.499989,0.499992,0.499995,0.499996,0.499998,0.499999,0.499999,0.499999,0.5,0.5,0.5,0.5,0.5,0.5,0.5,0.5,0.5,0.5,0.5,0.5,0.5
0.5,0.5,0.5,0.5,0.5,0.5,0.5,0.5,0.5,0.5,0.5,0.5,0.499999,0.499999,0.499998,0.499997,0.499996,0.499994,0.499991,0.499987,0.499982,0.499976,0.499968,0.49996,0.49995,0.499939,0.499929,0.499918,0.499909,0.499902,0.499896,0.499893,0.499893,0.499896,0.499902,0.499909,0.499918,0.499929,0.499939,0.49995,0.49996,0.499968,0.499976,0.499982,0.499987,0.499991,0.499994,0.499996,0.499997,0.499998,0.499999,0.499999,0.5,0.5,0.5,0.5,0.5,0.5,0.5,0.5,0.5,0.5,0.5,0.5
0.5,0.5,0.5,0.5,0.5,0.5,0.5,0.5,0.5,0.5,0.5,0.499999,0.499999,0.499998,0.499997,0.499995,0.499992,0.499988,0.499982,0.499974,0.499964,0.499952,0.499937,0.499919,0.4999,0.499879,0.499858,0.499838,0.49982,0.499805,0.499795,0.499789,0.499789,0.499795,0.499805,0.49982,0.499838,0.499858,0.499879,0.4999,0.499919,0.499937,0.499952,0.499964,0.499974,0.499982,0.499988,0.499992,0.499995,0.499997,0.499998,0.499999,0.499999,0.5,0.5,0.5,0.5,0.5,0.5,0.5,0.5,0.5,0.5,0.5
0.5,0.5,0.5,0.5,0.5,0.5,0.5,0.5,0.5,0.5,0.499999,0.499999,0.499998,0.499996,0.499993,0.499989,0.499983,0.499974,0.499962,0.499946,0.499926,0.499901,0.49987,0.499835,0.499797,0.499755,0.499714,0.499674,0.499638,0.499608,0.499587,0.499576,0.499576,0.499587,0.499608,0.499638,0.499674,0.499714,0.499755,0.499797,0.499835,0.49987,0.499901,0.499926,0.499946,0.499962,0.499974,0.499983,0.499989,0.499993,0.499996,0.499998,0.499999,0.499999,0.5,0.5,0.5,0.5,0.5,0.5,0.5,0.5,0.5,0.5
0.5,0.5,0.5,0.5,0.5,0.5,0.5,0.5,0.5,0.499999,0.499998,0.499997,0.499995,0.499991,0.499986,0.499977,0.499965,0.499947,0.499923,0.499892,0.499851,0.499801,0.499741,0.499672,0.499596,0.499516,0.499435,0.499357,0.499287,0.49923,0.49919,0.499169,0.499169,0.49919,0.49923,0.499287,0.499357,0.499435,0.499516,0.499596,0.499672,0.499741,0.499801,0.499851,0.499892,0.499923,0.499947,0.499965,0.499977,0.499986,0.499991,0.499995,0.499997,0.499998,0.499999,0.5,0.5,0.5,0.5,0.5,0.5,0.5,0.5,0.5
0.5,0.5,0.5,0.5,0.5,0.5,0.5,0.5,0.499999,0.499998,0.499997,0.499994,0.499989,0.499982,0.499971,0.499954,0.49993,0.499896,0.499849,0.499788,0.499709,0.499613,0.499499,0.499368,0.499224,0.499072,0.49892,0.498774,0.498644,0.498537,0.498462,0.498423,0.498423,0.498462,0.498537,0.498644,0.498774,0.49892,0.499072,0.499224,0.499368,0.499499,0.499613,0.499709,0.499788,0.499849,0.499896,0.49993,0.499954,0.499971,0.499982,0.499989,0.499994,0.499997,0.499998,0.499999,0.5,0.5,0.5,0.5,0.5,0.5,0.5,0.5
0.5,0.5,0.5,0.5,0.5,0.5,0.5,0.499999,0.499998,0.499996,0.499993,0.499988,0.499979,0.499965,0.499944,0.499912,0.499866,0.499801,0.499713,0.499597,0.499451,0.499273,0.499062,0.498822,0.498559,0.498282,0.498005,0.497741,0.497506,0.497314,0.497178,0.497108,0.497108,0.497178,0.497314,0.497506,0.497741,0.498005,0.498282,0.498559,0.498822,0.499062,0.499273,0.499451,0.499597,0.499713,0.499801,0.499866,0.499912,0.499944,0.499965,0.499979,0.499988,0.499993,0.499996,0.499998,0.499999,0.5,0.5,0.5,0.5,0.5,0.5,0.5
0.5,0.5,0.5,0.5,0.5,0.5,0.499999,0.499998,0.499996,0.499993,0.499987,0.499977,0.499961,0.499935,0.499895,0.499835,0.49975,0.499631,0.499471,0.499262,0.498999,0.498679,0.498303,0.497877,0.497413,0.496927,0.49644,0.495979,0.49557,0.495236,0.495,0.494878,0.494878,0.495,0.495236,0.49557,0.495979,0.49644,0.496927,0.497413,0.497877,0.498303,0.498679,0.498999,0.499262,0.499471,0.499631,0.49975,0.499835,0.499895,0.499935,0.499961,0.499977,0.499987,0.499993,0.499996,0.499998,0.499999,0.5,0.5,0.5,0.5,0.5,0.5
0.5,0.5,0.5,0.5,0.5,0.499999,0.499998,0.499996,0.499993,0.499987,0.499976,0.499958,0.499928,0.499881,0.499809,0.499702,0.49955,0.499339,0.499057,0.498691,0.498233,0.497679,0.497032,0.496302,0.49551,0.494685,0.493864,0.493087,0.492398,0.491839,0.491445,0.491241,0.491241,0.491445,0.491839,0.492398,0.493087,0.493864,0.494685,0.49551,0.496302,0.497032,0.497679,0.498233,0.498691,0.499057,0.499339,0.49955,0.499702,0.499809,0.499881,0.499928,0.499958,0.499976,0.499987,0.499993,0.499996,0.499998,0.499999,0.5,0.5,0.5,0.5,0.5
0.5,0.5,0.5,0.5,0.499999,0.499998,0.499997,0.499993,0.499987,0.499976,0.499956,0.499924,0.499871,0.499788,0.499662,0.499477,0.499215,0.498853,0.498372,0.497753,0.496983,0.496056,0.494979,0.493772,0.492468,0.491117,0.489777,0.488515,0.4874,0.486496,0.48586,0.485532,0.485532,0.48586,0.486496,0.4874,0.488515,0.489777,0.491117,0.492468,0.493772,0.494979,0.496056,0.496983,0.497753,0.498372,0.498853,0.499215,0.499477,0.499662,0.499788,0.499871,0.499924,0.499956,0.499976,0.499987,0.499993,0.499997,0.499998,0.499999,0.5,0.5,0.5,0.5
0.5,0.5,0.5,0.499999,0.499999,0.499997,0.499994,0.499988,0.499977,0.499958,0.499924,0.499868,0.499777,0.499636,0.499423,0.499112,0.498673,0.498073,0.49728,0.496266,0.495012,0.493513,0.491782,0.489854,0.487783,0.485646,0.483538,0.48156,0.479818,0.478412,0.477423,0.476913,0.476913,0.477423,0.478412,0.479818,0.48156,0.483538,0.485646,0.487783,0.489854,0.491782,0.493513,0.495012,0.496266,0.49728,0.498073,0.498673,0.499112,0.499423,0.499636,0.499777,0.499868,0.499924,0.499958,0.499977,0.499988,0.499994,0.499997,0.499999,0.499999,0.5,0.5,0.5
0.5,0.5,0.499999,0.499999,0.499998,0.499995,0.499989,0.499979,0.499961,0.499928,0.499871,0.499777,0.499627,0.499394,0.499045,0.498538,0.497827,0.496863,0.495597,0.49399,0.492017,0.489673,0.486985,0.484008,0.48083,0.477571,0.474369,0.47138,0.468758,0.466646,0.465166,0.464403,0.464403,0.465166,0.466646,0.468758,0.47138,0.474369,0.477571,0.48083,0.484008,0.486985,0.489673,0.492017,0.49399,0.495597,0.496863,0.497827,0.498538,0.499045,0.499394,0.499627,0.499777,0.499871,0.499928,0.499961,0.499979,0.499989,0.499995,0.499998,0.499999,0.499999,0.5,0.5
0.499999,0.499999,0.499999,0.499998,0.499996,0.499991,0.499982,0.499965,0.499935,0.499881,0.499788,0.499636,0.499394,0.499021,0.498465,0.497666,0.496552,0.495051,0.493095,0.49063,0.487624,0.484081,0.480044,0.475604,0.470896,0.466094,0.461405,0.457048,0.453242,0.450188,0.448052,0.446953,0.446953,0.448052,0.450188,0.453242,0.457048,0.461405,0.466094,0.470896,0.475604,0.480044,0.484081,0.487624,0.49063,0.493095,0.495051,0.496552,0.497666,0.498465,0.499021,0.499394,0.499636,0.499788,0.499881,0.499935,0.499965,0.499982,0.499991,0.499996,0.499998,0.499999,0.499999,0.499999
0.499999,0.499999,0.499998,0.499997,0.499993,0.499986,0.499971,0.499944,0.499895,0.499809,0.499662,0.499423,0.499045,0.498465,0.497609,0.496385,0.494692,0.492429,0.489501,0.485839,0.481409,0.476225,0.470364,0.463964,0.457225,0.450398,0.443771,0.437646,0.43232,0.428063,0.425093,0.423568,0.423568,0.425093,0.428063,0.43232,0.437646,0.443771,0.450398,0.457225,0.463964,0.470364,0.476225,0.481409,0.485839,0.489501,0.492429,0.494692,0.496385,0.497609,0.498465,0.499045,0.499423,0.499662,0.499809,0.499895,0.499944,0.499971,0.499986,0.499993,0.499997,0.499998,0.499999,0.499999
0.499999,0.499999,0.499997,0.499995,0.499989,0.499977,0.499954,0.499912,0.499835,0.499702,0.499477,0.499112,0.498538,0.497666,0.496385,0.494567,0.492073,0.488763,0.484517,0.479247,0.472922,0.465583,0.457351,0.448432,0.439113,0.429739,0.420701,0.412397,0.405215,0.399496,0.39552,0.393482,0.393482,0.39552,0.399496,0.405215,0.412397,0.420701,0.429739,0.439113,0.448432,0.457351,0.465583,0.472922,0.479247,0.484517,0.488763,0.492073,0.494567,0.496385,0.497666,0.498538,0.499112,0.499477,0.499702,0.499835,0.499912,0.499954,0.499977,0.499989,0.499995,0.499997,0.499999,0.499999
0.499998,0.499998,0.499996,0.499992,0.499983,0.499965,0.49993,0.499866,0.49975,0.49955,0.499215,0.498673,0.497827,0.496552,0.494692,0.492073,0.488507,0.483812,0.477838,0.470487,0.46174,0.451677,0.440487,0.428467,0.41601,0.403581,0.391683,0.380826,0.371489,0.36409,0.358963,0.356341,0.356341,0.358963,0.36409,0.371489,0.380826,0.391683,0.403581,0.41601,0.428467,0.440487,0.451677,0.46174,0.470487,0.477838,0.483812,0.488507,0.492073,0.494692,0.496552,0.497827,0.498673,0.499215,0.49955,0.49975,0.499866,0.49993,0.499965,0.499983,0.499992,0.499996,0.499998,0.499998
0.499996,0.499996,0.499994,0.499988,0.499974,0.499947,0.499896,0.499801,0.499631,0.499339,0.498853,0.498073,0.496863,0.495051,0.492429,0.488763,0.483812,0.477349,0.469195,0.459248,0.44752,0.434151,0.419421,0.403745,0.387646,0.371722,0.356604,0.342911,0.331212,0.321992,0.315628,0.312381,0.312381,0.315628,0.321992,0.331212,0.342911,0.356604,0.371722,0.387646,0.403745,0.419421,0.434151,0.44752,0.459248,0.469195,0.477349,0.483812,0.488763,0.492429,0.495051,0.496863,0.498073,0.498853,0.499339,0.499631,0.499801,0.499896,0.499947,0.499974,0.499988,0.499994,0.499996,0.499996
0.499995,0.499995,0.499991,0.499982,0.499962,0.499923,0.499849,0.499713,0.499471,0.499057,0.498372,0.49728,0.495597,0.493095,0.489501,0.484517,0.477838,0.469195,0.458385,0.445322,0.430064,0.412841,0.394053,0.374257,0.354129,0.334411,0.315863,0.299205,0.285078,0.274013,0.266412,0.262544,0.262544,0.266412,0.274013,0.285078,0.299205,0.315863,0.334411,0.354129,0.374257,0.394053,0.412841,0.430064,0.445322,0.458385,0.469195,0.477838,0.484517,0.489501,0.493095,0.495597,0.49728,0.498372,0.499057,0.499471,0.499713,0.499849,0.499923,0.499962,0.499982,0.499991,0.499995,0.499995
0.499992,0.499992,0.499987,0.499974,0.499946,0.499892,0.499788,0.499597,0.499262,0.498691,0.497753,0.496266,0.49399,0.49063,0.485839,0.479247,0.470487,0.459248,0.445322,0.428652,0.409376,0.387841,0.364601,0.340378,0.316015,0.292405,0.270424,0.250873,0.234435,0.221652,0.212918,0.208489,0.208489,0.212918,0.221652,0.234435,0.250873,0.270424,0.292405,0.316015,0.340378,0.364601,0.387841,0.409376,0.428652,0.445322,0.459248,0.470487,0.479247,0.485839,0.49063,0.49399,0.496266,0.497753,0.498691,0.499262,0.499597,0.499788,0.499892,0.499946,0.499974,0.499987,0.499992,0.499992
0.499989,0.499989,0.499982,0.499964,0.499926,0.499851,0.499709,0.499451,0.498999,0.498233,0.496983,0.495012,0.492017,0.487624,0.481409,0.472922,0.46174,0.44752,0.430064,0.409376,0.385703,0.359544,0.331634,0.302886,0.274315,0.246959,0.221787,0.199644,0.181213,0.166999,0.157351,0.152479,0.152479,0.157351,0.166999,0.181213,0.199644,0.221787,0.246959,0.274315,0.302886,0.331634,0.359544,0.385703,0.409376,0.430064,0.44752,0.46174,0.472922,0.481409,0.487624,0.492017,0.495012,0.496983,0.498233,0.498999,0.499451,0.499709,0.499851,0.499926,0.499964,0.499982,0.499989,0.499989
0.499986,0.499986,0.499976,0.499952,0.499901,0.499801,0.499613,0.499273,0.498679,0.497679,0.496056,0.493513,0.489673,0.484081,0.476225,0.465583,0.451677,0.434151,0.412841,0.387841,0.359544,0.328636,0.296056,0.262923,0.230427,0.199727,0.171852,0.147645,0.127731,0.11253,0.102292,0.0971468,0.0971468,0.102292,0.11253,0.127731,0.147645,0.171852,0.199727,0.230427,0.262923,0.296056,0.328636,0.359544,0.387841,0.412841,0.434151,0.451677,0.465583,0.476225,0.484081,0.489673,0.493513,0.496056,0.497679,0.498679,0.499273,0.499613,0.499801,0.499901,0.499952,0.499976,0.499986,0.499986
0.499981,0.499981,0.499968,0.499937,0.49987,0.499741,0.499499,0.499062,0.498303,0.497032,0.494979,0.491782,0.486985,0.480044,0.470364,0.457351,0.440487,0.419421,0.394053,0.364601,0.331634,0.296056,0.259036,0.2219,0.186002,0.152593,0.122718,0.0971603,0.0764288,0.0607974,0.0503712,0.0451641,0.0451641,0.0503712,0.0607974,0.0764288,0.0971603,0.122718,0.152593,0.186002,0.2219,0.259036,0.296056,0.331634,0.364601,0.394053,0.419421,0.440487,0.457351,0.470364,0.480044,0.486985,0.491782,0.494979,0.497032,0.498303,0.499062,0.499499,0.499741,0.49987,0.499937,0.499968,0.499981,0.499981
0.499976,0.499976,0.49996,0.499919,0.499835,0.499672,0.499368,0.498822,0.497877,0.496302,0.493772,0.489854,0.484008,0.475604,0.463964,0.448432,0.428467,0.403745,0.374257,0.340378,0.302886,0.262923,0.2219,0.181349,0.142764,0.107453,0.0764246,0.0503441,0.0295453,0.0141008,0.00392494,-0.00111669,-0.00111669,0.00392494,0.0141008,0.0295453,0.0503441,0.0764246,0.107453,0.142764,0.181349,0.2219,0.262923,0.302886,0.340378,0.374257,0.403745,0.428467,0.448432,0.463964,0.475604,0.484008,0.489854,0.493772,0.496302,0.497877,0.498822,0.499368,0.499672,0.499835,0.499919,0.49996,0.499976,0.499976
0.49997,0.49997,0.49995,0.4999,0.499797,0.499596,0.499224,0.498559,0.497413,0.49551,0.492468,0.487783,0.48083,0.470896,0.457225,0.439113,0.41601,0.387646,0.354129,0.316015,0.274315,0.230427,0.186002,0.142764,0.102322,0.0659943,0.0347062,0.00895055,-0.0111666,-0.0258195,-0.0353212,-0.0399791,-0.0399791,-0.0353212,-0.0258195,-0.0111666,0.00895055,0.0347062,0.0659943,0.102322,0.142764,0.186002,0.230427,0.274315,0.316015,0.354129,0.387646,0.41601,0.439113,0.457225,0.470896,0.48083,0.487783,0.492468,0.49551,0.497413,0.498559,0.499224,0.499596,0.499797,0.4999,0.49995,0.49997,0.49997
0.499964,0.499964,0.499939,0.499879,0.499755,0.499516,0.499072,0.498282,0.496927,0.494685,0.491117,0.485646,0.477571,0.466094,0.450398,0.429739,0.403581,0.371722,0.334411,0.292405,0.246959,0.199727,0.152593,0.107453,0.0659943,0.029511,-0.0012032,-0.0258696,-0.0446481,-0.0579908,-0.0664606,-0.0705524,-0.0705524,-0.0664606,-0.0579908,-0.0446481,-0.0258696,-0.0012032,0.029511,0.0659943,0.107453,0.152593,0.199727,0.246959,0.292405,0.334411,0.371722,0.403581,0.429739,0.450398,0.466094,0.477571,0.485646,0.491117,0.494685,0.496927,0.498282,0.499072,0.499516,0.499755,0.499879,0.499939,0.499964,0.499964
0.499957,0.499957,0.499929,0.499858,0.499714,0.499435,0.49892,0.498005,0.49644,0.493864,0.489777,0.483538,0.474369,0.461405,0.443771,0.420701,0.391683,0.356604,0.315863,0.270424,0.221787,0.171852,0.122718,0.0764246,0.0347062,-0.0012032,-0.0306717,-0.0536613,-0.0706169,-0.0822805,-0.0894707,-0.0928725,-0.0928725,-0.0894707,-0.0822805,-0.0706169,-0.0536613,-0.0306717,-0.0012032,0.0347062,0.0764246,0.122718,0.171852,0.221787,0.270424,0.315863,0.356604,0.391683,0.420701,0.443771,0.461405,0.474369,0.483538,0.489777,0.493864,0.49644,0.498005,0.49892,0.499435,0.499714,0.499858,0.499929,0.499957,0.499957
0.499951,0.499951,0.499918,0.499838,0.499674,0.499357,0.498774,0.497741,0.495979,0.493087,0.488515,0.48156,0.47138,0.457048,0.437646,0.412397,0.380826,0.342911,0.299205,0.250873,0.199644,0.147645,0.0971603,0.0503441,0.00895055,-0.0258696,-0.0536613,-0.074633,-0.089512,-0.0993213,-0.105124,-0.107785,-0.107785,-0.105124,-0.0993213,-0.089512,-0.074633,-0.0536613,-0.0258696,0.00895055,0.0503441,0.0971603,0.147645,0.199644,0.250873,0.299205,0.342911,0.380826,0.412397,0.437646,0.457048,0.47138,0.48156,0.488515,0.493087,0.495979,0.497741,0.498774,0.499357,0.499674,0.499838,0.499918,0.499951,0.499951
0.499945,0.499945,0.499909,0.49982,0.499638,0.499287,0.498644,0.497506,0.49557,0.492398,0.4874,0.479818,0.468758,0.453242,0.43232,0.405215,0.371489,0.331212,0.285078,0.234435,0.181213,0.127731,0.0764288,0.0295453,-0.0111666,-0.0446481,-0.0706169,-0.089512,-0.102318,-0.110311,-0.11477,-0.116718,-0.116718,-0.11477,-0.110311,-0.102318,-0.089512,-0.0706169,-0.0446481,-0.0111666,0.0295453,0.0764288,0.127731,0.181213,0.234435,0.285078,0.331212,0.371489,0.405215,0.43232,0.453242,0.468758,0.479818,0.4874,0.492398,0.49557,0.497506,0.498644,0.499287,0.499638,0.49982,0.499909,0.499945,0.499945
0.49994,0.49994,0.499902,0.499805,0.499608,0.49923,0.498537,0.497314,0.495236,0.491839,0.486496,0.478412,0.466646,0.450188,0.428063,0.399496,0.36409,0.321992,0.274013,0.221652,0.166999,0.11253,0.0607974,0.0141008,-0.0258195,-0.0579908,-0.0822805,-0.0993213,-0.110311,-0.11673,-0.120034,-0.121371,-0.121371,-0.120034,-0.11673,-0.110311,-0.0993213,-0.0822805,-0.0579908,-0.0258195,0.0141008,0.0607974,0.11253,0.166999,0.221652,0.274013,0.321992,0.36409,0.399496,0.428063,0.450188,0.466646,0.478412,0.486496,0.491839,0.495236,0.497314,0.498537,0.49923,0.499608,0.499805,0.499902,0.49994,0.49994
0.499937,0.499937,0.499896,0.499795,0.499587,0.49919,0.498462,0.497178,0.495,0.491445,0.48586,0.477423,0.465166,0.448052,0.425093,0.39552,0.358963,0.315628,0.266412,0.212918,0.157351,0.102292,0.0503712,0.00392494,-0.0353212,-0.0664606,-0.0894707,-0.105124,-0.11477,-0.120034,-0.122494,-0.123386,-0.123386,-0.122494,-0.120034,-0.11477,-0.105124,-0.0894707,-0.0664606,-0.0353212,0.00392494,0.0503712,0.102292,0.157351,0.212918,0.266412,0.315628,0.358963,0.39552,0.425093,0.448052,0.465166,0.477423,0.48586,0.491445,0.495,0.497178,0.498462,0.49919,0.499587,0.499795,0.499896,0.499937,0.499937
0.499935,0.499935,0.499893,0.499789,0.499576,0.499169,0.498423,0.497108,0.494878,0.491241,0.485532,0.476913,0.464403,0.446953,0.423568,0.393482,0.356341,0.312381,0.262544,0.208489,0.152479,0.0971468,0.0451641,-0.00111669,-0.0399791,-0.0705524,-0.0928725,-0.107785,-0.116718,-0.121371,-0.123386,-0.124044,-0.124044,-0.123386,-0.121371,-0.116718,-0.107785,-0.0928725,-0.0705524,-0.0399791,-0.00111669,0.0451641,0.0971468,0.152479,0.208489,0.262544,0.312381,0.356341,0.393482,0.423568,0.446953,0.464403,0.476913,0.485532,0.491241,0.494878,0.497108,0.498423,0.499169,0.499576,0.499789,0.499893,0.499935,0.499935
0.499935,0.499935,0.499893,0.499789,0.499576,0.499169,0.498423,0.497108,0.494878,0.491241,0.485532,0.476913,0.464403,0.446953,0.423568,0.393482,0.356341,0.312381,0.262544,0.208489,0.152479,0.0971468,0.0451641,-0.00111669,-0.0399791,-0.0705524,-0.0928725,-0.107785,-0.116718,-0.121371,-0.123386,-0.124044,-0.124044,-0.123386,-0.121371,-0.116718,-0.107785,-0.0928725,-0.0705524,-0.0399791,-0.00111669,0.0451641,0.0971468,0.152479,0.208489,0.262544,0.312381,0.356341,0.393482,0.423568,0.446953,0.464403,0.476913,0.485532,0.491241,0.494878,0.497108,0.498423,0.499169,0.499576,0.499789,0.499893,0.499935,0.499935
0.499937,0.499937,0.499896,0.499795,0.499587,0.49919,0.498462,0.497178,0.495,0.491445,0.48586,0.477423,0.465166,0.448052,0.425093,0.39552,0.358963,0.315628,0.266412,0.212918,0.157351,0.102292,0.0503712,0.00392494,-0.0353212,-0.0664606,-0.0894707,-0.105124,-0.11477,-0.120034,-0.122494,-0.123386,-0.123386,-0.122494,-0.120034,-0.11477,-0.105124,-0.0894707,-0.0664606,-0.0353212,0.00392494,0.0503712,0.102292,0.157351,0.212918,0.266412,0.315628,0.358963,0.39552,0.425093,0.448052,0.465166,0.477423,0.48586,0.491445,0.495,0.497178,0.498462,0.49919,0.499587,0.499795,0.499896,0.499937,0.499937
0.49994,0.49994,0.499902,0.499805,0.499608,0.49923,0.498537,0.497314,0.495236,0.491839,0.486496,0.478412,0.466646,0.450188,0.428063,0.399496,0.36409,0.321992,0.274013,0.221652,0.166999,0.11253,0.0607974,0.0141008,-0.0258195,-0.0579908,-0.0822805,-0.0993213,-0.110311,-0.11673,-0.120034,-0.121371,-0.121371,-0.120034,-0.11673,-0.110311,-0.0993213,-0.0822805,-0.0579908,-0.0258195,0.0141008,0.0607974,0.11253,0.166999,0.221652,0.274013,0.321992,0.36409,0.399496,0.428063,0.450188,0.466646,0.478412,0.486496,0.491839,0.495236,0.497314,0.498537,0.49923,0.499608,0.499805,0.499902,0.49994,0.49994
0.499945,0.499945,0.499909,0.49982,0.499638,0.499287,0.498644,0.497506,0.49557,0.492398,0.4874,0.479818,0.468758,0.453242,0.43232,0.405215,0.371489,0.331212,0.285078,0.234435,0.181213,0.127731,0.0764288,0.0295453,-0.0111666,-0.0446481,-0.0706169,-0.089512,-0.102318,-0.110311,-0.11477,-0.116718,-0.116718,-0.11477,-0.110311,-0.102318,-0.089512,-0.0706169,-0.0446481,-0.0111666,0.0295453,0.0764288,0.127731,0.181213,0.234435,0.285078,0.331212,0.371489,0.405215,0.43232,0.453242,0.468758,0.479818,0.4874,0.492398,0.49557,0.497506,0.498644,0.499287,0.499638,0.49982,0.499909,0.499945,0.499945
0.499951,0.499951,0.499918,0.499838,0.499674,0.499357,0.498774,0.497741,0.495979,0.493087,0.488515,0.48156,0.47138,0.457048,0.437646,0.412397,0.380826,0.342911,0.299205,0.250873,0.199644,0.147645,0.0971603,0.0503441,0.00895055,-0.0258696,-0.0536613,-0.074633,-0.089512,-0.0993213,-0.105124,-0.107785,-0.107785,-0.105124,-0.0993213,-0.089512,-0.074633,-0.0536613,-0.0258696,0.00895055,0.0503441,0.0971603,0.147645,0.199644,0.250873,0.299205,0.342911,0.380826,0.412397,0.437646,0.457048,0.47138,0.48156,0.488515,0.493087,0.495979,0.497741,0.498774,0.499357,0.499674,0.499838,0.499918,0.499951,0.499951
0.499957,0.499957,0.499929,0.499858,0.499714,0.499435,0.49892,0.498005,0.49644,0.493864,0.489777,0.483538,0.474369,0.461405,0.443771,0.420701,0.391683,0.356604,0.315863,0.270424,0.221787,0.171852,0.122718,0.0764246,0.0347062,-0.0012032,-0.0306717,-0.0536613,-0.0706169,-0.0822805,-0.0894707,-0.0928725,-0.0928725,-0.0894707,-0.0822805,-0.0706169,-0.0536613,-0.0306717,-0.0012032,0.0347062,0.0764246,0.122718,0.171852,0.221787,0.270424,0.315863,0.356604,0.391683,0.420701,0.443771,0.461405,0.474369,0.483538,0.489777,0.493864,0.49644,0.498005,0.49892,0.499435,0.499714,0.499858,0.499929,0.499957,0.499957
0.499964,0.499964,0.499939,0.499879,0.499755,0.499516,0.499072,0.498282,0.496927,0.494685,0.491117,0.485646,0.477571,0.466094,0.450398,0.429739,0.403581,0.371722,0.334411,0.292405,0.246959,0.199727,0.152593,0.107453,0.0659943,0.029511,-0.0012032,-0.0258696,-0.0446481,-0.0579908,-0.0664606,-0.0705524,-0.0705524,-0.0664606,-0.0579908,-0.0446481,-0.0258696,-0.0012032,0.029511,0.0659943,0.107453,0.152593,0.199727,0.246959,0.292405,0.334411,0.371722,0.403581,0.429739,0.450398,0.466094,0.477571,0.485646,0.491117,0.494685,0.496927,0.498282,0.499072,0.499516,0.499755,0.499879,0.499939,0.499964,0.499964
0.49997,0.49997,0.49995,0.4999,0.499797,0.499596,0.499224,0.498559,0.497413,0.49551,0.492468,0.487783,0.48083,0.470896,0.457225,0.439113,0.41601,0.387646,0.354129,0.316015,0.274315,0.230427,0.186002,0.142764,0.102322,0.0659943,0.0347062,0.00895055,-0.0111666,-0.0258195,-0.0353212,-0.0399791,-0.0399791,-0.0353212,-0.0258195,-0.0111666,0.00895055,0.0347062,0.0659943,0.102322,0.142764,0.186002,0.230427,0.274315,0.316015,0.354129,0.387646,0.41601,0.439113,0.457225,0.470896,0.48083,0.487783,0.492468,0.49551,0.497413,0.498559,0.499224,0.499596,0.499797,0.4999,0.49995,0.49997,0.49997
0.499976,0.499976,0.49996,0.499919,0.499835,0.499672,0.499368,0.498822,0.497877,0.496302,0.493772,0.489854,0.484008,0.475604,0.463964,0.448432,0.428467,0.403745,0.374257,0.340378,0.302886,0.262923,0.2219,0.181349,0.142764,0.107453,0.0764246,0.0503441,0.0295453,0.0141008,0.00392494,-0.00111669,-0.00111669,0.00392494,0.0141008,0.0295453,0.0503441,0.0764246,0.107453,0.142764,0.181349,0.2219,0.262923,0.302886,0.340378,0.374257,0.403745,0.428467,0.448432,0.463964,0.475604,0.484008,0.489854,0.493772,0.496302,0.497877,0.498822,0.499368,0.499672,0.499835,0.499919,0.49996,0.499976,0.499976
0.499981,0.499981,0.499968,0.499937,0.49987,0.499741,0.499499,0.499062,0.498303,0.497032,0.494979,0.491782,0.486985,0.480044,0.470364,0.457351,0.440487,0.419421,0.394053,0.364601,0.331634,0.296056,0.259036,0.2219,0.186002,0.152593,0.122718,0.0971603,0.0764288,0.0607974,0.0503712,0.0451641,0.0451641,0.0503712,0.0607974,0.0764288,0.0971603,0.122718,0.152593,0.186002,0.2219,0.259036,0.296056,0.331634,0.364601,0.394053,0.419421,0.440487,0.457351,0.470364,0.480044,0.486985,0.491782,0.494979,0.497032,0.498303,0.499062,0.499499,0.499741,0.49987,0.499937,0.499968,0.499981,0.499981
0.499986,0.499986,0.499976,0.499952,0.499901,0.499801,0.499613,0.499273,0.498679,0.497679,0.496056,0.493513,0.489673,0.484081,0.476225,0.465583,0.451677,0.434151,0.412841,0.387841,0.359544,0.328636,0.296056,0.262923,0.230427,0.199727,0.171852,0.147645,0.127731,0.11253,0.102292,0.0971468,0.0971468,0.102292,0.11253,0.127731,0.147645,0.171852,0.199727,0.230427,0.262923,0.296056,0.328636,0.359544,0.387841,0.412841,0.434151,0.451677,0.465583,0.476225,0.484081,0.489673,0.493513,0.496056,0.497679,0.498679,0.499273,0.499613,0.499801,0.499901,0.499952,0.499976,0.499986,0.499986
0.499989,0.499989,0.499982,0.499964,0.499926,0.499851,0.499709,0.499451,0.498999,0.498233,0.496983,0.495012,0.492017,0.487624,0.481409,0.472922,0.46174,0.44752,0.430064,0.409376,0.385703,0.359544,0.331634,0.302886,0.274315,0.246959,0.221787,0.199644,0.181213,0.166999,0.157351,0.152479,0.152479,0.157351,0.166999,0.181213,0.199644,0.221787,0.246959,0.274315,0.302886,0.331634,0.359544,0.385703,0.409376,0.430064,0.44752,0.46174,0.472922,0.481409,0.487624,0.492017,0.495012,0.496983,0.498233,0.498999,0.499451,0.499709,0.499851,0.499926,0.499964,0.499982,0.499989,0.499989
0.499992,0.499992,0.499987,0.499974,0.499946,0.499892,0.499788,0.499597,0.499262,0.498691,0.497753,0.496266,0.49399,0.49063,0.485839,0.479247,0.470487,0.459248,0.445322,0.428652,0.409376,0.387841,0.364601,0.340378,0.316015,0.292405,0.270424,0.250873,0.234435,0.221652,0.212918,0.208489,0.208489,0.212918,0.221652,0.234435,0.250873,0.270424,0.292405,0.316015,0.340378,0.364601,0.387841,0.409376,0.428652,0.445322,0.459248,0.470487,0.479247,0.485839,0.49063,0.49399,0.496266,0.497753,0.498691,0.499262,0.499597,0.499788,0.499892,0.499946,0.499974,0.499987,0.499992,0.499992
0.499995,0.499995,0.499991,0.499982,0.499962,0.499923,0.499849,0.499713,0.499471,0.499057,0.498372,0.49728,0.495597,0.493095,0.489501,0.484517,0.477838,0.469195,0.458385,0.445322,0.430064,0.412841,0.394053,0.374257,0.354129,0.334411,0.315863,0.299205,0.285078,0.274013,0.266412,0.262544,0.262544,0.266412,0.274013,0.285078,0.299205,0.315863,0.334411,0.354129,0.374257,0.394053,0.412841,0.430064,0.445322,0.458385,0.469195,0.477838,0.484517,0.489501,0.493095,0.495597,0.49728,0.498372,0.499057,0.499471,0.499713,0.499849,0.499923,0.499962,0.499982,0.499991,0.499995,0.499995
0.499996,0.499996,0.499994,0.499988,0.499974,0.499947,0.499896,0.499801,0.499631,0.499339,0.498853,0.498073,0.496863,0.495051,0.492429,0.488763,0.483812,0.477349,0.469195,0.459248,0.44752,0.434151,0.419421,0.403745,0.387646,0.371722,0.356604,0.342911,0.331212,0.321992,0.315628,0.312381,0.312381,0.315628,0.321992,0.331212,0.342911,0.356604,0.371722,0.387646,0.403745,0.419421,0.434151,0.44752,0.459248,0.469195,0.477349,0.483812,0.488763,0.492429,0.495051,0.496863,0.498073,0.498853,0.499339,0.499631,0.499801,0.499896,0.499947,0.499974,0.499988,0.499994,0.499996,0.499996
0.499998,0.499998,0.499996,0.499992,0.499983,0.499965,0.49993,0.499866,0.49975,0.49955,0.499215,0.498673,0.497827,0.496552,0.494692,0.492073,0.488507,0.483812,0.477838,0.470487,0.46174,0.451677,0.440487,0.428467,0.41601,0.403581,0.391683,0.380826,0.371489,0.36409,0.358963,0.356341,0.356341,0.358963,0.36409,0.371489,0.380826,0.391683,0.403581,0.41601,0.428467,0.440487,0.451677,0.46174,0.470487,0.477838,0.483812,0.488507,0.492073,0.494692,0.496552,0.497827,0.498673,0.499215,0.49955,0.49975,0.499866,0.49993,0.499965,0.499983,0.499992,0.499996,0.499998,0.499998
0.499999,0.499999,0.499997,0.499995,0.499989,0.499977,0.499954,0.499912,0.499835,0.499702,0.499477,0.499112,0.498538,0.497666,0.496385,0.494567,0.492073,0.488763,0.484517,0.479247,0.472922,0.465583,0.457351,0.448432,0.439113,0.429739,0.420701,0.412397,0.405215,0.399496,0.39552,0.393482,0.393482,0.39552,0.399496,0.405215,0.412397,0.420701,0.429739,0.439113,0.448432,0.457351,0.465583,0.472922,0.479247,0.484517,0.488763,0.492073,0.494567,0.496385,0.497666,0.498538,0.499112,0.499477,0.499702,0.499835,0.499912,0.499954,0.499977,0.499989,0.499995,0.499997,0.499999,0.499999
0.499999,0.499999,0.499998,0.499997,0.499993,0.499986,0.499971,0.499944,0.499895,0.499809,0.499662,0.499423,0.499045,0.498465,0.497609,0.496385,0.494692,0.492429,0.489501,0.485839,0.481409,0.476225,0.470364,0.463964,0.457225,0.450398,0.443771,0.437646,0.43232,0.428063,0.425093,0.423568,0.423568,0.425093,0.428063,0.43232,0.437646,0.443771,0.450398,0.457225,0.463964,0.470364,0.476225,0.481409,0.485839,0.489501,0.492429,0.494692,0.496385,0.497609,0.498465,0.499045,0.499423,0.499662,0.499809,0.499895,0.499944,0.499971,0.499986,0.499993,0.499997,0.499998,0.499999,0.499999
0.499999,0.499999,0.499999,0.499998,0.499996,0.499991,0.499982,0.499965,0.499935,0.499881,0.499788,0.499636,0.499394,0.499021,0.498465,0.497666,0.496552,0.495051,0.493095,0.49063,0.487624,0.484081,0.480044,0.475604,0.470896,0.466094,0.461405,0.457048,0.453242,0.450188,0.448052,0.446953,0.446953,0.448052,0.450188,0.453242,0.457048,0.461405,0.466094,0.470896,0.475604,0.480044,0.484081,0.487624,0.49063,0.493095,0.495051,0.496552,0.497666,0.498465,0.499021,0.499394,0.499636,0.499788,0.499881,0.499935,0.499965,0.499982,0.499991,0.499996,0.499998,0.499999,0.499999,0.499999
0.5,0.5,0.499999,0.499999,0.499998,0.499995,0.499989,0.499979,0.499961,0.499928,0.499871,0.499777,0.499627,0.499394,0.499045,0.498538,0.497827,0.496863,0.495597,0.49399,0.492017,0.489673,0.486985,0.484008,0.48083,0.477571,0.474369,0.47138,0.468758,0.466646,0.465166,0.464403,0.464403,0.465166,0.466646,0.468758,0.47138,0.474369,0.477571,0.48083,0.484008,0.486985,0.489673,0.492017,0.49399,0.495597,0.496863,0.497827,0.498538,0.499045,0.499394,0.499627,0.499777,0.499871,0.499928,0.499961,0.499979,0.499989,0.499995,0.499998,0.499999,0.499999,0.5,0.5
0.5,0.5,0.5,0.499999,0.499999,0.499997,0.499994,0.499988,0.499977,0.499958,0.499924,0.499868,0.499777,0.499636,0.499423,0.499112,0.498673,0.498073,0.49728,0.496266,0.495012,0.493513,0.491782,0.489854,0.487783,0.485646,0.483538,0.48156,0.479818,0.478412,0.477423,0.476913,0.476913,0.477423,0.478412,0.479818,0.48156,0.483538,0.485646,0.487783,0.489854,0.491782,0.493513,0.495012,0.496266,0.49728,0.498073,0.498673,0.499112,0.499423,0.499636,0.499777,0.499868,0.499924,0.499958,0.499977,0.499988,0.499994,0.499997,0.499999,0.499999,0.5,0.5,0.5
0.5,0.5,0.5,0.5,0.499999,0.499998,0.499997,0.499993,0.499987,0.499976,0.499956,0.499924,0.499871,0.499788,0.499662,0.499477,0.499215,0.498853,0.498372,0.497753,0.496983,0.496056,0.494979,0.493772,0.492468,0.491117,0.489777,0.488515,0.4874,0.486496,0.48586,0.485532,0.485532,0.48586,0.486496,0.4874,0.488515,0.489777,0.491117,0.492468,0.493772,0.494979,0.496056,0.496983,0.497753,0.498372,0.498853,0.499215,0.499477,0.499662,0.499788,0.499871,0.499924,0.499956,0.499976,0.499987,0.499993,0.499997,0.499998,0.499999,0.5,0.5,0.5,0.5
0.5,0.5,0.5,0.5,0.5,0.499999,0.499998,0.499996,0.499993,0.499987,0.499976,0.499958,0.499928,0.499881,0.499809,0.499702,0.49955,0.499339,0.499057,0.498691,0.498233,0.497679,0.497032,0.496302,0.49551,0.494685,0.493864,0.493087,0.492398,0.491839,0.491445,0.491241,0.491241,0.491445,0.491839,0.492398,0.493087,0.493864,0.494685,0.49551,0.496302,0.497032,0.497679,0.498233,0.498691,0.499057,0.499339,0.49955,0.499702,0.499809,0.499881,0.499928,0.499958,0.499976,0.499987,0.499993,0.499996,0.499998,0.499999,0.5,0.5,0.5,0.5,0.5
0.5,0.5,0.5,0.5,0.5,0.5,0.499999,0.499998,0.499996,0.499993,0.499987,0.499977,0.499961,0.499935,0.499895,0.499835,0.49975,0.499631,0.499471,0.499262,0.498999,0.498679,0.498303,0.497877,0.497413,0.496927,0.49644,0.495979,0.49557,0.495236,0.495,0.494878,0.494878,0.495,0.495236,0.49557,0.495979,0.49644,0.496927,0.497413,0.497877,0.498303,0.498679,0.498999,0.499262,0.499471,0.499631,0.49975,0.499835,0.499895,0.499935,0.499961,0.499977,0.499987,0.499993,0.499996,0.499998,0.499999,0.5,0.5,0.5,0.5,0.5,0.5
0.5,0.5,0.5,0.5,0.5,0.5,0.5,0.499999,0.499998,0.499996,0.499993,0.499988,0.499979,0.499965,0.499944,0.499912,0.499866,0.499801,0.499713,0.499597,0.499451,0.499273,0.499062,0.498822,0.498559,0.498282,0.498005,0.497741,0.497506,0.497314,0.497178,0.497108,0.497108,0.497178,0.497314,0.497506,0.497741,0.498005,0.498282,0.498559,0.498822,0.499062,0.499273,0.499451,0.499597,0.499713,0.499801,0.499866,0.499912,0.499944,0.499965,0.499979,0.499988,0.499993,0.499996,0.499998,0.499999,0.5,0.5,0.5,0.5,0.5,0.5,0.5
0.5,0.5,0.5,0.5,0.5,0.5,0.5,0.5,0.499999,0.499998,0.499997,0.499994,0.499989,0.499982,0.499971,0.499954,0.49993,0.499896,0.499849,0.499788,0.499709,0.499613,0.499499,0.499368,0.499224,0.499072,0.49892,0.498774,0.498644,0.498537,0.498462,0.498423,0.498423,0.498462,0.498537,0.498644,0.498774,0.49892,0.499072,0.499224,0.499368,0.499499,0.499613,0.499709,0.499788,0.499849,0.499896,0.49993,0.499954,0.499971,0.499982,0.499989,0.499994,0.499997,0.499998,0.499999,0.5,0.5,0.5,0.5,0.5,0.5,0.5,0.5
0.5,0.5,0.5,0.5,0.5,0.5,0.5,0.5,0.5,0.499999,0.499998,0.499997,0.499995,0.499991,0.499986,0.499977,0.499965,0.499947,0.499923,0.499892,0.499851,0.499801,0.499741,0.499672,0.499596,0.499516,0.499435,0.499357,0.499287,0.49923,0.49919,0.499169,0.499169,0.49919,0.49923,0.499287,0.499357,0.499435,0.499516,0.499596,0.499672,0.499741,0.499801,0.499851,0.499892,0.499923,0.499947,0.499965,0.499977,0.499986,0.499991,0.499995,0.499997,0.499998,0.499999,0.5,0.5,0.5,0.5,0.5,0.5,0.5,0.5,0.5
0.5,0.5,0.5,0.5,0.5,0.5,0.5,0.5,0.5,0.5,0.499999,0.499999,0.499998,0.499996,0.499993,0.499989,0.499983,0.499974,0.499962,0.499946,0.499926,0.499901,0.49987,0.499835,0.499797,0.499755,0.499714,0.499674,0.499638,0.499608,0.499587,0.499576,0.499576,0.499587,0.499608,0.499638,0.499674,0.499714,0.499755,0.499797,0.499835,0.49987,0.499901,0.499926,0.499946,0.499962,0.499974,0.499983,0.499989,0.499993,0.499996,0.499998,0.499999,0.499999,0.5,0.5,0.5,0.5,0.5,0.5,0.5,0.5,0.5,0.5
0.5,0.5,0.5,0.5,0.5,0.5,0.5,0.5,0.5,0.5,0.5,0.499999,0.499999,0.499998,0.499997,0.499995,0.499992,0.499988,0.499982,0.499974,0.499964,0.499952,0.499937,0.499919,0.4999,0.499879,0.499858,0.499838,0.49982,0.499805,0.499795,0.499789,0.499789,0.499795,0.499805,0.49982,0.499838,0.499858,0.499879,0.4999,0.499919,0.499937,0.499952,0.499964,0.499974,0.499982,0.499988,0.499992,0.499995,0.499997,0.499998,0.499999,0.499999,0.5,0.5,0.5,0.5,0.5,0.5,0.5,0.5,0.5,0.5,0.5
0.5,0.5,0.5,0.5,0.5,0.5,0.5,0.5,0.5,0.5,0.5,0.5,0.499999,0.499999,0.499998,0.499997,0.499996,0.499994,0.499991,0.499987,0.499982,0.499976,0.499968,0.49996,0.49995,0.499939,0.499929,0.499918,0.499909,0.499902,0.499896,0.499893,0.499893,0.499896,0.499902,0.499909,0.499918,0.499929,0.499939,0.49995,0.49996,0.499968,0.499976,0.499982,0.499987,0.499991,0.499994,0.499996,0.499997,0.499998,0.499999,0.499999,0.5,0.5,0.5,0.5,0.5,0.5,0.5,0.5,0.5,0.5,0.5,0.5
0.5,0.5,0.5,0.5,0.5,0.5,0.5,0.5,0.5,0.5,0.5,0.5,0.5,0.499999,0.499999,0.499999,0.499998,0.499996,0.499995,0.499992,0.499989,0.499986,0.499981,0.499976,0.49997,0.499964,0.499957,0.499951,0.499945,0.49994,0.499937,0.499935,0.499935,0.499937,0.49994,0.499945,0.499951,0.499957,0.499964,0.49997,0.499976,0.499981,0.499986,0.499989,0.499992,0.499995,0.499996,0.499998,0.499999,0.499999,0.499999,0.5,0.5,0.5,0.5,0.5,0.5,0.5,0.5,0.5,0.5,0.5,0.5,0.5
0.5,0.5,0.5,0.5,0.5,0.5,0.5,0.5,0.5,0.5,0.5,0.5,0.5,0.499999,0.499999,0.499999,0.499998,0.499996,0.499995,0.499992,0.499989,0.499986,0.499981,0.499976,0.49997,0.499964,0.499957,0.499951,0.499945,0.49994,0.499937,0.499935,0.499935,0.499937,0.49994,0.499945,0.499951,0.499957,0.499964,0.49997,0.499976,0.499981,0.499986,0.499989,0.499992,0.499995,0.499996,0.499998,0.499999,0.499999,0.499999,0.5,0.5,0.5,0.5,0.5,0.5,0.5,0.5,0.5,0.5,0.5,0.5,0.5
