0.5,0.5,0.5,0.5,0.5,0.5,0.5,0.5,0.5,0.5,0.5,0.5,0.5,0.5,0.5,0.5,0.5,0.5,0.5,0.5,0.5,0.5,0.499999,0.499999,0.499999,0.499999,0.499998,0.499998,0.499998,0.499998,0.499997,0.499997,0.499997,0.499997,0.499998,0.499998,0.499998,0.499998,0.499999,0.499999,0.499999,0.499999,0.5,0.5,0.5,0.5,0.5,0.5,0.5,0.5,0.5,0.5,0.5,0.5,0.5,0.5,0.5,0.5,0.5,0.5,0.5,0.5,0.5,0.5
0.5,0.5,0.5,0.5,0.5,0.5,0.5,0.5,0.5,0.5,0.5,0.5,0.5,0.5,0.5,0.5,0.5,0.5,0.5,0.5,0.5,0.5,0.499999,0.499999,0.499999,0.499999,0.499998,0.499998,0.499998,0.499998,0.499997,0.499997,0.499997,0.499997,0.499998,0.499998,0.499998,0.499998,0.499999,0.499999,0.499999,0.499999,0.5,0.5,0.5,0.5,0.5,0.5,0.5,0.5,0.5,0.5,0.5,0.5,0.5,0.5,0.5,0.5,0.5,0.5,0.5,0.5,0.5,0.5
0.5,0.5,0.5,0.5,0.5,0.5,0.5,0.5,0.5,0.5,0.5,0.5,0.5,0.5,0.5,0.5,0.5,0.5,0.5,0.5,0.499999,0.499999,0.499999,0.499998,0.499998,0.499997,0.499997,0.499996,0.499996,0.499995,0.499995,0.499995,0.499995,0.499995,0.499995,0.499996,0.499996,0.499997,0.499997,0.499998,0.499998,0.499999,0.499999,0.499999,0.5,0.5,0.5,0.5,0.5,0.5,0.5,0.5,0.5,0.5,0.5,0.5,0.5,0.5,0.5,0.5,0.5,0.5,0.5,0.5
0.5,0.5,0.5,0.5,0.5,0.5,0.5,0.5,0.5,0.5,0.5,0.5,0.5,0.5,0.5,0.5,0.5,0.5,0.499999,0.499999,0.499998,0.499998,0.499997,0.499996,0.499995,0.499994,0.499992,0.499991,0.49999,0.499989,0.499988,0.499988,0.499988,0.499988,0.499989,0.49999,0.499991,0.499992,0.499994,0.499995,0.499996,0.499997,0.499998,0.499998,0.499999,0.499999,0.5,0.5,0.5,0.5,0.5,0.5,0.5,0.5,0.5,0.5,0.5,0.5,0.5,0.5,0.5,0.5,0.5,0.5
0.5,0.5,0.5,0.5,0.5,0.5,0.5,0.5,0.5,0.5,0.5,0.5,0.5,0.5,0.5,0.5,0.499999,0.499999,0.499998,0.499998,0.499996,0.499995,0.499993,0.499991,0.499988,0.499985,0.499982,0.499979,0.499977,0.499974,0.499973,0.499972,0.499972,0.499973,0.499974,0.499977,0.499979,0.499982,0.499985,0.499988,0.499991,0.499993,0.499995,0.499996,0.499998,0.499998,0.499999,0.499999,0.5,0.5,0.5,0.5,0.5,0.5,0.5,0.5,0.5,0.5,0.5,0.5,0.5,0.5,0.5,0.5
0.5,0.5,0.5,0.5,0.5,0.5,0.5,0.5,0.5,0.5,0.5,0.5,0.5,0.5,0.499999,0.499999,0.499999,0.499998,0.499996,0.499994,0.499992,0.499989,0.499984,0.499979,0.499973,0.499967,0.49996,0.499953,0.499947,0.499942,0.499939,0.499937,0.499937,0.499939,0.499942,0.499947,0.499953,0.49996,0.499967,0.499973,0.499979,0.499984,0.499989,0.499992,0.499994,0.499996,0.499998,0.499999,0.499999,0.499999,0.5,0.5,0.5,0.5,0.5,0.5,0.5,0.5,0.5,0.5,0.5,0.5,0.5,0.5
0.5,0.5,0.5,0.5,0.5,0.5,0.5,0.5,0.5,0.5,0.5,0.5,0.5,0.499999,0.499999,0.499998,0.499997,0.499995,0.499992,0.499988,0.499982,0.499975,0.499965,0.499954,0.499942,0.499927,0.499913,0.499898,0.499885,0.499874,0.499866,0.499862,0.499862,0.499866,0.499874,0.499885,0.499898,0.499913,0.499927,0.499942,0.499954,0.499965,0.499975,0.499982,0.499988,0.499992,0.499995,0.499997,0.499998,0.499999,0.499999,0.5,0.5,0.5,0.5,0.5,0.5,0.5,0.5,0.5,0.5,0.5,0.5,0.5
0.5,0.5,0.5,0.5,0.5,0.5,0.5,0.5,0.5,0.5,0.5,0.5,0.499999,0.499999,0.499997,0.499996,0.499993,0.499988,0.499982,0.499973,0.499961,0.499946,0.499926,0.499903,0.499876,0.499847,0.499816,0.499786,0.499758,0.499735,0.499718,0.49971,0.49971,0.499718,0.499735,0.499758,0.499786,0.499816,0.499847,0.499876,0.499903,0.499926,0.499946,0.499961,0.499973,0.499982,0.499988,0.499993,0.499996,0.499997,0.499999,0.499999,0.5,0.5,0.5,0.5,0.5,0.5,0.5,0.5,0.5,0.5,0.5,0.5
0.5,0.5,0.5,0.5,0.5,0.5,0.5,0.5,0.5,0.5,0.5,0.499999,0.499998,0.499997,0.499995,0.499991,0.499985,0.499976,0.499963,0.499945,0.49992,0.499888,0.499849,0.499801,0.499747,0.499687,0.499625,0.499564,0.499508,0.499462,0.499429,0.499412,0.499412,0.499429,0.499462,0.499508,0.499564,0.499625,0.499687,0.499747,0.499801,0.499849,0.499888,0.49992,0.499945,0.499963,0.499976,0.499985,0.499991,0.499995,0.499997,0.499998,0.499999,0.5,0.5,0.5,0.5,0.5,0.5,0.5,0.5,0.5,0.5,0.5
0.5,0.5,0.5,0.5,0.5,0.5,0.5,0.5,0.5,0.5,0.499999,0.499998,0.499997,0.499994,0.499989,0.499981,0.499969,0.499952,0.499926,0.49989,0.499841,0.499778,0.4997,0.499607,0.4995,0.499384,0.499263,0.499144,0.499036,0.498946,0.498882,0.498848,0.498848,0.498882,0.498946,0.499036,0.499144,0.499263,0.499384,0.4995,0.499607,0.4997,0.499778,0.499841,0.49989,0.499926,0.499952,0.499969,0.499981,0.499989,0.499994,0.499997,0.499998,0.499999,0.5,0.5,0.5,0.5,0.5,0.5,0.5,0.5,0.5,0.5
0.5,0.5,0.5,0.5,0.5,0.5,0.5,0.5,0.5,0.499999,0.499998,0.499996,0.499993,0.499988,0.499978,0.499964,0.49994,0.499906,0.499856,0.499787,0.499694,0.499574,0.499426,0.499249,0.499047,0.498828,0.498601,0.498378,0.498176,0.498008,0.497888,0.497825,0.497825,0.497888,0.498008,0.498176,0.498378,0.498601,0.498828,0.499047,0.499249,0.499426,0.499574,0.499694,0.499787,0.499856,0.499906,0.49994,0.499964,0.499978,0.499988,0.499993,0.499996,0.499998,0.499999,0.5,0.5,0.5,0.5,0.5,0.5,0.5,0.5,0.5
0.5,0.5,0.5,0.5,0.5,0.5,0.5,0.5,0.499999,0.499998,0.499996,0.499993,0.499987,0.499976,0.499959,0.499931,0.499888,0.499823,0.49973,0.499602,0.49943,0.49921,0.498937,0.498614,0.498247,0.497848,0.497435,0.497033,0.496668,0.496365,0.496148,0.496035,0.496035,0.496148,0.496365,0.496668,0.497033,0.497435,0.497848,0.498247,0.498614,0.498937,0.49921,0.49943,0.499602,0.49973,0.499823,0.499888,0.499931,0.499959,0.499976,0.499987,0.499993,0.499996,0.499998,0.499999,0.5,0.5,0.5,0.5,0.5,0.5,0.5,0.5
0.5,0.5,0.5,0.5,0.5,0.5,0.5,0.499999,0.499998,0.499997,0.499993,0.499987,0.499976,0.499956,0.499925,0.499874,0.499795,0.499679,0.499512,0.499281,0.498975,0.498583,0.4981,0.49753,0.496883,0.496183,0.495462,0.49476,0.494123,0.493596,0.49322,0.493023,0.493023,0.49322,0.493596,0.494123,0.49476,0.495462,0.496183,0.496883,0.49753,0.4981,0.498583,0.498975,0.499281,0.499512,0.499679,0.499795,0.499874,0.499925,0.499956,0.499976,0.499987,0.499993,0.499997,0.499998,0.499999,0.5,0.5,0.5,0.5,0.5,0.5,0.5
0.5,0.5,0.5,0.5,0.5,0.5,0.499999,0.499999,0.499997,0.499994,0.499988,0.499976,0.499956,0.499922,0.499866,0.499776,0.499639,0.499436,0.499145,0.498747,0.498218,0.497545,0.496719,0.495746,0.494647,0.493462,0.492244,0.491061,0.489991,0.489107,0.488476,0.488147,0.488147,0.488476,0.489107,0.489991,0.491061,0.492244,0.493462,0.494647,0.495746,0.496719,0.497545,0.498218,0.498747,0.499145,0.499436,0.499639,0.499776,0.499866,0.499922,0.499956,0.499976,0.499988,0.499994,0.499997,0.499999,0.499999,0.5,0.5,0.5,0.5,0.5,0.5
0.5,0.5,0.5,0.5,0.5,0.499999,0.499999,0.499997,0.499995,0.499989,0.499978,0.499959,0.499925,0.499866,0.49977,0.499617,0.499384,0.499041,0.498553,0.497886,0.497005,0.495887,0.494522,0.49292,0.491117,0.489178,0.487193,0.485271,0.483535,0.482103,0.481083,0.480552,0.480552,0.481083,0.482103,0.483535,0.485271,0.487193,0.489178,0.491117,0.49292,0.494522,0.495887,0.497005,0.497886,0.498553,0.499041,0.499384,0.499617,0.49977,0.499866,0.499925,0.499959,0.499978,0.499989,0.499995,0.499997,0.499999,0.499999,0.5,0.5,0.5,0.5,0.5
0.5,0.5,0.5,0.5,0.5,0.499999,0.499998,0.499996,0.499991,0.499981,0.499964,0.499931,0.499874,0.499776,0.499617,0.499366,0.498984,0.498424,0.497631,0.496551,0.495132,0.493338,0.491157,0.488608,0.485751,0.482689,0.479564,0.476548,0.47383,0.471594,0.470002,0.469175,0.469175,0.470002,0.471594,0.47383,0.476548,0.479564,0.482689,0.485751,0.488608,0.491157,0.493338,0.495132,0.496551,0.497631,0.498424,0.498984,0.499366,0.499617,0.499776,0.499874,0.499931,0.499964,0.499981,0.499991,0.499996,0.499998,0.499999,0.5,0.5,0.5,0.5,0.5
0.5,0.5,0.5,0.5,0.499999,0.499999,0.499997,0.499993,0.499985,0.499969,0.49994,0.499888,0.499795,0.499639,0.499384,0.498984,0.498378,0.497493,0.496246,0.494555,0.492344,0.489561,0.486192,0.482272,0.477897,0.473227,0.468476,0.463907,0.459799,0.456428,0.454031,0.452786,0.452786,0.454031,0.456428,0.459799,0.463907,0.468476,0.473227,0.477897,0.482272,0.486192,0.489561,0.492344,0.494555,0.496246,0.497493,0.498378,0.498984,0.499384,0.499639,0.499795,0.499888,0.49994,0.499969,0.499985,0.499993,0.499997,0.499999,0.499999,0.5,0.5,0.5,0.5
0.5,0.5,0.5,0.5,0.499999,0.499998,0.499995,0.499988,0.499976,0.499952,0.499906,0.499823,0.499679,0.499436,0.499041,0.498424,0.497493,0.496139,0.494241,0.491679,0.488346,0.48417,0.479138,0.47331,0.466833,0.459947,0.452971,0.446283,0.440289,0.435381,0.431898,0.430091,0.430091,0.431898,0.435381,0.440289,0.446283,0.452971,0.459947,0.466833,0.47331,0.479138,0.48417,0.488346,0.491679,0.494241,0.496139,0.497493,0.498424,0.499041,0.499436,0.499679,0.499823,0.499906,0.499952,0.499976,0.499988,0.499995,0.499998,0.499999,0.5,0.5,0.5,0.5
0.5,0.5,0.5,0.499999,0.499998,0.499996,0.499992,0.499982,0.499963,0.499926,0.499856,0.49973,0.499512,0.499145,0.498553,0.497631,0.496246,0.494241,0.491445,0.487687,0.482823,0.476758,0.469486,0.461102,0.45183,0.442015,0.432112,0.422654,0.414203,0.407301,0.402413,0.399879,0.399879,0.402413,0.407301,0.414203,0.422654,0.432112,0.442015,0.45183,0.461102,0.469486,0.476758,0.482823,0.487687,0.491445,0.494241,0.496246,0.497631,0.498553,0.499145,0.499512,0.49973,0.499856,0.499926,0.499963,0.499982,0.499992,0.499996,0.499998,0.499999,0.5,0.5,0.5
0.5,0.5,0.5,0.499999,0.499998,0.499994,0.499988,0.499973,0.499945,0.49989,0.499787,0.499602,0.499281,0.498747,0.497886,0.496551,0.494555,0.491679,0.487687,0.482349,0.475472,0.466944,0.456768,0.445097,0.432251,0.418717,0.405121,0.392187,0.380671,0.371292,0.364664,0.361232,0.361232,0.364664,0.371292,0.380671,0.392187,0.405121,0.418717,0.432251,0.445097,0.456768,0.466944,0.475472,0.482349,0.487687,0.491679,0.494555,0.496551,0.497886,0.498747,0.499281,0.499602,0.499787,0.49989,0.499945,0.499973,0.499988,0.499994,0.499998,0.499999,0.5,0.5,0.5
0.5,0.5,0.499999,0.499998,0.499996,0.499992,0.499982,0.499961,0.49992,0.499841,0.499694,0.49943,0.498975,0.498218,0.497005,0.495132,0.492344,0.488346,0.482823,0.475472,0.466053,0.454431,0.440637,0.424899,0.407666,0.389599,0.371536,0.354424,0.339245,0.32692,0.31823,0.313737,0.313737,0.31823,0.32692,0.339245,0.354424,0.371536,0.389599,0.407666,0.424899,0.440637,0.454431,0.466053,0.475472,0.482823,0.488346,0.492344,0.495132,0.497005,0.498218,0.498975,0.49943,0.499694,0.499841,0.49992,0.499961,0.499982,0.499992,0.499996,0.499998,0.499999,0.5,0.5
0.5,0.5,0.499999,0.499998,0.499995,0.499989,0.499975,0.499946,0.499888,0.499778,0.499574,0.49921,0.498583,0.497545,0.495887,0.493338,0.489561,0.48417,0.476758,0.466944,0.454431,0.439075,0.420946,0.400374,0.37797,0.354605,0.331358,0.309437,0.290069,0.274395,0.263371,0.25768,0.25768,0.263371,0.274395,0.290069,0.309437,0.331358,0.354605,0.37797,0.400374,0.420946,0.439075,0.454431,0.466944,0.476758,0.48417,0.489561,0.493338,0.495887,0.497545,0.498583,0.49921,0.499574,0.499778,0.499888,0.499946,0.499975,0.499989,0.499995,0.499998,0.499999,0.5,0.5
0.499999,0.499999,0.499999,0.499997,0.499993,0.499984,0.499965,0.499926,0.499849,0.4997,0.499426,0.498937,0.4981,0.496719,0.494522,0.491157,0.486192,0.479138,0.469486,0.456768,0.440637,0.420946,0.397827,0.371738,0.343484,0.314177,0.285172,0.257952,0.234005,0.214695,0.201148,0.194167,0.194167,0.201148,0.214695,0.234005,0.257952,0.285172,0.314177,0.343484,0.371738,0.397827,0.420946,0.440637,0.456768,0.469486,0.479138,0.486192,0.491157,0.494522,0.496719,0.4981,0.498937,0.499426,0.4997,0.499849,0.499926,0.499965,0.499984,0.499993,0.499997,0.499999,0.499999,0.499999
0.499999,0.499999,0.499998,0.499996,0.499991,0.499979,0.499954,0.499903,0.499801,0.499607,0.499249,0.498614,0.49753,0.495746,0.49292,0.488608,0.482272,0.47331,0.461102,0.445097,0.424899,0.400374,0.371738,0.339607,0.305004,0.269315,0.234184,0.201382,0.172655,0.149577,0.133435,0.125131,0.125131,0.133435,0.149577,0.172655,0.201382,0.234184,0.269315,0.305004,0.339607,0.371738,0.400374,0.424899,0.445097,0.461102,0.47331,0.482272,0.488608,0.49292,0.495746,0.49753,0.498614,0.499249,0.499607,0.499801,0.499903,0.499954,0.499979,0.499991,0.499996,0.499998,0.499999,0.499999
0.499999,0.499999,0.499998,0.499995,0.499988,0.499973,0.499942,0.499876,0.499747,0.4995,0.499047,0.498247,0.496883,0.494647,0.491117,0.485751,0.477897,0.466833,0.45183,0.432251,0.407666,0.37797,0.343484,0.305004,0.263801,0.221547,0.180185,0.141767,0.10828,0.0814859,0.0628002,0.0532062,0.0532062,0.0628002,0.0814859,0.10828,0.141767,0.180185,0.221547,0.263801,0.305004,0.343484,0.37797,0.407666,0.432251,0.45183,0.466833,0.477897,0.485751,0.491117,0.494647,0.496883,0.498247,0.499047,0.4995,0.499747,0.499876,0.499942,0.499973,0.499988,0.499995,0.499998,0.499999,0.499999
0.499999,0.499999,0.499997,0.499994,0.499985,0.499967,0.499927,0.499847,0.499687,0.499384,0.498828,0.497848,0.496183,0.493462,0.489178,0.482689,0.473227,0.459947,0.442015,0.418717,0.389599,0.354605,0.314177,0.269315,0.221547,0.172837,0.125422,0.0816154,0.0436147,0.0133339,-0.00771708,-0.0185042,-0.0185042,-0.00771708,0.0133339,0.0436147,0.0816154,0.125422,0.172837,0.221547,0.269315,0.314177,0.354605,0.389599,0.418717,0.442015,0.459947,0.473227,0.482689,0.489178,0.493462,0.496183,0.497848,0.498828,0.499384,0.499687,0.499847,0.499927,0.499967,0.499985,0.499994,0.499997,0.499999,0.499999
0.499998,0.499998,0.499997,0.499992,0.499982,0.49996,0.499913,0.499816,0.499625,0.499263,0.498601,0.497435,0.495462,0.492244,0.487193,0.479564,0.468476,0.452971,0.432112,0.405121,0.371536,0.331358,0.285172,0.234184,0.180185,0.125422,0.0724036,0.023676,-0.0183911,-0.0517748,-0.0749094,-0.0867404,-0.0867404,-0.0749094,-0.0517748,-0.0183911,0.023676,0.0724036,0.125422,0.180185,0.234184,0.285172,0.331358,0.371536,0.405121,0.432112,0.452971,0.468476,0.479564,0.487193,0.492244,0.495462,0.497435,0.498601,0.499263,0.499625,0.499816,0.499913,0.49996,0.499982,0.499992,0.499997,0.499998,0.499998
0.499998,0.499998,0.499996,0.499991,0.499979,0.499953,0.499898,0.499786,0.499564,0.499144,0.498378,0.497033,0.49476,0.491061,0.485271,0.476548,0.463907,0.446283,0.422654,0.392187,0.354424,0.309437,0.257952,0.201382,0.141767,0.0816154,0.023676,-0.0293115,-0.0748473,-0.110841,-0.135708,-0.1484,-0.1484,-0.135708,-0.110841,-0.0748473,-0.0293115,0.023676,0.0816154,0.141767,0.201382,0.257952,0.309437,0.354424,0.392187,0.422654,0.446283,0.463907,0.476548,0.485271,0.491061,0.49476,0.497033,0.498378,0.499144,0.499564,0.499786,0.499898,0.499953,0.499979,0.499991,0.499996,0.499998,0.499998
0.499998,0.499998,0.499996,0.49999,0.499977,0.499947,0.499885,0.499758,0.499508,0.499036,0.498176,0.496668,0.494123,0.489991,0.483535,0.47383,0.459799,0.440289,0.414203,0.380671,0.339245,0.290069,0.234005,0.172655,0.10828,0.0436147,-0.0183911,-0.0748473,-0.123164,-0.161219,-0.187436,-0.200793,-0.200793,-0.187436,-0.161219,-0.123164,-0.0748473,-0.0183911,0.0436147,0.10828,0.172655,0.234005,0.290069,0.339245,0.380671,0.414203,0.440289,0.459799,0.47383,0.483535,0.489991,0.494123,0.496668,0.498176,0.499036,0.499508,0.499758,0.499885,0.499947,0.499977,0.49999,0.499996,0.499998,0.499998
0.499998,0.499998,0.499995,0.499989,0.499974,0.499942,0.499874,0.499735,0.499462,0.498946,0.498008,0.496365,0.493596,0.489107,0.482103,0.471594,0.456428,0.435381,0.407301,0.371292,0.32692,0.274395,0.214695,0.149577,0.0814859,0.0133339,-0.0517748,-0.110841,-0.161219,-0.200779,-0.227968,-0.2418,-0.2418,-0.227968,-0.200779,-0.161219,-0.110841,-0.0517748,0.0133339,0.0814859,0.149577,0.214695,0.274395,0.32692,0.371292,0.407301,0.435381,0.456428,0.471594,0.482103,0.489107,0.493596,0.496365,0.498008,0.498946,0.499462,0.499735,0.499874,0.499942,0.499974,0.499989,0.499995,0.499998,0.499998
0.499997,0.499997,0.499995,0.499988,0.499973,0.499939,0.499866,0.499718,0.499429,0.498882,0.497888,0.496148,0.49322,0.488476,0.481083,0.470002,0.454031,0.431898,0.402413,0.364664,0.31823,0.263371,0.201148,0.133435,0.0628002,-0.00771708,-0.0749094,-0.135708,-0.187436,-0.227968,-0.255779,-0.269912,-0.269912,-0.255779,-0.227968,-0.187436,-0.135708,-0.0749094,-0.00771708,0.0628002,0.133435,0.201148,0.263371,0.31823,0.364664,0.402413,0.431898,0.454031,0.470002,0.481083,0.488476,0.49322,0.496148,0.497888,0.498882,0.499429,0.499718,0.499866,0.499939,0.499973,0.499988,0.499995,0.499997,0.499997
0.499997,0.499997,0.499995,0.499988,0.499972,0.499937,0.499862,0.49971,0.499412,0.498848,0.497825,0.496035,0.493023,0.488147,0.480552,0.469175,0.452786,0.430091,0.399879,0.361232,0.313737,0.25768,0.194167,0.125131,0.0532062,-0.0185042,-0.0867404,-0.1484,-0.200793,-0.2418,-0.269912,-0.284188,-0.284188,-0.269912,-0.2418,-0.200793,-0.1484,-0.0867404,-0.0185042,0.0532062,0.125131,0.194167,0.25768,0.313737,0.361232,0.399879,0.430091,0.452786,0.469175,0.480552,0.488147,0.493023,0.496035,0.497825,0.498848,0.499412,0.49971,0.499862,0.499937,0.499972,0.499988,0.499995,0.499997,0.499997
0.499997,0.499997,0.499995,0.499988,0.499972,0.499937,0.499862,0.49971,0.499412,0.498848,0.497825,0.496035,0.493023,0.488147,0.480552,0.469175,0.452786,0.430091,0.399879,0.361232,0.313737,0.25768,0.194167,0.125131,0.0532062,-0.0185042,-0.0867404,-0.1484,-0.200793,-0.2418,-0.269912,-0.284188,-0.284188,-0.269912,-0.2418,-0.200793,-0.1484,-0.0867404,-0.0185042,0.0532062,0.125131,0.194167,0.25768,0.313737,0.361232,0.399879,0.430091,0.452786,0.469175,0.480552,0.488147,0.493023,0.496035,0.497825,0.498848,0.499412,0.49971,0.499862,0.499937,0.499972,0.499988,0.499995,0.499997,0.499997
0.499997,0.499997,0.499995,0.499988,0.499973,0.499939,0.499866,0.499718,0.499429,0.498882,0.497888,0.496148,0.49322,0.488476,0.481083,0.470002,0.454031,0.431898,0.402413,0.364664,0.31823,0.263371,0.201148,0.133435,0.0628002,-0.00771708,-0.0749094,-0.135708,-0.187436,-0.227968,-0.255779,-0.269912,-0.269912,-0.255779,-0.227968,-0.187436,-0.135708,-0.0749094,-0.00771708,0.0628002,0.133435,0.201148,0.263371,0.31823,0.364664,0.402413,0.431898,0.454031,0.470002,0.481083,0.488476,0.49322,0.496148,0.497888,0.498882,0.499429,0.499718,0.499866,0.499939,0.499973,0.499988,0.499995,0.499997,0.499997
0.499998,0.499998,0.499995,0.499989,0.499974,0.499942,0.499874,0.499735,0.499462,0.498946,0.498008,0.496365,0.493596,0.489107,0.482103,0.471594,0.456428,0.435381,0.407301,0.371292,0.32692,0.274395,0.214695,0.149577,0.0814859,0.0133339,-0.0517748,-0.110841,-0.161219,-0.200779,-0.227968,-0.2418,-0.2418,-0.227968,-0.200779,-0.161219,-0.110841,-0.0517748,0.0133339,0.0814859,0.149577,0.214695,0.274395,0.32692,0.371292,0.407301,0.435381,0.456428,0.471594,0.482103,0.489107,0.493596,0.496365,0.498008,0.498946,0.499462,0.499735,0.499874,0.499942,0.499974,0.499989,0.499995,0.499998,0.499998
0.499998,0.499998,0.499996,0.49999,0.499977,0.499947,0.499885,0.499758,0.499508,0.499036,0.498176,0.496668,0.494123,0.489991,0.483535,0.47383,0.459799,0.440289,0.414203,0.380671,0.339245,0.290069,0.234005,0.172655,0.10828,0.0436147,-0.0183911,-0.0748473,-0.123164,-0.161219,-0.187436,-0.200793,-0.200793,-0.187436,-0.161219,-0.123164,-0.0748473,-0.0183911,0.0436147,0.10828,0.172655,0.234005,0.290069,0.339245,0.380671,0.414203,0.440289,0.459799,0.47383,0.483535,0.489991,0.494123,0.496668,0.498176,0.499036,0.499508,0.499758,0.499885,0.499947,0.499977,0.49999,0.499996,0.499998,0.499998
0.499998,0.499998,0.499996,0.499991,0.499979,0.499953,0.499898,0.499786,0.499564,0.499144,0.498378,0.497033,0.49476,0.491061,0.485271,0.476548,0.463907,0.446283,0.422654,0.392187,0.354424,0.309437,0.257952,0.201382,0.141767,0.0816154,0.023676,-0.0293115,-0.0748473,-0.110841,-0.135708,-0.1484,-0.1484,-0.135708,-0.110841,-0.0748473,-0.0293115,0.023676,0.0816154,0.141767,0.201382,0.257952,0.309437,0.354424,0.392187,0.422654,0.446283,0.463907,0.476548,0.485271,0.491061,0.49476,0.497033,0.498378,0.499144,0.499564,0.499786,0.499898,0.499953,0.499979,0.499991,0.499996,0.499998,0.499998
0.499998,0.499998,0.499997,0.499992,0.499982,0.49996,0.499913,0.499816,0.499625,0.499263,0.498601,0.497435,0.495462,0.492244,0.487193,0.479564,0.468476,0.452971,0.432112,0.405121,0.371536,0.331358,0.285172,0.234184,0.180185,0.125422,0.0724036,0.023676,-0.0183911,-0.0517748,-0.0749094,-0.0867404,-0.0867404,-0.0749094,-0.0517748,-0.0183911,0.023676,0.0724036,0.125422,0.180185,0.234184,0.285172,0.331358,0.371536,0.405121,0.432112,0.452971,0.468476,0.479564,0.487193,0.492244,0.495462,0.497435,0.498601,0.499263,0.499625,0.499816,0.499913,0.49996,0.499982,0.499992,0.499997,0.499998,0.499998
0.499999,0.499999,0.499997,0.499994,0.499985,0.499967,0.499927,0.499847,0.499687,0.499384,0.498828,0.497848,0.496183,0.493462,0.489178,0.482689,0.473227,0.459947,0.442015,0.418717,0.389599,0.354605,0.314177,0.269315,0.221547,0.172837,0.125422,0.0816154,0.0436147,0.0133339,-0.00771708,-0.0185042,-0.0185042,-0.00771708,0.0133339,0.0436147,0.0816154,0.125422,0.172837,0.221547,0.269315,0.314177,0.354605,0.389599,0.418717,0.442015,0.459947,0.473227,0.482689,0.489178,0.493462,0.496183,0.497848,0.498828,0.499384,0.499687,0.499847,0.499927,0.499967,0.499985,0.499994,0.499997,0.499999,0.499999
0.499999,0.499999,0.499998,0.499995,0.499988,0.499973,0.499942,0.499876,0.499747,0.4995,0.499047,0.498247,0.496883,0.494647,0.491117,0.485751,0.477897,0.466833,0.45183,0.432251,0.407666,0.37797,0.343484,0.305004,0.263801,0.221547,0.180185,0.141767,0.10828,0.0814859,0.0628002,0.0532062,0.0532062,0.0628002,0.0814859,0.10828,0.141767,0.180185,0.221547,0.263801,0.305004,0.343484,0.37797,0.407666,0.432251,0.45183,0.466833,0.477897,0.485751,0.491117,0.494647,0.496883,0.498247,0.499047,0.4995,0.499747,0.499876,0.499942,0.499973,0.499988,0.499995,0.499998,0.499999,0.499999
0.499999,0.499999,0.499998,0.499996,0.499991,0.499979,0.499954,0.499903,0.499801,0.499607,0.499249,0.498614,0.49753,0.495746,0.49292,0.488608,0.482272,0.47331,0.461102,0.445097,0.424899,0.400374,0.371738,0.339607,0.305004,0.269315,0.234184,0.201382,0.172655,0.149577,0.133435,0.125131,0.125131,0.133435,0.149577,0.172655,0.201382,0.234184,0.269315,0.305004,0.339607,0.371738,0.400374,0.424899,0.445097,0.461102,0.47331,0.482272,0.488608,0.49292,0.495746,0.49753,0.498614,0.499249,0.499607,0.499801,0.499903,0.499954,0.499979,0.499991,0.499996,0.499998,0.499999,0.499999
0.499999,0.499999,0.499999,0.499997,0.499993,0.499984,0.499965,0.499926,0.499849,0.4997,0.499426,0.498937,0.4981,0.496719,0.494522,0.491157,0.486192,0.479138,0.469486,0.456768,0.440637,0.420946,0.397827,0.371738,0.343484,0.314177,0.285172,0.257952,0.234005,0.214695,0.201148,0.194167,0.194167,0.201148,0.214695,0.234005,0.257952,0.285172,0.314177,0.343484,0.371738,0.397827,0.420946,0.440637,0.456768,0.469486,0.479138,0.486192,0.491157,0.494522,0.496719,0.4981,0.498937,0.499426,0.4997,0.499849,0.499926,0.499965,0.499984,0.499993,0.499997,0.499999,0.499999,0.499999
0.5,0.5,0.499999,0.499998,0.499995,0.499989,0.499975,0.499946,0.499888,0.499778,0.499574,0.49921,0.498583,0.497545,0.495887,0.493338,0.489561,0.48417,0.476758,0.466944,0.454431,0.439075,0.420946,0.400374,0.37797,0.354605,0.331358,0.309437,0.290069,0.274395,0.263371,0.25768,0.25768,0.263371,0.274395,0.290069,0.309437,0.331358,0.354605,0.37797,0.400374,0.420946,0.439075,0.454431,0.466944,0.476758,0.48417,0.489561,0.493338,0.495887,0.497545,0.498583,0.49921,0.499574,0.499778,0.499888,0.499946,0.499975,0.499989,0.499995,0.499998,0.499999,0.5,0.5
0.5,0.5,0.499999,0.499998,0.499996,0.499992,0.499982,0.499961,0.49992,0.499841,0.499694,0.49943,0.498975,0.498218,0.497005,0.495132,0.492344,0.488346,0.482823,0.475472,0.466053,0.454431,0.440637,0.424899,0.407666,0.389599,0.371536,0.354424,0.339245,0.32692,0.31823,0.313737,0.313737,0.31823,0.32692,0.339245,0.354424,0.371536,0.389599,0.407666,0.424899,0.440637,0.454431,0.466053,0.475472,0.482823,0.488346,0.492344,0.495132,0.497005,0.498218,0.498975,0.49943,0.499694,0.499841,0.49992,0.499961,0.499982,0.499992,0.499996,0.499998,0.499999,0.5,0.5
0.5,0.5,0.5,0.499999,0.499998,0.499994,0.499988,0.499973,0.499945,0.49989,0.499787,0.499602,0.499281,0.498747,0.497886,0.496551,0.494555,0.491679,0.487687,0.482349,0.475472,0.466944,0.456768,0.445097,0.432251,0.418717,0.405121,0.392187,0.380671,0.371292,0.364664,0.361232,0.361232,0.364664,0.371292,0.380671,0.392187,0.405121,0.418717,0.432251,0.445097,0.456768,0.466944,0.475472,0.482349,0.487687,0.491679,0.494555,0.496551,0.497886,0.498747,0.499281,0.499602,0.499787,0.49989,0.499945,0.499973,0.499988,0.499994,0.499998,0.499999,0.5,0.5,0.5
0.5,0.5,0.5,0.499999,0.499998,0.499996,0.499992,0.499982,0.499963,0.499926,0.499856,0.49973,0.499512,0.499145,0.498553,0.497631,0.496246,0.494241,0.491445,0.487687,0.482823,0.476758,0.469486,0.461102,0.45183,0.442015,0.432112,0.422654,0.414203,0.407301,0.402413,0.399879,0.399879,0.402413,0.407301,0.414203,0.422654,0.432112,0.442015,0.45183,0.461102,0.469486,0.476758,0.482823,0.487687,0.491445,0.494241,0.496246,0.497631,0.498553,0.499145,0.499512,0.49973,0.499856,0.499926,0.499963,0.499982,0.499992,0.499996,0.499998,0.499999,0.5,0.5,0.5
0.5,0.5,0.5,0.5,0.499999,0.499998,0.499995,0.499988,0.499976,0.499952,0.499906,0.499823,0.499679,0.499436,0.499041,0.498424,0.497493,0.496139,0.494241,0.491679,0.488346,0.48417,0.479138,0.47331,0.466833,0.459947,0.452971,0.446283,0.440289,0.435381,0.431898,0.430091,0.430091,0.431898,0.435381,0.440289,0.446283,0.452971,0.459947,0.466833,0.47331,0.479138,0.48417,0.488346,0.491679,0.494241,0.496139,0.497493,0.498424,0.499041,0.499436,0.499679,0.499823,0.499906,0.499952,0.499976,0.499988,0.499995,0.499998,0.499999,0.5,0.5,0.5,0.5
0.5,0.5,0.5,0.5,0.499999,0.499999,0.499997,0.499993,0.499985,0.499969,0.49994,0.499888,0.499795,0.499639,0.499384,0.498984,0.498378,0.497493,0.496246,0.494555,0.492344,0.489561,0.486192,0.482272,0.477897,0.473227,0.468476,0.463907,0.459799,0.456428,0.454031,0.452786,0.452786,0.454031,0.456428,0.459799,0.463907,0.468476,0.473227,0.477897,0.482272,0.486192,0.489561,0.492344,0.494555,0.496246,0.497493,0.498378,0.498984,0.499384,0.499639,0.499795,0.499888,0.49994,0.499969,0.499985,0.499993,0.499997,0.499999,0.499999,0.5,0.5,0.5,0.5
0.5,0.5,0.5,0.5,0.5,0.499999,0.499998,0.499996,0.499991,0.499981,0.499964,0.499931,0.499874,0.499776,0.499617,0.499366,0.498984,0.498424,0.497631,0.496551,0.495132,0.493338,0.491157,0.488608,0.485751,0.482689,0.479564,0.476548,0.47383,0.471594,0.470002,0.469175,0.469175,0.470002,0.471594,0.47383,0.476548,0.479564,0.482689,0.485751,0.488608,0.491157,0.493338,0.495132,0.496551,0.497631,0.498424,0.498984,0.499366,0.499617,0.499776,0.499874,0.499931,0.499964,0.499981,0.499991,0.499996,0.499998,0.499999,0.5,0.5,0.5,0.5,0.5
0.5,0.5,0.5,0.5,0.5,0.499999,0.499999,0.499997,0.499995,0.499989,0.499978,0.499959,0.499925,0.499866,0.49977,0.499617,0.499384,0.499041,0.498553,0.497886,0.497005,0.495887,0.494522,0.49292,0.491117,0.489178,0.487193,0.485271,0.483535,0.482103,0.481083,0.480552,0.480552,0.481083,0.482103,0.483535,0.485271,0.487193,0.489178,0.491117,0.49292,0.494522,0.495887,0.497005,0.497886,0.498553,0.499041,0.499384,0.499617,0.49977,0.499866,0.499925,0.499959,0.499978,0.499989,0.499995,0.499997,0.499999,0.499999,0.5,0.5,0.5,0.5,0.5
0.5,0.5,0.5,0.5,0.5,0.5,0.499999,0.499999,0.499997,0.499994,0.499988,0.499976,0.499956,0.499922,0.499866,0.499776,0.499639,0.499436,0.499145,0.498747,0.498218,0.497545,0.496719,0.495746,0.494647,0.493462,0.492244,0.491061,0.489991,0.489107,0.488476,0.488147,0.488147,0.488476,0.489107,0.489991,0.491061,0.492244,0.493462,0.494647,0.495746,0.496719,0.497545,0.498218,0.498747,0.499145,0.499436,0.499639,0.499776,0.499866,0.499922,0.499956,0.499976,0.499988,0.499994,0.499997,0.499999,0.499999,0.5,0.5,0.5,0.5,0.5,0.5
0.5,0.5,0.5,0.5,0.5,0.5,0.5,0.499999,0.499998,0.499997,0.499993,0.499987,0.499976,0.499956,0.499925,0.499874,0.499795,0.499679,0.499512,0.499281,0.498975,0.498583,0.4981,0.49753,0.496883,0.496183,0.495462,0.49476,0.494123,0.493596,0.49322,0.493023,0.493023,0.49322,0.493596,0.494123,0.49476,0.495462,0.496183,0.496883,0.49753,0.4981,0.498583,0.498975,0.499281,0.499512,0.499679,0.499795,0.499874,0.499925,0.499956,0.499976,0.499987,0.499993,0.499997,0.499998,0.499999,0.5,0.5,0.5,0.5,0.5,0.5,0.5
0.5,0.5,0.5,0.5,0.5,0.5,0.5,0.5,0.499999,0.499998,0.499996,0.499993,0.499987,0.499976,0.499959,0.499931,0.499888,0.499823,0.49973,0.499602,0.49943,0.49921,0.498937,0.498614,0.498247,0.497848,0.497435,0.497033,0.496668,0.496365,0.496148,0.496035,0.496035,0.496148,0.496365,0.496668,0.497033,0.497435,0.497848,0.498247,0.498614,0.498937,0.49921,0.49943,0.499602,0.49973,0.499823,0.499888,0.499931,0.499959,0.499976,0.499987,0.499993,0.499996,0.499998,0.499999,0.5,0.5,0.5,0.5,0.5,0.5,0.5,0.5
0.5,0.5,0.5,0.5,0.5,0.5,0.5,0.5,0.5,0.499999,0.499998,0.499996,0.499993,0.499988,0.499978,0.499964,0.49994,0.499906,0.499856,0.499787,0.499694,0.499574,0.499426,0.499249,0.499047,0.498828,0.498601,0.498378,0.498176,0.498008,0.497888,0.497825,0.497825,0.497888,0.498008,0.498176,0.498378,0.498601,0.498828,0.499047,0.499249,0.499426,0.499574,0.499694,0.499787,0.499856,0.499906,0.49994,0.499964,0.499978,0.499988,0.499993,0.499996,0.499998,0.499999,0.5,0.5,0.5,0.5,0.5,0.5,0.5,0.5,0.5
0.5,0.5,0.5,0.5,0.5,0.5,0.5,0.5,0.5,0.5,0.499999,0.499998,0.499997,0.499994,0.499989,0.499981,0.499969,0.499952,0.499926,0.49989,0.499841,0.499778,0.4997,0.499607,0.4995,0.499384,0.499263,0.499144,0.499036,0.498946,0.498882,0.498848,0.498848,0.498882,0.498946,0.499036,0.499144,0.499263,0.499384,0.4995,0.499607,0.4997,0.499778,0.499841,0.49989,0.499926,0.499952,0.499969,0.499981,0.499989,0.499994,0.499997,0.499998,0.499999,0.5,0.5,0.5,0.5,0.5,0.5,0.5,0.5,0.5,0.5
0.5,0.5,0.5,0.5,0.5,0.5,0.5,0.5,0.5,0.5,0.5,0.499999,0.499998,0.499997,0.499995,0.499991,0.499985,0.499976,0.499963,0.499945,0.49992,0.499888,0.499849,0.499801,0.499747,0.499687,0.499625,0.499564,0.499508,0.499462,0.499429,0.499412,0.499412,0.499429,0.499462,0.499508,0.499564,0.499625,0.499687,0.499747,0.499801,0.499849,0.499888,0.49992,0.499945,0.499963,0.499976,0.499985,0.499991,0.499995,0.499997,0.499998,0.499999,0.5,0.5,0.5,0.5,0.5,0.5,0.5,0.5,0.5,0.5,0.5
0.5,0.5,0.5,0.5,0.5,0.5,0.5,0.5,0.5,0.5,0.5,0.5,0.499999,0.499999,0.499997,0.499996,0.499993,0.499988,0.499982,0.499973,0.499961,0.499946,0.499926,0.499903,0.499876,0.499847,0.499816,0.499786,0.499758,0.499735,0.499718,0.49971,0.49971,0.499718,0.499735,0.499758,0.499786,0.499816,0.499847,0.499876,0.499903,0.499926,0.499946,0.499961,0.499973,0.499982,0.499988,0.499993,0.499996,0.499997,0.499999,0.499999,0.5,0.5,0.5,0.5,0.5,0.5,0.5,0.5,0.5,0.5,0.5,0.5
0.5,0.5,0.5,0.5,0.5,0.5,0.5,0.5,0.5,0.5,0.5,0.5,0.5,0.499999,0.499999,0.499998,0.499997,0.499995,0.499992,0.499988,0.499982,0.499975,0.499965,0.499954,0.499942,0.499927,0.499913,0.499898,0.499885,0.499874,0.499866,0.499862,0.499862,0.499866,0.499874,0.499885,0.499898,0.499913,0.499927,0.499942,0.499954,0.499965,0.499975,0.499982,0.499988,0.499992,0.499995,0.499997,0.499998,0.499999,0.499999,0.5,0.5,0.5,0.5,0.5,0.5,0.5,0.5,0.5,0.5,0.5,0.5,0.5
0.5,0.5,0.5,0.5,0.5,0.5,0.5,0.5,0.5,0.5,0.5,0.5,0.5,0.5,0.499999,0.499999,0.499999,0.499998,0.499996,0.499994,0.499992,0.499989,0.499984,0.499979,0.499973,0.499967,0.49996,0.499953,0.499947,0.499942,0.499939,0.499937,0.499937,0.499939,0.499942,0.499947,0.499953,0.49996,0.499967,0.499973,0.499979,0.499984,0.499989,0.499992,0.499994,0.499996,0.499998,0.499999,0.499999,0.499999,0.5,0.5,0.5,0.5,0.5,0.5,0.5,0.5,0.5,0.5,0.5,0.5,0.5,0.5
0.5,0.5,0.5,0.5,0.5,0.5,0.5,0.5,0.5,0.5,0.5,0.5,0.5,0.5,0.5,0.5,0.499999,0.499999,0.499998,0.499998,0.499996,0.499995,0.499993,0.499991,0.499988,0.499985,0.499982,0.499979,0.499977,0.499974,0.499973,0.499972,0.499972,0.499973,0.499974,0.499977,0.499979,0.499982,0.499985,0.499988,0.499991,0.499993,0.499995,0.499996,0.499998,0.499998,0.499999,0.499999,0.5,0.5,0.5,0.5,0.5,0.5,0.5,0.5,0.5,0.5,0.5,0.5,0.5,0.5,0.5,0.5
0.5,0.5,0.5,0.5,0.5,0.5,0.5,0.5,0.5,0.5,0.5,0.5,0.5,0.5,0.5,0.5,0.5,0.5,0.499999,0.499999,0.499998,0.499998,0.499997,0.499996,0.499995,0.499994,0.499992,0.499991,0.49999,0.499989,0.499988,0.499988,0.499988,0.499988,0.499989,0.49999,0.499991,0.499992,0.499994,0.499995,0.499996,0.499997,0.499998,0.499998,0.499999,0.499999,0.5,0.5,0.5,0.5,0.5,0.5,0.5,0.5,0.5,0.5,0.5,0.5,0.5,0.5,0.5,0.5,0.5,0.5
0.5,0.5,0.5,0.5,0.5,0.5,0.5,0.5,0.5,0.5,0.5,0.5,0.5,0.5,0.5,0.5,0.5,0.5,0.5,0.5,0.499999,0.499999,0.499999,0.499998,0.499998,0.499997,0.499997,0.499996,0.499996,0.499995,0.499995,0.499995,0.499995,0.499995,0.499995,0.499996,0.499996,0.499997,0.499997,0.499998,0.499998,0.499999,0.499999,0.499999,0.5,0.5,0.5,0.5,0.5,0.5,0.5,0.5,0.5,0.5,0.5,0.5,0.5,0.5,0.5,0.5,0.5,0.5,0.5,0.5
0.5,0.5,0.5,0.5,0.5,0.5,0.5,0.5,0.5,0.5,0.5,0.5,0.5,0.5,0.5,0.5,0.5,0.5,0.5,0.5,0.5,0.5,0.499999,0.499999,0.499999,0.499999,0.499998,0.499998,0.499998,0.499998,0.499997,0.499997,0.499997,0.499997,0.499998,0.499998,0.499998,0.499998,0.499999,0.499999,0.499999,0.499999,0.5,0.5,0.5,0.5,0.5,0.5,0.5,0.5,0.5,0.5,0.5,0.5,0.5,0.5,0.5,0.5,0.5,0.5,0.5,0.5,0.5,0.5
0.5,0.5,0.5,0.5,0.5,0.5,0.5,0.5,0.5,0.5,0.5,0.5,0.5,0.5,0.5,0.5,0.5,0.5,0.5,0.5,0.5,0.5,0.499999,0.499999,0.499999,0.499999,0.499998,0.499998,0.499998,0.499998,0.499997,0.499997,0.499997,0.499997,0.499998,0.499998,0.499998,0.499998,0.499999,0.499999,0.499999,0.499999,0.5,0.5,0.5,0.5,0.5,0.5,0.5,0.5,0.5,0.5,0.5,0.5,0.5,0.5,0.5,0.5,0.5,0.5,0.5,0.5,0.5,0.5
