0.5,0.5,0.5,0.5,0.5,0.5,0.5,0.5,0.5,0.5,0.5,0.5,0.5,0.5,0.5,0.5,0.499999,0.499999,0.499998,0.499997,0.499996,0.499995,0.499993,0.499991,0.499989,0.499986,0.499984,0.499981,0.499979,0.499977,0.499975,0.499975,0.499975,0.499975,0.499977,0.499979,0.499981,0.499984,0.499986,0.499989,0.499991,0.499993,0.499995,0.499996,0.499997,0.499998,0.499999,0.499999,0.5,0.5,0.5,0.5,0.5,0.5,0.5,0.5,0.5,0.5,0.5,0.5,0.5,0.5,0.5,0.5
0.5,0.5,0.5,0.5,0.5,0.5,0.5,0.5,0.5,0.5,0.5,0.5,0.5,0.5,0.5,0.5,0.499999,0.499999,0.499998,0.499997,0.499996,0.499995,0.499993,0.499991,0.499989,0.499986,0.499984,0.499981,0.499979,0.499977,0.499975,0.499975,0.499975,0.499975,0.499977,0.499979,0.499981,0.499984,0.499986,0.499989,0.499991,0.499993,0.499995,0.499996,0.499997,0.499998,0.499999,0.499999,0.5,0.5,0.5,0.5,0.5,0.5,0.5,0.5,0.5,0.5,0.5,0.5,0.5,0.5,0.5,0.5
0.5,0.5,0.5,0.5,0.5,0.5,0.5,0.5,0.5,0.5,0.5,0.5,0.5,0.5,0.499999,0.499999,0.499999,0.499998,0.499997,0.499995,0.499993,0.499991,0.499988,0.499984,0.49998,0.499976,0.499972,0.499967,0.499963,0.49996,0.499958,0.499956,0.499956,0.499958,0.49996,0.499963,0.499967,0.499972,0.499976,0.49998,0.499984,0.499988,0.499991,0.499993,0.499995,0.499997,0.499998,0.499999,0.499999,0.499999,0.5,0.5,0.5,0.5,0.5,0.5,0.5,0.5,0.5,0.5,0.5,0.5,0.5,0.5
0.5,0.5,0.5,0.5,0.5,0.5,0.5,0.5,0.5,0.5,0.5,0.5,0.5,0.499999,0.499999,0.499998,0.499997,0.499995,0.499993,0.49999,0.499986,0.499981,0.499975,0.499967,0.499959,0.49995,0.499941,0.499932,0.499924,0.499917,0.499912,0.499909,0.499909,0.499912,0.499917,0.499924,0.499932,0.499941,0.49995,0.499959,0.499967,0.499975,0.499981,0.499986,0.49999,0.499993,0.499995,0.499997,0.499998,0.499999,0.499999,0.5,0.5,0.5,0.5,0.5,0.5,0.5,0.5,0.5,0.5,0.5,0.5,0.5
0.5,0.5,0.5,0.5,0.5,0.5,0.5,0.5,0.5,0.5,0.5,0.5,0.499999,0.499999,0.499998,0.499996,0.499994,0.49999,0.499985,0.499979,0.49997,0.499959,0.499946,0.49993,0.499913,0.499894,0.499874,0.499856,0.499839,0.499825,0.499815,0.49981,0.49981,0.499815,0.499825,0.499839,0.499856,0.499874,0.499894,0.499913,0.49993,0.499946,0.499959,0.49997,0.499979,0.499985,0.49999,0.499994,0.499996,0.499998,0.499999,0.499999,0.5,0.5,0.5,0.5,0.5,0.5,0.5,0.5,0.5,0.5,0.5,0.5
0.5,0.5,0.5,0.5,0.5,0.5,0.5,0.5,0.5,0.5,0.499999,0.499999,0.499998,0.499997,0.499995,0.499991,0.499986,0.499979,0.499969,0.499955,0.499937,0.499914,0.499887,0.499855,0.499819,0.49978,0.499741,0.499703,0.499669,0.499641,0.49962,0.49961,0.49961,0.49962,0.499641,0.499669,0.499703,0.499741,0.49978,0.499819,0.499855,0.499887,0.499914,0.499937,0.499955,0.499969,0.499979,0.499986,0.499991,0.499995,0.499997,0.499998,0.499999,0.499999,0.5,0.5,0.5,0.5,0.5,0.5,0.5,0.5,0.5,0.5
0.5,0.5,0.5,0.5,0.5,0.5,0.5,0.5,0.5,0.499999,0.499999,0.499998,0.499996,0.499993,0.499989,0.499982,0.499972,0.499957,0.499936,0.499908,0.499872,0.499827,0.499772,0.499708,0.499637,0.499561,0.499484,0.499409,0.499342,0.499287,0.499248,0.499227,0.499227,0.499248,0.499287,0.499342,0.499409,0.499484,0.499561,0.499637,0.499708,0.499772,0.499827,0.499872,0.499908,0.499936,0.499957,0.499972,0.499982,0.499989,0.499993,0.499996,0.499998,0.499999,0.499999,0.5,0.5,0.5,0.5,0.5,0.5,0.5,0.5,0.5
0.5,0.5,0.5,0.5,0.5,0.5,0.5,0.5,0.499999,0.499999,0.499998,0.499996,0.499992,0.499987,0.499978,0.499964,0.499944,0.499914,0.499874,0.499819,0.499749,0.499662,0.499556,0.499434,0.499298,0.499154,0.499007,0.498865,0.498738,0.498634,0.49856,0.498521,0.498521,0.49856,0.498634,0.498738,0.498865,0.499007,0.499154,0.499298,0.499434,0.499556,0.499662,0.499749,0.499819,0.499874,0.499914,0.499944,0.499964,0.499978,0.499987,0.499992,0.499996,0.499998,0.499999,0.499999,0.5,0.5,0.5,0.5,0.5,0.5,0.5,0.5
0.5,0.5,0.5,0.5,0.5,0.5,0.5,0.499999,0.499999,0.499997,0.499995,0.499991,0.499985,0.499974,0.499956,0.49993,0.499891,0.499835,0.499759,0.499656,0.499524,0.499361,0.499165,0.498939,0.498688,0.498422,0.498153,0.497895,0.497663,0.497473,0.497339,0.497269,0.497269,0.497339,0.497473,0.497663,0.497895,0.498153,0.498422,0.498688,0.498939,0.499165,0.499361,0.499524,0.499656,0.499759,0.499835,0.499891,0.49993,0.499956,0.499974,0.499985,0.499991,0.499995,0.499997,0.499999,0.499999,0.5,0.5,0.5,0.5,0.5,0.5,0.5
0.5,0.5,0.5,0.5,0.5,0.5,0.499999,0.499999,0.499997,0.499995,0.499991,0.499983,0.499971,0.49995,0.499918,0.499869,0.499797,0.499694,0.499553,0.499367,0.499128,0.498833,0.498481,0.498076,0.49763,0.497159,0.496683,0.496228,0.49582,0.495487,0.495251,0.495129,0.495129,0.495251,0.495487,0.49582,0.496228,0.496683,0.497159,0.49763,0.498076,0.498481,0.498833,0.499128,0.499367,0.499553,0.499694,0.499797,0.499869,0.499918,0.49995,0.499971,0.499983,0.499991,0.499995,0.499997,0.499999,0.499999,0.5,0.5,0.5,0.5,0.5,0.5
0.5,0.5,0.5,0.5,0.5,0.499999,0.499999,0.499998,0.499995,0.499991,0.499983,0.499969,0.499946,0.499909,0.49985,0.499762,0.499633,0.49945,0.499201,0.498872,0.498454,0.497939,0.497328,0.49663,0.495864,0.495056,0.494244,0.49347,0.49278,0.492217,0.491818,0.491611,0.491611,0.491818,0.492217,0.49278,0.49347,0.494244,0.495056,0.495864,0.49663,0.497328,0.497939,0.498454,0.498872,0.499201,0.49945,0.499633,0.499762,0.49985,0.499909,0.499946,0.499969,0.499983,0.499991,0.499995,0.499998,0.499999,0.499999,0.5,0.5,0.5,0.5,0.5
0.5,0.5,0.5,0.5,0.5,0.499999,0.499998,0.499996,0.499991,0.499983,0.499969,0.499945,0.499904,0.499838,0.499735,0.499581,0.499358,0.499043,0.498617,0.498057,0.497348,0.49648,0.495457,0.494293,0.493021,0.491687,0.490351,0.489082,0.487953,0.487033,0.486384,0.486047,0.486047,0.486384,0.487033,0.487953,0.489082,0.490351,0.491687,0.493021,0.494293,0.495457,0.49648,0.497348,0.498057,0.498617,0.499043,0.499358,0.499581,0.499735,0.499838,0.499904,0.499945,0.499969,0.499983,0.499991,0.499996,0.499998,0.499999,0.5,0.5,0.5,0.5,0.5
0.5,0.5,0.5,0.5,0.499999,0.499998,0.499996,0.499992,0.499985,0.499971,0.499946,0.499904,0.499833,0.499721,0.499547,0.499288,0.498912,0.498388,0.497681,0.496759,0.495597,0.494185,0.492528,0.490654,0.488615,0.486487,0.484366,0.482358,0.480578,0.479132,0.478112,0.477584,0.477584,0.478112,0.479132,0.480578,0.482358,0.484366,0.486487,0.488615,0.490654,0.492528,0.494185,0.495597,0.496759,0.497681,0.498388,0.498912,0.499288,0.499547,0.499721,0.499833,0.499904,0.499946,0.499971,0.499985,0.499992,0.499996,0.499998,0.499999,0.5,0.5,0.5,0.5
0.5,0.5,0.5,0.499999,0.499999,0.499997,0.499993,0.499987,0.499974,0.49995,0.499909,0.499838,0.499721,0.499536,0.49925,0.498826,0.498216,0.49737,0.496236,0.494766,0.492927,0.490703,0.488109,0.485194,0.482039,0.478763,0.475511,0.472447,0.46974,0.467547,0.466003,0.465205,0.465205,0.466003,0.467547,0.46974,0.472447,0.475511,0.478763,0.482039,0.485194,0.488109,0.490703,0.492927,0.494766,0.496236,0.49737,0.498216,0.498826,0.49925,0.499536,0.499721,0.499838,0.499909,0.49995,0.499974,0.499987,0.499993,0.499997,0.499999,0.499999,0.5,0.5,0.5
0.5,0.5,0.499999,0.499999,0.499998,0.499995,0.499989,0.499978,0.499956,0.499918,0.49985,0.499735,0.499547,0.49925,0.498795,0.498124,0.497165,0.495843,0.494082,0.491815,0.488995,0.485609,0.481685,0.477301,0.472585,0.467715,0.462905,0.458394,0.454422,0.451216,0.448963,0.447802,0.447802,0.448963,0.451216,0.454422,0.458394,0.462905,0.467715,0.472585,0.477301,0.481685,0.485609,0.488995,0.491815,0.494082,0.495843,0.497165,0.498124,0.498795,0.49925,0.499547,0.499735,0.49985,0.499918,0.499956,0.499978,0.499989,0.499995,0.499998,0.499999,0.499999,0.5,0.5
0.5,0.5,0.499999,0.499998,0.499996,0.499991,0.499982,0.499964,0.49993,0.499869,0.499762,0.499581,0.499288,0.498826,0.498124,0.497093,0.495632,0.493631,0.490982,0.487596,0.483413,0.478425,0.472683,0.46631,0.459498,0.452506,0.445639,0.43923,0.433611,0.42909,0.425923,0.424291,0.424291,0.425923,0.42909,0.433611,0.43923,0.445639,0.452506,0.459498,0.46631,0.472683,0.478425,0.483413,0.487596,0.490982,0.493631,0.495632,0.497093,0.498124,0.498826,0.499288,0.499581,0.499762,0.499869,0.49993,0.499964,0.499982,0.499991,0.499996,0.499998,0.499999,0.5,0.5
0.499999,0.499999,0.499999,0.499997,0.499994,0.499986,0.499972,0.499944,0.499891,0.499797,0.499633,0.499358,0.498912,0.498216,0.497165,0.495632,0.493473,0.490536,0.486676,0.481776,0.475767,0.468654,0.460524,0.451565,0.442055,0.432357,0.42289,0.414102,0.406435,0.400289,0.395996,0.393788,0.393788,0.395996,0.400289,0.406435,0.414102,0.42289,0.432357,0.442055,0.451565,0.460524,0.468654,0.475767,0.481776,0.486676,0.490536,0.493473,0.495632,0.497165,0.498216,0.498912,0.499358,0.499633,0.499797,0.499891,0.499944,0.499972,0.499986,0.499994,0.499997,0.499999,0.499999,0.499999
0.499999,0.499999,0.499998,0.499995,0.49999,0.499979,0.499957,0.499914,0.499835,0.499694,0.49945,0.499043,0.498388,0.49737,0.495843,0.493631,0.490536,0.486355,0.4809,0.474028,0.465664,0.455839,0.444696,0.43251,0.419671,0.406671,0.394066,0.382436,0.372342,0.364286,0.358676,0.355797,0.355797,0.358676,0.364286,0.372342,0.382436,0.394066,0.406671,0.419671,0.43251,0.444696,0.455839,0.465664,0.474028,0.4809,0.486355,0.490536,0.493631,0.495843,0.49737,0.498388,0.499043,0.49945,0.499694,0.499835,0.499914,0.499957,0.499979,0.49999,0.499995,0.499998,0.499999,0.499999
0.499998,0.499998,0.499997,0.499993,0.499985,0.499969,0.499936,0.499874,0.499759,0.499553,0.499201,0.498617,0.497681,0.496236,0.494082,0.490982,0.486676,0.4809,0.473422,0.464072,0.452784,0.43963,0.424836,0.408788,0.392018,0.37517,0.358953,0.344092,0.331269,0.321086,0.31402,0.310402,0.310402,0.31402,0.321086,0.331269,0.344092,0.358953,0.37517,0.392018,0.408788,0.424836,0.43963,0.452784,0.464072,0.473422,0.4809,0.486676,0.490982,0.494082,0.496236,0.497681,0.498617,0.499201,0.499553,0.499759,0.499874,0.499936,0.499969,0.499985,0.499993,0.499997,0.499998,0.499998
0.499997,0.499997,0.499995,0.49999,0.499979,0.499955,0.499908,0.499819,0.499656,0.499367,0.498872,0.498057,0.496759,0.494766,0.491815,0.487596,0.481776,0.474028,0.464072,0.451724,0.436941,0.419861,0.400817,0.380342,0.359133,0.338007,0.317839,0.299496,0.283775,0.271359,0.262779,0.258398,0.258398,0.262779,0.271359,0.283775,0.299496,0.317839,0.338007,0.359133,0.380342,0.400817,0.419861,0.436941,0.451724,0.464072,0.474028,0.481776,0.487596,0.491815,0.494766,0.496759,0.498057,0.498872,0.499367,0.499656,0.499819,0.499908,0.499955,0.499979,0.49999,0.499995,0.499997,0.499997
0.499996,0.499996,0.499993,0.499986,0.49997,0.499937,0.499872,0.499749,0.499524,0.499128,0.498454,0.497348,0.495597,0.492927,0.488995,0.483413,0.475767,0.465664,0.452784,0.436941,0.418137,0.396604,0.372819,0.347485,0.321493,0.295846,0.271583,0.249702,0.231092,0.216486,0.206442,0.201328,0.201328,0.206442,0.216486,0.231092,0.249702,0.271583,0.295846,0.321493,0.347485,0.372819,0.396604,0.418137,0.436941,0.452784,0.465664,0.475767,0.483413,0.488995,0.492927,0.495597,0.497348,0.498454,0.499128,0.499524,0.499749,0.499872,0.499937,0.49997,0.499986,0.499993,0.499996,0.499996
0.499995,0.499995,0.499991,0.499981,0.499959,0.499914,0.499827,0.499662,0.499361,0.498833,0.497939,0.49648,0.494185,0.490703,0.485609,0.478425,0.468654,0.455839,0.43963,0.419861,0.396604,0.370221,0.341361,0.310932,0.280032,0.249855,0.221595,0.196352,0.175068,0.158486,0.147146,0.141393,0.141393,0.147146,0.158486,0.175068,0.196352,0.221595,0.249855,0.280032,0.310932,0.341361,0.370221,0.396604,0.419861,0.43963,0.455839,0.468654,0.478425,0.485609,0.490703,0.494185,0.49648,0.497939,0.498833,0.499361,0.499662,0.499827,0.499914,0.499959,0.499981,0.499991,0.499995,0.499995
0.499993,0.499993,0.499988,0.499975,0.499946,0.499887,0.499772,0.499556,0.499165,0.498481,0.497328,0.495457,0.492528,0.488109,0.481685,0.472683,0.460524,0.444696,0.424836,0.400817,0.372819,0.341361,0.3073,0.27177,0.236088,0.201633,0.169727,0.141535,0.117998,0.0998182,0.0874675,0.0812277,0.0812277,0.0874675,0.0998182,0.117998,0.141535,0.169727,0.201633,0.236088,0.27177,0.3073,0.341361,0.372819,0.400817,0.424836,0.444696,0.460524,0.472683,0.481685,0.488109,0.492528,0.495457,0.497328,0.498481,0.499165,0.499556,0.499772,0.499887,0.499946,0.499975,0.499988,0.499993,0.499993
0.499991,0.499991,0.499984,0.499967,0.49993,0.499855,0.499708,0.499434,0.498939,0.498076,0.49663,0.494293,0.490654,0.485194,0.477301,0.46631,0.451565,0.43251,0.408788,0.380342,0.347485,0.310932,0.27177,0.231376,0.191287,0.15305,0.11808,0.0875556,0.0623618,0.0430951,0.0301084,0.0235803,0.0235803,0.0301084,0.0430951,0.0623618,0.0875556,0.11808,0.15305,0.191287,0.231376,0.27177,0.310932,0.347485,0.380342,0.408788,0.43251,0.451565,0.46631,0.477301,0.485194,0.490654,0.494293,0.49663,0.498076,0.498939,0.499434,0.499708,0.499855,0.49993,0.499967,0.499984,0.499991,0.499991
0.499989,0.499989,0.49998,0.499959,0.499913,0.499819,0.499637,0.499298,0.498688,0.49763,0.495864,0.493021,0.488615,0.482039,0.472585,0.459498,0.442055,0.419671,0.392018,0.359133,0.321493,0.280032,0.236088,0.191287,0.147377,0.106046,0.0687613,0.0366591,0.0105091,-0.00925582,-0.0224544,-0.0290489,-0.0290489,-0.0224544,-0.00925582,0.0105091,0.0366591,0.0687613,0.106046,0.147377,0.191287,0.236088,0.280032,0.321493,0.359133,0.392018,0.419671,0.442055,0.459498,0.472585,0.482039,0.488615,0.493021,0.495864,0.49763,0.498688,0.499298,0.499637,0.499819,0.499913,0.499959,0.49998,0.499989,0.499989
0.499986,0.499986,0.499976,0.49995,0.499894,0.49978,0.499561,0.499154,0.498422,0.497159,0.495056,0.491687,0.486487,0.478763,0.467715,0.452506,0.432357,0.406671,0.37517,0.338007,0.295846,0.249855,0.201633,0.15305,0.106046,0.0624186,0.0236412,-0.00924015,-0.0356266,-0.0552992,-0.0682904,-0.0747337,-0.0747337,-0.0682904,-0.0552992,-0.0356266,-0.00924015,0.0236412,0.0624186,0.106046,0.15305,0.201633,0.249855,0.295846,0.338007,0.37517,0.406671,0.432357,0.452506,0.467715,0.478763,0.486487,0.491687,0.495056,0.497159,0.498422,0.499154,0.499561,0.49978,0.499894,0.49995,0.499976,0.499986,0.499986
0.499984,0.499984,0.499972,0.499941,0.499874,0.499741,0.499484,0.499007,0.498153,0.496683,0.494244,0.490351,0.484366,0.475511,0.462905,0.445639,0.42289,0.394066,0.358953,0.317839,0.271583,0.221595,0.169727,0.11808,0.0687613,0.0236412,-0.0158371,-0.0487608,-0.0747412,-0.0938075,-0.106233,-0.112342,-0.112342,-0.106233,-0.0938075,-0.0747412,-0.0487608,-0.0158371,0.0236412,0.0687613,0.11808,0.169727,0.221595,0.271583,0.317839,0.358953,0.394066,0.42289,0.445639,0.462905,0.475511,0.484366,0.490351,0.494244,0.496683,0.498153,0.499007,0.499484,0.499741,0.499874,0.499941,0.499972,0.499984,0.499984
0.499981,0.499981,0.499967,0.499932,0.499856,0.499703,0.499409,0.498865,0.497895,0.496228,0.49347,0.489082,0.482358,0.472447,0.458394,0.43923,0.414102,0.382436,0.344092,0.299496,0.249702,0.196352,0.141535,0.0875556,0.0366591,-0.00924015,-0.0487608,-0.0811485,-0.106244,-0.124336,-0.135949,-0.141598,-0.141598,-0.135949,-0.124336,-0.106244,-0.0811485,-0.0487608,-0.00924015,0.0366591,0.0875556,0.141535,0.196352,0.249702,0.299496,0.344092,0.382436,0.414102,0.43923,0.458394,0.472447,0.482358,0.489082,0.49347,0.496228,0.497895,0.498865,0.499409,0.499703,0.499856,0.499932,0.499967,0.499981,0.499981
0.499979,0.499979,0.499963,0.499924,0.499839,0.499669,0.499342,0.498738,0.497663,0.49582,0.49278,0.487953,0.480578,0.46974,0.454422,0.433611,0.406435,0.372342,0.331269,0.283775,0.231092,0.175068,0.117998,0.0623618,0.0105091,-0.0356266,-0.0747412,-0.106244,-0.130199,-0.147146,-0.157842,-0.162984,-0.162984,-0.157842,-0.147146,-0.130199,-0.106244,-0.0747412,-0.0356266,0.0105091,0.0623618,0.117998,0.175068,0.231092,0.283775,0.331269,0.372342,0.406435,0.433611,0.454422,0.46974,0.480578,0.487953,0.49278,0.49582,0.497663,0.498738,0.499342,0.499669,0.499839,0.499924,0.499963,0.499979,0.499979
0.499977,0.499977,0.49996,0.499917,0.499825,0.499641,0.499287,0.498634,0.497473,0.495487,0.492217,0.487033,0.479132,0.467547,0.451216,0.42909,0.400289,0.364286,0.321086,0.271359,0.216486,0.158486,0.0998182,0.0430951,-0.00925582,-0.0552992,-0.0938075,-0.124336,-0.147146,-0.16299,-0.172821,-0.177489,-0.177489,-0.172821,-0.16299,-0.147146,-0.124336,-0.0938075,-0.0552992,-0.00925582,0.0430951,0.0998182,0.158486,0.216486,0.271359,0.321086,0.364286,0.400289,0.42909,0.451216,0.467547,0.479132,0.487033,0.492217,0.495487,0.497473,0.498634,0.499287,0.499641,0.499825,0.499917,0.49996,0.499977,0.499977
0.499975,0.499975,0.499958,0.499912,0.499815,0.49962,0.499248,0.49856,0.497339,0.495251,0.491818,0.486384,0.478112,0.466003,0.448963,0.425923,0.395996,0.358676,0.31402,0.262779,0.206442,0.147146,0.0874675,0.0301084,-0.0224544,-0.0682904,-0.106233,-0.135949,-0.157842,-0.172821,-0.181983,-0.186287,-0.186287,-0.181983,-0.172821,-0.157842,-0.135949,-0.106233,-0.0682904,-0.0224544,0.0301084,0.0874675,0.147146,0.206442,0.262779,0.31402,0.358676,0.395996,0.425923,0.448963,0.466003,0.478112,0.486384,0.491818,0.495251,0.497339,0.49856,0.499248,0.49962,0.499815,0.499912,0.499958,0.499975,0.499975
0.499975,0.499975,0.499956,0.499909,0.49981,0.49961,0.499227,0.498521,0.497269,0.495129,0.491611,0.486047,0.477584,0.465205,0.447802,0.424291,0.393788,0.355797,0.310402,0.258398,0.201328,0.141393,0.0812277,0.0235803,-0.0290489,-0.0747337,-0.112342,-0.141598,-0.162984,-0.177489,-0.186287,-0.190394,-0.190394,-0.186287,-0.177489,-0.162984,-0.141598,-0.112342,-0.0747337,-0.0290489,0.0235803,0.0812277,0.141393,0.201328,0.258398,0.310402,0.355797,0.393788,0.424291,0.447802,0.465205,0.477584,0.486047,0.491611,0.495129,0.497269,0.498521,0.499227,0.49961,0.49981,0.499909,0.499956,0.499975,0.499975
0.499975,0.499975,0.499956,0.499909,0.49981,0.49961,0.499227,0.498521,0.497269,0.495129,0.491611,0.486047,0.477584,0.465205,0.447802,0.424291,0.393788,0.355797,0.310402,0.258398,0.201328,0.141393,0.0812277,0.0235803,-0.0290489,-0.0747337,-0.112342,-0.141598,-0.162984,-0.177489,-0.186287,-0.190394,-0.190394,-0.186287,-0.177489,-0.162984,-0.141598,-0.112342,-0.0747337,-0.0290489,0.0235803,0.0812277,0.141393,0.201328,0.258398,0.310402,0.355797,0.393788,0.424291,0.447802,0.465205,0.477584,0.486047,0.491611,0.495129,0.497269,0.498521,0.499227,0.49961,0.49981,0.499909,0.499956,0.499975,0.499975
0.499975,0.499975,0.499958,0.499912,0.499815,0.49962,0.499248,0.49856,0.497339,0.495251,0.491818,0.486384,0.478112,0.466003,0.448963,0.425923,0.395996,0.358676,0.31402,0.262779,0.206442,0.147146,0.0874675,0.0301084,-0.0224544,-0.0682904,-0.106233,-0.135949,-0.157842,-0.172821,-0.181983,-0.186287,-0.186287,-0.181983,-0.172821,-0.157842,-0.135949,-0.106233,-0.0682904,-0.0224544,0.0301084,0.0874675,0.147146,0.206442,0.262779,0.31402,0.358676,0.395996,0.425923,0.448963,0.466003,0.478112,0.486384,0.491818,0.495251,0.497339,0.49856,0.499248,0.49962,0.499815,0.499912,0.499958,0.499975,0.499975
0.499977,0.499977,0.49996,0.499917,0.499825,0.499641,0.499287,0.498634,0.497473,0.495487,0.492217,0.487033,0.479132,0.467547,0.451216,0.42909,0.400289,0.364286,0.321086,0.271359,0.216486,0.158486,0.0998182,0.0430951,-0.00925582,-0.0552992,-0.0938075,-0.124336,-0.147146,-0.16299,-0.172821,-0.177489,-0.177489,-0.172821,-0.16299,-0.147146,-0.124336,-0.0938075,-0.0552992,-0.00925582,0.0430951,0.0998182,0.158486,0.216486,0.271359,0.321086,0.364286,0.400289,0.42909,0.451216,0.467547,0.479132,0.487033,0.492217,0.495487,0.497473,0.498634,0.499287,0.499641,0.499825,0.499917,0.49996,0.499977,0.499977
0.499979,0.499979,0.499963,0.499924,0.499839,0.499669,0.499342,0.498738,0.497663,0.49582,0.49278,0.487953,0.480578,0.46974,0.454422,0.433611,0.406435,0.372342,0.331269,0.283775,0.231092,0.175068,0.117998,0.0623618,0.0105091,-0.0356266,-0.0747412,-0.106244,-0.130199,-0.147146,-0.157842,-0.162984,-0.162984,-0.157842,-0.147146,-0.130199,-0.106244,-0.0747412,-0.0356266,0.0105091,0.0623618,0.117998,0.175068,0.231092,0.283775,0.331269,0.372342,0.406435,0.433611,0.454422,0.46974,0.480578,0.487953,0.49278,0.49582,0.497663,0.498738,0.499342,0.499669,0.499839,0.499924,0.499963,0.499979,0.499979
0.499981,0.499981,0.499967,0.499932,0.499856,0.499703,0.499409,0.498865,0.497895,0.496228,0.49347,0.489082,0.482358,0.472447,0.458394,0.43923,0.414102,0.382436,0.344092,0.299496,0.249702,0.196352,0.141535,0.0875556,0.0366591,-0.00924015,-0.0487608,-0.0811485,-0.106244,-0.124336,-0.135949,-0.141598,-0.141598,-0.135949,-0.124336,-0.106244,-0.0811485,-0.0487608,-0.00924015,0.0366591,0.0875556,0.141535,0.196352,0.249702,0.299496,0.344092,0.382436,0.414102,0.43923,0.458394,0.472447,0.482358,0.489082,0.49347,0.496228,0.497895,0.498865,0.499409,0.499703,0.499856,0.499932,0.499967,0.499981,0.499981
0.499984,0.499984,0.499972,0.499941,0.499874,0.499741,0.499484,0.499007,0.498153,0.496683,0.494244,0.490351,0.484366,0.475511,0.462905,0.445639,0.42289,0.394066,0.358953,0.317839,0.271583,0.221595,0.169727,0.11808,0.0687613,0.0236412,-0.0158371,-0.0487608,-0.0747412,-0.0938075,-0.106233,-0.112342,-0.112342,-0.106233,-0.0938075,-0.0747412,-0.0487608,-0.0158371,0.0236412,0.0687613,0.11808,0.169727,0.221595,0.271583,0.317839,0.358953,0.394066,0.42289,0.445639,0.462905,0.475511,0.484366,0.490351,0.494244,0.496683,0.498153,0.499007,0.499484,0.499741,0.499874,0.499941,0.499972,0.499984,0.499984
0.499986,0.499986,0.499976,0.49995,0.499894,0.49978,0.499561,0.499154,0.498422,0.497159,0.495056,0.491687,0.486487,0.478763,0.467715,0.452506,0.432357,0.406671,0.37517,0.338007,0.295846,0.249855,0.201633,0.15305,0.106046,0.0624186,0.0236412,-0.00924015,-0.0356266,-0.0552992,-0.0682904,-0.0747337,-0.0747337,-0.0682904,-0.0552992,-0.0356266,-0.00924015,0.0236412,0.0624186,0.106046,0.15305,0.201633,0.249855,0.295846,0.338007,0.37517,0.406671,0.432357,0.452506,0.467715,0.478763,0.486487,0.491687,0.495056,0.497159,0.498422,0.499154,0.499561,0.49978,0.499894,0.49995,0.499976,0.499986,0.499986
0.499989,0.499989,0.49998,0.499959,0.499913,0.499819,0.499637,0.499298,0.498688,0.49763,0.495864,0.493021,0.488615,0.482039,0.472585,0.459498,0.442055,0.419671,0.392018,0.359133,0.321493,0.280032,0.236088,0.191287,0.147377,0.106046,0.0687613,0.0366591,0.0105091,-0.00925582,-0.0224544,-0.0290489,-0.0290489,-0.0224544,-0.00925582,0.0105091,0.0366591,0.0687613,0.106046,0.147377,0.191287,0.236088,0.280032,0.321493,0.359133,0.392018,0.419671,0.442055,0.459498,0.472585,0.482039,0.488615,0.493021,0.495864,0.49763,0.498688,0.499298,0.499637,0.499819,0.499913,0.499959,0.49998,0.499989,0.499989
0.499991,0.499991,0.499984,0.499967,0.49993,0.499855,0.499708,0.499434,0.498939,0.498076,0.49663,0.494293,0.490654,0.485194,0.477301,0.46631,0.451565,0.43251,0.408788,0.380342,0.347485,0.310932,0.27177,0.231376,0.191287,0.15305,0.11808,0.0875556,0.0623618,0.0430951,0.0301084,0.0235803,0.0235803,0.0301084,0.0430951,0.0623618,0.0875556,0.11808,0.15305,0.191287,0.231376,0.27177,0.310932,0.347485,0.380342,0.408788,0.43251,0.451565,0.46631,0.477301,0.485194,0.490654,0.494293,0.49663,0.498076,0.498939,0.499434,0.499708,0.499855,0.49993,0.499967,0.499984,0.499991,0.499991
0.499993,0.499993,0.499988,0.499975,0.499946,0.499887,0.499772,0.499556,0.499165,0.498481,0.497328,0.495457,0.492528,0.488109,0.481685,0.472683,0.460524,0.444696,0.424836,0.400817,0.372819,0.341361,0.3073,0.27177,0.236088,0.201633,0.169727,0.141535,0.117998,0.0998182,0.0874675,0.0812277,0.0812277,0.0874675,0.0998182,0.117998,0.141535,0.169727,0.201633,0.236088,0.27177,0.3073,0.341361,0.372819,0.400817,0.424836,0.444696,0.460524,0.472683,0.481685,0.488109,0.492528,0.495457,0.497328,0.498481,0.499165,0.499556,0.499772,0.499887,0.499946,0.499975,0.499988,0.499993,0.499993
0.499995,0.499995,0.499991,0.499981,0.499959,0.499914,0.499827,0.499662,0.499361,0.498833,0.497939,0.49648,0.494185,0.490703,0.485609,0.478425,0.468654,0.455839,0.43963,0.419861,0.396604,0.370221,0.341361,0.310932,0.280032,0.249855,0.221595,0.196352,0.175068,0.158486,0.147146,0.141393,0.141393,0.147146,0.158486,0.175068,0.196352,0.221595,0.249855,0.280032,0.310932,0.341361,0.370221,0.396604,0.419861,0.43963,0.455839,0.468654,0.478425,0.485609,0.490703,0.494185,0.49648,0.497939,0.498833,0.499361,0.499662,0.499827,0.499914,0.499959,0.499981,0.499991,0.499995,0.499995
0.499996,0.499996,0.499993,0.499986,0.49997,0.499937,0.499872,0.499749,0.499524,0.499128,0.498454,0.497348,0.495597,0.492927,0.488995,0.483413,0.475767,0.465664,0.452784,0.436941,0.418137,0.396604,0.372819,0.347485,0.321493,0.295846,0.271583,0.249702,0.231092,0.216486,0.206442,0.201328,0.201328,0.206442,0.216486,0.231092,0.249702,0.271583,0.295846,0.321493,0.347485,0.372819,0.396604,0.418137,0.436941,0.452784,0.465664,0.475767,0.483413,0.488995,0.492927,0.495597,0.497348,0.498454,0.499128,0.499524,0.499749,0.499872,0.499937,0.49997,0.499986,0.499993,0.499996,0.499996
0.499997,0.499997,0.499995,0.49999,0.499979,0.499955,0.499908,0.499819,0.499656,0.499367,0.498872,0.498057,0.496759,0.494766,0.491815,0.487596,0.481776,0.474028,0.464072,0.451724,0.436941,0.419861,0.400817,0.380342,0.359133,0.338007,0.317839,0.299496,0.283775,0.271359,0.262779,0.258398,0.258398,0.262779,0.271359,0.283775,0.299496,0.317839,0.338007,0.359133,0.380342,0.400817,0.419861,0.436941,0.451724,0.464072,0.474028,0.481776,0.487596,0.491815,0.494766,0.496759,0.498057,0.498872,0.499367,0.499656,0.499819,0.499908,0.499955,0.499979,0.49999,0.499995,0.499997,0.499997
0.499998,0.499998,0.499997,0.499993,0.499985,0.499969,0.499936,0.499874,0.499759,0.499553,0.499201,0.498617,0.497681,0.496236,0.494082,0.490982,0.486676,0.4809,0.473422,0.464072,0.452784,0.43963,0.424836,0.408788,0.392018,0.37517,0.358953,0.344092,0.331269,0.321086,0.31402,0.310402,0.310402,0.31402,0.321086,0.331269,0.344092,0.358953,0.37517,0.392018,0.408788,0.424836,0.43963,0.452784,0.464072,0.473422,0.4809,0.486676,0.490982,0.494082,0.496236,0.497681,0.498617,0.499201,0.499553,0.499759,0.499874,0.499936,0.499969,0.499985,0.499993,0.499997,0.499998,0.499998
0.499999,0.499999,0.499998,0.499995,0.49999,0.499979,0.499957,0.499914,0.499835,0.499694,0.49945,0.499043,0.498388,0.49737,0.495843,0.493631,0.490536,0.486355,0.4809,0.474028,0.465664,0.455839,0.444696,0.43251,0.419671,0.406671,0.394066,0.382436,0.372342,0.364286,0.358676,0.355797,0.355797,0.358676,0.364286,0.372342,0.382436,0.394066,0.406671,0.419671,0.43251,0.444696,0.455839,0.465664,0.474028,0.4809,0.486355,0.490536,0.493631,0.495843,0.49737,0.498388,0.499043,0.49945,0.499694,0.499835,0.499914,0.499957,0.499979,0.49999,0.499995,0.499998,0.499999,0.499999
0.499999,0.499999,0.499999,0.499997,0.499994,0.499986,0.499972,0.499944,0.499891,0.499797,0.499633,0.499358,0.498912,0.498216,0.497165,0.495632,0.493473,0.490536,0.486676,0.481776,0.475767,0.468654,0.460524,0.451565,0.442055,0.432357,0.42289,0.414102,0.406435,0.400289,0.395996,0.393788,0.393788,0.395996,0.400289,0.406435,0.414102,0.42289,0.432357,0.442055,0.451565,0.460524,0.468654,0.475767,0.481776,0.486676,0.490536,0.493473,0.495632,0.497165,0.498216,0.498912,0.499358,0.499633,0.499797,0.499891,0.499944,0.499972,0.499986,0.499994,0.499997,0.499999,0.499999,0.499999
0.5,0.5,0.499999,0.499998,0.499996,0.499991,0.499982,0.499964,0.49993,0.499869,0.499762,0.499581,0.499288,0.498826,0.498124,0.497093,0.495632,0.493631,0.490982,0.487596,0.483413,0.478425,0.472683,0.46631,0.459498,0.452506,0.445639,0.43923,0.433611,0.42909,0.425923,0.424291,0.424291,0.425923,0.42909,0.433611,0.43923,0.445639,0.452506,0.459498,0.46631,0.472683,0.478425,0.483413,0.487596,0.490982,0.493631,0.495632,0.497093,0.498124,0.498826,0.499288,0.499581,0.499762,0.499869,0.49993,0.499964,0.499982,0.499991,0.499996,0.499998,0.499999,0.5,0.5
0.5,0.5,0.499999,0.499999,0.499998,0.499995,0.499989,0.499978,0.499956,0.499918,0.49985,0.499735,0.499547,0.49925,0.498795,0.498124,0.497165,0.495843,0.494082,0.491815,0.488995,0.485609,0.481685,0.477301,0.472585,0.467715,0.462905,0.458394,0.454422,0.451216,0.448963,0.447802,0.447802,0.448963,0.451216,0.454422,0.458394,0.462905,0.467715,0.472585,0.477301,0.481685,0.485609,0.488995,0.491815,0.494082,0.495843,0.497165,0.498124,0.498795,0.49925,0.499547,0.499735,0.49985,0.499918,0.499956,0.499978,0.499989,0.499995,0.499998,0.499999,0.499999,0.5,0.5
0.5,0.5,0.5,0.499999,0.499999,0.499997,0.499993,0.499987,0.499974,0.49995,0.499909,0.499838,0.499721,0.499536,0.49925,0.498826,0.498216,0.49737,0.496236,0.494766,0.492927,0.490703,0.488109,0.485194,0.482039,0.478763,0.475511,0.472447,0.46974,0.467547,0.466003,0.465205,0.465205,0.466003,0.467547,0.46974,0.472447,0.475511,0.478763,0.482039,0.485194,0.488109,0.490703,0.492927,0.494766,0.496236,0.49737,0.498216,0.498826,0.49925,0.499536,0.499721,0.499838,0.499909,0.49995,0.499974,0.499987,0.499993,0.499997,0.499999,0.499999,0.5,0.5,0.5
0.5,0.5,0.5,0.5,0.499999,0.499998,0.499996,0.499992,0.499985,0.499971,0.499946,0.499904,0.499833,0.499721,0.499547,0.499288,0.498912,0.498388,0.497681,0.496759,0.495597,0.494185,0.492528,0.490654,0.488615,0.486487,0.484366,0.482358,0.480578,0.479132,0.478112,0.477584,0.477584,0.478112,0.479132,0.480578,0.482358,0.484366,0.486487,0.488615,0.490654,0.492528,0.494185,0.495597,0.496759,0.497681,0.498388,0.498912,0.499288,0.499547,0.499721,0.499833,0.499904,0.499946,0.499971,0.499985,0.499992,0.499996,0.499998,0.499999,0.5,0.5,0.5,0.5
0.5,0.5,0.5,0.5,0.5,0.499999,0.499998,0.499996,0.499991,0.499983,0.499969,0.499945,0.499904,0.499838,0.499735,0.499581,0.499358,0.499043,0.498617,0.498057,0.497348,0.49648,0.495457,0.494293,0.493021,0.491687,0.490351,0.489082,0.487953,0.487033,0.486384,0.486047,0.486047,0.486384,0.487033,0.487953,0.489082,0.490351,0.491687,0.493021,0.494293,0.495457,0.49648,0.497348,0.498057,0.498617,0.499043,0.499358,0.499581,0.499735,0.499838,0.499904,0.499945,0.499969,0.499983,0.499991,0.499996,0.499998,0.499999,0.5,0.5,0.5,0.5,0.5
0.5,0.5,0.5,0.5,0.5,0.499999,0.499999,0.499998,0.499995,0.499991,0.499983,0.499969,0.499946,0.499909,0.49985,0.499762,0.499633,0.49945,0.499201,0.498872,0.498454,0.497939,0.497328,0.49663,0.495864,0.495056,0.494244,0.49347,0.49278,0.492217,0.491818,0.491611,0.491611,0.491818,0.492217,0.49278,0.49347,0.494244,0.495056,0.495864,0.49663,0.497328,0.497939,0.498454,0.498872,0.499201,0.49945,0.499633,0.499762,0.49985,0.499909,0.499946,0.499969,0.499983,0.499991,0.499995,0.499998,0.499999,0.499999,0.5,0.5,0.5,0.5,0.5
0.5,0.5,0.5,0.5,0.5,0.5,0.499999,0.499999,0.499997,0.499995,0.499991,0.499983,0.499971,0.49995,0.499918,0.499869,0.499797,0.499694,0.499553,0.499367,0.499128,0.498833,0.498481,0.498076,0.49763,0.497159,0.496683,0.496228,0.49582,0.495487,0.495251,0.495129,0.495129,0.495251,0.495487,0.49582,0.496228,0.496683,0.497159,0.49763,0.498076,0.498481,0.498833,0.499128,0.499367,0.499553,0.499694,0.499797,0.499869,0.499918,0.49995,0.499971,0.499983,0.499991,0.499995,0.499997,0.499999,0.499999,0.5,0.5,0.5,0.5,0.5,0.5
0.5,0.5,0.5,0.5,0.5,0.5,0.5,0.499999,0.499999,0.499997,0.499995,0.499991,0.499985,0.499974,0.499956,0.49993,0.499891,0.499835,0.499759,0.499656,0.499524,0.499361,0.499165,0.498939,0.498688,0.498422,0.498153,0.497895,0.497663,0.497473,0.497339,0.497269,0.497269,0.497339,0.497473,0.497663,0.497895,0.498153,0.498422,0.498688,0.498939,0.499165,0.499361,0.499524,0.499656,0.499759,0.499835,0.499891,0.49993,0.499956,0.499974,0.499985,0.499991,0.499995,0.499997,0.499999,0.499999,0.5,0.5,0.5,0.5,0.5,0.5,0.5
0.5,0.5,0.5,0.5,0.5,0.5,0.5,0.5,0.499999,0.499999,0.499998,0.499996,0.499992,0.499987,0.499978,0.499964,0.499944,0.499914,0.499874,0.499819,0.499749,0.499662,0.499556,0.499434,0.499298,0.499154,0.499007,0.498865,0.498738,0.498634,0.49856,0.498521,0.498521,0.49856,0.498634,0.498738,0.498865,0.499007,0.499154,0.499298,0.499434,0.499556,0.499662,0.499749,0.499819,0.499874,0.499914,0.499944,0.499964,0.499978,0.499987,0.499992,0.499996,0.499998,0.499999,0.499999,0.5,0.5,0.5,0.5,0.5,0.5,0.5,0.5
0.5,0.5,0.5,0.5,0.5,0.5,0.5,0.5,0.5,0.499999,0.499999,0.499998,0.499996,0.499993,0.499989,0.499982,0.499972,0.499957,0.499936,0.499908,0.499872,0.499827,0.499772,0.499708,0.499637,0.499561,0.499484,0.499409,0.499342,0.499287,0.499248,0.499227,0.499227,0.499248,0.499287,0.499342,0.499409,0.499484,0.499561,0.499637,0.499708,0.499772,0.499827,0.499872,0.499908,0.499936,0.499957,0.499972,0.499982,0.499989,0.499993,0.499996,0.499998,0.499999,0.499999,0.5,0.5,0.5,0.5,0.5,0.5,0.5,0.5,0.5
0.5,0.5,0.5,0.5,0.5,0.5,0.5,0.5,0.5,0.5,0.499999,0.499999,0.499998,0.499997,0.499995,0.499991,0.499986,0.499979,0.499969,0.499955,0.499937,0.499914,0.499887,0.499855,0.499819,0.49978,0.499741,0.499703,0.499669,0.499641,0.49962,0.49961,0.49961,0.49962,0.499641,0.499669,0.499703,0.499741,0.49978,0.499819,0.499855,0.499887,0.499914,0.499937,0.499955,0.499969,0.499979,0.499986,0.499991,0.499995,0.499997,0.499998,0.499999,0.499999,0.5,0.5,0.5,0.5,0.5,0.5,0.5,0.5,0.5,0.5
0.5,0.5,0.5,0.5,0.5,0.5,0.5,0.5,0.5,0.5,0.5,0.5,0.499999,0.499999,0.499998,0.499996,0.499994,0.49999,0.499985,0.499979,0.49997,0.499959,0.499946,0.49993,0.499913,0.499894,0.499874,0.499856,0.499839,0.499825,0.499815,0.49981,0.49981,0.499815,0.499825,0.499839,0.499856,0.499874,0.499894,0.499913,0.49993,0.499946,0.499959,0.49997,0.499979,0.499985,0.49999,0.499994,0.499996,0.499998,0.499999,0.499999,0.5,0.5,0.5,0.5,0.5,0.5,0.5,0.5,0.5,0.5,0.5,0.5
0.5,0.5,0.5,0.5,0.5,0.5,0.5,0.5,0.5,0.5,0.5,0.5,0.5,0.499999,0.499999,0.499998,0.499997,0.499995,0.499993,0.49999,0.499986,0.499981,0.499975,0.499967,0.499959,0.49995,0.499941,0.499932,0.499924,0.499917,0.499912,0.499909,0.499909,0.499912,0.499917,0.499924,0.499932,0.499941,0.49995,0.499959,0.499967,0.499975,0.499981,0.499986,0.49999,0.499993,0.499995,0.499997,0.499998,0.499999,0.499999,0.5,0.5,0.5,0.5,0.5,0.5,0.5,0.5,0.5,0.5,0.5,0.5,0.5
0.5,0.5,0.5,0.5,0.5,0.5,0.5,0.5,0.5,0.5,0.5,0.5,0.5,0.5,0.499999,0.499999,0.499999,0.499998,0.499997,0.499995,0.499993,0.499991,0.499988,0.499984,0.49998,0.499976,0.499972,0.499967,0.499963,0.49996,0.499958,0.499956,0.499956,0.499958,0.49996,0.499963,0.499967,0.499972,0.499976,0.49998,0.499984,0.499988,0.499991,0.499993,0.499995,0.499997,0.499998,0.499999,0.499999,0.499999,0.5,0.5,0.5,0.5,0.5,0.5,0.5,0.5,0.5,0.5,0.5,0.5,0.5,0.5
0.5,0.5,0.5,0.5,0.5,0.5,0.5,0.5,0.5,0.5,0.5,0.5,0.5,0.5,0.5,0.5,0.499999,0.499999,0.499998,0.499997,0.499996,0.499995,0.499993,0.499991,0.499989,0.499986,0.499984,0.499981,0.499979,0.499977,0.499975,0.499975,0.499975,0.499975,0.499977,0.499979,0.499981,0.499984,0.499986,0.499989,0.499991,0.499993,0.499995,0.499996,0.499997,0.499998,0.499999,0.499999,0.5,0.5,0.5,0.5,0.5,0.5,0.5,0.5,0.5,0.5,0.5,0.5,0.5,0.5,0.5,0.5
0.5,0.5,0.5,0.5,0.5,0.5,0.5,0.5,0.5,0.5,0.5,0.5,0.5,0.5,0.5,0.5,0.499999,0.499999,0.499998,0.499997,0.499996,0.499995,0.499993,0.499991,0.499989,0.499986,0.499984,0.499981,0.499979,0.499977,0.499975,0.499975,0.499975,0.499975,0.499977,0.499979,0.499981,0.499984,0.499986,0.499989,0.499991,0.499993,0.499995,0.499996,0.499997,0.499998,0.499999,0.499999,0.5,0.5,0.5,0.5,0.5,0.5,0.5,0.5,0.5,0.5,0.5,0.5,0.5,0.5,0.5,0.5
