0.5,0.5,0.5,0.5,0.5,0.5,0.5,0.5,0.5,0.5,0.5,0.5,0.5,0.5,0.5,0.5,0.5,0.5,0.5,0.499999,0.499999,0.499999,0.499998,0.499998,0.499997,0.499997,0.499996,0.499996,0.499995,0.499994,0.499994,0.499994,0.499994,0.499994,0.499994,0.499995,0.499996,0.499996,0.499997,0.499997,0.499998,0.499998,0.499999,0.499999,0.499999,0.5,0.5,0.5,0.5,0.5,0.5,0.5,0.5,0.5,0.5,0.5,0.5,0.5,0.5,0.5,0.5,0.5,0.5,0.5
0.5,0.5,0.5,0.5,0.5,0.5,0.5,0.5,0.5,0.5,0.5,0.5,0.5,0.5,0.5,0.5,0.5,0.5,0.5,0.499999,0.499999,0.499999,0.499998,0.499998,0.499997,0.499997,0.499996,0.499996,0.499995,0.499994,0.499994,0.499994,0.499994,0.499994,0.499994,0.499995,0.499996,0.499996,0.499997,0.499997,0.499998,0.499998,0.499999,0.499999,0.499999,0.5,0.5,0.5,0.5,0.5,0.5,0.5,0.5,0.5,0.5,0.5,0.5,0.5,0.5,0.5,0.5,0.5,0.5,0.5
0.5,0.5,0.5,0.5,0.5,0.5,0.5,0.5,0.5,0.5,0.5,0.5,0.5,0.5,0.5,0.5,0.5,0.5,0.499999,0.499999,0.499999,0.499998,0.499997,0.499996,0.499995,0.499994,0.499993,0.499992,0.499991,0.49999,0.499989,0.499989,0.499989,0.499989,0.49999,0.499991,0.499992,0.499993,0.499994,0.499995,0.499996,0.499997,0.499998,0.499999,0.499999,0.499999,0.5,0.5,0.5,0.5,0.5,0.5,0.5,0.5,0.5,0.5,0.5,0.5,0.5,0.5,0.5,0.5,0.5,0.5
0.5,0.5,0.5,0.5,0.5,0.5,0.5,0.5,0.5,0.5,0.5,0.5,0.5,0.5,0.5,0.5,0.499999,0.499999,0.499998,0.499998,0.499997,0.499995,0.499994,0.499992,0.499989,0.499987,0.499984,0.499982,0.499979,0.499977,0.499976,0.499975,0.499975,0.499976,0.499977,0.499979,0.499982,0.499984,0.499987,0.499989,0.499992,0.499994,0.499995,0.499997,0.499998,0.499998,0.499999,0.499999,0.5,0.5,0.5,0.5,0.5,0.5,0.5,0.5,0.5,0.5,0.5,0.5,0.5,0.5,0.5,0.5
0.5,0.5,0.5,0.5,0.5,0.5,0.5,0.5,0.5,0.5,0.5,0.5,0.5,0.5,0.499999,0.499999,0.499999,0.499998,0.499996,0.499995,0.499992,0.499989,0.499986,0.499981,0.499976,0.49997,0.499964,0.499958,0.499953,0.499949,0.499946,0.499944,0.499944,0.499946,0.499949,0.499953,0.499958,0.499964,0.49997,0.499976,0.499981,0.499986,0.499989,0.499992,0.499995,0.499996,0.499998,0.499999,0.499999,0.499999,0.5,0.5,0.5,0.5,0.5,0.5,0.5,0.5,0.5,0.5,0.5,0.5,0.5,0.5
0.5,0.5,0.5,0.5,0.5,0.5,0.5,0.5,0.5,0.5,0.5,0.5,0.5,0.499999,0.499999,0.499998,0.499997,0.499995,0.499992,0.499988,0.499983,0.499976,0.499968,0.499958,0.499947,0.499934,0.499922,0.499909,0.499898,0.499888,0.499881,0.499878,0.499878,0.499881,0.499888,0.499898,0.499909,0.499922,0.499934,0.499947,0.499958,0.499968,0.499976,0.499983,0.499988,0.499992,0.499995,0.499997,0.499998,0.499999,0.499999,0.5,0.5,0.5,0.5,0.5,0.5,0.5,0.5,0.5,0.5,0.5,0.5,0.5
0.5,0.5,0.5,0.5,0.5,0.5,0.5,0.5,0.5,0.5,0.5,0.5,0.499999,0.499998,0.499997,0.499996,0.499993,0.499989,0.499983,0.499974,0.499963,0.499949,0.499932,0.499911,0.499887,0.499861,0.499834,0.499808,0.499784,0.499764,0.49975,0.499742,0.499742,0.49975,0.499764,0.499784,0.499808,0.499834,0.499861,0.499887,0.499911,0.499932,0.499949,0.499963,0.499974,0.499983,0.499989,0.499993,0.499996,0.499997,0.499998,0.499999,0.5,0.5,0.5,0.5,0.5,0.5,0.5,0.5,0.5,0.5,0.5,0.5
0.5,0.5,0.5,0.5,0.5,0.5,0.5,0.5,0.5,0.5,0.499999,0.499999,0.499998,0.499997,0.499994,0.499991,0.499985,0.499976,0.499964,0.499947,0.499924,0.499895,0.499859,0.499816,0.499768,0.499715,0.499661,0.499608,0.49956,0.499519,0.499491,0.499476,0.499476,0.499491,0.499519,0.49956,0.499608,0.499661,0.499715,0.499768,0.499816,0.499859,0.499895,0.499924,0.499947,0.499964,0.499976,0.499985,0.499991,0.499994,0.499997,0.499998,0.499999,0.499999,0.5,0.5,0.5,0.5,0.5,0.5,0.5,0.5,0.5,0.5
0.5,0.5,0.5,0.5,0.5,0.5,0.5,0.5,0.5,0.499999,0.499999,0.499998,0.499996,0.499993,0.499989,0.499981,0.499969,0.499952,0.499927,0.499893,0.499848,0.49979,0.499719,0.499635,0.49954,0.499437,0.499331,0.499227,0.499134,0.499056,0.499,0.498971,0.498971,0.499,0.499056,0.499134,0.499227,0.499331,0.499437,0.49954,0.499635,0.499719,0.49979,0.499848,0.499893,0.499927,0.499952,0.499969,0.499981,0.499989,0.499993,0.499996,0.499998,0.499999,0.499999,0.5,0.5,0.5,0.5,0.5,0.5,0.5,0.5,0.5
0.5,0.5,0.5,0.5,0.5,0.5,0.5,0.5,0.499999,0.499999,0.499998,0.499996,0.499993,0.499987,0.499977,0.499962,0.49994,0.499906,0.499858,0.499792,0.499706,0.499595,0.49946,0.4993,0.49912,0.498925,0.498725,0.498531,0.498355,0.498209,0.498105,0.498051,0.498051,0.498105,0.498209,0.498355,0.498531,0.498725,0.498925,0.49912,0.4993,0.49946,0.499595,0.499706,0.499792,0.499858,0.499906,0.49994,0.499962,0.499977,0.499987,0.499993,0.499996,0.499998,0.499999,0.499999,0.5,0.5,0.5,0.5,0.5,0.5,0.5,0.5
0.5,0.5,0.5,0.5,0.5,0.5,0.5,0.499999,0.499999,0.499998,0.499996,0.499992,0.499986,0.499975,0.499957,0.499928,0.499885,0.499822,0.499732,0.49961,0.499449,0.499245,0.498996,0.498703,0.498373,0.498019,0.497655,0.497303,0.496984,0.496721,0.496534,0.496436,0.496436,0.496534,0.496721,0.496984,0.497303,0.497655,0.498019,0.498373,0.498703,0.498996,0.499245,0.499449,0.49961,0.499732,0.499822,0.499885,0.499928,0.499957,0.499975,0.499986,0.499992,0.499996,0.499998,0.499999,0.499999,0.5,0.5,0.5,0.5,0.5,0.5,0.5
0.5,0.5,0.5,0.5,0.5,0.5,0.5,0.499999,0.499998,0.499996,0.499992,0.499985,0.499973,0.499953,0.49992,0.499868,0.499789,0.499674,0.499512,0.499292,0.499004,0.498639,0.498196,0.497677,0.497096,0.496472,0.495835,0.495218,0.494662,0.494204,0.493878,0.493708,0.493708,0.493878,0.494204,0.494662,0.495218,0.495835,0.496472,0.497096,0.497677,0.498196,0.498639,0.499004,0.499292,0.499512,0.499674,0.499789,0.499868,0.49992,0.499953,0.499973,0.499985,0.499992,0.499996,0.499998,0.499999,0.5,0.5,0.5,0.5,0.5,0.5,0.5
0.5,0.5,0.5,0.5,0.5,0.5,0.499999,0.499998,0.499996,0.499993,0.499986,0.499973,0.499951,0.499915,0.499856,0.499764,0.499625,0.499423,0.49914,0.498757,0.498257,0.497628,0.496867,0.495981,0.49499,0.493931,0.492853,0.491813,0.490877,0.490107,0.48956,0.489275,0.489275,0.48956,0.490107,0.490877,0.491813,0.492853,0.493931,0.49499,0.495981,0.496867,0.497628,0.498257,0.498757,0.49914,0.499423,0.499625,0.499764,0.499856,0.499915,0.499951,0.499973,0.499986,0.499993,0.499996,0.499998,0.499999,0.5,0.5,0.5,0.5,0.5,0.5
0.5,0.5,0.5,0.5,0.5,0.499999,0.499998,0.499997,0.499993,0.499987,0.499975,0.499953,0.499915,0.499852,0.49975,0.499592,0.499356,0.499013,0.498534,0.49789,0.497053,0.496005,0.494741,0.493277,0.491648,0.489913,0.488151,0.486458,0.484938,0.483691,0.482805,0.482345,0.482345,0.482805,0.483691,0.484938,0.486458,0.488151,0.489913,0.491648,0.493277,0.494741,0.496005,0.497053,0.49789,0.498534,0.499013,0.499356,0.499592,0.49975,0.499852,0.499915,0.499953,0.499975,0.499987,0.499993,0.499997,0.499998,0.499999,0.5,0.5,0.5,0.5,0.5
0.5,0.5,0.5,0.5,0.499999,0.499999,0.499997,0.499994,0.499989,0.499977,0.499957,0.49992,0.499856,0.49975,0.499581,0.499319,0.498928,0.498364,0.497582,0.496533,0.495178,0.493489,0.491464,0.489128,0.486539,0.483793,0.481016,0.478356,0.475975,0.474025,0.472643,0.471925,0.471925,0.472643,0.474025,0.475975,0.478356,0.481016,0.483793,0.486539,0.489128,0.491464,0.493489,0.495178,0.496533,0.497582,0.498364,0.498928,0.499319,0.499581,0.49975,0.499856,0.49992,0.499957,0.499977,0.499989,0.499994,0.499997,0.499999,0.499999,0.5,0.5,0.5,0.5
0.5,0.5,0.5,0.5,0.499999,0.499998,0.499996,0.499991,0.499981,0.499962,0.499928,0.499868,0.499764,0.499592,0.499319,0.498898,0.498272,0.497377,0.496138,0.494488,0.492365,0.489735,0.486596,0.482993,0.479019,0.474823,0.470596,0.466563,0.462962,0.460022,0.457941,0.456862,0.456862,0.457941,0.460022,0.462962,0.466563,0.470596,0.474823,0.479019,0.482993,0.486596,0.489735,0.492365,0.494488,0.496138,0.497377,0.498272,0.498898,0.499319,0.499592,0.499764,0.499868,0.499928,0.499962,0.499981,0.499991,0.499996,0.499998,0.499999,0.5,0.5,0.5,0.5
0.5,0.5,0.5,0.499999,0.499999,0.499997,0.499993,0.499985,0.499969,0.49994,0.499885,0.499789,0.499625,0.499356,0.498928,0.498272,0.497304,0.495925,0.494028,0.491513,0.488297,0.484334,0.47963,0.474257,0.468362,0.462166,0.455953,0.450048,0.444794,0.440516,0.437493,0.435928,0.435928,0.437493,0.440516,0.444794,0.450048,0.455953,0.462166,0.468362,0.474257,0.47963,0.484334,0.488297,0.491513,0.494028,0.495925,0.497304,0.498272,0.498928,0.499356,0.499625,0.499789,0.499885,0.49994,0.499969,0.499985,0.499993,0.499997,0.499999,0.499999,0.5,0.5,0.5
0.5,0.5,0.5,0.499999,0.499998,0.499995,0.499989,0.499976,0.499952,0.499906,0.499822,0.499674,0.499423,0.499013,0.498364,0.497377,0.495925,0.493867,0.491053,0.487343,0.482626,0.476846,0.470024,0.462276,0.453821,0.444981,0.436157,0.427807,0.420404,0.414395,0.410158,0.407967,0.407967,0.410158,0.414395,0.420404,0.427807,0.436157,0.444981,0.453821,0.462276,0.470024,0.476846,0.482626,0.487343,0.491053,0.493867,0.495925,0.497377,0.498364,0.499013,0.499423,0.499674,0.499822,0.499906,0.499952,0.499976,0.499989,0.499995,0.499998,0.499999,0.5,0.5,0.5
0.5,0.5,0.499999,0.499998,0.499996,0.499992,0.499983,0.499964,0.499927,0.499858,0.499732,0.499512,0.49914,0.498534,0.497582,0.496138,0.494028,0.491053,0.487009,0.481707,0.475005,0.466843,0.457266,0.446453,0.434723,0.422524,0.410412,0.399003,0.388929,0.380779,0.375047,0.372087,0.372087,0.375047,0.380779,0.388929,0.399003,0.410412,0.422524,0.434723,0.446453,0.457266,0.466843,0.475005,0.481707,0.487009,0.491053,0.494028,0.496138,0.497582,0.498534,0.49914,0.499512,0.499732,0.499858,0.499927,0.499964,0.499983,0.499992,0.499996,0.499998,0.499999,0.5,0.5
0.499999,0.499999,0.499999,0.499998,0.499995,0.499988,0.499974,0.499947,0.499893,0.499792,0.49961,0.499292,0.498757,0.49789,0.496533,0.494488,0.491513,0.487343,0.481707,0.474361,0.465134,0.453964,0.440941,0.42633,0.410576,0.394291,0.37821,0.363141,0.349895,0.339217,0.331727,0.327867,0.327867,0.331727,0.339217,0.349895,0.363141,0.37821,0.394291,0.410576,0.42633,0.440941,0.453964,0.465134,0.474361,0.481707,0.487343,0.491513,0.494488,0.496533,0.49789,0.498757,0.499292,0.49961,0.499792,0.499893,0.499947,0.499974,0.499988,0.499995,0.499998,0.499999,0.499999,0.499999
0.499999,0.499999,0.499999,0.499997,0.499992,0.499983,0.499963,0.499924,0.499848,0.499706,0.499449,0.499004,0.498257,0.497053,0.495178,0.492365,0.488297,0.482626,0.475005,0.465134,0.452811,0.43799,0.420823,0.401689,0.381194,0.360142,0.33948,0.320226,0.303383,0.289861,0.280405,0.275541,0.275541,0.280405,0.289861,0.303383,0.320226,0.33948,0.360142,0.381194,0.401689,0.420823,0.43799,0.452811,0.465134,0.475005,0.482626,0.488297,0.492365,0.495178,0.497053,0.498257,0.499004,0.499449,0.499706,0.499848,0.499924,0.499963,0.499983,0.499992,0.499997,0.499999,0.499999,0.499999
0.499999,0.499999,0.499998,0.499995,0.499989,0.499976,0.499949,0.499895,0.49979,0.499595,0.499245,0.498639,0.497628,0.496005,0.493489,0.489735,0.484334,0.476846,0.466843,0.453964,0.43799,0.418904,0.396948,0.372644,0.346792,0.320417,0.2947,0.27088,0.250155,0.23359,0.222045,0.216119,0.216119,0.222045,0.23359,0.250155,0.27088,0.2947,0.320417,0.346792,0.372644,0.396948,0.418904,0.43799,0.453964,0.466843,0.476846,0.484334,0.489735,0.493489,0.496005,0.497628,0.498639,0.499245,0.499595,0.49979,0.499895,0.499949,0.499976,0.499989,0.499995,0.499998,0.499999,0.499999
0.499998,0.499998,0.499997,0.499994,0.499986,0.499968,0.499932,0.499859,0.499719,0.49946,0.498996,0.498196,0.496867,0.494741,0.491464,0.486596,0.47963,0.470024,0.457266,0.440941,0.420823,0.396948,0.369673,0.339699,0.308046,0.275985,0.244942,0.216378,0.191672,0.172023,0.158379,0.151393,0.151393,0.158379,0.172023,0.191672,0.216378,0.244942,0.275985,0.308046,0.339699,0.369673,0.396948,0.420823,0.440941,0.457266,0.470024,0.47963,0.486596,0.491464,0.494741,0.496867,0.498196,0.498996,0.49946,0.499719,0.499859,0.499932,0.499968,0.499986,0.499994,0.499997,0.499998,0.499998
0.499998,0.499998,0.499996,0.499992,0.499981,0.499958,0.499911,0.499816,0.499635,0.4993,0.498703,0.497677,0.495981,0.493277,0.489128,0.482993,0.474257,0.462276,0.446453,0.42633,0.401689,0.372644,0.339699,0.303759,0.266091,0.228227,0.191838,0.15859,0.130016,0.107414,0.0917862,0.083804,0.083804,0.0917862,0.107414,0.130016,0.15859,0.191838,0.228227,0.266091,0.303759,0.339699,0.372644,0.401689,0.42633,0.446453,0.462276,0.474257,0.482993,0.489128,0.493277,0.495981,0.497677,0.498703,0.4993,0.499635,0.499816,0.499911,0.499958,0.499981,0.499992,0.499996,0.499998,0.499998
0.499997,0.499997,0.499995,0.499989,0.499976,0.499947,0.499887,0.499768,0.49954,0.49912,0.498373,0.497096,0.49499,0.491648,0.486539,0.479019,0.468362,0.453821,0.434723,0.410576,0.381194,0.346792,0.308046,0.266091,0.222457,0.17894,0.137443,0.0998127,0.0676946,0.0424397,0.0250563,0.0162033,0.0162033,0.0250563,0.0424397,0.0676946,0.0998127,0.137443,0.17894,0.222457,0.266091,0.308046,0.346792,0.381194,0.410576,0.434723,0.453821,0.468362,0.479019,0.486539,0.491648,0.49499,0.497096,0.498373,0.49912,0.49954,0.499768,0.499887,0.499947,0.499976,0.499989,0.499995,0.499997,0.499997
0.499997,0.499997,0.499994,0.499987,0.49997,0.499934,0.499861,0.499715,0.499437,0.498925,0.498019,0.496472,0.493931,0.489913,0.483793,0.474823,0.462166,0.444981,0.422524,0.394291,0.360142,0.320417,0.275985,0.228227,0.17894,0.130175,0.0840473,0.0425433,0.00737636,-0.0201014,-0.0389218,-0.0484767,-0.0484767,-0.0389218,-0.0201014,0.00737636,0.0425433,0.0840473,0.130175,0.17894,0.228227,0.275985,0.320417,0.360142,0.394291,0.422524,0.444981,0.462166,0.474823,0.483793,0.489913,0.493931,0.496472,0.498019,0.498925,0.499437,0.499715,0.499861,0.499934,0.49997,0.499987,0.499994,0.499997,0.499997
0.499996,0.499996,0.499993,0.499984,0.499964,0.499922,0.499834,0.499661,0.499331,0.498725,0.497655,0.495835,0.492853,0.488151,0.481016,0.470596,0.455953,0.436157,0.410412,0.37821,0.33948,0.2947,0.244942,0.191838,0.137443,0.0840473,0.0339427,-0.0107822,-0.0483951,-0.077591,-0.0974847,-0.107551,-0.107551,-0.0974847,-0.077591,-0.0483951,-0.0107822,0.0339427,0.0840473,0.137443,0.191838,0.244942,0.2947,0.33948,0.37821,0.410412,0.436157,0.455953,0.470596,0.481016,0.488151,0.492853,0.495835,0.497655,0.498725,0.499331,0.499661,0.499834,0.499922,0.499964,0.499984,0.499993,0.499996,0.499996
0.499996,0.499996,0.499992,0.499982,0.499958,0.499909,0.499808,0.499608,0.499227,0.498531,0.497303,0.495218,0.491813,0.486458,0.478356,0.466563,0.450048,0.427807,0.399003,0.363141,0.320226,0.27088,0.216378,0.15859,0.0998127,0.0425433,-0.0107822,-0.0580144,-0.0974426,-0.127846,-0.148454,-0.158846,-0.158846,-0.148454,-0.127846,-0.0974426,-0.0580144,-0.0107822,0.0425433,0.0998127,0.15859,0.216378,0.27088,0.320226,0.363141,0.399003,0.427807,0.450048,0.466563,0.478356,0.486458,0.491813,0.495218,0.497303,0.498531,0.499227,0.499608,0.499808,0.499909,0.499958,0.499982,0.499992,0.499996,0.499996
0.499995,0.499995,0.499991,0.499979,0.499953,0.499898,0.499784,0.49956,0.499134,0.498355,0.496984,0.494662,0.490877,0.484938,0.475975,0.462962,0.444794,0.420404,0.388929,0.349895,0.303383,0.250155,0.191672,0.130016,0.0676946,0.00737636,-0.0483951,-0.0974426,-0.138104,-0.169263,-0.190277,-0.200838,-0.200838,-0.190277,-0.169263,-0.138104,-0.0974426,-0.0483951,0.00737636,0.0676946,0.130016,0.191672,0.250155,0.303383,0.349895,0.388929,0.420404,0.444794,0.462962,0.475975,0.484938,0.490877,0.494662,0.496984,0.498355,0.499134,0.49956,0.499784,0.499898,0.499953,0.499979,0.499991,0.499995,0.499995
0.499994,0.499994,0.49999,0.499977,0.499949,0.499888,0.499764,0.499519,0.499056,0.498209,0.496721,0.494204,0.490107,0.483691,0.474025,0.460022,0.440516,0.414395,0.380779,0.339217,0.289861,0.23359,0.172023,0.107414,0.0424397,-0.0201014,-0.077591,-0.127846,-0.169263,-0.20083,-0.222026,-0.232649,-0.232649,-0.222026,-0.20083,-0.169263,-0.127846,-0.077591,-0.0201014,0.0424397,0.107414,0.172023,0.23359,0.289861,0.339217,0.380779,0.414395,0.440516,0.460022,0.474025,0.483691,0.490107,0.494204,0.496721,0.498209,0.499056,0.499519,0.499764,0.499888,0.499949,0.499977,0.49999,0.499994,0.499994
0.499994,0.499994,0.499989,0.499976,0.499946,0.499881,0.49975,0.499491,0.499,0.498105,0.496534,0.493878,0.48956,0.482805,0.472643,0.457941,0.437493,0.410158,0.375047,0.331727,0.280405,0.222045,0.158379,0.0917862,0.0250563,-0.0389218,-0.0974847,-0.148454,-0.190277,-0.222026,-0.243274,-0.2539,-0.2539,-0.243274,-0.222026,-0.190277,-0.148454,-0.0974847,-0.0389218,0.0250563,0.0917862,0.158379,0.222045,0.280405,0.331727,0.375047,0.410158,0.437493,0.457941,0.472643,0.482805,0.48956,0.493878,0.496534,0.498105,0.499,0.499491,0.49975,0.499881,0.499946,0.499976,0.499989,0.499994,0.499994
0.499994,0.499994,0.499989,0.499975,0.499944,0.499878,0.499742,0.499476,0.498971,0.498051,0.496436,0.493708,0.489275,0.482345,0.471925,0.456862,0.435928,0.407967,0.372087,0.327867,0.275541,0.216119,0.151393,0.083804,0.0162033,-0.0484767,-0.107551,-0.158846,-0.200838,-0.232649,-0.2539,-0.264514,-0.264514,-0.2539,-0.232649,-0.200838,-0.158846,-0.107551,-0.0484767,0.0162033,0.083804,0.151393,0.216119,0.275541,0.327867,0.372087,0.407967,0.435928,0.456862,0.471925,0.482345,0.489275,0.493708,0.496436,0.498051,0.498971,0.499476,0.499742,0.499878,0.499944,0.499975,0.499989,0.499994,0.499994
0.499994,0.499994,0.499989,0.499975,0.499944,0.499878,0.499742,0.499476,0.498971,0.498051,0.496436,0.493708,0.489275,0.482345,0.471925,0.456862,0.435928,0.407967,0.372087,0.327867,0.275541,0.216119,0.151393,0.083804,0.0162033,-0.0484767,-0.107551,-0.158846,-0.200838,-0.232649,-0.2539,-0.264514,-0.264514,-0.2539,-0.232649,-0.200838,-0.158846,-0.107551,-0.0484767,0.0162033,0.083804,0.151393,0.216119,0.275541,0.327867,0.372087,0.407967,0.435928,0.456862,0.471925,0.482345,0.489275,0.493708,0.496436,0.498051,0.498971,0.499476,0.499742,0.499878,0.499944,0.499975,0.499989,0.499994,0.499994
0.499994,0.499994,0.499989,0.499976,0.499946,0.499881,0.49975,0.499491,0.499,0.498105,0.496534,0.493878,0.48956,0.482805,0.472643,0.457941,0.437493,0.410158,0.375047,0.331727,0.280405,0.222045,0.158379,0.0917862,0.0250563,-0.0389218,-0.0974847,-0.148454,-0.190277,-0.222026,-0.243274,-0.2539,-0.2539,-0.243274,-0.222026,-0.190277,-0.148454,-0.0974847,-0.0389218,0.0250563,0.0917862,0.158379,0.222045,0.280405,0.331727,0.375047,0.410158,0.437493,0.457941,0.472643,0.482805,0.48956,0.493878,0.496534,0.498105,0.499,0.499491,0.49975,0.499881,0.499946,0.499976,0.499989,0.499994,0.499994
0.499994,0.499994,0.49999,0.499977,0.499949,0.499888,0.499764,0.499519,0.499056,0.498209,0.496721,0.494204,0.490107,0.483691,0.474025,0.460022,0.440516,0.414395,0.380779,0.339217,0.289861,0.23359,0.172023,0.107414,0.0424397,-0.0201014,-0.077591,-0.127846,-0.169263,-0.20083,-0.222026,-0.232649,-0.232649,-0.222026,-0.20083,-0.169263,-0.127846,-0.077591,-0.0201014,0.0424397,0.107414,0.172023,0.23359,0.289861,0.339217,0.380779,0.414395,0.440516,0.460022,0.474025,0.483691,0.490107,0.494204,0.496721,0.498209,0.499056,0.499519,0.499764,0.499888,0.499949,0.499977,0.49999,0.499994,0.499994
0.499995,0.499995,0.499991,0.499979,0.499953,0.499898,0.499784,0.49956,0.499134,0.498355,0.496984,0.494662,0.490877,0.484938,0.475975,0.462962,0.444794,0.420404,0.388929,0.349895,0.303383,0.250155,0.191672,0.130016,0.0676946,0.00737636,-0.0483951,-0.0974426,-0.138104,-0.169263,-0.190277,-0.200838,-0.200838,-0.190277,-0.169263,-0.138104,-0.0974426,-0.0483951,0.00737636,0.0676946,0.130016,0.191672,0.250155,0.303383,0.349895,0.388929,0.420404,0.444794,0.462962,0.475975,0.484938,0.490877,0.494662,0.496984,0.498355,0.499134,0.49956,0.499784,0.499898,0.499953,0.499979,0.499991,0.499995,0.499995
0.499996,0.499996,0.499992,0.499982,0.499958,0.499909,0.499808,0.499608,0.499227,0.498531,0.497303,0.495218,0.491813,0.486458,0.478356,0.466563,0.450048,0.427807,0.399003,0.363141,0.320226,0.27088,0.216378,0.15859,0.0998127,0.0425433,-0.0107822,-0.0580144,-0.0974426,-0.127846,-0.148454,-0.158846,-0.158846,-0.148454,-0.127846,-0.0974426,-0.0580144,-0.0107822,0.0425433,0.0998127,0.15859,0.216378,0.27088,0.320226,0.363141,0.399003,0.427807,0.450048,0.466563,0.478356,0.486458,0.491813,0.495218,0.497303,0.498531,0.499227,0.499608,0.499808,0.499909,0.499958,0.499982,0.499992,0.499996,0.499996
0.499996,0.499996,0.499993,0.499984,0.499964,0.499922,0.499834,0.499661,0.499331,0.498725,0.497655,0.495835,0.492853,0.488151,0.481016,0.470596,0.455953,0.436157,0.410412,0.37821,0.33948,0.2947,0.244942,0.191838,0.137443,0.0840473,0.0339427,-0.0107822,-0.0483951,-0.077591,-0.0974847,-0.107551,-0.107551,-0.0974847,-0.077591,-0.0483951,-0.0107822,0.0339427,0.0840473,0.137443,0.191838,0.244942,0.2947,0.33948,0.37821,0.410412,0.436157,0.455953,0.470596,0.481016,0.488151,0.492853,0.495835,0.497655,0.498725,0.499331,0.499661,0.499834,0.499922,0.499964,0.499984,0.499993,0.499996,0.499996
0.499997,0.499997,0.499994,0.499987,0.49997,0.499934,0.499861,0.499715,0.499437,0.498925,0.498019,0.496472,0.493931,0.489913,0.483793,0.474823,0.462166,0.444981,0.422524,0.394291,0.360142,0.320417,0.275985,0.228227,0.17894,0.130175,0.0840473,0.0425433,0.00737636,-0.0201014,-0.0389218,-0.0484767,-0.0484767,-0.0389218,-0.0201014,0.00737636,0.0425433,0.0840473,0.130175,0.17894,0.228227,0.275985,0.320417,0.360142,0.394291,0.422524,0.444981,0.462166,0.474823,0.483793,0.489913,0.493931,0.496472,0.498019,0.498925,0.499437,0.499715,0.499861,0.499934,0.49997,0.499987,0.499994,0.499997,0.499997
0.499997,0.499997,0.499995,0.499989,0.499976,0.499947,0.499887,0.499768,0.49954,0.49912,0.498373,0.497096,0.49499,0.491648,0.486539,0.479019,0.468362,0.453821,0.434723,0.410576,0.381194,0.346792,0.308046,0.266091,0.222457,0.17894,0.137443,0.0998127,0.0676946,0.0424397,0.0250563,0.0162033,0.0162033,0.0250563,0.0424397,0.0676946,0.0998127,0.137443,0.17894,0.222457,0.266091,0.308046,0.346792,0.381194,0.410576,0.434723,0.453821,0.468362,0.479019,0.486539,0.491648,0.49499,0.497096,0.498373,0.49912,0.49954,0.499768,0.499887,0.499947,0.499976,0.499989,0.499995,0.499997,0.499997
0.499998,0.499998,0.499996,0.499992,0.499981,0.499958,0.499911,0.499816,0.499635,0.4993,0.498703,0.497677,0.495981,0.493277,0.489128,0.482993,0.474257,0.462276,0.446453,0.42633,0.401689,0.372644,0.339699,0.303759,0.266091,0.228227,0.191838,0.15859,0.130016,0.107414,0.0917862,0.083804,0.083804,0.0917862,0.107414,0.130016,0.15859,0.191838,0.228227,0.266091,0.303759,0.339699,0.372644,0.401689,0.42633,0.446453,0.462276,0.474257,0.482993,0.489128,0.493277,0.495981,0.497677,0.498703,0.4993,0.499635,0.499816,0.499911,0.499958,0.499981,0.499992,0.499996,0.499998,0.499998
0.499998,0.499998,0.499997,0.499994,0.499986,0.499968,0.499932,0.499859,0.499719,0.49946,0.498996,0.498196,0.496867,0.494741,0.491464,0.486596,0.47963,0.470024,0.457266,0.440941,0.420823,0.396948,0.369673,0.339699,0.308046,0.275985,0.244942,0.216378,0.191672,0.172023,0.158379,0.151393,0.151393,0.158379,0.172023,0.191672,0.216378,0.244942,0.275985,0.308046,0.339699,0.369673,0.396948,0.420823,0.440941,0.457266,0.470024,0.47963,0.486596,0.491464,0.494741,0.496867,0.498196,0.498996,0.49946,0.499719,0.499859,0.499932,0.499968,0.499986,0.499994,0.499997,0.499998,0.499998
0.499999,0.499999,0.499998,0.499995,0.499989,0.499976,0.499949,0.499895,0.49979,0.499595,0.499245,0.498639,0.497628,0.496005,0.493489,0.489735,0.484334,0.476846,0.466843,0.453964,0.43799,0.418904,0.396948,0.372644,0.346792,0.320417,0.2947,0.27088,0.250155,0.23359,0.222045,0.216119,0.216119,0.222045,0.23359,0.250155,0.27088,0.2947,0.320417,0.346792,0.372644,0.396948,0.418904,0.43799,0.453964,0.466843,0.476846,0.484334,0.489735,0.493489,0.496005,0.497628,0.498639,0.499245,0.499595,0.49979,0.499895,0.499949,0.499976,0.499989,0.499995,0.499998,0.499999,0.499999
0.499999,0.499999,0.499999,0.499997,0.499992,0.499983,0.499963,0.499924,0.499848,0.499706,0.499449,0.499004,0.498257,0.497053,0.495178,0.492365,0.488297,0.482626,0.475005,0.465134,0.452811,0.43799,0.420823,0.401689,0.381194,0.360142,0.33948,0.320226,0.303383,0.289861,0.280405,0.275541,0.275541,0.280405,0.289861,0.303383,0.320226,0.33948,0.360142,0.381194,0.401689,0.420823,0.43799,0.452811,0.465134,0.475005,0.482626,0.488297,0.492365,0.495178,0.497053,0.498257,0.499004,0.499449,0.499706,0.499848,0.499924,0.499963,0.499983,0.499992,0.499997,0.499999,0.499999,0.499999
0.499999,0.499999,0.499999,0.499998,0.499995,0.499988,0.499974,0.499947,0.499893,0.499792,0.49961,0.499292,0.498757,0.49789,0.496533,0.494488,0.491513,0.487343,0.481707,0.474361,0.465134,0.453964,0.440941,0.42633,0.410576,0.394291,0.37821,0.363141,0.349895,0.339217,0.331727,0.327867,0.327867,0.331727,0.339217,0.349895,0.363141,0.37821,0.394291,0.410576,0.42633,0.440941,0.453964,0.465134,0.474361,0.481707,0.487343,0.491513,0.494488,0.496533,0.49789,0.498757,0.499292,0.49961,0.499792,0.499893,0.499947,0.499974,0.499988,0.499995,0.499998,0.499999,0.499999,0.499999
0.5,0.5,0.499999,0.499998,0.499996,0.499992,0.499983,0.499964,0.499927,0.499858,0.499732,0.499512,0.49914,0.498534,0.497582,0.496138,0.494028,0.491053,0.487009,0.481707,0.475005,0.466843,0.457266,0.446453,0.434723,0.422524,0.410412,0.399003,0.388929,0.380779,0.375047,0.372087,0.372087,0.375047,0.380779,0.388929,0.399003,0.410412,0.422524,0.434723,0.446453,0.457266,0.466843,0.475005,0.481707,0.487009,0.491053,0.494028,0.496138,0.497582,0.498534,0.49914,0.499512,0.499732,0.499858,0.499927,0.499964,0.499983,0.499992,0.499996,0.499998,0.499999,0.5,0.5
0.5,0.5,0.5,0.499999,0.499998,0.499995,0.499989,0.499976,0.499952,0.499906,0.499822,0.499674,0.499423,0.499013,0.498364,0.497377,0.495925,0.493867,0.491053,0.487343,0.482626,0.476846,0.470024,0.462276,0.453821,0.444981,0.436157,0.427807,0.420404,0.414395,0.410158,0.407967,0.407967,0.410158,0.414395,0.420404,0.427807,0.436157,0.444981,0.453821,0.462276,0.470024,0.476846,0.482626,0.487343,0.491053,0.493867,0.495925,0.497377,0.498364,0.499013,0.499423,0.499674,0.499822,0.499906,0.499952,0.499976,0.499989,0.499995,0.499998,0.499999,0.5,0.5,0.5
0.5,0.5,0.5,0.499999,0.499999,0.499997,0.499993,0.499985,0.499969,0.49994,0.499885,0.499789,0.499625,0.499356,0.498928,0.498272,0.497304,0.495925,0.494028,0.491513,0.488297,0.484334,0.47963,0.474257,0.468362,0.462166,0.455953,0.450048,0.444794,0.440516,0.437493,0.435928,0.435928,0.437493,0.440516,0.444794,0.450048,0.455953,0.462166,0.468362,0.474257,0.47963,0.484334,0.488297,0.491513,0.494028,0.495925,0.497304,0.498272,0.498928,0.499356,0.499625,0.499789,0.499885,0.49994,0.499969,0.499985,0.499993,0.499997,0.499999,0.499999,0.5,0.5,0.5
0.5,0.5,0.5,0.5,0.499999,0.499998,0.499996,0.499991,0.499981,0.499962,0.499928,0.499868,0.499764,0.499592,0.499319,0.498898,0.498272,0.497377,0.496138,0.494488,0.492365,0.489735,0.486596,0.482993,0.479019,0.474823,0.470596,0.466563,0.462962,0.460022,0.457941,0.456862,0.456862,0.457941,0.460022,0.462962,0.466563,0.470596,0.474823,0.479019,0.482993,0.486596,0.489735,0.492365,0.494488,0.496138,0.497377,0.498272,0.498898,0.499319,0.499592,0.499764,0.499868,0.499928,0.499962,0.499981,0.499991,0.499996,0.499998,0.499999,0.5,0.5,0.5,0.5
0.5,0.5,0.5,0.5,0.499999,0.499999,0.499997,0.499994,0.499989,0.499977,0.499957,0.49992,0.499856,0.49975,0.499581,0.499319,0.498928,0.498364,0.497582,0.496533,0.495178,0.493489,0.491464,0.489128,0.486539,0.483793,0.481016,0.478356,0.475975,0.474025,0.472643,0.471925,0.471925,0.472643,0.474025,0.475975,0.478356,0.481016,0.483793,0.486539,0.489128,0.491464,0.493489,0.495178,0.496533,0.497582,0.498364,0.498928,0.499319,0.499581,0.49975,0.499856,0.49992,0.499957,0.499977,0.499989,0.499994,0.499997,0.499999,0.499999,0.5,0.5,0.5,0.5
0.5,0.5,0.5,0.5,0.5,0.499999,0.499998,0.499997,0.499993,0.499987,0.499975,0.499953,0.499915,0.499852,0.49975,0.499592,0.499356,0.499013,0.498534,0.49789,0.497053,0.496005,0.494741,0.493277,0.491648,0.489913,0.488151,0.486458,0.484938,0.483691,0.482805,0.482345,0.482345,0.482805,0.483691,0.484938,0.486458,0.488151,0.489913,0.491648,0.493277,0.494741,0.496005,0.497053,0.49789,0.498534,0.499013,0.499356,0.499592,0.49975,0.499852,0.499915,0.499953,0.499975,0.499987,0.499993,0.499997,0.499998,0.499999,0.5,0.5,0.5,0.5,0.5
0.5,0.5,0.5,0.5,0.5,0.5,0.499999,0.499998,0.499996,0.499993,0.499986,0.499973,0.499951,0.499915,0.499856,0.499764,0.499625,0.499423,0.49914,0.498757,0.498257,0.497628,0.496867,0.495981,0.49499,0.493931,0.492853,0.491813,0.490877,0.490107,0.48956,0.489275,0.489275,0.48956,0.490107,0.490877,0.491813,0.492853,0.493931,0.49499,0.495981,0.496867,0.497628,0.498257,0.498757,0.49914,0.499423,0.499625,0.499764,0.499856,0.499915,0.499951,0.499973,0.499986,0.499993,0.499996,0.499998,0.499999,0.5,0.5,0.5,0.5,0.5,0.5
0.5,0.5,0.5,0.5,0.5,0.5,0.5,0.499999,0.499998,0.499996,0.499992,0.499985,0.499973,0.499953,0.49992,0.499868,0.499789,0.499674,0.499512,0.499292,0.499004,0.498639,0.498196,0.497677,0.497096,0.496472,0.495835,0.495218,0.494662,0.494204,0.493878,0.493708,0.493708,0.493878,0.494204,0.494662,0.495218,0.495835,0.496472,0.497096,0.497677,0.498196,0.498639,0.499004,0.499292,0.499512,0.499674,0.499789,0.499868,0.49992,0.499953,0.499973,0.499985,0.499992,0.499996,0.499998,0.499999,0.5,0.5,0.5,0.5,0.5,0.5,0.5
0.5,0.5,0.5,0.5,0.5,0.5,0.5,0.499999,0.499999,0.499998,0.499996,0.499992,0.499986,0.499975,0.499957,0.499928,0.499885,0.499822,0.499732,0.49961,0.499449,0.499245,0.498996,0.498703,0.498373,0.498019,0.497655,0.497303,0.496984,0.496721,0.496534,0.496436,0.496436,0.496534,0.496721,0.496984,0.497303,0.497655,0.498019,0.498373,0.498703,0.498996,0.499245,0.499449,0.49961,0.499732,0.499822,0.499885,0.499928,0.499957,0.499975,0.499986,0.499992,0.499996,0.499998,0.499999,0.499999,0.5,0.5,0.5,0.5,0.5,0.5,0.5
0.5,0.5,0.5,0.5,0.5,0.5,0.5,0.5,0.499999,0.499999,0.499998,0.499996,0.499993,0.499987,0.499977,0.499962,0.49994,0.499906,0.499858,0.499792,0.499706,0.499595,0.49946,0.4993,0.49912,0.498925,0.498725,0.498531,0.498355,0.498209,0.498105,0.498051,0.498051,0.498105,0.498209,0.498355,0.498531,0.498725,0.498925,0.49912,0.4993,0.49946,0.499595,0.499706,0.499792,0.499858,0.499906,0.49994,0.499962,0.499977,0.499987,0.499993,0.499996,0.499998,0.499999,0.499999,0.5,0.5,0.5,0.5,0.5,0.5,0.5,0.5
0.5,0.5,0.5,0.5,0.5,0.5,0.5,0.5,0.5,0.499999,0.499999,0.499998,0.499996,0.499993,0.499989,0.499981,0.499969,0.499952,0.499927,0.499893,0.499848,0.49979,0.499719,0.499635,0.49954,0.499437,0.499331,0.499227,0.499134,0.499056,0.499,0.498971,0.498971,0.499,0.499056,0.499134,0.499227,0.499331,0.499437,0.49954,0.499635,0.499719,0.49979,0.499848,0.499893,0.499927,0.499952,0.499969,0.499981,0.499989,0.499993,0.499996,0.499998,0.499999,0.499999,0.5,0.5,0.5,0.5,0.5,0.5,0.5,0.5,0.5
0.5,0.5,0.5,0.5,0.5,0.5,0.5,0.5,0.5,0.5,0.499999,0.499999,0.499998,0.499997,0.499994,0.499991,0.499985,0.499976,0.499964,0.499947,0.499924,0.499895,0.499859,0.499816,0.499768,0.499715,0.499661,0.499608,0.49956,0.499519,0.499491,0.499476,0.499476,0.499491,0.499519,0.49956,0.499608,0.499661,0.499715,0.499768,0.499816,0.499859,0.499895,0.499924,0.499947,0.499964,0.499976,0.499985,0.499991,0.499994,0.499997,0.499998,0.499999,0.499999,0.5,0.5,0.5,0.5,0.5,0.5,0.5,0.5,0.5,0.5
0.5,0.5,0.5,0.5,0.5,0.5,0.5,0.5,0.5,0.5,0.5,0.5,0.499999,0.499998,0.499997,0.499996,0.499993,0.499989,0.499983,0.499974,0.499963,0.499949,0.499932,0.499911,0.499887,0.499861,0.499834,0.499808,0.499784,0.499764,0.49975,0.499742,0.499742,0.49975,0.499764,0.499784,0.499808,0.499834,0.499861,0.499887,0.499911,0.499932,0.499949,0.499963,0.499974,0.499983,0.499989,0.499993,0.499996,0.499997,0.499998,0.499999,0.5,0.5,0.5,0.5,0.5,0.5,0.5,0.5,0.5,0.5,0.5,0.5
0.5,0.5,0.5,0.5,0.5,0.5,0.5,0.5,0.5,0.5,0.5,0.5,0.5,0.499999,0.499999,0.499998,0.499997,0.499995,0.499992,0.499988,0.499983,0.499976,0.499968,0.499958,0.499947,0.499934,0.499922,0.499909,0.499898,0.499888,0.499881,0.499878,0.499878,0.499881,0.499888,0.499898,0.499909,0.499922,0.499934,0.499947,0.499958,0.499968,0.499976,0.499983,0.499988,0.499992,0.499995,0.499997,0.499998,0.499999,0.499999,0.5,0.5,0.5,0.5,0.5,0.5,0.5,0.5,0.5,0.5,0.5,0.5,0.5
0.5,0.5,0.5,0.5,0.5,0.5,0.5,0.5,0.5,0.5,0.5,0.5,0.5,0.5,0.499999,0.499999,0.499999,0.499998,0.499996,0.499995,0.499992,0.499989,0.499986,0.499981,0.499976,0.49997,0.499964,0.499958,0.499953,0.499949,0.499946,0.499944,0.499944,0.499946,0.499949,0.499953,0.499958,0.499964,0.49997,0.499976,0.499981,0.499986,0.499989,0.499992,0.499995,0.499996,0.499998,0.499999,0.499999,0.499999,0.5,0.5,0.5,0.5,0.5,0.5,0.5,0.5,0.5,0.5,0.5,0.5,0.5,0.5
0.5,0.5,0.5,0.5,0.5,0.5,0.5,0.5,0.5,0.5,0.5,0.5,0.5,0.5,0.5,0.5,0.499999,0.499999,0.499998,0.499998,0.499997,0.499995,0.499994,0.499992,0.499989,0.499987,0.499984,0.499982,0.499979,0.499977,0.499976,0.499975,0.499975,0.499976,0.499977,0.499979,0.499982,0.499984,0.499987,0.499989,0.499992,0.499994,0.499995,0.499997,0.499998,0.499998,0.499999,0.499999,0.5,0.5,0.5,0.5,0.5,0.5,0.5,0.5,0.5,0.5,0.5,0.5,0.5,0.5,0.5,0.5
0.5,0.5,0.5,0.5,0.5,0.5,0.5,0.5,0.5,0.5,0.5,0.5,0.5,0.5,0.5,0.5,0.5,0.5,0.499999,0.499999,0.499999,0.499998,0.499997,0.499996,0.499995,0.499994,0.499993,0.499992,0.499991,0.49999,0.499989,0.499989,0.499989,0.499989,0.49999,0.499991,0.499992,0.499993,0.499994,0.499995,0.499996,0.499997,0.499998,0.499999,0.499999,0.499999,0.5,0.5,0.5,0.5,0.5,0.5,0.5,0.5,0.5,0.5,0.5,0.5,0.5,0.5,0.5,0.5,0.5,0.5
0.5,0.5,0.5,0.5,0.5,0.5,0.5,0.5,0.5,0.5,0.5,0.5,0.5,0.5,0.5,0.5,0.5,0.5,0.5,0.499999,0.499999,0.499999,0.499998,0.499998,0.499997,0.499997,0.499996,0.499996,0.499995,0.499994,0.499994,0.499994,0.499994,0.499994,0.499994,0.499995,0.499996,0.499996,0.499997,0.499997,0.499998,0.499998,0.499999,0.499999,0.499999,0.5,0.5,0.5,0.5,0.5,0.5,0.5,0.5,0.5,0.5,0.5,0.5,0.5,0.5,0.5,0.5,0.5,0.5,0.5
0.5,0.5,0.5,0.5,0.5,0.5,0.5,0.5,0.5,0.5,0.5,0.5,0.5,0.5,0.5,0.5,0.5,0.5,0.5,0.499999,0.499999,0.499999,0.499998,0.499998,0.499997,0.499997,0.499996,0.499996,0.499995,0.499994,0.499994,0.499994,0.499994,0.499994,0.499994,0.499995,0.499996,0.499996,0.499997,0.499997,0.499998,0.499998,0.499999,0.499999,0.499999,0.5,0.5,0.5,0.5,0.5,0.5,0.5,0.5,0.5,0.5,0.5,0.5,0.5,0.5,0.5,0.5,0.5,0.5,0.5
