0.5,0.5,0.5,0.5,0.5,0.5,0.5,0.5,0.5,0.5,0.499999,0.499999,0.499998,0.499996,0.499993,0.49999,0.499985,0.499977,0.499968,0.499955,0.499939,0.499919,0.499896,0.49987,0.499841,0.499811,0.49978,0.499751,0.499726,0.499704,0.49969,0.499682,0.499682,0.49969,0.499704,0.499726,0.499751,0.49978,0.499811,0.499841,0.49987,0.499896,0.499919,0.499939,0.499955,0.499968,0.499977,0.499985,0.49999,0.499993,0.499996,0.499998,0.499999,0.499999,0.5,0.5,0.5,0.5,0.5,0.5,0.5,0.5,0.5,0.5
0.5,0.5,0.5,0.5,0.5,0.5,0.5,0.5,0.5,0.5,0.499999,0.499999,0.499998,0.499996,0.499993,0.49999,0.499985,0.499977,0.499968,0.499955,0.499939,0.499919,0.499896,0.49987,0.499841,0.499811,0.49978,0.499751,0.499726,0.499704,0.49969,0.499682,0.499682,0.49969,0.499704,0.499726,0.499751,0.49978,0.499811,0.499841,0.49987,0.499896,0.499919,0.499939,0.499955,0.499968,0.499977,0.499985,0.49999,0.499993,0.499996,0.499998,0.499999,0.499999,0.5,0.5,0.5,0.5,0.5,0.5,0.5,0.5,0.5,0.5
0.5,0.5,0.5,0.5,0.5,0.5,0.5,0.5,0.5,0.499999,0.499999,0.499998,0.499996,0.499993,0.49999,0.499984,0.499976,0.499964,0.499949,0.499929,0.499905,0.499875,0.499839,0.499799,0.499756,0.49971,0.499665,0.499621,0.499583,0.499551,0.499529,0.499517,0.499517,0.499529,0.499551,0.499583,0.499621,0.499665,0.49971,0.499756,0.499799,0.499839,0.499875,0.499905,0.499929,0.499949,0.499964,0.499976,0.499984,0.49999,0.499993,0.499996,0.499998,0.499999,0.499999,0.5,0.5,0.5,0.5,0.5,0.5,0.5,0.5,0.5
0.5,0.5,0.5,0.5,0.5,0.5,0.5,0.5,0.499999,0.499998,0.499997,0.499995,0.499992,0.499987,0.49998,0.499969,0.499954,0.499932,0.499904,0.499868,0.499823,0.499768,0.499704,0.499632,0.499553,0.499472,0.49939,0.499313,0.499245,0.499189,0.49915,0.49913,0.49913,0.49915,0.499189,0.499245,0.499313,0.49939,0.499472,0.499553,0.499632,0.499704,0.499768,0.499823,0.499868,0.499904,0.499932,0.499954,0.499969,0.49998,0.499987,0.499992,0.499995,0.499997,0.499998,0.499999,0.5,0.5,0.5,0.5,0.5,0.5,0.5,0.5
0.5,0.5,0.5,0.5,0.5,0.5,0.5,0.499999,0.499998,0.499997,0.499995,0.499991,0.499984,0.499975,0.49996,0.499939,0.499909,0.499869,0.499815,0.499747,0.499661,0.499559,0.49944,0.499306,0.499162,0.499012,0.498864,0.498723,0.498599,0.498498,0.498427,0.49839,0.49839,0.498427,0.498498,0.498599,0.498723,0.498864,0.499012,0.499162,0.499306,0.49944,0.499559,0.499661,0.499747,0.499815,0.499869,0.499909,0.499939,0.49996,0.499975,0.499984,0.499991,0.499995,0.499997,0.499998,0.499999,0.5,0.5,0.5,0.5,0.5,0.5,0.5
0.5,0.5,0.5,0.5,0.5,0.5,0.499999,0.499998,0.499997,0.499994,0.499989,0.499982,0.499969,0.499951,0.499923,0.499883,0.499827,0.499751,0.499651,0.499523,0.499366,0.499178,0.498961,0.49872,0.498459,0.49819,0.497924,0.497673,0.497452,0.497273,0.497148,0.497082,0.497082,0.497148,0.497273,0.497452,0.497673,0.497924,0.49819,0.498459,0.49872,0.498961,0.499178,0.499366,0.499523,0.499651,0.499751,0.499827,0.499883,0.499923,0.499951,0.499969,0.499982,0.499989,0.499994,0.499997,0.499998,0.499999,0.5,0.5,0.5,0.5,0.5,0.5
0.5,0.5,0.5,0.5,0.5,0.499999,0.499998,0.499996,0.499993,0.499988,0.499979,0.499965,0.499942,0.499907,0.499856,0.499782,0.499679,0.49954,0.499359,0.49913,0.498849,0.498516,0.498132,0.497707,0.497252,0.496784,0.496323,0.49589,0.495509,0.495202,0.494986,0.494874,0.494874,0.494986,0.495202,0.495509,0.49589,0.496323,0.496784,0.497252,0.497707,0.498132,0.498516,0.498849,0.49913,0.499359,0.49954,0.499679,0.499782,0.499856,0.499907,0.499942,0.499965,0.499979,0.499988,0.499993,0.499996,0.499998,0.499999,0.5,0.5,0.5,0.5,0.5
0.5,0.5,0.5,0.5,0.499999,0.499998,0.499996,0.499993,0.499988,0.499978,0.499961,0.499935,0.499893,0.49983,0.499737,0.499605,0.499422,0.499178,0.498861,0.498462,0.497976,0.497404,0.496749,0.496028,0.495259,0.494472,0.4937,0.492979,0.492346,0.491837,0.491479,0.491295,0.491295,0.491479,0.491837,0.492346,0.492979,0.4937,0.494472,0.495259,0.496028,0.496749,0.497404,0.497976,0.498462,0.498861,0.499178,0.499422,0.499605,0.499737,0.49983,0.499893,0.499935,0.499961,0.499978,0.499988,0.499993,0.499996,0.499998,0.499999,0.5,0.5,0.5,0.5
0.5,0.5,0.5,0.499999,0.499998,0.499997,0.499993,0.499988,0.499977,0.499959,0.49993,0.499883,0.499809,0.499698,0.499536,0.499307,0.498993,0.498576,0.498039,0.497368,0.496556,0.495605,0.494526,0.493342,0.492089,0.490813,0.489566,0.488406,0.487392,0.486578,0.486008,0.485714,0.485714,0.486008,0.486578,0.487392,0.488406,0.489566,0.490813,0.492089,0.493342,0.494526,0.495605,0.496556,0.497368,0.498039,0.498576,0.498993,0.499307,0.499536,0.499698,0.499809,0.499883,0.49993,0.499959,0.499977,0.499988,0.499993,0.499997,0.499998,0.499999,0.5,0.5,0.5
0.5,0.5,0.499999,0.499998,0.499997,0.499994,0.499988,0.499978,0.499959,0.499928,0.499877,0.499795,0.499669,0.49948,0.499207,0.498823,0.4983,0.497611,0.496729,0.495637,0.494325,0.492798,0.491078,0.489204,0.487232,0.485234,0.483292,0.481494,0.479928,0.478674,0.477798,0.477348,0.477348,0.477798,0.478674,0.479928,0.481494,0.483292,0.485234,0.487232,0.489204,0.491078,0.492798,0.494325,0.495637,0.496729,0.497611,0.4983,0.498823,0.499207,0.49948,0.499669,0.499795,0.499877,0.499928,0.499959,0.499978,0.499988,0.499994,0.499997,0.499998,0.499999,0.5,0.5
0.499999,0.499999,0.499999,0.499997,0.499995,0.499989,0.499979,0.499961,0.49993,0.499877,0.49979,0.499653,0.499443,0.499132,0.498684,0.498059,0.497217,0.496113,0.494714,0.492994,0.490943,0.488575,0.485926,0.48306,0.480064,0.477046,0.47413,0.471443,0.469112,0.467251,0.465955,0.465289,0.465289,0.465955,0.467251,0.469112,0.471443,0.47413,0.477046,0.480064,0.48306,0.485926,0.488575,0.490943,0.492994,0.494714,0.496113,0.497217,0.498059,0.498684,0.499132,0.499443,0.499653,0.49979,0.499877,0.49993,0.499961,0.499979,0.499989,0.499995,0.499997,0.499999,0.499999,0.499999
0.499999,0.499999,0.499998,0.499995,0.499991,0.499982,0.499965,0.499935,0.499883,0.499795,0.499653,0.499431,0.499092,0.498593,0.497881,0.496898,0.49558,0.493871,0.49172,0.489097,0.485996,0.482444,0.478502,0.474268,0.469874,0.465478,0.461254,0.457383,0.454041,0.451382,0.449534,0.448587,0.448587,0.449534,0.451382,0.454041,0.457383,0.461254,0.465478,0.469874,0.474268,0.478502,0.482444,0.485996,0.489097,0.49172,0.493871,0.49558,0.496898,0.497881,0.498593,0.499092,0.499431,0.499653,0.499795,0.499883,0.499935,0.499965,0.499982,0.499991,0.499995,0.499998,0.499999,0.499999
0.499998,0.499998,0.499996,0.499992,0.499984,0.499969,0.499942,0.499893,0.499809,0.499669,0.499443,0.499092,0.498561,0.497786,0.49669,0.495187,0.493191,0.490623,0.487421,0.483549,0.479012,0.473859,0.468189,0.462149,0.455928,0.449749,0.443851,0.438478,0.433861,0.430203,0.427668,0.426371,0.426371,0.427668,0.430203,0.433861,0.438478,0.443851,0.449749,0.455928,0.462149,0.468189,0.473859,0.479012,0.483549,0.487421,0.490623,0.493191,0.495187,0.49669,0.497786,0.498561,0.499092,0.499443,0.499669,0.499809,0.499893,0.499942,0.499969,0.499984,0.499992,0.499996,0.499998,0.499998
0.499996,0.499996,0.499993,0.499987,0.499975,0.499951,0.499907,0.49983,0.499698,0.49948,0.499132,0.498593,0.497786,0.496617,0.494978,0.49275,0.489817,0.486078,0.481457,0.475923,0.469498,0.462267,0.454382,0.446056,0.437553,0.429174,0.421234,0.414048,0.407907,0.403064,0.399719,0.398011,0.398011,0.399719,0.403064,0.407907,0.414048,0.421234,0.429174,0.437553,0.446056,0.454382,0.462267,0.469498,0.475923,0.481457,0.486078,0.489817,0.49275,0.494978,0.496617,0.497786,0.498593,0.499132,0.49948,0.499698,0.49983,0.499907,0.499951,0.499975,0.499987,0.499993,0.499996,0.499996
0.499993,0.499993,0.49999,0.49998,0.49996,0.499923,0.499856,0.499737,0.499536,0.499207,0.498684,0.497881,0.49669,0.494978,0.492596,0.48939,0.485209,0.479928,0.473465,0.465799,0.456986,0.447166,0.436563,0.425473,0.414252,0.403291,0.392988,0.383731,0.375869,0.3697,0.365455,0.363293,0.363293,0.365455,0.3697,0.375869,0.383731,0.392988,0.403291,0.414252,0.425473,0.436563,0.447166,0.456986,0.465799,0.473465,0.479928,0.485209,0.48939,0.492596,0.494978,0.49669,0.497881,0.498684,0.499207,0.499536,0.499737,0.499856,0.499923,0.49996,0.49998,0.49999,0.499993,0.499993
0.49999,0.49999,0.499984,0.499969,0.499939,0.499883,0.499782,0.499605,0.499307,0.498823,0.498059,0.496898,0.495187,0.49275,0.48939,0.484908,0.47912,0.47188,0.46311,0.452815,0.441104,0.428193,0.414398,0.400122,0.385823,0.37199,0.359106,0.347623,0.337941,0.330386,0.325211,0.322581,0.322581,0.325211,0.330386,0.337941,0.347623,0.359106,0.37199,0.385823,0.400122,0.414398,0.428193,0.441104,0.452815,0.46311,0.47188,0.47912,0.484908,0.48939,0.49275,0.495187,0.496898,0.498059,0.498823,0.499307,0.499605,0.499782,0.499883,0.499939,0.499969,0.499984,0.49999,0.49999
0.499985,0.499985,0.499976,0.499954,0.499909,0.499827,0.499679,0.499422,0.498993,0.4983,0.497217,0.49558,0.493191,0.489817,0.485209,0.47912,0.471333,0.461694,0.450141,0.436727,0.42164,0.405195,0.387827,0.370058,0.35246,0.33562,0.320094,0.306386,0.29492,0.286034,0.279976,0.276907,0.276907,0.279976,0.286034,0.29492,0.306386,0.320094,0.33562,0.35246,0.370058,0.387827,0.405195,0.42164,0.436727,0.450141,0.461694,0.471333,0.47912,0.485209,0.489817,0.493191,0.49558,0.497217,0.4983,0.498993,0.499422,0.499679,0.499827,0.499909,0.499954,0.499976,0.499985,0.499985
0.499977,0.499977,0.499964,0.499932,0.499869,0.499751,0.49954,0.499178,0.498576,0.497611,0.496113,0.493871,0.490623,0.486078,0.479928,0.47188,0.461694,0.44922,0.434434,0.417465,0.398607,0.378304,0.357129,0.335736,0.314815,0.295037,0.277015,0.261272,0.248229,0.2382,0.231403,0.227973,0.227973,0.231403,0.2382,0.248229,0.261272,0.277015,0.295037,0.314815,0.335736,0.357129,0.378304,0.398607,0.417465,0.434434,0.44922,0.461694,0.47188,0.479928,0.486078,0.490623,0.493871,0.496113,0.497611,0.498576,0.499178,0.49954,0.499751,0.499869,0.499932,0.499964,0.499977,0.499977
0.499968,0.499968,0.499949,0.499904,0.499815,0.499651,0.499359,0.498861,0.498039,0.496729,0.494714,0.49172,0.487421,0.481457,0.473465,0.46311,0.450141,0.434434,0.416032,0.395172,0.372282,0.347965,0.322947,0.298023,0.27399,0.251583,0.231439,0.214062,0.199826,0.188982,0.181684,0.178018,0.178018,0.181684,0.188982,0.199826,0.214062,0.231439,0.251583,0.27399,0.298023,0.322947,0.347965,0.372282,0.395172,0.416032,0.434434,0.450141,0.46311,0.473465,0.481457,0.487421,0.49172,0.494714,0.496729,0.498039,0.498861,0.499359,0.499651,0.499815,0.499904,0.499949,0.499968,0.499968
0.499955,0.499955,0.499929,0.499868,0.499747,0.499523,0.49913,0.498462,0.497368,0.495637,0.492994,0.489097,0.483549,0.475923,0.465799,0.452815,0.436727,0.417465,0.395172,0.370222,0.343216,0.314933,0.286268,0.25815,0.231463,0.206977,0.185306,0.16689,0.152005,0.140797,0.133322,0.129587,0.129587,0.133322,0.140797,0.152005,0.16689,0.185306,0.206977,0.231463,0.25815,0.286268,0.314933,0.343216,0.370222,0.395172,0.417465,0.436727,0.452815,0.465799,0.475923,0.483549,0.489097,0.492994,0.495637,0.497368,0.498462,0.49913,0.499523,0.499747,0.499868,0.499929,0.499955,0.499955
0.499939,0.499939,0.499905,0.499823,0.499661,0.499366,0.498849,0.497976,0.496556,0.494325,0.490943,0.485996,0.479012,0.469498,0.456986,0.441104,0.42164,0.398607,0.372282,0.343216,0.312205,0.280224,0.248337,0.217595,0.188939,0.163129,0.140708,0.121996,0.107126,0.0960927,0.0888175,0.0852092,0.0852092,0.0888175,0.0960927,0.107126,0.121996,0.140708,0.163129,0.188939,0.217595,0.248337,0.280224,0.312205,0.343216,0.372282,0.398607,0.42164,0.441104,0.456986,0.469498,0.479012,0.485996,0.490943,0.494325,0.496556,0.497976,0.498849,0.499366,0.499661,0.499823,0.499905,0.499939,0.499939
0.499919,0.499919,0.499875,0.499768,0.499559,0.499178,0.498516,0.497404,0.495605,0.492798,0.488575,0.482444,0.473859,0.462267,0.447166,0.428193,0.405195,0.378304,0.347965,0.314933,0.280224,0.245017,0.210536,0.177929,0.148154,0.121915,0.0996295,0.081447,0.0673075,0.0570177,0.0503375,0.0470575,0.0470575,0.0503375,0.0570177,0.0673075,0.081447,0.0996295,0.121915,0.148154,0.177929,0.210536,0.245017,0.280224,0.314933,0.347965,0.378304,0.405195,0.428193,0.447166,0.462267,0.473859,0.482444,0.488575,0.492798,0.495605,0.497404,0.498516,0.499178,0.499559,0.499768,0.499875,0.499919,0.499919
0.499896,0.499896,0.499839,0.499704,0.49944,0.498961,0.498132,0.496749,0.494526,0.491078,0.485926,0.478502,0.468189,0.454382,0.436563,0.414398,0.387827,0.357129,0.322947,0.286268,0.248337,0.210536,0.174232,0.140634,0.110676,0.0849519,0.0637043,0.046867,0.03415,0.0251436,0.0194272,0.0166626,0.0166626,0.0194272,0.0251436,0.03415,0.046867,0.0637043,0.0849519,0.110676,0.140634,0.174232,0.210536,0.248337,0.286268,0.322947,0.357129,0.387827,0.414398,0.436563,0.454382,0.468189,0.478502,0.485926,0.491078,0.494526,0.496749,0.498132,0.498961,0.49944,0.499704,0.499839,0.499896,0.499896
0.49987,0.49987,0.499799,0.499632,0.499306,0.49872,0.497707,0.496028,0.493342,0.489204,0.48306,0.474268,0.462149,0.446056,0.425473,0.400122,0.370058,0.335736,0.298023,0.25815,0.217595,0.177929,0.140634,0.106943,0.0777207,0.0534045,0.0340188,0.0192472,0.00854578,0.00127426,-0.00317578,-0.00527368,-0.00527368,-0.00317578,0.00127426,0.00854578,0.0192472,0.0340188,0.0534045,0.0777207,0.106943,0.140634,0.177929,0.217595,0.25815,0.298023,0.335736,0.370058,0.400122,0.425473,0.446056,0.462149,0.474268,0.48306,0.489204,0.493342,0.496028,0.497707,0.49872,0.499306,0.499632,0.499799,0.49987,0.49987
0.499841,0.499841,0.499756,0.499553,0.499162,0.498459,0.497252,0.495259,0.492089,0.487232,0.480064,0.469874,0.455928,0.437553,0.414252,0.385823,0.35246,0.314815,0.27399,0.231463,0.188939,0.148154,0.110676,0.0777207,0.0500403,0.0278787,0.0110133,-0.00114227,-0.00939452,-0.0146142,-0.0175922,-0.0189226,-0.0189226,-0.0175922,-0.0146142,-0.00939452,-0.00114227,0.0110133,0.0278787,0.0500403,0.0777207,0.110676,0.148154,0.188939,0.231463,0.27399,0.314815,0.35246,0.385823,0.414252,0.437553,0.455928,0.469874,0.480064,0.487232,0.492089,0.495259,0.497252,0.498459,0.499162,0.499553,0.499756,0.499841,0.499841
0.499811,0.499811,0.49971,0.499472,0.499012,0.49819,0.496784,0.494472,0.490813,0.485234,0.477046,0.465478,0.449749,0.429174,0.403291,0.37199,0.33562,0.295037,0.251583,0.206977,0.163129,0.121915,0.0849519,0.0534045,0.0278787,0.00840087,-0.00551342,-0.0147231,-0.0202898,-0.0233011,-0.0247144,-0.0252348,-0.0252348,-0.0247144,-0.0233011,-0.0202898,-0.0147231,-0.00551342,0.00840087,0.0278787,0.0534045,0.0849519,0.121915,0.163129,0.206977,0.251583,0.295037,0.33562,0.37199,0.403291,0.429174,0.449749,0.465478,0.477046,0.485234,0.490813,0.494472,0.496784,0.49819,0.499012,0.499472,0.49971,0.499811,0.499811
0.49978,0.49978,0.499665,0.49939,0.498864,0.497924,0.496323,0.4937,0.489566,0.483292,0.47413,0.461254,0.443851,0.421234,0.392988,0.359106,0.320094,0.277015,0.231439,0.185306,0.140708,0.0996295,0.0637043,0.0340188,0.0110133,-0.00551342,-0.0163048,-0.0224791,-0.025332,-0.0261436,-0.0260136,-0.0257399,-0.0257399,-0.0260136,-0.0261436,-0.025332,-0.0224791,-0.0163048,-0.00551342,0.0110133,0.0340188,0.0637043,0.0996295,0.140708,0.185306,0.231439,0.277015,0.320094,0.359106,0.392988,0.421234,0.443851,0.461254,0.47413,0.483292,0.489566,0.4937,0.496323,0.497924,0.498864,0.49939,0.499665,0.49978,0.49978
0.499751,0.499751,0.499621,0.499313,0.498723,0.497673,0.49589,0.492979,0.488406,0.481494,0.471443,0.457383,0.438478,0.414048,0.383731,0.347623,0.306386,0.261272,0.214062,0.16689,0.121996,0.081447,0.046867,0.0192472,-0.00114227,-0.0147231,-0.0224791,-0.0257609,-0.0260671,-0.0248379,-0.0232881,-0.0222873,-0.0222873,-0.0232881,-0.0248379,-0.0260671,-0.0257609,-0.0224791,-0.0147231,-0.00114227,0.0192472,0.046867,0.081447,0.121996,0.16689,0.214062,0.261272,0.306386,0.347623,0.383731,0.414048,0.438478,0.457383,0.471443,0.481494,0.488406,0.492979,0.49589,0.497673,0.498723,0.499313,0.499621,0.499751,0.499751
0.499726,0.499726,0.499583,0.499245,0.498599,0.497452,0.495509,0.492346,0.487392,0.479928,0.469112,0.454041,0.433861,0.407907,0.375869,0.337941,0.29492,0.248229,0.199826,0.152005,0.107126,0.0673075,0.03415,0.00854578,-0.00939452,-0.0202898,-0.025332,-0.0260671,-0.0241579,-0.0211705,-0.0184058,-0.0167857,-0.0167857,-0.0184058,-0.0211705,-0.0241579,-0.0260671,-0.025332,-0.0202898,-0.00939452,0.00854578,0.03415,0.0673075,0.107126,0.152005,0.199826,0.248229,0.29492,0.337941,0.375869,0.407907,0.433861,0.454041,0.469112,0.479928,0.487392,0.492346,0.495509,0.497452,0.498599,0.499245,0.499583,0.499726,0.499726
0.499704,0.499704,0.499551,0.499189,0.498498,0.497273,0.495202,0.491837,0.486578,0.478674,0.467251,0.451382,0.430203,0.403064,0.3697,0.330386,0.286034,0.2382,0.188982,0.140797,0.0960927,0.0570177,0.0251436,0.00127426,-0.0146142,-0.0233011,-0.0261436,-0.0248379,-0.0211705,-0.0167982,-0.0130822,-0.0109787,-0.0109787,-0.0130822,-0.0167982,-0.0211705,-0.0248379,-0.0261436,-0.0233011,-0.0146142,0.00127426,0.0251436,0.0570177,0.0960927,0.140797,0.188982,0.2382,0.286034,0.330386,0.3697,0.403064,0.430203,0.451382,0.467251,0.478674,0.486578,0.491837,0.495202,0.497273,0.498498,0.499189,0.499551,0.499704,0.499704
0.49969,0.49969,0.499529,0.49915,0.498427,0.497148,0.494986,0.491479,0.486008,0.477798,0.465955,0.449534,0.427668,0.399719,0.365455,0.325211,0.279976,0.231403,0.181684,0.133322,0.0888175,0.0503375,0.0194272,-0.00317578,-0.0175922,-0.0247144,-0.0260136,-0.0232881,-0.0184058,-0.0130822,-0.00871537,-0.00628217,-0.00628217,-0.00871537,-0.0130822,-0.0184058,-0.0232881,-0.0260136,-0.0247144,-0.0175922,-0.00317578,0.0194272,0.0503375,0.0888175,0.133322,0.181684,0.231403,0.279976,0.325211,0.365455,0.399719,0.427668,0.449534,0.465955,0.477798,0.486008,0.491479,0.494986,0.497148,0.498427,0.49915,0.499529,0.49969,0.49969
0.499682,0.499682,0.499517,0.49913,0.49839,0.497082,0.494874,0.491295,0.485714,0.477348,0.465289,0.448587,0.426371,0.398011,0.363293,0.322581,0.276907,0.227973,0.178018,0.129587,0.0852092,0.0470575,0.0166626,-0.00527368,-0.0189226,-0.0252348,-0.0257399,-0.0222873,-0.0167857,-0.0109787,-0.00628217,-0.0036822,-0.0036822,-0.00628217,-0.0109787,-0.0167857,-0.0222873,-0.0257399,-0.0252348,-0.0189226,-0.00527368,0.0166626,0.0470575,0.0852092,0.129587,0.178018,0.227973,0.276907,0.322581,0.363293,0.398011,0.426371,0.448587,0.465289,0.477348,0.485714,0.491295,0.494874,0.497082,0.49839,0.49913,0.499517,0.499682,0.499682
0.499682,0.499682,0.499517,0.49913,0.49839,0.497082,0.494874,0.491295,0.485714,0.477348,0.465289,0.448587,0.426371,0.398011,0.363293,0.322581,0.276907,0.227973,0.178018,0.129587,0.0852092,0.0470575,0.0166626,-0.00527368,-0.0189226,-0.0252348,-0.0257399,-0.0222873,-0.0167857,-0.0109787,-0.00628217,-0.0036822,-0.0036822,-0.00628217,-0.0109787,-0.0167857,-0.0222873,-0.0257399,-0.0252348,-0.0189226,-0.00527368,0.0166626,0.0470575,0.0852092,0.129587,0.178018,0.227973,0.276907,0.322581,0.363293,0.398011,0.426371,0.448587,0.465289,0.477348,0.485714,0.491295,0.494874,0.497082,0.49839,0.49913,0.499517,0.499682,0.499682
0.49969,0.49969,0.499529,0.49915,0.498427,0.497148,0.494986,0.491479,0.486008,0.477798,0.465955,0.449534,0.427668,0.399719,0.365455,0.325211,0.279976,0.231403,0.181684,0.133322,0.0888175,0.0503375,0.0194272,-0.00317578,-0.0175922,-0.0247144,-0.0260136,-0.0232881,-0.0184058,-0.0130822,-0.00871537,-0.00628217,-0.00628217,-0.00871537,-0.0130822,-0.0184058,-0.0232881,-0.0260136,-0.0247144,-0.0175922,-0.00317578,0.0194272,0.0503375,0.0888175,0.133322,0.181684,0.231403,0.279976,0.325211,0.365455,0.399719,0.427668,0.449534,0.465955,0.477798,0.486008,0.491479,0.494986,0.497148,0.498427,0.49915,0.499529,0.49969,0.49969
0.499704,0.499704,0.499551,0.499189,0.498498,0.497273,0.495202,0.491837,0.486578,0.478674,0.467251,0.451382,0.430203,0.403064,0.3697,0.330386,0.286034,0.2382,0.188982,0.140797,0.0960927,0.0570177,0.0251436,0.00127426,-0.0146142,-0.0233011,-0.0261436,-0.0248379,-0.0211705,-0.0167982,-0.0130822,-0.0109787,-0.0109787,-0.0130822,-0.0167982,-0.0211705,-0.0248379,-0.0261436,-0.0233011,-0.0146142,0.00127426,0.0251436,0.0570177,0.0960927,0.140797,0.188982,0.2382,0.286034,0.330386,0.3697,0.403064,0.430203,0.451382,0.467251,0.478674,0.486578,0.491837,0.495202,0.497273,0.498498,0.499189,0.499551,0.499704,0.499704
0.499726,0.499726,0.499583,0.499245,0.498599,0.497452,0.495509,0.492346,0.487392,0.479928,0.469112,0.454041,0.433861,0.407907,0.375869,0.337941,0.29492,0.248229,0.199826,0.152005,0.107126,0.0673075,0.03415,0.00854578,-0.00939452,-0.0202898,-0.025332,-0.0260671,-0.0241579,-0.0211705,-0.0184058,-0.0167857,-0.0167857,-0.0184058,-0.0211705,-0.0241579,-0.0260671,-0.025332,-0.0202898,-0.00939452,0.00854578,0.03415,0.0673075,0.107126,0.152005,0.199826,0.248229,0.29492,0.337941,0.375869,0.407907,0.433861,0.454041,0.469112,0.479928,0.487392,0.492346,0.495509,0.497452,0.498599,0.499245,0.499583,0.499726,0.499726
0.499751,0.499751,0.499621,0.499313,0.498723,0.497673,0.49589,0.492979,0.488406,0.481494,0.471443,0.457383,0.438478,0.414048,0.383731,0.347623,0.306386,0.261272,0.214062,0.16689,0.121996,0.081447,0.046867,0.0192472,-0.00114227,-0.0147231,-0.0224791,-0.0257609,-0.0260671,-0.0248379,-0.0232881,-0.0222873,-0.0222873,-0.0232881,-0.0248379,-0.0260671,-0.0257609,-0.0224791,-0.0147231,-0.00114227,0.0192472,0.046867,0.081447,0.121996,0.16689,0.214062,0.261272,0.306386,0.347623,0.383731,0.414048,0.438478,0.457383,0.471443,0.481494,0.488406,0.492979,0.49589,0.497673,0.498723,0.499313,0.499621,0.499751,0.499751
0.49978,0.49978,0.499665,0.49939,0.498864,0.497924,0.496323,0.4937,0.489566,0.483292,0.47413,0.461254,0.443851,0.421234,0.392988,0.359106,0.320094,0.277015,0.231439,0.185306,0.140708,0.0996295,0.0637043,0.0340188,0.0110133,-0.00551342,-0.0163048,-0.0224791,-0.025332,-0.0261436,-0.0260136,-0.0257399,-0.0257399,-0.0260136,-0.0261436,-0.025332,-0.0224791,-0.0163048,-0.00551342,0.0110133,0.0340188,0.0637043,0.0996295,0.140708,0.185306,0.231439,0.277015,0.320094,0.359106,0.392988,0.421234,0.443851,0.461254,0.47413,0.483292,0.489566,0.4937,0.496323,0.497924,0.498864,0.49939,0.499665,0.49978,0.49978
0.499811,0.499811,0.49971,0.499472,0.499012,0.49819,0.496784,0.494472,0.490813,0.485234,0.477046,0.465478,0.449749,0.429174,0.403291,0.37199,0.33562,0.295037,0.251583,0.206977,0.163129,0.121915,0.0849519,0.0534045,0.0278787,0.00840087,-0.00551342,-0.0147231,-0.0202898,-0.0233011,-0.0247144,-0.0252348,-0.0252348,-0.0247144,-0.0233011,-0.0202898,-0.0147231,-0.00551342,0.00840087,0.0278787,0.0534045,0.0849519,0.121915,0.163129,0.206977,0.251583,0.295037,0.33562,0.37199,0.403291,0.429174,0.449749,0.465478,0.477046,0.485234,0.490813,0.494472,0.496784,0.49819,0.499012,0.499472,0.49971,0.499811,0.499811
0.499841,0.499841,0.499756,0.499553,0.499162,0.498459,0.497252,0.495259,0.492089,0.487232,0.480064,0.469874,0.455928,0.437553,0.414252,0.385823,0.35246,0.314815,0.27399,0.231463,0.188939,0.148154,0.110676,0.0777207,0.0500403,0.0278787,0.0110133,-0.00114227,-0.00939452,-0.0146142,-0.0175922,-0.0189226,-0.0189226,-0.0175922,-0.0146142,-0.00939452,-0.00114227,0.0110133,0.0278787,0.0500403,0.0777207,0.110676,0.148154,0.188939,0.231463,0.27399,0.314815,0.35246,0.385823,0.414252,0.437553,0.455928,0.469874,0.480064,0.487232,0.492089,0.495259,0.497252,0.498459,0.499162,0.499553,0.499756,0.499841,0.499841
0.49987,0.49987,0.499799,0.499632,0.499306,0.49872,0.497707,0.496028,0.493342,0.489204,0.48306,0.474268,0.462149,0.446056,0.425473,0.400122,0.370058,0.335736,0.298023,0.25815,0.217595,0.177929,0.140634,0.106943,0.0777207,0.0534045,0.0340188,0.0192472,0.00854578,0.00127426,-0.00317578,-0.00527368,-0.00527368,-0.00317578,0.00127426,0.00854578,0.0192472,0.0340188,0.0534045,0.0777207,0.106943,0.140634,0.177929,0.217595,0.25815,0.298023,0.335736,0.370058,0.400122,0.425473,0.446056,0.462149,0.474268,0.48306,0.489204,0.493342,0.496028,0.497707,0.49872,0.499306,0.499632,0.499799,0.49987,0.49987
0.499896,0.499896,0.499839,0.499704,0.49944,0.498961,0.498132,0.496749,0.494526,0.491078,0.485926,0.478502,0.468189,0.454382,0.436563,0.414398,0.387827,0.357129,0.322947,0.286268,0.248337,0.210536,0.174232,0.140634,0.110676,0.0849519,0.0637043,0.046867,0.03415,0.0251436,0.0194272,0.0166626,0.0166626,0.0194272,0.0251436,0.03415,0.046867,0.0637043,0.0849519,0.110676,0.140634,0.174232,0.210536,0.248337,0.286268,0.322947,0.357129,0.387827,0.414398,0.436563,0.454382,0.468189,0.478502,0.485926,0.491078,0.494526,0.496749,0.498132,0.498961,0.49944,0.499704,0.499839,0.499896,0.499896
0.499919,0.499919,0.499875,0.499768,0.499559,0.499178,0.498516,0.497404,0.495605,0.492798,0.488575,0.482444,0.473859,0.462267,0.447166,0.428193,0.405195,0.378304,0.347965,0.314933,0.280224,0.245017,0.210536,0.177929,0.148154,0.121915,0.0996295,0.081447,0.0673075,0.0570177,0.0503375,0.0470575,0.0470575,0.0503375,0.0570177,0.0673075,0.081447,0.0996295,0.121915,0.148154,0.177929,0.210536,0.245017,0.280224,0.314933,0.347965,0.378304,0.405195,0.428193,0.447166,0.462267,0.473859,0.482444,0.488575,0.492798,0.495605,0.497404,0.498516,0.499178,0.499559,0.499768,0.499875,0.499919,0.499919
0.499939,0.499939,0.499905,0.499823,0.499661,0.499366,0.498849,0.497976,0.496556,0.494325,0.490943,0.485996,0.479012,0.469498,0.456986,0.441104,0.42164,0.398607,0.372282,0.343216,0.312205,0.280224,0.248337,0.217595,0.188939,0.163129,0.140708,0.121996,0.107126,0.0960927,0.0888175,0.0852092,0.0852092,0.0888175,0.0960927,0.107126,0.121996,0.140708,0.163129,0.188939,0.217595,0.248337,0.280224,0.312205,0.343216,0.372282,0.398607,0.42164,0.441104,0.456986,0.469498,0.479012,0.485996,0.490943,0.494325,0.496556,0.497976,0.498849,0.499366,0.499661,0.499823,0.499905,0.499939,0.499939
0.499955,0.499955,0.499929,0.499868,0.499747,0.499523,0.49913,0.498462,0.497368,0.495637,0.492994,0.489097,0.483549,0.475923,0.465799,0.452815,0.436727,0.417465,0.395172,0.370222,0.343216,0.314933,0.286268,0.25815,0.231463,0.206977,0.185306,0.16689,0.152005,0.140797,0.133322,0.129587,0.129587,0.133322,0.140797,0.152005,0.16689,0.185306,0.206977,0.231463,0.25815,0.286268,0.314933,0.343216,0.370222,0.395172,0.417465,0.436727,0.452815,0.465799,0.475923,0.483549,0.489097,0.492994,0.495637,0.497368,0.498462,0.49913,0.499523,0.499747,0.499868,0.499929,0.499955,0.499955
0.499968,0.499968,0.499949,0.499904,0.499815,0.499651,0.499359,0.498861,0.498039,0.496729,0.494714,0.49172,0.487421,0.481457,0.473465,0.46311,0.450141,0.434434,0.416032,0.395172,0.372282,0.347965,0.322947,0.298023,0.27399,0.251583,0.231439,0.214062,0.199826,0.188982,0.181684,0.178018,0.178018,0.181684,0.188982,0.199826,0.214062,0.231439,0.251583,0.27399,0.298023,0.322947,0.347965,0.372282,0.395172,0.416032,0.434434,0.450141,0.46311,0.473465,0.481457,0.487421,0.49172,0.494714,0.496729,0.498039,0.498861,0.499359,0.499651,0.499815,0.499904,0.499949,0.499968,0.499968
0.499977,0.499977,0.499964,0.499932,0.499869,0.499751,0.49954,0.499178,0.498576,0.497611,0.496113,0.493871,0.490623,0.486078,0.479928,0.47188,0.461694,0.44922,0.434434,0.417465,0.398607,0.378304,0.357129,0.335736,0.314815,0.295037,0.277015,0.261272,0.248229,0.2382,0.231403,0.227973,0.227973,0.231403,0.2382,0.248229,0.261272,0.277015,0.295037,0.314815,0.335736,0.357129,0.378304,0.398607,0.417465,0.434434,0.44922,0.461694,0.47188,0.479928,0.486078,0.490623,0.493871,0.496113,0.497611,0.498576,0.499178,0.49954,0.499751,0.499869,0.499932,0.499964,0.499977,0.499977
0.499985,0.499985,0.499976,0.499954,0.499909,0.499827,0.499679,0.499422,0.498993,0.4983,0.497217,0.49558,0.493191,0.489817,0.485209,0.47912,0.471333,0.461694,0.450141,0.436727,0.42164,0.405195,0.387827,0.370058,0.35246,0.33562,0.320094,0.306386,0.29492,0.286034,0.279976,0.276907,0.276907,0.279976,0.286034,0.29492,0.306386,0.320094,0.33562,0.35246,0.370058,0.387827,0.405195,0.42164,0.436727,0.450141,0.461694,0.471333,0.47912,0.485209,0.489817,0.493191,0.49558,0.497217,0.4983,0.498993,0.499422,0.499679,0.499827,0.499909,0.499954,0.499976,0.499985,0.499985
0.49999,0.49999,0.499984,0.499969,0.499939,0.499883,0.499782,0.499605,0.499307,0.498823,0.498059,0.496898,0.495187,0.49275,0.48939,0.484908,0.47912,0.47188,0.46311,0.452815,0.441104,0.428193,0.414398,0.400122,0.385823,0.37199,0.359106,0.347623,0.337941,0.330386,0.325211,0.322581,0.322581,0.325211,0.330386,0.337941,0.347623,0.359106,0.37199,0.385823,0.400122,0.414398,0.428193,0.441104,0.452815,0.46311,0.47188,0.47912,0.484908,0.48939,0.49275,0.495187,0.496898,0.498059,0.498823,0.499307,0.499605,0.499782,0.499883,0.499939,0.499969,0.499984,0.49999,0.49999
0.499993,0.499993,0.49999,0.49998,0.49996,0.499923,0.499856,0.499737,0.499536,0.499207,0.498684,0.497881,0.49669,0.494978,0.492596,0.48939,0.485209,0.479928,0.473465,0.465799,0.456986,0.447166,0.436563,0.425473,0.414252,0.403291,0.392988,0.383731,0.375869,0.3697,0.365455,0.363293,0.363293,0.365455,0.3697,0.375869,0.383731,0.392988,0.403291,0.414252,0.425473,0.436563,0.447166,0.456986,0.465799,0.473465,0.479928,0.485209,0.48939,0.492596,0.494978,0.49669,0.497881,0.498684,0.499207,0.499536,0.499737,0.499856,0.499923,0.49996,0.49998,0.49999,0.499993,0.499993
0.499996,0.499996,0.499993,0.499987,0.499975,0.499951,0.499907,0.49983,0.499698,0.49948,0.499132,0.498593,0.497786,0.496617,0.494978,0.49275,0.489817,0.486078,0.481457,0.475923,0.469498,0.462267,0.454382,0.446056,0.437553,0.429174,0.421234,0.414048,0.407907,0.403064,0.399719,0.398011,0.398011,0.399719,0.403064,0.407907,0.414048,0.421234,0.429174,0.437553,0.446056,0.454382,0.462267,0.469498,0.475923,0.481457,0.486078,0.489817,0.49275,0.494978,0.496617,0.497786,0.498593,0.499132,0.49948,0.499698,0.49983,0.499907,0.499951,0.499975,0.499987,0.499993,0.499996,0.499996
0.499998,0.499998,0.499996,0.499992,0.499984,0.499969,0.499942,0.499893,0.499809,0.499669,0.499443,0.499092,0.498561,0.497786,0.49669,0.495187,0.493191,0.490623,0.487421,0.483549,0.479012,0.473859,0.468189,0.462149,0.455928,0.449749,0.443851,0.438478,0.433861,0.430203,0.427668,0.426371,0.426371,0.427668,0.430203,0.433861,0.438478,0.443851,0.449749,0.455928,0.462149,0.468189,0.473859,0.479012,0.483549,0.487421,0.490623,0.493191,0.495187,0.49669,0.497786,0.498561,0.499092,0.499443,0.499669,0.499809,0.499893,0.499942,0.499969,0.499984,0.499992,0.499996,0.499998,0.499998
0.499999,0.499999,0.499998,0.499995,0.499991,0.499982,0.499965,0.499935,0.499883,0.499795,0.499653,0.499431,0.499092,0.498593,0.497881,0.496898,0.49558,0.493871,0.49172,0.489097,0.485996,0.482444,0.478502,0.474268,0.469874,0.465478,0.461254,0.457383,0.454041,0.451382,0.449534,0.448587,0.448587,0.449534,0.451382,0.454041,0.457383,0.461254,0.465478,0.469874,0.474268,0.478502,0.482444,0.485996,0.489097,0.49172,0.493871,0.49558,0.496898,0.497881,0.498593,0.499092,0.499431,0.499653,0.499795,0.499883,0.499935,0.499965,0.499982,0.499991,0.499995,0.499998,0.499999,0.499999
0.499999,0.499999,0.499999,0.499997,0.499995,0.499989,0.499979,0.499961,0.49993,0.499877,0.49979,0.499653,0.499443,0.499132,0.498684,0.498059,0.497217,0.496113,0.494714,0.492994,0.490943,0.488575,0.485926,0.48306,0.480064,0.477046,0.47413,0.471443,0.469112,0.467251,0.465955,0.465289,0.465289,0.465955,0.467251,0.469112,0.471443,0.47413,0.477046,0.480064,0.48306,0.485926,0.488575,0.490943,0.492994,0.494714,0.496113,0.497217,0.498059,0.498684,0.499132,0.499443,0.499653,0.49979,0.499877,0.49993,0.499961,0.499979,0.499989,0.499995,0.499997,0.499999,0.499999,0.499999
0.5,0.5,0.499999,0.499998,0.499997,0.499994,0.499988,0.499978,0.499959,0.499928,0.499877,0.499795,0.499669,0.49948,0.499207,0.498823,0.4983,0.497611,0.496729,0.495637,0.494325,0.492798,0.491078,0.489204,0.487232,0.485234,0.483292,0.481494,0.479928,0.478674,0.477798,0.477348,0.477348,0.477798,0.478674,0.479928,0.481494,0.483292,0.485234,0.487232,0.489204,0.491078,0.492798,0.494325,0.495637,0.496729,0.497611,0.4983,0.498823,0.499207,0.49948,0.499669,0.499795,0.499877,0.499928,0.499959,0.499978,0.499988,0.499994,0.499997,0.499998,0.499999,0.5,0.5
0.5,0.5,0.5,0.499999,0.499998,0.499997,0.499993,0.499988,0.499977,0.499959,0.49993,0.499883,0.499809,0.499698,0.499536,0.499307,0.498993,0.498576,0.498039,0.497368,0.496556,0.495605,0.494526,0.493342,0.492089,0.490813,0.489566,0.488406,0.487392,0.486578,0.486008,0.485714,0.485714,0.486008,0.486578,0.487392,0.488406,0.489566,0.490813,0.492089,0.493342,0.494526,0.495605,0.496556,0.497368,0.498039,0.498576,0.498993,0.499307,0.499536,0.499698,0.499809,0.499883,0.49993,0.499959,0.499977,0.499988,0.499993,0.499997,0.499998,0.499999,0.5,0.5,0.5
0.5,0.5,0.5,0.5,0.499999,0.499998,0.499996,0.499993,0.499988,0.499978,0.499961,0.499935,0.499893,0.49983,0.499737,0.499605,0.499422,0.499178,0.498861,0.498462,0.497976,0.497404,0.496749,0.496028,0.495259,0.494472,0.4937,0.492979,0.492346,0.491837,0.491479,0.491295,0.491295,0.491479,0.491837,0.492346,0.492979,0.4937,0.494472,0.495259,0.496028,0.496749,0.497404,0.497976,0.498462,0.498861,0.499178,0.499422,0.499605,0.499737,0.49983,0.499893,0.499935,0.499961,0.499978,0.499988,0.499993,0.499996,0.499998,0.499999,0.5,0.5,0.5,0.5
0.5,0.5,0.5,0.5,0.5,0.499999,0.499998,0.499996,0.499993,0.499988,0.499979,0.499965,0.499942,0.499907,0.499856,0.499782,0.499679,0.49954,0.499359,0.49913,0.498849,0.498516,0.498132,0.497707,0.497252,0.496784,0.496323,0.49589,0.495509,0.495202,0.494986,0.494874,0.494874,0.494986,0.495202,0.495509,0.49589,0.496323,0.496784,0.497252,0.497707,0.498132,0.498516,0.498849,0.49913,0.499359,0.49954,0.499679,0.499782,0.499856,0.499907,0.499942,0.499965,0.499979,0.499988,0.499993,0.499996,0.499998,0.499999,0.5,0.5,0.5,0.5,0.5
0.5,0.5,0.5,0.5,0.5,0.5,0.499999,0.499998,0.499997,0.499994,0.499989,0.499982,0.499969,0.499951,0.499923,0.499883,0.499827,0.499751,0.499651,0.499523,0.499366,0.499178,0.498961,0.49872,0.498459,0.49819,0.497924,0.497673,0.497452,0.497273,0.497148,0.497082,0.497082,0.497148,0.497273,0.497452,0.497673,0.497924,0.49819,0.498459,0.49872,0.498961,0.499178,0.499366,0.499523,0.499651,0.499751,0.499827,0.499883,0.499923,0.499951,0.499969,0.499982,0.499989,0.499994,0.499997,0.499998,0.499999,0.5,0.5,0.5,0.5,0.5,0.5
0.5,0.5,0.5,0.5,0.5,0.5,0.5,0.499999,0.499998,0.499997,0.499995,0.499991,0.499984,0.499975,0.49996,0.499939,0.499909,0.499869,0.499815,0.499747,0.499661,0.499559,0.49944,0.499306,0.499162,0.499012,0.498864,0.498723,0.498599,0.498498,0.498427,0.49839,0.49839,0.498427,0.498498,0.498599,0.498723,0.498864,0.499012,0.499162,0.499306,0.49944,0.499559,0.499661,0.499747,0.499815,0.499869,0.499909,0.499939,0.49996,0.499975,0.499984,0.499991,0.499995,0.499997,0.499998,0.499999,0.5,0.5,0.5,0.5,0.5,0.5,0.5
0.5,0.5,0.5,0.5,0.5,0.5,0.5,0.5,0.499999,0.499998,0.499997,0.499995,0.499992,0.499987,0.49998,0.499969,0.499954,0.499932,0.499904,0.499868,0.499823,0.499768,0.499704,0.499632,0.499553,0.499472,0.49939,0.499313,0.499245,0.499189,0.49915,0.49913,0.49913,0.49915,0.499189,0.499245,0.499313,0.49939,0.499472,0.499553,0.499632,0.499704,0.499768,0.499823,0.499868,0.499904,0.499932,0.499954,0.499969,0.49998,0.499987,0.499992,0.499995,0.499997,0.499998,0.499999,0.5,0.5,0.5,0.5,0.5,0.5,0.5,0.5
0.5,0.5,0.5,0.5,0.5,0.5,0.5,0.5,0.5,0.499999,0.499999,0.499998,0.499996,0.499993,0.49999,0.499984,0.499976,0.499964,0.499949,0.499929,0.499905,0.499875,0.499839,0.499799,0.499756,0.49971,0.499665,0.499621,0.499583,0.499551,0.499529,0.499517,0.499517,0.499529,0.499551,0.499583,0.499621,0.499665,0.49971,0.499756,0.499799,0.499839,0.499875,0.499905,0.499929,0.499949,0.499964,0.499976,0.499984,0.49999,0.499993,0.499996,0.499998,0.499999,0.499999,0.5,0.5,0.5,0.5,0.5,0.5,0.5,0.5,0.5
0.5,0.5,0.5,0.5,0.5,0.5,0.5,0.5,0.5,0.5,0.499999,0.499999,0.499998,0.499996,0.499993,0.49999,0.499985,0.499977,0.499968,0.499955,0.499939,0.499919,0.499896,0.49987,0.499841,0.499811,0.49978,0.499751,0.499726,0.499704,0.49969,0.499682,0.499682,0.49969,0.499704,0.499726,0.499751,0.49978,0.499811,0.499841,0.49987,0.499896,0.499919,0.499939,0.499955,0.499968,0.499977,0.499985,0.49999,0.499993,0.499996,0.499998,0.499999,0.499999,0.5,0.5,0.5,0.5,0.5,0.5,0.5,0.5,0.5,0.5
0.5,0.5,0.5,0.5,0.5,0.5,0.5,0.5,0.5,0.5,0.499999,0.499999,0.499998,0.499996,0.499993,0.49999,0.499985,0.499977,0.499968,0.499955,0.499939,0.499919,0.499896,0.49987,0.499841,0.499811,0.49978,0.499751,0.499726,0.499704,0.49969,0.499682,0.499682,0.49969,0.499704,0.499726,0.499751,0.49978,0.499811,0.499841,0.49987,0.499896,0.499919,0.499939,0.499955,0.499968,0.499977,0.499985,0.49999,0.499993,0.499996,0.499998,0.499999,0.499999,0.5,0.5,0.5,0.5,0.5,0.5,0.5,0.5,0.5,0.5
