0.5,0.5,0.5,0.5,0.5,0.5,0.5,0.5,0.5,0.5,0.5,0.5,0.5,0.5,0.5,0.5,0.5,0.5,0.5,0.5,0.5,0.5,0.5,0.5,0.5,0.5,0.5,0.5,0.5,0.5,0.5,0.5,0.5,0.5,0.5,0.5,0.5,0.5,0.5,0.5,0.5,0.5,0.5,0.5,0.5,0.5,0.5,0.5,0.5,0.5,0.5,0.5,0.5,0.5,0.5,0.5,0.5,0.5,0.5,0.5,0.5,0.5,0.5,0.5
0.5,0.5,0.5,0.5,0.5,0.5,0.5,0.5,0.5,0.5,0.5,0.5,0.5,0.5,0.5,0.5,0.5,0.5,0.5,0.5,0.5,0.5,0.5,0.5,0.5,0.5,0.5,0.5,0.5,0.5,0.5,0.5,0.5,0.5,0.5,0.5,0.5,0.5,0.5,0.5,0.5,0.5,0.5,0.5,0.5,0.5,0.5,0.5,0.5,0.5,0.5,0.5,0.5,0.5,0.5,0.5,0.5,0.5,0.5,0.5,0.5,0.5,0.5,0.5
0.5,0.5,0.5,0.5,0.5,0.5,0.5,0.5,0.5,0.5,0.5,0.5,0.5,0.5,0.5,0.5,0.5,0.5,0.5,0.5,0.5,0.5,0.5,0.5,0.5,0.5,0.5,0.5,0.5,0.5,0.5,0.5,0.5,0.5,0.5,0.5,0.5,0.5,0.5,0.5,0.5,0.5,0.5,0.5,0.5,0.5,0.5,0.5,0.5,0.5,0.5,0.5,0.5,0.5,0.5,0.5,0.5,0.5,0.5,0.5,0.5,0.5,0.5,0.5
0.5,0.5,0.5,0.5,0.5,0.5,0.5,0.5,0.5,0.5,0.5,0.5,0.5,0.5,0.5,0.5,0.5,0.5,0.5,0.5,0.5,0.5,0.5,0.5,0.5,0.5,0.5,0.5,0.5,0.5,0.5,0.5,0.5,0.5,0.5,0.5,0.5,0.5,0.5,0.5,0.5,0.5,0.5,0.5,0.5,0.5,0.5,0.5,0.5,0.5,0.5,0.5,0.5,0.5,0.5,0.5,0.5,0.5,0.5,0.5,0.5,0.5,0.5,0.5
0.5,0.5,0.5,0.5,0.5,0.5,0.5,0.5,0.5,0.5,0.5,0.5,0.5,0.5,0.5,0.5,0.5,0.5,0.5,0.5,0.5,0.5,0.5,0.5,0.5,0.5,0.5,0.5,0.499999,0.499999,0.499999,0.499999,0.499999,0.499999,0.499999,0.499999,0.5,0.5,0.5,0.5,0.5,0.5,0.5,0.5,0.5,0.5,0.5,0.5,0.5,0.5,0.5,0.5,0.5,0.5,0.5,0.5,0.5,0.5,0.5,0.5,0.5,0.5,0.5,0.5
0.5,0.5,0.5,0.5,0.5,0.5,0.5,0.5,0.5,0.5,0.5,0.5,0.5,0.5,0.5,0.5,0.5,0.5,0.5,0.5,0.5,0.5,0.5,0.5,0.499999,0.499999,0.499999,0.499999,0.499999,0.499998,0.499998,0.499998,0.499998,0.499998,0.499998,0.499999,0.499999,0.499999,0.499999,0.499999,0.5,0.5,0.5,0.5,0.5,0.5,0.5,0.5,0.5,0.5,0.5,0.5,0.5,0.5,0.5,0.5,0.5,0.5,0.5,0.5,0.5,0.5,0.5,0.5
0.5,0.5,0.5,0.5,0.5,0.5,0.5,0.5,0.5,0.5,0.5,0.5,0.5,0.5,0.5,0.5,0.5,0.5,0.5,0.5,0.5,0.499999,0.499999,0.499999,0.499998,0.499998,0.499997,0.499997,0.499996,0.499996,0.499996,0.499995,0.499995,0.499996,0.499996,0.499996,0.499997,0.499997,0.499998,0.499998,0.499999,0.499999,0.499999,0.5,0.5,0.5,0.5,0.5,0.5,0.5,0.5,0.5,0.5,0.5,0.5,0.5,0.5,0.5,0.5,0.5,0.5,0.5,0.5,0.5
0.5,0.5,0.5,0.5,0.5,0.5,0.5,0.5,0.5,0.5,0.5,0.5,0.5,0.5,0.5,0.5,0.5,0.5,0.5,0.499999,0.499999,0.499998,0.499998,0.499997,0.499996,0.499995,0.499993,0.499992,0.499991,0.49999,0.499989,0.499989,0.499989,0.499989,0.49999,0.499991,0.499992,0.499993,0.499995,0.499996,0.499997,0.499998,0.499998,0.499999,0.499999,0.5,0.5,0.5,0.5,0.5,0.5,0.5,0.5,0.5,0.5,0.5,0.5,0.5,0.5,0.5,0.5,0.5,0.5,0.5
0.5,0.5,0.5,0.5,0.5,0.5,0.5,0.5,0.5,0.5,0.5,0.5,0.5,0.5,0.5,0.5,0.5,0.499999,0.499999,0.499998,0.499998,0.499996,0.499995,0.499993,0.49999,0.499988,0.499984,0.499981,0.499978,0.499976,0.499974,0.499973,0.499973,0.499974,0.499976,0.499978,0.499981,0.499984,0.499988,0.49999,0.499993,0.499995,0.499996,0.499998,0.499998,0.499999,0.499999,0.5,0.5,0.5,0.5,0.5,0.5,0.5,0.5,0.5,0.5,0.5,0.5,0.5,0.5,0.5,0.5,0.5
0.5,0.5,0.5,0.5,0.5,0.5,0.5,0.5,0.5,0.5,0.5,0.5,0.5,0.5,0.5,0.5,0.499999,0.499999,0.499998,0.499996,0.499994,0.499992,0.499988,0.499983,0.499978,0.499971,0.499964,0.499957,0.499951,0.499945,0.499941,0.499938,0.499938,0.499941,0.499945,0.499951,0.499957,0.499964,0.499971,0.499978,0.499983,0.499988,0.499992,0.499994,0.499996,0.499998,0.499999,0.499999,0.5,0.5,0.5,0.5,0.5,0.5,0.5,0.5,0.5,0.5,0.5,0.5,0.5,0.5,0.5,0.5
0.5,0.5,0.5,0.5,0.5,0.5,0.5,0.5,0.5,0.5,0.5,0.5,0.5,0.5,0.499999,0.499999,0.499998,0.499997,0.499995,0.499992,0.499988,0.499982,0.499974,0.499963,0.499951,0.499937,0.499921,0.499905,0.499891,0.499878,0.499869,0.499864,0.499864,0.499869,0.499878,0.499891,0.499905,0.499921,0.499937,0.499951,0.499963,0.499974,0.499982,0.499988,0.499992,0.499995,0.499997,0.499998,0.499999,0.499999,0.5,0.5,0.5,0.5,0.5,0.5,0.5,0.5,0.5,0.5,0.5,0.5,0.5,0.5
0.5,0.5,0.5,0.5,0.5,0.5,0.5,0.5,0.5,0.5,0.5,0.5,0.5,0.499999,0.499999,0.499998,0.499996,0.499994,0.499989,0.499983,0.499974,0.499961,0.499943,0.499922,0.499895,0.499865,0.499832,0.499798,0.499767,0.49974,0.49972,0.49971,0.49971,0.49972,0.49974,0.499767,0.499798,0.499832,0.499865,0.499895,0.499922,0.499943,0.499961,0.499974,0.499983,0.499989,0.499994,0.499996,0.499998,0.499999,0.499999,0.5,0.5,0.5,0.5,0.5,0.5,0.5,0.5,0.5,0.5,0.5,0.5,0.5
0.5,0.5,0.5,0.5,0.5,0.5,0.5,0.5,0.5,0.5,0.5,0.5,0.499999,0.499999,0.499998,0.499996,0.499992,0.499987,0.499978,0.499965,0.499946,0.499919,0.499883,0.499838,0.499784,0.499721,0.499654,0.499585,0.49952,0.499465,0.499425,0.499404,0.499404,0.499425,0.499465,0.49952,0.499585,0.499654,0.499721,0.499784,0.499838,0.499883,0.499919,0.499946,0.499965,0.499978,0.499987,0.499992,0.499996,0.499998,0.499999,0.499999,0.5,0.5,0.5,0.5,0.5,0.5,0.5,0.5,0.5,0.5,0.5,0.5
0.5,0.5,0.5,0.5,0.5,0.5,0.5,0.5,0.5,0.5,0.5,0.499999,0.499999,0.499998,0.499995,0.499992,0.499985,0.499974,0.499956,0.49993,0.499892,0.499839,0.499769,0.499679,0.499571,0.499448,0.499314,0.499178,0.499049,0.49894,0.498861,0.498819,0.498819,0.498861,0.49894,0.499049,0.499178,0.499314,0.499448,0.499571,0.499679,0.499769,0.499839,0.499892,0.49993,0.499956,0.499974,0.499985,0.499992,0.499995,0.499998,0.499999,0.499999,0.5,0.5,0.5,0.5,0.5,0.5,0.5,0.5,0.5,0.5,0.5
0.5,0.5,0.5,0.5,0.5,0.5,0.5,0.5,0.5,0.5,0.499999,0.499999,0.499998,0.499995,0.499991,0.499984,0.499971,0.49995,0.499916,0.499866,0.499793,0.499692,0.499557,0.499386,0.49918,0.498944,0.498689,0.498429,0.498185,0.497977,0.497825,0.497746,0.497746,0.497825,0.497977,0.498185,0.498429,0.498689,0.498944,0.49918,0.499386,0.499557,0.499692,0.499793,0.499866,0.499916,0.49995,0.499971,0.499984,0.499991,0.499995,0.499998,0.499999,0.499999,0.5,0.5,0.5,0.5,0.5,0.5,0.5,0.5,0.5,0.5
0.5,0.5,0.5,0.5,0.5,0.5,0.5,0.5,0.5,0.5,0.499999,0.499998,0.499996,0.499992,0.499984,0.49997,0.499946,0.499907,0.499845,0.499752,0.499617,0.499431,0.499183,0.498868,0.498489,0.498055,0.497585,0.497107,0.496658,0.496277,0.495998,0.495851,0.495851,0.495998,0.496277,0.496658,0.497107,0.497585,0.498055,0.498489,0.498868,0.499183,0.499431,0.499617,0.499752,0.499845,0.499907,0.499946,0.49997,0.499984,0.499992,0.499996,0.499998,0.499999,0.5,0.5,0.5,0.5,0.5,0.5,0.5,0.5,0.5,0.5
0.5,0.5,0.5,0.5,0.5,0.5,0.5,0.5,0.5,0.499999,0.499998,0.499996,0.499992,0.499985,0.499971,0.499946,0.499903,0.499834,0.499724,0.499558,0.499319,0.498986,0.498546,0.497988,0.497315,0.496545,0.495711,0.494865,0.49407,0.493393,0.4929,0.49264,0.49264,0.4929,0.493393,0.49407,0.494865,0.495711,0.496545,0.497315,0.497988,0.498546,0.498986,0.499319,0.499558,0.499724,0.499834,0.499903,0.499946,0.499971,0.499985,0.499992,0.499996,0.499998,0.499999,0.5,0.5,0.5,0.5,0.5,0.5,0.5,0.5,0.5
0.5,0.5,0.5,0.5,0.5,0.5,0.5,0.5,0.499999,0.499999,0.499997,0.499994,0.499987,0.499974,0.49995,0.499907,0.499834,0.499714,0.499526,0.499241,0.49883,0.498261,0.497506,0.496551,0.4954,0.494083,0.492657,0.491211,0.489852,0.488697,0.487855,0.487411,0.487411,0.487855,0.488697,0.489852,0.491211,0.492657,0.494083,0.4954,0.496551,0.497506,0.498261,0.49883,0.499241,0.499526,0.499714,0.499834,0.499907,0.49995,0.499974,0.499987,0.499994,0.499997,0.499999,0.499999,0.5,0.5,0.5,0.5,0.5,0.5,0.5,0.5
0.5,0.5,0.5,0.5,0.5,0.5,0.5,0.5,0.499999,0.499998,0.499995,0.499989,0.499978,0.499956,0.499916,0.499845,0.499724,0.499526,0.499214,0.498744,0.498064,0.497123,0.495876,0.4943,0.492401,0.490228,0.487878,0.485495,0.483257,0.481354,0.479968,0.479236,0.479236,0.479968,0.481354,0.483257,0.485495,0.487878,0.490228,0.492401,0.4943,0.495876,0.497123,0.498064,0.498744,0.499214,0.499526,0.499724,0.499845,0.499916,0.499956,0.499978,0.499989,0.499995,0.499998,0.499999,0.5,0.5,0.5,0.5,0.5,0.5,0.5,0.5
0.5,0.5,0.5,0.5,0.5,0.5,0.5,0.499999,0.499998,0.499996,0.499992,0.499983,0.499965,0.49993,0.499866,0.499752,0.499558,0.499241,0.498744,0.497993,0.496909,0.495409,0.493424,0.490915,0.487893,0.484437,0.480702,0.476915,0.473358,0.470337,0.468134,0.466973,0.466973,0.468134,0.470337,0.473358,0.476915,0.480702,0.484437,0.487893,0.490915,0.493424,0.495409,0.496909,0.497993,0.498744,0.499241,0.499558,0.499752,0.499866,0.49993,0.499965,0.499983,0.499992,0.499996,0.499998,0.499999,0.5,0.5,0.5,0.5,0.5,0.5,0.5
0.5,0.5,0.5,0.5,0.5,0.5,0.5,0.499999,0.499998,0.499994,0.499988,0.499974,0.499946,0.499892,0.499793,0.499617,0.499319,0.49883,0.498064,0.496909,0.495242,0.492937,0.489888,0.486036,0.481399,0.476098,0.470371,0.464566,0.459116,0.454486,0.451113,0.449334,0.449334,0.451113,0.454486,0.459116,0.464566,0.470371,0.476098,0.481399,0.486036,0.489888,0.492937,0.495242,0.496909,0.498064,0.49883,0.499319,0.499617,0.499793,0.499892,0.499946,0.499974,0.499988,0.499994,0.499998,0.499999,0.5,0.5,0.5,0.5,0.5,0.5,0.5
0.5,0.5,0.5,0.5,0.5,0.5,0.499999,0.499998,0.499996,0.499992,0.499982,0.499961,0.499919,0.499839,0.499692,0.499431,0.498986,0.498261,0.497123,0.495409,0.492937,0.48952,0.485003,0.479299,0.472436,0.464593,0.456123,0.447541,0.439485,0.432643,0.427659,0.42503,0.42503,0.427659,0.432643,0.439485,0.447541,0.456123,0.464593,0.472436,0.479299,0.485003,0.48952,0.492937,0.495409,0.497123,0.498261,0.498986,0.499431,0.499692,0.499839,0.499919,0.499961,0.499982,0.499992,0.499996,0.499998,0.499999,0.5,0.5,0.5,0.5,0.5,0.5
0.5,0.5,0.5,0.5,0.5,0.5,0.499999,0.499998,0.499995,0.499988,0.499974,0.499943,0.499883,0.499769,0.499557,0.499183,0.498546,0.497506,0.495876,0.493424,0.489888,0.485003,0.478547,0.4704,0.460601,0.449409,0.437325,0.425084,0.413596,0.403842,0.396737,0.392991,0.392991,0.396737,0.403842,0.413596,0.425084,0.437325,0.449409,0.460601,0.4704,0.478547,0.485003,0.489888,0.493424,0.495876,0.497506,0.498546,0.499183,0.499557,0.499769,0.499883,0.499943,0.499974,0.499988,0.499995,0.499998,0.499999,0.5,0.5,0.5,0.5,0.5,0.5
0.5,0.5,0.5,0.5,0.5,0.5,0.499999,0.499997,0.499993,0.499983,0.499963,0.499922,0.499838,0.499679,0.499386,0.498868,0.497988,0.496551,0.4943,0.490915,0.486036,0.479299,0.4704,0.459173,0.445677,0.430267,0.413633,0.396789,0.380986,0.367569,0.357797,0.352645,0.352645,0.357797,0.367569,0.380986,0.396789,0.413633,0.430267,0.445677,0.459173,0.4704,0.479299,0.486036,0.490915,0.4943,0.496551,0.497988,0.498868,0.499386,0.499679,0.499838,0.499922,0.499963,0.499983,0.499993,0.499997,0.499999,0.5,0.5,0.5,0.5,0.5,0.5
0.5,0.5,0.5,0.5,0.5,0.499999,0.499998,0.499996,0.49999,0.499978,0.499951,0.499895,0.499784,0.499571,0.49918,0.498489,0.497315,0.4954,0.492401,0.487893,0.481399,0.472436,0.460601,0.445677,0.427742,0.40727,0.385181,0.362816,0.341838,0.324031,0.311063,0.304227,0.304227,0.311063,0.324031,0.341838,0.362816,0.385181,0.40727,0.427742,0.445677,0.460601,0.472436,0.481399,0.487893,0.492401,0.4954,0.497315,0.498489,0.49918,0.499571,0.499784,0.499895,0.499951,0.499978,0.49999,0.499996,0.499998,0.499999,0.5,0.5,0.5,0.5,0.5
0.5,0.5,0.5,0.5,0.5,0.499999,0.499998,0.499995,0.499988,0.499971,0.499937,0.499865,0.499721,0.499448,0.498944,0.498055,0.496545,0.494083,0.490228,0.484437,0.476098,0.464593,0.449409,0.430267,0.40727,0.381029,0.352721,0.324067,0.297195,0.274388,0.257782,0.249027,0.249027,0.257782,0.274388,0.297195,0.324067,0.352721,0.381029,0.40727,0.430267,0.449409,0.464593,0.476098,0.484437,0.490228,0.494083,0.496545,0.498055,0.498944,0.499448,0.499721,0.499865,0.499937,0.499971,0.499988,0.499995,0.499998,0.499999,0.5,0.5,0.5,0.5,0.5
0.5,0.5,0.5,0.5,0.5,0.499999,0.499997,0.499993,0.499984,0.499964,0.499921,0.499832,0.499654,0.499314,0.498689,0.497585,0.495711,0.492657,0.487878,0.480702,0.470371,0.456123,0.437325,0.413633,0.385181,0.352721,0.317713,0.282285,0.249064,0.220874,0.200349,0.18953,0.18953,0.200349,0.220874,0.249064,0.282285,0.317713,0.352721,0.385181,0.413633,0.437325,0.456123,0.470371,0.480702,0.487878,0.492657,0.495711,0.497585,0.498689,0.499314,0.499654,0.499832,0.499921,0.499964,0.499984,0.499993,0.499997,0.499999,0.5,0.5,0.5,0.5,0.5
0.5,0.5,0.5,0.5,0.5,0.499999,0.499997,0.499992,0.499981,0.499957,0.499905,0.499798,0.499585,0.499178,0.498429,0.497107,0.494865,0.491211,0.485495,0.476915,0.464566,0.447541,0.425084,0.396789,0.362816,0.324067,0.282285,0.240009,0.200372,0.166741,0.142257,0.129351,0.129351,0.142257,0.166741,0.200372,0.240009,0.282285,0.324067,0.362816,0.396789,0.425084,0.447541,0.464566,0.476915,0.485495,0.491211,0.494865,0.497107,0.498429,0.499178,0.499585,0.499798,0.499905,0.499957,0.499981,0.499992,0.499997,0.499999,0.5,0.5,0.5,0.5,0.5
0.5,0.5,0.5,0.5,0.499999,0.499999,0.499996,0.499991,0.499978,0.499951,0.499891,0.499767,0.49952,0.499049,0.498185,0.496658,0.49407,0.489852,0.483257,0.473358,0.459116,0.439485,0.413596,0.380986,0.341838,0.297195,0.249064,0.200372,0.154725,0.115998,0.0878058,0.0729454,0.0729454,0.0878058,0.115998,0.154725,0.200372,0.249064,0.297195,0.341838,0.380986,0.413596,0.439485,0.459116,0.473358,0.483257,0.489852,0.49407,0.496658,0.498185,0.499049,0.49952,0.499767,0.499891,0.499951,0.499978,0.499991,0.499996,0.499999,0.499999,0.5,0.5,0.5,0.5
0.5,0.5,0.5,0.5,0.499999,0.499998,0.499996,0.49999,0.499976,0.499945,0.499878,0.49974,0.499465,0.49894,0.497977,0.496277,0.493393,0.488697,0.481354,0.470337,0.454486,0.432643,0.403842,0.367569,0.324031,0.274388,0.220874,0.166741,0.115998,0.0729519,0.0416157,0.0250988,0.0250988,0.0416157,0.0729519,0.115998,0.166741,0.220874,0.274388,0.324031,0.367569,0.403842,0.432643,0.454486,0.470337,0.481354,0.488697,0.493393,0.496277,0.497977,0.49894,0.499465,0.49974,0.499878,0.499945,0.499976,0.49999,0.499996,0.499998,0.499999,0.5,0.5,0.5,0.5
0.5,0.5,0.5,0.5,0.499999,0.499998,0.499996,0.499989,0.499974,0.499941,0.499869,0.49972,0.499425,0.498861,0.497825,0.495998,0.4929,0.487855,0.479968,0.468134,0.451113,0.427659,0.396737,0.357797,0.311063,0.257782,0.200349,0.142257,0.0878058,0.0416157,0.00799226,-0.00972985,-0.00972985,0.00799226,0.0416157,0.0878058,0.142257,0.200349,0.257782,0.311063,0.357797,0.396737,0.427659,0.451113,0.468134,0.479968,0.487855,0.4929,0.495998,0.497825,0.498861,0.499425,0.49972,0.499869,0.499941,0.499974,0.499989,0.499996,0.499998,0.499999,0.5,0.5,0.5,0.5
0.5,0.5,0.5,0.5,0.499999,0.499998,0.499995,0.499989,0.499973,0.499938,0.499864,0.49971,0.499404,0.498819,0.497746,0.495851,0.49264,0.487411,0.479236,0.466973,0.449334,0.42503,0.392991,0.352645,0.304227,0.249027,0.18953,0.129351,0.0729454,0.0250988,-0.00972985,-0.028087,-0.028087,-0.00972985,0.0250988,0.0729454,0.129351,0.18953,0.249027,0.304227,0.352645,0.392991,0.42503,0.449334,0.466973,0.479236,0.487411,0.49264,0.495851,0.497746,0.498819,0.499404,0.49971,0.499864,0.499938,0.499973,0.499989,0.499995,0.499998,0.499999,0.5,0.5,0.5,0.5
0.5,0.5,0.5,0.5,0.499999,0.499998,0.499995,0.499989,0.499973,0.499938,0.499864,0.49971,0.499404,0.498819,0.497746,0.495851,0.49264,0.487411,0.479236,0.466973,0.449334,0.42503,0.392991,0.352645,0.304227,0.249027,0.18953,0.129351,0.0729454,0.0250988,-0.00972985,-0.028087,-0.028087,-0.00972985,0.0250988,0.0729454,0.129351,0.18953,0.249027,0.304227,0.352645,0.392991,0.42503,0.449334,0.466973,0.479236,0.487411,0.49264,0.495851,0.497746,0.498819,0.499404,0.49971,0.499864,0.499938,0.499973,0.499989,0.499995,0.499998,0.499999,0.5,0.5,0.5,0.5
0.5,0.5,0.5,0.5,0.499999,0.499998,0.499996,0.499989,0.499974,0.499941,0.499869,0.49972,0.499425,0.498861,0.497825,0.495998,0.4929,0.487855,0.479968,0.468134,0.451113,0.427659,0.396737,0.357797,0.311063,0.257782,0.200349,0.142257,0.0878058,0.0416157,0.00799226,-0.00972985,-0.00972985,0.00799226,0.0416157,0.0878058,0.142257,0.200349,0.257782,0.311063,0.357797,0.396737,0.427659,0.451113,0.468134,0.479968,0.487855,0.4929,0.495998,0.497825,0.498861,0.499425,0.49972,0.499869,0.499941,0.499974,0.499989,0.499996,0.499998,0.499999,0.5,0.5,0.5,0.5
0.5,0.5,0.5,0.5,0.499999,0.499998,0.499996,0.49999,0.499976,0.499945,0.499878,0.49974,0.499465,0.49894,0.497977,0.496277,0.493393,0.488697,0.481354,0.470337,0.454486,0.432643,0.403842,0.367569,0.324031,0.274388,0.220874,0.166741,0.115998,0.0729519,0.0416157,0.0250988,0.0250988,0.0416157,0.0729519,0.115998,0.166741,0.220874,0.274388,0.324031,0.367569,0.403842,0.432643,0.454486,0.470337,0.481354,0.488697,0.493393,0.496277,0.497977,0.49894,0.499465,0.49974,0.499878,0.499945,0.499976,0.49999,0.499996,0.499998,0.499999,0.5,0.5,0.5,0.5
0.5,0.5,0.5,0.5,0.499999,0.499999,0.499996,0.499991,0.499978,0.499951,0.499891,0.499767,0.49952,0.499049,0.498185,0.496658,0.49407,0.489852,0.483257,0.473358,0.459116,0.439485,0.413596,0.380986,0.341838,0.297195,0.249064,0.200372,0.154725,0.115998,0.0878058,0.0729454,0.0729454,0.0878058,0.115998,0.154725,0.200372,0.249064,0.297195,0.341838,0.380986,0.413596,0.439485,0.459116,0.473358,0.483257,0.489852,0.49407,0.496658,0.498185,0.499049,0.49952,0.499767,0.499891,0.499951,0.499978,0.499991,0.499996,0.499999,0.499999,0.5,0.5,0.5,0.5
0.5,0.5,0.5,0.5,0.5,0.499999,0.499997,0.499992,0.499981,0.499957,0.499905,0.499798,0.499585,0.499178,0.498429,0.497107,0.494865,0.491211,0.485495,0.476915,0.464566,0.447541,0.425084,0.396789,0.362816,0.324067,0.282285,0.240009,0.200372,0.166741,0.142257,0.129351,0.129351,0.142257,0.166741,0.200372,0.240009,0.282285,0.324067,0.362816,0.396789,0.425084,0.447541,0.464566,0.476915,0.485495,0.491211,0.494865,0.497107,0.498429,0.499178,0.499585,0.499798,0.499905,0.499957,0.499981,0.499992,0.499997,0.499999,0.5,0.5,0.5,0.5,0.5
0.5,0.5,0.5,0.5,0.5,0.499999,0.499997,0.499993,0.499984,0.499964,0.499921,0.499832,0.499654,0.499314,0.498689,0.497585,0.495711,0.492657,0.487878,0.480702,0.470371,0.456123,0.437325,0.413633,0.385181,0.352721,0.317713,0.282285,0.249064,0.220874,0.200349,0.18953,0.18953,0.200349,0.220874,0.249064,0.282285,0.317713,0.352721,0.385181,0.413633,0.437325,0.456123,0.470371,0.480702,0.487878,0.492657,0.495711,0.497585,0.498689,0.499314,0.499654,0.499832,0.499921,0.499964,0.499984,0.499993,0.499997,0.499999,0.5,0.5,0.5,0.5,0.5
0.5,0.5,0.5,0.5,0.5,0.499999,0.499998,0.499995,0.499988,0.499971,0.499937,0.499865,0.499721,0.499448,0.498944,0.498055,0.496545,0.494083,0.490228,0.484437,0.476098,0.464593,0.449409,0.430267,0.40727,0.381029,0.352721,0.324067,0.297195,0.274388,0.257782,0.249027,0.249027,0.257782,0.274388,0.297195,0.324067,0.352721,0.381029,0.40727,0.430267,0.449409,0.464593,0.476098,0.484437,0.490228,0.494083,0.496545,0.498055,0.498944,0.499448,0.499721,0.499865,0.499937,0.499971,0.499988,0.499995,0.499998,0.499999,0.5,0.5,0.5,0.5,0.5
0.5,0.5,0.5,0.5,0.5,0.499999,0.499998,0.499996,0.49999,0.499978,0.499951,0.499895,0.499784,0.499571,0.49918,0.498489,0.497315,0.4954,0.492401,0.487893,0.481399,0.472436,0.460601,0.445677,0.427742,0.40727,0.385181,0.362816,0.341838,0.324031,0.311063,0.304227,0.304227,0.311063,0.324031,0.341838,0.362816,0.385181,0.40727,0.427742,0.445677,0.460601,0.472436,0.481399,0.487893,0.492401,0.4954,0.497315,0.498489,0.49918,0.499571,0.499784,0.499895,0.499951,0.499978,0.49999,0.499996,0.499998,0.499999,0.5,0.5,0.5,0.5,0.5
0.5,0.5,0.5,0.5,0.5,0.5,0.499999,0.499997,0.499993,0.499983,0.499963,0.499922,0.499838,0.499679,0.499386,0.498868,0.497988,0.496551,0.4943,0.490915,0.486036,0.479299,0.4704,0.459173,0.445677,0.430267,0.413633,0.396789,0.380986,0.367569,0.357797,0.352645,0.352645,0.357797,0.367569,0.380986,0.396789,0.413633,0.430267,0.445677,0.459173,0.4704,0.479299,0.486036,0.490915,0.4943,0.496551,0.497988,0.498868,0.499386,0.499679,0.499838,0.499922,0.499963,0.499983,0.499993,0.499997,0.499999,0.5,0.5,0.5,0.5,0.5,0.5
0.5,0.5,0.5,0.5,0.5,0.5,0.499999,0.499998,0.499995,0.499988,0.499974,0.499943,0.499883,0.499769,0.499557,0.499183,0.498546,0.497506,0.495876,0.493424,0.489888,0.485003,0.478547,0.4704,0.460601,0.449409,0.437325,0.425084,0.413596,0.403842,0.396737,0.392991,0.392991,0.396737,0.403842,0.413596,0.425084,0.437325,0.449409,0.460601,0.4704,0.478547,0.485003,0.489888,0.493424,0.495876,0.497506,0.498546,0.499183,0.499557,0.499769,0.499883,0.499943,0.499974,0.499988,0.499995,0.499998,0.499999,0.5,0.5,0.5,0.5,0.5,0.5
0.5,0.5,0.5,0.5,0.5,0.5,0.499999,0.499998,0.499996,0.499992,0.499982,0.499961,0.499919,0.499839,0.499692,0.499431,0.498986,0.498261,0.497123,0.495409,0.492937,0.48952,0.485003,0.479299,0.472436,0.464593,0.456123,0.447541,0.439485,0.432643,0.427659,0.42503,0.42503,0.427659,0.432643,0.439485,0.447541,0.456123,0.464593,0.472436,0.479299,0.485003,0.48952,0.492937,0.495409,0.497123,0.498261,0.498986,0.499431,0.499692,0.499839,0.499919,0.499961,0.499982,0.499992,0.499996,0.499998,0.499999,0.5,0.5,0.5,0.5,0.5,0.5
0.5,0.5,0.5,0.5,0.5,0.5,0.5,0.499999,0.499998,0.499994,0.499988,0.499974,0.499946,0.499892,0.499793,0.499617,0.499319,0.49883,0.498064,0.496909,0.495242,0.492937,0.489888,0.486036,0.481399,0.476098,0.470371,0.464566,0.459116,0.454486,0.451113,0.449334,0.449334,0.451113,0.454486,0.459116,0.464566,0.470371,0.476098,0.481399,0.486036,0.489888,0.492937,0.495242,0.496909,0.498064,0.49883,0.499319,0.499617,0.499793,0.499892,0.499946,0.499974,0.499988,0.499994,0.499998,0.499999,0.5,0.5,0.5,0.5,0.5,0.5,0.5
0.5,0.5,0.5,0.5,0.5,0.5,0.5,0.499999,0.499998,0.499996,0.499992,0.499983,0.499965,0.49993,0.499866,0.499752,0.499558,0.499241,0.498744,0.497993,0.496909,0.495409,0.493424,0.490915,0.487893,0.484437,0.480702,0.476915,0.473358,0.470337,0.468134,0.466973,0.466973,0.468134,0.470337,0.473358,0.476915,0.480702,0.484437,0.487893,0.490915,0.493424,0.495409,0.496909,0.497993,0.498744,0.499241,0.499558,0.499752,0.499866,0.49993,0.499965,0.499983,0.499992,0.499996,0.499998,0.499999,0.5,0.5,0.5,0.5,0.5,0.5,0.5
0.5,0.5,0.5,0.5,0.5,0.5,0.5,0.5,0.499999,0.499998,0.499995,0.499989,0.499978,0.499956,0.499916,0.499845,0.499724,0.499526,0.499214,0.498744,0.498064,0.497123,0.495876,0.4943,0.492401,0.490228,0.487878,0.485495,0.483257,0.481354,0.479968,0.479236,0.479236,0.479968,0.481354,0.483257,0.485495,0.487878,0.490228,0.492401,0.4943,0.495876,0.497123,0.498064,0.498744,0.499214,0.499526,0.499724,0.499845,0.499916,0.499956,0.499978,0.499989,0.499995,0.499998,0.499999,0.5,0.5,0.5,0.5,0.5,0.5,0.5,0.5
0.5,0.5,0.5,0.5,0.5,0.5,0.5,0.5,0.499999,0.499999,0.499997,0.499994,0.499987,0.499974,0.49995,0.499907,0.499834,0.499714,0.499526,0.499241,0.49883,0.498261,0.497506,0.496551,0.4954,0.494083,0.492657,0.491211,0.489852,0.488697,0.487855,0.487411,0.487411,0.487855,0.488697,0.489852,0.491211,0.492657,0.494083,0.4954,0.496551,0.497506,0.498261,0.49883,0.499241,0.499526,0.499714,0.499834,0.499907,0.49995,0.499974,0.499987,0.499994,0.499997,0.499999,0.499999,0.5,0.5,0.5,0.5,0.5,0.5,0.5,0.5
0.5,0.5,0.5,0.5,0.5,0.5,0.5,0.5,0.5,0.499999,0.499998,0.499996,0.499992,0.499985,0.499971,0.499946,0.499903,0.499834,0.499724,0.499558,0.499319,0.498986,0.498546,0.497988,0.497315,0.496545,0.495711,0.494865,0.49407,0.493393,0.4929,0.49264,0.49264,0.4929,0.493393,0.49407,0.494865,0.495711,0.496545,0.497315,0.497988,0.498546,0.498986,0.499319,0.499558,0.499724,0.499834,0.499903,0.499946,0.499971,0.499985,0.499992,0.499996,0.499998,0.499999,0.5,0.5,0.5,0.5,0.5,0.5,0.5,0.5,0.5
0.5,0.5,0.5,0.5,0.5,0.5,0.5,0.5,0.5,0.5,0.499999,0.499998,0.499996,0.499992,0.499984,0.49997,0.499946,0.499907,0.499845,0.499752,0.499617,0.499431,0.499183,0.498868,0.498489,0.498055,0.497585,0.497107,0.496658,0.496277,0.495998,0.495851,0.495851,0.495998,0.496277,0.496658,0.497107,0.497585,0.498055,0.498489,0.498868,0.499183,0.499431,0.499617,0.499752,0.499845,0.499907,0.499946,0.49997,0.499984,0.499992,0.499996,0.499998,0.499999,0.5,0.5,0.5,0.5,0.5,0.5,0.5,0.5,0.5,0.5
0.5,0.5,0.5,0.5,0.5,0.5,0.5,0.5,0.5,0.5,0.499999,0.499999,0.499998,0.499995,0.499991,0.499984,0.499971,0.49995,0.499916,0.499866,0.499793,0.499692,0.499557,0.499386,0.49918,0.498944,0.498689,0.498429,0.498185,0.497977,0.497825,0.497746,0.497746,0.497825,0.497977,0.498185,0.498429,0.498689,0.498944,0.49918,0.499386,0.499557,0.499692,0.499793,0.499866,0.499916,0.49995,0.499971,0.499984,0.499991,0.499995,0.499998,0.499999,0.499999,0.5,0.5,0.5,0.5,0.5,0.5,0.5,0.5,0.5,0.5
0.5,0.5,0.5,0.5,0.5,0.5,0.5,0.5,0.5,0.5,0.5,0.499999,0.499999,0.499998,0.499995,0.499992,0.499985,0.499974,0.499956,0.49993,0.499892,0.499839,0.499769,0.499679,0.499571,0.499448,0.499314,0.499178,0.499049,0.49894,0.498861,0.498819,0.498819,0.498861,0.49894,0.499049,0.499178,0.499314,0.499448,0.499571,0.499679,0.499769,0.499839,0.499892,0.49993,0.499956,0.499974,0.499985,0.499992,0.499995,0.499998,0.499999,0.499999,0.5,0.5,0.5,0.5,0.5,0.5,0.5,0.5,0.5,0.5,0.5
0.5,0.5,0.5,0.5,0.5,0.5,0.5,0.5,0.5,0.5,0.5,0.5,0.499999,0.499999,0.499998,0.499996,0.499992,0.499987,0.499978,0.499965,0.499946,0.499919,0.499883,0.499838,0.499784,0.499721,0.499654,0.499585,0.49952,0.499465,0.499425,0.499404,0.499404,0.499425,0.499465,0.49952,0.499585,0.499654,0.499721,0.499784,0.499838,0.499883,0.499919,0.499946,0.499965,0.499978,0.499987,0.499992,0.499996,0.499998,0.499999,0.499999,0.5,0.5,0.5,0.5,0.5,0.5,0.5,0.5,0.5,0.5,0.5,0.5
0.5,0.5,0.5,0.5,0.5,0.5,0.5,0.5,0.5,0.5,0.5,0.5,0.5,0.499999,0.499999,0.499998,0.499996,0.499994,0.499989,0.499983,0.499974,0.499961,0.499943,0.499922,0.499895,0.499865,0.499832,0.499798,0.499767,0.49974,0.49972,0.49971,0.49971,0.49972,0.49974,0.499767,0.499798,0.499832,0.499865,0.499895,0.499922,0.499943,0.499961,0.499974,0.499983,0.499989,0.499994,0.499996,0.499998,0.499999,0.499999,0.5,0.5,0.5,0.5,0.5,0.5,0.5,0.5,0.5,0.5,0.5,0.5,0.5
0.5,0.5,0.5,0.5,0.5,0.5,0.5,0.5,0.5,0.5,0.5,0.5,0.5,0.5,0.499999,0.499999,0.499998,0.499997,0.499995,0.499992,0.499988,0.499982,0.499974,0.499963,0.499951,0.499937,0.499921,0.499905,0.499891,0.499878,0.499869,0.499864,0.499864,0.499869,0.499878,0.499891,0.499905,0.499921,0.499937,0.499951,0.499963,0.499974,0.499982,0.499988,0.499992,0.499995,0.499997,0.499998,0.499999,0.499999,0.5,0.5,0.5,0.5,0.5,0.5,0.5,0.5,0.5,0.5,0.5,0.5,0.5,0.5
0.5,0.5,0.5,0.5,0.5,0.5,0.5,0.5,0.5,0.5,0.5,0.5,0.5,0.5,0.5,0.5,0.499999,0.499999,0.499998,0.499996,0.499994,0.499992,0.499988,0.499983,0.499978,0.499971,0.499964,0.499957,0.499951,0.499945,0.499941,0.499938,0.499938,0.499941,0.499945,0.499951,0.499957,0.499964,0.499971,0.499978,0.499983,0.499988,0.499992,0.499994,0.499996,0.499998,0.499999,0.499999,0.5,0.5,0.5,0.5,0.5,0.5,0.5,0.5,0.5,0.5,0.5,0.5,0.5,0.5,0.5,0.5
0.5,0.5,0.5,0.5,0.5,0.5,0.5,0.5,0.5,0.5,0.5,0.5,0.5,0.5,0.5,0.5,0.5,0.499999,0.499999,0.499998,0.499998,0.499996,0.499995,0.499993,0.49999,0.499988,0.499984,0.499981,0.499978,0.499976,0.499974,0.499973,0.499973,0.499974,0.499976,0.499978,0.499981,0.499984,0.499988,0.49999,0.499993,0.499995,0.499996,0.499998,0.499998,0.499999,0.499999,0.5,0.5,0.5,0.5,0.5,0.5,0.5,0.5,0.5,0.5,0.5,0.5,0.5,0.5,0.5,0.5,0.5
0.5,0.5,0.5,0.5,0.5,0.5,0.5,0.5,0.5,0.5,0.5,0.5,0.5,0.5,0.5,0.5,0.5,0.5,0.5,0.499999,0.499999,0.499998,0.499998,0.499997,0.499996,0.499995,0.499993,0.499992,0.499991,0.49999,0.499989,0.499989,0.499989,0.499989,0.49999,0.499991,0.499992,0.499993,0.499995,0.499996,0.499997,0.499998,0.499998,0.499999,0.499999,0.5,0.5,0.5,0.5,0.5,0.5,0.5,0.5,0.5,0.5,0.5,0.5,0.5,0.5,0.5,0.5,0.5,0.5,0.5
0.5,0.5,0.5,0.5,0.5,0.5,0.5,0.5,0.5,0.5,0.5,0.5,0.5,0.5,0.5,0.5,0.5,0.5,0.5,0.5,0.5,0.499999,0.499999,0.499999,0.499998,0.499998,0.499997,0.499997,0.499996,0.499996,0.499996,0.499995,0.499995,0.499996,0.499996,0.499996,0.499997,0.499997,0.499998,0.499998,0.499999,0.499999,0.499999,0.5,0.5,0.5,0.5,0.5,0.5,0.5,0.5,0.5,0.5,0.5,0.5,0.5,0.5,0.5,0.5,0.5,0.5,0.5,0.5,0.5
0.5,0.5,0.5,0.5,0.5,0.5,0.5,0.5,0.5,0.5,0.5,0.5,0.5,0.5,0.5,0.5,0.5,0.5,0.5,0.5,0.5,0.5,0.5,0.5,0.499999,0.499999,0.499999,0.499999,0.499999,0.499998,0.499998,0.499998,0.499998,0.499998,0.499998,0.499999,0.499999,0.499999,0.499999,0.499999,0.5,0.5,0.5,0.5,0.5,0.5,0.5,0.5,0.5,0.5,0.5,0.5,0.5,0.5,0.5,0.5,0.5,0.5,0.5,0.5,0.5,0.5,0.5,0.5
0.5,0.5,0.5,0.5,0.5,0.5,0.5,0.5,0.5,0.5,0.5,0.5,0.5,0.5,0.5,0.5,0.5,0.5,0.5,0.5,0.5,0.5,0.5,0.5,0.5,0.5,0.5,0.5,0.499999,0.499999,0.499999,0.499999,0.499999,0.499999,0.499999,0.499999,0.5,0.5,0.5,0.5,0.5,0.5,0.5,0.5,0.5,0.5,0.5,0.5,0.5,0.5,0.5,0.5,0.5,0.5,0.5,0.5,0.5,0.5,0.5,0.5,0.5,0.5,0.5,0.5
0.5,0.5,0.5,0.5,0.5,0.5,0.5,0.5,0.5,0.5,0.5,0.5,0.5,0.5,0.5,0.5,0.5,0.5,0.5,0.5,0.5,0.5,0.5,0.5,0.5,0.5,0.5,0.5,0.5,0.5,0.5,0.5,0.5,0.5,0.5,0.5,0.5,0.5,0.5,0.5,0.5,0.5,0.5,0.5,0.5,0.5,0.5,0.5,0.5,0.5,0.5,0.5,0.5,0.5,0.5,0.5,0.5,0.5,0.5,0.5,0.5,0.5,0.5,0.5
0.5,0.5,0.5,0.5,0.5,0.5,0.5,0.5,0.5,0.5,0.5,0.5,0.5,0.5,0.5,0.5,0.5,0.5,0.5,0.5,0.5,0.5,0.5,0.5,0.5,0.5,0.5,0.5,0.5,0.5,0.5,0.5,0.5,0.5,0.5,0.5,0.5,0.5,0.5,0.5,0.5,0.5,0.5,0.5,0.5,0.5,0.5,0.5,0.5,0.5,0.5,0.5,0.5,0.5,0.5,0.5,0.5,0.5,0.5,0.5,0.5,0.5,0.5,0.5
0.5,0.5,0.5,0.5,0.5,0.5,0.5,0.5,0.5,0.5,0.5,0.5,0.5,0.5,0.5,0.5,0.5,0.5,0.5,0.5,0.5,0.5,0.5,0.5,0.5,0.5,0.5,0.5,0.5,0.5,0.5,0.5,0.5,0.5,0.5,0.5,0.5,0.5,0.5,0.5,0.5,0.5,0.5,0.5,0.5,0.5,0.5,0.5,0.5,0.5,0.5,0.5,0.5,0.5,0.5,0.5,0.5,0.5,0.5,0.5,0.5,0.5,0.5,0.5
0.5,0.5,0.5,0.5,0.5,0.5,0.5,0.5,0.5,0.5,0.5,0.5,0.5,0.5,0.5,0.5,0.5,0.5,0.5,0.5,0.5,0.5,0.5,0.5,0.5,0.5,0.5,0.5,0.5,0.5,0.5,0.5,0.5,0.5,0.5,0.5,0.5,0.5,0.5,0.5,0.5,0.5,0.5,0.5,0.5,0.5,0.5,0.5,0.5,0.5,0.5,0.5,0.5,0.5,0.5,0.5,0.5,0.5,0.5,0.5,0.5,0.5,0.5,0.5
