0.499998,0.499998,0.499997,0.499995,0.499991,0.499984,0.499972,0.499953,0.499922,0.499875,0.499804,0.499702,0.499557,0.499357,0.499089,0.498738,0.498292,0.497739,0.497072,0.496288,0.49539,0.494389,0.493304,0.492162,0.490995,0.489842,0.488746,0.48775,0.486894,0.486216,0.485747,0.485506,0.485506,0.485747,0.486216,0.486894,0.48775,0.488746,0.489842,0.490995,0.492162,0.493304,0.494389,0.49539,0.496288,0.497072,0.497739,0.498292,0.498738,0.499089,0.499357,0.499557,0.499702,0.499804,0.499875,0.499922,0.499953,0.499972,0.499984,0.499991,0.499995,0.499997,0.499998,0.499998
0.499998,0.499998,0.499997,0.499995,0.499991,0.499984,0.499972,0.499953,0.499922,0.499875,0.499804,0.499702,0.499557,0.499357,0.499089,0.498738,0.498292,0.497739,0.497072,0.496288,0.49539,0.494389,0.493304,0.492162,0.490995,0.489842,0.488746,0.48775,0.486894,0.486216,0.485747,0.485506,0.485506,0.485747,0.486216,0.486894,0.48775,0.488746,0.489842,0.490995,0.492162,0.493304,0.494389,0.49539,0.496288,0.497072,0.497739,0.498292,0.498738,0.499089,0.499357,0.499557,0.499702,0.499804,0.499875,0.499922,0.499953,0.499972,0.499984,0.499991,0.499995,0.499997,0.499998,0.499998
0.499997,0.499997,0.499996,0.499993,0.499987,0.499977,0.499961,0.499934,0.499893,0.499829,0.499735,0.4996,0.499409,0.499149,0.498802,0.498353,0.497786,0.497089,0.496254,0.495279,0.49417,0.492942,0.49162,0.490235,0.488827,0.487444,0.486134,0.484947,0.483931,0.483127,0.482572,0.482288,0.482288,0.482572,0.483127,0.483931,0.484947,0.486134,0.487444,0.488827,0.490235,0.49162,0.492942,0.49417,0.495279,0.496254,0.497089,0.497786,0.498353,0.498802,0.499149,0.499409,0.4996,0.499735,0.499829,0.499893,0.499934,0.499961,0.499977,0.499987,0.499993,0.499996,0.499997,0.499997
0.499995,0.499995,0.499993,0.499988,0.499978,0.499962,0.499936,0.499893,0.499827,0.499728,0.499582,0.499373,0.499084,0.498693,0.498177,0.497517,0.496693,0.495689,0.4945,0.493125,0.491577,0.489879,0.488065,0.486182,0.484282,0.482428,0.480683,0.479111,0.47777,0.476715,0.475986,0.475615,0.475615,0.475986,0.476715,0.47777,0.479111,0.480683,0.482428,0.484282,0.486182,0.488065,0.489879,0.491577,0.493125,0.4945,0.495689,0.496693,0.497517,0.498177,0.498693,0.499084,0.499373,0.499582,0.499728,0.499827,0.499893,0.499936,0.499962,0.499978,0.499988,0.499993,0.499995,0.499995
0.499991,0.499991,0.499987,0.499978,0.499962,0.499935,0.49989,0.499819,0.49971,0.499548,0.499311,0.498978,0.49852,0.497907,0.497109,0.496098,0.494849,0.493346,0.491582,0.489565,0.487317,0.484875,0.482291,0.479632,0.476972,0.474395,0.471985,0.469826,0.467995,0.466558,0.465569,0.465066,0.465066,0.465569,0.466558,0.467995,0.469826,0.471985,0.474395,0.476972,0.479632,0.482291,0.484875,0.487317,0.489565,0.491582,0.493346,0.494849,0.496098,0.497109,0.497907,0.49852,0.498978,0.499311,0.499548,0.49971,0.499819,0.49989,0.499935,0.499962,0.499978,0.499987,0.499991,0.499991
0.499984,0.499984,0.499977,0.499962,0.499935,0.499889,0.499814,0.499696,0.499517,0.499253,0.498873,0.498343,0.497622,0.496668,0.495439,0.493898,0.492016,0.489774,0.487173,0.484229,0.480981,0.477488,0.473827,0.470093,0.466389,0.462827,0.45952,0.456574,0.454089,0.452147,0.450814,0.450136,0.450136,0.450814,0.452147,0.454089,0.456574,0.45952,0.462827,0.466389,0.470093,0.473827,0.477488,0.480981,0.484229,0.487173,0.489774,0.492016,0.493898,0.495439,0.496668,0.497622,0.498343,0.498873,0.499253,0.499517,0.499696,0.499814,0.499889,0.499935,0.499962,0.499977,0.499984,0.499984
0.499972,0.499972,0.499961,0.499936,0.49989,0.499814,0.499691,0.499501,0.499214,0.498794,0.498196,0.497371,0.49626,0.494807,0.492956,0.490661,0.487887,0.48462,0.48087,0.476672,0.472088,0.467209,0.462146,0.457029,0.451997,0.447198,0.442773,0.438858,0.435571,0.433013,0.431264,0.430375,0.430375,0.431264,0.433013,0.435571,0.438858,0.442773,0.447198,0.451997,0.457029,0.462146,0.467209,0.472088,0.476672,0.48087,0.48462,0.487887,0.490661,0.492956,0.494807,0.49626,0.497371,0.498196,0.498794,0.499214,0.499501,0.499691,0.499814,0.49989,0.499936,0.499961,0.499972,0.499972
0.499953,0.499953,0.499934,0.499893,0.499819,0.499696,0.499501,0.4992,0.498751,0.498101,0.497186,0.495935,0.494271,0.492117,0.489405,0.486079,0.482106,0.47748,0.47223,0.466419,0.460145,0.453538,0.446753,0.439962,0.433349,0.427093,0.421371,0.416342,0.412144,0.408892,0.406675,0.405551,0.405551,0.406675,0.408892,0.412144,0.416342,0.421371,0.427093,0.433349,0.439962,0.446753,0.453538,0.460145,0.466419,0.47223,0.47748,0.482106,0.486079,0.489405,0.492117,0.494271,0.495935,0.497186,0.498101,0.498751,0.4992,0.499501,0.499696,0.499819,0.499893,0.499934,0.499953,0.499953
0.499922,0.499922,0.499893,0.499827,0.49971,0.499517,0.499214,0.498751,0.498068,0.497089,0.495726,0.493883,0.491458,0.488357,0.484496,0.479818,0.474296,0.467945,0.460823,0.453034,0.444724,0.436073,0.427288,0.418591,0.410205,0.402348,0.395222,0.389004,0.383848,0.379874,0.377174,0.375809,0.375809,0.377174,0.379874,0.383848,0.389004,0.395222,0.402348,0.410205,0.418591,0.427288,0.436073,0.444724,0.453034,0.460823,0.467945,0.474296,0.479818,0.484496,0.488357,0.491458,0.493883,0.495726,0.497089,0.498068,0.498751,0.499214,0.499517,0.49971,0.499827,0.499893,0.499922,0.499922
0.499875,0.499875,0.499829,0.499728,0.499548,0.499253,0.498794,0.498101,0.497089,0.495654,0.493679,0.491037,0.487603,0.483264,0.477928,0.471541,0.464099,0.455647,0.44629,0.436188,0.425547,0.414608,0.403635,0.392898,0.382661,0.373168,0.36464,0.357261,0.351184,0.346528,0.343378,0.341789,0.341789,0.343378,0.346528,0.351184,0.357261,0.36464,0.373168,0.382661,0.392898,0.403635,0.414608,0.425547,0.436188,0.44629,0.455647,0.464099,0.471541,0.477928,0.483264,0.487603,0.491037,0.493679,0.495654,0.497089,0.498101,0.498794,0.499253,0.499548,0.499728,0.499829,0.499875,0.499875
0.499804,0.499804,0.499735,0.499582,0.499311,0.498873,0.498196,0.497186,0.495726,0.493679,0.490892,0.48721,0.482481,0.476579,0.469414,0.460952,0.45122,0.440319,0.428415,0.415741,0.402573,0.389221,0.376007,0.363244,0.351227,0.340213,0.330423,0.322033,0.31518,0.309963,0.306451,0.304685,0.304685,0.306451,0.309963,0.31518,0.322033,0.330423,0.340213,0.351227,0.363244,0.376007,0.389221,0.402573,0.415741,0.428415,0.440319,0.45122,0.460952,0.469414,0.476579,0.482481,0.48721,0.490892,0.493679,0.495726,0.497186,0.498196,0.498873,0.499311,0.499582,0.499735,0.499804,0.499804
0.499702,0.499702,0.4996,0.499373,0.498978,0.498343,0.497371,0.495935,0.493883,0.491037,0.48721,0.482213,0.475877,0.468071,0.458722,0.447832,0.435484,0.421852,0.407186,0.391802,0.376059,0.360335,0.345004,0.330412,0.316864,0.304612,0.293855,0.284738,0.277361,0.271789,0.268058,0.266189,0.266189,0.268058,0.271789,0.277361,0.284738,0.293855,0.304612,0.316864,0.330412,0.345004,0.360335,0.376059,0.391802,0.407186,0.421852,0.435484,0.447832,0.458722,0.468071,0.475877,0.482213,0.48721,0.491037,0.493883,0.495935,0.497371,0.498343,0.498978,0.499373,0.4996,0.499702,0.499702
0.499557,0.499557,0.499409,0.499084,0.49852,0.497622,0.49626,0.494271,0.491458,0.487603,0.482481,0.475877,0.467612,0.457567,0.445704,0.432085,0.416876,0.400343,0.382838,0.364774,0.346592,0.328734,0.311611,0.295582,0.280939,0.267901,0.256617,0.247179,0.23963,0.23398,0.230224,0.22835,0.22835,0.230224,0.23398,0.23963,0.247179,0.256617,0.267901,0.280939,0.295582,0.311611,0.328734,0.346592,0.364774,0.382838,0.400343,0.416876,0.432085,0.445704,0.457567,0.467612,0.475877,0.482481,0.487603,0.491458,0.494271,0.49626,0.497622,0.49852,0.499084,0.499409,0.499557,0.499557
0.499357,0.499357,0.499149,0.498693,0.497907,0.496668,0.494807,0.492117,0.488357,0.483264,0.476579,0.468071,0.457567,0.444979,0.430331,0.413772,0.395574,0.376119,0.355873,0.33535,0.31507,0.295523,0.277134,0.260246,0.245108,0.231875,0.220623,0.211362,0.20406,0.198659,0.1951,0.193334,0.193334,0.1951,0.198659,0.20406,0.211362,0.220623,0.231875,0.245108,0.260246,0.277134,0.295523,0.31507,0.33535,0.355873,0.376119,0.395574,0.413772,0.430331,0.444979,0.457567,0.468071,0.476579,0.483264,0.488357,0.492117,0.494807,0.496668,0.497907,0.498693,0.499149,0.499357,0.499357
0.499089,0.499089,0.498802,0.498177,0.497109,0.495439,0.492956,0.489405,0.484496,0.477928,0.469414,0.458722,0.445704,0.430331,0.412718,0.393127,0.371961,0.349735,0.327038,0.304479,0.282641,0.262036,0.243075,0.226051,0.211135,0.19839,0.187789,0.179244,0.172631,0.167818,0.164684,0.163141,0.163141,0.164684,0.167818,0.172631,0.179244,0.187789,0.19839,0.211135,0.226051,0.243075,0.262036,0.282641,0.304479,0.327038,0.349735,0.371961,0.393127,0.412718,0.430331,0.445704,0.458722,0.469414,0.477928,0.484496,0.489405,0.492956,0.495439,0.497109,0.498177,0.498802,0.499089,0.499089
0.498738,0.498738,0.498353,0.497517,0.496098,0.493898,0.490661,0.486079,0.479818,0.471541,0.460952,0.447832,0.432085,0.413772,0.393127,0.370553,0.346606,0.321943,0.29727,0.273278,0.250586,0.229698,0.210972,0.194613,0.180683,0.169124,0.15979,0.152479,0.146972,0.143056,0.140554,0.139336,0.139336,0.140554,0.143056,0.146972,0.152479,0.15979,0.169124,0.180683,0.194613,0.210972,0.229698,0.250586,0.273278,0.29727,0.321943,0.346606,0.370553,0.393127,0.413772,0.432085,0.447832,0.460952,0.471541,0.479818,0.486079,0.490661,0.493898,0.496098,0.497517,0.498353,0.498738,0.498738
0.498292,0.498292,0.497786,0.496693,0.494849,0.492016,0.487887,0.482106,0.474296,0.464099,0.45122,0.435484,0.416876,0.395574,0.371961,0.346606,0.320228,0.293624,0.267607,0.242923,0.220193,0.199869,0.182218,0.167324,0.155109,0.145377,0.137849,0.13221,0.128146,0.125372,0.123658,0.122843,0.122843,0.123658,0.125372,0.128146,0.13221,0.137849,0.145377,0.155109,0.167324,0.182218,0.199869,0.220193,0.242923,0.267607,0.293624,0.320228,0.346606,0.371961,0.395574,0.416876,0.435484,0.45122,0.464099,0.474296,0.482106,0.487887,0.492016,0.494849,0.496693,0.497786,0.498292,0.498292
0.497739,0.497739,0.497089,0.495689,0.493346,0.489774,0.48462,0.47748,0.467945,0.455647,0.440319,0.421852,0.400343,0.376119,0.349735,0.321943,0.293624,0.26571,0.239088,0.214527,0.192607,0.173689,0.157907,0.145192,0.13531,0.127915,0.122598,0.118938,0.116539,0.115057,0.114223,0.113853,0.113853,0.114223,0.115057,0.116539,0.118938,0.122598,0.127915,0.13531,0.145192,0.157907,0.173689,0.192607,0.214527,0.239088,0.26571,0.293624,0.321943,0.349735,0.376119,0.400343,0.421852,0.440319,0.455647,0.467945,0.47748,0.48462,0.489774,0.493346,0.495689,0.497089,0.497739,0.497739
0.497072,0.497072,0.496254,0.4945,0.491582,0.487173,0.48087,0.47223,0.460823,0.44629,0.428415,0.407186,0.382838,0.355873,0.327038,0.29727,0.267607,0.239088,0.212647,0.189027,0.168724,0.151964,0.138719,0.128745,0.121641,0.116915,0.114041,0.112507,0.111856,0.111708,0.111773,0.111854,0.111854,0.111773,0.111708,0.111856,0.112507,0.114041,0.116915,0.121641,0.128745,0.138719,0.151964,0.168724,0.189027,0.212647,0.239088,0.267607,0.29727,0.327038,0.355873,0.382838,0.407186,0.428415,0.44629,0.460823,0.47223,0.48087,0.487173,0.491582,0.4945,0.496254,0.497072,0.497072
0.496288,0.496288,0.495279,0.493125,0.489565,0.484229,0.476672,0.466419,0.453034,0.436188,0.415741,0.391802,0.364774,0.33535,0.304479,0.273278,0.242923,0.214527,0.189027,0.167097,0.149103,0.135103,0.124881,0.118008,0.113921,0.111995,0.111606,0.112182,0.11323,0.114355,0.115266,0.115768,0.115768,0.115266,0.114355,0.11323,0.112182,0.111606,0.111995,0.113921,0.118008,0.124881,0.135103,0.149103,0.167097,0.189027,0.214527,0.242923,0.273278,0.304479,0.33535,0.364774,0.391802,0.415741,0.436188,0.453034,0.466419,0.476672,0.484229,0.489565,0.493125,0.495279,0.496288,0.496288
0.49539,0.49539,0.49417,0.491577,0.487317,0.480981,0.472088,0.460145,0.444724,0.425547,0.402573,0.376059,0.346592,0.31507,0.282641,0.250586,0.220193,0.192607,0.168724,0.149103,0.133945,0.123111,0.116185,0.112558,0.111516,0.112325,0.114295,0.116819,0.1194,0.121653,0.123301,0.124168,0.124168,0.123301,0.121653,0.1194,0.116819,0.114295,0.112325,0.111516,0.112558,0.116185,0.123111,0.133945,0.149103,0.168724,0.192607,0.220193,0.250586,0.282641,0.31507,0.346592,0.376059,0.402573,0.425547,0.444724,0.460145,0.472088,0.480981,0.487317,0.491577,0.49417,0.49539,0.49539
0.494389,0.494389,0.492942,0.489879,0.484875,0.477488,0.467209,0.453538,0.436073,0.414608,0.389221,0.360335,0.328734,0.295523,0.262036,0.229698,0.199869,0.173689,0.151964,0.135103,0.123111,0.115639,0.112071,0.111628,0.113472,0.11679,0.120856,0.125061,0.128929,0.132105,0.134347,0.135504,0.135504,0.134347,0.132105,0.128929,0.125061,0.120856,0.11679,0.113472,0.111628,0.112071,0.115639,0.123111,0.135103,0.151964,0.173689,0.199869,0.229698,0.262036,0.295523,0.328734,0.360335,0.389221,0.414608,0.436073,0.453538,0.467209,0.477488,0.484875,0.489879,0.492942,0.494389,0.494389
0.493304,0.493304,0.49162,0.488065,0.482291,0.473827,0.462146,0.446753,0.427288,0.403635,0.376007,0.345004,0.311611,0.277134,0.243075,0.210972,0.182218,0.157907,0.138719,0.124881,0.116185,0.112071,0.111732,0.114244,0.118673,0.12416,0.129973,0.13553,0.140398,0.14427,0.146948,0.148314,0.148314,0.146948,0.14427,0.140398,0.13553,0.129973,0.12416,0.118673,0.114244,0.111732,0.112071,0.116185,0.124881,0.138719,0.157907,0.182218,0.210972,0.243075,0.277134,0.311611,0.345004,0.376007,0.403635,0.427288,0.446753,0.462146,0.473827,0.482291,0.488065,0.49162,0.493304,0.493304
0.492162,0.492162,0.490235,0.486182,0.479632,0.470093,0.457029,0.439962,0.418591,0.392898,0.363244,0.330412,0.295582,0.260246,0.226051,0.194613,0.167324,0.145192,0.128745,0.118008,0.112558,0.111628,0.114244,0.119364,0.125989,0.133244,0.140421,0.146986,0.152564,0.156908,0.15987,0.161368,0.161368,0.15987,0.156908,0.152564,0.146986,0.140421,0.133244,0.125989,0.119364,0.114244,0.111628,0.112558,0.118008,0.128745,0.145192,0.167324,0.194613,0.226051,0.260246,0.295582,0.330412,0.363244,0.392898,0.418591,0.439962,0.457029,0.470093,0.479632,0.486182,0.490235,0.492162,0.492162
0.490995,0.490995,0.488827,0.484282,0.476972,0.466389,0.451997,0.433349,0.410205,0.382661,0.351227,0.316864,0.280939,0.245108,0.211135,0.180683,0.155109,0.13531,0.121641,0.113921,0.111516,0.113472,0.118673,0.125989,0.134385,0.143,0.151169,0.15842,0.164446,0.169065,0.172179,0.173745,0.173745,0.172179,0.169065,0.164446,0.15842,0.151169,0.143,0.134385,0.125989,0.118673,0.113472,0.111516,0.113921,0.121641,0.13531,0.155109,0.180683,0.211135,0.245108,0.280939,0.316864,0.351227,0.382661,0.410205,0.433349,0.451997,0.466389,0.476972,0.484282,0.488827,0.490995,0.490995
0.489842,0.489842,0.487444,0.482428,0.474395,0.462827,0.447198,0.427093,0.402348,0.373168,0.340213,0.304612,0.267901,0.231875,0.19839,0.169124,0.145377,0.127915,0.116915,0.111995,0.112325,0.11679,0.12416,0.133244,0.143,0.152597,0.161429,0.169093,0.175354,0.18009,0.183254,0.184836,0.184836,0.183254,0.18009,0.175354,0.169093,0.161429,0.152597,0.143,0.133244,0.12416,0.11679,0.112325,0.111995,0.116915,0.127915,0.145377,0.169124,0.19839,0.231875,0.267901,0.304612,0.340213,0.373168,0.402348,0.427093,0.447198,0.462827,0.474395,0.482428,0.487444,0.489842,0.489842
0.488746,0.488746,0.486134,0.480683,0.471985,0.45952,0.442773,0.421371,0.395222,0.36464,0.330423,0.293855,0.256617,0.220623,0.187789,0.15979,0.137849,0.122598,0.114041,0.111606,0.114295,0.120856,0.129973,0.140421,0.151169,0.161429,0.170659,0.178526,0.184863,0.189605,0.19275,0.194314,0.194314,0.19275,0.189605,0.184863,0.178526,0.170659,0.161429,0.151169,0.140421,0.129973,0.120856,0.114295,0.111606,0.114041,0.122598,0.137849,0.15979,0.187789,0.220623,0.256617,0.293855,0.330423,0.36464,0.395222,0.421371,0.442773,0.45952,0.471985,0.480683,0.486134,0.488746,0.488746
0.48775,0.48775,0.484947,0.479111,0.469826,0.456574,0.438858,0.416342,0.389004,0.357261,0.322033,0.284738,0.247179,0.211362,0.179244,0.152479,0.13221,0.118938,0.112507,0.112182,0.116819,0.125061,0.13553,0.146986,0.15842,0.169093,0.178526,0.186453,0.192764,0.197445,0.200528,0.202056,0.202056,0.200528,0.197445,0.192764,0.186453,0.178526,0.169093,0.15842,0.146986,0.13553,0.125061,0.116819,0.112182,0.112507,0.118938,0.13221,0.152479,0.179244,0.211362,0.247179,0.284738,0.322033,0.357261,0.389004,0.416342,0.438858,0.456574,0.469826,0.479111,0.484947,0.48775,0.48775
0.486894,0.486894,0.483931,0.47777,0.467995,0.454089,0.435571,0.412144,0.383848,0.351184,0.31518,0.277361,0.23963,0.20406,0.172631,0.146972,0.128146,0.116539,0.111856,0.11323,0.1194,0.128929,0.140398,0.152564,0.164446,0.175354,0.184863,0.192764,0.198996,0.203585,0.206592,0.208078,0.208078,0.206592,0.203585,0.198996,0.192764,0.184863,0.175354,0.164446,0.152564,0.140398,0.128929,0.1194,0.11323,0.111856,0.116539,0.128146,0.146972,0.172631,0.20406,0.23963,0.277361,0.31518,0.351184,0.383848,0.412144,0.435571,0.454089,0.467995,0.47777,0.483931,0.486894,0.486894
0.486216,0.486216,0.483127,0.476715,0.466558,0.452147,0.433013,0.408892,0.379874,0.346528,0.309963,0.271789,0.23398,0.198659,0.167818,0.143056,0.125372,0.115057,0.111708,0.114355,0.121653,0.132105,0.14427,0.156908,0.169065,0.18009,0.189605,0.197445,0.203585,0.208081,0.211016,0.212462,0.212462,0.211016,0.208081,0.203585,0.197445,0.189605,0.18009,0.169065,0.156908,0.14427,0.132105,0.121653,0.114355,0.111708,0.115057,0.125372,0.143056,0.167818,0.198659,0.23398,0.271789,0.309963,0.346528,0.379874,0.408892,0.433013,0.452147,0.466558,0.476715,0.483127,0.486216,0.486216
0.485747,0.485747,0.482572,0.475986,0.465569,0.450814,0.431264,0.406675,0.377174,0.343378,0.306451,0.268058,0.230224,0.1951,0.164684,0.140554,0.123658,0.114223,0.111773,0.115266,0.123301,0.134347,0.146948,0.15987,0.172179,0.183254,0.19275,0.200528,0.206592,0.211016,0.213895,0.215312,0.215312,0.213895,0.211016,0.206592,0.200528,0.19275,0.183254,0.172179,0.15987,0.146948,0.134347,0.123301,0.115266,0.111773,0.114223,0.123658,0.140554,0.164684,0.1951,0.230224,0.268058,0.306451,0.343378,0.377174,0.406675,0.431264,0.450814,0.465569,0.475986,0.482572,0.485747,0.485747
0.485506,0.485506,0.482288,0.475615,0.465066,0.450136,0.430375,0.405551,0.375809,0.341789,0.304685,0.266189,0.22835,0.193334,0.163141,0.139336,0.122843,0.113853,0.111854,0.115768,0.124168,0.135504,0.148314,0.161368,0.173745,0.184836,0.194314,0.202056,0.208078,0.212462,0.215312,0.216714,0.216714,0.215312,0.212462,0.208078,0.202056,0.194314,0.184836,0.173745,0.161368,0.148314,0.135504,0.124168,0.115768,0.111854,0.113853,0.122843,0.139336,0.163141,0.193334,0.22835,0.266189,0.304685,0.341789,0.375809,0.405551,0.430375,0.450136,0.465066,0.475615,0.482288,0.485506,0.485506
0.485506,0.485506,0.482288,0.475615,0.465066,0.450136,0.430375,0.405551,0.375809,0.341789,0.304685,0.266189,0.22835,0.193334,0.163141,0.139336,0.122843,0.113853,0.111854,0.115768,0.124168,0.135504,0.148314,0.161368,0.173745,0.184836,0.194314,0.202056,0.208078,0.212462,0.215312,0.216714,0.216714,0.215312,0.212462,0.208078,0.202056,0.194314,0.184836,0.173745,0.161368,0.148314,0.135504,0.124168,0.115768,0.111854,0.113853,0.122843,0.139336,0.163141,0.193334,0.22835,0.266189,0.304685,0.341789,0.375809,0.405551,0.430375,0.450136,0.465066,0.475615,0.482288,0.485506,0.485506
0.485747,0.485747,0.482572,0.475986,0.465569,0.450814,0.431264,0.406675,0.377174,0.343378,0.306451,0.268058,0.230224,0.1951,0.164684,0.140554,0.123658,0.114223,0.111773,0.115266,0.123301,0.134347,0.146948,0.15987,0.172179,0.183254,0.19275,0.200528,0.206592,0.211016,0.213895,0.215312,0.215312,0.213895,0.211016,0.206592,0.200528,0.19275,0.183254,0.172179,0.15987,0.146948,0.134347,0.123301,0.115266,0.111773,0.114223,0.123658,0.140554,0.164684,0.1951,0.230224,0.268058,0.306451,0.343378,0.377174,0.406675,0.431264,0.450814,0.465569,0.475986,0.482572,0.485747,0.485747
0.486216,0.486216,0.483127,0.476715,0.466558,0.452147,0.433013,0.408892,0.379874,0.346528,0.309963,0.271789,0.23398,0.198659,0.167818,0.143056,0.125372,0.115057,0.111708,0.114355,0.121653,0.132105,0.14427,0.156908,0.169065,0.18009,0.189605,0.197445,0.203585,0.208081,0.211016,0.212462,0.212462,0.211016,0.208081,0.203585,0.197445,0.189605,0.18009,0.169065,0.156908,0.14427,0.132105,0.121653,0.114355,0.111708,0.115057,0.125372,0.143056,0.167818,0.198659,0.23398,0.271789,0.309963,0.346528,0.379874,0.408892,0.433013,0.452147,0.466558,0.476715,0.483127,0.486216,0.486216
0.486894,0.486894,0.483931,0.47777,0.467995,0.454089,0.435571,0.412144,0.383848,0.351184,0.31518,0.277361,0.23963,0.20406,0.172631,0.146972,0.128146,0.116539,0.111856,0.11323,0.1194,0.128929,0.140398,0.152564,0.164446,0.175354,0.184863,0.192764,0.198996,0.203585,0.206592,0.208078,0.208078,0.206592,0.203585,0.198996,0.192764,0.184863,0.175354,0.164446,0.152564,0.140398,0.128929,0.1194,0.11323,0.111856,0.116539,0.128146,0.146972,0.172631,0.20406,0.23963,0.277361,0.31518,0.351184,0.383848,0.412144,0.435571,0.454089,0.467995,0.47777,0.483931,0.486894,0.486894
0.48775,0.48775,0.484947,0.479111,0.469826,0.456574,0.438858,0.416342,0.389004,0.357261,0.322033,0.284738,0.247179,0.211362,0.179244,0.152479,0.13221,0.118938,0.112507,0.112182,0.116819,0.125061,0.13553,0.146986,0.15842,0.169093,0.178526,0.186453,0.192764,0.197445,0.200528,0.202056,0.202056,0.200528,0.197445,0.192764,0.186453,0.178526,0.169093,0.15842,0.146986,0.13553,0.125061,0.116819,0.112182,0.112507,0.118938,0.13221,0.152479,0.179244,0.211362,0.247179,0.284738,0.322033,0.357261,0.389004,0.416342,0.438858,0.456574,0.469826,0.479111,0.484947,0.48775,0.48775
0.488746,0.488746,0.486134,0.480683,0.471985,0.45952,0.442773,0.421371,0.395222,0.36464,0.330423,0.293855,0.256617,0.220623,0.187789,0.15979,0.137849,0.122598,0.114041,0.111606,0.114295,0.120856,0.129973,0.140421,0.151169,0.161429,0.170659,0.178526,0.184863,0.189605,0.19275,0.194314,0.194314,0.19275,0.189605,0.184863,0.178526,0.170659,0.161429,0.151169,0.140421,0.129973,0.120856,0.114295,0.111606,0.114041,0.122598,0.137849,0.15979,0.187789,0.220623,0.256617,0.293855,0.330423,0.36464,0.395222,0.421371,0.442773,0.45952,0.471985,0.480683,0.486134,0.488746,0.488746
0.489842,0.489842,0.487444,0.482428,0.474395,0.462827,0.447198,0.427093,0.402348,0.373168,0.340213,0.304612,0.267901,0.231875,0.19839,0.169124,0.145377,0.127915,0.116915,0.111995,0.112325,0.11679,0.12416,0.133244,0.143,0.152597,0.161429,0.169093,0.175354,0.18009,0.183254,0.184836,0.184836,0.183254,0.18009,0.175354,0.169093,0.161429,0.152597,0.143,0.133244,0.12416,0.11679,0.112325,0.111995,0.116915,0.127915,0.145377,0.169124,0.19839,0.231875,0.267901,0.304612,0.340213,0.373168,0.402348,0.427093,0.447198,0.462827,0.474395,0.482428,0.487444,0.489842,0.489842
0.490995,0.490995,0.488827,0.484282,0.476972,0.466389,0.451997,0.433349,0.410205,0.382661,0.351227,0.316864,0.280939,0.245108,0.211135,0.180683,0.155109,0.13531,0.121641,0.113921,0.111516,0.113472,0.118673,0.125989,0.134385,0.143,0.151169,0.15842,0.164446,0.169065,0.172179,0.173745,0.173745,0.172179,0.169065,0.164446,0.15842,0.151169,0.143,0.134385,0.125989,0.118673,0.113472,0.111516,0.113921,0.121641,0.13531,0.155109,0.180683,0.211135,0.245108,0.280939,0.316864,0.351227,0.382661,0.410205,0.433349,0.451997,0.466389,0.476972,0.484282,0.488827,0.490995,0.490995
0.492162,0.492162,0.490235,0.486182,0.479632,0.470093,0.457029,0.439962,0.418591,0.392898,0.363244,0.330412,0.295582,0.260246,0.226051,0.194613,0.167324,0.145192,0.128745,0.118008,0.112558,0.111628,0.114244,0.119364,0.125989,0.133244,0.140421,0.146986,0.152564,0.156908,0.15987,0.161368,0.161368,0.15987,0.156908,0.152564,0.146986,0.140421,0.133244,0.125989,0.119364,0.114244,0.111628,0.112558,0.118008,0.128745,0.145192,0.167324,0.194613,0.226051,0.260246,0.295582,0.330412,0.363244,0.392898,0.418591,0.439962,0.457029,0.470093,0.479632,0.486182,0.490235,0.492162,0.492162
0.493304,0.493304,0.49162,0.488065,0.482291,0.473827,0.462146,0.446753,0.427288,0.403635,0.376007,0.345004,0.311611,0.277134,0.243075,0.210972,0.182218,0.157907,0.138719,0.124881,0.116185,0.112071,0.111732,0.114244,0.118673,0.12416,0.129973,0.13553,0.140398,0.14427,0.146948,0.148314,0.148314,0.146948,0.14427,0.140398,0.13553,0.129973,0.12416,0.118673,0.114244,0.111732,0.112071,0.116185,0.124881,0.138719,0.157907,0.182218,0.210972,0.243075,0.277134,0.311611,0.345004,0.376007,0.403635,0.427288,0.446753,0.462146,0.473827,0.482291,0.488065,0.49162,0.493304,0.493304
0.494389,0.494389,0.492942,0.489879,0.484875,0.477488,0.467209,0.453538,0.436073,0.414608,0.389221,0.360335,0.328734,0.295523,0.262036,0.229698,0.199869,0.173689,0.151964,0.135103,0.123111,0.115639,0.112071,0.111628,0.113472,0.11679,0.120856,0.125061,0.128929,0.132105,0.134347,0.135504,0.135504,0.134347,0.132105,0.128929,0.125061,0.120856,0.11679,0.113472,0.111628,0.112071,0.115639,0.123111,0.135103,0.151964,0.173689,0.199869,0.229698,0.262036,0.295523,0.328734,0.360335,0.389221,0.414608,0.436073,0.453538,0.467209,0.477488,0.484875,0.489879,0.492942,0.494389,0.494389
0.49539,0.49539,0.49417,0.491577,0.487317,0.480981,0.472088,0.460145,0.444724,0.425547,0.402573,0.376059,0.346592,0.31507,0.282641,0.250586,0.220193,0.192607,0.168724,0.149103,0.133945,0.123111,0.116185,0.112558,0.111516,0.112325,0.114295,0.116819,0.1194,0.121653,0.123301,0.124168,0.124168,0.123301,0.121653,0.1194,0.116819,0.114295,0.112325,0.111516,0.112558,0.116185,0.123111,0.133945,0.149103,0.168724,0.192607,0.220193,0.250586,0.282641,0.31507,0.346592,0.376059,0.402573,0.425547,0.444724,0.460145,0.472088,0.480981,0.487317,0.491577,0.49417,0.49539,0.49539
0.496288,0.496288,0.495279,0.493125,0.489565,0.484229,0.476672,0.466419,0.453034,0.436188,0.415741,0.391802,0.364774,0.33535,0.304479,0.273278,0.242923,0.214527,0.189027,0.167097,0.149103,0.135103,0.124881,0.118008,0.113921,0.111995,0.111606,0.112182,0.11323,0.114355,0.115266,0.115768,0.115768,0.115266,0.114355,0.11323,0.112182,0.111606,0.111995,0.113921,0.118008,0.124881,0.135103,0.149103,0.167097,0.189027,0.214527,0.242923,0.273278,0.304479,0.33535,0.364774,0.391802,0.415741,0.436188,0.453034,0.466419,0.476672,0.484229,0.489565,0.493125,0.495279,0.496288,0.496288
0.497072,0.497072,0.496254,0.4945,0.491582,0.487173,0.48087,0.47223,0.460823,0.44629,0.428415,0.407186,0.382838,0.355873,0.327038,0.29727,0.267607,0.239088,0.212647,0.189027,0.168724,0.151964,0.138719,0.128745,0.121641,0.116915,0.114041,0.112507,0.111856,0.111708,0.111773,0.111854,0.111854,0.111773,0.111708,0.111856,0.112507,0.114041,0.116915,0.121641,0.128745,0.138719,0.151964,0.168724,0.189027,0.212647,0.239088,0.267607,0.29727,0.327038,0.355873,0.382838,0.407186,0.428415,0.44629,0.460823,0.47223,0.48087,0.487173,0.491582,0.4945,0.496254,0.497072,0.497072
0.497739,0.497739,0.497089,0.495689,0.493346,0.489774,0.48462,0.47748,0.467945,0.455647,0.440319,0.421852,0.400343,0.376119,0.349735,0.321943,0.293624,0.26571,0.239088,0.214527,0.192607,0.173689,0.157907,0.145192,0.13531,0.127915,0.122598,0.118938,0.116539,0.115057,0.114223,0.113853,0.113853,0.114223,0.115057,0.116539,0.118938,0.122598,0.127915,0.13531,0.145192,0.157907,0.173689,0.192607,0.214527,0.239088,0.26571,0.293624,0.321943,0.349735,0.376119,0.400343,0.421852,0.440319,0.455647,0.467945,0.47748,0.48462,0.489774,0.493346,0.495689,0.497089,0.497739,0.497739
0.498292,0.498292,0.497786,0.496693,0.494849,0.492016,0.487887,0.482106,0.474296,0.464099,0.45122,0.435484,0.416876,0.395574,0.371961,0.346606,0.320228,0.293624,0.267607,0.242923,0.220193,0.199869,0.182218,0.167324,0.155109,0.145377,0.137849,0.13221,0.128146,0.125372,0.123658,0.122843,0.122843,0.123658,0.125372,0.128146,0.13221,0.137849,0.145377,0.155109,0.167324,0.182218,0.199869,0.220193,0.242923,0.267607,0.293624,0.320228,0.346606,0.371961,0.395574,0.416876,0.435484,0.45122,0.464099,0.474296,0.482106,0.487887,0.492016,0.494849,0.496693,0.497786,0.498292,0.498292
0.498738,0.498738,0.498353,0.497517,0.496098,0.493898,0.490661,0.486079,0.479818,0.471541,0.460952,0.447832,0.432085,0.413772,0.393127,0.370553,0.346606,0.321943,0.29727,0.273278,0.250586,0.229698,0.210972,0.194613,0.180683,0.169124,0.15979,0.152479,0.146972,0.143056,0.140554,0.139336,0.139336,0.140554,0.143056,0.146972,0.152479,0.15979,0.169124,0.180683,0.194613,0.210972,0.229698,0.250586,0.273278,0.29727,0.321943,0.346606,0.370553,0.393127,0.413772,0.432085,0.447832,0.460952,0.471541,0.479818,0.486079,0.490661,0.493898,0.496098,0.497517,0.498353,0.498738,0.498738
0.499089,0.499089,0.498802,0.498177,0.497109,0.495439,0.492956,0.489405,0.484496,0.477928,0.469414,0.458722,0.445704,0.430331,0.412718,0.393127,0.371961,0.349735,0.327038,0.304479,0.282641,0.262036,0.243075,0.226051,0.211135,0.19839,0.187789,0.179244,0.172631,0.167818,0.164684,0.163141,0.163141,0.164684,0.167818,0.172631,0.179244,0.187789,0.19839,0.211135,0.226051,0.243075,0.262036,0.282641,0.304479,0.327038,0.349735,0.371961,0.393127,0.412718,0.430331,0.445704,0.458722,0.469414,0.477928,0.484496,0.489405,0.492956,0.495439,0.497109,0.498177,0.498802,0.499089,0.499089
0.499357,0.499357,0.499149,0.498693,0.497907,0.496668,0.494807,0.492117,0.488357,0.483264,0.476579,0.468071,0.457567,0.444979,0.430331,0.413772,0.395574,0.376119,0.355873,0.33535,0.31507,0.295523,0.277134,0.260246,0.245108,0.231875,0.220623,0.211362,0.20406,0.198659,0.1951,0.193334,0.193334,0.1951,0.198659,0.20406,0.211362,0.220623,0.231875,0.245108,0.260246,0.277134,0.295523,0.31507,0.33535,0.355873,0.376119,0.395574,0.413772,0.430331,0.444979,0.457567,0.468071,0.476579,0.483264,0.488357,0.492117,0.494807,0.496668,0.497907,0.498693,0.499149,0.499357,0.499357
0.499557,0.499557,0.499409,0.499084,0.49852,0.497622,0.49626,0.494271,0.491458,0.487603,0.482481,0.475877,0.467612,0.457567,0.445704,0.432085,0.416876,0.400343,0.382838,0.364774,0.346592,0.328734,0.311611,0.295582,0.280939,0.267901,0.256617,0.247179,0.23963,0.23398,0.230224,0.22835,0.22835,0.230224,0.23398,0.23963,0.247179,0.256617,0.267901,0.280939,0.295582,0.311611,0.328734,0.346592,0.364774,0.382838,0.400343,0.416876,0.432085,0.445704,0.457567,0.467612,0.475877,0.482481,0.487603,0.491458,0.494271,0.49626,0.497622,0.49852,0.499084,0.499409,0.499557,0.499557
0.499702,0.499702,0.4996,0.499373,0.498978,0.498343,0.497371,0.495935,0.493883,0.491037,0.48721,0.482213,0.475877,0.468071,0.458722,0.447832,0.435484,0.421852,0.407186,0.391802,0.376059,0.360335,0.345004,0.330412,0.316864,0.304612,0.293855,0.284738,0.277361,0.271789,0.268058,0.266189,0.266189,0.268058,0.271789,0.277361,0.284738,0.293855,0.304612,0.316864,0.330412,0.345004,0.360335,0.376059,0.391802,0.407186,0.421852,0.435484,0.447832,0.458722,0.468071,0.475877,0.482213,0.48721,0.491037,0.493883,0.495935,0.497371,0.498343,0.498978,0.499373,0.4996,0.499702,0.499702
0.499804,0.499804,0.499735,0.499582,0.499311,0.498873,0.498196,0.497186,0.495726,0.493679,0.490892,0.48721,0.482481,0.476579,0.469414,0.460952,0.45122,0.440319,0.428415,0.415741,0.402573,0.389221,0.376007,0.363244,0.351227,0.340213,0.330423,0.322033,0.31518,0.309963,0.306451,0.304685,0.304685,0.306451,0.309963,0.31518,0.322033,0.330423,0.340213,0.351227,0.363244,0.376007,0.389221,0.402573,0.415741,0.428415,0.440319,0.45122,0.460952,0.469414,0.476579,0.482481,0.48721,0.490892,0.493679,0.495726,0.497186,0.498196,0.498873,0.499311,0.499582,0.499735,0.499804,0.499804
0.499875,0.499875,0.499829,0.499728,0.499548,0.499253,0.498794,0.498101,0.497089,0.495654,0.493679,0.491037,0.487603,0.483264,0.477928,0.471541,0.464099,0.455647,0.44629,0.436188,0.425547,0.414608,0.403635,0.392898,0.382661,0.373168,0.36464,0.357261,0.351184,0.346528,0.343378,0.341789,0.341789,0.343378,0.346528,0.351184,0.357261,0.36464,0.373168,0.382661,0.392898,0.403635,0.414608,0.425547,0.436188,0.44629,0.455647,0.464099,0.471541,0.477928,0.483264,0.487603,0.491037,0.493679,0.495654,0.497089,0.498101,0.498794,0.499253,0.499548,0.499728,0.499829,0.499875,0.499875
0.499922,0.499922,0.499893,0.499827,0.49971,0.499517,0.499214,0.498751,0.498068,0.497089,0.495726,0.493883,0.491458,0.488357,0.484496,0.479818,0.474296,0.467945,0.460823,0.453034,0.444724,0.436073,0.427288,0.418591,0.410205,0.402348,0.395222,0.389004,0.383848,0.379874,0.377174,0.375809,0.375809,0.377174,0.379874,0.383848,0.389004,0.395222,0.402348,0.410205,0.418591,0.427288,0.436073,0.444724,0.453034,0.460823,0.467945,0.474296,0.479818,0.484496,0.488357,0.491458,0.493883,0.495726,0.497089,0.498068,0.498751,0.499214,0.499517,0.49971,0.499827,0.499893,0.499922,0.499922
0.499953,0.499953,0.499934,0.499893,0.499819,0.499696,0.499501,0.4992,0.498751,0.498101,0.497186,0.495935,0.494271,0.492117,0.489405,0.486079,0.482106,0.47748,0.47223,0.466419,0.460145,0.453538,0.446753,0.439962,0.433349,0.427093,0.421371,0.416342,0.412144,0.408892,0.406675,0.405551,0.405551,0.406675,0.408892,0.412144,0.416342,0.421371,0.427093,0.433349,0.439962,0.446753,0.453538,0.460145,0.466419,0.47223,0.47748,0.482106,0.486079,0.489405,0.492117,0.494271,0.495935,0.497186,0.498101,0.498751,0.4992,0.499501,0.499696,0.499819,0.499893,0.499934,0.499953,0.499953
0.499972,0.499972,0.499961,0.499936,0.49989,0.499814,0.499691,0.499501,0.499214,0.498794,0.498196,0.497371,0.49626,0.494807,0.492956,0.490661,0.487887,0.48462,0.48087,0.476672,0.472088,0.467209,0.462146,0.457029,0.451997,0.447198,0.442773,0.438858,0.435571,0.433013,0.431264,0.430375,0.430375,0.431264,0.433013,0.435571,0.438858,0.442773,0.447198,0.451997,0.457029,0.462146,0.467209,0.472088,0.476672,0.48087,0.48462,0.487887,0.490661,0.492956,0.494807,0.49626,0.497371,0.498196,0.498794,0.499214,0.499501,0.499691,0.499814,0.49989,0.499936,0.499961,0.499972,0.499972
0.499984,0.499984,0.499977,0.499962,0.499935,0.499889,0.499814,0.499696,0.499517,0.499253,0.498873,0.498343,0.497622,0.496668,0.495439,0.493898,0.492016,0.489774,0.487173,0.484229,0.480981,0.477488,0.473827,0.470093,0.466389,0.462827,0.45952,0.456574,0.454089,0.452147,0.450814,0.450136,0.450136,0.450814,0.452147,0.454089,0.456574,0.45952,0.462827,0.466389,0.470093,0.473827,0.477488,0.480981,0.484229,0.487173,0.489774,0.492016,0.493898,0.495439,0.496668,0.497622,0.498343,0.498873,0.499253,0.499517,0.499696,0.499814,0.499889,0.499935,0.499962,0.499977,0.499984,0.499984
0.499991,0.499991,0.499987,0.499978,0.499962,0.499935,0.49989,0.499819,0.49971,0.499548,0.499311,0.498978,0.49852,0.497907,0.497109,0.496098,0.494849,0.493346,0.491582,0.489565,0.487317,0.484875,0.482291,0.479632,0.476972,0.474395,0.471985,0.469826,0.467995,0.466558,0.465569,0.465066,0.465066,0.465569,0.466558,0.467995,0.469826,0.471985,0.474395,0.476972,0.479632,0.482291,0.484875,0.487317,0.489565,0.491582,0.493346,0.494849,0.496098,0.497109,0.497907,0.49852,0.498978,0.499311,0.499548,0.49971,0.499819,0.49989,0.499935,0.499962,0.499978,0.499987,0.499991,0.499991
0.499995,0.499995,0.499993,0.499988,0.499978,0.499962,0.499936,0.499893,0.499827,0.499728,0.499582,0.499373,0.499084,0.498693,0.498177,0.497517,0.496693,0.495689,0.4945,0.493125,0.491577,0.489879,0.488065,0.486182,0.484282,0.482428,0.480683,0.479111,0.47777,0.476715,0.475986,0.475615,0.475615,0.475986,0.476715,0.47777,0.479111,0.480683,0.482428,0.484282,0.486182,0.488065,0.489879,0.491577,0.493125,0.4945,0.495689,0.496693,0.497517,0.498177,0.498693,0.499084,0.499373,0.499582,0.499728,0.499827,0.499893,0.499936,0.499962,0.499978,0.499988,0.499993,0.499995,0.499995
0.499997,0.499997,0.499996,0.499993,0.499987,0.499977,0.499961,0.499934,0.499893,0.499829,0.499735,0.4996,0.499409,0.499149,0.498802,0.498353,0.497786,0.497089,0.496254,0.495279,0.49417,0.492942,0.49162,0.490235,0.488827,0.487444,0.486134,0.484947,0.483931,0.483127,0.482572,0.482288,0.482288,0.482572,0.483127,0.483931,0.484947,0.486134,0.487444,0.488827,0.490235,0.49162,0.492942,0.49417,0.495279,0.496254,0.497089,0.497786,0.498353,0.498802,0.499149,0.499409,0.4996,0.499735,0.499829,0.499893,0.499934,0.499961,0.499977,0.499987,0.499993,0.499996,0.499997,0.499997
0.499998,0.499998,0.499997,0.499995,0.499991,0.499984,0.499972,0.499953,0.499922,0.499875,0.499804,0.499702,0.499557,0.499357,0.499089,0.498738,0.498292,0.497739,0.497072,0.496288,0.49539,0.494389,0.493304,0.492162,0.490995,0.489842,0.488746,0.48775,0.486894,0.486216,0.485747,0.485506,0.485506,0.485747,0.486216,0.486894,0.48775,0.488746,0.489842,0.490995,0.492162,0.493304,0.494389,0.49539,0.496288,0.497072,0.497739,0.498292,0.498738,0.499089,0.499357,0.499557,0.499702,0.499804,0.499875,0.499922,0.499953,0.499972,0.499984,0.499991,0.499995,0.499997,0.499998,0.499998
0.499998,0.499998,0.499997,0.499995,0.499991,0.499984,0.499972,0.499953,0.499922,0.499875,0.499804,0.499702,0.499557,0.499357,0.499089,0.498738,0.498292,0.497739,0.497072,0.496288,0.49539,0.494389,0.493304,0.492162,0.490995,0.489842,0.488746,0.48775,0.486894,0.486216,0.485747,0.485506,0.485506,0.485747,0.486216,0.486894,0.48775,0.488746,0.489842,0.490995,0.492162,0.493304,0.494389,0.49539,0.496288,0.497072,0.497739,0.498292,0.498738,0.499089,0.499357,0.499557,0.499702,0.499804,0.499875,0.499922,0.499953,0.499972,0.499984,0.499991,0.499995,0.499997,0.499998,0.499998
