0.5,0.5,0.5,0.5,0.5,0.5,0.5,0.5,0.5,0.5,0.5,0.5,0.499999,0.499999,0.499998,0.499996,0.499994,0.499992,0.499988,0.499983,0.499976,0.499968,0.499958,0.499947,0.499934,0.499921,0.499908,0.499895,0.499883,0.499874,0.499867,0.499863,0.499863,0.499867,0.499874,0.499883,0.499895,0.499908,0.499921,0.499934,0.499947,0.499958,0.499968,0.499976,0.499983,0.499988,0.499992,0.499994,0.499996,0.499998,0.499999,0.499999,0.5,0.5,0.5,0.5,0.5,0.5,0.5,0.5,0.5,0.5,0.5,0.5
0.5,0.5,0.5,0.5,0.5,0.5,0.5,0.5,0.5,0.5,0.5,0.5,0.499999,0.499999,0.499998,0.499996,0.499994,0.499992,0.499988,0.499983,0.499976,0.499968,0.499958,0.499947,0.499934,0.499921,0.499908,0.499895,0.499883,0.499874,0.499867,0.499863,0.499863,0.499867,0.499874,0.499883,0.499895,0.499908,0.499921,0.499934,0.499947,0.499958,0.499968,0.499976,0.499983,0.499988,0.499992,0.499994,0.499996,0.499998,0.499999,0.499999,0.5,0.5,0.5,0.5,0.5,0.5,0.5,0.5,0.5,0.5,0.5,0.5
0.5,0.5,0.5,0.5,0.5,0.5,0.5,0.5,0.5,0.5,0.5,0.499999,0.499999,0.499998,0.499996,0.499994,0.499991,0.499986,0.49998,0.499972,0.499961,0.499948,0.499933,0.499915,0.499895,0.499874,0.499853,0.499833,0.499815,0.4998,0.499789,0.499784,0.499784,0.499789,0.4998,0.499815,0.499833,0.499853,0.499874,0.499895,0.499915,0.499933,0.499948,0.499961,0.499972,0.49998,0.499986,0.499991,0.499994,0.499996,0.499998,0.499999,0.499999,0.5,0.5,0.5,0.5,0.5,0.5,0.5,0.5,0.5,0.5,0.5
0.5,0.5,0.5,0.5,0.5,0.5,0.5,0.5,0.5,0.499999,0.499999,0.499998,0.499997,0.499995,0.499992,0.499988,0.499982,0.499973,0.49996,0.499944,0.499924,0.499899,0.49987,0.499836,0.499798,0.499759,0.499719,0.499681,0.499648,0.49962,0.4996,0.49959,0.49959,0.4996,0.49962,0.499648,0.499681,0.499719,0.499759,0.499798,0.499836,0.49987,0.499899,0.499924,0.499944,0.49996,0.499973,0.499982,0.499988,0.499992,0.499995,0.499997,0.499998,0.499999,0.499999,0.5,0.5,0.5,0.5,0.5,0.5,0.5,0.5,0.5
0.5,0.5,0.5,0.5,0.5,0.5,0.5,0.5,0.499999,0.499999,0.499998,0.499997,0.499994,0.49999,0.499984,0.499975,0.499963,0.499945,0.499921,0.499889,0.499849,0.4998,0.499742,0.499677,0.499605,0.499529,0.499453,0.499381,0.499316,0.499263,0.499226,0.499207,0.499207,0.499226,0.499263,0.499316,0.499381,0.499453,0.499529,0.499605,0.499677,0.499742,0.4998,0.499849,0.499889,0.499921,0.499945,0.499963,0.499975,0.499984,0.49999,0.499994,0.499997,0.499998,0.499999,0.499999,0.5,0.5,0.5,0.5,0.5,0.5,0.5,0.5
0.5,0.5,0.5,0.5,0.5,0.5,0.5,0.499999,0.499999,0.499998,0.499996,0.499993,0.499988,0.49998,0.499969,0.499951,0.499926,0.499891,0.499844,0.499783,0.499706,0.499613,0.499503,0.499378,0.499242,0.4991,0.498957,0.498822,0.498702,0.498604,0.498534,0.498499,0.498499,0.498534,0.498604,0.498702,0.498822,0.498957,0.4991,0.499242,0.499378,0.499503,0.499613,0.499706,0.499783,0.499844,0.499891,0.499926,0.499951,0.499969,0.49998,0.499988,0.499993,0.499996,0.499998,0.499999,0.499999,0.5,0.5,0.5,0.5,0.5,0.5,0.5
0.5,0.5,0.5,0.5,0.5,0.5,0.499999,0.499999,0.499998,0.499996,0.499992,0.499986,0.499977,0.499962,0.499939,0.499905,0.499857,0.499791,0.499703,0.499588,0.499445,0.499272,0.499069,0.498841,0.498593,0.498334,0.498076,0.497831,0.497614,0.497438,0.497313,0.497249,0.497249,0.497313,0.497438,0.497614,0.497831,0.498076,0.498334,0.498593,0.498841,0.499069,0.499272,0.499445,0.499588,0.499703,0.499791,0.499857,0.499905,0.499939,0.499962,0.499977,0.499986,0.499992,0.499996,0.499998,0.499999,0.499999,0.5,0.5,0.5,0.5,0.5,0.5
0.5,0.5,0.5,0.5,0.5,0.499999,0.499999,0.499998,0.499995,0.499991,0.499985,0.499974,0.499955,0.499927,0.499885,0.499822,0.499734,0.499612,0.499451,0.499244,0.498986,0.498676,0.498315,0.49791,0.497473,0.497018,0.496566,0.49614,0.495762,0.495456,0.495241,0.495129,0.495129,0.495241,0.495456,0.495762,0.49614,0.496566,0.497018,0.497473,0.49791,0.498315,0.498676,0.498986,0.499244,0.499451,0.499612,0.499734,0.499822,0.499885,0.499927,0.499955,0.499974,0.499985,0.499991,0.499995,0.499998,0.499999,0.499999,0.5,0.5,0.5,0.5,0.5
0.5,0.5,0.5,0.5,0.499999,0.499999,0.499998,0.499995,0.499991,0.499984,0.499971,0.499951,0.499918,0.499866,0.499789,0.499677,0.499519,0.499304,0.49902,0.498657,0.498208,0.497672,0.497051,0.496358,0.495612,0.494841,0.494078,0.493361,0.492728,0.492216,0.491856,0.49167,0.49167,0.491856,0.492216,0.492728,0.493361,0.494078,0.494841,0.495612,0.496358,0.497051,0.497672,0.498208,0.498657,0.49902,0.499304,0.499519,0.499677,0.499789,0.499866,0.499918,0.499951,0.499971,0.499984,0.499991,0.499995,0.499998,0.499999,0.499999,0.5,0.5,0.5,0.5
0.5,0.5,0.5,0.499999,0.499999,0.499998,0.499996,0.499991,0.499984,0.499971,0.499948,0.499911,0.499853,0.499762,0.499627,0.499432,0.499159,0.49879,0.498306,0.497691,0.496935,0.496038,0.495005,0.49386,0.492634,0.491372,0.49013,0.488966,0.487943,0.487117,0.486538,0.486239,0.486239,0.486538,0.487117,0.487943,0.488966,0.49013,0.491372,0.492634,0.49386,0.495005,0.496038,0.496935,0.497691,0.498306,0.49879,0.499159,0.499432,0.499627,0.499762,0.499853,0.499911,0.499948,0.499971,0.499984,0.499991,0.499996,0.499998,0.499999,0.499999,0.5,0.5,0.5
0.5,0.5,0.5,0.499999,0.499998,0.499996,0.499992,0.499985,0.499971,0.499948,0.499909,0.499845,0.499744,0.49959,0.49936,0.499032,0.498575,0.497962,0.497162,0.496155,0.494926,0.493474,0.491816,0.489987,0.488041,0.48605,0.484097,0.482277,0.480682,0.479399,0.4785,0.478036,0.478036,0.4785,0.479399,0.480682,0.482277,0.484097,0.48605,0.488041,0.489987,0.491816,0.493474,0.494926,0.496155,0.497162,0.497962,0.498575,0.499032,0.49936,0.49959,0.499744,0.499845,0.499909,0.499948,0.499971,0.499985,0.499992,0.499996,0.499998,0.499999,0.5,0.5,0.5
0.5,0.5,0.499999,0.499998,0.499997,0.499993,0.499986,0.499974,0.499951,0.499911,0.499845,0.499738,0.499569,0.499313,0.498936,0.4984,0.49766,0.496673,0.495396,0.493799,0.491864,0.489595,0.487022,0.484202,0.48122,0.478186,0.475227,0.472481,0.470085,0.468162,0.466818,0.466127,0.466127,0.466818,0.468162,0.470085,0.472481,0.475227,0.478186,0.48122,0.484202,0.487022,0.489595,0.491864,0.493799,0.495396,0.496673,0.49766,0.4984,0.498936,0.499313,0.499569,0.499738,0.499845,0.499911,0.499951,0.499974,0.499986,0.499993,0.499997,0.499998,0.499999,0.5,0.5
0.499999,0.499999,0.499999,0.499997,0.499994,0.499988,0.499977,0.499955,0.499918,0.499853,0.499744,0.499569,0.499297,0.498885,0.498285,0.497436,0.496274,0.494735,0.492762,0.490311,0.487364,0.483935,0.480075,0.475874,0.471462,0.467001,0.462676,0.458682,0.455212,0.452437,0.450503,0.449509,0.449509,0.450503,0.452437,0.455212,0.458682,0.462676,0.467001,0.471462,0.475874,0.480075,0.483935,0.487364,0.490311,0.492762,0.494735,0.496274,0.497436,0.498285,0.498885,0.499297,0.499569,0.499744,0.499853,0.499918,0.499955,0.499977,0.499988,0.499994,0.499997,0.499999,0.499999,0.499999
0.499999,0.499999,0.499998,0.499995,0.49999,0.49998,0.499962,0.499927,0.499866,0.499762,0.49959,0.499313,0.498885,0.498245,0.497316,0.496013,0.494245,0.491921,0.488965,0.485324,0.480981,0.475968,0.470369,0.464323,0.45802,0.45169,0.445592,0.439992,0.435149,0.431292,0.42861,0.427235,0.427235,0.42861,0.431292,0.435149,0.439992,0.445592,0.45169,0.45802,0.464323,0.470369,0.475968,0.480981,0.485324,0.488965,0.491921,0.494245,0.496013,0.497316,0.498245,0.498885,0.499313,0.49959,0.499762,0.499866,0.499927,0.499962,0.49998,0.49999,0.499995,0.499998,0.499999,0.499999
0.499998,0.499998,0.499996,0.499992,0.499984,0.499969,0.499939,0.499885,0.499789,0.499627,0.49936,0.498936,0.498285,0.497316,0.495922,0.493983,0.491373,0.487971,0.48368,0.478439,0.472243,0.465153,0.4573,0.44889,0.440192,0.431523,0.423229,0.41566,0.409149,0.403986,0.400407,0.398575,0.398575,0.400407,0.403986,0.409149,0.41566,0.423229,0.431523,0.440192,0.44889,0.4573,0.465153,0.472243,0.478439,0.48368,0.487971,0.491373,0.493983,0.495922,0.497316,0.498285,0.498936,0.49936,0.499627,0.499789,0.499885,0.499939,0.499969,0.499984,0.499992,0.499996,0.499998,0.499998
0.499996,0.499996,0.499994,0.499988,0.499975,0.499951,0.499905,0.499822,0.499677,0.499432,0.499032,0.4984,0.497436,0.496013,0.493983,0.491182,0.487443,0.482612,0.476572,0.469262,0.460699,0.45099,0.440334,0.429025,0.417431,0.405971,0.39509,0.38523,0.376797,0.370143,0.365547,0.363201,0.363201,0.365547,0.370143,0.376797,0.38523,0.39509,0.405971,0.417431,0.429025,0.440334,0.45099,0.460699,0.469262,0.476572,0.482612,0.487443,0.491182,0.493983,0.496013,0.497436,0.4984,0.499032,0.499432,0.499677,0.499822,0.499905,0.499951,0.499975,0.499988,0.499994,0.499996,0.499996
0.499994,0.499994,0.499991,0.499982,0.499963,0.499926,0.499857,0.499734,0.499519,0.499159,0.498575,0.49766,0.496274,0.494245,0.491373,0.487443,0.482241,0.475582,0.467334,0.457447,0.445978,0.433099,0.419105,0.404398,0.389463,0.374837,0.361069,0.348688,0.338171,0.329919,0.324243,0.321352,0.321352,0.324243,0.329919,0.338171,0.348688,0.361069,0.374837,0.389463,0.404398,0.419105,0.433099,0.445978,0.457447,0.467334,0.475582,0.482241,0.487443,0.491373,0.494245,0.496274,0.49766,0.498575,0.499159,0.499519,0.499734,0.499857,0.499926,0.499963,0.499982,0.499991,0.499994,0.499994
0.499992,0.499992,0.499986,0.499973,0.499945,0.499891,0.499791,0.499612,0.499304,0.49879,0.497962,0.496673,0.494735,0.491921,0.487971,0.482612,0.475582,0.466667,0.455731,0.442753,0.427852,0.411296,0.393498,0.374992,0.356396,0.338369,0.321564,0.306584,0.293959,0.284115,0.277376,0.273954,0.273954,0.277376,0.284115,0.293959,0.306584,0.321564,0.338369,0.356396,0.374992,0.393498,0.411296,0.427852,0.442753,0.455731,0.466667,0.475582,0.482612,0.487971,0.491921,0.494735,0.496673,0.497962,0.49879,0.499304,0.499612,0.499791,0.499891,0.499945,0.499973,0.499986,0.499992,0.499992
0.499988,0.499988,0.49998,0.49996,0.499921,0.499844,0.499703,0.499451,0.49902,0.498306,0.497162,0.495396,0.492762,0.488965,0.48368,0.476572,0.467334,0.455731,0.44164,0.425095,0.406303,0.38566,0.363722,0.341176,0.318784,0.297324,0.277536,0.260075,0.24549,0.234203,0.226519,0.222631,0.222631,0.226519,0.234203,0.24549,0.260075,0.277536,0.297324,0.318784,0.341176,0.363722,0.38566,0.406303,0.425095,0.44164,0.455731,0.467334,0.476572,0.48368,0.488965,0.492762,0.495396,0.497162,0.498306,0.49902,0.499451,0.499703,0.499844,0.499921,0.49996,0.49998,0.499988,0.499988
0.499983,0.499983,0.499972,0.499944,0.499889,0.499783,0.499588,0.499244,0.498657,0.497691,0.496155,0.493799,0.490311,0.485324,0.478439,0.469262,0.457447,0.442753,0.425095,0.404586,0.381562,0.356571,0.330343,0.303731,0.27764,0.252955,0.230475,0.210871,0.194667,0.182239,0.173835,0.1696,0.1696,0.173835,0.182239,0.194667,0.210871,0.230475,0.252955,0.27764,0.303731,0.330343,0.356571,0.381562,0.404586,0.425095,0.442753,0.457447,0.469262,0.478439,0.485324,0.490311,0.493799,0.496155,0.497691,0.498657,0.499244,0.499588,0.499783,0.499889,0.499944,0.499972,0.499983,0.499983
0.499976,0.499976,0.499961,0.499924,0.499849,0.499706,0.499445,0.498986,0.498208,0.496935,0.494926,0.491864,0.487364,0.480981,0.472243,0.460699,0.445978,0.427852,0.406303,0.381562,0.354121,0.324716,0.294268,0.263804,0.234365,0.206915,0.182275,0.161081,0.143782,0.130656,0.121853,0.11744,0.11744,0.121853,0.130656,0.143782,0.161081,0.182275,0.206915,0.234365,0.263804,0.294268,0.324716,0.354121,0.381562,0.406303,0.427852,0.445978,0.460699,0.472243,0.480981,0.487364,0.491864,0.494926,0.496935,0.498208,0.498986,0.499445,0.499706,0.499849,0.499924,0.499961,0.499976,0.499976
0.499968,0.499968,0.499948,0.499899,0.4998,0.499613,0.499272,0.498676,0.497672,0.496038,0.493474,0.489595,0.483935,0.475968,0.465153,0.45099,0.433099,0.411296,0.38566,0.356571,0.324716,0.291041,0.256674,0.222815,0.190617,0.161089,0.135025,0.112972,0.0952444,0.0819716,0.0731629,0.0687768,0.0687768,0.0731629,0.0819716,0.0952444,0.112972,0.135025,0.161089,0.190617,0.222815,0.256674,0.291041,0.324716,0.356571,0.38566,0.411296,0.433099,0.45099,0.465153,0.475968,0.483935,0.489595,0.493474,0.496038,0.497672,0.498676,0.499272,0.499613,0.4998,0.499899,0.499948,0.499968,0.499968
0.499958,0.499958,0.499933,0.49987,0.499742,0.499503,0.499069,0.498315,0.497051,0.495005,0.491816,0.487022,0.480075,0.470369,0.4573,0.440334,0.419105,0.393498,0.363722,0.330343,0.294268,0.256674,0.218901,0.182305,0.148126,0.117374,0.0907595,0.0686835,0.0512728,0.038458,0.0300687,0.0259283,0.0259283,0.0300687,0.038458,0.0512728,0.0686835,0.0907595,0.117374,0.148126,0.182305,0.218901,0.256674,0.294268,0.330343,0.363722,0.393498,0.419105,0.440334,0.4573,0.470369,0.480075,0.487022,0.491816,0.495005,0.497051,0.498315,0.499069,0.499503,0.499742,0.49987,0.499933,0.499958,0.499958
0.499947,0.499947,0.499915,0.499836,0.499677,0.499378,0.498841,0.49791,0.496358,0.49386,0.489987,0.484202,0.475874,0.464323,0.44889,0.429025,0.404398,0.374992,0.341176,0.303731,0.263804,0.222815,0.182305,0.143769,0.108496,0.0774469,0.0512001,0.0299554,0.0136041,0.00183848,-0.00572107,-0.00940562,-0.00940562,-0.00572107,0.00183848,0.0136041,0.0299554,0.0512001,0.0774469,0.108496,0.143769,0.182305,0.222815,0.263804,0.303731,0.341176,0.374992,0.404398,0.429025,0.44889,0.464323,0.475874,0.484202,0.489987,0.49386,0.496358,0.49791,0.498841,0.499378,0.499677,0.499836,0.499915,0.499947,0.499947
0.499934,0.499934,0.499895,0.499798,0.499605,0.499242,0.498593,0.497473,0.495612,0.492634,0.488041,0.48122,0.471462,0.45802,0.440192,0.417431,0.389463,0.356396,0.318784,0.27764,0.234365,0.190617,0.148126,0.108496,0.0730228,0.0425776,0.0175565,-0.00208237,-0.0167185,-0.026924,-0.0333049,-0.0363569,-0.0363569,-0.0333049,-0.026924,-0.0167185,-0.00208237,0.0175565,0.0425776,0.0730228,0.108496,0.148126,0.190617,0.234365,0.27764,0.318784,0.356396,0.389463,0.417431,0.440192,0.45802,0.471462,0.48122,0.488041,0.492634,0.495612,0.497473,0.498593,0.499242,0.499605,0.499798,0.499895,0.499934,0.499934
0.499921,0.499921,0.499874,0.499759,0.499529,0.4991,0.498334,0.497018,0.494841,0.491372,0.48605,0.478186,0.467001,0.45169,0.431523,0.405971,0.374837,0.338369,0.297324,0.252955,0.206915,0.161089,0.117374,0.0774469,0.0425776,0.0135051,-0.00958828,-0.0270138,-0.0394394,-0.0477109,-0.0526643,-0.0549599,-0.0549599,-0.0526643,-0.0477109,-0.0394394,-0.0270138,-0.00958828,0.0135051,0.0425776,0.0774469,0.117374,0.161089,0.206915,0.252955,0.297324,0.338369,0.374837,0.405971,0.431523,0.45169,0.467001,0.478186,0.48605,0.491372,0.494841,0.497018,0.498334,0.4991,0.499529,0.499759,0.499874,0.499921,0.499921
0.499908,0.499908,0.499853,0.499719,0.499453,0.498957,0.498076,0.496566,0.494078,0.49013,0.484097,0.475227,0.462676,0.445592,0.423229,0.39509,0.361069,0.321564,0.277536,0.230475,0.182275,0.135025,0.0907595,0.0512001,0.0175565,-0.00958828,-0.0302845,-0.0451207,-0.0550525,-0.061192,-0.0645945,-0.0660748,-0.0660748,-0.0645945,-0.061192,-0.0550525,-0.0451207,-0.0302845,-0.00958828,0.0175565,0.0512001,0.0907595,0.135025,0.182275,0.230475,0.277536,0.321564,0.361069,0.39509,0.423229,0.445592,0.462676,0.475227,0.484097,0.49013,0.494078,0.496566,0.498076,0.498957,0.499453,0.499719,0.499853,0.499908,0.499908
0.499895,0.499895,0.499833,0.499681,0.499381,0.498822,0.497831,0.49614,0.493361,0.488966,0.482277,0.472481,0.458682,0.439992,0.41566,0.38523,0.348688,0.306584,0.260075,0.210871,0.161081,0.112972,0.0686835,0.0299554,-0.00208237,-0.0270138,-0.0451207,-0.0572576,-0.064649,-0.0686501,-0.0705126,-0.071188,-0.071188,-0.0705126,-0.0686501,-0.064649,-0.0572576,-0.0451207,-0.0270138,-0.00208237,0.0299554,0.0686835,0.112972,0.161081,0.210871,0.260075,0.306584,0.348688,0.38523,0.41566,0.439992,0.458682,0.472481,0.482277,0.488966,0.493361,0.49614,0.497831,0.498822,0.499381,0.499681,0.499833,0.499895,0.499895
0.499883,0.499883,0.499815,0.499648,0.499316,0.498702,0.497614,0.495762,0.492728,0.487943,0.480682,0.470085,0.455212,0.435149,0.409149,0.376797,0.338171,0.293959,0.24549,0.194667,0.143782,0.0952444,0.0512728,0.0136041,-0.0167185,-0.0394394,-0.0550525,-0.064649,-0.0696869,-0.0717285,-0.0721903,-0.0721368,-0.0721368,-0.0721903,-0.0717285,-0.0696869,-0.064649,-0.0550525,-0.0394394,-0.0167185,0.0136041,0.0512728,0.0952444,0.143782,0.194667,0.24549,0.293959,0.338171,0.376797,0.409149,0.435149,0.455212,0.470085,0.480682,0.487943,0.492728,0.495762,0.497614,0.498702,0.499316,0.499648,0.499815,0.499883,0.499883
0.499874,0.499874,0.4998,0.49962,0.499263,0.498604,0.497438,0.495456,0.492216,0.487117,0.479399,0.468162,0.452437,0.431292,0.403986,0.370143,0.329919,0.284115,0.234203,0.182239,0.130656,0.0819716,0.038458,0.00183848,-0.026924,-0.0477109,-0.061192,-0.0686501,-0.0717285,-0.0721515,-0.0714626,-0.0708122,-0.0708122,-0.0714626,-0.0721515,-0.0717285,-0.0686501,-0.061192,-0.0477109,-0.026924,0.00183848,0.038458,0.0819716,0.130656,0.182239,0.234203,0.284115,0.329919,0.370143,0.403986,0.431292,0.452437,0.468162,0.479399,0.487117,0.492216,0.495456,0.497438,0.498604,0.499263,0.49962,0.4998,0.499874,0.499874
0.499867,0.499867,0.499789,0.4996,0.499226,0.498534,0.497313,0.495241,0.491856,0.486538,0.4785,0.466818,0.450503,0.42861,0.400407,0.365547,0.324243,0.277376,0.226519,0.173835,0.121853,0.0731629,0.0300687,-0.00572107,-0.0333049,-0.0526643,-0.0645945,-0.0705126,-0.0721903,-0.0714626,-0.0699587,-0.0688864,-0.0688864,-0.0699587,-0.0714626,-0.0721903,-0.0705126,-0.0645945,-0.0526643,-0.0333049,-0.00572107,0.0300687,0.0731629,0.121853,0.173835,0.226519,0.277376,0.324243,0.365547,0.400407,0.42861,0.450503,0.466818,0.4785,0.486538,0.491856,0.495241,0.497313,0.498534,0.499226,0.4996,0.499789,0.499867,0.499867
0.499863,0.499863,0.499784,0.49959,0.499207,0.498499,0.497249,0.495129,0.49167,0.486239,0.478036,0.466127,0.449509,0.427235,0.398575,0.363201,0.321352,0.273954,0.222631,0.1696,0.11744,0.0687768,0.0259283,-0.00940562,-0.0363569,-0.0549599,-0.0660748,-0.071188,-0.0721368,-0.0708122,-0.0688864,-0.0675962,-0.0675962,-0.0688864,-0.0708122,-0.0721368,-0.071188,-0.0660748,-0.0549599,-0.0363569,-0.00940562,0.0259283,0.0687768,0.11744,0.1696,0.222631,0.273954,0.321352,0.363201,0.398575,0.427235,0.449509,0.466127,0.478036,0.486239,0.49167,0.495129,0.497249,0.498499,0.499207,0.49959,0.499784,0.499863,0.499863
0.499863,0.499863,0.499784,0.49959,0.499207,0.498499,0.497249,0.495129,0.49167,0.486239,0.478036,0.466127,0.449509,0.427235,0.398575,0.363201,0.321352,0.273954,0.222631,0.1696,0.11744,0.0687768,0.0259283,-0.00940562,-0.0363569,-0.0549599,-0.0660748,-0.071188,-0.0721368,-0.0708122,-0.0688864,-0.0675962,-0.0675962,-0.0688864,-0.0708122,-0.0721368,-0.071188,-0.0660748,-0.0549599,-0.0363569,-0.00940562,0.0259283,0.0687768,0.11744,0.1696,0.222631,0.273954,0.321352,0.363201,0.398575,0.427235,0.449509,0.466127,0.478036,0.486239,0.49167,0.495129,0.497249,0.498499,0.499207,0.49959,0.499784,0.499863,0.499863
0.499867,0.499867,0.499789,0.4996,0.499226,0.498534,0.497313,0.495241,0.491856,0.486538,0.4785,0.466818,0.450503,0.42861,0.400407,0.365547,0.324243,0.277376,0.226519,0.173835,0.121853,0.0731629,0.0300687,-0.00572107,-0.0333049,-0.0526643,-0.0645945,-0.0705126,-0.0721903,-0.0714626,-0.0699587,-0.0688864,-0.0688864,-0.0699587,-0.0714626,-0.0721903,-0.0705126,-0.0645945,-0.0526643,-0.0333049,-0.00572107,0.0300687,0.0731629,0.121853,0.173835,0.226519,0.277376,0.324243,0.365547,0.400407,0.42861,0.450503,0.466818,0.4785,0.486538,0.491856,0.495241,0.497313,0.498534,0.499226,0.4996,0.499789,0.499867,0.499867
0.499874,0.499874,0.4998,0.49962,0.499263,0.498604,0.497438,0.495456,0.492216,0.487117,0.479399,0.468162,0.452437,0.431292,0.403986,0.370143,0.329919,0.284115,0.234203,0.182239,0.130656,0.0819716,0.038458,0.00183848,-0.026924,-0.0477109,-0.061192,-0.0686501,-0.0717285,-0.0721515,-0.0714626,-0.0708122,-0.0708122,-0.0714626,-0.0721515,-0.0717285,-0.0686501,-0.061192,-0.0477109,-0.026924,0.00183848,0.038458,0.0819716,0.130656,0.182239,0.234203,0.284115,0.329919,0.370143,0.403986,0.431292,0.452437,0.468162,0.479399,0.487117,0.492216,0.495456,0.497438,0.498604,0.499263,0.49962,0.4998,0.499874,0.499874
0.499883,0.499883,0.499815,0.499648,0.499316,0.498702,0.497614,0.495762,0.492728,0.487943,0.480682,0.470085,0.455212,0.435149,0.409149,0.376797,0.338171,0.293959,0.24549,0.194667,0.143782,0.0952444,0.0512728,0.0136041,-0.0167185,-0.0394394,-0.0550525,-0.064649,-0.0696869,-0.0717285,-0.0721903,-0.0721368,-0.0721368,-0.0721903,-0.0717285,-0.0696869,-0.064649,-0.0550525,-0.0394394,-0.0167185,0.0136041,0.0512728,0.0952444,0.143782,0.194667,0.24549,0.293959,0.338171,0.376797,0.409149,0.435149,0.455212,0.470085,0.480682,0.487943,0.492728,0.495762,0.497614,0.498702,0.499316,0.499648,0.499815,0.499883,0.499883
0.499895,0.499895,0.499833,0.499681,0.499381,0.498822,0.497831,0.49614,0.493361,0.488966,0.482277,0.472481,0.458682,0.439992,0.41566,0.38523,0.348688,0.306584,0.260075,0.210871,0.161081,0.112972,0.0686835,0.0299554,-0.00208237,-0.0270138,-0.0451207,-0.0572576,-0.064649,-0.0686501,-0.0705126,-0.071188,-0.071188,-0.0705126,-0.0686501,-0.064649,-0.0572576,-0.0451207,-0.0270138,-0.00208237,0.0299554,0.0686835,0.112972,0.161081,0.210871,0.260075,0.306584,0.348688,0.38523,0.41566,0.439992,0.458682,0.472481,0.482277,0.488966,0.493361,0.49614,0.497831,0.498822,0.499381,0.499681,0.499833,0.499895,0.499895
0.499908,0.499908,0.499853,0.499719,0.499453,0.498957,0.498076,0.496566,0.494078,0.49013,0.484097,0.475227,0.462676,0.445592,0.423229,0.39509,0.361069,0.321564,0.277536,0.230475,0.182275,0.135025,0.0907595,0.0512001,0.0175565,-0.00958828,-0.0302845,-0.0451207,-0.0550525,-0.061192,-0.0645945,-0.0660748,-0.0660748,-0.0645945,-0.061192,-0.0550525,-0.0451207,-0.0302845,-0.00958828,0.0175565,0.0512001,0.0907595,0.135025,0.182275,0.230475,0.277536,0.321564,0.361069,0.39509,0.423229,0.445592,0.462676,0.475227,0.484097,0.49013,0.494078,0.496566,0.498076,0.498957,0.499453,0.499719,0.499853,0.499908,0.499908
0.499921,0.499921,0.499874,0.499759,0.499529,0.4991,0.498334,0.497018,0.494841,0.491372,0.48605,0.478186,0.467001,0.45169,0.431523,0.405971,0.374837,0.338369,0.297324,0.252955,0.206915,0.161089,0.117374,0.0774469,0.0425776,0.0135051,-0.00958828,-0.0270138,-0.0394394,-0.0477109,-0.0526643,-0.0549599,-0.0549599,-0.0526643,-0.0477109,-0.0394394,-0.0270138,-0.00958828,0.0135051,0.0425776,0.0774469,0.117374,0.161089,0.206915,0.252955,0.297324,0.338369,0.374837,0.405971,0.431523,0.45169,0.467001,0.478186,0.48605,0.491372,0.494841,0.497018,0.498334,0.4991,0.499529,0.499759,0.499874,0.499921,0.499921
0.499934,0.499934,0.499895,0.499798,0.499605,0.499242,0.498593,0.497473,0.495612,0.492634,0.488041,0.48122,0.471462,0.45802,0.440192,0.417431,0.389463,0.356396,0.318784,0.27764,0.234365,0.190617,0.148126,0.108496,0.0730228,0.0425776,0.0175565,-0.00208237,-0.0167185,-0.026924,-0.0333049,-0.0363569,-0.0363569,-0.0333049,-0.026924,-0.0167185,-0.00208237,0.0175565,0.0425776,0.0730228,0.108496,0.148126,0.190617,0.234365,0.27764,0.318784,0.356396,0.389463,0.417431,0.440192,0.45802,0.471462,0.48122,0.488041,0.492634,0.495612,0.497473,0.498593,0.499242,0.499605,0.499798,0.499895,0.499934,0.499934
0.499947,0.499947,0.499915,0.499836,0.499677,0.499378,0.498841,0.49791,0.496358,0.49386,0.489987,0.484202,0.475874,0.464323,0.44889,0.429025,0.404398,0.374992,0.341176,0.303731,0.263804,0.222815,0.182305,0.143769,0.108496,0.0774469,0.0512001,0.0299554,0.0136041,0.00183848,-0.00572107,-0.00940562,-0.00940562,-0.00572107,0.00183848,0.0136041,0.0299554,0.0512001,0.0774469,0.108496,0.143769,0.182305,0.222815,0.263804,0.303731,0.341176,0.374992,0.404398,0.429025,0.44889,0.464323,0.475874,0.484202,0.489987,0.49386,0.496358,0.49791,0.498841,0.499378,0.499677,0.499836,0.499915,0.499947,0.499947
0.499958,0.499958,0.499933,0.49987,0.499742,0.499503,0.499069,0.498315,0.497051,0.495005,0.491816,0.487022,0.480075,0.470369,0.4573,0.440334,0.419105,0.393498,0.363722,0.330343,0.294268,0.256674,0.218901,0.182305,0.148126,0.117374,0.0907595,0.0686835,0.0512728,0.038458,0.0300687,0.0259283,0.0259283,0.0300687,0.038458,0.0512728,0.0686835,0.0907595,0.117374,0.148126,0.182305,0.218901,0.256674,0.294268,0.330343,0.363722,0.393498,0.419105,0.440334,0.4573,0.470369,0.480075,0.487022,0.491816,0.495005,0.497051,0.498315,0.499069,0.499503,0.499742,0.49987,0.499933,0.499958,0.499958
0.499968,0.499968,0.499948,0.499899,0.4998,0.499613,0.499272,0.498676,0.497672,0.496038,0.493474,0.489595,0.483935,0.475968,0.465153,0.45099,0.433099,0.411296,0.38566,0.356571,0.324716,0.291041,0.256674,0.222815,0.190617,0.161089,0.135025,0.112972,0.0952444,0.0819716,0.0731629,0.0687768,0.0687768,0.0731629,0.0819716,0.0952444,0.112972,0.135025,0.161089,0.190617,0.222815,0.256674,0.291041,0.324716,0.356571,0.38566,0.411296,0.433099,0.45099,0.465153,0.475968,0.483935,0.489595,0.493474,0.496038,0.497672,0.498676,0.499272,0.499613,0.4998,0.499899,0.499948,0.499968,0.499968
0.499976,0.499976,0.499961,0.499924,0.499849,0.499706,0.499445,0.498986,0.498208,0.496935,0.494926,0.491864,0.487364,0.480981,0.472243,0.460699,0.445978,0.427852,0.406303,0.381562,0.354121,0.324716,0.294268,0.263804,0.234365,0.206915,0.182275,0.161081,0.143782,0.130656,0.121853,0.11744,0.11744,0.121853,0.130656,0.143782,0.161081,0.182275,0.206915,0.234365,0.263804,0.294268,0.324716,0.354121,0.381562,0.406303,0.427852,0.445978,0.460699,0.472243,0.480981,0.487364,0.491864,0.494926,0.496935,0.498208,0.498986,0.499445,0.499706,0.499849,0.499924,0.499961,0.499976,0.499976
0.499983,0.499983,0.499972,0.499944,0.499889,0.499783,0.499588,0.499244,0.498657,0.497691,0.496155,0.493799,0.490311,0.485324,0.478439,0.469262,0.457447,0.442753,0.425095,0.404586,0.381562,0.356571,0.330343,0.303731,0.27764,0.252955,0.230475,0.210871,0.194667,0.182239,0.173835,0.1696,0.1696,0.173835,0.182239,0.194667,0.210871,0.230475,0.252955,0.27764,0.303731,0.330343,0.356571,0.381562,0.404586,0.425095,0.442753,0.457447,0.469262,0.478439,0.485324,0.490311,0.493799,0.496155,0.497691,0.498657,0.499244,0.499588,0.499783,0.499889,0.499944,0.499972,0.499983,0.499983
0.499988,0.499988,0.49998,0.49996,0.499921,0.499844,0.499703,0.499451,0.49902,0.498306,0.497162,0.495396,0.492762,0.488965,0.48368,0.476572,0.467334,0.455731,0.44164,0.425095,0.406303,0.38566,0.363722,0.341176,0.318784,0.297324,0.277536,0.260075,0.24549,0.234203,0.226519,0.222631,0.222631,0.226519,0.234203,0.24549,0.260075,0.277536,0.297324,0.318784,0.341176,0.363722,0.38566,0.406303,0.425095,0.44164,0.455731,0.467334,0.476572,0.48368,0.488965,0.492762,0.495396,0.497162,0.498306,0.49902,0.499451,0.499703,0.499844,0.499921,0.49996,0.49998,0.499988,0.499988
0.499992,0.499992,0.499986,0.499973,0.499945,0.499891,0.499791,0.499612,0.499304,0.49879,0.497962,0.496673,0.494735,0.491921,0.487971,0.482612,0.475582,0.466667,0.455731,0.442753,0.427852,0.411296,0.393498,0.374992,0.356396,0.338369,0.321564,0.306584,0.293959,0.284115,0.277376,0.273954,0.273954,0.277376,0.284115,0.293959,0.306584,0.321564,0.338369,0.356396,0.374992,0.393498,0.411296,0.427852,0.442753,0.455731,0.466667,0.475582,0.482612,0.487971,0.491921,0.494735,0.496673,0.497962,0.49879,0.499304,0.499612,0.499791,0.499891,0.499945,0.499973,0.499986,0.499992,0.499992
0.499994,0.499994,0.499991,0.499982,0.499963,0.499926,0.499857,0.499734,0.499519,0.499159,0.498575,0.49766,0.496274,0.494245,0.491373,0.487443,0.482241,0.475582,0.467334,0.457447,0.445978,0.433099,0.419105,0.404398,0.389463,0.374837,0.361069,0.348688,0.338171,0.329919,0.324243,0.321352,0.321352,0.324243,0.329919,0.338171,0.348688,0.361069,0.374837,0.389463,0.404398,0.419105,0.433099,0.445978,0.457447,0.467334,0.475582,0.482241,0.487443,0.491373,0.494245,0.496274,0.49766,0.498575,0.499159,0.499519,0.499734,0.499857,0.499926,0.499963,0.499982,0.499991,0.499994,0.499994
0.499996,0.499996,0.499994,0.499988,0.499975,0.499951,0.499905,0.499822,0.499677,0.499432,0.499032,0.4984,0.497436,0.496013,0.493983,0.491182,0.487443,0.482612,0.476572,0.469262,0.460699,0.45099,0.440334,0.429025,0.417431,0.405971,0.39509,0.38523,0.376797,0.370143,0.365547,0.363201,0.363201,0.365547,0.370143,0.376797,0.38523,0.39509,0.405971,0.417431,0.429025,0.440334,0.45099,0.460699,0.469262,0.476572,0.482612,0.487443,0.491182,0.493983,0.496013,0.497436,0.4984,0.499032,0.499432,0.499677,0.499822,0.499905,0.499951,0.499975,0.499988,0.499994,0.499996,0.499996
0.499998,0.499998,0.499996,0.499992,0.499984,0.499969,0.499939,0.499885,0.499789,0.499627,0.49936,0.498936,0.498285,0.497316,0.495922,0.493983,0.491373,0.487971,0.48368,0.478439,0.472243,0.465153,0.4573,0.44889,0.440192,0.431523,0.423229,0.41566,0.409149,0.403986,0.400407,0.398575,0.398575,0.400407,0.403986,0.409149,0.41566,0.423229,0.431523,0.440192,0.44889,0.4573,0.465153,0.472243,0.478439,0.48368,0.487971,0.491373,0.493983,0.495922,0.497316,0.498285,0.498936,0.49936,0.499627,0.499789,0.499885,0.499939,0.499969,0.499984,0.499992,0.499996,0.499998,0.499998
0.499999,0.499999,0.499998,0.499995,0.49999,0.49998,0.499962,0.499927,0.499866,0.499762,0.49959,0.499313,0.498885,0.498245,0.497316,0.496013,0.494245,0.491921,0.488965,0.485324,0.480981,0.475968,0.470369,0.464323,0.45802,0.45169,0.445592,0.439992,0.435149,0.431292,0.42861,0.427235,0.427235,0.42861,0.431292,0.435149,0.439992,0.445592,0.45169,0.45802,0.464323,0.470369,0.475968,0.480981,0.485324,0.488965,0.491921,0.494245,0.496013,0.497316,0.498245,0.498885,0.499313,0.49959,0.499762,0.499866,0.499927,0.499962,0.49998,0.49999,0.499995,0.499998,0.499999,0.499999
0.499999,0.499999,0.499999,0.499997,0.499994,0.499988,0.499977,0.499955,0.499918,0.499853,0.499744,0.499569,0.499297,0.498885,0.498285,0.497436,0.496274,0.494735,0.492762,0.490311,0.487364,0.483935,0.480075,0.475874,0.471462,0.467001,0.462676,0.458682,0.455212,0.452437,0.450503,0.449509,0.449509,0.450503,0.452437,0.455212,0.458682,0.462676,0.467001,0.471462,0.475874,0.480075,0.483935,0.487364,0.490311,0.492762,0.494735,0.496274,0.497436,0.498285,0.498885,0.499297,0.499569,0.499744,0.499853,0.499918,0.499955,0.499977,0.499988,0.499994,0.499997,0.499999,0.499999,0.499999
0.5,0.5,0.499999,0.499998,0.499997,0.499993,0.499986,0.499974,0.499951,0.499911,0.499845,0.499738,0.499569,0.499313,0.498936,0.4984,0.49766,0.496673,0.495396,0.493799,0.491864,0.489595,0.487022,0.484202,0.48122,0.478186,0.475227,0.472481,0.470085,0.468162,0.466818,0.466127,0.466127,0.466818,0.468162,0.470085,0.472481,0.475227,0.478186,0.48122,0.484202,0.487022,0.489595,0.491864,0.493799,0.495396,0.496673,0.49766,0.4984,0.498936,0.499313,0.499569,0.499738,0.499845,0.499911,0.499951,0.499974,0.499986,0.499993,0.499997,0.499998,0.499999,0.5,0.5
0.5,0.5,0.5,0.499999,0.499998,0.499996,0.499992,0.499985,0.499971,0.499948,0.499909,0.499845,0.499744,0.49959,0.49936,0.499032,0.498575,0.497962,0.497162,0.496155,0.494926,0.493474,0.491816,0.489987,0.488041,0.48605,0.484097,0.482277,0.480682,0.479399,0.4785,0.478036,0.478036,0.4785,0.479399,0.480682,0.482277,0.484097,0.48605,0.488041,0.489987,0.491816,0.493474,0.494926,0.496155,0.497162,0.497962,0.498575,0.499032,0.49936,0.49959,0.499744,0.499845,0.499909,0.499948,0.499971,0.499985,0.499992,0.499996,0.499998,0.499999,0.5,0.5,0.5
0.5,0.5,0.5,0.499999,0.499999,0.499998,0.499996,0.499991,0.499984,0.499971,0.499948,0.499911,0.499853,0.499762,0.499627,0.499432,0.499159,0.49879,0.498306,0.497691,0.496935,0.496038,0.495005,0.49386,0.492634,0.491372,0.49013,0.488966,0.487943,0.487117,0.486538,0.486239,0.486239,0.486538,0.487117,0.487943,0.488966,0.49013,0.491372,0.492634,0.49386,0.495005,0.496038,0.496935,0.497691,0.498306,0.49879,0.499159,0.499432,0.499627,0.499762,0.499853,0.499911,0.499948,0.499971,0.499984,0.499991,0.499996,0.499998,0.499999,0.499999,0.5,0.5,0.5
0.5,0.5,0.5,0.5,0.499999,0.499999,0.499998,0.499995,0.499991,0.499984,0.499971,0.499951,0.499918,0.499866,0.499789,0.499677,0.499519,0.499304,0.49902,0.498657,0.498208,0.497672,0.497051,0.496358,0.495612,0.494841,0.494078,0.493361,0.492728,0.492216,0.491856,0.49167,0.49167,0.491856,0.492216,0.492728,0.493361,0.494078,0.494841,0.495612,0.496358,0.497051,0.497672,0.498208,0.498657,0.49902,0.499304,0.499519,0.499677,0.499789,0.499866,0.499918,0.499951,0.499971,0.499984,0.499991,0.499995,0.499998,0.499999,0.499999,0.5,0.5,0.5,0.5
0.5,0.5,0.5,0.5,0.5,0.499999,0.499999,0.499998,0.499995,0.499991,0.499985,0.499974,0.499955,0.499927,0.499885,0.499822,0.499734,0.499612,0.499451,0.499244,0.498986,0.498676,0.498315,0.49791,0.497473,0.497018,0.496566,0.49614,0.495762,0.495456,0.495241,0.495129,0.495129,0.495241,0.495456,0.495762,0.49614,0.496566,0.497018,0.497473,0.49791,0.498315,0.498676,0.498986,0.499244,0.499451,0.499612,0.499734,0.499822,0.499885,0.499927,0.499955,0.499974,0.499985,0.499991,0.499995,0.499998,0.499999,0.499999,0.5,0.5,0.5,0.5,0.5
0.5,0.5,0.5,0.5,0.5,0.5,0.499999,0.499999,0.499998,0.499996,0.499992,0.499986,0.499977,0.499962,0.499939,0.499905,0.499857,0.499791,0.499703,0.499588,0.499445,0.499272,0.499069,0.498841,0.498593,0.498334,0.498076,0.497831,0.497614,0.497438,0.497313,0.497249,0.497249,0.497313,0.497438,0.497614,0.497831,0.498076,0.498334,0.498593,0.498841,0.499069,0.499272,0.499445,0.499588,0.499703,0.499791,0.499857,0.499905,0.499939,0.499962,0.499977,0.499986,0.499992,0.499996,0.499998,0.499999,0.499999,0.5,0.5,0.5,0.5,0.5,0.5
0.5,0.5,0.5,0.5,0.5,0.5,0.5,0.499999,0.499999,0.499998,0.499996,0.499993,0.499988,0.49998,0.499969,0.499951,0.499926,0.499891,0.499844,0.499783,0.499706,0.499613,0.499503,0.499378,0.499242,0.4991,0.498957,0.498822,0.498702,0.498604,0.498534,0.498499,0.498499,0.498534,0.498604,0.498702,0.498822,0.498957,0.4991,0.499242,0.499378,0.499503,0.499613,0.499706,0.499783,0.499844,0.499891,0.499926,0.499951,0.499969,0.49998,0.499988,0.499993,0.499996,0.499998,0.499999,0.499999,0.5,0.5,0.5,0.5,0.5,0.5,0.5
0.5,0.5,0.5,0.5,0.5,0.5,0.5,0.5,0.499999,0.499999,0.499998,0.499997,0.499994,0.49999,0.499984,0.499975,0.499963,0.499945,0.499921,0.499889,0.499849,0.4998,0.499742,0.499677,0.499605,0.499529,0.499453,0.499381,0.499316,0.499263,0.499226,0.499207,0.499207,0.499226,0.499263,0.499316,0.499381,0.499453,0.499529,0.499605,0.499677,0.499742,0.4998,0.499849,0.499889,0.499921,0.499945,0.499963,0.499975,0.499984,0.49999,0.499994,0.499997,0.499998,0.499999,0.499999,0.5,0.5,0.5,0.5,0.5,0.5,0.5,0.5
0.5,0.5,0.5,0.5,0.5,0.5,0.5,0.5,0.5,0.499999,0.499999,0.499998,0.499997,0.499995,0.499992,0.499988,0.499982,0.499973,0.49996,0.499944,0.499924,0.499899,0.49987,0.499836,0.499798,0.499759,0.499719,0.499681,0.499648,0.49962,0.4996,0.49959,0.49959,0.4996,0.49962,0.499648,0.499681,0.499719,0.499759,0.499798,0.499836,0.49987,0.499899,0.499924,0.499944,0.49996,0.499973,0.499982,0.499988,0.499992,0.499995,0.499997,0.499998,0.499999,0.499999,0.5,0.5,0.5,0.5,0.5,0.5,0.5,0.5,0.5
0.5,0.5,0.5,0.5,0.5,0.5,0.5,0.5,0.5,0.5,0.5,0.499999,0.499999,0.499998,0.499996,0.499994,0.499991,0.499986,0.49998,0.499972,0.499961,0.499948,0.499933,0.499915,0.499895,0.499874,0.499853,0.499833,0.499815,0.4998,0.499789,0.499784,0.499784,0.499789,0.4998,0.499815,0.499833,0.499853,0.499874,0.499895,0.499915,0.499933,0.499948,0.499961,0.499972,0.49998,0.499986,0.499991,0.499994,0.499996,0.499998,0.499999,0.499999,0.5,0.5,0.5,0.5,0.5,0.5,0.5,0.5,0.5,0.5,0.5
0.5,0.5,0.5,0.5,0.5,0.5,0.5,0.5,0.5,0.5,0.5,0.5,0.499999,0.499999,0.499998,0.499996,0.499994,0.499992,0.499988,0.499983,0.499976,0.499968,0.499958,0.499947,0.499934,0.499921,0.499908,0.499895,0.499883,0.499874,0.499867,0.499863,0.499863,0.499867,0.499874,0.499883,0.499895,0.499908,0.499921,0.499934,0.499947,0.499958,0.499968,0.499976,0.499983,0.499988,0.499992,0.499994,0.499996,0.499998,0.499999,0.499999,0.5,0.5,0.5,0.5,0.5,0.5,0.5,0.5,0.5,0.5,0.5,0.5
0.5,0.5,0.5,0.5,0.5,0.5,0.5,0.5,0.5,0.5,0.5,0.5,0.499999,0.499999,0.499998,0.499996,0.499994,0.499992,0.499988,0.499983,0.499976,0.499968,0.499958,0.499947,0.499934,0.499921,0.499908,0.499895,0.499883,0.499874,0.499867,0.499863,0.499863,0.499867,0.499874,0.499883,0.499895,0.499908,0.499921,0.499934,0.499947,0.499958,0.499968,0.499976,0.499983,0.499988,0.499992,0.499994,0.499996,0.499998,0.499999,0.499999,0.5,0.5,0.5,0.5,0.5,0.5,0.5,0.5,0.5,0.5,0.5,0.5
