0.499999,0.499998,0.499997,0.499995,0.499992,0.499985,0.499974,0.499956,0.499928,0.499884,0.499818,0.499722,0.499585,0.499397,0.499144,0.498812,0.49839,0.497866,0.497232,0.496486,0.49563,0.494675,0.493638,0.492545,0.491428,0.490323,0.489272,0.488315,0.487493,0.486842,0.48639,0.486159,0.486159,0.48639,0.486842,0.487493,0.488315,0.489272,0.490323,0.491428,0.492545,0.493638,0.494675,0.49563,0.496486,0.497232,0.497866,0.49839,0.498812,0.499144,0.499397,0.499585,0.499722,0.499818,0.499884,0.499928,0.499956,0.499974,0.499985,0.499992,0.499995,0.499997,0.499998,0.499998
0.499998,0.499998,0.499997,0.499995,0.499992,0.499985,0.499974,0.499956,0.499928,0.499884,0.499818,0.499722,0.499585,0.499397,0.499144,0.498812,0.49839,0.497866,0.497232,0.496486,0.49563,0.494675,0.493638,0.492545,0.491428,0.490323,0.489272,0.488315,0.487493,0.486842,0.48639,0.486159,0.486159,0.48639,0.486842,0.487493,0.488315,0.489272,0.490323,0.491428,0.492545,0.493638,0.494675,0.49563,0.496486,0.497232,0.497866,0.49839,0.498812,0.499144,0.499397,0.499585,0.499722,0.499818,0.499884,0.499928,0.499956,0.499974,0.499985,0.499992,0.499995,0.499997,0.499998,0.499998
0.499997,0.499997,0.499996,0.499993,0.499988,0.499979,0.499964,0.499939,0.4999,0.499841,0.499753,0.499625,0.499445,0.4992,0.498872,0.498446,0.497908,0.497244,0.496448,0.495518,0.494458,0.493283,0.492015,0.490686,0.489335,0.488005,0.486744,0.485601,0.484622,0.483848,0.483312,0.483039,0.483039,0.483312,0.483848,0.484622,0.485601,0.486744,0.488005,0.489335,0.490686,0.492015,0.493283,0.494458,0.495518,0.496448,0.497244,0.497908,0.498446,0.498872,0.4992,0.499445,0.499625,0.499753,0.499841,0.4999,0.499939,0.499964,0.499979,0.499988,0.499993,0.499996,0.499997,0.499997
0.499995,0.499995,0.499993,0.499989,0.49998,0.499965,0.49994,0.4999,0.499839,0.499745,0.499608,0.499411,0.499137,0.498766,0.498277,0.497649,0.496863,0.495905,0.494767,0.493449,0.491963,0.490331,0.488586,0.486771,0.484939,0.483149,0.481463,0.479942,0.478645,0.477623,0.476918,0.476557,0.476557,0.476918,0.477623,0.478645,0.479942,0.481463,0.483149,0.484939,0.486771,0.488586,0.490331,0.491963,0.493449,0.494767,0.495905,0.496863,0.497649,0.498277,0.498766,0.499137,0.499411,0.499608,0.499745,0.499839,0.4999,0.49994,0.499965,0.49998,0.499989,0.499993,0.499995,0.499995
0.499992,0.499992,0.499988,0.49998,0.499965,0.499939,0.499898,0.499831,0.499729,0.499575,0.499352,0.499036,0.498601,0.498019,0.497258,0.496293,0.495097,0.493656,0.491962,0.490022,0.487855,0.485499,0.483002,0.480428,0.477852,0.475352,0.473013,0.470916,0.469136,0.467739,0.466777,0.466287,0.466287,0.466777,0.467739,0.469136,0.470916,0.473013,0.475352,0.477852,0.480428,0.483002,0.485499,0.487855,0.490022,0.491962,0.493656,0.495097,0.496293,0.497258,0.498019,0.498601,0.499036,0.499352,0.499575,0.499729,0.499831,0.499898,0.499939,0.499965,0.49998,0.499988,0.499992,0.499992
0.499985,0.499985,0.499979,0.499965,0.499939,0.499896,0.499826,0.499715,0.499547,0.499297,0.498937,0.498433,0.497746,0.496836,0.495661,0.494185,0.492377,0.49022,0.487712,0.48487,0.481728,0.478343,0.474792,0.471163,0.46756,0.464091,0.460867,0.457994,0.455567,0.45367,0.452368,0.451705,0.451705,0.452368,0.45367,0.455567,0.457994,0.460867,0.464091,0.46756,0.471163,0.474792,0.478343,0.481728,0.48487,0.487712,0.49022,0.492377,0.494185,0.495661,0.496836,0.497746,0.498433,0.498937,0.499297,0.499547,0.499715,0.499826,0.499896,0.499939,0.499965,0.499979,0.499985,0.499985
0.499974,0.499974,0.499964,0.49994,0.499898,0.499826,0.49971,0.499531,0.499259,0.498861,0.498294,0.497507,0.496447,0.495056,0.49328,0.491073,0.4884,0.485246,0.481618,0.477549,0.473099,0.468354,0.463423,0.458431,0.453517,0.448824,0.444494,0.440658,0.437435,0.434926,0.433209,0.432337,0.432337,0.433209,0.434926,0.437435,0.440658,0.444494,0.448824,0.453517,0.458431,0.463423,0.468354,0.473099,0.477549,0.481618,0.485246,0.4884,0.491073,0.49328,0.495056,0.496447,0.497507,0.498294,0.498861,0.499259,0.499531,0.49971,0.499826,0.499898,0.49994,0.499964,0.499974,0.499974
0.499956,0.499956,0.499939,0.4999,0.499831,0.499715,0.499531,0.499246,0.498821,0.498203,0.497331,0.496136,0.494542,0.492474,0.489864,0.486656,0.482814,0.478333,0.473237,0.467585,0.461471,0.455022,0.448388,0.441739,0.435253,0.429112,0.423489,0.418541,0.414408,0.411205,0.409019,0.407912,0.407912,0.409019,0.411205,0.414408,0.418541,0.423489,0.429112,0.435253,0.441739,0.448388,0.455022,0.461471,0.467585,0.473237,0.478333,0.482814,0.486656,0.489864,0.492474,0.494542,0.496136,0.497331,0.498203,0.498821,0.499246,0.499531,0.499715,0.499831,0.4999,0.499939,0.499956,0.499956
0.499928,0.499928,0.4999,0.499839,0.499729,0.499547,0.499259,0.498821,0.498171,0.497238,0.495936,0.494169,0.49184,0.488853,0.485126,0.4806,0.475244,0.469071,0.462133,0.45453,0.446403,0.437928,0.429306,0.420756,0.412501,0.404756,0.397722,0.39158,0.386481,0.38255,0.379877,0.378526,0.378526,0.379877,0.38255,0.386481,0.39158,0.397722,0.404756,0.412501,0.420756,0.429306,0.437928,0.446403,0.45453,0.462133,0.469071,0.475244,0.4806,0.485126,0.488853,0.49184,0.494169,0.495936,0.497238,0.498171,0.498821,0.499259,0.499547,0.499729,0.499839,0.4999,0.499928,0.499928
0.499884,0.499884,0.499841,0.499745,0.499575,0.499297,0.498861,0.498203,0.497238,0.495867,0.493974,0.491435,0.488127,0.483935,0.478768,0.472569,0.465327,0.457084,0.447938,0.438043,0.427598,0.41684,0.406029,0.395432,0.385313,0.375916,0.367463,0.360142,0.354107,0.349479,0.346347,0.344767,0.344767,0.346347,0.349479,0.354107,0.360142,0.367463,0.375916,0.385313,0.395432,0.406029,0.41684,0.427598,0.438043,0.447938,0.457084,0.465327,0.472569,0.478768,0.483935,0.488127,0.491435,0.493974,0.495867,0.497238,0.498203,0.498861,0.499297,0.499575,0.499745,0.499841,0.499884,0.499884
0.499818,0.499818,0.499753,0.499608,0.499352,0.498937,0.498294,0.497331,0.495936,0.493974,0.491296,0.487747,0.483179,0.477461,0.470502,0.462261,0.452761,0.442093,0.430418,0.417958,0.404986,0.391804,0.378733,0.366086,0.354156,0.343206,0.33346,0.325097,0.318259,0.31305,0.30954,0.307775,0.307775,0.30954,0.31305,0.318259,0.325097,0.33346,0.343206,0.354156,0.366086,0.378733,0.391804,0.404986,0.417958,0.430418,0.442093,0.452761,0.462261,0.470502,0.477461,0.483179,0.487747,0.491296,0.493974,0.495936,0.497331,0.498294,0.498937,0.499352,0.499608,0.499753,0.499818,0.499818
0.499722,0.499722,0.499625,0.499411,0.499036,0.498433,0.497507,0.496136,0.494169,0.491435,0.487747,0.482919,0.47678,0.469196,0.460087,0.449449,0.437357,0.423972,0.409537,0.394358,0.37879,0.363205,0.347978,0.333456,0.319948,0.307712,0.296951,0.287819,0.280422,0.274829,0.271082,0.269204,0.269204,0.271082,0.274829,0.280422,0.287819,0.296951,0.307712,0.319948,0.333456,0.347978,0.363205,0.37879,0.394358,0.409537,0.423972,0.437357,0.449449,0.460087,0.469196,0.47678,0.482919,0.487747,0.491435,0.494169,0.496136,0.497507,0.498433,0.499036,0.499411,0.499625,0.499722,0.499722
0.499585,0.499585,0.499445,0.499137,0.498601,0.497746,0.496447,0.494542,0.49184,0.488127,0.483179,0.47678,0.468749,0.45896,0.447368,0.434023,0.41908,0.402792,0.385501,0.367612,0.349561,0.33179,0.314711,0.298688,0.284019,0.270933,0.259589,0.250085,0.242473,0.23677,0.232976,0.231082,0.231082,0.232976,0.23677,0.242473,0.250085,0.259589,0.270933,0.284019,0.298688,0.314711,0.33179,0.349561,0.367612,0.385501,0.402792,0.41908,0.434023,0.447368,0.45896,0.468749,0.47678,0.483179,0.488127,0.49184,0.494542,0.496447,0.497746,0.498601,0.499137,0.499445,0.499585,0.499585
0.499397,0.499397,0.4992,0.498766,0.498019,0.496836,0.495056,0.492474,0.488853,0.483935,0.477461,0.469196,0.45896,0.446659,0.432303,0.416026,0.398087,0.378854,0.358784,0.338383,0.318169,0.298634,0.28021,0.263247,0.248006,0.234653,0.223275,0.213894,0.206483,0.200996,0.197376,0.195579,0.195579,0.197376,0.200996,0.206483,0.213894,0.223275,0.234653,0.248006,0.263247,0.28021,0.298634,0.318169,0.338383,0.358784,0.378854,0.398087,0.416026,0.432303,0.446659,0.45896,0.469196,0.477461,0.483935,0.488853,0.492474,0.495056,0.496836,0.498019,0.498766,0.4992,0.499397,0.499397
0.499144,0.499144,0.498872,0.498277,0.497258,0.495661,0.49328,0.489864,0.485126,0.478768,0.470502,0.460087,0.447368,0.432303,0.414988,0.395671,0.374738,0.352691,0.330108,0.307595,0.285737,0.265052,0.245963,0.228774,0.213671,0.200731,0.18994,0.181222,0.17446,0.169529,0.166315,0.164731,0.164731,0.166315,0.169529,0.17446,0.181222,0.18994,0.200731,0.213671,0.228774,0.245963,0.265052,0.285737,0.307595,0.330108,0.352691,0.374738,0.395671,0.414988,0.432303,0.447368,0.460087,0.470502,0.478768,0.485126,0.489864,0.49328,0.495661,0.497258,0.498277,0.498872,0.499144,0.499144
0.498812,0.498812,0.498446,0.497649,0.496293,0.494185,0.491073,0.486656,0.4806,0.472569,0.462261,0.449449,0.434023,0.416026,0.395671,0.373345,0.349583,0.325031,0.300389,0.276349,0.253536,0.232466,0.213512,0.196896,0.182698,0.170876,0.161296,0.153767,0.148078,0.144022,0.141424,0.140158,0.140158,0.141424,0.144022,0.148078,0.153767,0.161296,0.170876,0.182698,0.196896,0.213512,0.232466,0.253536,0.276349,0.300389,0.325031,0.349583,0.373345,0.395671,0.416026,0.434023,0.449449,0.462261,0.472569,0.4806,0.486656,0.491073,0.494185,0.496293,0.497649,0.498446,0.498812,0.498812
0.49839,0.49839,0.497908,0.496863,0.495097,0.492377,0.4884,0.482814,0.475244,0.465327,0.452761,0.437357,0.41908,0.398087,0.374738,0.349583,0.323321,0.296742,0.270657,0.245817,0.222856,0.202245,0.184271,0.169037,0.156485,0.146434,0.138619,0.132732,0.128466,0.125539,0.123723,0.122856,0.122856,0.123723,0.125539,0.128466,0.132732,0.138619,0.146434,0.156485,0.169037,0.184271,0.202245,0.222856,0.245817,0.270657,0.296742,0.323321,0.349583,0.374738,0.398087,0.41908,0.437357,0.452761,0.465327,0.475244,0.482814,0.4884,0.492377,0.495097,0.496863,0.497908,0.49839,0.49839
0.497866,0.497866,0.497244,0.495905,0.493656,0.49022,0.485246,0.478333,0.469071,0.457084,0.442093,0.423972,0.402792,0.378854,0.352691,0.325031,0.296742,0.268751,0.24195,0.217121,0.194862,0.175559,0.15937,0.146248,0.135979,0.128231,0.122605,0.118686,0.116079,0.114444,0.113508,0.113087,0.113087,0.113508,0.114444,0.116079,0.118686,0.122605,0.128231,0.135979,0.146248,0.15937,0.175559,0.194862,0.217121,0.24195,0.268751,0.296742,0.325031,0.352691,0.378854,0.402792,0.423972,0.442093,0.457084,0.469071,0.478333,0.485246,0.49022,0.493656,0.495905,0.497244,0.497866,0.497866
0.497232,0.497232,0.496448,0.494767,0.491962,0.487712,0.481618,0.473237,0.462133,0.447938,0.430418,0.409537,0.385501,0.358784,0.330108,0.300389,0.270657,0.24195,0.215216,0.191218,0.170478,0.15325,0.139534,0.129109,0.121592,0.116502,0.113318,0.111533,0.110687,0.110396,0.110368,0.110404,0.110404,0.110368,0.110396,0.110687,0.111533,0.113318,0.116502,0.121592,0.129109,0.139534,0.15325,0.170478,0.191218,0.215216,0.24195,0.270657,0.300389,0.330108,0.358784,0.385501,0.409537,0.430418,0.447938,0.462133,0.473237,0.481618,0.487712,0.491962,0.494767,0.496448,0.497232,0.497232
0.496486,0.496486,0.495518,0.493449,0.490022,0.48487,0.477549,0.467585,0.45453,0.438043,0.417958,0.394358,0.367612,0.338383,0.307595,0.276349,0.245817,0.217121,0.191218,0.16881,0.150298,0.135769,0.125037,0.117695,0.113194,0.110917,0.11024,0.11059,0.111467,0.112472,0.113306,0.113771,0.113771,0.113306,0.112472,0.111467,0.11059,0.11024,0.110917,0.113194,0.117695,0.125037,0.135769,0.150298,0.16881,0.191218,0.217121,0.245817,0.276349,0.307595,0.338383,0.367612,0.394358,0.417958,0.438043,0.45453,0.467585,0.477549,0.48487,0.490022,0.493449,0.495518,0.496486,0.496486
0.49563,0.49563,0.494458,0.491963,0.487855,0.481728,0.473099,0.461471,0.446403,0.427598,0.404986,0.37879,0.349561,0.318169,0.285737,0.253536,0.222856,0.194862,0.170478,0.150298,0.134561,0.123162,0.115714,0.111625,0.110192,0.110684,0.112405,0.114743,0.11719,0.119351,0.120943,0.121783,0.121783,0.120943,0.119351,0.11719,0.114743,0.112405,0.110684,0.110192,0.111625,0.115714,0.123162,0.134561,0.150298,0.170478,0.194862,0.222856,0.253536,0.285737,0.318169,0.349561,0.37879,0.404986,0.427598,0.446403,0.461471,0.473099,0.481728,0.487855,0.491963,0.494458,0.49563,0.49563
0.494675,0.494675,0.493283,0.490331,0.485499,0.478343,0.468354,0.455022,0.437928,0.41684,0.391804,0.363205,0.33179,0.298634,0.265052,0.232466,0.202245,0.175559,0.15325,0.135769,0.123162,0.115115,0.111036,0.110162,0.111658,0.114709,0.118578,0.122645,0.12642,0.129539,0.131747,0.132889,0.132889,0.131747,0.129539,0.12642,0.122645,0.118578,0.114709,0.111658,0.110162,0.111036,0.115115,0.123162,0.135769,0.15325,0.175559,0.202245,0.232466,0.265052,0.298634,0.33179,0.363205,0.391804,0.41684,0.437928,0.455022,0.468354,0.478343,0.485499,0.490331,0.493283,0.494675,0.494675
0.493638,0.493638,0.492015,0.488586,0.483002,0.474792,0.463423,0.448388,0.429306,0.406029,0.378733,0.347978,0.314711,0.28021,0.245963,0.213512,0.184271,0.15937,0.139534,0.125037,0.115714,0.111036,0.11022,0.112349,0.116487,0.121766,0.12744,0.132911,0.137729,0.141577,0.144244,0.145606,0.145606,0.144244,0.141577,0.137729,0.132911,0.12744,0.121766,0.116487,0.112349,0.11022,0.111036,0.115714,0.125037,0.139534,0.15937,0.184271,0.213512,0.245963,0.28021,0.314711,0.347978,0.378733,0.406029,0.429306,0.448388,0.463423,0.474792,0.483002,0.488586,0.492015,0.493638,0.493638
0.492545,0.492545,0.490686,0.486771,0.480428,0.471163,0.458431,0.441739,0.420756,0.395432,0.366086,0.333456,0.298688,0.263247,0.228774,0.196896,0.169037,0.146248,0.129109,0.117695,0.111625,0.110162,0.112349,0.117145,0.123543,0.130654,0.13775,0.144279,0.149848,0.154198,0.157169,0.158674,0.158674,0.157169,0.154198,0.149848,0.144279,0.13775,0.130654,0.123543,0.117145,0.112349,0.110162,0.111625,0.117695,0.129109,0.146248,0.169037,0.196896,0.228774,0.263247,0.298688,0.333456,0.366086,0.395432,0.420756,0.441739,0.458431,0.471163,0.480428,0.486771,0.490686,0.492545,0.492545
0.491428,0.491428,0.489335,0.484939,0.477852,0.46756,0.453517,0.435253,0.412501,0.385313,0.354156,0.319948,0.284019,0.248006,0.213671,0.182698,0.156485,0.135979,0.121592,0.113194,0.110192,0.111658,0.116487,0.123543,0.131778,0.14031,0.148452,0.155712,0.161766,0.166416,0.169556,0.171136,0.171136,0.169556,0.166416,0.161766,0.155712,0.148452,0.14031,0.131778,0.123543,0.116487,0.111658,0.110192,0.113194,0.121592,0.135979,0.156485,0.182698,0.213671,0.248006,0.284019,0.319948,0.354156,0.385313,0.412501,0.435253,0.453517,0.46756,0.477852,0.484939,0.489335,0.491428,0.491428
0.490323,0.490323,0.488005,0.483149,0.475352,0.464091,0.448824,0.429112,0.404756,0.375916,0.343206,0.307712,0.270933,0.234653,0.200731,0.170876,0.146434,0.128231,0.116502,0.110917,0.110684,0.114709,0.121766,0.130654,0.14031,0.14988,0.158732,0.166444,0.17276,0.177548,0.180752,0.182354,0.182354,0.180752,0.177548,0.17276,0.166444,0.158732,0.14988,0.14031,0.130654,0.121766,0.114709,0.110684,0.110917,0.116502,0.128231,0.146434,0.170876,0.200731,0.234653,0.270933,0.307712,0.343206,0.375916,0.404756,0.429112,0.448824,0.464091,0.475352,0.483149,0.488005,0.490323,0.490323
0.489272,0.489272,0.486744,0.481463,0.473013,0.460867,0.444494,0.423489,0.397722,0.367463,0.33346,0.296951,0.259589,0.223275,0.18994,0.161296,0.138619,0.122605,0.113318,0.11024,0.112405,0.118578,0.12744,0.13775,0.148452,0.158732,0.168021,0.175966,0.182381,0.18719,0.190382,0.191972,0.191972,0.190382,0.18719,0.182381,0.175966,0.168021,0.158732,0.148452,0.13775,0.12744,0.118578,0.112405,0.11024,0.113318,0.122605,0.138619,0.161296,0.18994,0.223275,0.259589,0.296951,0.33346,0.367463,0.397722,0.423489,0.444494,0.460867,0.473013,0.481463,0.486744,0.489272,0.489272
0.488315,0.488315,0.485601,0.479942,0.470916,0.457994,0.440658,0.418541,0.39158,0.360142,0.325097,0.287819,0.250085,0.213894,0.181222,0.153767,0.132732,0.118686,0.111533,0.11059,0.114743,0.122645,0.132911,0.144279,0.155712,0.166444,0.175966,0.183993,0.190397,0.195154,0.198292,0.199848,0.199848,0.198292,0.195154,0.190397,0.183993,0.175966,0.166444,0.155712,0.144279,0.132911,0.122645,0.114743,0.11059,0.111533,0.118686,0.132732,0.153767,0.181222,0.213894,0.250085,0.287819,0.325097,0.360142,0.39158,0.418541,0.440658,0.457994,0.470916,0.479942,0.485601,0.488315,0.488315
0.487493,0.487493,0.484622,0.478645,0.469136,0.455567,0.437435,0.414408,0.386481,0.354107,0.318259,0.280422,0.242473,0.206483,0.17446,0.148078,0.128466,0.116079,0.110687,0.111467,0.11719,0.12642,0.137729,0.149848,0.161766,0.17276,0.182381,0.190397,0.196732,0.201404,0.204469,0.205984,0.205984,0.204469,0.201404,0.196732,0.190397,0.182381,0.17276,0.161766,0.149848,0.137729,0.12642,0.11719,0.111467,0.110687,0.116079,0.128466,0.148078,0.17446,0.206483,0.242473,0.280422,0.318259,0.354107,0.386481,0.414408,0.437435,0.455567,0.469136,0.478645,0.484622,0.487493,0.487493
0.486842,0.486842,0.483848,0.477623,0.467739,0.45367,0.434926,0.411205,0.38255,0.349479,0.31305,0.274829,0.23677,0.200996,0.169529,0.144022,0.125539,0.114444,0.110396,0.112472,0.119351,0.129539,0.141577,0.154198,0.166416,0.177548,0.18719,0.195154,0.201404,0.205987,0.208981,0.210458,0.210458,0.208981,0.205987,0.201404,0.195154,0.18719,0.177548,0.166416,0.154198,0.141577,0.129539,0.119351,0.112472,0.110396,0.114444,0.125539,0.144022,0.169529,0.200996,0.23677,0.274829,0.31305,0.349479,0.38255,0.411205,0.434926,0.45367,0.467739,0.477623,0.483848,0.486842,0.486842
0.48639,0.48639,0.483312,0.476918,0.466777,0.452368,0.433209,0.409019,0.379877,0.346347,0.30954,0.271082,0.232976,0.197376,0.166315,0.141424,0.123723,0.113508,0.110368,0.113306,0.120943,0.131747,0.144244,0.157169,0.169556,0.180752,0.190382,0.198292,0.204469,0.208981,0.211921,0.213368,0.213368,0.211921,0.208981,0.204469,0.198292,0.190382,0.180752,0.169556,0.157169,0.144244,0.131747,0.120943,0.113306,0.110368,0.113508,0.123723,0.141424,0.166315,0.197376,0.232976,0.271082,0.30954,0.346347,0.379877,0.409019,0.433209,0.452368,0.466777,0.476918,0.483312,0.48639,0.48639
0.486159,0.486159,0.483039,0.476557,0.466287,0.451705,0.432337,0.407912,0.378526,0.344767,0.307775,0.269204,0.231082,0.195579,0.164731,0.140158,0.122856,0.113087,0.110404,0.113771,0.121783,0.132889,0.145606,0.158674,0.171136,0.182354,0.191972,0.199848,0.205984,0.210458,0.213368,0.2148,0.2148,0.213368,0.210458,0.205984,0.199848,0.191972,0.182354,0.171136,0.158674,0.145606,0.132889,0.121783,0.113771,0.110404,0.113087,0.122856,0.140158,0.164731,0.195579,0.231082,0.269204,0.307775,0.344767,0.378526,0.407912,0.432337,0.451705,0.466287,0.476557,0.483039,0.486159,0.486159
0.486159,0.486159,0.483039,0.476557,0.466287,0.451705,0.432337,0.407912,0.378526,0.344767,0.307775,0.269204,0.231082,0.195579,0.164731,0.140158,0.122856,0.113087,0.110404,0.113771,0.121783,0.132889,0.145606,0.158674,0.171136,0.182354,0.191972,0.199848,0.205984,0.210458,0.213368,0.2148,0.2148,0.213368,0.210458,0.205984,0.199848,0.191972,0.182354,0.171136,0.158674,0.145606,0.132889,0.121783,0.113771,0.110404,0.113087,0.122856,0.140158,0.164731,0.195579,0.231082,0.269204,0.307775,0.344767,0.378526,0.407912,0.432337,0.451705,0.466287,0.476557,0.483039,0.486159,0.486159
0.48639,0.48639,0.483312,0.476918,0.466777,0.452368,0.433209,0.409019,0.379877,0.346347,0.30954,0.271082,0.232976,0.197376,0.166315,0.141424,0.123723,0.113508,0.110368,0.113306,0.120943,0.131747,0.144244,0.157169,0.169556,0.180752,0.190382,0.198292,0.204469,0.208981,0.211921,0.213368,0.213368,0.211921,0.208981,0.204469,0.198292,0.190382,0.180752,0.169556,0.157169,0.144244,0.131747,0.120943,0.113306,0.110368,0.113508,0.123723,0.141424,0.166315,0.197376,0.232976,0.271082,0.30954,0.346347,0.379877,0.409019,0.433209,0.452368,0.466777,0.476918,0.483312,0.48639,0.48639
0.486842,0.486842,0.483848,0.477623,0.467739,0.45367,0.434926,0.411205,0.38255,0.349479,0.31305,0.274829,0.23677,0.200996,0.169529,0.144022,0.125539,0.114444,0.110396,0.112472,0.119351,0.129539,0.141577,0.154198,0.166416,0.177548,0.18719,0.195154,0.201404,0.205987,0.208981,0.210458,0.210458,0.208981,0.205987,0.201404,0.195154,0.18719,0.177548,0.166416,0.154198,0.141577,0.129539,0.119351,0.112472,0.110396,0.114444,0.125539,0.144022,0.169529,0.200996,0.23677,0.274829,0.31305,0.349479,0.38255,0.411205,0.434926,0.45367,0.467739,0.477623,0.483848,0.486842,0.486842
0.487493,0.487493,0.484622,0.478645,0.469136,0.455567,0.437435,0.414408,0.386481,0.354107,0.318259,0.280422,0.242473,0.206483,0.17446,0.148078,0.128466,0.116079,0.110687,0.111467,0.11719,0.12642,0.137729,0.149848,0.161766,0.17276,0.182381,0.190397,0.196732,0.201404,0.204469,0.205984,0.205984,0.204469,0.201404,0.196732,0.190397,0.182381,0.17276,0.161766,0.149848,0.137729,0.12642,0.11719,0.111467,0.110687,0.116079,0.128466,0.148078,0.17446,0.206483,0.242473,0.280422,0.318259,0.354107,0.386481,0.414408,0.437435,0.455567,0.469136,0.478645,0.484622,0.487493,0.487493
0.488315,0.488315,0.485601,0.479942,0.470916,0.457994,0.440658,0.418541,0.39158,0.360142,0.325097,0.287819,0.250085,0.213894,0.181222,0.153767,0.132732,0.118686,0.111533,0.11059,0.114743,0.122645,0.132911,0.144279,0.155712,0.166444,0.175966,0.183993,0.190397,0.195154,0.198292,0.199848,0.199848,0.198292,0.195154,0.190397,0.183993,0.175966,0.166444,0.155712,0.144279,0.132911,0.122645,0.114743,0.11059,0.111533,0.118686,0.132732,0.153767,0.181222,0.213894,0.250085,0.287819,0.325097,0.360142,0.39158,0.418541,0.440658,0.457994,0.470916,0.479942,0.485601,0.488315,0.488315
0.489272,0.489272,0.486744,0.481463,0.473013,0.460867,0.444494,0.423489,0.397722,0.367463,0.33346,0.296951,0.259589,0.223275,0.18994,0.161296,0.138619,0.122605,0.113318,0.11024,0.112405,0.118578,0.12744,0.13775,0.148452,0.158732,0.168021,0.175966,0.182381,0.18719,0.190382,0.191972,0.191972,0.190382,0.18719,0.182381,0.175966,0.168021,0.158732,0.148452,0.13775,0.12744,0.118578,0.112405,0.11024,0.113318,0.122605,0.138619,0.161296,0.18994,0.223275,0.259589,0.296951,0.33346,0.367463,0.397722,0.423489,0.444494,0.460867,0.473013,0.481463,0.486744,0.489272,0.489272
0.490323,0.490323,0.488005,0.483149,0.475352,0.464091,0.448824,0.429112,0.404756,0.375916,0.343206,0.307712,0.270933,0.234653,0.200731,0.170876,0.146434,0.128231,0.116502,0.110917,0.110684,0.114709,0.121766,0.130654,0.14031,0.14988,0.158732,0.166444,0.17276,0.177548,0.180752,0.182354,0.182354,0.180752,0.177548,0.17276,0.166444,0.158732,0.14988,0.14031,0.130654,0.121766,0.114709,0.110684,0.110917,0.116502,0.128231,0.146434,0.170876,0.200731,0.234653,0.270933,0.307712,0.343206,0.375916,0.404756,0.429112,0.448824,0.464091,0.475352,0.483149,0.488005,0.490323,0.490323
0.491428,0.491428,0.489335,0.484939,0.477852,0.46756,0.453517,0.435253,0.412501,0.385313,0.354156,0.319948,0.284019,0.248006,0.213671,0.182698,0.156485,0.135979,0.121592,0.113194,0.110192,0.111658,0.116487,0.123543,0.131778,0.14031,0.148452,0.155712,0.161766,0.166416,0.169556,0.171136,0.171136,0.169556,0.166416,0.161766,0.155712,0.148452,0.14031,0.131778,0.123543,0.116487,0.111658,0.110192,0.113194,0.121592,0.135979,0.156485,0.182698,0.213671,0.248006,0.284019,0.319948,0.354156,0.385313,0.412501,0.435253,0.453517,0.46756,0.477852,0.484939,0.489335,0.491428,0.491428
0.492545,0.492545,0.490686,0.486771,0.480428,0.471163,0.458431,0.441739,0.420756,0.395432,0.366086,0.333456,0.298688,0.263247,0.228774,0.196896,0.169037,0.146248,0.129109,0.117695,0.111625,0.110162,0.112349,0.117145,0.123543,0.130654,0.13775,0.144279,0.149848,0.154198,0.157169,0.158674,0.158674,0.157169,0.154198,0.149848,0.144279,0.13775,0.130654,0.123543,0.117145,0.112349,0.110162,0.111625,0.117695,0.129109,0.146248,0.169037,0.196896,0.228774,0.263247,0.298688,0.333456,0.366086,0.395432,0.420756,0.441739,0.458431,0.471163,0.480428,0.486771,0.490686,0.492545,0.492545
0.493638,0.493638,0.492015,0.488586,0.483002,0.474792,0.463423,0.448388,0.429306,0.406029,0.378733,0.347978,0.314711,0.28021,0.245963,0.213512,0.184271,0.15937,0.139534,0.125037,0.115714,0.111036,0.11022,0.112349,0.116487,0.121766,0.12744,0.132911,0.137729,0.141577,0.144244,0.145606,0.145606,0.144244,0.141577,0.137729,0.132911,0.12744,0.121766,0.116487,0.112349,0.11022,0.111036,0.115714,0.125037,0.139534,0.15937,0.184271,0.213512,0.245963,0.28021,0.314711,0.347978,0.378733,0.406029,0.429306,0.448388,0.463423,0.474792,0.483002,0.488586,0.492015,0.493638,0.493638
0.494675,0.494675,0.493283,0.490331,0.485499,0.478343,0.468354,0.455022,0.437928,0.41684,0.391804,0.363205,0.33179,0.298634,0.265052,0.232466,0.202245,0.175559,0.15325,0.135769,0.123162,0.115115,0.111036,0.110162,0.111658,0.114709,0.118578,0.122645,0.12642,0.129539,0.131747,0.132889,0.132889,0.131747,0.129539,0.12642,0.122645,0.118578,0.114709,0.111658,0.110162,0.111036,0.115115,0.123162,0.135769,0.15325,0.175559,0.202245,0.232466,0.265052,0.298634,0.33179,0.363205,0.391804,0.41684,0.437928,0.455022,0.468354,0.478343,0.485499,0.490331,0.493283,0.494675,0.494675
0.49563,0.49563,0.494458,0.491963,0.487855,0.481728,0.473099,0.461471,0.446403,0.427598,0.404986,0.37879,0.349561,0.318169,0.285737,0.253536,0.222856,0.194862,0.170478,0.150298,0.134561,0.123162,0.115714,0.111625,0.110192,0.110684,0.112405,0.114743,0.11719,0.119351,0.120943,0.121783,0.121783,0.120943,0.119351,0.11719,0.114743,0.112405,0.110684,0.110192,0.111625,0.115714,0.123162,0.134561,0.150298,0.170478,0.194862,0.222856,0.253536,0.285737,0.318169,0.349561,0.37879,0.404986,0.427598,0.446403,0.461471,0.473099,0.481728,0.487855,0.491963,0.494458,0.49563,0.49563
0.496486,0.496486,0.495518,0.493449,0.490022,0.48487,0.477549,0.467585,0.45453,0.438043,0.417958,0.394358,0.367612,0.338383,0.307595,0.276349,0.245817,0.217121,0.191218,0.16881,0.150298,0.135769,0.125037,0.117695,0.113194,0.110917,0.11024,0.11059,0.111467,0.112472,0.113306,0.113771,0.113771,0.113306,0.112472,0.111467,0.11059,0.11024,0.110917,0.113194,0.117695,0.125037,0.135769,0.150298,0.16881,0.191218,0.217121,0.245817,0.276349,0.307595,0.338383,0.367612,0.394358,0.417958,0.438043,0.45453,0.467585,0.477549,0.48487,0.490022,0.493449,0.495518,0.496486,0.496486
0.497232,0.497232,0.496448,0.494767,0.491962,0.487712,0.481618,0.473237,0.462133,0.447938,0.430418,0.409537,0.385501,0.358784,0.330108,0.300389,0.270657,0.24195,0.215216,0.191218,0.170478,0.15325,0.139534,0.129109,0.121592,0.116502,0.113318,0.111533,0.110687,0.110396,0.110368,0.110404,0.110404,0.110368,0.110396,0.110687,0.111533,0.113318,0.116502,0.121592,0.129109,0.139534,0.15325,0.170478,0.191218,0.215216,0.24195,0.270657,0.300389,0.330108,0.358784,0.385501,0.409537,0.430418,0.447938,0.462133,0.473237,0.481618,0.487712,0.491962,0.494767,0.496448,0.497232,0.497232
0.497866,0.497866,0.497244,0.495905,0.493656,0.49022,0.485246,0.478333,0.469071,0.457084,0.442093,0.423972,0.402792,0.378854,0.352691,0.325031,0.296742,0.268751,0.24195,0.217121,0.194862,0.175559,0.15937,0.146248,0.135979,0.128231,0.122605,0.118686,0.116079,0.114444,0.113508,0.113087,0.113087,0.113508,0.114444,0.116079,0.118686,0.122605,0.128231,0.135979,0.146248,0.15937,0.175559,0.194862,0.217121,0.24195,0.268751,0.296742,0.325031,0.352691,0.378854,0.402792,0.423972,0.442093,0.457084,0.469071,0.478333,0.485246,0.49022,0.493656,0.495905,0.497244,0.497866,0.497866
0.49839,0.49839,0.497908,0.496863,0.495097,0.492377,0.4884,0.482814,0.475244,0.465327,0.452761,0.437357,0.41908,0.398087,0.374738,0.349583,0.323321,0.296742,0.270657,0.245817,0.222856,0.202245,0.184271,0.169037,0.156485,0.146434,0.138619,0.132732,0.128466,0.125539,0.123723,0.122856,0.122856,0.123723,0.125539,0.128466,0.132732,0.138619,0.146434,0.156485,0.169037,0.184271,0.202245,0.222856,0.245817,0.270657,0.296742,0.323321,0.349583,0.374738,0.398087,0.41908,0.437357,0.452761,0.465327,0.475244,0.482814,0.4884,0.492377,0.495097,0.496863,0.497908,0.49839,0.49839
0.498812,0.498812,0.498446,0.497649,0.496293,0.494185,0.491073,0.486656,0.4806,0.472569,0.462261,0.449449,0.434023,0.416026,0.395671,0.373345,0.349583,0.325031,0.300389,0.276349,0.253536,0.232466,0.213512,0.196896,0.182698,0.170876,0.161296,0.153767,0.148078,0.144022,0.141424,0.140158,0.140158,0.141424,0.144022,0.148078,0.153767,0.161296,0.170876,0.182698,0.196896,0.213512,0.232466,0.253536,0.276349,0.300389,0.325031,0.349583,0.373345,0.395671,0.416026,0.434023,0.449449,0.462261,0.472569,0.4806,0.486656,0.491073,0.494185,0.496293,0.497649,0.498446,0.498812,0.498812
0.499144,0.499144,0.498872,0.498277,0.497258,0.495661,0.49328,0.489864,0.485126,0.478768,0.470502,0.460087,0.447368,0.432303,0.414988,0.395671,0.374738,0.352691,0.330108,0.307595,0.285737,0.265052,0.245963,0.228774,0.213671,0.200731,0.18994,0.181222,0.17446,0.169529,0.166315,0.164731,0.164731,0.166315,0.169529,0.17446,0.181222,0.18994,0.200731,0.213671,0.228774,0.245963,0.265052,0.285737,0.307595,0.330108,0.352691,0.374738,0.395671,0.414988,0.432303,0.447368,0.460087,0.470502,0.478768,0.485126,0.489864,0.49328,0.495661,0.497258,0.498277,0.498872,0.499144,0.499144
0.499397,0.499397,0.4992,0.498766,0.498019,0.496836,0.495056,0.492474,0.488853,0.483935,0.477461,0.469196,0.45896,0.446659,0.432303,0.416026,0.398087,0.378854,0.358784,0.338383,0.318169,0.298634,0.28021,0.263247,0.248006,0.234653,0.223275,0.213894,0.206483,0.200996,0.197376,0.195579,0.195579,0.197376,0.200996,0.206483,0.213894,0.223275,0.234653,0.248006,0.263247,0.28021,0.298634,0.318169,0.338383,0.358784,0.378854,0.398087,0.416026,0.432303,0.446659,0.45896,0.469196,0.477461,0.483935,0.488853,0.492474,0.495056,0.496836,0.498019,0.498766,0.4992,0.499397,0.499397
0.499585,0.499585,0.499445,0.499137,0.498601,0.497746,0.496447,0.494542,0.49184,0.488127,0.483179,0.47678,0.468749,0.45896,0.447368,0.434023,0.41908,0.402792,0.385501,0.367612,0.349561,0.33179,0.314711,0.298688,0.284019,0.270933,0.259589,0.250085,0.242473,0.23677,0.232976,0.231082,0.231082,0.232976,0.23677,0.242473,0.250085,0.259589,0.270933,0.284019,0.298688,0.314711,0.33179,0.349561,0.367612,0.385501,0.402792,0.41908,0.434023,0.447368,0.45896,0.468749,0.47678,0.483179,0.488127,0.49184,0.494542,0.496447,0.497746,0.498601,0.499137,0.499445,0.499585,0.499585
0.499722,0.499722,0.499625,0.499411,0.499036,0.498433,0.497507,0.496136,0.494169,0.491435,0.487747,0.482919,0.47678,0.469196,0.460087,0.449449,0.437357,0.423972,0.409537,0.394358,0.37879,0.363205,0.347978,0.333456,0.319948,0.307712,0.296951,0.287819,0.280422,0.274829,0.271082,0.269204,0.269204,0.271082,0.274829,0.280422,0.287819,0.296951,0.307712,0.319948,0.333456,0.347978,0.363205,0.37879,0.394358,0.409537,0.423972,0.437357,0.449449,0.460087,0.469196,0.47678,0.482919,0.487747,0.491435,0.494169,0.496136,0.497507,0.498433,0.499036,0.499411,0.499625,0.499722,0.499722
0.499818,0.499818,0.499753,0.499608,0.499352,0.498937,0.498294,0.497331,0.495936,0.493974,0.491296,0.487747,0.483179,0.477461,0.470502,0.462261,0.452761,0.442093,0.430418,0.417958,0.404986,0.391804,0.378733,0.366086,0.354156,0.343206,0.33346,0.325097,0.318259,0.31305,0.30954,0.307775,0.307775,0.30954,0.31305,0.318259,0.325097,0.33346,0.343206,0.354156,0.366086,0.378733,0.391804,0.404986,0.417958,0.430418,0.442093,0.452761,0.462261,0.470502,0.477461,0.483179,0.487747,0.491296,0.493974,0.495936,0.497331,0.498294,0.498937,0.499352,0.499608,0.499753,0.499818,0.499818
0.499884,0.499884,0.499841,0.499745,0.499575,0.499297,0.498861,0.498203,0.497238,0.495867,0.493974,0.491435,0.488127,0.483935,0.478768,0.472569,0.465327,0.457084,0.447938,0.438043,0.427598,0.41684,0.406029,0.395432,0.385313,0.375916,0.367463,0.360142,0.354107,0.349479,0.346347,0.344767,0.344767,0.346347,0.349479,0.354107,0.360142,0.367463,0.375916,0.385313,0.395432,0.406029,0.41684,0.427598,0.438043,0.447938,0.457084,0.465327,0.472569,0.478768,0.483935,0.488127,0.491435,0.493974,0.495867,0.497238,0.498203,0.498861,0.499297,0.499575,0.499745,0.499841,0.499884,0.499884
0.499928,0.499928,0.4999,0.499839,0.499729,0.499547,0.499259,0.498821,0.498171,0.497238,0.495936,0.494169,0.49184,0.488853,0.485126,0.4806,0.475244,0.469071,0.462133,0.45453,0.446403,0.437928,0.429306,0.420756,0.412501,0.404756,0.397722,0.39158,0.386481,0.38255,0.379877,0.378526,0.378526,0.379877,0.38255,0.386481,0.39158,0.397722,0.404756,0.412501,0.420756,0.429306,0.437928,0.446403,0.45453,0.462133,0.469071,0.475244,0.4806,0.485126,0.488853,0.49184,0.494169,0.495936,0.497238,0.498171,0.498821,0.499259,0.499547,0.499729,0.499839,0.4999,0.499928,0.499928
0.499956,0.499956,0.499939,0.4999,0.499831,0.499715,0.499531,0.499246,0.498821,0.498203,0.497331,0.496136,0.494542,0.492474,0.489864,0.486656,0.482814,0.478333,0.473237,0.467585,0.461471,0.455022,0.448388,0.441739,0.435253,0.429112,0.423489,0.418541,0.414408,0.411205,0.409019,0.407912,0.407912,0.409019,0.411205,0.414408,0.418541,0.423489,0.429112,0.435253,0.441739,0.448388,0.455022,0.461471,0.467585,0.473237,0.478333,0.482814,0.486656,0.489864,0.492474,0.494542,0.496136,0.497331,0.498203,0.498821,0.499246,0.499531,0.499715,0.499831,0.4999,0.499939,0.499956,0.499956
0.499974,0.499974,0.499964,0.49994,0.499898,0.499826,0.49971,0.499531,0.499259,0.498861,0.498294,0.497507,0.496447,0.495056,0.49328,0.491073,0.4884,0.485246,0.481618,0.477549,0.473099,0.468354,0.463423,0.458431,0.453517,0.448824,0.444494,0.440658,0.437435,0.434926,0.433209,0.432337,0.432337,0.433209,0.434926,0.437435,0.440658,0.444494,0.448824,0.453517,0.458431,0.463423,0.468354,0.473099,0.477549,0.481618,0.485246,0.4884,0.491073,0.49328,0.495056,0.496447,0.497507,0.498294,0.498861,0.499259,0.499531,0.49971,0.499826,0.499898,0.49994,0.499964,0.499974,0.499974
0.499985,0.499985,0.499979,0.499965,0.499939,0.499896,0.499826,0.499715,0.499547,0.499297,0.498937,0.498433,0.497746,0.496836,0.495661,0.494185,0.492377,0.49022,0.487712,0.48487,0.481728,0.478343,0.474792,0.471163,0.46756,0.464091,0.460867,0.457994,0.455567,0.45367,0.452368,0.451705,0.451705,0.452368,0.45367,0.455567,0.457994,0.460867,0.464091,0.46756,0.471163,0.474792,0.478343,0.481728,0.48487,0.487712,0.49022,0.492377,0.494185,0.495661,0.496836,0.497746,0.498433,0.498937,0.499297,0.499547,0.499715,0.499826,0.499896,0.499939,0.499965,0.499979,0.499985,0.499985
0.499992,0.499992,0.499988,0.49998,0.499965,0.499939,0.499898,0.499831,0.499729,0.499575,0.499352,0.499036,0.498601,0.498019,0.497258,0.496293,0.495097,0.493656,0.491962,0.490022,0.487855,0.485499,0.483002,0.480428,0.477852,0.475352,0.473013,0.470916,0.469136,0.467739,0.466777,0.466287,0.466287,0.466777,0.467739,0.469136,0.470916,0.473013,0.475352,0.477852,0.480428,0.483002,0.485499,0.487855,0.490022,0.491962,0.493656,0.495097,0.496293,0.497258,0.498019,0.498601,0.499036,0.499352,0.499575,0.499729,0.499831,0.499898,0.499939,0.499965,0.49998,0.499988,0.499992,0.499992
0.499995,0.499995,0.499993,0.499989,0.49998,0.499965,0.49994,0.4999,0.499839,0.499745,0.499608,0.499411,0.499137,0.498766,0.498277,0.497649,0.496863,0.495905,0.494767,0.493449,0.491963,0.490331,0.488586,0.486771,0.484939,0.483149,0.481463,0.479942,0.478645,0.477623,0.476918,0.476557,0.476557,0.476918,0.477623,0.478645,0.479942,0.481463,0.483149,0.484939,0.486771,0.488586,0.490331,0.491963,0.493449,0.494767,0.495905,0.496863,0.497649,0.498277,0.498766,0.499137,0.499411,0.499608,0.499745,0.499839,0.4999,0.49994,0.499965,0.49998,0.499989,0.499993,0.499995,0.499995
0.499997,0.499997,0.499996,0.499993,0.499988,0.499979,0.499964,0.499939,0.4999,0.499841,0.499753,0.499625,0.499445,0.4992,0.498872,0.498446,0.497908,0.497244,0.496448,0.495518,0.494458,0.493283,0.492015,0.490686,0.489335,0.488005,0.486744,0.485601,0.484622,0.483848,0.483312,0.483039,0.483039,0.483312,0.483848,0.484622,0.485601,0.486744,0.488005,0.489335,0.490686,0.492015,0.493283,0.494458,0.495518,0.496448,0.497244,0.497908,0.498446,0.498872,0.4992,0.499445,0.499625,0.499753,0.499841,0.4999,0.499939,0.499964,0.499979,0.499988,0.499993,0.499996,0.499997,0.499997
0.499998,0.499998,0.499997,0.499995,0.499992,0.499985,0.499974,0.499956,0.499928,0.499884,0.499818,0.499722,0.499585,0.499397,0.499144,0.498812,0.49839,0.497866,0.497232,0.496486,0.49563,0.494675,0.493638,0.492545,0.491428,0.490323,0.489272,0.488315,0.487493,0.486842,0.48639,0.486159,0.486159,0.48639,0.486842,0.487493,0.488315,0.489272,0.490323,0.491428,0.492545,0.493638,0.494675,0.49563,0.496486,0.497232,0.497866,0.49839,0.498812,0.499144,0.499397,0.499585,0.499722,0.499818,0.499884,0.499928,0.499956,0.499974,0.499985,0.499992,0.499995,0.499997,0.499998,0.499998
0.499998,0.499998,0.499997,0.499995,0.499992,0.499985,0.499974,0.499956,0.499928,0.499884,0.499818,0.499722,0.499585,0.499397,0.499144,0.498812,0.49839,0.497866,0.497232,0.496486,0.49563,0.494675,0.493638,0.492545,0.491428,0.490323,0.489272,0.488315,0.487493,0.486842,0.48639,0.486159,0.486159,0.48639,0.486842,0.487493,0.488315,0.489272,0.490323,0.491428,0.492545,0.493638,0.494675,0.49563,0.496486,0.497232,0.497866,0.49839,0.498812,0.499144,0.499397,0.499585,0.499722,0.499818,0.499884,0.499928,0.499956,0.499974,0.499985,0.499992,0.499995,0.499997,0.499998,0.499998
