0.499999,0.499999,0.499998,0.499996,0.499993,0.499988,0.49998,0.499965,0.499942,0.499906,0.499853,0.499773,0.499661,0.499504,0.499292,0.499012,0.498654,0.498208,0.497665,0.497024,0.496284,0.495456,0.494554,0.493599,0.49262,0.491649,0.490723,0.489879,0.489152,0.488575,0.488175,0.48797,0.48797,0.488175,0.488575,0.489152,0.489879,0.490723,0.491649,0.49262,0.493599,0.494554,0.495456,0.496284,0.497024,0.497665,0.498208,0.498654,0.499012,0.499292,0.499504,0.499661,0.499773,0.499853,0.499906,0.499942,0.499965,0.49998,0.499988,0.499993,0.499996,0.499998,0.499999,0.499999
0.499999,0.499999,0.499998,0.499996,0.499993,0.499988,0.49998,0.499965,0.499942,0.499906,0.499853,0.499773,0.499661,0.499504,0.499292,0.499012,0.498654,0.498208,0.497665,0.497024,0.496284,0.495456,0.494554,0.493599,0.49262,0.491649,0.490723,0.489879,0.489152,0.488575,0.488175,0.48797,0.48797,0.488175,0.488575,0.489152,0.489879,0.490723,0.491649,0.49262,0.493599,0.494554,0.495456,0.496284,0.497024,0.497665,0.498208,0.498654,0.499012,0.499292,0.499504,0.499661,0.499773,0.499853,0.499906,0.499942,0.499965,0.49998,0.499988,0.499993,0.499996,0.499998,0.499999,0.499999
0.499998,0.499998,0.499997,0.499995,0.499991,0.499983,0.499971,0.499951,0.49992,0.499871,0.499798,0.499692,0.499543,0.499336,0.499059,0.498697,0.498237,0.497667,0.496979,0.496172,0.495249,0.49422,0.493107,0.491935,0.49074,0.489561,0.48844,0.487422,0.486548,0.485857,0.485378,0.485133,0.485133,0.485378,0.485857,0.486548,0.487422,0.48844,0.489561,0.49074,0.491935,0.493107,0.49422,0.495249,0.496172,0.496979,0.497667,0.498237,0.498697,0.499059,0.499336,0.499543,0.499692,0.499798,0.499871,0.49992,0.499951,0.499971,0.499983,0.499991,0.499995,0.499997,0.499998,0.499998
0.499996,0.499996,0.499995,0.499991,0.499984,0.499972,0.499952,0.49992,0.499869,0.499792,0.499677,0.499512,0.499281,0.498966,0.498548,0.498008,0.497328,0.496495,0.4955,0.494343,0.493033,0.491587,0.490034,0.488414,0.486773,0.485165,0.483647,0.482274,0.481102,0.480176,0.479537,0.47921,0.47921,0.479537,0.480176,0.481102,0.482274,0.483647,0.485165,0.486773,0.488414,0.490034,0.491587,0.493033,0.494343,0.4955,0.496495,0.497328,0.498008,0.498548,0.498966,0.499281,0.499512,0.499677,0.499792,0.499869,0.49992,0.499952,0.499972,0.499984,0.499991,0.499995,0.499996,0.499996
0.499993,0.499993,0.499991,0.499984,0.499972,0.499951,0.499917,0.499862,0.499777,0.499649,0.499462,0.499194,0.498823,0.498323,0.497666,0.496826,0.495781,0.494514,0.493016,0.491292,0.489357,0.487244,0.484995,0.482668,0.48033,0.478055,0.475921,0.474002,0.472371,0.471089,0.470205,0.469755,0.469755,0.470205,0.471089,0.472371,0.474002,0.475921,0.478055,0.48033,0.482668,0.484995,0.487244,0.489357,0.491292,0.493016,0.494514,0.495781,0.496826,0.497666,0.498323,0.498823,0.499194,0.499462,0.499649,0.499777,0.499862,0.499917,0.499951,0.499972,0.499984,0.499991,0.499993,0.499993
0.499988,0.499988,0.499983,0.499972,0.499951,0.499916,0.499858,0.499766,0.499625,0.499415,0.499109,0.498678,0.498087,0.497298,0.496272,0.494975,0.493378,0.491461,0.489219,0.486665,0.483827,0.480756,0.477518,0.474197,0.470888,0.467692,0.464712,0.46205,0.459797,0.458033,0.456821,0.456203,0.456203,0.456821,0.458033,0.459797,0.46205,0.464712,0.467692,0.470888,0.474197,0.477518,0.480756,0.483827,0.486665,0.489219,0.491461,0.493378,0.494975,0.496272,0.497298,0.498087,0.498678,0.499109,0.499415,0.499625,0.499766,0.499858,0.499916,0.499951,0.499972,0.499983,0.499988,0.499988
0.49998,0.49998,0.499971,0.499952,0.499917,0.499858,0.499762,0.499612,0.499383,0.499044,0.498558,0.497879,0.496958,0.495741,0.494176,0.492218,0.489833,0.487,0.483723,0.480027,0.475963,0.471608,0.467062,0.46244,0.457872,0.453495,0.449443,0.445844,0.442815,0.440452,0.438833,0.43801,0.43801,0.438833,0.440452,0.442815,0.445844,0.449443,0.453495,0.457872,0.46244,0.467062,0.471608,0.475963,0.480027,0.483723,0.487,0.489833,0.492218,0.494176,0.495741,0.496958,0.497879,0.498558,0.499044,0.499383,0.499612,0.499762,0.499858,0.499917,0.499952,0.499971,0.49998,0.49998
0.499965,0.499965,0.499951,0.49992,0.499862,0.499766,0.499612,0.499372,0.49901,0.49848,0.497727,0.496686,0.495289,0.493462,0.491141,0.488268,0.484806,0.48074,0.476089,0.4709,0.465256,0.459271,0.453085,0.446857,0.440757,0.434959,0.429633,0.424933,0.420999,0.417944,0.415857,0.414799,0.414799,0.415857,0.417944,0.420999,0.424933,0.429633,0.434959,0.440757,0.446857,0.453085,0.459271,0.465256,0.4709,0.476089,0.48074,0.484806,0.488268,0.491141,0.493462,0.495289,0.496686,0.497727,0.49848,0.49901,0.499372,0.499612,0.499766,0.499862,0.49992,0.499951,0.499965,0.499965
0.499942,0.499942,0.49992,0.499869,0.499777,0.499625,0.499383,0.49901,0.498453,0.497646,0.496512,0.494961,0.4929,0.490239,0.486893,0.482801,0.477926,0.472269,0.465872,0.458818,0.451234,0.443281,0.435149,0.427046,0.419189,0.411787,0.405043,0.399135,0.394219,0.390421,0.387835,0.386526,0.386526,0.387835,0.390421,0.394219,0.399135,0.405043,0.411787,0.419189,0.427046,0.435149,0.443281,0.451234,0.458818,0.465872,0.472269,0.477926,0.482801,0.486893,0.490239,0.4929,0.494961,0.496512,0.497646,0.498453,0.49901,0.499383,0.499625,0.499777,0.499869,0.49992,0.499942,0.499942
0.499906,0.499906,0.499871,0.499792,0.499649,0.499415,0.499044,0.49848,0.497646,0.496451,0.494788,0.492541,0.489589,0.48582,0.481139,0.475481,0.468825,0.461196,0.452675,0.443396,0.433542,0.423334,0.413019,0.402857,0.393107,0.384015,0.375806,0.368672,0.362776,0.358245,0.355174,0.353623,0.353623,0.355174,0.358245,0.362776,0.368672,0.375806,0.384015,0.393107,0.402857,0.413019,0.423334,0.433542,0.443396,0.452675,0.461196,0.468825,0.475481,0.481139,0.48582,0.489589,0.492541,0.494788,0.496451,0.497646,0.49848,0.499044,0.499415,0.499649,0.499792,0.499871,0.499906,0.499906
0.499853,0.499853,0.499798,0.499677,0.499462,0.499109,0.498558,0.497727,0.496512,0.494788,0.492417,0.489249,0.485137,0.47995,0.473588,0.465996,0.457179,0.447207,0.436216,0.424407,0.412032,0.399381,0.386761,0.374485,0.362846,0.352114,0.342522,0.334263,0.327489,0.322316,0.318826,0.317068,0.317068,0.318826,0.322316,0.327489,0.334263,0.342522,0.352114,0.362846,0.374485,0.386761,0.399381,0.412032,0.424407,0.436216,0.447207,0.457179,0.465996,0.473588,0.47995,0.485137,0.489249,0.492417,0.494788,0.496512,0.497727,0.498558,0.499109,0.499462,0.499677,0.499798,0.499853,0.499853
0.499773,0.499773,0.499692,0.499512,0.499194,0.498678,0.497879,0.496686,0.494961,0.492541,0.489249,0.484903,0.47933,0.472389,0.463986,0.454094,0.442761,0.430122,0.416391,0.401849,0.38683,0.371696,0.356816,0.342541,0.329189,0.317032,0.306293,0.297143,0.289706,0.284069,0.280284,0.278385,0.278385,0.280284,0.284069,0.289706,0.297143,0.306293,0.317032,0.329189,0.342541,0.356816,0.371696,0.38683,0.401849,0.416391,0.430122,0.442761,0.454094,0.463986,0.472389,0.47933,0.484903,0.489249,0.492541,0.494961,0.496686,0.497879,0.498678,0.499194,0.499512,0.499692,0.499773,0.499773
0.499661,0.499661,0.499543,0.499281,0.498823,0.498087,0.496958,0.495289,0.4929,0.489589,0.485137,0.47933,0.471979,0.462943,0.452152,0.439626,0.425485,0.409948,0.393326,0.375997,0.358382,0.340915,0.324014,0.308053,0.293352,0.280163,0.268669,0.258997,0.251219,0.245374,0.241477,0.239528,0.239528,0.241477,0.245374,0.251219,0.258997,0.268669,0.280163,0.293352,0.308053,0.324014,0.340915,0.358382,0.375997,0.393326,0.409948,0.425485,0.439626,0.452152,0.462943,0.471979,0.47933,0.485137,0.489589,0.4929,0.495289,0.496958,0.498087,0.498823,0.499281,0.499543,0.499661,0.499661
0.499504,0.499504,0.499336,0.498966,0.498323,0.497298,0.495741,0.493462,0.490239,0.48582,0.47995,0.472389,0.462943,0.451489,0.438005,0.422584,0.405442,0.386909,0.367407,0.347422,0.32746,0.308017,0.289541,0.272405,0.256901,0.243229,0.231508,0.221791,0.21408,0.208347,0.204555,0.20267,0.20267,0.204555,0.208347,0.21408,0.221791,0.231508,0.243229,0.256901,0.272405,0.289541,0.308017,0.32746,0.347422,0.367407,0.386909,0.405442,0.422584,0.438005,0.451489,0.462943,0.472389,0.47995,0.48582,0.490239,0.493462,0.495741,0.497298,0.498323,0.498966,0.499336,0.499504,0.499504
0.499292,0.499292,0.499059,0.498548,0.497666,0.496272,0.494176,0.491141,0.486893,0.481139,0.473588,0.463986,0.452152,0.438005,0.421598,0.403125,0.382926,0.361461,0.339277,0.316965,0.295112,0.274252,0.254835,0.237203,0.221585,0.208097,0.196766,0.187547,0.180354,0.175083,0.171633,0.169929,0.169929,0.171633,0.175083,0.180354,0.187547,0.196766,0.208097,0.221585,0.237203,0.254835,0.274252,0.295112,0.316965,0.339277,0.361461,0.382926,0.403125,0.421598,0.438005,0.452152,0.463986,0.473588,0.481139,0.486893,0.491141,0.494176,0.496272,0.497666,0.498548,0.499059,0.499292,0.499292
0.499012,0.499012,0.498697,0.498008,0.496826,0.494975,0.492218,0.488268,0.482801,0.475481,0.465996,0.454094,0.439626,0.422584,0.403125,0.381577,0.358422,0.334268,0.309789,0.285676,0.26257,0.241018,0.221437,0.2041,0.189136,0.17655,0.166251,0.158081,0.151853,0.147379,0.144497,0.143087,0.143087,0.144497,0.147379,0.151853,0.158081,0.166251,0.17655,0.189136,0.2041,0.221437,0.241018,0.26257,0.285676,0.309789,0.334268,0.358422,0.381577,0.403125,0.422584,0.439626,0.454094,0.465996,0.475481,0.482801,0.488268,0.492218,0.494975,0.496826,0.498008,0.498697,0.499012,0.499012
0.498654,0.498654,0.498237,0.497328,0.495781,0.493378,0.489833,0.484806,0.477926,0.468825,0.457179,0.442761,0.425485,0.405442,0.382926,0.358422,0.332578,0.30615,0.279938,0.254707,0.231126,0.209714,0.190817,0.174599,0.16106,0.150067,0.141395,0.134766,0.12989,0.1265,0.124371,0.123348,0.123348,0.124371,0.1265,0.12989,0.134766,0.141395,0.150067,0.16106,0.174599,0.190817,0.209714,0.231126,0.254707,0.279938,0.30615,0.332578,0.358422,0.382926,0.405442,0.425485,0.442761,0.457179,0.468825,0.477926,0.484806,0.489833,0.493378,0.495781,0.497328,0.498237,0.498654,0.498654
0.498208,0.498208,0.497667,0.496495,0.494514,0.491461,0.487,0.48074,0.472269,0.461196,0.447207,0.430122,0.409948,0.386909,0.361461,0.334268,0.30615,0.278013,0.250759,0.225199,0.201988,0.181579,0.164202,0.149879,0.138454,0.129644,0.123081,0.118371,0.11513,0.113021,0.111771,0.111194,0.111194,0.111771,0.113021,0.11513,0.118371,0.123081,0.129644,0.138454,0.149879,0.164202,0.181579,0.201988,0.225199,0.250759,0.278013,0.30615,0.334268,0.361461,0.386909,0.409948,0.430122,0.447207,0.461196,0.472269,0.48074,0.487,0.491461,0.494514,0.496495,0.497667,0.498208,0.498208
0.497665,0.497665,0.496979,0.4955,0.493016,0.489219,0.483723,0.476089,0.465872,0.452675,0.436216,0.416391,0.393326,0.367407,0.339277,0.309789,0.279938,0.250759,0.223226,0.198161,0.17616,0.157562,0.142448,0.130668,0.121898,0.115695,0.11156,0.108994,0.107538,0.106802,0.106482,0.106374,0.106374,0.106482,0.106802,0.107538,0.108994,0.11156,0.115695,0.121898,0.130668,0.142448,0.157562,0.17616,0.198161,0.223226,0.250759,0.279938,0.309789,0.339277,0.367407,0.393326,0.416391,0.436216,0.452675,0.465872,0.476089,0.483723,0.489219,0.493016,0.4955,0.496979,0.497665,0.497665
0.497024,0.497024,0.496172,0.494343,0.491292,0.486665,0.480027,0.4709,0.458818,0.443396,0.424407,0.401849,0.375997,0.347422,0.316965,0.285676,0.254707,0.225199,0.198161,0.174377,0.15434,0.138238,0.125969,0.117197,0.111422,0.108053,0.106477,0.106112,0.106449,0.107068,0.107655,0.108,0.108,0.107655,0.107068,0.106449,0.106112,0.106477,0.108053,0.111422,0.117197,0.125969,0.138238,0.15434,0.174377,0.198161,0.225199,0.254707,0.285676,0.316965,0.347422,0.375997,0.401849,0.424407,0.443396,0.458818,0.4709,0.480027,0.486665,0.491292,0.494343,0.496172,0.497024,0.497024
0.496284,0.496284,0.495249,0.493033,0.489357,0.483827,0.475963,0.465256,0.451234,0.433542,0.412032,0.38683,0.358382,0.32746,0.295112,0.26257,0.231126,0.201988,0.17616,0.15434,0.136879,0.123776,0.114731,0.109216,0.106562,0.106052,0.10698,0.108716,0.110725,0.112585,0.113991,0.114743,0.114743,0.113991,0.112585,0.110725,0.108716,0.10698,0.106052,0.106562,0.109216,0.114731,0.123776,0.136879,0.15434,0.17616,0.201988,0.231126,0.26257,0.295112,0.32746,0.358382,0.38683,0.412032,0.433542,0.451234,0.465256,0.475963,0.483827,0.489357,0.493033,0.495249,0.496284,0.496284
0.495456,0.495456,0.49422,0.491587,0.487244,0.480756,0.471608,0.459271,0.443281,0.423334,0.399381,0.371696,0.340915,0.308017,0.274252,0.241018,0.209714,0.181579,0.157562,0.138238,0.123776,0.11397,0.108312,0.106086,0.106479,0.108668,0.111893,0.1155,0.118962,0.121879,0.12397,0.125058,0.125058,0.12397,0.121879,0.118962,0.1155,0.111893,0.108668,0.106479,0.106086,0.108312,0.11397,0.123776,0.138238,0.157562,0.181579,0.209714,0.241018,0.274252,0.308017,0.340915,0.371696,0.399381,0.423334,0.443281,0.459271,0.471608,0.480756,0.487244,0.491587,0.49422,0.495456,0.495456
0.494554,0.494554,0.493107,0.490034,0.484995,0.477518,0.467062,0.453085,0.435149,0.413019,0.386761,0.356816,0.324014,0.289541,0.254835,0.221437,0.190817,0.164202,0.142448,0.125969,0.114731,0.108312,0.105998,0.106907,0.110104,0.114697,0.119899,0.125067,0.129704,0.133452,0.13607,0.137413,0.137413,0.13607,0.133452,0.129704,0.125067,0.119899,0.114697,0.110104,0.106907,0.105998,0.108312,0.114731,0.125969,0.142448,0.164202,0.190817,0.221437,0.254835,0.289541,0.324014,0.356816,0.386761,0.413019,0.435149,0.453085,0.467062,0.477518,0.484995,0.490034,0.493107,0.494554,0.494554
0.493599,0.493599,0.491935,0.488414,0.482668,0.474197,0.46244,0.446857,0.427046,0.402857,0.374485,0.342541,0.308053,0.272405,0.237203,0.2041,0.174599,0.149879,0.130668,0.117197,0.109216,0.106086,0.106907,0.110653,0.116299,0.122914,0.129717,0.136097,0.141612,0.145958,0.148945,0.150462,0.150462,0.148945,0.145958,0.141612,0.136097,0.129717,0.122914,0.116299,0.110653,0.106907,0.106086,0.109216,0.117197,0.130668,0.149879,0.174599,0.2041,0.237203,0.272405,0.308053,0.342541,0.374485,0.402857,0.427046,0.446857,0.46244,0.474197,0.482668,0.488414,0.491935,0.493599,0.493599
0.49262,0.49262,0.49074,0.486773,0.48033,0.470888,0.457872,0.440757,0.419189,0.393107,0.362846,0.329189,0.293352,0.256901,0.221585,0.189136,0.16106,0.138454,0.121898,0.111422,0.106562,0.106479,0.110104,0.116299,0.123979,0.132204,0.14022,0.147474,0.153586,0.158315,0.161525,0.163144,0.163144,0.161525,0.158315,0.153586,0.147474,0.14022,0.132204,0.123979,0.116299,0.110104,0.106479,0.106562,0.111422,0.121898,0.138454,0.16106,0.189136,0.221585,0.256901,0.293352,0.329189,0.362846,0.393107,0.419189,0.440757,0.457872,0.470888,0.48033,0.486773,0.49074,0.49262,0.49262
0.491649,0.491649,0.489561,0.485165,0.478055,0.467692,0.453495,0.434959,0.411787,0.384015,0.352114,0.317032,0.280163,0.243229,0.208097,0.17655,0.150067,0.129644,0.115695,0.108053,0.106052,0.108668,0.114697,0.122914,0.132204,0.141639,0.150515,0.158341,0.164809,0.169743,0.173058,0.17472,0.17472,0.173058,0.169743,0.164809,0.158341,0.150515,0.141639,0.132204,0.122914,0.114697,0.108668,0.106052,0.108053,0.115695,0.129644,0.150067,0.17655,0.208097,0.243229,0.280163,0.317032,0.352114,0.384015,0.411787,0.434959,0.453495,0.467692,0.478055,0.485165,0.489561,0.491649,0.491649
0.490723,0.490723,0.48844,0.483647,0.475921,0.464712,0.449443,0.429633,0.405043,0.375806,0.342522,0.306293,0.268669,0.231508,0.196766,0.166251,0.141395,0.123081,0.11156,0.106477,0.10698,0.111893,0.119899,0.129717,0.14022,0.150515,0.159952,0.168109,0.174747,0.179751,0.183086,0.18475,0.18475,0.183086,0.179751,0.174747,0.168109,0.159952,0.150515,0.14022,0.129717,0.119899,0.111893,0.10698,0.106477,0.11156,0.123081,0.141395,0.166251,0.196766,0.231508,0.268669,0.306293,0.342522,0.375806,0.405043,0.429633,0.449443,0.464712,0.475921,0.483647,0.48844,0.490723,0.490723
0.489879,0.489879,0.487422,0.482274,0.474002,0.46205,0.445844,0.424933,0.399135,0.368672,0.334263,0.297143,0.258997,0.221791,0.187547,0.158081,0.134766,0.118371,0.108994,0.106112,0.108716,0.1155,0.125067,0.136097,0.147474,0.158341,0.168109,0.176421,0.183101,0.188089,0.191389,0.193029,0.193029,0.191389,0.188089,0.183101,0.176421,0.168109,0.158341,0.147474,0.136097,0.125067,0.1155,0.108716,0.106112,0.108994,0.118371,0.134766,0.158081,0.187547,0.221791,0.258997,0.297143,0.334263,0.368672,0.399135,0.424933,0.445844,0.46205,0.474002,0.482274,0.487422,0.489879,0.489879
0.489152,0.489152,0.486548,0.481102,0.472371,0.459797,0.442815,0.420999,0.394219,0.362776,0.327489,0.289706,0.251219,0.21408,0.180354,0.151853,0.12989,0.11513,0.107538,0.106449,0.110725,0.118962,0.129704,0.141612,0.153586,0.164809,0.174747,0.183101,0.189748,0.194672,0.197913,0.199518,0.199518,0.197913,0.194672,0.189748,0.183101,0.174747,0.164809,0.153586,0.141612,0.129704,0.118962,0.110725,0.106449,0.107538,0.11513,0.12989,0.151853,0.180354,0.21408,0.251219,0.289706,0.327489,0.362776,0.394219,0.420999,0.442815,0.459797,0.472371,0.481102,0.486548,0.489152,0.489152
0.488575,0.488575,0.485857,0.480176,0.471089,0.458033,0.440452,0.417944,0.390421,0.358245,0.322316,0.284069,0.245374,0.208347,0.175083,0.147379,0.1265,0.113021,0.106802,0.107068,0.112585,0.121879,0.133452,0.145958,0.158315,0.169743,0.179751,0.188089,0.194672,0.199521,0.202698,0.204267,0.204267,0.202698,0.199521,0.194672,0.188089,0.179751,0.169743,0.158315,0.145958,0.133452,0.121879,0.112585,0.107068,0.106802,0.113021,0.1265,0.147379,0.175083,0.208347,0.245374,0.284069,0.322316,0.358245,0.390421,0.417944,0.440452,0.458033,0.471089,0.480176,0.485857,0.488575,0.488575
0.488175,0.488175,0.485378,0.479537,0.470205,0.456821,0.438833,0.415857,0.387835,0.355174,0.318826,0.280284,0.241477,0.204555,0.171633,0.144497,0.124371,0.111771,0.106482,0.107655,0.113991,0.12397,0.13607,0.148945,0.161525,0.173058,0.183086,0.191389,0.197913,0.202698,0.205824,0.207365,0.207365,0.205824,0.202698,0.197913,0.191389,0.183086,0.173058,0.161525,0.148945,0.13607,0.12397,0.113991,0.107655,0.106482,0.111771,0.124371,0.144497,0.171633,0.204555,0.241477,0.280284,0.318826,0.355174,0.387835,0.415857,0.438833,0.456821,0.470205,0.479537,0.485378,0.488175,0.488175
0.48797,0.48797,0.485133,0.47921,0.469755,0.456203,0.43801,0.414799,0.386526,0.353623,0.317068,0.278385,0.239528,0.20267,0.169929,0.143087,0.123348,0.111194,0.106374,0.108,0.114743,0.125058,0.137413,0.150462,0.163144,0.17472,0.18475,0.193029,0.199518,0.204267,0.207365,0.208891,0.208891,0.207365,0.204267,0.199518,0.193029,0.18475,0.17472,0.163144,0.150462,0.137413,0.125058,0.114743,0.108,0.106374,0.111194,0.123348,0.143087,0.169929,0.20267,0.239528,0.278385,0.317068,0.353623,0.386526,0.414799,0.43801,0.456203,0.469755,0.47921,0.485133,0.48797,0.48797
0.48797,0.48797,0.485133,0.47921,0.469755,0.456203,0.43801,0.414799,0.386526,0.353623,0.317068,0.278385,0.239528,0.20267,0.169929,0.143087,0.123348,0.111194,0.106374,0.108,0.114743,0.125058,0.137413,0.150462,0.163144,0.17472,0.18475,0.193029,0.199518,0.204267,0.207365,0.208891,0.208891,0.207365,0.204267,0.199518,0.193029,0.18475,0.17472,0.163144,0.150462,0.137413,0.125058,0.114743,0.108,0.106374,0.111194,0.123348,0.143087,0.169929,0.20267,0.239528,0.278385,0.317068,0.353623,0.386526,0.414799,0.43801,0.456203,0.469755,0.47921,0.485133,0.48797,0.48797
0.488175,0.488175,0.485378,0.479537,0.470205,0.456821,0.438833,0.415857,0.387835,0.355174,0.318826,0.280284,0.241477,0.204555,0.171633,0.144497,0.124371,0.111771,0.106482,0.107655,0.113991,0.12397,0.13607,0.148945,0.161525,0.173058,0.183086,0.191389,0.197913,0.202698,0.205824,0.207365,0.207365,0.205824,0.202698,0.197913,0.191389,0.183086,0.173058,0.161525,0.148945,0.13607,0.12397,0.113991,0.107655,0.106482,0.111771,0.124371,0.144497,0.171633,0.204555,0.241477,0.280284,0.318826,0.355174,0.387835,0.415857,0.438833,0.456821,0.470205,0.479537,0.485378,0.488175,0.488175
0.488575,0.488575,0.485857,0.480176,0.471089,0.458033,0.440452,0.417944,0.390421,0.358245,0.322316,0.284069,0.245374,0.208347,0.175083,0.147379,0.1265,0.113021,0.106802,0.107068,0.112585,0.121879,0.133452,0.145958,0.158315,0.169743,0.179751,0.188089,0.194672,0.199521,0.202698,0.204267,0.204267,0.202698,0.199521,0.194672,0.188089,0.179751,0.169743,0.158315,0.145958,0.133452,0.121879,0.112585,0.107068,0.106802,0.113021,0.1265,0.147379,0.175083,0.208347,0.245374,0.284069,0.322316,0.358245,0.390421,0.417944,0.440452,0.458033,0.471089,0.480176,0.485857,0.488575,0.488575
0.489152,0.489152,0.486548,0.481102,0.472371,0.459797,0.442815,0.420999,0.394219,0.362776,0.327489,0.289706,0.251219,0.21408,0.180354,0.151853,0.12989,0.11513,0.107538,0.106449,0.110725,0.118962,0.129704,0.141612,0.153586,0.164809,0.174747,0.183101,0.189748,0.194672,0.197913,0.199518,0.199518,0.197913,0.194672,0.189748,0.183101,0.174747,0.164809,0.153586,0.141612,0.129704,0.118962,0.110725,0.106449,0.107538,0.11513,0.12989,0.151853,0.180354,0.21408,0.251219,0.289706,0.327489,0.362776,0.394219,0.420999,0.442815,0.459797,0.472371,0.481102,0.486548,0.489152,0.489152
0.489879,0.489879,0.487422,0.482274,0.474002,0.46205,0.445844,0.424933,0.399135,0.368672,0.334263,0.297143,0.258997,0.221791,0.187547,0.158081,0.134766,0.118371,0.108994,0.106112,0.108716,0.1155,0.125067,0.136097,0.147474,0.158341,0.168109,0.176421,0.183101,0.188089,0.191389,0.193029,0.193029,0.191389,0.188089,0.183101,0.176421,0.168109,0.158341,0.147474,0.136097,0.125067,0.1155,0.108716,0.106112,0.108994,0.118371,0.134766,0.158081,0.187547,0.221791,0.258997,0.297143,0.334263,0.368672,0.399135,0.424933,0.445844,0.46205,0.474002,0.482274,0.487422,0.489879,0.489879
0.490723,0.490723,0.48844,0.483647,0.475921,0.464712,0.449443,0.429633,0.405043,0.375806,0.342522,0.306293,0.268669,0.231508,0.196766,0.166251,0.141395,0.123081,0.11156,0.106477,0.10698,0.111893,0.119899,0.129717,0.14022,0.150515,0.159952,0.168109,0.174747,0.179751,0.183086,0.18475,0.18475,0.183086,0.179751,0.174747,0.168109,0.159952,0.150515,0.14022,0.129717,0.119899,0.111893,0.10698,0.106477,0.11156,0.123081,0.141395,0.166251,0.196766,0.231508,0.268669,0.306293,0.342522,0.375806,0.405043,0.429633,0.449443,0.464712,0.475921,0.483647,0.48844,0.490723,0.490723
0.491649,0.491649,0.489561,0.485165,0.478055,0.467692,0.453495,0.434959,0.411787,0.384015,0.352114,0.317032,0.280163,0.243229,0.208097,0.17655,0.150067,0.129644,0.115695,0.108053,0.106052,0.108668,0.114697,0.122914,0.132204,0.141639,0.150515,0.158341,0.164809,0.169743,0.173058,0.17472,0.17472,0.173058,0.169743,0.164809,0.158341,0.150515,0.141639,0.132204,0.122914,0.114697,0.108668,0.106052,0.108053,0.115695,0.129644,0.150067,0.17655,0.208097,0.243229,0.280163,0.317032,0.352114,0.384015,0.411787,0.434959,0.453495,0.467692,0.478055,0.485165,0.489561,0.491649,0.491649
0.49262,0.49262,0.49074,0.486773,0.48033,0.470888,0.457872,0.440757,0.419189,0.393107,0.362846,0.329189,0.293352,0.256901,0.221585,0.189136,0.16106,0.138454,0.121898,0.111422,0.106562,0.106479,0.110104,0.116299,0.123979,0.132204,0.14022,0.147474,0.153586,0.158315,0.161525,0.163144,0.163144,0.161525,0.158315,0.153586,0.147474,0.14022,0.132204,0.123979,0.116299,0.110104,0.106479,0.106562,0.111422,0.121898,0.138454,0.16106,0.189136,0.221585,0.256901,0.293352,0.329189,0.362846,0.393107,0.419189,0.440757,0.457872,0.470888,0.48033,0.486773,0.49074,0.49262,0.49262
0.493599,0.493599,0.491935,0.488414,0.482668,0.474197,0.46244,0.446857,0.427046,0.402857,0.374485,0.342541,0.308053,0.272405,0.237203,0.2041,0.174599,0.149879,0.130668,0.117197,0.109216,0.106086,0.106907,0.110653,0.116299,0.122914,0.129717,0.136097,0.141612,0.145958,0.148945,0.150462,0.150462,0.148945,0.145958,0.141612,0.136097,0.129717,0.122914,0.116299,0.110653,0.106907,0.106086,0.109216,0.117197,0.130668,0.149879,0.174599,0.2041,0.237203,0.272405,0.308053,0.342541,0.374485,0.402857,0.427046,0.446857,0.46244,0.474197,0.482668,0.488414,0.491935,0.493599,0.493599
0.494554,0.494554,0.493107,0.490034,0.484995,0.477518,0.467062,0.453085,0.435149,0.413019,0.386761,0.356816,0.324014,0.289541,0.254835,0.221437,0.190817,0.164202,0.142448,0.125969,0.114731,0.108312,0.105998,0.106907,0.110104,0.114697,0.119899,0.125067,0.129704,0.133452,0.13607,0.137413,0.137413,0.13607,0.133452,0.129704,0.125067,0.119899,0.114697,0.110104,0.106907,0.105998,0.108312,0.114731,0.125969,0.142448,0.164202,0.190817,0.221437,0.254835,0.289541,0.324014,0.356816,0.386761,0.413019,0.435149,0.453085,0.467062,0.477518,0.484995,0.490034,0.493107,0.494554,0.494554
0.495456,0.495456,0.49422,0.491587,0.487244,0.480756,0.471608,0.459271,0.443281,0.423334,0.399381,0.371696,0.340915,0.308017,0.274252,0.241018,0.209714,0.181579,0.157562,0.138238,0.123776,0.11397,0.108312,0.106086,0.106479,0.108668,0.111893,0.1155,0.118962,0.121879,0.12397,0.125058,0.125058,0.12397,0.121879,0.118962,0.1155,0.111893,0.108668,0.106479,0.106086,0.108312,0.11397,0.123776,0.138238,0.157562,0.181579,0.209714,0.241018,0.274252,0.308017,0.340915,0.371696,0.399381,0.423334,0.443281,0.459271,0.471608,0.480756,0.487244,0.491587,0.49422,0.495456,0.495456
0.496284,0.496284,0.495249,0.493033,0.489357,0.483827,0.475963,0.465256,0.451234,0.433542,0.412032,0.38683,0.358382,0.32746,0.295112,0.26257,0.231126,0.201988,0.17616,0.15434,0.136879,0.123776,0.114731,0.109216,0.106562,0.106052,0.10698,0.108716,0.110725,0.112585,0.113991,0.114743,0.114743,0.113991,0.112585,0.110725,0.108716,0.10698,0.106052,0.106562,0.109216,0.114731,0.123776,0.136879,0.15434,0.17616,0.201988,0.231126,0.26257,0.295112,0.32746,0.358382,0.38683,0.412032,0.433542,0.451234,0.465256,0.475963,0.483827,0.489357,0.493033,0.495249,0.496284,0.496284
0.497024,0.497024,0.496172,0.494343,0.491292,0.486665,0.480027,0.4709,0.458818,0.443396,0.424407,0.401849,0.375997,0.347422,0.316965,0.285676,0.254707,0.225199,0.198161,0.174377,0.15434,0.138238,0.125969,0.117197,0.111422,0.108053,0.106477,0.106112,0.106449,0.107068,0.107655,0.108,0.108,0.107655,0.107068,0.106449,0.106112,0.106477,0.108053,0.111422,0.117197,0.125969,0.138238,0.15434,0.174377,0.198161,0.225199,0.254707,0.285676,0.316965,0.347422,0.375997,0.401849,0.424407,0.443396,0.458818,0.4709,0.480027,0.486665,0.491292,0.494343,0.496172,0.497024,0.497024
0.497665,0.497665,0.496979,0.4955,0.493016,0.489219,0.483723,0.476089,0.465872,0.452675,0.436216,0.416391,0.393326,0.367407,0.339277,0.309789,0.279938,0.250759,0.223226,0.198161,0.17616,0.157562,0.142448,0.130668,0.121898,0.115695,0.11156,0.108994,0.107538,0.106802,0.106482,0.106374,0.106374,0.106482,0.106802,0.107538,0.108994,0.11156,0.115695,0.121898,0.130668,0.142448,0.157562,0.17616,0.198161,0.223226,0.250759,0.279938,0.309789,0.339277,0.367407,0.393326,0.416391,0.436216,0.452675,0.465872,0.476089,0.483723,0.489219,0.493016,0.4955,0.496979,0.497665,0.497665
0.498208,0.498208,0.497667,0.496495,0.494514,0.491461,0.487,0.48074,0.472269,0.461196,0.447207,0.430122,0.409948,0.386909,0.361461,0.334268,0.30615,0.278013,0.250759,0.225199,0.201988,0.181579,0.164202,0.149879,0.138454,0.129644,0.123081,0.118371,0.11513,0.113021,0.111771,0.111194,0.111194,0.111771,0.113021,0.11513,0.118371,0.123081,0.129644,0.138454,0.149879,0.164202,0.181579,0.201988,0.225199,0.250759,0.278013,0.30615,0.334268,0.361461,0.386909,0.409948,0.430122,0.447207,0.461196,0.472269,0.48074,0.487,0.491461,0.494514,0.496495,0.497667,0.498208,0.498208
0.498654,0.498654,0.498237,0.497328,0.495781,0.493378,0.489833,0.484806,0.477926,0.468825,0.457179,0.442761,0.425485,0.405442,0.382926,0.358422,0.332578,0.30615,0.279938,0.254707,0.231126,0.209714,0.190817,0.174599,0.16106,0.150067,0.141395,0.134766,0.12989,0.1265,0.124371,0.123348,0.123348,0.124371,0.1265,0.12989,0.134766,0.141395,0.150067,0.16106,0.174599,0.190817,0.209714,0.231126,0.254707,0.279938,0.30615,0.332578,0.358422,0.382926,0.405442,0.425485,0.442761,0.457179,0.468825,0.477926,0.484806,0.489833,0.493378,0.495781,0.497328,0.498237,0.498654,0.498654
0.499012,0.499012,0.498697,0.498008,0.496826,0.494975,0.492218,0.488268,0.482801,0.475481,0.465996,0.454094,0.439626,0.422584,0.403125,0.381577,0.358422,0.334268,0.309789,0.285676,0.26257,0.241018,0.221437,0.2041,0.189136,0.17655,0.166251,0.158081,0.151853,0.147379,0.144497,0.143087,0.143087,0.144497,0.147379,0.151853,0.158081,0.166251,0.17655,0.189136,0.2041,0.221437,0.241018,0.26257,0.285676,0.309789,0.334268,0.358422,0.381577,0.403125,0.422584,0.439626,0.454094,0.465996,0.475481,0.482801,0.488268,0.492218,0.494975,0.496826,0.498008,0.498697,0.499012,0.499012
0.499292,0.499292,0.499059,0.498548,0.497666,0.496272,0.494176,0.491141,0.486893,0.481139,0.473588,0.463986,0.452152,0.438005,0.421598,0.403125,0.382926,0.361461,0.339277,0.316965,0.295112,0.274252,0.254835,0.237203,0.221585,0.208097,0.196766,0.187547,0.180354,0.175083,0.171633,0.169929,0.169929,0.171633,0.175083,0.180354,0.187547,0.196766,0.208097,0.221585,0.237203,0.254835,0.274252,0.295112,0.316965,0.339277,0.361461,0.382926,0.403125,0.421598,0.438005,0.452152,0.463986,0.473588,0.481139,0.486893,0.491141,0.494176,0.496272,0.497666,0.498548,0.499059,0.499292,0.499292
0.499504,0.499504,0.499336,0.498966,0.498323,0.497298,0.495741,0.493462,0.490239,0.48582,0.47995,0.472389,0.462943,0.451489,0.438005,0.422584,0.405442,0.386909,0.367407,0.347422,0.32746,0.308017,0.289541,0.272405,0.256901,0.243229,0.231508,0.221791,0.21408,0.208347,0.204555,0.20267,0.20267,0.204555,0.208347,0.21408,0.221791,0.231508,0.243229,0.256901,0.272405,0.289541,0.308017,0.32746,0.347422,0.367407,0.386909,0.405442,0.422584,0.438005,0.451489,0.462943,0.472389,0.47995,0.48582,0.490239,0.493462,0.495741,0.497298,0.498323,0.498966,0.499336,0.499504,0.499504
0.499661,0.499661,0.499543,0.499281,0.498823,0.498087,0.496958,0.495289,0.4929,0.489589,0.485137,0.47933,0.471979,0.462943,0.452152,0.439626,0.425485,0.409948,0.393326,0.375997,0.358382,0.340915,0.324014,0.308053,0.293352,0.280163,0.268669,0.258997,0.251219,0.245374,0.241477,0.239528,0.239528,0.241477,0.245374,0.251219,0.258997,0.268669,0.280163,0.293352,0.308053,0.324014,0.340915,0.358382,0.375997,0.393326,0.409948,0.425485,0.439626,0.452152,0.462943,0.471979,0.47933,0.485137,0.489589,0.4929,0.495289,0.496958,0.498087,0.498823,0.499281,0.499543,0.499661,0.499661
0.499773,0.499773,0.499692,0.499512,0.499194,0.498678,0.497879,0.496686,0.494961,0.492541,0.489249,0.484903,0.47933,0.472389,0.463986,0.454094,0.442761,0.430122,0.416391,0.401849,0.38683,0.371696,0.356816,0.342541,0.329189,0.317032,0.306293,0.297143,0.289706,0.284069,0.280284,0.278385,0.278385,0.280284,0.284069,0.289706,0.297143,0.306293,0.317032,0.329189,0.342541,0.356816,0.371696,0.38683,0.401849,0.416391,0.430122,0.442761,0.454094,0.463986,0.472389,0.47933,0.484903,0.489249,0.492541,0.494961,0.496686,0.497879,0.498678,0.499194,0.499512,0.499692,0.499773,0.499773
0.499853,0.499853,0.499798,0.499677,0.499462,0.499109,0.498558,0.497727,0.496512,0.494788,0.492417,0.489249,0.485137,0.47995,0.473588,0.465996,0.457179,0.447207,0.436216,0.424407,0.412032,0.399381,0.386761,0.374485,0.362846,0.352114,0.342522,0.334263,0.327489,0.322316,0.318826,0.317068,0.317068,0.318826,0.322316,0.327489,0.334263,0.342522,0.352114,0.362846,0.374485,0.386761,0.399381,0.412032,0.424407,0.436216,0.447207,0.457179,0.465996,0.473588,0.47995,0.485137,0.489249,0.492417,0.494788,0.496512,0.497727,0.498558,0.499109,0.499462,0.499677,0.499798,0.499853,0.499853
0.499906,0.499906,0.499871,0.499792,0.499649,0.499415,0.499044,0.49848,0.497646,0.496451,0.494788,0.492541,0.489589,0.48582,0.481139,0.475481,0.468825,0.461196,0.452675,0.443396,0.433542,0.423334,0.413019,0.402857,0.393107,0.384015,0.375806,0.368672,0.362776,0.358245,0.355174,0.353623,0.353623,0.355174,0.358245,0.362776,0.368672,0.375806,0.384015,0.393107,0.402857,0.413019,0.423334,0.433542,0.443396,0.452675,0.461196,0.468825,0.475481,0.481139,0.48582,0.489589,0.492541,0.494788,0.496451,0.497646,0.49848,0.499044,0.499415,0.499649,0.499792,0.499871,0.499906,0.499906
0.499942,0.499942,0.49992,0.499869,0.499777,0.499625,0.499383,0.49901,0.498453,0.497646,0.496512,0.494961,0.4929,0.490239,0.486893,0.482801,0.477926,0.472269,0.465872,0.458818,0.451234,0.443281,0.435149,0.427046,0.419189,0.411787,0.405043,0.399135,0.394219,0.390421,0.387835,0.386526,0.386526,0.387835,0.390421,0.394219,0.399135,0.405043,0.411787,0.419189,0.427046,0.435149,0.443281,0.451234,0.458818,0.465872,0.472269,0.477926,0.482801,0.486893,0.490239,0.4929,0.494961,0.496512,0.497646,0.498453,0.49901,0.499383,0.499625,0.499777,0.499869,0.49992,0.499942,0.499942
0.499965,0.499965,0.499951,0.49992,0.499862,0.499766,0.499612,0.499372,0.49901,0.49848,0.497727,0.496686,0.495289,0.493462,0.491141,0.488268,0.484806,0.48074,0.476089,0.4709,0.465256,0.459271,0.453085,0.446857,0.440757,0.434959,0.429633,0.424933,0.420999,0.417944,0.415857,0.414799,0.414799,0.415857,0.417944,0.420999,0.424933,0.429633,0.434959,0.440757,0.446857,0.453085,0.459271,0.465256,0.4709,0.476089,0.48074,0.484806,0.488268,0.491141,0.493462,0.495289,0.496686,0.497727,0.49848,0.49901,0.499372,0.499612,0.499766,0.499862,0.49992,0.499951,0.499965,0.499965
0.49998,0.49998,0.499971,0.499952,0.499917,0.499858,0.499762,0.499612,0.499383,0.499044,0.498558,0.497879,0.496958,0.495741,0.494176,0.492218,0.489833,0.487,0.483723,0.480027,0.475963,0.471608,0.467062,0.46244,0.457872,0.453495,0.449443,0.445844,0.442815,0.440452,0.438833,0.43801,0.43801,0.438833,0.440452,0.442815,0.445844,0.449443,0.453495,0.457872,0.46244,0.467062,0.471608,0.475963,0.480027,0.483723,0.487,0.489833,0.492218,0.494176,0.495741,0.496958,0.497879,0.498558,0.499044,0.499383,0.499612,0.499762,0.499858,0.499917,0.499952,0.499971,0.49998,0.49998
0.499988,0.499988,0.499983,0.499972,0.499951,0.499916,0.499858,0.499766,0.499625,0.499415,0.499109,0.498678,0.498087,0.497298,0.496272,0.494975,0.493378,0.491461,0.489219,0.486665,0.483827,0.480756,0.477518,0.474197,0.470888,0.467692,0.464712,0.46205,0.459797,0.458033,0.456821,0.456203,0.456203,0.456821,0.458033,0.459797,0.46205,0.464712,0.467692,0.470888,0.474197,0.477518,0.480756,0.483827,0.486665,0.489219,0.491461,0.493378,0.494975,0.496272,0.497298,0.498087,0.498678,0.499109,0.499415,0.499625,0.499766,0.499858,0.499916,0.499951,0.499972,0.499983,0.499988,0.499988
0.499993,0.499993,0.499991,0.499984,0.499972,0.499951,0.499917,0.499862,0.499777,0.499649,0.499462,0.499194,0.498823,0.498323,0.497666,0.496826,0.495781,0.494514,0.493016,0.491292,0.489357,0.487244,0.484995,0.482668,0.48033,0.478055,0.475921,0.474002,0.472371,0.471089,0.470205,0.469755,0.469755,0.470205,0.471089,0.472371,0.474002,0.475921,0.478055,0.48033,0.482668,0.484995,0.487244,0.489357,0.491292,0.493016,0.494514,0.495781,0.496826,0.497666,0.498323,0.498823,0.499194,0.499462,0.499649,0.499777,0.499862,0.499917,0.499951,0.499972,0.499984,0.499991,0.499993,0.499993
0.499996,0.499996,0.499995,0.499991,0.499984,0.499972,0.499952,0.49992,0.499869,0.499792,0.499677,0.499512,0.499281,0.498966,0.498548,0.498008,0.497328,0.496495,0.4955,0.494343,0.493033,0.491587,0.490034,0.488414,0.486773,0.485165,0.483647,0.482274,0.481102,0.480176,0.479537,0.47921,0.47921,0.479537,0.480176,0.481102,0.482274,0.483647,0.485165,0.486773,0.488414,0.490034,0.491587,0.493033,0.494343,0.4955,0.496495,0.497328,0.498008,0.498548,0.498966,0.499281,0.499512,0.499677,0.499792,0.499869,0.49992,0.499952,0.499972,0.499984,0.499991,0.499995,0.499996,0.499996
0.499998,0.499998,0.499997,0.499995,0.499991,0.499983,0.499971,0.499951,0.49992,0.499871,0.499798,0.499692,0.499543,0.499336,0.499059,0.498697,0.498237,0.497667,0.496979,0.496172,0.495249,0.49422,0.493107,0.491935,0.49074,0.489561,0.48844,0.487422,0.486548,0.485857,0.485378,0.485133,0.485133,0.485378,0.485857,0.486548,0.487422,0.48844,0.489561,0.49074,0.491935,0.493107,0.49422,0.495249,0.496172,0.496979,0.497667,0.498237,0.498697,0.499059,0.499336,0.499543,0.499692,0.499798,0.499871,0.49992,0.499951,0.499971,0.499983,0.499991,0.499995,0.499997,0.499998,0.499998
0.499999,0.499999,0.499998,0.499996,0.499993,0.499988,0.49998,0.499965,0.499942,0.499906,0.499853,0.499773,0.499661,0.499504,0.499292,0.499012,0.498654,0.498208,0.497665,0.497024,0.496284,0.495456,0.494554,0.493599,0.49262,0.491649,0.490723,0.489879,0.489152,0.488575,0.488175,0.48797,0.48797,0.488175,0.488575,0.489152,0.489879,0.490723,0.491649,0.49262,0.493599,0.494554,0.495456,0.496284,0.497024,0.497665,0.498208,0.498654,0.499012,0.499292,0.499504,0.499661,0.499773,0.499853,0.499906,0.499942,0.499965,0.49998,0.499988,0.499993,0.499996,0.499998,0.499999,0.499999
0.499999,0.499999,0.499998,0.499996,0.499993,0.499988,0.49998,0.499965,0.499942,0.499906,0.499853,0.499773,0.499661,0.499504,0.499292,0.499012,0.498654,0.498208,0.497665,0.497024,0.496284,0.495456,0.494554,0.493599,0.49262,0.491649,0.490723,0.489879,0.489152,0.488575,0.488175,0.48797,0.48797,0.488175,0.488575,0.489152,0.489879,0.490723,0.491649,0.49262,0.493599,0.494554,0.495456,0.496284,0.497024,0.497665,0.498208,0.498654,0.499012,0.499292,0.499504,0.499661,0.499773,0.499853,0.499906,0.499942,0.499965,0.49998,0.499988,0.499993,0.499996,0.499998,0.499999,0.499999
