0.5,0.5,0.5,0.5,0.5,0.499999,0.499999,0.499998,0.499997,0.499994,0.49999,0.499984,0.499974,0.499959,0.499938,0.499908,0.499867,0.499813,0.499744,0.499657,0.499552,0.499428,0.499287,0.499132,0.498967,0.498798,0.498632,0.498477,0.498341,0.498231,0.498154,0.498114,0.498114,0.498154,0.498231,0.498341,0.498477,0.498632,0.498798,0.498967,0.499132,0.499287,0.499428,0.499552,0.499657,0.499744,0.499813,0.499867,0.499908,0.499938,0.499959,0.499974,0.499984,0.49999,0.499994,0.499997,0.499998,0.499999,0.499999,0.5,0.5,0.5,0.5,0.5
0.5,0.5,0.5,0.5,0.5,0.499999,0.499999,0.499998,0.499997,0.499994,0.49999,0.499984,0.499974,0.499959,0.499938,0.499908,0.499867,0.499813,0.499744,0.499657,0.499552,0.499428,0.499287,0.499132,0.498967,0.498798,0.498632,0.498477,0.498341,0.498231,0.498154,0.498114,0.498114,0.498154,0.498231,0.498341,0.498477,0.498632,0.498798,0.498967,0.499132,0.499287,0.499428,0.499552,0.499657,0.499744,0.499813,0.499867,0.499908,0.499938,0.499959,0.499974,0.499984,0.49999,0.499994,0.499997,0.499998,0.499999,0.499999,0.5,0.5,0.5,0.5,0.5
0.5,0.5,0.5,0.5,0.5,0.499999,0.499998,0.499997,0.499995,0.499991,0.499985,0.499976,0.499961,0.49994,0.499909,0.499866,0.499807,0.49973,0.499632,0.49951,0.499363,0.499191,0.498997,0.498784,0.498558,0.498328,0.498102,0.497893,0.497709,0.497561,0.497458,0.497405,0.497405,0.497458,0.497561,0.497709,0.497893,0.498102,0.498328,0.498558,0.498784,0.498997,0.499191,0.499363,0.49951,0.499632,0.49973,0.499807,0.499866,0.499909,0.49994,0.499961,0.499976,0.499985,0.499991,0.499995,0.499997,0.499998,0.499999,0.5,0.5,0.5,0.5,0.5
0.5,0.5,0.5,0.5,0.499999,0.499998,0.499997,0.499995,0.499991,0.499984,0.499973,0.499956,0.499931,0.499894,0.499841,0.499767,0.499669,0.49954,0.499376,0.499175,0.498934,0.498655,0.498341,0.497999,0.497639,0.497274,0.496919,0.496589,0.496302,0.496071,0.49591,0.495827,0.495827,0.49591,0.496071,0.496302,0.496589,0.496919,0.497274,0.497639,0.497999,0.498341,0.498655,0.498934,0.499175,0.499376,0.49954,0.499669,0.499767,0.499841,0.499894,0.499931,0.499956,0.499973,0.499984,0.499991,0.499995,0.499997,0.499998,0.499999,0.5,0.5,0.5,0.5
0.5,0.5,0.5,0.499999,0.499998,0.499997,0.499994,0.49999,0.499982,0.49997,0.49995,0.49992,0.499874,0.499807,0.499713,0.499584,0.499411,0.499188,0.498907,0.498564,0.498156,0.497687,0.497163,0.496596,0.496003,0.495404,0.494825,0.494289,0.493824,0.493452,0.493192,0.493058,0.493058,0.493192,0.493452,0.493824,0.494289,0.494825,0.495404,0.496003,0.496596,0.497163,0.497687,0.498156,0.498564,0.498907,0.499188,0.499411,0.499584,0.499713,0.499807,0.499874,0.49992,0.49995,0.49997,0.499982,0.49999,0.499994,0.499997,0.499998,0.499999,0.5,0.5,0.5
0.499999,0.499999,0.499999,0.499998,0.499997,0.499994,0.49999,0.499981,0.499967,0.499945,0.499909,0.499854,0.499773,0.499656,0.499491,0.499266,0.498969,0.498588,0.498112,0.497535,0.496855,0.496077,0.495215,0.494288,0.493325,0.492358,0.491426,0.490569,0.489827,0.489235,0.488822,0.488611,0.488611,0.488822,0.489235,0.489827,0.490569,0.491426,0.492358,0.493325,0.494288,0.495215,0.496077,0.496855,0.497535,0.498112,0.498588,0.498969,0.499266,0.499491,0.499656,0.499773,0.499854,0.499909,0.499945,0.499967,0.499981,0.49999,0.499994,0.499997,0.499998,0.499999,0.499999,0.499999
0.499999,0.499999,0.499998,0.499997,0.499994,0.49999,0.499981,0.499966,0.499941,0.499901,0.499838,0.499743,0.499602,0.4994,0.499119,0.49874,0.498243,0.497609,0.496825,0.495881,0.494778,0.493527,0.492149,0.490678,0.489158,0.487642,0.486188,0.484858,0.483709,0.482796,0.482161,0.481836,0.481836,0.482161,0.482796,0.483709,0.484858,0.486188,0.487642,0.489158,0.490678,0.492149,0.493527,0.494778,0.495881,0.496825,0.497609,0.498243,0.49874,0.499119,0.4994,0.499602,0.499743,0.499838,0.499901,0.499941,0.499966,0.499981,0.49999,0.499994,0.499997,0.499998,0.499999,0.499999
0.499998,0.499998,0.499997,0.499995,0.49999,0.499981,0.499966,0.49994,0.499897,0.499828,0.49972,0.499558,0.499321,0.498985,0.498521,0.497899,0.497092,0.496071,0.494818,0.493324,0.491592,0.489643,0.487513,0.485255,0.482937,0.48064,0.47845,0.476455,0.47474,0.473381,0.472438,0.471956,0.471956,0.472438,0.473381,0.47474,0.476455,0.47845,0.48064,0.482937,0.485255,0.487513,0.489643,0.491592,0.493324,0.494818,0.496071,0.497092,0.497899,0.498521,0.498985,0.499321,0.499558,0.49972,0.499828,0.499897,0.49994,0.499966,0.499981,0.49999,0.499995,0.499997,0.499998,0.499998
0.499997,0.499997,0.499995,0.499991,0.499982,0.499967,0.499941,0.499897,0.499824,0.499708,0.49953,0.499263,0.498877,0.498332,0.497588,0.496602,0.49533,0.493738,0.491801,0.489511,0.48688,0.483944,0.480761,0.477414,0.474003,0.470645,0.467462,0.464579,0.462112,0.460163,0.458815,0.458126,0.458126,0.458815,0.460163,0.462112,0.464579,0.467462,0.470645,0.474003,0.477414,0.480761,0.483944,0.48688,0.489511,0.491801,0.493738,0.49533,0.496602,0.497588,0.498332,0.498877,0.499263,0.49953,0.499708,0.499824,0.499897,0.499941,0.499967,0.499982,0.499991,0.499995,0.499997,0.499997
0.499994,0.499994,0.499991,0.499984,0.49997,0.499945,0.499901,0.499828,0.499708,0.49952,0.499232,0.498806,0.498194,0.49734,0.496183,0.494663,0.492722,0.490316,0.487416,0.484021,0.480155,0.47588,0.471287,0.466496,0.461653,0.45692,0.452463,0.448449,0.44503,0.442341,0.440486,0.43954,0.43954,0.440486,0.442341,0.44503,0.448449,0.452463,0.45692,0.461653,0.466496,0.471287,0.47588,0.480155,0.484021,0.487416,0.490316,0.492722,0.494663,0.496183,0.49734,0.498194,0.498806,0.499232,0.49952,0.499708,0.499828,0.499901,0.499945,0.49997,0.499984,0.499991,0.499994,0.499994
0.49999,0.49999,0.499985,0.499973,0.49995,0.499909,0.499838,0.49972,0.49953,0.499232,0.498782,0.498121,0.497179,0.495877,0.494132,0.491861,0.488991,0.485466,0.481262,0.476388,0.470895,0.464878,0.458475,0.451856,0.445223,0.438791,0.432779,0.427399,0.422842,0.419272,0.416819,0.415569,0.415569,0.416819,0.419272,0.422842,0.427399,0.432779,0.438791,0.445223,0.451856,0.458475,0.464878,0.470895,0.476388,0.481262,0.485466,0.488991,0.491861,0.494132,0.495877,0.497179,0.498121,0.498782,0.499232,0.49953,0.49972,0.499838,0.499909,0.49995,0.499973,0.499985,0.49999,0.49999
0.499984,0.499984,0.499976,0.499956,0.49992,0.499854,0.499743,0.499558,0.499263,0.498806,0.498121,0.497123,0.495716,0.49379,0.491234,0.487942,0.483824,0.478821,0.472916,0.466143,0.45859,0.450404,0.44178,0.432955,0.424193,0.415772,0.407963,0.401024,0.395183,0.390629,0.38751,0.385926,0.385926,0.38751,0.390629,0.395183,0.401024,0.407963,0.415772,0.424193,0.432955,0.44178,0.450404,0.45859,0.466143,0.472916,0.478821,0.483824,0.487942,0.491234,0.49379,0.495716,0.497123,0.498121,0.498806,0.499263,0.499558,0.499743,0.499854,0.49992,0.499956,0.499976,0.499984,0.499984
0.499974,0.499974,0.499961,0.499931,0.499874,0.499773,0.499602,0.499321,0.498877,0.498194,0.497179,0.495716,0.493672,0.490904,0.487269,0.482635,0.476902,0.470014,0.461976,0.45286,0.442811,0.432042,0.420822,0.409466,0.398307,0.387685,0.377924,0.36932,0.362126,0.356548,0.352743,0.350815,0.350815,0.352743,0.356548,0.362126,0.36932,0.377924,0.387685,0.398307,0.409466,0.420822,0.432042,0.442811,0.45286,0.461976,0.470014,0.476902,0.482635,0.487269,0.490904,0.493672,0.495716,0.497179,0.498194,0.498877,0.499321,0.499602,0.499773,0.499874,0.499931,0.499961,0.499974,0.499974
0.499959,0.499959,0.49994,0.499894,0.499807,0.499656,0.4994,0.498985,0.498332,0.49734,0.495877,0.49379,0.490904,0.487037,0.482011,0.475675,0.467927,0.458726,0.448117,0.436231,0.423287,0.409586,0.395484,0.38138,0.36768,0.354781,0.343047,0.332796,0.324292,0.31774,0.313292,0.311044,0.311044,0.313292,0.31774,0.324292,0.332796,0.343047,0.354781,0.36768,0.38138,0.395484,0.409586,0.423287,0.436231,0.448117,0.458726,0.467927,0.475675,0.482011,0.487037,0.490904,0.49379,0.495877,0.49734,0.498332,0.498985,0.4994,0.499656,0.499807,0.499894,0.49994,0.499959,0.499959
0.499938,0.499938,0.499909,0.499841,0.499713,0.499491,0.499119,0.498521,0.497588,0.496183,0.494132,0.491234,0.487269,0.482011,0.475254,0.466835,0.45666,0.444728,0.431143,0.416119,0.399974,0.383111,0.365987,0.349084,0.332876,0.317802,0.304247,0.292528,0.282893,0.275525,0.270549,0.268044,0.268044,0.270549,0.275525,0.282893,0.292528,0.304247,0.317802,0.332876,0.349084,0.365987,0.383111,0.399974,0.416119,0.431143,0.444728,0.45666,0.466835,0.475254,0.482011,0.487269,0.491234,0.494132,0.496183,0.497588,0.498521,0.499119,0.499491,0.499713,0.499841,0.499909,0.499938,0.499938
0.499908,0.499908,0.499866,0.499767,0.499584,0.499266,0.49874,0.497899,0.496602,0.494663,0.491861,0.487942,0.482635,0.475675,0.466835,0.455951,0.442963,0.427928,0.411039,0.392621,0.373111,0.353028,0.332933,0.313389,0.294919,0.277982,0.262953,0.250116,0.239675,0.23176,0.226451,0.223787,0.223787,0.226451,0.23176,0.239675,0.250116,0.262953,0.277982,0.294919,0.313389,0.332933,0.353028,0.373111,0.392621,0.411039,0.427928,0.442963,0.455951,0.466835,0.475675,0.482635,0.487942,0.491861,0.494663,0.496602,0.497899,0.49874,0.499266,0.499584,0.499767,0.499866,0.499908,0.499908
0.499867,0.499867,0.499807,0.499669,0.499411,0.498969,0.498243,0.497092,0.49533,0.492722,0.488991,0.483824,0.476902,0.467927,0.45666,0.442963,0.426828,0.408406,0.388008,0.366094,0.343238,0.320085,0.297296,0.275497,0.255237,0.236959,0.220992,0.207552,0.19676,0.188667,0.183282,0.180595,0.180595,0.183282,0.188667,0.19676,0.207552,0.220992,0.236959,0.255237,0.275497,0.297296,0.320085,0.343238,0.366094,0.388008,0.408406,0.426828,0.442963,0.45666,0.467927,0.476902,0.483824,0.488991,0.492722,0.49533,0.497092,0.498243,0.498969,0.499411,0.499669,0.499807,0.499867,0.499867
0.499813,0.499813,0.49973,0.49954,0.499188,0.498588,0.497609,0.496071,0.493738,0.490316,0.485466,0.478821,0.470014,0.458726,0.444728,0.427928,0.408406,0.386437,0.362479,0.337151,0.311178,0.285328,0.260348,0.236902,0.215527,0.196613,0.180399,0.166994,0.156402,0.148568,0.14341,0.140853,0.140853,0.14341,0.148568,0.156402,0.166994,0.180399,0.196613,0.215527,0.236902,0.260348,0.285328,0.311178,0.337151,0.362479,0.386437,0.408406,0.427928,0.444728,0.458726,0.470014,0.478821,0.485466,0.490316,0.493738,0.496071,0.497609,0.498588,0.499188,0.49954,0.49973,0.499813,0.499813
0.499744,0.499744,0.499632,0.499376,0.498907,0.498112,0.496825,0.494818,0.491801,0.487416,0.481262,0.472916,0.461976,0.448117,0.431143,0.411039,0.388008,0.362479,0.335087,0.306624,0.277968,0.250003,0.223534,0.199229,0.177569,0.158847,0.143169,0.1305,0.120701,0.113586,0.108969,0.1067,0.1067,0.108969,0.113586,0.120701,0.1305,0.143169,0.158847,0.177569,0.199229,0.223534,0.250003,0.277968,0.306624,0.335087,0.362479,0.388008,0.411039,0.431143,0.448117,0.461976,0.472916,0.481262,0.487416,0.491801,0.494818,0.496825,0.498112,0.498907,0.499376,0.499632,0.499744,0.499744
0.499657,0.499657,0.49951,0.499175,0.498564,0.497535,0.495881,0.493324,0.489511,0.484021,0.476388,0.466143,0.45286,0.436231,0.416119,0.392621,0.366094,0.337151,0.306624,0.275486,0.244764,0.215431,0.188318,0.164051,0.143013,0.125351,0.111006,0.0997649,0.0913263,0.0853622,0.0815749,0.079741,0.079741,0.0815749,0.0853622,0.0913263,0.0997649,0.111006,0.125351,0.143013,0.164051,0.188318,0.215431,0.244764,0.275486,0.306624,0.337151,0.366094,0.392621,0.416119,0.436231,0.45286,0.466143,0.476388,0.484021,0.489511,0.493324,0.495881,0.497535,0.498564,0.499175,0.49951,0.499657,0.499657
0.499552,0.499552,0.499363,0.498934,0.498156,0.496855,0.494778,0.491592,0.48688,0.480155,0.470895,0.45859,0.442811,0.423287,0.399974,0.373111,0.343238,0.311178,0.277968,0.244764,0.212718,0.182863,0.156015,0.132708,0.113184,0.0974044,0.0851139,0.0759072,0.0693099,0.0648517,0.0621274,0.0608424,0.0608424,0.0621274,0.0648517,0.0693099,0.0759072,0.0851139,0.0974044,0.113184,0.132708,0.156015,0.182863,0.212718,0.244764,0.277968,0.311178,0.343238,0.373111,0.399974,0.423287,0.442811,0.45859,0.470895,0.480155,0.48688,0.491592,0.494778,0.496855,0.498156,0.498934,0.499363,0.499552,0.499552
0.499428,0.499428,0.499191,0.498655,0.497687,0.496077,0.493527,0.489643,0.483944,0.47588,0.464878,0.450404,0.432042,0.409586,0.383111,0.353028,0.320085,0.285328,0.250003,0.215431,0.182863,0.153353,0.127651,0.106161,0.0889368,0.0757311,0.0660725,0.0593583,0.0549466,0.0522355,0.0507254,0.050062,0.050062,0.0507254,0.0522355,0.0549466,0.0593583,0.0660725,0.0757311,0.0889368,0.106161,0.127651,0.153353,0.182863,0.215431,0.250003,0.285328,0.320085,0.353028,0.383111,0.409586,0.432042,0.450404,0.464878,0.47588,0.483944,0.489643,0.493527,0.496077,0.497687,0.498655,0.499191,0.499428,0.499428
0.499287,0.499287,0.498997,0.498341,0.497163,0.495215,0.492149,0.487513,0.480761,0.471287,0.458475,0.44178,0.420822,0.395484,0.365987,0.332933,0.297296,0.260348,0.223534,0.188318,0.156015,0.127651,0.103872,0.0849068,0.0705948,0.0604599,0.053813,0.0498623,0.0478152,0.0469598,0.0467226,0.0467056,0.0467056,0.0467226,0.0469598,0.0478152,0.0498623,0.053813,0.0604599,0.0705948,0.0849068,0.103872,0.127651,0.156015,0.188318,0.223534,0.260348,0.297296,0.332933,0.365987,0.395484,0.420822,0.44178,0.458475,0.471287,0.480761,0.487513,0.492149,0.495215,0.497163,0.498341,0.498997,0.499287,0.499287
0.499132,0.499132,0.498784,0.497999,0.496596,0.494288,0.490678,0.485255,0.477414,0.466496,0.451856,0.432955,0.409466,0.38138,0.349084,0.313389,0.275497,0.236902,0.199229,0.164051,0.132708,0.106161,0.0849068,0.068971,0.0579605,0.0511669,0.0476931,0.0465788,0.0469075,0.0478849,0.0488895,0.0494984,0.0494984,0.0488895,0.0478849,0.0469075,0.0465788,0.0476931,0.0511669,0.0579605,0.068971,0.0849068,0.106161,0.132708,0.164051,0.199229,0.236902,0.275497,0.313389,0.349084,0.38138,0.409466,0.432955,0.451856,0.466496,0.477414,0.485255,0.490678,0.494288,0.496596,0.497999,0.498784,0.499132,0.499132
0.498967,0.498967,0.498558,0.497639,0.496003,0.493325,0.489158,0.482937,0.474003,0.461653,0.445223,0.424193,0.398307,0.36768,0.332876,0.294919,0.255237,0.215527,0.177569,0.143013,0.113184,0.0889368,0.0705948,0.0579605,0.0504037,0.0469932,0.0466451,0.0482589,0.0508263,0.053502,0.0556425,0.0568193,0.0568193,0.0556425,0.053502,0.0508263,0.0482589,0.0466451,0.0469932,0.0504037,0.0579605,0.0705948,0.0889368,0.113184,0.143013,0.177569,0.215527,0.255237,0.294919,0.332876,0.36768,0.398307,0.424193,0.445223,0.461653,0.474003,0.482937,0.489158,0.493325,0.496003,0.497639,0.498558,0.498967,0.498967
0.498798,0.498798,0.498328,0.497274,0.495404,0.492358,0.487642,0.48064,0.470645,0.45692,0.438791,0.415772,0.387685,0.354781,0.317802,0.277982,0.236959,0.196613,0.158847,0.125351,0.0974044,0.0757311,0.0604599,0.0511669,0.0469932,0.0468052,0.0493598,0.0534496,0.0580071,0.062166,0.0652851,0.0669468,0.0669468,0.0652851,0.062166,0.0580071,0.0534496,0.0493598,0.0468052,0.0469932,0.0511669,0.0604599,0.0757311,0.0974044,0.125351,0.158847,0.196613,0.236959,0.277982,0.317802,0.354781,0.387685,0.415772,0.438791,0.45692,0.470645,0.48064,0.487642,0.492358,0.495404,0.497274,0.498328,0.498798,0.498798
0.498632,0.498632,0.498102,0.496919,0.494825,0.491426,0.486188,0.47845,0.467462,0.452463,0.432779,0.407963,0.377924,0.343047,0.304247,0.262953,0.220992,0.180399,0.143169,0.111006,0.0851139,0.0660725,0.053813,0.0476931,0.0466451,0.0493598,0.0544675,0.0606855,0.0669173,0.0723005,0.0762149,0.0782669,0.0782669,0.0762149,0.0723005,0.0669173,0.0606855,0.0544675,0.0493598,0.0466451,0.0476931,0.053813,0.0660725,0.0851139,0.111006,0.143169,0.180399,0.220992,0.262953,0.304247,0.343047,0.377924,0.407963,0.432779,0.452463,0.467462,0.47845,0.486188,0.491426,0.494825,0.496919,0.498102,0.498632,0.498632
0.498477,0.498477,0.497893,0.496589,0.494289,0.490569,0.484858,0.476455,0.464579,0.448449,0.427399,0.401024,0.36932,0.332796,0.292528,0.250116,0.207552,0.166994,0.1305,0.0997649,0.0759072,0.0593583,0.0498623,0.0465788,0.0482589,0.0534496,0.0606855,0.0686375,0.0762032,0.0825418,0.0870663,0.0894141,0.0894141,0.0870663,0.0825418,0.0762032,0.0686375,0.0606855,0.0534496,0.0482589,0.0465788,0.0498623,0.0593583,0.0759072,0.0997649,0.1305,0.166994,0.207552,0.250116,0.292528,0.332796,0.36932,0.401024,0.427399,0.448449,0.464579,0.476455,0.484858,0.490569,0.494289,0.496589,0.497893,0.498477,0.498477
0.498341,0.498341,0.497709,0.496302,0.493824,0.489827,0.483709,0.47474,0.462112,0.44503,0.422842,0.395183,0.362126,0.324292,0.282893,0.239675,0.19676,0.156402,0.120701,0.0913263,0.0693099,0.0549466,0.0478152,0.0469075,0.0508263,0.0580071,0.0669173,0.0762032,0.084772,0.0918132,0.096778,0.0993365,0.0993365,0.096778,0.0918132,0.084772,0.0762032,0.0669173,0.0580071,0.0508263,0.0469075,0.0478152,0.0549466,0.0693099,0.0913263,0.120701,0.156402,0.19676,0.239675,0.282893,0.324292,0.362126,0.395183,0.422842,0.44503,0.462112,0.47474,0.483709,0.489827,0.493824,0.496302,0.497709,0.498341,0.498341
0.498231,0.498231,0.497561,0.496071,0.493452,0.489235,0.482796,0.473381,0.460163,0.442341,0.419272,0.390629,0.356548,0.31774,0.275525,0.23176,0.188667,0.148568,0.113586,0.0853622,0.0648517,0.0522355,0.0469598,0.0478849,0.053502,0.062166,0.0723005,0.0825418,0.0918132,0.0993359,0.104596,0.107295,0.107295,0.104596,0.0993359,0.0918132,0.0825418,0.0723005,0.062166,0.053502,0.0478849,0.0469598,0.0522355,0.0648517,0.0853622,0.113586,0.148568,0.188667,0.23176,0.275525,0.31774,0.356548,0.390629,0.419272,0.442341,0.460163,0.473381,0.482796,0.489235,0.493452,0.496071,0.497561,0.498231,0.498231
0.498154,0.498154,0.497458,0.49591,0.493192,0.488822,0.482161,0.472438,0.458815,0.440486,0.416819,0.38751,0.352743,0.313292,0.270549,0.226451,0.183282,0.14341,0.108969,0.0815749,0.0621274,0.0507254,0.0467226,0.0488895,0.0556425,0.0652851,0.0762149,0.0870663,0.096778,0.104596,0.110035,0.112816,0.112816,0.110035,0.104596,0.096778,0.0870663,0.0762149,0.0652851,0.0556425,0.0488895,0.0467226,0.0507254,0.0621274,0.0815749,0.108969,0.14341,0.183282,0.226451,0.270549,0.313292,0.352743,0.38751,0.416819,0.440486,0.458815,0.472438,0.482161,0.488822,0.493192,0.49591,0.497458,0.498154,0.498154
0.498114,0.498114,0.497405,0.495827,0.493058,0.488611,0.481836,0.471956,0.458126,0.43954,0.415569,0.385926,0.350815,0.311044,0.268044,0.223787,0.180595,0.140853,0.1067,0.079741,0.0608424,0.050062,0.0467056,0.0494984,0.0568193,0.0669468,0.0782669,0.0894141,0.0993365,0.107295,0.112816,0.115636,0.115636,0.112816,0.107295,0.0993365,0.0894141,0.0782669,0.0669468,0.0568193,0.0494984,0.0467056,0.050062,0.0608424,0.079741,0.1067,0.140853,0.180595,0.223787,0.268044,0.311044,0.350815,0.385926,0.415569,0.43954,0.458126,0.471956,0.481836,0.488611,0.493058,0.495827,0.497405,0.498114,0.498114
0.498114,0.498114,0.497405,0.495827,0.493058,0.488611,0.481836,0.471956,0.458126,0.43954,0.415569,0.385926,0.350815,0.311044,0.268044,0.223787,0.180595,0.140853,0.1067,0.079741,0.0608424,0.050062,0.0467056,0.0494984,0.0568193,0.0669468,0.0782669,0.0894141,0.0993365,0.107295,0.112816,0.115636,0.115636,0.112816,0.107295,0.0993365,0.0894141,0.0782669,0.0669468,0.0568193,0.0494984,0.0467056,0.050062,0.0608424,0.079741,0.1067,0.140853,0.180595,0.223787,0.268044,0.311044,0.350815,0.385926,0.415569,0.43954,0.458126,0.471956,0.481836,0.488611,0.493058,0.495827,0.497405,0.498114,0.498114
0.498154,0.498154,0.497458,0.49591,0.493192,0.488822,0.482161,0.472438,0.458815,0.440486,0.416819,0.38751,0.352743,0.313292,0.270549,0.226451,0.183282,0.14341,0.108969,0.0815749,0.0621274,0.0507254,0.0467226,0.0488895,0.0556425,0.0652851,0.0762149,0.0870663,0.096778,0.104596,0.110035,0.112816,0.112816,0.110035,0.104596,0.096778,0.0870663,0.0762149,0.0652851,0.0556425,0.0488895,0.0467226,0.0507254,0.0621274,0.0815749,0.108969,0.14341,0.183282,0.226451,0.270549,0.313292,0.352743,0.38751,0.416819,0.440486,0.458815,0.472438,0.482161,0.488822,0.493192,0.49591,0.497458,0.498154,0.498154
0.498231,0.498231,0.497561,0.496071,0.493452,0.489235,0.482796,0.473381,0.460163,0.442341,0.419272,0.390629,0.356548,0.31774,0.275525,0.23176,0.188667,0.148568,0.113586,0.0853622,0.0648517,0.0522355,0.0469598,0.0478849,0.053502,0.062166,0.0723005,0.0825418,0.0918132,0.0993359,0.104596,0.107295,0.107295,0.104596,0.0993359,0.0918132,0.0825418,0.0723005,0.062166,0.053502,0.0478849,0.0469598,0.0522355,0.0648517,0.0853622,0.113586,0.148568,0.188667,0.23176,0.275525,0.31774,0.356548,0.390629,0.419272,0.442341,0.460163,0.473381,0.482796,0.489235,0.493452,0.496071,0.497561,0.498231,0.498231
0.498341,0.498341,0.497709,0.496302,0.493824,0.489827,0.483709,0.47474,0.462112,0.44503,0.422842,0.395183,0.362126,0.324292,0.282893,0.239675,0.19676,0.156402,0.120701,0.0913263,0.0693099,0.0549466,0.0478152,0.0469075,0.0508263,0.0580071,0.0669173,0.0762032,0.084772,0.0918132,0.096778,0.0993365,0.0993365,0.096778,0.0918132,0.084772,0.0762032,0.0669173,0.0580071,0.0508263,0.0469075,0.0478152,0.0549466,0.0693099,0.0913263,0.120701,0.156402,0.19676,0.239675,0.282893,0.324292,0.362126,0.395183,0.422842,0.44503,0.462112,0.47474,0.483709,0.489827,0.493824,0.496302,0.497709,0.498341,0.498341
0.498477,0.498477,0.497893,0.496589,0.494289,0.490569,0.484858,0.476455,0.464579,0.448449,0.427399,0.401024,0.36932,0.332796,0.292528,0.250116,0.207552,0.166994,0.1305,0.0997649,0.0759072,0.0593583,0.0498623,0.0465788,0.0482589,0.0534496,0.0606855,0.0686375,0.0762032,0.0825418,0.0870663,0.0894141,0.0894141,0.0870663,0.0825418,0.0762032,0.0686375,0.0606855,0.0534496,0.0482589,0.0465788,0.0498623,0.0593583,0.0759072,0.0997649,0.1305,0.166994,0.207552,0.250116,0.292528,0.332796,0.36932,0.401024,0.427399,0.448449,0.464579,0.476455,0.484858,0.490569,0.494289,0.496589,0.497893,0.498477,0.498477
0.498632,0.498632,0.498102,0.496919,0.494825,0.491426,0.486188,0.47845,0.467462,0.452463,0.432779,0.407963,0.377924,0.343047,0.304247,0.262953,0.220992,0.180399,0.143169,0.111006,0.0851139,0.0660725,0.053813,0.0476931,0.0466451,0.0493598,0.0544675,0.0606855,0.0669173,0.0723005,0.0762149,0.0782669,0.0782669,0.0762149,0.0723005,0.0669173,0.0606855,0.0544675,0.0493598,0.0466451,0.0476931,0.053813,0.0660725,0.0851139,0.111006,0.143169,0.180399,0.220992,0.262953,0.304247,0.343047,0.377924,0.407963,0.432779,0.452463,0.467462,0.47845,0.486188,0.491426,0.494825,0.496919,0.498102,0.498632,0.498632
0.498798,0.498798,0.498328,0.497274,0.495404,0.492358,0.487642,0.48064,0.470645,0.45692,0.438791,0.415772,0.387685,0.354781,0.317802,0.277982,0.236959,0.196613,0.158847,0.125351,0.0974044,0.0757311,0.0604599,0.0511669,0.0469932,0.0468052,0.0493598,0.0534496,0.0580071,0.062166,0.0652851,0.0669468,0.0669468,0.0652851,0.062166,0.0580071,0.0534496,0.0493598,0.0468052,0.0469932,0.0511669,0.0604599,0.0757311,0.0974044,0.125351,0.158847,0.196613,0.236959,0.277982,0.317802,0.354781,0.387685,0.415772,0.438791,0.45692,0.470645,0.48064,0.487642,0.492358,0.495404,0.497274,0.498328,0.498798,0.498798
0.498967,0.498967,0.498558,0.497639,0.496003,0.493325,0.489158,0.482937,0.474003,0.461653,0.445223,0.424193,0.398307,0.36768,0.332876,0.294919,0.255237,0.215527,0.177569,0.143013,0.113184,0.0889368,0.0705948,0.0579605,0.0504037,0.0469932,0.0466451,0.0482589,0.0508263,0.053502,0.0556425,0.0568193,0.0568193,0.0556425,0.053502,0.0508263,0.0482589,0.0466451,0.0469932,0.0504037,0.0579605,0.0705948,0.0889368,0.113184,0.143013,0.177569,0.215527,0.255237,0.294919,0.332876,0.36768,0.398307,0.424193,0.445223,0.461653,0.474003,0.482937,0.489158,0.493325,0.496003,0.497639,0.498558,0.498967,0.498967
0.499132,0.499132,0.498784,0.497999,0.496596,0.494288,0.490678,0.485255,0.477414,0.466496,0.451856,0.432955,0.409466,0.38138,0.349084,0.313389,0.275497,0.236902,0.199229,0.164051,0.132708,0.106161,0.0849068,0.068971,0.0579605,0.0511669,0.0476931,0.0465788,0.0469075,0.0478849,0.0488895,0.0494984,0.0494984,0.0488895,0.0478849,0.0469075,0.0465788,0.0476931,0.0511669,0.0579605,0.068971,0.0849068,0.106161,0.132708,0.164051,0.199229,0.236902,0.275497,0.313389,0.349084,0.38138,0.409466,0.432955,0.451856,0.466496,0.477414,0.485255,0.490678,0.494288,0.496596,0.497999,0.498784,0.499132,0.499132
0.499287,0.499287,0.498997,0.498341,0.497163,0.495215,0.492149,0.487513,0.480761,0.471287,0.458475,0.44178,0.420822,0.395484,0.365987,0.332933,0.297296,0.260348,0.223534,0.188318,0.156015,0.127651,0.103872,0.0849068,0.0705948,0.0604599,0.053813,0.0498623,0.0478152,0.0469598,0.0467226,0.0467056,0.0467056,0.0467226,0.0469598,0.0478152,0.0498623,0.053813,0.0604599,0.0705948,0.0849068,0.103872,0.127651,0.156015,0.188318,0.223534,0.260348,0.297296,0.332933,0.365987,0.395484,0.420822,0.44178,0.458475,0.471287,0.480761,0.487513,0.492149,0.495215,0.497163,0.498341,0.498997,0.499287,0.499287
0.499428,0.499428,0.499191,0.498655,0.497687,0.496077,0.493527,0.489643,0.483944,0.47588,0.464878,0.450404,0.432042,0.409586,0.383111,0.353028,0.320085,0.285328,0.250003,0.215431,0.182863,0.153353,0.127651,0.106161,0.0889368,0.0757311,0.0660725,0.0593583,0.0549466,0.0522355,0.0507254,0.050062,0.050062,0.0507254,0.0522355,0.0549466,0.0593583,0.0660725,0.0757311,0.0889368,0.106161,0.127651,0.153353,0.182863,0.215431,0.250003,0.285328,0.320085,0.353028,0.383111,0.409586,0.432042,0.450404,0.464878,0.47588,0.483944,0.489643,0.493527,0.496077,0.497687,0.498655,0.499191,0.499428,0.499428
0.499552,0.499552,0.499363,0.498934,0.498156,0.496855,0.494778,0.491592,0.48688,0.480155,0.470895,0.45859,0.442811,0.423287,0.399974,0.373111,0.343238,0.311178,0.277968,0.244764,0.212718,0.182863,0.156015,0.132708,0.113184,0.0974044,0.0851139,0.0759072,0.0693099,0.0648517,0.0621274,0.0608424,0.0608424,0.0621274,0.0648517,0.0693099,0.0759072,0.0851139,0.0974044,0.113184,0.132708,0.156015,0.182863,0.212718,0.244764,0.277968,0.311178,0.343238,0.373111,0.399974,0.423287,0.442811,0.45859,0.470895,0.480155,0.48688,0.491592,0.494778,0.496855,0.498156,0.498934,0.499363,0.499552,0.499552
0.499657,0.499657,0.49951,0.499175,0.498564,0.497535,0.495881,0.493324,0.489511,0.484021,0.476388,0.466143,0.45286,0.436231,0.416119,0.392621,0.366094,0.337151,0.306624,0.275486,0.244764,0.215431,0.188318,0.164051,0.143013,0.125351,0.111006,0.0997649,0.0913263,0.0853622,0.0815749,0.079741,0.079741,0.0815749,0.0853622,0.0913263,0.0997649,0.111006,0.125351,0.143013,0.164051,0.188318,0.215431,0.244764,0.275486,0.306624,0.337151,0.366094,0.392621,0.416119,0.436231,0.45286,0.466143,0.476388,0.484021,0.489511,0.493324,0.495881,0.497535,0.498564,0.499175,0.49951,0.499657,0.499657
0.499744,0.499744,0.499632,0.499376,0.498907,0.498112,0.496825,0.494818,0.491801,0.487416,0.481262,0.472916,0.461976,0.448117,0.431143,0.411039,0.388008,0.362479,0.335087,0.306624,0.277968,0.250003,0.223534,0.199229,0.177569,0.158847,0.143169,0.1305,0.120701,0.113586,0.108969,0.1067,0.1067,0.108969,0.113586,0.120701,0.1305,0.143169,0.158847,0.177569,0.199229,0.223534,0.250003,0.277968,0.306624,0.335087,0.362479,0.388008,0.411039,0.431143,0.448117,0.461976,0.472916,0.481262,0.487416,0.491801,0.494818,0.496825,0.498112,0.498907,0.499376,0.499632,0.499744,0.499744
0.499813,0.499813,0.49973,0.49954,0.499188,0.498588,0.497609,0.496071,0.493738,0.490316,0.485466,0.478821,0.470014,0.458726,0.444728,0.427928,0.408406,0.386437,0.362479,0.337151,0.311178,0.285328,0.260348,0.236902,0.215527,0.196613,0.180399,0.166994,0.156402,0.148568,0.14341,0.140853,0.140853,0.14341,0.148568,0.156402,0.166994,0.180399,0.196613,0.215527,0.236902,0.260348,0.285328,0.311178,0.337151,0.362479,0.386437,0.408406,0.427928,0.444728,0.458726,0.470014,0.478821,0.485466,0.490316,0.493738,0.496071,0.497609,0.498588,0.499188,0.49954,0.49973,0.499813,0.499813
0.499867,0.499867,0.499807,0.499669,0.499411,0.498969,0.498243,0.497092,0.49533,0.492722,0.488991,0.483824,0.476902,0.467927,0.45666,0.442963,0.426828,0.408406,0.388008,0.366094,0.343238,0.320085,0.297296,0.275497,0.255237,0.236959,0.220992,0.207552,0.19676,0.188667,0.183282,0.180595,0.180595,0.183282,0.188667,0.19676,0.207552,0.220992,0.236959,0.255237,0.275497,0.297296,0.320085,0.343238,0.366094,0.388008,0.408406,0.426828,0.442963,0.45666,0.467927,0.476902,0.483824,0.488991,0.492722,0.49533,0.497092,0.498243,0.498969,0.499411,0.499669,0.499807,0.499867,0.499867
0.499908,0.499908,0.499866,0.499767,0.499584,0.499266,0.49874,0.497899,0.496602,0.494663,0.491861,0.487942,0.482635,0.475675,0.466835,0.455951,0.442963,0.427928,0.411039,0.392621,0.373111,0.353028,0.332933,0.313389,0.294919,0.277982,0.262953,0.250116,0.239675,0.23176,0.226451,0.223787,0.223787,0.226451,0.23176,0.239675,0.250116,0.262953,0.277982,0.294919,0.313389,0.332933,0.353028,0.373111,0.392621,0.411039,0.427928,0.442963,0.455951,0.466835,0.475675,0.482635,0.487942,0.491861,0.494663,0.496602,0.497899,0.49874,0.499266,0.499584,0.499767,0.499866,0.499908,0.499908
0.499938,0.499938,0.499909,0.499841,0.499713,0.499491,0.499119,0.498521,0.497588,0.496183,0.494132,0.491234,0.487269,0.482011,0.475254,0.466835,0.45666,0.444728,0.431143,0.416119,0.399974,0.383111,0.365987,0.349084,0.332876,0.317802,0.304247,0.292528,0.282893,0.275525,0.270549,0.268044,0.268044,0.270549,0.275525,0.282893,0.292528,0.304247,0.317802,0.332876,0.349084,0.365987,0.383111,0.399974,0.416119,0.431143,0.444728,0.45666,0.466835,0.475254,0.482011,0.487269,0.491234,0.494132,0.496183,0.497588,0.498521,0.499119,0.499491,0.499713,0.499841,0.499909,0.499938,0.499938
0.499959,0.499959,0.49994,0.499894,0.499807,0.499656,0.4994,0.498985,0.498332,0.49734,0.495877,0.49379,0.490904,0.487037,0.482011,0.475675,0.467927,0.458726,0.448117,0.436231,0.423287,0.409586,0.395484,0.38138,0.36768,0.354781,0.343047,0.332796,0.324292,0.31774,0.313292,0.311044,0.311044,0.313292,0.31774,0.324292,0.332796,0.343047,0.354781,0.36768,0.38138,0.395484,0.409586,0.423287,0.436231,0.448117,0.458726,0.467927,0.475675,0.482011,0.487037,0.490904,0.49379,0.495877,0.49734,0.498332,0.498985,0.4994,0.499656,0.499807,0.499894,0.49994,0.499959,0.499959
0.499974,0.499974,0.499961,0.499931,0.499874,0.499773,0.499602,0.499321,0.498877,0.498194,0.497179,0.495716,0.493672,0.490904,0.487269,0.482635,0.476902,0.470014,0.461976,0.45286,0.442811,0.432042,0.420822,0.409466,0.398307,0.387685,0.377924,0.36932,0.362126,0.356548,0.352743,0.350815,0.350815,0.352743,0.356548,0.362126,0.36932,0.377924,0.387685,0.398307,0.409466,0.420822,0.432042,0.442811,0.45286,0.461976,0.470014,0.476902,0.482635,0.487269,0.490904,0.493672,0.495716,0.497179,0.498194,0.498877,0.499321,0.499602,0.499773,0.499874,0.499931,0.499961,0.499974,0.499974
0.499984,0.499984,0.499976,0.499956,0.49992,0.499854,0.499743,0.499558,0.499263,0.498806,0.498121,0.497123,0.495716,0.49379,0.491234,0.487942,0.483824,0.478821,0.472916,0.466143,0.45859,0.450404,0.44178,0.432955,0.424193,0.415772,0.407963,0.401024,0.395183,0.390629,0.38751,0.385926,0.385926,0.38751,0.390629,0.395183,0.401024,0.407963,0.415772,0.424193,0.432955,0.44178,0.450404,0.45859,0.466143,0.472916,0.478821,0.483824,0.487942,0.491234,0.49379,0.495716,0.497123,0.498121,0.498806,0.499263,0.499558,0.499743,0.499854,0.49992,0.499956,0.499976,0.499984,0.499984
0.49999,0.49999,0.499985,0.499973,0.49995,0.499909,0.499838,0.49972,0.49953,0.499232,0.498782,0.498121,0.497179,0.495877,0.494132,0.491861,0.488991,0.485466,0.481262,0.476388,0.470895,0.464878,0.458475,0.451856,0.445223,0.438791,0.432779,0.427399,0.422842,0.419272,0.416819,0.415569,0.415569,0.416819,0.419272,0.422842,0.427399,0.432779,0.438791,0.445223,0.451856,0.458475,0.464878,0.470895,0.476388,0.481262,0.485466,0.488991,0.491861,0.494132,0.495877,0.497179,0.498121,0.498782,0.499232,0.49953,0.49972,0.499838,0.499909,0.49995,0.499973,0.499985,0.49999,0.49999
0.499994,0.499994,0.499991,0.499984,0.49997,0.499945,0.499901,0.499828,0.499708,0.49952,0.499232,0.498806,0.498194,0.49734,0.496183,0.494663,0.492722,0.490316,0.487416,0.484021,0.480155,0.47588,0.471287,0.466496,0.461653,0.45692,0.452463,0.448449,0.44503,0.442341,0.440486,0.43954,0.43954,0.440486,0.442341,0.44503,0.448449,0.452463,0.45692,0.461653,0.466496,0.471287,0.47588,0.480155,0.484021,0.487416,0.490316,0.492722,0.494663,0.496183,0.49734,0.498194,0.498806,0.499232,0.49952,0.499708,0.499828,0.499901,0.499945,0.49997,0.499984,0.499991,0.499994,0.499994
0.499997,0.499997,0.499995,0.499991,0.499982,0.499967,0.499941,0.499897,0.499824,0.499708,0.49953,0.499263,0.498877,0.498332,0.497588,0.496602,0.49533,0.493738,0.491801,0.489511,0.48688,0.483944,0.480761,0.477414,0.474003,0.470645,0.467462,0.464579,0.462112,0.460163,0.458815,0.458126,0.458126,0.458815,0.460163,0.462112,0.464579,0.467462,0.470645,0.474003,0.477414,0.480761,0.483944,0.48688,0.489511,0.491801,0.493738,0.49533,0.496602,0.497588,0.498332,0.498877,0.499263,0.49953,0.499708,0.499824,0.499897,0.499941,0.499967,0.499982,0.499991,0.499995,0.499997,0.499997
0.499998,0.499998,0.499997,0.499995,0.49999,0.499981,0.499966,0.49994,0.499897,0.499828,0.49972,0.499558,0.499321,0.498985,0.498521,0.497899,0.497092,0.496071,0.494818,0.493324,0.491592,0.489643,0.487513,0.485255,0.482937,0.48064,0.47845,0.476455,0.47474,0.473381,0.472438,0.471956,0.471956,0.472438,0.473381,0.47474,0.476455,0.47845,0.48064,0.482937,0.485255,0.487513,0.489643,0.491592,0.493324,0.494818,0.496071,0.497092,0.497899,0.498521,0.498985,0.499321,0.499558,0.49972,0.499828,0.499897,0.49994,0.499966,0.499981,0.49999,0.499995,0.499997,0.499998,0.499998
0.499999,0.499999,0.499998,0.499997,0.499994,0.49999,0.499981,0.499966,0.499941,0.499901,0.499838,0.499743,0.499602,0.4994,0.499119,0.49874,0.498243,0.497609,0.496825,0.495881,0.494778,0.493527,0.492149,0.490678,0.489158,0.487642,0.486188,0.484858,0.483709,0.482796,0.482161,0.481836,0.481836,0.482161,0.482796,0.483709,0.484858,0.486188,0.487642,0.489158,0.490678,0.492149,0.493527,0.494778,0.495881,0.496825,0.497609,0.498243,0.49874,0.499119,0.4994,0.499602,0.499743,0.499838,0.499901,0.499941,0.499966,0.499981,0.49999,0.499994,0.499997,0.499998,0.499999,0.499999
0.499999,0.499999,0.499999,0.499998,0.499997,0.499994,0.49999,0.499981,0.499967,0.499945,0.499909,0.499854,0.499773,0.499656,0.499491,0.499266,0.498969,0.498588,0.498112,0.497535,0.496855,0.496077,0.495215,0.494288,0.493325,0.492358,0.491426,0.490569,0.489827,0.489235,0.488822,0.488611,0.488611,0.488822,0.489235,0.489827,0.490569,0.491426,0.492358,0.493325,0.494288,0.495215,0.496077,0.496855,0.497535,0.498112,0.498588,0.498969,0.499266,0.499491,0.499656,0.499773,0.499854,0.499909,0.499945,0.499967,0.499981,0.49999,0.499994,0.499997,0.499998,0.499999,0.499999,0.499999
0.5,0.5,0.5,0.499999,0.499998,0.499997,0.499994,0.49999,0.499982,0.49997,0.49995,0.49992,0.499874,0.499807,0.499713,0.499584,0.499411,0.499188,0.498907,0.498564,0.498156,0.497687,0.497163,0.496596,0.496003,0.495404,0.494825,0.494289,0.493824,0.493452,0.493192,0.493058,0.493058,0.493192,0.493452,0.493824,0.494289,0.494825,0.495404,0.496003,0.496596,0.497163,0.497687,0.498156,0.498564,0.498907,0.499188,0.499411,0.499584,0.499713,0.499807,0.499874,0.49992,0.49995,0.49997,0.499982,0.49999,0.499994,0.499997,0.499998,0.499999,0.5,0.5,0.5
0.5,0.5,0.5,0.5,0.499999,0.499998,0.499997,0.499995,0.499991,0.499984,0.499973,0.499956,0.499931,0.499894,0.499841,0.499767,0.499669,0.49954,0.499376,0.499175,0.498934,0.498655,0.498341,0.497999,0.497639,0.497274,0.496919,0.496589,0.496302,0.496071,0.49591,0.495827,0.495827,0.49591,0.496071,0.496302,0.496589,0.496919,0.497274,0.497639,0.497999,0.498341,0.498655,0.498934,0.499175,0.499376,0.49954,0.499669,0.499767,0.499841,0.499894,0.499931,0.499956,0.499973,0.499984,0.499991,0.499995,0.499997,0.499998,0.499999,0.5,0.5,0.5,0.5
0.5,0.5,0.5,0.5,0.5,0.499999,0.499998,0.499997,0.499995,0.499991,0.499985,0.499976,0.499961,0.49994,0.499909,0.499866,0.499807,0.49973,0.499632,0.49951,0.499363,0.499191,0.498997,0.498784,0.498558,0.498328,0.498102,0.497893,0.497709,0.497561,0.497458,0.497405,0.497405,0.497458,0.497561,0.497709,0.497893,0.498102,0.498328,0.498558,0.498784,0.498997,0.499191,0.499363,0.49951,0.499632,0.49973,0.499807,0.499866,0.499909,0.49994,0.499961,0.499976,0.499985,0.499991,0.499995,0.499997,0.499998,0.499999,0.5,0.5,0.5,0.5,0.5
0.5,0.5,0.5,0.5,0.5,0.499999,0.499999,0.499998,0.499997,0.499994,0.49999,0.499984,0.499974,0.499959,0.499938,0.499908,0.499867,0.499813,0.499744,0.499657,0.499552,0.499428,0.499287,0.499132,0.498967,0.498798,0.498632,0.498477,0.498341,0.498231,0.498154,0.498114,0.498114,0.498154,0.498231,0.498341,0.498477,0.498632,0.498798,0.498967,0.499132,0.499287,0.499428,0.499552,0.499657,0.499744,0.499813,0.499867,0.499908,0.499938,0.499959,0.499974,0.499984,0.49999,0.499994,0.499997,0.499998,0.499999,0.499999,0.5,0.5,0.5,0.5,0.5
0.5,0.5,0.5,0.5,0.5,0.499999,0.499999,0.499998,0.499997,0.499994,0.49999,0.499984,0.499974,0.499959,0.499938,0.499908,0.499867,0.499813,0.499744,0.499657,0.499552,0.499428,0.499287,0.499132,0.498967,0.498798,0.498632,0.498477,0.498341,0.498231,0.498154,0.498114,0.498114,0.498154,0.498231,0.498341,0.498477,0.498632,0.498798,0.498967,0.499132,0.499287,0.499428,0.499552,0.499657,0.499744,0.499813,0.499867,0.499908,0.499938,0.499959,0.499974,0.499984,0.49999,0.499994,0.499997,0.499998,0.499999,0.499999,0.5,0.5,0.5,0.5,0.5
