0.5,0.5,0.5,0.5,0.5,0.5,0.499999,0.499999,0.499998,0.499997,0.499995,0.499991,0.499985,0.499976,0.499964,0.499946,0.499921,0.499887,0.499843,0.499788,0.49972,0.49964,0.499548,0.499446,0.499336,0.499223,0.499112,0.499007,0.498915,0.49884,0.498788,0.49876,0.49876,0.498788,0.49884,0.498915,0.499007,0.499112,0.499223,0.499336,0.499446,0.499548,0.49964,0.49972,0.499788,0.499843,0.499887,0.499921,0.499946,0.499964,0.499976,0.499985,0.499991,0.499995,0.499997,0.499998,0.499999,0.499999,0.5,0.5,0.5,0.5,0.5,0.5
0.5,0.5,0.5,0.5,0.5,0.5,0.499999,0.499999,0.499998,0.499997,0.499995,0.499991,0.499985,0.499976,0.499964,0.499946,0.499921,0.499887,0.499843,0.499788,0.49972,0.49964,0.499548,0.499446,0.499336,0.499223,0.499112,0.499007,0.498915,0.49884,0.498788,0.49876,0.49876,0.498788,0.49884,0.498915,0.499007,0.499112,0.499223,0.499336,0.499446,0.499548,0.49964,0.49972,0.499788,0.499843,0.499887,0.499921,0.499946,0.499964,0.499976,0.499985,0.499991,0.499995,0.499997,0.499998,0.499999,0.499999,0.5,0.5,0.5,0.5,0.5,0.5
0.5,0.5,0.5,0.5,0.5,0.5,0.499999,0.499998,0.499997,0.499995,0.499992,0.499986,0.499977,0.499964,0.499946,0.499919,0.499882,0.499833,0.49977,0.499691,0.499594,0.49948,0.49935,0.499206,0.499052,0.498894,0.498739,0.498594,0.498466,0.498363,0.498291,0.498254,0.498254,0.498291,0.498363,0.498466,0.498594,0.498739,0.498894,0.499052,0.499206,0.49935,0.49948,0.499594,0.499691,0.49977,0.499833,0.499882,0.499919,0.499946,0.499964,0.499977,0.499986,0.499992,0.499995,0.499997,0.499998,0.499999,0.5,0.5,0.5,0.5,0.5,0.5
0.5,0.5,0.5,0.5,0.5,0.499999,0.499998,0.499997,0.499995,0.499991,0.499985,0.499974,0.499959,0.499936,0.499903,0.499856,0.499792,0.499708,0.4996,0.499465,0.499302,0.499111,0.498895,0.498657,0.498404,0.498147,0.497894,0.497659,0.497453,0.497287,0.497171,0.497111,0.497111,0.497171,0.497287,0.497453,0.497659,0.497894,0.498147,0.498404,0.498657,0.498895,0.499111,0.499302,0.499465,0.4996,0.499708,0.499792,0.499856,0.499903,0.499936,0.499959,0.499974,0.499985,0.499991,0.499995,0.499997,0.499998,0.499999,0.5,0.5,0.5,0.5,0.5
0.5,0.5,0.5,0.5,0.499999,0.499998,0.499997,0.499994,0.49999,0.499983,0.499971,0.499952,0.499923,0.499881,0.499821,0.499736,0.499622,0.499472,0.499282,0.499046,0.498763,0.498433,0.498062,0.497656,0.497228,0.496793,0.49637,0.495976,0.495633,0.495357,0.495164,0.495065,0.495065,0.495164,0.495357,0.495633,0.495976,0.49637,0.496793,0.497228,0.497656,0.498062,0.498433,0.498763,0.499046,0.499282,0.499472,0.499622,0.499736,0.499821,0.499881,0.499923,0.499952,0.499971,0.499983,0.49999,0.499994,0.499997,0.499998,0.499999,0.5,0.5,0.5,0.5
0.5,0.5,0.5,0.499999,0.499998,0.499997,0.499994,0.499989,0.499981,0.499967,0.499945,0.499911,0.499859,0.499783,0.499674,0.499525,0.499324,0.499062,0.498731,0.498324,0.49784,0.49728,0.496653,0.495972,0.495258,0.494537,0.493837,0.49319,0.492626,0.492175,0.49186,0.491698,0.491698,0.49186,0.492175,0.492626,0.49319,0.493837,0.494537,0.495258,0.495972,0.496653,0.49728,0.49784,0.498324,0.498731,0.499062,0.499324,0.499525,0.499674,0.499783,0.499859,0.499911,0.499945,0.499967,0.499981,0.499989,0.499994,0.499997,0.499998,0.499999,0.5,0.5,0.5
0.499999,0.499999,0.499999,0.499998,0.499997,0.499994,0.499989,0.49998,0.499965,0.49994,0.499901,0.499839,0.499748,0.499614,0.499425,0.499166,0.498822,0.498377,0.497818,0.497138,0.496333,0.495409,0.494381,0.493273,0.492118,0.490956,0.489835,0.488803,0.487907,0.487192,0.486694,0.486438,0.486438,0.486694,0.487192,0.487907,0.488803,0.489835,0.490956,0.492118,0.493273,0.494381,0.495409,0.496333,0.497138,0.497818,0.498377,0.498822,0.499166,0.499425,0.499614,0.499748,0.499839,0.499901,0.49994,0.499965,0.49998,0.499989,0.499994,0.499997,0.499998,0.499999,0.499999,0.499999
0.499999,0.499999,0.499998,0.499997,0.499994,0.499989,0.49998,0.499964,0.499938,0.499894,0.499825,0.499719,0.499561,0.499334,0.499015,0.498582,0.49801,0.497276,0.496363,0.49526,0.493965,0.49249,0.490861,0.489116,0.487309,0.485503,0.483768,0.482178,0.480804,0.479711,0.478951,0.478561,0.478561,0.478951,0.479711,0.480804,0.482178,0.483768,0.485503,0.487309,0.489116,0.490861,0.49249,0.493965,0.49526,0.496363,0.497276,0.49801,0.498582,0.499015,0.499334,0.499561,0.499719,0.499825,0.499894,0.499938,0.499964,0.49998,0.499989,0.499994,0.499997,0.499998,0.499999,0.499999
0.499998,0.499998,0.499997,0.499995,0.49999,0.499981,0.499965,0.499938,0.499892,0.499817,0.4997,0.499523,0.49926,0.498885,0.498363,0.497659,0.496738,0.495568,0.494124,0.492393,0.490378,0.488101,0.485606,0.482953,0.480223,0.477513,0.474924,0.472563,0.470532,0.468921,0.467804,0.467232,0.467232,0.467804,0.468921,0.470532,0.472563,0.474924,0.477513,0.480223,0.482953,0.485606,0.488101,0.490378,0.492393,0.494124,0.495568,0.496738,0.497659,0.498363,0.498885,0.49926,0.499523,0.4997,0.499817,0.499892,0.499938,0.499965,0.499981,0.49999,0.499995,0.499997,0.499998,0.499998
0.499997,0.499997,0.499995,0.499991,0.499983,0.499967,0.49994,0.499894,0.499817,0.499694,0.499502,0.499212,0.498788,0.498187,0.497358,0.496251,0.494815,0.493006,0.490794,0.488166,0.485134,0.481737,0.478043,0.474148,0.470171,0.466248,0.462524,0.459147,0.456255,0.453969,0.452387,0.451579,0.451579,0.452387,0.453969,0.456255,0.459147,0.462524,0.466248,0.470171,0.474148,0.478043,0.481737,0.485134,0.488166,0.490794,0.493006,0.494815,0.496251,0.497358,0.498187,0.498788,0.499212,0.499502,0.499694,0.499817,0.499894,0.49994,0.499967,0.499983,0.499991,0.499995,0.499997,0.499997
0.499995,0.499995,0.499992,0.499985,0.499971,0.499945,0.499901,0.499825,0.4997,0.499502,0.499196,0.498737,0.498072,0.497137,0.495861,0.494172,0.492001,0.489292,0.486011,0.482149,0.477735,0.472836,0.467555,0.462035,0.456442,0.450966,0.445805,0.441152,0.437186,0.434065,0.431912,0.430814,0.430814,0.431912,0.434065,0.437186,0.441152,0.445805,0.450966,0.456442,0.462035,0.467555,0.472836,0.477735,0.482149,0.486011,0.489292,0.492001,0.494172,0.495861,0.497137,0.498072,0.498737,0.499196,0.499502,0.4997,0.499825,0.499901,0.499945,0.499971,0.499985,0.499992,0.499995,0.499995
0.499991,0.499991,0.499986,0.499974,0.499952,0.499911,0.499839,0.499719,0.499523,0.499212,0.498737,0.498033,0.49702,0.495609,0.493702,0.491201,0.488018,0.484087,0.479372,0.473879,0.467663,0.46083,0.453537,0.445981,0.438395,0.431029,0.424136,0.417963,0.412733,0.408634,0.405816,0.404382,0.404382,0.405816,0.408634,0.412733,0.417963,0.424136,0.431029,0.438395,0.445981,0.453537,0.46083,0.467663,0.473879,0.479372,0.484087,0.488018,0.491201,0.493702,0.495609,0.49702,0.498033,0.498737,0.499212,0.499523,0.499719,0.499839,0.499911,0.499952,0.499974,0.499986,0.499991,0.499991
0.499985,0.499985,0.499977,0.499959,0.499923,0.499859,0.499748,0.499561,0.49926,0.498788,0.498072,0.49702,0.495522,0.493454,0.490685,0.487092,0.482566,0.477034,0.470468,0.462901,0.454429,0.445215,0.435481,0.425499,0.415572,0.40602,0.397157,0.389277,0.382642,0.37747,0.373927,0.372128,0.372128,0.373927,0.37747,0.382642,0.389277,0.397157,0.40602,0.415572,0.425499,0.435481,0.445215,0.454429,0.462901,0.470468,0.477034,0.482566,0.487092,0.490685,0.493454,0.495522,0.49702,0.498072,0.498788,0.49926,0.499561,0.499748,0.499859,0.499923,0.499959,0.499977,0.499985,0.499985
0.499976,0.499976,0.499964,0.499936,0.499881,0.499783,0.499614,0.499334,0.498885,0.498187,0.497137,0.495609,0.493454,0.490507,0.486604,0.48159,0.475342,0.46779,0.458926,0.448827,0.437648,0.425628,0.413074,0.400342,0.387815,0.375881,0.36491,0.355238,0.347152,0.340884,0.33661,0.334444,0.334444,0.33661,0.340884,0.347152,0.355238,0.36491,0.375881,0.387815,0.400342,0.413074,0.425628,0.437648,0.448827,0.458926,0.46779,0.475342,0.48159,0.486604,0.490507,0.493454,0.495609,0.497137,0.498187,0.498885,0.499334,0.499614,0.499783,0.499881,0.499936,0.499964,0.499976,0.499976
0.499964,0.499964,0.499946,0.499903,0.499821,0.499674,0.499425,0.499015,0.498363,0.497358,0.495861,0.493702,0.490685,0.486604,0.481253,0.474455,0.466079,0.45607,0.444463,0.431396,0.417111,0.401941,0.386291,0.370611,0.355366,0.341006,0.327943,0.316535,0.307076,0.299794,0.294851,0.292355,0.292355,0.294851,0.299794,0.307076,0.316535,0.327943,0.341006,0.355366,0.370611,0.386291,0.401941,0.417111,0.431396,0.444463,0.45607,0.466079,0.474455,0.481253,0.486604,0.490685,0.493702,0.495861,0.497358,0.498363,0.499015,0.499425,0.499674,0.499821,0.499903,0.499946,0.499964,0.499964
0.499946,0.499946,0.499919,0.499856,0.499736,0.499525,0.499166,0.498582,0.497659,0.496251,0.494172,0.491201,0.487092,0.48159,0.474455,0.465491,0.454577,0.441692,0.426937,0.410541,0.392852,0.37432,0.355459,0.336816,0.31893,0.302296,0.287345,0.274432,0.263826,0.255724,0.250259,0.247507,0.247507,0.250259,0.255724,0.263826,0.274432,0.287345,0.302296,0.31893,0.336816,0.355459,0.37432,0.392852,0.410541,0.426937,0.441692,0.454577,0.465491,0.474455,0.48159,0.487092,0.491201,0.494172,0.496251,0.497659,0.498582,0.499166,0.499525,0.499736,0.499856,0.499919,0.499946,0.499946
0.499921,0.499921,0.499882,0.499792,0.499622,0.499324,0.498822,0.49801,0.496738,0.494815,0.492001,0.488018,0.482566,0.475342,0.466079,0.454577,0.440742,0.424617,0.406396,0.386428,0.365191,0.343267,0.321286,0.299886,0.27966,0.261124,0.244696,0.230687,0.219312,0.210705,0.20494,0.20205,0.20205,0.20494,0.210705,0.219312,0.230687,0.244696,0.261124,0.27966,0.299886,0.321286,0.343267,0.365191,0.386428,0.406396,0.424617,0.440742,0.454577,0.466079,0.475342,0.482566,0.488018,0.492001,0.494815,0.496738,0.49801,0.498822,0.499324,0.499622,0.499792,0.499882,0.499921,0.499921
0.499887,0.499887,0.499833,0.499708,0.499472,0.499062,0.498377,0.497276,0.495568,0.493006,0.489292,0.484087,0.477034,0.46779,0.45607,0.441692,0.424617,0.40498,0.383103,0.35948,0.334742,0.309611,0.284833,0.261115,0.239081,0.21923,0.201924,0.187394,0.17576,0.167058,0.161281,0.158402,0.158402,0.161281,0.167058,0.17576,0.187394,0.201924,0.21923,0.239081,0.261115,0.284833,0.309611,0.334742,0.35948,0.383103,0.40498,0.424617,0.441692,0.45607,0.46779,0.477034,0.484087,0.489292,0.493006,0.495568,0.497276,0.498377,0.499062,0.499472,0.499708,0.499833,0.499887,0.499887
0.499843,0.499843,0.49977,0.4996,0.499282,0.498731,0.497818,0.496363,0.494124,0.490794,0.486011,0.479372,0.470468,0.458926,0.444463,0.426937,0.406396,0.383103,0.357536,0.330361,0.302379,0.274449,0.247419,0.222042,0.198932,0.178529,0.161094,0.146734,0.135436,0.127113,0.121652,0.11895,0.11895,0.121652,0.127113,0.135436,0.146734,0.161094,0.178529,0.198932,0.222042,0.247419,0.274449,0.302379,0.330361,0.357536,0.383103,0.406396,0.426937,0.444463,0.458926,0.470468,0.479372,0.486011,0.490794,0.494124,0.496363,0.497818,0.498731,0.499282,0.4996,0.49977,0.499843,0.499843
0.499788,0.499788,0.499691,0.499465,0.499046,0.498324,0.497138,0.49526,0.492393,0.488166,0.482149,0.473879,0.462901,0.448827,0.431396,0.410541,0.386428,0.35948,0.330361,0.29993,0.269159,0.23904,0.210494,0.184285,0.160972,0.140887,0.124148,0.110698,0.100361,0.0929015,0.0880856,0.0857284,0.0857284,0.0880856,0.0929015,0.100361,0.110698,0.124148,0.140887,0.160972,0.184285,0.210494,0.23904,0.269159,0.29993,0.330361,0.35948,0.386428,0.410541,0.431396,0.448827,0.462901,0.473879,0.482149,0.488166,0.492393,0.49526,0.497138,0.498324,0.499046,0.499465,0.499691,0.499788,0.499788
0.49972,0.49972,0.499594,0.499302,0.498763,0.49784,0.496333,0.493965,0.490378,0.485134,0.477735,0.467663,0.454429,0.437648,0.417111,0.392852,0.365191,0.334742,0.302379,0.269159,0.236223,0.204675,0.175474,0.149352,0.126765,0.107892,0.0926658,0.0808367,0.0720428,0.0658892,0.0620157,0.0601514,0.0601514,0.0620157,0.0658892,0.0720428,0.0808367,0.0926658,0.107892,0.126765,0.149352,0.175474,0.204675,0.236223,0.269159,0.302379,0.334742,0.365191,0.392852,0.417111,0.437648,0.454429,0.467663,0.477735,0.485134,0.490378,0.493965,0.496333,0.49784,0.498763,0.499302,0.499594,0.49972,0.49972
0.49964,0.49964,0.49948,0.499111,0.498433,0.49728,0.495409,0.49249,0.488101,0.481737,0.472836,0.46083,0.445215,0.425628,0.401941,0.37432,0.343267,0.309611,0.274449,0.23904,0.204675,0.172538,0.143587,0.118472,0.0975029,0.0806642,0.0676752,0.0580718,0.0512998,0.046804,0.0441027,0.0428444,0.0428444,0.0441027,0.046804,0.0512998,0.0580718,0.0676752,0.0806642,0.0975029,0.118472,0.143587,0.172538,0.204675,0.23904,0.274449,0.309611,0.343267,0.37432,0.401941,0.425628,0.445215,0.46083,0.472836,0.481737,0.488101,0.49249,0.495409,0.49728,0.498433,0.499111,0.49948,0.49964,0.49964
0.499548,0.499548,0.49935,0.498895,0.498062,0.496653,0.494381,0.490861,0.485606,0.478043,0.467555,0.453537,0.435481,0.413074,0.386291,0.355459,0.321286,0.284833,0.247419,0.210494,0.175474,0.143587,0.115744,0.0924696,0.0738846,0.0597515,0.0495571,0.0426194,0.0381969,0.0355859,0.0341977,0.0336124,0.0336124,0.0341977,0.0355859,0.0381969,0.0426194,0.0495571,0.0597515,0.0738846,0.0924696,0.115744,0.143587,0.175474,0.210494,0.247419,0.284833,0.321286,0.355459,0.386291,0.413074,0.435481,0.453537,0.467555,0.478043,0.485606,0.490861,0.494381,0.496653,0.498062,0.498895,0.49935,0.499548,0.499548
0.499446,0.499446,0.499206,0.498657,0.497656,0.495972,0.493273,0.489116,0.482953,0.474148,0.462035,0.445981,0.425499,0.400342,0.370611,0.336816,0.299886,0.261115,0.222042,0.184285,0.149352,0.118472,0.0924696,0.0717022,0.0560746,0.0451084,0.0380552,0.0340239,0.0321038,0.031465,0.0314334,0.0315382,0.0315382,0.0314334,0.031465,0.0321038,0.0340239,0.0380552,0.0451084,0.0560746,0.0717022,0.0924696,0.118472,0.149352,0.184285,0.222042,0.261115,0.299886,0.336816,0.370611,0.400342,0.425499,0.445981,0.462035,0.474148,0.482953,0.489116,0.493273,0.495972,0.497656,0.498657,0.499206,0.499446,0.499446
0.499336,0.499336,0.499052,0.498404,0.497228,0.495258,0.492118,0.487309,0.480223,0.470171,0.456442,0.438395,0.415572,0.387815,0.355366,0.31893,0.27966,0.239081,0.198932,0.160972,0.126765,0.0975029,0.0738846,0.0560746,0.0437429,0.036168,0.0323762,0.0312883,0.0318511,0.0331379,0.0344154,0.0351812,0.0351812,0.0344154,0.0331379,0.0318511,0.0312883,0.0323762,0.036168,0.0437429,0.0560746,0.0738846,0.0975029,0.126765,0.160972,0.198932,0.239081,0.27966,0.31893,0.355366,0.387815,0.415572,0.438395,0.456442,0.470171,0.480223,0.487309,0.492118,0.495258,0.497228,0.498404,0.499052,0.499336,0.499336
0.499223,0.499223,0.498894,0.498147,0.496793,0.494537,0.490956,0.485503,0.477513,0.466248,0.450966,0.431029,0.40602,0.375881,0.341006,0.302296,0.261124,0.21923,0.178529,0.140887,0.107892,0.0806642,0.0597515,0.0451084,0.036168,0.0319757,0.0313537,0.0330637,0.0359422,0.038997,0.0414622,0.0428233,0.0428233,0.0414622,0.038997,0.0359422,0.0330637,0.0313537,0.0319757,0.036168,0.0451084,0.0597515,0.0806642,0.107892,0.140887,0.178529,0.21923,0.261124,0.302296,0.341006,0.375881,0.40602,0.431029,0.450966,0.466248,0.477513,0.485503,0.490956,0.494537,0.496793,0.498147,0.498894,0.499223,0.499223
0.499112,0.499112,0.498739,0.497894,0.49637,0.493837,0.489835,0.483768,0.474924,0.462524,0.445805,0.424136,0.397157,0.36491,0.327943,0.287345,0.244696,0.201924,0.161094,0.124148,0.0926658,0.0676752,0.0495571,0.0380552,0.0323762,0.0313537,0.0336349,0.0378549,0.042773,0.0473605,0.0508428,0.0527098,0.0527098,0.0508428,0.0473605,0.042773,0.0378549,0.0336349,0.0313537,0.0323762,0.0380552,0.0495571,0.0676752,0.0926658,0.124148,0.161094,0.201924,0.244696,0.287345,0.327943,0.36491,0.397157,0.424136,0.445805,0.462524,0.474924,0.483768,0.489835,0.493837,0.49637,0.497894,0.498739,0.499112,0.499112
0.499007,0.499007,0.498594,0.497659,0.495976,0.49319,0.488803,0.482178,0.472563,0.459147,0.441152,0.417963,0.389277,0.355238,0.316535,0.274432,0.230687,0.187394,0.146734,0.110698,0.0808367,0.0580718,0.0426194,0.0340239,0.0312883,0.0330637,0.0378549,0.0442031,0.0508194,0.0566628,0.0609678,0.0632405,0.0632405,0.0609678,0.0566628,0.0508194,0.0442031,0.0378549,0.0330637,0.0312883,0.0340239,0.0426194,0.0580718,0.0808367,0.110698,0.146734,0.187394,0.230687,0.274432,0.316535,0.355238,0.389277,0.417963,0.441152,0.459147,0.472563,0.482178,0.488803,0.49319,0.495976,0.497659,0.498594,0.499007,0.499007
0.498915,0.498915,0.498466,0.497453,0.495633,0.492626,0.487907,0.480804,0.470532,0.456255,0.437186,0.412733,0.382642,0.347152,0.307076,0.263826,0.219312,0.17576,0.135436,0.100361,0.0720428,0.0512998,0.0381969,0.0321038,0.0318511,0.0359422,0.042773,0.0508194,0.0587673,0.0655798,0.0705115,0.0730906,0.0730906,0.0705115,0.0655798,0.0587673,0.0508194,0.042773,0.0359422,0.0318511,0.0321038,0.0381969,0.0512998,0.0720428,0.100361,0.135436,0.17576,0.219312,0.263826,0.307076,0.347152,0.382642,0.412733,0.437186,0.456255,0.470532,0.480804,0.487907,0.492626,0.495633,0.497453,0.498466,0.498915,0.498915
0.49884,0.49884,0.498363,0.497287,0.495357,0.492175,0.487192,0.479711,0.468921,0.453969,0.434065,0.408634,0.37747,0.340884,0.299794,0.255724,0.210705,0.167058,0.127113,0.0929015,0.0658892,0.046804,0.0355859,0.031465,0.0331379,0.038997,0.0473605,0.0566628,0.0655798,0.0730872,0.0784624,0.0812565,0.0812565,0.0784624,0.0730872,0.0655798,0.0566628,0.0473605,0.038997,0.0331379,0.031465,0.0355859,0.046804,0.0658892,0.0929015,0.127113,0.167058,0.210705,0.255724,0.299794,0.340884,0.37747,0.408634,0.434065,0.453969,0.468921,0.479711,0.487192,0.492175,0.495357,0.497287,0.498363,0.49884,0.49884
0.498788,0.498788,0.498291,0.497171,0.495164,0.49186,0.486694,0.478951,0.467804,0.452387,0.431912,0.405816,0.373927,0.33661,0.294851,0.250259,0.20494,0.161281,0.121652,0.0880856,0.0620157,0.0441027,0.0341977,0.0314334,0.0344154,0.0414622,0.0508428,0.0609678,0.0705115,0.0784624,0.0841178,0.0870465,0.0870465,0.0841178,0.0784624,0.0705115,0.0609678,0.0508428,0.0414622,0.0344154,0.0314334,0.0341977,0.0441027,0.0620157,0.0880856,0.121652,0.161281,0.20494,0.250259,0.294851,0.33661,0.373927,0.405816,0.431912,0.452387,0.467804,0.478951,0.486694,0.49186,0.495164,0.497171,0.498291,0.498788,0.498788
0.49876,0.49876,0.498254,0.497111,0.495065,0.491698,0.486438,0.478561,0.467232,0.451579,0.430814,0.404382,0.372128,0.334444,0.292355,0.247507,0.20205,0.158402,0.11895,0.0857284,0.0601514,0.0428444,0.0336124,0.0315382,0.0351812,0.0428233,0.0527098,0.0632405,0.0730906,0.0812565,0.0870465,0.0900397,0.0900397,0.0870465,0.0812565,0.0730906,0.0632405,0.0527098,0.0428233,0.0351812,0.0315382,0.0336124,0.0428444,0.0601514,0.0857284,0.11895,0.158402,0.20205,0.247507,0.292355,0.334444,0.372128,0.404382,0.430814,0.451579,0.467232,0.478561,0.486438,0.491698,0.495065,0.497111,0.498254,0.49876,0.49876
0.49876,0.49876,0.498254,0.497111,0.495065,0.491698,0.486438,0.478561,0.467232,0.451579,0.430814,0.404382,0.372128,0.334444,0.292355,0.247507,0.20205,0.158402,0.11895,0.0857284,0.0601514,0.0428444,0.0336124,0.0315382,0.0351812,0.0428233,0.0527098,0.0632405,0.0730906,0.0812565,0.0870465,0.0900397,0.0900397,0.0870465,0.0812565,0.0730906,0.0632405,0.0527098,0.0428233,0.0351812,0.0315382,0.0336124,0.0428444,0.0601514,0.0857284,0.11895,0.158402,0.20205,0.247507,0.292355,0.334444,0.372128,0.404382,0.430814,0.451579,0.467232,0.478561,0.486438,0.491698,0.495065,0.497111,0.498254,0.49876,0.49876
0.498788,0.498788,0.498291,0.497171,0.495164,0.49186,0.486694,0.478951,0.467804,0.452387,0.431912,0.405816,0.373927,0.33661,0.294851,0.250259,0.20494,0.161281,0.121652,0.0880856,0.0620157,0.0441027,0.0341977,0.0314334,0.0344154,0.0414622,0.0508428,0.0609678,0.0705115,0.0784624,0.0841178,0.0870465,0.0870465,0.0841178,0.0784624,0.0705115,0.0609678,0.0508428,0.0414622,0.0344154,0.0314334,0.0341977,0.0441027,0.0620157,0.0880856,0.121652,0.161281,0.20494,0.250259,0.294851,0.33661,0.373927,0.405816,0.431912,0.452387,0.467804,0.478951,0.486694,0.49186,0.495164,0.497171,0.498291,0.498788,0.498788
0.49884,0.49884,0.498363,0.497287,0.495357,0.492175,0.487192,0.479711,0.468921,0.453969,0.434065,0.408634,0.37747,0.340884,0.299794,0.255724,0.210705,0.167058,0.127113,0.0929015,0.0658892,0.046804,0.0355859,0.031465,0.0331379,0.038997,0.0473605,0.0566628,0.0655798,0.0730872,0.0784624,0.0812565,0.0812565,0.0784624,0.0730872,0.0655798,0.0566628,0.0473605,0.038997,0.0331379,0.031465,0.0355859,0.046804,0.0658892,0.0929015,0.127113,0.167058,0.210705,0.255724,0.299794,0.340884,0.37747,0.408634,0.434065,0.453969,0.468921,0.479711,0.487192,0.492175,0.495357,0.497287,0.498363,0.49884,0.49884
0.498915,0.498915,0.498466,0.497453,0.495633,0.492626,0.487907,0.480804,0.470532,0.456255,0.437186,0.412733,0.382642,0.347152,0.307076,0.263826,0.219312,0.17576,0.135436,0.100361,0.0720428,0.0512998,0.0381969,0.0321038,0.0318511,0.0359422,0.042773,0.0508194,0.0587673,0.0655798,0.0705115,0.0730906,0.0730906,0.0705115,0.0655798,0.0587673,0.0508194,0.042773,0.0359422,0.0318511,0.0321038,0.0381969,0.0512998,0.0720428,0.100361,0.135436,0.17576,0.219312,0.263826,0.307076,0.347152,0.382642,0.412733,0.437186,0.456255,0.470532,0.480804,0.487907,0.492626,0.495633,0.497453,0.498466,0.498915,0.498915
0.499007,0.499007,0.498594,0.497659,0.495976,0.49319,0.488803,0.482178,0.472563,0.459147,0.441152,0.417963,0.389277,0.355238,0.316535,0.274432,0.230687,0.187394,0.146734,0.110698,0.0808367,0.0580718,0.0426194,0.0340239,0.0312883,0.0330637,0.0378549,0.0442031,0.0508194,0.0566628,0.0609678,0.0632405,0.0632405,0.0609678,0.0566628,0.0508194,0.0442031,0.0378549,0.0330637,0.0312883,0.0340239,0.0426194,0.0580718,0.0808367,0.110698,0.146734,0.187394,0.230687,0.274432,0.316535,0.355238,0.389277,0.417963,0.441152,0.459147,0.472563,0.482178,0.488803,0.49319,0.495976,0.497659,0.498594,0.499007,0.499007
0.499112,0.499112,0.498739,0.497894,0.49637,0.493837,0.489835,0.483768,0.474924,0.462524,0.445805,0.424136,0.397157,0.36491,0.327943,0.287345,0.244696,0.201924,0.161094,0.124148,0.0926658,0.0676752,0.0495571,0.0380552,0.0323762,0.0313537,0.0336349,0.0378549,0.042773,0.0473605,0.0508428,0.0527098,0.0527098,0.0508428,0.0473605,0.042773,0.0378549,0.0336349,0.0313537,0.0323762,0.0380552,0.0495571,0.0676752,0.0926658,0.124148,0.161094,0.201924,0.244696,0.287345,0.327943,0.36491,0.397157,0.424136,0.445805,0.462524,0.474924,0.483768,0.489835,0.493837,0.49637,0.497894,0.498739,0.499112,0.499112
0.499223,0.499223,0.498894,0.498147,0.496793,0.494537,0.490956,0.485503,0.477513,0.466248,0.450966,0.431029,0.40602,0.375881,0.341006,0.302296,0.261124,0.21923,0.178529,0.140887,0.107892,0.0806642,0.0597515,0.0451084,0.036168,0.0319757,0.0313537,0.0330637,0.0359422,0.038997,0.0414622,0.0428233,0.0428233,0.0414622,0.038997,0.0359422,0.0330637,0.0313537,0.0319757,0.036168,0.0451084,0.0597515,0.0806642,0.107892,0.140887,0.178529,0.21923,0.261124,0.302296,0.341006,0.375881,0.40602,0.431029,0.450966,0.466248,0.477513,0.485503,0.490956,0.494537,0.496793,0.498147,0.498894,0.499223,0.499223
0.499336,0.499336,0.499052,0.498404,0.497228,0.495258,0.492118,0.487309,0.480223,0.470171,0.456442,0.438395,0.415572,0.387815,0.355366,0.31893,0.27966,0.239081,0.198932,0.160972,0.126765,0.0975029,0.0738846,0.0560746,0.0437429,0.036168,0.0323762,0.0312883,0.0318511,0.0331379,0.0344154,0.0351812,0.0351812,0.0344154,0.0331379,0.0318511,0.0312883,0.0323762,0.036168,0.0437429,0.0560746,0.0738846,0.0975029,0.126765,0.160972,0.198932,0.239081,0.27966,0.31893,0.355366,0.387815,0.415572,0.438395,0.456442,0.470171,0.480223,0.487309,0.492118,0.495258,0.497228,0.498404,0.499052,0.499336,0.499336
0.499446,0.499446,0.499206,0.498657,0.497656,0.495972,0.493273,0.489116,0.482953,0.474148,0.462035,0.445981,0.425499,0.400342,0.370611,0.336816,0.299886,0.261115,0.222042,0.184285,0.149352,0.118472,0.0924696,0.0717022,0.0560746,0.0451084,0.0380552,0.0340239,0.0321038,0.031465,0.0314334,0.0315382,0.0315382,0.0314334,0.031465,0.0321038,0.0340239,0.0380552,0.0451084,0.0560746,0.0717022,0.0924696,0.118472,0.149352,0.184285,0.222042,0.261115,0.299886,0.336816,0.370611,0.400342,0.425499,0.445981,0.462035,0.474148,0.482953,0.489116,0.493273,0.495972,0.497656,0.498657,0.499206,0.499446,0.499446
0.499548,0.499548,0.49935,0.498895,0.498062,0.496653,0.494381,0.490861,0.485606,0.478043,0.467555,0.453537,0.435481,0.413074,0.386291,0.355459,0.321286,0.284833,0.247419,0.210494,0.175474,0.143587,0.115744,0.0924696,0.0738846,0.0597515,0.0495571,0.0426194,0.0381969,0.0355859,0.0341977,0.0336124,0.0336124,0.0341977,0.0355859,0.0381969,0.0426194,0.0495571,0.0597515,0.0738846,0.0924696,0.115744,0.143587,0.175474,0.210494,0.247419,0.284833,0.321286,0.355459,0.386291,0.413074,0.435481,0.453537,0.467555,0.478043,0.485606,0.490861,0.494381,0.496653,0.498062,0.498895,0.49935,0.499548,0.499548
0.49964,0.49964,0.49948,0.499111,0.498433,0.49728,0.495409,0.49249,0.488101,0.481737,0.472836,0.46083,0.445215,0.425628,0.401941,0.37432,0.343267,0.309611,0.274449,0.23904,0.204675,0.172538,0.143587,0.118472,0.0975029,0.0806642,0.0676752,0.0580718,0.0512998,0.046804,0.0441027,0.0428444,0.0428444,0.0441027,0.046804,0.0512998,0.0580718,0.0676752,0.0806642,0.0975029,0.118472,0.143587,0.172538,0.204675,0.23904,0.274449,0.309611,0.343267,0.37432,0.401941,0.425628,0.445215,0.46083,0.472836,0.481737,0.488101,0.49249,0.495409,0.49728,0.498433,0.499111,0.49948,0.49964,0.49964
0.49972,0.49972,0.499594,0.499302,0.498763,0.49784,0.496333,0.493965,0.490378,0.485134,0.477735,0.467663,0.454429,0.437648,0.417111,0.392852,0.365191,0.334742,0.302379,0.269159,0.236223,0.204675,0.175474,0.149352,0.126765,0.107892,0.0926658,0.0808367,0.0720428,0.0658892,0.0620157,0.0601514,0.0601514,0.0620157,0.0658892,0.0720428,0.0808367,0.0926658,0.107892,0.126765,0.149352,0.175474,0.204675,0.236223,0.269159,0.302379,0.334742,0.365191,0.392852,0.417111,0.437648,0.454429,0.467663,0.477735,0.485134,0.490378,0.493965,0.496333,0.49784,0.498763,0.499302,0.499594,0.49972,0.49972
0.499788,0.499788,0.499691,0.499465,0.499046,0.498324,0.497138,0.49526,0.492393,0.488166,0.482149,0.473879,0.462901,0.448827,0.431396,0.410541,0.386428,0.35948,0.330361,0.29993,0.269159,0.23904,0.210494,0.184285,0.160972,0.140887,0.124148,0.110698,0.100361,0.0929015,0.0880856,0.0857284,0.0857284,0.0880856,0.0929015,0.100361,0.110698,0.124148,0.140887,0.160972,0.184285,0.210494,0.23904,0.269159,0.29993,0.330361,0.35948,0.386428,0.410541,0.431396,0.448827,0.462901,0.473879,0.482149,0.488166,0.492393,0.49526,0.497138,0.498324,0.499046,0.499465,0.499691,0.499788,0.499788
0.499843,0.499843,0.49977,0.4996,0.499282,0.498731,0.497818,0.496363,0.494124,0.490794,0.486011,0.479372,0.470468,0.458926,0.444463,0.426937,0.406396,0.383103,0.357536,0.330361,0.302379,0.274449,0.247419,0.222042,0.198932,0.178529,0.161094,0.146734,0.135436,0.127113,0.121652,0.11895,0.11895,0.121652,0.127113,0.135436,0.146734,0.161094,0.178529,0.198932,0.222042,0.247419,0.274449,0.302379,0.330361,0.357536,0.383103,0.406396,0.426937,0.444463,0.458926,0.470468,0.479372,0.486011,0.490794,0.494124,0.496363,0.497818,0.498731,0.499282,0.4996,0.49977,0.499843,0.499843
0.499887,0.499887,0.499833,0.499708,0.499472,0.499062,0.498377,0.497276,0.495568,0.493006,0.489292,0.484087,0.477034,0.46779,0.45607,0.441692,0.424617,0.40498,0.383103,0.35948,0.334742,0.309611,0.284833,0.261115,0.239081,0.21923,0.201924,0.187394,0.17576,0.167058,0.161281,0.158402,0.158402,0.161281,0.167058,0.17576,0.187394,0.201924,0.21923,0.239081,0.261115,0.284833,0.309611,0.334742,0.35948,0.383103,0.40498,0.424617,0.441692,0.45607,0.46779,0.477034,0.484087,0.489292,0.493006,0.495568,0.497276,0.498377,0.499062,0.499472,0.499708,0.499833,0.499887,0.499887
0.499921,0.499921,0.499882,0.499792,0.499622,0.499324,0.498822,0.49801,0.496738,0.494815,0.492001,0.488018,0.482566,0.475342,0.466079,0.454577,0.440742,0.424617,0.406396,0.386428,0.365191,0.343267,0.321286,0.299886,0.27966,0.261124,0.244696,0.230687,0.219312,0.210705,0.20494,0.20205,0.20205,0.20494,0.210705,0.219312,0.230687,0.244696,0.261124,0.27966,0.299886,0.321286,0.343267,0.365191,0.386428,0.406396,0.424617,0.440742,0.454577,0.466079,0.475342,0.482566,0.488018,0.492001,0.494815,0.496738,0.49801,0.498822,0.499324,0.499622,0.499792,0.499882,0.499921,0.499921
0.499946,0.499946,0.499919,0.499856,0.499736,0.499525,0.499166,0.498582,0.497659,0.496251,0.494172,0.491201,0.487092,0.48159,0.474455,0.465491,0.454577,0.441692,0.426937,0.410541,0.392852,0.37432,0.355459,0.336816,0.31893,0.302296,0.287345,0.274432,0.263826,0.255724,0.250259,0.247507,0.247507,0.250259,0.255724,0.263826,0.274432,0.287345,0.302296,0.31893,0.336816,0.355459,0.37432,0.392852,0.410541,0.426937,0.441692,0.454577,0.465491,0.474455,0.48159,0.487092,0.491201,0.494172,0.496251,0.497659,0.498582,0.499166,0.499525,0.499736,0.499856,0.499919,0.499946,0.499946
0.499964,0.499964,0.499946,0.499903,0.499821,0.499674,0.499425,0.499015,0.498363,0.497358,0.495861,0.493702,0.490685,0.486604,0.481253,0.474455,0.466079,0.45607,0.444463,0.431396,0.417111,0.401941,0.386291,0.370611,0.355366,0.341006,0.327943,0.316535,0.307076,0.299794,0.294851,0.292355,0.292355,0.294851,0.299794,0.307076,0.316535,0.327943,0.341006,0.355366,0.370611,0.386291,0.401941,0.417111,0.431396,0.444463,0.45607,0.466079,0.474455,0.481253,0.486604,0.490685,0.493702,0.495861,0.497358,0.498363,0.499015,0.499425,0.499674,0.499821,0.499903,0.499946,0.499964,0.499964
0.499976,0.499976,0.499964,0.499936,0.499881,0.499783,0.499614,0.499334,0.498885,0.498187,0.497137,0.495609,0.493454,0.490507,0.486604,0.48159,0.475342,0.46779,0.458926,0.448827,0.437648,0.425628,0.413074,0.400342,0.387815,0.375881,0.36491,0.355238,0.347152,0.340884,0.33661,0.334444,0.334444,0.33661,0.340884,0.347152,0.355238,0.36491,0.375881,0.387815,0.400342,0.413074,0.425628,0.437648,0.448827,0.458926,0.46779,0.475342,0.48159,0.486604,0.490507,0.493454,0.495609,0.497137,0.498187,0.498885,0.499334,0.499614,0.499783,0.499881,0.499936,0.499964,0.499976,0.499976
0.499985,0.499985,0.499977,0.499959,0.499923,0.499859,0.499748,0.499561,0.49926,0.498788,0.498072,0.49702,0.495522,0.493454,0.490685,0.487092,0.482566,0.477034,0.470468,0.462901,0.454429,0.445215,0.435481,0.425499,0.415572,0.40602,0.397157,0.389277,0.382642,0.37747,0.373927,0.372128,0.372128,0.373927,0.37747,0.382642,0.389277,0.397157,0.40602,0.415572,0.425499,0.435481,0.445215,0.454429,0.462901,0.470468,0.477034,0.482566,0.487092,0.490685,0.493454,0.495522,0.49702,0.498072,0.498788,0.49926,0.499561,0.499748,0.499859,0.499923,0.499959,0.499977,0.499985,0.499985
0.499991,0.499991,0.499986,0.499974,0.499952,0.499911,0.499839,0.499719,0.499523,0.499212,0.498737,0.498033,0.49702,0.495609,0.493702,0.491201,0.488018,0.484087,0.479372,0.473879,0.467663,0.46083,0.453537,0.445981,0.438395,0.431029,0.424136,0.417963,0.412733,0.408634,0.405816,0.404382,0.404382,0.405816,0.408634,0.412733,0.417963,0.424136,0.431029,0.438395,0.445981,0.453537,0.46083,0.467663,0.473879,0.479372,0.484087,0.488018,0.491201,0.493702,0.495609,0.49702,0.498033,0.498737,0.499212,0.499523,0.499719,0.499839,0.499911,0.499952,0.499974,0.499986,0.499991,0.499991
0.499995,0.499995,0.499992,0.499985,0.499971,0.499945,0.499901,0.499825,0.4997,0.499502,0.499196,0.498737,0.498072,0.497137,0.495861,0.494172,0.492001,0.489292,0.486011,0.482149,0.477735,0.472836,0.467555,0.462035,0.456442,0.450966,0.445805,0.441152,0.437186,0.434065,0.431912,0.430814,0.430814,0.431912,0.434065,0.437186,0.441152,0.445805,0.450966,0.456442,0.462035,0.467555,0.472836,0.477735,0.482149,0.486011,0.489292,0.492001,0.494172,0.495861,0.497137,0.498072,0.498737,0.499196,0.499502,0.4997,0.499825,0.499901,0.499945,0.499971,0.499985,0.499992,0.499995,0.499995
0.499997,0.499997,0.499995,0.499991,0.499983,0.499967,0.49994,0.499894,0.499817,0.499694,0.499502,0.499212,0.498788,0.498187,0.497358,0.496251,0.494815,0.493006,0.490794,0.488166,0.485134,0.481737,0.478043,0.474148,0.470171,0.466248,0.462524,0.459147,0.456255,0.453969,0.452387,0.451579,0.451579,0.452387,0.453969,0.456255,0.459147,0.462524,0.466248,0.470171,0.474148,0.478043,0.481737,0.485134,0.488166,0.490794,0.493006,0.494815,0.496251,0.497358,0.498187,0.498788,0.499212,0.499502,0.499694,0.499817,0.499894,0.49994,0.499967,0.499983,0.499991,0.499995,0.499997,0.499997
0.499998,0.499998,0.499997,0.499995,0.49999,0.499981,0.499965,0.499938,0.499892,0.499817,0.4997,0.499523,0.49926,0.498885,0.498363,0.497659,0.496738,0.495568,0.494124,0.492393,0.490378,0.488101,0.485606,0.482953,0.480223,0.477513,0.474924,0.472563,0.470532,0.468921,0.467804,0.467232,0.467232,0.467804,0.468921,0.470532,0.472563,0.474924,0.477513,0.480223,0.482953,0.485606,0.488101,0.490378,0.492393,0.494124,0.495568,0.496738,0.497659,0.498363,0.498885,0.49926,0.499523,0.4997,0.499817,0.499892,0.499938,0.499965,0.499981,0.49999,0.499995,0.499997,0.499998,0.499998
0.499999,0.499999,0.499998,0.499997,0.499994,0.499989,0.49998,0.499964,0.499938,0.499894,0.499825,0.499719,0.499561,0.499334,0.499015,0.498582,0.49801,0.497276,0.496363,0.49526,0.493965,0.49249,0.490861,0.489116,0.487309,0.485503,0.483768,0.482178,0.480804,0.479711,0.478951,0.478561,0.478561,0.478951,0.479711,0.480804,0.482178,0.483768,0.485503,0.487309,0.489116,0.490861,0.49249,0.493965,0.49526,0.496363,0.497276,0.49801,0.498582,0.499015,0.499334,0.499561,0.499719,0.499825,0.499894,0.499938,0.499964,0.49998,0.499989,0.499994,0.499997,0.499998,0.499999,0.499999
0.499999,0.499999,0.499999,0.499998,0.499997,0.499994,0.499989,0.49998,0.499965,0.49994,0.499901,0.499839,0.499748,0.499614,0.499425,0.499166,0.498822,0.498377,0.497818,0.497138,0.496333,0.495409,0.494381,0.493273,0.492118,0.490956,0.489835,0.488803,0.487907,0.487192,0.486694,0.486438,0.486438,0.486694,0.487192,0.487907,0.488803,0.489835,0.490956,0.492118,0.493273,0.494381,0.495409,0.496333,0.497138,0.497818,0.498377,0.498822,0.499166,0.499425,0.499614,0.499748,0.499839,0.499901,0.49994,0.499965,0.49998,0.499989,0.499994,0.499997,0.499998,0.499999,0.499999,0.499999
0.5,0.5,0.5,0.499999,0.499998,0.499997,0.499994,0.499989,0.499981,0.499967,0.499945,0.499911,0.499859,0.499783,0.499674,0.499525,0.499324,0.499062,0.498731,0.498324,0.49784,0.49728,0.496653,0.495972,0.495258,0.494537,0.493837,0.49319,0.492626,0.492175,0.49186,0.491698,0.491698,0.49186,0.492175,0.492626,0.49319,0.493837,0.494537,0.495258,0.495972,0.496653,0.49728,0.49784,0.498324,0.498731,0.499062,0.499324,0.499525,0.499674,0.499783,0.499859,0.499911,0.499945,0.499967,0.499981,0.499989,0.499994,0.499997,0.499998,0.499999,0.5,0.5,0.5
0.5,0.5,0.5,0.5,0.499999,0.499998,0.499997,0.499994,0.49999,0.499983,0.499971,0.499952,0.499923,0.499881,0.499821,0.499736,0.499622,0.499472,0.499282,0.499046,0.498763,0.498433,0.498062,0.497656,0.497228,0.496793,0.49637,0.495976,0.495633,0.495357,0.495164,0.495065,0.495065,0.495164,0.495357,0.495633,0.495976,0.49637,0.496793,0.497228,0.497656,0.498062,0.498433,0.498763,0.499046,0.499282,0.499472,0.499622,0.499736,0.499821,0.499881,0.499923,0.499952,0.499971,0.499983,0.49999,0.499994,0.499997,0.499998,0.499999,0.5,0.5,0.5,0.5
0.5,0.5,0.5,0.5,0.5,0.499999,0.499998,0.499997,0.499995,0.499991,0.499985,0.499974,0.499959,0.499936,0.499903,0.499856,0.499792,0.499708,0.4996,0.499465,0.499302,0.499111,0.498895,0.498657,0.498404,0.498147,0.497894,0.497659,0.497453,0.497287,0.497171,0.497111,0.497111,0.497171,0.497287,0.497453,0.497659,0.497894,0.498147,0.498404,0.498657,0.498895,0.499111,0.499302,0.499465,0.4996,0.499708,0.499792,0.499856,0.499903,0.499936,0.499959,0.499974,0.499985,0.499991,0.499995,0.499997,0.499998,0.499999,0.5,0.5,0.5,0.5,0.5
0.5,0.5,0.5,0.5,0.5,0.5,0.499999,0.499998,0.499997,0.499995,0.499992,0.499986,0.499977,0.499964,0.499946,0.499919,0.499882,0.499833,0.49977,0.499691,0.499594,0.49948,0.49935,0.499206,0.499052,0.498894,0.498739,0.498594,0.498466,0.498363,0.498291,0.498254,0.498254,0.498291,0.498363,0.498466,0.498594,0.498739,0.498894,0.499052,0.499206,0.49935,0.49948,0.499594,0.499691,0.49977,0.499833,0.499882,0.499919,0.499946,0.499964,0.499977,0.499986,0.499992,0.499995,0.499997,0.499998,0.499999,0.5,0.5,0.5,0.5,0.5,0.5
0.5,0.5,0.5,0.5,0.5,0.5,0.499999,0.499999,0.499998,0.499997,0.499995,0.499991,0.499985,0.499976,0.499964,0.499946,0.499921,0.499887,0.499843,0.499788,0.49972,0.49964,0.499548,0.499446,0.499336,0.499223,0.499112,0.499007,0.498915,0.49884,0.498788,0.49876,0.49876,0.498788,0.49884,0.498915,0.499007,0.499112,0.499223,0.499336,0.499446,0.499548,0.49964,0.49972,0.499788,0.499843,0.499887,0.499921,0.499946,0.499964,0.499976,0.499985,0.499991,0.499995,0.499997,0.499998,0.499999,0.499999,0.5,0.5,0.5,0.5,0.5,0.5
0.5,0.5,0.5,0.5,0.5,0.5,0.499999,0.499999,0.499998,0.499997,0.499995,0.499991,0.499985,0.499976,0.499964,0.499946,0.499921,0.499887,0.499843,0.499788,0.49972,0.49964,0.499548,0.499446,0.499336,0.499223,0.499112,0.499007,0.498915,0.49884,0.498788,0.49876,0.49876,0.498788,0.49884,0.498915,0.499007,0.499112,0.499223,0.499336,0.499446,0.499548,0.49964,0.49972,0.499788,0.499843,0.499887,0.499921,0.499946,0.499964,0.499976,0.499985,0.499991,0.499995,0.499997,0.499998,0.499999,0.499999,0.5,0.5,0.5,0.5,0.5,0.5
