0.5,0.5,0.5,0.5,0.5,0.5,0.499999,0.499999,0.499998,0.499997,0.499994,0.49999,0.499984,0.499975,0.499961,0.499941,0.499914,0.499878,0.499832,0.499773,0.499701,0.499615,0.499517,0.499409,0.499292,0.499172,0.499054,0.498943,0.498846,0.498767,0.498711,0.498683,0.498683,0.498711,0.498767,0.498846,0.498943,0.499054,0.499172,0.499292,0.499409,0.499517,0.499615,0.499701,0.499773,0.499832,0.499878,0.499914,0.499941,0.499961,0.499975,0.499984,0.49999,0.499994,0.499997,0.499998,0.499999,0.499999,0.5,0.5,0.5,0.5,0.5,0.5
0.5,0.5,0.5,0.5,0.5,0.5,0.499999,0.499999,0.499998,0.499997,0.499994,0.49999,0.499984,0.499975,0.499961,0.499941,0.499914,0.499878,0.499832,0.499773,0.499701,0.499615,0.499517,0.499409,0.499292,0.499172,0.499054,0.498943,0.498846,0.498767,0.498711,0.498683,0.498683,0.498711,0.498767,0.498846,0.498943,0.499054,0.499172,0.499292,0.499409,0.499517,0.499615,0.499701,0.499773,0.499832,0.499878,0.499914,0.499941,0.499961,0.499975,0.499984,0.49999,0.499994,0.499997,0.499998,0.499999,0.499999,0.5,0.5,0.5,0.5,0.5,0.5
0.5,0.5,0.5,0.5,0.5,0.5,0.499999,0.499998,0.499997,0.499995,0.499991,0.499985,0.499976,0.499962,0.499941,0.499913,0.499873,0.499821,0.499754,0.499669,0.499567,0.499445,0.499307,0.499155,0.498992,0.498826,0.498662,0.498509,0.498374,0.498266,0.498189,0.49815,0.49815,0.498189,0.498266,0.498374,0.498509,0.498662,0.498826,0.498992,0.499155,0.499307,0.499445,0.499567,0.499669,0.499754,0.499821,0.499873,0.499913,0.499941,0.499962,0.499976,0.499985,0.499991,0.499995,0.499997,0.499998,0.499999,0.5,0.5,0.5,0.5,0.5,0.5
0.5,0.5,0.5,0.5,0.5,0.499999,0.499998,0.499997,0.499994,0.49999,0.499983,0.499972,0.499956,0.499931,0.499895,0.499846,0.499778,0.499688,0.499573,0.49943,0.499258,0.499056,0.498828,0.498577,0.498311,0.49804,0.497774,0.497527,0.497311,0.497137,0.497015,0.496952,0.496952,0.497015,0.497137,0.497311,0.497527,0.497774,0.49804,0.498311,0.498577,0.498828,0.499056,0.499258,0.49943,0.499573,0.499688,0.499778,0.499846,0.499895,0.499931,0.499956,0.499972,0.499983,0.49999,0.499994,0.499997,0.499998,0.499999,0.5,0.5,0.5,0.5,0.5
0.5,0.5,0.5,0.5,0.499999,0.499998,0.499997,0.499994,0.499989,0.499981,0.499968,0.499948,0.499918,0.499872,0.499808,0.499718,0.499597,0.499438,0.499236,0.498987,0.498689,0.498342,0.497951,0.497525,0.497076,0.496621,0.496177,0.495766,0.495407,0.495118,0.494917,0.494813,0.494813,0.494917,0.495118,0.495407,0.495766,0.496177,0.496621,0.497076,0.497525,0.497951,0.498342,0.498689,0.498987,0.499236,0.499438,0.499597,0.499718,0.499808,0.499872,0.499918,0.499948,0.499968,0.499981,0.499989,0.499994,0.499997,0.499998,0.499999,0.5,0.5,0.5,0.5
0.5,0.5,0.5,0.499999,0.499998,0.499997,0.499994,0.499988,0.499979,0.499965,0.499941,0.499904,0.499849,0.499768,0.499653,0.499494,0.499281,0.499004,0.498655,0.498227,0.497718,0.497131,0.496474,0.495762,0.495016,0.494263,0.493533,0.492859,0.492272,0.491802,0.491475,0.491306,0.491306,0.491475,0.491802,0.492272,0.492859,0.493533,0.494263,0.495016,0.495762,0.496474,0.497131,0.497718,0.498227,0.498655,0.499004,0.499281,0.499494,0.499653,0.499768,0.499849,0.499904,0.499941,0.499965,0.499979,0.499988,0.499994,0.499997,0.499998,0.499999,0.5,0.5,0.5
0.499999,0.499999,0.499999,0.499998,0.499997,0.499994,0.499988,0.499979,0.499962,0.499936,0.499893,0.499828,0.49973,0.499589,0.499389,0.499115,0.498751,0.498283,0.497696,0.496982,0.496139,0.495173,0.4941,0.492945,0.491742,0.490534,0.489369,0.488298,0.487369,0.486628,0.486111,0.485846,0.485846,0.486111,0.486628,0.487369,0.488298,0.489369,0.490534,0.491742,0.492945,0.4941,0.495173,0.496139,0.496982,0.497696,0.498283,0.498751,0.499115,0.499389,0.499589,0.49973,0.499828,0.499893,0.499936,0.499962,0.499979,0.499988,0.499994,0.499997,0.499998,0.499999,0.499999,0.499999
0.499999,0.499999,0.499998,0.499997,0.499994,0.499988,0.499979,0.499961,0.499933,0.499886,0.499813,0.4997,0.499533,0.499292,0.498955,0.498498,0.497897,0.497127,0.496171,0.495017,0.493666,0.49213,0.490435,0.488623,0.486748,0.484876,0.483081,0.481437,0.480017,0.478888,0.478103,0.477701,0.477701,0.478103,0.478888,0.480017,0.481437,0.483081,0.484876,0.486748,0.488623,0.490435,0.49213,0.493666,0.495017,0.496171,0.497127,0.497897,0.498498,0.498955,0.499292,0.499533,0.4997,0.499813,0.499886,0.499933,0.499961,0.499979,0.499988,0.499994,0.499997,0.499998,0.499999,0.499999
0.499998,0.499998,0.499997,0.499994,0.499989,0.499979,0.499962,0.499933,0.499884,0.499804,0.49968,0.499492,0.499214,0.498817,0.498268,0.497529,0.496563,0.495339,0.493831,0.492028,0.489932,0.487569,0.484982,0.482236,0.479416,0.476617,0.473948,0.471516,0.469426,0.467768,0.466619,0.466031,0.466031,0.466619,0.467768,0.469426,0.471516,0.473948,0.476617,0.479416,0.482236,0.484982,0.487569,0.489932,0.492028,0.493831,0.495339,0.496563,0.497529,0.498268,0.498817,0.499214,0.499492,0.49968,0.499804,0.499884,0.499933,0.499962,0.499979,0.499989,0.499994,0.499997,0.499998,0.499998
0.499997,0.499997,0.499995,0.49999,0.499981,0.499965,0.499936,0.499886,0.499804,0.499673,0.49947,0.499163,0.498716,0.498083,0.497213,0.496053,0.494552,0.492666,0.490364,0.487635,0.484492,0.480978,0.477163,0.473147,0.469052,0.465017,0.461192,0.457727,0.454761,0.452419,0.450799,0.449971,0.449971,0.450799,0.452419,0.454761,0.457727,0.461192,0.465017,0.469052,0.473147,0.477163,0.480978,0.484492,0.487635,0.490364,0.492666,0.494552,0.496053,0.497213,0.498083,0.498716,0.499163,0.49947,0.499673,0.499804,0.499886,0.499936,0.499965,0.499981,0.49999,0.499995,0.499997,0.499997
0.499994,0.499994,0.499991,0.499983,0.499968,0.499941,0.499893,0.499813,0.49968,0.49947,0.499146,0.498662,0.497963,0.496981,0.495645,0.493881,0.491619,0.488804,0.4854,0.481403,0.476844,0.471793,0.466359,0.460687,0.45495,0.44934,0.444059,0.439302,0.435253,0.432067,0.429871,0.428751,0.428751,0.429871,0.432067,0.435253,0.439302,0.444059,0.44934,0.45495,0.460687,0.466359,0.471793,0.476844,0.481403,0.4854,0.488804,0.491619,0.493881,0.495645,0.496981,0.497963,0.498662,0.499146,0.49947,0.49968,0.499813,0.499893,0.499941,0.499968,0.499983,0.499991,0.499994,0.499994
0.49999,0.49999,0.499985,0.499972,0.499948,0.499904,0.499828,0.4997,0.499492,0.499163,0.498662,0.497921,0.496859,0.495382,0.493391,0.490787,0.487481,0.483408,0.478533,0.472866,0.466468,0.459448,0.45197,0.444236,0.436483,0.428965,0.42194,0.415656,0.410335,0.40617,0.403307,0.40185,0.40185,0.403307,0.40617,0.410335,0.415656,0.42194,0.428965,0.436483,0.444236,0.45197,0.459448,0.466468,0.472866,0.478533,0.483408,0.487481,0.490787,0.493391,0.495382,0.496859,0.497921,0.498662,0.499163,0.499492,0.4997,0.499828,0.499904,0.499948,0.499972,0.499985,0.49999,0.49999
0.499984,0.499984,0.499976,0.499956,0.499918,0.499849,0.49973,0.499533,0.499214,0.498716,0.497963,0.496859,0.49529,0.493132,0.49025,0.48652,0.481833,0.476119,0.469353,0.461573,0.452881,0.443449,0.433503,0.423324,0.413218,0.403508,0.39451,0.386521,0.379801,0.374566,0.370983,0.369163,0.369163,0.370983,0.374566,0.379801,0.386521,0.39451,0.403508,0.413218,0.423324,0.433503,0.443449,0.452881,0.461573,0.469353,0.476119,0.481833,0.48652,0.49025,0.493132,0.49529,0.496859,0.497963,0.498716,0.499214,0.499533,0.49973,0.499849,0.499918,0.499956,0.499976,0.499984,0.499984
0.499975,0.499975,0.499962,0.499931,0.499872,0.499768,0.499589,0.499292,0.498817,0.498083,0.496981,0.495382,0.493132,0.490065,0.486014,0.480824,0.474374,0.466596,0.457492,0.447142,0.435714,0.423452,0.410673,0.397737,0.385033,0.37295,0.36186,0.352094,0.343939,0.337624,0.333319,0.331139,0.331139,0.333319,0.337624,0.343939,0.352094,0.36186,0.37295,0.385033,0.397737,0.410673,0.423452,0.435714,0.447142,0.457492,0.466596,0.474374,0.480824,0.486014,0.490065,0.493132,0.495382,0.496981,0.498083,0.498817,0.499292,0.499589,0.499768,0.499872,0.499931,0.499962,0.499975,0.499975
0.499961,0.499961,0.499941,0.499895,0.499808,0.499653,0.499389,0.498955,0.498268,0.497213,0.495645,0.493391,0.49025,0.486014,0.480476,0.473458,0.464837,0.454561,0.442677,0.429331,0.414776,0.399356,0.383484,0.367615,0.352216,0.337738,0.324588,0.313121,0.303623,0.296319,0.291365,0.288863,0.288863,0.291365,0.296319,0.303623,0.313121,0.324588,0.337738,0.352216,0.367615,0.383484,0.399356,0.414776,0.429331,0.442677,0.454561,0.464837,0.473458,0.480476,0.486014,0.49025,0.493391,0.495645,0.497213,0.498268,0.498955,0.499389,0.499653,0.499808,0.499895,0.499941,0.499961,0.499961
0.499941,0.499941,0.499913,0.499846,0.499718,0.499494,0.499115,0.498498,0.497529,0.496053,0.493881,0.490787,0.48652,0.480824,0.473458,0.464232,0.45303,0.439843,0.424783,0.408092,0.390131,0.371361,0.352304,0.333511,0.315518,0.298818,0.283835,0.270914,0.260316,0.252229,0.246778,0.244035,0.244035,0.246778,0.252229,0.260316,0.270914,0.283835,0.298818,0.315518,0.333511,0.352304,0.371361,0.390131,0.408092,0.424783,0.439843,0.45303,0.464232,0.473458,0.480824,0.48652,0.490787,0.493881,0.496053,0.497529,0.498498,0.499115,0.499494,0.499718,0.499846,0.499913,0.499941,0.499941
0.499914,0.499914,0.499873,0.499778,0.499597,0.499281,0.498751,0.497897,0.496563,0.494552,0.491619,0.487481,0.481833,0.474374,0.464837,0.45303,0.438871,0.422417,0.403878,0.383617,0.36213,0.340005,0.317881,0.296394,0.276134,0.257608,0.241221,0.227273,0.215965,0.207419,0.201699,0.198835,0.198835,0.201699,0.207419,0.215965,0.227273,0.241221,0.257608,0.276134,0.296394,0.317881,0.340005,0.36213,0.383617,0.403878,0.422417,0.438871,0.45303,0.464837,0.474374,0.481833,0.487481,0.491619,0.494552,0.496563,0.497897,0.498751,0.499281,0.499597,0.499778,0.499873,0.499914,0.499914
0.499878,0.499878,0.499821,0.499688,0.499438,0.499004,0.498283,0.497127,0.495339,0.492666,0.488804,0.483408,0.476119,0.466596,0.454561,0.439843,0.422417,0.402439,0.380249,0.356358,0.331415,0.306148,0.281306,0.257592,0.235619,0.215873,0.198698,0.184308,0.172807,0.164219,0.158523,0.155686,0.155686,0.158523,0.164219,0.172807,0.184308,0.198698,0.215873,0.235619,0.257592,0.281306,0.306148,0.331415,0.356358,0.380249,0.402439,0.422417,0.439843,0.454561,0.466596,0.476119,0.483408,0.488804,0.492666,0.495339,0.497127,0.498283,0.499004,0.499438,0.499688,0.499821,0.499878,0.499878
0.499832,0.499832,0.499754,0.499573,0.499236,0.498655,0.497696,0.496171,0.493831,0.490364,0.4854,0.478533,0.469353,0.457492,0.442677,0.424783,0.403878,0.380249,0.354396,0.327004,0.298887,0.270913,0.243922,0.218661,0.195725,0.175533,0.158326,0.144191,0.133095,0.124937,0.119591,0.116949,0.116949,0.119591,0.124937,0.133095,0.144191,0.158326,0.175533,0.195725,0.218661,0.243922,0.270913,0.298887,0.327004,0.354396,0.380249,0.403878,0.424783,0.442677,0.457492,0.469353,0.478533,0.4854,0.490364,0.493831,0.496171,0.497696,0.498655,0.499236,0.499573,0.499754,0.499832,0.499832
0.499773,0.499773,0.499669,0.49943,0.498987,0.498227,0.496982,0.495017,0.492028,0.487635,0.481403,0.472866,0.461573,0.447142,0.429331,0.408092,0.383617,0.356358,0.327004,0.296431,0.265622,0.23557,0.207187,0.181218,0.158199,0.138437,0.122023,0.108877,0.0988048,0.0915556,0.0868852,0.0846022,0.0846022,0.0868852,0.0915556,0.0988048,0.108877,0.122023,0.138437,0.158199,0.181218,0.207187,0.23557,0.265622,0.296431,0.327004,0.356358,0.383617,0.408092,0.429331,0.447142,0.461573,0.472866,0.481403,0.487635,0.492028,0.495017,0.496982,0.498227,0.498987,0.49943,0.499669,0.499773,0.499773
0.499701,0.499701,0.499567,0.499258,0.498689,0.497718,0.496139,0.493666,0.489932,0.484492,0.476844,0.466468,0.452881,0.435714,0.414776,0.390131,0.36213,0.331415,0.298887,0.265622,0.232764,0.201411,0.172506,0.146753,0.124579,0.106132,0.0913169,0.0798597,0.0713805,0.0654717,0.061765,0.0599851,0.0599851,0.061765,0.0654717,0.0713805,0.0798597,0.0913169,0.106132,0.124579,0.146753,0.172506,0.201411,0.232764,0.265622,0.298887,0.331415,0.36213,0.390131,0.414776,0.435714,0.452881,0.466468,0.476844,0.484492,0.489932,0.493666,0.496139,0.497718,0.498689,0.499258,0.499567,0.499701,0.499701
0.499615,0.499615,0.499445,0.499056,0.498342,0.497131,0.495173,0.49213,0.487569,0.480978,0.471793,0.459448,0.443449,0.423452,0.399356,0.371361,0.340005,0.306148,0.270913,0.23557,0.201411,0.169605,0.141082,0.11646,0.0960107,0.0796858,0.0671748,0.0579912,0.0515656,0.0473338,0.0448098,0.0436403,0.0436403,0.0448098,0.0473338,0.0515656,0.0579912,0.0671748,0.0796858,0.0960107,0.11646,0.141082,0.169605,0.201411,0.23557,0.270913,0.306148,0.340005,0.371361,0.399356,0.423452,0.443449,0.459448,0.471793,0.480978,0.487569,0.49213,0.495173,0.497131,0.498342,0.499056,0.499445,0.499615,0.499615
0.499517,0.499517,0.499307,0.498828,0.497951,0.496474,0.4941,0.490435,0.484982,0.477163,0.466359,0.45197,0.433503,0.410673,0.383484,0.352304,0.317881,0.281306,0.243922,0.207187,0.172506,0.141082,0.113792,0.0911181,0.0731408,0.0595858,0.0499119,0.043418,0.0393523,0.0370074,0.0357949,0.0352966,0.0352966,0.0357949,0.0370074,0.0393523,0.043418,0.0499119,0.0595858,0.0731408,0.0911181,0.113792,0.141082,0.172506,0.207187,0.243922,0.281306,0.317881,0.352304,0.383484,0.410673,0.433503,0.45197,0.466359,0.477163,0.484982,0.490435,0.4941,0.496474,0.497951,0.498828,0.499307,0.499517,0.499517
0.499409,0.499409,0.499155,0.498577,0.497525,0.495762,0.492945,0.488623,0.482236,0.473147,0.460687,0.444236,0.423324,0.397737,0.367615,0.333511,0.296394,0.257592,0.218661,0.181218,0.146753,0.11646,0.0911181,0.0710385,0.0560805,0.0457299,0.0392128,0.0356248,0.0340506,0.0336633,0.0337943,0.0339786,0.0339786,0.0337943,0.0336633,0.0340506,0.0356248,0.0392128,0.0457299,0.0560805,0.0710385,0.0911181,0.11646,0.146753,0.181218,0.218661,0.257592,0.296394,0.333511,0.367615,0.397737,0.423324,0.444236,0.460687,0.473147,0.482236,0.488623,0.492945,0.495762,0.497525,0.498577,0.499155,0.499409,0.499409
0.499292,0.499292,0.498992,0.498311,0.497076,0.495016,0.491742,0.486748,0.479416,0.469052,0.45495,0.436483,0.413218,0.385033,0.352216,0.315518,0.276134,0.235619,0.195725,0.158199,0.124579,0.0960107,0.0731408,0.0560805,0.0444539,0.037505,0.0342398,0.0335721,0.0344517,0.0359612,0.0373788,0.0382118,0.0382118,0.0373788,0.0359612,0.0344517,0.0335721,0.0342398,0.037505,0.0444539,0.0560805,0.0731408,0.0960107,0.124579,0.158199,0.195725,0.235619,0.276134,0.315518,0.352216,0.385033,0.413218,0.436483,0.45495,0.469052,0.479416,0.486748,0.491742,0.495016,0.497076,0.498311,0.498992,0.499292,0.499292
0.499172,0.499172,0.498826,0.49804,0.496621,0.494263,0.490534,0.484876,0.476617,0.465017,0.44934,0.428965,0.403508,0.37295,0.337738,0.298818,0.257608,0.215873,0.175533,0.138437,0.106132,0.0796858,0.0595858,0.0457299,0.037505,0.0339258,0.0338002,0.0358899,0.0390423,0.0422813,0.0448577,0.0462708,0.0462708,0.0448577,0.0422813,0.0390423,0.0358899,0.0338002,0.0339258,0.037505,0.0457299,0.0595858,0.0796858,0.106132,0.138437,0.175533,0.215873,0.257608,0.298818,0.337738,0.37295,0.403508,0.428965,0.44934,0.465017,0.476617,0.484876,0.490534,0.494263,0.496621,0.49804,0.498826,0.499172,0.499172
0.499054,0.499054,0.498662,0.497774,0.496177,0.493533,0.489369,0.483081,0.473948,0.461192,0.444059,0.42194,0.39451,0.36186,0.324588,0.283835,0.241221,0.198698,0.158326,0.122023,0.0913169,0.0671748,0.0499119,0.0392128,0.0342398,0.0338002,0.0365333,0.0410819,0.0462234,0.0509516,0.0545134,0.0564156,0.0564156,0.0545134,0.0509516,0.0462234,0.0410819,0.0365333,0.0338002,0.0342398,0.0392128,0.0499119,0.0671748,0.0913169,0.122023,0.158326,0.198698,0.241221,0.283835,0.324588,0.36186,0.39451,0.42194,0.444059,0.461192,0.473948,0.483081,0.489369,0.493533,0.496177,0.497774,0.498662,0.499054,0.499054
0.498943,0.498943,0.498509,0.497527,0.495766,0.492859,0.488298,0.481437,0.471516,0.457727,0.439302,0.415656,0.386521,0.352094,0.313121,0.270914,0.227273,0.184308,0.144191,0.108877,0.0798597,0.0579912,0.043418,0.0356248,0.0335721,0.0358899,0.0410819,0.047704,0.0544917,0.0604321,0.0647855,0.0670772,0.0670772,0.0647855,0.0604321,0.0544917,0.047704,0.0410819,0.0358899,0.0335721,0.0356248,0.043418,0.0579912,0.0798597,0.108877,0.144191,0.184308,0.227273,0.270914,0.313121,0.352094,0.386521,0.415656,0.439302,0.457727,0.471516,0.481437,0.488298,0.492859,0.495766,0.497527,0.498509,0.498943,0.498943
0.498846,0.498846,0.498374,0.497311,0.495407,0.492272,0.487369,0.480017,0.469426,0.454761,0.435253,0.410335,0.379801,0.343939,0.303623,0.260316,0.215965,0.172807,0.133095,0.0988048,0.0713805,0.0515656,0.0393523,0.0340506,0.0344517,0.0390423,0.0462234,0.0544917,0.0625632,0.0694333,0.0743854,0.076969,0.076969,0.0743854,0.0694333,0.0625632,0.0544917,0.0462234,0.0390423,0.0344517,0.0340506,0.0393523,0.0515656,0.0713805,0.0988048,0.133095,0.172807,0.215965,0.260316,0.303623,0.343939,0.379801,0.410335,0.435253,0.454761,0.469426,0.480017,0.487369,0.492272,0.495407,0.497311,0.498374,0.498846,0.498846
0.498767,0.498767,0.498266,0.497137,0.495118,0.491802,0.486628,0.478888,0.467768,0.452419,0.432067,0.40617,0.374566,0.337624,0.296319,0.252229,0.207419,0.164219,0.124937,0.0915556,0.0654717,0.0473338,0.0370074,0.0336633,0.0359612,0.0422813,0.0509516,0.0604321,0.0694333,0.076966,0.0823392,0.0851263,0.0851263,0.0823392,0.076966,0.0694333,0.0604321,0.0509516,0.0422813,0.0359612,0.0336633,0.0370074,0.0473338,0.0654717,0.0915556,0.124937,0.164219,0.207419,0.252229,0.296319,0.337624,0.374566,0.40617,0.432067,0.452419,0.467768,0.478888,0.486628,0.491802,0.495118,0.497137,0.498266,0.498767,0.498767
0.498711,0.498711,0.498189,0.497015,0.494917,0.491475,0.486111,0.478103,0.466619,0.450799,0.429871,0.403307,0.370983,0.333319,0.291365,0.246778,0.201699,0.158523,0.119591,0.0868852,0.061765,0.0448098,0.0357949,0.0337943,0.0373788,0.0448577,0.0545134,0.0647855,0.0743854,0.0823392,0.0879769,0.0908906,0.0908906,0.0879769,0.0823392,0.0743854,0.0647855,0.0545134,0.0448577,0.0373788,0.0337943,0.0357949,0.0448098,0.061765,0.0868852,0.119591,0.158523,0.201699,0.246778,0.291365,0.333319,0.370983,0.403307,0.429871,0.450799,0.466619,0.478103,0.486111,0.491475,0.494917,0.497015,0.498189,0.498711,0.498711
0.498683,0.498683,0.49815,0.496952,0.494813,0.491306,0.485846,0.477701,0.466031,0.449971,0.428751,0.40185,0.369163,0.331139,0.288863,0.244035,0.198835,0.155686,0.116949,0.0846022,0.0599851,0.0436403,0.0352966,0.0339786,0.0382118,0.0462708,0.0564156,0.0670772,0.076969,0.0851263,0.0908906,0.0938647,0.0938647,0.0908906,0.0851263,0.076969,0.0670772,0.0564156,0.0462708,0.0382118,0.0339786,0.0352966,0.0436403,0.0599851,0.0846022,0.116949,0.155686,0.198835,0.244035,0.288863,0.331139,0.369163,0.40185,0.428751,0.449971,0.466031,0.477701,0.485846,0.491306,0.494813,0.496952,0.49815,0.498683,0.498683
0.498683,0.498683,0.49815,0.496952,0.494813,0.491306,0.485846,0.477701,0.466031,0.449971,0.428751,0.40185,0.369163,0.331139,0.288863,0.244035,0.198835,0.155686,0.116949,0.0846022,0.0599851,0.0436403,0.0352966,0.0339786,0.0382118,0.0462708,0.0564156,0.0670772,0.076969,0.0851263,0.0908906,0.0938647,0.0938647,0.0908906,0.0851263,0.076969,0.0670772,0.0564156,0.0462708,0.0382118,0.0339786,0.0352966,0.0436403,0.0599851,0.0846022,0.116949,0.155686,0.198835,0.244035,0.288863,0.331139,0.369163,0.40185,0.428751,0.449971,0.466031,0.477701,0.485846,0.491306,0.494813,0.496952,0.49815,0.498683,0.498683
0.498711,0.498711,0.498189,0.497015,0.494917,0.491475,0.486111,0.478103,0.466619,0.450799,0.429871,0.403307,0.370983,0.333319,0.291365,0.246778,0.201699,0.158523,0.119591,0.0868852,0.061765,0.0448098,0.0357949,0.0337943,0.0373788,0.0448577,0.0545134,0.0647855,0.0743854,0.0823392,0.0879769,0.0908906,0.0908906,0.0879769,0.0823392,0.0743854,0.0647855,0.0545134,0.0448577,0.0373788,0.0337943,0.0357949,0.0448098,0.061765,0.0868852,0.119591,0.158523,0.201699,0.246778,0.291365,0.333319,0.370983,0.403307,0.429871,0.450799,0.466619,0.478103,0.486111,0.491475,0.494917,0.497015,0.498189,0.498711,0.498711
0.498767,0.498767,0.498266,0.497137,0.495118,0.491802,0.486628,0.478888,0.467768,0.452419,0.432067,0.40617,0.374566,0.337624,0.296319,0.252229,0.207419,0.164219,0.124937,0.0915556,0.0654717,0.0473338,0.0370074,0.0336633,0.0359612,0.0422813,0.0509516,0.0604321,0.0694333,0.076966,0.0823392,0.0851263,0.0851263,0.0823392,0.076966,0.0694333,0.0604321,0.0509516,0.0422813,0.0359612,0.0336633,0.0370074,0.0473338,0.0654717,0.0915556,0.124937,0.164219,0.207419,0.252229,0.296319,0.337624,0.374566,0.40617,0.432067,0.452419,0.467768,0.478888,0.486628,0.491802,0.495118,0.497137,0.498266,0.498767,0.498767
0.498846,0.498846,0.498374,0.497311,0.495407,0.492272,0.487369,0.480017,0.469426,0.454761,0.435253,0.410335,0.379801,0.343939,0.303623,0.260316,0.215965,0.172807,0.133095,0.0988048,0.0713805,0.0515656,0.0393523,0.0340506,0.0344517,0.0390423,0.0462234,0.0544917,0.0625632,0.0694333,0.0743854,0.076969,0.076969,0.0743854,0.0694333,0.0625632,0.0544917,0.0462234,0.0390423,0.0344517,0.0340506,0.0393523,0.0515656,0.0713805,0.0988048,0.133095,0.172807,0.215965,0.260316,0.303623,0.343939,0.379801,0.410335,0.435253,0.454761,0.469426,0.480017,0.487369,0.492272,0.495407,0.497311,0.498374,0.498846,0.498846
0.498943,0.498943,0.498509,0.497527,0.495766,0.492859,0.488298,0.481437,0.471516,0.457727,0.439302,0.415656,0.386521,0.352094,0.313121,0.270914,0.227273,0.184308,0.144191,0.108877,0.0798597,0.0579912,0.043418,0.0356248,0.0335721,0.0358899,0.0410819,0.047704,0.0544917,0.0604321,0.0647855,0.0670772,0.0670772,0.0647855,0.0604321,0.0544917,0.047704,0.0410819,0.0358899,0.0335721,0.0356248,0.043418,0.0579912,0.0798597,0.108877,0.144191,0.184308,0.227273,0.270914,0.313121,0.352094,0.386521,0.415656,0.439302,0.457727,0.471516,0.481437,0.488298,0.492859,0.495766,0.497527,0.498509,0.498943,0.498943
0.499054,0.499054,0.498662,0.497774,0.496177,0.493533,0.489369,0.483081,0.473948,0.461192,0.444059,0.42194,0.39451,0.36186,0.324588,0.283835,0.241221,0.198698,0.158326,0.122023,0.0913169,0.0671748,0.0499119,0.0392128,0.0342398,0.0338002,0.0365333,0.0410819,0.0462234,0.0509516,0.0545134,0.0564156,0.0564156,0.0545134,0.0509516,0.0462234,0.0410819,0.0365333,0.0338002,0.0342398,0.0392128,0.0499119,0.0671748,0.0913169,0.122023,0.158326,0.198698,0.241221,0.283835,0.324588,0.36186,0.39451,0.42194,0.444059,0.461192,0.473948,0.483081,0.489369,0.493533,0.496177,0.497774,0.498662,0.499054,0.499054
0.499172,0.499172,0.498826,0.49804,0.496621,0.494263,0.490534,0.484876,0.476617,0.465017,0.44934,0.428965,0.403508,0.37295,0.337738,0.298818,0.257608,0.215873,0.175533,0.138437,0.106132,0.0796858,0.0595858,0.0457299,0.037505,0.0339258,0.0338002,0.0358899,0.0390423,0.0422813,0.0448577,0.0462708,0.0462708,0.0448577,0.0422813,0.0390423,0.0358899,0.0338002,0.0339258,0.037505,0.0457299,0.0595858,0.0796858,0.106132,0.138437,0.175533,0.215873,0.257608,0.298818,0.337738,0.37295,0.403508,0.428965,0.44934,0.465017,0.476617,0.484876,0.490534,0.494263,0.496621,0.49804,0.498826,0.499172,0.499172
0.499292,0.499292,0.498992,0.498311,0.497076,0.495016,0.491742,0.486748,0.479416,0.469052,0.45495,0.436483,0.413218,0.385033,0.352216,0.315518,0.276134,0.235619,0.195725,0.158199,0.124579,0.0960107,0.0731408,0.0560805,0.0444539,0.037505,0.0342398,0.0335721,0.0344517,0.0359612,0.0373788,0.0382118,0.0382118,0.0373788,0.0359612,0.0344517,0.0335721,0.0342398,0.037505,0.0444539,0.0560805,0.0731408,0.0960107,0.124579,0.158199,0.195725,0.235619,0.276134,0.315518,0.352216,0.385033,0.413218,0.436483,0.45495,0.469052,0.479416,0.486748,0.491742,0.495016,0.497076,0.498311,0.498992,0.499292,0.499292
0.499409,0.499409,0.499155,0.498577,0.497525,0.495762,0.492945,0.488623,0.482236,0.473147,0.460687,0.444236,0.423324,0.397737,0.367615,0.333511,0.296394,0.257592,0.218661,0.181218,0.146753,0.11646,0.0911181,0.0710385,0.0560805,0.0457299,0.0392128,0.0356248,0.0340506,0.0336633,0.0337943,0.0339786,0.0339786,0.0337943,0.0336633,0.0340506,0.0356248,0.0392128,0.0457299,0.0560805,0.0710385,0.0911181,0.11646,0.146753,0.181218,0.218661,0.257592,0.296394,0.333511,0.367615,0.397737,0.423324,0.444236,0.460687,0.473147,0.482236,0.488623,0.492945,0.495762,0.497525,0.498577,0.499155,0.499409,0.499409
0.499517,0.499517,0.499307,0.498828,0.497951,0.496474,0.4941,0.490435,0.484982,0.477163,0.466359,0.45197,0.433503,0.410673,0.383484,0.352304,0.317881,0.281306,0.243922,0.207187,0.172506,0.141082,0.113792,0.0911181,0.0731408,0.0595858,0.0499119,0.043418,0.0393523,0.0370074,0.0357949,0.0352966,0.0352966,0.0357949,0.0370074,0.0393523,0.043418,0.0499119,0.0595858,0.0731408,0.0911181,0.113792,0.141082,0.172506,0.207187,0.243922,0.281306,0.317881,0.352304,0.383484,0.410673,0.433503,0.45197,0.466359,0.477163,0.484982,0.490435,0.4941,0.496474,0.497951,0.498828,0.499307,0.499517,0.499517
0.499615,0.499615,0.499445,0.499056,0.498342,0.497131,0.495173,0.49213,0.487569,0.480978,0.471793,0.459448,0.443449,0.423452,0.399356,0.371361,0.340005,0.306148,0.270913,0.23557,0.201411,0.169605,0.141082,0.11646,0.0960107,0.0796858,0.0671748,0.0579912,0.0515656,0.0473338,0.0448098,0.0436403,0.0436403,0.0448098,0.0473338,0.0515656,0.0579912,0.0671748,0.0796858,0.0960107,0.11646,0.141082,0.169605,0.201411,0.23557,0.270913,0.306148,0.340005,0.371361,0.399356,0.423452,0.443449,0.459448,0.471793,0.480978,0.487569,0.49213,0.495173,0.497131,0.498342,0.499056,0.499445,0.499615,0.499615
0.499701,0.499701,0.499567,0.499258,0.498689,0.497718,0.496139,0.493666,0.489932,0.484492,0.476844,0.466468,0.452881,0.435714,0.414776,0.390131,0.36213,0.331415,0.298887,0.265622,0.232764,0.201411,0.172506,0.146753,0.124579,0.106132,0.0913169,0.0798597,0.0713805,0.0654717,0.061765,0.0599851,0.0599851,0.061765,0.0654717,0.0713805,0.0798597,0.0913169,0.106132,0.124579,0.146753,0.172506,0.201411,0.232764,0.265622,0.298887,0.331415,0.36213,0.390131,0.414776,0.435714,0.452881,0.466468,0.476844,0.484492,0.489932,0.493666,0.496139,0.497718,0.498689,0.499258,0.499567,0.499701,0.499701
0.499773,0.499773,0.499669,0.49943,0.498987,0.498227,0.496982,0.495017,0.492028,0.487635,0.481403,0.472866,0.461573,0.447142,0.429331,0.408092,0.383617,0.356358,0.327004,0.296431,0.265622,0.23557,0.207187,0.181218,0.158199,0.138437,0.122023,0.108877,0.0988048,0.0915556,0.0868852,0.0846022,0.0846022,0.0868852,0.0915556,0.0988048,0.108877,0.122023,0.138437,0.158199,0.181218,0.207187,0.23557,0.265622,0.296431,0.327004,0.356358,0.383617,0.408092,0.429331,0.447142,0.461573,0.472866,0.481403,0.487635,0.492028,0.495017,0.496982,0.498227,0.498987,0.49943,0.499669,0.499773,0.499773
0.499832,0.499832,0.499754,0.499573,0.499236,0.498655,0.497696,0.496171,0.493831,0.490364,0.4854,0.478533,0.469353,0.457492,0.442677,0.424783,0.403878,0.380249,0.354396,0.327004,0.298887,0.270913,0.243922,0.218661,0.195725,0.175533,0.158326,0.144191,0.133095,0.124937,0.119591,0.116949,0.116949,0.119591,0.124937,0.133095,0.144191,0.158326,0.175533,0.195725,0.218661,0.243922,0.270913,0.298887,0.327004,0.354396,0.380249,0.403878,0.424783,0.442677,0.457492,0.469353,0.478533,0.4854,0.490364,0.493831,0.496171,0.497696,0.498655,0.499236,0.499573,0.499754,0.499832,0.499832
0.499878,0.499878,0.499821,0.499688,0.499438,0.499004,0.498283,0.497127,0.495339,0.492666,0.488804,0.483408,0.476119,0.466596,0.454561,0.439843,0.422417,0.402439,0.380249,0.356358,0.331415,0.306148,0.281306,0.257592,0.235619,0.215873,0.198698,0.184308,0.172807,0.164219,0.158523,0.155686,0.155686,0.158523,0.164219,0.172807,0.184308,0.198698,0.215873,0.235619,0.257592,0.281306,0.306148,0.331415,0.356358,0.380249,0.402439,0.422417,0.439843,0.454561,0.466596,0.476119,0.483408,0.488804,0.492666,0.495339,0.497127,0.498283,0.499004,0.499438,0.499688,0.499821,0.499878,0.499878
0.499914,0.499914,0.499873,0.499778,0.499597,0.499281,0.498751,0.497897,0.496563,0.494552,0.491619,0.487481,0.481833,0.474374,0.464837,0.45303,0.438871,0.422417,0.403878,0.383617,0.36213,0.340005,0.317881,0.296394,0.276134,0.257608,0.241221,0.227273,0.215965,0.207419,0.201699,0.198835,0.198835,0.201699,0.207419,0.215965,0.227273,0.241221,0.257608,0.276134,0.296394,0.317881,0.340005,0.36213,0.383617,0.403878,0.422417,0.438871,0.45303,0.464837,0.474374,0.481833,0.487481,0.491619,0.494552,0.496563,0.497897,0.498751,0.499281,0.499597,0.499778,0.499873,0.499914,0.499914
0.499941,0.499941,0.499913,0.499846,0.499718,0.499494,0.499115,0.498498,0.497529,0.496053,0.493881,0.490787,0.48652,0.480824,0.473458,0.464232,0.45303,0.439843,0.424783,0.408092,0.390131,0.371361,0.352304,0.333511,0.315518,0.298818,0.283835,0.270914,0.260316,0.252229,0.246778,0.244035,0.244035,0.246778,0.252229,0.260316,0.270914,0.283835,0.298818,0.315518,0.333511,0.352304,0.371361,0.390131,0.408092,0.424783,0.439843,0.45303,0.464232,0.473458,0.480824,0.48652,0.490787,0.493881,0.496053,0.497529,0.498498,0.499115,0.499494,0.499718,0.499846,0.499913,0.499941,0.499941
0.499961,0.499961,0.499941,0.499895,0.499808,0.499653,0.499389,0.498955,0.498268,0.497213,0.495645,0.493391,0.49025,0.486014,0.480476,0.473458,0.464837,0.454561,0.442677,0.429331,0.414776,0.399356,0.383484,0.367615,0.352216,0.337738,0.324588,0.313121,0.303623,0.296319,0.291365,0.288863,0.288863,0.291365,0.296319,0.303623,0.313121,0.324588,0.337738,0.352216,0.367615,0.383484,0.399356,0.414776,0.429331,0.442677,0.454561,0.464837,0.473458,0.480476,0.486014,0.49025,0.493391,0.495645,0.497213,0.498268,0.498955,0.499389,0.499653,0.499808,0.499895,0.499941,0.499961,0.499961
0.499975,0.499975,0.499962,0.499931,0.499872,0.499768,0.499589,0.499292,0.498817,0.498083,0.496981,0.495382,0.493132,0.490065,0.486014,0.480824,0.474374,0.466596,0.457492,0.447142,0.435714,0.423452,0.410673,0.397737,0.385033,0.37295,0.36186,0.352094,0.343939,0.337624,0.333319,0.331139,0.331139,0.333319,0.337624,0.343939,0.352094,0.36186,0.37295,0.385033,0.397737,0.410673,0.423452,0.435714,0.447142,0.457492,0.466596,0.474374,0.480824,0.486014,0.490065,0.493132,0.495382,0.496981,0.498083,0.498817,0.499292,0.499589,0.499768,0.499872,0.499931,0.499962,0.499975,0.499975
0.499984,0.499984,0.499976,0.499956,0.499918,0.499849,0.49973,0.499533,0.499214,0.498716,0.497963,0.496859,0.49529,0.493132,0.49025,0.48652,0.481833,0.476119,0.469353,0.461573,0.452881,0.443449,0.433503,0.423324,0.413218,0.403508,0.39451,0.386521,0.379801,0.374566,0.370983,0.369163,0.369163,0.370983,0.374566,0.379801,0.386521,0.39451,0.403508,0.413218,0.423324,0.433503,0.443449,0.452881,0.461573,0.469353,0.476119,0.481833,0.48652,0.49025,0.493132,0.49529,0.496859,0.497963,0.498716,0.499214,0.499533,0.49973,0.499849,0.499918,0.499956,0.499976,0.499984,0.499984
0.49999,0.49999,0.499985,0.499972,0.499948,0.499904,0.499828,0.4997,0.499492,0.499163,0.498662,0.497921,0.496859,0.495382,0.493391,0.490787,0.487481,0.483408,0.478533,0.472866,0.466468,0.459448,0.45197,0.444236,0.436483,0.428965,0.42194,0.415656,0.410335,0.40617,0.403307,0.40185,0.40185,0.403307,0.40617,0.410335,0.415656,0.42194,0.428965,0.436483,0.444236,0.45197,0.459448,0.466468,0.472866,0.478533,0.483408,0.487481,0.490787,0.493391,0.495382,0.496859,0.497921,0.498662,0.499163,0.499492,0.4997,0.499828,0.499904,0.499948,0.499972,0.499985,0.49999,0.49999
0.499994,0.499994,0.499991,0.499983,0.499968,0.499941,0.499893,0.499813,0.49968,0.49947,0.499146,0.498662,0.497963,0.496981,0.495645,0.493881,0.491619,0.488804,0.4854,0.481403,0.476844,0.471793,0.466359,0.460687,0.45495,0.44934,0.444059,0.439302,0.435253,0.432067,0.429871,0.428751,0.428751,0.429871,0.432067,0.435253,0.439302,0.444059,0.44934,0.45495,0.460687,0.466359,0.471793,0.476844,0.481403,0.4854,0.488804,0.491619,0.493881,0.495645,0.496981,0.497963,0.498662,0.499146,0.49947,0.49968,0.499813,0.499893,0.499941,0.499968,0.499983,0.499991,0.499994,0.499994
0.499997,0.499997,0.499995,0.49999,0.499981,0.499965,0.499936,0.499886,0.499804,0.499673,0.49947,0.499163,0.498716,0.498083,0.497213,0.496053,0.494552,0.492666,0.490364,0.487635,0.484492,0.480978,0.477163,0.473147,0.469052,0.465017,0.461192,0.457727,0.454761,0.452419,0.450799,0.449971,0.449971,0.450799,0.452419,0.454761,0.457727,0.461192,0.465017,0.469052,0.473147,0.477163,0.480978,0.484492,0.487635,0.490364,0.492666,0.494552,0.496053,0.497213,0.498083,0.498716,0.499163,0.49947,0.499673,0.499804,0.499886,0.499936,0.499965,0.499981,0.49999,0.499995,0.499997,0.499997
0.499998,0.499998,0.499997,0.499994,0.499989,0.499979,0.499962,0.499933,0.499884,0.499804,0.49968,0.499492,0.499214,0.498817,0.498268,0.497529,0.496563,0.495339,0.493831,0.492028,0.489932,0.487569,0.484982,0.482236,0.479416,0.476617,0.473948,0.471516,0.469426,0.467768,0.466619,0.466031,0.466031,0.466619,0.467768,0.469426,0.471516,0.473948,0.476617,0.479416,0.482236,0.484982,0.487569,0.489932,0.492028,0.493831,0.495339,0.496563,0.497529,0.498268,0.498817,0.499214,0.499492,0.49968,0.499804,0.499884,0.499933,0.499962,0.499979,0.499989,0.499994,0.499997,0.499998,0.499998
0.499999,0.499999,0.499998,0.499997,0.499994,0.499988,0.499979,0.499961,0.499933,0.499886,0.499813,0.4997,0.499533,0.499292,0.498955,0.498498,0.497897,0.497127,0.496171,0.495017,0.493666,0.49213,0.490435,0.488623,0.486748,0.484876,0.483081,0.481437,0.480017,0.478888,0.478103,0.477701,0.477701,0.478103,0.478888,0.480017,0.481437,0.483081,0.484876,0.486748,0.488623,0.490435,0.49213,0.493666,0.495017,0.496171,0.497127,0.497897,0.498498,0.498955,0.499292,0.499533,0.4997,0.499813,0.499886,0.499933,0.499961,0.499979,0.499988,0.499994,0.499997,0.499998,0.499999,0.499999
0.499999,0.499999,0.499999,0.499998,0.499997,0.499994,0.499988,0.499979,0.499962,0.499936,0.499893,0.499828,0.49973,0.499589,0.499389,0.499115,0.498751,0.498283,0.497696,0.496982,0.496139,0.495173,0.4941,0.492945,0.491742,0.490534,0.489369,0.488298,0.487369,0.486628,0.486111,0.485846,0.485846,0.486111,0.486628,0.487369,0.488298,0.489369,0.490534,0.491742,0.492945,0.4941,0.495173,0.496139,0.496982,0.497696,0.498283,0.498751,0.499115,0.499389,0.499589,0.49973,0.499828,0.499893,0.499936,0.499962,0.499979,0.499988,0.499994,0.499997,0.499998,0.499999,0.499999,0.499999
0.5,0.5,0.5,0.499999,0.499998,0.499997,0.499994,0.499988,0.499979,0.499965,0.499941,0.499904,0.499849,0.499768,0.499653,0.499494,0.499281,0.499004,0.498655,0.498227,0.497718,0.497131,0.496474,0.495762,0.495016,0.494263,0.493533,0.492859,0.492272,0.491802,0.491475,0.491306,0.491306,0.491475,0.491802,0.492272,0.492859,0.493533,0.494263,0.495016,0.495762,0.496474,0.497131,0.497718,0.498227,0.498655,0.499004,0.499281,0.499494,0.499653,0.499768,0.499849,0.499904,0.499941,0.499965,0.499979,0.499988,0.499994,0.499997,0.499998,0.499999,0.5,0.5,0.5
0.5,0.5,0.5,0.5,0.499999,0.499998,0.499997,0.499994,0.499989,0.499981,0.499968,0.499948,0.499918,0.499872,0.499808,0.499718,0.499597,0.499438,0.499236,0.498987,0.498689,0.498342,0.497951,0.497525,0.497076,0.496621,0.496177,0.495766,0.495407,0.495118,0.494917,0.494813,0.494813,0.494917,0.495118,0.495407,0.495766,0.496177,0.496621,0.497076,0.497525,0.497951,0.498342,0.498689,0.498987,0.499236,0.499438,0.499597,0.499718,0.499808,0.499872,0.499918,0.499948,0.499968,0.499981,0.499989,0.499994,0.499997,0.499998,0.499999,0.5,0.5,0.5,0.5
0.5,0.5,0.5,0.5,0.5,0.499999,0.499998,0.499997,0.499994,0.49999,0.499983,0.499972,0.499956,0.499931,0.499895,0.499846,0.499778,0.499688,0.499573,0.49943,0.499258,0.499056,0.498828,0.498577,0.498311,0.49804,0.497774,0.497527,0.497311,0.497137,0.497015,0.496952,0.496952,0.497015,0.497137,0.497311,0.497527,0.497774,0.49804,0.498311,0.498577,0.498828,0.499056,0.499258,0.49943,0.499573,0.499688,0.499778,0.499846,0.499895,0.499931,0.499956,0.499972,0.499983,0.49999,0.499994,0.499997,0.499998,0.499999,0.5,0.5,0.5,0.5,0.5
0.5,0.5,0.5,0.5,0.5,0.5,0.499999,0.499998,0.499997,0.499995,0.499991,0.499985,0.499976,0.499962,0.499941,0.499913,0.499873,0.499821,0.499754,0.499669,0.499567,0.499445,0.499307,0.499155,0.498992,0.498826,0.498662,0.498509,0.498374,0.498266,0.498189,0.49815,0.49815,0.498189,0.498266,0.498374,0.498509,0.498662,0.498826,0.498992,0.499155,0.499307,0.499445,0.499567,0.499669,0.499754,0.499821,0.499873,0.499913,0.499941,0.499962,0.499976,0.499985,0.499991,0.499995,0.499997,0.499998,0.499999,0.5,0.5,0.5,0.5,0.5,0.5
0.5,0.5,0.5,0.5,0.5,0.5,0.499999,0.499999,0.499998,0.499997,0.499994,0.49999,0.499984,0.499975,0.499961,0.499941,0.499914,0.499878,0.499832,0.499773,0.499701,0.499615,0.499517,0.499409,0.499292,0.499172,0.499054,0.498943,0.498846,0.498767,0.498711,0.498683,0.498683,0.498711,0.498767,0.498846,0.498943,0.499054,0.499172,0.499292,0.499409,0.499517,0.499615,0.499701,0.499773,0.499832,0.499878,0.499914,0.499941,0.499961,0.499975,0.499984,0.49999,0.499994,0.499997,0.499998,0.499999,0.499999,0.5,0.5,0.5,0.5,0.5,0.5
0.5,0.5,0.5,0.5,0.5,0.5,0.499999,0.499999,0.499998,0.499997,0.499994,0.49999,0.499984,0.499975,0.499961,0.499941,0.499914,0.499878,0.499832,0.499773,0.499701,0.499615,0.499517,0.499409,0.499292,0.499172,0.499054,0.498943,0.498846,0.498767,0.498711,0.498683,0.498683,0.498711,0.498767,0.498846,0.498943,0.499054,0.499172,0.499292,0.499409,0.499517,0.499615,0.499701,0.499773,0.499832,0.499878,0.499914,0.499941,0.499961,0.499975,0.499984,0.49999,0.499994,0.499997,0.499998,0.499999,0.499999,0.5,0.5,0.5,0.5,0.5,0.5
