0.5,0.5,0.5,0.5,0.5,0.5,0.5,0.5,0.5,0.499999,0.499999,0.499998,0.499996,0.499993,0.499989,0.499983,0.499975,0.499964,0.499948,0.499929,0.499904,0.499874,0.499839,0.4998,0.499757,0.499712,0.499667,0.499625,0.499587,0.499556,0.499535,0.499523,0.499523,0.499535,0.499556,0.499587,0.499625,0.499667,0.499712,0.499757,0.4998,0.499839,0.499874,0.499904,0.499929,0.499948,0.499964,0.499975,0.499983,0.499989,0.499993,0.499996,0.499998,0.499999,0.499999,0.5,0.5,0.5,0.5,0.5,0.5,0.5,0.5,0.5
0.5,0.5,0.5,0.5,0.5,0.5,0.5,0.5,0.5,0.499999,0.499999,0.499998,0.499996,0.499993,0.499989,0.499983,0.499975,0.499964,0.499948,0.499929,0.499904,0.499874,0.499839,0.4998,0.499757,0.499712,0.499667,0.499625,0.499587,0.499556,0.499535,0.499523,0.499523,0.499535,0.499556,0.499587,0.499625,0.499667,0.499712,0.499757,0.4998,0.499839,0.499874,0.499904,0.499929,0.499948,0.499964,0.499975,0.499983,0.499989,0.499993,0.499996,0.499998,0.499999,0.499999,0.5,0.5,0.5,0.5,0.5,0.5,0.5,0.5,0.5
0.5,0.5,0.5,0.5,0.5,0.5,0.5,0.5,0.499999,0.499999,0.499998,0.499996,0.499993,0.499989,0.499983,0.499974,0.499961,0.499944,0.49992,0.499891,0.499854,0.499809,0.499757,0.499698,0.499635,0.499569,0.499503,0.499441,0.499385,0.499341,0.499309,0.499293,0.499293,0.499309,0.499341,0.499385,0.499441,0.499503,0.499569,0.499635,0.499698,0.499757,0.499809,0.499854,0.499891,0.49992,0.499944,0.499961,0.499974,0.499983,0.499989,0.499993,0.499996,0.499998,0.499999,0.499999,0.5,0.5,0.5,0.5,0.5,0.5,0.5,0.5
0.5,0.5,0.5,0.5,0.5,0.5,0.5,0.499999,0.499999,0.499997,0.499995,0.499992,0.499987,0.499979,0.499968,0.499951,0.499928,0.499896,0.499854,0.4998,0.499733,0.499654,0.499562,0.499459,0.499348,0.499232,0.499118,0.49901,0.498915,0.498838,0.498783,0.498755,0.498755,0.498783,0.498838,0.498915,0.49901,0.499118,0.499232,0.499348,0.499459,0.499562,0.499654,0.499733,0.4998,0.499854,0.499896,0.499928,0.499951,0.499968,0.499979,0.499987,0.499992,0.499995,0.499997,0.499999,0.499999,0.5,0.5,0.5,0.5,0.5,0.5,0.5
0.5,0.5,0.5,0.5,0.5,0.5,0.499999,0.499998,0.499997,0.499995,0.499991,0.499985,0.499975,0.49996,0.499938,0.499906,0.499862,0.499802,0.499723,0.499624,0.499502,0.499356,0.499189,0.499003,0.498803,0.498596,0.498392,0.498201,0.498032,0.497895,0.497799,0.49775,0.49775,0.497799,0.497895,0.498032,0.498201,0.498392,0.498596,0.498803,0.499003,0.499189,0.499356,0.499502,0.499624,0.499723,0.499802,0.499862,0.499906,0.499938,0.49996,0.499975,0.499985,0.499991,0.499995,0.499997,0.499998,0.499999,0.5,0.5,0.5,0.5,0.5,0.5
0.5,0.5,0.5,0.5,0.5,0.499999,0.499998,0.499997,0.499994,0.49999,0.499983,0.499971,0.499952,0.499924,0.499882,0.499823,0.499741,0.49963,0.499487,0.499307,0.499086,0.498825,0.498527,0.498196,0.497843,0.497481,0.497124,0.49679,0.496496,0.496259,0.496093,0.496007,0.496007,0.496093,0.496259,0.496496,0.49679,0.497124,0.497481,0.497843,0.498196,0.498527,0.498825,0.499086,0.499307,0.499487,0.49963,0.499741,0.499823,0.499882,0.499924,0.499952,0.499971,0.499983,0.49999,0.499994,0.499997,0.499998,0.499999,0.5,0.5,0.5,0.5,0.5
0.5,0.5,0.5,0.5,0.499999,0.499998,0.499997,0.499994,0.499989,0.499981,0.499967,0.499945,0.49991,0.499858,0.499782,0.499675,0.499527,0.499331,0.499077,0.498759,0.498373,0.497919,0.497403,0.496834,0.496231,0.495613,0.495009,0.494445,0.49395,0.493553,0.493274,0.49313,0.49313,0.493274,0.493553,0.49395,0.494445,0.495009,0.495613,0.496231,0.496834,0.497403,0.497919,0.498373,0.498759,0.499077,0.499331,0.499527,0.499675,0.499782,0.499858,0.49991,0.499945,0.499967,0.499981,0.499989,0.499994,0.499997,0.499998,0.499999,0.5,0.5,0.5,0.5
0.5,0.5,0.5,0.499999,0.499998,0.499997,0.499994,0.499989,0.49998,0.499965,0.499939,0.499899,0.499837,0.499745,0.499611,0.499422,0.499165,0.498825,0.498389,0.497846,0.497193,0.49643,0.495566,0.494622,0.493625,0.49261,0.49162,0.490701,0.489898,0.489253,0.488802,0.48857,0.48857,0.488802,0.489253,0.489898,0.490701,0.49162,0.49261,0.493625,0.494622,0.495566,0.49643,0.497193,0.497846,0.498389,0.498825,0.499165,0.499422,0.499611,0.499745,0.499837,0.499899,0.499939,0.499965,0.49998,0.499989,0.499994,0.499997,0.499998,0.499999,0.5,0.5,0.5
0.5,0.5,0.499999,0.499999,0.499997,0.499994,0.499989,0.49998,0.499964,0.499937,0.499892,0.499822,0.499714,0.499555,0.499325,0.499004,0.49857,0.498,0.497276,0.496381,0.495311,0.49407,0.492676,0.49116,0.489569,0.487959,0.486396,0.484951,0.483694,0.482687,0.481984,0.481623,0.481623,0.481984,0.482687,0.483694,0.484951,0.486396,0.487959,0.489569,0.49116,0.492676,0.49407,0.495311,0.496381,0.497276,0.498,0.49857,0.499004,0.499325,0.499555,0.499714,0.499822,0.499892,0.499937,0.499964,0.49998,0.499989,0.499994,0.499997,0.499999,0.499999,0.5,0.5
0.499999,0.499999,0.499999,0.499997,0.499995,0.49999,0.499981,0.499965,0.499937,0.49989,0.499814,0.499694,0.499513,0.499246,0.498864,0.498336,0.497626,0.496703,0.495537,0.49411,0.492415,0.490464,0.488289,0.48594,0.483489,0.481024,0.478645,0.476456,0.474557,0.473043,0.471988,0.471446,0.471446,0.471988,0.473043,0.474557,0.476456,0.478645,0.481024,0.483489,0.48594,0.488289,0.490464,0.492415,0.49411,0.495537,0.496703,0.497626,0.498336,0.498864,0.499246,0.499513,0.499694,0.499814,0.49989,0.499937,0.499965,0.499981,0.49999,0.499995,0.499997,0.499999,0.499999,0.499999
0.499999,0.499999,0.499998,0.499995,0.499991,0.499983,0.499967,0.499939,0.499892,0.499814,0.499687,0.499491,0.499194,0.49876,0.498146,0.497303,0.49618,0.49473,0.492915,0.490711,0.488115,0.48515,0.481869,0.478353,0.474711,0.471071,0.467579,0.464381,0.46162,0.459426,0.457901,0.457119,0.457119,0.457901,0.459426,0.46162,0.464381,0.467579,0.471071,0.474711,0.478353,0.481869,0.48515,0.488115,0.490711,0.492915,0.49473,0.49618,0.497303,0.498146,0.49876,0.499194,0.499491,0.499687,0.499814,0.499892,0.499939,0.499967,0.499983,0.499991,0.499995,0.499998,0.499999,0.499999
0.499998,0.499998,0.499996,0.499992,0.499985,0.499971,0.499945,0.499899,0.499822,0.499694,0.499491,0.499176,0.498705,0.498023,0.497064,0.495758,0.494035,0.491829,0.489092,0.485797,0.481951,0.477595,0.472814,0.467732,0.462507,0.457323,0.452379,0.447878,0.444012,0.44095,0.438828,0.437743,0.437743,0.438828,0.44095,0.444012,0.447878,0.452379,0.457323,0.462507,0.467732,0.472814,0.477595,0.481951,0.485797,0.489092,0.491829,0.494035,0.495758,0.497064,0.498023,0.498705,0.499176,0.499491,0.499694,0.499822,0.499899,0.499945,0.499971,0.499985,0.499992,0.499996,0.499998,0.499998
0.499996,0.499996,0.499993,0.499987,0.499975,0.499952,0.49991,0.499837,0.499714,0.499513,0.499194,0.498705,0.49798,0.496937,0.495484,0.493524,0.49096,0.487708,0.48371,0.478941,0.473424,0.467235,0.460503,0.453408,0.446173,0.43905,0.432305,0.426203,0.420989,0.416877,0.414037,0.412587,0.412587,0.414037,0.416877,0.420989,0.426203,0.432305,0.43905,0.446173,0.453408,0.460503,0.467235,0.473424,0.478941,0.48371,0.487708,0.49096,0.493524,0.495484,0.496937,0.49798,0.498705,0.499194,0.499513,0.499714,0.499837,0.49991,0.499952,0.499975,0.499987,0.499993,0.499996,0.499996
0.499993,0.499993,0.499989,0.499979,0.49996,0.499924,0.499858,0.499745,0.499555,0.499246,0.49876,0.498023,0.496937,0.495389,0.493253,0.490397,0.486695,0.482046,0.476385,0.4697,0.462042,0.453534,0.444369,0.434801,0.425131,0.415692,0.406824,0.398856,0.392089,0.386778,0.383122,0.38126,0.38126,0.383122,0.386778,0.392089,0.398856,0.406824,0.415692,0.425131,0.434801,0.444369,0.453534,0.462042,0.4697,0.476385,0.482046,0.486695,0.490397,0.493253,0.495389,0.496937,0.498023,0.49876,0.499246,0.499555,0.499745,0.499858,0.499924,0.49996,0.499979,0.499989,0.499993,0.499993
0.499989,0.499989,0.499983,0.499968,0.499938,0.499882,0.499782,0.499611,0.499325,0.498864,0.498146,0.497064,0.495484,0.493253,0.490202,0.48616,0.480974,0.474526,0.466753,0.45767,0.447374,0.436057,0.423992,0.411525,0.399051,0.386988,0.375753,0.365738,0.357289,0.350694,0.346174,0.343876,0.343876,0.346174,0.350694,0.357289,0.365738,0.375753,0.386988,0.399051,0.411525,0.423992,0.436057,0.447374,0.45767,0.466753,0.474526,0.480974,0.48616,0.490202,0.493253,0.495484,0.497064,0.498146,0.498864,0.499325,0.499611,0.499782,0.499882,0.499938,0.499968,0.499983,0.499989,0.499989
0.499983,0.499983,0.499974,0.499951,0.499906,0.499823,0.499675,0.499422,0.499004,0.498336,0.497303,0.495758,0.493524,0.490397,0.48616,0.480604,0.473546,0.464862,0.454508,0.442541,0.429129,0.414552,0.399189,0.383493,0.367958,0.353093,0.339385,0.327272,0.317132,0.309267,0.3039,0.301181,0.301181,0.3039,0.309267,0.317132,0.327272,0.339385,0.353093,0.367958,0.383493,0.399189,0.414552,0.429129,0.442541,0.454508,0.464862,0.473546,0.480604,0.48616,0.490397,0.493524,0.495758,0.497303,0.498336,0.499004,0.499422,0.499675,0.499823,0.499906,0.499951,0.499974,0.499983,0.499983
0.499975,0.499975,0.499961,0.499928,0.499862,0.499741,0.499527,0.499165,0.49857,0.497626,0.49618,0.494035,0.49096,0.486695,0.480974,0.473546,0.464211,0.45285,0.439457,0.424157,0.407217,0.389031,0.3701,0.350997,0.332321,0.31466,0.298553,0.284466,0.272779,0.263779,0.257672,0.254588,0.254588,0.257672,0.263779,0.272779,0.284466,0.298553,0.31466,0.332321,0.350997,0.3701,0.389031,0.407217,0.424157,0.439457,0.45285,0.464211,0.473546,0.480974,0.486695,0.49096,0.494035,0.49618,0.497626,0.49857,0.499165,0.499527,0.499741,0.499862,0.499928,0.499961,0.499975,0.499975
0.499964,0.499964,0.499944,0.499896,0.499802,0.49963,0.499331,0.498825,0.498,0.496703,0.49473,0.491829,0.487708,0.482046,0.474526,0.464862,0.45285,0.438397,0.421561,0.402567,0.381805,0.359812,0.337227,0.314747,0.293069,0.272843,0.254631,0.238891,0.225968,0.216104,0.209455,0.20611,0.20611,0.209455,0.216104,0.225968,0.238891,0.254631,0.272843,0.293069,0.314747,0.337227,0.359812,0.381805,0.402567,0.421561,0.438397,0.45285,0.464862,0.474526,0.482046,0.487708,0.491829,0.49473,0.496703,0.498,0.498825,0.499331,0.49963,0.499802,0.499896,0.499944,0.499964,0.499964
0.499948,0.499948,0.49992,0.499854,0.499723,0.499487,0.499077,0.498389,0.497276,0.495537,0.492915,0.489092,0.48371,0.476385,0.466753,0.454508,0.439457,0.421561,0.400974,0.378053,0.353342,0.327539,0.301435,0.275846,0.251549,0.229225,0.209423,0.192547,0.178865,0.168533,0.161624,0.158167,0.158167,0.161624,0.168533,0.178865,0.192547,0.209423,0.229225,0.251549,0.275846,0.301435,0.327539,0.353342,0.378053,0.400974,0.421561,0.439457,0.454508,0.466753,0.476385,0.48371,0.489092,0.492915,0.495537,0.497276,0.498389,0.499077,0.499487,0.499723,0.499854,0.49992,0.499948,0.499948
0.499929,0.499929,0.499891,0.4998,0.499624,0.499307,0.498759,0.497846,0.496381,0.49411,0.490711,0.485797,0.478941,0.4697,0.45767,0.442541,0.424157,0.402567,0.378053,0.351136,0.322543,0.293147,0.263892,0.235702,0.209403,0.185667,0.164982,0.147651,0.133818,0.123509,0.116687,0.113295,0.113295,0.116687,0.123509,0.133818,0.147651,0.164982,0.185667,0.209403,0.235702,0.263892,0.293147,0.322543,0.351136,0.378053,0.402567,0.424157,0.442541,0.45767,0.4697,0.478941,0.485797,0.490711,0.49411,0.496381,0.497846,0.498759,0.499307,0.499624,0.4998,0.499891,0.499929,0.499929
0.499904,0.499904,0.499854,0.499733,0.499502,0.499086,0.498373,0.497193,0.495311,0.492415,0.488115,0.481951,0.473424,0.462042,0.447374,0.429129,0.407217,0.381805,0.353342,0.322543,0.290335,0.25778,0.225961,0.195884,0.168388,0.14409,0.123364,0.106361,0.0930569,0.0833145,0.0769555,0.0738217,0.0738217,0.0769555,0.0833145,0.0930569,0.106361,0.123364,0.14409,0.168388,0.195884,0.225961,0.25778,0.290335,0.322543,0.353342,0.381805,0.407217,0.429129,0.447374,0.462042,0.473424,0.481951,0.488115,0.492415,0.495311,0.497193,0.498373,0.499086,0.499502,0.499733,0.499854,0.499904,0.499904
0.499874,0.499874,0.499809,0.499654,0.499356,0.498825,0.497919,0.49643,0.49407,0.490464,0.48515,0.477595,0.467235,0.453534,0.436057,0.414552,0.389031,0.359812,0.327539,0.293147,0.25778,0.222678,0.189048,0.157944,0.130173,0.106243,0.0863676,0.0704998,0.0584091,0.0497673,0.0442369,0.0415465,0.0415465,0.0442369,0.0497673,0.0584091,0.0704998,0.0863676,0.106243,0.130173,0.157944,0.189048,0.222678,0.25778,0.293147,0.327539,0.359812,0.389031,0.414552,0.436057,0.453534,0.467235,0.477595,0.48515,0.490464,0.49407,0.49643,0.497919,0.498825,0.499356,0.499654,0.499809,0.499874,0.499874
0.499839,0.499839,0.499757,0.499562,0.499189,0.498527,0.497403,0.495566,0.492676,0.488289,0.481869,0.472814,0.460503,0.444369,0.423992,0.399189,0.3701,0.337227,0.301435,0.263892,0.225961,0.189048,0.154456,0.123244,0.0961381,0.0734943,0.0553168,0.0413275,0.0310641,0.023991,0.0196034,0.0175142,0.0175142,0.0196034,0.023991,0.0310641,0.0413275,0.0553168,0.0734943,0.0961381,0.123244,0.154456,0.189048,0.225961,0.263892,0.301435,0.337227,0.3701,0.399189,0.423992,0.444369,0.460503,0.472814,0.481869,0.488289,0.492676,0.495566,0.497403,0.498527,0.499189,0.499562,0.499757,0.499839,0.499839
0.4998,0.4998,0.499698,0.499459,0.499003,0.498196,0.496834,0.494622,0.49116,0.48594,0.478353,0.467732,0.453408,0.434801,0.411525,0.383493,0.350997,0.314747,0.275846,0.235702,0.195884,0.157944,0.123244,0.0928058,0.0672319,0.0466809,0.0309176,0.0194095,0.0114523,0.00630074,0.00328666,0.00191201,0.00191201,0.00328666,0.00630074,0.0114523,0.0194095,0.0309176,0.0466809,0.0672319,0.0928058,0.123244,0.157944,0.195884,0.235702,0.275846,0.314747,0.350997,0.383493,0.411525,0.434801,0.453408,0.467732,0.478353,0.48594,0.49116,0.494622,0.496834,0.498196,0.499003,0.499459,0.499698,0.4998,0.4998
0.499757,0.499757,0.499635,0.499348,0.498803,0.497843,0.496231,0.493625,0.489569,0.483489,0.474711,0.462507,0.446173,0.425131,0.399051,0.367958,0.332321,0.293069,0.251549,0.209403,0.168388,0.130173,0.0961381,0.0672319,0.0438921,0.0260521,0.0132182,0.00459694,-0.000753834,-0.00377733,-0.00529104,-0.00589132,-0.00589132,-0.00529104,-0.00377733,-0.000753834,0.00459694,0.0132182,0.0260521,0.0438921,0.0672319,0.0961381,0.130173,0.168388,0.209403,0.251549,0.293069,0.332321,0.367958,0.399051,0.425131,0.446173,0.462507,0.474711,0.483489,0.489569,0.493625,0.496231,0.497843,0.498803,0.499348,0.499635,0.499757,0.499757
0.499712,0.499712,0.499569,0.499232,0.498596,0.497481,0.495613,0.49261,0.487959,0.481024,0.471071,0.457323,0.43905,0.415692,0.386988,0.353093,0.31466,0.272843,0.229225,0.185667,0.14409,0.106243,0.0734943,0.0466809,0.0260521,0.0113002,0.00167009,-0.00388374,-0.00652387,-0.00736914,-0.0073641,-0.00718566,-0.00718566,-0.0073641,-0.00736914,-0.00652387,-0.00388374,0.00167009,0.0113002,0.0260521,0.0466809,0.0734943,0.106243,0.14409,0.185667,0.229225,0.272843,0.31466,0.353093,0.386988,0.415692,0.43905,0.457323,0.471071,0.481024,0.487959,0.49261,0.495613,0.497481,0.498596,0.499232,0.499569,0.499712,0.499712
0.499667,0.499667,0.499503,0.499118,0.498392,0.497124,0.495009,0.49162,0.486396,0.478645,0.467579,0.452379,0.432305,0.406824,0.375753,0.339385,0.298553,0.254631,0.209423,0.164982,0.123364,0.0863676,0.0553168,0.0309176,0.0132182,0.00167009,-0.00473101,-0.00726088,-0.00727465,-0.00603751,-0.00459447,-0.00368306,-0.00368306,-0.00459447,-0.00603751,-0.00727465,-0.00726088,-0.00473101,0.00167009,0.0132182,0.0309176,0.0553168,0.0863676,0.123364,0.164982,0.209423,0.254631,0.298553,0.339385,0.375753,0.406824,0.432305,0.452379,0.467579,0.478645,0.486396,0.49162,0.495009,0.497124,0.498392,0.499118,0.499503,0.499667,0.499667
0.499625,0.499625,0.499441,0.49901,0.498201,0.49679,0.494445,0.490701,0.484951,0.476456,0.464381,0.447878,0.426203,0.398856,0.365738,0.327272,0.284466,0.238891,0.192547,0.147651,0.106361,0.0704998,0.0413275,0.0194095,0.00459694,-0.00388374,-0.00726088,-0.00700892,-0.00464176,-0.00153877,0.00118162,0.00274064,0.00274064,0.00118162,-0.00153877,-0.00464176,-0.00700892,-0.00726088,-0.00388374,0.00459694,0.0194095,0.0413275,0.0704998,0.106361,0.147651,0.192547,0.238891,0.284466,0.327272,0.365738,0.398856,0.426203,0.447878,0.464381,0.476456,0.484951,0.490701,0.494445,0.49679,0.498201,0.49901,0.499441,0.499625,0.499625
0.499587,0.499587,0.499385,0.498915,0.498032,0.496496,0.49395,0.489898,0.483694,0.474557,0.46162,0.444012,0.420989,0.392089,0.357289,0.317132,0.272779,0.225968,0.178865,0.133818,0.0930569,0.0584091,0.0310641,0.0114523,-0.000753834,-0.00652387,-0.00727465,-0.00464176,-0.000261994,0.00440217,0.00818305,0.0102771,0.0102771,0.00818305,0.00440217,-0.000261994,-0.00464176,-0.00727465,-0.00652387,-0.000753834,0.0114523,0.0310641,0.0584091,0.0930569,0.133818,0.178865,0.225968,0.272779,0.317132,0.357289,0.392089,0.420989,0.444012,0.46162,0.474557,0.483694,0.489898,0.49395,0.496496,0.498032,0.498915,0.499385,0.499587,0.499587
0.499556,0.499556,0.499341,0.498838,0.497895,0.496259,0.493553,0.489253,0.482687,0.473043,0.459426,0.44095,0.416877,0.386778,0.350694,0.309267,0.263779,0.216104,0.168533,0.123509,0.0833145,0.0497673,0.023991,0.00630074,-0.00377733,-0.00736914,-0.00603751,-0.00153877,0.00440217,0.0102669,0.0148579,0.017359,0.017359,0.0148579,0.0102669,0.00440217,-0.00153877,-0.00603751,-0.00736914,-0.00377733,0.00630074,0.023991,0.0497673,0.0833145,0.123509,0.168533,0.216104,0.263779,0.309267,0.350694,0.386778,0.416877,0.44095,0.459426,0.473043,0.482687,0.489253,0.493553,0.496259,0.497895,0.498838,0.499341,0.499556,0.499556
0.499535,0.499535,0.499309,0.498783,0.497799,0.496093,0.493274,0.488802,0.481984,0.471988,0.457901,0.438828,0.414037,0.383122,0.346174,0.3039,0.257672,0.209455,0.161624,0.116687,0.0769555,0.0442369,0.0196034,0.00328666,-0.00529104,-0.0073641,-0.00459447,0.00118162,0.00818305,0.0148579,0.0199928,0.0227662,0.0227662,0.0199928,0.0148579,0.00818305,0.00118162,-0.00459447,-0.0073641,-0.00529104,0.00328666,0.0196034,0.0442369,0.0769555,0.116687,0.161624,0.209455,0.257672,0.3039,0.346174,0.383122,0.414037,0.438828,0.457901,0.471988,0.481984,0.488802,0.493274,0.496093,0.497799,0.498783,0.499309,0.499535,0.499535
0.499523,0.499523,0.499293,0.498755,0.49775,0.496007,0.49313,0.48857,0.481623,0.471446,0.457119,0.437743,0.412587,0.38126,0.343876,0.301181,0.254588,0.20611,0.158167,0.113295,0.0738217,0.0415465,0.0175142,0.00191201,-0.00589132,-0.00718566,-0.00368306,0.00274064,0.0102771,0.017359,0.0227662,0.0256757,0.0256757,0.0227662,0.017359,0.0102771,0.00274064,-0.00368306,-0.00718566,-0.00589132,0.00191201,0.0175142,0.0415465,0.0738217,0.113295,0.158167,0.20611,0.254588,0.301181,0.343876,0.38126,0.412587,0.437743,0.457119,0.471446,0.481623,0.48857,0.49313,0.496007,0.49775,0.498755,0.499293,0.499523,0.499523
0.499523,0.499523,0.499293,0.498755,0.49775,0.496007,0.49313,0.48857,0.481623,0.471446,0.457119,0.437743,0.412587,0.38126,0.343876,0.301181,0.254588,0.20611,0.158167,0.113295,0.0738217,0.0415465,0.0175142,0.00191201,-0.00589132,-0.00718566,-0.00368306,0.00274064,0.0102771,0.017359,0.0227662,0.0256757,0.0256757,0.0227662,0.017359,0.0102771,0.00274064,-0.00368306,-0.00718566,-0.00589132,0.00191201,0.0175142,0.0415465,0.0738217,0.113295,0.158167,0.20611,0.254588,0.301181,0.343876,0.38126,0.412587,0.437743,0.457119,0.471446,0.481623,0.48857,0.49313,0.496007,0.49775,0.498755,0.499293,0.499523,0.499523
0.499535,0.499535,0.499309,0.498783,0.497799,0.496093,0.493274,0.488802,0.481984,0.471988,0.457901,0.438828,0.414037,0.383122,0.346174,0.3039,0.257672,0.209455,0.161624,0.116687,0.0769555,0.0442369,0.0196034,0.00328666,-0.00529104,-0.0073641,-0.00459447,0.00118162,0.00818305,0.0148579,0.0199928,0.0227662,0.0227662,0.0199928,0.0148579,0.00818305,0.00118162,-0.00459447,-0.0073641,-0.00529104,0.00328666,0.0196034,0.0442369,0.0769555,0.116687,0.161624,0.209455,0.257672,0.3039,0.346174,0.383122,0.414037,0.438828,0.457901,0.471988,0.481984,0.488802,0.493274,0.496093,0.497799,0.498783,0.499309,0.499535,0.499535
0.499556,0.499556,0.499341,0.498838,0.497895,0.496259,0.493553,0.489253,0.482687,0.473043,0.459426,0.44095,0.416877,0.386778,0.350694,0.309267,0.263779,0.216104,0.168533,0.123509,0.0833145,0.0497673,0.023991,0.00630074,-0.00377733,-0.00736914,-0.00603751,-0.00153877,0.00440217,0.0102669,0.0148579,0.017359,0.017359,0.0148579,0.0102669,0.00440217,-0.00153877,-0.00603751,-0.00736914,-0.00377733,0.00630074,0.023991,0.0497673,0.0833145,0.123509,0.168533,0.216104,0.263779,0.309267,0.350694,0.386778,0.416877,0.44095,0.459426,0.473043,0.482687,0.489253,0.493553,0.496259,0.497895,0.498838,0.499341,0.499556,0.499556
0.499587,0.499587,0.499385,0.498915,0.498032,0.496496,0.49395,0.489898,0.483694,0.474557,0.46162,0.444012,0.420989,0.392089,0.357289,0.317132,0.272779,0.225968,0.178865,0.133818,0.0930569,0.0584091,0.0310641,0.0114523,-0.000753834,-0.00652387,-0.00727465,-0.00464176,-0.000261994,0.00440217,0.00818305,0.0102771,0.0102771,0.00818305,0.00440217,-0.000261994,-0.00464176,-0.00727465,-0.00652387,-0.000753834,0.0114523,0.0310641,0.0584091,0.0930569,0.133818,0.178865,0.225968,0.272779,0.317132,0.357289,0.392089,0.420989,0.444012,0.46162,0.474557,0.483694,0.489898,0.49395,0.496496,0.498032,0.498915,0.499385,0.499587,0.499587
0.499625,0.499625,0.499441,0.49901,0.498201,0.49679,0.494445,0.490701,0.484951,0.476456,0.464381,0.447878,0.426203,0.398856,0.365738,0.327272,0.284466,0.238891,0.192547,0.147651,0.106361,0.0704998,0.0413275,0.0194095,0.00459694,-0.00388374,-0.00726088,-0.00700892,-0.00464176,-0.00153877,0.00118162,0.00274064,0.00274064,0.00118162,-0.00153877,-0.00464176,-0.00700892,-0.00726088,-0.00388374,0.00459694,0.0194095,0.0413275,0.0704998,0.106361,0.147651,0.192547,0.238891,0.284466,0.327272,0.365738,0.398856,0.426203,0.447878,0.464381,0.476456,0.484951,0.490701,0.494445,0.49679,0.498201,0.49901,0.499441,0.499625,0.499625
0.499667,0.499667,0.499503,0.499118,0.498392,0.497124,0.495009,0.49162,0.486396,0.478645,0.467579,0.452379,0.432305,0.406824,0.375753,0.339385,0.298553,0.254631,0.209423,0.164982,0.123364,0.0863676,0.0553168,0.0309176,0.0132182,0.00167009,-0.00473101,-0.00726088,-0.00727465,-0.00603751,-0.00459447,-0.00368306,-0.00368306,-0.00459447,-0.00603751,-0.00727465,-0.00726088,-0.00473101,0.00167009,0.0132182,0.0309176,0.0553168,0.0863676,0.123364,0.164982,0.209423,0.254631,0.298553,0.339385,0.375753,0.406824,0.432305,0.452379,0.467579,0.478645,0.486396,0.49162,0.495009,0.497124,0.498392,0.499118,0.499503,0.499667,0.499667
0.499712,0.499712,0.499569,0.499232,0.498596,0.497481,0.495613,0.49261,0.487959,0.481024,0.471071,0.457323,0.43905,0.415692,0.386988,0.353093,0.31466,0.272843,0.229225,0.185667,0.14409,0.106243,0.0734943,0.0466809,0.0260521,0.0113002,0.00167009,-0.00388374,-0.00652387,-0.00736914,-0.0073641,-0.00718566,-0.00718566,-0.0073641,-0.00736914,-0.00652387,-0.00388374,0.00167009,0.0113002,0.0260521,0.0466809,0.0734943,0.106243,0.14409,0.185667,0.229225,0.272843,0.31466,0.353093,0.386988,0.415692,0.43905,0.457323,0.471071,0.481024,0.487959,0.49261,0.495613,0.497481,0.498596,0.499232,0.499569,0.499712,0.499712
0.499757,0.499757,0.499635,0.499348,0.498803,0.497843,0.496231,0.493625,0.489569,0.483489,0.474711,0.462507,0.446173,0.425131,0.399051,0.367958,0.332321,0.293069,0.251549,0.209403,0.168388,0.130173,0.0961381,0.0672319,0.0438921,0.0260521,0.0132182,0.00459694,-0.000753834,-0.00377733,-0.00529104,-0.00589132,-0.00589132,-0.00529104,-0.00377733,-0.000753834,0.00459694,0.0132182,0.0260521,0.0438921,0.0672319,0.0961381,0.130173,0.168388,0.209403,0.251549,0.293069,0.332321,0.367958,0.399051,0.425131,0.446173,0.462507,0.474711,0.483489,0.489569,0.493625,0.496231,0.497843,0.498803,0.499348,0.499635,0.499757,0.499757
0.4998,0.4998,0.499698,0.499459,0.499003,0.498196,0.496834,0.494622,0.49116,0.48594,0.478353,0.467732,0.453408,0.434801,0.411525,0.383493,0.350997,0.314747,0.275846,0.235702,0.195884,0.157944,0.123244,0.0928058,0.0672319,0.0466809,0.0309176,0.0194095,0.0114523,0.00630074,0.00328666,0.00191201,0.00191201,0.00328666,0.00630074,0.0114523,0.0194095,0.0309176,0.0466809,0.0672319,0.0928058,0.123244,0.157944,0.195884,0.235702,0.275846,0.314747,0.350997,0.383493,0.411525,0.434801,0.453408,0.467732,0.478353,0.48594,0.49116,0.494622,0.496834,0.498196,0.499003,0.499459,0.499698,0.4998,0.4998
0.499839,0.499839,0.499757,0.499562,0.499189,0.498527,0.497403,0.495566,0.492676,0.488289,0.481869,0.472814,0.460503,0.444369,0.423992,0.399189,0.3701,0.337227,0.301435,0.263892,0.225961,0.189048,0.154456,0.123244,0.0961381,0.0734943,0.0553168,0.0413275,0.0310641,0.023991,0.0196034,0.0175142,0.0175142,0.0196034,0.023991,0.0310641,0.0413275,0.0553168,0.0734943,0.0961381,0.123244,0.154456,0.189048,0.225961,0.263892,0.301435,0.337227,0.3701,0.399189,0.423992,0.444369,0.460503,0.472814,0.481869,0.488289,0.492676,0.495566,0.497403,0.498527,0.499189,0.499562,0.499757,0.499839,0.499839
0.499874,0.499874,0.499809,0.499654,0.499356,0.498825,0.497919,0.49643,0.49407,0.490464,0.48515,0.477595,0.467235,0.453534,0.436057,0.414552,0.389031,0.359812,0.327539,0.293147,0.25778,0.222678,0.189048,0.157944,0.130173,0.106243,0.0863676,0.0704998,0.0584091,0.0497673,0.0442369,0.0415465,0.0415465,0.0442369,0.0497673,0.0584091,0.0704998,0.0863676,0.106243,0.130173,0.157944,0.189048,0.222678,0.25778,0.293147,0.327539,0.359812,0.389031,0.414552,0.436057,0.453534,0.467235,0.477595,0.48515,0.490464,0.49407,0.49643,0.497919,0.498825,0.499356,0.499654,0.499809,0.499874,0.499874
0.499904,0.499904,0.499854,0.499733,0.499502,0.499086,0.498373,0.497193,0.495311,0.492415,0.488115,0.481951,0.473424,0.462042,0.447374,0.429129,0.407217,0.381805,0.353342,0.322543,0.290335,0.25778,0.225961,0.195884,0.168388,0.14409,0.123364,0.106361,0.0930569,0.0833145,0.0769555,0.0738217,0.0738217,0.0769555,0.0833145,0.0930569,0.106361,0.123364,0.14409,0.168388,0.195884,0.225961,0.25778,0.290335,0.322543,0.353342,0.381805,0.407217,0.429129,0.447374,0.462042,0.473424,0.481951,0.488115,0.492415,0.495311,0.497193,0.498373,0.499086,0.499502,0.499733,0.499854,0.499904,0.499904
0.499929,0.499929,0.499891,0.4998,0.499624,0.499307,0.498759,0.497846,0.496381,0.49411,0.490711,0.485797,0.478941,0.4697,0.45767,0.442541,0.424157,0.402567,0.378053,0.351136,0.322543,0.293147,0.263892,0.235702,0.209403,0.185667,0.164982,0.147651,0.133818,0.123509,0.116687,0.113295,0.113295,0.116687,0.123509,0.133818,0.147651,0.164982,0.185667,0.209403,0.235702,0.263892,0.293147,0.322543,0.351136,0.378053,0.402567,0.424157,0.442541,0.45767,0.4697,0.478941,0.485797,0.490711,0.49411,0.496381,0.497846,0.498759,0.499307,0.499624,0.4998,0.499891,0.499929,0.499929
0.499948,0.499948,0.49992,0.499854,0.499723,0.499487,0.499077,0.498389,0.497276,0.495537,0.492915,0.489092,0.48371,0.476385,0.466753,0.454508,0.439457,0.421561,0.400974,0.378053,0.353342,0.327539,0.301435,0.275846,0.251549,0.229225,0.209423,0.192547,0.178865,0.168533,0.161624,0.158167,0.158167,0.161624,0.168533,0.178865,0.192547,0.209423,0.229225,0.251549,0.275846,0.301435,0.327539,0.353342,0.378053,0.400974,0.421561,0.439457,0.454508,0.466753,0.476385,0.48371,0.489092,0.492915,0.495537,0.497276,0.498389,0.499077,0.499487,0.499723,0.499854,0.49992,0.499948,0.499948
0.499964,0.499964,0.499944,0.499896,0.499802,0.49963,0.499331,0.498825,0.498,0.496703,0.49473,0.491829,0.487708,0.482046,0.474526,0.464862,0.45285,0.438397,0.421561,0.402567,0.381805,0.359812,0.337227,0.314747,0.293069,0.272843,0.254631,0.238891,0.225968,0.216104,0.209455,0.20611,0.20611,0.209455,0.216104,0.225968,0.238891,0.254631,0.272843,0.293069,0.314747,0.337227,0.359812,0.381805,0.402567,0.421561,0.438397,0.45285,0.464862,0.474526,0.482046,0.487708,0.491829,0.49473,0.496703,0.498,0.498825,0.499331,0.49963,0.499802,0.499896,0.499944,0.499964,0.499964
0.499975,0.499975,0.499961,0.499928,0.499862,0.499741,0.499527,0.499165,0.49857,0.497626,0.49618,0.494035,0.49096,0.486695,0.480974,0.473546,0.464211,0.45285,0.439457,0.424157,0.407217,0.389031,0.3701,0.350997,0.332321,0.31466,0.298553,0.284466,0.272779,0.263779,0.257672,0.254588,0.254588,0.257672,0.263779,0.272779,0.284466,0.298553,0.31466,0.332321,0.350997,0.3701,0.389031,0.407217,0.424157,0.439457,0.45285,0.464211,0.473546,0.480974,0.486695,0.49096,0.494035,0.49618,0.497626,0.49857,0.499165,0.499527,0.499741,0.499862,0.499928,0.499961,0.499975,0.499975
0.499983,0.499983,0.499974,0.499951,0.499906,0.499823,0.499675,0.499422,0.499004,0.498336,0.497303,0.495758,0.493524,0.490397,0.48616,0.480604,0.473546,0.464862,0.454508,0.442541,0.429129,0.414552,0.399189,0.383493,0.367958,0.353093,0.339385,0.327272,0.317132,0.309267,0.3039,0.301181,0.301181,0.3039,0.309267,0.317132,0.327272,0.339385,0.353093,0.367958,0.383493,0.399189,0.414552,0.429129,0.442541,0.454508,0.464862,0.473546,0.480604,0.48616,0.490397,0.493524,0.495758,0.497303,0.498336,0.499004,0.499422,0.499675,0.499823,0.499906,0.499951,0.499974,0.499983,0.499983
0.499989,0.499989,0.499983,0.499968,0.499938,0.499882,0.499782,0.499611,0.499325,0.498864,0.498146,0.497064,0.495484,0.493253,0.490202,0.48616,0.480974,0.474526,0.466753,0.45767,0.447374,0.436057,0.423992,0.411525,0.399051,0.386988,0.375753,0.365738,0.357289,0.350694,0.346174,0.343876,0.343876,0.346174,0.350694,0.357289,0.365738,0.375753,0.386988,0.399051,0.411525,0.423992,0.436057,0.447374,0.45767,0.466753,0.474526,0.480974,0.48616,0.490202,0.493253,0.495484,0.497064,0.498146,0.498864,0.499325,0.499611,0.499782,0.499882,0.499938,0.499968,0.499983,0.499989,0.499989
0.499993,0.499993,0.499989,0.499979,0.49996,0.499924,0.499858,0.499745,0.499555,0.499246,0.49876,0.498023,0.496937,0.495389,0.493253,0.490397,0.486695,0.482046,0.476385,0.4697,0.462042,0.453534,0.444369,0.434801,0.425131,0.415692,0.406824,0.398856,0.392089,0.386778,0.383122,0.38126,0.38126,0.383122,0.386778,0.392089,0.398856,0.406824,0.415692,0.425131,0.434801,0.444369,0.453534,0.462042,0.4697,0.476385,0.482046,0.486695,0.490397,0.493253,0.495389,0.496937,0.498023,0.49876,0.499246,0.499555,0.499745,0.499858,0.499924,0.49996,0.499979,0.499989,0.499993,0.499993
0.499996,0.499996,0.499993,0.499987,0.499975,0.499952,0.49991,0.499837,0.499714,0.499513,0.499194,0.498705,0.49798,0.496937,0.495484,0.493524,0.49096,0.487708,0.48371,0.478941,0.473424,0.467235,0.460503,0.453408,0.446173,0.43905,0.432305,0.426203,0.420989,0.416877,0.414037,0.412587,0.412587,0.414037,0.416877,0.420989,0.426203,0.432305,0.43905,0.446173,0.453408,0.460503,0.467235,0.473424,0.478941,0.48371,0.487708,0.49096,0.493524,0.495484,0.496937,0.49798,0.498705,0.499194,0.499513,0.499714,0.499837,0.49991,0.499952,0.499975,0.499987,0.499993,0.499996,0.499996
0.499998,0.499998,0.499996,0.499992,0.499985,0.499971,0.499945,0.499899,0.499822,0.499694,0.499491,0.499176,0.498705,0.498023,0.497064,0.495758,0.494035,0.491829,0.489092,0.485797,0.481951,0.477595,0.472814,0.467732,0.462507,0.457323,0.452379,0.447878,0.444012,0.44095,0.438828,0.437743,0.437743,0.438828,0.44095,0.444012,0.447878,0.452379,0.457323,0.462507,0.467732,0.472814,0.477595,0.481951,0.485797,0.489092,0.491829,0.494035,0.495758,0.497064,0.498023,0.498705,0.499176,0.499491,0.499694,0.499822,0.499899,0.499945,0.499971,0.499985,0.499992,0.499996,0.499998,0.499998
0.499999,0.499999,0.499998,0.499995,0.499991,0.499983,0.499967,0.499939,0.499892,0.499814,0.499687,0.499491,0.499194,0.49876,0.498146,0.497303,0.49618,0.49473,0.492915,0.490711,0.488115,0.48515,0.481869,0.478353,0.474711,0.471071,0.467579,0.464381,0.46162,0.459426,0.457901,0.457119,0.457119,0.457901,0.459426,0.46162,0.464381,0.467579,0.471071,0.474711,0.478353,0.481869,0.48515,0.488115,0.490711,0.492915,0.49473,0.49618,0.497303,0.498146,0.49876,0.499194,0.499491,0.499687,0.499814,0.499892,0.499939,0.499967,0.499983,0.499991,0.499995,0.499998,0.499999,0.499999
0.499999,0.499999,0.499999,0.499997,0.499995,0.49999,0.499981,0.499965,0.499937,0.49989,0.499814,0.499694,0.499513,0.499246,0.498864,0.498336,0.497626,0.496703,0.495537,0.49411,0.492415,0.490464,0.488289,0.48594,0.483489,0.481024,0.478645,0.476456,0.474557,0.473043,0.471988,0.471446,0.471446,0.471988,0.473043,0.474557,0.476456,0.478645,0.481024,0.483489,0.48594,0.488289,0.490464,0.492415,0.49411,0.495537,0.496703,0.497626,0.498336,0.498864,0.499246,0.499513,0.499694,0.499814,0.49989,0.499937,0.499965,0.499981,0.49999,0.499995,0.499997,0.499999,0.499999,0.499999
0.5,0.5,0.499999,0.499999,0.499997,0.499994,0.499989,0.49998,0.499964,0.499937,0.499892,0.499822,0.499714,0.499555,0.499325,0.499004,0.49857,0.498,0.497276,0.496381,0.495311,0.49407,0.492676,0.49116,0.489569,0.487959,0.486396,0.484951,0.483694,0.482687,0.481984,0.481623,0.481623,0.481984,0.482687,0.483694,0.484951,0.486396,0.487959,0.489569,0.49116,0.492676,0.49407,0.495311,0.496381,0.497276,0.498,0.49857,0.499004,0.499325,0.499555,0.499714,0.499822,0.499892,0.499937,0.499964,0.49998,0.499989,0.499994,0.499997,0.499999,0.499999,0.5,0.5
0.5,0.5,0.5,0.499999,0.499998,0.499997,0.499994,0.499989,0.49998,0.499965,0.499939,0.499899,0.499837,0.499745,0.499611,0.499422,0.499165,0.498825,0.498389,0.497846,0.497193,0.49643,0.495566,0.494622,0.493625,0.49261,0.49162,0.490701,0.489898,0.489253,0.488802,0.48857,0.48857,0.488802,0.489253,0.489898,0.490701,0.49162,0.49261,0.493625,0.494622,0.495566,0.49643,0.497193,0.497846,0.498389,0.498825,0.499165,0.499422,0.499611,0.499745,0.499837,0.499899,0.499939,0.499965,0.49998,0.499989,0.499994,0.499997,0.499998,0.499999,0.5,0.5,0.5
0.5,0.5,0.5,0.5,0.499999,0.499998,0.499997,0.499994,0.499989,0.499981,0.499967,0.499945,0.49991,0.499858,0.499782,0.499675,0.499527,0.499331,0.499077,0.498759,0.498373,0.497919,0.497403,0.496834,0.496231,0.495613,0.495009,0.494445,0.49395,0.493553,0.493274,0.49313,0.49313,0.493274,0.493553,0.49395,0.494445,0.495009,0.495613,0.496231,0.496834,0.497403,0.497919,0.498373,0.498759,0.499077,0.499331,0.499527,0.499675,0.499782,0.499858,0.49991,0.499945,0.499967,0.499981,0.499989,0.499994,0.499997,0.499998,0.499999,0.5,0.5,0.5,0.5
0.5,0.5,0.5,0.5,0.5,0.499999,0.499998,0.499997,0.499994,0.49999,0.499983,0.499971,0.499952,0.499924,0.499882,0.499823,0.499741,0.49963,0.499487,0.499307,0.499086,0.498825,0.498527,0.498196,0.497843,0.497481,0.497124,0.49679,0.496496,0.496259,0.496093,0.496007,0.496007,0.496093,0.496259,0.496496,0.49679,0.497124,0.497481,0.497843,0.498196,0.498527,0.498825,0.499086,0.499307,0.499487,0.49963,0.499741,0.499823,0.499882,0.499924,0.499952,0.499971,0.499983,0.49999,0.499994,0.499997,0.499998,0.499999,0.5,0.5,0.5,0.5,0.5
0.5,0.5,0.5,0.5,0.5,0.5,0.499999,0.499998,0.499997,0.499995,0.499991,0.499985,0.499975,0.49996,0.499938,0.499906,0.499862,0.499802,0.499723,0.499624,0.499502,0.499356,0.499189,0.499003,0.498803,0.498596,0.498392,0.498201,0.498032,0.497895,0.497799,0.49775,0.49775,0.497799,0.497895,0.498032,0.498201,0.498392,0.498596,0.498803,0.499003,0.499189,0.499356,0.499502,0.499624,0.499723,0.499802,0.499862,0.499906,0.499938,0.49996,0.499975,0.499985,0.499991,0.499995,0.499997,0.499998,0.499999,0.5,0.5,0.5,0.5,0.5,0.5
0.5,0.5,0.5,0.5,0.5,0.5,0.5,0.499999,0.499999,0.499997,0.499995,0.499992,0.499987,0.499979,0.499968,0.499951,0.499928,0.499896,0.499854,0.4998,0.499733,0.499654,0.499562,0.499459,0.499348,0.499232,0.499118,0.49901,0.498915,0.498838,0.498783,0.498755,0.498755,0.498783,0.498838,0.498915,0.49901,0.499118,0.499232,0.499348,0.499459,0.499562,0.499654,0.499733,0.4998,0.499854,0.499896,0.499928,0.499951,0.499968,0.499979,0.499987,0.499992,0.499995,0.499997,0.499999,0.499999,0.5,0.5,0.5,0.5,0.5,0.5,0.5
0.5,0.5,0.5,0.5,0.5,0.5,0.5,0.5,0.499999,0.499999,0.499998,0.499996,0.499993,0.499989,0.499983,0.499974,0.499961,0.499944,0.49992,0.499891,0.499854,0.499809,0.499757,0.499698,0.499635,0.499569,0.499503,0.499441,0.499385,0.499341,0.499309,0.499293,0.499293,0.499309,0.499341,0.499385,0.499441,0.499503,0.499569,0.499635,0.499698,0.499757,0.499809,0.499854,0.499891,0.49992,0.499944,0.499961,0.499974,0.499983,0.499989,0.499993,0.499996,0.499998,0.499999,0.499999,0.5,0.5,0.5,0.5,0.5,0.5,0.5,0.5
0.5,0.5,0.5,0.5,0.5,0.5,0.5,0.5,0.5,0.499999,0.499999,0.499998,0.499996,0.499993,0.499989,0.499983,0.499975,0.499964,0.499948,0.499929,0.499904,0.499874,0.499839,0.4998,0.499757,0.499712,0.499667,0.499625,0.499587,0.499556,0.499535,0.499523,0.499523,0.499535,0.499556,0.499587,0.499625,0.499667,0.499712,0.499757,0.4998,0.499839,0.499874,0.499904,0.499929,0.499948,0.499964,0.499975,0.499983,0.499989,0.499993,0.499996,0.499998,0.499999,0.499999,0.5,0.5,0.5,0.5,0.5,0.5,0.5,0.5,0.5
0.5,0.5,0.5,0.5,0.5,0.5,0.5,0.5,0.5,0.499999,0.499999,0.499998,0.499996,0.499993,0.499989,0.499983,0.499975,0.499964,0.499948,0.499929,0.499904,0.499874,0.499839,0.4998,0.499757,0.499712,0.499667,0.499625,0.499587,0.499556,0.499535,0.499523,0.499523,0.499535,0.499556,0.499587,0.499625,0.499667,0.499712,0.499757,0.4998,0.499839,0.499874,0.499904,0.499929,0.499948,0.499964,0.499975,0.499983,0.499989,0.499993,0.499996,0.499998,0.499999,0.499999,0.5,0.5,0.5,0.5,0.5,0.5,0.5,0.5,0.5
