0.5,0.5,0.5,0.5,0.5,0.5,0.5,0.5,0.5,0.499999,0.499999,0.499998,0.499997,0.499994,0.499991,0.499986,0.499979,0.49997,0.499957,0.49994,0.49992,0.499895,0.499866,0.499834,0.499798,0.499762,0.499725,0.499691,0.49966,0.499635,0.499617,0.499608,0.499608,0.499617,0.499635,0.49966,0.499691,0.499725,0.499762,0.499798,0.499834,0.499866,0.499895,0.49992,0.49994,0.499957,0.49997,0.499979,0.499986,0.499991,0.499994,0.499997,0.499998,0.499999,0.499999,0.5,0.5,0.5,0.5,0.5,0.5,0.5,0.5,0.5
0.5,0.5,0.5,0.5,0.5,0.5,0.5,0.5,0.5,0.499999,0.499999,0.499998,0.499997,0.499994,0.499991,0.499986,0.499979,0.49997,0.499957,0.49994,0.49992,0.499895,0.499866,0.499834,0.499798,0.499762,0.499725,0.499691,0.49966,0.499635,0.499617,0.499608,0.499608,0.499617,0.499635,0.49966,0.499691,0.499725,0.499762,0.499798,0.499834,0.499866,0.499895,0.49992,0.49994,0.499957,0.49997,0.499979,0.499986,0.499991,0.499994,0.499997,0.499998,0.499999,0.499999,0.5,0.5,0.5,0.5,0.5,0.5,0.5,0.5,0.5
0.5,0.5,0.5,0.5,0.5,0.5,0.5,0.5,0.499999,0.499999,0.499998,0.499997,0.499994,0.499991,0.499986,0.499978,0.499968,0.499953,0.499934,0.499909,0.499878,0.499842,0.499799,0.499752,0.4997,0.499647,0.499594,0.499544,0.4995,0.499465,0.49944,0.499427,0.499427,0.49944,0.499465,0.4995,0.499544,0.499594,0.499647,0.4997,0.499752,0.499799,0.499842,0.499878,0.499909,0.499934,0.499953,0.499968,0.499978,0.499986,0.499991,0.499994,0.499997,0.499998,0.499999,0.499999,0.5,0.5,0.5,0.5,0.5,0.5,0.5,0.5
0.5,0.5,0.5,0.5,0.5,0.5,0.5,0.499999,0.499999,0.499998,0.499996,0.499994,0.499989,0.499983,0.499973,0.499959,0.49994,0.499913,0.499879,0.499835,0.499781,0.499717,0.499643,0.499561,0.499472,0.499382,0.499292,0.499208,0.499134,0.499074,0.499032,0.49901,0.49901,0.499032,0.499074,0.499134,0.499208,0.499292,0.499382,0.499472,0.499561,0.499643,0.499717,0.499781,0.499835,0.499879,0.499913,0.49994,0.499959,0.499973,0.499983,0.499989,0.499994,0.499996,0.499998,0.499999,0.499999,0.5,0.5,0.5,0.5,0.5,0.5,0.5
0.5,0.5,0.5,0.5,0.5,0.5,0.499999,0.499999,0.499998,0.499996,0.499993,0.499987,0.499979,0.499967,0.499948,0.499922,0.499885,0.499836,0.499773,0.499693,0.499595,0.49948,0.499348,0.499203,0.499048,0.498889,0.498733,0.498587,0.498459,0.498356,0.498283,0.498246,0.498246,0.498283,0.498356,0.498459,0.498587,0.498733,0.498889,0.499048,0.499203,0.499348,0.49948,0.499595,0.499693,0.499773,0.499836,0.499885,0.499922,0.499948,0.499967,0.499979,0.499987,0.499993,0.499996,0.499998,0.499999,0.499999,0.5,0.5,0.5,0.5,0.5,0.5
0.5,0.5,0.5,0.5,0.5,0.499999,0.499999,0.499997,0.499995,0.499992,0.499985,0.499975,0.49996,0.499936,0.499902,0.499853,0.499787,0.499698,0.499584,0.499441,0.499268,0.499066,0.498836,0.498584,0.498317,0.498044,0.497778,0.497531,0.497315,0.497141,0.497019,0.496956,0.496956,0.497019,0.497141,0.497315,0.497531,0.497778,0.498044,0.498317,0.498584,0.498836,0.499066,0.499268,0.499441,0.499584,0.499698,0.499787,0.499853,0.499902,0.499936,0.49996,0.499975,0.499985,0.499992,0.499995,0.499997,0.499999,0.499999,0.5,0.5,0.5,0.5,0.5
0.5,0.5,0.5,0.5,0.499999,0.499999,0.499997,0.499995,0.499991,0.499984,0.499972,0.499954,0.499925,0.499883,0.499821,0.499734,0.499615,0.49946,0.49926,0.499014,0.498718,0.498373,0.497986,0.497563,0.497119,0.496668,0.49623,0.495825,0.495471,0.495188,0.49499,0.494889,0.494889,0.49499,0.495188,0.495471,0.495825,0.49623,0.496668,0.497119,0.497563,0.497986,0.498373,0.498718,0.499014,0.49926,0.49946,0.499615,0.499734,0.499821,0.499883,0.499925,0.499954,0.499972,0.499984,0.499991,0.499995,0.499997,0.499999,0.499999,0.5,0.5,0.5,0.5
0.5,0.5,0.5,0.499999,0.499999,0.499997,0.499995,0.499991,0.499983,0.49997,0.499949,0.499916,0.499865,0.49979,0.499682,0.499532,0.499329,0.499065,0.49873,0.498318,0.497829,0.497264,0.496633,0.49595,0.495237,0.494518,0.493824,0.493184,0.492629,0.492185,0.491876,0.491717,0.491717,0.491876,0.492185,0.492629,0.493184,0.493824,0.494518,0.495237,0.49595,0.496633,0.497264,0.497829,0.498318,0.49873,0.499065,0.499329,0.499532,0.499682,0.49979,0.499865,0.499916,0.499949,0.49997,0.499983,0.499991,0.499995,0.499997,0.499999,0.499999,0.5,0.5,0.5
0.5,0.5,0.499999,0.499999,0.499998,0.499995,0.499991,0.499983,0.49997,0.499947,0.49991,0.499853,0.499766,0.499637,0.499455,0.499204,0.498868,0.498434,0.49789,0.497227,0.496446,0.495552,0.494562,0.493499,0.492397,0.491294,0.490235,0.489264,0.488424,0.487757,0.487292,0.487054,0.487054,0.487292,0.487757,0.488424,0.489264,0.490235,0.491294,0.492397,0.4935,0.494562,0.495552,0.496446,0.497227,0.49789,0.498434,0.498868,0.499204,0.499455,0.499637,0.499766,0.499853,0.49991,0.499947,0.49997,0.499983,0.499991,0.499995,0.499998,0.499999,0.499999,0.5,0.5
0.499999,0.499999,0.499999,0.499998,0.499996,0.499992,0.499984,0.49997,0.499947,0.499908,0.499846,0.499749,0.499604,0.499393,0.499095,0.498689,0.498152,0.497464,0.496609,0.49558,0.494376,0.493013,0.491515,0.489921,0.48828,0.486651,0.485096,0.483678,0.482459,0.481493,0.480823,0.48048,0.48048,0.480823,0.481493,0.482459,0.483678,0.485096,0.486651,0.48828,0.489921,0.491515,0.493013,0.494376,0.49558,0.496609,0.497464,0.498152,0.498689,0.499095,0.499393,0.499604,0.499749,0.499846,0.499908,0.499947,0.49997,0.499984,0.499992,0.499996,0.499998,0.499999,0.499999,0.499999
0.499999,0.499999,0.499998,0.499996,0.499993,0.499985,0.499972,0.499949,0.49991,0.499846,0.499744,0.499586,0.499352,0.499015,0.498544,0.497909,0.497078,0.496024,0.494727,0.493181,0.491392,0.489385,0.4872,0.484896,0.482545,0.480228,0.478032,0.476042,0.474341,0.472997,0.472069,0.471595,0.471595,0.472069,0.472997,0.474341,0.476042,0.478032,0.480228,0.482545,0.484896,0.4872,0.489385,0.491392,0.493181,0.494727,0.496024,0.497078,0.497909,0.498544,0.499015,0.499352,0.499586,0.499744,0.499846,0.49991,0.499949,0.499972,0.499985,0.499993,0.499996,0.499998,0.499999,0.499999
0.499998,0.499998,0.499997,0.499994,0.499987,0.499975,0.499954,0.499916,0.499853,0.499749,0.499586,0.499338,0.498972,0.498451,0.497731,0.496769,0.495524,0.493961,0.49206,0.489817,0.487249,0.484396,0.481323,0.478114,0.474868,0.471697,0.468714,0.46603,0.463748,0.461955,0.460719,0.46009,0.46009,0.460719,0.461955,0.463748,0.46603,0.468714,0.471697,0.474868,0.478114,0.481323,0.484396,0.487249,0.489817,0.49206,0.493961,0.495524,0.496769,0.497731,0.498451,0.498972,0.499338,0.499586,0.499749,0.499853,0.499916,0.499954,0.499975,0.499987,0.499994,0.499997,0.499998,0.499998
0.499997,0.499997,0.499994,0.499989,0.499979,0.49996,0.499925,0.499865,0.499766,0.499604,0.499352,0.498972,0.498418,0.497636,0.496569,0.495158,0.493352,0.49111,0.488414,0.485267,0.481705,0.477792,0.473623,0.469313,0.464997,0.460819,0.456923,0.453444,0.450505,0.448207,0.44663,0.445828,0.445828,0.44663,0.448207,0.450505,0.453444,0.456923,0.460819,0.464997,0.469313,0.473623,0.477792,0.481705,0.485267,0.488414,0.49111,0.493352,0.495158,0.496569,0.497636,0.498418,0.498972,0.499352,0.499604,0.499766,0.499865,0.499925,0.49996,0.499979,0.499989,0.499994,0.499997,0.499997
0.499994,0.499994,0.499991,0.499983,0.499967,0.499936,0.499883,0.49979,0.499637,0.499393,0.499015,0.498451,0.497636,0.4965,0.494965,0.492959,0.49042,0.487306,0.483603,0.479334,0.474559,0.469375,0.463914,0.458334,0.452807,0.447511,0.442618,0.438285,0.434651,0.431826,0.429896,0.428917,0.428917,0.429896,0.431826,0.434651,0.438285,0.442618,0.447511,0.452807,0.458334,0.463914,0.469375,0.474559,0.479334,0.483603,0.487306,0.49042,0.492959,0.494965,0.4965,0.497636,0.498451,0.499015,0.499393,0.499637,0.49979,0.499883,0.499936,0.499967,0.499983,0.499991,0.499994,0.499994
0.499991,0.499991,0.499986,0.499973,0.499948,0.499902,0.499821,0.499682,0.499455,0.499095,0.498544,0.497731,0.496569,0.494965,0.492824,0.490057,0.486596,0.482402,0.477478,0.471872,0.46568,0.459043,0.45214,0.445172,0.438353,0.431893,0.425987,0.420807,0.416497,0.413169,0.410907,0.409762,0.409762,0.410907,0.413169,0.416497,0.420807,0.425987,0.431893,0.438353,0.445172,0.45214,0.459043,0.46568,0.471872,0.477478,0.482402,0.486596,0.490057,0.492824,0.494965,0.496569,0.497731,0.498544,0.499095,0.499455,0.499682,0.499821,0.499902,0.499948,0.499973,0.499986,0.499991,0.499991
0.499986,0.499986,0.499978,0.499959,0.499922,0.499853,0.499734,0.499532,0.499204,0.498689,0.497909,0.496769,0.495158,0.492959,0.490057,0.486351,0.481773,0.476296,0.469948,0.462816,0.455045,0.446831,0.438402,0.43001,0.421906,0.414325,0.407476,0.401535,0.396637,0.392885,0.390349,0.38907,0.38907,0.390349,0.392885,0.396637,0.401535,0.407476,0.414325,0.421906,0.43001,0.438402,0.446831,0.455045,0.462816,0.469948,0.476296,0.481773,0.486351,0.490057,0.492959,0.495158,0.496769,0.497909,0.498689,0.499204,0.499532,0.499734,0.499853,0.499922,0.499959,0.499978,0.499986,0.499986
0.499979,0.499979,0.499967,0.49994,0.499885,0.499787,0.499615,0.499329,0.498868,0.498152,0.497078,0.495524,0.493352,0.49042,0.486596,0.481773,0.47589,0.468945,0.461004,0.452209,0.442764,0.432926,0.422983,0.413232,0.403953,0.395398,0.387775,0.381244,0.37592,0.371879,0.369165,0.367803,0.367803,0.369165,0.371879,0.37592,0.381244,0.387775,0.395398,0.403953,0.413232,0.422983,0.432926,0.442764,0.452209,0.461004,0.468945,0.47589,0.481773,0.486596,0.49042,0.493352,0.495524,0.497078,0.498152,0.498868,0.499329,0.499615,0.499787,0.499885,0.49994,0.499968,0.499979,0.499979
0.49997,0.49997,0.499953,0.499913,0.499836,0.499698,0.49946,0.499065,0.498434,0.497464,0.496024,0.493961,0.49111,0.487306,0.482402,0.476296,0.468945,0.460384,0.450738,0.440212,0.429083,0.417677,0.406338,0.395401,0.38517,0.375892,0.367756,0.360888,0.355364,0.351218,0.348457,0.347078,0.347078,0.348457,0.351218,0.355364,0.360888,0.367756,0.375892,0.38517,0.395401,0.406338,0.417677,0.429083,0.440212,0.450738,0.460384,0.468945,0.476296,0.482402,0.487306,0.49111,0.493961,0.496024,0.497464,0.498434,0.499065,0.49946,0.499698,0.499836,0.499913,0.499953,0.49997,0.49997
0.499957,0.499957,0.499934,0.499879,0.499773,0.499584,0.49926,0.49873,0.49789,0.496609,0.494727,0.49206,0.488414,0.483603,0.477478,0.469948,0.461004,0.450738,0.439342,0.427103,0.414379,0.401564,0.389055,0.377217,0.366353,0.356691,0.348378,0.341489,0.336038,0.332004,0.329346,0.328029,0.328029,0.329346,0.332004,0.336038,0.341489,0.348378,0.356691,0.366353,0.377217,0.389055,0.401564,0.414379,0.427103,0.439342,0.450738,0.461004,0.469948,0.477478,0.483603,0.488414,0.49206,0.494727,0.496609,0.49789,0.49873,0.49926,0.499584,0.499773,0.499879,0.499934,0.499957,0.499957
0.49994,0.49994,0.499909,0.499835,0.499693,0.499441,0.499014,0.498318,0.497227,0.49558,0.493181,0.489817,0.485267,0.479334,0.471872,0.462816,0.452209,0.440212,0.427103,0.413261,0.399126,0.38516,0.371802,0.35943,0.348328,0.338681,0.330573,0.324006,0.318921,0.315227,0.31283,0.311653,0.311653,0.31283,0.315227,0.318921,0.324006,0.330573,0.338681,0.348328,0.35943,0.371802,0.38516,0.399126,0.413261,0.427103,0.440212,0.452209,0.462816,0.471872,0.479334,0.485267,0.489817,0.493181,0.49558,0.497227,0.498318,0.499014,0.499441,0.499693,0.499835,0.499909,0.49994,0.49994
0.49992,0.49992,0.499878,0.499781,0.499595,0.499268,0.498718,0.497829,0.496446,0.494376,0.491392,0.487249,0.481705,0.474559,0.46568,0.455045,0.442764,0.429083,0.414379,0.399126,0.383848,0.369067,0.355249,0.342762,0.331852,0.322638,0.315122,0.309216,0.304776,0.301637,0.299644,0.298679,0.298679,0.299644,0.301637,0.304776,0.309216,0.315122,0.322638,0.331852,0.342762,0.355249,0.369067,0.383848,0.399126,0.414379,0.429083,0.442764,0.455045,0.46568,0.474559,0.481705,0.487249,0.491392,0.494376,0.496446,0.497828,0.498718,0.499268,0.499595,0.499781,0.499878,0.49992,0.49992
0.499895,0.499895,0.499842,0.499717,0.49948,0.499066,0.498373,0.497264,0.495552,0.493013,0.489385,0.484396,0.477792,0.469375,0.459043,0.446831,0.432926,0.417677,0.401564,0.38516,0.369067,0.353852,0.33999,0.32782,0.317525,0.309138,0.302563,0.297615,0.294058,0.291649,0.290176,0.289481,0.289481,0.290176,0.291649,0.294058,0.297615,0.302563,0.309138,0.317525,0.32782,0.33999,0.353852,0.369067,0.38516,0.401564,0.417677,0.432926,0.446831,0.459043,0.469375,0.477792,0.484396,0.489385,0.493013,0.495552,0.497264,0.498373,0.499066,0.49948,0.499717,0.499842,0.499895,0.499895
0.499866,0.499866,0.499799,0.499643,0.499348,0.498836,0.497986,0.496633,0.494562,0.491515,0.4872,0.481323,0.473623,0.463914,0.45214,0.438402,0.422983,0.406338,0.389055,0.371802,0.355249,0.33999,0.32649,0.315034,0.305725,0.298496,0.293143,0.289376,0.286872,0.285315,0.284438,0.28405,0.28405,0.284438,0.285315,0.286872,0.289376,0.293143,0.298496,0.305725,0.315034,0.32649,0.33999,0.355249,0.371802,0.389055,0.406338,0.422983,0.438402,0.45214,0.463914,0.473623,0.481323,0.4872,0.491515,0.494562,0.496633,0.497986,0.498836,0.499348,0.499643,0.499799,0.499866,0.499866
0.499834,0.499834,0.499752,0.499561,0.499203,0.498584,0.497563,0.49595,0.4935,0.489921,0.484896,0.478114,0.469313,0.458334,0.445172,0.43001,0.413232,0.395401,0.377217,0.35943,0.342762,0.32782,0.315034,0.304621,0.296587,0.290753,0.286806,0.284356,0.282995,0.282346,0.282097,0.282028,0.282028,0.282097,0.282346,0.282995,0.284356,0.286806,0.290753,0.296587,0.304621,0.315034,0.32782,0.342762,0.35943,0.377217,0.395401,0.413232,0.43001,0.445172,0.458334,0.469313,0.478114,0.484896,0.489921,0.493499,0.49595,0.497563,0.498584,0.499203,0.499561,0.499752,0.499834,0.499834
0.499798,0.499798,0.4997,0.499472,0.499048,0.498317,0.497119,0.495237,0.492397,0.48828,0.482545,0.474868,0.464997,0.452807,0.438353,0.421906,0.403953,0.38517,0.366353,0.348328,0.331852,0.317525,0.305725,0.296587,0.290009,0.285699,0.283238,0.282145,0.281938,0.28219,0.282556,0.2828,0.2828,0.282556,0.28219,0.281938,0.282145,0.283238,0.285699,0.290009,0.296587,0.305725,0.317525,0.331852,0.348328,0.366353,0.38517,0.403953,0.421906,0.438353,0.452807,0.464997,0.474868,0.482545,0.48828,0.492397,0.495237,0.497119,0.498317,0.499048,0.499472,0.4997,0.499798,0.499798
0.499762,0.499762,0.499647,0.499382,0.498889,0.498044,0.496668,0.494518,0.491294,0.486651,0.480228,0.471697,0.460819,0.447511,0.431893,0.414325,0.395398,0.375892,0.356691,0.338681,0.322638,0.309138,0.298496,0.290753,0.285699,0.282934,0.281939,0.282154,0.28304,0.284132,0.285066,0.285595,0.285595,0.285066,0.284132,0.28304,0.282154,0.281939,0.282934,0.285699,0.290753,0.298496,0.309138,0.322638,0.338681,0.356691,0.375892,0.395398,0.414325,0.431893,0.447511,0.460819,0.471697,0.480228,0.486651,0.491294,0.494518,0.496668,0.498044,0.498889,0.499382,0.499647,0.499762,0.499762
0.499725,0.499725,0.499594,0.499292,0.498733,0.497778,0.49623,0.493824,0.490235,0.485096,0.478032,0.468714,0.456923,0.442618,0.425987,0.407476,0.387775,0.367756,0.348378,0.330573,0.315122,0.302563,0.293143,0.286806,0.283238,0.281939,0.282304,0.283708,0.28557,0.287402,0.288831,0.289607,0.289607,0.288831,0.287402,0.28557,0.283708,0.282304,0.281939,0.283238,0.286806,0.293143,0.302563,0.315122,0.330573,0.348378,0.367756,0.387775,0.407476,0.425987,0.442618,0.456923,0.468714,0.478032,0.485096,0.490235,0.493824,0.49623,0.497778,0.498733,0.499292,0.499594,0.499725,0.499725
0.499691,0.499691,0.499544,0.499208,0.498587,0.497531,0.495825,0.493184,0.489264,0.483678,0.476042,0.46603,0.453444,0.438285,0.420807,0.401535,0.381244,0.360888,0.341489,0.324006,0.309216,0.297615,0.289376,0.284356,0.282145,0.282154,0.283708,0.286132,0.288819,0.291266,0.293102,0.29408,0.29408,0.293102,0.291266,0.288819,0.286132,0.283708,0.282154,0.282145,0.284356,0.289376,0.297615,0.309216,0.324006,0.341489,0.360888,0.381244,0.401535,0.420807,0.438285,0.453444,0.46603,0.476042,0.483678,0.489264,0.493184,0.495825,0.497531,0.498587,0.499208,0.499544,0.499691,0.499691
0.49966,0.49966,0.4995,0.499134,0.498459,0.497315,0.495471,0.492629,0.488424,0.482459,0.474341,0.463748,0.450505,0.434651,0.416497,0.396637,0.37592,0.355364,0.336038,0.318921,0.304776,0.294058,0.286872,0.282995,0.281938,0.28304,0.28557,0.288819,0.29216,0.295091,0.297241,0.298374,0.298374,0.297241,0.295091,0.29216,0.288819,0.28557,0.28304,0.281938,0.282995,0.286872,0.294058,0.304776,0.318921,0.336038,0.355364,0.37592,0.396637,0.416497,0.434651,0.450505,0.463748,0.474341,0.482459,0.488424,0.492629,0.495471,0.497315,0.498459,0.499134,0.4995,0.49966,0.49966
0.499635,0.499635,0.499465,0.499074,0.498356,0.497141,0.495188,0.492185,0.487757,0.481493,0.472997,0.461955,0.448207,0.431826,0.413169,0.392885,0.371879,0.351218,0.332004,0.315227,0.301637,0.291649,0.285315,0.282346,0.28219,0.284132,0.287402,0.291266,0.295091,0.298372,0.30075,0.301993,0.301993,0.30075,0.298372,0.295091,0.291266,0.287402,0.284132,0.28219,0.282346,0.285315,0.291649,0.301637,0.315227,0.332004,0.351218,0.371879,0.392885,0.413169,0.431826,0.448207,0.461955,0.472997,0.481493,0.487757,0.492185,0.495188,0.497141,0.498356,0.499074,0.499465,0.499635,0.499635
0.499617,0.499617,0.49944,0.499032,0.498283,0.497019,0.49499,0.491876,0.487292,0.480823,0.472069,0.460719,0.44663,0.429896,0.410907,0.390349,0.369165,0.348457,0.329346,0.31283,0.299644,0.290176,0.284438,0.282097,0.282556,0.285066,0.288831,0.293102,0.297241,0.30075,0.303272,0.304587,0.304587,0.303272,0.30075,0.297241,0.293102,0.288831,0.285066,0.282556,0.282097,0.284438,0.290176,0.299644,0.31283,0.329346,0.348457,0.369165,0.390349,0.410907,0.429896,0.44663,0.460719,0.472069,0.480823,0.487292,0.491876,0.49499,0.497019,0.498283,0.499032,0.49944,0.499617,0.499617
0.499608,0.499608,0.499427,0.49901,0.498246,0.496956,0.494889,0.491717,0.487054,0.48048,0.471595,0.46009,0.445828,0.428917,0.409762,0.38907,0.367803,0.347078,0.328029,0.311653,0.298679,0.289481,0.28405,0.282028,0.2828,0.285595,0.289607,0.29408,0.298374,0.301993,0.304587,0.305936,0.305936,0.304587,0.301993,0.298374,0.29408,0.289607,0.285595,0.2828,0.282028,0.28405,0.289481,0.298679,0.311653,0.328029,0.347078,0.367803,0.38907,0.409762,0.428917,0.445828,0.46009,0.471595,0.48048,0.487054,0.491717,0.494889,0.496956,0.498246,0.49901,0.499427,0.499608,0.499608
0.499608,0.499608,0.499427,0.49901,0.498246,0.496956,0.494889,0.491717,0.487054,0.48048,0.471595,0.46009,0.445828,0.428917,0.409762,0.38907,0.367803,0.347078,0.328029,0.311653,0.298679,0.289481,0.28405,0.282028,0.2828,0.285595,0.289607,0.29408,0.298374,0.301993,0.304587,0.305936,0.305936,0.304587,0.301993,0.298374,0.29408,0.289607,0.285595,0.2828,0.282028,0.28405,0.289481,0.298679,0.311653,0.328029,0.347078,0.367803,0.38907,0.409762,0.428917,0.445828,0.46009,0.471595,0.48048,0.487054,0.491717,0.494889,0.496956,0.498246,0.49901,0.499427,0.499608,0.499608
0.499617,0.499617,0.49944,0.499032,0.498283,0.497019,0.49499,0.491876,0.487292,0.480823,0.472069,0.460719,0.44663,0.429896,0.410907,0.390349,0.369165,0.348457,0.329346,0.31283,0.299644,0.290176,0.284438,0.282097,0.282556,0.285066,0.288831,0.293102,0.297241,0.30075,0.303272,0.304587,0.304587,0.303272,0.30075,0.297241,0.293102,0.288831,0.285066,0.282556,0.282097,0.284438,0.290176,0.299644,0.31283,0.329346,0.348457,0.369165,0.390349,0.410907,0.429896,0.44663,0.460719,0.472069,0.480823,0.487292,0.491876,0.49499,0.497019,0.498283,0.499032,0.49944,0.499617,0.499617
0.499635,0.499635,0.499465,0.499074,0.498356,0.497141,0.495188,0.492185,0.487757,0.481493,0.472997,0.461955,0.448207,0.431826,0.413169,0.392885,0.371879,0.351218,0.332004,0.315227,0.301637,0.291649,0.285315,0.282346,0.28219,0.284132,0.287402,0.291266,0.295091,0.298372,0.30075,0.301993,0.301993,0.30075,0.298372,0.295091,0.291266,0.287402,0.284132,0.28219,0.282346,0.285315,0.291649,0.301637,0.315227,0.332004,0.351218,0.371879,0.392885,0.413169,0.431826,0.448207,0.461955,0.472997,0.481493,0.487757,0.492185,0.495188,0.497141,0.498356,0.499074,0.499465,0.499635,0.499635
0.49966,0.49966,0.4995,0.499134,0.498459,0.497315,0.495471,0.492629,0.488424,0.482459,0.474341,0.463748,0.450505,0.434651,0.416497,0.396637,0.37592,0.355364,0.336038,0.318921,0.304776,0.294058,0.286872,0.282995,0.281938,0.28304,0.28557,0.288819,0.29216,0.295091,0.297241,0.298374,0.298374,0.297241,0.295091,0.29216,0.288819,0.28557,0.28304,0.281938,0.282995,0.286872,0.294058,0.304776,0.318921,0.336038,0.355364,0.37592,0.396637,0.416497,0.434651,0.450505,0.463748,0.474341,0.482459,0.488424,0.492629,0.495471,0.497315,0.498459,0.499134,0.4995,0.49966,0.49966
0.499691,0.499691,0.499544,0.499208,0.498587,0.497531,0.495825,0.493184,0.489264,0.483678,0.476042,0.46603,0.453444,0.438285,0.420807,0.401535,0.381244,0.360888,0.341489,0.324006,0.309216,0.297615,0.289376,0.284356,0.282145,0.282154,0.283708,0.286132,0.288819,0.291266,0.293102,0.29408,0.29408,0.293102,0.291266,0.288819,0.286132,0.283708,0.282154,0.282145,0.284356,0.289376,0.297615,0.309216,0.324006,0.341489,0.360888,0.381244,0.401535,0.420807,0.438285,0.453444,0.46603,0.476042,0.483678,0.489264,0.493184,0.495825,0.497531,0.498587,0.499208,0.499544,0.499691,0.499691
0.499725,0.499725,0.499594,0.499292,0.498733,0.497778,0.49623,0.493824,0.490235,0.485096,0.478032,0.468714,0.456923,0.442618,0.425987,0.407476,0.387775,0.367756,0.348378,0.330573,0.315122,0.302563,0.293143,0.286806,0.283238,0.281939,0.282304,0.283708,0.28557,0.287402,0.288831,0.289607,0.289607,0.288831,0.287402,0.28557,0.283708,0.282304,0.281939,0.283238,0.286806,0.293143,0.302563,0.315122,0.330573,0.348378,0.367756,0.387775,0.407476,0.425987,0.442618,0.456923,0.468714,0.478032,0.485096,0.490235,0.493824,0.49623,0.497778,0.498733,0.499292,0.499594,0.499725,0.499725
0.499762,0.499762,0.499647,0.499382,0.498889,0.498044,0.496668,0.494518,0.491294,0.486651,0.480228,0.471697,0.460819,0.447511,0.431893,0.414325,0.395398,0.375892,0.356691,0.338681,0.322638,0.309138,0.298496,0.290753,0.285699,0.282934,0.281939,0.282154,0.28304,0.284132,0.285066,0.285595,0.285595,0.285066,0.284132,0.28304,0.282154,0.281939,0.282934,0.285699,0.290753,0.298496,0.309138,0.322638,0.338681,0.356691,0.375892,0.395398,0.414325,0.431893,0.447511,0.460819,0.471697,0.480228,0.486651,0.491294,0.494518,0.496668,0.498044,0.498889,0.499382,0.499647,0.499762,0.499762
0.499798,0.499798,0.4997,0.499472,0.499048,0.498317,0.497119,0.495237,0.492397,0.48828,0.482545,0.474868,0.464997,0.452807,0.438353,0.421906,0.403953,0.38517,0.366353,0.348328,0.331852,0.317525,0.305725,0.296587,0.290009,0.285699,0.283238,0.282145,0.281938,0.28219,0.282556,0.2828,0.2828,0.282556,0.28219,0.281938,0.282145,0.283238,0.285699,0.290009,0.296587,0.305725,0.317525,0.331852,0.348328,0.366353,0.38517,0.403953,0.421906,0.438353,0.452807,0.464997,0.474868,0.482545,0.48828,0.492397,0.495237,0.497119,0.498317,0.499048,0.499472,0.4997,0.499798,0.499798
0.499834,0.499834,0.499752,0.499561,0.499203,0.498584,0.497563,0.49595,0.4935,0.489921,0.484896,0.478114,0.469313,0.458334,0.445172,0.43001,0.413232,0.395401,0.377217,0.35943,0.342762,0.32782,0.315034,0.304621,0.296587,0.290753,0.286805,0.284356,0.282995,0.282346,0.282097,0.282028,0.282028,0.282097,0.282346,0.282995,0.284356,0.286806,0.290753,0.296587,0.304621,0.315034,0.32782,0.342762,0.35943,0.377217,0.395401,0.413232,0.43001,0.445172,0.458334,0.469313,0.478114,0.484896,0.489921,0.493499,0.49595,0.497563,0.498584,0.499203,0.499561,0.499752,0.499834,0.499834
0.499866,0.499866,0.499799,0.499643,0.499348,0.498836,0.497986,0.496633,0.494562,0.491515,0.4872,0.481323,0.473623,0.463914,0.45214,0.438402,0.422983,0.406338,0.389055,0.371802,0.355249,0.33999,0.32649,0.315034,0.305725,0.298496,0.293143,0.289376,0.286872,0.285315,0.284438,0.28405,0.28405,0.284438,0.285315,0.286872,0.289376,0.293143,0.298496,0.305725,0.315034,0.32649,0.33999,0.355249,0.371802,0.389055,0.406338,0.422983,0.438402,0.45214,0.463914,0.473623,0.481323,0.4872,0.491515,0.494562,0.496633,0.497986,0.498836,0.499348,0.499643,0.499799,0.499866,0.499866
0.499895,0.499895,0.499842,0.499717,0.49948,0.499066,0.498373,0.497264,0.495552,0.493013,0.489385,0.484396,0.477792,0.469375,0.459043,0.446831,0.432926,0.417677,0.401564,0.38516,0.369067,0.353852,0.33999,0.32782,0.317525,0.309138,0.302563,0.297615,0.294057,0.291649,0.290176,0.289481,0.289481,0.290176,0.291649,0.294058,0.297615,0.302563,0.309138,0.317525,0.32782,0.33999,0.353852,0.369067,0.38516,0.401564,0.417677,0.432926,0.446831,0.459043,0.469375,0.477792,0.484396,0.489385,0.493013,0.495552,0.497264,0.498373,0.499066,0.49948,0.499717,0.499842,0.499895,0.499895
0.49992,0.49992,0.499878,0.499781,0.499595,0.499268,0.498718,0.497829,0.496446,0.494376,0.491392,0.487249,0.481705,0.474559,0.46568,0.455045,0.442764,0.429083,0.414379,0.399126,0.383848,0.369067,0.355249,0.342762,0.331852,0.322638,0.315122,0.309216,0.304776,0.301637,0.299644,0.298679,0.298679,0.299644,0.301637,0.304776,0.309216,0.315122,0.322638,0.331852,0.342762,0.355249,0.369067,0.383848,0.399126,0.414379,0.429083,0.442764,0.455045,0.46568,0.474559,0.481705,0.487249,0.491392,0.494376,0.496446,0.497828,0.498718,0.499268,0.499595,0.499781,0.499878,0.49992,0.49992
0.49994,0.49994,0.499909,0.499835,0.499693,0.499441,0.499014,0.498318,0.497227,0.49558,0.493181,0.489817,0.485267,0.479334,0.471872,0.462816,0.452209,0.440212,0.427103,0.413261,0.399126,0.38516,0.371802,0.35943,0.348328,0.338681,0.330573,0.324006,0.318921,0.315227,0.31283,0.311653,0.311653,0.31283,0.315227,0.318921,0.324006,0.330573,0.338681,0.348328,0.35943,0.371802,0.38516,0.399126,0.413261,0.427103,0.440212,0.452209,0.462816,0.471872,0.479334,0.485267,0.489817,0.493181,0.49558,0.497227,0.498318,0.499014,0.499441,0.499693,0.499835,0.499909,0.49994,0.49994
0.499957,0.499957,0.499934,0.499879,0.499773,0.499584,0.49926,0.49873,0.49789,0.496609,0.494727,0.49206,0.488414,0.483603,0.477478,0.469948,0.461004,0.450738,0.439342,0.427103,0.414379,0.401564,0.389055,0.377217,0.366353,0.356691,0.348378,0.341489,0.336038,0.332004,0.329346,0.328029,0.328029,0.329346,0.332004,0.336038,0.341489,0.348378,0.356691,0.366353,0.377217,0.389055,0.401564,0.414379,0.427103,0.439342,0.450738,0.461004,0.469948,0.477478,0.483603,0.488414,0.49206,0.494727,0.496609,0.49789,0.49873,0.49926,0.499584,0.499773,0.499879,0.499934,0.499957,0.499957
0.49997,0.49997,0.499953,0.499913,0.499836,0.499698,0.49946,0.499065,0.498434,0.497464,0.496024,0.493961,0.49111,0.487306,0.482402,0.476296,0.468945,0.460384,0.450738,0.440212,0.429083,0.417677,0.406338,0.395401,0.38517,0.375892,0.367756,0.360888,0.355364,0.351218,0.348457,0.347078,0.347078,0.348457,0.351218,0.355364,0.360888,0.367756,0.375892,0.38517,0.395401,0.406338,0.417677,0.429083,0.440212,0.450738,0.460384,0.468945,0.476296,0.482402,0.487306,0.49111,0.493961,0.496024,0.497464,0.498434,0.499065,0.49946,0.499698,0.499836,0.499913,0.499953,0.49997,0.49997
0.499979,0.499979,0.499967,0.49994,0.499885,0.499787,0.499615,0.499329,0.498868,0.498152,0.497078,0.495524,0.493352,0.49042,0.486596,0.481773,0.47589,0.468945,0.461004,0.452209,0.442764,0.432926,0.422983,0.413232,0.403953,0.395398,0.387775,0.381244,0.37592,0.371879,0.369165,0.367803,0.367803,0.369165,0.371879,0.37592,0.381244,0.387775,0.395398,0.403953,0.413232,0.422983,0.432926,0.442764,0.452209,0.461004,0.468945,0.47589,0.481773,0.486596,0.49042,0.493352,0.495524,0.497078,0.498152,0.498868,0.499329,0.499615,0.499787,0.499885,0.49994,0.499968,0.499979,0.499979
0.499986,0.499986,0.499978,0.499959,0.499922,0.499853,0.499734,0.499532,0.499204,0.498689,0.497909,0.496769,0.495158,0.492959,0.490057,0.486351,0.481773,0.476296,0.469948,0.462816,0.455045,0.446831,0.438402,0.43001,0.421906,0.414325,0.407476,0.401535,0.396637,0.392885,0.390349,0.38907,0.38907,0.390349,0.392885,0.396637,0.401535,0.407476,0.414325,0.421906,0.43001,0.438402,0.446831,0.455045,0.462816,0.469948,0.476296,0.481773,0.486351,0.490057,0.492959,0.495158,0.496769,0.497909,0.498689,0.499204,0.499532,0.499734,0.499853,0.499922,0.499959,0.499978,0.499986,0.499986
0.499991,0.499991,0.499986,0.499973,0.499948,0.499902,0.499821,0.499682,0.499455,0.499095,0.498544,0.497731,0.496569,0.494965,0.492824,0.490057,0.486596,0.482402,0.477478,0.471872,0.46568,0.459043,0.45214,0.445172,0.438353,0.431893,0.425987,0.420807,0.416497,0.413169,0.410907,0.409762,0.409762,0.410907,0.413169,0.416497,0.420807,0.425987,0.431893,0.438353,0.445172,0.45214,0.459043,0.46568,0.471872,0.477478,0.482402,0.486596,0.490057,0.492824,0.494965,0.496569,0.497731,0.498544,0.499095,0.499455,0.499682,0.499821,0.499902,0.499948,0.499973,0.499986,0.499991,0.499991
0.499994,0.499994,0.499991,0.499983,0.499967,0.499936,0.499883,0.49979,0.499637,0.499393,0.499015,0.498451,0.497636,0.4965,0.494965,0.492959,0.49042,0.487306,0.483603,0.479334,0.474559,0.469375,0.463914,0.458334,0.452807,0.447511,0.442618,0.438285,0.434651,0.431826,0.429896,0.428917,0.428917,0.429896,0.431826,0.434651,0.438285,0.442618,0.447511,0.452807,0.458334,0.463914,0.469375,0.474559,0.479334,0.483603,0.487306,0.49042,0.492959,0.494965,0.4965,0.497636,0.498451,0.499015,0.499393,0.499637,0.49979,0.499883,0.499936,0.499967,0.499983,0.499991,0.499994,0.499994
0.499997,0.499997,0.499994,0.499989,0.499979,0.49996,0.499925,0.499865,0.499766,0.499604,0.499352,0.498972,0.498418,0.497636,0.496569,0.495158,0.493352,0.49111,0.488414,0.485267,0.481705,0.477792,0.473623,0.469313,0.464997,0.460819,0.456923,0.453444,0.450505,0.448207,0.44663,0.445828,0.445828,0.44663,0.448207,0.450505,0.453444,0.456923,0.460819,0.464997,0.469313,0.473623,0.477792,0.481705,0.485267,0.488414,0.49111,0.493352,0.495158,0.496569,0.497636,0.498418,0.498972,0.499352,0.499604,0.499766,0.499865,0.499925,0.49996,0.499979,0.499989,0.499994,0.499997,0.499997
0.499998,0.499998,0.499997,0.499994,0.499987,0.499975,0.499954,0.499916,0.499853,0.499749,0.499586,0.499338,0.498972,0.498451,0.497731,0.496769,0.495524,0.493961,0.49206,0.489817,0.487249,0.484396,0.481323,0.478114,0.474868,0.471697,0.468714,0.46603,0.463748,0.461955,0.460719,0.46009,0.46009,0.460719,0.461955,0.463748,0.46603,0.468714,0.471697,0.474868,0.478114,0.481323,0.484396,0.487249,0.489817,0.49206,0.493961,0.495524,0.496769,0.497731,0.498451,0.498972,0.499338,0.499586,0.499749,0.499853,0.499916,0.499954,0.499975,0.499987,0.499994,0.499997,0.499998,0.499998
0.499999,0.499999,0.499998,0.499996,0.499993,0.499985,0.499972,0.499949,0.49991,0.499846,0.499744,0.499586,0.499352,0.499015,0.498544,0.497909,0.497078,0.496024,0.494727,0.493181,0.491392,0.489385,0.4872,0.484896,0.482545,0.480228,0.478032,0.476042,0.474341,0.472997,0.472069,0.471595,0.471595,0.472069,0.472997,0.474341,0.476042,0.478032,0.480228,0.482545,0.484896,0.4872,0.489385,0.491392,0.493181,0.494727,0.496024,0.497078,0.497909,0.498544,0.499015,0.499352,0.499586,0.499744,0.499846,0.49991,0.499949,0.499972,0.499985,0.499993,0.499996,0.499998,0.499999,0.499999
0.499999,0.499999,0.499999,0.499998,0.499996,0.499992,0.499984,0.49997,0.499947,0.499908,0.499846,0.499749,0.499604,0.499393,0.499095,0.498689,0.498152,0.497464,0.496609,0.49558,0.494376,0.493013,0.491515,0.489921,0.48828,0.486651,0.485096,0.483678,0.482459,0.481493,0.480823,0.48048,0.48048,0.480823,0.481493,0.482459,0.483678,0.485096,0.486651,0.48828,0.489921,0.491515,0.493013,0.494376,0.49558,0.496609,0.497464,0.498152,0.498689,0.499095,0.499393,0.499604,0.499749,0.499846,0.499908,0.499947,0.49997,0.499984,0.499992,0.499996,0.499998,0.499999,0.499999,0.499999
0.5,0.5,0.499999,0.499999,0.499998,0.499995,0.499991,0.499983,0.49997,0.499947,0.49991,0.499853,0.499766,0.499637,0.499455,0.499204,0.498868,0.498434,0.49789,0.497227,0.496446,0.495552,0.494562,0.493499,0.492397,0.491294,0.490235,0.489264,0.488424,0.487757,0.487292,0.487054,0.487054,0.487292,0.487757,0.488424,0.489264,0.490235,0.491294,0.492397,0.4935,0.494562,0.495552,0.496446,0.497227,0.49789,0.498434,0.498868,0.499204,0.499455,0.499637,0.499766,0.499853,0.49991,0.499947,0.49997,0.499983,0.499991,0.499995,0.499998,0.499999,0.499999,0.5,0.5
0.5,0.5,0.5,0.499999,0.499999,0.499997,0.499995,0.499991,0.499983,0.49997,0.499949,0.499916,0.499865,0.49979,0.499682,0.499532,0.499329,0.499065,0.49873,0.498318,0.497829,0.497264,0.496633,0.49595,0.495237,0.494518,0.493824,0.493184,0.492629,0.492185,0.491876,0.491717,0.491717,0.491876,0.492185,0.492629,0.493184,0.493824,0.494518,0.495237,0.49595,0.496633,0.497264,0.497829,0.498318,0.49873,0.499065,0.499329,0.499532,0.499682,0.49979,0.499865,0.499916,0.499949,0.49997,0.499983,0.499991,0.499995,0.499997,0.499999,0.499999,0.5,0.5,0.5
0.5,0.5,0.5,0.5,0.499999,0.499999,0.499997,0.499995,0.499991,0.499984,0.499972,0.499954,0.499925,0.499883,0.499821,0.499734,0.499615,0.49946,0.49926,0.499014,0.498718,0.498373,0.497986,0.497563,0.497119,0.496668,0.49623,0.495825,0.495471,0.495188,0.49499,0.494889,0.494889,0.49499,0.495188,0.495471,0.495825,0.49623,0.496668,0.497119,0.497563,0.497986,0.498373,0.498718,0.499014,0.49926,0.49946,0.499615,0.499734,0.499821,0.499883,0.499925,0.499954,0.499972,0.499984,0.499991,0.499995,0.499997,0.499999,0.499999,0.5,0.5,0.5,0.5
0.5,0.5,0.5,0.5,0.5,0.499999,0.499999,0.499997,0.499995,0.499992,0.499985,0.499975,0.49996,0.499936,0.499902,0.499853,0.499787,0.499698,0.499584,0.499441,0.499268,0.499066,0.498836,0.498584,0.498317,0.498044,0.497778,0.497531,0.497315,0.497141,0.497019,0.496956,0.496956,0.497019,0.497141,0.497315,0.497531,0.497778,0.498044,0.498317,0.498584,0.498836,0.499066,0.499268,0.499441,0.499584,0.499698,0.499787,0.499853,0.499902,0.499936,0.49996,0.499975,0.499985,0.499992,0.499995,0.499997,0.499999,0.499999,0.5,0.5,0.5,0.5,0.5
0.5,0.5,0.5,0.5,0.5,0.5,0.499999,0.499999,0.499998,0.499996,0.499993,0.499987,0.499979,0.499967,0.499948,0.499922,0.499885,0.499836,0.499773,0.499693,0.499595,0.49948,0.499348,0.499203,0.499048,0.498889,0.498733,0.498587,0.498459,0.498356,0.498283,0.498246,0.498246,0.498283,0.498356,0.498459,0.498587,0.498733,0.498889,0.499048,0.499203,0.499348,0.49948,0.499595,0.499693,0.499773,0.499836,0.499885,0.499922,0.499948,0.499967,0.499979,0.499987,0.499993,0.499996,0.499998,0.499999,0.499999,0.5,0.5,0.5,0.5,0.5,0.5
0.5,0.5,0.5,0.5,0.5,0.5,0.5,0.499999,0.499999,0.499998,0.499996,0.499994,0.499989,0.499983,0.499973,0.499959,0.49994,0.499913,0.499879,0.499835,0.499781,0.499717,0.499643,0.499561,0.499472,0.499382,0.499292,0.499208,0.499134,0.499074,0.499032,0.49901,0.49901,0.499032,0.499074,0.499134,0.499208,0.499292,0.499382,0.499472,0.499561,0.499643,0.499717,0.499781,0.499835,0.499879,0.499913,0.49994,0.499959,0.499973,0.499983,0.499989,0.499994,0.499996,0.499998,0.499999,0.499999,0.5,0.5,0.5,0.5,0.5,0.5,0.5
0.5,0.5,0.5,0.5,0.5,0.5,0.5,0.5,0.499999,0.499999,0.499998,0.499997,0.499994,0.499991,0.499986,0.499978,0.499968,0.499953,0.499934,0.499909,0.499878,0.499842,0.499799,0.499752,0.4997,0.499647,0.499594,0.499544,0.4995,0.499465,0.49944,0.499427,0.499427,0.49944,0.499465,0.4995,0.499544,0.499594,0.499647,0.4997,0.499752,0.499799,0.499842,0.499878,0.499909,0.499934,0.499953,0.499968,0.499978,0.499986,0.499991,0.499994,0.499997,0.499998,0.499999,0.499999,0.5,0.5,0.5,0.5,0.5,0.5,0.5,0.5
0.5,0.5,0.5,0.5,0.5,0.5,0.5,0.5,0.5,0.499999,0.499999,0.499998,0.499997,0.499994,0.499991,0.499986,0.499979,0.49997,0.499957,0.49994,0.49992,0.499895,0.499866,0.499834,0.499798,0.499762,0.499725,0.499691,0.49966,0.499635,0.499617,0.499608,0.499608,0.499617,0.499635,0.49966,0.499691,0.499725,0.499762,0.499798,0.499834,0.499866,0.499895,0.49992,0.49994,0.499957,0.49997,0.499979,0.499986,0.499991,0.499994,0.499997,0.499998,0.499999,0.499999,0.5,0.5,0.5,0.5,0.5,0.5,0.5,0.5,0.5
0.5,0.5,0.5,0.5,0.5,0.5,0.5,0.5,0.5,0.499999,0.499999,0.499998,0.499997,0.499994,0.499991,0.499986,0.499979,0.49997,0.499957,0.49994,0.49992,0.499895,0.499866,0.499834,0.499798,0.499762,0.499725,0.499691,0.49966,0.499635,0.499617,0.499608,0.499608,0.499617,0.499635,0.49966,0.499691,0.499725,0.499762,0.499798,0.499834,0.499866,0.499895,0.49992,0.49994,0.499957,0.49997,0.499979,0.499986,0.499991,0.499994,0.499997,0.499998,0.499999,0.499999,0.5,0.5,0.5,0.5,0.5,0.5,0.5,0.5,0.5
