0.5,0.5,0.5,0.5,0.5,0.5,0.5,0.5,0.5,0.5,0.5,0.5,0.5,0.5,0.5,0.5,0.5,0.499999,0.499999,0.499999,0.499998,0.499997,0.499996,0.499995,0.499994,0.499993,0.499992,0.49999,0.499989,0.499988,0.499988,0.499987,0.499987,0.499988,0.499988,0.499989,0.49999,0.499992,0.499993,0.499994,0.499995,0.499996,0.499997,0.499998,0.499999,0.499999,0.499999,0.5,0.5,0.5,0.5,0.5,0.5,0.5,0.5,0.5,0.5,0.5,0.5,0.5,0.5,0.5,0.5,0.5
0.5,0.5,0.5,0.5,0.5,0.5,0.5,0.5,0.5,0.5,0.5,0.5,0.5,0.5,0.5,0.5,0.5,0.499999,0.499999,0.499999,0.499998,0.499997,0.499996,0.499995,0.499994,0.499993,0.499992,0.49999,0.499989,0.499988,0.499988,0.499987,0.499987,0.499988,0.499988,0.499989,0.49999,0.499992,0.499993,0.499994,0.499995,0.499996,0.499997,0.499998,0.499999,0.499999,0.499999,0.5,0.5,0.5,0.5,0.5,0.5,0.5,0.5,0.5,0.5,0.5,0.5,0.5,0.5,0.5,0.5,0.5
0.5,0.5,0.5,0.5,0.5,0.5,0.5,0.5,0.5,0.5,0.5,0.5,0.5,0.5,0.5,0.5,0.499999,0.499999,0.499998,0.499998,0.499997,0.499995,0.499994,0.499992,0.49999,0.499988,0.499986,0.499984,0.499982,0.49998,0.499979,0.499979,0.499979,0.499979,0.49998,0.499982,0.499984,0.499986,0.499988,0.49999,0.499992,0.499994,0.499995,0.499997,0.499998,0.499998,0.499999,0.499999,0.5,0.5,0.5,0.5,0.5,0.5,0.5,0.5,0.5,0.5,0.5,0.5,0.5,0.5,0.5,0.5
0.5,0.5,0.5,0.5,0.5,0.5,0.5,0.5,0.5,0.5,0.5,0.5,0.5,0.5,0.499999,0.499999,0.499998,0.499998,0.499996,0.499995,0.499993,0.49999,0.499987,0.499984,0.49998,0.499976,0.499972,0.499967,0.499964,0.499961,0.499959,0.499957,0.499957,0.499959,0.499961,0.499964,0.499967,0.499972,0.499976,0.49998,0.499984,0.499987,0.49999,0.499993,0.499995,0.499996,0.499998,0.499998,0.499999,0.499999,0.5,0.5,0.5,0.5,0.5,0.5,0.5,0.5,0.5,0.5,0.5,0.5,0.5,0.5
0.5,0.5,0.5,0.5,0.5,0.5,0.5,0.5,0.5,0.5,0.5,0.5,0.5,0.499999,0.499999,0.499998,0.499997,0.499995,0.499993,0.499989,0.499985,0.49998,0.499974,0.499967,0.499959,0.49995,0.499942,0.499934,0.499926,0.49992,0.499916,0.499913,0.499913,0.499916,0.49992,0.499926,0.499934,0.499942,0.49995,0.499959,0.499967,0.499974,0.49998,0.499985,0.499989,0.499993,0.499995,0.499997,0.499998,0.499999,0.499999,0.5,0.5,0.5,0.5,0.5,0.5,0.5,0.5,0.5,0.5,0.5,0.5,0.5
0.5,0.5,0.5,0.5,0.5,0.5,0.5,0.5,0.5,0.5,0.5,0.499999,0.499999,0.499998,0.499997,0.499996,0.499993,0.49999,0.499985,0.499978,0.49997,0.49996,0.499947,0.499933,0.499918,0.499901,0.499884,0.499868,0.499853,0.499841,0.499833,0.499828,0.499828,0.499833,0.499841,0.499853,0.499868,0.499884,0.499901,0.499918,0.499933,0.499947,0.49996,0.49997,0.499978,0.499985,0.49999,0.499993,0.499996,0.499997,0.499998,0.499999,0.499999,0.5,0.5,0.5,0.5,0.5,0.5,0.5,0.5,0.5,0.5,0.5
0.5,0.5,0.5,0.5,0.5,0.5,0.5,0.5,0.5,0.5,0.499999,0.499999,0.499998,0.499997,0.499994,0.499991,0.499986,0.499979,0.49997,0.499957,0.499941,0.499921,0.499897,0.49987,0.49984,0.499808,0.499776,0.499745,0.499717,0.499695,0.499679,0.49967,0.49967,0.499679,0.499695,0.499717,0.499745,0.499776,0.499808,0.49984,0.49987,0.499897,0.499921,0.499941,0.499957,0.49997,0.499979,0.499986,0.499991,0.499994,0.499997,0.499998,0.499999,0.499999,0.5,0.5,0.5,0.5,0.5,0.5,0.5,0.5,0.5,0.5
0.5,0.5,0.5,0.5,0.5,0.5,0.5,0.5,0.5,0.499999,0.499999,0.499998,0.499996,0.499993,0.499989,0.499982,0.499973,0.49996,0.499942,0.499918,0.499887,0.49985,0.499806,0.499755,0.499699,0.499641,0.499581,0.499525,0.499475,0.499433,0.499404,0.499389,0.499389,0.499404,0.499433,0.499475,0.499525,0.499581,0.499641,0.499699,0.499755,0.499806,0.49985,0.499887,0.499918,0.499942,0.49996,0.499973,0.499982,0.499989,0.499993,0.499996,0.499998,0.499999,0.499999,0.5,0.5,0.5,0.5,0.5,0.5,0.5,0.5,0.5
0.5,0.5,0.5,0.5,0.5,0.5,0.5,0.5,0.499999,0.499999,0.499997,0.499996,0.499992,0.499987,0.499979,0.499967,0.499949,0.499925,0.499891,0.499848,0.499793,0.499725,0.499645,0.499554,0.499455,0.49935,0.499245,0.499146,0.499057,0.498984,0.498933,0.498907,0.498907,0.498933,0.498984,0.499057,0.499146,0.499245,0.49935,0.499455,0.499554,0.499645,0.499725,0.499793,0.499848,0.499891,0.499925,0.499949,0.499967,0.499979,0.499987,0.499992,0.499996,0.499997,0.499999,0.499999,0.5,0.5,0.5,0.5,0.5,0.5,0.5,0.5
0.5,0.5,0.5,0.5,0.5,0.5,0.5,0.499999,0.499999,0.499997,0.499995,0.499992,0.499986,0.499976,0.499961,0.499939,0.499908,0.499864,0.499805,0.499727,0.49963,0.499512,0.499373,0.499216,0.499044,0.498865,0.498686,0.498516,0.498365,0.498242,0.498155,0.49811,0.49811,0.498155,0.498242,0.498365,0.498516,0.498686,0.498865,0.499044,0.499216,0.499373,0.499512,0.49963,0.499727,0.499805,0.499864,0.499908,0.499939,0.499961,0.499976,0.499986,0.499992,0.499995,0.499997,0.499999,0.499999,0.5,0.5,0.5,0.5,0.5,0.5,0.5
0.5,0.5,0.5,0.5,0.5,0.5,0.499999,0.499999,0.499997,0.499995,0.499991,0.499985,0.499974,0.499957,0.499931,0.499893,0.499838,0.499762,0.49966,0.499528,0.499362,0.499162,0.498929,0.498666,0.49838,0.498083,0.497788,0.497508,0.497261,0.497061,0.496919,0.496846,0.496846,0.496919,0.497061,0.497261,0.497508,0.497788,0.498083,0.49838,0.498666,0.498929,0.499162,0.499362,0.499528,0.49966,0.499762,0.499838,0.499893,0.499931,0.499957,0.499974,0.499985,0.499991,0.499995,0.499997,0.499999,0.499999,0.5,0.5,0.5,0.5,0.5,0.5
0.5,0.5,0.5,0.5,0.5,0.499999,0.499999,0.499998,0.499996,0.499992,0.499985,0.499973,0.499955,0.499926,0.499882,0.499816,0.499724,0.499596,0.499426,0.499208,0.498936,0.498609,0.49823,0.497805,0.497347,0.496872,0.496402,0.495959,0.495568,0.495252,0.49503,0.494915,0.494915,0.49503,0.495252,0.495568,0.495959,0.496402,0.496872,0.497347,0.497805,0.49823,0.498609,0.498936,0.499208,0.499426,0.499596,0.499724,0.499816,0.499882,0.499926,0.499955,0.499973,0.499985,0.499992,0.499996,0.499998,0.499999,0.499999,0.5,0.5,0.5,0.5,0.5
0.5,0.5,0.5,0.5,0.5,0.499999,0.499998,0.499996,0.499992,0.499986,0.499974,0.499955,0.499924,0.499875,0.499802,0.499695,0.499544,0.499337,0.499063,0.498714,0.498281,0.497765,0.49717,0.496507,0.495796,0.495064,0.494342,0.493665,0.493071,0.492591,0.492254,0.49208,0.49208,0.492254,0.492591,0.493071,0.493665,0.494342,0.495064,0.495796,0.496507,0.49717,0.497765,0.498281,0.498714,0.499063,0.499337,0.499544,0.499695,0.499802,0.499875,0.499924,0.499955,0.499974,0.499986,0.499992,0.499996,0.499998,0.499999,0.5,0.5,0.5,0.5,0.5
0.5,0.5,0.5,0.5,0.499999,0.499998,0.499997,0.499993,0.499987,0.499976,0.499957,0.499926,0.499875,0.499797,0.49968,0.499509,0.49927,0.498945,0.498518,0.497976,0.497312,0.496524,0.49562,0.494621,0.493557,0.492466,0.491397,0.4904,0.489526,0.488824,0.488332,0.488079,0.488079,0.488332,0.488824,0.489526,0.4904,0.491397,0.492466,0.493557,0.494621,0.49562,0.496524,0.497312,0.497976,0.498518,0.498945,0.49927,0.499509,0.49968,0.499797,0.499875,0.499926,0.499957,0.499976,0.499987,0.499993,0.499997,0.499998,0.499999,0.5,0.5,0.5,0.5
0.5,0.5,0.5,0.499999,0.499999,0.499997,0.499994,0.499989,0.499979,0.499961,0.499931,0.499882,0.499802,0.49968,0.499497,0.499234,0.498867,0.498372,0.497728,0.496916,0.495926,0.494762,0.493437,0.491982,0.490442,0.488874,0.487346,0.485929,0.484693,0.483702,0.48301,0.482654,0.482654,0.48301,0.483702,0.484693,0.485929,0.487346,0.488874,0.490442,0.491982,0.493437,0.494762,0.495926,0.496916,0.497728,0.498372,0.498867,0.499234,0.499497,0.49968,0.499802,0.499882,0.499931,0.499961,0.499979,0.499989,0.499994,0.499997,0.499999,0.499999,0.5,0.5,0.5
0.5,0.5,0.5,0.499999,0.499998,0.499996,0.499991,0.499982,0.499967,0.499939,0.499893,0.499816,0.499695,0.499509,0.499234,0.498839,0.498294,0.497564,0.496621,0.495442,0.494016,0.492351,0.490471,0.488423,0.48627,0.484095,0.481987,0.480044,0.478358,0.477012,0.476074,0.475593,0.475593,0.476074,0.477012,0.478358,0.480044,0.481987,0.484095,0.48627,0.488423,0.490471,0.492351,0.494016,0.495442,0.496621,0.497564,0.498294,0.498839,0.499234,0.499509,0.499695,0.499816,0.499893,0.499939,0.499967,0.499982,0.499991,0.499996,0.499998,0.499999,0.5,0.5,0.5
0.5,0.5,0.499999,0.499998,0.499997,0.499993,0.499986,0.499973,0.499949,0.499908,0.499838,0.499724,0.499544,0.49927,0.498867,0.498294,0.497508,0.496464,0.495125,0.493465,0.491475,0.48917,0.486589,0.4838,0.480893,0.477976,0.475171,0.472601,0.470383,0.468621,0.467398,0.466771,0.466771,0.467398,0.468621,0.470383,0.472601,0.475171,0.477976,0.480893,0.4838,0.486589,0.48917,0.491475,0.493465,0.495125,0.496464,0.497508,0.498294,0.498867,0.49927,0.499544,0.499724,0.499838,0.499908,0.499949,0.499973,0.499986,0.499993,0.499997,0.499998,0.499999,0.5,0.5
0.499999,0.499999,0.499999,0.499998,0.499995,0.49999,0.499979,0.49996,0.499925,0.499864,0.499762,0.499596,0.499337,0.498945,0.498372,0.497564,0.496464,0.495015,0.493172,0.490906,0.488214,0.485122,0.481692,0.478017,0.474219,0.470442,0.466838,0.46356,0.460748,0.458525,0.456988,0.456203,0.456203,0.456988,0.458525,0.460748,0.46356,0.466838,0.470442,0.474219,0.478017,0.481692,0.485122,0.488214,0.490906,0.493172,0.495015,0.496464,0.497564,0.498372,0.498945,0.499337,0.499596,0.499762,0.499864,0.499925,0.49996,0.499979,0.49999,0.499995,0.499998,0.499999,0.499999,0.499999
0.499999,0.499999,0.499998,0.499996,0.499993,0.499985,0.49997,0.499942,0.499891,0.499805,0.49966,0.499426,0.499063,0.498518,0.497728,0.496621,0.495125,0.493172,0.490709,0.487707,0.484173,0.480153,0.475735,0.471047,0.46625,0.461522,0.45705,0.453015,0.449579,0.446879,0.44502,0.444072,0.444072,0.44502,0.446879,0.449579,0.453015,0.45705,0.461522,0.46625,0.471047,0.475735,0.480153,0.484173,0.487707,0.490709,0.493172,0.495125,0.496621,0.497728,0.498518,0.499063,0.499426,0.49966,0.499805,0.499891,0.499942,0.49997,0.499985,0.499993,0.499996,0.499998,0.499999,0.499999
0.499999,0.499999,0.499998,0.499995,0.499989,0.499978,0.499957,0.499918,0.499848,0.499727,0.499528,0.499208,0.498714,0.497976,0.496916,0.495442,0.493465,0.490906,0.487707,0.483845,0.479341,0.474268,0.468751,0.462958,0.45709,0.451367,0.446007,0.441215,0.437167,0.434008,0.431844,0.430745,0.430745,0.431844,0.434008,0.437167,0.441215,0.446007,0.451367,0.45709,0.462958,0.468751,0.474268,0.479341,0.483845,0.487707,0.490906,0.493465,0.495442,0.496916,0.497976,0.498714,0.499208,0.499528,0.499727,0.499848,0.499918,0.499957,0.499978,0.499989,0.499995,0.499998,0.499999,0.499999
0.499998,0.499998,0.499997,0.499993,0.499985,0.49997,0.499941,0.499887,0.499793,0.49963,0.499362,0.498936,0.498281,0.497312,0.495926,0.494016,0.491475,0.488214,0.484173,0.479341,0.473762,0.467546,0.460858,0.453914,0.446962,0.440257,0.434048,0.428554,0.423958,0.4204,0.417977,0.416751,0.416751,0.417977,0.4204,0.423958,0.428554,0.434048,0.440257,0.446962,0.453914,0.460858,0.467546,0.473762,0.479341,0.484173,0.488214,0.491475,0.494016,0.495926,0.497312,0.498281,0.498936,0.499362,0.49963,0.499793,0.499887,0.499941,0.49997,0.499985,0.499993,0.499997,0.499998,0.499998
0.499997,0.499997,0.499995,0.49999,0.49998,0.49996,0.499921,0.49985,0.499725,0.499512,0.499162,0.498609,0.497765,0.496524,0.494762,0.492351,0.48917,0.485122,0.480153,0.474268,0.467546,0.460137,0.452258,0.444177,0.436187,0.428579,0.421622,0.415541,0.410509,0.40665,0.404042,0.402729,0.402729,0.404042,0.40665,0.410509,0.415541,0.421622,0.428579,0.436187,0.444177,0.452258,0.460137,0.467546,0.474268,0.480153,0.485122,0.48917,0.492351,0.494762,0.496524,0.497765,0.498609,0.499162,0.499512,0.499725,0.49985,0.499921,0.49996,0.49998,0.49999,0.499995,0.499997,0.499997
0.499996,0.499996,0.499994,0.499987,0.499974,0.499947,0.499897,0.499806,0.499645,0.499373,0.498929,0.49823,0.49717,0.49562,0.493437,0.490471,0.486589,0.481692,0.475735,0.468751,0.460858,0.452258,0.443225,0.434081,0.425162,0.416791,0.409244,0.40274,0.397428,0.393401,0.390703,0.389353,0.389353,0.390703,0.393401,0.397428,0.40274,0.409244,0.416791,0.425162,0.434081,0.443225,0.452258,0.460858,0.468751,0.475735,0.481692,0.486589,0.490471,0.493437,0.49562,0.49717,0.49823,0.498929,0.499373,0.499645,0.499806,0.499897,0.499947,0.499974,0.499987,0.499994,0.499996,0.499996
0.499995,0.499995,0.499992,0.499984,0.499967,0.499933,0.49987,0.499755,0.499554,0.499216,0.498666,0.497805,0.496507,0.494621,0.491982,0.488423,0.4838,0.478017,0.471047,0.462958,0.453914,0.444177,0.434081,0.424002,0.414317,0.405368,0.397432,0.390703,0.385294,0.38125,0.378572,0.37724,0.37724,0.378572,0.38125,0.385294,0.390703,0.397432,0.405368,0.414317,0.424002,0.434081,0.444177,0.453914,0.462958,0.471047,0.478017,0.4838,0.488423,0.491982,0.494621,0.496507,0.497805,0.498666,0.499216,0.499554,0.499755,0.49987,0.499933,0.499967,0.499984,0.499992,0.499995,0.499995
0.499994,0.499994,0.49999,0.49998,0.499959,0.499918,0.49984,0.499699,0.499455,0.499044,0.49838,0.497347,0.495796,0.493557,0.490442,0.48627,0.480893,0.474219,0.46625,0.45709,0.446962,0.436187,0.425162,0.414317,0.404062,0.39475,0.386644,0.379902,0.374583,0.370676,0.368125,0.366868,0.366868,0.368125,0.370676,0.374583,0.379902,0.386644,0.39475,0.404062,0.414317,0.425162,0.436187,0.446962,0.45709,0.46625,0.474219,0.480893,0.48627,0.490442,0.493557,0.495796,0.497347,0.49838,0.499044,0.499455,0.499699,0.49984,0.499918,0.499959,0.49998,0.49999,0.499994,0.499994
0.499993,0.499993,0.499988,0.499976,0.49995,0.499901,0.499808,0.499641,0.49935,0.498865,0.498083,0.496872,0.495064,0.492466,0.488874,0.484095,0.477976,0.470442,0.461522,0.451367,0.440257,0.428579,0.416791,0.405368,0.39475,0.385291,0.377226,0.370667,0.365611,0.361977,0.359648,0.358515,0.358515,0.359648,0.361977,0.365611,0.370667,0.377226,0.385291,0.39475,0.405368,0.416791,0.428579,0.440257,0.451367,0.461522,0.470442,0.477976,0.484095,0.488874,0.492466,0.495064,0.496872,0.498083,0.498865,0.49935,0.499641,0.499808,0.499901,0.49995,0.499976,0.499988,0.499993,0.499993
0.499992,0.499992,0.499986,0.499972,0.499942,0.499884,0.499776,0.499581,0.499245,0.498686,0.497788,0.496402,0.494342,0.491397,0.487346,0.481987,0.475171,0.466838,0.45705,0.446007,0.434048,0.421622,0.409244,0.397432,0.386644,0.377226,0.369381,0.363163,0.358502,0.355243,0.353206,0.352232,0.352232,0.353206,0.355243,0.358502,0.363163,0.369381,0.377226,0.386644,0.397432,0.409244,0.421622,0.434048,0.446007,0.45705,0.466838,0.475171,0.481987,0.487346,0.491397,0.494342,0.496402,0.497788,0.498686,0.499245,0.499581,0.499776,0.499884,0.499942,0.499972,0.499986,0.499992,0.499992
0.49999,0.49999,0.499984,0.499967,0.499934,0.499868,0.499745,0.499525,0.499146,0.498516,0.497508,0.495959,0.493665,0.4904,0.485929,0.480044,0.472601,0.46356,0.453015,0.441215,0.428554,0.415541,0.40274,0.390703,0.379902,0.370667,0.363163,0.357387,0.353197,0.350369,0.348658,0.34786,0.34786,0.348658,0.350369,0.353197,0.357387,0.363163,0.370667,0.379902,0.390703,0.40274,0.415541,0.428554,0.441215,0.453015,0.46356,0.472601,0.480044,0.485929,0.4904,0.493665,0.495959,0.497508,0.498516,0.499146,0.499525,0.499745,0.499868,0.499934,0.499967,0.499984,0.49999,0.49999
0.499989,0.499989,0.499982,0.499964,0.499926,0.499853,0.499717,0.499475,0.499057,0.498365,0.497261,0.495568,0.493071,0.489526,0.484693,0.478358,0.470383,0.460748,0.449579,0.437167,0.423958,0.410509,0.397428,0.385294,0.374583,0.365611,0.358502,0.353197,0.349491,0.347095,0.345707,0.345082,0.345082,0.345707,0.347095,0.349491,0.353197,0.358502,0.365611,0.374583,0.385294,0.397428,0.410509,0.423958,0.437167,0.449579,0.460748,0.470383,0.478358,0.484693,0.489526,0.493071,0.495568,0.497261,0.498365,0.499057,0.499475,0.499717,0.499853,0.499926,0.499964,0.499982,0.499989,0.499989
0.499988,0.499988,0.49998,0.499961,0.49992,0.499841,0.499695,0.499433,0.498984,0.498242,0.497061,0.495252,0.492591,0.488824,0.483702,0.477012,0.468621,0.458525,0.446879,0.434008,0.4204,0.40665,0.393401,0.38125,0.370676,0.361977,0.355243,0.350369,0.347095,0.345079,0.343973,0.343498,0.343498,0.343973,0.345079,0.347095,0.350369,0.355243,0.361977,0.370676,0.38125,0.393401,0.40665,0.4204,0.434008,0.446879,0.458525,0.468621,0.477012,0.483702,0.488824,0.492591,0.495252,0.497061,0.498242,0.498984,0.499433,0.499695,0.499841,0.49992,0.499961,0.49998,0.499988,0.499988
0.499988,0.499988,0.499979,0.499959,0.499916,0.499833,0.499679,0.499404,0.498933,0.498155,0.496919,0.49503,0.492254,0.488332,0.48301,0.476074,0.467398,0.456988,0.44502,0.431844,0.417977,0.404042,0.390703,0.378572,0.368125,0.359648,0.353206,0.348658,0.345707,0.343973,0.343076,0.342711,0.342711,0.343076,0.343973,0.345707,0.348658,0.353206,0.359648,0.368125,0.378572,0.390703,0.404042,0.417977,0.431844,0.44502,0.456988,0.467398,0.476074,0.48301,0.488332,0.492254,0.49503,0.496919,0.498155,0.498933,0.499404,0.499679,0.499833,0.499916,0.499959,0.499979,0.499988,0.499988
0.499987,0.499987,0.499979,0.499957,0.499913,0.499828,0.49967,0.499389,0.498907,0.49811,0.496846,0.494915,0.49208,0.488079,0.482654,0.475593,0.466771,0.456203,0.444072,0.430745,0.416751,0.402729,0.389353,0.37724,0.366868,0.358515,0.352232,0.34786,0.345082,0.343498,0.342711,0.342404,0.342404,0.342711,0.343498,0.345082,0.34786,0.352232,0.358515,0.366868,0.37724,0.389353,0.402729,0.416751,0.430745,0.444072,0.456203,0.466771,0.475593,0.482654,0.488079,0.49208,0.494915,0.496846,0.49811,0.498907,0.499389,0.49967,0.499828,0.499913,0.499957,0.499979,0.499987,0.499987
0.499987,0.499987,0.499979,0.499957,0.499913,0.499828,0.49967,0.499389,0.498907,0.49811,0.496846,0.494915,0.49208,0.488079,0.482654,0.475593,0.466771,0.456203,0.444072,0.430745,0.416751,0.402729,0.389353,0.37724,0.366868,0.358515,0.352232,0.34786,0.345082,0.343498,0.342711,0.342404,0.342404,0.342711,0.343498,0.345082,0.34786,0.352232,0.358515,0.366868,0.37724,0.389353,0.402729,0.416751,0.430745,0.444072,0.456203,0.466771,0.475593,0.482654,0.488079,0.49208,0.494915,0.496846,0.49811,0.498907,0.499389,0.49967,0.499828,0.499913,0.499957,0.499979,0.499987,0.499987
0.499988,0.499988,0.499979,0.499959,0.499916,0.499833,0.499679,0.499404,0.498933,0.498155,0.496919,0.49503,0.492254,0.488332,0.48301,0.476074,0.467398,0.456988,0.44502,0.431844,0.417977,0.404042,0.390703,0.378572,0.368125,0.359648,0.353206,0.348658,0.345707,0.343973,0.343076,0.342711,0.342711,0.343076,0.343973,0.345707,0.348658,0.353206,0.359648,0.368125,0.378572,0.390703,0.404042,0.417977,0.431844,0.44502,0.456988,0.467398,0.476074,0.48301,0.488332,0.492254,0.49503,0.496919,0.498155,0.498933,0.499404,0.499679,0.499833,0.499916,0.499959,0.499979,0.499988,0.499988
0.499988,0.499988,0.49998,0.499961,0.49992,0.499841,0.499695,0.499433,0.498984,0.498242,0.497061,0.495252,0.492591,0.488824,0.483702,0.477012,0.468621,0.458525,0.446879,0.434008,0.4204,0.40665,0.393401,0.38125,0.370676,0.361977,0.355243,0.350369,0.347095,0.345079,0.343973,0.343498,0.343498,0.343973,0.345079,0.347095,0.350369,0.355243,0.361977,0.370676,0.38125,0.393401,0.40665,0.4204,0.434008,0.446879,0.458525,0.468621,0.477012,0.483702,0.488824,0.492591,0.495252,0.497061,0.498242,0.498984,0.499433,0.499695,0.499841,0.49992,0.499961,0.49998,0.499988,0.499988
0.499989,0.499989,0.499982,0.499964,0.499926,0.499853,0.499717,0.499475,0.499057,0.498365,0.497261,0.495568,0.493071,0.489526,0.484693,0.478358,0.470383,0.460748,0.449579,0.437167,0.423958,0.410509,0.397428,0.385294,0.374583,0.365611,0.358502,0.353197,0.349491,0.347095,0.345707,0.345082,0.345082,0.345707,0.347095,0.349491,0.353197,0.358502,0.365611,0.374583,0.385294,0.397428,0.410509,0.423958,0.437167,0.449579,0.460748,0.470383,0.478358,0.484693,0.489526,0.493071,0.495568,0.497261,0.498365,0.499057,0.499475,0.499717,0.499853,0.499926,0.499964,0.499982,0.499989,0.499989
0.49999,0.49999,0.499984,0.499967,0.499934,0.499868,0.499745,0.499525,0.499146,0.498516,0.497508,0.495959,0.493665,0.4904,0.485929,0.480044,0.472601,0.46356,0.453015,0.441215,0.428554,0.415541,0.40274,0.390703,0.379902,0.370667,0.363163,0.357387,0.353197,0.350369,0.348658,0.34786,0.34786,0.348658,0.350369,0.353197,0.357387,0.363163,0.370667,0.379902,0.390703,0.40274,0.415541,0.428554,0.441215,0.453015,0.46356,0.472601,0.480044,0.485929,0.4904,0.493665,0.495959,0.497508,0.498516,0.499146,0.499525,0.499745,0.499868,0.499934,0.499967,0.499984,0.49999,0.49999
0.499992,0.499992,0.499986,0.499972,0.499942,0.499884,0.499776,0.499581,0.499245,0.498686,0.497788,0.496402,0.494342,0.491397,0.487346,0.481987,0.475171,0.466838,0.45705,0.446007,0.434048,0.421622,0.409244,0.397432,0.386644,0.377226,0.369381,0.363163,0.358502,0.355243,0.353206,0.352232,0.352232,0.353206,0.355243,0.358502,0.363163,0.369381,0.377226,0.386644,0.397432,0.409244,0.421622,0.434048,0.446007,0.45705,0.466838,0.475171,0.481987,0.487346,0.491397,0.494342,0.496402,0.497788,0.498686,0.499245,0.499581,0.499776,0.499884,0.499942,0.499972,0.499986,0.499992,0.499992
0.499993,0.499993,0.499988,0.499976,0.49995,0.499901,0.499808,0.499641,0.49935,0.498865,0.498083,0.496872,0.495064,0.492466,0.488874,0.484095,0.477976,0.470442,0.461522,0.451367,0.440257,0.428579,0.416791,0.405368,0.39475,0.385291,0.377226,0.370667,0.365611,0.361977,0.359648,0.358515,0.358515,0.359648,0.361977,0.365611,0.370667,0.377226,0.385291,0.39475,0.405368,0.416791,0.428579,0.440257,0.451367,0.461522,0.470442,0.477976,0.484095,0.488874,0.492466,0.495064,0.496872,0.498083,0.498865,0.49935,0.499641,0.499808,0.499901,0.49995,0.499976,0.499988,0.499993,0.499993
0.499994,0.499994,0.49999,0.49998,0.499959,0.499918,0.49984,0.499699,0.499455,0.499044,0.49838,0.497347,0.495796,0.493557,0.490442,0.48627,0.480893,0.474219,0.46625,0.45709,0.446962,0.436187,0.425162,0.414317,0.404062,0.39475,0.386644,0.379902,0.374583,0.370676,0.368125,0.366868,0.366868,0.368125,0.370676,0.374583,0.379902,0.386644,0.39475,0.404062,0.414317,0.425162,0.436187,0.446962,0.45709,0.46625,0.474219,0.480893,0.48627,0.490442,0.493557,0.495796,0.497347,0.49838,0.499044,0.499455,0.499699,0.49984,0.499918,0.499959,0.49998,0.49999,0.499994,0.499994
0.499995,0.499995,0.499992,0.499984,0.499967,0.499933,0.49987,0.499755,0.499554,0.499216,0.498666,0.497805,0.496507,0.494621,0.491982,0.488423,0.4838,0.478017,0.471047,0.462958,0.453914,0.444177,0.434081,0.424002,0.414317,0.405368,0.397432,0.390703,0.385294,0.38125,0.378572,0.37724,0.37724,0.378572,0.38125,0.385294,0.390703,0.397432,0.405368,0.414317,0.424002,0.434081,0.444177,0.453914,0.462958,0.471047,0.478017,0.4838,0.488423,0.491982,0.494621,0.496507,0.497805,0.498666,0.499216,0.499554,0.499755,0.49987,0.499933,0.499967,0.499984,0.499992,0.499995,0.499995
0.499996,0.499996,0.499994,0.499987,0.499974,0.499947,0.499897,0.499806,0.499645,0.499373,0.498929,0.49823,0.49717,0.49562,0.493437,0.490471,0.486589,0.481692,0.475735,0.468751,0.460858,0.452258,0.443225,0.434081,0.425162,0.416791,0.409244,0.40274,0.397428,0.393401,0.390703,0.389353,0.389353,0.390703,0.393401,0.397428,0.40274,0.409244,0.416791,0.425162,0.434081,0.443225,0.452258,0.460858,0.468751,0.475735,0.481692,0.486589,0.490471,0.493437,0.49562,0.49717,0.49823,0.498929,0.499373,0.499645,0.499806,0.499897,0.499947,0.499974,0.499987,0.499994,0.499996,0.499996
0.499997,0.499997,0.499995,0.49999,0.49998,0.49996,0.499921,0.49985,0.499725,0.499512,0.499162,0.498609,0.497765,0.496524,0.494762,0.492351,0.48917,0.485122,0.480153,0.474268,0.467546,0.460137,0.452258,0.444177,0.436187,0.428579,0.421622,0.415541,0.410509,0.40665,0.404042,0.402729,0.402729,0.404042,0.40665,0.410509,0.415541,0.421622,0.428579,0.436187,0.444177,0.452258,0.460137,0.467546,0.474268,0.480153,0.485122,0.48917,0.492351,0.494762,0.496524,0.497765,0.498609,0.499162,0.499512,0.499725,0.49985,0.499921,0.49996,0.49998,0.49999,0.499995,0.499997,0.499997
0.499998,0.499998,0.499997,0.499993,0.499985,0.49997,0.499941,0.499887,0.499793,0.49963,0.499362,0.498936,0.498281,0.497312,0.495926,0.494016,0.491475,0.488214,0.484173,0.479341,0.473762,0.467546,0.460858,0.453914,0.446962,0.440257,0.434048,0.428554,0.423958,0.4204,0.417977,0.416751,0.416751,0.417977,0.4204,0.423958,0.428554,0.434048,0.440257,0.446962,0.453914,0.460858,0.467546,0.473762,0.479341,0.484173,0.488214,0.491475,0.494016,0.495926,0.497312,0.498281,0.498936,0.499362,0.49963,0.499793,0.499887,0.499941,0.49997,0.499985,0.499993,0.499997,0.499998,0.499998
0.499999,0.499999,0.499998,0.499995,0.499989,0.499978,0.499957,0.499918,0.499848,0.499727,0.499528,0.499208,0.498714,0.497976,0.496916,0.495442,0.493465,0.490906,0.487707,0.483845,0.479341,0.474268,0.468751,0.462958,0.45709,0.451367,0.446007,0.441215,0.437167,0.434008,0.431844,0.430745,0.430745,0.431844,0.434008,0.437167,0.441215,0.446007,0.451367,0.45709,0.462958,0.468751,0.474268,0.479341,0.483845,0.487707,0.490906,0.493465,0.495442,0.496916,0.497976,0.498714,0.499208,0.499528,0.499727,0.499848,0.499918,0.499957,0.499978,0.499989,0.499995,0.499998,0.499999,0.499999
0.499999,0.499999,0.499998,0.499996,0.499993,0.499985,0.49997,0.499942,0.499891,0.499805,0.49966,0.499426,0.499063,0.498518,0.497728,0.496621,0.495125,0.493172,0.490709,0.487707,0.484173,0.480153,0.475735,0.471047,0.46625,0.461522,0.45705,0.453015,0.449579,0.446879,0.44502,0.444072,0.444072,0.44502,0.446879,0.449579,0.453015,0.45705,0.461522,0.46625,0.471047,0.475735,0.480153,0.484173,0.487707,0.490709,0.493172,0.495125,0.496621,0.497728,0.498518,0.499063,0.499426,0.49966,0.499805,0.499891,0.499942,0.49997,0.499985,0.499993,0.499996,0.499998,0.499999,0.499999
0.499999,0.499999,0.499999,0.499998,0.499995,0.49999,0.499979,0.49996,0.499925,0.499864,0.499762,0.499596,0.499337,0.498945,0.498372,0.497564,0.496464,0.495015,0.493172,0.490906,0.488214,0.485122,0.481692,0.478017,0.474219,0.470442,0.466838,0.46356,0.460748,0.458525,0.456988,0.456203,0.456203,0.456988,0.458525,0.460748,0.46356,0.466838,0.470442,0.474219,0.478017,0.481692,0.485122,0.488214,0.490906,0.493172,0.495015,0.496464,0.497564,0.498372,0.498945,0.499337,0.499596,0.499762,0.499864,0.499925,0.49996,0.499979,0.49999,0.499995,0.499998,0.499999,0.499999,0.499999
0.5,0.5,0.499999,0.499998,0.499997,0.499993,0.499986,0.499973,0.499949,0.499908,0.499838,0.499724,0.499544,0.49927,0.498867,0.498294,0.497508,0.496464,0.495125,0.493465,0.491475,0.48917,0.486589,0.4838,0.480893,0.477976,0.475171,0.472601,0.470383,0.468621,0.467398,0.466771,0.466771,0.467398,0.468621,0.470383,0.472601,0.475171,0.477976,0.480893,0.4838,0.486589,0.48917,0.491475,0.493465,0.495125,0.496464,0.497508,0.498294,0.498867,0.49927,0.499544,0.499724,0.499838,0.499908,0.499949,0.499973,0.499986,0.499993,0.499997,0.499998,0.499999,0.5,0.5
0.5,0.5,0.5,0.499999,0.499998,0.499996,0.499991,0.499982,0.499967,0.499939,0.499893,0.499816,0.499695,0.499509,0.499234,0.498839,0.498294,0.497564,0.496621,0.495442,0.494016,0.492351,0.490471,0.488423,0.48627,0.484095,0.481987,0.480044,0.478358,0.477012,0.476074,0.475593,0.475593,0.476074,0.477012,0.478358,0.480044,0.481987,0.484095,0.48627,0.488423,0.490471,0.492351,0.494016,0.495442,0.496621,0.497564,0.498294,0.498839,0.499234,0.499509,0.499695,0.499816,0.499893,0.499939,0.499967,0.499982,0.499991,0.499996,0.499998,0.499999,0.5,0.5,0.5
0.5,0.5,0.5,0.499999,0.499999,0.499997,0.499994,0.499989,0.499979,0.499961,0.499931,0.499882,0.499802,0.49968,0.499497,0.499234,0.498867,0.498372,0.497728,0.496916,0.495926,0.494762,0.493437,0.491982,0.490442,0.488874,0.487346,0.485929,0.484693,0.483702,0.48301,0.482654,0.482654,0.48301,0.483702,0.484693,0.485929,0.487346,0.488874,0.490442,0.491982,0.493437,0.494762,0.495926,0.496916,0.497728,0.498372,0.498867,0.499234,0.499497,0.49968,0.499802,0.499882,0.499931,0.499961,0.499979,0.499989,0.499994,0.499997,0.499999,0.499999,0.5,0.5,0.5
0.5,0.5,0.5,0.5,0.499999,0.499998,0.499997,0.499993,0.499987,0.499976,0.499957,0.499926,0.499875,0.499797,0.49968,0.499509,0.49927,0.498945,0.498518,0.497976,0.497312,0.496524,0.49562,0.494621,0.493557,0.492466,0.491397,0.4904,0.489526,0.488824,0.488332,0.488079,0.488079,0.488332,0.488824,0.489526,0.4904,0.491397,0.492466,0.493557,0.494621,0.49562,0.496524,0.497312,0.497976,0.498518,0.498945,0.49927,0.499509,0.49968,0.499797,0.499875,0.499926,0.499957,0.499976,0.499987,0.499993,0.499997,0.499998,0.499999,0.5,0.5,0.5,0.5
0.5,0.5,0.5,0.5,0.5,0.499999,0.499998,0.499996,0.499992,0.499986,0.499974,0.499955,0.499924,0.499875,0.499802,0.499695,0.499544,0.499337,0.499063,0.498714,0.498281,0.497765,0.49717,0.496507,0.495796,0.495064,0.494342,0.493665,0.493071,0.492591,0.492254,0.49208,0.49208,0.492254,0.492591,0.493071,0.493665,0.494342,0.495064,0.495796,0.496507,0.49717,0.497765,0.498281,0.498714,0.499063,0.499337,0.499544,0.499695,0.499802,0.499875,0.499924,0.499955,0.499974,0.499986,0.499992,0.499996,0.499998,0.499999,0.5,0.5,0.5,0.5,0.5
0.5,0.5,0.5,0.5,0.5,0.499999,0.499999,0.499998,0.499996,0.499992,0.499985,0.499973,0.499955,0.499926,0.499882,0.499816,0.499724,0.499596,0.499426,0.499208,0.498936,0.498609,0.49823,0.497805,0.497347,0.496872,0.496402,0.495959,0.495568,0.495252,0.49503,0.494915,0.494915,0.49503,0.495252,0.495568,0.495959,0.496402,0.496872,0.497347,0.497805,0.49823,0.498609,0.498936,0.499208,0.499426,0.499596,0.499724,0.499816,0.499882,0.499926,0.499955,0.499973,0.499985,0.499992,0.499996,0.499998,0.499999,0.499999,0.5,0.5,0.5,0.5,0.5
0.5,0.5,0.5,0.5,0.5,0.5,0.499999,0.499999,0.499997,0.499995,0.499991,0.499985,0.499974,0.499957,0.499931,0.499893,0.499838,0.499762,0.49966,0.499528,0.499362,0.499162,0.498929,0.498666,0.49838,0.498083,0.497788,0.497508,0.497261,0.497061,0.496919,0.496846,0.496846,0.496919,0.497061,0.497261,0.497508,0.497788,0.498083,0.49838,0.498666,0.498929,0.499162,0.499362,0.499528,0.49966,0.499762,0.499838,0.499893,0.499931,0.499957,0.499974,0.499985,0.499991,0.499995,0.499997,0.499999,0.499999,0.5,0.5,0.5,0.5,0.5,0.5
0.5,0.5,0.5,0.5,0.5,0.5,0.5,0.499999,0.499999,0.499997,0.499995,0.499992,0.499986,0.499976,0.499961,0.499939,0.499908,0.499864,0.499805,0.499727,0.49963,0.499512,0.499373,0.499216,0.499044,0.498865,0.498686,0.498516,0.498365,0.498242,0.498155,0.49811,0.49811,0.498155,0.498242,0.498365,0.498516,0.498686,0.498865,0.499044,0.499216,0.499373,0.499512,0.49963,0.499727,0.499805,0.499864,0.499908,0.499939,0.499961,0.499976,0.499986,0.499992,0.499995,0.499997,0.499999,0.499999,0.5,0.5,0.5,0.5,0.5,0.5,0.5
0.5,0.5,0.5,0.5,0.5,0.5,0.5,0.5,0.499999,0.499999,0.499997,0.499996,0.499992,0.499987,0.499979,0.499967,0.499949,0.499925,0.499891,0.499848,0.499793,0.499725,0.499645,0.499554,0.499455,0.49935,0.499245,0.499146,0.499057,0.498984,0.498933,0.498907,0.498907,0.498933,0.498984,0.499057,0.499146,0.499245,0.49935,0.499455,0.499554,0.499645,0.499725,0.499793,0.499848,0.499891,0.499925,0.499949,0.499967,0.499979,0.499987,0.499992,0.499996,0.499997,0.499999,0.499999,0.5,0.5,0.5,0.5,0.5,0.5,0.5,0.5
0.5,0.5,0.5,0.5,0.5,0.5,0.5,0.5,0.5,0.499999,0.499999,0.499998,0.499996,0.499993,0.499989,0.499982,0.499973,0.49996,0.499942,0.499918,0.499887,0.49985,0.499806,0.499755,0.499699,0.499641,0.499581,0.499525,0.499475,0.499433,0.499404,0.499389,0.499389,0.499404,0.499433,0.499475,0.499525,0.499581,0.499641,0.499699,0.499755,0.499806,0.49985,0.499887,0.499918,0.499942,0.49996,0.499973,0.499982,0.499989,0.499993,0.499996,0.499998,0.499999,0.499999,0.5,0.5,0.5,0.5,0.5,0.5,0.5,0.5,0.5
0.5,0.5,0.5,0.5,0.5,0.5,0.5,0.5,0.5,0.5,0.499999,0.499999,0.499998,0.499997,0.499994,0.499991,0.499986,0.499979,0.49997,0.499957,0.499941,0.499921,0.499897,0.49987,0.49984,0.499808,0.499776,0.499745,0.499717,0.499695,0.499679,0.49967,0.49967,0.499679,0.499695,0.499717,0.499745,0.499776,0.499808,0.49984,0.49987,0.499897,0.499921,0.499941,0.499957,0.49997,0.499979,0.499986,0.499991,0.499994,0.499997,0.499998,0.499999,0.499999,0.5,0.5,0.5,0.5,0.5,0.5,0.5,0.5,0.5,0.5
0.5,0.5,0.5,0.5,0.5,0.5,0.5,0.5,0.5,0.5,0.5,0.499999,0.499999,0.499998,0.499997,0.499996,0.499993,0.49999,0.499985,0.499978,0.49997,0.49996,0.499947,0.499933,0.499918,0.499901,0.499884,0.499868,0.499853,0.499841,0.499833,0.499828,0.499828,0.499833,0.499841,0.499853,0.499868,0.499884,0.499901,0.499918,0.499933,0.499947,0.49996,0.49997,0.499978,0.499985,0.49999,0.499993,0.499996,0.499997,0.499998,0.499999,0.499999,0.5,0.5,0.5,0.5,0.5,0.5,0.5,0.5,0.5,0.5,0.5
0.5,0.5,0.5,0.5,0.5,0.5,0.5,0.5,0.5,0.5,0.5,0.5,0.5,0.499999,0.499999,0.499998,0.499997,0.499995,0.499993,0.499989,0.499985,0.49998,0.499974,0.499967,0.499959,0.49995,0.499942,0.499934,0.499926,0.49992,0.499916,0.499913,0.499913,0.499916,0.49992,0.499926,0.499934,0.499942,0.49995,0.499959,0.499967,0.499974,0.49998,0.499985,0.499989,0.499993,0.499995,0.499997,0.499998,0.499999,0.499999,0.5,0.5,0.5,0.5,0.5,0.5,0.5,0.5,0.5,0.5,0.5,0.5,0.5
0.5,0.5,0.5,0.5,0.5,0.5,0.5,0.5,0.5,0.5,0.5,0.5,0.5,0.5,0.499999,0.499999,0.499998,0.499998,0.499996,0.499995,0.499993,0.49999,0.499987,0.499984,0.49998,0.499976,0.499972,0.499967,0.499964,0.499961,0.499959,0.499957,0.499957,0.499959,0.499961,0.499964,0.499967,0.499972,0.499976,0.49998,0.499984,0.499987,0.49999,0.499993,0.499995,0.499996,0.499998,0.499998,0.499999,0.499999,0.5,0.5,0.5,0.5,0.5,0.5,0.5,0.5,0.5,0.5,0.5,0.5,0.5,0.5
0.5,0.5,0.5,0.5,0.5,0.5,0.5,0.5,0.5,0.5,0.5,0.5,0.5,0.5,0.5,0.5,0.499999,0.499999,0.499998,0.499998,0.499997,0.499995,0.499994,0.499992,0.49999,0.499988,0.499986,0.499984,0.499982,0.49998,0.499979,0.499979,0.499979,0.499979,0.49998,0.499982,0.499984,0.499986,0.499988,0.49999,0.499992,0.499994,0.499995,0.499997,0.499998,0.499998,0.499999,0.499999,0.5,0.5,0.5,0.5,0.5,0.5,0.5,0.5,0.5,0.5,0.5,0.5,0.5,0.5,0.5,0.5
0.5,0.5,0.5,0.5,0.5,0.5,0.5,0.5,0.5,0.5,0.5,0.5,0.5,0.5,0.5,0.5,0.5,0.499999,0.499999,0.499999,0.499998,0.499997,0.499996,0.499995,0.499994,0.499993,0.499992,0.49999,0.499989,0.499988,0.499988,0.499987,0.499987,0.499988,0.499988,0.499989,0.49999,0.499992,0.499993,0.499994,0.499995,0.499996,0.499997,0.499998,0.499999,0.499999,0.499999,0.5,0.5,0.5,0.5,0.5,0.5,0.5,0.5,0.5,0.5,0.5,0.5,0.5,0.5,0.5,0.5,0.5
0.5,0.5,0.5,0.5,0.5,0.5,0.5,0.5,0.5,0.5,0.5,0.5,0.5,0.5,0.5,0.5,0.5,0.499999,0.499999,0.499999,0.499998,0.499997,0.499996,0.499995,0.499994,0.499993,0.499992,0.49999,0.499989,0.499988,0.499988,0.499987,0.499987,0.499988,0.499988,0.499989,0.49999,0.499992,0.499993,0.499994,0.499995,0.499996,0.499997,0.499998,0.499999,0.499999,0.499999,0.5,0.5,0.5,0.5,0.5,0.5,0.5,0.5,0.5,0.5,0.5,0.5,0.5,0.5,0.5,0.5,0.5
