0.5,0.5,0.5,0.5,0.499999,0.499998,0.499997,0.499994,0.49999,0.499983,0.499972,0.499955,0.499929,0.499892,0.499839,0.499767,0.499671,0.499546,0.499389,0.499197,0.498968,0.498704,0.498408,0.498088,0.497751,0.49741,0.497079,0.496773,0.496506,0.496292,0.496142,0.496065,0.496065,0.496142,0.496292,0.496506,0.496773,0.497079,0.49741,0.497751,0.498088,0.498408,0.498704,0.498968,0.499197,0.499389,0.499546,0.499671,0.499767,0.499839,0.499892,0.499929,0.499955,0.499972,0.499983,0.49999,0.499994,0.499997,0.499998,0.499999,0.5,0.5,0.5,0.5
0.5,0.5,0.5,0.5,0.499999,0.499998,0.499997,0.499994,0.49999,0.499983,0.499972,0.499955,0.499929,0.499892,0.499839,0.499767,0.499671,0.499546,0.499389,0.499197,0.498968,0.498704,0.498408,0.498088,0.497751,0.49741,0.497079,0.496773,0.496506,0.496292,0.496142,0.496065,0.496065,0.496142,0.496292,0.496506,0.496773,0.497079,0.49741,0.497751,0.498088,0.498408,0.498704,0.498968,0.499197,0.499389,0.499546,0.499671,0.499767,0.499839,0.499892,0.499929,0.499955,0.499972,0.499983,0.49999,0.499994,0.499997,0.499998,0.499999,0.5,0.5,0.5,0.5
0.5,0.5,0.5,0.499999,0.499999,0.499997,0.499995,0.499991,0.499985,0.499975,0.499959,0.499934,0.499898,0.499846,0.499772,0.499673,0.49954,0.49937,0.499157,0.498898,0.498592,0.498241,0.49785,0.497428,0.496988,0.496544,0.496114,0.495718,0.495373,0.495098,0.494905,0.494807,0.494807,0.494905,0.495098,0.495373,0.495718,0.496114,0.496544,0.496988,0.497428,0.49785,0.498241,0.498592,0.498898,0.499157,0.49937,0.49954,0.499673,0.499772,0.499846,0.499898,0.499934,0.499959,0.499975,0.499985,0.499991,0.499995,0.499997,0.499999,0.499999,0.5,0.5,0.5
0.5,0.5,0.499999,0.499999,0.499997,0.499995,0.499991,0.499985,0.499974,0.499956,0.499929,0.499888,0.499827,0.499741,0.499621,0.499459,0.499246,0.498975,0.498639,0.498233,0.497758,0.497218,0.49662,0.495979,0.495314,0.494649,0.494008,0.49342,0.49291,0.492504,0.492221,0.492076,0.492076,0.492221,0.492504,0.49291,0.49342,0.494008,0.494649,0.495314,0.495979,0.49662,0.497218,0.497758,0.498233,0.498639,0.498975,0.499246,0.499459,0.499621,0.499741,0.499827,0.499888,0.499929,0.499956,0.499974,0.499985,0.499991,0.499995,0.499997,0.499999,0.499999,0.5,0.5
0.499999,0.499999,0.499999,0.499997,0.499995,0.499991,0.499984,0.499972,0.499953,0.499922,0.499874,0.499802,0.499697,0.499549,0.499345,0.499072,0.498718,0.49827,0.497719,0.497061,0.496297,0.495433,0.494486,0.493477,0.492438,0.491404,0.490414,0.489509,0.488729,0.488109,0.487678,0.487457,0.487457,0.487678,0.488109,0.488729,0.489509,0.490414,0.491404,0.492438,0.493477,0.494486,0.495433,0.496297,0.497061,0.497719,0.49827,0.498718,0.499072,0.499345,0.499549,0.499697,0.499802,0.499874,0.499922,0.499953,0.499972,0.499984,0.499991,0.499995,0.499997,0.499999,0.499999,0.499999
0.499998,0.499998,0.499997,0.499995,0.499991,0.499984,0.499971,0.49995,0.499915,0.499861,0.499777,0.499653,0.499474,0.499223,0.498881,0.498428,0.497844,0.497112,0.496221,0.495164,0.493947,0.492583,0.491098,0.48953,0.487925,0.486336,0.484824,0.483449,0.482268,0.481332,0.480683,0.480351,0.480351,0.480683,0.481332,0.482268,0.483449,0.484824,0.486336,0.487925,0.48953,0.491098,0.492583,0.493947,0.495164,0.496221,0.497112,0.497844,0.498428,0.498881,0.499223,0.499474,0.499653,0.499777,0.499861,0.499915,0.49995,0.499971,0.499984,0.499991,0.499995,0.499997,0.499998,0.499998
0.499997,0.499997,0.499995,0.499991,0.499984,0.499971,0.499949,0.499912,0.499852,0.499759,0.499617,0.499409,0.499111,0.498697,0.498137,0.497402,0.496464,0.4953,0.493894,0.492243,0.490356,0.48826,0.485997,0.483624,0.481212,0.478842,0.476598,0.474567,0.47283,0.471459,0.470511,0.470027,0.470027,0.470511,0.471459,0.47283,0.474567,0.476598,0.478842,0.481212,0.483624,0.485997,0.48826,0.490356,0.492243,0.493894,0.4953,0.496464,0.497402,0.498137,0.498697,0.499111,0.499409,0.499617,0.499759,0.499852,0.499912,0.499949,0.499971,0.499984,0.499991,0.499995,0.499997,0.499997
0.499994,0.499994,0.499991,0.499985,0.499972,0.49995,0.499912,0.499849,0.499749,0.499594,0.499361,0.49902,0.498538,0.497873,0.496984,0.495828,0.494367,0.49257,0.49042,0.487918,0.485086,0.481967,0.478628,0.475155,0.471651,0.468231,0.465014,0.462119,0.459653,0.457714,0.456377,0.455695,0.455695,0.456377,0.457714,0.459653,0.462119,0.465014,0.468231,0.471651,0.475155,0.478628,0.481967,0.485086,0.487918,0.49042,0.49257,0.494367,0.495828,0.496984,0.497873,0.498538,0.49902,0.499361,0.499594,0.499749,0.499849,0.499912,0.49995,0.499972,0.499985,0.499991,0.499994,0.499994
0.49999,0.49999,0.499985,0.499974,0.499953,0.499915,0.499852,0.499749,0.499586,0.499335,0.498962,0.498422,0.497663,0.496629,0.495259,0.493495,0.491287,0.488598,0.485414,0.481746,0.477632,0.473145,0.468384,0.463475,0.458563,0.453804,0.449358,0.445379,0.442009,0.439368,0.437552,0.436628,0.436628,0.437552,0.439368,0.442009,0.445379,0.449358,0.453804,0.458563,0.463475,0.468384,0.473145,0.477632,0.481746,0.485414,0.488598,0.491287,0.493495,0.495259,0.496629,0.497663,0.498422,0.498962,0.499335,0.499586,0.499749,0.499852,0.499915,0.499953,0.499974,0.499985,0.49999,0.49999
0.499983,0.499983,0.499975,0.499956,0.499922,0.499861,0.499759,0.499594,0.499335,0.498941,0.49836,0.497528,0.49637,0.494808,0.492759,0.490148,0.486913,0.483016,0.47845,0.473243,0.467465,0.461225,0.45467,0.447973,0.441331,0.434949,0.429031,0.423769,0.419337,0.415879,0.413509,0.412305,0.412305,0.413509,0.415879,0.419337,0.423769,0.429031,0.434949,0.441331,0.447973,0.45467,0.461225,0.467465,0.473243,0.47845,0.483016,0.486913,0.490148,0.492759,0.494808,0.49637,0.497528,0.49836,0.498941,0.499335,0.499594,0.499759,0.499861,0.499922,0.499956,0.499975,0.499983,0.499983
0.499972,0.499972,0.499959,0.499929,0.499874,0.499777,0.499617,0.499361,0.498962,0.49836,0.497481,0.496234,0.494518,0.492225,0.48925,0.4855,0.480906,0.475432,0.469088,0.461936,0.454086,0.445701,0.436984,0.428171,0.419515,0.411271,0.40369,0.396998,0.391395,0.387046,0.384076,0.38257,0.38257,0.384076,0.387046,0.391395,0.396998,0.40369,0.411271,0.419515,0.428171,0.436984,0.445701,0.454086,0.461936,0.469088,0.475432,0.480906,0.4855,0.48925,0.492225,0.494518,0.496234,0.497481,0.49836,0.498962,0.499361,0.499617,0.499777,0.499874,0.499929,0.499959,0.499972,0.499972
0.499955,0.499955,0.499934,0.499888,0.499802,0.499653,0.499409,0.49902,0.498422,0.497528,0.496234,0.494418,0.491945,0.488676,0.484481,0.479254,0.472922,0.465467,0.45693,0.447417,0.437102,0.426213,0.415023,0.403836,0.392964,0.382715,0.373374,0.365196,0.358397,0.353149,0.34958,0.347774,0.347774,0.34958,0.353149,0.358397,0.365196,0.373374,0.382715,0.392964,0.403836,0.415023,0.426213,0.437102,0.447417,0.45693,0.465467,0.472922,0.479254,0.484481,0.488676,0.491945,0.494418,0.496234,0.497528,0.498422,0.49902,0.499409,0.499653,0.499802,0.499888,0.499934,0.499955,0.499955
0.499929,0.499929,0.499898,0.499827,0.499697,0.499474,0.499111,0.498538,0.497663,0.49637,0.494518,0.491945,0.488478,0.483948,0.478201,0.471122,0.462653,0.452805,0.441668,0.429418,0.416304,0.402636,0.388769,0.375075,0.361924,0.349665,0.338608,0.329017,0.321106,0.315039,0.310932,0.308861,0.308861,0.310932,0.315039,0.321106,0.329017,0.338608,0.349665,0.361924,0.375075,0.388769,0.402636,0.416304,0.429418,0.441668,0.452805,0.462653,0.471122,0.478201,0.483948,0.488478,0.491945,0.494518,0.49637,0.497663,0.498538,0.499111,0.499474,0.499697,0.499827,0.499898,0.499929,0.499929
0.499892,0.499892,0.499846,0.499741,0.499549,0.499223,0.498697,0.497873,0.496629,0.494808,0.492225,0.488676,0.483948,0.477839,0.470183,0.460869,0.449867,0.437241,0.423155,0.407871,0.391736,0.375155,0.358566,0.342407,0.327096,0.313004,0.300443,0.289663,0.280853,0.274147,0.269633,0.267364,0.267364,0.269633,0.274147,0.280853,0.289663,0.300443,0.313004,0.327096,0.342407,0.358566,0.375155,0.391736,0.407871,0.423155,0.437241,0.449867,0.460869,0.470183,0.477839,0.483948,0.488676,0.492225,0.494808,0.496629,0.497873,0.498697,0.499223,0.499549,0.499741,0.499846,0.499892,0.499892
0.499839,0.499839,0.499772,0.499621,0.499345,0.498881,0.498137,0.496984,0.495259,0.492759,0.48925,0.484481,0.478201,0.470183,0.460258,0.44834,0.43445,0.41873,0.401443,0.382964,0.363748,0.344303,0.325148,0.306777,0.289632,0.274081,0.260409,0.248822,0.239456,0.23239,0.227667,0.225302,0.225302,0.227667,0.23239,0.239456,0.248822,0.260409,0.274081,0.289632,0.306777,0.325148,0.344303,0.363748,0.382964,0.401443,0.41873,0.43445,0.44834,0.460258,0.470183,0.478201,0.484481,0.48925,0.492759,0.495259,0.496984,0.498137,0.498881,0.499345,0.499621,0.499772,0.499839,0.499839
0.499767,0.499767,0.499673,0.499459,0.499072,0.498428,0.497402,0.495828,0.493495,0.490148,0.4855,0.479254,0.471122,0.460869,0.44834,0.433497,0.41644,0.39742,0.376824,0.355157,0.332998,0.310953,0.289611,0.269499,0.251055,0.234608,0.220384,0.208511,0.199041,0.191976,0.187292,0.18496,0.18496,0.187292,0.191976,0.199041,0.208511,0.220384,0.234608,0.251055,0.269499,0.289611,0.310953,0.332998,0.355157,0.376824,0.39742,0.41644,0.433497,0.44834,0.460869,0.471122,0.479254,0.4855,0.490148,0.493495,0.495828,0.497402,0.498428,0.499072,0.499459,0.499673,0.499767,0.499767
0.499671,0.499671,0.49954,0.499246,0.498718,0.497844,0.496464,0.494367,0.491287,0.486913,0.480906,0.472922,0.462653,0.449867,0.43445,0.41644,0.396051,0.373667,0.349826,0.325177,0.300422,0.276259,0.253322,0.232139,0.213108,0.196482,0.182388,0.170842,0.161789,0.155133,0.150768,0.148609,0.148609,0.150768,0.155133,0.161789,0.170842,0.182388,0.196482,0.213108,0.232139,0.253322,0.276259,0.300422,0.325177,0.349826,0.373667,0.396051,0.41644,0.43445,0.449867,0.462653,0.472922,0.480906,0.486913,0.491287,0.494367,0.496464,0.497844,0.498718,0.499246,0.49954,0.499671,0.499671
0.499546,0.499546,0.49937,0.498975,0.49827,0.497112,0.4953,0.49257,0.488598,0.483016,0.475432,0.465467,0.452805,0.437241,0.41873,0.39742,0.373667,0.34802,0.321184,0.293956,0.267155,0.241547,0.21778,0.196347,0.177558,0.161555,0.148327,0.137757,0.129656,0.123817,0.120048,0.118202,0.118202,0.120048,0.123817,0.129656,0.137757,0.148327,0.161555,0.177558,0.196347,0.21778,0.241547,0.267155,0.293956,0.321184,0.34802,0.373667,0.39742,0.41873,0.437241,0.452805,0.465467,0.475432,0.483016,0.488598,0.49257,0.4953,0.497112,0.49827,0.498975,0.49937,0.499546,0.499546
0.499389,0.499389,0.499157,0.498639,0.497719,0.496221,0.493894,0.49042,0.485414,0.47845,0.469088,0.45693,0.441668,0.423155,0.401443,0.376824,0.349826,0.321184,0.291776,0.262548,0.234413,0.208173,0.184452,0.163659,0.145981,0.131405,0.119761,0.110772,0.104112,0.0994557,0.0965235,0.095111,0.095111,0.0965235,0.0994557,0.104112,0.110772,0.119761,0.131405,0.145981,0.163659,0.184452,0.208173,0.234413,0.262548,0.291776,0.321184,0.349826,0.376824,0.401443,0.423155,0.441668,0.45693,0.469088,0.47845,0.485414,0.49042,0.493894,0.496221,0.497719,0.498639,0.499157,0.499389,0.499389
0.499197,0.499197,0.498898,0.498233,0.497061,0.495164,0.492243,0.487918,0.481746,0.473243,0.461936,0.447417,0.429418,0.407871,0.382964,0.355157,0.325177,0.293956,0.262548,0.232026,0.20337,0.177378,0.154602,0.135327,0.119574,0.107151,0.0977072,0.0908007,0.0859667,0.0827713,0.0808549,0.0799626,0.0799626,0.0808549,0.0827713,0.0859667,0.0908007,0.0977072,0.107151,0.119574,0.135327,0.154602,0.177378,0.20337,0.232026,0.262548,0.293956,0.325177,0.355157,0.382964,0.407871,0.429418,0.447417,0.461936,0.473243,0.481746,0.487918,0.492243,0.495164,0.497061,0.498233,0.498898,0.499197,0.499197
0.498968,0.498968,0.498592,0.497758,0.496297,0.493947,0.490356,0.485086,0.477632,0.467465,0.454086,0.437102,0.416304,0.391736,0.363748,0.332998,0.300422,0.267155,0.234413,0.20337,0.175033,0.150152,0.129163,0.112181,0.0990377,0.089339,0.0825489,0.0780679,0.0753047,0.0737328,0.0729297,0.0726029,0.0726029,0.0729297,0.0737328,0.0753047,0.0780679,0.0825489,0.089339,0.0990377,0.112181,0.129163,0.150152,0.175033,0.20337,0.234413,0.267155,0.300422,0.332998,0.363748,0.391736,0.416304,0.437102,0.454086,0.467465,0.477632,0.485086,0.490356,0.493947,0.496297,0.497758,0.498592,0.498968,0.498968
0.498704,0.498704,0.498241,0.497218,0.495433,0.492583,0.48826,0.481967,0.473145,0.461225,0.445701,0.426213,0.402636,0.375155,0.344303,0.310953,0.276259,0.241547,0.208173,0.177378,0.150152,0.12715,0.10865,0.0945695,0.0845247,0.0779191,0.0740385,0.0721422,0.0715361,0.0716253,0.0719469,0.0721868,0.0721868,0.0719469,0.0716253,0.0715361,0.0721422,0.0740385,0.0779191,0.0845247,0.0945695,0.10865,0.12715,0.150152,0.177378,0.208173,0.241547,0.276259,0.310953,0.344303,0.375155,0.402636,0.426213,0.445701,0.461225,0.473145,0.481967,0.48826,0.492583,0.495433,0.497218,0.498241,0.498704,0.498704
0.498408,0.498408,0.49785,0.49662,0.494486,0.491098,0.485997,0.478628,0.468384,0.45467,0.436984,0.415023,0.388769,0.358566,0.325148,0.289611,0.253322,0.21778,0.184452,0.154602,0.129163,0.10865,0.0931511,0.0823631,0.0756836,0.0723192,0.0713974,0.0720627,0.0735482,0.07522,0.076599,0.0773673,0.0773673,0.076599,0.07522,0.0735482,0.0720627,0.0713974,0.0723192,0.0756836,0.0823631,0.0931511,0.10865,0.129163,0.154602,0.184452,0.21778,0.253322,0.289611,0.325148,0.358566,0.388769,0.415023,0.436984,0.45467,0.468384,0.478628,0.485997,0.491098,0.494486,0.49662,0.49785,0.498408,0.498408
0.498088,0.498088,0.497428,0.495979,0.493477,0.48953,0.483624,0.475155,0.463475,0.447973,0.428171,0.403836,0.375075,0.342407,0.306777,0.269499,0.232139,0.196347,0.163659,0.135327,0.112181,0.0945695,0.0823631,0.0750322,0.0717607,0.0715771,0.0734781,0.0765259,0.0799133,0.0829969,0.0853054,0.086534,0.086534,0.0853054,0.0829969,0.0799133,0.0765259,0.0734781,0.0715771,0.0717607,0.0750322,0.0823631,0.0945695,0.112181,0.135327,0.163659,0.196347,0.232139,0.269499,0.306777,0.342407,0.375075,0.403836,0.428171,0.447973,0.463475,0.475155,0.483624,0.48953,0.493477,0.495979,0.497428,0.498088,0.498088
0.497751,0.497751,0.496988,0.495314,0.492438,0.487925,0.481212,0.471651,0.458563,0.441331,0.419515,0.392964,0.361924,0.327096,0.289632,0.251055,0.213108,0.177558,0.145981,0.119574,0.0990377,0.0845247,0.0756836,0.0717607,0.0717431,0.0745079,0.0789526,0.0840905,0.0891055,0.0933712,0.0964447,0.0980479,0.0980479,0.0964447,0.0933712,0.0891055,0.0840905,0.0789526,0.0745079,0.0717431,0.0717607,0.0756836,0.0845247,0.0990377,0.119574,0.145981,0.177558,0.213108,0.251055,0.289632,0.327096,0.361924,0.392964,0.419515,0.441331,0.458563,0.471651,0.481212,0.487925,0.492438,0.495314,0.496988,0.497751,0.497751
0.49741,0.49741,0.496544,0.494649,0.491404,0.486336,0.478842,0.468231,0.453804,0.434949,0.411271,0.382715,0.349665,0.313004,0.274081,0.234608,0.196482,0.161555,0.131405,0.107151,0.089339,0.0779191,0.0723192,0.0715771,0.0745079,0.0798672,0.0864859,0.0933586,0.0996867,0.104881,0.108543,0.110431,0.110431,0.108543,0.104881,0.0996867,0.0933586,0.0864859,0.0798672,0.0745079,0.0715771,0.0723192,0.0779191,0.089339,0.107151,0.131405,0.161555,0.196482,0.234608,0.274081,0.313004,0.349665,0.382715,0.411271,0.434949,0.453804,0.468231,0.478842,0.486336,0.491404,0.494649,0.496544,0.49741,0.49741
0.497079,0.497079,0.496114,0.494008,0.490414,0.484824,0.476598,0.465014,0.449358,0.429031,0.40369,0.373374,0.338608,0.300443,0.260409,0.220384,0.182388,0.148327,0.119761,0.0977072,0.0825489,0.0740385,0.0713974,0.0734781,0.0789526,0.0864859,0.0948707,0.103108,0.110434,0.116313,0.120396,0.122482,0.122482,0.120396,0.116313,0.110434,0.103108,0.0948707,0.0864859,0.0789526,0.0734781,0.0713974,0.0740385,0.0825489,0.0977072,0.119761,0.148327,0.182388,0.220384,0.260409,0.300443,0.338608,0.373374,0.40369,0.429031,0.449358,0.465014,0.476598,0.484824,0.490414,0.494008,0.496114,0.497079,0.497079
0.496773,0.496773,0.495718,0.49342,0.489509,0.483449,0.474567,0.462119,0.445379,0.423769,0.396998,0.365196,0.329017,0.289663,0.248822,0.208511,0.170842,0.137757,0.110772,0.0908007,0.0780679,0.0721422,0.0720627,0.0765259,0.0840905,0.0933586,0.103108,0.11236,0.120401,0.126749,0.13111,0.133325,0.133325,0.13111,0.126749,0.120401,0.11236,0.103108,0.0933586,0.0840905,0.0765259,0.0720627,0.0721422,0.0780679,0.0908007,0.110772,0.137757,0.170842,0.208511,0.248822,0.289663,0.329017,0.365196,0.396998,0.423769,0.445379,0.462119,0.474567,0.483449,0.489509,0.49342,0.495718,0.496773,0.496773
0.496506,0.496506,0.495373,0.49291,0.488729,0.482268,0.47283,0.459653,0.442009,0.419337,0.391395,0.358397,0.321106,0.280853,0.239456,0.199041,0.161789,0.129656,0.104112,0.0859667,0.0753047,0.0715361,0.0735482,0.0799133,0.0891055,0.0996867,0.110434,0.120401,0.128921,0.135567,0.140096,0.142384,0.142384,0.140096,0.135567,0.128921,0.120401,0.110434,0.0996867,0.0891055,0.0799133,0.0735482,0.0715361,0.0753047,0.0859667,0.104112,0.129656,0.161789,0.199041,0.239456,0.280853,0.321106,0.358397,0.391395,0.419337,0.442009,0.459653,0.47283,0.482268,0.488729,0.49291,0.495373,0.496506,0.496506
0.496292,0.496292,0.495098,0.492504,0.488109,0.481332,0.471459,0.457714,0.439368,0.415879,0.387046,0.353149,0.315039,0.274147,0.23239,0.191976,0.155133,0.123817,0.0994557,0.0827713,0.0737328,0.0716253,0.07522,0.0829969,0.0933712,0.104881,0.116313,0.126749,0.135567,0.142387,0.147006,0.149332,0.149332,0.147006,0.142387,0.135567,0.126749,0.116313,0.104881,0.0933712,0.0829969,0.07522,0.0716253,0.0737328,0.0827713,0.0994557,0.123817,0.155133,0.191976,0.23239,0.274147,0.315039,0.353149,0.387046,0.415879,0.439368,0.457714,0.471459,0.481332,0.488109,0.492504,0.495098,0.496292,0.496292
0.496142,0.496142,0.494905,0.492221,0.487678,0.480683,0.470511,0.456377,0.437552,0.413509,0.384076,0.34958,0.310932,0.269633,0.227667,0.187292,0.150768,0.120048,0.0965235,0.0808549,0.0729297,0.0719469,0.076599,0.0853054,0.0964447,0.108543,0.120396,0.13111,0.140096,0.147006,0.151667,0.154008,0.154008,0.151667,0.147006,0.140096,0.13111,0.120396,0.108543,0.0964447,0.0853054,0.076599,0.0719469,0.0729297,0.0808549,0.0965235,0.120048,0.150768,0.187292,0.227667,0.269633,0.310932,0.34958,0.384076,0.413509,0.437552,0.456377,0.470511,0.480683,0.487678,0.492221,0.494905,0.496142,0.496142
0.496065,0.496065,0.494807,0.492076,0.487457,0.480351,0.470027,0.455695,0.436628,0.412305,0.38257,0.347774,0.308861,0.267364,0.225302,0.18496,0.148609,0.118202,0.095111,0.0799626,0.0726029,0.0721868,0.0773673,0.086534,0.0980479,0.110431,0.122482,0.133325,0.142384,0.149332,0.154008,0.156354,0.156354,0.154008,0.149332,0.142384,0.133325,0.122482,0.110431,0.0980479,0.086534,0.0773673,0.0721868,0.0726029,0.0799626,0.095111,0.118202,0.148609,0.18496,0.225302,0.267364,0.308861,0.347774,0.38257,0.412305,0.436628,0.455695,0.470027,0.480351,0.487457,0.492076,0.494807,0.496065,0.496065
0.496065,0.496065,0.494807,0.492076,0.487457,0.480351,0.470027,0.455695,0.436628,0.412305,0.38257,0.347774,0.308861,0.267364,0.225302,0.18496,0.148609,0.118202,0.095111,0.0799626,0.0726029,0.0721868,0.0773673,0.086534,0.0980479,0.110431,0.122482,0.133325,0.142384,0.149332,0.154008,0.156354,0.156354,0.154008,0.149332,0.142384,0.133325,0.122482,0.110431,0.0980479,0.086534,0.0773673,0.0721868,0.0726029,0.0799626,0.095111,0.118202,0.148609,0.18496,0.225302,0.267364,0.308861,0.347774,0.38257,0.412305,0.436628,0.455695,0.470027,0.480351,0.487457,0.492076,0.494807,0.496065,0.496065
0.496142,0.496142,0.494905,0.492221,0.487678,0.480683,0.470511,0.456377,0.437552,0.413509,0.384076,0.34958,0.310932,0.269633,0.227667,0.187292,0.150768,0.120048,0.0965235,0.0808549,0.0729297,0.0719469,0.076599,0.0853054,0.0964447,0.108543,0.120396,0.13111,0.140096,0.147006,0.151667,0.154008,0.154008,0.151667,0.147006,0.140096,0.13111,0.120396,0.108543,0.0964447,0.0853054,0.076599,0.0719469,0.0729297,0.0808549,0.0965235,0.120048,0.150768,0.187292,0.227667,0.269633,0.310932,0.34958,0.384076,0.413509,0.437552,0.456377,0.470511,0.480683,0.487678,0.492221,0.494905,0.496142,0.496142
0.496292,0.496292,0.495098,0.492504,0.488109,0.481332,0.471459,0.457714,0.439368,0.415879,0.387046,0.353149,0.315039,0.274147,0.23239,0.191976,0.155133,0.123817,0.0994557,0.0827713,0.0737328,0.0716253,0.07522,0.0829969,0.0933712,0.104881,0.116313,0.126749,0.135567,0.142387,0.147006,0.149332,0.149332,0.147006,0.142387,0.135567,0.126749,0.116313,0.104881,0.0933712,0.0829969,0.07522,0.0716253,0.0737328,0.0827713,0.0994557,0.123817,0.155133,0.191976,0.23239,0.274147,0.315039,0.353149,0.387046,0.415879,0.439368,0.457714,0.471459,0.481332,0.488109,0.492504,0.495098,0.496292,0.496292
0.496506,0.496506,0.495373,0.49291,0.488729,0.482268,0.47283,0.459653,0.442009,0.419337,0.391395,0.358397,0.321106,0.280853,0.239456,0.199041,0.161789,0.129656,0.104112,0.0859667,0.0753047,0.0715361,0.0735482,0.0799133,0.0891055,0.0996867,0.110434,0.120401,0.128921,0.135567,0.140096,0.142384,0.142384,0.140096,0.135567,0.128921,0.120401,0.110434,0.0996867,0.0891055,0.0799133,0.0735482,0.0715361,0.0753047,0.0859667,0.104112,0.129656,0.161789,0.199041,0.239456,0.280853,0.321106,0.358397,0.391395,0.419337,0.442009,0.459653,0.47283,0.482268,0.488729,0.49291,0.495373,0.496506,0.496506
0.496773,0.496773,0.495718,0.49342,0.489509,0.483449,0.474567,0.462119,0.445379,0.423769,0.396998,0.365196,0.329017,0.289663,0.248822,0.208511,0.170842,0.137757,0.110772,0.0908007,0.0780679,0.0721422,0.0720627,0.0765259,0.0840905,0.0933586,0.103108,0.11236,0.120401,0.126749,0.13111,0.133325,0.133325,0.13111,0.126749,0.120401,0.11236,0.103108,0.0933586,0.0840905,0.0765259,0.0720627,0.0721422,0.0780679,0.0908007,0.110772,0.137757,0.170842,0.208511,0.248822,0.289663,0.329017,0.365196,0.396998,0.423769,0.445379,0.462119,0.474567,0.483449,0.489509,0.49342,0.495718,0.496773,0.496773
0.497079,0.497079,0.496114,0.494008,0.490414,0.484824,0.476598,0.465014,0.449358,0.429031,0.40369,0.373374,0.338608,0.300443,0.260409,0.220384,0.182388,0.148327,0.119761,0.0977072,0.0825489,0.0740385,0.0713974,0.0734781,0.0789526,0.0864859,0.0948707,0.103108,0.110434,0.116313,0.120396,0.122482,0.122482,0.120396,0.116313,0.110434,0.103108,0.0948707,0.0864859,0.0789526,0.0734781,0.0713974,0.0740385,0.0825489,0.0977072,0.119761,0.148327,0.182388,0.220384,0.260409,0.300443,0.338608,0.373374,0.40369,0.429031,0.449358,0.465014,0.476598,0.484824,0.490414,0.494008,0.496114,0.497079,0.497079
0.49741,0.49741,0.496544,0.494649,0.491404,0.486336,0.478842,0.468231,0.453804,0.434949,0.411271,0.382715,0.349665,0.313004,0.274081,0.234608,0.196482,0.161555,0.131405,0.107151,0.089339,0.0779191,0.0723192,0.0715771,0.0745079,0.0798672,0.0864859,0.0933586,0.0996867,0.104881,0.108543,0.110431,0.110431,0.108543,0.104881,0.0996867,0.0933586,0.0864859,0.0798672,0.0745079,0.0715771,0.0723192,0.0779191,0.089339,0.107151,0.131405,0.161555,0.196482,0.234608,0.274081,0.313004,0.349665,0.382715,0.411271,0.434949,0.453804,0.468231,0.478842,0.486336,0.491404,0.494649,0.496544,0.49741,0.49741
0.497751,0.497751,0.496988,0.495314,0.492438,0.487925,0.481212,0.471651,0.458563,0.441331,0.419515,0.392964,0.361924,0.327096,0.289632,0.251055,0.213108,0.177558,0.145981,0.119574,0.0990377,0.0845247,0.0756836,0.0717607,0.0717431,0.0745079,0.0789526,0.0840905,0.0891055,0.0933712,0.0964447,0.0980479,0.0980479,0.0964447,0.0933712,0.0891055,0.0840905,0.0789526,0.0745079,0.0717431,0.0717607,0.0756836,0.0845247,0.0990377,0.119574,0.145981,0.177558,0.213108,0.251055,0.289632,0.327096,0.361924,0.392964,0.419515,0.441331,0.458563,0.471651,0.481212,0.487925,0.492438,0.495314,0.496988,0.497751,0.497751
0.498088,0.498088,0.497428,0.495979,0.493477,0.48953,0.483624,0.475155,0.463475,0.447973,0.428171,0.403836,0.375075,0.342407,0.306777,0.269499,0.232139,0.196347,0.163659,0.135327,0.112181,0.0945695,0.0823631,0.0750322,0.0717607,0.0715771,0.0734781,0.0765259,0.0799133,0.0829969,0.0853054,0.086534,0.086534,0.0853054,0.0829969,0.0799133,0.0765259,0.0734781,0.0715771,0.0717607,0.0750322,0.0823631,0.0945695,0.112181,0.135327,0.163659,0.196347,0.232139,0.269499,0.306777,0.342407,0.375075,0.403836,0.428171,0.447973,0.463475,0.475155,0.483624,0.48953,0.493477,0.495979,0.497428,0.498088,0.498088
0.498408,0.498408,0.49785,0.49662,0.494486,0.491098,0.485997,0.478628,0.468384,0.45467,0.436984,0.415023,0.388769,0.358566,0.325148,0.289611,0.253322,0.21778,0.184452,0.154602,0.129163,0.10865,0.0931511,0.0823631,0.0756836,0.0723192,0.0713974,0.0720627,0.0735482,0.07522,0.076599,0.0773673,0.0773673,0.076599,0.07522,0.0735482,0.0720627,0.0713974,0.0723192,0.0756836,0.0823631,0.0931511,0.10865,0.129163,0.154602,0.184452,0.21778,0.253322,0.289611,0.325148,0.358566,0.388769,0.415023,0.436984,0.45467,0.468384,0.478628,0.485997,0.491098,0.494486,0.49662,0.49785,0.498408,0.498408
0.498704,0.498704,0.498241,0.497218,0.495433,0.492583,0.48826,0.481967,0.473145,0.461225,0.445701,0.426213,0.402636,0.375155,0.344303,0.310953,0.276259,0.241547,0.208173,0.177378,0.150152,0.12715,0.10865,0.0945695,0.0845247,0.0779191,0.0740385,0.0721422,0.0715361,0.0716253,0.0719469,0.0721868,0.0721868,0.0719469,0.0716253,0.0715361,0.0721422,0.0740385,0.0779191,0.0845247,0.0945695,0.10865,0.12715,0.150152,0.177378,0.208173,0.241547,0.276259,0.310953,0.344303,0.375155,0.402636,0.426213,0.445701,0.461225,0.473145,0.481967,0.48826,0.492583,0.495433,0.497218,0.498241,0.498704,0.498704
0.498968,0.498968,0.498592,0.497758,0.496297,0.493947,0.490356,0.485086,0.477632,0.467465,0.454086,0.437102,0.416304,0.391736,0.363748,0.332998,0.300422,0.267155,0.234413,0.20337,0.175033,0.150152,0.129163,0.112181,0.0990377,0.089339,0.0825489,0.0780679,0.0753047,0.0737328,0.0729297,0.0726029,0.0726029,0.0729297,0.0737328,0.0753047,0.0780679,0.0825489,0.089339,0.0990377,0.112181,0.129163,0.150152,0.175033,0.20337,0.234413,0.267155,0.300422,0.332998,0.363748,0.391736,0.416304,0.437102,0.454086,0.467465,0.477632,0.485086,0.490356,0.493947,0.496297,0.497758,0.498592,0.498968,0.498968
0.499197,0.499197,0.498898,0.498233,0.497061,0.495164,0.492243,0.487918,0.481746,0.473243,0.461936,0.447417,0.429418,0.407871,0.382964,0.355157,0.325177,0.293956,0.262548,0.232026,0.20337,0.177378,0.154602,0.135327,0.119574,0.107151,0.0977072,0.0908007,0.0859667,0.0827713,0.0808549,0.0799626,0.0799626,0.0808549,0.0827713,0.0859667,0.0908007,0.0977072,0.107151,0.119574,0.135327,0.154602,0.177378,0.20337,0.232026,0.262548,0.293956,0.325177,0.355157,0.382964,0.407871,0.429418,0.447417,0.461936,0.473243,0.481746,0.487918,0.492243,0.495164,0.497061,0.498233,0.498898,0.499197,0.499197
0.499389,0.499389,0.499157,0.498639,0.497719,0.496221,0.493894,0.49042,0.485414,0.47845,0.469088,0.45693,0.441668,0.423155,0.401443,0.376824,0.349826,0.321184,0.291776,0.262548,0.234413,0.208173,0.184452,0.163659,0.145981,0.131405,0.119761,0.110772,0.104112,0.0994557,0.0965235,0.095111,0.095111,0.0965235,0.0994557,0.104112,0.110772,0.119761,0.131405,0.145981,0.163659,0.184452,0.208173,0.234413,0.262548,0.291776,0.321184,0.349826,0.376824,0.401443,0.423155,0.441668,0.45693,0.469088,0.47845,0.485414,0.49042,0.493894,0.496221,0.497719,0.498639,0.499157,0.499389,0.499389
0.499546,0.499546,0.49937,0.498975,0.49827,0.497112,0.4953,0.49257,0.488598,0.483016,0.475432,0.465467,0.452805,0.437241,0.41873,0.39742,0.373667,0.34802,0.321184,0.293956,0.267155,0.241547,0.21778,0.196347,0.177558,0.161555,0.148327,0.137757,0.129656,0.123817,0.120048,0.118202,0.118202,0.120048,0.123817,0.129656,0.137757,0.148327,0.161555,0.177558,0.196347,0.21778,0.241547,0.267155,0.293956,0.321184,0.34802,0.373667,0.39742,0.41873,0.437241,0.452805,0.465467,0.475432,0.483016,0.488598,0.49257,0.4953,0.497112,0.49827,0.498975,0.49937,0.499546,0.499546
0.499671,0.499671,0.49954,0.499246,0.498718,0.497844,0.496464,0.494367,0.491287,0.486913,0.480906,0.472922,0.462653,0.449867,0.43445,0.41644,0.396051,0.373667,0.349826,0.325177,0.300422,0.276259,0.253322,0.232139,0.213108,0.196482,0.182388,0.170842,0.161789,0.155133,0.150768,0.148609,0.148609,0.150768,0.155133,0.161789,0.170842,0.182388,0.196482,0.213108,0.232139,0.253322,0.276259,0.300422,0.325177,0.349826,0.373667,0.396051,0.41644,0.43445,0.449867,0.462653,0.472922,0.480906,0.486913,0.491287,0.494367,0.496464,0.497844,0.498718,0.499246,0.49954,0.499671,0.499671
0.499767,0.499767,0.499673,0.499459,0.499072,0.498428,0.497402,0.495828,0.493495,0.490148,0.4855,0.479254,0.471122,0.460869,0.44834,0.433497,0.41644,0.39742,0.376824,0.355157,0.332998,0.310953,0.289611,0.269499,0.251055,0.234608,0.220384,0.208511,0.199041,0.191976,0.187292,0.18496,0.18496,0.187292,0.191976,0.199041,0.208511,0.220384,0.234608,0.251055,0.269499,0.289611,0.310953,0.332998,0.355157,0.376824,0.39742,0.41644,0.433497,0.44834,0.460869,0.471122,0.479254,0.4855,0.490148,0.493495,0.495828,0.497402,0.498428,0.499072,0.499459,0.499673,0.499767,0.499767
0.499839,0.499839,0.499772,0.499621,0.499345,0.498881,0.498137,0.496984,0.495259,0.492759,0.48925,0.484481,0.478201,0.470183,0.460258,0.44834,0.43445,0.41873,0.401443,0.382964,0.363748,0.344303,0.325148,0.306777,0.289632,0.274081,0.260409,0.248822,0.239456,0.23239,0.227667,0.225302,0.225302,0.227667,0.23239,0.239456,0.248822,0.260409,0.274081,0.289632,0.306777,0.325148,0.344303,0.363748,0.382964,0.401443,0.41873,0.43445,0.44834,0.460258,0.470183,0.478201,0.484481,0.48925,0.492759,0.495259,0.496984,0.498137,0.498881,0.499345,0.499621,0.499772,0.499839,0.499839
0.499892,0.499892,0.499846,0.499741,0.499549,0.499223,0.498697,0.497873,0.496629,0.494808,0.492225,0.488676,0.483948,0.477839,0.470183,0.460869,0.449867,0.437241,0.423155,0.407871,0.391736,0.375155,0.358566,0.342407,0.327096,0.313004,0.300443,0.289663,0.280853,0.274147,0.269633,0.267364,0.267364,0.269633,0.274147,0.280853,0.289663,0.300443,0.313004,0.327096,0.342407,0.358566,0.375155,0.391736,0.407871,0.423155,0.437241,0.449867,0.460869,0.470183,0.477839,0.483948,0.488676,0.492225,0.494808,0.496629,0.497873,0.498697,0.499223,0.499549,0.499741,0.499846,0.499892,0.499892
0.499929,0.499929,0.499898,0.499827,0.499697,0.499474,0.499111,0.498538,0.497663,0.49637,0.494518,0.491945,0.488478,0.483948,0.478201,0.471122,0.462653,0.452805,0.441668,0.429418,0.416304,0.402636,0.388769,0.375075,0.361924,0.349665,0.338608,0.329017,0.321106,0.315039,0.310932,0.308861,0.308861,0.310932,0.315039,0.321106,0.329017,0.338608,0.349665,0.361924,0.375075,0.388769,0.402636,0.416304,0.429418,0.441668,0.452805,0.462653,0.471122,0.478201,0.483948,0.488478,0.491945,0.494518,0.49637,0.497663,0.498538,0.499111,0.499474,0.499697,0.499827,0.499898,0.499929,0.499929
0.499955,0.499955,0.499934,0.499888,0.499802,0.499653,0.499409,0.49902,0.498422,0.497528,0.496234,0.494418,0.491945,0.488676,0.484481,0.479254,0.472922,0.465467,0.45693,0.447417,0.437102,0.426213,0.415023,0.403836,0.392964,0.382715,0.373374,0.365196,0.358397,0.353149,0.34958,0.347774,0.347774,0.34958,0.353149,0.358397,0.365196,0.373374,0.382715,0.392964,0.403836,0.415023,0.426213,0.437102,0.447417,0.45693,0.465467,0.472922,0.479254,0.484481,0.488676,0.491945,0.494418,0.496234,0.497528,0.498422,0.49902,0.499409,0.499653,0.499802,0.499888,0.499934,0.499955,0.499955
0.499972,0.499972,0.499959,0.499929,0.499874,0.499777,0.499617,0.499361,0.498962,0.49836,0.497481,0.496234,0.494518,0.492225,0.48925,0.4855,0.480906,0.475432,0.469088,0.461936,0.454086,0.445701,0.436984,0.428171,0.419515,0.411271,0.40369,0.396998,0.391395,0.387046,0.384076,0.38257,0.38257,0.384076,0.387046,0.391395,0.396998,0.40369,0.411271,0.419515,0.428171,0.436984,0.445701,0.454086,0.461936,0.469088,0.475432,0.480906,0.4855,0.48925,0.492225,0.494518,0.496234,0.497481,0.49836,0.498962,0.499361,0.499617,0.499777,0.499874,0.499929,0.499959,0.499972,0.499972
0.499983,0.499983,0.499975,0.499956,0.499922,0.499861,0.499759,0.499594,0.499335,0.498941,0.49836,0.497528,0.49637,0.494808,0.492759,0.490148,0.486913,0.483016,0.47845,0.473243,0.467465,0.461225,0.45467,0.447973,0.441331,0.434949,0.429031,0.423769,0.419337,0.415879,0.413509,0.412305,0.412305,0.413509,0.415879,0.419337,0.423769,0.429031,0.434949,0.441331,0.447973,0.45467,0.461225,0.467465,0.473243,0.47845,0.483016,0.486913,0.490148,0.492759,0.494808,0.49637,0.497528,0.49836,0.498941,0.499335,0.499594,0.499759,0.499861,0.499922,0.499956,0.499975,0.499983,0.499983
0.49999,0.49999,0.499985,0.499974,0.499953,0.499915,0.499852,0.499749,0.499586,0.499335,0.498962,0.498422,0.497663,0.496629,0.495259,0.493495,0.491287,0.488598,0.485414,0.481746,0.477632,0.473145,0.468384,0.463475,0.458563,0.453804,0.449358,0.445379,0.442009,0.439368,0.437552,0.436628,0.436628,0.437552,0.439368,0.442009,0.445379,0.449358,0.453804,0.458563,0.463475,0.468384,0.473145,0.477632,0.481746,0.485414,0.488598,0.491287,0.493495,0.495259,0.496629,0.497663,0.498422,0.498962,0.499335,0.499586,0.499749,0.499852,0.499915,0.499953,0.499974,0.499985,0.49999,0.49999
0.499994,0.499994,0.499991,0.499985,0.499972,0.49995,0.499912,0.499849,0.499749,0.499594,0.499361,0.49902,0.498538,0.497873,0.496984,0.495828,0.494367,0.49257,0.49042,0.487918,0.485086,0.481967,0.478628,0.475155,0.471651,0.468231,0.465014,0.462119,0.459653,0.457714,0.456377,0.455695,0.455695,0.456377,0.457714,0.459653,0.462119,0.465014,0.468231,0.471651,0.475155,0.478628,0.481967,0.485086,0.487918,0.49042,0.49257,0.494367,0.495828,0.496984,0.497873,0.498538,0.49902,0.499361,0.499594,0.499749,0.499849,0.499912,0.49995,0.499972,0.499985,0.499991,0.499994,0.499994
0.499997,0.499997,0.499995,0.499991,0.499984,0.499971,0.499949,0.499912,0.499852,0.499759,0.499617,0.499409,0.499111,0.498697,0.498137,0.497402,0.496464,0.4953,0.493894,0.492243,0.490356,0.48826,0.485997,0.483624,0.481212,0.478842,0.476598,0.474567,0.47283,0.471459,0.470511,0.470027,0.470027,0.470511,0.471459,0.47283,0.474567,0.476598,0.478842,0.481212,0.483624,0.485997,0.48826,0.490356,0.492243,0.493894,0.4953,0.496464,0.497402,0.498137,0.498697,0.499111,0.499409,0.499617,0.499759,0.499852,0.499912,0.499949,0.499971,0.499984,0.499991,0.499995,0.499997,0.499997
0.499998,0.499998,0.499997,0.499995,0.499991,0.499984,0.499971,0.49995,0.499915,0.499861,0.499777,0.499653,0.499474,0.499223,0.498881,0.498428,0.497844,0.497112,0.496221,0.495164,0.493947,0.492583,0.491098,0.48953,0.487925,0.486336,0.484824,0.483449,0.482268,0.481332,0.480683,0.480351,0.480351,0.480683,0.481332,0.482268,0.483449,0.484824,0.486336,0.487925,0.48953,0.491098,0.492583,0.493947,0.495164,0.496221,0.497112,0.497844,0.498428,0.498881,0.499223,0.499474,0.499653,0.499777,0.499861,0.499915,0.49995,0.499971,0.499984,0.499991,0.499995,0.499997,0.499998,0.499998
0.499999,0.499999,0.499999,0.499997,0.499995,0.499991,0.499984,0.499972,0.499953,0.499922,0.499874,0.499802,0.499697,0.499549,0.499345,0.499072,0.498718,0.49827,0.497719,0.497061,0.496297,0.495433,0.494486,0.493477,0.492438,0.491404,0.490414,0.489509,0.488729,0.488109,0.487678,0.487457,0.487457,0.487678,0.488109,0.488729,0.489509,0.490414,0.491404,0.492438,0.493477,0.494486,0.495433,0.496297,0.497061,0.497719,0.49827,0.498718,0.499072,0.499345,0.499549,0.499697,0.499802,0.499874,0.499922,0.499953,0.499972,0.499984,0.499991,0.499995,0.499997,0.499999,0.499999,0.499999
0.5,0.5,0.499999,0.499999,0.499997,0.499995,0.499991,0.499985,0.499974,0.499956,0.499929,0.499888,0.499827,0.499741,0.499621,0.499459,0.499246,0.498975,0.498639,0.498233,0.497758,0.497218,0.49662,0.495979,0.495314,0.494649,0.494008,0.49342,0.49291,0.492504,0.492221,0.492076,0.492076,0.492221,0.492504,0.49291,0.49342,0.494008,0.494649,0.495314,0.495979,0.49662,0.497218,0.497758,0.498233,0.498639,0.498975,0.499246,0.499459,0.499621,0.499741,0.499827,0.499888,0.499929,0.499956,0.499974,0.499985,0.499991,0.499995,0.499997,0.499999,0.499999,0.5,0.5
0.5,0.5,0.5,0.499999,0.499999,0.499997,0.499995,0.499991,0.499985,0.499975,0.499959,0.499934,0.499898,0.499846,0.499772,0.499673,0.49954,0.49937,0.499157,0.498898,0.498592,0.498241,0.49785,0.497428,0.496988,0.496544,0.496114,0.495718,0.495373,0.495098,0.494905,0.494807,0.494807,0.494905,0.495098,0.495373,0.495718,0.496114,0.496544,0.496988,0.497428,0.49785,0.498241,0.498592,0.498898,0.499157,0.49937,0.49954,0.499673,0.499772,0.499846,0.499898,0.499934,0.499959,0.499975,0.499985,0.499991,0.499995,0.499997,0.499999,0.499999,0.5,0.5,0.5
0.5,0.5,0.5,0.5,0.499999,0.499998,0.499997,0.499994,0.49999,0.499983,0.499972,0.499955,0.499929,0.499892,0.499839,0.499767,0.499671,0.499546,0.499389,0.499197,0.498968,0.498704,0.498408,0.498088,0.497751,0.49741,0.497079,0.496773,0.496506,0.496292,0.496142,0.496065,0.496065,0.496142,0.496292,0.496506,0.496773,0.497079,0.49741,0.497751,0.498088,0.498408,0.498704,0.498968,0.499197,0.499389,0.499546,0.499671,0.499767,0.499839,0.499892,0.499929,0.499955,0.499972,0.499983,0.49999,0.499994,0.499997,0.499998,0.499999,0.5,0.5,0.5,0.5
0.5,0.5,0.5,0.5,0.499999,0.499998,0.499997,0.499994,0.49999,0.499983,0.499972,0.499955,0.499929,0.499892,0.499839,0.499767,0.499671,0.499546,0.499389,0.499197,0.498968,0.498704,0.498408,0.498088,0.497751,0.49741,0.497079,0.496773,0.496506,0.496292,0.496142,0.496065,0.496065,0.496142,0.496292,0.496506,0.496773,0.497079,0.49741,0.497751,0.498088,0.498408,0.498704,0.498968,0.499197,0.499389,0.499546,0.499671,0.499767,0.499839,0.499892,0.499929,0.499955,0.499972,0.499983,0.49999,0.499994,0.499997,0.499998,0.499999,0.5,0.5,0.5,0.5
