0.5,0.5,0.5,0.5,0.5,0.5,0.5,0.5,0.5,0.5,0.5,0.5,0.5,0.5,0.5,0.5,0.5,0.5,0.5,0.499999,0.499999,0.499999,0.499998,0.499998,0.499997,0.499997,0.499996,0.499995,0.499995,0.499994,0.499994,0.499993,0.499993,0.499994,0.499994,0.499995,0.499995,0.499996,0.499997,0.499997,0.499998,0.499998,0.499999,0.499999,0.499999,0.5,0.5,0.5,0.5,0.5,0.5,0.5,0.5,0.5,0.5,0.5,0.5,0.5,0.5,0.5,0.5,0.5,0.5,0.5
0.5,0.5,0.5,0.5,0.5,0.5,0.5,0.5,0.5,0.5,0.5,0.5,0.5,0.5,0.5,0.5,0.5,0.5,0.5,0.499999,0.499999,0.499999,0.499998,0.499998,0.499997,0.499997,0.499996,0.499995,0.499995,0.499994,0.499994,0.499993,0.499993,0.499994,0.499994,0.499995,0.499995,0.499996,0.499997,0.499997,0.499998,0.499998,0.499999,0.499999,0.499999,0.5,0.5,0.5,0.5,0.5,0.5,0.5,0.5,0.5,0.5,0.5,0.5,0.5,0.5,0.5,0.5,0.5,0.5,0.5
0.5,0.5,0.5,0.5,0.5,0.5,0.5,0.5,0.5,0.5,0.5,0.5,0.5,0.5,0.5,0.5,0.5,0.5,0.499999,0.499999,0.499998,0.499998,0.499997,0.499996,0.499995,0.499994,0.499992,0.499991,0.49999,0.499989,0.499988,0.499988,0.499988,0.499988,0.499989,0.49999,0.499991,0.499992,0.499994,0.499995,0.499996,0.499997,0.499998,0.499998,0.499999,0.499999,0.5,0.5,0.5,0.5,0.5,0.5,0.5,0.5,0.5,0.5,0.5,0.5,0.5,0.5,0.5,0.5,0.5,0.5
0.5,0.5,0.5,0.5,0.5,0.5,0.5,0.5,0.5,0.5,0.5,0.5,0.5,0.5,0.5,0.5,0.499999,0.499999,0.499998,0.499997,0.499996,0.499995,0.499993,0.499991,0.499988,0.499986,0.499983,0.49998,0.499977,0.499975,0.499974,0.499973,0.499973,0.499974,0.499975,0.499977,0.49998,0.499983,0.499986,0.499988,0.499991,0.499993,0.499995,0.499996,0.499997,0.499998,0.499999,0.499999,0.5,0.5,0.5,0.5,0.5,0.5,0.5,0.5,0.5,0.5,0.5,0.5,0.5,0.5,0.5,0.5
0.5,0.5,0.5,0.5,0.5,0.5,0.5,0.5,0.5,0.5,0.5,0.5,0.5,0.5,0.499999,0.499999,0.499998,0.499997,0.499996,0.499994,0.499992,0.499988,0.499984,0.499979,0.499974,0.499968,0.499961,0.499955,0.499949,0.499945,0.499941,0.49994,0.49994,0.499941,0.499945,0.499949,0.499955,0.499961,0.499968,0.499974,0.499979,0.499984,0.499988,0.499992,0.499994,0.499996,0.499997,0.499998,0.499999,0.499999,0.5,0.5,0.5,0.5,0.5,0.5,0.5,0.5,0.5,0.5,0.5,0.5,0.5,0.5
0.5,0.5,0.5,0.5,0.5,0.5,0.5,0.5,0.5,0.5,0.5,0.5,0.5,0.499999,0.499999,0.499998,0.499996,0.499994,0.499991,0.499987,0.499982,0.499974,0.499965,0.499955,0.499943,0.499929,0.499916,0.499902,0.49989,0.49988,0.499873,0.499869,0.499869,0.499873,0.49988,0.49989,0.499902,0.499916,0.499929,0.499943,0.499955,0.499965,0.499974,0.499982,0.499987,0.499991,0.499994,0.499996,0.499998,0.499999,0.499999,0.5,0.5,0.5,0.5,0.5,0.5,0.5,0.5,0.5,0.5,0.5,0.5,0.5
0.5,0.5,0.5,0.5,0.5,0.5,0.5,0.5,0.5,0.5,0.5,0.499999,0.499999,0.499998,0.499997,0.499995,0.499992,0.499988,0.499981,0.499972,0.499961,0.499945,0.499926,0.499904,0.499879,0.499851,0.499822,0.499794,0.499769,0.499747,0.499732,0.499724,0.499724,0.499732,0.499747,0.499769,0.499794,0.499822,0.499851,0.499879,0.499904,0.499926,0.499945,0.499961,0.499972,0.499981,0.499988,0.499992,0.499995,0.499997,0.499998,0.499999,0.499999,0.5,0.5,0.5,0.5,0.5,0.5,0.5,0.5,0.5,0.5,0.5
0.5,0.5,0.5,0.5,0.5,0.5,0.5,0.5,0.5,0.5,0.499999,0.499999,0.499998,0.499996,0.499994,0.49999,0.499984,0.499974,0.499961,0.499943,0.499918,0.499887,0.499849,0.499803,0.499752,0.499696,0.499638,0.499581,0.49953,0.499488,0.499457,0.499441,0.499441,0.499457,0.499488,0.49953,0.499581,0.499638,0.499696,0.499752,0.499803,0.499849,0.499887,0.499918,0.499943,0.499961,0.499974,0.499984,0.49999,0.499994,0.499996,0.499998,0.499999,0.499999,0.5,0.5,0.5,0.5,0.5,0.5,0.5,0.5,0.5,0.5
0.5,0.5,0.5,0.5,0.5,0.5,0.5,0.5,0.5,0.499999,0.499999,0.499998,0.499996,0.499993,0.499988,0.499979,0.499967,0.499948,0.499922,0.499885,0.499837,0.499775,0.4997,0.499611,0.49951,0.4994,0.499288,0.499178,0.499079,0.498997,0.498938,0.498907,0.498907,0.498938,0.498997,0.499079,0.499178,0.499288,0.4994,0.49951,0.499611,0.4997,0.499775,0.499837,0.499885,0.499922,0.499948,0.499967,0.499979,0.499988,0.499993,0.499996,0.499998,0.499999,0.499999,0.5,0.5,0.5,0.5,0.5,0.5,0.5,0.5,0.5
0.5,0.5,0.5,0.5,0.5,0.5,0.5,0.5,0.499999,0.499999,0.499998,0.499996,0.499992,0.499986,0.499975,0.499959,0.499935,0.499899,0.499848,0.499778,0.499685,0.499568,0.499424,0.499255,0.499065,0.498859,0.498648,0.498443,0.498257,0.498104,0.497994,0.497937,0.497937,0.497994,0.498104,0.498257,0.498443,0.498648,0.498859,0.499065,0.499255,0.499424,0.499568,0.499685,0.499778,0.499848,0.499899,0.499935,0.499959,0.499975,0.499986,0.499992,0.499996,0.499998,0.499999,0.499999,0.5,0.5,0.5,0.5,0.5,0.5,0.5,0.5
0.5,0.5,0.5,0.5,0.5,0.5,0.5,0.499999,0.499999,0.499998,0.499995,0.499991,0.499984,0.499972,0.499953,0.499923,0.499877,0.499809,0.499714,0.499584,0.499413,0.499197,0.498933,0.498624,0.498277,0.497903,0.497521,0.497151,0.496816,0.496541,0.496344,0.496241,0.496241,0.496344,0.496541,0.496816,0.497151,0.497521,0.497903,0.498277,0.498624,0.498933,0.499197,0.499413,0.499584,0.499714,0.499809,0.499877,0.499923,0.499953,0.499972,0.499984,0.499991,0.499995,0.499998,0.499999,0.499999,0.5,0.5,0.5,0.5,0.5,0.5,0.5
0.5,0.5,0.5,0.5,0.5,0.5,0.499999,0.499999,0.499998,0.499996,0.499991,0.499984,0.499971,0.499949,0.499913,0.499858,0.499774,0.499652,0.49948,0.499247,0.498942,0.498557,0.49809,0.497544,0.496934,0.49628,0.495612,0.494967,0.494385,0.493906,0.493565,0.493388,0.493388,0.493565,0.493906,0.494385,0.494967,0.495612,0.49628,0.496934,0.497544,0.49809,0.498557,0.498942,0.499247,0.49948,0.499652,0.499774,0.499858,0.499913,0.499949,0.499971,0.499984,0.499991,0.499996,0.499998,0.499999,0.499999,0.5,0.5,0.5,0.5,0.5,0.5
0.5,0.5,0.5,0.5,0.5,0.5,0.499999,0.499998,0.499996,0.499992,0.499984,0.499971,0.499947,0.499908,0.499845,0.499747,0.4996,0.499386,0.499086,0.498682,0.498155,0.497493,0.496694,0.495765,0.494728,0.493621,0.492495,0.491411,0.490436,0.489635,0.489065,0.488769,0.488769,0.489065,0.489635,0.490436,0.491411,0.492495,0.493621,0.494728,0.495765,0.496694,0.497493,0.498155,0.498682,0.499086,0.499386,0.4996,0.499747,0.499845,0.499908,0.499947,0.499971,0.499984,0.499992,0.499996,0.499998,0.499999,0.5,0.5,0.5,0.5,0.5,0.5
0.5,0.5,0.5,0.5,0.5,0.499999,0.499998,0.499996,0.499993,0.499986,0.499972,0.499949,0.499908,0.499841,0.499733,0.499565,0.499314,0.498951,0.498446,0.497768,0.496888,0.49579,0.494468,0.492939,0.49124,0.489433,0.487601,0.485843,0.484265,0.482972,0.482054,0.481577,0.481577,0.482054,0.482972,0.484265,0.485843,0.487601,0.489433,0.49124,0.492939,0.494468,0.49579,0.496888,0.497768,0.498446,0.498951,0.499314,0.499565,0.499733,0.499841,0.499908,0.499949,0.499972,0.499986,0.499993,0.499996,0.499998,0.499999,0.5,0.5,0.5,0.5,0.5
0.5,0.5,0.5,0.5,0.499999,0.499999,0.499997,0.499994,0.499988,0.499975,0.499953,0.499913,0.499845,0.499733,0.499553,0.499275,0.498861,0.498267,0.497444,0.496344,0.494924,0.49316,0.491048,0.488616,0.485926,0.483078,0.4802,0.477449,0.474987,0.472973,0.471546,0.470805,0.470805,0.471546,0.472973,0.474987,0.477449,0.4802,0.483078,0.485926,0.488616,0.491048,0.49316,0.494924,0.496344,0.497444,0.498267,0.498861,0.499275,0.499553,0.499733,0.499845,0.499913,0.499953,0.499975,0.499988,0.499994,0.499997,0.499999,0.499999,0.5,0.5,0.5,0.5
0.5,0.5,0.5,0.5,0.499999,0.499998,0.499995,0.49999,0.499979,0.499959,0.499923,0.499858,0.499747,0.499565,0.499275,0.49883,0.498171,0.497229,0.49593,0.494203,0.491987,0.489248,0.485986,0.482248,0.478134,0.473796,0.469433,0.465276,0.461568,0.458544,0.456404,0.455295,0.455295,0.456404,0.458544,0.461568,0.465276,0.469433,0.473796,0.478134,0.482248,0.485986,0.489248,0.491987,0.494203,0.49593,0.497229,0.498171,0.49883,0.499275,0.499565,0.499747,0.499858,0.499923,0.499959,0.499979,0.49999,0.499995,0.499998,0.499999,0.5,0.5,0.5,0.5
0.5,0.5,0.5,0.499999,0.499998,0.499996,0.499992,0.499984,0.499967,0.499935,0.499877,0.499774,0.4996,0.499314,0.498861,0.498171,0.497153,0.495706,0.493723,0.491099,0.487753,0.483639,0.478765,0.473211,0.46713,0.460749,0.45436,0.448296,0.442907,0.438523,0.435427,0.433825,0.433825,0.435427,0.438523,0.442907,0.448296,0.45436,0.460749,0.46713,0.473211,0.478765,0.483639,0.487753,0.491099,0.493723,0.495706,0.497153,0.498171,0.498861,0.499314,0.4996,0.499774,0.499877,0.499935,0.499967,0.499984,0.499992,0.499996,0.499998,0.499999,0.5,0.5,0.5
0.5,0.5,0.5,0.499999,0.499997,0.499994,0.499988,0.499974,0.499948,0.499899,0.499809,0.499652,0.499386,0.498951,0.498267,0.497229,0.495706,0.493554,0.49062,0.486762,0.481868,0.475887,0.468844,0.460862,0.45217,0.443098,0.434058,0.425517,0.417953,0.41182,0.407498,0.405265,0.405265,0.407498,0.41182,0.417953,0.425517,0.434058,0.443098,0.45217,0.460862,0.468844,0.475887,0.481868,0.486762,0.49062,0.493554,0.495706,0.497229,0.498267,0.498951,0.499386,0.499652,0.499809,0.499899,0.499948,0.499974,0.499988,0.499994,0.499997,0.499999,0.5,0.5,0.5
0.5,0.5,0.499999,0.499998,0.499996,0.499991,0.499981,0.499961,0.499922,0.499848,0.499714,0.49948,0.499086,0.498446,0.497444,0.49593,0.493723,0.49062,0.486415,0.480916,0.473985,0.465564,0.455708,0.444607,0.43259,0.420118,0.407755,0.39613,0.385879,0.377594,0.371771,0.368766,0.368766,0.371771,0.377594,0.385879,0.39613,0.407755,0.420118,0.43259,0.444607,0.455708,0.465564,0.473985,0.480916,0.486415,0.49062,0.493723,0.49593,0.497444,0.498446,0.499086,0.49948,0.499714,0.499848,0.499922,0.499961,0.499981,0.499991,0.499996,0.499998,0.499999,0.5,0.5
0.499999,0.499999,0.499999,0.499997,0.499994,0.499987,0.499972,0.499943,0.499885,0.499778,0.499584,0.499247,0.498682,0.497768,0.496344,0.494203,0.491099,0.486762,0.480916,0.473319,0.463804,0.452316,0.438957,0.424006,0.407922,0.391332,0.374981,0.359686,0.34626,0.33545,0.327874,0.323971,0.323971,0.327874,0.33545,0.34626,0.359686,0.374981,0.391332,0.407922,0.424006,0.438957,0.452316,0.463804,0.473319,0.480916,0.486762,0.491099,0.494203,0.496344,0.497768,0.498682,0.499247,0.499584,0.499778,0.499885,0.499943,0.499972,0.499987,0.499994,0.499997,0.499999,0.499999,0.499999
0.499999,0.499999,0.499998,0.499996,0.499992,0.499982,0.499961,0.499918,0.499837,0.499685,0.499413,0.498942,0.498155,0.496888,0.494924,0.491987,0.487753,0.481868,0.473985,0.463804,0.451132,0.435934,0.418379,0.398864,0.378012,0.356643,0.335714,0.316247,0.299245,0.285613,0.276089,0.271192,0.271192,0.276089,0.285613,0.299245,0.316247,0.335714,0.356643,0.378012,0.398864,0.418379,0.435934,0.451132,0.463804,0.473985,0.481868,0.487753,0.491987,0.494924,0.496888,0.498155,0.498942,0.499413,0.499685,0.499837,0.499918,0.499961,0.499982,0.499992,0.499996,0.499998,0.499999,0.499999
0.499999,0.499999,0.499998,0.499995,0.499988,0.499974,0.499945,0.499887,0.499775,0.499568,0.499197,0.498557,0.497493,0.49579,0.49316,0.489248,0.483639,0.475887,0.465564,0.452316,0.435934,0.416419,0.394035,0.369328,0.343114,0.316438,0.290487,0.266498,0.245664,0.229036,0.217458,0.21152,0.21152,0.217458,0.229036,0.245664,0.266498,0.290487,0.316438,0.343114,0.369328,0.394035,0.416419,0.435934,0.452316,0.465564,0.475887,0.483639,0.489248,0.49316,0.49579,0.497493,0.498557,0.499197,0.499568,0.499775,0.499887,0.499945,0.499974,0.499988,0.499995,0.499998,0.499999,0.499999
0.499998,0.499998,0.499997,0.499993,0.499984,0.499965,0.499926,0.499849,0.4997,0.499424,0.498933,0.49809,0.496694,0.494468,0.491048,0.485986,0.478765,0.468844,0.455708,0.438957,0.418379,0.394035,0.366311,0.335934,0.303946,0.271634,0.240426,0.211775,0.187041,0.167402,0.153782,0.146812,0.146812,0.153782,0.167402,0.187041,0.211775,0.240426,0.271634,0.303946,0.335934,0.366311,0.394035,0.418379,0.438957,0.455708,0.468844,0.478765,0.485986,0.491048,0.494468,0.496694,0.49809,0.498933,0.499424,0.4997,0.499849,0.499926,0.499965,0.499984,0.499993,0.499997,0.499998,0.499998
0.499998,0.499998,0.499996,0.499991,0.499979,0.499955,0.499904,0.499803,0.499611,0.499255,0.498624,0.497544,0.495765,0.492939,0.488616,0.482248,0.473211,0.460862,0.444607,0.424006,0.398864,0.369328,0.335934,0.299621,0.261678,0.223651,0.187204,0.153988,0.125503,0.103013,0.087483,0.0795576,0.0795576,0.087483,0.103013,0.125503,0.153988,0.187204,0.223651,0.261678,0.299621,0.335934,0.369328,0.398864,0.424006,0.444607,0.460862,0.473211,0.482248,0.488616,0.492939,0.495765,0.497544,0.498624,0.499255,0.499611,0.499803,0.499904,0.499955,0.499979,0.499991,0.499996,0.499998,0.499998
0.499997,0.499997,0.499995,0.499988,0.499974,0.499943,0.499879,0.499752,0.49951,0.499065,0.498277,0.496934,0.494728,0.49124,0.485926,0.478134,0.46713,0.45217,0.43259,0.407922,0.378012,0.343114,0.303946,0.261678,0.217865,0.174308,0.132899,0.0954533,0.0635715,0.0385541,0.0213609,0.0126133,0.0126133,0.0213609,0.0385541,0.0635715,0.0954533,0.132899,0.174308,0.217865,0.261678,0.303946,0.343114,0.378012,0.407922,0.43259,0.45217,0.46713,0.478134,0.485926,0.49124,0.494728,0.496934,0.498277,0.499065,0.49951,0.499752,0.499879,0.499943,0.499974,0.499988,0.499995,0.499997,0.499997
0.499997,0.499997,0.499994,0.499986,0.499968,0.499929,0.499851,0.499696,0.4994,0.498859,0.497903,0.49628,0.493621,0.489433,0.483078,0.473796,0.460749,0.443098,0.420118,0.391332,0.356643,0.316438,0.271634,0.223651,0.174308,0.125659,0.079793,0.0386536,0.00389304,-0.0232032,-0.0417289,-0.0511235,-0.0511235,-0.0417289,-0.0232032,0.00389304,0.0386536,0.079793,0.125659,0.174308,0.223651,0.271634,0.316438,0.356643,0.391332,0.420118,0.443098,0.460749,0.473796,0.483078,0.489433,0.493621,0.49628,0.497903,0.498859,0.4994,0.499696,0.499851,0.499929,0.499968,0.499986,0.499994,0.499997,0.499997
0.499996,0.499996,0.499992,0.499983,0.499961,0.499916,0.499822,0.499638,0.499288,0.498648,0.497521,0.495612,0.492495,0.487601,0.4802,0.469433,0.45436,0.434058,0.407755,0.374981,0.335714,0.290487,0.240426,0.187204,0.132899,0.079793,0.0301432,-0.0140218,-0.0510464,-0.0797081,-0.099197,-0.109045,-0.109045,-0.099197,-0.0797081,-0.0510464,-0.0140218,0.0301432,0.079793,0.132899,0.187204,0.240426,0.290487,0.335714,0.374981,0.407755,0.434058,0.45436,0.469433,0.4802,0.487601,0.492495,0.495612,0.497521,0.498648,0.499288,0.499638,0.499822,0.499916,0.499961,0.499983,0.499992,0.499996,0.499996
0.499995,0.499995,0.499991,0.49998,0.499955,0.499902,0.499794,0.499581,0.499178,0.498443,0.497151,0.494967,0.491411,0.485843,0.477449,0.465276,0.448296,0.425517,0.39613,0.359686,0.316247,0.266498,0.211775,0.153988,0.0954533,0.0386536,-0.0140218,-0.0604983,-0.0991577,-0.128876,-0.148971,-0.159089,-0.159089,-0.148971,-0.128876,-0.0991577,-0.0604983,-0.0140218,0.0386536,0.0954533,0.153988,0.211775,0.266498,0.316247,0.359686,0.39613,0.425517,0.448296,0.465276,0.477449,0.485843,0.491411,0.494967,0.497151,0.498443,0.499178,0.499581,0.499794,0.499902,0.499955,0.49998,0.499991,0.499995,0.499995
0.499995,0.499995,0.49999,0.499977,0.499949,0.49989,0.499769,0.49953,0.499079,0.498257,0.496816,0.494385,0.490436,0.484265,0.474987,0.461568,0.442907,0.417953,0.385879,0.34626,0.299245,0.245664,0.187041,0.125503,0.0635715,0.00389304,-0.0510464,-0.0991577,-0.138885,-0.169222,-0.189626,-0.199863,-0.199863,-0.189626,-0.169222,-0.138885,-0.0991577,-0.0510464,0.00389304,0.0635715,0.125503,0.187041,0.245664,0.299245,0.34626,0.385879,0.417953,0.442907,0.461568,0.474987,0.484265,0.490436,0.494385,0.496816,0.498257,0.499079,0.49953,0.499769,0.49989,0.499949,0.499977,0.49999,0.499995,0.499995
0.499994,0.499994,0.499989,0.499975,0.499945,0.49988,0.499747,0.499488,0.498997,0.498104,0.496541,0.493906,0.489635,0.482972,0.472973,0.458544,0.438523,0.41182,0.377594,0.33545,0.285613,0.229036,0.167402,0.103013,0.0385541,-0.0232032,-0.0797081,-0.128876,-0.169222,-0.199855,-0.220361,-0.230617,-0.230617,-0.220361,-0.199855,-0.169222,-0.128876,-0.0797081,-0.0232032,0.0385541,0.103013,0.167402,0.229036,0.285613,0.33545,0.377594,0.41182,0.438523,0.458544,0.472973,0.482972,0.489635,0.493906,0.496541,0.498104,0.498997,0.499488,0.499747,0.49988,0.499945,0.499975,0.499989,0.499994,0.499994
0.499994,0.499994,0.499988,0.499974,0.499941,0.499873,0.499732,0.499457,0.498938,0.497994,0.496344,0.493565,0.489065,0.482054,0.471546,0.456404,0.435427,0.407498,0.371771,0.327874,0.276089,0.217458,0.153782,0.087483,0.0213609,-0.0417289,-0.099197,-0.148971,-0.189626,-0.220361,-0.240862,-0.251091,-0.251091,-0.240862,-0.220361,-0.189626,-0.148971,-0.099197,-0.0417289,0.0213609,0.087483,0.153782,0.217458,0.276089,0.327874,0.371771,0.407498,0.435427,0.456404,0.471546,0.482054,0.489065,0.493565,0.496344,0.497994,0.498938,0.499457,0.499732,0.499873,0.499941,0.499974,0.499988,0.499994,0.499994
0.499993,0.499993,0.499988,0.499973,0.49994,0.499869,0.499724,0.499441,0.498907,0.497937,0.496241,0.493388,0.488769,0.481577,0.470805,0.455295,0.433825,0.405265,0.368766,0.323971,0.271192,0.21152,0.146812,0.0795576,0.0126133,-0.0511235,-0.109045,-0.159089,-0.199863,-0.230617,-0.251091,-0.261295,-0.261295,-0.251091,-0.230617,-0.199863,-0.159089,-0.109045,-0.0511235,0.0126133,0.0795576,0.146812,0.21152,0.271192,0.323971,0.368766,0.405265,0.433825,0.455295,0.470805,0.481577,0.488769,0.493388,0.496241,0.497937,0.498907,0.499441,0.499724,0.499869,0.49994,0.499973,0.499988,0.499993,0.499993
0.499993,0.499993,0.499988,0.499973,0.49994,0.499869,0.499724,0.499441,0.498907,0.497937,0.496241,0.493388,0.488769,0.481577,0.470805,0.455295,0.433825,0.405265,0.368766,0.323971,0.271192,0.21152,0.146812,0.0795576,0.0126133,-0.0511235,-0.109045,-0.159089,-0.199863,-0.230617,-0.251091,-0.261295,-0.261295,-0.251091,-0.230617,-0.199863,-0.159089,-0.109045,-0.0511235,0.0126133,0.0795576,0.146812,0.21152,0.271192,0.323971,0.368766,0.405265,0.433825,0.455295,0.470805,0.481577,0.488769,0.493388,0.496241,0.497937,0.498907,0.499441,0.499724,0.499869,0.49994,0.499973,0.499988,0.499993,0.499993
0.499994,0.499994,0.499988,0.499974,0.499941,0.499873,0.499732,0.499457,0.498938,0.497994,0.496344,0.493565,0.489065,0.482054,0.471546,0.456404,0.435427,0.407498,0.371771,0.327874,0.276089,0.217458,0.153782,0.087483,0.0213609,-0.0417289,-0.099197,-0.148971,-0.189626,-0.220361,-0.240862,-0.251091,-0.251091,-0.240862,-0.220361,-0.189626,-0.148971,-0.099197,-0.0417289,0.0213609,0.087483,0.153782,0.217458,0.276089,0.327874,0.371771,0.407498,0.435427,0.456404,0.471546,0.482054,0.489065,0.493565,0.496344,0.497994,0.498938,0.499457,0.499732,0.499873,0.499941,0.499974,0.499988,0.499994,0.499994
0.499994,0.499994,0.499989,0.499975,0.499945,0.49988,0.499747,0.499488,0.498997,0.498104,0.496541,0.493906,0.489635,0.482972,0.472973,0.458544,0.438523,0.41182,0.377594,0.33545,0.285613,0.229036,0.167402,0.103013,0.0385541,-0.0232032,-0.0797081,-0.128876,-0.169222,-0.199855,-0.220361,-0.230617,-0.230617,-0.220361,-0.199855,-0.169222,-0.128876,-0.0797081,-0.0232032,0.0385541,0.103013,0.167402,0.229036,0.285613,0.33545,0.377594,0.41182,0.438523,0.458544,0.472973,0.482972,0.489635,0.493906,0.496541,0.498104,0.498997,0.499488,0.499747,0.49988,0.499945,0.499975,0.499989,0.499994,0.499994
0.499995,0.499995,0.49999,0.499977,0.499949,0.49989,0.499769,0.49953,0.499079,0.498257,0.496816,0.494385,0.490436,0.484265,0.474987,0.461568,0.442907,0.417953,0.385879,0.34626,0.299245,0.245664,0.187041,0.125503,0.0635715,0.00389304,-0.0510464,-0.0991577,-0.138885,-0.169222,-0.189626,-0.199863,-0.199863,-0.189626,-0.169222,-0.138885,-0.0991577,-0.0510464,0.00389304,0.0635715,0.125503,0.187041,0.245664,0.299245,0.34626,0.385879,0.417953,0.442907,0.461568,0.474987,0.484265,0.490436,0.494385,0.496816,0.498257,0.499079,0.49953,0.499769,0.49989,0.499949,0.499977,0.49999,0.499995,0.499995
0.499995,0.499995,0.499991,0.49998,0.499955,0.499902,0.499794,0.499581,0.499178,0.498443,0.497151,0.494967,0.491411,0.485843,0.477449,0.465276,0.448296,0.425517,0.39613,0.359686,0.316247,0.266498,0.211775,0.153988,0.0954533,0.0386536,-0.0140218,-0.0604983,-0.0991577,-0.128876,-0.148971,-0.159089,-0.159089,-0.148971,-0.128876,-0.0991577,-0.0604983,-0.0140218,0.0386536,0.0954533,0.153988,0.211775,0.266498,0.316247,0.359686,0.39613,0.425517,0.448296,0.465276,0.477449,0.485843,0.491411,0.494967,0.497151,0.498443,0.499178,0.499581,0.499794,0.499902,0.499955,0.49998,0.499991,0.499995,0.499995
0.499996,0.499996,0.499992,0.499983,0.499961,0.499916,0.499822,0.499638,0.499288,0.498648,0.497521,0.495612,0.492495,0.487601,0.4802,0.469433,0.45436,0.434058,0.407755,0.374981,0.335714,0.290487,0.240426,0.187204,0.132899,0.079793,0.0301432,-0.0140218,-0.0510464,-0.0797081,-0.099197,-0.109045,-0.109045,-0.099197,-0.0797081,-0.0510464,-0.0140218,0.0301432,0.079793,0.132899,0.187204,0.240426,0.290487,0.335714,0.374981,0.407755,0.434058,0.45436,0.469433,0.4802,0.487601,0.492495,0.495612,0.497521,0.498648,0.499288,0.499638,0.499822,0.499916,0.499961,0.499983,0.499992,0.499996,0.499996
0.499997,0.499997,0.499994,0.499986,0.499968,0.499929,0.499851,0.499696,0.4994,0.498859,0.497903,0.49628,0.493621,0.489433,0.483078,0.473796,0.460749,0.443098,0.420118,0.391332,0.356643,0.316438,0.271634,0.223651,0.174308,0.125659,0.079793,0.0386536,0.00389304,-0.0232032,-0.0417289,-0.0511235,-0.0511235,-0.0417289,-0.0232032,0.00389304,0.0386536,0.079793,0.125659,0.174308,0.223651,0.271634,0.316438,0.356643,0.391332,0.420118,0.443098,0.460749,0.473796,0.483078,0.489433,0.493621,0.49628,0.497903,0.498859,0.4994,0.499696,0.499851,0.499929,0.499968,0.499986,0.499994,0.499997,0.499997
0.499997,0.499997,0.499995,0.499988,0.499974,0.499943,0.499879,0.499752,0.49951,0.499065,0.498277,0.496934,0.494728,0.49124,0.485926,0.478134,0.46713,0.45217,0.43259,0.407922,0.378012,0.343114,0.303946,0.261678,0.217865,0.174308,0.132899,0.0954533,0.0635715,0.0385541,0.0213609,0.0126133,0.0126133,0.0213609,0.0385541,0.0635715,0.0954533,0.132899,0.174308,0.217865,0.261678,0.303946,0.343114,0.378012,0.407922,0.43259,0.45217,0.46713,0.478134,0.485926,0.49124,0.494728,0.496934,0.498277,0.499065,0.49951,0.499752,0.499879,0.499943,0.499974,0.499988,0.499995,0.499997,0.499997
0.499998,0.499998,0.499996,0.499991,0.499979,0.499955,0.499904,0.499803,0.499611,0.499255,0.498624,0.497544,0.495765,0.492939,0.488616,0.482248,0.473211,0.460862,0.444607,0.424006,0.398864,0.369328,0.335934,0.299621,0.261678,0.223651,0.187204,0.153988,0.125503,0.103013,0.087483,0.0795576,0.0795576,0.087483,0.103013,0.125503,0.153988,0.187204,0.223651,0.261678,0.299621,0.335934,0.369328,0.398864,0.424006,0.444607,0.460862,0.473211,0.482248,0.488616,0.492939,0.495765,0.497544,0.498624,0.499255,0.499611,0.499803,0.499904,0.499955,0.499979,0.499991,0.499996,0.499998,0.499998
0.499998,0.499998,0.499997,0.499993,0.499984,0.499965,0.499926,0.499849,0.4997,0.499424,0.498933,0.49809,0.496694,0.494468,0.491048,0.485986,0.478765,0.468844,0.455708,0.438957,0.418379,0.394035,0.366311,0.335934,0.303946,0.271634,0.240426,0.211775,0.187041,0.167402,0.153782,0.146812,0.146812,0.153782,0.167402,0.187041,0.211775,0.240426,0.271634,0.303946,0.335934,0.366311,0.394035,0.418379,0.438957,0.455708,0.468844,0.478765,0.485986,0.491048,0.494468,0.496694,0.49809,0.498933,0.499424,0.4997,0.499849,0.499926,0.499965,0.499984,0.499993,0.499997,0.499998,0.499998
0.499999,0.499999,0.499998,0.499995,0.499988,0.499974,0.499945,0.499887,0.499775,0.499568,0.499197,0.498557,0.497493,0.49579,0.49316,0.489248,0.483639,0.475887,0.465564,0.452316,0.435934,0.416419,0.394035,0.369328,0.343114,0.316438,0.290487,0.266498,0.245664,0.229036,0.217458,0.21152,0.21152,0.217458,0.229036,0.245664,0.266498,0.290487,0.316438,0.343114,0.369328,0.394035,0.416419,0.435934,0.452316,0.465564,0.475887,0.483639,0.489248,0.49316,0.49579,0.497493,0.498557,0.499197,0.499568,0.499775,0.499887,0.499945,0.499974,0.499988,0.499995,0.499998,0.499999,0.499999
0.499999,0.499999,0.499998,0.499996,0.499992,0.499982,0.499961,0.499918,0.499837,0.499685,0.499413,0.498942,0.498155,0.496888,0.494924,0.491987,0.487753,0.481868,0.473985,0.463804,0.451132,0.435934,0.418379,0.398864,0.378012,0.356643,0.335714,0.316247,0.299245,0.285613,0.276089,0.271192,0.271192,0.276089,0.285613,0.299245,0.316247,0.335714,0.356643,0.378012,0.398864,0.418379,0.435934,0.451132,0.463804,0.473985,0.481868,0.487753,0.491987,0.494924,0.496888,0.498155,0.498942,0.499413,0.499685,0.499837,0.499918,0.499961,0.499982,0.499992,0.499996,0.499998,0.499999,0.499999
0.499999,0.499999,0.499999,0.499997,0.499994,0.499987,0.499972,0.499943,0.499885,0.499778,0.499584,0.499247,0.498682,0.497768,0.496344,0.494203,0.491099,0.486762,0.480916,0.473319,0.463804,0.452316,0.438957,0.424006,0.407922,0.391332,0.374981,0.359686,0.34626,0.33545,0.327874,0.323971,0.323971,0.327874,0.33545,0.34626,0.359686,0.374981,0.391332,0.407922,0.424006,0.438957,0.452316,0.463804,0.473319,0.480916,0.486762,0.491099,0.494203,0.496344,0.497768,0.498682,0.499247,0.499584,0.499778,0.499885,0.499943,0.499972,0.499987,0.499994,0.499997,0.499999,0.499999,0.499999
0.5,0.5,0.499999,0.499998,0.499996,0.499991,0.499981,0.499961,0.499922,0.499848,0.499714,0.49948,0.499086,0.498446,0.497444,0.49593,0.493723,0.49062,0.486415,0.480916,0.473985,0.465564,0.455708,0.444607,0.43259,0.420118,0.407755,0.39613,0.385879,0.377594,0.371771,0.368766,0.368766,0.371771,0.377594,0.385879,0.39613,0.407755,0.420118,0.43259,0.444607,0.455708,0.465564,0.473985,0.480916,0.486415,0.49062,0.493723,0.49593,0.497444,0.498446,0.499086,0.49948,0.499714,0.499848,0.499922,0.499961,0.499981,0.499991,0.499996,0.499998,0.499999,0.5,0.5
0.5,0.5,0.5,0.499999,0.499997,0.499994,0.499988,0.499974,0.499948,0.499899,0.499809,0.499652,0.499386,0.498951,0.498267,0.497229,0.495706,0.493554,0.49062,0.486762,0.481868,0.475887,0.468844,0.460862,0.45217,0.443098,0.434058,0.425517,0.417953,0.41182,0.407498,0.405265,0.405265,0.407498,0.41182,0.417953,0.425517,0.434058,0.443098,0.45217,0.460862,0.468844,0.475887,0.481868,0.486762,0.49062,0.493554,0.495706,0.497229,0.498267,0.498951,0.499386,0.499652,0.499809,0.499899,0.499948,0.499974,0.499988,0.499994,0.499997,0.499999,0.5,0.5,0.5
0.5,0.5,0.5,0.499999,0.499998,0.499996,0.499992,0.499984,0.499967,0.499935,0.499877,0.499774,0.4996,0.499314,0.498861,0.498171,0.497153,0.495706,0.493723,0.491099,0.487753,0.483639,0.478765,0.473211,0.46713,0.460749,0.45436,0.448296,0.442907,0.438523,0.435427,0.433825,0.433825,0.435427,0.438523,0.442907,0.448296,0.45436,0.460749,0.46713,0.473211,0.478765,0.483639,0.487753,0.491099,0.493723,0.495706,0.497153,0.498171,0.498861,0.499314,0.4996,0.499774,0.499877,0.499935,0.499967,0.499984,0.499992,0.499996,0.499998,0.499999,0.5,0.5,0.5
0.5,0.5,0.5,0.5,0.499999,0.499998,0.499995,0.49999,0.499979,0.499959,0.499923,0.499858,0.499747,0.499565,0.499275,0.49883,0.498171,0.497229,0.49593,0.494203,0.491987,0.489248,0.485986,0.482248,0.478134,0.473796,0.469433,0.465276,0.461568,0.458544,0.456404,0.455295,0.455295,0.456404,0.458544,0.461568,0.465276,0.469433,0.473796,0.478134,0.482248,0.485986,0.489248,0.491987,0.494203,0.49593,0.497229,0.498171,0.49883,0.499275,0.499565,0.499747,0.499858,0.499923,0.499959,0.499979,0.49999,0.499995,0.499998,0.499999,0.5,0.5,0.5,0.5
0.5,0.5,0.5,0.5,0.499999,0.499999,0.499997,0.499994,0.499988,0.499975,0.499953,0.499913,0.499845,0.499733,0.499553,0.499275,0.498861,0.498267,0.497444,0.496344,0.494924,0.49316,0.491048,0.488616,0.485926,0.483078,0.4802,0.477449,0.474987,0.472973,0.471546,0.470805,0.470805,0.471546,0.472973,0.474987,0.477449,0.4802,0.483078,0.485926,0.488616,0.491048,0.49316,0.494924,0.496344,0.497444,0.498267,0.498861,0.499275,0.499553,0.499733,0.499845,0.499913,0.499953,0.499975,0.499988,0.499994,0.499997,0.499999,0.499999,0.5,0.5,0.5,0.5
0.5,0.5,0.5,0.5,0.5,0.499999,0.499998,0.499996,0.499993,0.499986,0.499972,0.499949,0.499908,0.499841,0.499733,0.499565,0.499314,0.498951,0.498446,0.497768,0.496888,0.49579,0.494468,0.492939,0.49124,0.489433,0.487601,0.485843,0.484265,0.482972,0.482054,0.481577,0.481577,0.482054,0.482972,0.484265,0.485843,0.487601,0.489433,0.49124,0.492939,0.494468,0.49579,0.496888,0.497768,0.498446,0.498951,0.499314,0.499565,0.499733,0.499841,0.499908,0.499949,0.499972,0.499986,0.499993,0.499996,0.499998,0.499999,0.5,0.5,0.5,0.5,0.5
0.5,0.5,0.5,0.5,0.5,0.5,0.499999,0.499998,0.499996,0.499992,0.499984,0.499971,0.499947,0.499908,0.499845,0.499747,0.4996,0.499386,0.499086,0.498682,0.498155,0.497493,0.496694,0.495765,0.494728,0.493621,0.492495,0.491411,0.490436,0.489635,0.489065,0.488769,0.488769,0.489065,0.489635,0.490436,0.491411,0.492495,0.493621,0.494728,0.495765,0.496694,0.497493,0.498155,0.498682,0.499086,0.499386,0.4996,0.499747,0.499845,0.499908,0.499947,0.499971,0.499984,0.499992,0.499996,0.499998,0.499999,0.5,0.5,0.5,0.5,0.5,0.5
0.5,0.5,0.5,0.5,0.5,0.5,0.499999,0.499999,0.499998,0.499996,0.499991,0.499984,0.499971,0.499949,0.499913,0.499858,0.499774,0.499652,0.49948,0.499247,0.498942,0.498557,0.49809,0.497544,0.496934,0.49628,0.495612,0.494967,0.494385,0.493906,0.493565,0.493388,0.493388,0.493565,0.493906,0.494385,0.494967,0.495612,0.49628,0.496934,0.497544,0.49809,0.498557,0.498942,0.499247,0.49948,0.499652,0.499774,0.499858,0.499913,0.499949,0.499971,0.499984,0.499991,0.499996,0.499998,0.499999,0.499999,0.5,0.5,0.5,0.5,0.5,0.5
0.5,0.5,0.5,0.5,0.5,0.5,0.5,0.499999,0.499999,0.499998,0.499995,0.499991,0.499984,0.499972,0.499953,0.499923,0.499877,0.499809,0.499714,0.499584,0.499413,0.499197,0.498933,0.498624,0.498277,0.497903,0.497521,0.497151,0.496816,0.496541,0.496344,0.496241,0.496241,0.496344,0.496541,0.496816,0.497151,0.497521,0.497903,0.498277,0.498624,0.498933,0.499197,0.499413,0.499584,0.499714,0.499809,0.499877,0.499923,0.499953,0.499972,0.499984,0.499991,0.499995,0.499998,0.499999,0.499999,0.5,0.5,0.5,0.5,0.5,0.5,0.5
0.5,0.5,0.5,0.5,0.5,0.5,0.5,0.5,0.499999,0.499999,0.499998,0.499996,0.499992,0.499986,0.499975,0.499959,0.499935,0.499899,0.499848,0.499778,0.499685,0.499568,0.499424,0.499255,0.499065,0.498859,0.498648,0.498443,0.498257,0.498104,0.497994,0.497937,0.497937,0.497994,0.498104,0.498257,0.498443,0.498648,0.498859,0.499065,0.499255,0.499424,0.499568,0.499685,0.499778,0.499848,0.499899,0.499935,0.499959,0.499975,0.499986,0.499992,0.499996,0.499998,0.499999,0.499999,0.5,0.5,0.5,0.5,0.5,0.5,0.5,0.5
0.5,0.5,0.5,0.5,0.5,0.5,0.5,0.5,0.5,0.499999,0.499999,0.499998,0.499996,0.499993,0.499988,0.499979,0.499967,0.499948,0.499922,0.499885,0.499837,0.499775,0.4997,0.499611,0.49951,0.4994,0.499288,0.499178,0.499079,0.498997,0.498938,0.498907,0.498907,0.498938,0.498997,0.499079,0.499178,0.499288,0.4994,0.49951,0.499611,0.4997,0.499775,0.499837,0.499885,0.499922,0.499948,0.499967,0.499979,0.499988,0.499993,0.499996,0.499998,0.499999,0.499999,0.5,0.5,0.5,0.5,0.5,0.5,0.5,0.5,0.5
0.5,0.5,0.5,0.5,0.5,0.5,0.5,0.5,0.5,0.5,0.499999,0.499999,0.499998,0.499996,0.499994,0.49999,0.499984,0.499974,0.499961,0.499943,0.499918,0.499887,0.499849,0.499803,0.499752,0.499696,0.499638,0.499581,0.49953,0.499488,0.499457,0.499441,0.499441,0.499457,0.499488,0.49953,0.499581,0.499638,0.499696,0.499752,0.499803,0.499849,0.499887,0.499918,0.499943,0.499961,0.499974,0.499984,0.49999,0.499994,0.499996,0.499998,0.499999,0.499999,0.5,0.5,0.5,0.5,0.5,0.5,0.5,0.5,0.5,0.5
0.5,0.5,0.5,0.5,0.5,0.5,0.5,0.5,0.5,0.5,0.5,0.499999,0.499999,0.499998,0.499997,0.499995,0.499992,0.499988,0.499981,0.499972,0.499961,0.499945,0.499926,0.499904,0.499879,0.499851,0.499822,0.499794,0.499769,0.499747,0.499732,0.499724,0.499724,0.499732,0.499747,0.499769,0.499794,0.499822,0.499851,0.499879,0.499904,0.499926,0.499945,0.499961,0.499972,0.499981,0.499988,0.499992,0.499995,0.499997,0.499998,0.499999,0.499999,0.5,0.5,0.5,0.5,0.5,0.5,0.5,0.5,0.5,0.5,0.5
0.5,0.5,0.5,0.5,0.5,0.5,0.5,0.5,0.5,0.5,0.5,0.5,0.5,0.499999,0.499999,0.499998,0.499996,0.499994,0.499991,0.499987,0.499982,0.499974,0.499965,0.499955,0.499943,0.499929,0.499916,0.499902,0.49989,0.49988,0.499873,0.499869,0.499869,0.499873,0.49988,0.49989,0.499902,0.499916,0.499929,0.499943,0.499955,0.499965,0.499974,0.499982,0.499987,0.499991,0.499994,0.499996,0.499998,0.499999,0.499999,0.5,0.5,0.5,0.5,0.5,0.5,0.5,0.5,0.5,0.5,0.5,0.5,0.5
0.5,0.5,0.5,0.5,0.5,0.5,0.5,0.5,0.5,0.5,0.5,0.5,0.5,0.5,0.499999,0.499999,0.499998,0.499997,0.499996,0.499994,0.499992,0.499988,0.499984,0.499979,0.499974,0.499968,0.499961,0.499955,0.499949,0.499945,0.499941,0.49994,0.49994,0.499941,0.499945,0.499949,0.499955,0.499961,0.499968,0.499974,0.499979,0.499984,0.499988,0.499992,0.499994,0.499996,0.499997,0.499998,0.499999,0.499999,0.5,0.5,0.5,0.5,0.5,0.5,0.5,0.5,0.5,0.5,0.5,0.5,0.5,0.5
0.5,0.5,0.5,0.5,0.5,0.5,0.5,0.5,0.5,0.5,0.5,0.5,0.5,0.5,0.5,0.5,0.499999,0.499999,0.499998,0.499997,0.499996,0.499995,0.499993,0.499991,0.499988,0.499986,0.499983,0.49998,0.499977,0.499975,0.499974,0.499973,0.499973,0.499974,0.499975,0.499977,0.49998,0.499983,0.499986,0.499988,0.499991,0.499993,0.499995,0.499996,0.499997,0.499998,0.499999,0.499999,0.5,0.5,0.5,0.5,0.5,0.5,0.5,0.5,0.5,0.5,0.5,0.5,0.5,0.5,0.5,0.5
0.5,0.5,0.5,0.5,0.5,0.5,0.5,0.5,0.5,0.5,0.5,0.5,0.5,0.5,0.5,0.5,0.5,0.5,0.499999,0.499999,0.499998,0.499998,0.499997,0.499996,0.499995,0.499994,0.499992,0.499991,0.49999,0.499989,0.499988,0.499988,0.499988,0.499988,0.499989,0.49999,0.499991,0.499992,0.499994,0.499995,0.499996,0.499997,0.499998,0.499998,0.499999,0.499999,0.5,0.5,0.5,0.5,0.5,0.5,0.5,0.5,0.5,0.5,0.5,0.5,0.5,0.5,0.5,0.5,0.5,0.5
0.5,0.5,0.5,0.5,0.5,0.5,0.5,0.5,0.5,0.5,0.5,0.5,0.5,0.5,0.5,0.5,0.5,0.5,0.5,0.499999,0.499999,0.499999,0.499998,0.499998,0.499997,0.499997,0.499996,0.499995,0.499995,0.499994,0.499994,0.499993,0.499993,0.499994,0.499994,0.499995,0.499995,0.499996,0.499997,0.499997,0.499998,0.499998,0.499999,0.499999,0.499999,0.5,0.5,0.5,0.5,0.5,0.5,0.5,0.5,0.5,0.5,0.5,0.5,0.5,0.5,0.5,0.5,0.5,0.5,0.5
0.5,0.5,0.5,0.5,0.5,0.5,0.5,0.5,0.5,0.5,0.5,0.5,0.5,0.5,0.5,0.5,0.5,0.5,0.5,0.499999,0.499999,0.499999,0.499998,0.499998,0.499997,0.499997,0.499996,0.499995,0.499995,0.499994,0.499994,0.499993,0.499993,0.499994,0.499994,0.499995,0.499995,0.499996,0.499997,0.499997,0.499998,0.499998,0.499999,0.499999,0.499999,0.5,0.5,0.5,0.5,0.5,0.5,0.5,0.5,0.5,0.5,0.5,0.5,0.5,0.5,0.5,0.5,0.5,0.5,0.5
