0.5,0.5,0.5,0.5,0.5,0.5,0.5,0.5,0.5,0.5,0.5,0.5,0.5,0.5,0.5,0.5,0.5,0.5,0.499999,0.499999,0.499999,0.499998,0.499998,0.499997,0.499996,0.499995,0.499994,0.499993,0.499992,0.499991,0.499991,0.499991,0.499991,0.499991,0.499991,0.499992,0.499993,0.499994,0.499995,0.499996,0.499997,0.499998,0.499998,0.499999,0.499999,0.499999,0.5,0.5,0.5,0.5,0.5,0.5,0.5,0.5,0.5,0.5,0.5,0.5,0.5,0.5,0.5,0.5,0.5,0.5
0.5,0.5,0.5,0.5,0.5,0.5,0.5,0.5,0.5,0.5,0.5,0.5,0.5,0.5,0.5,0.5,0.5,0.5,0.499999,0.499999,0.499999,0.499998,0.499998,0.499997,0.499996,0.499995,0.499994,0.499993,0.499992,0.499991,0.499991,0.499991,0.499991,0.499991,0.499991,0.499992,0.499993,0.499994,0.499995,0.499996,0.499997,0.499998,0.499998,0.499999,0.499999,0.499999,0.5,0.5,0.5,0.5,0.5,0.5,0.5,0.5,0.5,0.5,0.5,0.5,0.5,0.5,0.5,0.5,0.5,0.5
0.5,0.5,0.5,0.5,0.5,0.5,0.5,0.5,0.5,0.5,0.5,0.5,0.5,0.5,0.5,0.5,0.5,0.499999,0.499999,0.499998,0.499998,0.499997,0.499996,0.499994,0.499993,0.499991,0.499989,0.499987,0.499986,0.499985,0.499984,0.499983,0.499983,0.499984,0.499985,0.499986,0.499987,0.499989,0.499991,0.499993,0.499994,0.499996,0.499997,0.499998,0.499998,0.499999,0.499999,0.5,0.5,0.5,0.5,0.5,0.5,0.5,0.5,0.5,0.5,0.5,0.5,0.5,0.5,0.5,0.5,0.5
0.5,0.5,0.5,0.5,0.5,0.5,0.5,0.5,0.5,0.5,0.5,0.5,0.5,0.5,0.5,0.499999,0.499999,0.499998,0.499998,0.499996,0.499995,0.499993,0.49999,0.499987,0.499984,0.49998,0.499976,0.499973,0.499969,0.499966,0.499964,0.499963,0.499963,0.499964,0.499966,0.499969,0.499973,0.499976,0.49998,0.499984,0.499987,0.49999,0.499993,0.499995,0.499996,0.499998,0.499998,0.499999,0.499999,0.5,0.5,0.5,0.5,0.5,0.5,0.5,0.5,0.5,0.5,0.5,0.5,0.5,0.5,0.5
0.5,0.5,0.5,0.5,0.5,0.5,0.5,0.5,0.5,0.5,0.5,0.5,0.5,0.5,0.499999,0.499999,0.499998,0.499996,0.499995,0.499992,0.499988,0.499984,0.499978,0.499972,0.499964,0.499956,0.499948,0.499939,0.499932,0.499926,0.499921,0.499919,0.499919,0.499921,0.499926,0.499932,0.499939,0.499948,0.499956,0.499964,0.499972,0.499978,0.499984,0.499988,0.499992,0.499995,0.499996,0.499998,0.499999,0.499999,0.5,0.5,0.5,0.5,0.5,0.5,0.5,0.5,0.5,0.5,0.5,0.5,0.5,0.5
0.5,0.5,0.5,0.5,0.5,0.5,0.5,0.5,0.5,0.5,0.5,0.5,0.499999,0.499999,0.499998,0.499997,0.499995,0.499992,0.499988,0.499982,0.499975,0.499965,0.499953,0.499939,0.499923,0.499905,0.499887,0.49987,0.499854,0.499841,0.499831,0.499826,0.499826,0.499831,0.499841,0.499854,0.49987,0.499887,0.499905,0.499923,0.499939,0.499953,0.499965,0.499975,0.499982,0.499988,0.499992,0.499995,0.499997,0.499998,0.499999,0.499999,0.5,0.5,0.5,0.5,0.5,0.5,0.5,0.5,0.5,0.5,0.5,0.5
0.5,0.5,0.5,0.5,0.5,0.5,0.5,0.5,0.5,0.5,0.5,0.499999,0.499999,0.499998,0.499996,0.499993,0.499989,0.499983,0.499974,0.499962,0.499947,0.499926,0.499902,0.499872,0.499839,0.499803,0.499766,0.49973,0.499697,0.49967,0.49965,0.49964,0.49964,0.49965,0.49967,0.499697,0.49973,0.499766,0.499803,0.499839,0.499872,0.499902,0.499926,0.499947,0.499962,0.499974,0.499983,0.499989,0.499993,0.499996,0.499998,0.499999,0.499999,0.5,0.5,0.5,0.5,0.5,0.5,0.5,0.5,0.5,0.5,0.5
0.5,0.5,0.5,0.5,0.5,0.5,0.5,0.5,0.5,0.5,0.499999,0.499998,0.499997,0.499995,0.499991,0.499986,0.499977,0.499965,0.499947,0.499923,0.499891,0.49985,0.4998,0.499742,0.499675,0.499604,0.49953,0.499458,0.499393,0.49934,0.499301,0.499281,0.499281,0.499301,0.49934,0.499393,0.499458,0.49953,0.499604,0.499675,0.499742,0.4998,0.49985,0.499891,0.499923,0.499947,0.499965,0.499977,0.499986,0.499991,0.499995,0.499997,0.499998,0.499999,0.5,0.5,0.5,0.5,0.5,0.5,0.5,0.5,0.5,0.5
0.5,0.5,0.5,0.5,0.5,0.5,0.5,0.5,0.5,0.499999,0.499998,0.499997,0.499994,0.49999,0.499983,0.499972,0.499955,0.49993,0.499895,0.499848,0.499785,0.499706,0.499609,0.499495,0.499367,0.49923,0.499088,0.498951,0.498828,0.498725,0.498652,0.498614,0.498614,0.498652,0.498725,0.498828,0.498951,0.499088,0.49923,0.499367,0.499495,0.499609,0.499706,0.499785,0.499848,0.499895,0.49993,0.499955,0.499972,0.499983,0.49999,0.499994,0.499997,0.499998,0.499999,0.5,0.5,0.5,0.5,0.5,0.5,0.5,0.5,0.5
0.5,0.5,0.5,0.5,0.5,0.5,0.5,0.5,0.499999,0.499998,0.499997,0.499994,0.499989,0.49998,0.499967,0.499945,0.499913,0.499865,0.499799,0.499709,0.499591,0.499441,0.49926,0.499048,0.49881,0.498555,0.498293,0.498041,0.497813,0.497625,0.497491,0.497421,0.497421,0.497491,0.497625,0.497813,0.498041,0.498293,0.498555,0.49881,0.499048,0.49926,0.499441,0.499591,0.499709,0.499799,0.499865,0.499913,0.499945,0.499967,0.49998,0.499989,0.499994,0.499997,0.499998,0.499999,0.5,0.5,0.5,0.5,0.5,0.5,0.5,0.5
0.5,0.5,0.5,0.5,0.5,0.5,0.5,0.499999,0.499998,0.499997,0.499994,0.499988,0.499978,0.499963,0.499937,0.499897,0.499837,0.499749,0.499627,0.499462,0.499246,0.498975,0.498647,0.498264,0.497837,0.49738,0.496915,0.496465,0.496061,0.495728,0.495491,0.495368,0.495368,0.495491,0.495728,0.496061,0.496465,0.496915,0.49738,0.497837,0.498264,0.498647,0.498975,0.499246,0.499462,0.499627,0.499749,0.499837,0.499897,0.499937,0.499963,0.499978,0.499988,0.499994,0.499997,0.499998,0.499999,0.5,0.5,0.5,0.5,0.5,0.5,0.5
0.5,0.5,0.5,0.5,0.5,0.5,0.499999,0.499998,0.499997,0.499994,0.499988,0.499978,0.49996,0.499931,0.499885,0.499812,0.499704,0.499548,0.49933,0.499037,0.498657,0.498181,0.497608,0.496943,0.496203,0.495414,0.494612,0.493841,0.493148,0.49258,0.492175,0.491965,0.491965,0.492175,0.49258,0.493148,0.493841,0.494612,0.495414,0.496203,0.496943,0.497608,0.498181,0.498657,0.499037,0.49933,0.499548,0.499704,0.499812,0.499885,0.499931,0.49996,0.499978,0.499988,0.499994,0.499997,0.499998,0.499999,0.5,0.5,0.5,0.5,0.5,0.5
0.5,0.5,0.5,0.5,0.5,0.499999,0.499999,0.499997,0.499994,0.499989,0.499978,0.49996,0.499929,0.499878,0.499796,0.49967,0.499482,0.499212,0.498837,0.498335,0.497688,0.496881,0.495913,0.494796,0.493557,0.492242,0.490911,0.489634,0.48849,0.487553,0.486888,0.486543,0.486543,0.486888,0.487553,0.48849,0.489634,0.490911,0.492242,0.493557,0.494796,0.495913,0.496881,0.497688,0.498335,0.498837,0.499212,0.499482,0.49967,0.499796,0.499878,0.499929,0.49996,0.499978,0.499989,0.499994,0.499997,0.499999,0.499999,0.5,0.5,0.5,0.5,0.5
0.5,0.5,0.5,0.5,0.5,0.499999,0.499998,0.499995,0.49999,0.49998,0.499963,0.499931,0.499878,0.49979,0.499651,0.499438,0.499122,0.49867,0.498046,0.497215,0.496148,0.494826,0.493247,0.491434,0.489433,0.487316,0.485182,0.483144,0.481321,0.479832,0.478777,0.478229,0.478229,0.478777,0.479832,0.481321,0.483144,0.485182,0.487316,0.489433,0.491434,0.493247,0.494826,0.496148,0.497215,0.498046,0.49867,0.499122,0.499438,0.499651,0.49979,0.499878,0.499931,0.499963,0.49998,0.49999,0.499995,0.499998,0.499999,0.5,0.5,0.5,0.5,0.5
0.5,0.5,0.5,0.5,0.499999,0.499998,0.499996,0.499991,0.499983,0.499967,0.499937,0.499885,0.499796,0.499651,0.499422,0.499073,0.498558,0.497826,0.496822,0.495491,0.493791,0.491696,0.489208,0.486364,0.48324,0.479953,0.476651,0.473508,0.470708,0.468425,0.46681,0.465973,0.465973,0.46681,0.468425,0.470708,0.473508,0.476651,0.479953,0.48324,0.486364,0.489208,0.491696,0.493791,0.495491,0.496822,0.497826,0.498558,0.499073,0.499422,0.499651,0.499796,0.499885,0.499937,0.499967,0.499983,0.499991,0.499996,0.499998,0.499999,0.5,0.5,0.5,0.5
0.5,0.5,0.5,0.499999,0.499999,0.499997,0.499993,0.499986,0.499972,0.499945,0.499897,0.499812,0.49967,0.499438,0.499073,0.498519,0.497707,0.49656,0.494994,0.492932,0.490311,0.487101,0.483309,0.478998,0.474289,0.469356,0.464424,0.459748,0.455595,0.452219,0.449836,0.448603,0.448603,0.449836,0.452219,0.455595,0.459748,0.464424,0.469356,0.474289,0.478998,0.483309,0.487101,0.490311,0.492932,0.494994,0.49656,0.497707,0.498519,0.499073,0.499438,0.49967,0.499812,0.499897,0.499945,0.499972,0.499986,0.499993,0.499997,0.499999,0.499999,0.5,0.5,0.5
0.5,0.5,0.5,0.499999,0.499998,0.499995,0.499989,0.499977,0.499955,0.499913,0.499837,0.499704,0.499482,0.499122,0.498558,0.497707,0.496468,0.494726,0.492362,0.489268,0.485359,0.480598,0.475009,0.468692,0.461828,0.454677,0.447562,0.440845,0.434903,0.430087,0.426695,0.424942,0.424942,0.426695,0.430087,0.434903,0.440845,0.447562,0.454677,0.461828,0.468692,0.475009,0.480598,0.485359,0.489268,0.492362,0.494726,0.496468,0.497707,0.498558,0.499122,0.499482,0.499704,0.499837,0.499913,0.499955,0.499977,0.499989,0.499995,0.499998,0.499999,0.5,0.5,0.5
0.5,0.5,0.499999,0.499998,0.499996,0.499992,0.499983,0.499965,0.49993,0.499865,0.499749,0.499548,0.499212,0.49867,0.497826,0.49656,0.494726,0.492163,0.488706,0.484208,0.478562,0.471728,0.463756,0.454801,0.445129,0.435109,0.425192,0.415876,0.407668,0.401037,0.396379,0.393976,0.393976,0.396379,0.401037,0.407668,0.415876,0.425192,0.435109,0.445129,0.454801,0.463756,0.471728,0.478562,0.484208,0.488706,0.492163,0.494726,0.49656,0.497826,0.49867,0.499212,0.499548,0.499749,0.499865,0.49993,0.499965,0.499983,0.499992,0.499996,0.499998,0.499999,0.5,0.5
0.499999,0.499999,0.499999,0.499998,0.499995,0.499988,0.499974,0.499947,0.499895,0.499799,0.499627,0.49933,0.498837,0.498046,0.496822,0.494994,0.492362,0.488706,0.483805,0.477469,0.469568,0.460067,0.449056,0.436769,0.423583,0.410007,0.396648,0.384165,0.373216,0.364405,0.358231,0.355052,0.355052,0.358231,0.364405,0.373216,0.384165,0.396648,0.410007,0.423583,0.436769,0.449056,0.460067,0.469568,0.477469,0.483805,0.488706,0.492362,0.494994,0.496822,0.498046,0.498837,0.49933,0.499627,0.499799,0.499895,0.499947,0.499974,0.499988,0.499995,0.499998,0.499999,0.499999,0.499999
0.499999,0.499999,0.499998,0.499996,0.499992,0.499982,0.499962,0.499923,0.499848,0.499709,0.499462,0.499037,0.498335,0.497215,0.495491,0.492932,0.489268,0.484208,0.477469,0.468813,0.458092,0.445288,0.430553,0.414225,0.396823,0.379026,0.361623,0.345454,0.331345,0.320037,0.31214,0.30808,0.30808,0.31214,0.320037,0.331345,0.345454,0.361623,0.379026,0.396823,0.414225,0.430553,0.445288,0.458092,0.468813,0.477469,0.484208,0.489268,0.492932,0.495491,0.497215,0.498335,0.499037,0.499462,0.499709,0.499848,0.499923,0.499962,0.499982,0.499992,0.499996,0.499998,0.499999,0.499999
0.499999,0.499999,0.499998,0.499995,0.499988,0.499975,0.499947,0.499891,0.499785,0.499591,0.499246,0.498657,0.497688,0.496148,0.493791,0.490311,0.485359,0.478562,0.469568,0.458092,0.443975,0.427238,0.408117,0.387084,0.364833,0.342241,0.3203,0.300046,0.282469,0.268449,0.258691,0.253686,0.253686,0.258691,0.268449,0.282469,0.300046,0.3203,0.342241,0.364833,0.387084,0.408117,0.427238,0.443975,0.458092,0.469568,0.478562,0.485359,0.490311,0.493791,0.496148,0.497688,0.498657,0.499246,0.499591,0.499785,0.499891,0.499947,0.499975,0.499988,0.499995,0.499998,0.499999,0.499999
0.499998,0.499998,0.499997,0.499993,0.499984,0.499965,0.499926,0.49985,0.499706,0.499441,0.498975,0.498181,0.496881,0.494826,0.491696,0.487101,0.480598,0.471728,0.460067,0.445288,0.427238,0.405994,0.38191,0.355623,0.328032,0.300234,0.27344,0.248877,0.227695,0.210887,0.199235,0.193273,0.193273,0.199235,0.210887,0.227695,0.248877,0.27344,0.300234,0.328032,0.355623,0.38191,0.405994,0.427238,0.445288,0.460067,0.471728,0.480598,0.487101,0.491696,0.494826,0.496881,0.498181,0.498975,0.499441,0.499706,0.49985,0.499926,0.499965,0.499984,0.499993,0.499997,0.499998,0.499998
0.499998,0.499998,0.499996,0.49999,0.499978,0.499953,0.499902,0.4998,0.499609,0.49926,0.498647,0.497608,0.495913,0.493247,0.489208,0.483309,0.475009,0.463756,0.449056,0.430553,0.408117,0.38191,0.352432,0.320519,0.2873,0.254109,0.222377,0.193509,0.168786,0.149284,0.135824,0.128957,0.128957,0.135824,0.149284,0.168786,0.193509,0.222377,0.254109,0.2873,0.320519,0.352432,0.38191,0.408117,0.430553,0.449056,0.463756,0.475009,0.483309,0.489208,0.493247,0.495913,0.497608,0.498647,0.49926,0.499609,0.4998,0.499902,0.499953,0.499978,0.49999,0.499996,0.499998,0.499998
0.499997,0.499997,0.499994,0.499987,0.499972,0.499939,0.499872,0.499742,0.499495,0.499048,0.498264,0.496943,0.494796,0.491434,0.486364,0.478998,0.468692,0.454801,0.436769,0.414225,0.387084,0.355623,0.320519,0.282835,0.243948,0.205435,0.168935,0.136007,0.108023,0.0860913,0.071031,0.063372,0.063372,0.071031,0.0860913,0.108023,0.136007,0.168935,0.205435,0.243948,0.282835,0.320519,0.355623,0.387084,0.414225,0.436769,0.454801,0.468692,0.478998,0.486364,0.491434,0.494796,0.496943,0.498264,0.499048,0.499495,0.499742,0.499872,0.499939,0.499972,0.499987,0.499994,0.499997,0.499997
0.499996,0.499996,0.499993,0.499984,0.499964,0.499923,0.499839,0.499675,0.499367,0.49881,0.497837,0.496203,0.493557,0.489433,0.48324,0.474289,0.461828,0.445129,0.423583,0.396823,0.364833,0.328032,0.2873,0.243948,0.199612,0.156107,0.115256,0.0787344,0.0479552,0.0240081,0.00765658,-0.000629265,-0.000629265,0.00765658,0.0240081,0.0479552,0.0787344,0.115256,0.156107,0.199612,0.243948,0.2873,0.328032,0.364833,0.396823,0.423583,0.445129,0.461828,0.474289,0.48324,0.489433,0.493557,0.496203,0.497837,0.49881,0.499367,0.499675,0.499839,0.499923,0.499964,0.499984,0.499993,0.499996,0.499996
0.499995,0.499995,0.499991,0.49998,0.499956,0.499905,0.499803,0.499604,0.49923,0.498555,0.49738,0.495414,0.492242,0.487316,0.479953,0.469356,0.454677,0.435109,0.410007,0.379026,0.342241,0.300234,0.254109,0.205435,0.156107,0.108159,0.0635713,0.0240896,-0.00888521,-0.0343375,-0.0516081,-0.0603245,-0.0603245,-0.0516081,-0.0343375,-0.00888521,0.0240896,0.0635713,0.108159,0.156107,0.205435,0.254109,0.300234,0.342241,0.379026,0.410007,0.435109,0.454677,0.469356,0.479953,0.487316,0.492242,0.495414,0.49738,0.498555,0.49923,0.499604,0.499803,0.499905,0.499956,0.49998,0.499991,0.499995,0.499995
0.499994,0.499994,0.499989,0.499976,0.499948,0.499887,0.499766,0.49953,0.499088,0.498293,0.496915,0.494612,0.490911,0.485182,0.476651,0.464424,0.447562,0.425192,0.396648,0.361623,0.3203,0.27344,0.222377,0.168935,0.115256,0.0635713,0.0159794,-0.025747,-0.0602669,-0.0866863,-0.104492,-0.113439,-0.113439,-0.104492,-0.0866863,-0.0602669,-0.025747,0.0159794,0.0635713,0.115256,0.168935,0.222377,0.27344,0.3203,0.361623,0.396648,0.425192,0.447562,0.464424,0.476651,0.485182,0.490911,0.494612,0.496915,0.498293,0.499088,0.49953,0.499766,0.499887,0.499948,0.499976,0.499989,0.499994,0.499994
0.499993,0.499993,0.499987,0.499973,0.499939,0.49987,0.49973,0.499458,0.498951,0.498041,0.496465,0.493841,0.489634,0.483144,0.473508,0.459748,0.440845,0.415876,0.384165,0.345454,0.300046,0.248877,0.193509,0.136007,0.0787344,0.0240896,-0.025747,-0.0690133,-0.104464,-0.13136,-0.149359,-0.158361,-0.158361,-0.149359,-0.13136,-0.104464,-0.0690133,-0.025747,0.0240896,0.0787344,0.136007,0.193509,0.248877,0.300046,0.345454,0.384165,0.415876,0.440845,0.459748,0.473508,0.483144,0.489634,0.493841,0.496465,0.498041,0.498951,0.499458,0.49973,0.49987,0.499939,0.499973,0.499987,0.499993,0.499993
0.499992,0.499992,0.499986,0.499969,0.499932,0.499854,0.499697,0.499393,0.498828,0.497813,0.496061,0.493148,0.48849,0.481321,0.470708,0.455595,0.434903,0.407668,0.373216,0.331345,0.282469,0.227695,0.168786,0.108023,0.0479552,-0.00888521,-0.0602669,-0.104464,-0.140347,-0.167341,-0.185278,-0.194208,-0.194208,-0.185278,-0.167341,-0.140347,-0.104464,-0.0602669,-0.00888521,0.0479552,0.108023,0.168786,0.227695,0.282469,0.331345,0.373216,0.407668,0.434903,0.455595,0.470708,0.481321,0.48849,0.493148,0.496061,0.497813,0.498828,0.499393,0.499697,0.499854,0.499932,0.499969,0.499986,0.499992,0.499992
0.499991,0.499991,0.499985,0.499966,0.499926,0.499841,0.49967,0.49934,0.498725,0.497625,0.495728,0.49258,0.487553,0.479832,0.468425,0.452219,0.430087,0.401037,0.364405,0.320037,0.268449,0.210887,0.149284,0.0860913,0.0240081,-0.0343375,-0.0866863,-0.13136,-0.167341,-0.194204,-0.211943,-0.220737,-0.220737,-0.211943,-0.194204,-0.167341,-0.13136,-0.0866863,-0.0343375,0.0240081,0.0860913,0.149284,0.210887,0.268449,0.320037,0.364405,0.401037,0.430087,0.452219,0.468425,0.479832,0.487553,0.49258,0.495728,0.497625,0.498725,0.49934,0.49967,0.499841,0.499926,0.499966,0.499985,0.499991,0.499991
0.499991,0.499991,0.499984,0.499964,0.499921,0.499831,0.49965,0.499301,0.498652,0.497491,0.495491,0.492175,0.486888,0.478777,0.46681,0.449836,0.426695,0.396379,0.358231,0.31214,0.258691,0.199235,0.135824,0.071031,0.00765658,-0.0516081,-0.104492,-0.149359,-0.185278,-0.211943,-0.229467,-0.238126,-0.238126,-0.229467,-0.211943,-0.185278,-0.149359,-0.104492,-0.0516081,0.00765658,0.071031,0.135824,0.199235,0.258691,0.31214,0.358231,0.396379,0.426695,0.449836,0.46681,0.478777,0.486888,0.492175,0.495491,0.497491,0.498652,0.499301,0.49965,0.499831,0.499921,0.499964,0.499984,0.499991,0.499991
0.499991,0.499991,0.499983,0.499963,0.499919,0.499826,0.49964,0.499281,0.498614,0.497421,0.495368,0.491965,0.486543,0.478229,0.465973,0.448603,0.424942,0.393976,0.355052,0.30808,0.253686,0.193273,0.128957,0.063372,-0.000629265,-0.0603245,-0.113439,-0.158361,-0.194208,-0.220737,-0.238126,-0.246702,-0.246702,-0.238126,-0.220737,-0.194208,-0.158361,-0.113439,-0.0603245,-0.000629265,0.063372,0.128957,0.193273,0.253686,0.30808,0.355052,0.393976,0.424942,0.448603,0.465973,0.478229,0.486543,0.491965,0.495368,0.497421,0.498614,0.499281,0.49964,0.499826,0.499919,0.499963,0.499983,0.499991,0.499991
0.499991,0.499991,0.499983,0.499963,0.499919,0.499826,0.49964,0.499281,0.498614,0.497421,0.495368,0.491965,0.486543,0.478229,0.465973,0.448603,0.424942,0.393976,0.355052,0.30808,0.253686,0.193273,0.128957,0.063372,-0.000629265,-0.0603245,-0.113439,-0.158361,-0.194208,-0.220737,-0.238126,-0.246702,-0.246702,-0.238126,-0.220737,-0.194208,-0.158361,-0.113439,-0.0603245,-0.000629265,0.063372,0.128957,0.193273,0.253686,0.30808,0.355052,0.393976,0.424942,0.448603,0.465973,0.478229,0.486543,0.491965,0.495368,0.497421,0.498614,0.499281,0.49964,0.499826,0.499919,0.499963,0.499983,0.499991,0.499991
0.499991,0.499991,0.499984,0.499964,0.499921,0.499831,0.49965,0.499301,0.498652,0.497491,0.495491,0.492175,0.486888,0.478777,0.46681,0.449836,0.426695,0.396379,0.358231,0.31214,0.258691,0.199235,0.135824,0.071031,0.00765658,-0.0516081,-0.104492,-0.149359,-0.185278,-0.211943,-0.229467,-0.238126,-0.238126,-0.229467,-0.211943,-0.185278,-0.149359,-0.104492,-0.0516081,0.00765658,0.071031,0.135824,0.199235,0.258691,0.31214,0.358231,0.396379,0.426695,0.449836,0.46681,0.478777,0.486888,0.492175,0.495491,0.497491,0.498652,0.499301,0.49965,0.499831,0.499921,0.499964,0.499984,0.499991,0.499991
0.499991,0.499991,0.499985,0.499966,0.499926,0.499841,0.49967,0.49934,0.498725,0.497625,0.495728,0.49258,0.487553,0.479832,0.468425,0.452219,0.430087,0.401037,0.364405,0.320037,0.268449,0.210887,0.149284,0.0860913,0.0240081,-0.0343375,-0.0866863,-0.13136,-0.167341,-0.194204,-0.211943,-0.220737,-0.220737,-0.211943,-0.194204,-0.167341,-0.13136,-0.0866863,-0.0343375,0.0240081,0.0860913,0.149284,0.210887,0.268449,0.320037,0.364405,0.401037,0.430087,0.452219,0.468425,0.479832,0.487553,0.49258,0.495728,0.497625,0.498725,0.49934,0.49967,0.499841,0.499926,0.499966,0.499985,0.499991,0.499991
0.499992,0.499992,0.499986,0.499969,0.499932,0.499854,0.499697,0.499393,0.498828,0.497813,0.496061,0.493148,0.48849,0.481321,0.470708,0.455595,0.434903,0.407668,0.373216,0.331345,0.282469,0.227695,0.168786,0.108023,0.0479552,-0.00888521,-0.0602669,-0.104464,-0.140347,-0.167341,-0.185278,-0.194208,-0.194208,-0.185278,-0.167341,-0.140347,-0.104464,-0.0602669,-0.00888521,0.0479552,0.108023,0.168786,0.227695,0.282469,0.331345,0.373216,0.407668,0.434903,0.455595,0.470708,0.481321,0.48849,0.493148,0.496061,0.497813,0.498828,0.499393,0.499697,0.499854,0.499932,0.499969,0.499986,0.499992,0.499992
0.499993,0.499993,0.499987,0.499973,0.499939,0.49987,0.49973,0.499458,0.498951,0.498041,0.496465,0.493841,0.489634,0.483144,0.473508,0.459748,0.440845,0.415876,0.384165,0.345454,0.300046,0.248877,0.193509,0.136007,0.0787344,0.0240896,-0.025747,-0.0690133,-0.104464,-0.13136,-0.149359,-0.158361,-0.158361,-0.149359,-0.13136,-0.104464,-0.0690133,-0.025747,0.0240896,0.0787344,0.136007,0.193509,0.248877,0.300046,0.345454,0.384165,0.415876,0.440845,0.459748,0.473508,0.483144,0.489634,0.493841,0.496465,0.498041,0.498951,0.499458,0.49973,0.49987,0.499939,0.499973,0.499987,0.499993,0.499993
0.499994,0.499994,0.499989,0.499976,0.499948,0.499887,0.499766,0.49953,0.499088,0.498293,0.496915,0.494612,0.490911,0.485182,0.476651,0.464424,0.447562,0.425192,0.396648,0.361623,0.3203,0.27344,0.222377,0.168935,0.115256,0.0635713,0.0159794,-0.025747,-0.0602669,-0.0866863,-0.104492,-0.113439,-0.113439,-0.104492,-0.0866863,-0.0602669,-0.025747,0.0159794,0.0635713,0.115256,0.168935,0.222377,0.27344,0.3203,0.361623,0.396648,0.425192,0.447562,0.464424,0.476651,0.485182,0.490911,0.494612,0.496915,0.498293,0.499088,0.49953,0.499766,0.499887,0.499948,0.499976,0.499989,0.499994,0.499994
0.499995,0.499995,0.499991,0.49998,0.499956,0.499905,0.499803,0.499604,0.49923,0.498555,0.49738,0.495414,0.492242,0.487316,0.479953,0.469356,0.454677,0.435109,0.410007,0.379026,0.342241,0.300234,0.254109,0.205435,0.156107,0.108159,0.0635713,0.0240896,-0.00888521,-0.0343375,-0.0516081,-0.0603245,-0.0603245,-0.0516081,-0.0343375,-0.00888521,0.0240896,0.0635713,0.108159,0.156107,0.205435,0.254109,0.300234,0.342241,0.379026,0.410007,0.435109,0.454677,0.469356,0.479953,0.487316,0.492242,0.495414,0.49738,0.498555,0.49923,0.499604,0.499803,0.499905,0.499956,0.49998,0.499991,0.499995,0.499995
0.499996,0.499996,0.499993,0.499984,0.499964,0.499923,0.499839,0.499675,0.499367,0.49881,0.497837,0.496203,0.493557,0.489433,0.48324,0.474289,0.461828,0.445129,0.423583,0.396823,0.364833,0.328032,0.2873,0.243948,0.199612,0.156107,0.115256,0.0787344,0.0479552,0.0240081,0.00765658,-0.000629265,-0.000629265,0.00765658,0.0240081,0.0479552,0.0787344,0.115256,0.156107,0.199612,0.243948,0.2873,0.328032,0.364833,0.396823,0.423583,0.445129,0.461828,0.474289,0.48324,0.489433,0.493557,0.496203,0.497837,0.49881,0.499367,0.499675,0.499839,0.499923,0.499964,0.499984,0.499993,0.499996,0.499996
0.499997,0.499997,0.499994,0.499987,0.499972,0.499939,0.499872,0.499742,0.499495,0.499048,0.498264,0.496943,0.494796,0.491434,0.486364,0.478998,0.468692,0.454801,0.436769,0.414225,0.387084,0.355623,0.320519,0.282835,0.243948,0.205435,0.168935,0.136007,0.108023,0.0860913,0.071031,0.063372,0.063372,0.071031,0.0860913,0.108023,0.136007,0.168935,0.205435,0.243948,0.282835,0.320519,0.355623,0.387084,0.414225,0.436769,0.454801,0.468692,0.478998,0.486364,0.491434,0.494796,0.496943,0.498264,0.499048,0.499495,0.499742,0.499872,0.499939,0.499972,0.499987,0.499994,0.499997,0.499997
0.499998,0.499998,0.499996,0.49999,0.499978,0.499953,0.499902,0.4998,0.499609,0.49926,0.498647,0.497608,0.495913,0.493247,0.489208,0.483309,0.475009,0.463756,0.449056,0.430553,0.408117,0.38191,0.352432,0.320519,0.2873,0.254109,0.222377,0.193509,0.168786,0.149284,0.135824,0.128957,0.128957,0.135824,0.149284,0.168786,0.193509,0.222377,0.254109,0.2873,0.320519,0.352432,0.38191,0.408117,0.430553,0.449056,0.463756,0.475009,0.483309,0.489208,0.493247,0.495913,0.497608,0.498647,0.49926,0.499609,0.4998,0.499902,0.499953,0.499978,0.49999,0.499996,0.499998,0.499998
0.499998,0.499998,0.499997,0.499993,0.499984,0.499965,0.499926,0.49985,0.499706,0.499441,0.498975,0.498181,0.496881,0.494826,0.491696,0.487101,0.480598,0.471728,0.460067,0.445288,0.427238,0.405994,0.38191,0.355623,0.328032,0.300234,0.27344,0.248877,0.227695,0.210887,0.199235,0.193273,0.193273,0.199235,0.210887,0.227695,0.248877,0.27344,0.300234,0.328032,0.355623,0.38191,0.405994,0.427238,0.445288,0.460067,0.471728,0.480598,0.487101,0.491696,0.494826,0.496881,0.498181,0.498975,0.499441,0.499706,0.49985,0.499926,0.499965,0.499984,0.499993,0.499997,0.499998,0.499998
0.499999,0.499999,0.499998,0.499995,0.499988,0.499975,0.499947,0.499891,0.499785,0.499591,0.499246,0.498657,0.497688,0.496148,0.493791,0.490311,0.485359,0.478562,0.469568,0.458092,0.443975,0.427238,0.408117,0.387084,0.364833,0.342241,0.3203,0.300046,0.282469,0.268449,0.258691,0.253686,0.253686,0.258691,0.268449,0.282469,0.300046,0.3203,0.342241,0.364833,0.387084,0.408117,0.427238,0.443975,0.458092,0.469568,0.478562,0.485359,0.490311,0.493791,0.496148,0.497688,0.498657,0.499246,0.499591,0.499785,0.499891,0.499947,0.499975,0.499988,0.499995,0.499998,0.499999,0.499999
0.499999,0.499999,0.499998,0.499996,0.499992,0.499982,0.499962,0.499923,0.499848,0.499709,0.499462,0.499037,0.498335,0.497215,0.495491,0.492932,0.489268,0.484208,0.477469,0.468813,0.458092,0.445288,0.430553,0.414225,0.396823,0.379026,0.361623,0.345454,0.331345,0.320037,0.31214,0.30808,0.30808,0.31214,0.320037,0.331345,0.345454,0.361623,0.379026,0.396823,0.414225,0.430553,0.445288,0.458092,0.468813,0.477469,0.484208,0.489268,0.492932,0.495491,0.497215,0.498335,0.499037,0.499462,0.499709,0.499848,0.499923,0.499962,0.499982,0.499992,0.499996,0.499998,0.499999,0.499999
0.499999,0.499999,0.499999,0.499998,0.499995,0.499988,0.499974,0.499947,0.499895,0.499799,0.499627,0.49933,0.498837,0.498046,0.496822,0.494994,0.492362,0.488706,0.483805,0.477469,0.469568,0.460067,0.449056,0.436769,0.423583,0.410007,0.396648,0.384165,0.373216,0.364405,0.358231,0.355052,0.355052,0.358231,0.364405,0.373216,0.384165,0.396648,0.410007,0.423583,0.436769,0.449056,0.460067,0.469568,0.477469,0.483805,0.488706,0.492362,0.494994,0.496822,0.498046,0.498837,0.49933,0.499627,0.499799,0.499895,0.499947,0.499974,0.499988,0.499995,0.499998,0.499999,0.499999,0.499999
0.5,0.5,0.499999,0.499998,0.499996,0.499992,0.499983,0.499965,0.49993,0.499865,0.499749,0.499548,0.499212,0.49867,0.497826,0.49656,0.494726,0.492163,0.488706,0.484208,0.478562,0.471728,0.463756,0.454801,0.445129,0.435109,0.425192,0.415876,0.407668,0.401037,0.396379,0.393976,0.393976,0.396379,0.401037,0.407668,0.415876,0.425192,0.435109,0.445129,0.454801,0.463756,0.471728,0.478562,0.484208,0.488706,0.492163,0.494726,0.49656,0.497826,0.49867,0.499212,0.499548,0.499749,0.499865,0.49993,0.499965,0.499983,0.499992,0.499996,0.499998,0.499999,0.5,0.5
0.5,0.5,0.5,0.499999,0.499998,0.499995,0.499989,0.499977,0.499955,0.499913,0.499837,0.499704,0.499482,0.499122,0.498558,0.497707,0.496468,0.494726,0.492362,0.489268,0.485359,0.480598,0.475009,0.468692,0.461828,0.454677,0.447562,0.440845,0.434903,0.430087,0.426695,0.424942,0.424942,0.426695,0.430087,0.434903,0.440845,0.447562,0.454677,0.461828,0.468692,0.475009,0.480598,0.485359,0.489268,0.492362,0.494726,0.496468,0.497707,0.498558,0.499122,0.499482,0.499704,0.499837,0.499913,0.499955,0.499977,0.499989,0.499995,0.499998,0.499999,0.5,0.5,0.5
0.5,0.5,0.5,0.499999,0.499999,0.499997,0.499993,0.499986,0.499972,0.499945,0.499897,0.499812,0.49967,0.499438,0.499073,0.498519,0.497707,0.49656,0.494994,0.492932,0.490311,0.487101,0.483309,0.478998,0.474289,0.469356,0.464424,0.459748,0.455595,0.452219,0.449836,0.448603,0.448603,0.449836,0.452219,0.455595,0.459748,0.464424,0.469356,0.474289,0.478998,0.483309,0.487101,0.490311,0.492932,0.494994,0.49656,0.497707,0.498519,0.499073,0.499438,0.49967,0.499812,0.499897,0.499945,0.499972,0.499986,0.499993,0.499997,0.499999,0.499999,0.5,0.5,0.5
0.5,0.5,0.5,0.5,0.499999,0.499998,0.499996,0.499991,0.499983,0.499967,0.499937,0.499885,0.499796,0.499651,0.499422,0.499073,0.498558,0.497826,0.496822,0.495491,0.493791,0.491696,0.489208,0.486364,0.48324,0.479953,0.476651,0.473508,0.470708,0.468425,0.46681,0.465973,0.465973,0.46681,0.468425,0.470708,0.473508,0.476651,0.479953,0.48324,0.486364,0.489208,0.491696,0.493791,0.495491,0.496822,0.497826,0.498558,0.499073,0.499422,0.499651,0.499796,0.499885,0.499937,0.499967,0.499983,0.499991,0.499996,0.499998,0.499999,0.5,0.5,0.5,0.5
0.5,0.5,0.5,0.5,0.5,0.499999,0.499998,0.499995,0.49999,0.49998,0.499963,0.499931,0.499878,0.49979,0.499651,0.499438,0.499122,0.49867,0.498046,0.497215,0.496148,0.494826,0.493247,0.491434,0.489433,0.487316,0.485182,0.483144,0.481321,0.479832,0.478777,0.478229,0.478229,0.478777,0.479832,0.481321,0.483144,0.485182,0.487316,0.489433,0.491434,0.493247,0.494826,0.496148,0.497215,0.498046,0.49867,0.499122,0.499438,0.499651,0.49979,0.499878,0.499931,0.499963,0.49998,0.49999,0.499995,0.499998,0.499999,0.5,0.5,0.5,0.5,0.5
0.5,0.5,0.5,0.5,0.5,0.499999,0.499999,0.499997,0.499994,0.499989,0.499978,0.49996,0.499929,0.499878,0.499796,0.49967,0.499482,0.499212,0.498837,0.498335,0.497688,0.496881,0.495913,0.494796,0.493557,0.492242,0.490911,0.489634,0.48849,0.487553,0.486888,0.486543,0.486543,0.486888,0.487553,0.48849,0.489634,0.490911,0.492242,0.493557,0.494796,0.495913,0.496881,0.497688,0.498335,0.498837,0.499212,0.499482,0.49967,0.499796,0.499878,0.499929,0.49996,0.499978,0.499989,0.499994,0.499997,0.499999,0.499999,0.5,0.5,0.5,0.5,0.5
0.5,0.5,0.5,0.5,0.5,0.5,0.499999,0.499998,0.499997,0.499994,0.499988,0.499978,0.49996,0.499931,0.499885,0.499812,0.499704,0.499548,0.49933,0.499037,0.498657,0.498181,0.497608,0.496943,0.496203,0.495414,0.494612,0.493841,0.493148,0.49258,0.492175,0.491965,0.491965,0.492175,0.49258,0.493148,0.493841,0.494612,0.495414,0.496203,0.496943,0.497608,0.498181,0.498657,0.499037,0.49933,0.499548,0.499704,0.499812,0.499885,0.499931,0.49996,0.499978,0.499988,0.499994,0.499997,0.499998,0.499999,0.5,0.5,0.5,0.5,0.5,0.5
0.5,0.5,0.5,0.5,0.5,0.5,0.5,0.499999,0.499998,0.499997,0.499994,0.499988,0.499978,0.499963,0.499937,0.499897,0.499837,0.499749,0.499627,0.499462,0.499246,0.498975,0.498647,0.498264,0.497837,0.49738,0.496915,0.496465,0.496061,0.495728,0.495491,0.495368,0.495368,0.495491,0.495728,0.496061,0.496465,0.496915,0.49738,0.497837,0.498264,0.498647,0.498975,0.499246,0.499462,0.499627,0.499749,0.499837,0.499897,0.499937,0.499963,0.499978,0.499988,0.499994,0.499997,0.499998,0.499999,0.5,0.5,0.5,0.5,0.5,0.5,0.5
0.5,0.5,0.5,0.5,0.5,0.5,0.5,0.5,0.499999,0.499998,0.499997,0.499994,0.499989,0.49998,0.499967,0.499945,0.499913,0.499865,0.499799,0.499709,0.499591,0.499441,0.49926,0.499048,0.49881,0.498555,0.498293,0.498041,0.497813,0.497625,0.497491,0.497421,0.497421,0.497491,0.497625,0.497813,0.498041,0.498293,0.498555,0.49881,0.499048,0.49926,0.499441,0.499591,0.499709,0.499799,0.499865,0.499913,0.499945,0.499967,0.49998,0.499989,0.499994,0.499997,0.499998,0.499999,0.5,0.5,0.5,0.5,0.5,0.5,0.5,0.5
0.5,0.5,0.5,0.5,0.5,0.5,0.5,0.5,0.5,0.499999,0.499998,0.499997,0.499994,0.49999,0.499983,0.499972,0.499955,0.49993,0.499895,0.499848,0.499785,0.499706,0.499609,0.499495,0.499367,0.49923,0.499088,0.498951,0.498828,0.498725,0.498652,0.498614,0.498614,0.498652,0.498725,0.498828,0.498951,0.499088,0.49923,0.499367,0.499495,0.499609,0.499706,0.499785,0.499848,0.499895,0.49993,0.499955,0.499972,0.499983,0.49999,0.499994,0.499997,0.499998,0.499999,0.5,0.5,0.5,0.5,0.5,0.5,0.5,0.5,0.5
0.5,0.5,0.5,0.5,0.5,0.5,0.5,0.5,0.5,0.5,0.499999,0.499998,0.499997,0.499995,0.499991,0.499986,0.499977,0.499965,0.499947,0.499923,0.499891,0.49985,0.4998,0.499742,0.499675,0.499604,0.49953,0.499458,0.499393,0.49934,0.499301,0.499281,0.499281,0.499301,0.49934,0.499393,0.499458,0.49953,0.499604,0.499675,0.499742,0.4998,0.49985,0.499891,0.499923,0.499947,0.499965,0.499977,0.499986,0.499991,0.499995,0.499997,0.499998,0.499999,0.5,0.5,0.5,0.5,0.5,0.5,0.5,0.5,0.5,0.5
0.5,0.5,0.5,0.5,0.5,0.5,0.5,0.5,0.5,0.5,0.5,0.499999,0.499999,0.499998,0.499996,0.499993,0.499989,0.499983,0.499974,0.499962,0.499947,0.499926,0.499902,0.499872,0.499839,0.499803,0.499766,0.49973,0.499697,0.49967,0.49965,0.49964,0.49964,0.49965,0.49967,0.499697,0.49973,0.499766,0.499803,0.499839,0.499872,0.499902,0.499926,0.499947,0.499962,0.499974,0.499983,0.499989,0.499993,0.499996,0.499998,0.499999,0.499999,0.5,0.5,0.5,0.5,0.5,0.5,0.5,0.5,0.5,0.5,0.5
0.5,0.5,0.5,0.5,0.5,0.5,0.5,0.5,0.5,0.5,0.5,0.5,0.499999,0.499999,0.499998,0.499997,0.499995,0.499992,0.499988,0.499982,0.499975,0.499965,0.499953,0.499939,0.499923,0.499905,0.499887,0.49987,0.499854,0.499841,0.499831,0.499826,0.499826,0.499831,0.499841,0.499854,0.49987,0.499887,0.499905,0.499923,0.499939,0.499953,0.499965,0.499975,0.499982,0.499988,0.499992,0.499995,0.499997,0.499998,0.499999,0.499999,0.5,0.5,0.5,0.5,0.5,0.5,0.5,0.5,0.5,0.5,0.5,0.5
0.5,0.5,0.5,0.5,0.5,0.5,0.5,0.5,0.5,0.5,0.5,0.5,0.5,0.5,0.499999,0.499999,0.499998,0.499996,0.499995,0.499992,0.499988,0.499984,0.499978,0.499972,0.499964,0.499956,0.499948,0.499939,0.499932,0.499926,0.499921,0.499919,0.499919,0.499921,0.499926,0.499932,0.499939,0.499948,0.499956,0.499964,0.499972,0.499978,0.499984,0.499988,0.499992,0.499995,0.499996,0.499998,0.499999,0.499999,0.5,0.5,0.5,0.5,0.5,0.5,0.5,0.5,0.5,0.5,0.5,0.5,0.5,0.5
0.5,0.5,0.5,0.5,0.5,0.5,0.5,0.5,0.5,0.5,0.5,0.5,0.5,0.5,0.5,0.499999,0.499999,0.499998,0.499998,0.499996,0.499995,0.499993,0.49999,0.499987,0.499984,0.49998,0.499976,0.499973,0.499969,0.499966,0.499964,0.499963,0.499963,0.499964,0.499966,0.499969,0.499973,0.499976,0.49998,0.499984,0.499987,0.49999,0.499993,0.499995,0.499996,0.499998,0.499998,0.499999,0.499999,0.5,0.5,0.5,0.5,0.5,0.5,0.5,0.5,0.5,0.5,0.5,0.5,0.5,0.5,0.5
0.5,0.5,0.5,0.5,0.5,0.5,0.5,0.5,0.5,0.5,0.5,0.5,0.5,0.5,0.5,0.5,0.5,0.499999,0.499999,0.499998,0.499998,0.499997,0.499996,0.499994,0.499993,0.499991,0.499989,0.499987,0.499986,0.499985,0.499984,0.499983,0.499983,0.499984,0.499985,0.499986,0.499987,0.499989,0.499991,0.499993,0.499994,0.499996,0.499997,0.499998,0.499998,0.499999,0.499999,0.5,0.5,0.5,0.5,0.5,0.5,0.5,0.5,0.5,0.5,0.5,0.5,0.5,0.5,0.5,0.5,0.5
0.5,0.5,0.5,0.5,0.5,0.5,0.5,0.5,0.5,0.5,0.5,0.5,0.5,0.5,0.5,0.5,0.5,0.5,0.499999,0.499999,0.499999,0.499998,0.499998,0.499997,0.499996,0.499995,0.499994,0.499993,0.499992,0.499991,0.499991,0.499991,0.499991,0.499991,0.499991,0.499992,0.499993,0.499994,0.499995,0.499996,0.499997,0.499998,0.499998,0.499999,0.499999,0.499999,0.5,0.5,0.5,0.5,0.5,0.5,0.5,0.5,0.5,0.5,0.5,0.5,0.5,0.5,0.5,0.5,0.5,0.5
0.5,0.5,0.5,0.5,0.5,0.5,0.5,0.5,0.5,0.5,0.5,0.5,0.5,0.5,0.5,0.5,0.5,0.5,0.499999,0.499999,0.499999,0.499998,0.499998,0.499997,0.499996,0.499995,0.499994,0.499993,0.499992,0.499991,0.499991,0.499991,0.499991,0.499991,0.499991,0.499992,0.499993,0.499994,0.499995,0.499996,0.499997,0.499998,0.499998,0.499999,0.499999,0.499999,0.5,0.5,0.5,0.5,0.5,0.5,0.5,0.5,0.5,0.5,0.5,0.5,0.5,0.5,0.5,0.5,0.5,0.5
