0.5,0.5,0.5,0.5,0.5,0.5,0.5,0.5,0.5,0.5,0.5,0.5,0.5,0.5,0.499999,0.499999,0.499998,0.499997,0.499996,0.499994,0.499991,0.499988,0.499984,0.499979,0.499974,0.499969,0.499963,0.499958,0.499953,0.499949,0.499946,0.499944,0.499944,0.499946,0.499949,0.499953,0.499958,0.499963,0.499969,0.499974,0.499979,0.499984,0.499988,0.499991,0.499994,0.499996,0.499997,0.499998,0.499999,0.499999,0.5,0.5,0.5,0.5,0.5,0.5,0.5,0.5,0.5,0.5,0.5,0.5,0.5,0.5
0.5,0.5,0.5,0.5,0.5,0.5,0.5,0.5,0.5,0.5,0.5,0.5,0.5,0.5,0.499999,0.499999,0.499998,0.499997,0.499996,0.499994,0.499991,0.499988,0.499984,0.499979,0.499974,0.499969,0.499963,0.499958,0.499953,0.499949,0.499946,0.499944,0.499944,0.499946,0.499949,0.499953,0.499958,0.499963,0.499969,0.499974,0.499979,0.499984,0.499988,0.499991,0.499994,0.499996,0.499997,0.499998,0.499999,0.499999,0.5,0.5,0.5,0.5,0.5,0.5,0.5,0.5,0.5,0.5,0.5,0.5,0.5,0.5
0.5,0.5,0.5,0.5,0.5,0.5,0.5,0.5,0.5,0.5,0.5,0.5,0.5,0.499999,0.499999,0.499998,0.499997,0.499995,0.499992,0.499989,0.499985,0.49998,0.499973,0.499965,0.499957,0.499948,0.499939,0.49993,0.499922,0.499915,0.49991,0.499908,0.499908,0.49991,0.499915,0.499922,0.49993,0.499939,0.499948,0.499957,0.499965,0.499973,0.49998,0.499985,0.499989,0.499992,0.499995,0.499997,0.499998,0.499999,0.499999,0.5,0.5,0.5,0.5,0.5,0.5,0.5,0.5,0.5,0.5,0.5,0.5,0.5
0.5,0.5,0.5,0.5,0.5,0.5,0.5,0.5,0.5,0.5,0.5,0.499999,0.499999,0.499998,0.499997,0.499996,0.499993,0.499989,0.499985,0.499978,0.499969,0.499958,0.499945,0.49993,0.499913,0.499895,0.499877,0.499859,0.499844,0.49983,0.499821,0.499816,0.499816,0.499821,0.49983,0.499844,0.499859,0.499877,0.499895,0.499913,0.49993,0.499945,0.499958,0.499969,0.499978,0.499985,0.499989,0.499993,0.499996,0.499997,0.499998,0.499999,0.499999,0.5,0.5,0.5,0.5,0.5,0.5,0.5,0.5,0.5,0.5,0.5
0.5,0.5,0.5,0.5,0.5,0.5,0.5,0.5,0.5,0.5,0.499999,0.499999,0.499998,0.499996,0.499994,0.499991,0.499985,0.499978,0.499968,0.499954,0.499936,0.499914,0.499887,0.499857,0.499823,0.499786,0.49975,0.499714,0.499682,0.499656,0.499638,0.499628,0.499628,0.499638,0.499656,0.499682,0.499714,0.49975,0.499786,0.499823,0.499857,0.499887,0.499914,0.499936,0.499954,0.499968,0.499978,0.499985,0.499991,0.499994,0.499996,0.499998,0.499999,0.499999,0.5,0.5,0.5,0.5,0.5,0.5,0.5,0.5,0.5,0.5
0.5,0.5,0.5,0.5,0.5,0.5,0.5,0.5,0.5,0.499999,0.499999,0.499997,0.499996,0.499993,0.499988,0.49998,0.49997,0.499955,0.499934,0.499906,0.49987,0.499826,0.499773,0.499713,0.499645,0.499574,0.499502,0.499433,0.499371,0.49932,0.499284,0.499265,0.499265,0.499284,0.49932,0.499371,0.499433,0.499502,0.499574,0.499645,0.499713,0.499773,0.499826,0.49987,0.499906,0.499934,0.499955,0.49997,0.49998,0.499988,0.499993,0.499996,0.499997,0.499999,0.499999,0.5,0.5,0.5,0.5,0.5,0.5,0.5,0.5,0.5
0.5,0.5,0.5,0.5,0.5,0.5,0.5,0.5,0.499999,0.499998,0.499997,0.499995,0.499991,0.499985,0.499975,0.499961,0.49994,0.49991,0.499869,0.499815,0.499746,0.49966,0.499559,0.499442,0.499314,0.499178,0.499041,0.498911,0.498793,0.498698,0.49863,0.498594,0.498594,0.49863,0.498698,0.498793,0.498911,0.499041,0.499178,0.499314,0.499442,0.499559,0.49966,0.499746,0.499815,0.499869,0.49991,0.49994,0.499961,0.499975,0.499985,0.499991,0.499995,0.499997,0.499998,0.499999,0.5,0.5,0.5,0.5,0.5,0.5,0.5,0.5
0.5,0.5,0.5,0.5,0.5,0.5,0.5,0.499999,0.499998,0.499997,0.499994,0.49999,0.499982,0.49997,0.499952,0.499924,0.499883,0.499826,0.499749,0.499647,0.499517,0.499358,0.499169,0.498954,0.498717,0.498468,0.498218,0.497979,0.497766,0.497592,0.497468,0.497405,0.497405,0.497468,0.497592,0.497766,0.497979,0.498218,0.498468,0.498717,0.498954,0.499169,0.499358,0.499517,0.499647,0.499749,0.499826,0.499883,0.499924,0.499952,0.49997,0.499982,0.49999,0.499994,0.499997,0.499998,0.499999,0.5,0.5,0.5,0.5,0.5,0.5,0.5
0.5,0.5,0.5,0.5,0.5,0.5,0.499999,0.499998,0.499997,0.499994,0.499989,0.49998,0.499966,0.499944,0.499909,0.499857,0.499782,0.499676,0.499534,0.499348,0.499113,0.498825,0.498487,0.498102,0.497682,0.49724,0.496798,0.496378,0.496004,0.495699,0.495484,0.495372,0.495372,0.495484,0.495699,0.496004,0.496378,0.496798,0.49724,0.497682,0.498102,0.498487,0.498825,0.499113,0.499348,0.499534,0.499676,0.499782,0.499857,0.499909,0.499944,0.499966,0.49998,0.499989,0.499994,0.499997,0.499998,0.499999,0.5,0.5,0.5,0.5,0.5,0.5
0.5,0.5,0.5,0.5,0.5,0.499999,0.499998,0.499997,0.499994,0.499989,0.499979,0.499964,0.499938,0.499896,0.499833,0.499739,0.499604,0.499417,0.499164,0.498836,0.498424,0.497923,0.497336,0.496672,0.49595,0.495196,0.494443,0.493729,0.493096,0.492581,0.492218,0.49203,0.49203,0.492218,0.492581,0.493096,0.493729,0.494443,0.495196,0.49595,0.496672,0.497336,0.497923,0.498424,0.498836,0.499164,0.499417,0.499604,0.499739,0.499833,0.499896,0.499938,0.499964,0.499979,0.499989,0.499994,0.499997,0.499998,0.499999,0.5,0.5,0.5,0.5,0.5
0.5,0.5,0.5,0.5,0.499999,0.499999,0.499997,0.499994,0.499989,0.499979,0.499963,0.499934,0.499888,0.499815,0.499704,0.49954,0.499306,0.498982,0.498549,0.49799,0.497291,0.496448,0.495465,0.494359,0.493161,0.491916,0.490679,0.489511,0.488478,0.48764,0.487049,0.486744,0.486744,0.487049,0.48764,0.488478,0.489511,0.490679,0.491916,0.493161,0.494359,0.495465,0.496448,0.497291,0.49799,0.498549,0.498982,0.499306,0.49954,0.499704,0.499815,0.499888,0.499934,0.499963,0.499979,0.499989,0.499994,0.499997,0.499999,0.499999,0.5,0.5,0.5,0.5
0.5,0.5,0.5,0.499999,0.499999,0.499997,0.499995,0.49999,0.49998,0.499964,0.499934,0.499885,0.499806,0.499681,0.499492,0.499214,0.49882,0.498279,0.497561,0.49664,0.495495,0.494122,0.49253,0.490751,0.488834,0.486851,0.484889,0.483046,0.481419,0.480104,0.479179,0.478701,0.478701,0.479179,0.480104,0.481419,0.483046,0.484889,0.486851,0.488834,0.490751,0.49253,0.494122,0.495495,0.49664,0.497561,0.498279,0.49882,0.499214,0.499492,0.499681,0.499806,0.499885,0.499934,0.499964,0.49998,0.49999,0.499995,0.499997,0.499999,0.499999,0.5,0.5,0.5
0.5,0.5,0.5,0.499999,0.499998,0.499996,0.499991,0.499982,0.499966,0.499938,0.499888,0.499806,0.499673,0.499466,0.499154,0.498699,0.498057,0.497183,0.49603,0.49456,0.492746,0.490585,0.488095,0.485329,0.482366,0.479319,0.476318,0.47351,0.471042,0.469052,0.467656,0.466936,0.466936,0.467656,0.469052,0.471042,0.47351,0.476318,0.479319,0.482366,0.485329,0.488095,0.490585,0.492746,0.49456,0.49603,0.497183,0.498057,0.498699,0.499154,0.499466,0.499673,0.499806,0.499888,0.499938,0.499966,0.499982,0.499991,0.499996,0.499998,0.499999,0.5,0.5,0.5
0.5,0.5,0.499999,0.499998,0.499996,0.499993,0.499985,0.49997,0.499944,0.499896,0.499815,0.499681,0.499466,0.499132,0.498633,0.497911,0.4969,0.495531,0.493738,0.491468,0.488688,0.485397,0.481633,0.477478,0.473057,0.468535,0.464106,0.459982,0.456372,0.45347,0.451439,0.450393,0.450393,0.451439,0.45347,0.456372,0.459982,0.464106,0.468535,0.473057,0.477478,0.481633,0.485397,0.488688,0.491468,0.493738,0.495531,0.4969,0.497911,0.498633,0.499132,0.499466,0.499681,0.499815,0.499896,0.499944,0.49997,0.499985,0.499993,0.499996,0.499998,0.499999,0.5,0.5
0.499999,0.499999,0.499999,0.499997,0.499994,0.499988,0.499975,0.499952,0.499909,0.499833,0.499704,0.499492,0.499154,0.498633,0.49786,0.496748,0.495203,0.493126,0.490426,0.487033,0.482908,0.478062,0.472559,0.466527,0.460153,0.453674,0.447367,0.441524,0.436433,0.432356,0.429509,0.428045,0.428045,0.429509,0.432356,0.436433,0.441524,0.447367,0.453674,0.460153,0.466527,0.472559,0.478062,0.482908,0.487033,0.490426,0.493126,0.495203,0.496748,0.49786,0.498633,0.499154,0.499492,0.499704,0.499833,0.499909,0.499952,0.499975,0.499988,0.499994,0.499997,0.499999,0.499999,0.499999
0.499999,0.499999,0.499998,0.499996,0.499991,0.49998,0.499961,0.499924,0.499857,0.499739,0.49954,0.499214,0.498699,0.497911,0.496748,0.495088,0.492798,0.489744,0.485804,0.48089,0.474964,0.468056,0.460274,0.451809,0.442929,0.433968,0.4253,0.417315,0.410393,0.404873,0.401029,0.399057,0.399057,0.401029,0.404873,0.410393,0.417315,0.4253,0.433968,0.442929,0.451809,0.460274,0.468056,0.474964,0.48089,0.485804,0.489744,0.492798,0.495088,0.496748,0.497911,0.498699,0.499214,0.49954,0.499739,0.499857,0.499924,0.499961,0.49998,0.499991,0.499996,0.499998,0.499999,0.499999
0.499998,0.499998,0.499997,0.499993,0.499985,0.49997,0.49994,0.499883,0.499782,0.499604,0.499306,0.49882,0.498057,0.4969,0.495203,0.492798,0.489506,0.485149,0.479573,0.472677,0.464429,0.454895,0.444244,0.432754,0.420798,0.408825,0.397326,0.386802,0.37773,0.370527,0.365529,0.36297,0.36297,0.365529,0.370527,0.37773,0.386802,0.397326,0.408825,0.420798,0.432754,0.444244,0.454895,0.464429,0.472677,0.479573,0.485149,0.489506,0.492798,0.495203,0.4969,0.498057,0.49882,0.499306,0.499604,0.499782,0.499883,0.49994,0.49997,0.499985,0.499993,0.499997,0.499998,0.499998
0.499997,0.499997,0.499995,0.499989,0.499978,0.499955,0.49991,0.499826,0.499676,0.499417,0.498982,0.498279,0.497183,0.495531,0.493126,0.489744,0.485149,0.479116,0.471461,0.462073,0.450945,0.438195,0.42408,0.408989,0.393423,0.377966,0.363239,0.349859,0.338396,0.329342,0.323085,0.319888,0.319888,0.323085,0.329342,0.338396,0.349859,0.363239,0.377966,0.393423,0.408989,0.42408,0.438195,0.450945,0.462073,0.471461,0.479116,0.485149,0.489744,0.493126,0.495531,0.497183,0.498279,0.498982,0.499417,0.499676,0.499826,0.49991,0.499955,0.499978,0.499989,0.499995,0.499997,0.499997
0.499996,0.499996,0.499992,0.499985,0.499968,0.499934,0.499869,0.499749,0.499534,0.499164,0.498549,0.497561,0.49603,0.493738,0.490426,0.485804,0.479573,0.471461,0.461256,0.448854,0.434287,0.417756,0.39963,0.380437,0.360832,0.341544,0.32333,0.306916,0.292955,0.281993,0.274451,0.270609,0.270609,0.274451,0.281993,0.292955,0.306916,0.32333,0.341544,0.360832,0.380437,0.39963,0.417756,0.434287,0.448854,0.461256,0.471461,0.479573,0.485804,0.490426,0.493738,0.49603,0.497561,0.498549,0.499164,0.499534,0.499749,0.499869,0.499934,0.499968,0.499985,0.499992,0.499996,0.499996
0.499994,0.499994,0.499989,0.499978,0.499954,0.499906,0.499815,0.499647,0.499348,0.498836,0.49799,0.49664,0.49456,0.491468,0.487033,0.48089,0.472677,0.462073,0.448854,0.432935,0.414421,0.39362,0.371047,0.347396,0.323489,0.300213,0.27845,0.259019,0.242628,0.229847,0.221098,0.216656,0.216656,0.221098,0.229847,0.242628,0.259019,0.27845,0.300213,0.323489,0.347396,0.371047,0.39362,0.414421,0.432935,0.448854,0.462073,0.472677,0.48089,0.487033,0.491468,0.49456,0.49664,0.49799,0.498836,0.499348,0.499647,0.499815,0.499906,0.499954,0.499978,0.499989,0.499994,0.499994
0.499991,0.499991,0.499985,0.499969,0.499936,0.49987,0.499746,0.499517,0.499113,0.498424,0.497291,0.495495,0.492746,0.488688,0.482908,0.474964,0.464429,0.450945,0.434287,0.414421,0.391548,0.366122,0.338833,0.310565,0.282319,0.255133,0.23,0.207797,0.189245,0.174896,0.165134,0.160197,0.160197,0.165134,0.174896,0.189245,0.207797,0.23,0.255133,0.282319,0.310565,0.338833,0.366122,0.391548,0.414421,0.434287,0.450945,0.464429,0.474964,0.482908,0.488688,0.492746,0.495495,0.497291,0.498424,0.499113,0.499517,0.499746,0.49987,0.499936,0.499969,0.499985,0.499991,0.499991
0.499988,0.499988,0.49998,0.499958,0.499914,0.499826,0.49966,0.499358,0.498825,0.497923,0.496448,0.494122,0.490585,0.485397,0.478062,0.468056,0.454895,0.438195,0.417756,0.39362,0.366122,0.335893,0.30383,0.27102,0.238649,0.207893,0.179817,0.155317,0.135074,0.119567,0.109094,0.103823,0.103823,0.109094,0.119567,0.135074,0.155317,0.179817,0.207893,0.238649,0.27102,0.30383,0.335893,0.366122,0.39362,0.417756,0.438195,0.454895,0.468056,0.478062,0.485397,0.490585,0.494122,0.496448,0.497923,0.498825,0.499358,0.49966,0.499826,0.499914,0.499958,0.49998,0.499988,0.499988
0.499984,0.499984,0.499973,0.499945,0.499887,0.499773,0.499559,0.499169,0.498487,0.497336,0.495465,0.49253,0.488095,0.481633,0.472559,0.460274,0.444244,0.42408,0.39963,0.371047,0.338833,0.30383,0.267159,0.230128,0.194095,0.160345,0.129982,0.103858,0.0825593,0.0664304,0.0556369,0.0502351,0.0502351,0.0556369,0.0664304,0.0825593,0.103858,0.129982,0.160345,0.194095,0.230128,0.267159,0.30383,0.338833,0.371047,0.39963,0.42408,0.444244,0.460274,0.472559,0.481633,0.488095,0.49253,0.495465,0.497336,0.498487,0.499169,0.499559,0.499773,0.499887,0.499945,0.499973,0.499984,0.499984
0.499979,0.499979,0.499965,0.49993,0.499857,0.499713,0.499442,0.498954,0.498102,0.496672,0.494359,0.490751,0.485329,0.477478,0.466527,0.451809,0.432754,0.408989,0.380437,0.347396,0.310565,0.27102,0.230128,0.18941,0.150382,0.114406,0.0825697,0.055629,0.0340102,0.0178702,0.00719115,0.0018859,0.0018859,0.00719115,0.0178702,0.0340102,0.055629,0.0825697,0.114406,0.150382,0.18941,0.230128,0.27102,0.310565,0.347396,0.380437,0.408989,0.432754,0.451809,0.466527,0.477478,0.485329,0.490751,0.494359,0.496672,0.498102,0.498954,0.499442,0.499713,0.499857,0.49993,0.499965,0.499979,0.499979
0.499974,0.499974,0.499957,0.499913,0.499823,0.499645,0.499314,0.498717,0.497682,0.49595,0.493161,0.488834,0.482366,0.473057,0.460153,0.442929,0.420798,0.393423,0.360832,0.323489,0.282319,0.238649,0.194095,0.150382,0.109159,0.0718233,0.0393983,0.0124871,-0.00869733,-0.024236,-0.0343691,-0.039355,-0.039355,-0.0343691,-0.024236,-0.00869733,0.0124871,0.0393983,0.0718233,0.109159,0.150382,0.194095,0.238649,0.282319,0.323489,0.360832,0.393423,0.420798,0.442929,0.460153,0.473057,0.482366,0.488834,0.493161,0.49595,0.497682,0.498717,0.499314,0.499645,0.499823,0.499913,0.499957,0.499974,0.499974
0.499969,0.499969,0.499948,0.499895,0.499786,0.499574,0.499178,0.498468,0.49724,0.495196,0.491916,0.486851,0.479319,0.468535,0.453674,0.433968,0.408825,0.377966,0.341544,0.300213,0.255133,0.207893,0.160345,0.114406,0.0718233,0.0339907,0.00182249,-0.0242762,-0.0443474,-0.0587449,-0.0679579,-0.072433,-0.072433,-0.0679579,-0.0587449,-0.0443474,-0.0242762,0.00182249,0.0339907,0.0718233,0.114406,0.160345,0.207893,0.255133,0.300213,0.341544,0.377966,0.408825,0.433968,0.453674,0.468535,0.479319,0.486851,0.491916,0.495196,0.49724,0.498468,0.499178,0.499574,0.499786,0.499895,0.499948,0.499969,0.499969
0.499963,0.499963,0.499939,0.499877,0.49975,0.499502,0.499041,0.498218,0.496798,0.494443,0.490679,0.484889,0.476318,0.464106,0.447367,0.4253,0.397326,0.363239,0.32333,0.27845,0.23,0.179817,0.129982,0.0825697,0.0393983,0.00182249,-0.0293863,-0.0540501,-0.0724895,-0.0853467,-0.0933693,-0.0971977,-0.0971977,-0.0933693,-0.0853467,-0.0724895,-0.0540501,-0.0293863,0.00182249,0.0393983,0.0825697,0.129982,0.179817,0.23,0.27845,0.32333,0.363239,0.397326,0.4253,0.447367,0.464106,0.476318,0.484889,0.490679,0.494443,0.496798,0.498218,0.499041,0.499502,0.49975,0.499877,0.499939,0.499963,0.499963
0.499958,0.499958,0.49993,0.499859,0.499714,0.499433,0.498911,0.497979,0.496378,0.493729,0.489511,0.483046,0.47351,0.459982,0.441524,0.417315,0.386802,0.349859,0.306916,0.259019,0.207797,0.155317,0.103858,0.055629,0.0124871,-0.0242762,-0.0540501,-0.0768937,-0.0934065,-0.104514,-0.111214,-0.114332,-0.114332,-0.111214,-0.104514,-0.0934065,-0.0768937,-0.0540501,-0.0242762,0.0124871,0.055629,0.103858,0.155317,0.207797,0.259019,0.306916,0.349859,0.386802,0.417315,0.441524,0.459982,0.47351,0.483046,0.489511,0.493729,0.496378,0.497979,0.498911,0.499433,0.499714,0.499859,0.49993,0.499958,0.499958
0.499953,0.499953,0.499922,0.499844,0.499682,0.499371,0.498793,0.497766,0.496004,0.493096,0.488478,0.481419,0.471042,0.456372,0.436433,0.410393,0.37773,0.338396,0.292955,0.242628,0.189245,0.135074,0.0825593,0.0340102,-0.00869733,-0.0443474,-0.0724895,-0.0934065,-0.107955,-0.117318,-0.122716,-0.125139,-0.125139,-0.122716,-0.117318,-0.107955,-0.0934065,-0.0724895,-0.0443474,-0.00869733,0.0340102,0.0825593,0.135074,0.189245,0.242628,0.292955,0.338396,0.37773,0.410393,0.436433,0.456372,0.471042,0.481419,0.488478,0.493096,0.496004,0.497766,0.498793,0.499371,0.499682,0.499844,0.499922,0.499953,0.499953
0.499949,0.499949,0.499915,0.49983,0.499656,0.49932,0.498698,0.497592,0.495699,0.492581,0.48764,0.480104,0.469052,0.45347,0.432356,0.404873,0.370527,0.329342,0.281993,0.229847,0.174896,0.119567,0.0664304,0.0178702,-0.024236,-0.0587449,-0.0853467,-0.104514,-0.117318,-0.125151,-0.129418,-0.131241,-0.131241,-0.129418,-0.125151,-0.117318,-0.104514,-0.0853467,-0.0587449,-0.024236,0.0178702,0.0664304,0.119567,0.174896,0.229847,0.281993,0.329342,0.370527,0.404873,0.432356,0.45347,0.469052,0.480104,0.48764,0.492581,0.495699,0.497592,0.498698,0.49932,0.499656,0.49983,0.499915,0.499949,0.499949
0.499946,0.499946,0.49991,0.499821,0.499638,0.499284,0.49863,0.497468,0.495484,0.492218,0.487049,0.479179,0.467656,0.451439,0.429509,0.401029,0.365529,0.323085,0.274451,0.221098,0.165134,0.109094,0.0556369,0.00719115,-0.0343691,-0.0679579,-0.0933693,-0.111214,-0.122716,-0.129418,-0.132852,-0.134234,-0.134234,-0.132852,-0.129418,-0.122716,-0.111214,-0.0933693,-0.0679579,-0.0343691,0.00719115,0.0556369,0.109094,0.165134,0.221098,0.274451,0.323085,0.365529,0.401029,0.429509,0.451439,0.467656,0.479179,0.487049,0.492218,0.495484,0.497468,0.49863,0.499284,0.499638,0.499821,0.49991,0.499946,0.499946
0.499944,0.499944,0.499908,0.499816,0.499628,0.499265,0.498594,0.497405,0.495372,0.49203,0.486744,0.478701,0.466936,0.450393,0.428045,0.399057,0.36297,0.319888,0.270609,0.216656,0.160197,0.103823,0.0502351,0.0018859,-0.039355,-0.072433,-0.0971977,-0.114332,-0.125139,-0.131241,-0.134234,-0.135383,-0.135383,-0.134234,-0.131241,-0.125139,-0.114332,-0.0971977,-0.072433,-0.039355,0.0018859,0.0502351,0.103823,0.160197,0.216656,0.270609,0.319888,0.36297,0.399057,0.428045,0.450393,0.466936,0.478701,0.486744,0.49203,0.495372,0.497405,0.498594,0.499265,0.499628,0.499816,0.499908,0.499944,0.499944
0.499944,0.499944,0.499908,0.499816,0.499628,0.499265,0.498594,0.497405,0.495372,0.49203,0.486744,0.478701,0.466936,0.450393,0.428045,0.399057,0.36297,0.319888,0.270609,0.216656,0.160197,0.103823,0.0502351,0.0018859,-0.039355,-0.072433,-0.0971977,-0.114332,-0.125139,-0.131241,-0.134234,-0.135383,-0.135383,-0.134234,-0.131241,-0.125139,-0.114332,-0.0971977,-0.072433,-0.039355,0.0018859,0.0502351,0.103823,0.160197,0.216656,0.270609,0.319888,0.36297,0.399057,0.428045,0.450393,0.466936,0.478701,0.486744,0.49203,0.495372,0.497405,0.498594,0.499265,0.499628,0.499816,0.499908,0.499944,0.499944
0.499946,0.499946,0.49991,0.499821,0.499638,0.499284,0.49863,0.497468,0.495484,0.492218,0.487049,0.479179,0.467656,0.451439,0.429509,0.401029,0.365529,0.323085,0.274451,0.221098,0.165134,0.109094,0.0556369,0.00719115,-0.0343691,-0.0679579,-0.0933693,-0.111214,-0.122716,-0.129418,-0.132852,-0.134234,-0.134234,-0.132852,-0.129418,-0.122716,-0.111214,-0.0933693,-0.0679579,-0.0343691,0.00719115,0.0556369,0.109094,0.165134,0.221098,0.274451,0.323085,0.365529,0.401029,0.429509,0.451439,0.467656,0.479179,0.487049,0.492218,0.495484,0.497468,0.49863,0.499284,0.499638,0.499821,0.49991,0.499946,0.499946
0.499949,0.499949,0.499915,0.49983,0.499656,0.49932,0.498698,0.497592,0.495699,0.492581,0.48764,0.480104,0.469052,0.45347,0.432356,0.404873,0.370527,0.329342,0.281993,0.229847,0.174896,0.119567,0.0664304,0.0178702,-0.024236,-0.0587449,-0.0853467,-0.104514,-0.117318,-0.125151,-0.129418,-0.131241,-0.131241,-0.129418,-0.125151,-0.117318,-0.104514,-0.0853467,-0.0587449,-0.024236,0.0178702,0.0664304,0.119567,0.174896,0.229847,0.281993,0.329342,0.370527,0.404873,0.432356,0.45347,0.469052,0.480104,0.48764,0.492581,0.495699,0.497592,0.498698,0.49932,0.499656,0.49983,0.499915,0.499949,0.499949
0.499953,0.499953,0.499922,0.499844,0.499682,0.499371,0.498793,0.497766,0.496004,0.493096,0.488478,0.481419,0.471042,0.456372,0.436433,0.410393,0.37773,0.338396,0.292955,0.242628,0.189245,0.135074,0.0825593,0.0340102,-0.00869733,-0.0443474,-0.0724895,-0.0934065,-0.107955,-0.117318,-0.122716,-0.125139,-0.125139,-0.122716,-0.117318,-0.107955,-0.0934065,-0.0724895,-0.0443474,-0.00869733,0.0340102,0.0825593,0.135074,0.189245,0.242628,0.292955,0.338396,0.37773,0.410393,0.436433,0.456372,0.471042,0.481419,0.488478,0.493096,0.496004,0.497766,0.498793,0.499371,0.499682,0.499844,0.499922,0.499953,0.499953
0.499958,0.499958,0.49993,0.499859,0.499714,0.499433,0.498911,0.497979,0.496378,0.493729,0.489511,0.483046,0.47351,0.459982,0.441524,0.417315,0.386802,0.349859,0.306916,0.259019,0.207797,0.155317,0.103858,0.055629,0.0124871,-0.0242762,-0.0540501,-0.0768937,-0.0934065,-0.104514,-0.111214,-0.114332,-0.114332,-0.111214,-0.104514,-0.0934065,-0.0768937,-0.0540501,-0.0242762,0.0124871,0.055629,0.103858,0.155317,0.207797,0.259019,0.306916,0.349859,0.386802,0.417315,0.441524,0.459982,0.47351,0.483046,0.489511,0.493729,0.496378,0.497979,0.498911,0.499433,0.499714,0.499859,0.49993,0.499958,0.499958
0.499963,0.499963,0.499939,0.499877,0.49975,0.499502,0.499041,0.498218,0.496798,0.494443,0.490679,0.484889,0.476318,0.464106,0.447367,0.4253,0.397326,0.363239,0.32333,0.27845,0.23,0.179817,0.129982,0.0825697,0.0393983,0.00182249,-0.0293863,-0.0540501,-0.0724895,-0.0853467,-0.0933693,-0.0971977,-0.0971977,-0.0933693,-0.0853467,-0.0724895,-0.0540501,-0.0293863,0.00182249,0.0393983,0.0825697,0.129982,0.179817,0.23,0.27845,0.32333,0.363239,0.397326,0.4253,0.447367,0.464106,0.476318,0.484889,0.490679,0.494443,0.496798,0.498218,0.499041,0.499502,0.49975,0.499877,0.499939,0.499963,0.499963
0.499969,0.499969,0.499948,0.499895,0.499786,0.499574,0.499178,0.498468,0.49724,0.495196,0.491916,0.486851,0.479319,0.468535,0.453674,0.433968,0.408825,0.377966,0.341544,0.300213,0.255133,0.207893,0.160345,0.114406,0.0718233,0.0339907,0.00182249,-0.0242762,-0.0443474,-0.0587449,-0.0679579,-0.072433,-0.072433,-0.0679579,-0.0587449,-0.0443474,-0.0242762,0.00182249,0.0339907,0.0718233,0.114406,0.160345,0.207893,0.255133,0.300213,0.341544,0.377966,0.408825,0.433968,0.453674,0.468535,0.479319,0.486851,0.491916,0.495196,0.49724,0.498468,0.499178,0.499574,0.499786,0.499895,0.499948,0.499969,0.499969
0.499974,0.499974,0.499957,0.499913,0.499823,0.499645,0.499314,0.498717,0.497682,0.49595,0.493161,0.488834,0.482366,0.473057,0.460153,0.442929,0.420798,0.393423,0.360832,0.323489,0.282319,0.238649,0.194095,0.150382,0.109159,0.0718233,0.0393983,0.0124871,-0.00869733,-0.024236,-0.0343691,-0.039355,-0.039355,-0.0343691,-0.024236,-0.00869733,0.0124871,0.0393983,0.0718233,0.109159,0.150382,0.194095,0.238649,0.282319,0.323489,0.360832,0.393423,0.420798,0.442929,0.460153,0.473057,0.482366,0.488834,0.493161,0.49595,0.497682,0.498717,0.499314,0.499645,0.499823,0.499913,0.499957,0.499974,0.499974
0.499979,0.499979,0.499965,0.49993,0.499857,0.499713,0.499442,0.498954,0.498102,0.496672,0.494359,0.490751,0.485329,0.477478,0.466527,0.451809,0.432754,0.408989,0.380437,0.347396,0.310565,0.27102,0.230128,0.18941,0.150382,0.114406,0.0825697,0.055629,0.0340102,0.0178702,0.00719115,0.0018859,0.0018859,0.00719115,0.0178702,0.0340102,0.055629,0.0825697,0.114406,0.150382,0.18941,0.230128,0.27102,0.310565,0.347396,0.380437,0.408989,0.432754,0.451809,0.466527,0.477478,0.485329,0.490751,0.494359,0.496672,0.498102,0.498954,0.499442,0.499713,0.499857,0.49993,0.499965,0.499979,0.499979
0.499984,0.499984,0.499973,0.499945,0.499887,0.499773,0.499559,0.499169,0.498487,0.497336,0.495465,0.49253,0.488095,0.481633,0.472559,0.460274,0.444244,0.42408,0.39963,0.371047,0.338833,0.30383,0.267159,0.230128,0.194095,0.160345,0.129982,0.103858,0.0825593,0.0664304,0.0556369,0.0502351,0.0502351,0.0556369,0.0664304,0.0825593,0.103858,0.129982,0.160345,0.194095,0.230128,0.267159,0.30383,0.338833,0.371047,0.39963,0.42408,0.444244,0.460274,0.472559,0.481633,0.488095,0.49253,0.495465,0.497336,0.498487,0.499169,0.499559,0.499773,0.499887,0.499945,0.499973,0.499984,0.499984
0.499988,0.499988,0.49998,0.499958,0.499914,0.499826,0.49966,0.499358,0.498825,0.497923,0.496448,0.494122,0.490585,0.485397,0.478062,0.468056,0.454895,0.438195,0.417756,0.39362,0.366122,0.335893,0.30383,0.27102,0.238649,0.207893,0.179817,0.155317,0.135074,0.119567,0.109094,0.103823,0.103823,0.109094,0.119567,0.135074,0.155317,0.179817,0.207893,0.238649,0.27102,0.30383,0.335893,0.366122,0.39362,0.417756,0.438195,0.454895,0.468056,0.478062,0.485397,0.490585,0.494122,0.496448,0.497923,0.498825,0.499358,0.49966,0.499826,0.499914,0.499958,0.49998,0.499988,0.499988
0.499991,0.499991,0.499985,0.499969,0.499936,0.49987,0.499746,0.499517,0.499113,0.498424,0.497291,0.495495,0.492746,0.488688,0.482908,0.474964,0.464429,0.450945,0.434287,0.414421,0.391548,0.366122,0.338833,0.310565,0.282319,0.255133,0.23,0.207797,0.189245,0.174896,0.165134,0.160197,0.160197,0.165134,0.174896,0.189245,0.207797,0.23,0.255133,0.282319,0.310565,0.338833,0.366122,0.391548,0.414421,0.434287,0.450945,0.464429,0.474964,0.482908,0.488688,0.492746,0.495495,0.497291,0.498424,0.499113,0.499517,0.499746,0.49987,0.499936,0.499969,0.499985,0.499991,0.499991
0.499994,0.499994,0.499989,0.499978,0.499954,0.499906,0.499815,0.499647,0.499348,0.498836,0.49799,0.49664,0.49456,0.491468,0.487033,0.48089,0.472677,0.462073,0.448854,0.432935,0.414421,0.39362,0.371047,0.347396,0.323489,0.300213,0.27845,0.259019,0.242628,0.229847,0.221098,0.216656,0.216656,0.221098,0.229847,0.242628,0.259019,0.27845,0.300213,0.323489,0.347396,0.371047,0.39362,0.414421,0.432935,0.448854,0.462073,0.472677,0.48089,0.487033,0.491468,0.49456,0.49664,0.49799,0.498836,0.499348,0.499647,0.499815,0.499906,0.499954,0.499978,0.499989,0.499994,0.499994
0.499996,0.499996,0.499992,0.499985,0.499968,0.499934,0.499869,0.499749,0.499534,0.499164,0.498549,0.497561,0.49603,0.493738,0.490426,0.485804,0.479573,0.471461,0.461256,0.448854,0.434287,0.417756,0.39963,0.380437,0.360832,0.341544,0.32333,0.306916,0.292955,0.281993,0.274451,0.270609,0.270609,0.274451,0.281993,0.292955,0.306916,0.32333,0.341544,0.360832,0.380437,0.39963,0.417756,0.434287,0.448854,0.461256,0.471461,0.479573,0.485804,0.490426,0.493738,0.49603,0.497561,0.498549,0.499164,0.499534,0.499749,0.499869,0.499934,0.499968,0.499985,0.499992,0.499996,0.499996
0.499997,0.499997,0.499995,0.499989,0.499978,0.499955,0.49991,0.499826,0.499676,0.499417,0.498982,0.498279,0.497183,0.495531,0.493126,0.489744,0.485149,0.479116,0.471461,0.462073,0.450945,0.438195,0.42408,0.408989,0.393423,0.377966,0.363239,0.349859,0.338396,0.329342,0.323085,0.319888,0.319888,0.323085,0.329342,0.338396,0.349859,0.363239,0.377966,0.393423,0.408989,0.42408,0.438195,0.450945,0.462073,0.471461,0.479116,0.485149,0.489744,0.493126,0.495531,0.497183,0.498279,0.498982,0.499417,0.499676,0.499826,0.49991,0.499955,0.499978,0.499989,0.499995,0.499997,0.499997
0.499998,0.499998,0.499997,0.499993,0.499985,0.49997,0.49994,0.499883,0.499782,0.499604,0.499306,0.49882,0.498057,0.4969,0.495203,0.492798,0.489506,0.485149,0.479573,0.472677,0.464429,0.454895,0.444244,0.432754,0.420798,0.408825,0.397326,0.386802,0.37773,0.370527,0.365529,0.36297,0.36297,0.365529,0.370527,0.37773,0.386802,0.397326,0.408825,0.420798,0.432754,0.444244,0.454895,0.464429,0.472677,0.479573,0.485149,0.489506,0.492798,0.495203,0.4969,0.498057,0.49882,0.499306,0.499604,0.499782,0.499883,0.49994,0.49997,0.499985,0.499993,0.499997,0.499998,0.499998
0.499999,0.499999,0.499998,0.499996,0.499991,0.49998,0.499961,0.499924,0.499857,0.499739,0.49954,0.499214,0.498699,0.497911,0.496748,0.495088,0.492798,0.489744,0.485804,0.48089,0.474964,0.468056,0.460274,0.451809,0.442929,0.433968,0.4253,0.417315,0.410393,0.404873,0.401029,0.399057,0.399057,0.401029,0.404873,0.410393,0.417315,0.4253,0.433968,0.442929,0.451809,0.460274,0.468056,0.474964,0.48089,0.485804,0.489744,0.492798,0.495088,0.496748,0.497911,0.498699,0.499214,0.49954,0.499739,0.499857,0.499924,0.499961,0.49998,0.499991,0.499996,0.499998,0.499999,0.499999
0.499999,0.499999,0.499999,0.499997,0.499994,0.499988,0.499975,0.499952,0.499909,0.499833,0.499704,0.499492,0.499154,0.498633,0.49786,0.496748,0.495203,0.493126,0.490426,0.487033,0.482908,0.478062,0.472559,0.466527,0.460153,0.453674,0.447367,0.441524,0.436433,0.432356,0.429509,0.428045,0.428045,0.429509,0.432356,0.436433,0.441524,0.447367,0.453674,0.460153,0.466527,0.472559,0.478062,0.482908,0.487033,0.490426,0.493126,0.495203,0.496748,0.49786,0.498633,0.499154,0.499492,0.499704,0.499833,0.499909,0.499952,0.499975,0.499988,0.499994,0.499997,0.499999,0.499999,0.499999
0.5,0.5,0.499999,0.499998,0.499996,0.499993,0.499985,0.49997,0.499944,0.499896,0.499815,0.499681,0.499466,0.499132,0.498633,0.497911,0.4969,0.495531,0.493738,0.491468,0.488688,0.485397,0.481633,0.477478,0.473057,0.468535,0.464106,0.459982,0.456372,0.45347,0.451439,0.450393,0.450393,0.451439,0.45347,0.456372,0.459982,0.464106,0.468535,0.473057,0.477478,0.481633,0.485397,0.488688,0.491468,0.493738,0.495531,0.4969,0.497911,0.498633,0.499132,0.499466,0.499681,0.499815,0.499896,0.499944,0.49997,0.499985,0.499993,0.499996,0.499998,0.499999,0.5,0.5
0.5,0.5,0.5,0.499999,0.499998,0.499996,0.499991,0.499982,0.499966,0.499938,0.499888,0.499806,0.499673,0.499466,0.499154,0.498699,0.498057,0.497183,0.49603,0.49456,0.492746,0.490585,0.488095,0.485329,0.482366,0.479319,0.476318,0.47351,0.471042,0.469052,0.467656,0.466936,0.466936,0.467656,0.469052,0.471042,0.47351,0.476318,0.479319,0.482366,0.485329,0.488095,0.490585,0.492746,0.49456,0.49603,0.497183,0.498057,0.498699,0.499154,0.499466,0.499673,0.499806,0.499888,0.499938,0.499966,0.499982,0.499991,0.499996,0.499998,0.499999,0.5,0.5,0.5
0.5,0.5,0.5,0.499999,0.499999,0.499997,0.499995,0.49999,0.49998,0.499964,0.499934,0.499885,0.499806,0.499681,0.499492,0.499214,0.49882,0.498279,0.497561,0.49664,0.495495,0.494122,0.49253,0.490751,0.488834,0.486851,0.484889,0.483046,0.481419,0.480104,0.479179,0.478701,0.478701,0.479179,0.480104,0.481419,0.483046,0.484889,0.486851,0.488834,0.490751,0.49253,0.494122,0.495495,0.49664,0.497561,0.498279,0.49882,0.499214,0.499492,0.499681,0.499806,0.499885,0.499934,0.499964,0.49998,0.49999,0.499995,0.499997,0.499999,0.499999,0.5,0.5,0.5
0.5,0.5,0.5,0.5,0.499999,0.499999,0.499997,0.499994,0.499989,0.499979,0.499963,0.499934,0.499888,0.499815,0.499704,0.49954,0.499306,0.498982,0.498549,0.49799,0.497291,0.496448,0.495465,0.494359,0.493161,0.491916,0.490679,0.489511,0.488478,0.48764,0.487049,0.486744,0.486744,0.487049,0.48764,0.488478,0.489511,0.490679,0.491916,0.493161,0.494359,0.495465,0.496448,0.497291,0.49799,0.498549,0.498982,0.499306,0.49954,0.499704,0.499815,0.499888,0.499934,0.499963,0.499979,0.499989,0.499994,0.499997,0.499999,0.499999,0.5,0.5,0.5,0.5
0.5,0.5,0.5,0.5,0.5,0.499999,0.499998,0.499997,0.499994,0.499989,0.499979,0.499964,0.499938,0.499896,0.499833,0.499739,0.499604,0.499417,0.499164,0.498836,0.498424,0.497923,0.497336,0.496672,0.49595,0.495196,0.494443,0.493729,0.493096,0.492581,0.492218,0.49203,0.49203,0.492218,0.492581,0.493096,0.493729,0.494443,0.495196,0.49595,0.496672,0.497336,0.497923,0.498424,0.498836,0.499164,0.499417,0.499604,0.499739,0.499833,0.499896,0.499938,0.499964,0.499979,0.499989,0.499994,0.499997,0.499998,0.499999,0.5,0.5,0.5,0.5,0.5
0.5,0.5,0.5,0.5,0.5,0.5,0.499999,0.499998,0.499997,0.499994,0.499989,0.49998,0.499966,0.499944,0.499909,0.499857,0.499782,0.499676,0.499534,0.499348,0.499113,0.498825,0.498487,0.498102,0.497682,0.49724,0.496798,0.496378,0.496004,0.495699,0.495484,0.495372,0.495372,0.495484,0.495699,0.496004,0.496378,0.496798,0.49724,0.497682,0.498102,0.498487,0.498825,0.499113,0.499348,0.499534,0.499676,0.499782,0.499857,0.499909,0.499944,0.499966,0.49998,0.499989,0.499994,0.499997,0.499998,0.499999,0.5,0.5,0.5,0.5,0.5,0.5
0.5,0.5,0.5,0.5,0.5,0.5,0.5,0.499999,0.499998,0.499997,0.499994,0.49999,0.499982,0.49997,0.499952,0.499924,0.499883,0.499826,0.499749,0.499647,0.499517,0.499358,0.499169,0.498954,0.498717,0.498468,0.498218,0.497979,0.497766,0.497592,0.497468,0.497405,0.497405,0.497468,0.497592,0.497766,0.497979,0.498218,0.498468,0.498717,0.498954,0.499169,0.499358,0.499517,0.499647,0.499749,0.499826,0.499883,0.499924,0.499952,0.49997,0.499982,0.49999,0.499994,0.499997,0.499998,0.499999,0.5,0.5,0.5,0.5,0.5,0.5,0.5
0.5,0.5,0.5,0.5,0.5,0.5,0.5,0.5,0.499999,0.499998,0.499997,0.499995,0.499991,0.499985,0.499975,0.499961,0.49994,0.49991,0.499869,0.499815,0.499746,0.49966,0.499559,0.499442,0.499314,0.499178,0.499041,0.498911,0.498793,0.498698,0.49863,0.498594,0.498594,0.49863,0.498698,0.498793,0.498911,0.499041,0.499178,0.499314,0.499442,0.499559,0.49966,0.499746,0.499815,0.499869,0.49991,0.49994,0.499961,0.499975,0.499985,0.499991,0.499995,0.499997,0.499998,0.499999,0.5,0.5,0.5,0.5,0.5,0.5,0.5,0.5
0.5,0.5,0.5,0.5,0.5,0.5,0.5,0.5,0.5,0.499999,0.499999,0.499997,0.499996,0.499993,0.499988,0.49998,0.49997,0.499955,0.499934,0.499906,0.49987,0.499826,0.499773,0.499713,0.499645,0.499574,0.499502,0.499433,0.499371,0.49932,0.499284,0.499265,0.499265,0.499284,0.49932,0.499371,0.499433,0.499502,0.499574,0.499645,0.499713,0.499773,0.499826,0.49987,0.499906,0.499934,0.499955,0.49997,0.49998,0.499988,0.499993,0.499996,0.499997,0.499999,0.499999,0.5,0.5,0.5,0.5,0.5,0.5,0.5,0.5,0.5
0.5,0.5,0.5,0.5,0.5,0.5,0.5,0.5,0.5,0.5,0.499999,0.499999,0.499998,0.499996,0.499994,0.499991,0.499985,0.499978,0.499968,0.499954,0.499936,0.499914,0.499887,0.499857,0.499823,0.499786,0.49975,0.499714,0.499682,0.499656,0.499638,0.499628,0.499628,0.499638,0.499656,0.499682,0.499714,0.49975,0.499786,0.499823,0.499857,0.499887,0.499914,0.499936,0.499954,0.499968,0.499978,0.499985,0.499991,0.499994,0.499996,0.499998,0.499999,0.499999,0.5,0.5,0.5,0.5,0.5,0.5,0.5,0.5,0.5,0.5
0.5,0.5,0.5,0.5,0.5,0.5,0.5,0.5,0.5,0.5,0.5,0.499999,0.499999,0.499998,0.499997,0.499996,0.499993,0.499989,0.499985,0.499978,0.499969,0.499958,0.499945,0.49993,0.499913,0.499895,0.499877,0.499859,0.499844,0.49983,0.499821,0.499816,0.499816,0.499821,0.49983,0.499844,0.499859,0.499877,0.499895,0.499913,0.49993,0.499945,0.499958,0.499969,0.499978,0.499985,0.499989,0.499993,0.499996,0.499997,0.499998,0.499999,0.499999,0.5,0.5,0.5,0.5,0.5,0.5,0.5,0.5,0.5,0.5,0.5
0.5,0.5,0.5,0.5,0.5,0.5,0.5,0.5,0.5,0.5,0.5,0.5,0.5,0.499999,0.499999,0.499998,0.499997,0.499995,0.499992,0.499989,0.499985,0.49998,0.499973,0.499965,0.499957,0.499948,0.499939,0.49993,0.499922,0.499915,0.49991,0.499908,0.499908,0.49991,0.499915,0.499922,0.49993,0.499939,0.499948,0.499957,0.499965,0.499973,0.49998,0.499985,0.499989,0.499992,0.499995,0.499997,0.499998,0.499999,0.499999,0.5,0.5,0.5,0.5,0.5,0.5,0.5,0.5,0.5,0.5,0.5,0.5,0.5
0.5,0.5,0.5,0.5,0.5,0.5,0.5,0.5,0.5,0.5,0.5,0.5,0.5,0.5,0.499999,0.499999,0.499998,0.499997,0.499996,0.499994,0.499991,0.499988,0.499984,0.499979,0.499974,0.499969,0.499963,0.499958,0.499953,0.499949,0.499946,0.499944,0.499944,0.499946,0.499949,0.499953,0.499958,0.499963,0.499969,0.499974,0.499979,0.499984,0.499988,0.499991,0.499994,0.499996,0.499997,0.499998,0.499999,0.499999,0.5,0.5,0.5,0.5,0.5,0.5,0.5,0.5,0.5,0.5,0.5,0.5,0.5,0.5
0.5,0.5,0.5,0.5,0.5,0.5,0.5,0.5,0.5,0.5,0.5,0.5,0.5,0.5,0.499999,0.499999,0.499998,0.499997,0.499996,0.499994,0.499991,0.499988,0.499984,0.499979,0.499974,0.499969,0.499963,0.499958,0.499953,0.499949,0.499946,0.499944,0.499944,0.499946,0.499949,0.499953,0.499958,0.499963,0.499969,0.499974,0.499979,0.499984,0.499988,0.499991,0.499994,0.499996,0.499997,0.499998,0.499999,0.499999,0.5,0.5,0.5,0.5,0.5,0.5,0.5,0.5,0.5,0.5,0.5,0.5,0.5,0.5
