0.5,0.5,0.5,0.5,0.5,0.5,0.5,0.5,0.5,0.5,0.5,0.5,0.5,0.5,0.5,0.5,0.499999,0.499999,0.499999,0.499998,0.499997,0.499996,0.499995,0.499994,0.499992,0.49999,0.499988,0.499987,0.499985,0.499984,0.499983,0.499983,0.499983,0.499983,0.499984,0.499985,0.499987,0.499988,0.49999,0.499992,0.499994,0.499995,0.499996,0.499997,0.499998,0.499999,0.499999,0.499999,0.5,0.5,0.5,0.5,0.5,0.5,0.5,0.5,0.5,0.5,0.5,0.5,0.5,0.5,0.5,0.5
0.5,0.5,0.5,0.5,0.5,0.5,0.5,0.5,0.5,0.5,0.5,0.5,0.5,0.5,0.5,0.5,0.499999,0.499999,0.499999,0.499998,0.499997,0.499996,0.499995,0.499994,0.499992,0.49999,0.499988,0.499987,0.499985,0.499984,0.499983,0.499983,0.499983,0.499983,0.499984,0.499985,0.499987,0.499988,0.49999,0.499992,0.499994,0.499995,0.499996,0.499997,0.499998,0.499999,0.499999,0.499999,0.5,0.5,0.5,0.5,0.5,0.5,0.5,0.5,0.5,0.5,0.5,0.5,0.5,0.5,0.5,0.5
0.5,0.5,0.5,0.5,0.5,0.5,0.5,0.5,0.5,0.5,0.5,0.5,0.5,0.5,0.5,0.499999,0.499999,0.499998,0.499998,0.499997,0.499995,0.499994,0.499992,0.499989,0.499987,0.499984,0.499981,0.499978,0.499976,0.499974,0.499972,0.499972,0.499972,0.499972,0.499974,0.499976,0.499978,0.499981,0.499984,0.499987,0.499989,0.499992,0.499994,0.499995,0.499997,0.499998,0.499998,0.499999,0.499999,0.5,0.5,0.5,0.5,0.5,0.5,0.5,0.5,0.5,0.5,0.5,0.5,0.5,0.5,0.5
0.5,0.5,0.5,0.5,0.5,0.5,0.5,0.5,0.5,0.5,0.5,0.5,0.5,0.499999,0.499999,0.499999,0.499998,0.499997,0.499995,0.499993,0.49999,0.499987,0.499983,0.499978,0.499973,0.499968,0.499962,0.499957,0.499952,0.499948,0.499945,0.499944,0.499944,0.499945,0.499948,0.499952,0.499957,0.499962,0.499968,0.499973,0.499978,0.499983,0.499987,0.49999,0.499993,0.499995,0.499997,0.499998,0.499999,0.499999,0.499999,0.5,0.5,0.5,0.5,0.5,0.5,0.5,0.5,0.5,0.5,0.5,0.5,0.5
0.5,0.5,0.5,0.5,0.5,0.5,0.5,0.5,0.5,0.5,0.5,0.5,0.499999,0.499999,0.499998,0.499997,0.499995,0.499993,0.49999,0.499986,0.49998,0.499974,0.499965,0.499956,0.499946,0.499935,0.499924,0.499913,0.499904,0.499896,0.499891,0.499888,0.499888,0.499891,0.499896,0.499904,0.499913,0.499924,0.499935,0.499946,0.499956,0.499965,0.499974,0.49998,0.499986,0.49999,0.499993,0.499995,0.499997,0.499998,0.499999,0.499999,0.5,0.5,0.5,0.5,0.5,0.5,0.5,0.5,0.5,0.5,0.5,0.5
0.5,0.5,0.5,0.5,0.5,0.5,0.5,0.5,0.5,0.5,0.5,0.499999,0.499999,0.499998,0.499996,0.499994,0.499991,0.499986,0.49998,0.499971,0.49996,0.499947,0.499931,0.499913,0.499893,0.499872,0.49985,0.49983,0.499812,0.499797,0.499786,0.499781,0.499781,0.499786,0.499797,0.499812,0.49983,0.49985,0.499872,0.499893,0.499913,0.499931,0.499947,0.49996,0.499971,0.49998,0.499986,0.499991,0.499994,0.499996,0.499998,0.499999,0.499999,0.5,0.5,0.5,0.5,0.5,0.5,0.5,0.5,0.5,0.5,0.5
0.5,0.5,0.5,0.5,0.5,0.5,0.5,0.5,0.5,0.499999,0.499999,0.499998,0.499997,0.499995,0.499992,0.499988,0.499981,0.499972,0.49996,0.499944,0.499923,0.499897,0.499867,0.499833,0.499795,0.499755,0.499715,0.499677,0.499643,0.499615,0.499595,0.499585,0.499585,0.499595,0.499615,0.499643,0.499677,0.499715,0.499755,0.499795,0.499833,0.499867,0.499897,0.499923,0.499944,0.49996,0.499972,0.499981,0.499988,0.499992,0.499995,0.499997,0.499998,0.499999,0.499999,0.5,0.5,0.5,0.5,0.5,0.5,0.5,0.5,0.5
0.5,0.5,0.5,0.5,0.5,0.5,0.5,0.5,0.499999,0.499999,0.499998,0.499997,0.499994,0.499991,0.499985,0.499977,0.499964,0.499947,0.499924,0.499893,0.499855,0.499808,0.499752,0.499689,0.499621,0.499548,0.499476,0.499407,0.499345,0.499295,0.49926,0.499241,0.499241,0.49926,0.499295,0.499345,0.499407,0.499476,0.499548,0.499621,0.499689,0.499752,0.499808,0.499855,0.499893,0.499924,0.499947,0.499964,0.499977,0.499985,0.499991,0.499994,0.499997,0.499998,0.499999,0.499999,0.5,0.5,0.5,0.5,0.5,0.5,0.5,0.5
0.5,0.5,0.5,0.5,0.5,0.5,0.5,0.499999,0.499999,0.499998,0.499997,0.499994,0.49999,0.499983,0.499972,0.499956,0.499934,0.499902,0.49986,0.499805,0.499736,0.499652,0.499554,0.499442,0.499321,0.499194,0.499067,0.498947,0.498841,0.498754,0.498693,0.498661,0.498661,0.498693,0.498754,0.498841,0.498947,0.499067,0.499194,0.499321,0.499442,0.499554,0.499652,0.499736,0.499805,0.49986,0.499902,0.499934,0.499956,0.499972,0.499983,0.49999,0.499994,0.499997,0.499998,0.499999,0.499999,0.5,0.5,0.5,0.5,0.5,0.5,0.5
0.5,0.5,0.5,0.5,0.5,0.5,0.499999,0.499999,0.499998,0.499996,0.499994,0.499989,0.499981,0.499968,0.499949,0.499921,0.499881,0.499825,0.499751,0.499655,0.499535,0.499391,0.499222,0.499031,0.498825,0.498611,0.498398,0.498196,0.498018,0.497873,0.497771,0.497718,0.497718,0.497771,0.497873,0.498018,0.498196,0.498398,0.498611,0.498825,0.499031,0.499222,0.499391,0.499535,0.499655,0.499751,0.499825,0.499881,0.499921,0.499949,0.499968,0.499981,0.499989,0.499994,0.499996,0.499998,0.499999,0.499999,0.5,0.5,0.5,0.5,0.5,0.5
0.5,0.5,0.5,0.5,0.5,0.5,0.499999,0.499998,0.499997,0.499994,0.499988,0.49998,0.499966,0.499944,0.499911,0.499862,0.499793,0.499698,0.499572,0.49941,0.499209,0.498967,0.498687,0.498374,0.498036,0.497686,0.497339,0.497013,0.496725,0.496492,0.496328,0.496244,0.496244,0.496328,0.496492,0.496725,0.497013,0.497339,0.497686,0.498036,0.498374,0.498687,0.498967,0.499209,0.49941,0.499572,0.499698,0.499793,0.499862,0.499911,0.499944,0.499966,0.49998,0.499988,0.499994,0.499997,0.499998,0.499999,0.5,0.5,0.5,0.5,0.5,0.5
0.5,0.5,0.5,0.5,0.5,0.499999,0.499998,0.499997,0.499994,0.499989,0.49998,0.499965,0.499941,0.499904,0.499847,0.499766,0.49965,0.499493,0.499286,0.499022,0.498696,0.498307,0.497858,0.497359,0.496824,0.496273,0.49573,0.495221,0.494773,0.494411,0.494158,0.494027,0.494027,0.494158,0.494411,0.494773,0.495221,0.49573,0.496273,0.496824,0.497359,0.497858,0.498307,0.498696,0.499022,0.499286,0.499493,0.49965,0.499766,0.499847,0.499904,0.499941,0.499965,0.49998,0.499989,0.499994,0.499997,0.499998,0.499999,0.5,0.5,0.5,0.5,0.5
0.5,0.5,0.5,0.5,0.499999,0.499999,0.499997,0.499994,0.49999,0.499981,0.499966,0.499941,0.499901,0.49984,0.499748,0.499615,0.499429,0.499178,0.498848,0.49843,0.497919,0.497312,0.496618,0.495851,0.495033,0.494195,0.493374,0.492607,0.491936,0.491396,0.491017,0.490822,0.490822,0.491017,0.491396,0.491936,0.492607,0.493374,0.494195,0.495033,0.495851,0.496618,0.497312,0.497919,0.49843,0.498848,0.499178,0.499429,0.499615,0.499748,0.49984,0.499901,0.499941,0.499966,0.499981,0.49999,0.499994,0.499997,0.499999,0.499999,0.5,0.5,0.5,0.5
0.5,0.5,0.5,0.499999,0.499999,0.499998,0.499995,0.499991,0.499983,0.499968,0.499944,0.499904,0.49984,0.499742,0.499596,0.499387,0.499096,0.498706,0.498198,0.49756,0.496783,0.495869,0.49483,0.49369,0.492483,0.491254,0.490056,0.488944,0.487973,0.487195,0.486652,0.486372,0.486372,0.486652,0.487195,0.487973,0.488944,0.490056,0.491254,0.492483,0.49369,0.49483,0.495869,0.496783,0.49756,0.498198,0.498706,0.499096,0.499387,0.499596,0.499742,0.49984,0.499904,0.499944,0.499968,0.499983,0.499991,0.499995,0.499998,0.499999,0.499999,0.5,0.5,0.5
0.5,0.5,0.5,0.499999,0.499998,0.499996,0.499992,0.499985,0.499972,0.499949,0.499911,0.499847,0.499748,0.499596,0.499372,0.499053,0.498613,0.498025,0.497268,0.496322,0.495181,0.493849,0.492347,0.490709,0.488988,0.487248,0.485562,0.484005,0.482654,0.481574,0.480821,0.480435,0.480435,0.480821,0.481574,0.482654,0.484005,0.485562,0.487248,0.488988,0.490709,0.492347,0.493849,0.495181,0.496322,0.497268,0.498025,0.498613,0.499053,0.499372,0.499596,0.499748,0.499847,0.499911,0.499949,0.499972,0.499985,0.499992,0.499996,0.499998,0.499999,0.5,0.5,0.5
0.5,0.5,0.499999,0.499999,0.499997,0.499994,0.499988,0.499977,0.499956,0.499921,0.499862,0.499766,0.499615,0.499387,0.499053,0.49858,0.497933,0.497077,0.495981,0.494625,0.493002,0.491123,0.48902,0.486747,0.484377,0.481998,0.479708,0.477607,0.475793,0.474349,0.473347,0.472833,0.472833,0.473347,0.474349,0.475793,0.477607,0.479708,0.481998,0.484377,0.486747,0.48902,0.491123,0.493002,0.494625,0.495981,0.497077,0.497933,0.49858,0.499053,0.499387,0.499615,0.499766,0.499862,0.499921,0.499956,0.499977,0.499988,0.499994,0.499997,0.499999,0.499999,0.5,0.5
0.499999,0.499999,0.499999,0.499998,0.499995,0.499991,0.499981,0.499964,0.499934,0.499881,0.499793,0.49965,0.499429,0.499096,0.498613,0.497933,0.497011,0.4958,0.494263,0.492378,0.490141,0.487573,0.484726,0.481675,0.47852,0.475379,0.472378,0.469644,0.467297,0.465439,0.464152,0.463495,0.463495,0.464152,0.465439,0.467297,0.469644,0.472378,0.475379,0.47852,0.481675,0.484726,0.487573,0.490141,0.492378,0.494263,0.4958,0.497011,0.497933,0.498613,0.499096,0.499429,0.49965,0.499793,0.499881,0.499934,0.499964,0.499981,0.499991,0.499995,0.499998,0.499999,0.499999,0.499999
0.499999,0.499999,0.499998,0.499997,0.499993,0.499986,0.499972,0.499947,0.499902,0.499825,0.499698,0.499493,0.499178,0.498706,0.498025,0.497077,0.4958,0.494138,0.492047,0.489504,0.486515,0.483116,0.479383,0.47542,0.47136,0.467354,0.463559,0.460128,0.457201,0.454898,0.45331,0.4525,0.4525,0.45331,0.454898,0.457201,0.460128,0.463559,0.467354,0.47136,0.47542,0.479383,0.483116,0.486515,0.489504,0.492047,0.494138,0.4958,0.497077,0.498025,0.498706,0.499178,0.499493,0.499698,0.499825,0.499902,0.499947,0.499972,0.499986,0.499993,0.499997,0.499998,0.499999,0.499999
0.499999,0.499999,0.499998,0.499995,0.49999,0.49998,0.49996,0.499924,0.49986,0.499751,0.499572,0.499286,0.498848,0.498198,0.497268,0.495981,0.494263,0.492047,0.489284,0.485955,0.482079,0.477718,0.472974,0.46799,0.462937,0.457999,0.453366,0.449214,0.445699,0.44295,0.441064,0.440105,0.440105,0.441064,0.44295,0.445699,0.449214,0.453366,0.457999,0.462937,0.46799,0.472974,0.477718,0.482079,0.485955,0.489284,0.492047,0.494263,0.495981,0.497268,0.498198,0.498848,0.499286,0.499572,0.499751,0.49986,0.499924,0.49996,0.49998,0.49999,0.499995,0.499998,0.499999,0.499999
0.499998,0.499998,0.499997,0.499993,0.499986,0.499971,0.499944,0.499893,0.499805,0.499655,0.49941,0.499022,0.49843,0.49756,0.496322,0.494625,0.492378,0.489504,0.485955,0.481721,0.476841,0.471408,0.465564,0.459491,0.453403,0.447519,0.442057,0.43721,0.433144,0.429987,0.427833,0.426742,0.426742,0.427833,0.429987,0.433144,0.43721,0.442057,0.447519,0.453403,0.459491,0.465564,0.471408,0.476841,0.481721,0.485955,0.489504,0.492378,0.494625,0.496322,0.49756,0.49843,0.499022,0.49941,0.499655,0.499805,0.499893,0.499944,0.499971,0.499986,0.499993,0.499997,0.499998,0.499998
0.499997,0.499997,0.499995,0.49999,0.49998,0.49996,0.499923,0.499855,0.499736,0.499535,0.499209,0.498696,0.497919,0.496783,0.495181,0.493002,0.490141,0.486515,0.482079,0.476841,0.470869,0.464294,0.457303,0.450128,0.443021,0.436239,0.430018,0.424561,0.42003,0.416544,0.414181,0.412988,0.412988,0.414181,0.416544,0.42003,0.424561,0.430018,0.436239,0.443021,0.450128,0.457303,0.464294,0.470869,0.476841,0.482079,0.486515,0.490141,0.493002,0.495181,0.496783,0.497919,0.498696,0.499209,0.499535,0.499736,0.499855,0.499923,0.49996,0.49998,0.49999,0.499995,0.499997,0.499997
0.499996,0.499996,0.499994,0.499987,0.499974,0.499947,0.499897,0.499808,0.499652,0.499391,0.498967,0.498307,0.497312,0.495869,0.493849,0.491123,0.487573,0.483116,0.477718,0.471408,0.464294,0.456554,0.448426,0.440193,0.43215,0.424579,0.41773,0.411803,0.406941,0.40324,0.400752,0.399503,0.399503,0.400752,0.40324,0.406941,0.411803,0.41773,0.424579,0.43215,0.440193,0.448426,0.456554,0.464294,0.471408,0.477718,0.483116,0.487573,0.491123,0.493849,0.495869,0.497312,0.498307,0.498967,0.499391,0.499652,0.499808,0.499897,0.499947,0.499974,0.499987,0.499994,0.499996,0.499996
0.499995,0.499995,0.499992,0.499983,0.499965,0.499931,0.499867,0.499752,0.499554,0.499222,0.498687,0.497858,0.496618,0.49483,0.492347,0.48902,0.484726,0.479383,0.472974,0.465564,0.457303,0.448426,0.439229,0.430044,0.421203,0.413011,0.405717,0.399503,0.394481,0.390707,0.388196,0.386944,0.386944,0.388196,0.390707,0.394481,0.399503,0.405717,0.413011,0.421203,0.430044,0.439229,0.448426,0.457303,0.465564,0.472974,0.479383,0.484726,0.48902,0.492347,0.49483,0.496618,0.497858,0.498687,0.499222,0.499554,0.499752,0.499867,0.499931,0.499965,0.499983,0.499992,0.499995,0.499995
0.499994,0.499994,0.499989,0.499978,0.499956,0.499913,0.499833,0.499689,0.499442,0.499031,0.498374,0.497359,0.495851,0.49369,0.490709,0.486747,0.481675,0.47542,0.46799,0.459491,0.450128,0.440193,0.430044,0.420059,0.410607,0.402001,0.394478,0.388186,0.383193,0.379501,0.377076,0.375878,0.375878,0.377076,0.379501,0.383193,0.388186,0.394478,0.402001,0.410607,0.420059,0.430044,0.440193,0.450128,0.459491,0.46799,0.47542,0.481675,0.486747,0.490709,0.49369,0.495851,0.497359,0.498374,0.499031,0.499442,0.499689,0.499833,0.499913,0.499956,0.499978,0.499989,0.499994,0.499994
0.499992,0.499992,0.499987,0.499973,0.499946,0.499893,0.499795,0.499621,0.499321,0.498825,0.498036,0.496824,0.495033,0.492483,0.488988,0.484377,0.47852,0.47136,0.462937,0.453403,0.443021,0.43215,0.421203,0.410607,0.400754,0.391957,0.384428,0.37827,0.373491,0.37003,0.367797,0.366705,0.366705,0.367797,0.37003,0.373491,0.37827,0.384428,0.391957,0.400754,0.410607,0.421203,0.43215,0.443021,0.453403,0.462937,0.47136,0.47852,0.484377,0.488988,0.492483,0.495033,0.496824,0.498036,0.498825,0.499321,0.499621,0.499795,0.499893,0.499946,0.499973,0.499987,0.499992,0.499992
0.49999,0.49999,0.499984,0.499968,0.499935,0.499872,0.499755,0.499548,0.499194,0.498611,0.497686,0.496273,0.494195,0.491254,0.487248,0.481998,0.475379,0.467354,0.457999,0.447519,0.436239,0.424579,0.413011,0.402001,0.391957,0.383182,0.375853,0.370016,0.365611,0.362507,0.360552,0.359612,0.359612,0.360552,0.362507,0.365611,0.370016,0.375853,0.383182,0.391957,0.402001,0.413011,0.424579,0.436239,0.447519,0.457999,0.467354,0.475379,0.481998,0.487248,0.491254,0.494195,0.496273,0.497686,0.498611,0.499194,0.499548,0.499755,0.499872,0.499935,0.499968,0.499984,0.49999,0.49999
0.499988,0.499988,0.499981,0.499962,0.499924,0.49985,0.499715,0.499476,0.499067,0.498398,0.497339,0.49573,0.493374,0.490056,0.485562,0.479708,0.472378,0.463559,0.453366,0.442057,0.430018,0.41773,0.405717,0.394478,0.384428,0.375853,0.368885,0.36351,0.359594,0.356935,0.355315,0.354555,0.354555,0.355315,0.356935,0.359594,0.36351,0.368885,0.375853,0.384428,0.394478,0.405717,0.41773,0.430018,0.442057,0.453366,0.463559,0.472378,0.479708,0.485562,0.490056,0.493374,0.49573,0.497339,0.498398,0.499067,0.499476,0.499715,0.49985,0.499924,0.499962,0.499981,0.499988,0.499988
0.499987,0.499987,0.499978,0.499957,0.499913,0.49983,0.499677,0.499407,0.498947,0.498196,0.497013,0.495221,0.492607,0.488944,0.484005,0.477607,0.469644,0.460128,0.449214,0.43721,0.424561,0.411803,0.399503,0.388186,0.37827,0.370016,0.36351,0.358674,0.355304,0.353127,0.351865,0.351296,0.351296,0.351865,0.353127,0.355304,0.358674,0.36351,0.370016,0.37827,0.388186,0.399503,0.411803,0.424561,0.43721,0.449214,0.460128,0.469644,0.477607,0.484005,0.488944,0.492607,0.495221,0.497013,0.498196,0.498947,0.499407,0.499677,0.49983,0.499913,0.499957,0.499978,0.499987,0.499987
0.499985,0.499985,0.499976,0.499952,0.499904,0.499812,0.499643,0.499345,0.498841,0.498018,0.496725,0.494773,0.491936,0.487973,0.482654,0.475793,0.467297,0.457201,0.445699,0.433144,0.42003,0.406941,0.394481,0.383193,0.373491,0.365611,0.359594,0.355304,0.352471,0.350761,0.349843,0.349456,0.349456,0.349843,0.350761,0.352471,0.355304,0.359594,0.365611,0.373491,0.383193,0.394481,0.406941,0.42003,0.433144,0.445699,0.457201,0.467297,0.475793,0.482654,0.487973,0.491936,0.494773,0.496725,0.498018,0.498841,0.499345,0.499643,0.499812,0.499904,0.499952,0.499976,0.499985,0.499985
0.499984,0.499984,0.499974,0.499948,0.499896,0.499797,0.499615,0.499295,0.498754,0.497873,0.496492,0.494411,0.491396,0.487195,0.481574,0.474349,0.465439,0.454898,0.44295,0.429987,0.416544,0.40324,0.390707,0.379501,0.37003,0.362507,0.356935,0.353127,0.350761,0.349453,0.348828,0.348596,0.348596,0.348828,0.349453,0.350761,0.353127,0.356935,0.362507,0.37003,0.379501,0.390707,0.40324,0.416544,0.429987,0.44295,0.454898,0.465439,0.474349,0.481574,0.487195,0.491396,0.494411,0.496492,0.497873,0.498754,0.499295,0.499615,0.499797,0.499896,0.499948,0.499974,0.499984,0.499984
0.499983,0.499983,0.499972,0.499945,0.499891,0.499786,0.499595,0.49926,0.498693,0.497771,0.496328,0.494158,0.491017,0.486652,0.480821,0.473347,0.464152,0.45331,0.441064,0.427833,0.414181,0.400752,0.388196,0.377076,0.367797,0.360552,0.355315,0.351865,0.349843,0.348828,0.348417,0.348297,0.348297,0.348417,0.348828,0.349843,0.351865,0.355315,0.360552,0.367797,0.377076,0.388196,0.400752,0.414181,0.427833,0.441064,0.45331,0.464152,0.473347,0.480821,0.486652,0.491017,0.494158,0.496328,0.497771,0.498693,0.49926,0.499595,0.499786,0.499891,0.499945,0.499972,0.499983,0.499983
0.499983,0.499983,0.499972,0.499944,0.499888,0.499781,0.499585,0.499241,0.498661,0.497718,0.496244,0.494027,0.490822,0.486372,0.480435,0.472833,0.463495,0.4525,0.440105,0.426742,0.412988,0.399503,0.386944,0.375878,0.366705,0.359612,0.354555,0.351296,0.349456,0.348596,0.348297,0.348236,0.348236,0.348297,0.348596,0.349456,0.351296,0.354555,0.359612,0.366705,0.375878,0.386944,0.399503,0.412988,0.426742,0.440105,0.4525,0.463495,0.472833,0.480435,0.486372,0.490822,0.494027,0.496244,0.497718,0.498661,0.499241,0.499585,0.499781,0.499888,0.499944,0.499972,0.499983,0.499983
0.499983,0.499983,0.499972,0.499944,0.499888,0.499781,0.499585,0.499241,0.498661,0.497718,0.496244,0.494027,0.490822,0.486372,0.480435,0.472833,0.463495,0.4525,0.440105,0.426742,0.412988,0.399503,0.386944,0.375878,0.366705,0.359612,0.354555,0.351296,0.349456,0.348596,0.348297,0.348236,0.348236,0.348297,0.348596,0.349456,0.351296,0.354555,0.359612,0.366705,0.375878,0.386944,0.399503,0.412988,0.426742,0.440105,0.4525,0.463495,0.472833,0.480435,0.486372,0.490822,0.494027,0.496244,0.497718,0.498661,0.499241,0.499585,0.499781,0.499888,0.499944,0.499972,0.499983,0.499983
0.499983,0.499983,0.499972,0.499945,0.499891,0.499786,0.499595,0.49926,0.498693,0.497771,0.496328,0.494158,0.491017,0.486652,0.480821,0.473347,0.464152,0.45331,0.441064,0.427833,0.414181,0.400752,0.388196,0.377076,0.367797,0.360552,0.355315,0.351865,0.349843,0.348828,0.348417,0.348297,0.348297,0.348417,0.348828,0.349843,0.351865,0.355315,0.360552,0.367797,0.377076,0.388196,0.400752,0.414181,0.427833,0.441064,0.45331,0.464152,0.473347,0.480821,0.486652,0.491017,0.494158,0.496328,0.497771,0.498693,0.49926,0.499595,0.499786,0.499891,0.499945,0.499972,0.499983,0.499983
0.499984,0.499984,0.499974,0.499948,0.499896,0.499797,0.499615,0.499295,0.498754,0.497873,0.496492,0.494411,0.491396,0.487195,0.481574,0.474349,0.465439,0.454898,0.44295,0.429987,0.416544,0.40324,0.390707,0.379501,0.37003,0.362507,0.356935,0.353127,0.350761,0.349453,0.348828,0.348596,0.348596,0.348828,0.349453,0.350761,0.353127,0.356935,0.362507,0.37003,0.379501,0.390707,0.40324,0.416544,0.429987,0.44295,0.454898,0.465439,0.474349,0.481574,0.487195,0.491396,0.494411,0.496492,0.497873,0.498754,0.499295,0.499615,0.499797,0.499896,0.499948,0.499974,0.499984,0.499984
0.499985,0.499985,0.499976,0.499952,0.499904,0.499812,0.499643,0.499345,0.498841,0.498018,0.496725,0.494773,0.491936,0.487973,0.482654,0.475793,0.467297,0.457201,0.445699,0.433144,0.42003,0.406941,0.394481,0.383193,0.373491,0.365611,0.359594,0.355304,0.352471,0.350761,0.349843,0.349456,0.349456,0.349843,0.350761,0.352471,0.355304,0.359594,0.365611,0.373491,0.383193,0.394481,0.406941,0.42003,0.433144,0.445699,0.457201,0.467297,0.475793,0.482654,0.487973,0.491936,0.494773,0.496725,0.498018,0.498841,0.499345,0.499643,0.499812,0.499904,0.499952,0.499976,0.499985,0.499985
0.499987,0.499987,0.499978,0.499957,0.499913,0.49983,0.499677,0.499407,0.498947,0.498196,0.497013,0.495221,0.492607,0.488944,0.484005,0.477607,0.469644,0.460128,0.449214,0.43721,0.424561,0.411803,0.399503,0.388186,0.37827,0.370016,0.36351,0.358674,0.355304,0.353127,0.351865,0.351296,0.351296,0.351865,0.353127,0.355304,0.358674,0.36351,0.370016,0.37827,0.388186,0.399503,0.411803,0.424561,0.43721,0.449214,0.460128,0.469644,0.477607,0.484005,0.488944,0.492607,0.495221,0.497013,0.498196,0.498947,0.499407,0.499677,0.49983,0.499913,0.499957,0.499978,0.499987,0.499987
0.499988,0.499988,0.499981,0.499962,0.499924,0.49985,0.499715,0.499476,0.499067,0.498398,0.497339,0.49573,0.493374,0.490056,0.485562,0.479708,0.472378,0.463559,0.453366,0.442057,0.430018,0.41773,0.405717,0.394478,0.384428,0.375853,0.368885,0.36351,0.359594,0.356935,0.355315,0.354555,0.354555,0.355315,0.356935,0.359594,0.36351,0.368885,0.375853,0.384428,0.394478,0.405717,0.41773,0.430018,0.442057,0.453366,0.463559,0.472378,0.479708,0.485562,0.490056,0.493374,0.49573,0.497339,0.498398,0.499067,0.499476,0.499715,0.49985,0.499924,0.499962,0.499981,0.499988,0.499988
0.49999,0.49999,0.499984,0.499968,0.499935,0.499872,0.499755,0.499548,0.499194,0.498611,0.497686,0.496273,0.494195,0.491254,0.487248,0.481998,0.475379,0.467354,0.457999,0.447519,0.436239,0.424579,0.413011,0.402001,0.391957,0.383182,0.375853,0.370016,0.365611,0.362507,0.360552,0.359612,0.359612,0.360552,0.362507,0.365611,0.370016,0.375853,0.383182,0.391957,0.402001,0.413011,0.424579,0.436239,0.447519,0.457999,0.467354,0.475379,0.481998,0.487248,0.491254,0.494195,0.496273,0.497686,0.498611,0.499194,0.499548,0.499755,0.499872,0.499935,0.499968,0.499984,0.49999,0.49999
0.499992,0.499992,0.499987,0.499973,0.499946,0.499893,0.499795,0.499621,0.499321,0.498825,0.498036,0.496824,0.495033,0.492483,0.488988,0.484377,0.47852,0.47136,0.462937,0.453403,0.443021,0.43215,0.421203,0.410607,0.400754,0.391957,0.384428,0.37827,0.373491,0.37003,0.367797,0.366705,0.366705,0.367797,0.37003,0.373491,0.37827,0.384428,0.391957,0.400754,0.410607,0.421203,0.43215,0.443021,0.453403,0.462937,0.47136,0.47852,0.484377,0.488988,0.492483,0.495033,0.496824,0.498036,0.498825,0.499321,0.499621,0.499795,0.499893,0.499946,0.499973,0.499987,0.499992,0.499992
0.499994,0.499994,0.499989,0.499978,0.499956,0.499913,0.499833,0.499689,0.499442,0.499031,0.498374,0.497359,0.495851,0.49369,0.490709,0.486747,0.481675,0.47542,0.46799,0.459491,0.450128,0.440193,0.430044,0.420059,0.410607,0.402001,0.394478,0.388186,0.383193,0.379501,0.377076,0.375878,0.375878,0.377076,0.379501,0.383193,0.388186,0.394478,0.402001,0.410607,0.420059,0.430044,0.440193,0.450128,0.459491,0.46799,0.47542,0.481675,0.486747,0.490709,0.49369,0.495851,0.497359,0.498374,0.499031,0.499442,0.499689,0.499833,0.499913,0.499956,0.499978,0.499989,0.499994,0.499994
0.499995,0.499995,0.499992,0.499983,0.499965,0.499931,0.499867,0.499752,0.499554,0.499222,0.498687,0.497858,0.496618,0.49483,0.492347,0.48902,0.484726,0.479383,0.472974,0.465564,0.457303,0.448426,0.439229,0.430044,0.421203,0.413011,0.405717,0.399503,0.394481,0.390707,0.388196,0.386944,0.386944,0.388196,0.390707,0.394481,0.399503,0.405717,0.413011,0.421203,0.430044,0.439229,0.448426,0.457303,0.465564,0.472974,0.479383,0.484726,0.48902,0.492347,0.49483,0.496618,0.497858,0.498687,0.499222,0.499554,0.499752,0.499867,0.499931,0.499965,0.499983,0.499992,0.499995,0.499995
0.499996,0.499996,0.499994,0.499987,0.499974,0.499947,0.499897,0.499808,0.499652,0.499391,0.498967,0.498307,0.497312,0.495869,0.493849,0.491123,0.487573,0.483116,0.477718,0.471408,0.464294,0.456554,0.448426,0.440193,0.43215,0.424579,0.41773,0.411803,0.406941,0.40324,0.400752,0.399503,0.399503,0.400752,0.40324,0.406941,0.411803,0.41773,0.424579,0.43215,0.440193,0.448426,0.456554,0.464294,0.471408,0.477718,0.483116,0.487573,0.491123,0.493849,0.495869,0.497312,0.498307,0.498967,0.499391,0.499652,0.499808,0.499897,0.499947,0.499974,0.499987,0.499994,0.499996,0.499996
0.499997,0.499997,0.499995,0.49999,0.49998,0.49996,0.499923,0.499855,0.499736,0.499535,0.499209,0.498696,0.497919,0.496783,0.495181,0.493002,0.490141,0.486515,0.482079,0.476841,0.470869,0.464294,0.457303,0.450128,0.443021,0.436239,0.430018,0.424561,0.42003,0.416544,0.414181,0.412988,0.412988,0.414181,0.416544,0.42003,0.424561,0.430018,0.436239,0.443021,0.450128,0.457303,0.464294,0.470869,0.476841,0.482079,0.486515,0.490141,0.493002,0.495181,0.496783,0.497919,0.498696,0.499209,0.499535,0.499736,0.499855,0.499923,0.49996,0.49998,0.49999,0.499995,0.499997,0.499997
0.499998,0.499998,0.499997,0.499993,0.499986,0.499971,0.499944,0.499893,0.499805,0.499655,0.49941,0.499022,0.49843,0.49756,0.496322,0.494625,0.492378,0.489504,0.485955,0.481721,0.476841,0.471408,0.465564,0.459491,0.453403,0.447519,0.442057,0.43721,0.433144,0.429987,0.427833,0.426742,0.426742,0.427833,0.429987,0.433144,0.43721,0.442057,0.447519,0.453403,0.459491,0.465564,0.471408,0.476841,0.481721,0.485955,0.489504,0.492378,0.494625,0.496322,0.49756,0.49843,0.499022,0.49941,0.499655,0.499805,0.499893,0.499944,0.499971,0.499986,0.499993,0.499997,0.499998,0.499998
0.499999,0.499999,0.499998,0.499995,0.49999,0.49998,0.49996,0.499924,0.49986,0.499751,0.499572,0.499286,0.498848,0.498198,0.497268,0.495981,0.494263,0.492047,0.489284,0.485955,0.482079,0.477718,0.472974,0.46799,0.462937,0.457999,0.453366,0.449214,0.445699,0.44295,0.441064,0.440105,0.440105,0.441064,0.44295,0.445699,0.449214,0.453366,0.457999,0.462937,0.46799,0.472974,0.477718,0.482079,0.485955,0.489284,0.492047,0.494263,0.495981,0.497268,0.498198,0.498848,0.499286,0.499572,0.499751,0.49986,0.499924,0.49996,0.49998,0.49999,0.499995,0.499998,0.499999,0.499999
0.499999,0.499999,0.499998,0.499997,0.499993,0.499986,0.499972,0.499947,0.499902,0.499825,0.499698,0.499493,0.499178,0.498706,0.498025,0.497077,0.4958,0.494138,0.492047,0.489504,0.486515,0.483116,0.479383,0.47542,0.47136,0.467354,0.463559,0.460128,0.457201,0.454898,0.45331,0.4525,0.4525,0.45331,0.454898,0.457201,0.460128,0.463559,0.467354,0.47136,0.47542,0.479383,0.483116,0.486515,0.489504,0.492047,0.494138,0.4958,0.497077,0.498025,0.498706,0.499178,0.499493,0.499698,0.499825,0.499902,0.499947,0.499972,0.499986,0.499993,0.499997,0.499998,0.499999,0.499999
0.499999,0.499999,0.499999,0.499998,0.499995,0.499991,0.499981,0.499964,0.499934,0.499881,0.499793,0.49965,0.499429,0.499096,0.498613,0.497933,0.497011,0.4958,0.494263,0.492378,0.490141,0.487573,0.484726,0.481675,0.47852,0.475379,0.472378,0.469644,0.467297,0.465439,0.464152,0.463495,0.463495,0.464152,0.465439,0.467297,0.469644,0.472378,0.475379,0.47852,0.481675,0.484726,0.487573,0.490141,0.492378,0.494263,0.4958,0.497011,0.497933,0.498613,0.499096,0.499429,0.49965,0.499793,0.499881,0.499934,0.499964,0.499981,0.499991,0.499995,0.499998,0.499999,0.499999,0.499999
0.5,0.5,0.499999,0.499999,0.499997,0.499994,0.499988,0.499977,0.499956,0.499921,0.499862,0.499766,0.499615,0.499387,0.499053,0.49858,0.497933,0.497077,0.495981,0.494625,0.493002,0.491123,0.48902,0.486747,0.484377,0.481998,0.479708,0.477607,0.475793,0.474349,0.473347,0.472833,0.472833,0.473347,0.474349,0.475793,0.477607,0.479708,0.481998,0.484377,0.486747,0.48902,0.491123,0.493002,0.494625,0.495981,0.497077,0.497933,0.49858,0.499053,0.499387,0.499615,0.499766,0.499862,0.499921,0.499956,0.499977,0.499988,0.499994,0.499997,0.499999,0.499999,0.5,0.5
0.5,0.5,0.5,0.499999,0.499998,0.499996,0.499992,0.499985,0.499972,0.499949,0.499911,0.499847,0.499748,0.499596,0.499372,0.499053,0.498613,0.498025,0.497268,0.496322,0.495181,0.493849,0.492347,0.490709,0.488988,0.487248,0.485562,0.484005,0.482654,0.481574,0.480821,0.480435,0.480435,0.480821,0.481574,0.482654,0.484005,0.485562,0.487248,0.488988,0.490709,0.492347,0.493849,0.495181,0.496322,0.497268,0.498025,0.498613,0.499053,0.499372,0.499596,0.499748,0.499847,0.499911,0.499949,0.499972,0.499985,0.499992,0.499996,0.499998,0.499999,0.5,0.5,0.5
0.5,0.5,0.5,0.499999,0.499999,0.499998,0.499995,0.499991,0.499983,0.499968,0.499944,0.499904,0.49984,0.499742,0.499596,0.499387,0.499096,0.498706,0.498198,0.49756,0.496783,0.495869,0.49483,0.49369,0.492483,0.491254,0.490056,0.488944,0.487973,0.487195,0.486652,0.486372,0.486372,0.486652,0.487195,0.487973,0.488944,0.490056,0.491254,0.492483,0.49369,0.49483,0.495869,0.496783,0.49756,0.498198,0.498706,0.499096,0.499387,0.499596,0.499742,0.49984,0.499904,0.499944,0.499968,0.499983,0.499991,0.499995,0.499998,0.499999,0.499999,0.5,0.5,0.5
0.5,0.5,0.5,0.5,0.499999,0.499999,0.499997,0.499994,0.49999,0.499981,0.499966,0.499941,0.499901,0.49984,0.499748,0.499615,0.499429,0.499178,0.498848,0.49843,0.497919,0.497312,0.496618,0.495851,0.495033,0.494195,0.493374,0.492607,0.491936,0.491396,0.491017,0.490822,0.490822,0.491017,0.491396,0.491936,0.492607,0.493374,0.494195,0.495033,0.495851,0.496618,0.497312,0.497919,0.49843,0.498848,0.499178,0.499429,0.499615,0.499748,0.49984,0.499901,0.499941,0.499966,0.499981,0.49999,0.499994,0.499997,0.499999,0.499999,0.5,0.5,0.5,0.5
0.5,0.5,0.5,0.5,0.5,0.499999,0.499998,0.499997,0.499994,0.499989,0.49998,0.499965,0.499941,0.499904,0.499847,0.499766,0.49965,0.499493,0.499286,0.499022,0.498696,0.498307,0.497858,0.497359,0.496824,0.496273,0.49573,0.495221,0.494773,0.494411,0.494158,0.494027,0.494027,0.494158,0.494411,0.494773,0.495221,0.49573,0.496273,0.496824,0.497359,0.497858,0.498307,0.498696,0.499022,0.499286,0.499493,0.49965,0.499766,0.499847,0.499904,0.499941,0.499965,0.49998,0.499989,0.499994,0.499997,0.499998,0.499999,0.5,0.5,0.5,0.5,0.5
0.5,0.5,0.5,0.5,0.5,0.5,0.499999,0.499998,0.499997,0.499994,0.499988,0.49998,0.499966,0.499944,0.499911,0.499862,0.499793,0.499698,0.499572,0.49941,0.499209,0.498967,0.498687,0.498374,0.498036,0.497686,0.497339,0.497013,0.496725,0.496492,0.496328,0.496244,0.496244,0.496328,0.496492,0.496725,0.497013,0.497339,0.497686,0.498036,0.498374,0.498687,0.498967,0.499209,0.49941,0.499572,0.499698,0.499793,0.499862,0.499911,0.499944,0.499966,0.49998,0.499988,0.499994,0.499997,0.499998,0.499999,0.5,0.5,0.5,0.5,0.5,0.5
0.5,0.5,0.5,0.5,0.5,0.5,0.499999,0.499999,0.499998,0.499996,0.499994,0.499989,0.499981,0.499968,0.499949,0.499921,0.499881,0.499825,0.499751,0.499655,0.499535,0.499391,0.499222,0.499031,0.498825,0.498611,0.498398,0.498196,0.498018,0.497873,0.497771,0.497718,0.497718,0.497771,0.497873,0.498018,0.498196,0.498398,0.498611,0.498825,0.499031,0.499222,0.499391,0.499535,0.499655,0.499751,0.499825,0.499881,0.499921,0.499949,0.499968,0.499981,0.499989,0.499994,0.499996,0.499998,0.499999,0.499999,0.5,0.5,0.5,0.5,0.5,0.5
0.5,0.5,0.5,0.5,0.5,0.5,0.5,0.499999,0.499999,0.499998,0.499997,0.499994,0.49999,0.499983,0.499972,0.499956,0.499934,0.499902,0.49986,0.499805,0.499736,0.499652,0.499554,0.499442,0.499321,0.499194,0.499067,0.498947,0.498841,0.498754,0.498693,0.498661,0.498661,0.498693,0.498754,0.498841,0.498947,0.499067,0.499194,0.499321,0.499442,0.499554,0.499652,0.499736,0.499805,0.49986,0.499902,0.499934,0.499956,0.499972,0.499983,0.49999,0.499994,0.499997,0.499998,0.499999,0.499999,0.5,0.5,0.5,0.5,0.5,0.5,0.5
0.5,0.5,0.5,0.5,0.5,0.5,0.5,0.5,0.499999,0.499999,0.499998,0.499997,0.499994,0.499991,0.499985,0.499977,0.499964,0.499947,0.499924,0.499893,0.499855,0.499808,0.499752,0.499689,0.499621,0.499548,0.499476,0.499407,0.499345,0.499295,0.49926,0.499241,0.499241,0.49926,0.499295,0.499345,0.499407,0.499476,0.499548,0.499621,0.499689,0.499752,0.499808,0.499855,0.499893,0.499924,0.499947,0.499964,0.499977,0.499985,0.499991,0.499994,0.499997,0.499998,0.499999,0.499999,0.5,0.5,0.5,0.5,0.5,0.5,0.5,0.5
0.5,0.5,0.5,0.5,0.5,0.5,0.5,0.5,0.5,0.499999,0.499999,0.499998,0.499997,0.499995,0.499992,0.499988,0.499981,0.499972,0.49996,0.499944,0.499923,0.499897,0.499867,0.499833,0.499795,0.499755,0.499715,0.499677,0.499643,0.499615,0.499595,0.499585,0.499585,0.499595,0.499615,0.499643,0.499677,0.499715,0.499755,0.499795,0.499833,0.499867,0.499897,0.499923,0.499944,0.49996,0.499972,0.499981,0.499988,0.499992,0.499995,0.499997,0.499998,0.499999,0.499999,0.5,0.5,0.5,0.5,0.5,0.5,0.5,0.5,0.5
0.5,0.5,0.5,0.5,0.5,0.5,0.5,0.5,0.5,0.5,0.5,0.499999,0.499999,0.499998,0.499996,0.499994,0.499991,0.499986,0.49998,0.499971,0.49996,0.499947,0.499931,0.499913,0.499893,0.499872,0.49985,0.49983,0.499812,0.499797,0.499786,0.499781,0.499781,0.499786,0.499797,0.499812,0.49983,0.49985,0.499872,0.499893,0.499913,0.499931,0.499947,0.49996,0.499971,0.49998,0.499986,0.499991,0.499994,0.499996,0.499998,0.499999,0.499999,0.5,0.5,0.5,0.5,0.5,0.5,0.5,0.5,0.5,0.5,0.5
0.5,0.5,0.5,0.5,0.5,0.5,0.5,0.5,0.5,0.5,0.5,0.5,0.499999,0.499999,0.499998,0.499997,0.499995,0.499993,0.49999,0.499986,0.49998,0.499974,0.499965,0.499956,0.499946,0.499935,0.499924,0.499913,0.499904,0.499896,0.499891,0.499888,0.499888,0.499891,0.499896,0.499904,0.499913,0.499924,0.499935,0.499946,0.499956,0.499965,0.499974,0.49998,0.499986,0.49999,0.499993,0.499995,0.499997,0.499998,0.499999,0.499999,0.5,0.5,0.5,0.5,0.5,0.5,0.5,0.5,0.5,0.5,0.5,0.5
0.5,0.5,0.5,0.5,0.5,0.5,0.5,0.5,0.5,0.5,0.5,0.5,0.5,0.499999,0.499999,0.499999,0.499998,0.499997,0.499995,0.499993,0.49999,0.499987,0.499983,0.499978,0.499973,0.499968,0.499962,0.499957,0.499952,0.499948,0.499945,0.499944,0.499944,0.499945,0.499948,0.499952,0.499957,0.499962,0.499968,0.499973,0.499978,0.499983,0.499987,0.49999,0.499993,0.499995,0.499997,0.499998,0.499999,0.499999,0.499999,0.5,0.5,0.5,0.5,0.5,0.5,0.5,0.5,0.5,0.5,0.5,0.5,0.5
0.5,0.5,0.5,0.5,0.5,0.5,0.5,0.5,0.5,0.5,0.5,0.5,0.5,0.5,0.5,0.499999,0.499999,0.499998,0.499998,0.499997,0.499995,0.499994,0.499992,0.499989,0.499987,0.499984,0.499981,0.499978,0.499976,0.499974,0.499972,0.499972,0.499972,0.499972,0.499974,0.499976,0.499978,0.499981,0.499984,0.499987,0.499989,0.499992,0.499994,0.499995,0.499997,0.499998,0.499998,0.499999,0.499999,0.5,0.5,0.5,0.5,0.5,0.5,0.5,0.5,0.5,0.5,0.5,0.5,0.5,0.5,0.5
0.5,0.5,0.5,0.5,0.5,0.5,0.5,0.5,0.5,0.5,0.5,0.5,0.5,0.5,0.5,0.5,0.499999,0.499999,0.499999,0.499998,0.499997,0.499996,0.499995,0.499994,0.499992,0.49999,0.499988,0.499987,0.499985,0.499984,0.499983,0.499983,0.499983,0.499983,0.499984,0.499985,0.499987,0.499988,0.49999,0.499992,0.499994,0.499995,0.499996,0.499997,0.499998,0.499999,0.499999,0.499999,0.5,0.5,0.5,0.5,0.5,0.5,0.5,0.5,0.5,0.5,0.5,0.5,0.5,0.5,0.5,0.5
0.5,0.5,0.5,0.5,0.5,0.5,0.5,0.5,0.5,0.5,0.5,0.5,0.5,0.5,0.5,0.5,0.499999,0.499999,0.499999,0.499998,0.499997,0.499996,0.499995,0.499994,0.499992,0.49999,0.499988,0.499987,0.499985,0.499984,0.499983,0.499983,0.499983,0.499983,0.499984,0.499985,0.499987,0.499988,0.49999,0.499992,0.499994,0.499995,0.499996,0.499997,0.499998,0.499999,0.499999,0.499999,0.5,0.5,0.5,0.5,0.5,0.5,0.5,0.5,0.5,0.5,0.5,0.5,0.5,0.5,0.5,0.5
