0.5,0.5,0.5,0.5,0.5,0.5,0.5,0.5,0.5,0.5,0.5,0.5,0.5,0.5,0.5,0.5,0.5,0.5,0.5,0.5,0.5,0.5,0.5,0.5,0.5,0.5,0.499999,0.499999,0.499999,0.499999,0.499999,0.499999,0.499999,0.499999,0.499999,0.499999,0.499999,0.499999,0.5,0.5,0.5,0.5,0.5,0.5,0.5,0.5,0.5,0.5,0.5,0.5,0.5,0.5,0.5,0.5,0.5,0.5,0.5,0.5,0.5,0.5,0.5,0.5,0.5,0.5
0.5,0.5,0.5,0.5,0.5,0.5,0.5,0.5,0.5,0.5,0.5,0.5,0.5,0.5,0.5,0.5,0.5,0.5,0.5,0.5,0.5,0.5,0.5,0.5,0.5,0.5,0.499999,0.499999,0.499999,0.499999,0.499999,0.499999,0.499999,0.499999,0.499999,0.499999,0.499999,0.499999,0.5,0.5,0.5,0.5,0.5,0.5,0.5,0.5,0.5,0.5,0.5,0.5,0.5,0.5,0.5,0.5,0.5,0.5,0.5,0.5,0.5,0.5,0.5,0.5,0.5,0.5
0.5,0.5,0.5,0.5,0.5,0.5,0.5,0.5,0.5,0.5,0.5,0.5,0.5,0.5,0.5,0.5,0.5,0.5,0.5,0.5,0.5,0.5,0.5,0.499999,0.499999,0.499999,0.499999,0.499999,0.499998,0.499998,0.499998,0.499998,0.499998,0.499998,0.499998,0.499998,0.499999,0.499999,0.499999,0.499999,0.499999,0.5,0.5,0.5,0.5,0.5,0.5,0.5,0.5,0.5,0.5,0.5,0.5,0.5,0.5,0.5,0.5,0.5,0.5,0.5,0.5,0.5,0.5,0.5
0.5,0.5,0.5,0.5,0.5,0.5,0.5,0.5,0.5,0.5,0.5,0.5,0.5,0.5,0.5,0.5,0.5,0.5,0.5,0.5,0.499999,0.499999,0.499999,0.499999,0.499998,0.499998,0.499997,0.499997,0.499996,0.499996,0.499995,0.499995,0.499995,0.499995,0.499996,0.499996,0.499997,0.499997,0.499998,0.499998,0.499999,0.499999,0.499999,0.499999,0.5,0.5,0.5,0.5,0.5,0.5,0.5,0.5,0.5,0.5,0.5,0.5,0.5,0.5,0.5,0.5,0.5,0.5,0.5,0.5
0.5,0.5,0.5,0.5,0.5,0.5,0.5,0.5,0.5,0.5,0.5,0.5,0.5,0.5,0.5,0.5,0.5,0.5,0.499999,0.499999,0.499999,0.499998,0.499997,0.499996,0.499995,0.499994,0.499993,0.499992,0.49999,0.499989,0.499989,0.499988,0.499988,0.499989,0.499989,0.49999,0.499992,0.499993,0.499994,0.499995,0.499996,0.499997,0.499998,0.499999,0.499999,0.499999,0.5,0.5,0.5,0.5,0.5,0.5,0.5,0.5,0.5,0.5,0.5,0.5,0.5,0.5,0.5,0.5,0.5,0.5
0.5,0.5,0.5,0.5,0.5,0.5,0.5,0.5,0.5,0.5,0.5,0.5,0.5,0.5,0.5,0.5,0.499999,0.499999,0.499999,0.499998,0.499997,0.499995,0.499994,0.499992,0.499989,0.499986,0.499983,0.49998,0.499978,0.499975,0.499974,0.499973,0.499973,0.499974,0.499975,0.499978,0.49998,0.499983,0.499986,0.499989,0.499992,0.499994,0.499995,0.499997,0.499998,0.499999,0.499999,0.499999,0.5,0.5,0.5,0.5,0.5,0.5,0.5,0.5,0.5,0.5,0.5,0.5,0.5,0.5,0.5,0.5
0.5,0.5,0.5,0.5,0.5,0.5,0.5,0.5,0.5,0.5,0.5,0.5,0.5,0.5,0.5,0.499999,0.499999,0.499998,0.499997,0.499995,0.499993,0.49999,0.499986,0.499981,0.499975,0.499969,0.499962,0.499955,0.499949,0.499944,0.49994,0.499938,0.499938,0.49994,0.499944,0.499949,0.499955,0.499962,0.499969,0.499975,0.499981,0.499986,0.49999,0.499993,0.499995,0.499997,0.499998,0.499999,0.499999,0.5,0.5,0.5,0.5,0.5,0.5,0.5,0.5,0.5,0.5,0.5,0.5,0.5,0.5,0.5
0.5,0.5,0.5,0.5,0.5,0.5,0.5,0.5,0.5,0.5,0.5,0.5,0.5,0.499999,0.499999,0.499998,0.499997,0.499995,0.499993,0.499989,0.499984,0.499977,0.499968,0.499957,0.499945,0.499931,0.499916,0.499902,0.499888,0.499877,0.499869,0.499865,0.499865,0.499869,0.499877,0.499888,0.499902,0.499916,0.499931,0.499945,0.499957,0.499968,0.499977,0.499984,0.499989,0.499993,0.499995,0.499997,0.499998,0.499999,0.499999,0.5,0.5,0.5,0.5,0.5,0.5,0.5,0.5,0.5,0.5,0.5,0.5,0.5
0.5,0.5,0.5,0.5,0.5,0.5,0.5,0.5,0.5,0.5,0.5,0.5,0.499999,0.499999,0.499998,0.499996,0.499994,0.49999,0.499984,0.499976,0.499965,0.49995,0.499932,0.499909,0.499883,0.499853,0.499823,0.499792,0.499764,0.49974,0.499723,0.499714,0.499714,0.499723,0.49974,0.499764,0.499792,0.499823,0.499853,0.499883,0.499909,0.499932,0.49995,0.499965,0.499976,0.499984,0.49999,0.499994,0.499996,0.499998,0.499999,0.499999,0.5,0.5,0.5,0.5,0.5,0.5,0.5,0.5,0.5,0.5,0.5,0.5
0.5,0.5,0.5,0.5,0.5,0.5,0.5,0.5,0.5,0.5,0.5,0.499999,0.499999,0.499998,0.499996,0.499992,0.499987,0.499979,0.499968,0.499951,0.499928,0.499898,0.49986,0.499813,0.499759,0.4997,0.499637,0.499575,0.499518,0.49947,0.499436,0.499418,0.499418,0.499436,0.49947,0.499518,0.499575,0.499637,0.4997,0.499759,0.499813,0.49986,0.499898,0.499928,0.499951,0.499968,0.499979,0.499987,0.499992,0.499996,0.499998,0.499999,0.499999,0.5,0.5,0.5,0.5,0.5,0.5,0.5,0.5,0.5,0.5,0.5
0.5,0.5,0.5,0.5,0.5,0.5,0.5,0.5,0.5,0.5,0.499999,0.499999,0.499997,0.499995,0.499991,0.499985,0.499974,0.499959,0.499935,0.499902,0.499856,0.499797,0.499721,0.499629,0.499524,0.499406,0.499284,0.499163,0.499051,0.498958,0.498891,0.498856,0.498856,0.498891,0.498958,0.499051,0.499163,0.499284,0.499406,0.499524,0.499629,0.499721,0.499797,0.499856,0.499902,0.499935,0.499959,0.499974,0.499985,0.499991,0.499995,0.499997,0.499999,0.499999,0.5,0.5,0.5,0.5,0.5,0.5,0.5,0.5,0.5,0.5
0.5,0.5,0.5,0.5,0.5,0.5,0.5,0.5,0.5,0.499999,0.499999,0.499997,0.499995,0.49999,0.499983,0.49997,0.49995,0.499919,0.499874,0.49981,0.499723,0.499609,0.499465,0.499291,0.499089,0.498868,0.498636,0.498407,0.498198,0.498023,0.497897,0.497831,0.497831,0.497897,0.498023,0.498198,0.498407,0.498636,0.498868,0.499089,0.499291,0.499465,0.499609,0.499723,0.49981,0.499874,0.499919,0.49995,0.49997,0.499983,0.49999,0.499995,0.499997,0.499999,0.499999,0.5,0.5,0.5,0.5,0.5,0.5,0.5,0.5,0.5
0.5,0.5,0.5,0.5,0.5,0.5,0.5,0.5,0.499999,0.499999,0.499997,0.499995,0.49999,0.499981,0.499967,0.499943,0.499906,0.499849,0.499765,0.499646,0.499485,0.499273,0.499008,0.498689,0.49832,0.497915,0.497493,0.497077,0.496695,0.496378,0.496149,0.49603,0.49603,0.496149,0.496378,0.496695,0.497077,0.497493,0.497915,0.49832,0.498689,0.499008,0.499273,0.499485,0.499646,0.499765,0.499849,0.499906,0.499943,0.499967,0.499981,0.49999,0.499995,0.499997,0.499999,0.499999,0.5,0.5,0.5,0.5,0.5,0.5,0.5,0.5
0.5,0.5,0.5,0.5,0.5,0.5,0.5,0.499999,0.499999,0.499998,0.499995,0.49999,0.499981,0.499966,0.49994,0.499897,0.499829,0.499726,0.499575,0.499362,0.499073,0.498696,0.498225,0.497659,0.497008,0.496294,0.49555,0.49482,0.494151,0.493595,0.493195,0.492986,0.492986,0.493195,0.493595,0.494151,0.49482,0.49555,0.496294,0.497008,0.497659,0.498225,0.498696,0.499073,0.499362,0.499575,0.499726,0.499829,0.499897,0.49994,0.499966,0.499981,0.49999,0.499995,0.499998,0.499999,0.499999,0.5,0.5,0.5,0.5,0.5,0.5,0.5
0.5,0.5,0.5,0.5,0.5,0.5,0.5,0.499999,0.499998,0.499996,0.499991,0.499983,0.499967,0.49994,0.499894,0.499818,0.499699,0.499519,0.499257,0.498888,0.498389,0.497741,0.496932,0.495963,0.494852,0.493637,0.492374,0.491136,0.490005,0.489065,0.48839,0.488038,0.488038,0.48839,0.489065,0.490005,0.491136,0.492374,0.493637,0.494852,0.495963,0.496932,0.497741,0.498389,0.498888,0.499257,0.499519,0.499699,0.499818,0.499894,0.49994,0.499967,0.499983,0.499991,0.499996,0.499998,0.499999,0.5,0.5,0.5,0.5,0.5,0.5,0.5
0.5,0.5,0.5,0.5,0.5,0.5,0.499999,0.499998,0.499996,0.499992,0.499985,0.49997,0.499943,0.499897,0.499818,0.49969,0.499489,0.499186,0.498744,0.498127,0.497294,0.496216,0.494875,0.493274,0.491443,0.489446,0.487376,0.48535,0.483503,0.48197,0.480872,0.480298,0.480298,0.480872,0.48197,0.483503,0.48535,0.487376,0.489446,0.491443,0.493274,0.494875,0.496216,0.497294,0.498127,0.498744,0.499186,0.499489,0.49969,0.499818,0.499897,0.499943,0.49997,0.499985,0.499992,0.499996,0.499998,0.499999,0.5,0.5,0.5,0.5,0.5,0.5
0.5,0.5,0.5,0.5,0.5,0.499999,0.499999,0.499997,0.499994,0.499987,0.499974,0.49995,0.499906,0.499829,0.499699,0.499489,0.49916,0.498666,0.49795,0.49695,0.495608,0.493875,0.491726,0.489169,0.486256,0.483086,0.479808,0.476608,0.473697,0.471284,0.469557,0.468656,0.468656,0.469557,0.471284,0.473697,0.476608,0.479808,0.483086,0.486256,0.489169,0.491726,0.493875,0.495608,0.49695,0.49795,0.498666,0.49916,0.499489,0.499699,0.499829,0.499906,0.49995,0.499974,0.499987,0.499994,0.499997,0.499999,0.499999,0.5,0.5,0.5,0.5,0.5
0.5,0.5,0.5,0.5,0.5,0.499999,0.499998,0.499995,0.49999,0.499979,0.499959,0.499919,0.499849,0.499726,0.499519,0.499186,0.498666,0.497887,0.496762,0.495197,0.493105,0.490413,0.487086,0.48314,0.478658,0.473797,0.468784,0.463902,0.45947,0.455802,0.453181,0.451814,0.451814,0.453181,0.455802,0.45947,0.463902,0.468784,0.473797,0.478658,0.48314,0.487086,0.490413,0.493105,0.495197,0.496762,0.497887,0.498666,0.499186,0.499519,0.499726,0.499849,0.499919,0.499959,0.499979,0.49999,0.499995,0.499998,0.499999,0.5,0.5,0.5,0.5,0.5
0.5,0.5,0.5,0.5,0.499999,0.499999,0.499997,0.499993,0.499984,0.499968,0.499935,0.499874,0.499765,0.499575,0.499257,0.498744,0.49795,0.496762,0.495052,0.492685,0.489529,0.485484,0.480503,0.474616,0.467952,0.460746,0.453336,0.44614,0.439619,0.434235,0.43039,0.428388,0.428388,0.43039,0.434235,0.439619,0.44614,0.453336,0.460746,0.467952,0.474616,0.480503,0.485484,0.489529,0.492685,0.495052,0.496762,0.49795,0.498744,0.499257,0.499575,0.499765,0.499874,0.499935,0.499968,0.499984,0.499993,0.499997,0.499999,0.499999,0.5,0.5,0.5,0.5
0.5,0.5,0.5,0.5,0.499999,0.499998,0.499995,0.499989,0.499976,0.499951,0.499902,0.49981,0.499646,0.499362,0.498888,0.498127,0.49695,0.495197,0.492685,0.489217,0.484612,0.478732,0.471517,0.463021,0.453436,0.443107,0.432517,0.422261,0.41299,0.405349,0.3999,0.397065,0.397065,0.3999,0.405349,0.41299,0.422261,0.432517,0.443107,0.453436,0.463021,0.471517,0.478732,0.484612,0.489217,0.492685,0.495197,0.49695,0.498127,0.498888,0.499362,0.499646,0.49981,0.499902,0.499951,0.499976,0.499989,0.499995,0.499998,0.499999,0.5,0.5,0.5,0.5
0.5,0.5,0.5,0.499999,0.499999,0.499997,0.499993,0.499984,0.499965,0.499928,0.499856,0.499723,0.499485,0.499073,0.498389,0.497294,0.495608,0.493105,0.489529,0.484612,0.478108,0.469833,0.459717,0.44785,0.434511,0.420184,0.405542,0.391403,0.378653,0.368165,0.360699,0.356816,0.356816,0.360699,0.368165,0.378653,0.391403,0.405542,0.420184,0.434511,0.44785,0.459717,0.469833,0.478108,0.484612,0.489529,0.493105,0.495608,0.497294,0.498389,0.499073,0.499485,0.499723,0.499856,0.499928,0.499965,0.499984,0.499993,0.499997,0.499999,0.499999,0.5,0.5,0.5
0.5,0.5,0.5,0.499999,0.499998,0.499995,0.49999,0.499977,0.49995,0.499898,0.499797,0.499609,0.499273,0.498696,0.497741,0.496216,0.493875,0.490413,0.485484,0.478732,0.469833,0.458554,0.444819,0.428767,0.410789,0.391549,0.371951,0.353081,0.33611,0.322179,0.312277,0.307133,0.307133,0.312277,0.322179,0.33611,0.353081,0.371951,0.391549,0.410789,0.428767,0.444819,0.458554,0.469833,0.478732,0.485484,0.490413,0.493875,0.496216,0.497741,0.498696,0.499273,0.499609,0.499797,0.499898,0.49995,0.499977,0.49999,0.499995,0.499998,0.499999,0.5,0.5,0.5
0.5,0.5,0.5,0.499999,0.499997,0.499994,0.499986,0.499968,0.499932,0.49986,0.499721,0.499465,0.499008,0.498225,0.496932,0.494875,0.491726,0.487086,0.480503,0.471517,0.459717,0.444819,0.426746,0.405704,0.382226,0.35719,0.331774,0.307377,0.285494,0.267571,0.254852,0.248251,0.248251,0.254852,0.267571,0.285494,0.307377,0.331774,0.35719,0.382226,0.405704,0.426746,0.444819,0.459717,0.471517,0.480503,0.487086,0.491726,0.494875,0.496932,0.498225,0.499008,0.499465,0.499721,0.49986,0.499932,0.499968,0.499986,0.499994,0.499997,0.499999,0.5,0.5,0.5
0.5,0.5,0.499999,0.499999,0.499996,0.499992,0.499981,0.499957,0.499909,0.499813,0.499629,0.499291,0.498689,0.497659,0.495963,0.493274,0.489169,0.48314,0.474616,0.463021,0.44785,0.428767,0.405704,0.378952,0.349217,0.317622,0.285658,0.255072,0.227713,0.205355,0.189516,0.181304,0.181304,0.189516,0.205355,0.227713,0.255072,0.285658,0.317622,0.349217,0.378952,0.405704,0.428767,0.44785,0.463021,0.474616,0.48314,0.489169,0.493274,0.495963,0.497659,0.498689,0.499291,0.499629,0.499813,0.499909,0.499957,0.499981,0.499992,0.499996,0.499999,0.499999,0.5,0.5
0.5,0.5,0.499999,0.499998,0.499995,0.499989,0.499975,0.499945,0.499883,0.499759,0.499524,0.499089,0.49832,0.497008,0.494852,0.491443,0.486256,0.478658,0.467952,0.453436,0.434511,0.410789,0.382226,0.349217,0.312661,0.273957,0.234935,0.197713,0.16451,0.137438,0.118292,0.108377,0.108377,0.118292,0.137438,0.16451,0.197713,0.234935,0.273957,0.312661,0.349217,0.382226,0.410789,0.434511,0.453436,0.467952,0.478658,0.486256,0.491443,0.494852,0.497008,0.49832,0.499089,0.499524,0.499759,0.499883,0.499945,0.499975,0.499989,0.499995,0.499998,0.499999,0.5,0.5
0.5,0.5,0.499999,0.499998,0.499994,0.499986,0.499969,0.499931,0.499853,0.4997,0.499406,0.498868,0.497915,0.496294,0.493637,0.489446,0.483086,0.473797,0.460746,0.443107,0.420184,0.391549,0.35719,0.317622,0.273957,0.227888,0.181594,0.137571,0.0984085,0.0665496,0.0440571,0.0324207,0.0324207,0.0440571,0.0665496,0.0984085,0.137571,0.181594,0.227888,0.273957,0.317622,0.35719,0.391549,0.420184,0.443107,0.460746,0.473797,0.483086,0.489446,0.493637,0.496294,0.497915,0.498868,0.499406,0.4997,0.499853,0.499931,0.499969,0.499986,0.499994,0.499998,0.499999,0.5,0.5
0.499999,0.499999,0.499999,0.499997,0.499993,0.499983,0.499962,0.499916,0.499823,0.499637,0.499284,0.498636,0.497493,0.49555,0.492374,0.487376,0.479808,0.468784,0.453336,0.432517,0.405542,0.371951,0.331774,0.285658,0.234935,0.181594,0.128161,0.0774973,0.0325454,-0.0039437,-0.0296629,-0.042955,-0.042955,-0.0296629,-0.0039437,0.0325454,0.0774973,0.128161,0.181594,0.234935,0.285658,0.331774,0.371951,0.405542,0.432517,0.453336,0.468784,0.479808,0.487376,0.492374,0.49555,0.497493,0.498636,0.499284,0.499637,0.499823,0.499916,0.499962,0.499983,0.499993,0.499997,0.499999,0.499999,0.499999
0.499999,0.499999,0.499999,0.499997,0.499992,0.49998,0.499955,0.499902,0.499792,0.499575,0.499163,0.498407,0.497077,0.49482,0.491136,0.48535,0.476608,0.463902,0.44614,0.422261,0.391403,0.353081,0.307377,0.255072,0.197713,0.137571,0.0774973,0.0206902,-0.0295917,-0.0703253,-0.0989925,-0.113794,-0.113794,-0.0989925,-0.0703253,-0.0295917,0.0206902,0.0774973,0.137571,0.197713,0.255072,0.307377,0.353081,0.391403,0.422261,0.44614,0.463902,0.476608,0.48535,0.491136,0.49482,0.497077,0.498407,0.499163,0.499575,0.499792,0.499902,0.499955,0.49998,0.499992,0.499997,0.499999,0.499999,0.499999
0.499999,0.499999,0.499998,0.499996,0.49999,0.499978,0.499949,0.499888,0.499764,0.499518,0.499051,0.498198,0.496695,0.494151,0.490005,0.483503,0.473697,0.45947,0.439619,0.41299,0.378653,0.33611,0.285494,0.227713,0.16451,0.0984085,0.0325454,-0.0295917,-0.0844764,-0.128861,-0.160055,-0.176148,-0.176148,-0.160055,-0.128861,-0.0844764,-0.0295917,0.0325454,0.0984085,0.16451,0.227713,0.285494,0.33611,0.378653,0.41299,0.439619,0.45947,0.473697,0.483503,0.490005,0.494151,0.496695,0.498198,0.499051,0.499518,0.499764,0.499888,0.499949,0.499978,0.49999,0.499996,0.499998,0.499999,0.499999
0.499999,0.499999,0.499998,0.499996,0.499989,0.499975,0.499944,0.499877,0.49974,0.49947,0.498958,0.498023,0.496378,0.493595,0.489065,0.48197,0.471284,0.455802,0.434235,0.405349,0.368165,0.322179,0.267571,0.205355,0.137438,0.0665496,-0.0039437,-0.0703253,-0.128861,-0.17613,-0.209316,-0.226425,-0.226425,-0.209316,-0.17613,-0.128861,-0.0703253,-0.0039437,0.0665496,0.137438,0.205355,0.267571,0.322179,0.368165,0.405349,0.434235,0.455802,0.471284,0.48197,0.489065,0.493595,0.496378,0.498023,0.498958,0.49947,0.49974,0.499877,0.499944,0.499975,0.499989,0.499996,0.499998,0.499999,0.499999
0.499999,0.499999,0.499998,0.499995,0.499989,0.499974,0.49994,0.499869,0.499723,0.499436,0.498891,0.497897,0.496149,0.493195,0.48839,0.480872,0.469557,0.453181,0.43039,0.3999,0.360699,0.312277,0.254852,0.189516,0.118292,0.0440571,-0.0296629,-0.0989925,-0.160055,-0.209316,-0.243875,-0.261683,-0.261683,-0.243875,-0.209316,-0.160055,-0.0989925,-0.0296629,0.0440571,0.118292,0.189516,0.254852,0.312277,0.360699,0.3999,0.43039,0.453181,0.469557,0.480872,0.48839,0.493195,0.496149,0.497897,0.498891,0.499436,0.499723,0.499869,0.49994,0.499974,0.499989,0.499995,0.499998,0.499999,0.499999
0.499999,0.499999,0.499998,0.499995,0.499988,0.499973,0.499938,0.499865,0.499714,0.499418,0.498856,0.497831,0.49603,0.492986,0.488038,0.480298,0.468656,0.451814,0.428388,0.397065,0.356816,0.307133,0.248251,0.181304,0.108377,0.0324207,-0.042955,-0.113794,-0.176148,-0.226425,-0.261683,-0.279846,-0.279846,-0.261683,-0.226425,-0.176148,-0.113794,-0.042955,0.0324207,0.108377,0.181304,0.248251,0.307133,0.356816,0.397065,0.428388,0.451814,0.468656,0.480298,0.488038,0.492986,0.49603,0.497831,0.498856,0.499418,0.499714,0.499865,0.499938,0.499973,0.499988,0.499995,0.499998,0.499999,0.499999
0.499999,0.499999,0.499998,0.499995,0.499988,0.499973,0.499938,0.499865,0.499714,0.499418,0.498856,0.497831,0.49603,0.492986,0.488038,0.480298,0.468656,0.451814,0.428388,0.397065,0.356816,0.307133,0.248251,0.181304,0.108377,0.0324207,-0.042955,-0.113794,-0.176148,-0.226425,-0.261683,-0.279846,-0.279846,-0.261683,-0.226425,-0.176148,-0.113794,-0.042955,0.0324207,0.108377,0.181304,0.248251,0.307133,0.356816,0.397065,0.428388,0.451814,0.468656,0.480298,0.488038,0.492986,0.49603,0.497831,0.498856,0.499418,0.499714,0.499865,0.499938,0.499973,0.499988,0.499995,0.499998,0.499999,0.499999
0.499999,0.499999,0.499998,0.499995,0.499989,0.499974,0.49994,0.499869,0.499723,0.499436,0.498891,0.497897,0.496149,0.493195,0.48839,0.480872,0.469557,0.453181,0.43039,0.3999,0.360699,0.312277,0.254852,0.189516,0.118292,0.0440571,-0.0296629,-0.0989925,-0.160055,-0.209316,-0.243875,-0.261683,-0.261683,-0.243875,-0.209316,-0.160055,-0.0989925,-0.0296629,0.0440571,0.118292,0.189516,0.254852,0.312277,0.360699,0.3999,0.43039,0.453181,0.469557,0.480872,0.48839,0.493195,0.496149,0.497897,0.498891,0.499436,0.499723,0.499869,0.49994,0.499974,0.499989,0.499995,0.499998,0.499999,0.499999
0.499999,0.499999,0.499998,0.499996,0.499989,0.499975,0.499944,0.499877,0.49974,0.49947,0.498958,0.498023,0.496378,0.493595,0.489065,0.48197,0.471284,0.455802,0.434235,0.405349,0.368165,0.322179,0.267571,0.205355,0.137438,0.0665496,-0.0039437,-0.0703253,-0.128861,-0.17613,-0.209316,-0.226425,-0.226425,-0.209316,-0.17613,-0.128861,-0.0703253,-0.0039437,0.0665496,0.137438,0.205355,0.267571,0.322179,0.368165,0.405349,0.434235,0.455802,0.471284,0.48197,0.489065,0.493595,0.496378,0.498023,0.498958,0.49947,0.49974,0.499877,0.499944,0.499975,0.499989,0.499996,0.499998,0.499999,0.499999
0.499999,0.499999,0.499998,0.499996,0.49999,0.499978,0.499949,0.499888,0.499764,0.499518,0.499051,0.498198,0.496695,0.494151,0.490005,0.483503,0.473697,0.45947,0.439619,0.41299,0.378653,0.33611,0.285494,0.227713,0.16451,0.0984085,0.0325454,-0.0295917,-0.0844764,-0.128861,-0.160055,-0.176148,-0.176148,-0.160055,-0.128861,-0.0844764,-0.0295917,0.0325454,0.0984085,0.16451,0.227713,0.285494,0.33611,0.378653,0.41299,0.439619,0.45947,0.473697,0.483503,0.490005,0.494151,0.496695,0.498198,0.499051,0.499518,0.499764,0.499888,0.499949,0.499978,0.49999,0.499996,0.499998,0.499999,0.499999
0.499999,0.499999,0.499999,0.499997,0.499992,0.49998,0.499955,0.499902,0.499792,0.499575,0.499163,0.498407,0.497077,0.49482,0.491136,0.48535,0.476608,0.463902,0.44614,0.422261,0.391403,0.353081,0.307377,0.255072,0.197713,0.137571,0.0774973,0.0206902,-0.0295917,-0.0703253,-0.0989925,-0.113794,-0.113794,-0.0989925,-0.0703253,-0.0295917,0.0206902,0.0774973,0.137571,0.197713,0.255072,0.307377,0.353081,0.391403,0.422261,0.44614,0.463902,0.476608,0.48535,0.491136,0.49482,0.497077,0.498407,0.499163,0.499575,0.499792,0.499902,0.499955,0.49998,0.499992,0.499997,0.499999,0.499999,0.499999
0.499999,0.499999,0.499999,0.499997,0.499993,0.499983,0.499962,0.499916,0.499823,0.499637,0.499284,0.498636,0.497493,0.49555,0.492374,0.487376,0.479808,0.468784,0.453336,0.432517,0.405542,0.371951,0.331774,0.285658,0.234935,0.181594,0.128161,0.0774973,0.0325454,-0.0039437,-0.0296629,-0.042955,-0.042955,-0.0296629,-0.0039437,0.0325454,0.0774973,0.128161,0.181594,0.234935,0.285658,0.331774,0.371951,0.405542,0.432517,0.453336,0.468784,0.479808,0.487376,0.492374,0.49555,0.497493,0.498636,0.499284,0.499637,0.499823,0.499916,0.499962,0.499983,0.499993,0.499997,0.499999,0.499999,0.499999
0.5,0.5,0.499999,0.499998,0.499994,0.499986,0.499969,0.499931,0.499853,0.4997,0.499406,0.498868,0.497915,0.496294,0.493637,0.489446,0.483086,0.473797,0.460746,0.443107,0.420184,0.391549,0.35719,0.317622,0.273957,0.227888,0.181594,0.137571,0.0984085,0.0665496,0.0440571,0.0324207,0.0324207,0.0440571,0.0665496,0.0984085,0.137571,0.181594,0.227888,0.273957,0.317622,0.35719,0.391549,0.420184,0.443107,0.460746,0.473797,0.483086,0.489446,0.493637,0.496294,0.497915,0.498868,0.499406,0.4997,0.499853,0.499931,0.499969,0.499986,0.499994,0.499998,0.499999,0.5,0.5
0.5,0.5,0.499999,0.499998,0.499995,0.499989,0.499975,0.499945,0.499883,0.499759,0.499524,0.499089,0.49832,0.497008,0.494852,0.491443,0.486256,0.478658,0.467952,0.453436,0.434511,0.410789,0.382226,0.349217,0.312661,0.273957,0.234935,0.197713,0.16451,0.137438,0.118292,0.108377,0.108377,0.118292,0.137438,0.16451,0.197713,0.234935,0.273957,0.312661,0.349217,0.382226,0.410789,0.434511,0.453436,0.467952,0.478658,0.486256,0.491443,0.494852,0.497008,0.49832,0.499089,0.499524,0.499759,0.499883,0.499945,0.499975,0.499989,0.499995,0.499998,0.499999,0.5,0.5
0.5,0.5,0.499999,0.499999,0.499996,0.499992,0.499981,0.499957,0.499909,0.499813,0.499629,0.499291,0.498689,0.497659,0.495963,0.493274,0.489169,0.48314,0.474616,0.463021,0.44785,0.428767,0.405704,0.378952,0.349217,0.317622,0.285658,0.255072,0.227713,0.205355,0.189516,0.181304,0.181304,0.189516,0.205355,0.227713,0.255072,0.285658,0.317622,0.349217,0.378952,0.405704,0.428767,0.44785,0.463021,0.474616,0.48314,0.489169,0.493274,0.495963,0.497659,0.498689,0.499291,0.499629,0.499813,0.499909,0.499957,0.499981,0.499992,0.499996,0.499999,0.499999,0.5,0.5
0.5,0.5,0.5,0.499999,0.499997,0.499994,0.499986,0.499968,0.499932,0.49986,0.499721,0.499465,0.499008,0.498225,0.496932,0.494875,0.491726,0.487086,0.480503,0.471517,0.459717,0.444819,0.426746,0.405704,0.382226,0.35719,0.331774,0.307377,0.285494,0.267571,0.254852,0.248251,0.248251,0.254852,0.267571,0.285494,0.307377,0.331774,0.35719,0.382226,0.405704,0.426746,0.444819,0.459717,0.471517,0.480503,0.487086,0.491726,0.494875,0.496932,0.498225,0.499008,0.499465,0.499721,0.49986,0.499932,0.499968,0.499986,0.499994,0.499997,0.499999,0.5,0.5,0.5
0.5,0.5,0.5,0.499999,0.499998,0.499995,0.49999,0.499977,0.49995,0.499898,0.499797,0.499609,0.499273,0.498696,0.497741,0.496216,0.493875,0.490413,0.485484,0.478732,0.469833,0.458554,0.444819,0.428767,0.410789,0.391549,0.371951,0.353081,0.33611,0.322179,0.312277,0.307133,0.307133,0.312277,0.322179,0.33611,0.353081,0.371951,0.391549,0.410789,0.428767,0.444819,0.458554,0.469833,0.478732,0.485484,0.490413,0.493875,0.496216,0.497741,0.498696,0.499273,0.499609,0.499797,0.499898,0.49995,0.499977,0.49999,0.499995,0.499998,0.499999,0.5,0.5,0.5
0.5,0.5,0.5,0.499999,0.499999,0.499997,0.499993,0.499984,0.499965,0.499928,0.499856,0.499723,0.499485,0.499073,0.498389,0.497294,0.495608,0.493105,0.489529,0.484612,0.478108,0.469833,0.459717,0.44785,0.434511,0.420184,0.405542,0.391403,0.378653,0.368165,0.360699,0.356816,0.356816,0.360699,0.368165,0.378653,0.391403,0.405542,0.420184,0.434511,0.44785,0.459717,0.469833,0.478108,0.484612,0.489529,0.493105,0.495608,0.497294,0.498389,0.499073,0.499485,0.499723,0.499856,0.499928,0.499965,0.499984,0.499993,0.499997,0.499999,0.499999,0.5,0.5,0.5
0.5,0.5,0.5,0.5,0.499999,0.499998,0.499995,0.499989,0.499976,0.499951,0.499902,0.49981,0.499646,0.499362,0.498888,0.498127,0.49695,0.495197,0.492685,0.489217,0.484612,0.478732,0.471517,0.463021,0.453436,0.443107,0.432517,0.422261,0.41299,0.405349,0.3999,0.397065,0.397065,0.3999,0.405349,0.41299,0.422261,0.432517,0.443107,0.453436,0.463021,0.471517,0.478732,0.484612,0.489217,0.492685,0.495197,0.49695,0.498127,0.498888,0.499362,0.499646,0.49981,0.499902,0.499951,0.499976,0.499989,0.499995,0.499998,0.499999,0.5,0.5,0.5,0.5
0.5,0.5,0.5,0.5,0.499999,0.499999,0.499997,0.499993,0.499984,0.499968,0.499935,0.499874,0.499765,0.499575,0.499257,0.498744,0.49795,0.496762,0.495052,0.492685,0.489529,0.485484,0.480503,0.474616,0.467952,0.460746,0.453336,0.44614,0.439619,0.434235,0.43039,0.428388,0.428388,0.43039,0.434235,0.439619,0.44614,0.453336,0.460746,0.467952,0.474616,0.480503,0.485484,0.489529,0.492685,0.495052,0.496762,0.49795,0.498744,0.499257,0.499575,0.499765,0.499874,0.499935,0.499968,0.499984,0.499993,0.499997,0.499999,0.499999,0.5,0.5,0.5,0.5
0.5,0.5,0.5,0.5,0.5,0.499999,0.499998,0.499995,0.49999,0.499979,0.499959,0.499919,0.499849,0.499726,0.499519,0.499186,0.498666,0.497887,0.496762,0.495197,0.493105,0.490413,0.487086,0.48314,0.478658,0.473797,0.468784,0.463902,0.45947,0.455802,0.453181,0.451814,0.451814,0.453181,0.455802,0.45947,0.463902,0.468784,0.473797,0.478658,0.48314,0.487086,0.490413,0.493105,0.495197,0.496762,0.497887,0.498666,0.499186,0.499519,0.499726,0.499849,0.499919,0.499959,0.499979,0.49999,0.499995,0.499998,0.499999,0.5,0.5,0.5,0.5,0.5
0.5,0.5,0.5,0.5,0.5,0.499999,0.499999,0.499997,0.499994,0.499987,0.499974,0.49995,0.499906,0.499829,0.499699,0.499489,0.49916,0.498666,0.49795,0.49695,0.495608,0.493875,0.491726,0.489169,0.486256,0.483086,0.479808,0.476608,0.473697,0.471284,0.469557,0.468656,0.468656,0.469557,0.471284,0.473697,0.476608,0.479808,0.483086,0.486256,0.489169,0.491726,0.493875,0.495608,0.49695,0.49795,0.498666,0.49916,0.499489,0.499699,0.499829,0.499906,0.49995,0.499974,0.499987,0.499994,0.499997,0.499999,0.499999,0.5,0.5,0.5,0.5,0.5
0.5,0.5,0.5,0.5,0.5,0.5,0.499999,0.499998,0.499996,0.499992,0.499985,0.49997,0.499943,0.499897,0.499818,0.49969,0.499489,0.499186,0.498744,0.498127,0.497294,0.496216,0.494875,0.493274,0.491443,0.489446,0.487376,0.48535,0.483503,0.48197,0.480872,0.480298,0.480298,0.480872,0.48197,0.483503,0.48535,0.487376,0.489446,0.491443,0.493274,0.494875,0.496216,0.497294,0.498127,0.498744,0.499186,0.499489,0.49969,0.499818,0.499897,0.499943,0.49997,0.499985,0.499992,0.499996,0.499998,0.499999,0.5,0.5,0.5,0.5,0.5,0.5
0.5,0.5,0.5,0.5,0.5,0.5,0.5,0.499999,0.499998,0.499996,0.499991,0.499983,0.499967,0.49994,0.499894,0.499818,0.499699,0.499519,0.499257,0.498888,0.498389,0.497741,0.496932,0.495963,0.494852,0.493637,0.492374,0.491136,0.490005,0.489065,0.48839,0.488038,0.488038,0.48839,0.489065,0.490005,0.491136,0.492374,0.493637,0.494852,0.495963,0.496932,0.497741,0.498389,0.498888,0.499257,0.499519,0.499699,0.499818,0.499894,0.49994,0.499967,0.499983,0.499991,0.499996,0.499998,0.499999,0.5,0.5,0.5,0.5,0.5,0.5,0.5
0.5,0.5,0.5,0.5,0.5,0.5,0.5,0.499999,0.499999,0.499998,0.499995,0.49999,0.499981,0.499966,0.49994,0.499897,0.499829,0.499726,0.499575,0.499362,0.499073,0.498696,0.498225,0.497659,0.497008,0.496294,0.49555,0.49482,0.494151,0.493595,0.493195,0.492986,0.492986,0.493195,0.493595,0.494151,0.49482,0.49555,0.496294,0.497008,0.497659,0.498225,0.498696,0.499073,0.499362,0.499575,0.499726,0.499829,0.499897,0.49994,0.499966,0.499981,0.49999,0.499995,0.499998,0.499999,0.499999,0.5,0.5,0.5,0.5,0.5,0.5,0.5
0.5,0.5,0.5,0.5,0.5,0.5,0.5,0.5,0.499999,0.499999,0.499997,0.499995,0.49999,0.499981,0.499967,0.499943,0.499906,0.499849,0.499765,0.499646,0.499485,0.499273,0.499008,0.498689,0.49832,0.497915,0.497493,0.497077,0.496695,0.496378,0.496149,0.49603,0.49603,0.496149,0.496378,0.496695,0.497077,0.497493,0.497915,0.49832,0.498689,0.499008,0.499273,0.499485,0.499646,0.499765,0.499849,0.499906,0.499943,0.499967,0.499981,0.49999,0.499995,0.499997,0.499999,0.499999,0.5,0.5,0.5,0.5,0.5,0.5,0.5,0.5
0.5,0.5,0.5,0.5,0.5,0.5,0.5,0.5,0.5,0.499999,0.499999,0.499997,0.499995,0.49999,0.499983,0.49997,0.49995,0.499919,0.499874,0.49981,0.499723,0.499609,0.499465,0.499291,0.499089,0.498868,0.498636,0.498407,0.498198,0.498023,0.497897,0.497831,0.497831,0.497897,0.498023,0.498198,0.498407,0.498636,0.498868,0.499089,0.499291,0.499465,0.499609,0.499723,0.49981,0.499874,0.499919,0.49995,0.49997,0.499983,0.49999,0.499995,0.499997,0.499999,0.499999,0.5,0.5,0.5,0.5,0.5,0.5,0.5,0.5,0.5
0.5,0.5,0.5,0.5,0.5,0.5,0.5,0.5,0.5,0.5,0.499999,0.499999,0.499997,0.499995,0.499991,0.499985,0.499974,0.499959,0.499935,0.499902,0.499856,0.499797,0.499721,0.499629,0.499524,0.499406,0.499284,0.499163,0.499051,0.498958,0.498891,0.498856,0.498856,0.498891,0.498958,0.499051,0.499163,0.499284,0.499406,0.499524,0.499629,0.499721,0.499797,0.499856,0.499902,0.499935,0.499959,0.499974,0.499985,0.499991,0.499995,0.499997,0.499999,0.499999,0.5,0.5,0.5,0.5,0.5,0.5,0.5,0.5,0.5,0.5
0.5,0.5,0.5,0.5,0.5,0.5,0.5,0.5,0.5,0.5,0.5,0.499999,0.499999,0.499998,0.499996,0.499992,0.499987,0.499979,0.499968,0.499951,0.499928,0.499898,0.49986,0.499813,0.499759,0.4997,0.499637,0.499575,0.499518,0.49947,0.499436,0.499418,0.499418,0.499436,0.49947,0.499518,0.499575,0.499637,0.4997,0.499759,0.499813,0.49986,0.499898,0.499928,0.499951,0.499968,0.499979,0.499987,0.499992,0.499996,0.499998,0.499999,0.499999,0.5,0.5,0.5,0.5,0.5,0.5,0.5,0.5,0.5,0.5,0.5
0.5,0.5,0.5,0.5,0.5,0.5,0.5,0.5,0.5,0.5,0.5,0.5,0.499999,0.499999,0.499998,0.499996,0.499994,0.49999,0.499984,0.499976,0.499965,0.49995,0.499932,0.499909,0.499883,0.499853,0.499823,0.499792,0.499764,0.49974,0.499723,0.499714,0.499714,0.499723,0.49974,0.499764,0.499792,0.499823,0.499853,0.499883,0.499909,0.499932,0.49995,0.499965,0.499976,0.499984,0.49999,0.499994,0.499996,0.499998,0.499999,0.499999,0.5,0.5,0.5,0.5,0.5,0.5,0.5,0.5,0.5,0.5,0.5,0.5
0.5,0.5,0.5,0.5,0.5,0.5,0.5,0.5,0.5,0.5,0.5,0.5,0.5,0.499999,0.499999,0.499998,0.499997,0.499995,0.499993,0.499989,0.499984,0.499977,0.499968,0.499957,0.499945,0.499931,0.499916,0.499902,0.499888,0.499877,0.499869,0.499865,0.499865,0.499869,0.499877,0.499888,0.499902,0.499916,0.499931,0.499945,0.499957,0.499968,0.499977,0.499984,0.499989,0.499993,0.499995,0.499997,0.499998,0.499999,0.499999,0.5,0.5,0.5,0.5,0.5,0.5,0.5,0.5,0.5,0.5,0.5,0.5,0.5
0.5,0.5,0.5,0.5,0.5,0.5,0.5,0.5,0.5,0.5,0.5,0.5,0.5,0.5,0.5,0.499999,0.499999,0.499998,0.499997,0.499995,0.499993,0.49999,0.499986,0.499981,0.499975,0.499969,0.499962,0.499955,0.499949,0.499944,0.49994,0.499938,0.499938,0.49994,0.499944,0.499949,0.499955,0.499962,0.499969,0.499975,0.499981,0.499986,0.49999,0.499993,0.499995,0.499997,0.499998,0.499999,0.499999,0.5,0.5,0.5,0.5,0.5,0.5,0.5,0.5,0.5,0.5,0.5,0.5,0.5,0.5,0.5
0.5,0.5,0.5,0.5,0.5,0.5,0.5,0.5,0.5,0.5,0.5,0.5,0.5,0.5,0.5,0.5,0.499999,0.499999,0.499999,0.499998,0.499997,0.499995,0.499994,0.499992,0.499989,0.499986,0.499983,0.49998,0.499978,0.499975,0.499974,0.499973,0.499973,0.499974,0.499975,0.499978,0.49998,0.499983,0.499986,0.499989,0.499992,0.499994,0.499995,0.499997,0.499998,0.499999,0.499999,0.499999,0.5,0.5,0.5,0.5,0.5,0.5,0.5,0.5,0.5,0.5,0.5,0.5,0.5,0.5,0.5,0.5
0.5,0.5,0.5,0.5,0.5,0.5,0.5,0.5,0.5,0.5,0.5,0.5,0.5,0.5,0.5,0.5,0.5,0.5,0.499999,0.499999,0.499999,0.499998,0.499997,0.499996,0.499995,0.499994,0.499993,0.499992,0.49999,0.499989,0.499989,0.499988,0.499988,0.499989,0.499989,0.49999,0.499992,0.499993,0.499994,0.499995,0.499996,0.499997,0.499998,0.499999,0.499999,0.499999,0.5,0.5,0.5,0.5,0.5,0.5,0.5,0.5,0.5,0.5,0.5,0.5,0.5,0.5,0.5,0.5,0.5,0.5
0.5,0.5,0.5,0.5,0.5,0.5,0.5,0.5,0.5,0.5,0.5,0.5,0.5,0.5,0.5,0.5,0.5,0.5,0.5,0.5,0.499999,0.499999,0.499999,0.499999,0.499998,0.499998,0.499997,0.499997,0.499996,0.499996,0.499995,0.499995,0.499995,0.499995,0.499996,0.499996,0.499997,0.499997,0.499998,0.499998,0.499999,0.499999,0.499999,0.499999,0.5,0.5,0.5,0.5,0.5,0.5,0.5,0.5,0.5,0.5,0.5,0.5,0.5,0.5,0.5,0.5,0.5,0.5,0.5,0.5
0.5,0.5,0.5,0.5,0.5,0.5,0.5,0.5,0.5,0.5,0.5,0.5,0.5,0.5,0.5,0.5,0.5,0.5,0.5,0.5,0.5,0.5,0.5,0.499999,0.499999,0.499999,0.499999,0.499999,0.499998,0.499998,0.499998,0.499998,0.499998,0.499998,0.499998,0.499998,0.499999,0.499999,0.499999,0.499999,0.499999,0.5,0.5,0.5,0.5,0.5,0.5,0.5,0.5,0.5,0.5,0.5,0.5,0.5,0.5,0.5,0.5,0.5,0.5,0.5,0.5,0.5,0.5,0.5
0.5,0.5,0.5,0.5,0.5,0.5,0.5,0.5,0.5,0.5,0.5,0.5,0.5,0.5,0.5,0.5,0.5,0.5,0.5,0.5,0.5,0.5,0.5,0.5,0.5,0.5,0.499999,0.499999,0.499999,0.499999,0.499999,0.499999,0.499999,0.499999,0.499999,0.499999,0.499999,0.499999,0.5,0.5,0.5,0.5,0.5,0.5,0.5,0.5,0.5,0.5,0.5,0.5,0.5,0.5,0.5,0.5,0.5,0.5,0.5,0.5,0.5,0.5,0.5,0.5,0.5,0.5
0.5,0.5,0.5,0.5,0.5,0.5,0.5,0.5,0.5,0.5,0.5,0.5,0.5,0.5,0.5,0.5,0.5,0.5,0.5,0.5,0.5,0.5,0.5,0.5,0.5,0.5,0.499999,0.499999,0.499999,0.499999,0.499999,0.499999,0.499999,0.499999,0.499999,0.499999,0.499999,0.499999,0.5,0.5,0.5,0.5,0.5,0.5,0.5,0.5,0.5,0.5,0.5,0.5,0.5,0.5,0.5,0.5,0.5,0.5,0.5,0.5,0.5,0.5,0.5,0.5,0.5,0.5
