0.5,0.5,0.5,0.5,0.5,0.5,0.5,0.5,0.5,0.5,0.5,0.5,0.5,0.5,0.5,0.5,0.5,0.5,0.5,0.5,0.5,0.499999,0.499999,0.499999,0.499999,0.499998,0.499998,0.499998,0.499998,0.499997,0.499997,0.499997,0.499997,0.499997,0.499997,0.499998,0.499998,0.499998,0.499998,0.499999,0.499999,0.499999,0.499999,0.5,0.5,0.5,0.5,0.5,0.5,0.5,0.5,0.5,0.5,0.5,0.5,0.5,0.5,0.5,0.5,0.5,0.5,0.5,0.5,0.5
0.5,0.5,0.5,0.5,0.5,0.5,0.5,0.5,0.5,0.5,0.5,0.5,0.5,0.5,0.5,0.5,0.5,0.5,0.5,0.5,0.5,0.499999,0.499999,0.499999,0.499999,0.499998,0.499998,0.499998,0.499998,0.499997,0.499997,0.499997,0.499997,0.499997,0.499997,0.499998,0.499998,0.499998,0.499998,0.499999,0.499999,0.499999,0.499999,0.5,0.5,0.5,0.5,0.5,0.5,0.5,0.5,0.5,0.5,0.5,0.5,0.5,0.5,0.5,0.5,0.5,0.5,0.5,0.5,0.5
0.5,0.5,0.5,0.5,0.5,0.5,0.5,0.5,0.5,0.5,0.5,0.5,0.5,0.5,0.5,0.5,0.5,0.5,0.5,0.5,0.499999,0.499999,0.499999,0.499998,0.499998,0.499997,0.499996,0.499996,0.499995,0.499995,0.499994,0.499994,0.499994,0.499994,0.499995,0.499995,0.499996,0.499996,0.499997,0.499998,0.499998,0.499999,0.499999,0.499999,0.5,0.5,0.5,0.5,0.5,0.5,0.5,0.5,0.5,0.5,0.5,0.5,0.5,0.5,0.5,0.5,0.5,0.5,0.5,0.5
0.5,0.5,0.5,0.5,0.5,0.5,0.5,0.5,0.5,0.5,0.5,0.5,0.5,0.5,0.5,0.5,0.5,0.5,0.499999,0.499999,0.499998,0.499998,0.499997,0.499996,0.499995,0.499993,0.499992,0.49999,0.499989,0.499988,0.499987,0.499987,0.499987,0.499987,0.499988,0.499989,0.49999,0.499992,0.499993,0.499995,0.499996,0.499997,0.499998,0.499998,0.499999,0.499999,0.5,0.5,0.5,0.5,0.5,0.5,0.5,0.5,0.5,0.5,0.5,0.5,0.5,0.5,0.5,0.5,0.5,0.5
0.5,0.5,0.5,0.5,0.5,0.5,0.5,0.5,0.5,0.5,0.5,0.5,0.5,0.5,0.5,0.5,0.499999,0.499999,0.499998,0.499997,0.499996,0.499995,0.499993,0.49999,0.499987,0.499984,0.499981,0.499978,0.499975,0.499972,0.499971,0.49997,0.49997,0.499971,0.499972,0.499975,0.499978,0.499981,0.499984,0.499987,0.49999,0.499993,0.499995,0.499996,0.499997,0.499998,0.499999,0.499999,0.5,0.5,0.5,0.5,0.5,0.5,0.5,0.5,0.5,0.5,0.5,0.5,0.5,0.5,0.5,0.5
0.5,0.5,0.5,0.5,0.5,0.5,0.5,0.5,0.5,0.5,0.5,0.5,0.5,0.5,0.499999,0.499999,0.499998,0.499997,0.499996,0.499994,0.499991,0.499988,0.499983,0.499978,0.499971,0.499964,0.499957,0.49995,0.499943,0.499938,0.499934,0.499932,0.499932,0.499934,0.499938,0.499943,0.49995,0.499957,0.499964,0.499971,0.499978,0.499983,0.499988,0.499991,0.499994,0.499996,0.499997,0.499998,0.499999,0.499999,0.5,0.5,0.5,0.5,0.5,0.5,0.5,0.5,0.5,0.5,0.5,0.5,0.5,0.5
0.5,0.5,0.5,0.5,0.5,0.5,0.5,0.5,0.5,0.5,0.5,0.5,0.5,0.499999,0.499999,0.499998,0.499996,0.499994,0.499991,0.499987,0.49998,0.499973,0.499963,0.499951,0.499937,0.499922,0.499906,0.499891,0.499877,0.499865,0.499856,0.499852,0.499852,0.499856,0.499865,0.499877,0.499891,0.499906,0.499922,0.499937,0.499951,0.499963,0.499973,0.49998,0.499987,0.499991,0.499994,0.499996,0.499998,0.499999,0.499999,0.5,0.5,0.5,0.5,0.5,0.5,0.5,0.5,0.5,0.5,0.5,0.5,0.5
0.5,0.5,0.5,0.5,0.5,0.5,0.5,0.5,0.5,0.5,0.5,0.5,0.499999,0.499998,0.499997,0.499995,0.499992,0.499987,0.499981,0.499971,0.499958,0.499942,0.499921,0.499896,0.499867,0.499836,0.499803,0.499771,0.499741,0.499717,0.499699,0.49969,0.49969,0.499699,0.499717,0.499741,0.499771,0.499803,0.499836,0.499867,0.499896,0.499921,0.499942,0.499958,0.499971,0.499981,0.499987,0.499992,0.499995,0.499997,0.499998,0.499999,0.5,0.5,0.5,0.5,0.5,0.5,0.5,0.5,0.5,0.5,0.5,0.5
0.5,0.5,0.5,0.5,0.5,0.5,0.5,0.5,0.5,0.5,0.499999,0.499999,0.499998,0.499997,0.499994,0.49999,0.499984,0.499974,0.49996,0.499941,0.499914,0.49988,0.499838,0.499787,0.499729,0.499666,0.4996,0.499535,0.499476,0.499427,0.499391,0.499373,0.499373,0.499391,0.499427,0.499476,0.499535,0.4996,0.499666,0.499729,0.499787,0.499838,0.49988,0.499914,0.499941,0.49996,0.499974,0.499984,0.49999,0.499994,0.499997,0.499998,0.499999,0.499999,0.5,0.5,0.5,0.5,0.5,0.5,0.5,0.5,0.5,0.5
0.5,0.5,0.5,0.5,0.5,0.5,0.5,0.5,0.5,0.499999,0.499999,0.499998,0.499996,0.499993,0.499988,0.49998,0.499967,0.499948,0.49992,0.499881,0.49983,0.499763,0.499679,0.49958,0.499467,0.499343,0.499215,0.49909,0.498976,0.498881,0.498813,0.498777,0.498777,0.498813,0.498881,0.498976,0.49909,0.499215,0.499343,0.499467,0.49958,0.499679,0.499763,0.49983,0.499881,0.49992,0.499948,0.499967,0.49998,0.499988,0.499993,0.499996,0.499998,0.499999,0.499999,0.5,0.5,0.5,0.5,0.5,0.5,0.5,0.5,0.5
0.5,0.5,0.5,0.5,0.5,0.5,0.5,0.5,0.499999,0.499999,0.499998,0.499996,0.499993,0.499987,0.499977,0.499961,0.499936,0.499899,0.499846,0.499772,0.499673,0.499545,0.499388,0.499201,0.498988,0.498756,0.498516,0.498282,0.498068,0.497892,0.497765,0.497699,0.497699,0.497765,0.497892,0.498068,0.498282,0.498516,0.498756,0.498988,0.499201,0.499388,0.499545,0.499673,0.499772,0.499846,0.499899,0.499936,0.499961,0.499977,0.499987,0.499993,0.499996,0.499998,0.499999,0.499999,0.5,0.5,0.5,0.5,0.5,0.5,0.5,0.5
0.5,0.5,0.5,0.5,0.5,0.5,0.5,0.5,0.499999,0.499998,0.499996,0.499992,0.499986,0.499974,0.499956,0.499926,0.499879,0.49981,0.499712,0.499575,0.499393,0.499159,0.498871,0.49853,0.498143,0.497723,0.49729,0.496868,0.496484,0.496166,0.495939,0.495821,0.495821,0.495939,0.496166,0.496484,0.496868,0.49729,0.497723,0.498143,0.49853,0.498871,0.499159,0.499393,0.499575,0.499712,0.49981,0.499879,0.499926,0.499956,0.499974,0.499986,0.499992,0.499996,0.499998,0.499999,0.5,0.5,0.5,0.5,0.5,0.5,0.5,0.5
0.5,0.5,0.5,0.5,0.5,0.5,0.5,0.499999,0.499998,0.499996,0.499993,0.499986,0.499974,0.499953,0.499919,0.499864,0.499781,0.499657,0.499479,0.499235,0.498911,0.498497,0.497989,0.497389,0.49671,0.495976,0.49522,0.494486,0.49382,0.49327,0.492877,0.492672,0.492672,0.492877,0.49327,0.49382,0.494486,0.49522,0.495976,0.49671,0.497389,0.497989,0.498497,0.498911,0.499235,0.499479,0.499657,0.499781,0.499864,0.499919,0.499953,0.499974,0.499986,0.499993,0.499996,0.499998,0.499999,0.5,0.5,0.5,0.5,0.5,0.5,0.5
0.5,0.5,0.5,0.5,0.5,0.5,0.499999,0.499998,0.499997,0.499993,0.499987,0.499974,0.499953,0.499916,0.499856,0.499761,0.499614,0.499399,0.499091,0.49867,0.498113,0.497405,0.496538,0.495518,0.494368,0.493129,0.491859,0.490626,0.489512,0.488592,0.487935,0.487593,0.487593,0.487935,0.488592,0.489512,0.490626,0.491859,0.493129,0.494368,0.495518,0.496538,0.497405,0.498113,0.49867,0.499091,0.499399,0.499614,0.499761,0.499856,0.499916,0.499953,0.499974,0.499987,0.499993,0.499997,0.499998,0.499999,0.5,0.5,0.5,0.5,0.5,0.5
0.5,0.5,0.5,0.5,0.5,0.499999,0.499999,0.499997,0.499994,0.499988,0.499977,0.499956,0.499919,0.499856,0.499754,0.499591,0.499344,0.498981,0.498466,0.497763,0.496838,0.495666,0.494237,0.492564,0.490685,0.488666,0.486602,0.484607,0.482805,0.481322,0.480265,0.479715,0.479715,0.480265,0.481322,0.482805,0.484607,0.486602,0.488666,0.490685,0.492564,0.494237,0.495666,0.496838,0.497763,0.498466,0.498981,0.499344,0.499591,0.499754,0.499856,0.499919,0.499956,0.499977,0.499988,0.499994,0.499997,0.499999,0.499999,0.5,0.5,0.5,0.5,0.5
0.5,0.5,0.5,0.5,0.5,0.499999,0.499998,0.499995,0.49999,0.49998,0.499961,0.499926,0.499864,0.499761,0.499591,0.499325,0.498921,0.49833,0.497495,0.496361,0.494875,0.493001,0.490726,0.488073,0.485105,0.481929,0.478693,0.475573,0.472764,0.470456,0.468813,0.467959,0.467959,0.468813,0.470456,0.472764,0.475573,0.478693,0.481929,0.485105,0.488073,0.490726,0.493001,0.494875,0.496361,0.497495,0.49833,0.498921,0.499325,0.499591,0.499761,0.499864,0.499926,0.499961,0.49998,0.49999,0.499995,0.499998,0.499999,0.5,0.5,0.5,0.5,0.5
0.5,0.5,0.5,0.5,0.499999,0.499998,0.499996,0.499992,0.499984,0.499967,0.499936,0.499879,0.499781,0.499614,0.499344,0.498921,0.498281,0.49735,0.496042,0.494272,0.491963,0.489065,0.485563,0.481498,0.476968,0.472141,0.467239,0.462531,0.458302,0.454835,0.452372,0.451093,0.451093,0.452372,0.454835,0.458302,0.462531,0.467239,0.472141,0.476968,0.481498,0.485563,0.489065,0.491963,0.494272,0.496042,0.49735,0.498281,0.498921,0.499344,0.499614,0.499781,0.499879,0.499936,0.499967,0.499984,0.499992,0.499996,0.499998,0.499999,0.5,0.5,0.5,0.5
0.5,0.5,0.5,0.5,0.499999,0.499997,0.499994,0.499987,0.499974,0.499948,0.499899,0.49981,0.499657,0.499399,0.498981,0.49833,0.49735,0.495929,0.493944,0.49127,0.487801,0.483465,0.478252,0.472227,0.465546,0.458455,0.451283,0.444417,0.438271,0.433243,0.429678,0.427828,0.427828,0.429678,0.433243,0.438271,0.444417,0.451283,0.458455,0.465546,0.472227,0.478252,0.483465,0.487801,0.49127,0.493944,0.495929,0.49735,0.49833,0.498981,0.499399,0.499657,0.49981,0.499899,0.499948,0.499974,0.499987,0.499994,0.499997,0.499999,0.5,0.5,0.5,0.5
0.5,0.5,0.5,0.499999,0.499998,0.499996,0.499991,0.499981,0.49996,0.49992,0.499846,0.499712,0.499479,0.499091,0.498466,0.497495,0.496042,0.493944,0.491027,0.487117,0.482068,0.475791,0.468281,0.459644,0.450111,0.44004,0.429897,0.420224,0.411592,0.40455,0.399567,0.396985,0.396985,0.399567,0.40455,0.411592,0.420224,0.429897,0.44004,0.450111,0.459644,0.468281,0.475791,0.482068,0.487117,0.491027,0.493944,0.496042,0.497495,0.498466,0.499091,0.499479,0.499712,0.499846,0.49992,0.49996,0.499981,0.499991,0.499996,0.499998,0.499999,0.5,0.5,0.5
0.5,0.5,0.5,0.499999,0.499997,0.499994,0.499987,0.499971,0.499941,0.499881,0.499772,0.499575,0.499235,0.49867,0.497763,0.496361,0.494272,0.49127,0.487117,0.481577,0.474461,0.46566,0.455185,0.4432,0.430039,0.416202,0.402328,0.389151,0.377434,0.367903,0.361173,0.35769,0.35769,0.361173,0.367903,0.377434,0.389151,0.402328,0.416202,0.430039,0.4432,0.455185,0.46566,0.474461,0.481577,0.487117,0.49127,0.494272,0.496361,0.497763,0.49867,0.499235,0.499575,0.499772,0.499881,0.499941,0.499971,0.499987,0.499994,0.499997,0.499999,0.5,0.5,0.5
0.5,0.5,0.499999,0.499998,0.499996,0.499991,0.49998,0.499958,0.499914,0.49983,0.499673,0.499393,0.498911,0.498113,0.496838,0.494875,0.491963,0.487801,0.482068,0.474461,0.464742,0.452783,0.438627,0.422518,0.404922,0.386516,0.36815,0.350783,0.335401,0.322927,0.314139,0.309599,0.309599,0.314139,0.322927,0.335401,0.350783,0.36815,0.386516,0.404922,0.422518,0.438627,0.452783,0.464742,0.474461,0.482068,0.487801,0.491963,0.494875,0.496838,0.498113,0.498911,0.499393,0.499673,0.49983,0.499914,0.499958,0.49998,0.499991,0.499996,0.499998,0.499999,0.5,0.5
0.499999,0.499999,0.499999,0.499998,0.499995,0.499988,0.499973,0.499942,0.49988,0.499763,0.499545,0.499159,0.498497,0.497405,0.495666,0.493001,0.489065,0.483465,0.475791,0.46566,0.452783,0.437027,0.418479,0.397489,0.374688,0.350966,0.327417,0.305254,0.285704,0.269905,0.258804,0.253076,0.253076,0.258804,0.269905,0.285704,0.305254,0.327417,0.350966,0.374688,0.397489,0.418479,0.437027,0.452783,0.46566,0.475791,0.483465,0.489065,0.493001,0.495666,0.497405,0.498497,0.499159,0.499545,0.499763,0.49988,0.499942,0.499973,0.499988,0.499995,0.499998,0.499999,0.499999,0.499999
0.499999,0.499999,0.499999,0.499997,0.499993,0.499983,0.499963,0.499921,0.499838,0.499679,0.499388,0.498871,0.497989,0.496538,0.494237,0.490726,0.485563,0.478252,0.468281,0.455185,0.438627,0.418479,0.394893,0.368356,0.339694,0.310042,0.280765,0.253349,0.229273,0.209888,0.196304,0.189308,0.189308,0.196304,0.209888,0.229273,0.253349,0.280765,0.310042,0.339694,0.368356,0.394893,0.418479,0.438627,0.455185,0.468281,0.478252,0.485563,0.490726,0.494237,0.496538,0.497989,0.498871,0.499388,0.499679,0.499838,0.499921,0.499963,0.499983,0.499993,0.499997,0.499999,0.499999,0.499999
0.499999,0.499999,0.499998,0.499996,0.49999,0.499978,0.499951,0.499896,0.499787,0.49958,0.499201,0.49853,0.497389,0.495518,0.492564,0.488073,0.481498,0.472227,0.459644,0.4432,0.422518,0.397489,0.368356,0.335767,0.300775,0.264786,0.229452,0.196537,0.167769,0.144697,0.128578,0.120292,0.120292,0.128578,0.144697,0.167769,0.196537,0.229452,0.264786,0.300775,0.335767,0.368356,0.397489,0.422518,0.4432,0.459644,0.472227,0.481498,0.488073,0.492564,0.495518,0.497389,0.49853,0.499201,0.49958,0.499787,0.499896,0.499951,0.499978,0.49999,0.499996,0.499998,0.499999,0.499999
0.499999,0.499999,0.499998,0.499995,0.499987,0.499971,0.499937,0.499867,0.499729,0.499467,0.498988,0.498143,0.49671,0.494368,0.490685,0.485105,0.476968,0.465546,0.450111,0.430039,0.404922,0.374688,0.339694,0.300775,0.259235,0.216762,0.175303,0.136895,0.10349,0.0768108,0.058231,0.0486995,0.0486995,0.058231,0.0768108,0.10349,0.136895,0.175303,0.216762,0.259235,0.300775,0.339694,0.374688,0.404922,0.430039,0.450111,0.465546,0.476968,0.485105,0.490685,0.494368,0.49671,0.498143,0.498988,0.499467,0.499729,0.499867,0.499937,0.499971,0.499987,0.499995,0.499998,0.499999,0.499999
0.499998,0.499998,0.499997,0.499993,0.499984,0.499964,0.499922,0.499836,0.499666,0.499343,0.498756,0.497723,0.495976,0.493129,0.488666,0.481929,0.472141,0.458455,0.44004,0.416202,0.386516,0.350966,0.310042,0.264786,0.216762,0.16795,0.12058,0.0769384,0.0391742,0.00914352,-0.0117014,-0.0223726,-0.0223726,-0.0117014,0.00914352,0.0391742,0.0769384,0.12058,0.16795,0.216762,0.264786,0.310042,0.350966,0.386516,0.416202,0.44004,0.458455,0.472141,0.481929,0.488666,0.493129,0.495976,0.497723,0.498756,0.499343,0.499666,0.499836,0.499922,0.499964,0.499984,0.499993,0.499997,0.499998,0.499998
0.499998,0.499998,0.499996,0.499992,0.499981,0.499957,0.499906,0.499803,0.4996,0.499215,0.498516,0.49729,0.49522,0.491859,0.486602,0.478693,0.467239,0.451283,0.429897,0.402328,0.36815,0.327417,0.280765,0.229452,0.175303,0.12058,0.0677756,0.0193932,-0.0222622,-0.0552438,-0.0780604,-0.0897162,-0.0897162,-0.0780604,-0.0552438,-0.0222622,0.0193932,0.0677756,0.12058,0.175303,0.229452,0.280765,0.327417,0.36815,0.402328,0.429897,0.451283,0.467239,0.478693,0.486602,0.491859,0.49522,0.49729,0.498516,0.499215,0.4996,0.499803,0.499906,0.499957,0.499981,0.499992,0.499996,0.499998,0.499998
0.499998,0.499998,0.499996,0.49999,0.499978,0.49995,0.499891,0.499771,0.499535,0.49909,0.498282,0.496868,0.494486,0.490626,0.484607,0.475573,0.462531,0.444417,0.420224,0.389151,0.350783,0.305254,0.253349,0.196537,0.136895,0.0769384,0.0193932,-0.0330588,-0.078,-0.113434,-0.137868,-0.150324,-0.150324,-0.137868,-0.113434,-0.078,-0.0330588,0.0193932,0.0769384,0.136895,0.196537,0.253349,0.305254,0.350783,0.389151,0.420224,0.444417,0.462531,0.475573,0.484607,0.490626,0.494486,0.496868,0.498282,0.49909,0.499535,0.499771,0.499891,0.49995,0.499978,0.49999,0.499996,0.499998,0.499998
0.499998,0.499998,0.499995,0.499989,0.499975,0.499943,0.499877,0.499741,0.499476,0.498976,0.498068,0.496484,0.49382,0.489512,0.482805,0.472764,0.458302,0.438271,0.411592,0.377434,0.335401,0.285704,0.229273,0.167769,0.10349,0.0391742,-0.0222622,-0.078,-0.125548,-0.162895,-0.18857,-0.201633,-0.201633,-0.18857,-0.162895,-0.125548,-0.078,-0.0222622,0.0391742,0.10349,0.167769,0.229273,0.285704,0.335401,0.377434,0.411592,0.438271,0.458302,0.472764,0.482805,0.489512,0.49382,0.496484,0.498068,0.498976,0.499476,0.499741,0.499877,0.499943,0.499975,0.499989,0.499995,0.499998,0.499998
0.499997,0.499997,0.499995,0.499988,0.499972,0.499938,0.499865,0.499717,0.499427,0.498881,0.497892,0.496166,0.49327,0.488592,0.481322,0.470456,0.454835,0.433243,0.40455,0.367903,0.322927,0.269905,0.209888,0.144697,0.0768108,0.00914352,-0.0552438,-0.113434,-0.162895,-0.201619,-0.228175,-0.241664,-0.241664,-0.228175,-0.201619,-0.162895,-0.113434,-0.0552438,0.00914352,0.0768108,0.144697,0.209888,0.269905,0.322927,0.367903,0.40455,0.433243,0.454835,0.470456,0.481322,0.488592,0.49327,0.496166,0.497892,0.498881,0.499427,0.499717,0.499865,0.499938,0.499972,0.499988,0.499995,0.499997,0.499997
0.499997,0.499997,0.499994,0.499987,0.499971,0.499934,0.499856,0.499699,0.499391,0.498813,0.497765,0.495939,0.492877,0.487935,0.480265,0.468813,0.452372,0.429678,0.399567,0.361173,0.314139,0.258804,0.196304,0.128578,0.058231,-0.0117014,-0.0780604,-0.137868,-0.18857,-0.228175,-0.255284,-0.269039,-0.269039,-0.255284,-0.228175,-0.18857,-0.137868,-0.0780604,-0.0117014,0.058231,0.128578,0.196304,0.258804,0.314139,0.361173,0.399567,0.429678,0.452372,0.468813,0.480265,0.487935,0.492877,0.495939,0.497765,0.498813,0.499391,0.499699,0.499856,0.499934,0.499971,0.499987,0.499994,0.499997,0.499997
0.499997,0.499997,0.499994,0.499987,0.49997,0.499932,0.499852,0.49969,0.499373,0.498777,0.497699,0.495821,0.492672,0.487593,0.479715,0.467959,0.451093,0.427828,0.396985,0.35769,0.309599,0.253076,0.189308,0.120292,0.0486995,-0.0223726,-0.0897162,-0.150324,-0.201633,-0.241664,-0.269039,-0.282919,-0.282919,-0.269039,-0.241664,-0.201633,-0.150324,-0.0897162,-0.0223726,0.0486995,0.120292,0.189308,0.253076,0.309599,0.35769,0.396985,0.427828,0.451093,0.467959,0.479715,0.487593,0.492672,0.495821,0.497699,0.498777,0.499373,0.49969,0.499852,0.499932,0.49997,0.499987,0.499994,0.499997,0.499997
0.499997,0.499997,0.499994,0.499987,0.49997,0.499932,0.499852,0.49969,0.499373,0.498777,0.497699,0.495821,0.492672,0.487593,0.479715,0.467959,0.451093,0.427828,0.396985,0.35769,0.309599,0.253076,0.189308,0.120292,0.0486995,-0.0223726,-0.0897162,-0.150324,-0.201633,-0.241664,-0.269039,-0.282919,-0.282919,-0.269039,-0.241664,-0.201633,-0.150324,-0.0897162,-0.0223726,0.0486995,0.120292,0.189308,0.253076,0.309599,0.35769,0.396985,0.427828,0.451093,0.467959,0.479715,0.487593,0.492672,0.495821,0.497699,0.498777,0.499373,0.49969,0.499852,0.499932,0.49997,0.499987,0.499994,0.499997,0.499997
0.499997,0.499997,0.499994,0.499987,0.499971,0.499934,0.499856,0.499699,0.499391,0.498813,0.497765,0.495939,0.492877,0.487935,0.480265,0.468813,0.452372,0.429678,0.399567,0.361173,0.314139,0.258804,0.196304,0.128578,0.058231,-0.0117014,-0.0780604,-0.137868,-0.18857,-0.228175,-0.255284,-0.269039,-0.269039,-0.255284,-0.228175,-0.18857,-0.137868,-0.0780604,-0.0117014,0.058231,0.128578,0.196304,0.258804,0.314139,0.361173,0.399567,0.429678,0.452372,0.468813,0.480265,0.487935,0.492877,0.495939,0.497765,0.498813,0.499391,0.499699,0.499856,0.499934,0.499971,0.499987,0.499994,0.499997,0.499997
0.499997,0.499997,0.499995,0.499988,0.499972,0.499938,0.499865,0.499717,0.499427,0.498881,0.497892,0.496166,0.49327,0.488592,0.481322,0.470456,0.454835,0.433243,0.40455,0.367903,0.322927,0.269905,0.209888,0.144697,0.0768108,0.00914352,-0.0552438,-0.113434,-0.162895,-0.201619,-0.228175,-0.241664,-0.241664,-0.228175,-0.201619,-0.162895,-0.113434,-0.0552438,0.00914352,0.0768108,0.144697,0.209888,0.269905,0.322927,0.367903,0.40455,0.433243,0.454835,0.470456,0.481322,0.488592,0.49327,0.496166,0.497892,0.498881,0.499427,0.499717,0.499865,0.499938,0.499972,0.499988,0.499995,0.499997,0.499997
0.499998,0.499998,0.499995,0.499989,0.499975,0.499943,0.499877,0.499741,0.499476,0.498976,0.498068,0.496484,0.49382,0.489512,0.482805,0.472764,0.458302,0.438271,0.411592,0.377434,0.335401,0.285704,0.229273,0.167769,0.10349,0.0391742,-0.0222622,-0.078,-0.125548,-0.162895,-0.18857,-0.201633,-0.201633,-0.18857,-0.162895,-0.125548,-0.078,-0.0222622,0.0391742,0.10349,0.167769,0.229273,0.285704,0.335401,0.377434,0.411592,0.438271,0.458302,0.472764,0.482805,0.489512,0.49382,0.496484,0.498068,0.498976,0.499476,0.499741,0.499877,0.499943,0.499975,0.499989,0.499995,0.499998,0.499998
0.499998,0.499998,0.499996,0.49999,0.499978,0.49995,0.499891,0.499771,0.499535,0.49909,0.498282,0.496868,0.494486,0.490626,0.484607,0.475573,0.462531,0.444417,0.420224,0.389151,0.350783,0.305254,0.253349,0.196537,0.136895,0.0769384,0.0193932,-0.0330588,-0.078,-0.113434,-0.137868,-0.150324,-0.150324,-0.137868,-0.113434,-0.078,-0.0330588,0.0193932,0.0769384,0.136895,0.196537,0.253349,0.305254,0.350783,0.389151,0.420224,0.444417,0.462531,0.475573,0.484607,0.490626,0.494486,0.496868,0.498282,0.49909,0.499535,0.499771,0.499891,0.49995,0.499978,0.49999,0.499996,0.499998,0.499998
0.499998,0.499998,0.499996,0.499992,0.499981,0.499957,0.499906,0.499803,0.4996,0.499215,0.498516,0.49729,0.49522,0.491859,0.486602,0.478693,0.467239,0.451283,0.429897,0.402328,0.36815,0.327417,0.280765,0.229452,0.175303,0.12058,0.0677756,0.0193932,-0.0222622,-0.0552438,-0.0780604,-0.0897162,-0.0897162,-0.0780604,-0.0552438,-0.0222622,0.0193932,0.0677756,0.12058,0.175303,0.229452,0.280765,0.327417,0.36815,0.402328,0.429897,0.451283,0.467239,0.478693,0.486602,0.491859,0.49522,0.49729,0.498516,0.499215,0.4996,0.499803,0.499906,0.499957,0.499981,0.499992,0.499996,0.499998,0.499998
0.499998,0.499998,0.499997,0.499993,0.499984,0.499964,0.499922,0.499836,0.499666,0.499343,0.498756,0.497723,0.495976,0.493129,0.488666,0.481929,0.472141,0.458455,0.44004,0.416202,0.386516,0.350966,0.310042,0.264786,0.216762,0.16795,0.12058,0.0769384,0.0391742,0.00914352,-0.0117014,-0.0223726,-0.0223726,-0.0117014,0.00914352,0.0391742,0.0769384,0.12058,0.16795,0.216762,0.264786,0.310042,0.350966,0.386516,0.416202,0.44004,0.458455,0.472141,0.481929,0.488666,0.493129,0.495976,0.497723,0.498756,0.499343,0.499666,0.499836,0.499922,0.499964,0.499984,0.499993,0.499997,0.499998,0.499998
0.499999,0.499999,0.499998,0.499995,0.499987,0.499971,0.499937,0.499867,0.499729,0.499467,0.498988,0.498143,0.49671,0.494368,0.490685,0.485105,0.476968,0.465546,0.450111,0.430039,0.404922,0.374688,0.339694,0.300775,0.259235,0.216762,0.175303,0.136895,0.10349,0.0768108,0.058231,0.0486995,0.0486995,0.058231,0.0768108,0.10349,0.136895,0.175303,0.216762,0.259235,0.300775,0.339694,0.374688,0.404922,0.430039,0.450111,0.465546,0.476968,0.485105,0.490685,0.494368,0.49671,0.498143,0.498988,0.499467,0.499729,0.499867,0.499937,0.499971,0.499987,0.499995,0.499998,0.499999,0.499999
0.499999,0.499999,0.499998,0.499996,0.49999,0.499978,0.499951,0.499896,0.499787,0.49958,0.499201,0.49853,0.497389,0.495518,0.492564,0.488073,0.481498,0.472227,0.459644,0.4432,0.422518,0.397489,0.368356,0.335767,0.300775,0.264786,0.229452,0.196537,0.167769,0.144697,0.128578,0.120292,0.120292,0.128578,0.144697,0.167769,0.196537,0.229452,0.264786,0.300775,0.335767,0.368356,0.397489,0.422518,0.4432,0.459644,0.472227,0.481498,0.488073,0.492564,0.495518,0.497389,0.49853,0.499201,0.49958,0.499787,0.499896,0.499951,0.499978,0.49999,0.499996,0.499998,0.499999,0.499999
0.499999,0.499999,0.499999,0.499997,0.499993,0.499983,0.499963,0.499921,0.499838,0.499679,0.499388,0.498871,0.497989,0.496538,0.494237,0.490726,0.485563,0.478252,0.468281,0.455185,0.438627,0.418479,0.394893,0.368356,0.339694,0.310042,0.280765,0.253349,0.229273,0.209888,0.196304,0.189308,0.189308,0.196304,0.209888,0.229273,0.253349,0.280765,0.310042,0.339694,0.368356,0.394893,0.418479,0.438627,0.455185,0.468281,0.478252,0.485563,0.490726,0.494237,0.496538,0.497989,0.498871,0.499388,0.499679,0.499838,0.499921,0.499963,0.499983,0.499993,0.499997,0.499999,0.499999,0.499999
0.499999,0.499999,0.499999,0.499998,0.499995,0.499988,0.499973,0.499942,0.49988,0.499763,0.499545,0.499159,0.498497,0.497405,0.495666,0.493001,0.489065,0.483465,0.475791,0.46566,0.452783,0.437027,0.418479,0.397489,0.374688,0.350966,0.327417,0.305254,0.285704,0.269905,0.258804,0.253076,0.253076,0.258804,0.269905,0.285704,0.305254,0.327417,0.350966,0.374688,0.397489,0.418479,0.437027,0.452783,0.46566,0.475791,0.483465,0.489065,0.493001,0.495666,0.497405,0.498497,0.499159,0.499545,0.499763,0.49988,0.499942,0.499973,0.499988,0.499995,0.499998,0.499999,0.499999,0.499999
0.5,0.5,0.499999,0.499998,0.499996,0.499991,0.49998,0.499958,0.499914,0.49983,0.499673,0.499393,0.498911,0.498113,0.496838,0.494875,0.491963,0.487801,0.482068,0.474461,0.464742,0.452783,0.438627,0.422518,0.404922,0.386516,0.36815,0.350783,0.335401,0.322927,0.314139,0.309599,0.309599,0.314139,0.322927,0.335401,0.350783,0.36815,0.386516,0.404922,0.422518,0.438627,0.452783,0.464742,0.474461,0.482068,0.487801,0.491963,0.494875,0.496838,0.498113,0.498911,0.499393,0.499673,0.49983,0.499914,0.499958,0.49998,0.499991,0.499996,0.499998,0.499999,0.5,0.5
0.5,0.5,0.5,0.499999,0.499997,0.499994,0.499987,0.499971,0.499941,0.499881,0.499772,0.499575,0.499235,0.49867,0.497763,0.496361,0.494272,0.49127,0.487117,0.481577,0.474461,0.46566,0.455185,0.4432,0.430039,0.416202,0.402328,0.389151,0.377434,0.367903,0.361173,0.35769,0.35769,0.361173,0.367903,0.377434,0.389151,0.402328,0.416202,0.430039,0.4432,0.455185,0.46566,0.474461,0.481577,0.487117,0.49127,0.494272,0.496361,0.497763,0.49867,0.499235,0.499575,0.499772,0.499881,0.499941,0.499971,0.499987,0.499994,0.499997,0.499999,0.5,0.5,0.5
0.5,0.5,0.5,0.499999,0.499998,0.499996,0.499991,0.499981,0.49996,0.49992,0.499846,0.499712,0.499479,0.499091,0.498466,0.497495,0.496042,0.493944,0.491027,0.487117,0.482068,0.475791,0.468281,0.459644,0.450111,0.44004,0.429897,0.420224,0.411592,0.40455,0.399567,0.396985,0.396985,0.399567,0.40455,0.411592,0.420224,0.429897,0.44004,0.450111,0.459644,0.468281,0.475791,0.482068,0.487117,0.491027,0.493944,0.496042,0.497495,0.498466,0.499091,0.499479,0.499712,0.499846,0.49992,0.49996,0.499981,0.499991,0.499996,0.499998,0.499999,0.5,0.5,0.5
0.5,0.5,0.5,0.5,0.499999,0.499997,0.499994,0.499987,0.499974,0.499948,0.499899,0.49981,0.499657,0.499399,0.498981,0.49833,0.49735,0.495929,0.493944,0.49127,0.487801,0.483465,0.478252,0.472227,0.465546,0.458455,0.451283,0.444417,0.438271,0.433243,0.429678,0.427828,0.427828,0.429678,0.433243,0.438271,0.444417,0.451283,0.458455,0.465546,0.472227,0.478252,0.483465,0.487801,0.49127,0.493944,0.495929,0.49735,0.49833,0.498981,0.499399,0.499657,0.49981,0.499899,0.499948,0.499974,0.499987,0.499994,0.499997,0.499999,0.5,0.5,0.5,0.5
0.5,0.5,0.5,0.5,0.499999,0.499998,0.499996,0.499992,0.499984,0.499967,0.499936,0.499879,0.499781,0.499614,0.499344,0.498921,0.498281,0.49735,0.496042,0.494272,0.491963,0.489065,0.485563,0.481498,0.476968,0.472141,0.467239,0.462531,0.458302,0.454835,0.452372,0.451093,0.451093,0.452372,0.454835,0.458302,0.462531,0.467239,0.472141,0.476968,0.481498,0.485563,0.489065,0.491963,0.494272,0.496042,0.49735,0.498281,0.498921,0.499344,0.499614,0.499781,0.499879,0.499936,0.499967,0.499984,0.499992,0.499996,0.499998,0.499999,0.5,0.5,0.5,0.5
0.5,0.5,0.5,0.5,0.5,0.499999,0.499998,0.499995,0.49999,0.49998,0.499961,0.499926,0.499864,0.499761,0.499591,0.499325,0.498921,0.49833,0.497495,0.496361,0.494875,0.493001,0.490726,0.488073,0.485105,0.481929,0.478693,0.475573,0.472764,0.470456,0.468813,0.467959,0.467959,0.468813,0.470456,0.472764,0.475573,0.478693,0.481929,0.485105,0.488073,0.490726,0.493001,0.494875,0.496361,0.497495,0.49833,0.498921,0.499325,0.499591,0.499761,0.499864,0.499926,0.499961,0.49998,0.49999,0.499995,0.499998,0.499999,0.5,0.5,0.5,0.5,0.5
0.5,0.5,0.5,0.5,0.5,0.499999,0.499999,0.499997,0.499994,0.499988,0.499977,0.499956,0.499919,0.499856,0.499754,0.499591,0.499344,0.498981,0.498466,0.497763,0.496838,0.495666,0.494237,0.492564,0.490685,0.488666,0.486602,0.484607,0.482805,0.481322,0.480265,0.479715,0.479715,0.480265,0.481322,0.482805,0.484607,0.486602,0.488666,0.490685,0.492564,0.494237,0.495666,0.496838,0.497763,0.498466,0.498981,0.499344,0.499591,0.499754,0.499856,0.499919,0.499956,0.499977,0.499988,0.499994,0.499997,0.499999,0.499999,0.5,0.5,0.5,0.5,0.5
0.5,0.5,0.5,0.5,0.5,0.5,0.499999,0.499998,0.499997,0.499993,0.499987,0.499974,0.499953,0.499916,0.499856,0.499761,0.499614,0.499399,0.499091,0.49867,0.498113,0.497405,0.496538,0.495518,0.494368,0.493129,0.491859,0.490626,0.489512,0.488592,0.487935,0.487593,0.487593,0.487935,0.488592,0.489512,0.490626,0.491859,0.493129,0.494368,0.495518,0.496538,0.497405,0.498113,0.49867,0.499091,0.499399,0.499614,0.499761,0.499856,0.499916,0.499953,0.499974,0.499987,0.499993,0.499997,0.499998,0.499999,0.5,0.5,0.5,0.5,0.5,0.5
0.5,0.5,0.5,0.5,0.5,0.5,0.5,0.499999,0.499998,0.499996,0.499993,0.499986,0.499974,0.499953,0.499919,0.499864,0.499781,0.499657,0.499479,0.499235,0.498911,0.498497,0.497989,0.497389,0.49671,0.495976,0.49522,0.494486,0.49382,0.49327,0.492877,0.492672,0.492672,0.492877,0.49327,0.49382,0.494486,0.49522,0.495976,0.49671,0.497389,0.497989,0.498497,0.498911,0.499235,0.499479,0.499657,0.499781,0.499864,0.499919,0.499953,0.499974,0.499986,0.499993,0.499996,0.499998,0.499999,0.5,0.5,0.5,0.5,0.5,0.5,0.5
0.5,0.5,0.5,0.5,0.5,0.5,0.5,0.5,0.499999,0.499998,0.499996,0.499992,0.499986,0.499974,0.499956,0.499926,0.499879,0.49981,0.499712,0.499575,0.499393,0.499159,0.498871,0.49853,0.498143,0.497723,0.49729,0.496868,0.496484,0.496166,0.495939,0.495821,0.495821,0.495939,0.496166,0.496484,0.496868,0.49729,0.497723,0.498143,0.49853,0.498871,0.499159,0.499393,0.499575,0.499712,0.49981,0.499879,0.499926,0.499956,0.499974,0.499986,0.499992,0.499996,0.499998,0.499999,0.5,0.5,0.5,0.5,0.5,0.5,0.5,0.5
0.5,0.5,0.5,0.5,0.5,0.5,0.5,0.5,0.499999,0.499999,0.499998,0.499996,0.499993,0.499987,0.499977,0.499961,0.499936,0.499899,0.499846,0.499772,0.499673,0.499545,0.499388,0.499201,0.498988,0.498756,0.498516,0.498282,0.498068,0.497892,0.497765,0.497699,0.497699,0.497765,0.497892,0.498068,0.498282,0.498516,0.498756,0.498988,0.499201,0.499388,0.499545,0.499673,0.499772,0.499846,0.499899,0.499936,0.499961,0.499977,0.499987,0.499993,0.499996,0.499998,0.499999,0.499999,0.5,0.5,0.5,0.5,0.5,0.5,0.5,0.5
0.5,0.5,0.5,0.5,0.5,0.5,0.5,0.5,0.5,0.499999,0.499999,0.499998,0.499996,0.499993,0.499988,0.49998,0.499967,0.499948,0.49992,0.499881,0.49983,0.499763,0.499679,0.49958,0.499467,0.499343,0.499215,0.49909,0.498976,0.498881,0.498813,0.498777,0.498777,0.498813,0.498881,0.498976,0.49909,0.499215,0.499343,0.499467,0.49958,0.499679,0.499763,0.49983,0.499881,0.49992,0.499948,0.499967,0.49998,0.499988,0.499993,0.499996,0.499998,0.499999,0.499999,0.5,0.5,0.5,0.5,0.5,0.5,0.5,0.5,0.5
0.5,0.5,0.5,0.5,0.5,0.5,0.5,0.5,0.5,0.5,0.499999,0.499999,0.499998,0.499997,0.499994,0.49999,0.499984,0.499974,0.49996,0.499941,0.499914,0.49988,0.499838,0.499787,0.499729,0.499666,0.4996,0.499535,0.499476,0.499427,0.499391,0.499373,0.499373,0.499391,0.499427,0.499476,0.499535,0.4996,0.499666,0.499729,0.499787,0.499838,0.49988,0.499914,0.499941,0.49996,0.499974,0.499984,0.49999,0.499994,0.499997,0.499998,0.499999,0.499999,0.5,0.5,0.5,0.5,0.5,0.5,0.5,0.5,0.5,0.5
0.5,0.5,0.5,0.5,0.5,0.5,0.5,0.5,0.5,0.5,0.5,0.5,0.499999,0.499998,0.499997,0.499995,0.499992,0.499987,0.499981,0.499971,0.499958,0.499942,0.499921,0.499896,0.499867,0.499836,0.499803,0.499771,0.499741,0.499717,0.499699,0.49969,0.49969,0.499699,0.499717,0.499741,0.499771,0.499803,0.499836,0.499867,0.499896,0.499921,0.499942,0.499958,0.499971,0.499981,0.499987,0.499992,0.499995,0.499997,0.499998,0.499999,0.5,0.5,0.5,0.5,0.5,0.5,0.5,0.5,0.5,0.5,0.5,0.5
0.5,0.5,0.5,0.5,0.5,0.5,0.5,0.5,0.5,0.5,0.5,0.5,0.5,0.499999,0.499999,0.499998,0.499996,0.499994,0.499991,0.499987,0.49998,0.499973,0.499963,0.499951,0.499937,0.499922,0.499906,0.499891,0.499877,0.499865,0.499856,0.499852,0.499852,0.499856,0.499865,0.499877,0.499891,0.499906,0.499922,0.499937,0.499951,0.499963,0.499973,0.49998,0.499987,0.499991,0.499994,0.499996,0.499998,0.499999,0.499999,0.5,0.5,0.5,0.5,0.5,0.5,0.5,0.5,0.5,0.5,0.5,0.5,0.5
0.5,0.5,0.5,0.5,0.5,0.5,0.5,0.5,0.5,0.5,0.5,0.5,0.5,0.5,0.499999,0.499999,0.499998,0.499997,0.499996,0.499994,0.499991,0.499988,0.499983,0.499978,0.499971,0.499964,0.499957,0.49995,0.499943,0.499938,0.499934,0.499932,0.499932,0.499934,0.499938,0.499943,0.49995,0.499957,0.499964,0.499971,0.499978,0.499983,0.499988,0.499991,0.499994,0.499996,0.499997,0.499998,0.499999,0.499999,0.5,0.5,0.5,0.5,0.5,0.5,0.5,0.5,0.5,0.5,0.5,0.5,0.5,0.5
0.5,0.5,0.5,0.5,0.5,0.5,0.5,0.5,0.5,0.5,0.5,0.5,0.5,0.5,0.5,0.5,0.499999,0.499999,0.499998,0.499997,0.499996,0.499995,0.499993,0.49999,0.499987,0.499984,0.499981,0.499978,0.499975,0.499972,0.499971,0.49997,0.49997,0.499971,0.499972,0.499975,0.499978,0.499981,0.499984,0.499987,0.49999,0.499993,0.499995,0.499996,0.499997,0.499998,0.499999,0.499999,0.5,0.5,0.5,0.5,0.5,0.5,0.5,0.5,0.5,0.5,0.5,0.5,0.5,0.5,0.5,0.5
0.5,0.5,0.5,0.5,0.5,0.5,0.5,0.5,0.5,0.5,0.5,0.5,0.5,0.5,0.5,0.5,0.5,0.5,0.499999,0.499999,0.499998,0.499998,0.499997,0.499996,0.499995,0.499993,0.499992,0.49999,0.499989,0.499988,0.499987,0.499987,0.499987,0.499987,0.499988,0.499989,0.49999,0.499992,0.499993,0.499995,0.499996,0.499997,0.499998,0.499998,0.499999,0.499999,0.5,0.5,0.5,0.5,0.5,0.5,0.5,0.5,0.5,0.5,0.5,0.5,0.5,0.5,0.5,0.5,0.5,0.5
0.5,0.5,0.5,0.5,0.5,0.5,0.5,0.5,0.5,0.5,0.5,0.5,0.5,0.5,0.5,0.5,0.5,0.5,0.5,0.5,0.499999,0.499999,0.499999,0.499998,0.499998,0.499997,0.499996,0.499996,0.499995,0.499995,0.499994,0.499994,0.499994,0.499994,0.499995,0.499995,0.499996,0.499996,0.499997,0.499998,0.499998,0.499999,0.499999,0.499999,0.5,0.5,0.5,0.5,0.5,0.5,0.5,0.5,0.5,0.5,0.5,0.5,0.5,0.5,0.5,0.5,0.5,0.5,0.5,0.5
0.5,0.5,0.5,0.5,0.5,0.5,0.5,0.5,0.5,0.5,0.5,0.5,0.5,0.5,0.5,0.5,0.5,0.5,0.5,0.5,0.5,0.499999,0.499999,0.499999,0.499999,0.499998,0.499998,0.499998,0.499998,0.499997,0.499997,0.499997,0.499997,0.499997,0.499997,0.499998,0.499998,0.499998,0.499998,0.499999,0.499999,0.499999,0.499999,0.5,0.5,0.5,0.5,0.5,0.5,0.5,0.5,0.5,0.5,0.5,0.5,0.5,0.5,0.5,0.5,0.5,0.5,0.5,0.5,0.5
0.5,0.5,0.5,0.5,0.5,0.5,0.5,0.5,0.5,0.5,0.5,0.5,0.5,0.5,0.5,0.5,0.5,0.5,0.5,0.5,0.5,0.499999,0.499999,0.499999,0.499999,0.499998,0.499998,0.499998,0.499998,0.499997,0.499997,0.499997,0.499997,0.499997,0.499997,0.499998,0.499998,0.499998,0.499998,0.499999,0.499999,0.499999,0.499999,0.5,0.5,0.5,0.5,0.5,0.5,0.5,0.5,0.5,0.5,0.5,0.5,0.5,0.5,0.5,0.5,0.5,0.5,0.5,0.5,0.5
