0.5,0.5,0.5,0.5,0.5,0.5,0.5,0.5,0.5,0.5,0.5,0.5,0.5,0.5,0.5,0.5,0.5,0.5,0.5,0.5,0.5,0.5,0.5,0.5,0.5,0.5,0.5,0.5,0.5,0.5,0.5,0.5,0.5,0.5,0.5,0.5,0.5,0.5,0.5,0.5,0.5,0.5,0.5,0.5,0.5,0.5,0.5,0.5,0.5,0.5,0.5,0.5,0.5,0.5,0.5,0.5,0.5,0.5,0.5,0.5,0.5,0.5,0.5,0.5
0.5,0.5,0.5,0.5,0.5,0.5,0.5,0.5,0.5,0.5,0.5,0.5,0.5,0.5,0.5,0.5,0.5,0.5,0.5,0.5,0.5,0.5,0.5,0.5,0.5,0.5,0.5,0.5,0.5,0.5,0.5,0.5,0.5,0.5,0.5,0.5,0.5,0.5,0.5,0.5,0.5,0.5,0.5,0.5,0.5,0.5,0.5,0.5,0.5,0.5,0.5,0.5,0.5,0.5,0.5,0.5,0.5,0.5,0.5,0.5,0.5,0.5,0.5,0.5
0.5,0.5,0.5,0.5,0.5,0.5,0.5,0.5,0.5,0.5,0.5,0.5,0.5,0.5,0.5,0.5,0.5,0.5,0.5,0.5,0.5,0.5,0.5,0.5,0.5,0.5,0.5,0.5,0.5,0.5,0.5,0.5,0.5,0.5,0.5,0.5,0.5,0.5,0.5,0.5,0.5,0.5,0.5,0.5,0.5,0.5,0.5,0.5,0.5,0.5,0.5,0.5,0.5,0.5,0.5,0.5,0.5,0.5,0.5,0.5,0.5,0.5,0.5,0.5
0.5,0.5,0.5,0.5,0.5,0.5,0.5,0.5,0.5,0.5,0.5,0.5,0.5,0.5,0.5,0.5,0.5,0.5,0.5,0.5,0.5,0.5,0.5,0.5,0.5,0.5,0.5,0.5,0.5,0.5,0.5,0.5,0.5,0.5,0.5,0.5,0.5,0.5,0.5,0.5,0.5,0.5,0.5,0.5,0.5,0.5,0.5,0.5,0.5,0.5,0.5,0.5,0.5,0.5,0.5,0.5,0.5,0.5,0.5,0.5,0.5,0.5,0.5,0.5
0.5,0.5,0.5,0.5,0.5,0.5,0.5,0.5,0.5,0.5,0.5,0.5,0.5,0.5,0.5,0.5,0.5,0.5,0.5,0.5,0.5,0.5,0.5,0.5,0.5,0.5,0.5,0.5,0.5,0.5,0.5,0.5,0.5,0.5,0.5,0.5,0.5,0.5,0.5,0.5,0.5,0.5,0.5,0.5,0.5,0.5,0.5,0.5,0.5,0.5,0.5,0.5,0.5,0.5,0.5,0.5,0.5,0.5,0.5,0.5,0.5,0.5,0.5,0.5
0.5,0.5,0.5,0.5,0.5,0.5,0.5,0.5,0.5,0.5,0.5,0.5,0.5,0.5,0.5,0.5,0.5,0.5,0.5,0.5,0.5,0.5,0.5,0.5,0.5,0.5,0.499999,0.499999,0.499999,0.499999,0.499999,0.499999,0.499999,0.499999,0.499999,0.499999,0.499999,0.499999,0.5,0.5,0.5,0.5,0.5,0.5,0.5,0.5,0.5,0.5,0.5,0.5,0.5,0.5,0.5,0.5,0.5,0.5,0.5,0.5,0.5,0.5,0.5,0.5,0.5,0.5
0.5,0.5,0.5,0.5,0.5,0.5,0.5,0.5,0.5,0.5,0.5,0.5,0.5,0.5,0.5,0.5,0.5,0.5,0.5,0.5,0.5,0.5,0.5,0.499999,0.499999,0.499999,0.499999,0.499998,0.499998,0.499998,0.499998,0.499998,0.499998,0.499998,0.499998,0.499998,0.499998,0.499999,0.499999,0.499999,0.499999,0.5,0.5,0.5,0.5,0.5,0.5,0.5,0.5,0.5,0.5,0.5,0.5,0.5,0.5,0.5,0.5,0.5,0.5,0.5,0.5,0.5,0.5,0.5
0.5,0.5,0.5,0.5,0.5,0.5,0.5,0.5,0.5,0.5,0.5,0.5,0.5,0.5,0.5,0.5,0.5,0.5,0.5,0.5,0.499999,0.499999,0.499999,0.499998,0.499998,0.499997,0.499996,0.499996,0.499995,0.499995,0.499994,0.499994,0.499994,0.499994,0.499995,0.499995,0.499996,0.499996,0.499997,0.499998,0.499998,0.499999,0.499999,0.499999,0.5,0.5,0.5,0.5,0.5,0.5,0.5,0.5,0.5,0.5,0.5,0.5,0.5,0.5,0.5,0.5,0.5,0.5,0.5,0.5
0.5,0.5,0.5,0.5,0.5,0.5,0.5,0.5,0.5,0.5,0.5,0.5,0.5,0.5,0.5,0.5,0.5,0.5,0.5,0.499999,0.499999,0.499998,0.499997,0.499996,0.499995,0.499993,0.499991,0.49999,0.499988,0.499987,0.499986,0.499985,0.499985,0.499986,0.499987,0.499988,0.49999,0.499991,0.499993,0.499995,0.499996,0.499997,0.499998,0.499999,0.499999,0.5,0.5,0.5,0.5,0.5,0.5,0.5,0.5,0.5,0.5,0.5,0.5,0.5,0.5,0.5,0.5,0.5,0.5,0.5
0.5,0.5,0.5,0.5,0.5,0.5,0.5,0.5,0.5,0.5,0.5,0.5,0.5,0.5,0.5,0.5,0.5,0.499999,0.499999,0.499998,0.499997,0.499995,0.499993,0.499991,0.499988,0.499984,0.49998,0.499976,0.499972,0.499968,0.499966,0.499965,0.499965,0.499966,0.499968,0.499972,0.499976,0.49998,0.499984,0.499988,0.499991,0.499993,0.499995,0.499997,0.499998,0.499999,0.499999,0.5,0.5,0.5,0.5,0.5,0.5,0.5,0.5,0.5,0.5,0.5,0.5,0.5,0.5,0.5,0.5,0.5
0.5,0.5,0.5,0.5,0.5,0.5,0.5,0.5,0.5,0.5,0.5,0.5,0.5,0.5,0.5,0.5,0.499999,0.499998,0.499997,0.499996,0.499993,0.49999,0.499985,0.499979,0.499972,0.499963,0.499954,0.499945,0.499936,0.499928,0.499923,0.49992,0.49992,0.499923,0.499928,0.499936,0.499945,0.499954,0.499963,0.499972,0.499979,0.499985,0.49999,0.499993,0.499996,0.499997,0.499998,0.499999,0.5,0.5,0.5,0.5,0.5,0.5,0.5,0.5,0.5,0.5,0.5,0.5,0.5,0.5,0.5,0.5
0.5,0.5,0.5,0.5,0.5,0.5,0.5,0.5,0.5,0.5,0.5,0.5,0.5,0.5,0.499999,0.499999,0.499998,0.499997,0.499994,0.499991,0.499985,0.499978,0.499967,0.499954,0.499939,0.49992,0.4999,0.49988,0.49986,0.499844,0.499831,0.499825,0.499825,0.499831,0.499844,0.49986,0.49988,0.4999,0.49992,0.499939,0.499954,0.499967,0.499978,0.499985,0.499991,0.499994,0.499997,0.499998,0.499999,0.499999,0.5,0.5,0.5,0.5,0.5,0.5,0.5,0.5,0.5,0.5,0.5,0.5,0.5,0.5
0.5,0.5,0.5,0.5,0.5,0.5,0.5,0.5,0.5,0.5,0.5,0.5,0.5,0.499999,0.499999,0.499998,0.499996,0.499993,0.499988,0.49998,0.499969,0.499953,0.499931,0.499904,0.499871,0.499832,0.49979,0.499747,0.499706,0.499671,0.499645,0.499632,0.499632,0.499645,0.499671,0.499706,0.499747,0.49979,0.499832,0.499871,0.499904,0.499931,0.499953,0.499969,0.49998,0.499988,0.499993,0.499996,0.499998,0.499999,0.499999,0.5,0.5,0.5,0.5,0.5,0.5,0.5,0.5,0.5,0.5,0.5,0.5,0.5
0.5,0.5,0.5,0.5,0.5,0.5,0.5,0.5,0.5,0.5,0.5,0.5,0.499999,0.499999,0.499998,0.499995,0.499992,0.499985,0.499975,0.499959,0.499937,0.499904,0.499861,0.499805,0.499738,0.499659,0.499574,0.499486,0.499404,0.499333,0.499281,0.499254,0.499254,0.499281,0.499333,0.499404,0.499486,0.499574,0.499659,0.499738,0.499805,0.499861,0.499904,0.499937,0.499959,0.499975,0.499985,0.499992,0.499995,0.499998,0.499999,0.499999,0.5,0.5,0.5,0.5,0.5,0.5,0.5,0.5,0.5,0.5,0.5,0.5
0.5,0.5,0.5,0.5,0.5,0.5,0.5,0.5,0.5,0.5,0.5,0.499999,0.499999,0.499998,0.499995,0.499991,0.499983,0.499971,0.499951,0.499921,0.499876,0.499813,0.499728,0.49962,0.499488,0.499335,0.499168,0.498997,0.498836,0.498698,0.498597,0.498544,0.498544,0.498597,0.498698,0.498836,0.498997,0.499168,0.499335,0.499488,0.49962,0.499728,0.499813,0.499876,0.499921,0.499951,0.499971,0.499983,0.499991,0.499995,0.499998,0.499999,0.499999,0.5,0.5,0.5,0.5,0.5,0.5,0.5,0.5,0.5,0.5,0.5
0.5,0.5,0.5,0.5,0.5,0.5,0.5,0.5,0.5,0.5,0.5,0.499999,0.499998,0.499995,0.499991,0.499983,0.499969,0.499945,0.499908,0.499851,0.499766,0.499648,0.499489,0.499285,0.499036,0.498748,0.498435,0.498114,0.497811,0.497552,0.497362,0.497262,0.497262,0.497362,0.497552,0.497811,0.498114,0.498435,0.498748,0.499036,0.499285,0.499489,0.499648,0.499766,0.499851,0.499908,0.499945,0.499969,0.499983,0.499991,0.499995,0.499998,0.499999,0.5,0.5,0.5,0.5,0.5,0.5,0.5,0.5,0.5,0.5,0.5
0.5,0.5,0.5,0.5,0.5,0.5,0.5,0.5,0.5,0.5,0.499999,0.499998,0.499996,0.499992,0.499983,0.499969,0.499943,0.499901,0.499833,0.499729,0.499576,0.499361,0.499073,0.498703,0.498253,0.497732,0.497164,0.496583,0.496034,0.495565,0.495222,0.495041,0.495041,0.495222,0.495565,0.496034,0.496583,0.497164,0.497732,0.498253,0.498703,0.499073,0.499361,0.499576,0.499729,0.499833,0.499901,0.499943,0.499969,0.499983,0.499992,0.499996,0.499998,0.499999,0.5,0.5,0.5,0.5,0.5,0.5,0.5,0.5,0.5,0.5
0.5,0.5,0.5,0.5,0.5,0.5,0.5,0.5,0.5,0.499999,0.499998,0.499997,0.499993,0.499985,0.499971,0.499945,0.499901,0.499827,0.499708,0.499526,0.499259,0.498884,0.49838,0.497735,0.496949,0.49604,0.495049,0.494036,0.493079,0.492261,0.491663,0.491347,0.491347,0.491663,0.492261,0.493079,0.494036,0.495049,0.49604,0.496949,0.497735,0.49838,0.498884,0.499259,0.499526,0.499708,0.499827,0.499901,0.499945,0.499971,0.499985,0.499993,0.499997,0.499998,0.499999,0.5,0.5,0.5,0.5,0.5,0.5,0.5,0.5,0.5
0.5,0.5,0.5,0.5,0.5,0.5,0.5,0.5,0.5,0.499999,0.499997,0.499994,0.499988,0.499975,0.499951,0.499908,0.499833,0.499708,0.499508,0.499202,0.498752,0.498121,0.497273,0.496188,0.494867,0.49334,0.491674,0.489972,0.488363,0.48699,0.485985,0.485454,0.485454,0.485985,0.48699,0.488363,0.489972,0.491674,0.49334,0.494867,0.496188,0.497273,0.498121,0.498752,0.499202,0.499508,0.499708,0.499833,0.499908,0.499951,0.499975,0.499988,0.499994,0.499997,0.499999,0.5,0.5,0.5,0.5,0.5,0.5,0.5,0.5,0.5
0.5,0.5,0.5,0.5,0.5,0.5,0.5,0.5,0.499999,0.499998,0.499996,0.499991,0.49998,0.499959,0.499921,0.499851,0.499729,0.499526,0.499202,0.498705,0.497976,0.496953,0.495579,0.493822,0.491681,0.489208,0.486511,0.483755,0.481151,0.478927,0.477301,0.476442,0.476442,0.477301,0.478927,0.481151,0.483755,0.486511,0.489208,0.491681,0.493822,0.495579,0.496953,0.497976,0.498705,0.499202,0.499526,0.499729,0.499851,0.499921,0.499959,0.49998,0.499991,0.499996,0.499998,0.499999,0.5,0.5,0.5,0.5,0.5,0.5,0.5,0.5
0.5,0.5,0.5,0.5,0.5,0.5,0.5,0.499999,0.499999,0.499997,0.499993,0.499985,0.499969,0.499937,0.499876,0.499766,0.499576,0.499259,0.498752,0.497976,0.496838,0.495239,0.493095,0.490352,0.487011,0.483152,0.478944,0.474646,0.470584,0.467116,0.46458,0.46324,0.46324,0.46458,0.467116,0.470584,0.474646,0.478944,0.483152,0.487011,0.490352,0.493095,0.495239,0.496838,0.497976,0.498752,0.499259,0.499576,0.499766,0.499876,0.499937,0.499969,0.499985,0.499993,0.499997,0.499999,0.499999,0.5,0.5,0.5,0.5,0.5,0.5,0.5
0.5,0.5,0.5,0.5,0.5,0.5,0.5,0.499999,0.499998,0.499995,0.49999,0.499978,0.499953,0.499904,0.499813,0.499648,0.499361,0.498884,0.498121,0.496953,0.495239,0.492835,0.48961,0.485484,0.48046,0.474659,0.468334,0.461874,0.455769,0.450559,0.446748,0.444734,0.444734,0.446748,0.450559,0.455769,0.461874,0.468334,0.474659,0.48046,0.485484,0.48961,0.492835,0.495239,0.496953,0.498121,0.498884,0.499361,0.499648,0.499813,0.499904,0.499953,0.499978,0.49999,0.499995,0.499998,0.499999,0.5,0.5,0.5,0.5,0.5,0.5,0.5
0.5,0.5,0.5,0.5,0.5,0.5,0.5,0.499999,0.499997,0.499993,0.499985,0.499967,0.499931,0.499861,0.499728,0.499489,0.499073,0.49838,0.497273,0.495579,0.493095,0.48961,0.484936,0.478958,0.47168,0.463276,0.454116,0.44476,0.435921,0.428376,0.42286,0.419944,0.419944,0.42286,0.428376,0.435921,0.44476,0.454116,0.463276,0.47168,0.478958,0.484936,0.48961,0.493095,0.495579,0.497273,0.49838,0.499073,0.499489,0.499728,0.499861,0.499931,0.499967,0.499985,0.499993,0.499997,0.499999,0.5,0.5,0.5,0.5,0.5,0.5,0.5
0.5,0.5,0.5,0.5,0.5,0.5,0.499999,0.499998,0.499996,0.499991,0.499979,0.499954,0.499904,0.499805,0.49962,0.499285,0.498703,0.497735,0.496188,0.493822,0.490352,0.485484,0.478958,0.470611,0.460452,0.448723,0.43594,0.422885,0.410552,0.400026,0.392329,0.388262,0.388262,0.392329,0.400026,0.410552,0.422885,0.43594,0.448723,0.460452,0.470611,0.478958,0.485484,0.490352,0.493822,0.496188,0.497735,0.498703,0.499285,0.49962,0.499805,0.499904,0.499954,0.499979,0.499991,0.499996,0.499998,0.499999,0.5,0.5,0.5,0.5,0.5,0.5
0.5,0.5,0.5,0.5,0.5,0.5,0.499999,0.499998,0.499995,0.499988,0.499972,0.499939,0.499871,0.499738,0.499488,0.499036,0.498253,0.496949,0.494867,0.491681,0.487011,0.48046,0.47168,0.460452,0.446789,0.431015,0.413824,0.396272,0.379691,0.365539,0.355192,0.349724,0.349724,0.355192,0.365539,0.379691,0.396272,0.413824,0.431015,0.446789,0.460452,0.47168,0.48046,0.487011,0.491681,0.494867,0.496949,0.498253,0.499036,0.499488,0.499738,0.499871,0.499939,0.499972,0.499988,0.499995,0.499998,0.499999,0.5,0.5,0.5,0.5,0.5,0.5
0.5,0.5,0.5,0.5,0.5,0.5,0.499999,0.499997,0.499993,0.499984,0.499963,0.49992,0.499832,0.499659,0.499335,0.498748,0.497732,0.49604,0.49334,0.489208,0.483152,0.474659,0.463276,0.448723,0.431015,0.410574,0.388299,0.365557,0.344075,0.325742,0.312338,0.305254,0.305254,0.312338,0.325742,0.344075,0.365557,0.388299,0.410574,0.431015,0.448723,0.463276,0.474659,0.483152,0.489208,0.49334,0.49604,0.497732,0.498748,0.499335,0.499659,0.499832,0.49992,0.499963,0.499984,0.499993,0.499997,0.499999,0.5,0.5,0.5,0.5,0.5,0.5
0.5,0.5,0.5,0.5,0.5,0.499999,0.499999,0.499996,0.499991,0.49998,0.499954,0.4999,0.49979,0.499574,0.499168,0.498435,0.497164,0.495049,0.491674,0.486511,0.478944,0.468334,0.454116,0.43594,0.413824,0.388299,0.360486,0.332092,0.305273,0.282386,0.265653,0.25681,0.25681,0.265653,0.282386,0.305273,0.332092,0.360486,0.388299,0.413824,0.43594,0.454116,0.468334,0.478944,0.486511,0.491674,0.495049,0.497164,0.498435,0.499168,0.499574,0.49979,0.4999,0.499954,0.49998,0.499991,0.499996,0.499999,0.499999,0.5,0.5,0.5,0.5,0.5
0.5,0.5,0.5,0.5,0.5,0.499999,0.499998,0.499996,0.49999,0.499976,0.499945,0.49988,0.499747,0.499486,0.498997,0.498114,0.496583,0.494036,0.489972,0.483755,0.474646,0.461874,0.44476,0.422885,0.396272,0.365557,0.332092,0.29793,0.265664,0.23813,0.218,0.207363,0.207363,0.218,0.23813,0.265664,0.29793,0.332092,0.365557,0.396272,0.422885,0.44476,0.461874,0.474646,0.483755,0.489972,0.494036,0.496583,0.498114,0.498997,0.499486,0.499747,0.49988,0.499945,0.499976,0.49999,0.499996,0.499998,0.499999,0.5,0.5,0.5,0.5,0.5
0.5,0.5,0.5,0.5,0.5,0.499999,0.499998,0.499995,0.499988,0.499972,0.499936,0.49986,0.499706,0.499404,0.498836,0.497811,0.496034,0.493079,0.488363,0.481151,0.470584,0.455769,0.435921,0.410552,0.379691,0.344075,0.305273,0.265664,0.228256,0.196334,0.172997,0.160665,0.160665,0.172997,0.196334,0.228256,0.265664,0.305273,0.344075,0.379691,0.410552,0.435921,0.455769,0.470584,0.481151,0.488363,0.493079,0.496034,0.497811,0.498836,0.499404,0.499706,0.49986,0.499936,0.499972,0.499988,0.499995,0.499998,0.499999,0.5,0.5,0.5,0.5,0.5
0.5,0.5,0.5,0.5,0.5,0.499999,0.499998,0.499995,0.499987,0.499968,0.499928,0.499844,0.499671,0.499333,0.498698,0.497552,0.495565,0.492261,0.48699,0.478927,0.467116,0.450559,0.428376,0.400026,0.365539,0.325742,0.282386,0.23813,0.196334,0.160668,0.134596,0.120818,0.120818,0.134596,0.160668,0.196334,0.23813,0.282386,0.325742,0.365539,0.400026,0.428376,0.450559,0.467116,0.478927,0.48699,0.492261,0.495565,0.497552,0.498698,0.499333,0.499671,0.499844,0.499928,0.499968,0.499987,0.499995,0.499998,0.499999,0.5,0.5,0.5,0.5,0.5
0.5,0.5,0.5,0.5,0.5,0.499999,0.499998,0.499994,0.499986,0.499966,0.499923,0.499831,0.499645,0.499281,0.498597,0.497362,0.495222,0.491663,0.485985,0.477301,0.46458,0.446748,0.42286,0.392329,0.355192,0.312338,0.265653,0.218,0.172997,0.134596,0.106523,0.0916885,0.0916885,0.106523,0.134596,0.172997,0.218,0.265653,0.312338,0.355192,0.392329,0.42286,0.446748,0.46458,0.477301,0.485985,0.491663,0.495222,0.497362,0.498597,0.499281,0.499645,0.499831,0.499923,0.499966,0.499986,0.499994,0.499998,0.499999,0.5,0.5,0.5,0.5,0.5
0.5,0.5,0.5,0.5,0.5,0.499999,0.499998,0.499994,0.499985,0.499965,0.49992,0.499825,0.499632,0.499254,0.498544,0.497262,0.495041,0.491347,0.485454,0.476442,0.46324,0.444734,0.419944,0.388262,0.349724,0.305254,0.25681,0.207363,0.160665,0.120818,0.0916885,0.0762958,0.0762958,0.0916885,0.120818,0.160665,0.207363,0.25681,0.305254,0.349724,0.388262,0.419944,0.444734,0.46324,0.476442,0.485454,0.491347,0.495041,0.497262,0.498544,0.499254,0.499632,0.499825,0.49992,0.499965,0.499985,0.499994,0.499998,0.499999,0.5,0.5,0.5,0.5,0.5
0.5,0.5,0.5,0.5,0.5,0.499999,0.499998,0.499994,0.499985,0.499965,0.49992,0.499825,0.499632,0.499254,0.498544,0.497262,0.495041,0.491347,0.485454,0.476442,0.46324,0.444734,0.419944,0.388262,0.349724,0.305254,0.25681,0.207363,0.160665,0.120818,0.0916885,0.0762958,0.0762958,0.0916885,0.120818,0.160665,0.207363,0.25681,0.305254,0.349724,0.388262,0.419944,0.444734,0.46324,0.476442,0.485454,0.491347,0.495041,0.497262,0.498544,0.499254,0.499632,0.499825,0.49992,0.499965,0.499985,0.499994,0.499998,0.499999,0.5,0.5,0.5,0.5,0.5
0.5,0.5,0.5,0.5,0.5,0.499999,0.499998,0.499994,0.499986,0.499966,0.499923,0.499831,0.499645,0.499281,0.498597,0.497362,0.495222,0.491663,0.485985,0.477301,0.46458,0.446748,0.42286,0.392329,0.355192,0.312338,0.265653,0.218,0.172997,0.134596,0.106523,0.0916885,0.0916885,0.106523,0.134596,0.172997,0.218,0.265653,0.312338,0.355192,0.392329,0.42286,0.446748,0.46458,0.477301,0.485985,0.491663,0.495222,0.497362,0.498597,0.499281,0.499645,0.499831,0.499923,0.499966,0.499986,0.499994,0.499998,0.499999,0.5,0.5,0.5,0.5,0.5
0.5,0.5,0.5,0.5,0.5,0.499999,0.499998,0.499995,0.499987,0.499968,0.499928,0.499844,0.499671,0.499333,0.498698,0.497552,0.495565,0.492261,0.48699,0.478927,0.467116,0.450559,0.428376,0.400026,0.365539,0.325742,0.282386,0.23813,0.196334,0.160668,0.134596,0.120818,0.120818,0.134596,0.160668,0.196334,0.23813,0.282386,0.325742,0.365539,0.400026,0.428376,0.450559,0.467116,0.478927,0.48699,0.492261,0.495565,0.497552,0.498698,0.499333,0.499671,0.499844,0.499928,0.499968,0.499987,0.499995,0.499998,0.499999,0.5,0.5,0.5,0.5,0.5
0.5,0.5,0.5,0.5,0.5,0.499999,0.499998,0.499995,0.499988,0.499972,0.499936,0.49986,0.499706,0.499404,0.498836,0.497811,0.496034,0.493079,0.488363,0.481151,0.470584,0.455769,0.435921,0.410552,0.379691,0.344075,0.305273,0.265664,0.228256,0.196334,0.172997,0.160665,0.160665,0.172997,0.196334,0.228256,0.265664,0.305273,0.344075,0.379691,0.410552,0.435921,0.455769,0.470584,0.481151,0.488363,0.493079,0.496034,0.497811,0.498836,0.499404,0.499706,0.49986,0.499936,0.499972,0.499988,0.499995,0.499998,0.499999,0.5,0.5,0.5,0.5,0.5
0.5,0.5,0.5,0.5,0.5,0.499999,0.499998,0.499996,0.49999,0.499976,0.499945,0.49988,0.499747,0.499486,0.498997,0.498114,0.496583,0.494036,0.489972,0.483755,0.474646,0.461874,0.44476,0.422885,0.396272,0.365557,0.332092,0.29793,0.265664,0.23813,0.218,0.207363,0.207363,0.218,0.23813,0.265664,0.29793,0.332092,0.365557,0.396272,0.422885,0.44476,0.461874,0.474646,0.483755,0.489972,0.494036,0.496583,0.498114,0.498997,0.499486,0.499747,0.49988,0.499945,0.499976,0.49999,0.499996,0.499998,0.499999,0.5,0.5,0.5,0.5,0.5
0.5,0.5,0.5,0.5,0.5,0.499999,0.499999,0.499996,0.499991,0.49998,0.499954,0.4999,0.49979,0.499574,0.499168,0.498435,0.497164,0.495049,0.491674,0.486511,0.478944,0.468334,0.454116,0.43594,0.413824,0.388299,0.360486,0.332092,0.305273,0.282386,0.265653,0.25681,0.25681,0.265653,0.282386,0.305273,0.332092,0.360486,0.388299,0.413824,0.43594,0.454116,0.468334,0.478944,0.486511,0.491674,0.495049,0.497164,0.498435,0.499168,0.499574,0.49979,0.4999,0.499954,0.49998,0.499991,0.499996,0.499999,0.499999,0.5,0.5,0.5,0.5,0.5
0.5,0.5,0.5,0.5,0.5,0.5,0.499999,0.499997,0.499993,0.499984,0.499963,0.49992,0.499832,0.499659,0.499335,0.498748,0.497732,0.49604,0.49334,0.489208,0.483152,0.474659,0.463276,0.448723,0.431015,0.410574,0.388299,0.365557,0.344075,0.325742,0.312338,0.305254,0.305254,0.312338,0.325742,0.344075,0.365557,0.388299,0.410574,0.431015,0.448723,0.463276,0.474659,0.483152,0.489208,0.49334,0.49604,0.497732,0.498748,0.499335,0.499659,0.499832,0.49992,0.499963,0.499984,0.499993,0.499997,0.499999,0.5,0.5,0.5,0.5,0.5,0.5
0.5,0.5,0.5,0.5,0.5,0.5,0.499999,0.499998,0.499995,0.499988,0.499972,0.499939,0.499871,0.499738,0.499488,0.499036,0.498253,0.496949,0.494867,0.491681,0.487011,0.48046,0.47168,0.460452,0.446789,0.431015,0.413824,0.396272,0.379691,0.365539,0.355192,0.349724,0.349724,0.355192,0.365539,0.379691,0.396272,0.413824,0.431015,0.446789,0.460452,0.47168,0.48046,0.487011,0.491681,0.494867,0.496949,0.498253,0.499036,0.499488,0.499738,0.499871,0.499939,0.499972,0.499988,0.499995,0.499998,0.499999,0.5,0.5,0.5,0.5,0.5,0.5
0.5,0.5,0.5,0.5,0.5,0.5,0.499999,0.499998,0.499996,0.499991,0.499979,0.499954,0.499904,0.499805,0.49962,0.499285,0.498703,0.497735,0.496188,0.493822,0.490352,0.485484,0.478958,0.470611,0.460452,0.448723,0.43594,0.422885,0.410552,0.400026,0.392329,0.388262,0.388262,0.392329,0.400026,0.410552,0.422885,0.43594,0.448723,0.460452,0.470611,0.478958,0.485484,0.490352,0.493822,0.496188,0.497735,0.498703,0.499285,0.49962,0.499805,0.499904,0.499954,0.499979,0.499991,0.499996,0.499998,0.499999,0.5,0.5,0.5,0.5,0.5,0.5
0.5,0.5,0.5,0.5,0.5,0.5,0.5,0.499999,0.499997,0.499993,0.499985,0.499967,0.499931,0.499861,0.499728,0.499489,0.499073,0.49838,0.497273,0.495579,0.493095,0.48961,0.484936,0.478958,0.47168,0.463276,0.454116,0.44476,0.435921,0.428376,0.42286,0.419944,0.419944,0.42286,0.428376,0.435921,0.44476,0.454116,0.463276,0.47168,0.478958,0.484936,0.48961,0.493095,0.495579,0.497273,0.49838,0.499073,0.499489,0.499728,0.499861,0.499931,0.499967,0.499985,0.499993,0.499997,0.499999,0.5,0.5,0.5,0.5,0.5,0.5,0.5
0.5,0.5,0.5,0.5,0.5,0.5,0.5,0.499999,0.499998,0.499995,0.49999,0.499978,0.499953,0.499904,0.499813,0.499648,0.499361,0.498884,0.498121,0.496953,0.495239,0.492835,0.48961,0.485484,0.48046,0.474659,0.468334,0.461874,0.455769,0.450559,0.446748,0.444734,0.444734,0.446748,0.450559,0.455769,0.461874,0.468334,0.474659,0.48046,0.485484,0.48961,0.492835,0.495239,0.496953,0.498121,0.498884,0.499361,0.499648,0.499813,0.499904,0.499953,0.499978,0.49999,0.499995,0.499998,0.499999,0.5,0.5,0.5,0.5,0.5,0.5,0.5
0.5,0.5,0.5,0.5,0.5,0.5,0.5,0.499999,0.499999,0.499997,0.499993,0.499985,0.499969,0.499937,0.499876,0.499766,0.499576,0.499259,0.498752,0.497976,0.496838,0.495239,0.493095,0.490352,0.487011,0.483152,0.478944,0.474646,0.470584,0.467116,0.46458,0.46324,0.46324,0.46458,0.467116,0.470584,0.474646,0.478944,0.483152,0.487011,0.490352,0.493095,0.495239,0.496838,0.497976,0.498752,0.499259,0.499576,0.499766,0.499876,0.499937,0.499969,0.499985,0.499993,0.499997,0.499999,0.499999,0.5,0.5,0.5,0.5,0.5,0.5,0.5
0.5,0.5,0.5,0.5,0.5,0.5,0.5,0.5,0.499999,0.499998,0.499996,0.499991,0.49998,0.499959,0.499921,0.499851,0.499729,0.499526,0.499202,0.498705,0.497976,0.496953,0.495579,0.493822,0.491681,0.489208,0.486511,0.483755,0.481151,0.478927,0.477301,0.476442,0.476442,0.477301,0.478927,0.481151,0.483755,0.486511,0.489208,0.491681,0.493822,0.495579,0.496953,0.497976,0.498705,0.499202,0.499526,0.499729,0.499851,0.499921,0.499959,0.49998,0.499991,0.499996,0.499998,0.499999,0.5,0.5,0.5,0.5,0.5,0.5,0.5,0.5
0.5,0.5,0.5,0.5,0.5,0.5,0.5,0.5,0.5,0.499999,0.499997,0.499994,0.499988,0.499975,0.499951,0.499908,0.499833,0.499708,0.499508,0.499202,0.498752,0.498121,0.497273,0.496188,0.494867,0.49334,0.491674,0.489972,0.488363,0.48699,0.485985,0.485454,0.485454,0.485985,0.48699,0.488363,0.489972,0.491674,0.49334,0.494867,0.496188,0.497273,0.498121,0.498752,0.499202,0.499508,0.499708,0.499833,0.499908,0.499951,0.499975,0.499988,0.499994,0.499997,0.499999,0.5,0.5,0.5,0.5,0.5,0.5,0.5,0.5,0.5
0.5,0.5,0.5,0.5,0.5,0.5,0.5,0.5,0.5,0.499999,0.499998,0.499997,0.499993,0.499985,0.499971,0.499945,0.499901,0.499827,0.499708,0.499526,0.499259,0.498884,0.49838,0.497735,0.496949,0.49604,0.495049,0.494036,0.493079,0.492261,0.491663,0.491347,0.491347,0.491663,0.492261,0.493079,0.494036,0.495049,0.49604,0.496949,0.497735,0.49838,0.498884,0.499259,0.499526,0.499708,0.499827,0.499901,0.499945,0.499971,0.499985,0.499993,0.499997,0.499998,0.499999,0.5,0.5,0.5,0.5,0.5,0.5,0.5,0.5,0.5
0.5,0.5,0.5,0.5,0.5,0.5,0.5,0.5,0.5,0.5,0.499999,0.499998,0.499996,0.499992,0.499983,0.499969,0.499943,0.499901,0.499833,0.499729,0.499576,0.499361,0.499073,0.498703,0.498253,0.497732,0.497164,0.496583,0.496034,0.495565,0.495222,0.495041,0.495041,0.495222,0.495565,0.496034,0.496583,0.497164,0.497732,0.498253,0.498703,0.499073,0.499361,0.499576,0.499729,0.499833,0.499901,0.499943,0.499969,0.499983,0.499992,0.499996,0.499998,0.499999,0.5,0.5,0.5,0.5,0.5,0.5,0.5,0.5,0.5,0.5
0.5,0.5,0.5,0.5,0.5,0.5,0.5,0.5,0.5,0.5,0.5,0.499999,0.499998,0.499995,0.499991,0.499983,0.499969,0.499945,0.499908,0.499851,0.499766,0.499648,0.499489,0.499285,0.499036,0.498748,0.498435,0.498114,0.497811,0.497552,0.497362,0.497262,0.497262,0.497362,0.497552,0.497811,0.498114,0.498435,0.498748,0.499036,0.499285,0.499489,0.499648,0.499766,0.499851,0.499908,0.499945,0.499969,0.499983,0.499991,0.499995,0.499998,0.499999,0.5,0.5,0.5,0.5,0.5,0.5,0.5,0.5,0.5,0.5,0.5
0.5,0.5,0.5,0.5,0.5,0.5,0.5,0.5,0.5,0.5,0.5,0.499999,0.499999,0.499998,0.499995,0.499991,0.499983,0.499971,0.499951,0.499921,0.499876,0.499813,0.499728,0.49962,0.499488,0.499335,0.499168,0.498997,0.498836,0.498698,0.498597,0.498544,0.498544,0.498597,0.498698,0.498836,0.498997,0.499168,0.499335,0.499488,0.49962,0.499728,0.499813,0.499876,0.499921,0.499951,0.499971,0.499983,0.499991,0.499995,0.499998,0.499999,0.499999,0.5,0.5,0.5,0.5,0.5,0.5,0.5,0.5,0.5,0.5,0.5
0.5,0.5,0.5,0.5,0.5,0.5,0.5,0.5,0.5,0.5,0.5,0.5,0.499999,0.499999,0.499998,0.499995,0.499992,0.499985,0.499975,0.499959,0.499937,0.499904,0.499861,0.499805,0.499738,0.499659,0.499574,0.499486,0.499404,0.499333,0.499281,0.499254,0.499254,0.499281,0.499333,0.499404,0.499486,0.499574,0.499659,0.499738,0.499805,0.499861,0.499904,0.499937,0.499959,0.499975,0.499985,0.499992,0.499995,0.499998,0.499999,0.499999,0.5,0.5,0.5,0.5,0.5,0.5,0.5,0.5,0.5,0.5,0.5,0.5
0.5,0.5,0.5,0.5,0.5,0.5,0.5,0.5,0.5,0.5,0.5,0.5,0.5,0.499999,0.499999,0.499998,0.499996,0.499993,0.499988,0.49998,0.499969,0.499953,0.499931,0.499904,0.499871,0.499832,0.49979,0.499747,0.499706,0.499671,0.499645,0.499632,0.499632,0.499645,0.499671,0.499706,0.499747,0.49979,0.499832,0.499871,0.499904,0.499931,0.499953,0.499969,0.49998,0.499988,0.499993,0.499996,0.499998,0.499999,0.499999,0.5,0.5,0.5,0.5,0.5,0.5,0.5,0.5,0.5,0.5,0.5,0.5,0.5
0.5,0.5,0.5,0.5,0.5,0.5,0.5,0.5,0.5,0.5,0.5,0.5,0.5,0.5,0.499999,0.499999,0.499998,0.499997,0.499994,0.499991,0.499985,0.499978,0.499967,0.499954,0.499939,0.49992,0.4999,0.49988,0.49986,0.499844,0.499831,0.499825,0.499825,0.499831,0.499844,0.49986,0.49988,0.4999,0.49992,0.499939,0.499954,0.499967,0.499978,0.499985,0.499991,0.499994,0.499997,0.499998,0.499999,0.499999,0.5,0.5,0.5,0.5,0.5,0.5,0.5,0.5,0.5,0.5,0.5,0.5,0.5,0.5
0.5,0.5,0.5,0.5,0.5,0.5,0.5,0.5,0.5,0.5,0.5,0.5,0.5,0.5,0.5,0.5,0.499999,0.499998,0.499997,0.499996,0.499993,0.49999,0.499985,0.499979,0.499972,0.499963,0.499954,0.499945,0.499936,0.499928,0.499923,0.49992,0.49992,0.499923,0.499928,0.499936,0.499945,0.499954,0.499963,0.499972,0.499979,0.499985,0.49999,0.499993,0.499996,0.499997,0.499998,0.499999,0.5,0.5,0.5,0.5,0.5,0.5,0.5,0.5,0.5,0.5,0.5,0.5,0.5,0.5,0.5,0.5
0.5,0.5,0.5,0.5,0.5,0.5,0.5,0.5,0.5,0.5,0.5,0.5,0.5,0.5,0.5,0.5,0.5,0.499999,0.499999,0.499998,0.499997,0.499995,0.499993,0.499991,0.499988,0.499984,0.49998,0.499976,0.499972,0.499968,0.499966,0.499965,0.499965,0.499966,0.499968,0.499972,0.499976,0.49998,0.499984,0.499988,0.499991,0.499993,0.499995,0.499997,0.499998,0.499999,0.499999,0.5,0.5,0.5,0.5,0.5,0.5,0.5,0.5,0.5,0.5,0.5,0.5,0.5,0.5,0.5,0.5,0.5
0.5,0.5,0.5,0.5,0.5,0.5,0.5,0.5,0.5,0.5,0.5,0.5,0.5,0.5,0.5,0.5,0.5,0.5,0.5,0.499999,0.499999,0.499998,0.499997,0.499996,0.499995,0.499993,0.499991,0.49999,0.499988,0.499987,0.499986,0.499985,0.499985,0.499986,0.499987,0.499988,0.49999,0.499991,0.499993,0.499995,0.499996,0.499997,0.499998,0.499999,0.499999,0.5,0.5,0.5,0.5,0.5,0.5,0.5,0.5,0.5,0.5,0.5,0.5,0.5,0.5,0.5,0.5,0.5,0.5,0.5
0.5,0.5,0.5,0.5,0.5,0.5,0.5,0.5,0.5,0.5,0.5,0.5,0.5,0.5,0.5,0.5,0.5,0.5,0.5,0.5,0.499999,0.499999,0.499999,0.499998,0.499998,0.499997,0.499996,0.499996,0.499995,0.499995,0.499994,0.499994,0.499994,0.499994,0.499995,0.499995,0.499996,0.499996,0.499997,0.499998,0.499998,0.499999,0.499999,0.499999,0.5,0.5,0.5,0.5,0.5,0.5,0.5,0.5,0.5,0.5,0.5,0.5,0.5,0.5,0.5,0.5,0.5,0.5,0.5,0.5
0.5,0.5,0.5,0.5,0.5,0.5,0.5,0.5,0.5,0.5,0.5,0.5,0.5,0.5,0.5,0.5,0.5,0.5,0.5,0.5,0.5,0.5,0.5,0.499999,0.499999,0.499999,0.499999,0.499998,0.499998,0.499998,0.499998,0.499998,0.499998,0.499998,0.499998,0.499998,0.499998,0.499999,0.499999,0.499999,0.499999,0.5,0.5,0.5,0.5,0.5,0.5,0.5,0.5,0.5,0.5,0.5,0.5,0.5,0.5,0.5,0.5,0.5,0.5,0.5,0.5,0.5,0.5,0.5
0.5,0.5,0.5,0.5,0.5,0.5,0.5,0.5,0.5,0.5,0.5,0.5,0.5,0.5,0.5,0.5,0.5,0.5,0.5,0.5,0.5,0.5,0.5,0.5,0.5,0.5,0.499999,0.499999,0.499999,0.499999,0.499999,0.499999,0.499999,0.499999,0.499999,0.499999,0.499999,0.499999,0.5,0.5,0.5,0.5,0.5,0.5,0.5,0.5,0.5,0.5,0.5,0.5,0.5,0.5,0.5,0.5,0.5,0.5,0.5,0.5,0.5,0.5,0.5,0.5,0.5,0.5
0.5,0.5,0.5,0.5,0.5,0.5,0.5,0.5,0.5,0.5,0.5,0.5,0.5,0.5,0.5,0.5,0.5,0.5,0.5,0.5,0.5,0.5,0.5,0.5,0.5,0.5,0.5,0.5,0.5,0.5,0.5,0.5,0.5,0.5,0.5,0.5,0.5,0.5,0.5,0.5,0.5,0.5,0.5,0.5,0.5,0.5,0.5,0.5,0.5,0.5,0.5,0.5,0.5,0.5,0.5,0.5,0.5,0.5,0.5,0.5,0.5,0.5,0.5,0.5
0.5,0.5,0.5,0.5,0.5,0.5,0.5,0.5,0.5,0.5,0.5,0.5,0.5,0.5,0.5,0.5,0.5,0.5,0.5,0.5,0.5,0.5,0.5,0.5,0.5,0.5,0.5,0.5,0.5,0.5,0.5,0.5,0.5,0.5,0.5,0.5,0.5,0.5,0.5,0.5,0.5,0.5,0.5,0.5,0.5,0.5,0.5,0.5,0.5,0.5,0.5,0.5,0.5,0.5,0.5,0.5,0.5,0.5,0.5,0.5,0.5,0.5,0.5,0.5
0.5,0.5,0.5,0.5,0.5,0.5,0.5,0.5,0.5,0.5,0.5,0.5,0.5,0.5,0.5,0.5,0.5,0.5,0.5,0.5,0.5,0.5,0.5,0.5,0.5,0.5,0.5,0.5,0.5,0.5,0.5,0.5,0.5,0.5,0.5,0.5,0.5,0.5,0.5,0.5,0.5,0.5,0.5,0.5,0.5,0.5,0.5,0.5,0.5,0.5,0.5,0.5,0.5,0.5,0.5,0.5,0.5,0.5,0.5,0.5,0.5,0.5,0.5,0.5
0.5,0.5,0.5,0.5,0.5,0.5,0.5,0.5,0.5,0.5,0.5,0.5,0.5,0.5,0.5,0.5,0.5,0.5,0.5,0.5,0.5,0.5,0.5,0.5,0.5,0.5,0.5,0.5,0.5,0.5,0.5,0.5,0.5,0.5,0.5,0.5,0.5,0.5,0.5,0.5,0.5,0.5,0.5,0.5,0.5,0.5,0.5,0.5,0.5,0.5,0.5,0.5,0.5,0.5,0.5,0.5,0.5,0.5,0.5,0.5,0.5,0.5,0.5,0.5
0.5,0.5,0.5,0.5,0.5,0.5,0.5,0.5,0.5,0.5,0.5,0.5,0.5,0.5,0.5,0.5,0.5,0.5,0.5,0.5,0.5,0.5,0.5,0.5,0.5,0.5,0.5,0.5,0.5,0.5,0.5,0.5,0.5,0.5,0.5,0.5,0.5,0.5,0.5,0.5,0.5,0.5,0.5,0.5,0.5,0.5,0.5,0.5,0.5,0.5,0.5,0.5,0.5,0.5,0.5,0.5,0.5,0.5,0.5,0.5,0.5,0.5,0.5,0.5
