0.499999,0.499999,0.499998,0.499997,0.499995,0.499991,0.499984,0.499972,0.499954,0.499925,0.499881,0.499816,0.499723,0.499593,0.499416,0.499181,0.498879,0.4985,0.498037,0.497487,0.49685,0.496134,0.495351,0.49452,0.493665,0.492815,0.492001,0.491258,0.490618,0.490109,0.489755,0.489574,0.489574,0.489755,0.490109,0.490618,0.491258,0.492001,0.492815,0.493665,0.49452,0.495351,0.496134,0.49685,0.497487,0.498037,0.4985,0.498879,0.499181,0.499416,0.499593,0.499723,0.499816,0.499881,0.499925,0.499954,0.499972,0.499984,0.499991,0.499995,0.499997,0.499998,0.499999,0.499999
0.499999,0.499999,0.499998,0.499997,0.499995,0.499991,0.499984,0.499972,0.499954,0.499925,0.499881,0.499816,0.499723,0.499593,0.499416,0.499181,0.498879,0.4985,0.498037,0.497487,0.49685,0.496134,0.495351,0.49452,0.493665,0.492815,0.492001,0.491258,0.490618,0.490109,0.489755,0.489574,0.489574,0.489755,0.490109,0.490618,0.491258,0.492001,0.492815,0.493665,0.49452,0.495351,0.496134,0.49685,0.497487,0.498037,0.4985,0.498879,0.499181,0.499416,0.499593,0.499723,0.499816,0.499881,0.499925,0.499954,0.499972,0.499984,0.499991,0.499995,0.499997,0.499998,0.499999,0.499999
0.499998,0.499998,0.499998,0.499996,0.499993,0.499987,0.499977,0.499961,0.499936,0.499896,0.499836,0.499748,0.499624,0.499451,0.499217,0.49891,0.498518,0.49803,0.497439,0.49674,0.495938,0.495041,0.494066,0.493037,0.491983,0.49094,0.489947,0.489043,0.488266,0.48765,0.487223,0.487004,0.487004,0.487223,0.48765,0.488266,0.489043,0.489947,0.49094,0.491983,0.493037,0.494066,0.495041,0.495938,0.49674,0.497439,0.49803,0.498518,0.49891,0.499217,0.499451,0.499624,0.499748,0.499836,0.499896,0.499936,0.499961,0.499977,0.499987,0.499993,0.499996,0.499998,0.499998,0.499998
0.499997,0.499997,0.499996,0.499993,0.499988,0.499978,0.499962,0.499935,0.499894,0.49983,0.499735,0.499597,0.499402,0.499136,0.498779,0.498316,0.49773,0.497009,0.496142,0.495129,0.493977,0.4927,0.491323,0.489881,0.488416,0.486976,0.485613,0.484378,0.483321,0.482486,0.481908,0.481613,0.481613,0.481908,0.482486,0.483321,0.484378,0.485613,0.486976,0.488416,0.489881,0.491323,0.4927,0.493977,0.495129,0.496142,0.497009,0.49773,0.498316,0.498779,0.499136,0.499402,0.499597,0.499735,0.49983,0.499894,0.499935,0.499962,0.499978,0.499988,0.499993,0.499996,0.499997,0.499997
0.499995,0.499995,0.499993,0.499988,0.499978,0.499961,0.499933,0.499888,0.499818,0.499711,0.499554,0.499328,0.499013,0.498584,0.498019,0.497291,0.49638,0.495269,0.493949,0.492422,0.4907,0.48881,0.486791,0.484694,0.482579,0.480516,0.478574,0.476825,0.475335,0.474162,0.473352,0.472939,0.472939,0.473352,0.474162,0.475335,0.476825,0.478574,0.480516,0.482579,0.484694,0.486791,0.48881,0.4907,0.492422,0.493949,0.495269,0.49638,0.497291,0.498019,0.498584,0.499013,0.499328,0.499554,0.499711,0.499818,0.499888,0.499933,0.499961,0.499978,0.499988,0.499993,0.499995,0.499995
0.499991,0.499991,0.499987,0.499978,0.499961,0.499932,0.499885,0.499809,0.499691,0.499514,0.499256,0.498888,0.498381,0.497699,0.496807,0.495671,0.494264,0.492566,0.490569,0.48828,0.485726,0.482948,0.480006,0.476977,0.473947,0.471011,0.468267,0.465808,0.463724,0.462089,0.460964,0.460391,0.460391,0.460964,0.462089,0.463724,0.465808,0.468267,0.471011,0.473947,0.476977,0.480006,0.482948,0.485726,0.48828,0.490569,0.492566,0.494264,0.495671,0.496807,0.497699,0.498381,0.498888,0.499256,0.499514,0.499691,0.499809,0.499885,0.499932,0.499961,0.499978,0.499987,0.499991,0.499991
0.499984,0.499984,0.499977,0.499962,0.499933,0.499885,0.499805,0.49968,0.499487,0.4992,0.498785,0.498201,0.497403,0.496341,0.494967,0.493237,0.491114,0.488579,0.485628,0.482282,0.478583,0.4746,0.470422,0.466157,0.461925,0.457856,0.454078,0.450713,0.447875,0.445657,0.444136,0.443362,0.443362,0.444136,0.445657,0.447875,0.450713,0.454078,0.457856,0.461925,0.466157,0.470422,0.4746,0.478583,0.482282,0.485628,0.488579,0.491114,0.493237,0.494967,0.496341,0.497403,0.498201,0.498785,0.4992,0.499487,0.49968,0.499805,0.499885,0.499933,0.499962,0.499977,0.499984,0.499984
0.499972,0.499972,0.499961,0.499935,0.499888,0.499809,0.49968,0.499478,0.499171,0.498718,0.49807,0.497167,0.495945,0.494338,0.49228,0.489716,0.486605,0.482929,0.478698,0.47395,0.468758,0.463223,0.457474,0.45166,0.445943,0.440489,0.435461,0.431014,0.427281,0.424378,0.422392,0.421384,0.421384,0.422392,0.424378,0.427281,0.431014,0.435461,0.440489,0.445943,0.45166,0.457474,0.463223,0.468758,0.47395,0.478698,0.482929,0.486605,0.489716,0.49228,0.494338,0.495945,0.497167,0.49807,0.498718,0.499171,0.499478,0.49968,0.499809,0.499888,0.499935,0.499961,0.499972,0.499972
0.499954,0.499954,0.499936,0.499894,0.499818,0.499691,0.499487,0.499171,0.498695,0.498,0.497015,0.495658,0.493841,0.491477,0.488484,0.484796,0.480374,0.475208,0.469329,0.462807,0.455754,0.448317,0.440674,0.433023,0.42557,0.418523,0.412079,0.406418,0.401695,0.398039,0.395547,0.394284,0.394284,0.395547,0.398039,0.401695,0.406418,0.412079,0.418523,0.42557,0.433023,0.440674,0.448317,0.455754,0.462807,0.469329,0.475208,0.480374,0.484796,0.488484,0.491477,0.493841,0.495658,0.497015,0.498,0.498695,0.499171,0.499487,0.499691,0.499818,0.499894,0.499936,0.499954,0.499954
0.499925,0.499925,0.499896,0.49983,0.499711,0.499514,0.4992,0.498718,0.498,0.496962,0.495506,0.493523,0.490898,0.48752,0.483293,0.478147,0.47205,0.465014,0.457102,0.448432,0.439168,0.429516,0.41971,0.41,0.400641,0.391878,0.383935,0.37701,0.371272,0.366853,0.363853,0.362336,0.362336,0.363853,0.366853,0.371272,0.37701,0.383935,0.391878,0.400641,0.41,0.41971,0.429516,0.439168,0.448432,0.457102,0.465014,0.47205,0.478147,0.483293,0.48752,0.490898,0.493523,0.495506,0.496962,0.498,0.498718,0.4992,0.499514,0.499711,0.49983,0.499896,0.499925,0.499925
0.499881,0.499881,0.499836,0.499735,0.499554,0.499256,0.498785,0.49807,0.497015,0.495506,0.493414,0.490595,0.486906,0.482216,0.476419,0.469449,0.461294,0.452004,0.441694,0.430542,0.418781,0.406682,0.394545,0.382673,0.371362,0.360884,0.351482,0.343357,0.336675,0.33156,0.328102,0.326359,0.326359,0.328102,0.33156,0.336675,0.343357,0.351482,0.360884,0.371362,0.382673,0.394545,0.406682,0.418781,0.430542,0.441694,0.452004,0.461294,0.469449,0.476419,0.482216,0.486906,0.490595,0.493414,0.495506,0.497015,0.49807,0.498785,0.499256,0.499554,0.499735,0.499836,0.499881,0.499881
0.499816,0.499816,0.499748,0.499597,0.499328,0.498888,0.498201,0.497167,0.495658,0.493523,0.490595,0.486695,0.481654,0.475323,0.467597,0.45843,0.447847,0.435955,0.42294,0.409058,0.394624,0.379984,0.365499,0.351522,0.338378,0.326351,0.315679,0.306551,0.299107,0.29345,0.289645,0.287733,0.287733,0.289645,0.29345,0.299107,0.306551,0.315679,0.326351,0.338378,0.351522,0.365499,0.379984,0.394624,0.409058,0.42294,0.435955,0.447847,0.45843,0.467597,0.475323,0.481654,0.486695,0.490595,0.493523,0.495658,0.497167,0.498201,0.498888,0.499328,0.499597,0.499748,0.499816,0.499816
0.499723,0.499723,0.499624,0.499402,0.499013,0.498381,0.497403,0.495945,0.493841,0.490898,0.486906,0.481654,0.474948,0.466635,0.456624,0.444908,0.431574,0.416808,0.400888,0.384165,0.367042,0.349943,0.333286,0.317455,0.302786,0.289552,0.277961,0.268164,0.260256,0.254295,0.250312,0.248318,0.248318,0.250312,0.254295,0.260256,0.268164,0.277961,0.289552,0.302786,0.317455,0.333286,0.349943,0.367042,0.384165,0.400888,0.416808,0.431574,0.444908,0.456624,0.466635,0.474948,0.481654,0.486906,0.490898,0.493841,0.495945,0.497403,0.498381,0.499013,0.499402,0.499624,0.499723,0.499723
0.499593,0.499593,0.499451,0.499136,0.498584,0.497699,0.496341,0.494338,0.491477,0.48752,0.482216,0.475323,0.466635,0.456007,0.443387,0.428829,0.412509,0.394716,0.375839,0.356338,0.336706,0.317437,0.298989,0.281758,0.266062,0.252133,0.240122,0.230112,0.222133,0.21618,0.212231,0.210264,0.210264,0.212231,0.21618,0.222133,0.230112,0.240122,0.252133,0.266062,0.281758,0.298989,0.317437,0.336706,0.356338,0.375839,0.394716,0.412509,0.428829,0.443387,0.456007,0.466635,0.475323,0.482216,0.48752,0.491477,0.494338,0.496341,0.497699,0.498584,0.499136,0.499451,0.499593,0.499593
0.499416,0.499416,0.499217,0.498779,0.498019,0.496807,0.494967,0.49228,0.488484,0.483293,0.476419,0.467597,0.456624,0.443387,0.427894,0.410295,0.390878,0.370059,0.348354,0.326334,0.30458,0.283638,0.263982,0.245989,0.229925,0.215948,0.204122,0.19444,0.186842,0.181247,0.177574,0.175755,0.175755,0.177574,0.181247,0.186842,0.19444,0.204122,0.215948,0.229925,0.245989,0.263982,0.283638,0.30458,0.326334,0.348354,0.370059,0.390878,0.410295,0.427894,0.443387,0.456624,0.467597,0.476419,0.483293,0.488484,0.49228,0.494967,0.496807,0.498019,0.498779,0.499217,0.499416,0.499416
0.499181,0.499181,0.49891,0.498316,0.497291,0.495671,0.493237,0.489716,0.484796,0.478147,0.469449,0.45843,0.444908,0.428829,0.410295,0.389575,0.3671,0.343432,0.319218,0.295139,0.271845,0.24991,0.229791,0.211806,0.196136,0.182833,0.171848,0.163059,0.156307,0.151424,0.148263,0.146711,0.146711,0.148263,0.151424,0.156307,0.163059,0.171848,0.182833,0.196136,0.211806,0.229791,0.24991,0.271845,0.295139,0.319218,0.343432,0.3671,0.389575,0.410295,0.428829,0.444908,0.45843,0.469449,0.478147,0.484796,0.489716,0.493237,0.495671,0.497291,0.498316,0.49891,0.499181,0.499181
0.498879,0.498879,0.498518,0.49773,0.49638,0.494264,0.491114,0.486605,0.480374,0.47205,0.461294,0.447847,0.431574,0.412509,0.390878,0.3671,0.341769,0.315602,0.28938,0.263875,0.23978,0.217662,0.19792,0.180778,0.166294,0.154386,0.144871,0.137504,0.132018,0.12816,0.125716,0.124534,0.124534,0.125716,0.12816,0.132018,0.137504,0.144871,0.154386,0.166294,0.180778,0.19792,0.217662,0.23978,0.263875,0.28938,0.315602,0.341769,0.3671,0.390878,0.412509,0.431574,0.447847,0.461294,0.47205,0.480374,0.486605,0.491114,0.494264,0.49638,0.49773,0.498518,0.498879,0.498879
0.4985,0.4985,0.49803,0.497009,0.495269,0.492566,0.488579,0.482929,0.475208,0.465014,0.452004,0.435955,0.416808,0.394716,0.370059,0.343432,0.315602,0.287446,0.259862,0.233689,0.209627,0.188192,0.169685,0.154197,0.141634,0.131763,0.124254,0.118738,0.114846,0.112247,0.110671,0.109931,0.109931,0.110671,0.112247,0.114846,0.118738,0.124254,0.131763,0.141634,0.154197,0.169685,0.188192,0.209627,0.233689,0.259862,0.287446,0.315602,0.343432,0.370059,0.394716,0.416808,0.435955,0.452004,0.465014,0.475208,0.482929,0.488579,0.492566,0.495269,0.497009,0.49803,0.4985,0.4985
0.498037,0.498037,0.497439,0.496142,0.493949,0.490569,0.485628,0.478698,0.469329,0.457102,0.441694,0.42294,0.400888,0.375839,0.348354,0.319218,0.28938,0.259862,0.231657,0.205633,0.182456,0.162545,0.146063,0.132937,0.122902,0.115559,0.110441,0.10706,0.104962,0.103752,0.103122,0.10286,0.10286,0.103122,0.103752,0.104962,0.10706,0.110441,0.115559,0.122902,0.132937,0.146063,0.162545,0.182456,0.205633,0.231657,0.259862,0.28938,0.319218,0.348354,0.375839,0.400888,0.42294,0.441694,0.457102,0.469329,0.478698,0.485628,0.490569,0.493949,0.496142,0.497439,0.498037,0.498037
0.497487,0.497487,0.49674,0.495129,0.492422,0.48828,0.482282,0.47395,0.462807,0.448432,0.430542,0.409058,0.384165,0.356338,0.326334,0.295139,0.263875,0.233689,0.205633,0.180563,0.159062,0.141414,0.127607,0.117381,0.110291,0.105779,0.103249,0.10212,0.10187,0.102068,0.102383,0.102596,0.102596,0.102383,0.102068,0.10187,0.10212,0.103249,0.105779,0.110291,0.117381,0.127607,0.141414,0.159062,0.180563,0.205633,0.233689,0.263875,0.295139,0.326334,0.356338,0.384165,0.409058,0.430542,0.448432,0.462807,0.47395,0.482282,0.48828,0.492422,0.495129,0.49674,0.497487,0.497487
0.49685,0.49685,0.495938,0.493977,0.4907,0.485726,0.478583,0.468758,0.455754,0.439168,0.418781,0.394624,0.367042,0.336706,0.30458,0.271845,0.23978,0.209627,0.182456,0.159062,0.139905,0.125093,0.114417,0.10742,0.103479,0.101893,0.101959,0.103029,0.104547,0.106067,0.107259,0.107908,0.107908,0.107259,0.106067,0.104547,0.103029,0.101959,0.101893,0.103479,0.10742,0.114417,0.125093,0.139905,0.159062,0.182456,0.209627,0.23978,0.271845,0.30458,0.336706,0.367042,0.394624,0.418781,0.439168,0.455754,0.468758,0.478583,0.485726,0.4907,0.493977,0.495938,0.49685,0.49685
0.496134,0.496134,0.495041,0.4927,0.48881,0.482948,0.4746,0.463223,0.448317,0.429516,0.406682,0.379984,0.349943,0.317437,0.283638,0.24991,0.217662,0.188192,0.162545,0.141414,0.125093,0.11349,0.106186,0.102526,0.101727,0.102967,0.105468,0.108546,0.111639,0.114314,0.11626,0.11728,0.11728,0.11626,0.114314,0.111639,0.108546,0.105468,0.102967,0.101727,0.102526,0.106186,0.11349,0.125093,0.141414,0.162545,0.188192,0.217662,0.24991,0.283638,0.317437,0.349943,0.379984,0.406682,0.429516,0.448317,0.463223,0.4746,0.482948,0.48881,0.4927,0.495041,0.496134,0.496134
0.495351,0.495351,0.494066,0.491323,0.486791,0.480006,0.470422,0.457474,0.440674,0.41971,0.394545,0.365499,0.333286,0.298989,0.263982,0.229791,0.19792,0.169685,0.146063,0.127607,0.114417,0.106186,0.102281,0.101868,0.104022,0.107832,0.112479,0.117274,0.121677,0.125287,0.127832,0.129145,0.129145,0.127832,0.125287,0.121677,0.117274,0.112479,0.107832,0.104022,0.101868,0.102281,0.106186,0.114417,0.127607,0.146063,0.169685,0.19792,0.229791,0.263982,0.298989,0.333286,0.365499,0.394545,0.41971,0.440674,0.457474,0.470422,0.480006,0.486791,0.491323,0.494066,0.495351,0.495351
0.49452,0.49452,0.493037,0.489881,0.484694,0.476977,0.466157,0.45166,0.433023,0.41,0.382673,0.351522,0.317455,0.281758,0.245989,0.211806,0.180778,0.154197,0.132937,0.117381,0.10742,0.102526,0.101868,0.104448,0.109232,0.115253,0.121681,0.12785,0.133263,0.137573,0.140554,0.142074,0.142074,0.140554,0.137573,0.133263,0.12785,0.121681,0.115253,0.109232,0.104448,0.101868,0.102526,0.10742,0.117381,0.132937,0.154197,0.180778,0.211806,0.245989,0.281758,0.317455,0.351522,0.382673,0.41,0.433023,0.45166,0.466157,0.476977,0.484694,0.489881,0.493037,0.49452,0.49452
0.493665,0.493665,0.491983,0.488416,0.482579,0.473947,0.461925,0.445943,0.42557,0.400641,0.371362,0.338378,0.302786,0.266062,0.229925,0.196136,0.166294,0.141634,0.122902,0.110291,0.103479,0.101727,0.104022,0.109232,0.116245,0.124068,0.131886,0.139079,0.14521,0.149993,0.153257,0.154909,0.154909,0.153257,0.149993,0.14521,0.139079,0.131886,0.124068,0.116245,0.109232,0.104022,0.101727,0.103479,0.110291,0.122902,0.141634,0.166294,0.196136,0.229925,0.266062,0.302786,0.338378,0.371362,0.400641,0.42557,0.445943,0.461925,0.473947,0.482579,0.488416,0.491983,0.493665,0.493665
0.492815,0.492815,0.49094,0.486976,0.480516,0.471011,0.457856,0.440489,0.418523,0.391878,0.360884,0.326351,0.289552,0.252133,0.215948,0.182833,0.154386,0.131763,0.115559,0.105779,0.101893,0.102967,0.107832,0.115253,0.124068,0.133283,0.142119,0.150017,0.156607,0.161669,0.165087,0.166805,0.166805,0.165087,0.161669,0.156607,0.150017,0.142119,0.133283,0.124068,0.115253,0.107832,0.102967,0.101893,0.105779,0.115559,0.131763,0.154386,0.182833,0.215948,0.252133,0.289552,0.326351,0.360884,0.391878,0.418523,0.440489,0.457856,0.471011,0.480516,0.486976,0.49094,0.492815,0.492815
0.492001,0.492001,0.489947,0.485613,0.478574,0.468267,0.454078,0.435461,0.412079,0.383935,0.351482,0.315679,0.277961,0.240122,0.204122,0.171848,0.144871,0.124254,0.110441,0.103249,0.101959,0.105468,0.112479,0.121681,0.131886,0.142119,0.151652,0.159989,0.166831,0.172022,0.175495,0.177232,0.177232,0.175495,0.172022,0.166831,0.159989,0.151652,0.142119,0.131886,0.121681,0.112479,0.105468,0.101959,0.103249,0.110441,0.124254,0.144871,0.171848,0.204122,0.240122,0.277961,0.315679,0.351482,0.383935,0.412079,0.435461,0.454078,0.468267,0.478574,0.485613,0.489947,0.492001,0.492001
0.491258,0.491258,0.489043,0.484378,0.476825,0.465808,0.450713,0.431014,0.406418,0.37701,0.343357,0.306551,0.268164,0.230112,0.19444,0.163059,0.137504,0.118738,0.10706,0.10212,0.103029,0.108546,0.117274,0.12785,0.139079,0.150017,0.159989,0.168564,0.17551,0.180725,0.184189,0.185914,0.185914,0.184189,0.180725,0.17551,0.168564,0.159989,0.150017,0.139079,0.12785,0.117274,0.108546,0.103029,0.10212,0.10706,0.118738,0.137504,0.163059,0.19444,0.230112,0.268164,0.306551,0.343357,0.37701,0.406418,0.431014,0.450713,0.465808,0.476825,0.484378,0.489043,0.491258,0.491258
0.490618,0.490618,0.488266,0.483321,0.475335,0.463724,0.447875,0.427281,0.401695,0.371272,0.336675,0.299107,0.260256,0.222133,0.186842,0.156307,0.132018,0.114846,0.104962,0.10187,0.104547,0.111639,0.121677,0.133263,0.14521,0.156607,0.166831,0.17551,0.182465,0.187645,0.191065,0.192762,0.192762,0.191065,0.187645,0.182465,0.17551,0.166831,0.156607,0.14521,0.133263,0.121677,0.111639,0.104547,0.10187,0.104962,0.114846,0.132018,0.156307,0.186842,0.222133,0.260256,0.299107,0.336675,0.371272,0.401695,0.427281,0.447875,0.463724,0.475335,0.483321,0.488266,0.490618,0.490618
0.490109,0.490109,0.48765,0.482486,0.474162,0.462089,0.445657,0.424378,0.398039,0.366853,0.33156,0.29345,0.254295,0.21618,0.181247,0.151424,0.12816,0.112247,0.103752,0.102068,0.106067,0.114314,0.125287,0.137573,0.149993,0.161669,0.172022,0.180725,0.187645,0.192766,0.196133,0.197799,0.197799,0.196133,0.192766,0.187645,0.180725,0.172022,0.161669,0.149993,0.137573,0.125287,0.114314,0.106067,0.102068,0.103752,0.112247,0.12816,0.151424,0.181247,0.21618,0.254295,0.29345,0.33156,0.366853,0.398039,0.424378,0.445657,0.462089,0.474162,0.482486,0.48765,0.490109,0.490109
0.489755,0.489755,0.487223,0.481908,0.473352,0.460964,0.444136,0.422392,0.395547,0.363853,0.328102,0.289645,0.250312,0.212231,0.177574,0.148263,0.125716,0.110671,0.103122,0.102383,0.107259,0.11626,0.127832,0.140554,0.153257,0.165087,0.175495,0.184189,0.191065,0.196133,0.199453,0.201094,0.201094,0.199453,0.196133,0.191065,0.184189,0.175495,0.165087,0.153257,0.140554,0.127832,0.11626,0.107259,0.102383,0.103122,0.110671,0.125716,0.148263,0.177574,0.212231,0.250312,0.289645,0.328102,0.363853,0.395547,0.422392,0.444136,0.460964,0.473352,0.481908,0.487223,0.489755,0.489755
0.489574,0.489574,0.487004,0.481613,0.472939,0.460391,0.443362,0.421384,0.394284,0.362336,0.326359,0.287733,0.248318,0.210264,0.175755,0.146711,0.124534,0.109931,0.10286,0.102596,0.107908,0.11728,0.129145,0.142074,0.154909,0.166805,0.177232,0.185914,0.192762,0.197799,0.201094,0.202719,0.202719,0.201094,0.197799,0.192762,0.185914,0.177232,0.166805,0.154909,0.142074,0.129145,0.11728,0.107908,0.102596,0.10286,0.109931,0.124534,0.146711,0.175755,0.210264,0.248318,0.287733,0.326359,0.362336,0.394284,0.421384,0.443362,0.460391,0.472939,0.481613,0.487004,0.489574,0.489574
0.489574,0.489574,0.487004,0.481613,0.472939,0.460391,0.443362,0.421384,0.394284,0.362336,0.326359,0.287733,0.248318,0.210264,0.175755,0.146711,0.124534,0.109931,0.10286,0.102596,0.107908,0.11728,0.129145,0.142074,0.154909,0.166805,0.177232,0.185914,0.192762,0.197799,0.201094,0.202719,0.202719,0.201094,0.197799,0.192762,0.185914,0.177232,0.166805,0.154909,0.142074,0.129145,0.11728,0.107908,0.102596,0.10286,0.109931,0.124534,0.146711,0.175755,0.210264,0.248318,0.287733,0.326359,0.362336,0.394284,0.421384,0.443362,0.460391,0.472939,0.481613,0.487004,0.489574,0.489574
0.489755,0.489755,0.487223,0.481908,0.473352,0.460964,0.444136,0.422392,0.395547,0.363853,0.328102,0.289645,0.250312,0.212231,0.177574,0.148263,0.125716,0.110671,0.103122,0.102383,0.107259,0.11626,0.127832,0.140554,0.153257,0.165087,0.175495,0.184189,0.191065,0.196133,0.199453,0.201094,0.201094,0.199453,0.196133,0.191065,0.184189,0.175495,0.165087,0.153257,0.140554,0.127832,0.11626,0.107259,0.102383,0.103122,0.110671,0.125716,0.148263,0.177574,0.212231,0.250312,0.289645,0.328102,0.363853,0.395547,0.422392,0.444136,0.460964,0.473352,0.481908,0.487223,0.489755,0.489755
0.490109,0.490109,0.48765,0.482486,0.474162,0.462089,0.445657,0.424378,0.398039,0.366853,0.33156,0.29345,0.254295,0.21618,0.181247,0.151424,0.12816,0.112247,0.103752,0.102068,0.106067,0.114314,0.125287,0.137573,0.149993,0.161669,0.172022,0.180725,0.187645,0.192766,0.196133,0.197799,0.197799,0.196133,0.192766,0.187645,0.180725,0.172022,0.161669,0.149993,0.137573,0.125287,0.114314,0.106067,0.102068,0.103752,0.112247,0.12816,0.151424,0.181247,0.21618,0.254295,0.29345,0.33156,0.366853,0.398039,0.424378,0.445657,0.462089,0.474162,0.482486,0.48765,0.490109,0.490109
0.490618,0.490618,0.488266,0.483321,0.475335,0.463724,0.447875,0.427281,0.401695,0.371272,0.336675,0.299107,0.260256,0.222133,0.186842,0.156307,0.132018,0.114846,0.104962,0.10187,0.104547,0.111639,0.121677,0.133263,0.14521,0.156607,0.166831,0.17551,0.182465,0.187645,0.191065,0.192762,0.192762,0.191065,0.187645,0.182465,0.17551,0.166831,0.156607,0.14521,0.133263,0.121677,0.111639,0.104547,0.10187,0.104962,0.114846,0.132018,0.156307,0.186842,0.222133,0.260256,0.299107,0.336675,0.371272,0.401695,0.427281,0.447875,0.463724,0.475335,0.483321,0.488266,0.490618,0.490618
0.491258,0.491258,0.489043,0.484378,0.476825,0.465808,0.450713,0.431014,0.406418,0.37701,0.343357,0.306551,0.268164,0.230112,0.19444,0.163059,0.137504,0.118738,0.10706,0.10212,0.103029,0.108546,0.117274,0.12785,0.139079,0.150017,0.159989,0.168564,0.17551,0.180725,0.184189,0.185914,0.185914,0.184189,0.180725,0.17551,0.168564,0.159989,0.150017,0.139079,0.12785,0.117274,0.108546,0.103029,0.10212,0.10706,0.118738,0.137504,0.163059,0.19444,0.230112,0.268164,0.306551,0.343357,0.37701,0.406418,0.431014,0.450713,0.465808,0.476825,0.484378,0.489043,0.491258,0.491258
0.492001,0.492001,0.489947,0.485613,0.478574,0.468267,0.454078,0.435461,0.412079,0.383935,0.351482,0.315679,0.277961,0.240122,0.204122,0.171848,0.144871,0.124254,0.110441,0.103249,0.101959,0.105468,0.112479,0.121681,0.131886,0.142119,0.151652,0.159989,0.166831,0.172022,0.175495,0.177232,0.177232,0.175495,0.172022,0.166831,0.159989,0.151652,0.142119,0.131886,0.121681,0.112479,0.105468,0.101959,0.103249,0.110441,0.124254,0.144871,0.171848,0.204122,0.240122,0.277961,0.315679,0.351482,0.383935,0.412079,0.435461,0.454078,0.468267,0.478574,0.485613,0.489947,0.492001,0.492001
0.492815,0.492815,0.49094,0.486976,0.480516,0.471011,0.457856,0.440489,0.418523,0.391878,0.360884,0.326351,0.289552,0.252133,0.215948,0.182833,0.154386,0.131763,0.115559,0.105779,0.101893,0.102967,0.107832,0.115253,0.124068,0.133283,0.142119,0.150017,0.156607,0.161669,0.165087,0.166805,0.166805,0.165087,0.161669,0.156607,0.150017,0.142119,0.133283,0.124068,0.115253,0.107832,0.102967,0.101893,0.105779,0.115559,0.131763,0.154386,0.182833,0.215948,0.252133,0.289552,0.326351,0.360884,0.391878,0.418523,0.440489,0.457856,0.471011,0.480516,0.486976,0.49094,0.492815,0.492815
0.493665,0.493665,0.491983,0.488416,0.482579,0.473947,0.461925,0.445943,0.42557,0.400641,0.371362,0.338378,0.302786,0.266062,0.229925,0.196136,0.166294,0.141634,0.122902,0.110291,0.103479,0.101727,0.104022,0.109232,0.116245,0.124068,0.131886,0.139079,0.14521,0.149993,0.153257,0.154909,0.154909,0.153257,0.149993,0.14521,0.139079,0.131886,0.124068,0.116245,0.109232,0.104022,0.101727,0.103479,0.110291,0.122902,0.141634,0.166294,0.196136,0.229925,0.266062,0.302786,0.338378,0.371362,0.400641,0.42557,0.445943,0.461925,0.473947,0.482579,0.488416,0.491983,0.493665,0.493665
0.49452,0.49452,0.493037,0.489881,0.484694,0.476977,0.466157,0.45166,0.433023,0.41,0.382673,0.351522,0.317455,0.281758,0.245989,0.211806,0.180778,0.154197,0.132937,0.117381,0.10742,0.102526,0.101868,0.104448,0.109232,0.115253,0.121681,0.12785,0.133263,0.137573,0.140554,0.142074,0.142074,0.140554,0.137573,0.133263,0.12785,0.121681,0.115253,0.109232,0.104448,0.101868,0.102526,0.10742,0.117381,0.132937,0.154197,0.180778,0.211806,0.245989,0.281758,0.317455,0.351522,0.382673,0.41,0.433023,0.45166,0.466157,0.476977,0.484694,0.489881,0.493037,0.49452,0.49452
0.495351,0.495351,0.494066,0.491323,0.486791,0.480006,0.470422,0.457474,0.440674,0.41971,0.394545,0.365499,0.333286,0.298989,0.263982,0.229791,0.19792,0.169685,0.146063,0.127607,0.114417,0.106186,0.102281,0.101868,0.104022,0.107832,0.112479,0.117274,0.121677,0.125287,0.127832,0.129145,0.129145,0.127832,0.125287,0.121677,0.117274,0.112479,0.107832,0.104022,0.101868,0.102281,0.106186,0.114417,0.127607,0.146063,0.169685,0.19792,0.229791,0.263982,0.298989,0.333286,0.365499,0.394545,0.41971,0.440674,0.457474,0.470422,0.480006,0.486791,0.491323,0.494066,0.495351,0.495351
0.496134,0.496134,0.495041,0.4927,0.48881,0.482948,0.4746,0.463223,0.448317,0.429516,0.406682,0.379984,0.349943,0.317437,0.283638,0.24991,0.217662,0.188192,0.162545,0.141414,0.125093,0.11349,0.106186,0.102526,0.101727,0.102967,0.105468,0.108546,0.111639,0.114314,0.11626,0.11728,0.11728,0.11626,0.114314,0.111639,0.108546,0.105468,0.102967,0.101727,0.102526,0.106186,0.11349,0.125093,0.141414,0.162545,0.188192,0.217662,0.24991,0.283638,0.317437,0.349943,0.379984,0.406682,0.429516,0.448317,0.463223,0.4746,0.482948,0.48881,0.4927,0.495041,0.496134,0.496134
0.49685,0.49685,0.495938,0.493977,0.4907,0.485726,0.478583,0.468758,0.455754,0.439168,0.418781,0.394624,0.367042,0.336706,0.30458,0.271845,0.23978,0.209627,0.182456,0.159062,0.139905,0.125093,0.114417,0.10742,0.103479,0.101893,0.101959,0.103029,0.104547,0.106067,0.107259,0.107908,0.107908,0.107259,0.106067,0.104547,0.103029,0.101959,0.101893,0.103479,0.10742,0.114417,0.125093,0.139905,0.159062,0.182456,0.209627,0.23978,0.271845,0.30458,0.336706,0.367042,0.394624,0.418781,0.439168,0.455754,0.468758,0.478583,0.485726,0.4907,0.493977,0.495938,0.49685,0.49685
0.497487,0.497487,0.49674,0.495129,0.492422,0.48828,0.482282,0.47395,0.462807,0.448432,0.430542,0.409058,0.384165,0.356338,0.326334,0.295139,0.263875,0.233689,0.205633,0.180563,0.159062,0.141414,0.127607,0.117381,0.110291,0.105779,0.103249,0.10212,0.10187,0.102068,0.102383,0.102596,0.102596,0.102383,0.102068,0.10187,0.10212,0.103249,0.105779,0.110291,0.117381,0.127607,0.141414,0.159062,0.180563,0.205633,0.233689,0.263875,0.295139,0.326334,0.356338,0.384165,0.409058,0.430542,0.448432,0.462807,0.47395,0.482282,0.48828,0.492422,0.495129,0.49674,0.497487,0.497487
0.498037,0.498037,0.497439,0.496142,0.493949,0.490569,0.485628,0.478698,0.469329,0.457102,0.441694,0.42294,0.400888,0.375839,0.348354,0.319218,0.28938,0.259862,0.231657,0.205633,0.182456,0.162545,0.146063,0.132937,0.122902,0.115559,0.110441,0.10706,0.104962,0.103752,0.103122,0.10286,0.10286,0.103122,0.103752,0.104962,0.10706,0.110441,0.115559,0.122902,0.132937,0.146063,0.162545,0.182456,0.205633,0.231657,0.259862,0.28938,0.319218,0.348354,0.375839,0.400888,0.42294,0.441694,0.457102,0.469329,0.478698,0.485628,0.490569,0.493949,0.496142,0.497439,0.498037,0.498037
0.4985,0.4985,0.49803,0.497009,0.495269,0.492566,0.488579,0.482929,0.475208,0.465014,0.452004,0.435955,0.416808,0.394716,0.370059,0.343432,0.315602,0.287446,0.259862,0.233689,0.209627,0.188192,0.169685,0.154197,0.141634,0.131763,0.124254,0.118738,0.114846,0.112247,0.110671,0.109931,0.109931,0.110671,0.112247,0.114846,0.118738,0.124254,0.131763,0.141634,0.154197,0.169685,0.188192,0.209627,0.233689,0.259862,0.287446,0.315602,0.343432,0.370059,0.394716,0.416808,0.435955,0.452004,0.465014,0.475208,0.482929,0.488579,0.492566,0.495269,0.497009,0.49803,0.4985,0.4985
0.498879,0.498879,0.498518,0.49773,0.49638,0.494264,0.491114,0.486605,0.480374,0.47205,0.461294,0.447847,0.431574,0.412509,0.390878,0.3671,0.341769,0.315602,0.28938,0.263875,0.23978,0.217662,0.19792,0.180778,0.166294,0.154386,0.144871,0.137504,0.132018,0.12816,0.125716,0.124534,0.124534,0.125716,0.12816,0.132018,0.137504,0.144871,0.154386,0.166294,0.180778,0.19792,0.217662,0.23978,0.263875,0.28938,0.315602,0.341769,0.3671,0.390878,0.412509,0.431574,0.447847,0.461294,0.47205,0.480374,0.486605,0.491114,0.494264,0.49638,0.49773,0.498518,0.498879,0.498879
0.499181,0.499181,0.49891,0.498316,0.497291,0.495671,0.493237,0.489716,0.484796,0.478147,0.469449,0.45843,0.444908,0.428829,0.410295,0.389575,0.3671,0.343432,0.319218,0.295139,0.271845,0.24991,0.229791,0.211806,0.196136,0.182833,0.171848,0.163059,0.156307,0.151424,0.148263,0.146711,0.146711,0.148263,0.151424,0.156307,0.163059,0.171848,0.182833,0.196136,0.211806,0.229791,0.24991,0.271845,0.295139,0.319218,0.343432,0.3671,0.389575,0.410295,0.428829,0.444908,0.45843,0.469449,0.478147,0.484796,0.489716,0.493237,0.495671,0.497291,0.498316,0.49891,0.499181,0.499181
0.499416,0.499416,0.499217,0.498779,0.498019,0.496807,0.494967,0.49228,0.488484,0.483293,0.476419,0.467597,0.456624,0.443387,0.427894,0.410295,0.390878,0.370059,0.348354,0.326334,0.30458,0.283638,0.263982,0.245989,0.229925,0.215948,0.204122,0.19444,0.186842,0.181247,0.177574,0.175755,0.175755,0.177574,0.181247,0.186842,0.19444,0.204122,0.215948,0.229925,0.245989,0.263982,0.283638,0.30458,0.326334,0.348354,0.370059,0.390878,0.410295,0.427894,0.443387,0.456624,0.467597,0.476419,0.483293,0.488484,0.49228,0.494967,0.496807,0.498019,0.498779,0.499217,0.499416,0.499416
0.499593,0.499593,0.499451,0.499136,0.498584,0.497699,0.496341,0.494338,0.491477,0.48752,0.482216,0.475323,0.466635,0.456007,0.443387,0.428829,0.412509,0.394716,0.375839,0.356338,0.336706,0.317437,0.298989,0.281758,0.266062,0.252133,0.240122,0.230112,0.222133,0.21618,0.212231,0.210264,0.210264,0.212231,0.21618,0.222133,0.230112,0.240122,0.252133,0.266062,0.281758,0.298989,0.317437,0.336706,0.356338,0.375839,0.394716,0.412509,0.428829,0.443387,0.456007,0.466635,0.475323,0.482216,0.48752,0.491477,0.494338,0.496341,0.497699,0.498584,0.499136,0.499451,0.499593,0.499593
0.499723,0.499723,0.499624,0.499402,0.499013,0.498381,0.497403,0.495945,0.493841,0.490898,0.486906,0.481654,0.474948,0.466635,0.456624,0.444908,0.431574,0.416808,0.400888,0.384165,0.367042,0.349943,0.333286,0.317455,0.302786,0.289552,0.277961,0.268164,0.260256,0.254295,0.250312,0.248318,0.248318,0.250312,0.254295,0.260256,0.268164,0.277961,0.289552,0.302786,0.317455,0.333286,0.349943,0.367042,0.384165,0.400888,0.416808,0.431574,0.444908,0.456624,0.466635,0.474948,0.481654,0.486906,0.490898,0.493841,0.495945,0.497403,0.498381,0.499013,0.499402,0.499624,0.499723,0.499723
0.499816,0.499816,0.499748,0.499597,0.499328,0.498888,0.498201,0.497167,0.495658,0.493523,0.490595,0.486695,0.481654,0.475323,0.467597,0.45843,0.447847,0.435955,0.42294,0.409058,0.394624,0.379984,0.365499,0.351522,0.338378,0.326351,0.315679,0.306551,0.299107,0.29345,0.289645,0.287733,0.287733,0.289645,0.29345,0.299107,0.306551,0.315679,0.326351,0.338378,0.351522,0.365499,0.379984,0.394624,0.409058,0.42294,0.435955,0.447847,0.45843,0.467597,0.475323,0.481654,0.486695,0.490595,0.493523,0.495658,0.497167,0.498201,0.498888,0.499328,0.499597,0.499748,0.499816,0.499816
0.499881,0.499881,0.499836,0.499735,0.499554,0.499256,0.498785,0.49807,0.497015,0.495506,0.493414,0.490595,0.486906,0.482216,0.476419,0.469449,0.461294,0.452004,0.441694,0.430542,0.418781,0.406682,0.394545,0.382673,0.371362,0.360884,0.351482,0.343357,0.336675,0.33156,0.328102,0.326359,0.326359,0.328102,0.33156,0.336675,0.343357,0.351482,0.360884,0.371362,0.382673,0.394545,0.406682,0.418781,0.430542,0.441694,0.452004,0.461294,0.469449,0.476419,0.482216,0.486906,0.490595,0.493414,0.495506,0.497015,0.49807,0.498785,0.499256,0.499554,0.499735,0.499836,0.499881,0.499881
0.499925,0.499925,0.499896,0.49983,0.499711,0.499514,0.4992,0.498718,0.498,0.496962,0.495506,0.493523,0.490898,0.48752,0.483293,0.478147,0.47205,0.465014,0.457102,0.448432,0.439168,0.429516,0.41971,0.41,0.400641,0.391878,0.383935,0.37701,0.371272,0.366853,0.363853,0.362336,0.362336,0.363853,0.366853,0.371272,0.37701,0.383935,0.391878,0.400641,0.41,0.41971,0.429516,0.439168,0.448432,0.457102,0.465014,0.47205,0.478147,0.483293,0.48752,0.490898,0.493523,0.495506,0.496962,0.498,0.498718,0.4992,0.499514,0.499711,0.49983,0.499896,0.499925,0.499925
0.499954,0.499954,0.499936,0.499894,0.499818,0.499691,0.499487,0.499171,0.498695,0.498,0.497015,0.495658,0.493841,0.491477,0.488484,0.484796,0.480374,0.475208,0.469329,0.462807,0.455754,0.448317,0.440674,0.433023,0.42557,0.418523,0.412079,0.406418,0.401695,0.398039,0.395547,0.394284,0.394284,0.395547,0.398039,0.401695,0.406418,0.412079,0.418523,0.42557,0.433023,0.440674,0.448317,0.455754,0.462807,0.469329,0.475208,0.480374,0.484796,0.488484,0.491477,0.493841,0.495658,0.497015,0.498,0.498695,0.499171,0.499487,0.499691,0.499818,0.499894,0.499936,0.499954,0.499954
0.499972,0.499972,0.499961,0.499935,0.499888,0.499809,0.49968,0.499478,0.499171,0.498718,0.49807,0.497167,0.495945,0.494338,0.49228,0.489716,0.486605,0.482929,0.478698,0.47395,0.468758,0.463223,0.457474,0.45166,0.445943,0.440489,0.435461,0.431014,0.427281,0.424378,0.422392,0.421384,0.421384,0.422392,0.424378,0.427281,0.431014,0.435461,0.440489,0.445943,0.45166,0.457474,0.463223,0.468758,0.47395,0.478698,0.482929,0.486605,0.489716,0.49228,0.494338,0.495945,0.497167,0.49807,0.498718,0.499171,0.499478,0.49968,0.499809,0.499888,0.499935,0.499961,0.499972,0.499972
0.499984,0.499984,0.499977,0.499962,0.499933,0.499885,0.499805,0.49968,0.499487,0.4992,0.498785,0.498201,0.497403,0.496341,0.494967,0.493237,0.491114,0.488579,0.485628,0.482282,0.478583,0.4746,0.470422,0.466157,0.461925,0.457856,0.454078,0.450713,0.447875,0.445657,0.444136,0.443362,0.443362,0.444136,0.445657,0.447875,0.450713,0.454078,0.457856,0.461925,0.466157,0.470422,0.4746,0.478583,0.482282,0.485628,0.488579,0.491114,0.493237,0.494967,0.496341,0.497403,0.498201,0.498785,0.4992,0.499487,0.49968,0.499805,0.499885,0.499933,0.499962,0.499977,0.499984,0.499984
0.499991,0.499991,0.499987,0.499978,0.499961,0.499932,0.499885,0.499809,0.499691,0.499514,0.499256,0.498888,0.498381,0.497699,0.496807,0.495671,0.494264,0.492566,0.490569,0.48828,0.485726,0.482948,0.480006,0.476977,0.473947,0.471011,0.468267,0.465808,0.463724,0.462089,0.460964,0.460391,0.460391,0.460964,0.462089,0.463724,0.465808,0.468267,0.471011,0.473947,0.476977,0.480006,0.482948,0.485726,0.48828,0.490569,0.492566,0.494264,0.495671,0.496807,0.497699,0.498381,0.498888,0.499256,0.499514,0.499691,0.499809,0.499885,0.499932,0.499961,0.499978,0.499987,0.499991,0.499991
0.499995,0.499995,0.499993,0.499988,0.499978,0.499961,0.499933,0.499888,0.499818,0.499711,0.499554,0.499328,0.499013,0.498584,0.498019,0.497291,0.49638,0.495269,0.493949,0.492422,0.4907,0.48881,0.486791,0.484694,0.482579,0.480516,0.478574,0.476825,0.475335,0.474162,0.473352,0.472939,0.472939,0.473352,0.474162,0.475335,0.476825,0.478574,0.480516,0.482579,0.484694,0.486791,0.48881,0.4907,0.492422,0.493949,0.495269,0.49638,0.497291,0.498019,0.498584,0.499013,0.499328,0.499554,0.499711,0.499818,0.499888,0.499933,0.499961,0.499978,0.499988,0.499993,0.499995,0.499995
0.499997,0.499997,0.499996,0.499993,0.499988,0.499978,0.499962,0.499935,0.499894,0.49983,0.499735,0.499597,0.499402,0.499136,0.498779,0.498316,0.49773,0.497009,0.496142,0.495129,0.493977,0.4927,0.491323,0.489881,0.488416,0.486976,0.485613,0.484378,0.483321,0.482486,0.481908,0.481613,0.481613,0.481908,0.482486,0.483321,0.484378,0.485613,0.486976,0.488416,0.489881,0.491323,0.4927,0.493977,0.495129,0.496142,0.497009,0.49773,0.498316,0.498779,0.499136,0.499402,0.499597,0.499735,0.49983,0.499894,0.499935,0.499962,0.499978,0.499988,0.499993,0.499996,0.499997,0.499997
0.499998,0.499998,0.499998,0.499996,0.499993,0.499987,0.499977,0.499961,0.499936,0.499896,0.499836,0.499748,0.499624,0.499451,0.499217,0.49891,0.498518,0.49803,0.497439,0.49674,0.495938,0.495041,0.494066,0.493037,0.491983,0.49094,0.489947,0.489043,0.488266,0.48765,0.487223,0.487004,0.487004,0.487223,0.48765,0.488266,0.489043,0.489947,0.49094,0.491983,0.493037,0.494066,0.495041,0.495938,0.49674,0.497439,0.49803,0.498518,0.49891,0.499217,0.499451,0.499624,0.499748,0.499836,0.499896,0.499936,0.499961,0.499977,0.499987,0.499993,0.499996,0.499998,0.499998,0.499998
0.499999,0.499999,0.499998,0.499997,0.499995,0.499991,0.499984,0.499972,0.499954,0.499925,0.499881,0.499816,0.499723,0.499593,0.499416,0.499181,0.498879,0.4985,0.498037,0.497487,0.49685,0.496134,0.495351,0.49452,0.493665,0.492815,0.492001,0.491258,0.490618,0.490109,0.489755,0.489574,0.489574,0.489755,0.490109,0.490618,0.491258,0.492001,0.492815,0.493665,0.49452,0.495351,0.496134,0.49685,0.497487,0.498037,0.4985,0.498879,0.499181,0.499416,0.499593,0.499723,0.499816,0.499881,0.499925,0.499954,0.499972,0.499984,0.499991,0.499995,0.499997,0.499998,0.499999,0.499999
0.499999,0.499999,0.499998,0.499997,0.499995,0.499991,0.499984,0.499972,0.499954,0.499925,0.499881,0.499816,0.499723,0.499593,0.499416,0.499181,0.498879,0.4985,0.498037,0.497487,0.49685,0.496134,0.495351,0.49452,0.493665,0.492815,0.492001,0.491258,0.490618,0.490109,0.489755,0.489574,0.489574,0.489755,0.490109,0.490618,0.491258,0.492001,0.492815,0.493665,0.49452,0.495351,0.496134,0.49685,0.497487,0.498037,0.4985,0.498879,0.499181,0.499416,0.499593,0.499723,0.499816,0.499881,0.499925,0.499954,0.499972,0.499984,0.499991,0.499995,0.499997,0.499998,0.499999,0.499999
