0.5,0.5,0.5,0.5,0.5,0.5,0.5,0.5,0.5,0.5,0.5,0.5,0.5,0.5,0.499999,0.499999,0.499998,0.499997,0.499996,0.499994,0.499992,0.499989,0.499986,0.499982,0.499977,0.499972,0.499968,0.499963,0.499958,0.499955,0.499952,0.499951,0.499951,0.499952,0.499955,0.499958,0.499963,0.499968,0.499972,0.499977,0.499982,0.499986,0.499989,0.499992,0.499994,0.499996,0.499997,0.499998,0.499999,0.499999,0.5,0.5,0.5,0.5,0.5,0.5,0.5,0.5,0.5,0.5,0.5,0.5,0.5,0.5
0.5,0.5,0.5,0.5,0.5,0.5,0.5,0.5,0.5,0.5,0.5,0.5,0.5,0.5,0.499999,0.499999,0.499998,0.499997,0.499996,0.499994,0.499992,0.499989,0.499986,0.499982,0.499977,0.499972,0.499968,0.499963,0.499958,0.499955,0.499952,0.499951,0.499951,0.499952,0.499955,0.499958,0.499963,0.499968,0.499972,0.499977,0.499982,0.499986,0.499989,0.499992,0.499994,0.499996,0.499997,0.499998,0.499999,0.499999,0.5,0.5,0.5,0.5,0.5,0.5,0.5,0.5,0.5,0.5,0.5,0.5,0.5,0.5
0.5,0.5,0.5,0.5,0.5,0.5,0.5,0.5,0.5,0.5,0.5,0.5,0.5,0.499999,0.499999,0.499998,0.499997,0.499995,0.499993,0.49999,0.499987,0.499982,0.499976,0.49997,0.499962,0.499954,0.499946,0.499939,0.499932,0.499926,0.499922,0.49992,0.49992,0.499922,0.499926,0.499932,0.499939,0.499946,0.499954,0.499962,0.49997,0.499976,0.499982,0.499987,0.49999,0.499993,0.499995,0.499997,0.499998,0.499999,0.499999,0.5,0.5,0.5,0.5,0.5,0.5,0.5,0.5,0.5,0.5,0.5,0.5,0.5
0.5,0.5,0.5,0.5,0.5,0.5,0.5,0.5,0.5,0.5,0.5,0.5,0.499999,0.499999,0.499998,0.499996,0.499994,0.499991,0.499986,0.49998,0.499973,0.499963,0.499952,0.499939,0.499925,0.499909,0.499894,0.499879,0.499865,0.499854,0.499846,0.499842,0.499842,0.499846,0.499854,0.499865,0.499879,0.499894,0.499909,0.499925,0.499939,0.499952,0.499963,0.499973,0.49998,0.499986,0.499991,0.499994,0.499996,0.499998,0.499999,0.499999,0.5,0.5,0.5,0.5,0.5,0.5,0.5,0.5,0.5,0.5,0.5,0.5
0.5,0.5,0.5,0.5,0.5,0.5,0.5,0.5,0.5,0.5,0.499999,0.499999,0.499998,0.499997,0.499995,0.499992,0.499987,0.49998,0.499971,0.49996,0.499944,0.499925,0.499903,0.499877,0.499848,0.499817,0.499787,0.499757,0.499731,0.499709,0.499694,0.499686,0.499686,0.499694,0.499709,0.499731,0.499757,0.499787,0.499817,0.499848,0.499877,0.499903,0.499925,0.499944,0.49996,0.499971,0.49998,0.499987,0.499992,0.499995,0.499997,0.499998,0.499999,0.499999,0.5,0.5,0.5,0.5,0.5,0.5,0.5,0.5,0.5,0.5
0.5,0.5,0.5,0.5,0.5,0.5,0.5,0.5,0.5,0.499999,0.499999,0.499998,0.499996,0.499993,0.499989,0.499983,0.499973,0.49996,0.499942,0.499918,0.499888,0.499851,0.499807,0.499756,0.4997,0.499642,0.499583,0.499526,0.499476,0.499435,0.499406,0.499391,0.499391,0.499406,0.499435,0.499476,0.499526,0.499583,0.499642,0.4997,0.499756,0.499807,0.499851,0.499888,0.499918,0.499942,0.49996,0.499973,0.499983,0.499989,0.499993,0.499996,0.499998,0.499999,0.499999,0.5,0.5,0.5,0.5,0.5,0.5,0.5,0.5,0.5
0.5,0.5,0.5,0.5,0.5,0.5,0.5,0.5,0.499999,0.499999,0.499997,0.499995,0.499992,0.499987,0.499978,0.499966,0.499947,0.499922,0.499887,0.499841,0.499783,0.499713,0.499629,0.499534,0.49943,0.499321,0.499212,0.499108,0.499016,0.49894,0.498887,0.498859,0.498859,0.498887,0.49894,0.499016,0.499108,0.499212,0.499321,0.49943,0.499534,0.499629,0.499713,0.499783,0.499841,0.499887,0.499922,0.499947,0.499966,0.499978,0.499987,0.499992,0.499995,0.499997,0.499999,0.499999,0.5,0.5,0.5,0.5,0.5,0.5,0.5,0.5
0.5,0.5,0.5,0.5,0.5,0.5,0.5,0.499999,0.499999,0.499997,0.499995,0.499991,0.499984,0.499974,0.499958,0.499934,0.499899,0.499851,0.499786,0.499701,0.499595,0.499466,0.499314,0.499142,0.498955,0.49876,0.498565,0.498381,0.498217,0.498084,0.49799,0.497941,0.497941,0.49799,0.498084,0.498217,0.498381,0.498565,0.49876,0.498955,0.499142,0.499314,0.499466,0.499595,0.499701,0.499786,0.499851,0.499899,0.499934,0.499958,0.499974,0.499984,0.499991,0.499995,0.499997,0.499999,0.499999,0.5,0.5,0.5,0.5,0.5,0.5,0.5
0.5,0.5,0.5,0.5,0.5,0.5,0.499999,0.499999,0.499997,0.499995,0.49999,0.499983,0.49997,0.499951,0.499921,0.499877,0.499813,0.499726,0.499609,0.499458,0.499269,0.499041,0.498775,0.498476,0.498152,0.497816,0.497481,0.497166,0.496887,0.49666,0.496501,0.496418,0.496418,0.496501,0.49666,0.496887,0.497166,0.497481,0.497816,0.498152,0.498476,0.498775,0.499041,0.499269,0.499458,0.499609,0.499726,0.499813,0.499877,0.499921,0.499951,0.49997,0.499983,0.49999,0.499995,0.499997,0.499999,0.499999,0.5,0.5,0.5,0.5,0.5,0.5
0.5,0.5,0.5,0.5,0.5,0.499999,0.499999,0.499997,0.499995,0.49999,0.499982,0.499968,0.499946,0.49991,0.499857,0.499778,0.499667,0.499513,0.49931,0.499049,0.498726,0.498337,0.497888,0.497386,0.496846,0.496288,0.495735,0.495217,0.494759,0.494389,0.494129,0.493995,0.493995,0.494129,0.494389,0.494759,0.495217,0.495735,0.496288,0.496846,0.497386,0.497888,0.498337,0.498726,0.499049,0.49931,0.499513,0.499667,0.499778,0.499857,0.49991,0.499946,0.499968,0.499982,0.49999,0.499995,0.499997,0.499999,0.499999,0.5,0.5,0.5,0.5,0.5
0.5,0.5,0.5,0.5,0.499999,0.499999,0.499997,0.499995,0.49999,0.499982,0.499967,0.499943,0.499903,0.499842,0.499749,0.499614,0.499424,0.499165,0.498823,0.498389,0.497854,0.497217,0.496485,0.495673,0.494805,0.493912,0.493034,0.492213,0.491492,0.49091,0.490502,0.490292,0.490292,0.490502,0.49091,0.491492,0.492213,0.493034,0.493912,0.494805,0.495673,0.496485,0.497217,0.497854,0.498389,0.498823,0.499165,0.499424,0.499614,0.499749,0.499842,0.499903,0.499943,0.499967,0.499982,0.49999,0.499995,0.499997,0.499999,0.499999,0.5,0.5,0.5,0.5
0.5,0.5,0.5,0.5,0.499999,0.499998,0.499995,0.499991,0.499983,0.499968,0.499943,0.499901,0.499834,0.49973,0.499574,0.49935,0.499036,0.498613,0.49806,0.497361,0.496507,0.4955,0.49435,0.493082,0.491737,0.490362,0.489018,0.487767,0.486673,0.485795,0.48518,0.484863,0.484863,0.48518,0.485795,0.486673,0.487767,0.489018,0.490362,0.491737,0.493082,0.49435,0.4955,0.496507,0.497361,0.49806,0.498613,0.499036,0.49935,0.499574,0.49973,0.499834,0.499901,0.499943,0.499968,0.499983,0.499991,0.499995,0.499998,0.499999,0.5,0.5,0.5,0.5
0.5,0.5,0.5,0.499999,0.499998,0.499996,0.499992,0.499984,0.49997,0.499946,0.499903,0.499834,0.499723,0.499553,0.499301,0.498941,0.498441,0.497771,0.496904,0.495819,0.494504,0.492964,0.49122,0.489314,0.487305,0.485266,0.483284,0.481451,0.479854,0.478576,0.477685,0.477226,0.477226,0.477685,0.478576,0.479854,0.481451,0.483284,0.485266,0.487305,0.489314,0.49122,0.492964,0.494504,0.495819,0.496904,0.497771,0.498441,0.498941,0.499301,0.499553,0.499723,0.499834,0.499903,0.499946,0.49997,0.499984,0.499992,0.499996,0.499998,0.499999,0.5,0.5,0.5
0.5,0.5,0.499999,0.499999,0.499997,0.499993,0.499987,0.499974,0.499951,0.49991,0.499842,0.49973,0.499553,0.499285,0.498889,0.498328,0.497557,0.496533,0.49522,0.493589,0.491631,0.489359,0.486808,0.484042,0.481149,0.478235,0.475422,0.472834,0.470592,0.468806,0.467562,0.466924,0.466924,0.467562,0.468806,0.470592,0.472834,0.475422,0.478235,0.481149,0.484042,0.486808,0.489359,0.491631,0.493589,0.49522,0.496533,0.497557,0.498328,0.498889,0.499285,0.499553,0.49973,0.499842,0.49991,0.499951,0.499974,0.499987,0.499993,0.499997,0.499999,0.499999,0.5,0.5
0.499999,0.499999,0.499999,0.499998,0.499995,0.499989,0.499978,0.499958,0.499921,0.499857,0.499749,0.499574,0.499301,0.498889,0.498288,0.497442,0.496291,0.494776,0.49285,0.490481,0.487664,0.484424,0.48082,0.476947,0.472929,0.468916,0.465069,0.461554,0.458526,0.456123,0.454457,0.453604,0.453604,0.454457,0.456123,0.458526,0.461554,0.465069,0.468916,0.472929,0.476947,0.48082,0.484424,0.487664,0.490481,0.49285,0.494776,0.496291,0.497442,0.498288,0.498889,0.499301,0.499574,0.499749,0.499857,0.499921,0.499958,0.499978,0.499989,0.499995,0.499998,0.499999,0.499999,0.499999
0.499999,0.499999,0.499998,0.499996,0.499992,0.499983,0.499966,0.499934,0.499877,0.499778,0.499614,0.49935,0.498941,0.498328,0.497442,0.496206,0.49454,0.492369,0.489634,0.486304,0.482383,0.477916,0.472997,0.467761,0.462379,0.45705,0.451983,0.447386,0.443452,0.440346,0.438199,0.437103,0.437103,0.438199,0.440346,0.443452,0.447386,0.451983,0.45705,0.462379,0.467761,0.472997,0.477916,0.482383,0.486304,0.489634,0.492369,0.49454,0.496206,0.497442,0.498328,0.498941,0.49935,0.499614,0.499778,0.499877,0.499934,0.499966,0.499983,0.499992,0.499996,0.499998,0.499999,0.499999
0.499998,0.499998,0.499997,0.499994,0.499987,0.499973,0.499947,0.499899,0.499813,0.499667,0.499424,0.499036,0.498441,0.497557,0.496291,0.49454,0.492202,0.489185,0.485424,0.48089,0.475606,0.46965,0.463159,0.45632,0.449363,0.442539,0.436109,0.430323,0.425405,0.421545,0.418889,0.417536,0.417536,0.418889,0.421545,0.425405,0.430323,0.436109,0.442539,0.449363,0.45632,0.463159,0.46965,0.475606,0.48089,0.485424,0.489185,0.492202,0.49454,0.496291,0.497557,0.498441,0.499036,0.499424,0.499667,0.499813,0.499899,0.499947,0.499973,0.499987,0.499994,0.499997,0.499998,0.499998
0.499997,0.499997,0.499995,0.499991,0.49998,0.49996,0.499922,0.499851,0.499726,0.499513,0.499165,0.498613,0.497771,0.496533,0.494776,0.492369,0.489185,0.485119,0.480101,0.474117,0.467219,0.459531,0.451245,0.442613,0.433928,0.425499,0.417636,0.410625,0.404713,0.400103,0.396947,0.395344,0.395344,0.396947,0.400103,0.404713,0.410625,0.417636,0.425499,0.433928,0.442613,0.451245,0.459531,0.467219,0.474117,0.480101,0.485119,0.489185,0.492369,0.494776,0.496533,0.497771,0.498613,0.499165,0.499513,0.499726,0.499851,0.499922,0.49996,0.49998,0.499991,0.499995,0.499997,0.499997
0.499996,0.499996,0.499993,0.499986,0.499971,0.499942,0.499887,0.499786,0.499609,0.49931,0.498823,0.49806,0.496904,0.49522,0.49285,0.489634,0.485424,0.480101,0.473603,0.465941,0.457209,0.447592,0.437352,0.426813,0.416336,0.406289,0.397022,0.388843,0.382011,0.376725,0.373126,0.371305,0.371305,0.373126,0.376725,0.382011,0.388843,0.397022,0.406289,0.416336,0.426813,0.437352,0.447592,0.457209,0.465941,0.473603,0.480101,0.485424,0.489634,0.49285,0.49522,0.496904,0.49806,0.498823,0.49931,0.499609,0.499786,0.499887,0.499942,0.499971,0.499986,0.499993,0.499996,0.499996
0.499994,0.499994,0.49999,0.49998,0.49996,0.499918,0.499841,0.499701,0.499458,0.499049,0.498389,0.497361,0.495819,0.493589,0.490481,0.486304,0.48089,0.474117,0.465941,0.45641,0.445681,0.434011,0.421746,0.409289,0.397071,0.385507,0.374977,0.365795,0.358207,0.352389,0.348455,0.346473,0.346473,0.348455,0.352389,0.358207,0.365795,0.374977,0.385507,0.397071,0.409289,0.421746,0.434011,0.445681,0.45641,0.465941,0.474117,0.48089,0.486304,0.490481,0.493589,0.495819,0.497361,0.498389,0.499049,0.499458,0.499701,0.499841,0.499918,0.49996,0.49998,0.49999,0.499994,0.499994
0.499992,0.499992,0.499987,0.499973,0.499944,0.499888,0.499783,0.499595,0.499269,0.498726,0.497854,0.496507,0.494504,0.491631,0.487664,0.482383,0.475606,0.467219,0.457209,0.445681,0.432866,0.419113,0.404858,0.390589,0.376798,0.363941,0.352403,0.342483,0.334389,0.32825,0.324134,0.322071,0.322071,0.324134,0.32825,0.334389,0.342483,0.352403,0.363941,0.376798,0.390589,0.404858,0.419113,0.432866,0.445681,0.457209,0.467219,0.475606,0.482383,0.487664,0.491631,0.494504,0.496507,0.497854,0.498726,0.499269,0.499595,0.499783,0.499888,0.499944,0.499973,0.499987,0.499992,0.499992
0.499989,0.499989,0.499982,0.499963,0.499925,0.499851,0.499713,0.499466,0.499041,0.498337,0.497217,0.4955,0.492964,0.489359,0.484424,0.477916,0.46965,0.459531,0.447592,0.434011,0.419113,0.403347,0.38725,0.371388,0.356308,0.342485,0.330291,0.319979,0.311695,0.305495,0.301382,0.299335,0.299335,0.301382,0.305495,0.311695,0.319979,0.330291,0.342485,0.356308,0.371388,0.38725,0.403347,0.419113,0.434011,0.447592,0.459531,0.46965,0.477916,0.484424,0.489359,0.492964,0.4955,0.497217,0.498337,0.499041,0.499466,0.499713,0.499851,0.499925,0.499963,0.499982,0.499989,0.499989
0.499986,0.499986,0.499976,0.499952,0.499903,0.499807,0.499629,0.499314,0.498775,0.497888,0.496485,0.49435,0.49122,0.486808,0.48082,0.472997,0.463159,0.451245,0.437352,0.421746,0.404858,0.38725,0.369554,0.352416,0.336418,0.322035,0.309597,0.299288,0.291163,0.285187,0.281276,0.279347,0.279347,0.281276,0.285187,0.291163,0.299288,0.309597,0.322035,0.336418,0.352416,0.369554,0.38725,0.404858,0.421746,0.437352,0.451245,0.463159,0.472997,0.48082,0.486808,0.49122,0.49435,0.496485,0.497888,0.498775,0.499314,0.499629,0.499807,0.499903,0.499952,0.499976,0.499986,0.499986
0.499982,0.499982,0.49997,0.499939,0.499877,0.499756,0.499534,0.499142,0.498476,0.497386,0.495673,0.493082,0.489314,0.484042,0.476947,0.467761,0.45632,0.442613,0.426813,0.409289,0.390589,0.371388,0.352416,0.334379,0.317884,0.303378,0.291127,0.28122,0.273602,0.268123,0.264604,0.262889,0.262889,0.264604,0.268123,0.273602,0.28122,0.291127,0.303378,0.317884,0.334379,0.352416,0.371388,0.390589,0.409289,0.426813,0.442613,0.45632,0.467761,0.476947,0.484042,0.489314,0.493082,0.495673,0.497386,0.498476,0.499142,0.499534,0.499756,0.499877,0.499939,0.49997,0.499982,0.499982
0.499977,0.499977,0.499962,0.499925,0.499848,0.4997,0.49943,0.498955,0.498152,0.496846,0.494805,0.491737,0.487305,0.481149,0.472929,0.462379,0.449363,0.433928,0.416336,0.397071,0.376798,0.356308,0.336418,0.317884,0.301311,0.287104,0.275441,0.266295,0.259484,0.254737,0.25177,0.250351,0.250351,0.25177,0.254737,0.259484,0.266295,0.275441,0.287104,0.301311,0.317884,0.336418,0.356308,0.376798,0.397071,0.416336,0.433928,0.449363,0.462379,0.472929,0.481149,0.487305,0.491737,0.494805,0.496846,0.498152,0.498955,0.49943,0.4997,0.499848,0.499925,0.499962,0.499977,0.499977
0.499972,0.499972,0.499954,0.499909,0.499817,0.499642,0.499321,0.49876,0.497816,0.496288,0.493912,0.490362,0.485266,0.478235,0.468916,0.45705,0.442539,0.425499,0.406289,0.385507,0.363941,0.342485,0.322035,0.303378,0.287104,0.273553,0.262801,0.254694,0.248916,0.24507,0.242766,0.241698,0.241698,0.242766,0.24507,0.248916,0.254694,0.262801,0.273553,0.287104,0.303378,0.322035,0.342485,0.363941,0.385507,0.406289,0.425499,0.442539,0.45705,0.468916,0.478235,0.485266,0.490362,0.493912,0.496288,0.497816,0.49876,0.499321,0.499642,0.499817,0.499909,0.499954,0.499972,0.499972
0.499968,0.499968,0.499946,0.499894,0.499787,0.499583,0.499212,0.498565,0.497481,0.495735,0.493034,0.489018,0.483284,0.475422,0.465069,0.451983,0.436109,0.417636,0.397022,0.374977,0.352403,0.330291,0.309597,0.291127,0.275441,0.262801,0.253172,0.246273,0.241654,0.238795,0.237209,0.236517,0.236517,0.237209,0.238795,0.241654,0.246273,0.253172,0.262801,0.275441,0.291127,0.309597,0.330291,0.352403,0.374977,0.397022,0.417636,0.436109,0.451983,0.465069,0.475422,0.483284,0.489018,0.493034,0.495735,0.497481,0.498565,0.499212,0.499583,0.499787,0.499894,0.499946,0.499968,0.499968
0.499963,0.499963,0.499939,0.499879,0.499757,0.499526,0.499108,0.498381,0.497166,0.495217,0.492213,0.487767,0.481451,0.472834,0.461554,0.447386,0.430323,0.410625,0.388843,0.365795,0.342483,0.319979,0.299288,0.28122,0.266295,0.254694,0.246273,0.240627,0.237183,0.235311,0.234432,0.23411,0.23411,0.234432,0.235311,0.237183,0.240627,0.246273,0.254694,0.266295,0.28122,0.299288,0.319979,0.342483,0.365795,0.388843,0.410625,0.430323,0.447386,0.461554,0.472834,0.481451,0.487767,0.492213,0.495217,0.497166,0.498381,0.499108,0.499526,0.499757,0.499879,0.499939,0.499963,0.499963
0.499958,0.499958,0.499932,0.499865,0.499731,0.499476,0.499016,0.498217,0.496887,0.494759,0.491492,0.486673,0.479854,0.470592,0.458526,0.443452,0.425405,0.404713,0.382011,0.358207,0.334389,0.311695,0.291163,0.273602,0.259484,0.248916,0.241654,0.237183,0.234823,0.23385,0.233614,0.233626,0.233626,0.233614,0.23385,0.234823,0.237183,0.241654,0.248916,0.259484,0.273602,0.291163,0.311695,0.334389,0.358207,0.382011,0.404713,0.425405,0.443452,0.458526,0.470592,0.479854,0.486673,0.491492,0.494759,0.496887,0.498217,0.499016,0.499476,0.499731,0.499865,0.499932,0.499958,0.499958
0.499955,0.499955,0.499926,0.499854,0.499709,0.499435,0.49894,0.498084,0.49666,0.494389,0.49091,0.485795,0.478576,0.468806,0.456123,0.440346,0.421545,0.400103,0.376725,0.352389,0.32825,0.305495,0.285187,0.268123,0.254737,0.24507,0.238795,0.235311,0.23385,0.233619,0.233908,0.234193,0.234193,0.233908,0.233619,0.23385,0.235311,0.238795,0.24507,0.254737,0.268123,0.285187,0.305495,0.32825,0.352389,0.376725,0.400103,0.421545,0.440346,0.456123,0.468806,0.478576,0.485795,0.49091,0.494389,0.49666,0.498084,0.49894,0.499435,0.499709,0.499854,0.499926,0.499955,0.499955
0.499952,0.499952,0.499922,0.499846,0.499694,0.499406,0.498887,0.49799,0.496501,0.494129,0.490502,0.48518,0.477685,0.467562,0.454457,0.438199,0.418889,0.396947,0.373126,0.348455,0.324134,0.301382,0.281276,0.264604,0.25177,0.242766,0.237209,0.234432,0.233614,0.233908,0.234569,0.235046,0.235046,0.234569,0.233908,0.233614,0.234432,0.237209,0.242766,0.25177,0.264604,0.281276,0.301382,0.324134,0.348455,0.373126,0.396947,0.418889,0.438199,0.454457,0.467562,0.477685,0.48518,0.490502,0.494129,0.496501,0.49799,0.498887,0.499406,0.499694,0.499846,0.499922,0.499952,0.499952
0.499951,0.499951,0.49992,0.499842,0.499686,0.499391,0.498859,0.497941,0.496418,0.493995,0.490292,0.484863,0.477226,0.466924,0.453604,0.437103,0.417536,0.395344,0.371305,0.346473,0.322071,0.299335,0.279347,0.262889,0.250351,0.241698,0.236517,0.23411,0.233626,0.234193,0.235046,0.235621,0.235621,0.235046,0.234193,0.233626,0.23411,0.236517,0.241698,0.250351,0.262889,0.279347,0.299335,0.322071,0.346473,0.371305,0.395344,0.417536,0.437103,0.453604,0.466924,0.477226,0.484863,0.490292,0.493995,0.496418,0.497941,0.498859,0.499391,0.499686,0.499842,0.49992,0.499951,0.499951
0.499951,0.499951,0.49992,0.499842,0.499686,0.499391,0.498859,0.497941,0.496418,0.493995,0.490292,0.484863,0.477226,0.466924,0.453604,0.437103,0.417536,0.395344,0.371305,0.346473,0.322071,0.299335,0.279347,0.262889,0.250351,0.241698,0.236517,0.23411,0.233626,0.234193,0.235046,0.235621,0.235621,0.235046,0.234193,0.233626,0.23411,0.236517,0.241698,0.250351,0.262889,0.279347,0.299335,0.322071,0.346473,0.371305,0.395344,0.417536,0.437103,0.453604,0.466924,0.477226,0.484863,0.490292,0.493995,0.496418,0.497941,0.498859,0.499391,0.499686,0.499842,0.49992,0.499951,0.499951
0.499952,0.499952,0.499922,0.499846,0.499694,0.499406,0.498887,0.49799,0.496501,0.494129,0.490502,0.48518,0.477685,0.467562,0.454457,0.438199,0.418889,0.396947,0.373126,0.348455,0.324134,0.301382,0.281276,0.264604,0.25177,0.242766,0.237209,0.234432,0.233614,0.233908,0.234569,0.235046,0.235046,0.234569,0.233908,0.233614,0.234432,0.237209,0.242766,0.25177,0.264604,0.281276,0.301382,0.324134,0.348455,0.373126,0.396947,0.418889,0.438199,0.454457,0.467562,0.477685,0.48518,0.490502,0.494129,0.496501,0.49799,0.498887,0.499406,0.499694,0.499846,0.499922,0.499952,0.499952
0.499955,0.499955,0.499926,0.499854,0.499709,0.499435,0.49894,0.498084,0.49666,0.494389,0.49091,0.485795,0.478576,0.468806,0.456123,0.440346,0.421545,0.400103,0.376725,0.352389,0.32825,0.305495,0.285187,0.268123,0.254737,0.24507,0.238795,0.235311,0.23385,0.233619,0.233908,0.234193,0.234193,0.233908,0.233619,0.23385,0.235311,0.238795,0.24507,0.254737,0.268123,0.285187,0.305495,0.32825,0.352389,0.376725,0.400103,0.421545,0.440346,0.456123,0.468806,0.478576,0.485795,0.49091,0.494389,0.49666,0.498084,0.49894,0.499435,0.499709,0.499854,0.499926,0.499955,0.499955
0.499958,0.499958,0.499932,0.499865,0.499731,0.499476,0.499016,0.498217,0.496887,0.494759,0.491492,0.486673,0.479854,0.470592,0.458526,0.443452,0.425405,0.404713,0.382011,0.358207,0.334389,0.311695,0.291163,0.273602,0.259484,0.248916,0.241654,0.237183,0.234823,0.23385,0.233614,0.233626,0.233626,0.233614,0.23385,0.234823,0.237183,0.241654,0.248916,0.259484,0.273602,0.291163,0.311695,0.334389,0.358207,0.382011,0.404713,0.425405,0.443452,0.458526,0.470592,0.479854,0.486673,0.491492,0.494759,0.496887,0.498217,0.499016,0.499476,0.499731,0.499865,0.499932,0.499958,0.499958
0.499963,0.499963,0.499939,0.499879,0.499757,0.499526,0.499108,0.498381,0.497166,0.495217,0.492213,0.487767,0.481451,0.472834,0.461554,0.447386,0.430323,0.410625,0.388843,0.365795,0.342483,0.319979,0.299288,0.28122,0.266295,0.254694,0.246273,0.240627,0.237183,0.235311,0.234432,0.23411,0.23411,0.234432,0.235311,0.237183,0.240627,0.246273,0.254694,0.266295,0.28122,0.299288,0.319979,0.342483,0.365795,0.388843,0.410625,0.430323,0.447386,0.461554,0.472834,0.481451,0.487767,0.492213,0.495217,0.497166,0.498381,0.499108,0.499526,0.499757,0.499879,0.499939,0.499963,0.499963
0.499968,0.499968,0.499946,0.499894,0.499787,0.499583,0.499212,0.498565,0.497481,0.495735,0.493034,0.489018,0.483284,0.475422,0.465069,0.451983,0.436109,0.417636,0.397022,0.374977,0.352403,0.330291,0.309597,0.291127,0.275441,0.262801,0.253172,0.246273,0.241654,0.238795,0.237209,0.236517,0.236517,0.237209,0.238795,0.241654,0.246273,0.253172,0.262801,0.275441,0.291127,0.309597,0.330291,0.352403,0.374977,0.397022,0.417636,0.436109,0.451983,0.465069,0.475422,0.483284,0.489018,0.493034,0.495735,0.497481,0.498565,0.499212,0.499583,0.499787,0.499894,0.499946,0.499968,0.499968
0.499972,0.499972,0.499954,0.499909,0.499817,0.499642,0.499321,0.49876,0.497816,0.496288,0.493912,0.490362,0.485266,0.478235,0.468916,0.45705,0.442539,0.425499,0.406289,0.385507,0.363941,0.342485,0.322035,0.303378,0.287104,0.273553,0.262801,0.254694,0.248916,0.24507,0.242766,0.241698,0.241698,0.242766,0.24507,0.248916,0.254694,0.262801,0.273553,0.287104,0.303378,0.322035,0.342485,0.363941,0.385507,0.406289,0.425499,0.442539,0.45705,0.468916,0.478235,0.485266,0.490362,0.493912,0.496288,0.497816,0.49876,0.499321,0.499642,0.499817,0.499909,0.499954,0.499972,0.499972
0.499977,0.499977,0.499962,0.499925,0.499848,0.4997,0.49943,0.498955,0.498152,0.496846,0.494805,0.491737,0.487305,0.481149,0.472929,0.462379,0.449363,0.433928,0.416336,0.397071,0.376798,0.356308,0.336418,0.317884,0.301311,0.287104,0.275441,0.266295,0.259484,0.254737,0.25177,0.250351,0.250351,0.25177,0.254737,0.259484,0.266295,0.275441,0.287104,0.301311,0.317884,0.336418,0.356308,0.376798,0.397071,0.416336,0.433928,0.449363,0.462379,0.472929,0.481149,0.487305,0.491737,0.494805,0.496846,0.498152,0.498955,0.49943,0.4997,0.499848,0.499925,0.499962,0.499977,0.499977
0.499982,0.499982,0.49997,0.499939,0.499877,0.499756,0.499534,0.499142,0.498476,0.497386,0.495673,0.493082,0.489314,0.484042,0.476947,0.467761,0.45632,0.442613,0.426813,0.409289,0.390589,0.371388,0.352416,0.334379,0.317884,0.303378,0.291127,0.28122,0.273602,0.268123,0.264604,0.262889,0.262889,0.264604,0.268123,0.273602,0.28122,0.291127,0.303378,0.317884,0.334379,0.352416,0.371388,0.390589,0.409289,0.426813,0.442613,0.45632,0.467761,0.476947,0.484042,0.489314,0.493082,0.495673,0.497386,0.498476,0.499142,0.499534,0.499756,0.499877,0.499939,0.49997,0.499982,0.499982
0.499986,0.499986,0.499976,0.499952,0.499903,0.499807,0.499629,0.499314,0.498775,0.497888,0.496485,0.49435,0.49122,0.486808,0.48082,0.472997,0.463159,0.451245,0.437352,0.421746,0.404858,0.38725,0.369554,0.352416,0.336418,0.322035,0.309597,0.299288,0.291163,0.285187,0.281276,0.279347,0.279347,0.281276,0.285187,0.291163,0.299288,0.309597,0.322035,0.336418,0.352416,0.369554,0.38725,0.404858,0.421746,0.437352,0.451245,0.463159,0.472997,0.48082,0.486808,0.49122,0.49435,0.496485,0.497888,0.498775,0.499314,0.499629,0.499807,0.499903,0.499952,0.499976,0.499986,0.499986
0.499989,0.499989,0.499982,0.499963,0.499925,0.499851,0.499713,0.499466,0.499041,0.498337,0.497217,0.4955,0.492964,0.489359,0.484424,0.477916,0.46965,0.459531,0.447592,0.434011,0.419113,0.403347,0.38725,0.371388,0.356308,0.342485,0.330291,0.319979,0.311695,0.305495,0.301382,0.299335,0.299335,0.301382,0.305495,0.311695,0.319979,0.330291,0.342485,0.356308,0.371388,0.38725,0.403347,0.419113,0.434011,0.447592,0.459531,0.46965,0.477916,0.484424,0.489359,0.492964,0.4955,0.497217,0.498337,0.499041,0.499466,0.499713,0.499851,0.499925,0.499963,0.499982,0.499989,0.499989
0.499992,0.499992,0.499987,0.499973,0.499944,0.499888,0.499783,0.499595,0.499269,0.498726,0.497854,0.496507,0.494504,0.491631,0.487664,0.482383,0.475606,0.467219,0.457209,0.445681,0.432866,0.419113,0.404858,0.390589,0.376798,0.363941,0.352403,0.342483,0.334389,0.32825,0.324134,0.322071,0.322071,0.324134,0.32825,0.334389,0.342483,0.352403,0.363941,0.376798,0.390589,0.404858,0.419113,0.432866,0.445681,0.457209,0.467219,0.475606,0.482383,0.487664,0.491631,0.494504,0.496507,0.497854,0.498726,0.499269,0.499595,0.499783,0.499888,0.499944,0.499973,0.499987,0.499992,0.499992
0.499994,0.499994,0.49999,0.49998,0.49996,0.499918,0.499841,0.499701,0.499458,0.499049,0.498389,0.497361,0.495819,0.493589,0.490481,0.486304,0.48089,0.474117,0.465941,0.45641,0.445681,0.434011,0.421746,0.409289,0.397071,0.385507,0.374977,0.365795,0.358207,0.352389,0.348455,0.346473,0.346473,0.348455,0.352389,0.358207,0.365795,0.374977,0.385507,0.397071,0.409289,0.421746,0.434011,0.445681,0.45641,0.465941,0.474117,0.48089,0.486304,0.490481,0.493589,0.495819,0.497361,0.498389,0.499049,0.499458,0.499701,0.499841,0.499918,0.49996,0.49998,0.49999,0.499994,0.499994
0.499996,0.499996,0.499993,0.499986,0.499971,0.499942,0.499887,0.499786,0.499609,0.49931,0.498823,0.49806,0.496904,0.49522,0.49285,0.489634,0.485424,0.480101,0.473603,0.465941,0.457209,0.447592,0.437352,0.426813,0.416336,0.406289,0.397022,0.388843,0.382011,0.376725,0.373126,0.371305,0.371305,0.373126,0.376725,0.382011,0.388843,0.397022,0.406289,0.416336,0.426813,0.437352,0.447592,0.457209,0.465941,0.473603,0.480101,0.485424,0.489634,0.49285,0.49522,0.496904,0.49806,0.498823,0.49931,0.499609,0.499786,0.499887,0.499942,0.499971,0.499986,0.499993,0.499996,0.499996
0.499997,0.499997,0.499995,0.499991,0.49998,0.49996,0.499922,0.499851,0.499726,0.499513,0.499165,0.498613,0.497771,0.496533,0.494776,0.492369,0.489185,0.485119,0.480101,0.474117,0.467219,0.459531,0.451245,0.442613,0.433928,0.425499,0.417636,0.410625,0.404713,0.400103,0.396947,0.395344,0.395344,0.396947,0.400103,0.404713,0.410625,0.417636,0.425499,0.433928,0.442613,0.451245,0.459531,0.467219,0.474117,0.480101,0.485119,0.489185,0.492369,0.494776,0.496533,0.497771,0.498613,0.499165,0.499513,0.499726,0.499851,0.499922,0.49996,0.49998,0.499991,0.499995,0.499997,0.499997
0.499998,0.499998,0.499997,0.499994,0.499987,0.499973,0.499947,0.499899,0.499813,0.499667,0.499424,0.499036,0.498441,0.497557,0.496291,0.49454,0.492202,0.489185,0.485424,0.48089,0.475606,0.46965,0.463159,0.45632,0.449363,0.442539,0.436109,0.430323,0.425405,0.421545,0.418889,0.417536,0.417536,0.418889,0.421545,0.425405,0.430323,0.436109,0.442539,0.449363,0.45632,0.463159,0.46965,0.475606,0.48089,0.485424,0.489185,0.492202,0.49454,0.496291,0.497557,0.498441,0.499036,0.499424,0.499667,0.499813,0.499899,0.499947,0.499973,0.499987,0.499994,0.499997,0.499998,0.499998
0.499999,0.499999,0.499998,0.499996,0.499992,0.499983,0.499966,0.499934,0.499877,0.499778,0.499614,0.49935,0.498941,0.498328,0.497442,0.496206,0.49454,0.492369,0.489634,0.486304,0.482383,0.477916,0.472997,0.467761,0.462379,0.45705,0.451983,0.447386,0.443452,0.440346,0.438199,0.437103,0.437103,0.438199,0.440346,0.443452,0.447386,0.451983,0.45705,0.462379,0.467761,0.472997,0.477916,0.482383,0.486304,0.489634,0.492369,0.49454,0.496206,0.497442,0.498328,0.498941,0.49935,0.499614,0.499778,0.499877,0.499934,0.499966,0.499983,0.499992,0.499996,0.499998,0.499999,0.499999
0.499999,0.499999,0.499999,0.499998,0.499995,0.499989,0.499978,0.499958,0.499921,0.499857,0.499749,0.499574,0.499301,0.498889,0.498288,0.497442,0.496291,0.494776,0.49285,0.490481,0.487664,0.484424,0.48082,0.476947,0.472929,0.468916,0.465069,0.461554,0.458526,0.456123,0.454457,0.453604,0.453604,0.454457,0.456123,0.458526,0.461554,0.465069,0.468916,0.472929,0.476947,0.48082,0.484424,0.487664,0.490481,0.49285,0.494776,0.496291,0.497442,0.498288,0.498889,0.499301,0.499574,0.499749,0.499857,0.499921,0.499958,0.499978,0.499989,0.499995,0.499998,0.499999,0.499999,0.499999
0.5,0.5,0.499999,0.499999,0.499997,0.499993,0.499987,0.499974,0.499951,0.49991,0.499842,0.49973,0.499553,0.499285,0.498889,0.498328,0.497557,0.496533,0.49522,0.493589,0.491631,0.489359,0.486808,0.484042,0.481149,0.478235,0.475422,0.472834,0.470592,0.468806,0.467562,0.466924,0.466924,0.467562,0.468806,0.470592,0.472834,0.475422,0.478235,0.481149,0.484042,0.486808,0.489359,0.491631,0.493589,0.49522,0.496533,0.497557,0.498328,0.498889,0.499285,0.499553,0.49973,0.499842,0.49991,0.499951,0.499974,0.499987,0.499993,0.499997,0.499999,0.499999,0.5,0.5
0.5,0.5,0.5,0.499999,0.499998,0.499996,0.499992,0.499984,0.49997,0.499946,0.499903,0.499834,0.499723,0.499553,0.499301,0.498941,0.498441,0.497771,0.496904,0.495819,0.494504,0.492964,0.49122,0.489314,0.487305,0.485266,0.483284,0.481451,0.479854,0.478576,0.477685,0.477226,0.477226,0.477685,0.478576,0.479854,0.481451,0.483284,0.485266,0.487305,0.489314,0.49122,0.492964,0.494504,0.495819,0.496904,0.497771,0.498441,0.498941,0.499301,0.499553,0.499723,0.499834,0.499903,0.499946,0.49997,0.499984,0.499992,0.499996,0.499998,0.499999,0.5,0.5,0.5
0.5,0.5,0.5,0.5,0.499999,0.499998,0.499995,0.499991,0.499983,0.499968,0.499943,0.499901,0.499834,0.49973,0.499574,0.49935,0.499036,0.498613,0.49806,0.497361,0.496507,0.4955,0.49435,0.493082,0.491737,0.490362,0.489018,0.487767,0.486673,0.485795,0.48518,0.484863,0.484863,0.48518,0.485795,0.486673,0.487767,0.489018,0.490362,0.491737,0.493082,0.49435,0.4955,0.496507,0.497361,0.49806,0.498613,0.499036,0.49935,0.499574,0.49973,0.499834,0.499901,0.499943,0.499968,0.499983,0.499991,0.499995,0.499998,0.499999,0.5,0.5,0.5,0.5
0.5,0.5,0.5,0.5,0.499999,0.499999,0.499997,0.499995,0.49999,0.499982,0.499967,0.499943,0.499903,0.499842,0.499749,0.499614,0.499424,0.499165,0.498823,0.498389,0.497854,0.497217,0.496485,0.495673,0.494805,0.493912,0.493034,0.492213,0.491492,0.49091,0.490502,0.490292,0.490292,0.490502,0.49091,0.491492,0.492213,0.493034,0.493912,0.494805,0.495673,0.496485,0.497217,0.497854,0.498389,0.498823,0.499165,0.499424,0.499614,0.499749,0.499842,0.499903,0.499943,0.499967,0.499982,0.49999,0.499995,0.499997,0.499999,0.499999,0.5,0.5,0.5,0.5
0.5,0.5,0.5,0.5,0.5,0.499999,0.499999,0.499997,0.499995,0.49999,0.499982,0.499968,0.499946,0.49991,0.499857,0.499778,0.499667,0.499513,0.49931,0.499049,0.498726,0.498337,0.497888,0.497386,0.496846,0.496288,0.495735,0.495217,0.494759,0.494389,0.494129,0.493995,0.493995,0.494129,0.494389,0.494759,0.495217,0.495735,0.496288,0.496846,0.497386,0.497888,0.498337,0.498726,0.499049,0.49931,0.499513,0.499667,0.499778,0.499857,0.49991,0.499946,0.499968,0.499982,0.49999,0.499995,0.499997,0.499999,0.499999,0.5,0.5,0.5,0.5,0.5
0.5,0.5,0.5,0.5,0.5,0.5,0.499999,0.499999,0.499997,0.499995,0.49999,0.499983,0.49997,0.499951,0.499921,0.499877,0.499813,0.499726,0.499609,0.499458,0.499269,0.499041,0.498775,0.498476,0.498152,0.497816,0.497481,0.497166,0.496887,0.49666,0.496501,0.496418,0.496418,0.496501,0.49666,0.496887,0.497166,0.497481,0.497816,0.498152,0.498476,0.498775,0.499041,0.499269,0.499458,0.499609,0.499726,0.499813,0.499877,0.499921,0.499951,0.49997,0.499983,0.49999,0.499995,0.499997,0.499999,0.499999,0.5,0.5,0.5,0.5,0.5,0.5
0.5,0.5,0.5,0.5,0.5,0.5,0.5,0.499999,0.499999,0.499997,0.499995,0.499991,0.499984,0.499974,0.499958,0.499934,0.499899,0.499851,0.499786,0.499701,0.499595,0.499466,0.499314,0.499142,0.498955,0.49876,0.498565,0.498381,0.498217,0.498084,0.49799,0.497941,0.497941,0.49799,0.498084,0.498217,0.498381,0.498565,0.49876,0.498955,0.499142,0.499314,0.499466,0.499595,0.499701,0.499786,0.499851,0.499899,0.499934,0.499958,0.499974,0.499984,0.499991,0.499995,0.499997,0.499999,0.499999,0.5,0.5,0.5,0.5,0.5,0.5,0.5
0.5,0.5,0.5,0.5,0.5,0.5,0.5,0.5,0.499999,0.499999,0.499997,0.499995,0.499992,0.499987,0.499978,0.499966,0.499947,0.499922,0.499887,0.499841,0.499783,0.499713,0.499629,0.499534,0.49943,0.499321,0.499212,0.499108,0.499016,0.49894,0.498887,0.498859,0.498859,0.498887,0.49894,0.499016,0.499108,0.499212,0.499321,0.49943,0.499534,0.499629,0.499713,0.499783,0.499841,0.499887,0.499922,0.499947,0.499966,0.499978,0.499987,0.499992,0.499995,0.499997,0.499999,0.499999,0.5,0.5,0.5,0.5,0.5,0.5,0.5,0.5
0.5,0.5,0.5,0.5,0.5,0.5,0.5,0.5,0.5,0.499999,0.499999,0.499998,0.499996,0.499993,0.499989,0.499983,0.499973,0.49996,0.499942,0.499918,0.499888,0.499851,0.499807,0.499756,0.4997,0.499642,0.499583,0.499526,0.499476,0.499435,0.499406,0.499391,0.499391,0.499406,0.499435,0.499476,0.499526,0.499583,0.499642,0.4997,0.499756,0.499807,0.499851,0.499888,0.499918,0.499942,0.49996,0.499973,0.499983,0.499989,0.499993,0.499996,0.499998,0.499999,0.499999,0.5,0.5,0.5,0.5,0.5,0.5,0.5,0.5,0.5
0.5,0.5,0.5,0.5,0.5,0.5,0.5,0.5,0.5,0.5,0.499999,0.499999,0.499998,0.499997,0.499995,0.499992,0.499987,0.49998,0.499971,0.49996,0.499944,0.499925,0.499903,0.499877,0.499848,0.499817,0.499787,0.499757,0.499731,0.499709,0.499694,0.499686,0.499686,0.499694,0.499709,0.499731,0.499757,0.499787,0.499817,0.499848,0.499877,0.499903,0.499925,0.499944,0.49996,0.499971,0.49998,0.499987,0.499992,0.499995,0.499997,0.499998,0.499999,0.499999,0.5,0.5,0.5,0.5,0.5,0.5,0.5,0.5,0.5,0.5
0.5,0.5,0.5,0.5,0.5,0.5,0.5,0.5,0.5,0.5,0.5,0.5,0.499999,0.499999,0.499998,0.499996,0.499994,0.499991,0.499986,0.49998,0.499973,0.499963,0.499952,0.499939,0.499925,0.499909,0.499894,0.499879,0.499865,0.499854,0.499846,0.499842,0.499842,0.499846,0.499854,0.499865,0.499879,0.499894,0.499909,0.499925,0.499939,0.499952,0.499963,0.499973,0.49998,0.499986,0.499991,0.499994,0.499996,0.499998,0.499999,0.499999,0.5,0.5,0.5,0.5,0.5,0.5,0.5,0.5,0.5,0.5,0.5,0.5
0.5,0.5,0.5,0.5,0.5,0.5,0.5,0.5,0.5,0.5,0.5,0.5,0.5,0.499999,0.499999,0.499998,0.499997,0.499995,0.499993,0.49999,0.499987,0.499982,0.499976,0.49997,0.499962,0.499954,0.499946,0.499939,0.499932,0.499926,0.499922,0.49992,0.49992,0.499922,0.499926,0.499932,0.499939,0.499946,0.499954,0.499962,0.49997,0.499976,0.499982,0.499987,0.49999,0.499993,0.499995,0.499997,0.499998,0.499999,0.499999,0.5,0.5,0.5,0.5,0.5,0.5,0.5,0.5,0.5,0.5,0.5,0.5,0.5
0.5,0.5,0.5,0.5,0.5,0.5,0.5,0.5,0.5,0.5,0.5,0.5,0.5,0.5,0.499999,0.499999,0.499998,0.499997,0.499996,0.499994,0.499992,0.499989,0.499986,0.499982,0.499977,0.499972,0.499968,0.499963,0.499958,0.499955,0.499952,0.499951,0.499951,0.499952,0.499955,0.499958,0.499963,0.499968,0.499972,0.499977,0.499982,0.499986,0.499989,0.499992,0.499994,0.499996,0.499997,0.499998,0.499999,0.499999,0.5,0.5,0.5,0.5,0.5,0.5,0.5,0.5,0.5,0.5,0.5,0.5,0.5,0.5
0.5,0.5,0.5,0.5,0.5,0.5,0.5,0.5,0.5,0.5,0.5,0.5,0.5,0.5,0.499999,0.499999,0.499998,0.499997,0.499996,0.499994,0.499992,0.499989,0.499986,0.499982,0.499977,0.499972,0.499968,0.499963,0.499958,0.499955,0.499952,0.499951,0.499951,0.499952,0.499955,0.499958,0.499963,0.499968,0.499972,0.499977,0.499982,0.499986,0.499989,0.499992,0.499994,0.499996,0.499997,0.499998,0.499999,0.499999,0.5,0.5,0.5,0.5,0.5,0.5,0.5,0.5,0.5,0.5,0.5,0.5,0.5,0.5
