0.5,0.5,0.5,0.5,0.5,0.5,0.5,0.5,0.5,0.5,0.5,0.5,0.5,0.5,0.5,0.5,0.5,0.499999,0.499999,0.499999,0.499998,0.499998,0.499997,0.499996,0.499995,0.499994,0.499992,0.499991,0.49999,0.499989,0.499988,0.499988,0.499988,0.499988,0.499989,0.49999,0.499991,0.499992,0.499994,0.499995,0.499996,0.499997,0.499998,0.499998,0.499999,0.499999,0.499999,0.5,0.5,0.5,0.5,0.5,0.5,0.5,0.5,0.5,0.5,0.5,0.5,0.5,0.5,0.5,0.5,0.5
0.5,0.5,0.5,0.5,0.5,0.5,0.5,0.5,0.5,0.5,0.5,0.5,0.5,0.5,0.5,0.5,0.5,0.499999,0.499999,0.499999,0.499998,0.499998,0.499997,0.499996,0.499995,0.499994,0.499992,0.499991,0.49999,0.499989,0.499988,0.499988,0.499988,0.499988,0.499989,0.49999,0.499991,0.499992,0.499994,0.499995,0.499996,0.499997,0.499998,0.499998,0.499999,0.499999,0.499999,0.5,0.5,0.5,0.5,0.5,0.5,0.5,0.5,0.5,0.5,0.5,0.5,0.5,0.5,0.5,0.5,0.5
0.5,0.5,0.5,0.5,0.5,0.5,0.5,0.5,0.5,0.5,0.5,0.5,0.5,0.5,0.5,0.5,0.499999,0.499999,0.499999,0.499998,0.499997,0.499996,0.499994,0.499993,0.499991,0.499988,0.499986,0.499984,0.499982,0.49998,0.499979,0.499978,0.499978,0.499979,0.49998,0.499982,0.499984,0.499986,0.499988,0.499991,0.499993,0.499994,0.499996,0.499997,0.499998,0.499999,0.499999,0.499999,0.5,0.5,0.5,0.5,0.5,0.5,0.5,0.5,0.5,0.5,0.5,0.5,0.5,0.5,0.5,0.5
0.5,0.5,0.5,0.5,0.5,0.5,0.5,0.5,0.5,0.5,0.5,0.5,0.5,0.5,0.5,0.499999,0.499999,0.499998,0.499997,0.499995,0.499993,0.499991,0.499988,0.499984,0.49998,0.499975,0.49997,0.499965,0.499961,0.499957,0.499955,0.499954,0.499954,0.499955,0.499957,0.499961,0.499965,0.49997,0.499975,0.49998,0.499984,0.499988,0.499991,0.499993,0.499995,0.499997,0.499998,0.499999,0.499999,0.5,0.5,0.5,0.5,0.5,0.5,0.5,0.5,0.5,0.5,0.5,0.5,0.5,0.5,0.5
0.5,0.5,0.5,0.5,0.5,0.5,0.5,0.5,0.5,0.5,0.5,0.5,0.5,0.499999,0.499999,0.499998,0.499997,0.499995,0.499993,0.49999,0.499985,0.49998,0.499973,0.499964,0.499955,0.499945,0.499935,0.499924,0.499915,0.499907,0.499902,0.499899,0.499899,0.499902,0.499907,0.499915,0.499924,0.499935,0.499945,0.499955,0.499964,0.499973,0.49998,0.499985,0.49999,0.499993,0.499995,0.499997,0.499998,0.499999,0.499999,0.5,0.5,0.5,0.5,0.5,0.5,0.5,0.5,0.5,0.5,0.5,0.5,0.5
0.5,0.5,0.5,0.5,0.5,0.5,0.5,0.5,0.5,0.5,0.5,0.5,0.499999,0.499999,0.499998,0.499996,0.499993,0.49999,0.499985,0.499977,0.499968,0.499956,0.499941,0.499924,0.499904,0.499883,0.499861,0.499839,0.49982,0.499804,0.499792,0.499786,0.499786,0.499792,0.499804,0.49982,0.499839,0.499861,0.499883,0.499904,0.499924,0.499941,0.499956,0.499968,0.499977,0.499985,0.49999,0.499993,0.499996,0.499998,0.499999,0.499999,0.5,0.5,0.5,0.5,0.5,0.5,0.5,0.5,0.5,0.5,0.5,0.5
0.5,0.5,0.5,0.5,0.5,0.5,0.5,0.5,0.5,0.5,0.499999,0.499999,0.499998,0.499997,0.499995,0.499991,0.499986,0.499978,0.499968,0.499953,0.499933,0.499908,0.499878,0.499842,0.499802,0.499758,0.499713,0.49967,0.49963,0.499598,0.499574,0.499562,0.499562,0.499574,0.499598,0.49963,0.49967,0.499713,0.499758,0.499802,0.499842,0.499878,0.499908,0.499933,0.499953,0.499968,0.499978,0.499986,0.499991,0.499995,0.499997,0.499998,0.499999,0.499999,0.5,0.5,0.5,0.5,0.5,0.5,0.5,0.5,0.5,0.5
0.5,0.5,0.5,0.5,0.5,0.5,0.5,0.5,0.5,0.499999,0.499999,0.499998,0.499996,0.499994,0.499989,0.499982,0.499971,0.499956,0.499934,0.499904,0.499865,0.499816,0.499755,0.499684,0.499604,0.499518,0.49943,0.499345,0.499268,0.499204,0.499159,0.499135,0.499135,0.499159,0.499204,0.499268,0.499345,0.49943,0.499518,0.499604,0.499684,0.499755,0.499816,0.499865,0.499904,0.499934,0.499956,0.499971,0.499982,0.499989,0.499994,0.499996,0.499998,0.499999,0.499999,0.5,0.5,0.5,0.5,0.5,0.5,0.5,0.5,0.5
0.5,0.5,0.5,0.5,0.5,0.5,0.5,0.5,0.499999,0.499999,0.499998,0.499996,0.499993,0.499987,0.499978,0.499964,0.499943,0.499913,0.49987,0.499812,0.499737,0.499641,0.499525,0.499389,0.499237,0.499074,0.498907,0.498746,0.4986,0.49848,0.498395,0.49835,0.49835,0.498395,0.49848,0.4986,0.498746,0.498907,0.499074,0.499237,0.499389,0.499525,0.499641,0.499737,0.499812,0.49987,0.499913,0.499943,0.499964,0.499978,0.499987,0.499993,0.499996,0.499998,0.499999,0.499999,0.5,0.5,0.5,0.5,0.5,0.5,0.5,0.5
0.5,0.5,0.5,0.5,0.5,0.5,0.5,0.499999,0.499999,0.499998,0.499996,0.499992,0.499986,0.499975,0.499958,0.499931,0.499892,0.499834,0.499753,0.499645,0.499503,0.499325,0.49911,0.498859,0.49858,0.49828,0.497975,0.497681,0.497416,0.497199,0.497043,0.496963,0.496963,0.497043,0.497199,0.497416,0.497681,0.497975,0.49828,0.49858,0.498859,0.49911,0.499325,0.499503,0.499645,0.499753,0.499834,0.499892,0.499931,0.499958,0.499975,0.499986,0.499992,0.499996,0.499998,0.499999,0.499999,0.5,0.5,0.5,0.5,0.5,0.5,0.5
0.5,0.5,0.5,0.5,0.5,0.5,0.499999,0.499999,0.499998,0.499996,0.499992,0.499985,0.499973,0.499953,0.499921,0.499872,0.499799,0.499693,0.499547,0.499349,0.499093,0.498774,0.498388,0.497942,0.497445,0.496915,0.496377,0.49586,0.495395,0.495014,0.494742,0.494601,0.494601,0.494742,0.495014,0.495395,0.49586,0.496377,0.496915,0.497445,0.497942,0.498388,0.498774,0.499093,0.499349,0.499547,0.499693,0.499799,0.499872,0.499921,0.499953,0.499973,0.499985,0.499992,0.499996,0.499998,0.499999,0.499999,0.5,0.5,0.5,0.5,0.5,0.5
0.5,0.5,0.5,0.5,0.5,0.5,0.499999,0.499998,0.499996,0.499992,0.499985,0.499972,0.49995,0.499914,0.499857,0.49977,0.499639,0.499452,0.499193,0.498847,0.498401,0.497845,0.497179,0.49641,0.495558,0.494654,0.493738,0.492861,0.492074,0.491429,0.490972,0.490734,0.490734,0.490972,0.491429,0.492074,0.492861,0.493738,0.494654,0.495558,0.49641,0.497179,0.497845,0.498401,0.498847,0.499193,0.499452,0.499639,0.49977,0.499857,0.499914,0.49995,0.499972,0.499985,0.499992,0.499996,0.499998,0.499999,0.5,0.5,0.5,0.5,0.5,0.5
0.5,0.5,0.5,0.5,0.5,0.499999,0.499998,0.499996,0.499993,0.499986,0.499973,0.49995,0.499912,0.499849,0.49975,0.499598,0.499373,0.499053,0.498612,0.498025,0.497271,0.496338,0.495226,0.493948,0.492538,0.491047,0.489543,0.488107,0.486822,0.485772,0.485028,0.484642,0.484642,0.485028,0.485772,0.486822,0.488107,0.489543,0.491047,0.492538,0.493948,0.495226,0.496338,0.497271,0.498025,0.498612,0.499053,0.499373,0.499598,0.49975,0.499849,0.499912,0.49995,0.499973,0.499986,0.499993,0.499996,0.499998,0.499999,0.5,0.5,0.5,0.5,0.5
0.5,0.5,0.5,0.5,0.499999,0.499999,0.499997,0.499994,0.499987,0.499975,0.499953,0.499914,0.499849,0.499743,0.499576,0.499321,0.498946,0.498415,0.497687,0.496724,0.495495,0.493982,0.492186,0.490133,0.487879,0.485507,0.483124,0.480855,0.478832,0.477183,0.476016,0.475412,0.475412,0.476016,0.477183,0.478832,0.480855,0.483124,0.485507,0.487879,0.490133,0.492186,0.493982,0.495495,0.496724,0.497687,0.498415,0.498946,0.499321,0.499576,0.499743,0.499849,0.499914,0.499953,0.499975,0.499987,0.499994,0.499997,0.499999,0.499999,0.5,0.5,0.5,0.5
0.5,0.5,0.5,0.5,0.499999,0.499998,0.499995,0.499989,0.499978,0.499958,0.499921,0.499857,0.49975,0.499576,0.499302,0.498889,0.498285,0.497432,0.49627,0.494742,0.492803,0.490429,0.487627,0.484441,0.480961,0.477316,0.473669,0.470212,0.467139,0.464641,0.462877,0.461964,0.461964,0.462877,0.464641,0.467139,0.470212,0.473669,0.477316,0.480961,0.484441,0.487627,0.490429,0.492803,0.494742,0.49627,0.497432,0.498285,0.498889,0.499302,0.499576,0.49975,0.499857,0.499921,0.499958,0.499978,0.499989,0.499995,0.499998,0.499999,0.5,0.5,0.5,0.5
0.5,0.5,0.5,0.499999,0.499998,0.499996,0.499991,0.499982,0.499964,0.499931,0.499872,0.49977,0.499598,0.499321,0.498889,0.498239,0.497294,0.495969,0.494174,0.491828,0.488868,0.485265,0.481037,0.476259,0.471068,0.465657,0.460271,0.455185,0.450683,0.447032,0.44446,0.44313,0.44313,0.44446,0.447032,0.450683,0.455185,0.460271,0.465657,0.471068,0.476259,0.481037,0.485265,0.488868,0.491828,0.494174,0.495969,0.497294,0.498239,0.498889,0.499321,0.499598,0.49977,0.499872,0.499931,0.499964,0.499982,0.499991,0.499996,0.499998,0.499999,0.5,0.5,0.5
0.5,0.5,0.499999,0.499999,0.499997,0.499993,0.499986,0.499971,0.499943,0.499892,0.499799,0.499639,0.499373,0.498946,0.498285,0.497294,0.495863,0.493868,0.491183,0.487694,0.483319,0.478029,0.471859,0.46493,0.457444,0.449686,0.442004,0.434782,0.428415,0.423269,0.419651,0.417784,0.417784,0.419651,0.423269,0.428415,0.434782,0.442004,0.449686,0.457444,0.46493,0.471859,0.478029,0.483319,0.487694,0.491183,0.493868,0.495863,0.497294,0.498285,0.498946,0.499373,0.499639,0.499799,0.499892,0.499943,0.499971,0.499986,0.499993,0.499997,0.499999,0.499999,0.5,0.5
0.499999,0.499999,0.499999,0.499998,0.499995,0.49999,0.499978,0.499956,0.499913,0.499834,0.499693,0.499452,0.499053,0.498415,0.497432,0.495969,0.493868,0.490957,0.487063,0.482037,0.475776,0.468254,0.459541,0.449818,0.439382,0.428631,0.418044,0.408144,0.399452,0.392453,0.387546,0.385018,0.385018,0.387546,0.392453,0.399452,0.408144,0.418044,0.428631,0.439382,0.449818,0.459541,0.468254,0.475776,0.482037,0.487063,0.490957,0.493868,0.495969,0.497432,0.498415,0.499053,0.499452,0.499693,0.499834,0.499913,0.499956,0.499978,0.49999,0.499995,0.499998,0.499999,0.499999,0.499999
0.499999,0.499999,0.499999,0.499997,0.499993,0.499985,0.499968,0.499934,0.49987,0.499753,0.499547,0.499193,0.498612,0.497687,0.49627,0.494174,0.491183,0.487063,0.481588,0.474569,0.465887,0.455527,0.44361,0.430405,0.416327,0.401921,0.387821,0.374709,0.363255,0.354067,0.347646,0.344343,0.344343,0.347646,0.354067,0.363255,0.374709,0.387821,0.401921,0.416327,0.430405,0.44361,0.455527,0.465887,0.474569,0.481588,0.487063,0.491183,0.494174,0.49627,0.497687,0.498612,0.499193,0.499547,0.499753,0.49987,0.499934,0.499968,0.499985,0.499993,0.499997,0.499999,0.499999,0.499999
0.499999,0.499999,0.499998,0.499995,0.49999,0.499977,0.499953,0.499904,0.499812,0.499645,0.499349,0.498847,0.498025,0.496724,0.494742,0.491828,0.487694,0.482037,0.474569,0.465061,0.453383,0.43955,0.423756,0.406384,0.388,0.36932,0.351162,0.33438,0.319799,0.308156,0.300046,0.295883,0.295883,0.300046,0.308156,0.319799,0.33438,0.351162,0.36932,0.388,0.406384,0.423756,0.43955,0.453383,0.465061,0.474569,0.482037,0.487694,0.491828,0.494742,0.496724,0.498025,0.498847,0.499349,0.499645,0.499812,0.499904,0.499953,0.499977,0.49999,0.499995,0.499998,0.499999,0.499999
0.499998,0.499998,0.499997,0.499993,0.499985,0.499968,0.499933,0.499865,0.499737,0.499503,0.499093,0.498401,0.497271,0.495495,0.492803,0.488868,0.483319,0.475776,0.465887,0.453383,0.438138,0.420218,0.399915,0.37776,0.354498,0.331045,0.308415,0.287643,0.269705,0.255454,0.245564,0.2405,0.2405,0.245564,0.255454,0.269705,0.287643,0.308415,0.331045,0.354498,0.37776,0.399915,0.420218,0.438138,0.453383,0.465887,0.475776,0.483319,0.488868,0.492803,0.495495,0.497271,0.498401,0.499093,0.499503,0.499737,0.499865,0.499933,0.499968,0.499985,0.499993,0.499997,0.499998,0.499998
0.499998,0.499998,0.499996,0.499991,0.49998,0.499956,0.499908,0.499816,0.499641,0.499325,0.498774,0.497845,0.496338,0.493982,0.490429,0.485265,0.478029,0.468254,0.455527,0.43955,0.420218,0.397671,0.372334,0.344914,0.316367,0.287825,0.260508,0.235623,0.214279,0.197419,0.185768,0.17982,0.17982,0.185768,0.197419,0.214279,0.235623,0.260508,0.287825,0.316367,0.344914,0.372334,0.397671,0.420218,0.43955,0.455527,0.468254,0.478029,0.485265,0.490429,0.493982,0.496338,0.497845,0.498774,0.499325,0.499641,0.499816,0.499908,0.499956,0.49998,0.499991,0.499996,0.499998,0.499998
0.499997,0.499997,0.499994,0.499988,0.499973,0.499941,0.499878,0.499755,0.499525,0.49911,0.498388,0.497179,0.495226,0.492186,0.487627,0.481037,0.471859,0.459541,0.44361,0.423756,0.399915,0.372334,0.3416,0.30863,0.27461,0.240902,0.208924,0.180037,0.155449,0.13615,0.122881,0.116127,0.116127,0.122881,0.13615,0.155449,0.180037,0.208924,0.240902,0.27461,0.30863,0.3416,0.372334,0.399915,0.423756,0.44361,0.459541,0.471859,0.481037,0.487627,0.492186,0.495226,0.497179,0.498388,0.49911,0.499525,0.499755,0.499878,0.499941,0.499973,0.499988,0.499994,0.499997,0.499997
0.499996,0.499996,0.499993,0.499984,0.499964,0.499924,0.499842,0.499684,0.499389,0.498859,0.497942,0.49641,0.493948,0.490133,0.484441,0.476259,0.46493,0.449818,0.430405,0.406384,0.37776,0.344914,0.30863,0.270058,0.230632,0.19194,0.155584,0.123044,0.0955816,0.0741831,0.0595529,0.0521328,0.0521328,0.0595529,0.0741831,0.0955816,0.123044,0.155584,0.19194,0.230632,0.270058,0.30863,0.344914,0.37776,0.406384,0.430405,0.449818,0.46493,0.476259,0.484441,0.490133,0.493948,0.49641,0.497942,0.498859,0.499389,0.499684,0.499842,0.499924,0.499964,0.499984,0.499993,0.499996,0.499996
0.499995,0.499995,0.499991,0.49998,0.499955,0.499904,0.499802,0.499604,0.499237,0.49858,0.497445,0.495558,0.492538,0.487879,0.480961,0.471068,0.457444,0.439382,0.416327,0.388,0.354498,0.316367,0.27461,0.230632,0.186117,0.142872,0.102652,0.0670145,0.0372185,0.0141916,-0.00145116,-0.00935238,-0.00935238,-0.00145116,0.0141916,0.0372185,0.0670145,0.102652,0.142872,0.186117,0.230632,0.27461,0.316367,0.354498,0.388,0.416327,0.439382,0.457444,0.471068,0.480961,0.487879,0.492538,0.495558,0.497445,0.49858,0.499237,0.499604,0.499802,0.499904,0.499955,0.49998,0.499991,0.499995,0.499995
0.499994,0.499994,0.499988,0.499975,0.499945,0.499883,0.499758,0.499518,0.499074,0.49828,0.496915,0.494654,0.491047,0.485507,0.477316,0.465657,0.449686,0.428631,0.401921,0.36932,0.331045,0.287825,0.240902,0.19194,0.142872,0.0957005,0.052301,0.014258,-0.0172244,-0.0413341,-0.0575946,-0.0657695,-0.0657695,-0.0575946,-0.0413341,-0.0172244,0.014258,0.052301,0.0957005,0.142872,0.19194,0.240902,0.287825,0.331045,0.36932,0.401921,0.428631,0.449686,0.465657,0.477316,0.485507,0.491047,0.494654,0.496915,0.49828,0.499074,0.499518,0.499758,0.499883,0.499945,0.499975,0.499988,0.499994,0.499994
0.499992,0.499992,0.499986,0.49997,0.499935,0.499861,0.499713,0.49943,0.498907,0.497975,0.496377,0.493738,0.489543,0.483124,0.473669,0.460271,0.442004,0.418044,0.387821,0.351162,0.308415,0.260508,0.208924,0.155584,0.102652,0.052301,0.00648623,-0.0332236,-0.0657276,-0.0903747,-0.106865,-0.115113,-0.115113,-0.106865,-0.0903747,-0.0657276,-0.0332236,0.00648623,0.052301,0.102652,0.155584,0.208924,0.260508,0.308415,0.351162,0.387821,0.418044,0.442004,0.460271,0.473669,0.483124,0.489543,0.493738,0.496377,0.497975,0.498907,0.49943,0.499713,0.499861,0.499935,0.49997,0.499986,0.499992,0.499992
0.499991,0.499991,0.499984,0.499965,0.499924,0.499839,0.49967,0.499345,0.498746,0.497681,0.49586,0.492861,0.488107,0.480855,0.470212,0.455185,0.434782,0.408144,0.374709,0.33438,0.287643,0.235623,0.180037,0.123044,0.0670145,0.014258,-0.0332236,-0.0739136,-0.106847,-0.131563,-0.147959,-0.156113,-0.156113,-0.147959,-0.131563,-0.106847,-0.0739136,-0.0332236,0.014258,0.0670145,0.123044,0.180037,0.235623,0.287643,0.33438,0.374709,0.408144,0.434782,0.455185,0.470212,0.480855,0.488107,0.492861,0.49586,0.497681,0.498746,0.499345,0.49967,0.499839,0.499924,0.499965,0.499984,0.499991,0.499991
0.49999,0.49999,0.499982,0.499961,0.499915,0.49982,0.49963,0.499268,0.4986,0.497416,0.495395,0.492074,0.486822,0.478832,0.467139,0.450683,0.428415,0.399452,0.363255,0.319799,0.269705,0.214279,0.155449,0.0955816,0.0372185,-0.0172244,-0.0657276,-0.106847,-0.139768,-0.164221,-0.180304,-0.188257,-0.188257,-0.180304,-0.164221,-0.139768,-0.106847,-0.0657276,-0.0172244,0.0372185,0.0955816,0.155449,0.214279,0.269705,0.319799,0.363255,0.399452,0.428415,0.450683,0.467139,0.478832,0.486822,0.492074,0.495395,0.497416,0.4986,0.499268,0.49963,0.49982,0.499915,0.499961,0.499982,0.49999,0.49999
0.499989,0.499989,0.49998,0.499957,0.499907,0.499804,0.499598,0.499204,0.49848,0.497199,0.495014,0.491429,0.485772,0.477183,0.464641,0.447032,0.423269,0.392453,0.354067,0.308156,0.255454,0.197419,0.13615,0.0741831,0.0141916,-0.0413341,-0.0903747,-0.131563,-0.164221,-0.188255,-0.20394,-0.211653,-0.211653,-0.20394,-0.188255,-0.164221,-0.131563,-0.0903747,-0.0413341,0.0141916,0.0741831,0.13615,0.197419,0.255454,0.308156,0.354067,0.392453,0.423269,0.447032,0.464641,0.477183,0.485772,0.491429,0.495014,0.497199,0.49848,0.499204,0.499598,0.499804,0.499907,0.499957,0.49998,0.499989,0.499989
0.499988,0.499988,0.499979,0.499955,0.499902,0.499792,0.499574,0.499159,0.498395,0.497043,0.494742,0.490972,0.485028,0.476016,0.462877,0.44446,0.419651,0.387546,0.347646,0.300046,0.245564,0.185768,0.122881,0.0595529,-0.00145116,-0.0575946,-0.106865,-0.147959,-0.180304,-0.20394,-0.219268,-0.226775,-0.226775,-0.219268,-0.20394,-0.180304,-0.147959,-0.106865,-0.0575946,-0.00145116,0.0595529,0.122881,0.185768,0.245564,0.300046,0.347646,0.387546,0.419651,0.44446,0.462877,0.476016,0.485028,0.490972,0.494742,0.497043,0.498395,0.499159,0.499574,0.499792,0.499902,0.499955,0.499979,0.499988,0.499988
0.499988,0.499988,0.499978,0.499954,0.499899,0.499786,0.499562,0.499135,0.49835,0.496963,0.494601,0.490734,0.484642,0.475412,0.461964,0.44313,0.417784,0.385018,0.344343,0.295883,0.2405,0.17982,0.116127,0.0521328,-0.00935238,-0.0657695,-0.115113,-0.156113,-0.188257,-0.211653,-0.226775,-0.234164,-0.234164,-0.226775,-0.211653,-0.188257,-0.156113,-0.115113,-0.0657695,-0.00935238,0.0521328,0.116127,0.17982,0.2405,0.295883,0.344343,0.385018,0.417784,0.44313,0.461964,0.475412,0.484642,0.490734,0.494601,0.496963,0.49835,0.499135,0.499562,0.499786,0.499899,0.499954,0.499978,0.499988,0.499988
0.499988,0.499988,0.499978,0.499954,0.499899,0.499786,0.499562,0.499135,0.49835,0.496963,0.494601,0.490734,0.484642,0.475412,0.461964,0.44313,0.417784,0.385018,0.344343,0.295883,0.2405,0.17982,0.116127,0.0521328,-0.00935238,-0.0657695,-0.115113,-0.156113,-0.188257,-0.211653,-0.226775,-0.234164,-0.234164,-0.226775,-0.211653,-0.188257,-0.156113,-0.115113,-0.0657695,-0.00935238,0.0521328,0.116127,0.17982,0.2405,0.295883,0.344343,0.385018,0.417784,0.44313,0.461964,0.475412,0.484642,0.490734,0.494601,0.496963,0.49835,0.499135,0.499562,0.499786,0.499899,0.499954,0.499978,0.499988,0.499988
0.499988,0.499988,0.499979,0.499955,0.499902,0.499792,0.499574,0.499159,0.498395,0.497043,0.494742,0.490972,0.485028,0.476016,0.462877,0.44446,0.419651,0.387546,0.347646,0.300046,0.245564,0.185768,0.122881,0.0595529,-0.00145116,-0.0575946,-0.106865,-0.147959,-0.180304,-0.20394,-0.219268,-0.226775,-0.226775,-0.219268,-0.20394,-0.180304,-0.147959,-0.106865,-0.0575946,-0.00145116,0.0595529,0.122881,0.185768,0.245564,0.300046,0.347646,0.387546,0.419651,0.44446,0.462877,0.476016,0.485028,0.490972,0.494742,0.497043,0.498395,0.499159,0.499574,0.499792,0.499902,0.499955,0.499979,0.499988,0.499988
0.499989,0.499989,0.49998,0.499957,0.499907,0.499804,0.499598,0.499204,0.49848,0.497199,0.495014,0.491429,0.485772,0.477183,0.464641,0.447032,0.423269,0.392453,0.354067,0.308156,0.255454,0.197419,0.13615,0.0741831,0.0141916,-0.0413341,-0.0903747,-0.131563,-0.164221,-0.188255,-0.20394,-0.211653,-0.211653,-0.20394,-0.188255,-0.164221,-0.131563,-0.0903747,-0.0413341,0.0141916,0.0741831,0.13615,0.197419,0.255454,0.308156,0.354067,0.392453,0.423269,0.447032,0.464641,0.477183,0.485772,0.491429,0.495014,0.497199,0.49848,0.499204,0.499598,0.499804,0.499907,0.499957,0.49998,0.499989,0.499989
0.49999,0.49999,0.499982,0.499961,0.499915,0.49982,0.49963,0.499268,0.4986,0.497416,0.495395,0.492074,0.486822,0.478832,0.467139,0.450683,0.428415,0.399452,0.363255,0.319799,0.269705,0.214279,0.155449,0.0955816,0.0372185,-0.0172244,-0.0657276,-0.106847,-0.139768,-0.164221,-0.180304,-0.188257,-0.188257,-0.180304,-0.164221,-0.139768,-0.106847,-0.0657276,-0.0172244,0.0372185,0.0955816,0.155449,0.214279,0.269705,0.319799,0.363255,0.399452,0.428415,0.450683,0.467139,0.478832,0.486822,0.492074,0.495395,0.497416,0.4986,0.499268,0.49963,0.49982,0.499915,0.499961,0.499982,0.49999,0.49999
0.499991,0.499991,0.499984,0.499965,0.499924,0.499839,0.49967,0.499345,0.498746,0.497681,0.49586,0.492861,0.488107,0.480855,0.470212,0.455185,0.434782,0.408144,0.374709,0.33438,0.287643,0.235623,0.180037,0.123044,0.0670145,0.014258,-0.0332236,-0.0739136,-0.106847,-0.131563,-0.147959,-0.156113,-0.156113,-0.147959,-0.131563,-0.106847,-0.0739136,-0.0332236,0.014258,0.0670145,0.123044,0.180037,0.235623,0.287643,0.33438,0.374709,0.408144,0.434782,0.455185,0.470212,0.480855,0.488107,0.492861,0.49586,0.497681,0.498746,0.499345,0.49967,0.499839,0.499924,0.499965,0.499984,0.499991,0.499991
0.499992,0.499992,0.499986,0.49997,0.499935,0.499861,0.499713,0.49943,0.498907,0.497975,0.496377,0.493738,0.489543,0.483124,0.473669,0.460271,0.442004,0.418044,0.387821,0.351162,0.308415,0.260508,0.208924,0.155584,0.102652,0.052301,0.00648623,-0.0332236,-0.0657276,-0.0903747,-0.106865,-0.115113,-0.115113,-0.106865,-0.0903747,-0.0657276,-0.0332236,0.00648623,0.052301,0.102652,0.155584,0.208924,0.260508,0.308415,0.351162,0.387821,0.418044,0.442004,0.460271,0.473669,0.483124,0.489543,0.493738,0.496377,0.497975,0.498907,0.49943,0.499713,0.499861,0.499935,0.49997,0.499986,0.499992,0.499992
0.499994,0.499994,0.499988,0.499975,0.499945,0.499883,0.499758,0.499518,0.499074,0.49828,0.496915,0.494654,0.491047,0.485507,0.477316,0.465657,0.449686,0.428631,0.401921,0.36932,0.331045,0.287825,0.240902,0.19194,0.142872,0.0957005,0.052301,0.014258,-0.0172244,-0.0413341,-0.0575946,-0.0657695,-0.0657695,-0.0575946,-0.0413341,-0.0172244,0.014258,0.052301,0.0957005,0.142872,0.19194,0.240902,0.287825,0.331045,0.36932,0.401921,0.428631,0.449686,0.465657,0.477316,0.485507,0.491047,0.494654,0.496915,0.49828,0.499074,0.499518,0.499758,0.499883,0.499945,0.499975,0.499988,0.499994,0.499994
0.499995,0.499995,0.499991,0.49998,0.499955,0.499904,0.499802,0.499604,0.499237,0.49858,0.497445,0.495558,0.492538,0.487879,0.480961,0.471068,0.457444,0.439382,0.416327,0.388,0.354498,0.316367,0.27461,0.230632,0.186117,0.142872,0.102652,0.0670145,0.0372185,0.0141916,-0.00145116,-0.00935238,-0.00935238,-0.00145116,0.0141916,0.0372185,0.0670145,0.102652,0.142872,0.186117,0.230632,0.27461,0.316367,0.354498,0.388,0.416327,0.439382,0.457444,0.471068,0.480961,0.487879,0.492538,0.495558,0.497445,0.49858,0.499237,0.499604,0.499802,0.499904,0.499955,0.49998,0.499991,0.499995,0.499995
0.499996,0.499996,0.499993,0.499984,0.499964,0.499924,0.499842,0.499684,0.499389,0.498859,0.497942,0.49641,0.493948,0.490133,0.484441,0.476259,0.46493,0.449818,0.430405,0.406384,0.37776,0.344914,0.30863,0.270058,0.230632,0.19194,0.155584,0.123044,0.0955816,0.0741831,0.0595529,0.0521328,0.0521328,0.0595529,0.0741831,0.0955816,0.123044,0.155584,0.19194,0.230632,0.270058,0.30863,0.344914,0.37776,0.406384,0.430405,0.449818,0.46493,0.476259,0.484441,0.490133,0.493948,0.49641,0.497942,0.498859,0.499389,0.499684,0.499842,0.499924,0.499964,0.499984,0.499993,0.499996,0.499996
0.499997,0.499997,0.499994,0.499988,0.499973,0.499941,0.499878,0.499755,0.499525,0.49911,0.498388,0.497179,0.495226,0.492186,0.487627,0.481037,0.471859,0.459541,0.44361,0.423756,0.399915,0.372334,0.3416,0.30863,0.27461,0.240902,0.208924,0.180037,0.155449,0.13615,0.122881,0.116127,0.116127,0.122881,0.13615,0.155449,0.180037,0.208924,0.240902,0.27461,0.30863,0.3416,0.372334,0.399915,0.423756,0.44361,0.459541,0.471859,0.481037,0.487627,0.492186,0.495226,0.497179,0.498388,0.49911,0.499525,0.499755,0.499878,0.499941,0.499973,0.499988,0.499994,0.499997,0.499997
0.499998,0.499998,0.499996,0.499991,0.49998,0.499956,0.499908,0.499816,0.499641,0.499325,0.498774,0.497845,0.496338,0.493982,0.490429,0.485265,0.478029,0.468254,0.455527,0.43955,0.420218,0.397671,0.372334,0.344914,0.316367,0.287825,0.260508,0.235623,0.214279,0.197419,0.185768,0.17982,0.17982,0.185768,0.197419,0.214279,0.235623,0.260508,0.287825,0.316367,0.344914,0.372334,0.397671,0.420218,0.43955,0.455527,0.468254,0.478029,0.485265,0.490429,0.493982,0.496338,0.497845,0.498774,0.499325,0.499641,0.499816,0.499908,0.499956,0.49998,0.499991,0.499996,0.499998,0.499998
0.499998,0.499998,0.499997,0.499993,0.499985,0.499968,0.499933,0.499865,0.499737,0.499503,0.499093,0.498401,0.497271,0.495495,0.492803,0.488868,0.483319,0.475776,0.465887,0.453383,0.438138,0.420218,0.399915,0.37776,0.354498,0.331045,0.308415,0.287643,0.269705,0.255454,0.245564,0.2405,0.2405,0.245564,0.255454,0.269705,0.287643,0.308415,0.331045,0.354498,0.37776,0.399915,0.420218,0.438138,0.453383,0.465887,0.475776,0.483319,0.488868,0.492803,0.495495,0.497271,0.498401,0.499093,0.499503,0.499737,0.499865,0.499933,0.499968,0.499985,0.499993,0.499997,0.499998,0.499998
0.499999,0.499999,0.499998,0.499995,0.49999,0.499977,0.499953,0.499904,0.499812,0.499645,0.499349,0.498847,0.498025,0.496724,0.494742,0.491828,0.487694,0.482037,0.474569,0.465061,0.453383,0.43955,0.423756,0.406384,0.388,0.36932,0.351162,0.33438,0.319799,0.308156,0.300046,0.295883,0.295883,0.300046,0.308156,0.319799,0.33438,0.351162,0.36932,0.388,0.406384,0.423756,0.43955,0.453383,0.465061,0.474569,0.482037,0.487694,0.491828,0.494742,0.496724,0.498025,0.498847,0.499349,0.499645,0.499812,0.499904,0.499953,0.499977,0.49999,0.499995,0.499998,0.499999,0.499999
0.499999,0.499999,0.499999,0.499997,0.499993,0.499985,0.499968,0.499934,0.49987,0.499753,0.499547,0.499193,0.498612,0.497687,0.49627,0.494174,0.491183,0.487063,0.481588,0.474569,0.465887,0.455527,0.44361,0.430405,0.416327,0.401921,0.387821,0.374709,0.363255,0.354067,0.347646,0.344343,0.344343,0.347646,0.354067,0.363255,0.374709,0.387821,0.401921,0.416327,0.430405,0.44361,0.455527,0.465887,0.474569,0.481588,0.487063,0.491183,0.494174,0.49627,0.497687,0.498612,0.499193,0.499547,0.499753,0.49987,0.499934,0.499968,0.499985,0.499993,0.499997,0.499999,0.499999,0.499999
0.499999,0.499999,0.499999,0.499998,0.499995,0.49999,0.499978,0.499956,0.499913,0.499834,0.499693,0.499452,0.499053,0.498415,0.497432,0.495969,0.493868,0.490957,0.487063,0.482037,0.475776,0.468254,0.459541,0.449818,0.439382,0.428631,0.418044,0.408144,0.399452,0.392453,0.387546,0.385018,0.385018,0.387546,0.392453,0.399452,0.408144,0.418044,0.428631,0.439382,0.449818,0.459541,0.468254,0.475776,0.482037,0.487063,0.490957,0.493868,0.495969,0.497432,0.498415,0.499053,0.499452,0.499693,0.499834,0.499913,0.499956,0.499978,0.49999,0.499995,0.499998,0.499999,0.499999,0.499999
0.5,0.5,0.499999,0.499999,0.499997,0.499993,0.499986,0.499971,0.499943,0.499892,0.499799,0.499639,0.499373,0.498946,0.498285,0.497294,0.495863,0.493868,0.491183,0.487694,0.483319,0.478029,0.471859,0.46493,0.457444,0.449686,0.442004,0.434782,0.428415,0.423269,0.419651,0.417784,0.417784,0.419651,0.423269,0.428415,0.434782,0.442004,0.449686,0.457444,0.46493,0.471859,0.478029,0.483319,0.487694,0.491183,0.493868,0.495863,0.497294,0.498285,0.498946,0.499373,0.499639,0.499799,0.499892,0.499943,0.499971,0.499986,0.499993,0.499997,0.499999,0.499999,0.5,0.5
0.5,0.5,0.5,0.499999,0.499998,0.499996,0.499991,0.499982,0.499964,0.499931,0.499872,0.49977,0.499598,0.499321,0.498889,0.498239,0.497294,0.495969,0.494174,0.491828,0.488868,0.485265,0.481037,0.476259,0.471068,0.465657,0.460271,0.455185,0.450683,0.447032,0.44446,0.44313,0.44313,0.44446,0.447032,0.450683,0.455185,0.460271,0.465657,0.471068,0.476259,0.481037,0.485265,0.488868,0.491828,0.494174,0.495969,0.497294,0.498239,0.498889,0.499321,0.499598,0.49977,0.499872,0.499931,0.499964,0.499982,0.499991,0.499996,0.499998,0.499999,0.5,0.5,0.5
0.5,0.5,0.5,0.5,0.499999,0.499998,0.499995,0.499989,0.499978,0.499958,0.499921,0.499857,0.49975,0.499576,0.499302,0.498889,0.498285,0.497432,0.49627,0.494742,0.492803,0.490429,0.487627,0.484441,0.480961,0.477316,0.473669,0.470212,0.467139,0.464641,0.462877,0.461964,0.461964,0.462877,0.464641,0.467139,0.470212,0.473669,0.477316,0.480961,0.484441,0.487627,0.490429,0.492803,0.494742,0.49627,0.497432,0.498285,0.498889,0.499302,0.499576,0.49975,0.499857,0.499921,0.499958,0.499978,0.499989,0.499995,0.499998,0.499999,0.5,0.5,0.5,0.5
0.5,0.5,0.5,0.5,0.499999,0.499999,0.499997,0.499994,0.499987,0.499975,0.499953,0.499914,0.499849,0.499743,0.499576,0.499321,0.498946,0.498415,0.497687,0.496724,0.495495,0.493982,0.492186,0.490133,0.487879,0.485507,0.483124,0.480855,0.478832,0.477183,0.476016,0.475412,0.475412,0.476016,0.477183,0.478832,0.480855,0.483124,0.485507,0.487879,0.490133,0.492186,0.493982,0.495495,0.496724,0.497687,0.498415,0.498946,0.499321,0.499576,0.499743,0.499849,0.499914,0.499953,0.499975,0.499987,0.499994,0.499997,0.499999,0.499999,0.5,0.5,0.5,0.5
0.5,0.5,0.5,0.5,0.5,0.499999,0.499998,0.499996,0.499993,0.499986,0.499973,0.49995,0.499912,0.499849,0.49975,0.499598,0.499373,0.499053,0.498612,0.498025,0.497271,0.496338,0.495226,0.493948,0.492538,0.491047,0.489543,0.488107,0.486822,0.485772,0.485028,0.484642,0.484642,0.485028,0.485772,0.486822,0.488107,0.489543,0.491047,0.492538,0.493948,0.495226,0.496338,0.497271,0.498025,0.498612,0.499053,0.499373,0.499598,0.49975,0.499849,0.499912,0.49995,0.499973,0.499986,0.499993,0.499996,0.499998,0.499999,0.5,0.5,0.5,0.5,0.5
0.5,0.5,0.5,0.5,0.5,0.5,0.499999,0.499998,0.499996,0.499992,0.499985,0.499972,0.49995,0.499914,0.499857,0.49977,0.499639,0.499452,0.499193,0.498847,0.498401,0.497845,0.497179,0.49641,0.495558,0.494654,0.493738,0.492861,0.492074,0.491429,0.490972,0.490734,0.490734,0.490972,0.491429,0.492074,0.492861,0.493738,0.494654,0.495558,0.49641,0.497179,0.497845,0.498401,0.498847,0.499193,0.499452,0.499639,0.49977,0.499857,0.499914,0.49995,0.499972,0.499985,0.499992,0.499996,0.499998,0.499999,0.5,0.5,0.5,0.5,0.5,0.5
0.5,0.5,0.5,0.5,0.5,0.5,0.499999,0.499999,0.499998,0.499996,0.499992,0.499985,0.499973,0.499953,0.499921,0.499872,0.499799,0.499693,0.499547,0.499349,0.499093,0.498774,0.498388,0.497942,0.497445,0.496915,0.496377,0.49586,0.495395,0.495014,0.494742,0.494601,0.494601,0.494742,0.495014,0.495395,0.49586,0.496377,0.496915,0.497445,0.497942,0.498388,0.498774,0.499093,0.499349,0.499547,0.499693,0.499799,0.499872,0.499921,0.499953,0.499973,0.499985,0.499992,0.499996,0.499998,0.499999,0.499999,0.5,0.5,0.5,0.5,0.5,0.5
0.5,0.5,0.5,0.5,0.5,0.5,0.5,0.499999,0.499999,0.499998,0.499996,0.499992,0.499986,0.499975,0.499958,0.499931,0.499892,0.499834,0.499753,0.499645,0.499503,0.499325,0.49911,0.498859,0.49858,0.49828,0.497975,0.497681,0.497416,0.497199,0.497043,0.496963,0.496963,0.497043,0.497199,0.497416,0.497681,0.497975,0.49828,0.49858,0.498859,0.49911,0.499325,0.499503,0.499645,0.499753,0.499834,0.499892,0.499931,0.499958,0.499975,0.499986,0.499992,0.499996,0.499998,0.499999,0.499999,0.5,0.5,0.5,0.5,0.5,0.5,0.5
0.5,0.5,0.5,0.5,0.5,0.5,0.5,0.5,0.499999,0.499999,0.499998,0.499996,0.499993,0.499987,0.499978,0.499964,0.499943,0.499913,0.49987,0.499812,0.499737,0.499641,0.499525,0.499389,0.499237,0.499074,0.498907,0.498746,0.4986,0.49848,0.498395,0.49835,0.49835,0.498395,0.49848,0.4986,0.498746,0.498907,0.499074,0.499237,0.499389,0.499525,0.499641,0.499737,0.499812,0.49987,0.499913,0.499943,0.499964,0.499978,0.499987,0.499993,0.499996,0.499998,0.499999,0.499999,0.5,0.5,0.5,0.5,0.5,0.5,0.5,0.5
0.5,0.5,0.5,0.5,0.5,0.5,0.5,0.5,0.5,0.499999,0.499999,0.499998,0.499996,0.499994,0.499989,0.499982,0.499971,0.499956,0.499934,0.499904,0.499865,0.499816,0.499755,0.499684,0.499604,0.499518,0.49943,0.499345,0.499268,0.499204,0.499159,0.499135,0.499135,0.499159,0.499204,0.499268,0.499345,0.49943,0.499518,0.499604,0.499684,0.499755,0.499816,0.499865,0.499904,0.499934,0.499956,0.499971,0.499982,0.499989,0.499994,0.499996,0.499998,0.499999,0.499999,0.5,0.5,0.5,0.5,0.5,0.5,0.5,0.5,0.5
0.5,0.5,0.5,0.5,0.5,0.5,0.5,0.5,0.5,0.5,0.499999,0.499999,0.499998,0.499997,0.499995,0.499991,0.499986,0.499978,0.499968,0.499953,0.499933,0.499908,0.499878,0.499842,0.499802,0.499758,0.499713,0.49967,0.49963,0.499598,0.499574,0.499562,0.499562,0.499574,0.499598,0.49963,0.49967,0.499713,0.499758,0.499802,0.499842,0.499878,0.499908,0.499933,0.499953,0.499968,0.499978,0.499986,0.499991,0.499995,0.499997,0.499998,0.499999,0.499999,0.5,0.5,0.5,0.5,0.5,0.5,0.5,0.5,0.5,0.5
0.5,0.5,0.5,0.5,0.5,0.5,0.5,0.5,0.5,0.5,0.5,0.5,0.499999,0.499999,0.499998,0.499996,0.499993,0.49999,0.499985,0.499977,0.499968,0.499956,0.499941,0.499924,0.499904,0.499883,0.499861,0.499839,0.49982,0.499804,0.499792,0.499786,0.499786,0.499792,0.499804,0.49982,0.499839,0.499861,0.499883,0.499904,0.499924,0.499941,0.499956,0.499968,0.499977,0.499985,0.49999,0.499993,0.499996,0.499998,0.499999,0.499999,0.5,0.5,0.5,0.5,0.5,0.5,0.5,0.5,0.5,0.5,0.5,0.5
0.5,0.5,0.5,0.5,0.5,0.5,0.5,0.5,0.5,0.5,0.5,0.5,0.5,0.499999,0.499999,0.499998,0.499997,0.499995,0.499993,0.49999,0.499985,0.49998,0.499973,0.499964,0.499955,0.499945,0.499935,0.499924,0.499915,0.499907,0.499902,0.499899,0.499899,0.499902,0.499907,0.499915,0.499924,0.499935,0.499945,0.499955,0.499964,0.499973,0.49998,0.499985,0.49999,0.499993,0.499995,0.499997,0.499998,0.499999,0.499999,0.5,0.5,0.5,0.5,0.5,0.5,0.5,0.5,0.5,0.5,0.5,0.5,0.5
0.5,0.5,0.5,0.5,0.5,0.5,0.5,0.5,0.5,0.5,0.5,0.5,0.5,0.5,0.5,0.499999,0.499999,0.499998,0.499997,0.499995,0.499993,0.499991,0.499988,0.499984,0.49998,0.499975,0.49997,0.499965,0.499961,0.499957,0.499955,0.499954,0.499954,0.499955,0.499957,0.499961,0.499965,0.49997,0.499975,0.49998,0.499984,0.499988,0.499991,0.499993,0.499995,0.499997,0.499998,0.499999,0.499999,0.5,0.5,0.5,0.5,0.5,0.5,0.5,0.5,0.5,0.5,0.5,0.5,0.5,0.5,0.5
0.5,0.5,0.5,0.5,0.5,0.5,0.5,0.5,0.5,0.5,0.5,0.5,0.5,0.5,0.5,0.5,0.499999,0.499999,0.499999,0.499998,0.499997,0.499996,0.499994,0.499993,0.499991,0.499988,0.499986,0.499984,0.499982,0.49998,0.499979,0.499978,0.499978,0.499979,0.49998,0.499982,0.499984,0.499986,0.499988,0.499991,0.499993,0.499994,0.499996,0.499997,0.499998,0.499999,0.499999,0.499999,0.5,0.5,0.5,0.5,0.5,0.5,0.5,0.5,0.5,0.5,0.5,0.5,0.5,0.5,0.5,0.5
0.5,0.5,0.5,0.5,0.5,0.5,0.5,0.5,0.5,0.5,0.5,0.5,0.5,0.5,0.5,0.5,0.5,0.499999,0.499999,0.499999,0.499998,0.499998,0.499997,0.499996,0.499995,0.499994,0.499992,0.499991,0.49999,0.499989,0.499988,0.499988,0.499988,0.499988,0.499989,0.49999,0.499991,0.499992,0.499994,0.499995,0.499996,0.499997,0.499998,0.499998,0.499999,0.499999,0.499999,0.5,0.5,0.5,0.5,0.5,0.5,0.5,0.5,0.5,0.5,0.5,0.5,0.5,0.5,0.5,0.5,0.5
0.5,0.5,0.5,0.5,0.5,0.5,0.5,0.5,0.5,0.5,0.5,0.5,0.5,0.5,0.5,0.5,0.5,0.499999,0.499999,0.499999,0.499998,0.499998,0.499997,0.499996,0.499995,0.499994,0.499992,0.499991,0.49999,0.499989,0.499988,0.499988,0.499988,0.499988,0.499989,0.49999,0.499991,0.499992,0.499994,0.499995,0.499996,0.499997,0.499998,0.499998,0.499999,0.499999,0.499999,0.5,0.5,0.5,0.5,0.5,0.5,0.5,0.5,0.5,0.5,0.5,0.5,0.5,0.5,0.5,0.5,0.5
