0.5,0.5,0.5,0.5,0.5,0.5,0.5,0.5,0.5,0.5,0.5,0.5,0.5,0.5,0.5,0.5,0.5,0.5,0.5,0.5,0.5,0.5,0.5,0.5,0.5,0.5,0.5,0.5,0.5,0.5,0.5,0.5,0.5,0.5,0.5,0.5,0.5,0.5,0.5,0.5,0.5,0.5,0.5,0.5,0.5,0.5,0.5,0.5,0.5,0.5,0.5,0.5,0.5,0.5,0.5,0.5,0.5,0.5,0.5,0.5,0.5,0.5,0.5,0.5
0.5,0.5,0.5,0.5,0.5,0.5,0.5,0.5,0.5,0.5,0.5,0.5,0.5,0.5,0.5,0.5,0.5,0.5,0.5,0.5,0.5,0.5,0.5,0.5,0.5,0.5,0.5,0.5,0.5,0.5,0.5,0.5,0.5,0.5,0.5,0.5,0.5,0.5,0.5,0.5,0.5,0.5,0.5,0.5,0.5,0.5,0.5,0.5,0.5,0.5,0.5,0.5,0.5,0.5,0.5,0.5,0.5,0.5,0.5,0.5,0.5,0.5,0.5,0.5
0.5,0.5,0.5,0.5,0.5,0.5,0.5,0.5,0.5,0.5,0.5,0.5,0.5,0.5,0.5,0.5,0.5,0.5,0.5,0.5,0.5,0.5,0.5,0.5,0.5,0.5,0.5,0.5,0.5,0.5,0.5,0.5,0.5,0.5,0.5,0.5,0.5,0.5,0.5,0.5,0.5,0.5,0.5,0.5,0.5,0.5,0.5,0.5,0.5,0.5,0.5,0.5,0.5,0.5,0.5,0.5,0.5,0.5,0.5,0.5,0.5,0.5,0.5,0.5
0.5,0.5,0.5,0.5,0.5,0.5,0.5,0.5,0.5,0.5,0.5,0.5,0.5,0.5,0.5,0.5,0.5,0.5,0.5,0.5,0.5,0.5,0.5,0.5,0.5,0.499999,0.499999,0.499999,0.499999,0.499999,0.499999,0.499999,0.499999,0.499999,0.499999,0.499999,0.499999,0.499999,0.499999,0.5,0.5,0.5,0.5,0.5,0.5,0.5,0.5,0.5,0.5,0.5,0.5,0.5,0.5,0.5,0.5,0.5,0.5,0.5,0.5,0.5,0.5,0.5,0.5,0.5
0.5,0.5,0.5,0.5,0.5,0.5,0.5,0.5,0.5,0.5,0.5,0.5,0.5,0.5,0.5,0.5,0.5,0.5,0.5,0.5,0.5,0.5,0.499999,0.499999,0.499999,0.499999,0.499998,0.499998,0.499998,0.499997,0.499997,0.499997,0.499997,0.499997,0.499997,0.499998,0.499998,0.499998,0.499999,0.499999,0.499999,0.499999,0.5,0.5,0.5,0.5,0.5,0.5,0.5,0.5,0.5,0.5,0.5,0.5,0.5,0.5,0.5,0.5,0.5,0.5,0.5,0.5,0.5,0.5
0.5,0.5,0.5,0.5,0.5,0.5,0.5,0.5,0.5,0.5,0.5,0.5,0.5,0.5,0.5,0.5,0.5,0.5,0.5,0.5,0.499999,0.499999,0.499998,0.499998,0.499997,0.499996,0.499996,0.499995,0.499994,0.499993,0.499993,0.499993,0.499993,0.499993,0.499993,0.499994,0.499995,0.499996,0.499996,0.499997,0.499998,0.499998,0.499999,0.499999,0.5,0.5,0.5,0.5,0.5,0.5,0.5,0.5,0.5,0.5,0.5,0.5,0.5,0.5,0.5,0.5,0.5,0.5,0.5,0.5
0.5,0.5,0.5,0.5,0.5,0.5,0.5,0.5,0.5,0.5,0.5,0.5,0.5,0.5,0.5,0.5,0.5,0.5,0.499999,0.499999,0.499998,0.499997,0.499996,0.499995,0.499993,0.499991,0.499989,0.499987,0.499986,0.499984,0.499983,0.499982,0.499982,0.499983,0.499984,0.499986,0.499987,0.499989,0.499991,0.499993,0.499995,0.499996,0.499997,0.499998,0.499999,0.499999,0.5,0.5,0.5,0.5,0.5,0.5,0.5,0.5,0.5,0.5,0.5,0.5,0.5,0.5,0.5,0.5,0.5,0.5
0.5,0.5,0.5,0.5,0.5,0.5,0.5,0.5,0.5,0.5,0.5,0.5,0.5,0.5,0.5,0.5,0.499999,0.499999,0.499998,0.499997,0.499996,0.499994,0.499991,0.499988,0.499984,0.49998,0.499975,0.499971,0.499967,0.499963,0.49996,0.499959,0.499959,0.49996,0.499963,0.499967,0.499971,0.499975,0.49998,0.499984,0.499988,0.499991,0.499994,0.499996,0.499997,0.499998,0.499999,0.499999,0.5,0.5,0.5,0.5,0.5,0.5,0.5,0.5,0.5,0.5,0.5,0.5,0.5,0.5,0.5,0.5
0.5,0.5,0.5,0.5,0.5,0.5,0.5,0.5,0.5,0.5,0.5,0.5,0.5,0.5,0.5,0.499999,0.499999,0.499997,0.499996,0.499994,0.49999,0.499986,0.49998,0.499973,0.499965,0.499955,0.499945,0.499935,0.499925,0.499917,0.499911,0.499908,0.499908,0.499911,0.499917,0.499925,0.499935,0.499945,0.499955,0.499965,0.499973,0.49998,0.499986,0.49999,0.499994,0.499996,0.499997,0.499999,0.499999,0.5,0.5,0.5,0.5,0.5,0.5,0.5,0.5,0.5,0.5,0.5,0.5,0.5,0.5,0.5
0.5,0.5,0.5,0.5,0.5,0.5,0.5,0.5,0.5,0.5,0.5,0.5,0.5,0.499999,0.499999,0.499998,0.499997,0.499994,0.499991,0.499986,0.499979,0.499969,0.499957,0.499942,0.499923,0.499903,0.49988,0.499858,0.499838,0.49982,0.499808,0.499801,0.499801,0.499808,0.49982,0.499838,0.499858,0.49988,0.499903,0.499923,0.499942,0.499957,0.499969,0.499979,0.499986,0.499991,0.499994,0.499997,0.499998,0.499999,0.499999,0.5,0.5,0.5,0.5,0.5,0.5,0.5,0.5,0.5,0.5,0.5,0.5,0.5
0.5,0.5,0.5,0.5,0.5,0.5,0.5,0.5,0.5,0.5,0.5,0.5,0.499999,0.499999,0.499998,0.499996,0.499993,0.499988,0.499981,0.499971,0.499956,0.499936,0.49991,0.499877,0.499839,0.499796,0.49975,0.499704,0.499661,0.499625,0.499599,0.499585,0.499585,0.499599,0.499625,0.499661,0.499704,0.49975,0.499796,0.499839,0.499877,0.49991,0.499936,0.499956,0.499971,0.499981,0.499988,0.499993,0.499996,0.499998,0.499999,0.499999,0.5,0.5,0.5,0.5,0.5,0.5,0.5,0.5,0.5,0.5,0.5,0.5
0.5,0.5,0.5,0.5,0.5,0.5,0.5,0.5,0.5,0.5,0.5,0.499999,0.499999,0.499998,0.499995,0.499992,0.499986,0.499976,0.499962,0.49994,0.49991,0.49987,0.499817,0.499752,0.499675,0.499589,0.499496,0.499404,0.499318,0.499245,0.499193,0.499165,0.499165,0.499193,0.499245,0.499318,0.499404,0.499496,0.499589,0.499675,0.499752,0.499817,0.49987,0.49991,0.49994,0.499962,0.499976,0.499986,0.499992,0.499995,0.499998,0.499999,0.499999,0.5,0.5,0.5,0.5,0.5,0.5,0.5,0.5,0.5,0.5,0.5
0.5,0.5,0.5,0.5,0.5,0.5,0.5,0.5,0.5,0.5,0.499999,0.499999,0.499997,0.499995,0.499991,0.499984,0.499972,0.499953,0.499925,0.499883,0.499824,0.499745,0.499643,0.499516,0.499367,0.499199,0.499021,0.498842,0.498676,0.498536,0.498434,0.498381,0.498381,0.498434,0.498536,0.498676,0.498842,0.499021,0.499199,0.499367,0.499516,0.499643,0.499745,0.499824,0.499883,0.499925,0.499953,0.499972,0.499984,0.499991,0.499995,0.499997,0.499999,0.499999,0.5,0.5,0.5,0.5,0.5,0.5,0.5,0.5,0.5,0.5
0.5,0.5,0.5,0.5,0.5,0.5,0.5,0.5,0.5,0.499999,0.499999,0.499998,0.499995,0.499991,0.499983,0.499969,0.499947,0.499911,0.499857,0.499778,0.499668,0.499519,0.499327,0.49909,0.49881,0.498496,0.498163,0.497829,0.497519,0.497259,0.49707,0.496971,0.496971,0.49707,0.497259,0.497519,0.497829,0.498163,0.498496,0.49881,0.49909,0.499327,0.499519,0.499668,0.499778,0.499857,0.499911,0.499947,0.499969,0.499983,0.499991,0.499995,0.499998,0.499999,0.499999,0.5,0.5,0.5,0.5,0.5,0.5,0.5,0.5,0.5
0.5,0.5,0.5,0.5,0.5,0.5,0.5,0.5,0.5,0.499999,0.499998,0.499995,0.499991,0.499983,0.499968,0.499943,0.499902,0.499837,0.499738,0.499595,0.499394,0.499123,0.498775,0.498346,0.497841,0.497275,0.496674,0.496073,0.495517,0.495048,0.49471,0.494532,0.494532,0.49471,0.495048,0.495517,0.496073,0.496674,0.497275,0.497841,0.498346,0.498775,0.499123,0.499394,0.499595,0.499738,0.499837,0.499902,0.499943,0.499968,0.499983,0.499991,0.499995,0.499998,0.499999,0.5,0.5,0.5,0.5,0.5,0.5,0.5,0.5,0.5
0.5,0.5,0.5,0.5,0.5,0.5,0.5,0.5,0.499999,0.499998,0.499996,0.499992,0.499984,0.499969,0.499943,0.499898,0.499826,0.499711,0.499537,0.499285,0.498932,0.498458,0.497849,0.4971,0.496219,0.495233,0.494188,0.493146,0.49218,0.491368,0.490781,0.490473,0.490473,0.490781,0.491368,0.49218,0.493146,0.494188,0.495233,0.496219,0.4971,0.497849,0.498458,0.498932,0.499285,0.499537,0.499711,0.499826,0.499898,0.499943,0.499969,0.499984,0.499992,0.499996,0.499998,0.499999,0.5,0.5,0.5,0.5,0.5,0.5,0.5,0.5
0.5,0.5,0.5,0.5,0.5,0.5,0.5,0.499999,0.499999,0.499997,0.499993,0.499986,0.499972,0.499947,0.499902,0.499826,0.499701,0.499506,0.499211,0.498782,0.498183,0.497382,0.496354,0.49509,0.493608,0.491951,0.490197,0.48845,0.486832,0.485474,0.484492,0.483977,0.483977,0.484492,0.485474,0.486832,0.48845,0.490197,0.491951,0.493608,0.49509,0.496354,0.497382,0.498183,0.498782,0.499211,0.499506,0.499701,0.499826,0.499902,0.499947,0.499972,0.499986,0.499993,0.499997,0.499999,0.499999,0.5,0.5,0.5,0.5,0.5,0.5,0.5
0.5,0.5,0.5,0.5,0.5,0.5,0.5,0.499999,0.499997,0.499994,0.499988,0.499976,0.499953,0.499911,0.499837,0.499711,0.499506,0.499184,0.498699,0.497995,0.497016,0.495707,0.49403,0.491974,0.489565,0.486877,0.484035,0.481207,0.478592,0.476398,0.474813,0.473981,0.473981,0.474813,0.476398,0.478592,0.481207,0.484035,0.486877,0.489565,0.491974,0.49403,0.495707,0.497016,0.497995,0.498699,0.499184,0.499506,0.499711,0.499837,0.499911,0.499953,0.499976,0.499988,0.499994,0.499997,0.499999,0.5,0.5,0.5,0.5,0.5,0.5,0.5
0.5,0.5,0.5,0.5,0.5,0.5,0.499999,0.499998,0.499996,0.499991,0.499981,0.499962,0.499925,0.499857,0.499738,0.499537,0.499211,0.498699,0.497929,0.496814,0.495266,0.493201,0.49056,0.487327,0.483546,0.479335,0.474888,0.470468,0.466386,0.462963,0.460492,0.459196,0.459196,0.460492,0.462963,0.466386,0.470468,0.474888,0.479335,0.483546,0.487327,0.49056,0.493201,0.495266,0.496814,0.497929,0.498699,0.499211,0.499537,0.499738,0.499857,0.499925,0.499962,0.499981,0.499991,0.499996,0.499998,0.499999,0.5,0.5,0.5,0.5,0.5,0.5
0.5,0.5,0.5,0.5,0.5,0.5,0.499999,0.499997,0.499994,0.499986,0.499971,0.49994,0.499883,0.499778,0.499595,0.499285,0.498782,0.497995,0.496814,0.495109,0.492745,0.489597,0.485579,0.480669,0.474936,0.468561,0.461838,0.455166,0.44901,0.443852,0.440131,0.43818,0.43818,0.440131,0.443852,0.44901,0.455166,0.461838,0.468561,0.474936,0.480669,0.485579,0.489597,0.492745,0.495109,0.496814,0.497995,0.498782,0.499285,0.499595,0.499778,0.499883,0.49994,0.499971,0.499986,0.499994,0.499997,0.499999,0.5,0.5,0.5,0.5,0.5,0.5
0.5,0.5,0.5,0.5,0.5,0.499999,0.499998,0.499996,0.49999,0.499979,0.499956,0.49991,0.499824,0.499668,0.499394,0.498932,0.498183,0.497016,0.495266,0.492745,0.489254,0.484617,0.478709,0.471503,0.463103,0.453777,0.443956,0.434222,0.42525,0.417739,0.412324,0.409487,0.409487,0.412324,0.417739,0.42525,0.434222,0.443956,0.453777,0.463103,0.471503,0.478709,0.484617,0.489254,0.492745,0.495266,0.497016,0.498183,0.498932,0.499394,0.499668,0.499824,0.49991,0.499956,0.499979,0.49999,0.499996,0.499998,0.499999,0.5,0.5,0.5,0.5,0.5
0.5,0.5,0.5,0.5,0.5,0.499999,0.499997,0.499994,0.499986,0.499969,0.499936,0.49987,0.499745,0.499519,0.499123,0.498458,0.497382,0.495707,0.493201,0.489597,0.484617,0.478014,0.469616,0.459391,0.447493,0.434303,0.420434,0.406704,0.394063,0.383491,0.375873,0.371883,0.371883,0.375873,0.383491,0.394063,0.406704,0.420434,0.434303,0.447493,0.459391,0.469616,0.478014,0.484617,0.489597,0.493201,0.495707,0.497382,0.498458,0.499123,0.499519,0.499745,0.49987,0.499936,0.499969,0.499986,0.499994,0.499997,0.499999,0.5,0.5,0.5,0.5,0.5
0.5,0.5,0.5,0.5,0.499999,0.499998,0.499996,0.499991,0.49998,0.499957,0.49991,0.499817,0.499643,0.499327,0.498775,0.497849,0.496354,0.49403,0.49056,0.485579,0.478709,0.469616,0.458074,0.444043,0.427744,0.409702,0.39076,0.372031,0.354806,0.340412,0.330047,0.324619,0.324619,0.330047,0.340412,0.354806,0.372031,0.39076,0.409702,0.427744,0.444043,0.458074,0.469616,0.478709,0.485579,0.49056,0.49403,0.496354,0.497849,0.498775,0.499327,0.499643,0.499817,0.49991,0.499957,0.49998,0.499991,0.499996,0.499998,0.499999,0.5,0.5,0.5,0.5
0.5,0.5,0.5,0.5,0.499999,0.499998,0.499995,0.499988,0.499973,0.499942,0.499877,0.499752,0.499516,0.49909,0.498346,0.4971,0.49509,0.491974,0.487327,0.480669,0.471503,0.459391,0.444043,0.425418,0.403816,0.379941,0.354908,0.330187,0.307475,0.288511,0.274864,0.267721,0.267721,0.274864,0.288511,0.307475,0.330187,0.354908,0.379941,0.403816,0.425418,0.444043,0.459391,0.471503,0.480669,0.487327,0.491974,0.49509,0.4971,0.498346,0.49909,0.499516,0.499752,0.499877,0.499942,0.499973,0.499988,0.499995,0.499998,0.499999,0.5,0.5,0.5,0.5
0.5,0.5,0.5,0.5,0.499999,0.499997,0.499993,0.499984,0.499965,0.499923,0.499839,0.499675,0.499367,0.49881,0.497841,0.496219,0.493608,0.489565,0.483546,0.474936,0.463103,0.447493,0.427744,0.403816,0.376106,0.345523,0.3135,0.281913,0.252922,0.228735,0.211339,0.202237,0.202237,0.211339,0.228735,0.252922,0.281913,0.3135,0.345523,0.376106,0.403816,0.427744,0.447493,0.463103,0.474936,0.483546,0.489565,0.493608,0.496219,0.497841,0.49881,0.499367,0.499675,0.499839,0.499923,0.499965,0.499984,0.499993,0.499997,0.499999,0.5,0.5,0.5,0.5
0.5,0.5,0.5,0.499999,0.499999,0.499996,0.499991,0.49998,0.499955,0.499903,0.499796,0.499589,0.499199,0.498496,0.497275,0.495233,0.491951,0.486877,0.479335,0.468561,0.453777,0.434303,0.409702,0.379941,0.345523,0.307589,0.267917,0.228827,0.192984,0.163103,0.141624,0.130389,0.130389,0.141624,0.163103,0.192984,0.228827,0.267917,0.307589,0.345523,0.379941,0.409702,0.434303,0.453777,0.468561,0.479335,0.486877,0.491951,0.495233,0.497275,0.498496,0.499199,0.499589,0.499796,0.499903,0.499955,0.49998,0.499991,0.499996,0.499999,0.499999,0.5,0.5,0.5
0.5,0.5,0.5,0.499999,0.499998,0.499996,0.499989,0.499975,0.499945,0.49988,0.49975,0.499496,0.499021,0.498163,0.496674,0.494188,0.490197,0.484035,0.474888,0.461838,0.443956,0.420434,0.39076,0.354908,0.3135,0.267917,0.220297,0.173425,0.130481,0.0947062,0.0690038,0.0555639,0.0555639,0.0690038,0.0947062,0.130481,0.173425,0.220297,0.267917,0.3135,0.354908,0.39076,0.420434,0.443956,0.461838,0.474888,0.484035,0.490197,0.494188,0.496674,0.498163,0.499021,0.499496,0.49975,0.49988,0.499945,0.499975,0.499989,0.499996,0.499998,0.499999,0.5,0.5,0.5
0.5,0.5,0.5,0.499999,0.499998,0.499995,0.499987,0.499971,0.499935,0.499858,0.499704,0.499404,0.498842,0.497829,0.496073,0.493146,0.48845,0.481207,0.470468,0.455166,0.434222,0.406704,0.372031,0.330187,0.281913,0.228827,0.173425,0.118939,0.0690581,0.0275292,-0.00229371,-0.0178838,-0.0178838,-0.00229371,0.0275292,0.0690581,0.118939,0.173425,0.228827,0.281913,0.330187,0.372031,0.406704,0.434222,0.455166,0.470468,0.481207,0.48845,0.493146,0.496073,0.497829,0.498842,0.499404,0.499704,0.499858,0.499935,0.499971,0.499987,0.499995,0.499998,0.499999,0.5,0.5,0.5
0.5,0.5,0.5,0.499999,0.499998,0.499994,0.499986,0.499967,0.499925,0.499838,0.499661,0.499318,0.498676,0.497519,0.495517,0.49218,0.486832,0.478592,0.466386,0.44901,0.42525,0.394063,0.354806,0.307475,0.252922,0.192984,0.130481,0.0690581,0.0128617,-0.0339013,-0.0674701,-0.0850143,-0.0850143,-0.0674701,-0.0339013,0.0128617,0.0690581,0.130481,0.192984,0.252922,0.307475,0.354806,0.394063,0.42525,0.44901,0.466386,0.478592,0.486832,0.49218,0.495517,0.497519,0.498676,0.499318,0.499661,0.499838,0.499925,0.499967,0.499986,0.499994,0.499998,0.499999,0.5,0.5,0.5
0.5,0.5,0.5,0.499999,0.499997,0.499993,0.499984,0.499963,0.499917,0.49982,0.499625,0.499245,0.498536,0.497259,0.495048,0.491368,0.485474,0.476398,0.462963,0.443852,0.417739,0.383491,0.340412,0.288511,0.228735,0.163103,0.0947062,0.0275292,-0.0339013,-0.0849992,-0.121669,-0.14083,-0.14083,-0.121669,-0.0849992,-0.0339013,0.0275292,0.0947062,0.163103,0.228735,0.288511,0.340412,0.383491,0.417739,0.443852,0.462963,0.476398,0.485474,0.491368,0.495048,0.497259,0.498536,0.499245,0.499625,0.49982,0.499917,0.499963,0.499984,0.499993,0.499997,0.499999,0.5,0.5,0.5
0.5,0.5,0.5,0.499999,0.499997,0.499993,0.499983,0.49996,0.499911,0.499808,0.499599,0.499193,0.498434,0.49707,0.49471,0.490781,0.484492,0.474813,0.460492,0.440131,0.412324,0.375873,0.330047,0.274864,0.211339,0.141624,0.0690038,-0.00229371,-0.0674701,-0.121669,-0.160556,-0.180874,-0.180874,-0.160556,-0.121669,-0.0674701,-0.00229371,0.0690038,0.141624,0.211339,0.274864,0.330047,0.375873,0.412324,0.440131,0.460492,0.474813,0.484492,0.490781,0.49471,0.49707,0.498434,0.499193,0.499599,0.499808,0.499911,0.49996,0.499983,0.499993,0.499997,0.499999,0.5,0.5,0.5
0.5,0.5,0.5,0.499999,0.499997,0.499993,0.499982,0.499959,0.499908,0.499801,0.499585,0.499165,0.498381,0.496971,0.494532,0.490473,0.483977,0.473981,0.459196,0.43818,0.409487,0.371883,0.324619,0.267721,0.202237,0.130389,0.0555639,-0.0178838,-0.0850143,-0.14083,-0.180874,-0.201794,-0.201794,-0.180874,-0.14083,-0.0850143,-0.0178838,0.0555639,0.130389,0.202237,0.267721,0.324619,0.371883,0.409487,0.43818,0.459196,0.473981,0.483977,0.490473,0.494532,0.496971,0.498381,0.499165,0.499585,0.499801,0.499908,0.499959,0.499982,0.499993,0.499997,0.499999,0.5,0.5,0.5
0.5,0.5,0.5,0.499999,0.499997,0.499993,0.499982,0.499959,0.499908,0.499801,0.499585,0.499165,0.498381,0.496971,0.494532,0.490473,0.483977,0.473981,0.459196,0.43818,0.409487,0.371883,0.324619,0.267721,0.202237,0.130389,0.0555639,-0.0178838,-0.0850143,-0.14083,-0.180874,-0.201794,-0.201794,-0.180874,-0.14083,-0.0850143,-0.0178838,0.0555639,0.130389,0.202237,0.267721,0.324619,0.371883,0.409487,0.43818,0.459196,0.473981,0.483977,0.490473,0.494532,0.496971,0.498381,0.499165,0.499585,0.499801,0.499908,0.499959,0.499982,0.499993,0.499997,0.499999,0.5,0.5,0.5
0.5,0.5,0.5,0.499999,0.499997,0.499993,0.499983,0.49996,0.499911,0.499808,0.499599,0.499193,0.498434,0.49707,0.49471,0.490781,0.484492,0.474813,0.460492,0.440131,0.412324,0.375873,0.330047,0.274864,0.211339,0.141624,0.0690038,-0.00229371,-0.0674701,-0.121669,-0.160556,-0.180874,-0.180874,-0.160556,-0.121669,-0.0674701,-0.00229371,0.0690038,0.141624,0.211339,0.274864,0.330047,0.375873,0.412324,0.440131,0.460492,0.474813,0.484492,0.490781,0.49471,0.49707,0.498434,0.499193,0.499599,0.499808,0.499911,0.49996,0.499983,0.499993,0.499997,0.499999,0.5,0.5,0.5
0.5,0.5,0.5,0.499999,0.499997,0.499993,0.499984,0.499963,0.499917,0.49982,0.499625,0.499245,0.498536,0.497259,0.495048,0.491368,0.485474,0.476398,0.462963,0.443852,0.417739,0.383491,0.340412,0.288511,0.228735,0.163103,0.0947062,0.0275292,-0.0339013,-0.0849992,-0.121669,-0.14083,-0.14083,-0.121669,-0.0849992,-0.0339013,0.0275292,0.0947062,0.163103,0.228735,0.288511,0.340412,0.383491,0.417739,0.443852,0.462963,0.476398,0.485474,0.491368,0.495048,0.497259,0.498536,0.499245,0.499625,0.49982,0.499917,0.499963,0.499984,0.499993,0.499997,0.499999,0.5,0.5,0.5
0.5,0.5,0.5,0.499999,0.499998,0.499994,0.499986,0.499967,0.499925,0.499838,0.499661,0.499318,0.498676,0.497519,0.495517,0.49218,0.486832,0.478592,0.466386,0.44901,0.42525,0.394063,0.354806,0.307475,0.252922,0.192984,0.130481,0.0690581,0.0128617,-0.0339013,-0.0674701,-0.0850143,-0.0850143,-0.0674701,-0.0339013,0.0128617,0.0690581,0.130481,0.192984,0.252922,0.307475,0.354806,0.394063,0.42525,0.44901,0.466386,0.478592,0.486832,0.49218,0.495517,0.497519,0.498676,0.499318,0.499661,0.499838,0.499925,0.499967,0.499986,0.499994,0.499998,0.499999,0.5,0.5,0.5
0.5,0.5,0.5,0.499999,0.499998,0.499995,0.499987,0.499971,0.499935,0.499858,0.499704,0.499404,0.498842,0.497829,0.496073,0.493146,0.48845,0.481207,0.470468,0.455166,0.434222,0.406704,0.372031,0.330187,0.281913,0.228827,0.173425,0.118939,0.0690581,0.0275292,-0.00229371,-0.0178838,-0.0178838,-0.00229371,0.0275292,0.0690581,0.118939,0.173425,0.228827,0.281913,0.330187,0.372031,0.406704,0.434222,0.455166,0.470468,0.481207,0.48845,0.493146,0.496073,0.497829,0.498842,0.499404,0.499704,0.499858,0.499935,0.499971,0.499987,0.499995,0.499998,0.499999,0.5,0.5,0.5
0.5,0.5,0.5,0.499999,0.499998,0.499996,0.499989,0.499975,0.499945,0.49988,0.49975,0.499496,0.499021,0.498163,0.496674,0.494188,0.490197,0.484035,0.474888,0.461838,0.443956,0.420434,0.39076,0.354908,0.3135,0.267917,0.220297,0.173425,0.130481,0.0947062,0.0690038,0.0555639,0.0555639,0.0690038,0.0947062,0.130481,0.173425,0.220297,0.267917,0.3135,0.354908,0.39076,0.420434,0.443956,0.461838,0.474888,0.484035,0.490197,0.494188,0.496674,0.498163,0.499021,0.499496,0.49975,0.49988,0.499945,0.499975,0.499989,0.499996,0.499998,0.499999,0.5,0.5,0.5
0.5,0.5,0.5,0.499999,0.499999,0.499996,0.499991,0.49998,0.499955,0.499903,0.499796,0.499589,0.499199,0.498496,0.497275,0.495233,0.491951,0.486877,0.479335,0.468561,0.453777,0.434303,0.409702,0.379941,0.345523,0.307589,0.267917,0.228827,0.192984,0.163103,0.141624,0.130389,0.130389,0.141624,0.163103,0.192984,0.228827,0.267917,0.307589,0.345523,0.379941,0.409702,0.434303,0.453777,0.468561,0.479335,0.486877,0.491951,0.495233,0.497275,0.498496,0.499199,0.499589,0.499796,0.499903,0.499955,0.49998,0.499991,0.499996,0.499999,0.499999,0.5,0.5,0.5
0.5,0.5,0.5,0.5,0.499999,0.499997,0.499993,0.499984,0.499965,0.499923,0.499839,0.499675,0.499367,0.49881,0.497841,0.496219,0.493608,0.489565,0.483546,0.474936,0.463103,0.447493,0.427744,0.403816,0.376106,0.345523,0.3135,0.281913,0.252922,0.228735,0.211339,0.202237,0.202237,0.211339,0.228735,0.252922,0.281913,0.3135,0.345523,0.376106,0.403816,0.427744,0.447493,0.463103,0.474936,0.483546,0.489565,0.493608,0.496219,0.497841,0.49881,0.499367,0.499675,0.499839,0.499923,0.499965,0.499984,0.499993,0.499997,0.499999,0.5,0.5,0.5,0.5
0.5,0.5,0.5,0.5,0.499999,0.499998,0.499995,0.499988,0.499973,0.499942,0.499877,0.499752,0.499516,0.49909,0.498346,0.4971,0.49509,0.491974,0.487327,0.480669,0.471503,0.459391,0.444043,0.425418,0.403816,0.379941,0.354908,0.330187,0.307475,0.288511,0.274864,0.267721,0.267721,0.274864,0.288511,0.307475,0.330187,0.354908,0.379941,0.403816,0.425418,0.444043,0.459391,0.471503,0.480669,0.487327,0.491974,0.49509,0.4971,0.498346,0.49909,0.499516,0.499752,0.499877,0.499942,0.499973,0.499988,0.499995,0.499998,0.499999,0.5,0.5,0.5,0.5
0.5,0.5,0.5,0.5,0.499999,0.499998,0.499996,0.499991,0.49998,0.499957,0.49991,0.499817,0.499643,0.499327,0.498775,0.497849,0.496354,0.49403,0.49056,0.485579,0.478709,0.469616,0.458074,0.444043,0.427744,0.409702,0.39076,0.372031,0.354806,0.340412,0.330047,0.324619,0.324619,0.330047,0.340412,0.354806,0.372031,0.39076,0.409702,0.427744,0.444043,0.458074,0.469616,0.478709,0.485579,0.49056,0.49403,0.496354,0.497849,0.498775,0.499327,0.499643,0.499817,0.49991,0.499957,0.49998,0.499991,0.499996,0.499998,0.499999,0.5,0.5,0.5,0.5
0.5,0.5,0.5,0.5,0.5,0.499999,0.499997,0.499994,0.499986,0.499969,0.499936,0.49987,0.499745,0.499519,0.499123,0.498458,0.497382,0.495707,0.493201,0.489597,0.484617,0.478014,0.469616,0.459391,0.447493,0.434303,0.420434,0.406704,0.394063,0.383491,0.375873,0.371883,0.371883,0.375873,0.383491,0.394063,0.406704,0.420434,0.434303,0.447493,0.459391,0.469616,0.478014,0.484617,0.489597,0.493201,0.495707,0.497382,0.498458,0.499123,0.499519,0.499745,0.49987,0.499936,0.499969,0.499986,0.499994,0.499997,0.499999,0.5,0.5,0.5,0.5,0.5
0.5,0.5,0.5,0.5,0.5,0.499999,0.499998,0.499996,0.49999,0.499979,0.499956,0.49991,0.499824,0.499668,0.499394,0.498932,0.498183,0.497016,0.495266,0.492745,0.489254,0.484617,0.478709,0.471503,0.463103,0.453777,0.443956,0.434222,0.42525,0.417739,0.412324,0.409487,0.409487,0.412324,0.417739,0.42525,0.434222,0.443956,0.453777,0.463103,0.471503,0.478709,0.484617,0.489254,0.492745,0.495266,0.497016,0.498183,0.498932,0.499394,0.499668,0.499824,0.49991,0.499956,0.499979,0.49999,0.499996,0.499998,0.499999,0.5,0.5,0.5,0.5,0.5
0.5,0.5,0.5,0.5,0.5,0.5,0.499999,0.499997,0.499994,0.499986,0.499971,0.49994,0.499883,0.499778,0.499595,0.499285,0.498782,0.497995,0.496814,0.495109,0.492745,0.489597,0.485579,0.480669,0.474936,0.468561,0.461838,0.455166,0.44901,0.443852,0.440131,0.43818,0.43818,0.440131,0.443852,0.44901,0.455166,0.461838,0.468561,0.474936,0.480669,0.485579,0.489597,0.492745,0.495109,0.496814,0.497995,0.498782,0.499285,0.499595,0.499778,0.499883,0.49994,0.499971,0.499986,0.499994,0.499997,0.499999,0.5,0.5,0.5,0.5,0.5,0.5
0.5,0.5,0.5,0.5,0.5,0.5,0.499999,0.499998,0.499996,0.499991,0.499981,0.499962,0.499925,0.499857,0.499738,0.499537,0.499211,0.498699,0.497929,0.496814,0.495266,0.493201,0.49056,0.487327,0.483546,0.479335,0.474888,0.470468,0.466386,0.462963,0.460492,0.459196,0.459196,0.460492,0.462963,0.466386,0.470468,0.474888,0.479335,0.483546,0.487327,0.49056,0.493201,0.495266,0.496814,0.497929,0.498699,0.499211,0.499537,0.499738,0.499857,0.499925,0.499962,0.499981,0.499991,0.499996,0.499998,0.499999,0.5,0.5,0.5,0.5,0.5,0.5
0.5,0.5,0.5,0.5,0.5,0.5,0.5,0.499999,0.499997,0.499994,0.499988,0.499976,0.499953,0.499911,0.499837,0.499711,0.499506,0.499184,0.498699,0.497995,0.497016,0.495707,0.49403,0.491974,0.489565,0.486877,0.484035,0.481207,0.478592,0.476398,0.474813,0.473981,0.473981,0.474813,0.476398,0.478592,0.481207,0.484035,0.486877,0.489565,0.491974,0.49403,0.495707,0.497016,0.497995,0.498699,0.499184,0.499506,0.499711,0.499837,0.499911,0.499953,0.499976,0.499988,0.499994,0.499997,0.499999,0.5,0.5,0.5,0.5,0.5,0.5,0.5
0.5,0.5,0.5,0.5,0.5,0.5,0.5,0.499999,0.499999,0.499997,0.499993,0.499986,0.499972,0.499947,0.499902,0.499826,0.499701,0.499506,0.499211,0.498782,0.498183,0.497382,0.496354,0.49509,0.493608,0.491951,0.490197,0.48845,0.486832,0.485474,0.484492,0.483977,0.483977,0.484492,0.485474,0.486832,0.48845,0.490197,0.491951,0.493608,0.49509,0.496354,0.497382,0.498183,0.498782,0.499211,0.499506,0.499701,0.499826,0.499902,0.499947,0.499972,0.499986,0.499993,0.499997,0.499999,0.499999,0.5,0.5,0.5,0.5,0.5,0.5,0.5
0.5,0.5,0.5,0.5,0.5,0.5,0.5,0.5,0.499999,0.499998,0.499996,0.499992,0.499984,0.499969,0.499943,0.499898,0.499826,0.499711,0.499537,0.499285,0.498932,0.498458,0.497849,0.4971,0.496219,0.495233,0.494188,0.493146,0.49218,0.491368,0.490781,0.490473,0.490473,0.490781,0.491368,0.49218,0.493146,0.494188,0.495233,0.496219,0.4971,0.497849,0.498458,0.498932,0.499285,0.499537,0.499711,0.499826,0.499898,0.499943,0.499969,0.499984,0.499992,0.499996,0.499998,0.499999,0.5,0.5,0.5,0.5,0.5,0.5,0.5,0.5
0.5,0.5,0.5,0.5,0.5,0.5,0.5,0.5,0.5,0.499999,0.499998,0.499995,0.499991,0.499983,0.499968,0.499943,0.499902,0.499837,0.499738,0.499595,0.499394,0.499123,0.498775,0.498346,0.497841,0.497275,0.496674,0.496073,0.495517,0.495048,0.49471,0.494532,0.494532,0.49471,0.495048,0.495517,0.496073,0.496674,0.497275,0.497841,0.498346,0.498775,0.499123,0.499394,0.499595,0.499738,0.499837,0.499902,0.499943,0.499968,0.499983,0.499991,0.499995,0.499998,0.499999,0.5,0.5,0.5,0.5,0.5,0.5,0.5,0.5,0.5
0.5,0.5,0.5,0.5,0.5,0.5,0.5,0.5,0.5,0.499999,0.499999,0.499998,0.499995,0.499991,0.499983,0.499969,0.499947,0.499911,0.499857,0.499778,0.499668,0.499519,0.499327,0.49909,0.49881,0.498496,0.498163,0.497829,0.497519,0.497259,0.49707,0.496971,0.496971,0.49707,0.497259,0.497519,0.497829,0.498163,0.498496,0.49881,0.49909,0.499327,0.499519,0.499668,0.499778,0.499857,0.499911,0.499947,0.499969,0.499983,0.499991,0.499995,0.499998,0.499999,0.499999,0.5,0.5,0.5,0.5,0.5,0.5,0.5,0.5,0.5
0.5,0.5,0.5,0.5,0.5,0.5,0.5,0.5,0.5,0.5,0.499999,0.499999,0.499997,0.499995,0.499991,0.499984,0.499972,0.499953,0.499925,0.499883,0.499824,0.499745,0.499643,0.499516,0.499367,0.499199,0.499021,0.498842,0.498676,0.498536,0.498434,0.498381,0.498381,0.498434,0.498536,0.498676,0.498842,0.499021,0.499199,0.499367,0.499516,0.499643,0.499745,0.499824,0.499883,0.499925,0.499953,0.499972,0.499984,0.499991,0.499995,0.499997,0.499999,0.499999,0.5,0.5,0.5,0.5,0.5,0.5,0.5,0.5,0.5,0.5
0.5,0.5,0.5,0.5,0.5,0.5,0.5,0.5,0.5,0.5,0.5,0.499999,0.499999,0.499998,0.499995,0.499992,0.499986,0.499976,0.499962,0.49994,0.49991,0.49987,0.499817,0.499752,0.499675,0.499589,0.499496,0.499404,0.499318,0.499245,0.499193,0.499165,0.499165,0.499193,0.499245,0.499318,0.499404,0.499496,0.499589,0.499675,0.499752,0.499817,0.49987,0.49991,0.49994,0.499962,0.499976,0.499986,0.499992,0.499995,0.499998,0.499999,0.499999,0.5,0.5,0.5,0.5,0.5,0.5,0.5,0.5,0.5,0.5,0.5
0.5,0.5,0.5,0.5,0.5,0.5,0.5,0.5,0.5,0.5,0.5,0.5,0.499999,0.499999,0.499998,0.499996,0.499993,0.499988,0.499981,0.499971,0.499956,0.499936,0.49991,0.499877,0.499839,0.499796,0.49975,0.499704,0.499661,0.499625,0.499599,0.499585,0.499585,0.499599,0.499625,0.499661,0.499704,0.49975,0.499796,0.499839,0.499877,0.49991,0.499936,0.499956,0.499971,0.499981,0.499988,0.499993,0.499996,0.499998,0.499999,0.499999,0.5,0.5,0.5,0.5,0.5,0.5,0.5,0.5,0.5,0.5,0.5,0.5
0.5,0.5,0.5,0.5,0.5,0.5,0.5,0.5,0.5,0.5,0.5,0.5,0.5,0.499999,0.499999,0.499998,0.499997,0.499994,0.499991,0.499986,0.499979,0.499969,0.499957,0.499942,0.499923,0.499903,0.49988,0.499858,0.499838,0.49982,0.499808,0.499801,0.499801,0.499808,0.49982,0.499838,0.499858,0.49988,0.499903,0.499923,0.499942,0.499957,0.499969,0.499979,0.499986,0.499991,0.499994,0.499997,0.499998,0.499999,0.499999,0.5,0.5,0.5,0.5,0.5,0.5,0.5,0.5,0.5,0.5,0.5,0.5,0.5
0.5,0.5,0.5,0.5,0.5,0.5,0.5,0.5,0.5,0.5,0.5,0.5,0.5,0.5,0.5,0.499999,0.499999,0.499997,0.499996,0.499994,0.49999,0.499986,0.49998,0.499973,0.499965,0.499955,0.499945,0.499935,0.499925,0.499917,0.499911,0.499908,0.499908,0.499911,0.499917,0.499925,0.499935,0.499945,0.499955,0.499965,0.499973,0.49998,0.499986,0.49999,0.499994,0.499996,0.499997,0.499999,0.499999,0.5,0.5,0.5,0.5,0.5,0.5,0.5,0.5,0.5,0.5,0.5,0.5,0.5,0.5,0.5
0.5,0.5,0.5,0.5,0.5,0.5,0.5,0.5,0.5,0.5,0.5,0.5,0.5,0.5,0.5,0.5,0.499999,0.499999,0.499998,0.499997,0.499996,0.499994,0.499991,0.499988,0.499984,0.49998,0.499975,0.499971,0.499967,0.499963,0.49996,0.499959,0.499959,0.49996,0.499963,0.499967,0.499971,0.499975,0.49998,0.499984,0.499988,0.499991,0.499994,0.499996,0.499997,0.499998,0.499999,0.499999,0.5,0.5,0.5,0.5,0.5,0.5,0.5,0.5,0.5,0.5,0.5,0.5,0.5,0.5,0.5,0.5
0.5,0.5,0.5,0.5,0.5,0.5,0.5,0.5,0.5,0.5,0.5,0.5,0.5,0.5,0.5,0.5,0.5,0.5,0.499999,0.499999,0.499998,0.499997,0.499996,0.499995,0.499993,0.499991,0.499989,0.499987,0.499986,0.499984,0.499983,0.499982,0.499982,0.499983,0.499984,0.499986,0.499987,0.499989,0.499991,0.499993,0.499995,0.499996,0.499997,0.499998,0.499999,0.499999,0.5,0.5,0.5,0.5,0.5,0.5,0.5,0.5,0.5,0.5,0.5,0.5,0.5,0.5,0.5,0.5,0.5,0.5
0.5,0.5,0.5,0.5,0.5,0.5,0.5,0.5,0.5,0.5,0.5,0.5,0.5,0.5,0.5,0.5,0.5,0.5,0.5,0.5,0.499999,0.499999,0.499998,0.499998,0.499997,0.499996,0.499996,0.499995,0.499994,0.499993,0.499993,0.499993,0.499993,0.499993,0.499993,0.499994,0.499995,0.499996,0.499996,0.499997,0.499998,0.499998,0.499999,0.499999,0.5,0.5,0.5,0.5,0.5,0.5,0.5,0.5,0.5,0.5,0.5,0.5,0.5,0.5,0.5,0.5,0.5,0.5,0.5,0.5
0.5,0.5,0.5,0.5,0.5,0.5,0.5,0.5,0.5,0.5,0.5,0.5,0.5,0.5,0.5,0.5,0.5,0.5,0.5,0.5,0.5,0.5,0.499999,0.499999,0.499999,0.499999,0.499998,0.499998,0.499998,0.499997,0.499997,0.499997,0.499997,0.499997,0.499997,0.499998,0.499998,0.499998,0.499999,0.499999,0.499999,0.499999,0.5,0.5,0.5,0.5,0.5,0.5,0.5,0.5,0.5,0.5,0.5,0.5,0.5,0.5,0.5,0.5,0.5,0.5,0.5,0.5,0.5,0.5
0.5,0.5,0.5,0.5,0.5,0.5,0.5,0.5,0.5,0.5,0.5,0.5,0.5,0.5,0.5,0.5,0.5,0.5,0.5,0.5,0.5,0.5,0.5,0.5,0.5,0.499999,0.499999,0.499999,0.499999,0.499999,0.499999,0.499999,0.499999,0.499999,0.499999,0.499999,0.499999,0.499999,0.499999,0.5,0.5,0.5,0.5,0.5,0.5,0.5,0.5,0.5,0.5,0.5,0.5,0.5,0.5,0.5,0.5,0.5,0.5,0.5,0.5,0.5,0.5,0.5,0.5,0.5
0.5,0.5,0.5,0.5,0.5,0.5,0.5,0.5,0.5,0.5,0.5,0.5,0.5,0.5,0.5,0.5,0.5,0.5,0.5,0.5,0.5,0.5,0.5,0.5,0.5,0.5,0.5,0.5,0.5,0.5,0.5,0.5,0.5,0.5,0.5,0.5,0.5,0.5,0.5,0.5,0.5,0.5,0.5,0.5,0.5,0.5,0.5,0.5,0.5,0.5,0.5,0.5,0.5,0.5,0.5,0.5,0.5,0.5,0.5,0.5,0.5,0.5,0.5,0.5
0.5,0.5,0.5,0.5,0.5,0.5,0.5,0.5,0.5,0.5,0.5,0.5,0.5,0.5,0.5,0.5,0.5,0.5,0.5,0.5,0.5,0.5,0.5,0.5,0.5,0.5,0.5,0.5,0.5,0.5,0.5,0.5,0.5,0.5,0.5,0.5,0.5,0.5,0.5,0.5,0.5,0.5,0.5,0.5,0.5,0.5,0.5,0.5,0.5,0.5,0.5,0.5,0.5,0.5,0.5,0.5,0.5,0.5,0.5,0.5,0.5,0.5,0.5,0.5
0.5,0.5,0.5,0.5,0.5,0.5,0.5,0.5,0.5,0.5,0.5,0.5,0.5,0.5,0.5,0.5,0.5,0.5,0.5,0.5,0.5,0.5,0.5,0.5,0.5,0.5,0.5,0.5,0.5,0.5,0.5,0.5,0.5,0.5,0.5,0.5,0.5,0.5,0.5,0.5,0.5,0.5,0.5,0.5,0.5,0.5,0.5,0.5,0.5,0.5,0.5,0.5,0.5,0.5,0.5,0.5,0.5,0.5,0.5,0.5,0.5,0.5,0.5,0.5
