0.5,0.5,0.5,0.5,0.5,0.5,0.5,0.5,0.5,0.5,0.5,0.499999,0.499999,0.499998,0.499998,0.499996,0.499994,0.499991,0.499987,0.499981,0.499974,0.499965,0.499955,0.499943,0.499929,0.499915,0.499901,0.499887,0.499874,0.499864,0.499857,0.499853,0.499853,0.499857,0.499864,0.499874,0.499887,0.499901,0.499915,0.499929,0.499943,0.499955,0.499965,0.499974,0.499981,0.499987,0.499991,0.499994,0.499996,0.499998,0.499998,0.499999,0.499999,0.5,0.5,0.5,0.5,0.5,0.5,0.5,0.5,0.5,0.5,0.5
0.5,0.5,0.5,0.5,0.5,0.5,0.5,0.5,0.5,0.5,0.5,0.499999,0.499999,0.499998,0.499998,0.499996,0.499994,0.499991,0.499987,0.499981,0.499974,0.499965,0.499955,0.499943,0.499929,0.499915,0.499901,0.499887,0.499874,0.499864,0.499857,0.499853,0.499853,0.499857,0.499864,0.499874,0.499887,0.499901,0.499915,0.499929,0.499943,0.499955,0.499965,0.499974,0.499981,0.499987,0.499991,0.499994,0.499996,0.499998,0.499998,0.499999,0.499999,0.5,0.5,0.5,0.5,0.5,0.5,0.5,0.5,0.5,0.5,0.5
0.5,0.5,0.5,0.5,0.5,0.5,0.5,0.5,0.5,0.5,0.5,0.499999,0.499998,0.499997,0.499996,0.499993,0.49999,0.499985,0.499978,0.499969,0.499958,0.499944,0.499927,0.499908,0.499887,0.499865,0.499842,0.499821,0.499801,0.499785,0.499774,0.499768,0.499768,0.499774,0.499785,0.499801,0.499821,0.499842,0.499865,0.499887,0.499908,0.499927,0.499944,0.499958,0.499969,0.499978,0.499985,0.49999,0.499993,0.499996,0.499997,0.499998,0.499999,0.5,0.5,0.5,0.5,0.5,0.5,0.5,0.5,0.5,0.5,0.5
0.5,0.5,0.5,0.5,0.5,0.5,0.5,0.5,0.5,0.499999,0.499999,0.499998,0.499997,0.499995,0.499992,0.499987,0.49998,0.49997,0.499957,0.49994,0.499918,0.499892,0.49986,0.499824,0.499784,0.499742,0.4997,0.49966,0.499624,0.499594,0.499573,0.499563,0.499563,0.499573,0.499594,0.499624,0.49966,0.4997,0.499742,0.499784,0.499824,0.49986,0.499892,0.499918,0.49994,0.499957,0.49997,0.49998,0.499987,0.499992,0.499995,0.499997,0.499998,0.499999,0.499999,0.5,0.5,0.5,0.5,0.5,0.5,0.5,0.5,0.5
0.5,0.5,0.5,0.5,0.5,0.5,0.5,0.5,0.499999,0.499999,0.499998,0.499996,0.499994,0.499989,0.499983,0.499973,0.49996,0.499941,0.499915,0.499881,0.499838,0.499786,0.499725,0.499655,0.499578,0.499498,0.499417,0.499341,0.499272,0.499217,0.499177,0.499157,0.499157,0.499177,0.499217,0.499272,0.499341,0.499417,0.499498,0.499578,0.499655,0.499725,0.499786,0.499838,0.499881,0.499915,0.499941,0.49996,0.499973,0.499983,0.499989,0.499994,0.499996,0.499998,0.499999,0.499999,0.5,0.5,0.5,0.5,0.5,0.5,0.5,0.5
0.5,0.5,0.5,0.5,0.5,0.5,0.5,0.499999,0.499999,0.499998,0.499996,0.499992,0.499987,0.499979,0.499966,0.499947,0.49992,0.499883,0.499833,0.499768,0.499686,0.499587,0.49947,0.499338,0.499195,0.499044,0.498894,0.498751,0.498624,0.498521,0.498448,0.49841,0.49841,0.498448,0.498521,0.498624,0.498751,0.498894,0.499044,0.499195,0.499338,0.49947,0.499587,0.499686,0.499768,0.499833,0.499883,0.49992,0.499947,0.499966,0.499979,0.499987,0.499992,0.499996,0.499998,0.499999,0.499999,0.5,0.5,0.5,0.5,0.5,0.5,0.5
0.5,0.5,0.5,0.5,0.5,0.5,0.499999,0.499999,0.499997,0.499995,0.499991,0.499985,0.499975,0.499959,0.499934,0.499898,0.499847,0.499776,0.499682,0.499561,0.499409,0.499226,0.499012,0.498771,0.498509,0.498237,0.497965,0.497708,0.49748,0.497295,0.497165,0.497097,0.497097,0.497165,0.497295,0.49748,0.497708,0.497965,0.498237,0.498509,0.498771,0.499012,0.499226,0.499409,0.499561,0.499682,0.499776,0.499847,0.499898,0.499934,0.499959,0.499975,0.499985,0.499991,0.499995,0.499997,0.499999,0.499999,0.5,0.5,0.5,0.5,0.5,0.5
0.5,0.5,0.5,0.5,0.5,0.499999,0.499999,0.499997,0.499995,0.499991,0.499983,0.499971,0.499952,0.499922,0.499876,0.49981,0.499715,0.499587,0.499416,0.499197,0.498924,0.498597,0.498217,0.497791,0.497332,0.496855,0.496381,0.495935,0.49554,0.49522,0.494995,0.494878,0.494878,0.494995,0.49522,0.49554,0.495935,0.496381,0.496855,0.497332,0.497791,0.498217,0.498597,0.498924,0.499197,0.499416,0.499587,0.499715,0.49981,0.499876,0.499922,0.499952,0.499971,0.499983,0.499991,0.499995,0.499997,0.499999,0.499999,0.5,0.5,0.5,0.5,0.5
0.5,0.5,0.5,0.5,0.499999,0.499999,0.499997,0.499995,0.49999,0.499983,0.499969,0.499947,0.499912,0.499857,0.499774,0.499655,0.499488,0.49926,0.49896,0.498577,0.498105,0.49754,0.496889,0.496163,0.495382,0.494577,0.49378,0.493032,0.492373,0.49184,0.491465,0.491271,0.491271,0.491465,0.49184,0.492373,0.493032,0.49378,0.494577,0.495382,0.496163,0.496889,0.49754,0.498105,0.498577,0.49896,0.49926,0.499488,0.499655,0.499774,0.499857,0.499912,0.499947,0.499969,0.499983,0.49999,0.499995,0.499997,0.499999,0.499999,0.5,0.5,0.5,0.5
0.5,0.5,0.5,0.499999,0.499999,0.499998,0.499995,0.499991,0.499983,0.499968,0.499944,0.499905,0.499842,0.499746,0.499602,0.499395,0.499107,0.498717,0.498207,0.497561,0.496768,0.495828,0.494748,0.493552,0.492274,0.490961,0.489668,0.488459,0.487397,0.48654,0.485939,0.485629,0.485629,0.485939,0.48654,0.487397,0.488459,0.489668,0.490961,0.492274,0.493552,0.494748,0.495828,0.496768,0.497561,0.498207,0.498717,0.499107,0.499395,0.499602,0.499746,0.499842,0.499905,0.499944,0.499968,0.499983,0.499991,0.499995,0.499998,0.499999,0.499999,0.5,0.5,0.5
0.5,0.5,0.5,0.499999,0.499998,0.499996,0.499991,0.499983,0.499969,0.499944,0.499902,0.499834,0.499727,0.499562,0.499319,0.498972,0.498491,0.497845,0.497006,0.495951,0.494665,0.49315,0.491422,0.48952,0.487498,0.485432,0.483409,0.481525,0.479876,0.478549,0.47762,0.477141,0.477141,0.47762,0.478549,0.479876,0.481525,0.483409,0.485432,0.487498,0.48952,0.491422,0.49315,0.494665,0.495951,0.497006,0.497845,0.498491,0.498972,0.499319,0.499562,0.499727,0.499834,0.499902,0.499944,0.499969,0.499983,0.499991,0.499996,0.499998,0.499999,0.5,0.5,0.5
0.499999,0.499999,0.499999,0.499998,0.499996,0.499992,0.499985,0.499971,0.499947,0.499905,0.499834,0.49972,0.499541,0.49927,0.498871,0.498306,0.497528,0.496492,0.495157,0.493489,0.491472,0.489112,0.48644,0.483517,0.48043,0.477295,0.474241,0.471409,0.46894,0.466961,0.465577,0.464866,0.464866,0.465577,0.466961,0.46894,0.471409,0.474241,0.477295,0.48043,0.483517,0.48644,0.489112,0.491472,0.493489,0.495157,0.496492,0.497528,0.498306,0.498871,0.49927,0.499541,0.49972,0.499834,0.499905,0.499947,0.499971,0.499985,0.499992,0.499996,0.499998,0.499999,0.499999,0.499999
0.499999,0.499999,0.499998,0.499997,0.499994,0.499987,0.499975,0.499952,0.499912,0.499842,0.499727,0.499541,0.499252,0.498818,0.498185,0.497292,0.496075,0.494466,0.492407,0.489855,0.486795,0.48324,0.479245,0.474906,0.470357,0.465763,0.461316,0.457213,0.453651,0.450806,0.448823,0.447805,0.447805,0.448823,0.450806,0.453651,0.457213,0.461316,0.465763,0.470357,0.474906,0.479245,0.48324,0.486795,0.489855,0.492407,0.494466,0.496075,0.497292,0.498185,0.498818,0.499252,0.499541,0.499727,0.499842,0.499912,0.499952,0.499975,0.499987,0.499994,0.499997,0.499998,0.499999,0.499999
0.499998,0.499998,0.499997,0.499995,0.499989,0.499979,0.499959,0.499922,0.499857,0.499746,0.499562,0.49927,0.498818,0.498142,0.497167,0.495802,0.493953,0.491531,0.488456,0.484678,0.480182,0.475003,0.46923,0.463007,0.456531,0.450038,0.44379,0.438061,0.43311,0.429171,0.426433,0.425029,0.425029,0.426433,0.429171,0.43311,0.438061,0.44379,0.450038,0.456531,0.463007,0.46923,0.475003,0.480182,0.484678,0.488456,0.491531,0.493953,0.495802,0.497167,0.498142,0.498818,0.49927,0.499562,0.499746,0.499857,0.499922,0.499959,0.499979,0.499989,0.499995,0.499997,0.499998,0.499998
0.499998,0.499998,0.499996,0.499992,0.499983,0.499966,0.499934,0.499876,0.499774,0.499602,0.499319,0.498871,0.498185,0.497167,0.495707,0.493681,0.49096,0.487424,0.482974,0.477554,0.47116,0.463859,0.45579,0.447166,0.438262,0.429403,0.420939,0.413225,0.406595,0.401344,0.397705,0.395844,0.395844,0.397705,0.401344,0.406595,0.413225,0.420939,0.429403,0.438262,0.447166,0.45579,0.463859,0.47116,0.477554,0.482974,0.487424,0.49096,0.493681,0.495707,0.497167,0.498185,0.498871,0.499319,0.499602,0.499774,0.499876,0.499934,0.499966,0.499983,0.499992,0.499996,0.499998,0.499998
0.499996,0.499996,0.499993,0.499987,0.499973,0.499947,0.499898,0.49981,0.499655,0.499395,0.498972,0.498306,0.497292,0.495802,0.493681,0.490762,0.486875,0.481868,0.475625,0.468088,0.45928,0.449316,0.438405,0.42685,0.415025,0.403358,0.392298,0.382289,0.373738,0.366999,0.362346,0.359971,0.359971,0.362346,0.366999,0.373738,0.382289,0.392298,0.403358,0.415025,0.42685,0.438405,0.449316,0.45928,0.468088,0.475625,0.481868,0.486875,0.490762,0.493681,0.495802,0.497292,0.498306,0.498972,0.499395,0.499655,0.49981,0.499898,0.499947,0.499973,0.499987,0.499993,0.499996,0.499996
0.499994,0.499994,0.49999,0.49998,0.49996,0.49992,0.499847,0.499715,0.499488,0.499107,0.498491,0.497528,0.496075,0.493953,0.49096,0.486875,0.481485,0.474603,0.466103,0.45594,0.44418,0.431007,0.416728,0.401754,0.38658,0.371746,0.357807,0.345292,0.334674,0.326351,0.32063,0.317717,0.317717,0.32063,0.326351,0.334674,0.345292,0.357807,0.371746,0.38658,0.401754,0.416728,0.431007,0.44418,0.45594,0.466103,0.474603,0.481485,0.486875,0.49096,0.493953,0.496075,0.497528,0.498491,0.499107,0.499488,0.499715,0.499847,0.49992,0.49996,0.49998,0.49999,0.499994,0.499994
0.499991,0.499991,0.499985,0.49997,0.499941,0.499883,0.499776,0.499587,0.49926,0.498717,0.497845,0.496492,0.494466,0.491531,0.487424,0.481868,0.474603,0.465416,0.454178,0.440878,0.425648,0.408771,0.390673,0.371899,0.353076,0.334867,0.317922,0.302843,0.290152,0.280268,0.273507,0.270075,0.270075,0.273507,0.280268,0.290152,0.302843,0.317922,0.334867,0.353076,0.371899,0.390673,0.408771,0.425648,0.440878,0.454178,0.465416,0.474603,0.481868,0.487424,0.491531,0.494466,0.496492,0.497845,0.498717,0.49926,0.499587,0.499776,0.499883,0.499941,0.49997,0.499985,0.499991,0.499991
0.499987,0.499987,0.499978,0.499957,0.499915,0.499833,0.499682,0.499416,0.49896,0.498207,0.497006,0.495157,0.492407,0.488456,0.482974,0.475625,0.466103,0.454178,0.439739,0.422834,0.403689,0.382714,0.360484,0.337695,0.315117,0.293526,0.273657,0.256158,0.241563,0.230283,0.222611,0.218731,0.218731,0.222611,0.230283,0.241563,0.256158,0.273657,0.293526,0.315117,0.337695,0.360484,0.382714,0.403689,0.422834,0.439739,0.454178,0.466103,0.475625,0.482974,0.488456,0.492407,0.495157,0.497006,0.498207,0.49896,0.499416,0.499682,0.499833,0.499915,0.499957,0.499978,0.499987,0.499987
0.499981,0.499981,0.499969,0.49994,0.499881,0.499768,0.499561,0.499197,0.498577,0.497561,0.495951,0.493489,0.489855,0.484678,0.477554,0.468088,0.45594,0.440878,0.422834,0.401942,0.378557,0.353248,0.326762,0.299962,0.273755,0.249022,0.22655,0.206993,0.190856,0.178497,0.170149,0.165945,0.165945,0.170149,0.178497,0.190856,0.206993,0.22655,0.249022,0.273755,0.299962,0.326762,0.353248,0.378557,0.401942,0.422834,0.440878,0.45594,0.468088,0.477554,0.484678,0.489855,0.493489,0.495951,0.497561,0.498577,0.499197,0.499561,0.499768,0.499881,0.49994,0.499969,0.499981,0.499981
0.499974,0.499974,0.499958,0.499918,0.499838,0.499686,0.499409,0.498924,0.498105,0.496768,0.494665,0.491472,0.486795,0.480182,0.47116,0.45928,0.44418,0.425648,0.403689,0.378557,0.35077,0.321088,0.290446,0.259881,0.230428,0.203042,0.178522,0.157482,0.140343,0.127361,0.118666,0.114311,0.114311,0.118666,0.127361,0.140343,0.157482,0.178522,0.203042,0.230428,0.259881,0.290446,0.321088,0.35077,0.378557,0.403689,0.425648,0.44418,0.45928,0.47116,0.480182,0.486795,0.491472,0.494665,0.496768,0.498105,0.498924,0.499409,0.499686,0.499838,0.499918,0.499958,0.499974,0.499974
0.499965,0.499965,0.499944,0.499892,0.499786,0.499587,0.499226,0.498597,0.49754,0.495828,0.49315,0.489112,0.48324,0.475003,0.463859,0.449316,0.431007,0.408771,0.382714,0.353248,0.321088,0.287204,0.252739,0.218893,0.186811,0.157482,0.13167,0.109891,0.0924272,0.0793795,0.0707341,0.0664337,0.0664337,0.0707341,0.0793795,0.0924272,0.109891,0.13167,0.157482,0.186811,0.218893,0.252739,0.287204,0.321088,0.353248,0.382714,0.408771,0.431007,0.449316,0.463859,0.475003,0.48324,0.489112,0.49315,0.495828,0.49754,0.498597,0.499226,0.499587,0.499786,0.499892,0.499944,0.499965,0.499965
0.499955,0.499955,0.499927,0.49986,0.499725,0.49947,0.499012,0.498217,0.496889,0.494748,0.491422,0.48644,0.479245,0.46923,0.45579,0.438405,0.416728,0.390673,0.360484,0.326762,0.290446,0.252739,0.214986,0.178543,0.14463,0.114227,0.0880065,0.0663306,0.0492887,0.0367792,0.0286072,0.0245797,0.0245797,0.0286072,0.0367792,0.0492887,0.0663306,0.0880065,0.114227,0.14463,0.178543,0.214986,0.252739,0.290446,0.326762,0.360484,0.390673,0.416728,0.438405,0.45579,0.46923,0.479245,0.48644,0.491422,0.494748,0.496889,0.498217,0.499012,0.49947,0.499725,0.49986,0.499927,0.499955,0.499955
0.499943,0.499943,0.499908,0.499824,0.499655,0.499338,0.498771,0.497791,0.496163,0.493552,0.48952,0.483517,0.474906,0.463007,0.447166,0.42685,0.401754,0.371899,0.337695,0.299962,0.259881,0.218893,0.178543,0.140315,0.105467,0.0749214,0.0492099,0.0284867,0.0126018,0.00121415,-0.00608039,-0.00962864,-0.00962864,-0.00608039,0.00121415,0.0126018,0.0284867,0.0492099,0.0749214,0.105467,0.140315,0.178543,0.218893,0.259881,0.299962,0.337695,0.371899,0.401754,0.42685,0.447166,0.463007,0.474906,0.483517,0.48952,0.493552,0.496163,0.497791,0.498771,0.499338,0.499655,0.499824,0.499908,0.499943,0.499943
0.499929,0.499929,0.499887,0.499784,0.499578,0.499195,0.498509,0.497332,0.495382,0.492274,0.487498,0.48043,0.470357,0.456531,0.438262,0.415025,0.38658,0.353076,0.315117,0.273755,0.230428,0.186811,0.14463,0.105467,0.0705784,0.0407849,0.0164296,-0.0025804,-0.0166672,-0.0264355,-0.032514,-0.0354118,-0.0354118,-0.032514,-0.0264355,-0.0166672,-0.0025804,0.0164296,0.0407849,0.0705784,0.105467,0.14463,0.186811,0.230428,0.273755,0.315117,0.353076,0.38658,0.415025,0.438262,0.456531,0.470357,0.48043,0.487498,0.492274,0.495382,0.497332,0.498509,0.499195,0.499578,0.499784,0.499887,0.499929,0.499929
0.499915,0.499915,0.499865,0.499742,0.499498,0.499044,0.498237,0.496855,0.494577,0.490961,0.485432,0.477295,0.465763,0.450038,0.429403,0.403358,0.371746,0.334867,0.293526,0.249022,0.203042,0.157482,0.114227,0.0749214,0.0407849,0.0124974,-0.00981871,-0.0265282,-0.0383413,-0.0461338,-0.05076,-0.05289,-0.05289,-0.05076,-0.0461338,-0.0383413,-0.0265282,-0.00981871,0.0124974,0.0407849,0.0749214,0.114227,0.157482,0.203042,0.249022,0.293526,0.334867,0.371746,0.403358,0.429403,0.450038,0.465763,0.477295,0.485432,0.490961,0.494577,0.496855,0.498237,0.499044,0.499498,0.499742,0.499865,0.499915,0.499915
0.499901,0.499901,0.499842,0.4997,0.499417,0.498894,0.497965,0.496381,0.49378,0.489668,0.483409,0.474241,0.461316,0.44379,0.420939,0.392298,0.357807,0.317922,0.273657,0.22655,0.178522,0.13167,0.0880065,0.0492099,0.0164296,-0.00981871,-0.0296497,-0.0437063,-0.0529841,-0.0586205,-0.0616838,-0.0629938,-0.0629938,-0.0616838,-0.0586205,-0.0529841,-0.0437063,-0.0296497,-0.00981871,0.0164296,0.0492099,0.0880065,0.13167,0.178522,0.22655,0.273657,0.317922,0.357807,0.392298,0.420939,0.44379,0.461316,0.474241,0.483409,0.489668,0.49378,0.496381,0.497965,0.498894,0.499417,0.4997,0.499842,0.499901,0.499901
0.499887,0.499887,0.499821,0.49966,0.499341,0.498751,0.497708,0.495935,0.493032,0.488459,0.481525,0.471409,0.457213,0.438061,0.413225,0.382289,0.345292,0.302843,0.256158,0.206993,0.157482,0.109891,0.0663306,0.0284867,-0.0025804,-0.0265282,-0.0437063,-0.055023,-0.0617389,-0.0652286,-0.0667508,-0.0672569,-0.0672569,-0.0667508,-0.0652286,-0.0617389,-0.055023,-0.0437063,-0.0265282,-0.0025804,0.0284867,0.0663306,0.109891,0.157482,0.206993,0.256158,0.302843,0.345292,0.382289,0.413225,0.438061,0.457213,0.471409,0.481525,0.488459,0.493032,0.495935,0.497708,0.498751,0.499341,0.49966,0.499821,0.499887,0.499887
0.499874,0.499874,0.499801,0.499624,0.499272,0.498624,0.49748,0.49554,0.492373,0.487397,0.479876,0.46894,0.453651,0.43311,0.406595,0.373738,0.334674,0.290152,0.241563,0.190856,0.140343,0.0924272,0.0492887,0.0126018,-0.0166672,-0.0383413,-0.0529841,-0.0617389,-0.0660952,-0.0676289,-0.0677569,-0.0675388,-0.0675388,-0.0677569,-0.0676289,-0.0660952,-0.0617389,-0.0529841,-0.0383413,-0.0166672,0.0126018,0.0492887,0.0924272,0.140343,0.190856,0.241563,0.290152,0.334674,0.373738,0.406595,0.43311,0.453651,0.46894,0.479876,0.487397,0.492373,0.49554,0.49748,0.498624,0.499272,0.499624,0.499801,0.499874,0.499874
0.499864,0.499864,0.499785,0.499594,0.499217,0.498521,0.497295,0.49522,0.49184,0.48654,0.478549,0.466961,0.450806,0.429171,0.401344,0.366999,0.326351,0.280268,0.230283,0.178497,0.127361,0.0793795,0.0367792,0.00121415,-0.0264355,-0.0461338,-0.0586205,-0.0652286,-0.0676289,-0.0675534,-0.0665409,-0.0657321,-0.0657321,-0.0665409,-0.0675534,-0.0676289,-0.0652286,-0.0586205,-0.0461338,-0.0264355,0.00121415,0.0367792,0.0793795,0.127361,0.178497,0.230283,0.280268,0.326351,0.366999,0.401344,0.429171,0.450806,0.466961,0.478549,0.48654,0.49184,0.49522,0.497295,0.498521,0.499217,0.499594,0.499785,0.499864,0.499864
0.499857,0.499857,0.499774,0.499573,0.499177,0.498448,0.497165,0.494995,0.491465,0.485939,0.47762,0.465577,0.448823,0.426433,0.397705,0.362346,0.32063,0.273507,0.222611,0.170149,0.118666,0.0707341,0.0286072,-0.00608039,-0.032514,-0.05076,-0.0616838,-0.0667508,-0.0677569,-0.0665409,-0.0647227,-0.0634977,-0.0634977,-0.0647227,-0.0665409,-0.0677569,-0.0667508,-0.0616838,-0.05076,-0.032514,-0.00608039,0.0286072,0.0707341,0.118666,0.170149,0.222611,0.273507,0.32063,0.362346,0.397705,0.426433,0.448823,0.465577,0.47762,0.485939,0.491465,0.494995,0.497165,0.498448,0.499177,0.499573,0.499774,0.499857,0.499857
0.499853,0.499853,0.499768,0.499563,0.499157,0.49841,0.497097,0.494878,0.491271,0.485629,0.477141,0.464866,0.447805,0.425029,0.395844,0.359971,0.317717,0.270075,0.218731,0.165945,0.114311,0.0664337,0.0245797,-0.00962864,-0.0354118,-0.05289,-0.0629938,-0.0672569,-0.0675388,-0.0657321,-0.0634977,-0.0620579,-0.0620579,-0.0634977,-0.0657321,-0.0675388,-0.0672569,-0.0629938,-0.05289,-0.0354118,-0.00962864,0.0245797,0.0664337,0.114311,0.165945,0.218731,0.270075,0.317717,0.359971,0.395844,0.425029,0.447805,0.464866,0.477141,0.485629,0.491271,0.494878,0.497097,0.49841,0.499157,0.499563,0.499768,0.499853,0.499853
0.499853,0.499853,0.499768,0.499563,0.499157,0.49841,0.497097,0.494878,0.491271,0.485629,0.477141,0.464866,0.447805,0.425029,0.395844,0.359971,0.317717,0.270075,0.218731,0.165945,0.114311,0.0664337,0.0245797,-0.00962864,-0.0354118,-0.05289,-0.0629938,-0.0672569,-0.0675388,-0.0657321,-0.0634977,-0.0620579,-0.0620579,-0.0634977,-0.0657321,-0.0675388,-0.0672569,-0.0629938,-0.05289,-0.0354118,-0.00962864,0.0245797,0.0664337,0.114311,0.165945,0.218731,0.270075,0.317717,0.359971,0.395844,0.425029,0.447805,0.464866,0.477141,0.485629,0.491271,0.494878,0.497097,0.49841,0.499157,0.499563,0.499768,0.499853,0.499853
0.499857,0.499857,0.499774,0.499573,0.499177,0.498448,0.497165,0.494995,0.491465,0.485939,0.47762,0.465577,0.448823,0.426433,0.397705,0.362346,0.32063,0.273507,0.222611,0.170149,0.118666,0.0707341,0.0286072,-0.00608039,-0.032514,-0.05076,-0.0616838,-0.0667508,-0.0677569,-0.0665409,-0.0647227,-0.0634977,-0.0634977,-0.0647227,-0.0665409,-0.0677569,-0.0667508,-0.0616838,-0.05076,-0.032514,-0.00608039,0.0286072,0.0707341,0.118666,0.170149,0.222611,0.273507,0.32063,0.362346,0.397705,0.426433,0.448823,0.465577,0.47762,0.485939,0.491465,0.494995,0.497165,0.498448,0.499177,0.499573,0.499774,0.499857,0.499857
0.499864,0.499864,0.499785,0.499594,0.499217,0.498521,0.497295,0.49522,0.49184,0.48654,0.478549,0.466961,0.450806,0.429171,0.401344,0.366999,0.326351,0.280268,0.230283,0.178497,0.127361,0.0793795,0.0367792,0.00121415,-0.0264355,-0.0461338,-0.0586205,-0.0652286,-0.0676289,-0.0675534,-0.0665409,-0.0657321,-0.0657321,-0.0665409,-0.0675534,-0.0676289,-0.0652286,-0.0586205,-0.0461338,-0.0264355,0.00121415,0.0367792,0.0793795,0.127361,0.178497,0.230283,0.280268,0.326351,0.366999,0.401344,0.429171,0.450806,0.466961,0.478549,0.48654,0.49184,0.49522,0.497295,0.498521,0.499217,0.499594,0.499785,0.499864,0.499864
0.499874,0.499874,0.499801,0.499624,0.499272,0.498624,0.49748,0.49554,0.492373,0.487397,0.479876,0.46894,0.453651,0.43311,0.406595,0.373738,0.334674,0.290152,0.241563,0.190856,0.140343,0.0924272,0.0492887,0.0126018,-0.0166672,-0.0383413,-0.0529841,-0.0617389,-0.0660952,-0.0676289,-0.0677569,-0.0675388,-0.0675388,-0.0677569,-0.0676289,-0.0660952,-0.0617389,-0.0529841,-0.0383413,-0.0166672,0.0126018,0.0492887,0.0924272,0.140343,0.190856,0.241563,0.290152,0.334674,0.373738,0.406595,0.43311,0.453651,0.46894,0.479876,0.487397,0.492373,0.49554,0.49748,0.498624,0.499272,0.499624,0.499801,0.499874,0.499874
0.499887,0.499887,0.499821,0.49966,0.499341,0.498751,0.497708,0.495935,0.493032,0.488459,0.481525,0.471409,0.457213,0.438061,0.413225,0.382289,0.345292,0.302843,0.256158,0.206993,0.157482,0.109891,0.0663306,0.0284867,-0.0025804,-0.0265282,-0.0437063,-0.055023,-0.0617389,-0.0652286,-0.0667508,-0.0672569,-0.0672569,-0.0667508,-0.0652286,-0.0617389,-0.055023,-0.0437063,-0.0265282,-0.0025804,0.0284867,0.0663306,0.109891,0.157482,0.206993,0.256158,0.302843,0.345292,0.382289,0.413225,0.438061,0.457213,0.471409,0.481525,0.488459,0.493032,0.495935,0.497708,0.498751,0.499341,0.49966,0.499821,0.499887,0.499887
0.499901,0.499901,0.499842,0.4997,0.499417,0.498894,0.497965,0.496381,0.49378,0.489668,0.483409,0.474241,0.461316,0.44379,0.420939,0.392298,0.357807,0.317922,0.273657,0.22655,0.178522,0.13167,0.0880065,0.0492099,0.0164296,-0.00981871,-0.0296497,-0.0437063,-0.0529841,-0.0586205,-0.0616838,-0.0629938,-0.0629938,-0.0616838,-0.0586205,-0.0529841,-0.0437063,-0.0296497,-0.00981871,0.0164296,0.0492099,0.0880065,0.13167,0.178522,0.22655,0.273657,0.317922,0.357807,0.392298,0.420939,0.44379,0.461316,0.474241,0.483409,0.489668,0.49378,0.496381,0.497965,0.498894,0.499417,0.4997,0.499842,0.499901,0.499901
0.499915,0.499915,0.499865,0.499742,0.499498,0.499044,0.498237,0.496855,0.494577,0.490961,0.485432,0.477295,0.465763,0.450038,0.429403,0.403358,0.371746,0.334867,0.293526,0.249022,0.203042,0.157482,0.114227,0.0749214,0.0407849,0.0124974,-0.00981871,-0.0265282,-0.0383413,-0.0461338,-0.05076,-0.05289,-0.05289,-0.05076,-0.0461338,-0.0383413,-0.0265282,-0.00981871,0.0124974,0.0407849,0.0749214,0.114227,0.157482,0.203042,0.249022,0.293526,0.334867,0.371746,0.403358,0.429403,0.450038,0.465763,0.477295,0.485432,0.490961,0.494577,0.496855,0.498237,0.499044,0.499498,0.499742,0.499865,0.499915,0.499915
0.499929,0.499929,0.499887,0.499784,0.499578,0.499195,0.498509,0.497332,0.495382,0.492274,0.487498,0.48043,0.470357,0.456531,0.438262,0.415025,0.38658,0.353076,0.315117,0.273755,0.230428,0.186811,0.14463,0.105467,0.0705784,0.0407849,0.0164296,-0.0025804,-0.0166672,-0.0264355,-0.032514,-0.0354118,-0.0354118,-0.032514,-0.0264355,-0.0166672,-0.0025804,0.0164296,0.0407849,0.0705784,0.105467,0.14463,0.186811,0.230428,0.273755,0.315117,0.353076,0.38658,0.415025,0.438262,0.456531,0.470357,0.48043,0.487498,0.492274,0.495382,0.497332,0.498509,0.499195,0.499578,0.499784,0.499887,0.499929,0.499929
0.499943,0.499943,0.499908,0.499824,0.499655,0.499338,0.498771,0.497791,0.496163,0.493552,0.48952,0.483517,0.474906,0.463007,0.447166,0.42685,0.401754,0.371899,0.337695,0.299962,0.259881,0.218893,0.178543,0.140315,0.105467,0.0749214,0.0492099,0.0284867,0.0126018,0.00121415,-0.00608039,-0.00962864,-0.00962864,-0.00608039,0.00121415,0.0126018,0.0284867,0.0492099,0.0749214,0.105467,0.140315,0.178543,0.218893,0.259881,0.299962,0.337695,0.371899,0.401754,0.42685,0.447166,0.463007,0.474906,0.483517,0.48952,0.493552,0.496163,0.497791,0.498771,0.499338,0.499655,0.499824,0.499908,0.499943,0.499943
0.499955,0.499955,0.499927,0.49986,0.499725,0.49947,0.499012,0.498217,0.496889,0.494748,0.491422,0.48644,0.479245,0.46923,0.45579,0.438405,0.416728,0.390673,0.360484,0.326762,0.290446,0.252739,0.214986,0.178543,0.14463,0.114227,0.0880065,0.0663306,0.0492887,0.0367792,0.0286072,0.0245797,0.0245797,0.0286072,0.0367792,0.0492887,0.0663306,0.0880065,0.114227,0.14463,0.178543,0.214986,0.252739,0.290446,0.326762,0.360484,0.390673,0.416728,0.438405,0.45579,0.46923,0.479245,0.48644,0.491422,0.494748,0.496889,0.498217,0.499012,0.49947,0.499725,0.49986,0.499927,0.499955,0.499955
0.499965,0.499965,0.499944,0.499892,0.499786,0.499587,0.499226,0.498597,0.49754,0.495828,0.49315,0.489112,0.48324,0.475003,0.463859,0.449316,0.431007,0.408771,0.382714,0.353248,0.321088,0.287204,0.252739,0.218893,0.186811,0.157482,0.13167,0.109891,0.0924272,0.0793795,0.0707341,0.0664337,0.0664337,0.0707341,0.0793795,0.0924272,0.109891,0.13167,0.157482,0.186811,0.218893,0.252739,0.287204,0.321088,0.353248,0.382714,0.408771,0.431007,0.449316,0.463859,0.475003,0.48324,0.489112,0.49315,0.495828,0.49754,0.498597,0.499226,0.499587,0.499786,0.499892,0.499944,0.499965,0.499965
0.499974,0.499974,0.499958,0.499918,0.499838,0.499686,0.499409,0.498924,0.498105,0.496768,0.494665,0.491472,0.486795,0.480182,0.47116,0.45928,0.44418,0.425648,0.403689,0.378557,0.35077,0.321088,0.290446,0.259881,0.230428,0.203042,0.178522,0.157482,0.140343,0.127361,0.118666,0.114311,0.114311,0.118666,0.127361,0.140343,0.157482,0.178522,0.203042,0.230428,0.259881,0.290446,0.321088,0.35077,0.378557,0.403689,0.425648,0.44418,0.45928,0.47116,0.480182,0.486795,0.491472,0.494665,0.496768,0.498105,0.498924,0.499409,0.499686,0.499838,0.499918,0.499958,0.499974,0.499974
0.499981,0.499981,0.499969,0.49994,0.499881,0.499768,0.499561,0.499197,0.498577,0.497561,0.495951,0.493489,0.489855,0.484678,0.477554,0.468088,0.45594,0.440878,0.422834,0.401942,0.378557,0.353248,0.326762,0.299962,0.273755,0.249022,0.22655,0.206993,0.190856,0.178497,0.170149,0.165945,0.165945,0.170149,0.178497,0.190856,0.206993,0.22655,0.249022,0.273755,0.299962,0.326762,0.353248,0.378557,0.401942,0.422834,0.440878,0.45594,0.468088,0.477554,0.484678,0.489855,0.493489,0.495951,0.497561,0.498577,0.499197,0.499561,0.499768,0.499881,0.49994,0.499969,0.499981,0.499981
0.499987,0.499987,0.499978,0.499957,0.499915,0.499833,0.499682,0.499416,0.49896,0.498207,0.497006,0.495157,0.492407,0.488456,0.482974,0.475625,0.466103,0.454178,0.439739,0.422834,0.403689,0.382714,0.360484,0.337695,0.315117,0.293526,0.273657,0.256158,0.241563,0.230283,0.222611,0.218731,0.218731,0.222611,0.230283,0.241563,0.256158,0.273657,0.293526,0.315117,0.337695,0.360484,0.382714,0.403689,0.422834,0.439739,0.454178,0.466103,0.475625,0.482974,0.488456,0.492407,0.495157,0.497006,0.498207,0.49896,0.499416,0.499682,0.499833,0.499915,0.499957,0.499978,0.499987,0.499987
0.499991,0.499991,0.499985,0.49997,0.499941,0.499883,0.499776,0.499587,0.49926,0.498717,0.497845,0.496492,0.494466,0.491531,0.487424,0.481868,0.474603,0.465416,0.454178,0.440878,0.425648,0.408771,0.390673,0.371899,0.353076,0.334867,0.317922,0.302843,0.290152,0.280268,0.273507,0.270075,0.270075,0.273507,0.280268,0.290152,0.302843,0.317922,0.334867,0.353076,0.371899,0.390673,0.408771,0.425648,0.440878,0.454178,0.465416,0.474603,0.481868,0.487424,0.491531,0.494466,0.496492,0.497845,0.498717,0.49926,0.499587,0.499776,0.499883,0.499941,0.49997,0.499985,0.499991,0.499991
0.499994,0.499994,0.49999,0.49998,0.49996,0.49992,0.499847,0.499715,0.499488,0.499107,0.498491,0.497528,0.496075,0.493953,0.49096,0.486875,0.481485,0.474603,0.466103,0.45594,0.44418,0.431007,0.416728,0.401754,0.38658,0.371746,0.357807,0.345292,0.334674,0.326351,0.32063,0.317717,0.317717,0.32063,0.326351,0.334674,0.345292,0.357807,0.371746,0.38658,0.401754,0.416728,0.431007,0.44418,0.45594,0.466103,0.474603,0.481485,0.486875,0.49096,0.493953,0.496075,0.497528,0.498491,0.499107,0.499488,0.499715,0.499847,0.49992,0.49996,0.49998,0.49999,0.499994,0.499994
0.499996,0.499996,0.499993,0.499987,0.499973,0.499947,0.499898,0.49981,0.499655,0.499395,0.498972,0.498306,0.497292,0.495802,0.493681,0.490762,0.486875,0.481868,0.475625,0.468088,0.45928,0.449316,0.438405,0.42685,0.415025,0.403358,0.392298,0.382289,0.373738,0.366999,0.362346,0.359971,0.359971,0.362346,0.366999,0.373738,0.382289,0.392298,0.403358,0.415025,0.42685,0.438405,0.449316,0.45928,0.468088,0.475625,0.481868,0.486875,0.490762,0.493681,0.495802,0.497292,0.498306,0.498972,0.499395,0.499655,0.49981,0.499898,0.499947,0.499973,0.499987,0.499993,0.499996,0.499996
0.499998,0.499998,0.499996,0.499992,0.499983,0.499966,0.499934,0.499876,0.499774,0.499602,0.499319,0.498871,0.498185,0.497167,0.495707,0.493681,0.49096,0.487424,0.482974,0.477554,0.47116,0.463859,0.45579,0.447166,0.438262,0.429403,0.420939,0.413225,0.406595,0.401344,0.397705,0.395844,0.395844,0.397705,0.401344,0.406595,0.413225,0.420939,0.429403,0.438262,0.447166,0.45579,0.463859,0.47116,0.477554,0.482974,0.487424,0.49096,0.493681,0.495707,0.497167,0.498185,0.498871,0.499319,0.499602,0.499774,0.499876,0.499934,0.499966,0.499983,0.499992,0.499996,0.499998,0.499998
0.499998,0.499998,0.499997,0.499995,0.499989,0.499979,0.499959,0.499922,0.499857,0.499746,0.499562,0.49927,0.498818,0.498142,0.497167,0.495802,0.493953,0.491531,0.488456,0.484678,0.480182,0.475003,0.46923,0.463007,0.456531,0.450038,0.44379,0.438061,0.43311,0.429171,0.426433,0.425029,0.425029,0.426433,0.429171,0.43311,0.438061,0.44379,0.450038,0.456531,0.463007,0.46923,0.475003,0.480182,0.484678,0.488456,0.491531,0.493953,0.495802,0.497167,0.498142,0.498818,0.49927,0.499562,0.499746,0.499857,0.499922,0.499959,0.499979,0.499989,0.499995,0.499997,0.499998,0.499998
0.499999,0.499999,0.499998,0.499997,0.499994,0.499987,0.499975,0.499952,0.499912,0.499842,0.499727,0.499541,0.499252,0.498818,0.498185,0.497292,0.496075,0.494466,0.492407,0.489855,0.486795,0.48324,0.479245,0.474906,0.470357,0.465763,0.461316,0.457213,0.453651,0.450806,0.448823,0.447805,0.447805,0.448823,0.450806,0.453651,0.457213,0.461316,0.465763,0.470357,0.474906,0.479245,0.48324,0.486795,0.489855,0.492407,0.494466,0.496075,0.497292,0.498185,0.498818,0.499252,0.499541,0.499727,0.499842,0.499912,0.499952,0.499975,0.499987,0.499994,0.499997,0.499998,0.499999,0.499999
0.499999,0.499999,0.499999,0.499998,0.499996,0.499992,0.499985,0.499971,0.499947,0.499905,0.499834,0.49972,0.499541,0.49927,0.498871,0.498306,0.497528,0.496492,0.495157,0.493489,0.491472,0.489112,0.48644,0.483517,0.48043,0.477295,0.474241,0.471409,0.46894,0.466961,0.465577,0.464866,0.464866,0.465577,0.466961,0.46894,0.471409,0.474241,0.477295,0.48043,0.483517,0.48644,0.489112,0.491472,0.493489,0.495157,0.496492,0.497528,0.498306,0.498871,0.49927,0.499541,0.49972,0.499834,0.499905,0.499947,0.499971,0.499985,0.499992,0.499996,0.499998,0.499999,0.499999,0.499999
0.5,0.5,0.5,0.499999,0.499998,0.499996,0.499991,0.499983,0.499969,0.499944,0.499902,0.499834,0.499727,0.499562,0.499319,0.498972,0.498491,0.497845,0.497006,0.495951,0.494665,0.49315,0.491422,0.48952,0.487498,0.485432,0.483409,0.481525,0.479876,0.478549,0.47762,0.477141,0.477141,0.47762,0.478549,0.479876,0.481525,0.483409,0.485432,0.487498,0.48952,0.491422,0.49315,0.494665,0.495951,0.497006,0.497845,0.498491,0.498972,0.499319,0.499562,0.499727,0.499834,0.499902,0.499944,0.499969,0.499983,0.499991,0.499996,0.499998,0.499999,0.5,0.5,0.5
0.5,0.5,0.5,0.499999,0.499999,0.499998,0.499995,0.499991,0.499983,0.499968,0.499944,0.499905,0.499842,0.499746,0.499602,0.499395,0.499107,0.498717,0.498207,0.497561,0.496768,0.495828,0.494748,0.493552,0.492274,0.490961,0.489668,0.488459,0.487397,0.48654,0.485939,0.485629,0.485629,0.485939,0.48654,0.487397,0.488459,0.489668,0.490961,0.492274,0.493552,0.494748,0.495828,0.496768,0.497561,0.498207,0.498717,0.499107,0.499395,0.499602,0.499746,0.499842,0.499905,0.499944,0.499968,0.499983,0.499991,0.499995,0.499998,0.499999,0.499999,0.5,0.5,0.5
0.5,0.5,0.5,0.5,0.499999,0.499999,0.499997,0.499995,0.49999,0.499983,0.499969,0.499947,0.499912,0.499857,0.499774,0.499655,0.499488,0.49926,0.49896,0.498577,0.498105,0.49754,0.496889,0.496163,0.495382,0.494577,0.49378,0.493032,0.492373,0.49184,0.491465,0.491271,0.491271,0.491465,0.49184,0.492373,0.493032,0.49378,0.494577,0.495382,0.496163,0.496889,0.49754,0.498105,0.498577,0.49896,0.49926,0.499488,0.499655,0.499774,0.499857,0.499912,0.499947,0.499969,0.499983,0.49999,0.499995,0.499997,0.499999,0.499999,0.5,0.5,0.5,0.5
0.5,0.5,0.5,0.5,0.5,0.499999,0.499999,0.499997,0.499995,0.499991,0.499983,0.499971,0.499952,0.499922,0.499876,0.49981,0.499715,0.499587,0.499416,0.499197,0.498924,0.498597,0.498217,0.497791,0.497332,0.496855,0.496381,0.495935,0.49554,0.49522,0.494995,0.494878,0.494878,0.494995,0.49522,0.49554,0.495935,0.496381,0.496855,0.497332,0.497791,0.498217,0.498597,0.498924,0.499197,0.499416,0.499587,0.499715,0.49981,0.499876,0.499922,0.499952,0.499971,0.499983,0.499991,0.499995,0.499997,0.499999,0.499999,0.5,0.5,0.5,0.5,0.5
0.5,0.5,0.5,0.5,0.5,0.5,0.499999,0.499999,0.499997,0.499995,0.499991,0.499985,0.499975,0.499959,0.499934,0.499898,0.499847,0.499776,0.499682,0.499561,0.499409,0.499226,0.499012,0.498771,0.498509,0.498237,0.497965,0.497708,0.49748,0.497295,0.497165,0.497097,0.497097,0.497165,0.497295,0.49748,0.497708,0.497965,0.498237,0.498509,0.498771,0.499012,0.499226,0.499409,0.499561,0.499682,0.499776,0.499847,0.499898,0.499934,0.499959,0.499975,0.499985,0.499991,0.499995,0.499997,0.499999,0.499999,0.5,0.5,0.5,0.5,0.5,0.5
0.5,0.5,0.5,0.5,0.5,0.5,0.5,0.499999,0.499999,0.499998,0.499996,0.499992,0.499987,0.499979,0.499966,0.499947,0.49992,0.499883,0.499833,0.499768,0.499686,0.499587,0.49947,0.499338,0.499195,0.499044,0.498894,0.498751,0.498624,0.498521,0.498448,0.49841,0.49841,0.498448,0.498521,0.498624,0.498751,0.498894,0.499044,0.499195,0.499338,0.49947,0.499587,0.499686,0.499768,0.499833,0.499883,0.49992,0.499947,0.499966,0.499979,0.499987,0.499992,0.499996,0.499998,0.499999,0.499999,0.5,0.5,0.5,0.5,0.5,0.5,0.5
0.5,0.5,0.5,0.5,0.5,0.5,0.5,0.5,0.499999,0.499999,0.499998,0.499996,0.499994,0.499989,0.499983,0.499973,0.49996,0.499941,0.499915,0.499881,0.499838,0.499786,0.499725,0.499655,0.499578,0.499498,0.499417,0.499341,0.499272,0.499217,0.499177,0.499157,0.499157,0.499177,0.499217,0.499272,0.499341,0.499417,0.499498,0.499578,0.499655,0.499725,0.499786,0.499838,0.499881,0.499915,0.499941,0.49996,0.499973,0.499983,0.499989,0.499994,0.499996,0.499998,0.499999,0.499999,0.5,0.5,0.5,0.5,0.5,0.5,0.5,0.5
0.5,0.5,0.5,0.5,0.5,0.5,0.5,0.5,0.5,0.499999,0.499999,0.499998,0.499997,0.499995,0.499992,0.499987,0.49998,0.49997,0.499957,0.49994,0.499918,0.499892,0.49986,0.499824,0.499784,0.499742,0.4997,0.49966,0.499624,0.499594,0.499573,0.499563,0.499563,0.499573,0.499594,0.499624,0.49966,0.4997,0.499742,0.499784,0.499824,0.49986,0.499892,0.499918,0.49994,0.499957,0.49997,0.49998,0.499987,0.499992,0.499995,0.499997,0.499998,0.499999,0.499999,0.5,0.5,0.5,0.5,0.5,0.5,0.5,0.5,0.5
0.5,0.5,0.5,0.5,0.5,0.5,0.5,0.5,0.5,0.5,0.5,0.499999,0.499998,0.499997,0.499996,0.499993,0.49999,0.499985,0.499978,0.499969,0.499958,0.499944,0.499927,0.499908,0.499887,0.499865,0.499842,0.499821,0.499801,0.499785,0.499774,0.499768,0.499768,0.499774,0.499785,0.499801,0.499821,0.499842,0.499865,0.499887,0.499908,0.499927,0.499944,0.499958,0.499969,0.499978,0.499985,0.49999,0.499993,0.499996,0.499997,0.499998,0.499999,0.5,0.5,0.5,0.5,0.5,0.5,0.5,0.5,0.5,0.5,0.5
0.5,0.5,0.5,0.5,0.5,0.5,0.5,0.5,0.5,0.5,0.5,0.499999,0.499999,0.499998,0.499998,0.499996,0.499994,0.499991,0.499987,0.499981,0.499974,0.499965,0.499955,0.499943,0.499929,0.499915,0.499901,0.499887,0.499874,0.499864,0.499857,0.499853,0.499853,0.499857,0.499864,0.499874,0.499887,0.499901,0.499915,0.499929,0.499943,0.499955,0.499965,0.499974,0.499981,0.499987,0.499991,0.499994,0.499996,0.499998,0.499998,0.499999,0.499999,0.5,0.5,0.5,0.5,0.5,0.5,0.5,0.5,0.5,0.5,0.5
0.5,0.5,0.5,0.5,0.5,0.5,0.5,0.5,0.5,0.5,0.5,0.499999,0.499999,0.499998,0.499998,0.499996,0.499994,0.499991,0.499987,0.499981,0.499974,0.499965,0.499955,0.499943,0.499929,0.499915,0.499901,0.499887,0.499874,0.499864,0.499857,0.499853,0.499853,0.499857,0.499864,0.499874,0.499887,0.499901,0.499915,0.499929,0.499943,0.499955,0.499965,0.499974,0.499981,0.499987,0.499991,0.499994,0.499996,0.499998,0.499998,0.499999,0.499999,0.5,0.5,0.5,0.5,0.5,0.5,0.5,0.5,0.5,0.5,0.5
