0.5,0.499999,0.499999,0.499999,0.499997,0.499995,0.499991,0.499984,0.499973,0.499956,0.499929,0.499889,0.49983,0.499746,0.499631,0.499477,0.499276,0.49902,0.498705,0.498326,0.497883,0.497379,0.496824,0.49623,0.495614,0.494998,0.494405,0.49386,0.493389,0.493014,0.492753,0.492618,0.492618,0.492753,0.493014,0.493389,0.49386,0.494405,0.494998,0.495614,0.49623,0.496824,0.497379,0.497883,0.498326,0.498705,0.49902,0.499276,0.499477,0.499631,0.499746,0.49983,0.499889,0.499929,0.499956,0.499973,0.499984,0.499991,0.499995,0.499997,0.499999,0.499999,0.499999,0.499999
0.499999,0.499999,0.499999,0.499999,0.499997,0.499995,0.499991,0.499984,0.499973,0.499956,0.499929,0.499889,0.49983,0.499746,0.499631,0.499477,0.499276,0.49902,0.498705,0.498326,0.497883,0.497379,0.496824,0.49623,0.495614,0.494998,0.494405,0.49386,0.493389,0.493014,0.492753,0.492618,0.492618,0.492753,0.493014,0.493389,0.49386,0.494405,0.494998,0.495614,0.49623,0.496824,0.497379,0.497883,0.498326,0.498705,0.49902,0.499276,0.499477,0.499631,0.499746,0.49983,0.499889,0.499929,0.499956,0.499973,0.499984,0.499991,0.499995,0.499997,0.499999,0.499999,0.499999,0.499999
0.499999,0.499999,0.499999,0.499998,0.499996,0.499993,0.499987,0.499977,0.499962,0.499937,0.4999,0.499845,0.499764,0.499651,0.499496,0.499291,0.499024,0.498688,0.498276,0.497784,0.497214,0.496569,0.495863,0.495111,0.494335,0.493563,0.492823,0.492146,0.491561,0.491096,0.490773,0.490608,0.490608,0.490773,0.491096,0.491561,0.492146,0.492823,0.493563,0.494335,0.495111,0.495863,0.496569,0.497214,0.497784,0.498276,0.498688,0.499024,0.499291,0.499496,0.499651,0.499764,0.499845,0.4999,0.499937,0.499962,0.499977,0.499987,0.499993,0.499996,0.499998,0.499999,0.499999,0.499999
0.499999,0.499999,0.499998,0.499996,0.499993,0.499987,0.499978,0.499961,0.499936,0.499896,0.499835,0.499745,0.499616,0.499438,0.499195,0.498876,0.498467,0.497956,0.497336,0.496602,0.495759,0.494814,0.493787,0.492702,0.491591,0.490491,0.489444,0.48849,0.487671,0.487021,0.486571,0.48634,0.48634,0.486571,0.487021,0.487671,0.48849,0.489444,0.490491,0.491591,0.492702,0.493787,0.494814,0.495759,0.496602,0.497336,0.497956,0.498467,0.498876,0.499195,0.499438,0.499616,0.499745,0.499835,0.499896,0.499936,0.499961,0.499978,0.499987,0.499993,0.499996,0.499998,0.499999,0.499999
0.499997,0.499997,0.499996,0.499993,0.499987,0.499977,0.49996,0.499932,0.499888,0.499819,0.499716,0.499565,0.499352,0.499058,0.498664,0.498149,0.497496,0.496689,0.495718,0.494582,0.493286,0.491848,0.490297,0.488672,0.48702,0.485396,0.483858,0.482466,0.481274,0.480332,0.479681,0.479348,0.479348,0.479681,0.480332,0.481274,0.482466,0.483858,0.485396,0.48702,0.488672,0.490297,0.491848,0.493286,0.494582,0.495718,0.496689,0.497496,0.498149,0.498664,0.499058,0.499352,0.499565,0.499716,0.499819,0.499888,0.499932,0.49996,0.499977,0.499987,0.499993,0.499996,0.499997,0.499997
0.499995,0.499995,0.499993,0.499987,0.499977,0.499959,0.49993,0.499881,0.499805,0.499689,0.499516,0.499266,0.498915,0.498436,0.4978,0.496978,0.495945,0.49468,0.493174,0.491426,0.489452,0.487282,0.48496,0.482547,0.480112,0.477735,0.475498,0.473482,0.471765,0.470413,0.469481,0.469005,0.469005,0.469481,0.470413,0.471765,0.473482,0.475498,0.477735,0.480112,0.482547,0.48496,0.487282,0.489452,0.491426,0.493174,0.49468,0.495945,0.496978,0.4978,0.498436,0.498915,0.499266,0.499516,0.499689,0.499805,0.499881,0.49993,0.499959,0.499977,0.499987,0.499993,0.499995,0.499995
0.499991,0.499991,0.499987,0.499978,0.49996,0.49993,0.499879,0.499798,0.499671,0.499479,0.499195,0.49879,0.498226,0.497464,0.496461,0.49518,0.493585,0.491652,0.489372,0.486752,0.483821,0.480627,0.477242,0.473751,0.470257,0.46687,0.463702,0.460865,0.458458,0.456571,0.455273,0.454611,0.454611,0.455273,0.456571,0.458458,0.460865,0.463702,0.46687,0.470257,0.473751,0.477242,0.480627,0.483821,0.486752,0.489372,0.491652,0.493585,0.49518,0.496461,0.497464,0.498226,0.49879,0.499195,0.499479,0.499671,0.499798,0.499879,0.49993,0.49996,0.499978,0.499987,0.499991,0.499991
0.499984,0.499984,0.499977,0.499961,0.499932,0.499881,0.499798,0.499665,0.499458,0.499149,0.498697,0.498057,0.497176,0.495998,0.494464,0.492522,0.49013,0.487262,0.483914,0.480105,0.475886,0.471335,0.466554,0.461668,0.456818,0.452151,0.447817,0.443958,0.440703,0.43816,0.436415,0.435528,0.435528,0.436415,0.43816,0.440703,0.443958,0.447817,0.452151,0.456818,0.461668,0.466554,0.471335,0.475886,0.480105,0.483914,0.487262,0.49013,0.492522,0.494464,0.495998,0.497176,0.498057,0.498697,0.499149,0.499458,0.499665,0.499798,0.499881,0.499932,0.499961,0.499977,0.499984,0.499984
0.499973,0.499973,0.499962,0.499936,0.499888,0.499805,0.499671,0.499458,0.499133,0.498648,0.497948,0.496967,0.49563,0.49386,0.491581,0.488726,0.485249,0.481124,0.476359,0.470999,0.465124,0.458851,0.452327,0.445723,0.439227,0.433028,0.427314,0.42226,0.418019,0.414722,0.412467,0.411322,0.411322,0.412467,0.414722,0.418019,0.42226,0.427314,0.433028,0.439227,0.445723,0.452327,0.458851,0.465124,0.470999,0.476359,0.481124,0.485249,0.488726,0.491581,0.49386,0.49563,0.496967,0.497948,0.498648,0.499133,0.499458,0.499671,0.499805,0.499888,0.499936,0.499962,0.499973,0.499973
0.499956,0.499956,0.499937,0.499896,0.499819,0.499689,0.499479,0.499149,0.498648,0.497911,0.496857,0.495394,0.493423,0.49084,0.487553,0.483482,0.478578,0.472828,0.466264,0.458962,0.451051,0.442696,0.434102,0.425493,0.417107,0.409177,0.401928,0.395562,0.390254,0.386147,0.383348,0.381931,0.381931,0.383348,0.386147,0.390254,0.395562,0.401928,0.409177,0.417107,0.425493,0.434102,0.442696,0.451051,0.458962,0.466264,0.472828,0.478578,0.483482,0.487553,0.49084,0.493423,0.495394,0.496857,0.497911,0.498648,0.499149,0.499479,0.499689,0.499819,0.499896,0.499937,0.499956,0.499956
0.499929,0.499929,0.4999,0.499835,0.499716,0.499516,0.499195,0.498697,0.497948,0.496857,0.495313,0.493193,0.490368,0.486708,0.482103,0.476468,0.469762,0.461993,0.453232,0.443608,0.433306,0.422559,0.411633,0.400813,0.390385,0.380625,0.371785,0.364086,0.35771,0.352804,0.349475,0.347793,0.347793,0.349475,0.352804,0.35771,0.364086,0.371785,0.380625,0.390385,0.400813,0.411633,0.422559,0.433306,0.443608,0.453232,0.461993,0.469762,0.476468,0.482103,0.486708,0.490368,0.493193,0.495313,0.496857,0.497948,0.498697,0.499195,0.499516,0.499716,0.499835,0.4999,0.499929,0.499929
0.499889,0.499889,0.499845,0.499745,0.499565,0.499266,0.49879,0.498057,0.496967,0.495394,0.493193,0.490205,0.486266,0.481226,0.474959,0.467385,0.458485,0.448309,0.436982,0.424703,0.411732,0.398378,0.384977,0.371872,0.359394,0.347848,0.337498,0.328567,0.32123,0.31562,0.311832,0.309923,0.309923,0.311832,0.31562,0.32123,0.328567,0.337498,0.347848,0.359394,0.371872,0.384977,0.398378,0.411732,0.424703,0.436982,0.448309,0.458485,0.467385,0.474959,0.481226,0.486266,0.490205,0.493193,0.495394,0.496967,0.498057,0.49879,0.499266,0.499565,0.499745,0.499845,0.499889,0.499889
0.49983,0.49983,0.499764,0.499616,0.499352,0.498915,0.498226,0.497176,0.49563,0.493423,0.490368,0.486266,0.480925,0.474172,0.465881,0.455992,0.444526,0.431595,0.417403,0.402236,0.386444,0.370419,0.354566,0.33928,0.324923,0.311807,0.30019,0.290273,0.282201,0.276076,0.271962,0.269897,0.269897,0.271962,0.276076,0.282201,0.290273,0.30019,0.311807,0.324923,0.33928,0.354566,0.370419,0.386444,0.402236,0.417403,0.431595,0.444526,0.455992,0.465881,0.474172,0.480925,0.486266,0.490368,0.493423,0.49563,0.497176,0.498226,0.498915,0.499352,0.499616,0.499764,0.49983,0.49983
0.499746,0.499746,0.499651,0.499438,0.499058,0.498436,0.497464,0.495998,0.49386,0.49084,0.486708,0.481226,0.474172,0.465366,0.454698,0.442146,0.427797,0.411849,0.394609,0.376467,0.357873,0.339302,0.321224,0.304065,0.288197,0.273915,0.261441,0.250926,0.242461,0.236096,0.23185,0.229727,0.229727,0.23185,0.236096,0.242461,0.250926,0.261441,0.273915,0.288197,0.304065,0.321224,0.339302,0.357873,0.376467,0.394609,0.411849,0.427797,0.442146,0.454698,0.465366,0.474172,0.481226,0.486708,0.49084,0.49386,0.495998,0.497464,0.498436,0.499058,0.499438,0.499651,0.499746,0.499746
0.499631,0.499631,0.499496,0.499195,0.498664,0.4978,0.496461,0.494464,0.491581,0.487553,0.482103,0.474959,0.465881,0.454698,0.441333,0.425833,0.408378,0.389279,0.368963,0.347941,0.326766,0.305989,0.286124,0.267609,0.25079,0.235917,0.22314,0.212534,0.204112,0.197849,0.193707,0.191646,0.191646,0.193707,0.197849,0.204112,0.212534,0.22314,0.235917,0.25079,0.267609,0.286124,0.305989,0.326766,0.347941,0.368963,0.389279,0.408378,0.425833,0.441333,0.454698,0.465881,0.474959,0.482103,0.487553,0.491581,0.494464,0.496461,0.4978,0.498664,0.499195,0.499496,0.499631,0.499631
0.499477,0.499477,0.499291,0.498876,0.498149,0.496978,0.49518,0.492522,0.488726,0.483482,0.476468,0.467385,0.455992,0.442146,0.425833,0.407197,0.386539,0.36431,0.341076,0.317471,0.294144,0.271709,0.250694,0.231516,0.214462,0.199697,0.187272,0.177155,0.16926,0.163476,0.159692,0.157824,0.157824,0.159692,0.163476,0.16926,0.177155,0.187272,0.199697,0.214462,0.231516,0.250694,0.271709,0.294144,0.317471,0.341076,0.36431,0.386539,0.407197,0.425833,0.442146,0.455992,0.467385,0.476468,0.483482,0.488726,0.492522,0.49518,0.496978,0.498149,0.498876,0.499291,0.499477,0.499477
0.499276,0.499276,0.499024,0.498467,0.497496,0.495945,0.493585,0.49013,0.485249,0.478578,0.469762,0.458485,0.444526,0.427797,0.408378,0.386539,0.362734,0.337571,0.311763,0.286066,0.26121,0.237838,0.216462,0.197437,0.180954,0.167056,0.155667,0.146631,0.139746,0.134806,0.131626,0.130072,0.130072,0.131626,0.134806,0.139746,0.146631,0.155667,0.167056,0.180954,0.197437,0.216462,0.237838,0.26121,0.286066,0.311763,0.337571,0.362734,0.386539,0.408378,0.427797,0.444526,0.458485,0.469762,0.478578,0.485249,0.49013,0.493585,0.495945,0.497496,0.498467,0.499024,0.499276,0.499276
0.49902,0.49902,0.498688,0.497956,0.496689,0.49468,0.491652,0.487262,0.481124,0.472828,0.461993,0.448309,0.431595,0.411849,0.389279,0.36431,0.337571,0.30984,0.281977,0.254843,0.229222,0.205753,0.184887,0.166875,0.151775,0.139483,0.129773,0.122352,0.1169,0.113115,0.110744,0.109606,0.109606,0.110744,0.113115,0.1169,0.122352,0.129773,0.139483,0.151775,0.166875,0.184887,0.205753,0.229222,0.254843,0.281977,0.30984,0.337571,0.36431,0.389279,0.411849,0.431595,0.448309,0.461993,0.472828,0.481124,0.487262,0.491652,0.49468,0.496689,0.497956,0.498688,0.49902,0.49902
0.498705,0.498705,0.498276,0.497336,0.495718,0.493174,0.489372,0.483914,0.476359,0.466264,0.453232,0.436982,0.417403,0.394609,0.368963,0.341076,0.311763,0.281977,0.252712,0.224909,0.199368,0.176678,0.157189,0.141009,0.128031,0.117981,0.110478,0.10509,0.101386,0.0989793,0.0975576,0.0969026,0.0969026,0.0975576,0.0989793,0.101386,0.10509,0.110478,0.117981,0.128031,0.141009,0.157189,0.176678,0.199368,0.224909,0.252712,0.281977,0.311763,0.341076,0.368963,0.394609,0.417403,0.436982,0.453232,0.466264,0.476359,0.483914,0.489372,0.493174,0.495718,0.497336,0.498276,0.498705,0.498705
0.498326,0.498326,0.497784,0.496602,0.494582,0.491426,0.486752,0.480105,0.470999,0.458962,0.443608,0.424703,0.402236,0.376467,0.347941,0.317471,0.286066,0.254843,0.224909,0.197249,0.172632,0.151556,0.134226,0.120573,0.110304,0.102971,0.0980348,0.0949387,0.0931579,0.0922399,0.0918301,0.0916864,0.0916864,0.0918301,0.0922399,0.0931579,0.0949387,0.0980348,0.102971,0.110304,0.120573,0.134226,0.151556,0.172632,0.197249,0.224909,0.254843,0.286066,0.317471,0.347941,0.376467,0.402236,0.424703,0.443608,0.458962,0.470999,0.480105,0.486752,0.491426,0.494582,0.496602,0.497784,0.498326,0.498326
0.497883,0.497883,0.497214,0.495759,0.493286,0.489452,0.483821,0.475886,0.465124,0.451051,0.433306,0.411732,0.386444,0.357873,0.326766,0.294144,0.26121,0.229222,0.199368,0.172632,0.149712,0.130966,0.116419,0.105805,0.0986356,0.0942876,0.0920837,0.0913627,0.0915311,0.0920956,0.0926808,0.0930359,0.0930359,0.0926808,0.0920956,0.0915311,0.0913627,0.0920837,0.0942876,0.0986356,0.105805,0.116419,0.130966,0.149712,0.172632,0.199368,0.229222,0.26121,0.294144,0.326766,0.357873,0.386444,0.411732,0.433306,0.451051,0.465124,0.475886,0.483821,0.489452,0.493286,0.495759,0.497214,0.497883,0.497883
0.497379,0.497379,0.496569,0.494814,0.491848,0.487282,0.480627,0.471335,0.458851,0.442696,0.422559,0.398378,0.370419,0.339302,0.305989,0.271709,0.237838,0.205753,0.176678,0.151556,0.130966,0.115091,0.103753,0.096472,0.0925699,0.0912656,0.091766,0.093336,0.0953429,0.0972802,0.0987742,0.0995811,0.0995811,0.0987742,0.0972802,0.0953429,0.093336,0.091766,0.0912656,0.0925699,0.096472,0.103753,0.115091,0.130966,0.151556,0.176678,0.205753,0.237838,0.271709,0.305989,0.339302,0.370419,0.398378,0.422559,0.442696,0.458851,0.471335,0.480627,0.487282,0.491848,0.494814,0.496569,0.497379,0.497379
0.496824,0.496824,0.495863,0.493787,0.490297,0.48496,0.477242,0.466554,0.452327,0.434102,0.411633,0.384977,0.354566,0.321224,0.286124,0.250694,0.216462,0.184887,0.157189,0.134226,0.116419,0.103753,0.0958261,0.0919529,0.0912766,0.0928831,0.095895,0.0995352,0.103163,0.106286,0.108553,0.10974,0.10974,0.108553,0.106286,0.103163,0.0995352,0.095895,0.0928831,0.0912766,0.0919529,0.0958261,0.103753,0.116419,0.134226,0.157189,0.184887,0.216462,0.250694,0.286124,0.321224,0.354566,0.384977,0.411633,0.434102,0.452327,0.466554,0.477242,0.48496,0.490297,0.493787,0.495863,0.496824,0.496824
0.49623,0.49623,0.495111,0.492702,0.488672,0.482547,0.473751,0.461668,0.445723,0.425493,0.400813,0.371872,0.33928,0.304065,0.267609,0.231516,0.197437,0.166875,0.141009,0.120573,0.105805,0.096472,0.0919529,0.0913648,0.093697,0.097933,0.103143,0.108542,0.113508,0.117585,0.12046,0.121943,0.121943,0.12046,0.117585,0.113508,0.108542,0.103143,0.097933,0.093697,0.0913648,0.0919529,0.096472,0.105805,0.120573,0.141009,0.166875,0.197437,0.231516,0.267609,0.304065,0.33928,0.371872,0.400813,0.425493,0.445723,0.461668,0.473751,0.482547,0.488672,0.492702,0.495111,0.49623,0.49623
0.495614,0.495614,0.494335,0.491591,0.48702,0.480112,0.470257,0.456818,0.439227,0.417107,0.390385,0.359394,0.324923,0.288197,0.25079,0.214462,0.180954,0.151775,0.128031,0.110304,0.0986356,0.0925699,0.0912766,0.093697,0.0986951,0.105184,0.112214,0.119016,0.125013,0.129801,0.133117,0.13481,0.13481,0.133117,0.129801,0.125013,0.119016,0.112214,0.105184,0.0986951,0.093697,0.0912766,0.0925699,0.0986356,0.110304,0.128031,0.151775,0.180954,0.214462,0.25079,0.288197,0.324923,0.359394,0.390385,0.417107,0.439227,0.456818,0.470257,0.480112,0.48702,0.491591,0.494335,0.495614,0.495614
0.494998,0.494998,0.493563,0.490491,0.485396,0.477735,0.46687,0.452151,0.433028,0.409177,0.380625,0.347848,0.311807,0.273915,0.235917,0.199697,0.167056,0.139483,0.117981,0.102971,0.0942876,0.0912656,0.0928831,0.097933,0.105184,0.113508,0.121962,0.129815,0.136549,0.141822,0.145427,0.147253,0.147253,0.145427,0.141822,0.136549,0.129815,0.121962,0.113508,0.105184,0.097933,0.0928831,0.0912656,0.0942876,0.102971,0.117981,0.139483,0.167056,0.199697,0.235917,0.273915,0.311807,0.347848,0.380625,0.409177,0.433028,0.452151,0.46687,0.477735,0.485396,0.490491,0.493563,0.494998,0.494998
0.494405,0.494405,0.492823,0.489444,0.483858,0.475498,0.463702,0.447817,0.427314,0.401928,0.371785,0.337498,0.30019,0.261441,0.22314,0.187272,0.155667,0.129773,0.110478,0.0980348,0.0920837,0.091766,0.095895,0.103143,0.112214,0.121962,0.131468,0.140057,0.147274,0.15284,0.156608,0.158504,0.158504,0.156608,0.15284,0.147274,0.140057,0.131468,0.121962,0.112214,0.103143,0.095895,0.091766,0.0920837,0.0980348,0.110478,0.129773,0.155667,0.187272,0.22314,0.261441,0.30019,0.337498,0.371785,0.401928,0.427314,0.447817,0.463702,0.475498,0.483858,0.489444,0.492823,0.494405,0.494405
0.49386,0.49386,0.492146,0.48849,0.482466,0.473482,0.460865,0.443958,0.42226,0.395562,0.364086,0.328567,0.290273,0.250926,0.212534,0.177155,0.146631,0.122352,0.10509,0.0949387,0.0913627,0.093336,0.0995352,0.108542,0.119016,0.129815,0.140057,0.149123,0.156621,0.162338,0.166175,0.168097,0.168097,0.166175,0.162338,0.156621,0.149123,0.140057,0.129815,0.119016,0.108542,0.0995352,0.093336,0.0913627,0.0949387,0.10509,0.122352,0.146631,0.177155,0.212534,0.250926,0.290273,0.328567,0.364086,0.395562,0.42226,0.443958,0.460865,0.473482,0.482466,0.48849,0.492146,0.49386,0.49386
0.493389,0.493389,0.491561,0.487671,0.481274,0.471765,0.458458,0.440703,0.418019,0.390254,0.35771,0.32123,0.282201,0.242461,0.204112,0.16926,0.139746,0.1169,0.101386,0.0931579,0.0915311,0.0953429,0.103163,0.113508,0.125013,0.136549,0.147274,0.156621,0.16426,0.170031,0.173878,0.175798,0.175798,0.173878,0.170031,0.16426,0.156621,0.147274,0.136549,0.125013,0.113508,0.103163,0.0953429,0.0915311,0.0931579,0.101386,0.1169,0.139746,0.16926,0.204112,0.242461,0.282201,0.32123,0.35771,0.390254,0.418019,0.440703,0.458458,0.471765,0.481274,0.487671,0.491561,0.493389,0.493389
0.493014,0.493014,0.491096,0.487021,0.480332,0.470413,0.456571,0.43816,0.414722,0.386147,0.352804,0.31562,0.276076,0.236096,0.197849,0.163476,0.134806,0.113115,0.0989793,0.0922399,0.0920956,0.0972802,0.106286,0.117585,0.129801,0.141822,0.15284,0.162338,0.170031,0.175802,0.17963,0.181534,0.181534,0.17963,0.175802,0.170031,0.162338,0.15284,0.141822,0.129801,0.117585,0.106286,0.0972802,0.0920956,0.0922399,0.0989793,0.113115,0.134806,0.163476,0.197849,0.236096,0.276076,0.31562,0.352804,0.386147,0.414722,0.43816,0.456571,0.470413,0.480332,0.487021,0.491096,0.493014,0.493014
0.492753,0.492753,0.490773,0.486571,0.479681,0.469481,0.455273,0.436415,0.412467,0.383348,0.349475,0.311832,0.271962,0.23185,0.193707,0.159692,0.131626,0.110744,0.0975576,0.0918301,0.0926808,0.0987742,0.108553,0.12046,0.133117,0.145427,0.156608,0.166175,0.173878,0.17963,0.183432,0.185319,0.185319,0.183432,0.17963,0.173878,0.166175,0.156608,0.145427,0.133117,0.12046,0.108553,0.0987742,0.0926808,0.0918301,0.0975576,0.110744,0.131626,0.159692,0.193707,0.23185,0.271962,0.311832,0.349475,0.383348,0.412467,0.436415,0.455273,0.469481,0.479681,0.486571,0.490773,0.492753,0.492753
0.492618,0.492618,0.490608,0.48634,0.479348,0.469005,0.454611,0.435528,0.411322,0.381931,0.347793,0.309923,0.269897,0.229727,0.191646,0.157824,0.130072,0.109606,0.0969026,0.0916864,0.0930359,0.0995811,0.10974,0.121943,0.13481,0.147253,0.158504,0.168097,0.175798,0.181534,0.185319,0.187196,0.187196,0.185319,0.181534,0.175798,0.168097,0.158504,0.147253,0.13481,0.121943,0.10974,0.0995811,0.0930359,0.0916864,0.0969026,0.109606,0.130072,0.157824,0.191646,0.229727,0.269897,0.309923,0.347793,0.381931,0.411322,0.435528,0.454611,0.469005,0.479348,0.48634,0.490608,0.492618,0.492618
0.492618,0.492618,0.490608,0.48634,0.479348,0.469005,0.454611,0.435528,0.411322,0.381931,0.347793,0.309923,0.269897,0.229727,0.191646,0.157824,0.130072,0.109606,0.0969026,0.0916864,0.0930359,0.0995811,0.10974,0.121943,0.13481,0.147253,0.158504,0.168097,0.175798,0.181534,0.185319,0.187196,0.187196,0.185319,0.181534,0.175798,0.168097,0.158504,0.147253,0.13481,0.121943,0.10974,0.0995811,0.0930359,0.0916864,0.0969026,0.109606,0.130072,0.157824,0.191646,0.229727,0.269897,0.309923,0.347793,0.381931,0.411322,0.435528,0.454611,0.469005,0.479348,0.48634,0.490608,0.492618,0.492618
0.492753,0.492753,0.490773,0.486571,0.479681,0.469481,0.455273,0.436415,0.412467,0.383348,0.349475,0.311832,0.271962,0.23185,0.193707,0.159692,0.131626,0.110744,0.0975576,0.0918301,0.0926808,0.0987742,0.108553,0.12046,0.133117,0.145427,0.156608,0.166175,0.173878,0.17963,0.183432,0.185319,0.185319,0.183432,0.17963,0.173878,0.166175,0.156608,0.145427,0.133117,0.12046,0.108553,0.0987742,0.0926808,0.0918301,0.0975576,0.110744,0.131626,0.159692,0.193707,0.23185,0.271962,0.311832,0.349475,0.383348,0.412467,0.436415,0.455273,0.469481,0.479681,0.486571,0.490773,0.492753,0.492753
0.493014,0.493014,0.491096,0.487021,0.480332,0.470413,0.456571,0.43816,0.414722,0.386147,0.352804,0.31562,0.276076,0.236096,0.197849,0.163476,0.134806,0.113115,0.0989793,0.0922399,0.0920956,0.0972802,0.106286,0.117585,0.129801,0.141822,0.15284,0.162338,0.170031,0.175802,0.17963,0.181534,0.181534,0.17963,0.175802,0.170031,0.162338,0.15284,0.141822,0.129801,0.117585,0.106286,0.0972802,0.0920956,0.0922399,0.0989793,0.113115,0.134806,0.163476,0.197849,0.236096,0.276076,0.31562,0.352804,0.386147,0.414722,0.43816,0.456571,0.470413,0.480332,0.487021,0.491096,0.493014,0.493014
0.493389,0.493389,0.491561,0.487671,0.481274,0.471765,0.458458,0.440703,0.418019,0.390254,0.35771,0.32123,0.282201,0.242461,0.204112,0.16926,0.139746,0.1169,0.101386,0.0931579,0.0915311,0.0953429,0.103163,0.113508,0.125013,0.136549,0.147274,0.156621,0.16426,0.170031,0.173878,0.175798,0.175798,0.173878,0.170031,0.16426,0.156621,0.147274,0.136549,0.125013,0.113508,0.103163,0.0953429,0.0915311,0.0931579,0.101386,0.1169,0.139746,0.16926,0.204112,0.242461,0.282201,0.32123,0.35771,0.390254,0.418019,0.440703,0.458458,0.471765,0.481274,0.487671,0.491561,0.493389,0.493389
0.49386,0.49386,0.492146,0.48849,0.482466,0.473482,0.460865,0.443958,0.42226,0.395562,0.364086,0.328567,0.290273,0.250926,0.212534,0.177155,0.146631,0.122352,0.10509,0.0949387,0.0913627,0.093336,0.0995352,0.108542,0.119016,0.129815,0.140057,0.149123,0.156621,0.162338,0.166175,0.168097,0.168097,0.166175,0.162338,0.156621,0.149123,0.140057,0.129815,0.119016,0.108542,0.0995352,0.093336,0.0913627,0.0949387,0.10509,0.122352,0.146631,0.177155,0.212534,0.250926,0.290273,0.328567,0.364086,0.395562,0.42226,0.443958,0.460865,0.473482,0.482466,0.48849,0.492146,0.49386,0.49386
0.494405,0.494405,0.492823,0.489444,0.483858,0.475498,0.463702,0.447817,0.427314,0.401928,0.371785,0.337498,0.30019,0.261441,0.22314,0.187272,0.155667,0.129773,0.110478,0.0980348,0.0920837,0.091766,0.095895,0.103143,0.112214,0.121962,0.131468,0.140057,0.147274,0.15284,0.156608,0.158504,0.158504,0.156608,0.15284,0.147274,0.140057,0.131468,0.121962,0.112214,0.103143,0.095895,0.091766,0.0920837,0.0980348,0.110478,0.129773,0.155667,0.187272,0.22314,0.261441,0.30019,0.337498,0.371785,0.401928,0.427314,0.447817,0.463702,0.475498,0.483858,0.489444,0.492823,0.494405,0.494405
0.494998,0.494998,0.493563,0.490491,0.485396,0.477735,0.46687,0.452151,0.433028,0.409177,0.380625,0.347848,0.311807,0.273915,0.235917,0.199697,0.167056,0.139483,0.117981,0.102971,0.0942876,0.0912656,0.0928831,0.097933,0.105184,0.113508,0.121962,0.129815,0.136549,0.141822,0.145427,0.147253,0.147253,0.145427,0.141822,0.136549,0.129815,0.121962,0.113508,0.105184,0.097933,0.0928831,0.0912656,0.0942876,0.102971,0.117981,0.139483,0.167056,0.199697,0.235917,0.273915,0.311807,0.347848,0.380625,0.409177,0.433028,0.452151,0.46687,0.477735,0.485396,0.490491,0.493563,0.494998,0.494998
0.495614,0.495614,0.494335,0.491591,0.48702,0.480112,0.470257,0.456818,0.439227,0.417107,0.390385,0.359394,0.324923,0.288197,0.25079,0.214462,0.180954,0.151775,0.128031,0.110304,0.0986356,0.0925699,0.0912766,0.093697,0.0986951,0.105184,0.112214,0.119016,0.125013,0.129801,0.133117,0.13481,0.13481,0.133117,0.129801,0.125013,0.119016,0.112214,0.105184,0.0986951,0.093697,0.0912766,0.0925699,0.0986356,0.110304,0.128031,0.151775,0.180954,0.214462,0.25079,0.288197,0.324923,0.359394,0.390385,0.417107,0.439227,0.456818,0.470257,0.480112,0.48702,0.491591,0.494335,0.495614,0.495614
0.49623,0.49623,0.495111,0.492702,0.488672,0.482547,0.473751,0.461668,0.445723,0.425493,0.400813,0.371872,0.33928,0.304065,0.267609,0.231516,0.197437,0.166875,0.141009,0.120573,0.105805,0.096472,0.0919529,0.0913648,0.093697,0.097933,0.103143,0.108542,0.113508,0.117585,0.12046,0.121943,0.121943,0.12046,0.117585,0.113508,0.108542,0.103143,0.097933,0.093697,0.0913648,0.0919529,0.096472,0.105805,0.120573,0.141009,0.166875,0.197437,0.231516,0.267609,0.304065,0.33928,0.371872,0.400813,0.425493,0.445723,0.461668,0.473751,0.482547,0.488672,0.492702,0.495111,0.49623,0.49623
0.496824,0.496824,0.495863,0.493787,0.490297,0.48496,0.477242,0.466554,0.452327,0.434102,0.411633,0.384977,0.354566,0.321224,0.286124,0.250694,0.216462,0.184887,0.157189,0.134226,0.116419,0.103753,0.0958261,0.0919529,0.0912766,0.0928831,0.095895,0.0995352,0.103163,0.106286,0.108553,0.10974,0.10974,0.108553,0.106286,0.103163,0.0995352,0.095895,0.0928831,0.0912766,0.0919529,0.0958261,0.103753,0.116419,0.134226,0.157189,0.184887,0.216462,0.250694,0.286124,0.321224,0.354566,0.384977,0.411633,0.434102,0.452327,0.466554,0.477242,0.48496,0.490297,0.493787,0.495863,0.496824,0.496824
0.497379,0.497379,0.496569,0.494814,0.491848,0.487282,0.480627,0.471335,0.458851,0.442696,0.422559,0.398378,0.370419,0.339302,0.305989,0.271709,0.237838,0.205753,0.176678,0.151556,0.130966,0.115091,0.103753,0.096472,0.0925699,0.0912656,0.091766,0.093336,0.0953429,0.0972802,0.0987742,0.0995811,0.0995811,0.0987742,0.0972802,0.0953429,0.093336,0.091766,0.0912656,0.0925699,0.096472,0.103753,0.115091,0.130966,0.151556,0.176678,0.205753,0.237838,0.271709,0.305989,0.339302,0.370419,0.398378,0.422559,0.442696,0.458851,0.471335,0.480627,0.487282,0.491848,0.494814,0.496569,0.497379,0.497379
0.497883,0.497883,0.497214,0.495759,0.493286,0.489452,0.483821,0.475886,0.465124,0.451051,0.433306,0.411732,0.386444,0.357873,0.326766,0.294144,0.26121,0.229222,0.199368,0.172632,0.149712,0.130966,0.116419,0.105805,0.0986356,0.0942876,0.0920837,0.0913627,0.0915311,0.0920956,0.0926808,0.0930359,0.0930359,0.0926808,0.0920956,0.0915311,0.0913627,0.0920837,0.0942876,0.0986356,0.105805,0.116419,0.130966,0.149712,0.172632,0.199368,0.229222,0.26121,0.294144,0.326766,0.357873,0.386444,0.411732,0.433306,0.451051,0.465124,0.475886,0.483821,0.489452,0.493286,0.495759,0.497214,0.497883,0.497883
0.498326,0.498326,0.497784,0.496602,0.494582,0.491426,0.486752,0.480105,0.470999,0.458962,0.443608,0.424703,0.402236,0.376467,0.347941,0.317471,0.286066,0.254843,0.224909,0.197249,0.172632,0.151556,0.134226,0.120573,0.110304,0.102971,0.0980348,0.0949387,0.0931579,0.0922399,0.0918301,0.0916864,0.0916864,0.0918301,0.0922399,0.0931579,0.0949387,0.0980348,0.102971,0.110304,0.120573,0.134226,0.151556,0.172632,0.197249,0.224909,0.254843,0.286066,0.317471,0.347941,0.376467,0.402236,0.424703,0.443608,0.458962,0.470999,0.480105,0.486752,0.491426,0.494582,0.496602,0.497784,0.498326,0.498326
0.498705,0.498705,0.498276,0.497336,0.495718,0.493174,0.489372,0.483914,0.476359,0.466264,0.453232,0.436982,0.417403,0.394609,0.368963,0.341076,0.311763,0.281977,0.252712,0.224909,0.199368,0.176678,0.157189,0.141009,0.128031,0.117981,0.110478,0.10509,0.101386,0.0989793,0.0975576,0.0969026,0.0969026,0.0975576,0.0989793,0.101386,0.10509,0.110478,0.117981,0.128031,0.141009,0.157189,0.176678,0.199368,0.224909,0.252712,0.281977,0.311763,0.341076,0.368963,0.394609,0.417403,0.436982,0.453232,0.466264,0.476359,0.483914,0.489372,0.493174,0.495718,0.497336,0.498276,0.498705,0.498705
0.49902,0.49902,0.498688,0.497956,0.496689,0.49468,0.491652,0.487262,0.481124,0.472828,0.461993,0.448309,0.431595,0.411849,0.389279,0.36431,0.337571,0.30984,0.281977,0.254843,0.229222,0.205753,0.184887,0.166875,0.151775,0.139483,0.129773,0.122352,0.1169,0.113115,0.110744,0.109606,0.109606,0.110744,0.113115,0.1169,0.122352,0.129773,0.139483,0.151775,0.166875,0.184887,0.205753,0.229222,0.254843,0.281977,0.30984,0.337571,0.36431,0.389279,0.411849,0.431595,0.448309,0.461993,0.472828,0.481124,0.487262,0.491652,0.49468,0.496689,0.497956,0.498688,0.49902,0.49902
0.499276,0.499276,0.499024,0.498467,0.497496,0.495945,0.493585,0.49013,0.485249,0.478578,0.469762,0.458485,0.444526,0.427797,0.408378,0.386539,0.362734,0.337571,0.311763,0.286066,0.26121,0.237838,0.216462,0.197437,0.180954,0.167056,0.155667,0.146631,0.139746,0.134806,0.131626,0.130072,0.130072,0.131626,0.134806,0.139746,0.146631,0.155667,0.167056,0.180954,0.197437,0.216462,0.237838,0.26121,0.286066,0.311763,0.337571,0.362734,0.386539,0.408378,0.427797,0.444526,0.458485,0.469762,0.478578,0.485249,0.49013,0.493585,0.495945,0.497496,0.498467,0.499024,0.499276,0.499276
0.499477,0.499477,0.499291,0.498876,0.498149,0.496978,0.49518,0.492522,0.488726,0.483482,0.476468,0.467385,0.455992,0.442146,0.425833,0.407197,0.386539,0.36431,0.341076,0.317471,0.294144,0.271709,0.250694,0.231516,0.214462,0.199697,0.187272,0.177155,0.16926,0.163476,0.159692,0.157824,0.157824,0.159692,0.163476,0.16926,0.177155,0.187272,0.199697,0.214462,0.231516,0.250694,0.271709,0.294144,0.317471,0.341076,0.36431,0.386539,0.407197,0.425833,0.442146,0.455992,0.467385,0.476468,0.483482,0.488726,0.492522,0.49518,0.496978,0.498149,0.498876,0.499291,0.499477,0.499477
0.499631,0.499631,0.499496,0.499195,0.498664,0.4978,0.496461,0.494464,0.491581,0.487553,0.482103,0.474959,0.465881,0.454698,0.441333,0.425833,0.408378,0.389279,0.368963,0.347941,0.326766,0.305989,0.286124,0.267609,0.25079,0.235917,0.22314,0.212534,0.204112,0.197849,0.193707,0.191646,0.191646,0.193707,0.197849,0.204112,0.212534,0.22314,0.235917,0.25079,0.267609,0.286124,0.305989,0.326766,0.347941,0.368963,0.389279,0.408378,0.425833,0.441333,0.454698,0.465881,0.474959,0.482103,0.487553,0.491581,0.494464,0.496461,0.4978,0.498664,0.499195,0.499496,0.499631,0.499631
0.499746,0.499746,0.499651,0.499438,0.499058,0.498436,0.497464,0.495998,0.49386,0.49084,0.486708,0.481226,0.474172,0.465366,0.454698,0.442146,0.427797,0.411849,0.394609,0.376467,0.357873,0.339302,0.321224,0.304065,0.288197,0.273915,0.261441,0.250926,0.242461,0.236096,0.23185,0.229727,0.229727,0.23185,0.236096,0.242461,0.250926,0.261441,0.273915,0.288197,0.304065,0.321224,0.339302,0.357873,0.376467,0.394609,0.411849,0.427797,0.442146,0.454698,0.465366,0.474172,0.481226,0.486708,0.49084,0.49386,0.495998,0.497464,0.498436,0.499058,0.499438,0.499651,0.499746,0.499746
0.49983,0.49983,0.499764,0.499616,0.499352,0.498915,0.498226,0.497176,0.49563,0.493423,0.490368,0.486266,0.480925,0.474172,0.465881,0.455992,0.444526,0.431595,0.417403,0.402236,0.386444,0.370419,0.354566,0.33928,0.324923,0.311807,0.30019,0.290273,0.282201,0.276076,0.271962,0.269897,0.269897,0.271962,0.276076,0.282201,0.290273,0.30019,0.311807,0.324923,0.33928,0.354566,0.370419,0.386444,0.402236,0.417403,0.431595,0.444526,0.455992,0.465881,0.474172,0.480925,0.486266,0.490368,0.493423,0.49563,0.497176,0.498226,0.498915,0.499352,0.499616,0.499764,0.49983,0.49983
0.499889,0.499889,0.499845,0.499745,0.499565,0.499266,0.49879,0.498057,0.496967,0.495394,0.493193,0.490205,0.486266,0.481226,0.474959,0.467385,0.458485,0.448309,0.436982,0.424703,0.411732,0.398378,0.384977,0.371872,0.359394,0.347848,0.337498,0.328567,0.32123,0.31562,0.311832,0.309923,0.309923,0.311832,0.31562,0.32123,0.328567,0.337498,0.347848,0.359394,0.371872,0.384977,0.398378,0.411732,0.424703,0.436982,0.448309,0.458485,0.467385,0.474959,0.481226,0.486266,0.490205,0.493193,0.495394,0.496967,0.498057,0.49879,0.499266,0.499565,0.499745,0.499845,0.499889,0.499889
0.499929,0.499929,0.4999,0.499835,0.499716,0.499516,0.499195,0.498697,0.497948,0.496857,0.495313,0.493193,0.490368,0.486708,0.482103,0.476468,0.469762,0.461993,0.453232,0.443608,0.433306,0.422559,0.411633,0.400813,0.390385,0.380625,0.371785,0.364086,0.35771,0.352804,0.349475,0.347793,0.347793,0.349475,0.352804,0.35771,0.364086,0.371785,0.380625,0.390385,0.400813,0.411633,0.422559,0.433306,0.443608,0.453232,0.461993,0.469762,0.476468,0.482103,0.486708,0.490368,0.493193,0.495313,0.496857,0.497948,0.498697,0.499195,0.499516,0.499716,0.499835,0.4999,0.499929,0.499929
0.499956,0.499956,0.499937,0.499896,0.499819,0.499689,0.499479,0.499149,0.498648,0.497911,0.496857,0.495394,0.493423,0.49084,0.487553,0.483482,0.478578,0.472828,0.466264,0.458962,0.451051,0.442696,0.434102,0.425493,0.417107,0.409177,0.401928,0.395562,0.390254,0.386147,0.383348,0.381931,0.381931,0.383348,0.386147,0.390254,0.395562,0.401928,0.409177,0.417107,0.425493,0.434102,0.442696,0.451051,0.458962,0.466264,0.472828,0.478578,0.483482,0.487553,0.49084,0.493423,0.495394,0.496857,0.497911,0.498648,0.499149,0.499479,0.499689,0.499819,0.499896,0.499937,0.499956,0.499956
0.499973,0.499973,0.499962,0.499936,0.499888,0.499805,0.499671,0.499458,0.499133,0.498648,0.497948,0.496967,0.49563,0.49386,0.491581,0.488726,0.485249,0.481124,0.476359,0.470999,0.465124,0.458851,0.452327,0.445723,0.439227,0.433028,0.427314,0.42226,0.418019,0.414722,0.412467,0.411322,0.411322,0.412467,0.414722,0.418019,0.42226,0.427314,0.433028,0.439227,0.445723,0.452327,0.458851,0.465124,0.470999,0.476359,0.481124,0.485249,0.488726,0.491581,0.49386,0.49563,0.496967,0.497948,0.498648,0.499133,0.499458,0.499671,0.499805,0.499888,0.499936,0.499962,0.499973,0.499973
0.499984,0.499984,0.499977,0.499961,0.499932,0.499881,0.499798,0.499665,0.499458,0.499149,0.498697,0.498057,0.497176,0.495998,0.494464,0.492522,0.49013,0.487262,0.483914,0.480105,0.475886,0.471335,0.466554,0.461668,0.456818,0.452151,0.447817,0.443958,0.440703,0.43816,0.436415,0.435528,0.435528,0.436415,0.43816,0.440703,0.443958,0.447817,0.452151,0.456818,0.461668,0.466554,0.471335,0.475886,0.480105,0.483914,0.487262,0.49013,0.492522,0.494464,0.495998,0.497176,0.498057,0.498697,0.499149,0.499458,0.499665,0.499798,0.499881,0.499932,0.499961,0.499977,0.499984,0.499984
0.499991,0.499991,0.499987,0.499978,0.49996,0.49993,0.499879,0.499798,0.499671,0.499479,0.499195,0.49879,0.498226,0.497464,0.496461,0.49518,0.493585,0.491652,0.489372,0.486752,0.483821,0.480627,0.477242,0.473751,0.470257,0.46687,0.463702,0.460865,0.458458,0.456571,0.455273,0.454611,0.454611,0.455273,0.456571,0.458458,0.460865,0.463702,0.46687,0.470257,0.473751,0.477242,0.480627,0.483821,0.486752,0.489372,0.491652,0.493585,0.49518,0.496461,0.497464,0.498226,0.49879,0.499195,0.499479,0.499671,0.499798,0.499879,0.49993,0.49996,0.499978,0.499987,0.499991,0.499991
0.499995,0.499995,0.499993,0.499987,0.499977,0.499959,0.49993,0.499881,0.499805,0.499689,0.499516,0.499266,0.498915,0.498436,0.4978,0.496978,0.495945,0.49468,0.493174,0.491426,0.489452,0.487282,0.48496,0.482547,0.480112,0.477735,0.475498,0.473482,0.471765,0.470413,0.469481,0.469005,0.469005,0.469481,0.470413,0.471765,0.473482,0.475498,0.477735,0.480112,0.482547,0.48496,0.487282,0.489452,0.491426,0.493174,0.49468,0.495945,0.496978,0.4978,0.498436,0.498915,0.499266,0.499516,0.499689,0.499805,0.499881,0.49993,0.499959,0.499977,0.499987,0.499993,0.499995,0.499995
0.499997,0.499997,0.499996,0.499993,0.499987,0.499977,0.49996,0.499932,0.499888,0.499819,0.499716,0.499565,0.499352,0.499058,0.498664,0.498149,0.497496,0.496689,0.495718,0.494582,0.493286,0.491848,0.490297,0.488672,0.48702,0.485396,0.483858,0.482466,0.481274,0.480332,0.479681,0.479348,0.479348,0.479681,0.480332,0.481274,0.482466,0.483858,0.485396,0.48702,0.488672,0.490297,0.491848,0.493286,0.494582,0.495718,0.496689,0.497496,0.498149,0.498664,0.499058,0.499352,0.499565,0.499716,0.499819,0.499888,0.499932,0.49996,0.499977,0.499987,0.499993,0.499996,0.499997,0.499997
0.499999,0.499999,0.499998,0.499996,0.499993,0.499987,0.499978,0.499961,0.499936,0.499896,0.499835,0.499745,0.499616,0.499438,0.499195,0.498876,0.498467,0.497956,0.497336,0.496602,0.495759,0.494814,0.493787,0.492702,0.491591,0.490491,0.489444,0.48849,0.487671,0.487021,0.486571,0.48634,0.48634,0.486571,0.487021,0.487671,0.48849,0.489444,0.490491,0.491591,0.492702,0.493787,0.494814,0.495759,0.496602,0.497336,0.497956,0.498467,0.498876,0.499195,0.499438,0.499616,0.499745,0.499835,0.499896,0.499936,0.499961,0.499978,0.499987,0.499993,0.499996,0.499998,0.499999,0.499999
0.499999,0.499999,0.499999,0.499998,0.499996,0.499993,0.499987,0.499977,0.499962,0.499937,0.4999,0.499845,0.499764,0.499651,0.499496,0.499291,0.499024,0.498688,0.498276,0.497784,0.497214,0.496569,0.495863,0.495111,0.494335,0.493563,0.492823,0.492146,0.491561,0.491096,0.490773,0.490608,0.490608,0.490773,0.491096,0.491561,0.492146,0.492823,0.493563,0.494335,0.495111,0.495863,0.496569,0.497214,0.497784,0.498276,0.498688,0.499024,0.499291,0.499496,0.499651,0.499764,0.499845,0.4999,0.499937,0.499962,0.499977,0.499987,0.499993,0.499996,0.499998,0.499999,0.499999,0.499999
0.499999,0.499999,0.499999,0.499999,0.499997,0.499995,0.499991,0.499984,0.499973,0.499956,0.499929,0.499889,0.49983,0.499746,0.499631,0.499477,0.499276,0.49902,0.498705,0.498326,0.497883,0.497379,0.496824,0.49623,0.495614,0.494998,0.494405,0.49386,0.493389,0.493014,0.492753,0.492618,0.492618,0.492753,0.493014,0.493389,0.49386,0.494405,0.494998,0.495614,0.49623,0.496824,0.497379,0.497883,0.498326,0.498705,0.49902,0.499276,0.499477,0.499631,0.499746,0.49983,0.499889,0.499929,0.499956,0.499973,0.499984,0.499991,0.499995,0.499997,0.499999,0.499999,0.499999,0.499999
0.499999,0.499999,0.499999,0.499999,0.499997,0.499995,0.499991,0.499984,0.499973,0.499956,0.499929,0.499889,0.49983,0.499746,0.499631,0.499477,0.499276,0.49902,0.498705,0.498326,0.497883,0.497379,0.496824,0.49623,0.495614,0.494998,0.494405,0.49386,0.493389,0.493014,0.492753,0.492618,0.492618,0.492753,0.493014,0.493389,0.49386,0.494405,0.494998,0.495614,0.49623,0.496824,0.497379,0.497883,0.498326,0.498705,0.49902,0.499276,0.499477,0.499631,0.499746,0.49983,0.499889,0.499929,0.499956,0.499973,0.499984,0.499991,0.499995,0.499997,0.499999,0.499999,0.499999,0.499999
