0.5,0.5,0.5,0.5,0.5,0.5,0.5,0.5,0.5,0.5,0.499999,0.499999,0.499998,0.499997,0.499995,0.499993,0.499989,0.499984,0.499976,0.499967,0.499955,0.49994,0.499923,0.499903,0.499881,0.499858,0.499835,0.499812,0.499792,0.499776,0.499765,0.499759,0.499759,0.499765,0.499776,0.499792,0.499812,0.499835,0.499858,0.499881,0.499903,0.499923,0.49994,0.499955,0.499967,0.499976,0.499984,0.499989,0.499993,0.499995,0.499997,0.499998,0.499999,0.499999,0.5,0.5,0.5,0.5,0.5,0.5,0.5,0.5,0.5,0.5
0.5,0.5,0.5,0.5,0.5,0.5,0.5,0.5,0.5,0.5,0.499999,0.499999,0.499998,0.499997,0.499995,0.499993,0.499989,0.499984,0.499976,0.499967,0.499955,0.49994,0.499923,0.499903,0.499881,0.499858,0.499835,0.499812,0.499792,0.499776,0.499765,0.499759,0.499759,0.499765,0.499776,0.499792,0.499812,0.499835,0.499858,0.499881,0.499903,0.499923,0.49994,0.499955,0.499967,0.499976,0.499984,0.499989,0.499993,0.499995,0.499997,0.499998,0.499999,0.499999,0.5,0.5,0.5,0.5,0.5,0.5,0.5,0.5,0.5,0.5
0.5,0.5,0.5,0.5,0.5,0.5,0.5,0.5,0.5,0.499999,0.499999,0.499998,0.499997,0.499995,0.499992,0.499988,0.499982,0.499974,0.499962,0.499948,0.499929,0.499906,0.499879,0.499848,0.499815,0.499779,0.499744,0.49971,0.49968,0.499655,0.499638,0.499629,0.499629,0.499638,0.499655,0.49968,0.49971,0.499744,0.499779,0.499815,0.499848,0.499879,0.499906,0.499929,0.499948,0.499962,0.499974,0.499982,0.499988,0.499992,0.499995,0.499997,0.499998,0.499999,0.499999,0.5,0.5,0.5,0.5,0.5,0.5,0.5,0.5,0.5
0.5,0.5,0.5,0.5,0.5,0.5,0.5,0.5,0.499999,0.499999,0.499998,0.499997,0.499994,0.499991,0.499985,0.499977,0.499966,0.49995,0.499928,0.4999,0.499866,0.499823,0.499773,0.499717,0.499655,0.499591,0.499527,0.499465,0.499411,0.499367,0.499335,0.499319,0.499319,0.499335,0.499367,0.499411,0.499465,0.499527,0.499591,0.499655,0.499717,0.499773,0.499823,0.499866,0.4999,0.499928,0.49995,0.499966,0.499977,0.499985,0.499991,0.499994,0.499997,0.499998,0.499999,0.499999,0.5,0.5,0.5,0.5,0.5,0.5,0.5,0.5
0.5,0.5,0.5,0.5,0.5,0.5,0.5,0.499999,0.499999,0.499998,0.499996,0.499993,0.499989,0.499982,0.499971,0.499955,0.499932,0.499901,0.49986,0.499806,0.49974,0.499659,0.499565,0.499459,0.499344,0.499224,0.499104,0.498991,0.498891,0.498809,0.498751,0.498722,0.498722,0.498751,0.498809,0.498891,0.498991,0.499104,0.499224,0.499344,0.499459,0.499565,0.499659,0.49974,0.499806,0.49986,0.499901,0.499932,0.499955,0.499971,0.499982,0.499989,0.499993,0.499996,0.499998,0.499999,0.499999,0.5,0.5,0.5,0.5,0.5,0.5,0.5
0.5,0.5,0.5,0.5,0.5,0.5,0.499999,0.499999,0.499998,0.499996,0.499992,0.499987,0.499978,0.499964,0.499943,0.499912,0.499869,0.49981,0.499732,0.499631,0.499507,0.499357,0.499183,0.498988,0.498777,0.498558,0.498341,0.498136,0.497954,0.497807,0.497703,0.497649,0.497649,0.497703,0.497807,0.497954,0.498136,0.498341,0.498558,0.498777,0.498988,0.499183,0.499357,0.499507,0.499631,0.499732,0.49981,0.499869,0.499912,0.499943,0.499964,0.499978,0.499987,0.499992,0.499996,0.499998,0.499999,0.499999,0.5,0.5,0.5,0.5,0.5,0.5
0.5,0.5,0.5,0.5,0.5,0.499999,0.499999,0.499997,0.499995,0.499991,0.499985,0.499974,0.499957,0.49993,0.499891,0.499834,0.499754,0.499645,0.499501,0.499318,0.499093,0.498823,0.498511,0.498164,0.49779,0.497403,0.49702,0.496661,0.496343,0.496086,0.495905,0.495812,0.495812,0.495905,0.496086,0.496343,0.496661,0.49702,0.497403,0.49779,0.498164,0.498511,0.498823,0.499093,0.499318,0.499501,0.499645,0.499754,0.499834,0.499891,0.49993,0.499957,0.499974,0.499985,0.499991,0.499995,0.499997,0.499999,0.499999,0.5,0.5,0.5,0.5,0.5
0.5,0.5,0.5,0.5,0.499999,0.499999,0.499997,0.499995,0.499991,0.499984,0.499971,0.499951,0.49992,0.499871,0.499799,0.499696,0.499551,0.499357,0.499102,0.49878,0.498384,0.497914,0.497375,0.496776,0.496135,0.495476,0.494826,0.494217,0.493681,0.493249,0.492945,0.492788,0.492788,0.492945,0.493249,0.493681,0.494217,0.494826,0.495476,0.496135,0.496776,0.497375,0.497914,0.498384,0.49878,0.499102,0.499357,0.499551,0.499696,0.499799,0.499871,0.49992,0.499951,0.499971,0.499984,0.499991,0.499995,0.499997,0.499999,0.499999,0.5,0.5,0.5,0.5
0.5,0.5,0.5,0.499999,0.499999,0.499998,0.499995,0.499991,0.499983,0.49997,0.499948,0.499912,0.499855,0.499769,0.499641,0.49946,0.499209,0.498872,0.498435,0.497885,0.497215,0.496424,0.495522,0.494525,0.493465,0.49238,0.491315,0.490321,0.489449,0.488747,0.488255,0.488002,0.488002,0.488255,0.488747,0.489449,0.490321,0.491315,0.49238,0.493465,0.494525,0.495522,0.496424,0.497215,0.497885,0.498435,0.498872,0.499209,0.49946,0.499641,0.499769,0.499855,0.499912,0.499948,0.49997,0.499983,0.499991,0.499995,0.499998,0.499999,0.499999,0.5,0.5,0.5
0.5,0.5,0.499999,0.499999,0.499998,0.499996,0.499991,0.499984,0.49997,0.499946,0.499907,0.499844,0.499746,0.499597,0.49938,0.499072,0.498648,0.498085,0.497359,0.496452,0.495354,0.494067,0.492608,0.491008,0.489314,0.48759,0.485906,0.484342,0.482975,0.481877,0.481109,0.480714,0.480714,0.481109,0.481877,0.482975,0.484342,0.485906,0.48759,0.489314,0.491008,0.492608,0.494067,0.495354,0.496452,0.497359,0.498085,0.498648,0.499072,0.49938,0.499597,0.499746,0.499844,0.499907,0.499946,0.49997,0.499984,0.499991,0.499996,0.499998,0.499999,0.499999,0.5,0.5
0.499999,0.499999,0.499999,0.499998,0.499996,0.499992,0.499985,0.499971,0.499948,0.499907,0.49984,0.499734,0.499568,0.49932,0.49896,0.498452,0.497761,0.496849,0.495681,0.494233,0.492494,0.49047,0.48819,0.485708,0.483098,0.480455,0.477888,0.475514,0.473447,0.471793,0.470638,0.470045,0.470045,0.470638,0.471793,0.473447,0.475514,0.477888,0.480455,0.483098,0.485708,0.48819,0.49047,0.492494,0.494233,0.495681,0.496849,0.497761,0.498452,0.49896,0.49932,0.499568,0.499734,0.49984,0.499907,0.499948,0.499971,0.499985,0.499992,0.499996,0.499998,0.499999,0.499999,0.499999
0.499999,0.499999,0.499998,0.499997,0.499993,0.499987,0.499974,0.499951,0.499912,0.499844,0.499734,0.499558,0.499288,0.498886,0.498307,0.497499,0.496405,0.494973,0.493155,0.490918,0.488253,0.485175,0.481735,0.478015,0.47413,0.470222,0.466447,0.462974,0.459964,0.457563,0.455891,0.455033,0.455033,0.455891,0.457563,0.459964,0.462974,0.466447,0.470222,0.47413,0.478015,0.481735,0.485175,0.488253,0.490918,0.493155,0.494973,0.496405,0.497499,0.498307,0.498886,0.499288,0.499558,0.499734,0.499844,0.499912,0.499951,0.499974,0.499987,0.499993,0.499997,0.499998,0.499999,0.499999
0.499998,0.499998,0.499997,0.499994,0.499989,0.499978,0.499957,0.49992,0.499855,0.499746,0.499568,0.499288,0.498861,0.498229,0.497327,0.496077,0.494401,0.492223,0.489481,0.486137,0.482185,0.477659,0.47264,0.467256,0.461674,0.456097,0.450745,0.445848,0.441623,0.438267,0.435936,0.434741,0.434741,0.435936,0.438267,0.441623,0.445848,0.450745,0.456097,0.461674,0.467256,0.47264,0.477659,0.482185,0.486137,0.489481,0.492223,0.494401,0.496077,0.497327,0.498229,0.498861,0.499288,0.499568,0.499746,0.499855,0.49992,0.499957,0.499978,0.499989,0.499994,0.499997,0.499998,0.499998
0.499997,0.499997,0.499995,0.499991,0.499982,0.499964,0.49993,0.499871,0.499769,0.499597,0.49932,0.498886,0.498229,0.497267,0.495902,0.494028,0.491536,0.488326,0.484321,0.479478,0.473805,0.467367,0.460289,0.452759,0.445016,0.437337,0.43002,0.423365,0.417655,0.413137,0.41001,0.40841,0.40841,0.41001,0.413137,0.417655,0.423365,0.43002,0.437337,0.445016,0.452759,0.460289,0.467367,0.473805,0.479478,0.484321,0.488326,0.491536,0.494028,0.495902,0.497267,0.498229,0.498886,0.49932,0.499597,0.499769,0.499871,0.49993,0.499964,0.499982,0.499991,0.499995,0.499997,0.499997
0.499995,0.499995,0.499992,0.499985,0.499971,0.499943,0.499891,0.499799,0.499641,0.49938,0.49896,0.498307,0.497327,0.495902,0.493899,0.491171,0.487576,0.482988,0.477316,0.470521,0.462637,0.453773,0.44412,0.433944,0.423571,0.41337,0.403724,0.395012,0.38758,0.381729,0.377692,0.375632,0.375632,0.377692,0.381729,0.38758,0.395012,0.403724,0.41337,0.423571,0.433944,0.44412,0.453773,0.462637,0.470521,0.477316,0.482988,0.487576,0.491171,0.493899,0.495902,0.497327,0.498307,0.49896,0.49938,0.499641,0.499799,0.499891,0.499943,0.499971,0.499985,0.499992,0.499995,0.499995
0.499993,0.499993,0.499988,0.499977,0.499955,0.499912,0.499834,0.499696,0.49946,0.499072,0.498452,0.497499,0.496077,0.494028,0.491171,0.487317,0.482283,0.475918,0.468126,0.458885,0.44827,0.436455,0.423718,0.410425,0.397005,0.383928,0.371669,0.360682,0.351373,0.344082,0.339074,0.336524,0.336524,0.339074,0.344082,0.351373,0.360682,0.371669,0.383928,0.397005,0.410425,0.423718,0.436455,0.44827,0.458885,0.468126,0.475918,0.482283,0.487317,0.491171,0.494028,0.496077,0.497499,0.498452,0.499072,0.49946,0.499696,0.499834,0.499912,0.499955,0.499977,0.499988,0.499993,0.499993
0.499989,0.499989,0.499982,0.499966,0.499932,0.499869,0.499754,0.499551,0.499209,0.498648,0.497761,0.496405,0.494401,0.491536,0.487576,0.482283,0.475435,0.466862,0.456473,0.444281,0.430425,0.415171,0.398905,0.382113,0.365341,0.349165,0.334147,0.320805,0.309586,0.300855,0.294885,0.291855,0.291855,0.294885,0.300855,0.309586,0.320805,0.334147,0.349165,0.365341,0.382113,0.398905,0.415171,0.430425,0.444281,0.456473,0.466862,0.475435,0.482283,0.487576,0.491536,0.494401,0.496405,0.497761,0.498648,0.499209,0.499551,0.499754,0.499869,0.499932,0.499966,0.499982,0.499989,0.499989
0.499984,0.499984,0.499974,0.49995,0.499901,0.49981,0.499645,0.499357,0.498872,0.498085,0.496849,0.494973,0.492223,0.488326,0.482988,0.475918,0.466862,0.455641,0.442186,0.426571,0.409025,0.389934,0.369818,0.349298,0.329044,0.309734,0.292001,0.276405,0.263407,0.253365,0.246536,0.243082,0.243082,0.246536,0.253365,0.263407,0.276405,0.292001,0.309734,0.329044,0.349298,0.369818,0.389934,0.409025,0.426571,0.442186,0.455641,0.466862,0.475918,0.482988,0.488326,0.492223,0.494973,0.496849,0.498085,0.498872,0.499357,0.499645,0.49981,0.499901,0.49995,0.499974,0.499984,0.499984
0.499976,0.499976,0.499962,0.499928,0.49986,0.499732,0.499501,0.499102,0.498435,0.497359,0.495681,0.493155,0.489481,0.484321,0.477316,0.468126,0.456473,0.442186,0.425245,0.405812,0.38424,0.361062,0.336954,0.312682,0.289041,0.266792,0.246616,0.229076,0.21461,0.203531,0.196045,0.192275,0.192275,0.196045,0.203531,0.21461,0.229076,0.246616,0.266792,0.289041,0.312682,0.336954,0.361062,0.38424,0.405812,0.425245,0.442186,0.456473,0.468126,0.477316,0.484321,0.489481,0.493155,0.495681,0.497359,0.498435,0.499102,0.499501,0.499732,0.49986,0.499928,0.499962,0.499976,0.499976
0.499967,0.499967,0.499948,0.4999,0.499806,0.499631,0.499318,0.49878,0.497885,0.496452,0.494233,0.490918,0.486137,0.479478,0.470521,0.458885,0.444281,0.426571,0.405812,0.382289,0.356511,0.329186,0.301161,0.273354,0.246668,0.221924,0.199809,0.180846,0.1654,0.153694,0.145849,0.141918,0.141918,0.145849,0.153694,0.1654,0.180846,0.199809,0.221924,0.246668,0.273354,0.301161,0.329186,0.356511,0.382289,0.405812,0.426571,0.444281,0.458885,0.470521,0.479478,0.486137,0.490918,0.494233,0.496452,0.497885,0.49878,0.499318,0.499631,0.499806,0.4999,0.499948,0.499967,0.499967
0.499955,0.499955,0.499929,0.499866,0.49974,0.499507,0.499093,0.498384,0.497215,0.495354,0.492494,0.488253,0.482185,0.473805,0.462637,0.44827,0.430425,0.409025,0.38424,0.356511,0.326535,0.295218,0.263588,0.232704,0.203557,0.17699,0.153645,0.133956,0.118161,0.106348,0.0985116,0.09461,0.09461,0.0985116,0.106348,0.118161,0.133956,0.153645,0.17699,0.203557,0.232704,0.263588,0.295218,0.326535,0.356511,0.38424,0.409025,0.430425,0.44827,0.462637,0.473805,0.482185,0.488253,0.492494,0.495354,0.497215,0.498384,0.499093,0.499507,0.49974,0.499866,0.499929,0.499955,0.499955
0.49994,0.49994,0.499906,0.499823,0.499659,0.499357,0.498823,0.497914,0.496424,0.494067,0.49047,0.485175,0.477659,0.467367,0.453773,0.436455,0.415171,0.389934,0.361062,0.329186,0.295218,0.260274,0.225567,0.192278,0.161451,0.133904,0.110187,0.0905837,0.0751565,0.0638128,0.0563885,0.0527242,0.0527242,0.0563885,0.0638128,0.0751565,0.0905837,0.110187,0.133904,0.161451,0.192278,0.225567,0.260274,0.295218,0.329186,0.361062,0.389934,0.415171,0.436455,0.453773,0.467367,0.477659,0.485175,0.49047,0.494067,0.496424,0.497914,0.498823,0.499357,0.499659,0.499823,0.499906,0.49994,0.49994
0.499923,0.499923,0.499879,0.499773,0.499565,0.499183,0.498511,0.497375,0.495522,0.492608,0.48819,0.481735,0.47264,0.460289,0.44412,0.423718,0.398905,0.369818,0.336954,0.301161,0.263588,0.225567,0.188478,0.153605,0.122001,0.0944102,0.0712349,0.0525608,0.0382278,0.027928,0.0213125,0.0180877,0.0180877,0.0213125,0.027928,0.0382278,0.0525608,0.0712349,0.0944102,0.122001,0.153605,0.188478,0.225567,0.263588,0.301161,0.336954,0.369818,0.398905,0.423718,0.44412,0.460289,0.47264,0.481735,0.48819,0.492608,0.495522,0.497375,0.498511,0.499183,0.499565,0.499773,0.499879,0.499923,0.499923
0.499903,0.499903,0.499848,0.499717,0.499459,0.498988,0.498164,0.496776,0.494525,0.491008,0.485708,0.478015,0.467256,0.452759,0.433944,0.410425,0.382113,0.349298,0.312682,0.273354,0.232704,0.192278,0.153605,0.118031,0.0865796,0.0598709,0.0381122,0.0211492,0.00856736,-0.000180153,-0.00564165,-0.00825263,-0.00825263,-0.00564165,-0.000180153,0.00856736,0.0211492,0.0381122,0.0598709,0.0865796,0.118031,0.153605,0.192278,0.232704,0.273354,0.312682,0.349298,0.382113,0.410425,0.433944,0.452759,0.467256,0.478015,0.485708,0.491008,0.494525,0.496776,0.498164,0.498988,0.499459,0.499717,0.499848,0.499903,0.499903
0.499881,0.499881,0.499815,0.499655,0.499344,0.498777,0.49779,0.496135,0.493465,0.489314,0.483098,0.47413,0.461674,0.445016,0.423571,0.397005,0.365341,0.329044,0.289041,0.246668,0.203557,0.161451,0.122001,0.0865796,0.0561354,0.0311247,0.0115231,-0.00309154,-0.0134055,-0.0202129,-0.0242632,-0.0261326,-0.0261326,-0.0242632,-0.0202129,-0.0134055,-0.00309154,0.0115231,0.0311247,0.0561354,0.0865796,0.122001,0.161451,0.203557,0.246668,0.289041,0.329044,0.365341,0.397005,0.423571,0.445016,0.461674,0.47413,0.483098,0.489314,0.493465,0.496135,0.49779,0.498777,0.499344,0.499655,0.499815,0.499881,0.499881
0.499858,0.499858,0.499779,0.499591,0.499224,0.498558,0.497403,0.495476,0.49238,0.48759,0.480455,0.470222,0.456097,0.437337,0.41337,0.383928,0.349165,0.309734,0.266792,0.221924,0.17699,0.133904,0.0944102,0.0598709,0.0311247,0.00843317,-0.00848121,-0.020319,-0.0280391,-0.0326762,-0.0351705,-0.0362288,-0.0362288,-0.0351705,-0.0326762,-0.0280391,-0.020319,-0.00848121,0.00843317,0.0311247,0.0598709,0.0944102,0.133904,0.17699,0.221924,0.266792,0.309734,0.349165,0.383928,0.41337,0.437337,0.456097,0.470222,0.480455,0.48759,0.49238,0.495476,0.497403,0.498558,0.499224,0.499591,0.499779,0.499858,0.499858
0.499835,0.499835,0.499744,0.499527,0.499104,0.498341,0.49702,0.494826,0.491315,0.485906,0.477888,0.466447,0.450745,0.43002,0.403724,0.371669,0.334147,0.292001,0.246616,0.199809,0.153645,0.110187,0.0712349,0.0381122,0.0115231,-0.00848121,-0.0224354,-0.0313123,-0.0363278,-0.0387375,-0.0396517,-0.0398916,-0.0398916,-0.0396517,-0.0387375,-0.0363278,-0.0313123,-0.0224354,-0.00848121,0.0115231,0.0381122,0.0712349,0.110187,0.153645,0.199809,0.246616,0.292001,0.334147,0.371669,0.403724,0.43002,0.450745,0.466447,0.477888,0.485906,0.491315,0.494826,0.49702,0.498341,0.499104,0.499527,0.499744,0.499835,0.499835
0.499812,0.499812,0.49971,0.499465,0.498991,0.498136,0.496661,0.494217,0.490321,0.484342,0.475514,0.462974,0.445848,0.423365,0.395012,0.360682,0.320805,0.276405,0.229076,0.180846,0.133956,0.0905837,0.0525608,0.0211492,-0.00309154,-0.020319,-0.0313123,-0.0372934,-0.0397075,-0.0400003,-0.0394256,-0.038898,-0.038898,-0.0394256,-0.0400003,-0.0397075,-0.0372934,-0.0313123,-0.020319,-0.00309154,0.0211492,0.0525608,0.0905837,0.133956,0.180846,0.229076,0.276405,0.320805,0.360682,0.395012,0.423365,0.445848,0.462974,0.475514,0.484342,0.490321,0.494217,0.496661,0.498136,0.498991,0.499465,0.49971,0.499812,0.499812
0.499792,0.499792,0.49968,0.499411,0.498891,0.497954,0.496343,0.493681,0.489449,0.482975,0.473447,0.459964,0.441623,0.417655,0.38758,0.351373,0.309586,0.263407,0.21461,0.1654,0.118161,0.0751565,0.0382278,0.00856736,-0.0134055,-0.0280391,-0.0363278,-0.0397075,-0.0398136,-0.0382465,-0.0363723,-0.0351776,-0.0351776,-0.0363723,-0.0382465,-0.0398136,-0.0397075,-0.0363278,-0.0280391,-0.0134055,0.00856736,0.0382278,0.0751565,0.118161,0.1654,0.21461,0.263407,0.309586,0.351373,0.38758,0.417655,0.441623,0.459964,0.473447,0.482975,0.489449,0.493681,0.496343,0.497954,0.498891,0.499411,0.49968,0.499792,0.499792
0.499776,0.499776,0.499655,0.499367,0.498809,0.497807,0.496086,0.493249,0.488747,0.481877,0.471793,0.457563,0.438267,0.413137,0.381729,0.344082,0.300855,0.253365,0.203531,0.153694,0.106348,0.0638128,0.027928,-0.000180153,-0.0202129,-0.0326762,-0.0387375,-0.0400003,-0.0382465,-0.0351913,-0.0322831,-0.0305595,-0.0305595,-0.0322831,-0.0351913,-0.0382465,-0.0400003,-0.0387375,-0.0326762,-0.0202129,-0.000180153,0.027928,0.0638128,0.106348,0.153694,0.203531,0.253365,0.300855,0.344082,0.381729,0.413137,0.438267,0.457563,0.471793,0.481877,0.488747,0.493249,0.496086,0.497807,0.498809,0.499367,0.499655,0.499776,0.499776
0.499765,0.499765,0.499638,0.499335,0.498751,0.497703,0.495905,0.492945,0.488255,0.481109,0.470638,0.455891,0.435936,0.41001,0.377692,0.339074,0.294885,0.246536,0.196045,0.145849,0.0985116,0.0563885,0.0213125,-0.00564165,-0.0242632,-0.0351705,-0.0396517,-0.0394256,-0.0363723,-0.0322831,-0.0286592,-0.0265703,-0.0265703,-0.0286592,-0.0322831,-0.0363723,-0.0394256,-0.0396517,-0.0351705,-0.0242632,-0.00564165,0.0213125,0.0563885,0.0985116,0.145849,0.196045,0.246536,0.294885,0.339074,0.377692,0.41001,0.435936,0.455891,0.470638,0.481109,0.488255,0.492945,0.495905,0.497703,0.498751,0.499335,0.499638,0.499765,0.499765
0.499759,0.499759,0.499629,0.499319,0.498722,0.497649,0.495812,0.492788,0.488002,0.480714,0.470045,0.455033,0.434741,0.40841,0.375632,0.336524,0.291855,0.243082,0.192275,0.141918,0.09461,0.0527242,0.0180877,-0.00825263,-0.0261326,-0.0362288,-0.0398916,-0.038898,-0.0351776,-0.0305595,-0.0265703,-0.0242953,-0.0242953,-0.0265703,-0.0305595,-0.0351776,-0.038898,-0.0398916,-0.0362288,-0.0261326,-0.00825263,0.0180877,0.0527242,0.09461,0.141918,0.192275,0.243082,0.291855,0.336524,0.375632,0.40841,0.434741,0.455033,0.470045,0.480714,0.488002,0.492788,0.495812,0.497649,0.498722,0.499319,0.499629,0.499759,0.499759
0.499759,0.499759,0.499629,0.499319,0.498722,0.497649,0.495812,0.492788,0.488002,0.480714,0.470045,0.455033,0.434741,0.40841,0.375632,0.336524,0.291855,0.243082,0.192275,0.141918,0.09461,0.0527242,0.0180877,-0.00825263,-0.0261326,-0.0362288,-0.0398916,-0.038898,-0.0351776,-0.0305595,-0.0265703,-0.0242953,-0.0242953,-0.0265703,-0.0305595,-0.0351776,-0.038898,-0.0398916,-0.0362288,-0.0261326,-0.00825263,0.0180877,0.0527242,0.09461,0.141918,0.192275,0.243082,0.291855,0.336524,0.375632,0.40841,0.434741,0.455033,0.470045,0.480714,0.488002,0.492788,0.495812,0.497649,0.498722,0.499319,0.499629,0.499759,0.499759
0.499765,0.499765,0.499638,0.499335,0.498751,0.497703,0.495905,0.492945,0.488255,0.481109,0.470638,0.455891,0.435936,0.41001,0.377692,0.339074,0.294885,0.246536,0.196045,0.145849,0.0985116,0.0563885,0.0213125,-0.00564165,-0.0242632,-0.0351705,-0.0396517,-0.0394256,-0.0363723,-0.0322831,-0.0286592,-0.0265703,-0.0265703,-0.0286592,-0.0322831,-0.0363723,-0.0394256,-0.0396517,-0.0351705,-0.0242632,-0.00564165,0.0213125,0.0563885,0.0985116,0.145849,0.196045,0.246536,0.294885,0.339074,0.377692,0.41001,0.435936,0.455891,0.470638,0.481109,0.488255,0.492945,0.495905,0.497703,0.498751,0.499335,0.499638,0.499765,0.499765
0.499776,0.499776,0.499655,0.499367,0.498809,0.497807,0.496086,0.493249,0.488747,0.481877,0.471793,0.457563,0.438267,0.413137,0.381729,0.344082,0.300855,0.253365,0.203531,0.153694,0.106348,0.0638128,0.027928,-0.000180153,-0.0202129,-0.0326762,-0.0387375,-0.0400003,-0.0382465,-0.0351913,-0.0322831,-0.0305595,-0.0305595,-0.0322831,-0.0351913,-0.0382465,-0.0400003,-0.0387375,-0.0326762,-0.0202129,-0.000180153,0.027928,0.0638128,0.106348,0.153694,0.203531,0.253365,0.300855,0.344082,0.381729,0.413137,0.438267,0.457563,0.471793,0.481877,0.488747,0.493249,0.496086,0.497807,0.498809,0.499367,0.499655,0.499776,0.499776
0.499792,0.499792,0.49968,0.499411,0.498891,0.497954,0.496343,0.493681,0.489449,0.482975,0.473447,0.459964,0.441623,0.417655,0.38758,0.351373,0.309586,0.263407,0.21461,0.1654,0.118161,0.0751565,0.0382278,0.00856736,-0.0134055,-0.0280391,-0.0363278,-0.0397075,-0.0398136,-0.0382465,-0.0363723,-0.0351776,-0.0351776,-0.0363723,-0.0382465,-0.0398136,-0.0397075,-0.0363278,-0.0280391,-0.0134055,0.00856736,0.0382278,0.0751565,0.118161,0.1654,0.21461,0.263407,0.309586,0.351373,0.38758,0.417655,0.441623,0.459964,0.473447,0.482975,0.489449,0.493681,0.496343,0.497954,0.498891,0.499411,0.49968,0.499792,0.499792
0.499812,0.499812,0.49971,0.499465,0.498991,0.498136,0.496661,0.494217,0.490321,0.484342,0.475514,0.462974,0.445848,0.423365,0.395012,0.360682,0.320805,0.276405,0.229076,0.180846,0.133956,0.0905837,0.0525608,0.0211492,-0.00309154,-0.020319,-0.0313123,-0.0372934,-0.0397075,-0.0400003,-0.0394256,-0.038898,-0.038898,-0.0394256,-0.0400003,-0.0397075,-0.0372934,-0.0313123,-0.020319,-0.00309154,0.0211492,0.0525608,0.0905837,0.133956,0.180846,0.229076,0.276405,0.320805,0.360682,0.395012,0.423365,0.445848,0.462974,0.475514,0.484342,0.490321,0.494217,0.496661,0.498136,0.498991,0.499465,0.49971,0.499812,0.499812
0.499835,0.499835,0.499744,0.499527,0.499104,0.498341,0.49702,0.494826,0.491315,0.485906,0.477888,0.466447,0.450745,0.43002,0.403724,0.371669,0.334147,0.292001,0.246616,0.199809,0.153645,0.110187,0.0712349,0.0381122,0.0115231,-0.00848121,-0.0224354,-0.0313123,-0.0363278,-0.0387375,-0.0396517,-0.0398916,-0.0398916,-0.0396517,-0.0387375,-0.0363278,-0.0313123,-0.0224354,-0.00848121,0.0115231,0.0381122,0.0712349,0.110187,0.153645,0.199809,0.246616,0.292001,0.334147,0.371669,0.403724,0.43002,0.450745,0.466447,0.477888,0.485906,0.491315,0.494826,0.49702,0.498341,0.499104,0.499527,0.499744,0.499835,0.499835
0.499858,0.499858,0.499779,0.499591,0.499224,0.498558,0.497403,0.495476,0.49238,0.48759,0.480455,0.470222,0.456097,0.437337,0.41337,0.383928,0.349165,0.309734,0.266792,0.221924,0.17699,0.133904,0.0944102,0.0598709,0.0311247,0.00843317,-0.00848121,-0.020319,-0.0280391,-0.0326762,-0.0351705,-0.0362288,-0.0362288,-0.0351705,-0.0326762,-0.0280391,-0.020319,-0.00848121,0.00843317,0.0311247,0.0598709,0.0944102,0.133904,0.17699,0.221924,0.266792,0.309734,0.349165,0.383928,0.41337,0.437337,0.456097,0.470222,0.480455,0.48759,0.49238,0.495476,0.497403,0.498558,0.499224,0.499591,0.499779,0.499858,0.499858
0.499881,0.499881,0.499815,0.499655,0.499344,0.498777,0.49779,0.496135,0.493465,0.489314,0.483098,0.47413,0.461674,0.445016,0.423571,0.397005,0.365341,0.329044,0.289041,0.246668,0.203557,0.161451,0.122001,0.0865796,0.0561354,0.0311247,0.0115231,-0.00309154,-0.0134055,-0.0202129,-0.0242632,-0.0261326,-0.0261326,-0.0242632,-0.0202129,-0.0134055,-0.00309154,0.0115231,0.0311247,0.0561354,0.0865796,0.122001,0.161451,0.203557,0.246668,0.289041,0.329044,0.365341,0.397005,0.423571,0.445016,0.461674,0.47413,0.483098,0.489314,0.493465,0.496135,0.49779,0.498777,0.499344,0.499655,0.499815,0.499881,0.499881
0.499903,0.499903,0.499848,0.499717,0.499459,0.498988,0.498164,0.496776,0.494525,0.491008,0.485708,0.478015,0.467256,0.452759,0.433944,0.410425,0.382113,0.349298,0.312682,0.273354,0.232704,0.192278,0.153605,0.118031,0.0865796,0.0598709,0.0381122,0.0211492,0.00856736,-0.000180153,-0.00564165,-0.00825263,-0.00825263,-0.00564165,-0.000180153,0.00856736,0.0211492,0.0381122,0.0598709,0.0865796,0.118031,0.153605,0.192278,0.232704,0.273354,0.312682,0.349298,0.382113,0.410425,0.433944,0.452759,0.467256,0.478015,0.485708,0.491008,0.494525,0.496776,0.498164,0.498988,0.499459,0.499717,0.499848,0.499903,0.499903
0.499923,0.499923,0.499879,0.499773,0.499565,0.499183,0.498511,0.497375,0.495522,0.492608,0.48819,0.481735,0.47264,0.460289,0.44412,0.423718,0.398905,0.369818,0.336954,0.301161,0.263588,0.225567,0.188478,0.153605,0.122001,0.0944102,0.0712349,0.0525608,0.0382278,0.027928,0.0213125,0.0180877,0.0180877,0.0213125,0.027928,0.0382278,0.0525608,0.0712349,0.0944102,0.122001,0.153605,0.188478,0.225567,0.263588,0.301161,0.336954,0.369818,0.398905,0.423718,0.44412,0.460289,0.47264,0.481735,0.48819,0.492608,0.495522,0.497375,0.498511,0.499183,0.499565,0.499773,0.499879,0.499923,0.499923
0.49994,0.49994,0.499906,0.499823,0.499659,0.499357,0.498823,0.497914,0.496424,0.494067,0.49047,0.485175,0.477659,0.467367,0.453773,0.436455,0.415171,0.389934,0.361062,0.329186,0.295218,0.260274,0.225567,0.192278,0.161451,0.133904,0.110187,0.0905837,0.0751565,0.0638128,0.0563885,0.0527242,0.0527242,0.0563885,0.0638128,0.0751565,0.0905837,0.110187,0.133904,0.161451,0.192278,0.225567,0.260274,0.295218,0.329186,0.361062,0.389934,0.415171,0.436455,0.453773,0.467367,0.477659,0.485175,0.49047,0.494067,0.496424,0.497914,0.498823,0.499357,0.499659,0.499823,0.499906,0.49994,0.49994
0.499955,0.499955,0.499929,0.499866,0.49974,0.499507,0.499093,0.498384,0.497215,0.495354,0.492494,0.488253,0.482185,0.473805,0.462637,0.44827,0.430425,0.409025,0.38424,0.356511,0.326535,0.295218,0.263588,0.232704,0.203557,0.17699,0.153645,0.133956,0.118161,0.106348,0.0985116,0.09461,0.09461,0.0985116,0.106348,0.118161,0.133956,0.153645,0.17699,0.203557,0.232704,0.263588,0.295218,0.326535,0.356511,0.38424,0.409025,0.430425,0.44827,0.462637,0.473805,0.482185,0.488253,0.492494,0.495354,0.497215,0.498384,0.499093,0.499507,0.49974,0.499866,0.499929,0.499955,0.499955
0.499967,0.499967,0.499948,0.4999,0.499806,0.499631,0.499318,0.49878,0.497885,0.496452,0.494233,0.490918,0.486137,0.479478,0.470521,0.458885,0.444281,0.426571,0.405812,0.382289,0.356511,0.329186,0.301161,0.273354,0.246668,0.221924,0.199809,0.180846,0.1654,0.153694,0.145849,0.141918,0.141918,0.145849,0.153694,0.1654,0.180846,0.199809,0.221924,0.246668,0.273354,0.301161,0.329186,0.356511,0.382289,0.405812,0.426571,0.444281,0.458885,0.470521,0.479478,0.486137,0.490918,0.494233,0.496452,0.497885,0.49878,0.499318,0.499631,0.499806,0.4999,0.499948,0.499967,0.499967
0.499976,0.499976,0.499962,0.499928,0.49986,0.499732,0.499501,0.499102,0.498435,0.497359,0.495681,0.493155,0.489481,0.484321,0.477316,0.468126,0.456473,0.442186,0.425245,0.405812,0.38424,0.361062,0.336954,0.312682,0.289041,0.266792,0.246616,0.229076,0.21461,0.203531,0.196045,0.192275,0.192275,0.196045,0.203531,0.21461,0.229076,0.246616,0.266792,0.289041,0.312682,0.336954,0.361062,0.38424,0.405812,0.425245,0.442186,0.456473,0.468126,0.477316,0.484321,0.489481,0.493155,0.495681,0.497359,0.498435,0.499102,0.499501,0.499732,0.49986,0.499928,0.499962,0.499976,0.499976
0.499984,0.499984,0.499974,0.49995,0.499901,0.49981,0.499645,0.499357,0.498872,0.498085,0.496849,0.494973,0.492223,0.488326,0.482988,0.475918,0.466862,0.455641,0.442186,0.426571,0.409025,0.389934,0.369818,0.349298,0.329044,0.309734,0.292001,0.276405,0.263407,0.253365,0.246536,0.243082,0.243082,0.246536,0.253365,0.263407,0.276405,0.292001,0.309734,0.329044,0.349298,0.369818,0.389934,0.409025,0.426571,0.442186,0.455641,0.466862,0.475918,0.482988,0.488326,0.492223,0.494973,0.496849,0.498085,0.498872,0.499357,0.499645,0.49981,0.499901,0.49995,0.499974,0.499984,0.499984
0.499989,0.499989,0.499982,0.499966,0.499932,0.499869,0.499754,0.499551,0.499209,0.498648,0.497761,0.496405,0.494401,0.491536,0.487576,0.482283,0.475435,0.466862,0.456473,0.444281,0.430425,0.415171,0.398905,0.382113,0.365341,0.349165,0.334147,0.320805,0.309586,0.300855,0.294885,0.291855,0.291855,0.294885,0.300855,0.309586,0.320805,0.334147,0.349165,0.365341,0.382113,0.398905,0.415171,0.430425,0.444281,0.456473,0.466862,0.475435,0.482283,0.487576,0.491536,0.494401,0.496405,0.497761,0.498648,0.499209,0.499551,0.499754,0.499869,0.499932,0.499966,0.499982,0.499989,0.499989
0.499993,0.499993,0.499988,0.499977,0.499955,0.499912,0.499834,0.499696,0.49946,0.499072,0.498452,0.497499,0.496077,0.494028,0.491171,0.487317,0.482283,0.475918,0.468126,0.458885,0.44827,0.436455,0.423718,0.410425,0.397005,0.383928,0.371669,0.360682,0.351373,0.344082,0.339074,0.336524,0.336524,0.339074,0.344082,0.351373,0.360682,0.371669,0.383928,0.397005,0.410425,0.423718,0.436455,0.44827,0.458885,0.468126,0.475918,0.482283,0.487317,0.491171,0.494028,0.496077,0.497499,0.498452,0.499072,0.49946,0.499696,0.499834,0.499912,0.499955,0.499977,0.499988,0.499993,0.499993
0.499995,0.499995,0.499992,0.499985,0.499971,0.499943,0.499891,0.499799,0.499641,0.49938,0.49896,0.498307,0.497327,0.495902,0.493899,0.491171,0.487576,0.482988,0.477316,0.470521,0.462637,0.453773,0.44412,0.433944,0.423571,0.41337,0.403724,0.395012,0.38758,0.381729,0.377692,0.375632,0.375632,0.377692,0.381729,0.38758,0.395012,0.403724,0.41337,0.423571,0.433944,0.44412,0.453773,0.462637,0.470521,0.477316,0.482988,0.487576,0.491171,0.493899,0.495902,0.497327,0.498307,0.49896,0.49938,0.499641,0.499799,0.499891,0.499943,0.499971,0.499985,0.499992,0.499995,0.499995
0.499997,0.499997,0.499995,0.499991,0.499982,0.499964,0.49993,0.499871,0.499769,0.499597,0.49932,0.498886,0.498229,0.497267,0.495902,0.494028,0.491536,0.488326,0.484321,0.479478,0.473805,0.467367,0.460289,0.452759,0.445016,0.437337,0.43002,0.423365,0.417655,0.413137,0.41001,0.40841,0.40841,0.41001,0.413137,0.417655,0.423365,0.43002,0.437337,0.445016,0.452759,0.460289,0.467367,0.473805,0.479478,0.484321,0.488326,0.491536,0.494028,0.495902,0.497267,0.498229,0.498886,0.49932,0.499597,0.499769,0.499871,0.49993,0.499964,0.499982,0.499991,0.499995,0.499997,0.499997
0.499998,0.499998,0.499997,0.499994,0.499989,0.499978,0.499957,0.49992,0.499855,0.499746,0.499568,0.499288,0.498861,0.498229,0.497327,0.496077,0.494401,0.492223,0.489481,0.486137,0.482185,0.477659,0.47264,0.467256,0.461674,0.456097,0.450745,0.445848,0.441623,0.438267,0.435936,0.434741,0.434741,0.435936,0.438267,0.441623,0.445848,0.450745,0.456097,0.461674,0.467256,0.47264,0.477659,0.482185,0.486137,0.489481,0.492223,0.494401,0.496077,0.497327,0.498229,0.498861,0.499288,0.499568,0.499746,0.499855,0.49992,0.499957,0.499978,0.499989,0.499994,0.499997,0.499998,0.499998
0.499999,0.499999,0.499998,0.499997,0.499993,0.499987,0.499974,0.499951,0.499912,0.499844,0.499734,0.499558,0.499288,0.498886,0.498307,0.497499,0.496405,0.494973,0.493155,0.490918,0.488253,0.485175,0.481735,0.478015,0.47413,0.470222,0.466447,0.462974,0.459964,0.457563,0.455891,0.455033,0.455033,0.455891,0.457563,0.459964,0.462974,0.466447,0.470222,0.47413,0.478015,0.481735,0.485175,0.488253,0.490918,0.493155,0.494973,0.496405,0.497499,0.498307,0.498886,0.499288,0.499558,0.499734,0.499844,0.499912,0.499951,0.499974,0.499987,0.499993,0.499997,0.499998,0.499999,0.499999
0.499999,0.499999,0.499999,0.499998,0.499996,0.499992,0.499985,0.499971,0.499948,0.499907,0.49984,0.499734,0.499568,0.49932,0.49896,0.498452,0.497761,0.496849,0.495681,0.494233,0.492494,0.49047,0.48819,0.485708,0.483098,0.480455,0.477888,0.475514,0.473447,0.471793,0.470638,0.470045,0.470045,0.470638,0.471793,0.473447,0.475514,0.477888,0.480455,0.483098,0.485708,0.48819,0.49047,0.492494,0.494233,0.495681,0.496849,0.497761,0.498452,0.49896,0.49932,0.499568,0.499734,0.49984,0.499907,0.499948,0.499971,0.499985,0.499992,0.499996,0.499998,0.499999,0.499999,0.499999
0.5,0.5,0.499999,0.499999,0.499998,0.499996,0.499991,0.499984,0.49997,0.499946,0.499907,0.499844,0.499746,0.499597,0.49938,0.499072,0.498648,0.498085,0.497359,0.496452,0.495354,0.494067,0.492608,0.491008,0.489314,0.48759,0.485906,0.484342,0.482975,0.481877,0.481109,0.480714,0.480714,0.481109,0.481877,0.482975,0.484342,0.485906,0.48759,0.489314,0.491008,0.492608,0.494067,0.495354,0.496452,0.497359,0.498085,0.498648,0.499072,0.49938,0.499597,0.499746,0.499844,0.499907,0.499946,0.49997,0.499984,0.499991,0.499996,0.499998,0.499999,0.499999,0.5,0.5
0.5,0.5,0.5,0.499999,0.499999,0.499998,0.499995,0.499991,0.499983,0.49997,0.499948,0.499912,0.499855,0.499769,0.499641,0.49946,0.499209,0.498872,0.498435,0.497885,0.497215,0.496424,0.495522,0.494525,0.493465,0.49238,0.491315,0.490321,0.489449,0.488747,0.488255,0.488002,0.488002,0.488255,0.488747,0.489449,0.490321,0.491315,0.49238,0.493465,0.494525,0.495522,0.496424,0.497215,0.497885,0.498435,0.498872,0.499209,0.49946,0.499641,0.499769,0.499855,0.499912,0.499948,0.49997,0.499983,0.499991,0.499995,0.499998,0.499999,0.499999,0.5,0.5,0.5
0.5,0.5,0.5,0.5,0.499999,0.499999,0.499997,0.499995,0.499991,0.499984,0.499971,0.499951,0.49992,0.499871,0.499799,0.499696,0.499551,0.499357,0.499102,0.49878,0.498384,0.497914,0.497375,0.496776,0.496135,0.495476,0.494826,0.494217,0.493681,0.493249,0.492945,0.492788,0.492788,0.492945,0.493249,0.493681,0.494217,0.494826,0.495476,0.496135,0.496776,0.497375,0.497914,0.498384,0.49878,0.499102,0.499357,0.499551,0.499696,0.499799,0.499871,0.49992,0.499951,0.499971,0.499984,0.499991,0.499995,0.499997,0.499999,0.499999,0.5,0.5,0.5,0.5
0.5,0.5,0.5,0.5,0.5,0.499999,0.499999,0.499997,0.499995,0.499991,0.499985,0.499974,0.499957,0.49993,0.499891,0.499834,0.499754,0.499645,0.499501,0.499318,0.499093,0.498823,0.498511,0.498164,0.49779,0.497403,0.49702,0.496661,0.496343,0.496086,0.495905,0.495812,0.495812,0.495905,0.496086,0.496343,0.496661,0.49702,0.497403,0.49779,0.498164,0.498511,0.498823,0.499093,0.499318,0.499501,0.499645,0.499754,0.499834,0.499891,0.49993,0.499957,0.499974,0.499985,0.499991,0.499995,0.499997,0.499999,0.499999,0.5,0.5,0.5,0.5,0.5
0.5,0.5,0.5,0.5,0.5,0.5,0.499999,0.499999,0.499998,0.499996,0.499992,0.499987,0.499978,0.499964,0.499943,0.499912,0.499869,0.49981,0.499732,0.499631,0.499507,0.499357,0.499183,0.498988,0.498777,0.498558,0.498341,0.498136,0.497954,0.497807,0.497703,0.497649,0.497649,0.497703,0.497807,0.497954,0.498136,0.498341,0.498558,0.498777,0.498988,0.499183,0.499357,0.499507,0.499631,0.499732,0.49981,0.499869,0.499912,0.499943,0.499964,0.499978,0.499987,0.499992,0.499996,0.499998,0.499999,0.499999,0.5,0.5,0.5,0.5,0.5,0.5
0.5,0.5,0.5,0.5,0.5,0.5,0.5,0.499999,0.499999,0.499998,0.499996,0.499993,0.499989,0.499982,0.499971,0.499955,0.499932,0.499901,0.49986,0.499806,0.49974,0.499659,0.499565,0.499459,0.499344,0.499224,0.499104,0.498991,0.498891,0.498809,0.498751,0.498722,0.498722,0.498751,0.498809,0.498891,0.498991,0.499104,0.499224,0.499344,0.499459,0.499565,0.499659,0.49974,0.499806,0.49986,0.499901,0.499932,0.499955,0.499971,0.499982,0.499989,0.499993,0.499996,0.499998,0.499999,0.499999,0.5,0.5,0.5,0.5,0.5,0.5,0.5
0.5,0.5,0.5,0.5,0.5,0.5,0.5,0.5,0.499999,0.499999,0.499998,0.499997,0.499994,0.499991,0.499985,0.499977,0.499966,0.49995,0.499928,0.4999,0.499866,0.499823,0.499773,0.499717,0.499655,0.499591,0.499527,0.499465,0.499411,0.499367,0.499335,0.499319,0.499319,0.499335,0.499367,0.499411,0.499465,0.499527,0.499591,0.499655,0.499717,0.499773,0.499823,0.499866,0.4999,0.499928,0.49995,0.499966,0.499977,0.499985,0.499991,0.499994,0.499997,0.499998,0.499999,0.499999,0.5,0.5,0.5,0.5,0.5,0.5,0.5,0.5
0.5,0.5,0.5,0.5,0.5,0.5,0.5,0.5,0.5,0.499999,0.499999,0.499998,0.499997,0.499995,0.499992,0.499988,0.499982,0.499974,0.499962,0.499948,0.499929,0.499906,0.499879,0.499848,0.499815,0.499779,0.499744,0.49971,0.49968,0.499655,0.499638,0.499629,0.499629,0.499638,0.499655,0.49968,0.49971,0.499744,0.499779,0.499815,0.499848,0.499879,0.499906,0.499929,0.499948,0.499962,0.499974,0.499982,0.499988,0.499992,0.499995,0.499997,0.499998,0.499999,0.499999,0.5,0.5,0.5,0.5,0.5,0.5,0.5,0.5,0.5
0.5,0.5,0.5,0.5,0.5,0.5,0.5,0.5,0.5,0.5,0.499999,0.499999,0.499998,0.499997,0.499995,0.499993,0.499989,0.499984,0.499976,0.499967,0.499955,0.49994,0.499923,0.499903,0.499881,0.499858,0.499835,0.499812,0.499792,0.499776,0.499765,0.499759,0.499759,0.499765,0.499776,0.499792,0.499812,0.499835,0.499858,0.499881,0.499903,0.499923,0.49994,0.499955,0.499967,0.499976,0.499984,0.499989,0.499993,0.499995,0.499997,0.499998,0.499999,0.499999,0.5,0.5,0.5,0.5,0.5,0.5,0.5,0.5,0.5,0.5
0.5,0.5,0.5,0.5,0.5,0.5,0.5,0.5,0.5,0.5,0.499999,0.499999,0.499998,0.499997,0.499995,0.499993,0.499989,0.499984,0.499976,0.499967,0.499955,0.49994,0.499923,0.499903,0.499881,0.499858,0.499835,0.499812,0.499792,0.499776,0.499765,0.499759,0.499759,0.499765,0.499776,0.499792,0.499812,0.499835,0.499858,0.499881,0.499903,0.499923,0.49994,0.499955,0.499967,0.499976,0.499984,0.499989,0.499993,0.499995,0.499997,0.499998,0.499999,0.499999,0.5,0.5,0.5,0.5,0.5,0.5,0.5,0.5,0.5,0.5
