0.5,0.5,0.5,0.5,0.5,0.5,0.5,0.5,0.5,0.5,0.5,0.5,0.5,0.5,0.5,0.5,0.5,0.5,0.5,0.5,0.5,0.5,0.5,0.5,0.5,0.5,0.5,0.5,0.5,0.5,0.5,0.5,0.5,0.5,0.5,0.5,0.5,0.5,0.5,0.5,0.5,0.5,0.5,0.5,0.5,0.5,0.5,0.5,0.5,0.5,0.5,0.5,0.5,0.5,0.5,0.5,0.5,0.5,0.5,0.5,0.5,0.5,0.5,0.5
0.5,0.5,0.5,0.5,0.5,0.5,0.5,0.5,0.5,0.5,0.5,0.5,0.5,0.5,0.5,0.5,0.5,0.5,0.5,0.5,0.5,0.5,0.5,0.5,0.5,0.5,0.5,0.5,0.5,0.5,0.5,0.5,0.5,0.5,0.5,0.5,0.5,0.5,0.5,0.5,0.5,0.5,0.5,0.5,0.5,0.5,0.5,0.5,0.5,0.5,0.5,0.5,0.5,0.5,0.5,0.5,0.5,0.5,0.5,0.5,0.5,0.5,0.5,0.5
0.5,0.5,0.5,0.5,0.5,0.5,0.5,0.5,0.5,0.5,0.5,0.5,0.5,0.5,0.5,0.5,0.5,0.5,0.5,0.5,0.5,0.5,0.5,0.5,0.5,0.5,0.499999,0.499999,0.499999,0.499999,0.499999,0.499999,0.499999,0.499999,0.499999,0.499999,0.499999,0.499999,0.5,0.5,0.5,0.5,0.5,0.5,0.5,0.5,0.5,0.5,0.5,0.5,0.5,0.5,0.5,0.5,0.5,0.5,0.5,0.5,0.5,0.5,0.5,0.5,0.5,0.5
0.5,0.5,0.5,0.5,0.5,0.5,0.5,0.5,0.5,0.5,0.5,0.5,0.5,0.5,0.5,0.5,0.5,0.5,0.5,0.5,0.5,0.5,0.499999,0.499999,0.499999,0.499999,0.499999,0.499998,0.499998,0.499998,0.499998,0.499998,0.499998,0.499998,0.499998,0.499998,0.499998,0.499999,0.499999,0.499999,0.499999,0.499999,0.5,0.5,0.5,0.5,0.5,0.5,0.5,0.5,0.5,0.5,0.5,0.5,0.5,0.5,0.5,0.5,0.5,0.5,0.5,0.5,0.5,0.5
0.5,0.5,0.5,0.5,0.5,0.5,0.5,0.5,0.5,0.5,0.5,0.5,0.5,0.5,0.5,0.5,0.5,0.5,0.5,0.5,0.499999,0.499999,0.499999,0.499998,0.499998,0.499997,0.499996,0.499996,0.499995,0.499995,0.499994,0.499994,0.499994,0.499994,0.499995,0.499995,0.499996,0.499996,0.499997,0.499998,0.499998,0.499999,0.499999,0.499999,0.5,0.5,0.5,0.5,0.5,0.5,0.5,0.5,0.5,0.5,0.5,0.5,0.5,0.5,0.5,0.5,0.5,0.5,0.5,0.5
0.5,0.5,0.5,0.5,0.5,0.5,0.5,0.5,0.5,0.5,0.5,0.5,0.5,0.5,0.5,0.5,0.5,0.5,0.499999,0.499999,0.499998,0.499998,0.499997,0.499996,0.499994,0.499993,0.499991,0.49999,0.499988,0.499987,0.499986,0.499986,0.499986,0.499986,0.499987,0.499988,0.49999,0.499991,0.499993,0.499994,0.499996,0.499997,0.499998,0.499998,0.499999,0.499999,0.5,0.5,0.5,0.5,0.5,0.5,0.5,0.5,0.5,0.5,0.5,0.5,0.5,0.5,0.5,0.5,0.5,0.5
0.5,0.5,0.5,0.5,0.5,0.5,0.5,0.5,0.5,0.5,0.5,0.5,0.5,0.5,0.5,0.5,0.499999,0.499999,0.499998,0.499998,0.499996,0.499995,0.499993,0.49999,0.499987,0.499983,0.49998,0.499976,0.499973,0.49997,0.499968,0.499967,0.499967,0.499968,0.49997,0.499973,0.499976,0.49998,0.499983,0.499987,0.49999,0.499993,0.499995,0.499996,0.499998,0.499998,0.499999,0.499999,0.5,0.5,0.5,0.5,0.5,0.5,0.5,0.5,0.5,0.5,0.5,0.5,0.5,0.5,0.5,0.5
0.5,0.5,0.5,0.5,0.5,0.5,0.5,0.5,0.5,0.5,0.5,0.5,0.5,0.5,0.5,0.499999,0.499999,0.499998,0.499996,0.499994,0.499992,0.499988,0.499983,0.499977,0.49997,0.499962,0.499954,0.499946,0.499938,0.499932,0.499927,0.499925,0.499925,0.499927,0.499932,0.499938,0.499946,0.499954,0.499962,0.49997,0.499977,0.499983,0.499988,0.499992,0.499994,0.499996,0.499998,0.499999,0.499999,0.5,0.5,0.5,0.5,0.5,0.5,0.5,0.5,0.5,0.5,0.5,0.5,0.5,0.5,0.5
0.5,0.5,0.5,0.5,0.5,0.5,0.5,0.5,0.5,0.5,0.5,0.5,0.5,0.499999,0.499999,0.499998,0.499997,0.499995,0.499992,0.499988,0.499981,0.499973,0.499963,0.49995,0.499935,0.499918,0.4999,0.499882,0.499865,0.499851,0.499841,0.499836,0.499836,0.499841,0.499851,0.499865,0.499882,0.4999,0.499918,0.499935,0.49995,0.499963,0.499973,0.499981,0.499988,0.499992,0.499995,0.499997,0.499998,0.499999,0.499999,0.5,0.5,0.5,0.5,0.5,0.5,0.5,0.5,0.5,0.5,0.5,0.5,0.5
0.5,0.5,0.5,0.5,0.5,0.5,0.5,0.5,0.5,0.5,0.5,0.5,0.499999,0.499999,0.499998,0.499996,0.499993,0.499989,0.499983,0.499974,0.499961,0.499943,0.499921,0.499894,0.499862,0.499827,0.499789,0.499752,0.499717,0.499688,0.499667,0.499655,0.499655,0.499667,0.499688,0.499717,0.499752,0.499789,0.499827,0.499862,0.499894,0.499921,0.499943,0.499961,0.499974,0.499983,0.499989,0.499993,0.499996,0.499998,0.499999,0.499999,0.5,0.5,0.5,0.5,0.5,0.5,0.5,0.5,0.5,0.5,0.5,0.5
0.5,0.5,0.5,0.5,0.5,0.5,0.5,0.5,0.5,0.5,0.5,0.499999,0.499999,0.499998,0.499995,0.499992,0.499986,0.499978,0.499965,0.499946,0.499919,0.499884,0.499839,0.499784,0.49972,0.499648,0.499572,0.499496,0.499426,0.499367,0.499325,0.499303,0.499303,0.499325,0.499367,0.499426,0.499496,0.499572,0.499648,0.49972,0.499784,0.499839,0.499884,0.499919,0.499946,0.499965,0.499978,0.499986,0.499992,0.499995,0.499998,0.499999,0.499999,0.5,0.5,0.5,0.5,0.5,0.5,0.5,0.5,0.5,0.5,0.5
0.5,0.5,0.5,0.5,0.5,0.5,0.5,0.5,0.5,0.5,0.499999,0.499999,0.499997,0.499995,0.499991,0.499984,0.499973,0.499956,0.49993,0.499892,0.499841,0.499772,0.499684,0.499576,0.49945,0.49931,0.499161,0.499014,0.498878,0.498764,0.498682,0.498638,0.498638,0.498682,0.498764,0.498878,0.499014,0.499161,0.49931,0.49945,0.499576,0.499684,0.499772,0.499841,0.499892,0.49993,0.499956,0.499973,0.499984,0.499991,0.499995,0.499997,0.499999,0.499999,0.5,0.5,0.5,0.5,0.5,0.5,0.5,0.5,0.5,0.5
0.5,0.5,0.5,0.5,0.5,0.5,0.5,0.5,0.5,0.499999,0.499999,0.499997,0.499995,0.49999,0.499982,0.499969,0.499948,0.499915,0.499865,0.499794,0.499696,0.499565,0.499398,0.499194,0.498957,0.498693,0.498415,0.498138,0.497884,0.49767,0.497516,0.497435,0.497435,0.497516,0.49767,0.497884,0.498138,0.498415,0.498693,0.498957,0.499194,0.499398,0.499565,0.499696,0.499794,0.499865,0.499915,0.499948,0.499969,0.499982,0.49999,0.499995,0.499997,0.499999,0.499999,0.5,0.5,0.5,0.5,0.5,0.5,0.5,0.5,0.5
0.5,0.5,0.5,0.5,0.5,0.5,0.5,0.5,0.499999,0.499999,0.499998,0.499995,0.49999,0.499982,0.499967,0.499943,0.499903,0.499842,0.499751,0.49962,0.499439,0.499199,0.498894,0.498523,0.498091,0.497612,0.497107,0.496607,0.496147,0.495761,0.495483,0.495337,0.495337,0.495483,0.495761,0.496147,0.496607,0.497107,0.497612,0.498091,0.498523,0.498894,0.499199,0.499439,0.49962,0.499751,0.499842,0.499903,0.499943,0.499967,0.499982,0.49999,0.499995,0.499998,0.499999,0.499999,0.5,0.5,0.5,0.5,0.5,0.5,0.5,0.5
0.5,0.5,0.5,0.5,0.5,0.5,0.5,0.5,0.499999,0.499998,0.499995,0.499991,0.499982,0.499967,0.499941,0.499897,0.499826,0.499717,0.499554,0.499321,0.499,0.498577,0.498039,0.497386,0.496628,0.495788,0.494905,0.494032,0.493228,0.492556,0.492072,0.491818,0.491818,0.492072,0.492556,0.493228,0.494032,0.494905,0.495788,0.496628,0.497386,0.498039,0.498577,0.499,0.499321,0.499554,0.499717,0.499826,0.499897,0.499941,0.499967,0.499982,0.499991,0.499995,0.499998,0.499999,0.5,0.5,0.5,0.5,0.5,0.5,0.5,0.5
0.5,0.5,0.5,0.5,0.5,0.5,0.5,0.499999,0.499998,0.499996,0.499992,0.499984,0.499969,0.499943,0.499897,0.49982,0.499698,0.499509,0.499229,0.498829,0.498281,0.497557,0.496642,0.495533,0.494247,0.492826,0.491336,0.489864,0.488511,0.48738,0.486567,0.48614,0.48614,0.486567,0.48738,0.488511,0.489864,0.491336,0.492826,0.494247,0.495533,0.496642,0.497557,0.498281,0.498829,0.499229,0.499509,0.499698,0.49982,0.499897,0.499943,0.499969,0.499984,0.499992,0.499996,0.499998,0.499999,0.5,0.5,0.5,0.5,0.5,0.5,0.5
0.5,0.5,0.5,0.5,0.5,0.5,0.499999,0.499999,0.499997,0.499993,0.499986,0.499973,0.499948,0.499903,0.499826,0.499698,0.499494,0.499179,0.498713,0.49805,0.497143,0.49595,0.494445,0.492625,0.49052,0.488199,0.485769,0.483373,0.481174,0.479339,0.47802,0.477329,0.477329,0.47802,0.479339,0.481174,0.483373,0.485769,0.488199,0.49052,0.492625,0.494445,0.49595,0.497143,0.49805,0.498713,0.499179,0.499494,0.499698,0.499826,0.499903,0.499948,0.499973,0.499986,0.499993,0.499997,0.499999,0.499999,0.5,0.5,0.5,0.5,0.5,0.5
0.5,0.5,0.5,0.5,0.5,0.5,0.499999,0.499998,0.499995,0.499989,0.499978,0.499956,0.499915,0.499842,0.499717,0.499509,0.499179,0.498672,0.497924,0.496862,0.495413,0.493512,0.49112,0.488235,0.484906,0.481244,0.477419,0.473653,0.470202,0.467326,0.465259,0.464178,0.464178,0.465259,0.467326,0.470202,0.473653,0.477419,0.481244,0.484906,0.488235,0.49112,0.493512,0.495413,0.496862,0.497924,0.498672,0.499179,0.499509,0.499717,0.499842,0.499915,0.499956,0.499978,0.499989,0.499995,0.499998,0.499999,0.5,0.5,0.5,0.5,0.5,0.5
0.5,0.5,0.5,0.5,0.5,0.499999,0.499998,0.499996,0.499992,0.499983,0.499965,0.49993,0.499865,0.499751,0.499554,0.499229,0.498713,0.497924,0.496763,0.495118,0.49288,0.489953,0.48628,0.48186,0.476774,0.471191,0.465371,0.459653,0.454421,0.450066,0.44694,0.445305,0.445305,0.44694,0.450066,0.454421,0.459653,0.465371,0.471191,0.476774,0.48186,0.48628,0.489953,0.49288,0.495118,0.496763,0.497924,0.498713,0.499229,0.499554,0.499751,0.499865,0.49993,0.499965,0.499983,0.499992,0.499996,0.499998,0.499999,0.5,0.5,0.5,0.5,0.5
0.5,0.5,0.5,0.5,0.5,0.499999,0.499998,0.499994,0.499988,0.499974,0.499946,0.499892,0.499794,0.49962,0.499321,0.498829,0.49805,0.496862,0.495118,0.492656,0.489315,0.484957,0.479502,0.472957,0.465444,0.457216,0.448659,0.440268,0.432602,0.42623,0.42166,0.419272,0.419272,0.42166,0.42623,0.432602,0.440268,0.448659,0.457216,0.465444,0.472957,0.479502,0.484957,0.489315,0.492656,0.495118,0.496862,0.49805,0.498829,0.499321,0.49962,0.499794,0.499892,0.499946,0.499974,0.499988,0.499994,0.499998,0.499999,0.5,0.5,0.5,0.5,0.5
0.5,0.5,0.5,0.5,0.499999,0.499998,0.499996,0.499992,0.499981,0.499961,0.499919,0.499841,0.499696,0.499439,0.499,0.498281,0.497143,0.495413,0.49288,0.489315,0.484489,0.478213,0.470379,0.461005,0.450272,0.438546,0.426379,0.41447,0.403611,0.394596,0.388137,0.384765,0.384765,0.388137,0.394596,0.403611,0.41447,0.426379,0.438546,0.450272,0.461005,0.470379,0.478213,0.484489,0.489315,0.49288,0.495413,0.497143,0.498281,0.499,0.499439,0.499696,0.499841,0.499919,0.499961,0.499981,0.499992,0.499996,0.499998,0.499999,0.5,0.5,0.5,0.5
0.5,0.5,0.5,0.5,0.499999,0.499998,0.499995,0.499988,0.499973,0.499943,0.499884,0.499772,0.499565,0.499199,0.498577,0.497557,0.49595,0.493512,0.489953,0.484957,0.478213,0.469468,0.458581,0.445589,0.430753,0.414584,0.397845,0.381494,0.36661,0.354273,0.345442,0.340834,0.340834,0.345442,0.354273,0.36661,0.381494,0.397845,0.414584,0.430753,0.445589,0.458581,0.469468,0.478213,0.484957,0.489953,0.493512,0.49595,0.497557,0.498577,0.499199,0.499565,0.499772,0.499884,0.499943,0.499973,0.499988,0.499995,0.499998,0.499999,0.5,0.5,0.5,0.5
0.5,0.5,0.5,0.499999,0.499999,0.499997,0.499993,0.499983,0.499963,0.499921,0.499839,0.499684,0.499398,0.498894,0.498039,0.496642,0.494445,0.49112,0.48628,0.479502,0.470379,0.458581,0.443935,0.426503,0.406647,0.385063,0.362767,0.341035,0.321286,0.304941,0.293253,0.287158,0.287158,0.293253,0.304941,0.321286,0.341035,0.362767,0.385063,0.406647,0.426503,0.443935,0.458581,0.470379,0.479502,0.48628,0.49112,0.494445,0.496642,0.498039,0.498894,0.499398,0.499684,0.499839,0.499921,0.499963,0.499983,0.499993,0.499997,0.499999,0.499999,0.5,0.5,0.5
0.5,0.5,0.5,0.499999,0.499998,0.499996,0.49999,0.499977,0.49995,0.499894,0.499784,0.499576,0.499194,0.498523,0.497386,0.495533,0.492625,0.488235,0.48186,0.472957,0.461005,0.445589,0.426503,0.403846,0.378104,0.350191,0.321422,0.293438,0.268054,0.247074,0.232087,0.224278,0.224278,0.232087,0.247074,0.268054,0.293438,0.321422,0.350191,0.378104,0.403846,0.426503,0.445589,0.461005,0.472957,0.48186,0.488235,0.492625,0.495533,0.497386,0.498523,0.499194,0.499576,0.499784,0.499894,0.49995,0.499977,0.49999,0.499996,0.499998,0.499999,0.5,0.5,0.5
0.5,0.5,0.5,0.499999,0.499998,0.499994,0.499987,0.49997,0.499935,0.499862,0.49972,0.49945,0.498957,0.498091,0.496628,0.494247,0.49052,0.484906,0.476774,0.465444,0.450272,0.430753,0.406647,0.378104,0.345757,0.310762,0.274776,0.239841,0.208206,0.182098,0.163468,0.153767,0.153767,0.163468,0.182098,0.208206,0.239841,0.274776,0.310762,0.345757,0.378104,0.406647,0.430753,0.450272,0.465444,0.476774,0.484906,0.49052,0.494247,0.496628,0.498091,0.498957,0.49945,0.49972,0.499862,0.499935,0.49997,0.499987,0.499994,0.499998,0.499999,0.5,0.5,0.5
0.5,0.5,0.5,0.499999,0.499997,0.499993,0.499983,0.499962,0.499918,0.499827,0.499648,0.49931,0.498693,0.497612,0.495788,0.492826,0.488199,0.481244,0.471191,0.457216,0.438546,0.414584,0.385063,0.350191,0.310762,0.268204,0.224531,0.182216,0.143962,0.112435,0.0899608,0.0782653,0.0782653,0.0899608,0.112435,0.143962,0.182216,0.224531,0.268204,0.310762,0.350191,0.385063,0.414584,0.438546,0.457216,0.471191,0.481244,0.488199,0.492826,0.495788,0.497612,0.498693,0.49931,0.499648,0.499827,0.499918,0.499962,0.499983,0.499993,0.499997,0.499999,0.5,0.5,0.5
0.5,0.5,0.499999,0.499999,0.499996,0.499991,0.49998,0.499954,0.4999,0.499789,0.499572,0.499161,0.498415,0.497107,0.494905,0.491336,0.485769,0.477419,0.465371,0.448659,0.426379,0.397845,0.362767,0.321422,0.274776,0.224531,0.173073,0.123302,0.0783796,0.0414026,0.0150695,0.00137362,0.00137362,0.0150695,0.0414026,0.0783796,0.123302,0.173073,0.224531,0.274776,0.321422,0.362767,0.397845,0.426379,0.448659,0.465371,0.477419,0.485769,0.491336,0.494905,0.497107,0.498415,0.499161,0.499572,0.499789,0.4999,0.499954,0.49998,0.499991,0.499996,0.499999,0.499999,0.5,0.5
0.5,0.5,0.499999,0.499998,0.499996,0.49999,0.499976,0.499946,0.499882,0.499752,0.499496,0.499014,0.498138,0.496607,0.494032,0.489864,0.483373,0.473653,0.459653,0.440268,0.41447,0.381494,0.341035,0.293438,0.239841,0.182216,0.123302,0.0664123,0.015136,-0.0270222,-0.0570192,-0.0726124,-0.0726124,-0.0570192,-0.0270222,0.015136,0.0664123,0.123302,0.182216,0.239841,0.293438,0.341035,0.381494,0.41447,0.440268,0.459653,0.473653,0.483373,0.489864,0.494032,0.496607,0.498138,0.499014,0.499496,0.499752,0.499882,0.499946,0.499976,0.49999,0.499996,0.499998,0.499999,0.5,0.5
0.5,0.5,0.499999,0.499998,0.499995,0.499988,0.499973,0.499938,0.499865,0.499717,0.499426,0.498878,0.497884,0.496147,0.493228,0.488511,0.481174,0.470202,0.454421,0.432602,0.403611,0.36661,0.321286,0.268054,0.208206,0.143962,0.0783796,0.015136,-0.0417989,-0.0885631,-0.121813,-0.139089,-0.139089,-0.121813,-0.0885631,-0.0417989,0.015136,0.0783796,0.143962,0.208206,0.268054,0.321286,0.36661,0.403611,0.432602,0.454421,0.470202,0.481174,0.488511,0.493228,0.496147,0.497884,0.498878,0.499426,0.499717,0.499865,0.499938,0.499973,0.499988,0.499995,0.499998,0.499999,0.5,0.5
0.5,0.5,0.499999,0.499998,0.499995,0.499987,0.49997,0.499932,0.499851,0.499688,0.499367,0.498764,0.49767,0.495761,0.492556,0.48738,0.479339,0.467326,0.450066,0.42623,0.394596,0.354273,0.304941,0.247074,0.182098,0.112435,0.0414026,-0.0270222,-0.0885631,-0.139071,-0.174962,-0.193603,-0.193603,-0.174962,-0.139071,-0.0885631,-0.0270222,0.0414026,0.112435,0.182098,0.247074,0.304941,0.354273,0.394596,0.42623,0.450066,0.467326,0.479339,0.48738,0.492556,0.495761,0.49767,0.498764,0.499367,0.499688,0.499851,0.499932,0.49997,0.499987,0.499995,0.499998,0.499999,0.5,0.5
0.5,0.5,0.499999,0.499998,0.499994,0.499986,0.499968,0.499927,0.499841,0.499667,0.499325,0.498682,0.497516,0.495483,0.492072,0.486567,0.47802,0.465259,0.44694,0.42166,0.388137,0.345442,0.293253,0.232087,0.163468,0.0899608,0.0150695,-0.0570192,-0.121813,-0.174962,-0.212714,-0.232317,-0.232317,-0.212714,-0.174962,-0.121813,-0.0570192,0.0150695,0.0899608,0.163468,0.232087,0.293253,0.345442,0.388137,0.42166,0.44694,0.465259,0.47802,0.486567,0.492072,0.495483,0.497516,0.498682,0.499325,0.499667,0.499841,0.499927,0.499968,0.499986,0.499994,0.499998,0.499999,0.5,0.5
0.5,0.5,0.499999,0.499998,0.499994,0.499986,0.499967,0.499925,0.499836,0.499655,0.499303,0.498638,0.497435,0.495337,0.491818,0.48614,0.477329,0.464178,0.445305,0.419272,0.384765,0.340834,0.287158,0.224278,0.153767,0.0782653,0.00137362,-0.0726124,-0.139089,-0.193603,-0.232317,-0.252417,-0.252417,-0.232317,-0.193603,-0.139089,-0.0726124,0.00137362,0.0782653,0.153767,0.224278,0.287158,0.340834,0.384765,0.419272,0.445305,0.464178,0.477329,0.48614,0.491818,0.495337,0.497435,0.498638,0.499303,0.499655,0.499836,0.499925,0.499967,0.499986,0.499994,0.499998,0.499999,0.5,0.5
0.5,0.5,0.499999,0.499998,0.499994,0.499986,0.499967,0.499925,0.499836,0.499655,0.499303,0.498638,0.497435,0.495337,0.491818,0.48614,0.477329,0.464178,0.445305,0.419272,0.384765,0.340834,0.287158,0.224278,0.153767,0.0782653,0.00137362,-0.0726124,-0.139089,-0.193603,-0.232317,-0.252417,-0.252417,-0.232317,-0.193603,-0.139089,-0.0726124,0.00137362,0.0782653,0.153767,0.224278,0.287158,0.340834,0.384765,0.419272,0.445305,0.464178,0.477329,0.48614,0.491818,0.495337,0.497435,0.498638,0.499303,0.499655,0.499836,0.499925,0.499967,0.499986,0.499994,0.499998,0.499999,0.5,0.5
0.5,0.5,0.499999,0.499998,0.499994,0.499986,0.499968,0.499927,0.499841,0.499667,0.499325,0.498682,0.497516,0.495483,0.492072,0.486567,0.47802,0.465259,0.44694,0.42166,0.388137,0.345442,0.293253,0.232087,0.163468,0.0899608,0.0150695,-0.0570192,-0.121813,-0.174962,-0.212714,-0.232317,-0.232317,-0.212714,-0.174962,-0.121813,-0.0570192,0.0150695,0.0899608,0.163468,0.232087,0.293253,0.345442,0.388137,0.42166,0.44694,0.465259,0.47802,0.486567,0.492072,0.495483,0.497516,0.498682,0.499325,0.499667,0.499841,0.499927,0.499968,0.499986,0.499994,0.499998,0.499999,0.5,0.5
0.5,0.5,0.499999,0.499998,0.499995,0.499987,0.49997,0.499932,0.499851,0.499688,0.499367,0.498764,0.49767,0.495761,0.492556,0.48738,0.479339,0.467326,0.450066,0.42623,0.394596,0.354273,0.304941,0.247074,0.182098,0.112435,0.0414026,-0.0270222,-0.0885631,-0.139071,-0.174962,-0.193603,-0.193603,-0.174962,-0.139071,-0.0885631,-0.0270222,0.0414026,0.112435,0.182098,0.247074,0.304941,0.354273,0.394596,0.42623,0.450066,0.467326,0.479339,0.48738,0.492556,0.495761,0.49767,0.498764,0.499367,0.499688,0.499851,0.499932,0.49997,0.499987,0.499995,0.499998,0.499999,0.5,0.5
0.5,0.5,0.499999,0.499998,0.499995,0.499988,0.499973,0.499938,0.499865,0.499717,0.499426,0.498878,0.497884,0.496147,0.493228,0.488511,0.481174,0.470202,0.454421,0.432602,0.403611,0.36661,0.321286,0.268054,0.208206,0.143962,0.0783796,0.015136,-0.0417989,-0.0885631,-0.121813,-0.139089,-0.139089,-0.121813,-0.0885631,-0.0417989,0.015136,0.0783796,0.143962,0.208206,0.268054,0.321286,0.36661,0.403611,0.432602,0.454421,0.470202,0.481174,0.488511,0.493228,0.496147,0.497884,0.498878,0.499426,0.499717,0.499865,0.499938,0.499973,0.499988,0.499995,0.499998,0.499999,0.5,0.5
0.5,0.5,0.499999,0.499998,0.499996,0.49999,0.499976,0.499946,0.499882,0.499752,0.499496,0.499014,0.498138,0.496607,0.494032,0.489864,0.483373,0.473653,0.459653,0.440268,0.41447,0.381494,0.341035,0.293438,0.239841,0.182216,0.123302,0.0664123,0.015136,-0.0270222,-0.0570192,-0.0726124,-0.0726124,-0.0570192,-0.0270222,0.015136,0.0664123,0.123302,0.182216,0.239841,0.293438,0.341035,0.381494,0.41447,0.440268,0.459653,0.473653,0.483373,0.489864,0.494032,0.496607,0.498138,0.499014,0.499496,0.499752,0.499882,0.499946,0.499976,0.49999,0.499996,0.499998,0.499999,0.5,0.5
0.5,0.5,0.499999,0.499999,0.499996,0.499991,0.49998,0.499954,0.4999,0.499789,0.499572,0.499161,0.498415,0.497107,0.494905,0.491336,0.485769,0.477419,0.465371,0.448659,0.426379,0.397845,0.362767,0.321422,0.274776,0.224531,0.173073,0.123302,0.0783796,0.0414026,0.0150695,0.00137362,0.00137362,0.0150695,0.0414026,0.0783796,0.123302,0.173073,0.224531,0.274776,0.321422,0.362767,0.397845,0.426379,0.448659,0.465371,0.477419,0.485769,0.491336,0.494905,0.497107,0.498415,0.499161,0.499572,0.499789,0.4999,0.499954,0.49998,0.499991,0.499996,0.499999,0.499999,0.5,0.5
0.5,0.5,0.5,0.499999,0.499997,0.499993,0.499983,0.499962,0.499918,0.499827,0.499648,0.49931,0.498693,0.497612,0.495788,0.492826,0.488199,0.481244,0.471191,0.457216,0.438546,0.414584,0.385063,0.350191,0.310762,0.268204,0.224531,0.182216,0.143962,0.112435,0.0899608,0.0782653,0.0782653,0.0899608,0.112435,0.143962,0.182216,0.224531,0.268204,0.310762,0.350191,0.385063,0.414584,0.438546,0.457216,0.471191,0.481244,0.488199,0.492826,0.495788,0.497612,0.498693,0.49931,0.499648,0.499827,0.499918,0.499962,0.499983,0.499993,0.499997,0.499999,0.5,0.5,0.5
0.5,0.5,0.5,0.499999,0.499998,0.499994,0.499987,0.49997,0.499935,0.499862,0.49972,0.49945,0.498957,0.498091,0.496628,0.494247,0.49052,0.484906,0.476774,0.465444,0.450272,0.430753,0.406647,0.378104,0.345757,0.310762,0.274776,0.239841,0.208206,0.182098,0.163468,0.153767,0.153767,0.163468,0.182098,0.208206,0.239841,0.274776,0.310762,0.345757,0.378104,0.406647,0.430753,0.450272,0.465444,0.476774,0.484906,0.49052,0.494247,0.496628,0.498091,0.498957,0.49945,0.49972,0.499862,0.499935,0.49997,0.499987,0.499994,0.499998,0.499999,0.5,0.5,0.5
0.5,0.5,0.5,0.499999,0.499998,0.499996,0.49999,0.499977,0.49995,0.499894,0.499784,0.499576,0.499194,0.498523,0.497386,0.495533,0.492625,0.488235,0.48186,0.472957,0.461005,0.445589,0.426503,0.403846,0.378104,0.350191,0.321422,0.293438,0.268054,0.247074,0.232087,0.224278,0.224278,0.232087,0.247074,0.268054,0.293438,0.321422,0.350191,0.378104,0.403846,0.426503,0.445589,0.461005,0.472957,0.48186,0.488235,0.492625,0.495533,0.497386,0.498523,0.499194,0.499576,0.499784,0.499894,0.49995,0.499977,0.49999,0.499996,0.499998,0.499999,0.5,0.5,0.5
0.5,0.5,0.5,0.499999,0.499999,0.499997,0.499993,0.499983,0.499963,0.499921,0.499839,0.499684,0.499398,0.498894,0.498039,0.496642,0.494445,0.49112,0.48628,0.479502,0.470379,0.458581,0.443935,0.426503,0.406647,0.385063,0.362767,0.341035,0.321286,0.304941,0.293253,0.287158,0.287158,0.293253,0.304941,0.321286,0.341035,0.362767,0.385063,0.406647,0.426503,0.443935,0.458581,0.470379,0.479502,0.48628,0.49112,0.494445,0.496642,0.498039,0.498894,0.499398,0.499684,0.499839,0.499921,0.499963,0.499983,0.499993,0.499997,0.499999,0.499999,0.5,0.5,0.5
0.5,0.5,0.5,0.5,0.499999,0.499998,0.499995,0.499988,0.499973,0.499943,0.499884,0.499772,0.499565,0.499199,0.498577,0.497557,0.49595,0.493512,0.489953,0.484957,0.478213,0.469468,0.458581,0.445589,0.430753,0.414584,0.397845,0.381494,0.36661,0.354273,0.345442,0.340834,0.340834,0.345442,0.354273,0.36661,0.381494,0.397845,0.414584,0.430753,0.445589,0.458581,0.469468,0.478213,0.484957,0.489953,0.493512,0.49595,0.497557,0.498577,0.499199,0.499565,0.499772,0.499884,0.499943,0.499973,0.499988,0.499995,0.499998,0.499999,0.5,0.5,0.5,0.5
0.5,0.5,0.5,0.5,0.499999,0.499998,0.499996,0.499992,0.499981,0.499961,0.499919,0.499841,0.499696,0.499439,0.499,0.498281,0.497143,0.495413,0.49288,0.489315,0.484489,0.478213,0.470379,0.461005,0.450272,0.438546,0.426379,0.41447,0.403611,0.394596,0.388137,0.384765,0.384765,0.388137,0.394596,0.403611,0.41447,0.426379,0.438546,0.450272,0.461005,0.470379,0.478213,0.484489,0.489315,0.49288,0.495413,0.497143,0.498281,0.499,0.499439,0.499696,0.499841,0.499919,0.499961,0.499981,0.499992,0.499996,0.499998,0.499999,0.5,0.5,0.5,0.5
0.5,0.5,0.5,0.5,0.5,0.499999,0.499998,0.499994,0.499988,0.499974,0.499946,0.499892,0.499794,0.49962,0.499321,0.498829,0.49805,0.496862,0.495118,0.492656,0.489315,0.484957,0.479502,0.472957,0.465444,0.457216,0.448659,0.440268,0.432602,0.42623,0.42166,0.419272,0.419272,0.42166,0.42623,0.432602,0.440268,0.448659,0.457216,0.465444,0.472957,0.479502,0.484957,0.489315,0.492656,0.495118,0.496862,0.49805,0.498829,0.499321,0.49962,0.499794,0.499892,0.499946,0.499974,0.499988,0.499994,0.499998,0.499999,0.5,0.5,0.5,0.5,0.5
0.5,0.5,0.5,0.5,0.5,0.499999,0.499998,0.499996,0.499992,0.499983,0.499965,0.49993,0.499865,0.499751,0.499554,0.499229,0.498713,0.497924,0.496763,0.495118,0.49288,0.489953,0.48628,0.48186,0.476774,0.471191,0.465371,0.459653,0.454421,0.450066,0.44694,0.445305,0.445305,0.44694,0.450066,0.454421,0.459653,0.465371,0.471191,0.476774,0.48186,0.48628,0.489953,0.49288,0.495118,0.496763,0.497924,0.498713,0.499229,0.499554,0.499751,0.499865,0.49993,0.499965,0.499983,0.499992,0.499996,0.499998,0.499999,0.5,0.5,0.5,0.5,0.5
0.5,0.5,0.5,0.5,0.5,0.5,0.499999,0.499998,0.499995,0.499989,0.499978,0.499956,0.499915,0.499842,0.499717,0.499509,0.499179,0.498672,0.497924,0.496862,0.495413,0.493512,0.49112,0.488235,0.484906,0.481244,0.477419,0.473653,0.470202,0.467326,0.465259,0.464178,0.464178,0.465259,0.467326,0.470202,0.473653,0.477419,0.481244,0.484906,0.488235,0.49112,0.493512,0.495413,0.496862,0.497924,0.498672,0.499179,0.499509,0.499717,0.499842,0.499915,0.499956,0.499978,0.499989,0.499995,0.499998,0.499999,0.5,0.5,0.5,0.5,0.5,0.5
0.5,0.5,0.5,0.5,0.5,0.5,0.499999,0.499999,0.499997,0.499993,0.499986,0.499973,0.499948,0.499903,0.499826,0.499698,0.499494,0.499179,0.498713,0.49805,0.497143,0.49595,0.494445,0.492625,0.49052,0.488199,0.485769,0.483373,0.481174,0.479339,0.47802,0.477329,0.477329,0.47802,0.479339,0.481174,0.483373,0.485769,0.488199,0.49052,0.492625,0.494445,0.49595,0.497143,0.49805,0.498713,0.499179,0.499494,0.499698,0.499826,0.499903,0.499948,0.499973,0.499986,0.499993,0.499997,0.499999,0.499999,0.5,0.5,0.5,0.5,0.5,0.5
0.5,0.5,0.5,0.5,0.5,0.5,0.5,0.499999,0.499998,0.499996,0.499992,0.499984,0.499969,0.499943,0.499897,0.49982,0.499698,0.499509,0.499229,0.498829,0.498281,0.497557,0.496642,0.495533,0.494247,0.492826,0.491336,0.489864,0.488511,0.48738,0.486567,0.48614,0.48614,0.486567,0.48738,0.488511,0.489864,0.491336,0.492826,0.494247,0.495533,0.496642,0.497557,0.498281,0.498829,0.499229,0.499509,0.499698,0.49982,0.499897,0.499943,0.499969,0.499984,0.499992,0.499996,0.499998,0.499999,0.5,0.5,0.5,0.5,0.5,0.5,0.5
0.5,0.5,0.5,0.5,0.5,0.5,0.5,0.5,0.499999,0.499998,0.499995,0.499991,0.499982,0.499967,0.499941,0.499897,0.499826,0.499717,0.499554,0.499321,0.499,0.498577,0.498039,0.497386,0.496628,0.495788,0.494905,0.494032,0.493228,0.492556,0.492072,0.491818,0.491818,0.492072,0.492556,0.493228,0.494032,0.494905,0.495788,0.496628,0.497386,0.498039,0.498577,0.499,0.499321,0.499554,0.499717,0.499826,0.499897,0.499941,0.499967,0.499982,0.499991,0.499995,0.499998,0.499999,0.5,0.5,0.5,0.5,0.5,0.5,0.5,0.5
0.5,0.5,0.5,0.5,0.5,0.5,0.5,0.5,0.499999,0.499999,0.499998,0.499995,0.49999,0.499982,0.499967,0.499943,0.499903,0.499842,0.499751,0.49962,0.499439,0.499199,0.498894,0.498523,0.498091,0.497612,0.497107,0.496607,0.496147,0.495761,0.495483,0.495337,0.495337,0.495483,0.495761,0.496147,0.496607,0.497107,0.497612,0.498091,0.498523,0.498894,0.499199,0.499439,0.49962,0.499751,0.499842,0.499903,0.499943,0.499967,0.499982,0.49999,0.499995,0.499998,0.499999,0.499999,0.5,0.5,0.5,0.5,0.5,0.5,0.5,0.5
0.5,0.5,0.5,0.5,0.5,0.5,0.5,0.5,0.5,0.499999,0.499999,0.499997,0.499995,0.49999,0.499982,0.499969,0.499948,0.499915,0.499865,0.499794,0.499696,0.499565,0.499398,0.499194,0.498957,0.498693,0.498415,0.498138,0.497884,0.49767,0.497516,0.497435,0.497435,0.497516,0.49767,0.497884,0.498138,0.498415,0.498693,0.498957,0.499194,0.499398,0.499565,0.499696,0.499794,0.499865,0.499915,0.499948,0.499969,0.499982,0.49999,0.499995,0.499997,0.499999,0.499999,0.5,0.5,0.5,0.5,0.5,0.5,0.5,0.5,0.5
0.5,0.5,0.5,0.5,0.5,0.5,0.5,0.5,0.5,0.5,0.499999,0.499999,0.499997,0.499995,0.499991,0.499984,0.499973,0.499956,0.49993,0.499892,0.499841,0.499772,0.499684,0.499576,0.49945,0.49931,0.499161,0.499014,0.498878,0.498764,0.498682,0.498638,0.498638,0.498682,0.498764,0.498878,0.499014,0.499161,0.49931,0.49945,0.499576,0.499684,0.499772,0.499841,0.499892,0.49993,0.499956,0.499973,0.499984,0.499991,0.499995,0.499997,0.499999,0.499999,0.5,0.5,0.5,0.5,0.5,0.5,0.5,0.5,0.5,0.5
0.5,0.5,0.5,0.5,0.5,0.5,0.5,0.5,0.5,0.5,0.5,0.499999,0.499999,0.499998,0.499995,0.499992,0.499986,0.499978,0.499965,0.499946,0.499919,0.499884,0.499839,0.499784,0.49972,0.499648,0.499572,0.499496,0.499426,0.499367,0.499325,0.499303,0.499303,0.499325,0.499367,0.499426,0.499496,0.499572,0.499648,0.49972,0.499784,0.499839,0.499884,0.499919,0.499946,0.499965,0.499978,0.499986,0.499992,0.499995,0.499998,0.499999,0.499999,0.5,0.5,0.5,0.5,0.5,0.5,0.5,0.5,0.5,0.5,0.5
0.5,0.5,0.5,0.5,0.5,0.5,0.5,0.5,0.5,0.5,0.5,0.5,0.499999,0.499999,0.499998,0.499996,0.499993,0.499989,0.499983,0.499974,0.499961,0.499943,0.499921,0.499894,0.499862,0.499827,0.499789,0.499752,0.499717,0.499688,0.499667,0.499655,0.499655,0.499667,0.499688,0.499717,0.499752,0.499789,0.499827,0.499862,0.499894,0.499921,0.499943,0.499961,0.499974,0.499983,0.499989,0.499993,0.499996,0.499998,0.499999,0.499999,0.5,0.5,0.5,0.5,0.5,0.5,0.5,0.5,0.5,0.5,0.5,0.5
0.5,0.5,0.5,0.5,0.5,0.5,0.5,0.5,0.5,0.5,0.5,0.5,0.5,0.499999,0.499999,0.499998,0.499997,0.499995,0.499992,0.499988,0.499981,0.499973,0.499963,0.49995,0.499935,0.499918,0.4999,0.499882,0.499865,0.499851,0.499841,0.499836,0.499836,0.499841,0.499851,0.499865,0.499882,0.4999,0.499918,0.499935,0.49995,0.499963,0.499973,0.499981,0.499988,0.499992,0.499995,0.499997,0.499998,0.499999,0.499999,0.5,0.5,0.5,0.5,0.5,0.5,0.5,0.5,0.5,0.5,0.5,0.5,0.5
0.5,0.5,0.5,0.5,0.5,0.5,0.5,0.5,0.5,0.5,0.5,0.5,0.5,0.5,0.5,0.499999,0.499999,0.499998,0.499996,0.499994,0.499992,0.499988,0.499983,0.499977,0.49997,0.499962,0.499954,0.499946,0.499938,0.499932,0.499927,0.499925,0.499925,0.499927,0.499932,0.499938,0.499946,0.499954,0.499962,0.49997,0.499977,0.499983,0.499988,0.499992,0.499994,0.499996,0.499998,0.499999,0.499999,0.5,0.5,0.5,0.5,0.5,0.5,0.5,0.5,0.5,0.5,0.5,0.5,0.5,0.5,0.5
0.5,0.5,0.5,0.5,0.5,0.5,0.5,0.5,0.5,0.5,0.5,0.5,0.5,0.5,0.5,0.5,0.499999,0.499999,0.499998,0.499998,0.499996,0.499995,0.499993,0.49999,0.499987,0.499983,0.49998,0.499976,0.499973,0.49997,0.499968,0.499967,0.499967,0.499968,0.49997,0.499973,0.499976,0.49998,0.499983,0.499987,0.49999,0.499993,0.499995,0.499996,0.499998,0.499998,0.499999,0.499999,0.5,0.5,0.5,0.5,0.5,0.5,0.5,0.5,0.5,0.5,0.5,0.5,0.5,0.5,0.5,0.5
0.5,0.5,0.5,0.5,0.5,0.5,0.5,0.5,0.5,0.5,0.5,0.5,0.5,0.5,0.5,0.5,0.5,0.5,0.499999,0.499999,0.499998,0.499998,0.499997,0.499996,0.499994,0.499993,0.499991,0.49999,0.499988,0.499987,0.499986,0.499986,0.499986,0.499986,0.499987,0.499988,0.49999,0.499991,0.499993,0.499994,0.499996,0.499997,0.499998,0.499998,0.499999,0.499999,0.5,0.5,0.5,0.5,0.5,0.5,0.5,0.5,0.5,0.5,0.5,0.5,0.5,0.5,0.5,0.5,0.5,0.5
0.5,0.5,0.5,0.5,0.5,0.5,0.5,0.5,0.5,0.5,0.5,0.5,0.5,0.5,0.5,0.5,0.5,0.5,0.5,0.5,0.499999,0.499999,0.499999,0.499998,0.499998,0.499997,0.499996,0.499996,0.499995,0.499995,0.499994,0.499994,0.499994,0.499994,0.499995,0.499995,0.499996,0.499996,0.499997,0.499998,0.499998,0.499999,0.499999,0.499999,0.5,0.5,0.5,0.5,0.5,0.5,0.5,0.5,0.5,0.5,0.5,0.5,0.5,0.5,0.5,0.5,0.5,0.5,0.5,0.5
0.5,0.5,0.5,0.5,0.5,0.5,0.5,0.5,0.5,0.5,0.5,0.5,0.5,0.5,0.5,0.5,0.5,0.5,0.5,0.5,0.5,0.5,0.499999,0.499999,0.499999,0.499999,0.499999,0.499998,0.499998,0.499998,0.499998,0.499998,0.499998,0.499998,0.499998,0.499998,0.499998,0.499999,0.499999,0.499999,0.499999,0.499999,0.5,0.5,0.5,0.5,0.5,0.5,0.5,0.5,0.5,0.5,0.5,0.5,0.5,0.5,0.5,0.5,0.5,0.5,0.5,0.5,0.5,0.5
0.5,0.5,0.5,0.5,0.5,0.5,0.5,0.5,0.5,0.5,0.5,0.5,0.5,0.5,0.5,0.5,0.5,0.5,0.5,0.5,0.5,0.5,0.5,0.5,0.5,0.5,0.499999,0.499999,0.499999,0.499999,0.499999,0.499999,0.499999,0.499999,0.499999,0.499999,0.499999,0.499999,0.5,0.5,0.5,0.5,0.5,0.5,0.5,0.5,0.5,0.5,0.5,0.5,0.5,0.5,0.5,0.5,0.5,0.5,0.5,0.5,0.5,0.5,0.5,0.5,0.5,0.5
0.5,0.5,0.5,0.5,0.5,0.5,0.5,0.5,0.5,0.5,0.5,0.5,0.5,0.5,0.5,0.5,0.5,0.5,0.5,0.5,0.5,0.5,0.5,0.5,0.5,0.5,0.5,0.5,0.5,0.5,0.5,0.5,0.5,0.5,0.5,0.5,0.5,0.5,0.5,0.5,0.5,0.5,0.5,0.5,0.5,0.5,0.5,0.5,0.5,0.5,0.5,0.5,0.5,0.5,0.5,0.5,0.5,0.5,0.5,0.5,0.5,0.5,0.5,0.5
0.5,0.5,0.5,0.5,0.5,0.5,0.5,0.5,0.5,0.5,0.5,0.5,0.5,0.5,0.5,0.5,0.5,0.5,0.5,0.5,0.5,0.5,0.5,0.5,0.5,0.5,0.5,0.5,0.5,0.5,0.5,0.5,0.5,0.5,0.5,0.5,0.5,0.5,0.5,0.5,0.5,0.5,0.5,0.5,0.5,0.5,0.5,0.5,0.5,0.5,0.5,0.5,0.5,0.5,0.5,0.5,0.5,0.5,0.5,0.5,0.5,0.5,0.5,0.5
