0.5,0.5,0.5,0.5,0.5,0.5,0.5,0.5,0.5,0.5,0.5,0.5,0.5,0.5,0.5,0.5,0.5,0.5,0.5,0.5,0.5,0.5,0.5,0.5,0.5,0.499999,0.499999,0.499999,0.499999,0.499999,0.499999,0.499999,0.499999,0.499999,0.499999,0.499999,0.499999,0.499999,0.499999,0.5,0.5,0.5,0.5,0.5,0.5,0.5,0.5,0.5,0.5,0.5,0.5,0.5,0.5,0.5,0.5,0.5,0.5,0.5,0.5,0.5,0.5,0.5,0.5,0.5
0.5,0.5,0.5,0.5,0.5,0.5,0.5,0.5,0.5,0.5,0.5,0.5,0.5,0.5,0.5,0.5,0.5,0.5,0.5,0.5,0.5,0.5,0.5,0.5,0.5,0.499999,0.499999,0.499999,0.499999,0.499999,0.499999,0.499999,0.499999,0.499999,0.499999,0.499999,0.499999,0.499999,0.499999,0.5,0.5,0.5,0.5,0.5,0.5,0.5,0.5,0.5,0.5,0.5,0.5,0.5,0.5,0.5,0.5,0.5,0.5,0.5,0.5,0.5,0.5,0.5,0.5,0.5
0.5,0.5,0.5,0.5,0.5,0.5,0.5,0.5,0.5,0.5,0.5,0.5,0.5,0.5,0.5,0.5,0.5,0.5,0.5,0.5,0.5,0.5,0.499999,0.499999,0.499999,0.499999,0.499999,0.499998,0.499998,0.499998,0.499998,0.499998,0.499998,0.499998,0.499998,0.499998,0.499998,0.499999,0.499999,0.499999,0.499999,0.499999,0.5,0.5,0.5,0.5,0.5,0.5,0.5,0.5,0.5,0.5,0.5,0.5,0.5,0.5,0.5,0.5,0.5,0.5,0.5,0.5,0.5,0.5
0.5,0.5,0.5,0.5,0.5,0.5,0.5,0.5,0.5,0.5,0.5,0.5,0.5,0.5,0.5,0.5,0.5,0.5,0.5,0.5,0.499999,0.499999,0.499999,0.499998,0.499998,0.499997,0.499997,0.499996,0.499995,0.499995,0.499995,0.499994,0.499994,0.499995,0.499995,0.499995,0.499996,0.499997,0.499997,0.499998,0.499998,0.499999,0.499999,0.499999,0.5,0.5,0.5,0.5,0.5,0.5,0.5,0.5,0.5,0.5,0.5,0.5,0.5,0.5,0.5,0.5,0.5,0.5,0.5,0.5
0.5,0.5,0.5,0.5,0.5,0.5,0.5,0.5,0.5,0.5,0.5,0.5,0.5,0.5,0.5,0.5,0.5,0.5,0.499999,0.499999,0.499998,0.499998,0.499997,0.499996,0.499994,0.499993,0.499992,0.49999,0.499989,0.499988,0.499987,0.499986,0.499986,0.499987,0.499988,0.499989,0.49999,0.499992,0.499993,0.499994,0.499996,0.499997,0.499998,0.499998,0.499999,0.499999,0.5,0.5,0.5,0.5,0.5,0.5,0.5,0.5,0.5,0.5,0.5,0.5,0.5,0.5,0.5,0.5,0.5,0.5
0.5,0.5,0.5,0.5,0.5,0.5,0.5,0.5,0.5,0.5,0.5,0.5,0.5,0.5,0.5,0.5,0.499999,0.499999,0.499998,0.499997,0.499996,0.499995,0.499993,0.49999,0.499987,0.499984,0.49998,0.499977,0.499974,0.499971,0.499969,0.499968,0.499968,0.499969,0.499971,0.499974,0.499977,0.49998,0.499984,0.499987,0.49999,0.499993,0.499995,0.499996,0.499997,0.499998,0.499999,0.499999,0.5,0.5,0.5,0.5,0.5,0.5,0.5,0.5,0.5,0.5,0.5,0.5,0.5,0.5,0.5,0.5
0.5,0.5,0.5,0.5,0.5,0.5,0.5,0.5,0.5,0.5,0.5,0.5,0.5,0.5,0.499999,0.499999,0.499998,0.499998,0.499996,0.499994,0.499991,0.499988,0.499983,0.499977,0.499971,0.499963,0.499956,0.499948,0.499941,0.499935,0.49993,0.499928,0.499928,0.49993,0.499935,0.499941,0.499948,0.499956,0.499963,0.499971,0.499977,0.499983,0.499988,0.499991,0.499994,0.499996,0.499998,0.499998,0.499999,0.499999,0.5,0.5,0.5,0.5,0.5,0.5,0.5,0.5,0.5,0.5,0.5,0.5,0.5,0.5
0.5,0.5,0.5,0.5,0.5,0.5,0.5,0.5,0.5,0.5,0.5,0.5,0.5,0.499999,0.499999,0.499998,0.499997,0.499995,0.499991,0.499987,0.499981,0.499973,0.499963,0.49995,0.499936,0.49992,0.499903,0.499886,0.499871,0.499858,0.499849,0.499844,0.499844,0.499849,0.499858,0.499871,0.499886,0.499903,0.49992,0.499936,0.49995,0.499963,0.499973,0.499981,0.499987,0.499991,0.499995,0.499997,0.499998,0.499999,0.499999,0.5,0.5,0.5,0.5,0.5,0.5,0.5,0.5,0.5,0.5,0.5,0.5,0.5
0.5,0.5,0.5,0.5,0.5,0.5,0.5,0.5,0.5,0.5,0.5,0.5,0.499999,0.499999,0.499998,0.499996,0.499993,0.499988,0.499982,0.499972,0.499959,0.499942,0.499921,0.499895,0.499865,0.499831,0.499796,0.499761,0.499729,0.499703,0.499683,0.499673,0.499673,0.499683,0.499703,0.499729,0.499761,0.499796,0.499831,0.499865,0.499895,0.499921,0.499942,0.499959,0.499972,0.499982,0.499988,0.499993,0.499996,0.499998,0.499999,0.499999,0.5,0.5,0.5,0.5,0.5,0.5,0.5,0.5,0.5,0.5,0.5,0.5
0.5,0.5,0.5,0.5,0.5,0.5,0.5,0.5,0.5,0.5,0.5,0.499999,0.499998,0.499997,0.499995,0.499991,0.499985,0.499976,0.499962,0.499943,0.499917,0.499882,0.499838,0.499785,0.499724,0.499657,0.499586,0.499516,0.499452,0.499398,0.499359,0.499339,0.499339,0.499359,0.499398,0.499452,0.499516,0.499586,0.499657,0.499724,0.499785,0.499838,0.499882,0.499917,0.499943,0.499962,0.499976,0.499985,0.499991,0.499995,0.499997,0.499998,0.499999,0.5,0.5,0.5,0.5,0.5,0.5,0.5,0.5,0.5,0.5,0.5
0.5,0.5,0.5,0.5,0.5,0.5,0.5,0.5,0.5,0.5,0.499999,0.499998,0.499997,0.499994,0.49999,0.499982,0.49997,0.499952,0.499925,0.499887,0.499835,0.499767,0.499681,0.499577,0.499458,0.499326,0.499188,0.499053,0.498928,0.498824,0.498749,0.49871,0.49871,0.498749,0.498824,0.498928,0.499053,0.499188,0.499326,0.499458,0.499577,0.499681,0.499767,0.499835,0.499887,0.499925,0.499952,0.49997,0.499982,0.49999,0.499994,0.499997,0.499998,0.499999,0.5,0.5,0.5,0.5,0.5,0.5,0.5,0.5,0.5,0.5
0.5,0.5,0.5,0.5,0.5,0.5,0.5,0.5,0.5,0.499999,0.499998,0.499997,0.499994,0.499989,0.49998,0.499965,0.499942,0.499907,0.499855,0.499782,0.499683,0.499554,0.499392,0.499196,0.498971,0.498724,0.498465,0.498211,0.497978,0.497784,0.497645,0.497572,0.497572,0.497645,0.497784,0.497978,0.498211,0.498465,0.498724,0.498971,0.499196,0.499392,0.499554,0.499683,0.499782,0.499855,0.499907,0.499942,0.499965,0.49998,0.499989,0.499994,0.499997,0.499998,0.499999,0.5,0.5,0.5,0.5,0.5,0.5,0.5,0.5,0.5
0.5,0.5,0.5,0.5,0.5,0.5,0.5,0.5,0.499999,0.499998,0.499997,0.499994,0.499988,0.499978,0.499962,0.499934,0.499891,0.499826,0.499731,0.499596,0.499414,0.499177,0.49888,0.498524,0.498115,0.497666,0.497198,0.496739,0.496319,0.49597,0.495718,0.495587,0.495587,0.495718,0.49597,0.496319,0.496739,0.497198,0.497666,0.498115,0.498524,0.49888,0.499177,0.499414,0.499596,0.499731,0.499826,0.499891,0.499934,0.499962,0.499978,0.499988,0.499994,0.499997,0.499998,0.499999,0.5,0.5,0.5,0.5,0.5,0.5,0.5,0.5
0.5,0.5,0.5,0.5,0.5,0.5,0.5,0.499999,0.499999,0.499997,0.499994,0.499989,0.499978,0.49996,0.49993,0.499881,0.499803,0.499686,0.499516,0.499276,0.498953,0.498533,0.498009,0.497382,0.496664,0.495878,0.495062,0.494262,0.493531,0.492923,0.492488,0.49226,0.49226,0.492488,0.492923,0.493531,0.494262,0.495062,0.495878,0.496664,0.497382,0.498009,0.498533,0.498953,0.499276,0.499516,0.499686,0.499803,0.499881,0.49993,0.49996,0.499978,0.499989,0.499994,0.499997,0.499999,0.499999,0.5,0.5,0.5,0.5,0.5,0.5,0.5
0.5,0.5,0.5,0.5,0.5,0.5,0.499999,0.499999,0.499998,0.499995,0.49999,0.49998,0.499962,0.49993,0.499877,0.499791,0.499656,0.499453,0.499158,0.498746,0.498191,0.497473,0.49658,0.495515,0.494298,0.49297,0.491594,0.490248,0.489021,0.488003,0.487273,0.486892,0.486892,0.487273,0.488003,0.489021,0.490248,0.491594,0.49297,0.494298,0.495515,0.49658,0.497473,0.498191,0.498746,0.499158,0.499453,0.499656,0.499791,0.499877,0.49993,0.499962,0.49998,0.49999,0.499995,0.499998,0.499999,0.499999,0.5,0.5,0.5,0.5,0.5,0.5
0.5,0.5,0.5,0.5,0.5,0.5,0.499999,0.499998,0.499996,0.499991,0.499982,0.499965,0.499934,0.499881,0.499791,0.499646,0.499419,0.499079,0.498586,0.4979,0.49698,0.495794,0.494323,0.492575,0.490583,0.488417,0.486178,0.483993,0.482005,0.480357,0.479178,0.478562,0.478562,0.479178,0.480357,0.482005,0.483993,0.486178,0.488417,0.490583,0.492575,0.494323,0.495794,0.49698,0.4979,0.498586,0.499079,0.499419,0.499646,0.499791,0.499881,0.499934,0.499965,0.499982,0.499991,0.499996,0.499998,0.499999,0.5,0.5,0.5,0.5,0.5,0.5
0.5,0.5,0.5,0.5,0.5,0.499999,0.499998,0.499997,0.499993,0.499985,0.49997,0.499942,0.499891,0.499803,0.499656,0.499419,0.499051,0.498499,0.497704,0.4966,0.495126,0.493231,0.490891,0.488118,0.48497,0.481557,0.478038,0.474612,0.471502,0.468928,0.467089,0.46613,0.46613,0.467089,0.468928,0.471502,0.474612,0.478038,0.481557,0.48497,0.488118,0.490891,0.493231,0.495126,0.4966,0.497704,0.498499,0.499051,0.499419,0.499656,0.499803,0.499891,0.499942,0.49997,0.499985,0.499993,0.499997,0.499998,0.499999,0.5,0.5,0.5,0.5,0.5
0.5,0.5,0.5,0.5,0.5,0.499999,0.499998,0.499995,0.499988,0.499976,0.499952,0.499907,0.499826,0.499686,0.499453,0.499079,0.498499,0.497635,0.496393,0.494676,0.492391,0.489466,0.485867,0.481616,0.476807,0.47161,0.466268,0.46108,0.45638,0.452499,0.449729,0.448285,0.448285,0.449729,0.452499,0.45638,0.46108,0.466268,0.47161,0.476807,0.481616,0.485867,0.489466,0.492391,0.494676,0.496393,0.497635,0.498499,0.499079,0.499453,0.499686,0.499826,0.499907,0.499952,0.499976,0.499988,0.499995,0.499998,0.499999,0.5,0.5,0.5,0.5,0.5
0.5,0.5,0.5,0.5,0.499999,0.499998,0.499996,0.499991,0.499982,0.499962,0.499925,0.499855,0.499731,0.499516,0.499158,0.498586,0.497704,0.496393,0.494518,0.491934,0.488508,0.48414,0.478785,0.472485,0.465384,0.457734,0.449895,0.442304,0.435444,0.42979,0.425759,0.423661,0.423661,0.425759,0.42979,0.435444,0.442304,0.449895,0.457734,0.465384,0.472485,0.478785,0.48414,0.488508,0.491934,0.494518,0.496393,0.497704,0.498586,0.499158,0.499516,0.499731,0.499855,0.499925,0.499962,0.499982,0.499991,0.499996,0.499998,0.499999,0.5,0.5,0.5,0.5
0.5,0.5,0.5,0.5,0.499999,0.499997,0.499994,0.499987,0.499972,0.499943,0.499887,0.499782,0.499596,0.499276,0.498746,0.4979,0.4966,0.494676,0.491934,0.488171,0.483201,0.476887,0.46918,0.460147,0.450002,0.439114,0.427991,0.417253,0.407572,0.39961,0.393943,0.390996,0.390996,0.393943,0.39961,0.407572,0.417253,0.427991,0.439114,0.450002,0.460147,0.46918,0.476887,0.483201,0.488171,0.491934,0.494676,0.4966,0.4979,0.498746,0.499276,0.499596,0.499782,0.499887,0.499943,0.499972,0.499987,0.499994,0.499997,0.499999,0.5,0.5,0.5,0.5
0.5,0.5,0.5,0.499999,0.499998,0.499996,0.499991,0.499981,0.499959,0.499917,0.499835,0.499683,0.499414,0.498953,0.498191,0.49698,0.495126,0.492391,0.488508,0.483201,0.476219,0.467386,0.456646,0.444109,0.430083,0.415084,0.399815,0.38512,0.371908,0.361064,0.353358,0.349355,0.349355,0.353358,0.361064,0.371908,0.38512,0.399815,0.415084,0.430083,0.444109,0.456646,0.467386,0.476219,0.483201,0.488508,0.492391,0.495126,0.49698,0.498191,0.498953,0.499414,0.499683,0.499835,0.499917,0.499959,0.499981,0.499991,0.499996,0.499998,0.499999,0.5,0.5,0.5
0.5,0.5,0.5,0.499999,0.499998,0.499995,0.499988,0.499973,0.499942,0.499882,0.499767,0.499554,0.499177,0.498533,0.497473,0.495794,0.493231,0.489466,0.48414,0.476887,0.467386,0.455414,0.440917,0.424063,0.405282,0.385274,0.364979,0.34551,0.328055,0.313763,0.303623,0.298362,0.298362,0.303623,0.313763,0.328055,0.34551,0.364979,0.385274,0.405282,0.424063,0.440917,0.455414,0.467386,0.476887,0.48414,0.489466,0.493231,0.495794,0.497473,0.498533,0.499177,0.499554,0.499767,0.499882,0.499942,0.499973,0.499988,0.499995,0.499998,0.499999,0.5,0.5,0.5
0.5,0.5,0.499999,0.499999,0.499997,0.499993,0.499983,0.499963,0.499921,0.499838,0.499681,0.499392,0.49888,0.498009,0.49658,0.494323,0.490891,0.485867,0.478785,0.46918,0.456646,0.440917,0.421948,0.399985,0.37561,0.349745,0.323605,0.298613,0.276274,0.258025,0.245102,0.238403,0.238403,0.245102,0.258025,0.276274,0.298613,0.323605,0.349745,0.37561,0.399985,0.421948,0.440917,0.456646,0.46918,0.478785,0.485867,0.490891,0.494323,0.49658,0.498009,0.49888,0.499392,0.499681,0.499838,0.499921,0.499963,0.499983,0.499993,0.499997,0.499999,0.499999,0.5,0.5
0.5,0.5,0.499999,0.499998,0.499996,0.49999,0.499977,0.49995,0.499895,0.499785,0.499577,0.499196,0.498524,0.497382,0.495515,0.492575,0.488118,0.481616,0.472485,0.460147,0.444109,0.424063,0.399985,0.372221,0.341534,0.309098,0.276442,0.245328,0.217599,0.195005,0.179035,0.170766,0.170766,0.179035,0.195005,0.217599,0.245328,0.276442,0.309098,0.341534,0.372221,0.399985,0.424063,0.444109,0.460147,0.472485,0.481616,0.488118,0.492575,0.495515,0.497382,0.498524,0.499196,0.499577,0.499785,0.499895,0.49995,0.499977,0.49999,0.499996,0.499998,0.499999,0.5,0.5
0.5,0.5,0.499999,0.499998,0.499994,0.499987,0.499971,0.499936,0.499865,0.499724,0.499458,0.498971,0.498115,0.496664,0.494298,0.490583,0.48497,0.476807,0.465384,0.450002,0.430083,0.405282,0.37561,0.341534,0.30402,0.264525,0.224911,0.187298,0.15388,0.126721,0.10756,0.097651,0.097651,0.10756,0.126721,0.15388,0.187298,0.224911,0.264525,0.30402,0.341534,0.37561,0.405282,0.430083,0.450002,0.465384,0.476807,0.48497,0.490583,0.494298,0.496664,0.498115,0.498971,0.499458,0.499724,0.499865,0.499936,0.499971,0.499987,0.499994,0.499998,0.499999,0.5,0.5
0.499999,0.499999,0.499999,0.499997,0.499993,0.499984,0.499963,0.49992,0.499831,0.499657,0.499326,0.498724,0.497666,0.495878,0.49297,0.488417,0.481557,0.47161,0.457734,0.439114,0.415084,0.385274,0.349745,0.309098,0.264525,0.217778,0.171061,0.126856,0.087701,0.0559602,0.0336093,0.0220649,0.0220649,0.0336093,0.0559602,0.087701,0.126856,0.171061,0.217778,0.264525,0.309098,0.349745,0.385274,0.415084,0.439114,0.457734,0.47161,0.481557,0.488417,0.49297,0.495878,0.497666,0.498724,0.499326,0.499657,0.499831,0.49992,0.499963,0.499984,0.499993,0.499997,0.499999,0.499999,0.499999
0.499999,0.499999,0.499999,0.499997,0.499992,0.49998,0.499956,0.499903,0.499796,0.499586,0.499188,0.498465,0.497198,0.495062,0.491594,0.486178,0.478038,0.466268,0.449895,0.427991,0.399815,0.364979,0.323605,0.276442,0.224911,0.171061,0.117434,0.0668571,0.0221897,-0.0139308,-0.0393184,-0.0524161,-0.0524161,-0.0393184,-0.0139308,0.0221897,0.0668571,0.117434,0.171061,0.224911,0.276442,0.323605,0.364979,0.399815,0.427991,0.449895,0.466268,0.478038,0.486178,0.491594,0.495062,0.497198,0.498465,0.499188,0.499586,0.499796,0.499903,0.499956,0.49998,0.499992,0.499997,0.499999,0.499999,0.499999
0.499999,0.499999,0.499998,0.499996,0.49999,0.499977,0.499948,0.499886,0.499761,0.499516,0.499053,0.498211,0.496739,0.494262,0.490248,0.483993,0.474612,0.46108,0.442304,0.417253,0.38512,0.34551,0.298613,0.245328,0.187298,0.126856,0.0668571,0.0104413,-0.0392474,-0.0793367,-0.107465,-0.12196,-0.12196,-0.107465,-0.0793367,-0.0392474,0.0104413,0.0668571,0.126856,0.187298,0.245328,0.298613,0.34551,0.38512,0.417253,0.442304,0.46108,0.474612,0.483993,0.490248,0.494262,0.496739,0.498211,0.499053,0.499516,0.499761,0.499886,0.499948,0.499977,0.49999,0.499996,0.499998,0.499999,0.499999
0.499999,0.499999,0.499998,0.499995,0.499989,0.499974,0.499941,0.499871,0.499729,0.499452,0.498928,0.497978,0.496319,0.493531,0.489021,0.482005,0.471502,0.45638,0.435444,0.407572,0.371908,0.328055,0.276274,0.217599,0.15388,0.087701,0.0221897,-0.0392474,-0.0932301,-0.136696,-0.167147,-0.182824,-0.182824,-0.167147,-0.136696,-0.0932301,-0.0392474,0.0221897,0.087701,0.15388,0.217599,0.276274,0.328055,0.371908,0.407572,0.435444,0.45638,0.471502,0.482005,0.489021,0.493531,0.496319,0.497978,0.498928,0.499452,0.499729,0.499871,0.499941,0.499974,0.499989,0.499995,0.499998,0.499999,0.499999
0.499999,0.499999,0.499998,0.499995,0.499988,0.499971,0.499935,0.499858,0.499703,0.499398,0.498824,0.497784,0.49597,0.492923,0.488003,0.480357,0.468928,0.452499,0.42979,0.39961,0.361064,0.313763,0.258025,0.195005,0.126721,0.0559602,-0.0139308,-0.0793367,-0.136696,-0.182806,-0.215068,-0.231665,-0.231665,-0.215068,-0.182806,-0.136696,-0.0793367,-0.0139308,0.0559602,0.126721,0.195005,0.258025,0.313763,0.361064,0.39961,0.42979,0.452499,0.468928,0.480357,0.488003,0.492923,0.49597,0.497784,0.498824,0.499398,0.499703,0.499858,0.499935,0.499971,0.499988,0.499995,0.499998,0.499999,0.499999
0.499999,0.499999,0.499998,0.499995,0.499987,0.499969,0.49993,0.499849,0.499683,0.499359,0.498749,0.497645,0.495718,0.492488,0.487273,0.479178,0.467089,0.449729,0.425759,0.393943,0.353358,0.303623,0.245102,0.179035,0.10756,0.0336093,-0.0393184,-0.107465,-0.167147,-0.215068,-0.248568,-0.265792,-0.265792,-0.248568,-0.215068,-0.167147,-0.107465,-0.0393184,0.0336093,0.10756,0.179035,0.245102,0.303623,0.353358,0.393943,0.425759,0.449729,0.467089,0.479178,0.487273,0.492488,0.495718,0.497645,0.498749,0.499359,0.499683,0.499849,0.49993,0.499969,0.499987,0.499995,0.499998,0.499999,0.499999
0.499999,0.499999,0.499998,0.499994,0.499986,0.499968,0.499928,0.499844,0.499673,0.499339,0.49871,0.497572,0.495587,0.49226,0.486892,0.478562,0.46613,0.448285,0.423661,0.390996,0.349355,0.298362,0.238403,0.170766,0.097651,0.0220649,-0.0524161,-0.12196,-0.182824,-0.231665,-0.265792,-0.283333,-0.283333,-0.265792,-0.231665,-0.182824,-0.12196,-0.0524161,0.0220649,0.097651,0.170766,0.238403,0.298362,0.349355,0.390996,0.423661,0.448285,0.46613,0.478562,0.486892,0.49226,0.495587,0.497572,0.49871,0.499339,0.499673,0.499844,0.499928,0.499968,0.499986,0.499994,0.499998,0.499999,0.499999
0.499999,0.499999,0.499998,0.499994,0.499986,0.499968,0.499928,0.499844,0.499673,0.499339,0.49871,0.497572,0.495587,0.49226,0.486892,0.478562,0.46613,0.448285,0.423661,0.390996,0.349355,0.298362,0.238403,0.170766,0.097651,0.0220649,-0.0524161,-0.12196,-0.182824,-0.231665,-0.265792,-0.283333,-0.283333,-0.265792,-0.231665,-0.182824,-0.12196,-0.0524161,0.0220649,0.097651,0.170766,0.238403,0.298362,0.349355,0.390996,0.423661,0.448285,0.46613,0.478562,0.486892,0.49226,0.495587,0.497572,0.49871,0.499339,0.499673,0.499844,0.499928,0.499968,0.499986,0.499994,0.499998,0.499999,0.499999
0.499999,0.499999,0.499998,0.499995,0.499987,0.499969,0.49993,0.499849,0.499683,0.499359,0.498749,0.497645,0.495718,0.492488,0.487273,0.479178,0.467089,0.449729,0.425759,0.393943,0.353358,0.303623,0.245102,0.179035,0.10756,0.0336093,-0.0393184,-0.107465,-0.167147,-0.215068,-0.248568,-0.265792,-0.265792,-0.248568,-0.215068,-0.167147,-0.107465,-0.0393184,0.0336093,0.10756,0.179035,0.245102,0.303623,0.353358,0.393943,0.425759,0.449729,0.467089,0.479178,0.487273,0.492488,0.495718,0.497645,0.498749,0.499359,0.499683,0.499849,0.49993,0.499969,0.499987,0.499995,0.499998,0.499999,0.499999
0.499999,0.499999,0.499998,0.499995,0.499988,0.499971,0.499935,0.499858,0.499703,0.499398,0.498824,0.497784,0.49597,0.492923,0.488003,0.480357,0.468928,0.452499,0.42979,0.39961,0.361064,0.313763,0.258025,0.195005,0.126721,0.0559602,-0.0139308,-0.0793367,-0.136696,-0.182806,-0.215068,-0.231665,-0.231665,-0.215068,-0.182806,-0.136696,-0.0793367,-0.0139308,0.0559602,0.126721,0.195005,0.258025,0.313763,0.361064,0.39961,0.42979,0.452499,0.468928,0.480357,0.488003,0.492923,0.49597,0.497784,0.498824,0.499398,0.499703,0.499858,0.499935,0.499971,0.499988,0.499995,0.499998,0.499999,0.499999
0.499999,0.499999,0.499998,0.499995,0.499989,0.499974,0.499941,0.499871,0.499729,0.499452,0.498928,0.497978,0.496319,0.493531,0.489021,0.482005,0.471502,0.45638,0.435444,0.407572,0.371908,0.328055,0.276274,0.217599,0.15388,0.087701,0.0221897,-0.0392474,-0.0932301,-0.136696,-0.167147,-0.182824,-0.182824,-0.167147,-0.136696,-0.0932301,-0.0392474,0.0221897,0.087701,0.15388,0.217599,0.276274,0.328055,0.371908,0.407572,0.435444,0.45638,0.471502,0.482005,0.489021,0.493531,0.496319,0.497978,0.498928,0.499452,0.499729,0.499871,0.499941,0.499974,0.499989,0.499995,0.499998,0.499999,0.499999
0.499999,0.499999,0.499998,0.499996,0.49999,0.499977,0.499948,0.499886,0.499761,0.499516,0.499053,0.498211,0.496739,0.494262,0.490248,0.483993,0.474612,0.46108,0.442304,0.417253,0.38512,0.34551,0.298613,0.245328,0.187298,0.126856,0.0668571,0.0104413,-0.0392474,-0.0793367,-0.107465,-0.12196,-0.12196,-0.107465,-0.0793367,-0.0392474,0.0104413,0.0668571,0.126856,0.187298,0.245328,0.298613,0.34551,0.38512,0.417253,0.442304,0.46108,0.474612,0.483993,0.490248,0.494262,0.496739,0.498211,0.499053,0.499516,0.499761,0.499886,0.499948,0.499977,0.49999,0.499996,0.499998,0.499999,0.499999
0.499999,0.499999,0.499999,0.499997,0.499992,0.49998,0.499956,0.499903,0.499796,0.499586,0.499188,0.498465,0.497198,0.495062,0.491594,0.486178,0.478038,0.466268,0.449895,0.427991,0.399815,0.364979,0.323605,0.276442,0.224911,0.171061,0.117434,0.0668571,0.0221897,-0.0139308,-0.0393184,-0.0524161,-0.0524161,-0.0393184,-0.0139308,0.0221897,0.0668571,0.117434,0.171061,0.224911,0.276442,0.323605,0.364979,0.399815,0.427991,0.449895,0.466268,0.478038,0.486178,0.491594,0.495062,0.497198,0.498465,0.499188,0.499586,0.499796,0.499903,0.499956,0.49998,0.499992,0.499997,0.499999,0.499999,0.499999
0.499999,0.499999,0.499999,0.499997,0.499993,0.499984,0.499963,0.49992,0.499831,0.499657,0.499326,0.498724,0.497666,0.495878,0.49297,0.488417,0.481557,0.47161,0.457734,0.439114,0.415084,0.385274,0.349745,0.309098,0.264525,0.217778,0.171061,0.126856,0.087701,0.0559602,0.0336093,0.0220649,0.0220649,0.0336093,0.0559602,0.087701,0.126856,0.171061,0.217778,0.264525,0.309098,0.349745,0.385274,0.415084,0.439114,0.457734,0.47161,0.481557,0.488417,0.49297,0.495878,0.497666,0.498724,0.499326,0.499657,0.499831,0.49992,0.499963,0.499984,0.499993,0.499997,0.499999,0.499999,0.499999
0.5,0.5,0.499999,0.499998,0.499994,0.499987,0.499971,0.499936,0.499865,0.499724,0.499458,0.498971,0.498115,0.496664,0.494298,0.490583,0.48497,0.476807,0.465384,0.450002,0.430083,0.405282,0.37561,0.341534,0.30402,0.264525,0.224911,0.187298,0.15388,0.126721,0.10756,0.097651,0.097651,0.10756,0.126721,0.15388,0.187298,0.224911,0.264525,0.30402,0.341534,0.37561,0.405282,0.430083,0.450002,0.465384,0.476807,0.48497,0.490583,0.494298,0.496664,0.498115,0.498971,0.499458,0.499724,0.499865,0.499936,0.499971,0.499987,0.499994,0.499998,0.499999,0.5,0.5
0.5,0.5,0.499999,0.499998,0.499996,0.49999,0.499977,0.49995,0.499895,0.499785,0.499577,0.499196,0.498524,0.497382,0.495515,0.492575,0.488118,0.481616,0.472485,0.460147,0.444109,0.424063,0.399985,0.372221,0.341534,0.309098,0.276442,0.245328,0.217599,0.195005,0.179035,0.170766,0.170766,0.179035,0.195005,0.217599,0.245328,0.276442,0.309098,0.341534,0.372221,0.399985,0.424063,0.444109,0.460147,0.472485,0.481616,0.488118,0.492575,0.495515,0.497382,0.498524,0.499196,0.499577,0.499785,0.499895,0.49995,0.499977,0.49999,0.499996,0.499998,0.499999,0.5,0.5
0.5,0.5,0.499999,0.499999,0.499997,0.499993,0.499983,0.499963,0.499921,0.499838,0.499681,0.499392,0.49888,0.498009,0.49658,0.494323,0.490891,0.485867,0.478785,0.46918,0.456646,0.440917,0.421948,0.399985,0.37561,0.349745,0.323605,0.298613,0.276274,0.258025,0.245102,0.238403,0.238403,0.245102,0.258025,0.276274,0.298613,0.323605,0.349745,0.37561,0.399985,0.421948,0.440917,0.456646,0.46918,0.478785,0.485867,0.490891,0.494323,0.49658,0.498009,0.49888,0.499392,0.499681,0.499838,0.499921,0.499963,0.499983,0.499993,0.499997,0.499999,0.499999,0.5,0.5
0.5,0.5,0.5,0.499999,0.499998,0.499995,0.499988,0.499973,0.499942,0.499882,0.499767,0.499554,0.499177,0.498533,0.497473,0.495794,0.493231,0.489466,0.48414,0.476887,0.467386,0.455414,0.440917,0.424063,0.405282,0.385274,0.364979,0.34551,0.328055,0.313763,0.303623,0.298362,0.298362,0.303623,0.313763,0.328055,0.34551,0.364979,0.385274,0.405282,0.424063,0.440917,0.455414,0.467386,0.476887,0.48414,0.489466,0.493231,0.495794,0.497473,0.498533,0.499177,0.499554,0.499767,0.499882,0.499942,0.499973,0.499988,0.499995,0.499998,0.499999,0.5,0.5,0.5
0.5,0.5,0.5,0.499999,0.499998,0.499996,0.499991,0.499981,0.499959,0.499917,0.499835,0.499683,0.499414,0.498953,0.498191,0.49698,0.495126,0.492391,0.488508,0.483201,0.476219,0.467386,0.456646,0.444109,0.430083,0.415084,0.399815,0.38512,0.371908,0.361064,0.353358,0.349355,0.349355,0.353358,0.361064,0.371908,0.38512,0.399815,0.415084,0.430083,0.444109,0.456646,0.467386,0.476219,0.483201,0.488508,0.492391,0.495126,0.49698,0.498191,0.498953,0.499414,0.499683,0.499835,0.499917,0.499959,0.499981,0.499991,0.499996,0.499998,0.499999,0.5,0.5,0.5
0.5,0.5,0.5,0.5,0.499999,0.499997,0.499994,0.499987,0.499972,0.499943,0.499887,0.499782,0.499596,0.499276,0.498746,0.4979,0.4966,0.494676,0.491934,0.488171,0.483201,0.476887,0.46918,0.460147,0.450002,0.439114,0.427991,0.417253,0.407572,0.39961,0.393943,0.390996,0.390996,0.393943,0.39961,0.407572,0.417253,0.427991,0.439114,0.450002,0.460147,0.46918,0.476887,0.483201,0.488171,0.491934,0.494676,0.4966,0.4979,0.498746,0.499276,0.499596,0.499782,0.499887,0.499943,0.499972,0.499987,0.499994,0.499997,0.499999,0.5,0.5,0.5,0.5
0.5,0.5,0.5,0.5,0.499999,0.499998,0.499996,0.499991,0.499982,0.499962,0.499925,0.499855,0.499731,0.499516,0.499158,0.498586,0.497704,0.496393,0.494518,0.491934,0.488508,0.48414,0.478785,0.472485,0.465384,0.457734,0.449895,0.442304,0.435444,0.42979,0.425759,0.423661,0.423661,0.425759,0.42979,0.435444,0.442304,0.449895,0.457734,0.465384,0.472485,0.478785,0.48414,0.488508,0.491934,0.494518,0.496393,0.497704,0.498586,0.499158,0.499516,0.499731,0.499855,0.499925,0.499962,0.499982,0.499991,0.499996,0.499998,0.499999,0.5,0.5,0.5,0.5
0.5,0.5,0.5,0.5,0.5,0.499999,0.499998,0.499995,0.499988,0.499976,0.499952,0.499907,0.499826,0.499686,0.499453,0.499079,0.498499,0.497635,0.496393,0.494676,0.492391,0.489466,0.485867,0.481616,0.476807,0.47161,0.466268,0.46108,0.45638,0.452499,0.449729,0.448285,0.448285,0.449729,0.452499,0.45638,0.46108,0.466268,0.47161,0.476807,0.481616,0.485867,0.489466,0.492391,0.494676,0.496393,0.497635,0.498499,0.499079,0.499453,0.499686,0.499826,0.499907,0.499952,0.499976,0.499988,0.499995,0.499998,0.499999,0.5,0.5,0.5,0.5,0.5
0.5,0.5,0.5,0.5,0.5,0.499999,0.499998,0.499997,0.499993,0.499985,0.49997,0.499942,0.499891,0.499803,0.499656,0.499419,0.499051,0.498499,0.497704,0.4966,0.495126,0.493231,0.490891,0.488118,0.48497,0.481557,0.478038,0.474612,0.471502,0.468928,0.467089,0.46613,0.46613,0.467089,0.468928,0.471502,0.474612,0.478038,0.481557,0.48497,0.488118,0.490891,0.493231,0.495126,0.4966,0.497704,0.498499,0.499051,0.499419,0.499656,0.499803,0.499891,0.499942,0.49997,0.499985,0.499993,0.499997,0.499998,0.499999,0.5,0.5,0.5,0.5,0.5
0.5,0.5,0.5,0.5,0.5,0.5,0.499999,0.499998,0.499996,0.499991,0.499982,0.499965,0.499934,0.499881,0.499791,0.499646,0.499419,0.499079,0.498586,0.4979,0.49698,0.495794,0.494323,0.492575,0.490583,0.488417,0.486178,0.483993,0.482005,0.480357,0.479178,0.478562,0.478562,0.479178,0.480357,0.482005,0.483993,0.486178,0.488417,0.490583,0.492575,0.494323,0.495794,0.49698,0.4979,0.498586,0.499079,0.499419,0.499646,0.499791,0.499881,0.499934,0.499965,0.499982,0.499991,0.499996,0.499998,0.499999,0.5,0.5,0.5,0.5,0.5,0.5
0.5,0.5,0.5,0.5,0.5,0.5,0.499999,0.499999,0.499998,0.499995,0.49999,0.49998,0.499962,0.49993,0.499877,0.499791,0.499656,0.499453,0.499158,0.498746,0.498191,0.497473,0.49658,0.495515,0.494298,0.49297,0.491594,0.490248,0.489021,0.488003,0.487273,0.486892,0.486892,0.487273,0.488003,0.489021,0.490248,0.491594,0.49297,0.494298,0.495515,0.49658,0.497473,0.498191,0.498746,0.499158,0.499453,0.499656,0.499791,0.499877,0.49993,0.499962,0.49998,0.49999,0.499995,0.499998,0.499999,0.499999,0.5,0.5,0.5,0.5,0.5,0.5
0.5,0.5,0.5,0.5,0.5,0.5,0.5,0.499999,0.499999,0.499997,0.499994,0.499989,0.499978,0.49996,0.49993,0.499881,0.499803,0.499686,0.499516,0.499276,0.498953,0.498533,0.498009,0.497382,0.496664,0.495878,0.495062,0.494262,0.493531,0.492923,0.492488,0.49226,0.49226,0.492488,0.492923,0.493531,0.494262,0.495062,0.495878,0.496664,0.497382,0.498009,0.498533,0.498953,0.499276,0.499516,0.499686,0.499803,0.499881,0.49993,0.49996,0.499978,0.499989,0.499994,0.499997,0.499999,0.499999,0.5,0.5,0.5,0.5,0.5,0.5,0.5
0.5,0.5,0.5,0.5,0.5,0.5,0.5,0.5,0.499999,0.499998,0.499997,0.499994,0.499988,0.499978,0.499962,0.499934,0.499891,0.499826,0.499731,0.499596,0.499414,0.499177,0.49888,0.498524,0.498115,0.497666,0.497198,0.496739,0.496319,0.49597,0.495718,0.495587,0.495587,0.495718,0.49597,0.496319,0.496739,0.497198,0.497666,0.498115,0.498524,0.49888,0.499177,0.499414,0.499596,0.499731,0.499826,0.499891,0.499934,0.499962,0.499978,0.499988,0.499994,0.499997,0.499998,0.499999,0.5,0.5,0.5,0.5,0.5,0.5,0.5,0.5
0.5,0.5,0.5,0.5,0.5,0.5,0.5,0.5,0.5,0.499999,0.499998,0.499997,0.499994,0.499989,0.49998,0.499965,0.499942,0.499907,0.499855,0.499782,0.499683,0.499554,0.499392,0.499196,0.498971,0.498724,0.498465,0.498211,0.497978,0.497784,0.497645,0.497572,0.497572,0.497645,0.497784,0.497978,0.498211,0.498465,0.498724,0.498971,0.499196,0.499392,0.499554,0.499683,0.499782,0.499855,0.499907,0.499942,0.499965,0.49998,0.499989,0.499994,0.499997,0.499998,0.499999,0.5,0.5,0.5,0.5,0.5,0.5,0.5,0.5,0.5
0.5,0.5,0.5,0.5,0.5,0.5,0.5,0.5,0.5,0.5,0.499999,0.499998,0.499997,0.499994,0.49999,0.499982,0.49997,0.499952,0.499925,0.499887,0.499835,0.499767,0.499681,0.499577,0.499458,0.499326,0.499188,0.499053,0.498928,0.498824,0.498749,0.49871,0.49871,0.498749,0.498824,0.498928,0.499053,0.499188,0.499326,0.499458,0.499577,0.499681,0.499767,0.499835,0.499887,0.499925,0.499952,0.49997,0.499982,0.49999,0.499994,0.499997,0.499998,0.499999,0.5,0.5,0.5,0.5,0.5,0.5,0.5,0.5,0.5,0.5
0.5,0.5,0.5,0.5,0.5,0.5,0.5,0.5,0.5,0.5,0.5,0.499999,0.499998,0.499997,0.499995,0.499991,0.499985,0.499976,0.499962,0.499943,0.499917,0.499882,0.499838,0.499785,0.499724,0.499657,0.499586,0.499516,0.499452,0.499398,0.499359,0.499339,0.499339,0.499359,0.499398,0.499452,0.499516,0.499586,0.499657,0.499724,0.499785,0.499838,0.499882,0.499917,0.499943,0.499962,0.499976,0.499985,0.499991,0.499995,0.499997,0.499998,0.499999,0.5,0.5,0.5,0.5,0.5,0.5,0.5,0.5,0.5,0.5,0.5
0.5,0.5,0.5,0.5,0.5,0.5,0.5,0.5,0.5,0.5,0.5,0.5,0.499999,0.499999,0.499998,0.499996,0.499993,0.499988,0.499982,0.499972,0.499959,0.499942,0.499921,0.499895,0.499865,0.499831,0.499796,0.499761,0.499729,0.499703,0.499683,0.499673,0.499673,0.499683,0.499703,0.499729,0.499761,0.499796,0.499831,0.499865,0.499895,0.499921,0.499942,0.499959,0.499972,0.499982,0.499988,0.499993,0.499996,0.499998,0.499999,0.499999,0.5,0.5,0.5,0.5,0.5,0.5,0.5,0.5,0.5,0.5,0.5,0.5
0.5,0.5,0.5,0.5,0.5,0.5,0.5,0.5,0.5,0.5,0.5,0.5,0.5,0.499999,0.499999,0.499998,0.499997,0.499995,0.499991,0.499987,0.499981,0.499973,0.499963,0.49995,0.499936,0.49992,0.499903,0.499886,0.499871,0.499858,0.499849,0.499844,0.499844,0.499849,0.499858,0.499871,0.499886,0.499903,0.49992,0.499936,0.49995,0.499963,0.499973,0.499981,0.499987,0.499991,0.499995,0.499997,0.499998,0.499999,0.499999,0.5,0.5,0.5,0.5,0.5,0.5,0.5,0.5,0.5,0.5,0.5,0.5,0.5
0.5,0.5,0.5,0.5,0.5,0.5,0.5,0.5,0.5,0.5,0.5,0.5,0.5,0.5,0.499999,0.499999,0.499998,0.499998,0.499996,0.499994,0.499991,0.499988,0.499983,0.499977,0.499971,0.499963,0.499956,0.499948,0.499941,0.499935,0.49993,0.499928,0.499928,0.49993,0.499935,0.499941,0.499948,0.499956,0.499963,0.499971,0.499977,0.499983,0.499988,0.499991,0.499994,0.499996,0.499998,0.499998,0.499999,0.499999,0.5,0.5,0.5,0.5,0.5,0.5,0.5,0.5,0.5,0.5,0.5,0.5,0.5,0.5
0.5,0.5,0.5,0.5,0.5,0.5,0.5,0.5,0.5,0.5,0.5,0.5,0.5,0.5,0.5,0.5,0.499999,0.499999,0.499998,0.499997,0.499996,0.499995,0.499993,0.49999,0.499987,0.499984,0.49998,0.499977,0.499974,0.499971,0.499969,0.499968,0.499968,0.499969,0.499971,0.499974,0.499977,0.49998,0.499984,0.499987,0.49999,0.499993,0.499995,0.499996,0.499997,0.499998,0.499999,0.499999,0.5,0.5,0.5,0.5,0.5,0.5,0.5,0.5,0.5,0.5,0.5,0.5,0.5,0.5,0.5,0.5
0.5,0.5,0.5,0.5,0.5,0.5,0.5,0.5,0.5,0.5,0.5,0.5,0.5,0.5,0.5,0.5,0.5,0.5,0.499999,0.499999,0.499998,0.499998,0.499997,0.499996,0.499994,0.499993,0.499992,0.49999,0.499989,0.499988,0.499987,0.499986,0.499986,0.499987,0.499988,0.499989,0.49999,0.499992,0.499993,0.499994,0.499996,0.499997,0.499998,0.499998,0.499999,0.499999,0.5,0.5,0.5,0.5,0.5,0.5,0.5,0.5,0.5,0.5,0.5,0.5,0.5,0.5,0.5,0.5,0.5,0.5
0.5,0.5,0.5,0.5,0.5,0.5,0.5,0.5,0.5,0.5,0.5,0.5,0.5,0.5,0.5,0.5,0.5,0.5,0.5,0.5,0.499999,0.499999,0.499999,0.499998,0.499998,0.499997,0.499997,0.499996,0.499995,0.499995,0.499995,0.499994,0.499994,0.499995,0.499995,0.499995,0.499996,0.499997,0.499997,0.499998,0.499998,0.499999,0.499999,0.499999,0.5,0.5,0.5,0.5,0.5,0.5,0.5,0.5,0.5,0.5,0.5,0.5,0.5,0.5,0.5,0.5,0.5,0.5,0.5,0.5
0.5,0.5,0.5,0.5,0.5,0.5,0.5,0.5,0.5,0.5,0.5,0.5,0.5,0.5,0.5,0.5,0.5,0.5,0.5,0.5,0.5,0.5,0.499999,0.499999,0.499999,0.499999,0.499999,0.499998,0.499998,0.499998,0.499998,0.499998,0.499998,0.499998,0.499998,0.499998,0.499998,0.499999,0.499999,0.499999,0.499999,0.499999,0.5,0.5,0.5,0.5,0.5,0.5,0.5,0.5,0.5,0.5,0.5,0.5,0.5,0.5,0.5,0.5,0.5,0.5,0.5,0.5,0.5,0.5
0.5,0.5,0.5,0.5,0.5,0.5,0.5,0.5,0.5,0.5,0.5,0.5,0.5,0.5,0.5,0.5,0.5,0.5,0.5,0.5,0.5,0.5,0.5,0.5,0.5,0.499999,0.499999,0.499999,0.499999,0.499999,0.499999,0.499999,0.499999,0.499999,0.499999,0.499999,0.499999,0.499999,0.499999,0.5,0.5,0.5,0.5,0.5,0.5,0.5,0.5,0.5,0.5,0.5,0.5,0.5,0.5,0.5,0.5,0.5,0.5,0.5,0.5,0.5,0.5,0.5,0.5,0.5
0.5,0.5,0.5,0.5,0.5,0.5,0.5,0.5,0.5,0.5,0.5,0.5,0.5,0.5,0.5,0.5,0.5,0.5,0.5,0.5,0.5,0.5,0.5,0.5,0.5,0.499999,0.499999,0.499999,0.499999,0.499999,0.499999,0.499999,0.499999,0.499999,0.499999,0.499999,0.499999,0.499999,0.499999,0.5,0.5,0.5,0.5,0.5,0.5,0.5,0.5,0.5,0.5,0.5,0.5,0.5,0.5,0.5,0.5,0.5,0.5,0.5,0.5,0.5,0.5,0.5,0.5,0.5
