0.5,0.5,0.5,0.5,0.499999,0.499999,0.499998,0.499996,0.499992,0.499987,0.499978,0.499964,0.499943,0.499913,0.49987,0.499811,0.499732,0.499628,0.499497,0.499336,0.499144,0.498921,0.498671,0.498398,0.498111,0.497819,0.497536,0.497272,0.497043,0.496858,0.496729,0.496663,0.496663,0.496729,0.496858,0.497043,0.497272,0.497536,0.497819,0.498111,0.498398,0.498671,0.498921,0.499144,0.499336,0.499497,0.499628,0.499732,0.499811,0.49987,0.499913,0.499943,0.499964,0.499978,0.499987,0.499992,0.499996,0.499998,0.499999,0.499999,0.5,0.5,0.5,0.5
0.5,0.5,0.5,0.5,0.499999,0.499999,0.499998,0.499996,0.499992,0.499987,0.499978,0.499964,0.499943,0.499913,0.49987,0.499811,0.499732,0.499628,0.499497,0.499336,0.499144,0.498921,0.498671,0.498398,0.498111,0.497819,0.497536,0.497272,0.497043,0.496858,0.496729,0.496663,0.496663,0.496729,0.496858,0.497043,0.497272,0.497536,0.497819,0.498111,0.498398,0.498671,0.498921,0.499144,0.499336,0.499497,0.499628,0.499732,0.499811,0.49987,0.499913,0.499943,0.499964,0.499978,0.499987,0.499992,0.499996,0.499998,0.499999,0.499999,0.5,0.5,0.5,0.5
0.5,0.5,0.5,0.499999,0.499999,0.499998,0.499996,0.499993,0.499988,0.49998,0.499967,0.499948,0.499918,0.499875,0.499815,0.499732,0.499622,0.49948,0.4993,0.499082,0.498822,0.498523,0.498188,0.497826,0.497446,0.497062,0.49669,0.496346,0.496047,0.495807,0.49564,0.495553,0.495553,0.49564,0.495807,0.496047,0.496346,0.49669,0.497062,0.497446,0.497826,0.498188,0.498523,0.498822,0.499082,0.4993,0.49948,0.499622,0.499732,0.499815,0.499875,0.499918,0.499948,0.499967,0.49998,0.499988,0.499993,0.499996,0.499998,0.499999,0.499999,0.5,0.5,0.5
0.5,0.5,0.499999,0.499999,0.499998,0.499996,0.499993,0.499988,0.499979,0.499965,0.499943,0.499909,0.49986,0.499788,0.499688,0.499552,0.499373,0.499144,0.498857,0.498511,0.498102,0.497636,0.497118,0.496561,0.495981,0.495398,0.494836,0.494318,0.49387,0.493511,0.493262,0.493133,0.493133,0.493262,0.493511,0.49387,0.494318,0.494836,0.495398,0.495981,0.496561,0.497118,0.497636,0.498102,0.498511,0.498857,0.499144,0.499373,0.499552,0.499688,0.499788,0.49986,0.499909,0.499943,0.499965,0.499979,0.499988,0.499993,0.499996,0.499998,0.499999,0.499999,0.5,0.5
0.499999,0.499999,0.499999,0.499998,0.499996,0.499993,0.499987,0.499978,0.499962,0.499937,0.499898,0.499838,0.499751,0.499627,0.499456,0.499225,0.498923,0.49854,0.498066,0.497496,0.496832,0.496077,0.495246,0.494359,0.493441,0.492525,0.491645,0.490839,0.490143,0.489588,0.489203,0.489005,0.489005,0.489203,0.489588,0.490143,0.490839,0.491645,0.492525,0.493441,0.494359,0.495246,0.496077,0.496832,0.497496,0.498066,0.49854,0.498923,0.499225,0.499456,0.499627,0.499751,0.499838,0.499898,0.499937,0.499962,0.499978,0.499987,0.499993,0.499996,0.499998,0.499999,0.499999,0.499999
0.499999,0.499999,0.499998,0.499996,0.499993,0.499987,0.499977,0.49996,0.499932,0.499887,0.499818,0.499715,0.499565,0.499353,0.499062,0.498675,0.498172,0.497539,0.496764,0.49584,0.49477,0.493565,0.492249,0.490852,0.489417,0.487993,0.486633,0.485393,0.484326,0.48348,0.482892,0.482592,0.482592,0.482892,0.48348,0.484326,0.485393,0.486633,0.487993,0.489417,0.490852,0.492249,0.493565,0.49477,0.49584,0.496764,0.497539,0.498172,0.498675,0.499062,0.499353,0.499565,0.499715,0.499818,0.499887,0.499932,0.49996,0.499977,0.499987,0.499993,0.499996,0.499998,0.499999,0.499999
0.499998,0.499998,0.499996,0.499993,0.499987,0.499977,0.499959,0.499929,0.49988,0.499803,0.499685,0.49951,0.499258,0.498905,0.498425,0.497791,0.496976,0.495959,0.494723,0.493264,0.491588,0.489717,0.487688,0.485551,0.48337,0.48122,0.479179,0.477327,0.475739,0.474484,0.473615,0.47317,0.47317,0.473615,0.474484,0.475739,0.477327,0.479179,0.48122,0.48337,0.485551,0.487688,0.489717,0.491588,0.493264,0.494723,0.495959,0.496976,0.497791,0.498425,0.498905,0.499258,0.49951,0.499685,0.499803,0.49988,0.499929,0.499959,0.499977,0.499987,0.499993,0.499996,0.499998,0.499998
0.499996,0.499996,0.499993,0.499988,0.499978,0.49996,0.499929,0.499877,0.499794,0.499665,0.499469,0.499181,0.498769,0.498198,0.497429,0.496422,0.49514,0.493554,0.491645,0.489412,0.48687,0.484056,0.481029,0.477866,0.474664,0.471526,0.468566,0.465893,0.463613,0.461817,0.460576,0.459943,0.459943,0.460576,0.461817,0.463613,0.465893,0.468566,0.471526,0.474664,0.477866,0.481029,0.484056,0.48687,0.489412,0.491645,0.493554,0.49514,0.496422,0.497429,0.498198,0.498769,0.499181,0.499469,0.499665,0.499794,0.499877,0.499929,0.49996,0.499978,0.499988,0.499993,0.499996,0.499996
0.499992,0.499992,0.499988,0.499979,0.499962,0.499932,0.49988,0.499794,0.499658,0.499447,0.499131,0.498669,0.498017,0.49712,0.495924,0.494372,0.492417,0.490022,0.487167,0.483858,0.480127,0.476035,0.471672,0.467153,0.462611,0.458195,0.454056,0.45034,0.447186,0.44471,0.443005,0.442136,0.442136,0.443005,0.44471,0.447186,0.45034,0.454056,0.458195,0.462611,0.467153,0.471672,0.476035,0.480127,0.483858,0.487167,0.490022,0.492417,0.494372,0.495924,0.49712,0.498017,0.498669,0.499131,0.499447,0.499658,0.499794,0.49988,0.499932,0.499962,0.499979,0.499988,0.499992,0.499992
0.499987,0.499987,0.49998,0.499965,0.499937,0.499887,0.499803,0.499665,0.499447,0.499113,0.498617,0.4979,0.496895,0.495528,0.493722,0.491405,0.488514,0.485008,0.480873,0.476129,0.470833,0.465082,0.459008,0.452774,0.446563,0.440572,0.434996,0.430024,0.425825,0.422542,0.42029,0.419144,0.419144,0.42029,0.422542,0.425825,0.430024,0.434996,0.440572,0.446563,0.452774,0.459008,0.465082,0.470833,0.476129,0.480873,0.485008,0.488514,0.491405,0.493722,0.495528,0.496895,0.4979,0.498617,0.499113,0.499447,0.499665,0.499803,0.499887,0.499937,0.499965,0.49998,0.499987,0.499987
0.499978,0.499978,0.499967,0.499943,0.499898,0.499818,0.499685,0.499469,0.499131,0.498617,0.497859,0.496776,0.495273,0.493251,0.490606,0.487247,0.483102,0.478129,0.472328,0.465743,0.458473,0.450661,0.442496,0.434198,0.426009,0.418178,0.410949,0.404547,0.399173,0.394992,0.392133,0.390682,0.390682,0.392133,0.394992,0.399173,0.404547,0.410949,0.418178,0.426009,0.434198,0.442496,0.450661,0.458473,0.465743,0.472328,0.478129,0.483102,0.487247,0.490606,0.493251,0.495273,0.496776,0.497859,0.498617,0.499131,0.499469,0.499685,0.499818,0.499898,0.499943,0.499967,0.499978,0.499978
0.499964,0.499964,0.499948,0.499909,0.499838,0.499715,0.49951,0.499181,0.498669,0.4979,0.496776,0.495186,0.493002,0.490093,0.486331,0.481606,0.47584,0.469002,0.461116,0.45227,0.442615,0.432359,0.42176,0.411105,0.400698,0.390843,0.381825,0.373903,0.367297,0.362186,0.358704,0.356941,0.356941,0.358704,0.362186,0.367297,0.373903,0.381825,0.390843,0.400698,0.411105,0.42176,0.432359,0.442615,0.45227,0.461116,0.469002,0.47584,0.481606,0.486331,0.490093,0.493002,0.495186,0.496776,0.4979,0.498669,0.499181,0.49951,0.499715,0.499838,0.499909,0.499948,0.499964,0.499964
0.499943,0.499943,0.499918,0.49986,0.499751,0.499565,0.499258,0.498769,0.498017,0.496895,0.495273,0.493002,0.489917,0.485851,0.480651,0.474196,0.466412,0.457291,0.446902,0.435392,0.422986,0.409972,0.396686,0.383489,0.370749,0.358813,0.348001,0.338586,0.330796,0.324806,0.320744,0.318693,0.318693,0.320744,0.324806,0.330796,0.338586,0.348001,0.358813,0.370749,0.383489,0.396686,0.409972,0.422986,0.435392,0.446902,0.457291,0.466412,0.474196,0.480651,0.485851,0.489917,0.493002,0.495273,0.496895,0.498017,0.498769,0.499258,0.499565,0.499751,0.49986,0.499918,0.499943,0.499943
0.499913,0.499913,0.499875,0.499788,0.499627,0.499353,0.498905,0.498198,0.49712,0.495528,0.493251,0.490093,0.485851,0.480323,0.473336,0.464766,0.454561,0.442755,0.429483,0.414975,0.399547,0.383582,0.367502,0.351743,0.336722,0.322823,0.310374,0.299645,0.290845,0.284128,0.279597,0.277317,0.277317,0.279597,0.284128,0.290845,0.299645,0.310374,0.322823,0.336722,0.351743,0.367502,0.383582,0.399547,0.414975,0.429483,0.442755,0.454561,0.464766,0.473336,0.480323,0.485851,0.490093,0.493251,0.495528,0.49712,0.498198,0.498905,0.499353,0.499627,0.499788,0.499875,0.499913,0.499913
0.49987,0.49987,0.499815,0.499688,0.499456,0.499062,0.498425,0.497429,0.495924,0.493722,0.490606,0.486331,0.480651,0.473336,0.464202,0.453139,0.440136,0.425298,0.408848,0.391122,0.372548,0.353612,0.334823,0.316681,0.299641,0.284092,0.270348,0.258645,0.249146,0.241956,0.237138,0.234722,0.234722,0.237138,0.241956,0.249146,0.258645,0.270348,0.284092,0.299641,0.316681,0.334823,0.353612,0.372548,0.391122,0.408848,0.425298,0.440136,0.453139,0.464202,0.473336,0.480651,0.486331,0.490606,0.493722,0.495924,0.497429,0.498425,0.499062,0.499456,0.499688,0.499815,0.49987,0.49987
0.499811,0.499811,0.499732,0.499552,0.499225,0.498675,0.497791,0.496422,0.494372,0.491405,0.487247,0.481606,0.474196,0.464766,0.453139,0.439241,0.423129,0.405004,0.385209,0.364208,0.34255,0.320831,0.299639,0.279517,0.260931,0.244246,0.229726,0.217537,0.207769,0.200453,0.195589,0.193162,0.193162,0.195589,0.200453,0.207769,0.217537,0.229726,0.244246,0.260931,0.279517,0.299639,0.320831,0.34255,0.364208,0.385209,0.405004,0.423129,0.439241,0.453139,0.464766,0.474196,0.481606,0.487247,0.491405,0.494372,0.496422,0.497791,0.498675,0.499225,0.499552,0.499732,0.499811,0.499811
0.499732,0.499732,0.499622,0.499373,0.498923,0.498172,0.496976,0.49514,0.492417,0.488514,0.483102,0.47584,0.466412,0.454561,0.440136,0.423129,0.403694,0.382162,0.359019,0.334873,0.310406,0.286311,0.263241,0.241754,0.222291,0.205153,0.190517,0.178446,0.168925,0.161889,0.157258,0.154962,0.154962,0.157258,0.161889,0.168925,0.178446,0.190517,0.205153,0.222291,0.241754,0.263241,0.286311,0.310406,0.334873,0.359019,0.382162,0.403694,0.423129,0.440136,0.454561,0.466412,0.47584,0.483102,0.488514,0.492417,0.49514,0.496976,0.498172,0.498923,0.499373,0.499622,0.499732,0.499732
0.499628,0.499628,0.49948,0.499144,0.49854,0.497539,0.495959,0.493554,0.490022,0.485008,0.478129,0.469002,0.457291,0.442755,0.425298,0.405004,0.382162,0.357258,0.330944,0.303985,0.277188,0.251332,0.2271,0.205033,0.185501,0.168706,0.154695,0.143399,0.134674,0.128343,0.124234,0.122215,0.122215,0.124234,0.128343,0.134674,0.143399,0.154695,0.168706,0.185501,0.205033,0.2271,0.251332,0.277188,0.303985,0.330944,0.357258,0.382162,0.405004,0.425298,0.442755,0.457291,0.469002,0.478129,0.485008,0.490022,0.493554,0.495959,0.497539,0.49854,0.499144,0.49948,0.499628,0.499628
0.499497,0.499497,0.4993,0.498857,0.498066,0.496764,0.494723,0.491645,0.487167,0.480873,0.472328,0.461116,0.446902,0.429483,0.408848,0.385209,0.359019,0.330944,0.301817,0.272559,0.244091,0.217247,0.192705,0.170941,0.152218,0.136591,0.123951,0.114072,0.106665,0.101431,0.0981065,0.0964956,0.0964956,0.0981065,0.101431,0.106665,0.114072,0.123951,0.136591,0.152218,0.170941,0.192705,0.217247,0.244091,0.272559,0.301817,0.330944,0.359019,0.385209,0.408848,0.429483,0.446902,0.461116,0.472328,0.480873,0.487167,0.491645,0.494723,0.496764,0.498066,0.498857,0.4993,0.499497,0.499497
0.499336,0.499336,0.499082,0.498511,0.497496,0.49584,0.493264,0.489412,0.483858,0.476129,0.465743,0.45227,0.435392,0.414975,0.391122,0.364208,0.334873,0.303985,0.272559,0.241663,0.212304,0.185337,0.16139,0.14083,0.123767,0.110081,0.0994826,0.0915743,0.0859199,0.0821019,0.0797685,0.0786674,0.0786674,0.0797685,0.0821019,0.0859199,0.0915743,0.0994826,0.110081,0.123767,0.14083,0.16139,0.185337,0.212304,0.241663,0.272559,0.303985,0.334873,0.364208,0.391122,0.414975,0.435392,0.45227,0.465743,0.476129,0.483858,0.489412,0.493264,0.49584,0.497496,0.498511,0.499082,0.499336,0.499336
0.499144,0.499144,0.498822,0.498102,0.496832,0.49477,0.491588,0.48687,0.480127,0.470833,0.458473,0.442615,0.422986,0.399547,0.372548,0.34255,0.310406,0.277188,0.244091,0.212304,0.182889,0.156675,0.134195,0.115665,0.101007,0.0899024,0.0818684,0.076339,0.0727388,0.0705449,0.0693318,0.0688017,0.0688017,0.0693318,0.0705449,0.0727388,0.076339,0.0818684,0.0899024,0.101007,0.115665,0.134195,0.156675,0.182889,0.212304,0.244091,0.277188,0.310406,0.34255,0.372548,0.399547,0.422986,0.442615,0.458473,0.470833,0.480127,0.48687,0.491588,0.49477,0.496832,0.498102,0.498822,0.499144,0.499144
0.498921,0.498921,0.498523,0.497636,0.496077,0.493565,0.489717,0.484056,0.476035,0.465082,0.450661,0.432359,0.409972,0.383582,0.353612,0.320831,0.286311,0.251332,0.217247,0.185337,0.156675,0.13202,0.111767,0.0959421,0.0842562,0.0761805,0.0710427,0.0681197,0.0667174,0.0662297,0.0661783,0.0662356,0.0662356,0.0661783,0.0662297,0.0667174,0.0681197,0.0710427,0.0761805,0.0842562,0.0959421,0.111767,0.13202,0.156675,0.185337,0.217247,0.251332,0.286311,0.320831,0.353612,0.383582,0.409972,0.432359,0.450661,0.465082,0.476035,0.484056,0.489717,0.493565,0.496077,0.497636,0.498523,0.498921,0.498921
0.498671,0.498671,0.498188,0.497118,0.495246,0.492249,0.487688,0.481029,0.471672,0.459008,0.442496,0.42176,0.396686,0.367502,0.334823,0.299639,0.263241,0.2271,0.192705,0.16139,0.134195,0.111767,0.0943216,0.0816734,0.0733083,0.0684893,0.0663693,0.0660921,0.0668727,0.0680502,0.0691181,0.0697369,0.0697369,0.0691181,0.0680502,0.0668727,0.0660921,0.0663693,0.0684893,0.0733083,0.0816734,0.0943216,0.111767,0.134195,0.16139,0.192705,0.2271,0.263241,0.299639,0.334823,0.367502,0.396686,0.42176,0.442496,0.459008,0.471672,0.481029,0.487688,0.492249,0.495246,0.497118,0.498188,0.498671,0.498671
0.498398,0.498398,0.497826,0.496561,0.494359,0.490852,0.485551,0.477866,0.467153,0.452774,0.434198,0.411105,0.383489,0.351743,0.316681,0.279517,0.241754,0.205033,0.170941,0.14083,0.115665,0.0959421,0.0816734,0.072445,0.06752,0.0659674,0.0667897,0.0690282,0.0718394,0.0745381,0.0766144,0.0777346,0.0777346,0.0766144,0.0745381,0.0718394,0.0690282,0.0667897,0.0659674,0.06752,0.072445,0.0816734,0.0959421,0.115665,0.14083,0.170941,0.205033,0.241754,0.279517,0.316681,0.351743,0.383489,0.411105,0.434198,0.452774,0.467153,0.477866,0.485551,0.490852,0.494359,0.496561,0.497826,0.498398,0.498398
0.498111,0.498111,0.497446,0.495981,0.493441,0.489417,0.48337,0.474664,0.462611,0.446563,0.426009,0.400698,0.370749,0.336722,0.299641,0.260931,0.222291,0.185501,0.152218,0.123767,0.101007,0.0842562,0.0733083,0.06752,0.0659439,0.0674788,0.0710067,0.0755002,0.0800896,0.0840937,0.0870218,0.0885613,0.0885613,0.0870218,0.0840937,0.0800896,0.0755002,0.0710067,0.0674788,0.0659439,0.06752,0.0733083,0.0842562,0.101007,0.123767,0.152218,0.185501,0.222291,0.260931,0.299641,0.336722,0.370749,0.400698,0.426009,0.446563,0.462611,0.474664,0.48337,0.489417,0.493441,0.495981,0.497446,0.498111,0.498111
0.497819,0.497819,0.497062,0.495398,0.492525,0.487993,0.48122,0.471526,0.458195,0.440572,0.418178,0.390843,0.358813,0.322823,0.284092,0.244246,0.205153,0.168706,0.136591,0.110081,0.0899024,0.0761805,0.0684893,0.0659674,0.0674788,0.0717803,0.0776664,0.0840726,0.0901317,0.0951897,0.0987925,0.10066,0.10066,0.0987925,0.0951897,0.0901317,0.0840726,0.0776664,0.0717803,0.0674788,0.0659674,0.0684893,0.0761805,0.0899024,0.110081,0.136591,0.168706,0.205153,0.244246,0.284092,0.322823,0.358813,0.390843,0.418178,0.440572,0.458195,0.471526,0.48122,0.487993,0.492525,0.495398,0.497062,0.497819,0.497819
0.497536,0.497536,0.49669,0.494836,0.491645,0.486633,0.479179,0.468566,0.454056,0.434996,0.410949,0.381825,0.348001,0.310374,0.270348,0.229726,0.190517,0.154695,0.123951,0.0994826,0.0818684,0.0710427,0.0663693,0.0667897,0.0710067,0.0776664,0.0855059,0.0934503,0.100657,0.106515,0.110618,0.112725,0.112725,0.110618,0.106515,0.100657,0.0934503,0.0855059,0.0776664,0.0710067,0.0667897,0.0663693,0.0710427,0.0818684,0.0994826,0.123951,0.154695,0.190517,0.229726,0.270348,0.310374,0.348001,0.381825,0.410949,0.434996,0.454056,0.468566,0.479179,0.486633,0.491645,0.494836,0.49669,0.497536,0.497536
0.497272,0.497272,0.496346,0.494318,0.490839,0.485393,0.477327,0.465893,0.45034,0.430024,0.404547,0.373903,0.338586,0.299645,0.258645,0.217537,0.178446,0.143399,0.114072,0.0915743,0.076339,0.0681197,0.0660921,0.0690282,0.0755002,0.0840726,0.0934503,0.102568,0.11062,0.117048,0.121496,0.123765,0.123765,0.121496,0.117048,0.11062,0.102568,0.0934503,0.0840726,0.0755002,0.0690282,0.0660921,0.0681197,0.076339,0.0915743,0.114072,0.143399,0.178446,0.217537,0.258645,0.299645,0.338586,0.373903,0.404547,0.430024,0.45034,0.465893,0.477327,0.485393,0.490839,0.494318,0.496346,0.497272,0.497272
0.497043,0.497043,0.496047,0.49387,0.490143,0.484326,0.475739,0.463613,0.447186,0.425825,0.399173,0.367297,0.330796,0.290845,0.249146,0.207769,0.168925,0.134674,0.106665,0.0859199,0.0727388,0.0667174,0.0668727,0.0718394,0.0800896,0.0901317,0.100657,0.11062,0.119259,0.126066,0.130735,0.133104,0.133104,0.130735,0.126066,0.119259,0.11062,0.100657,0.0901317,0.0800896,0.0718394,0.0668727,0.0667174,0.0727388,0.0859199,0.106665,0.134674,0.168925,0.207769,0.249146,0.290845,0.330796,0.367297,0.399173,0.425825,0.447186,0.463613,0.475739,0.484326,0.490143,0.49387,0.496047,0.497043,0.497043
0.496858,0.496858,0.495807,0.493511,0.489588,0.48348,0.474484,0.461817,0.44471,0.422542,0.394992,0.362186,0.324806,0.284128,0.241956,0.200453,0.161889,0.128343,0.101431,0.0821019,0.0705449,0.0662297,0.0680502,0.0745381,0.0840937,0.0951897,0.106515,0.117048,0.126066,0.133106,0.137905,0.14033,0.14033,0.137905,0.133106,0.126066,0.117048,0.106515,0.0951897,0.0840937,0.0745381,0.0680502,0.0662297,0.0705449,0.0821019,0.101431,0.128343,0.161889,0.200453,0.241956,0.284128,0.324806,0.362186,0.394992,0.422542,0.44471,0.461817,0.474484,0.48348,0.489588,0.493511,0.495807,0.496858,0.496858
0.496729,0.496729,0.49564,0.493262,0.489203,0.482892,0.473615,0.460576,0.443005,0.42029,0.392133,0.358704,0.320744,0.279597,0.237138,0.195589,0.157258,0.124234,0.0981065,0.0797685,0.0693318,0.0661783,0.0691181,0.0766144,0.0870218,0.0987925,0.110618,0.121496,0.130735,0.137905,0.142771,0.145224,0.145224,0.142771,0.137905,0.130735,0.121496,0.110618,0.0987925,0.0870218,0.0766144,0.0691181,0.0661783,0.0693318,0.0797685,0.0981065,0.124234,0.157258,0.195589,0.237138,0.279597,0.320744,0.358704,0.392133,0.42029,0.443005,0.460576,0.473615,0.482892,0.489203,0.493262,0.49564,0.496729,0.496729
0.496663,0.496663,0.495553,0.493133,0.489005,0.482592,0.47317,0.459943,0.442136,0.419144,0.390682,0.356941,0.318693,0.277317,0.234722,0.193162,0.154962,0.122215,0.0964956,0.0786674,0.0688017,0.0662356,0.0697369,0.0777346,0.0885613,0.10066,0.112725,0.123765,0.133104,0.14033,0.145224,0.147687,0.147687,0.145224,0.14033,0.133104,0.123765,0.112725,0.10066,0.0885613,0.0777346,0.0697369,0.0662356,0.0688017,0.0786674,0.0964956,0.122215,0.154962,0.193162,0.234722,0.277317,0.318693,0.356941,0.390682,0.419144,0.442136,0.459943,0.47317,0.482592,0.489005,0.493133,0.495553,0.496663,0.496663
0.496663,0.496663,0.495553,0.493133,0.489005,0.482592,0.47317,0.459943,0.442136,0.419144,0.390682,0.356941,0.318693,0.277317,0.234722,0.193162,0.154962,0.122215,0.0964956,0.0786674,0.0688017,0.0662356,0.0697369,0.0777346,0.0885613,0.10066,0.112725,0.123765,0.133104,0.14033,0.145224,0.147687,0.147687,0.145224,0.14033,0.133104,0.123765,0.112725,0.10066,0.0885613,0.0777346,0.0697369,0.0662356,0.0688017,0.0786674,0.0964956,0.122215,0.154962,0.193162,0.234722,0.277317,0.318693,0.356941,0.390682,0.419144,0.442136,0.459943,0.47317,0.482592,0.489005,0.493133,0.495553,0.496663,0.496663
0.496729,0.496729,0.49564,0.493262,0.489203,0.482892,0.473615,0.460576,0.443005,0.42029,0.392133,0.358704,0.320744,0.279597,0.237138,0.195589,0.157258,0.124234,0.0981065,0.0797685,0.0693318,0.0661783,0.0691181,0.0766144,0.0870218,0.0987925,0.110618,0.121496,0.130735,0.137905,0.142771,0.145224,0.145224,0.142771,0.137905,0.130735,0.121496,0.110618,0.0987925,0.0870218,0.0766144,0.0691181,0.0661783,0.0693318,0.0797685,0.0981065,0.124234,0.157258,0.195589,0.237138,0.279597,0.320744,0.358704,0.392133,0.42029,0.443005,0.460576,0.473615,0.482892,0.489203,0.493262,0.49564,0.496729,0.496729
0.496858,0.496858,0.495807,0.493511,0.489588,0.48348,0.474484,0.461817,0.44471,0.422542,0.394992,0.362186,0.324806,0.284128,0.241956,0.200453,0.161889,0.128343,0.101431,0.0821019,0.0705449,0.0662297,0.0680502,0.0745381,0.0840937,0.0951897,0.106515,0.117048,0.126066,0.133106,0.137905,0.14033,0.14033,0.137905,0.133106,0.126066,0.117048,0.106515,0.0951897,0.0840937,0.0745381,0.0680502,0.0662297,0.0705449,0.0821019,0.101431,0.128343,0.161889,0.200453,0.241956,0.284128,0.324806,0.362186,0.394992,0.422542,0.44471,0.461817,0.474484,0.48348,0.489588,0.493511,0.495807,0.496858,0.496858
0.497043,0.497043,0.496047,0.49387,0.490143,0.484326,0.475739,0.463613,0.447186,0.425825,0.399173,0.367297,0.330796,0.290845,0.249146,0.207769,0.168925,0.134674,0.106665,0.0859199,0.0727388,0.0667174,0.0668727,0.0718394,0.0800896,0.0901317,0.100657,0.11062,0.119259,0.126066,0.130735,0.133104,0.133104,0.130735,0.126066,0.119259,0.11062,0.100657,0.0901317,0.0800896,0.0718394,0.0668727,0.0667174,0.0727388,0.0859199,0.106665,0.134674,0.168925,0.207769,0.249146,0.290845,0.330796,0.367297,0.399173,0.425825,0.447186,0.463613,0.475739,0.484326,0.490143,0.49387,0.496047,0.497043,0.497043
0.497272,0.497272,0.496346,0.494318,0.490839,0.485393,0.477327,0.465893,0.45034,0.430024,0.404547,0.373903,0.338586,0.299645,0.258645,0.217537,0.178446,0.143399,0.114072,0.0915743,0.076339,0.0681197,0.0660921,0.0690282,0.0755002,0.0840726,0.0934503,0.102568,0.11062,0.117048,0.121496,0.123765,0.123765,0.121496,0.117048,0.11062,0.102568,0.0934503,0.0840726,0.0755002,0.0690282,0.0660921,0.0681197,0.076339,0.0915743,0.114072,0.143399,0.178446,0.217537,0.258645,0.299645,0.338586,0.373903,0.404547,0.430024,0.45034,0.465893,0.477327,0.485393,0.490839,0.494318,0.496346,0.497272,0.497272
0.497536,0.497536,0.49669,0.494836,0.491645,0.486633,0.479179,0.468566,0.454056,0.434996,0.410949,0.381825,0.348001,0.310374,0.270348,0.229726,0.190517,0.154695,0.123951,0.0994826,0.0818684,0.0710427,0.0663693,0.0667897,0.0710067,0.0776664,0.0855059,0.0934503,0.100657,0.106515,0.110618,0.112725,0.112725,0.110618,0.106515,0.100657,0.0934503,0.0855059,0.0776664,0.0710067,0.0667897,0.0663693,0.0710427,0.0818684,0.0994826,0.123951,0.154695,0.190517,0.229726,0.270348,0.310374,0.348001,0.381825,0.410949,0.434996,0.454056,0.468566,0.479179,0.486633,0.491645,0.494836,0.49669,0.497536,0.497536
0.497819,0.497819,0.497062,0.495398,0.492525,0.487993,0.48122,0.471526,0.458195,0.440572,0.418178,0.390843,0.358813,0.322823,0.284092,0.244246,0.205153,0.168706,0.136591,0.110081,0.0899024,0.0761805,0.0684893,0.0659674,0.0674788,0.0717803,0.0776664,0.0840726,0.0901317,0.0951897,0.0987925,0.10066,0.10066,0.0987925,0.0951897,0.0901317,0.0840726,0.0776664,0.0717803,0.0674788,0.0659674,0.0684893,0.0761805,0.0899024,0.110081,0.136591,0.168706,0.205153,0.244246,0.284092,0.322823,0.358813,0.390843,0.418178,0.440572,0.458195,0.471526,0.48122,0.487993,0.492525,0.495398,0.497062,0.497819,0.497819
0.498111,0.498111,0.497446,0.495981,0.493441,0.489417,0.48337,0.474664,0.462611,0.446563,0.426009,0.400698,0.370749,0.336722,0.299641,0.260931,0.222291,0.185501,0.152218,0.123767,0.101007,0.0842562,0.0733083,0.06752,0.0659439,0.0674788,0.0710067,0.0755002,0.0800896,0.0840937,0.0870218,0.0885613,0.0885613,0.0870218,0.0840937,0.0800896,0.0755002,0.0710067,0.0674788,0.0659439,0.06752,0.0733083,0.0842562,0.101007,0.123767,0.152218,0.185501,0.222291,0.260931,0.299641,0.336722,0.370749,0.400698,0.426009,0.446563,0.462611,0.474664,0.48337,0.489417,0.493441,0.495981,0.497446,0.498111,0.498111
0.498398,0.498398,0.497826,0.496561,0.494359,0.490852,0.485551,0.477866,0.467153,0.452774,0.434198,0.411105,0.383489,0.351743,0.316681,0.279517,0.241754,0.205033,0.170941,0.14083,0.115665,0.0959421,0.0816734,0.072445,0.06752,0.0659674,0.0667897,0.0690282,0.0718394,0.0745381,0.0766144,0.0777346,0.0777346,0.0766144,0.0745381,0.0718394,0.0690282,0.0667897,0.0659674,0.06752,0.072445,0.0816734,0.0959421,0.115665,0.14083,0.170941,0.205033,0.241754,0.279517,0.316681,0.351743,0.383489,0.411105,0.434198,0.452774,0.467153,0.477866,0.485551,0.490852,0.494359,0.496561,0.497826,0.498398,0.498398
0.498671,0.498671,0.498188,0.497118,0.495246,0.492249,0.487688,0.481029,0.471672,0.459008,0.442496,0.42176,0.396686,0.367502,0.334823,0.299639,0.263241,0.2271,0.192705,0.16139,0.134195,0.111767,0.0943216,0.0816734,0.0733083,0.0684893,0.0663693,0.0660921,0.0668727,0.0680502,0.0691181,0.0697369,0.0697369,0.0691181,0.0680502,0.0668727,0.0660921,0.0663693,0.0684893,0.0733083,0.0816734,0.0943216,0.111767,0.134195,0.16139,0.192705,0.2271,0.263241,0.299639,0.334823,0.367502,0.396686,0.42176,0.442496,0.459008,0.471672,0.481029,0.487688,0.492249,0.495246,0.497118,0.498188,0.498671,0.498671
0.498921,0.498921,0.498523,0.497636,0.496077,0.493565,0.489717,0.484056,0.476035,0.465082,0.450661,0.432359,0.409972,0.383582,0.353612,0.320831,0.286311,0.251332,0.217247,0.185337,0.156675,0.13202,0.111767,0.0959421,0.0842562,0.0761805,0.0710427,0.0681197,0.0667174,0.0662297,0.0661783,0.0662356,0.0662356,0.0661783,0.0662297,0.0667174,0.0681197,0.0710427,0.0761805,0.0842562,0.0959421,0.111767,0.13202,0.156675,0.185337,0.217247,0.251332,0.286311,0.320831,0.353612,0.383582,0.409972,0.432359,0.450661,0.465082,0.476035,0.484056,0.489717,0.493565,0.496077,0.497636,0.498523,0.498921,0.498921
0.499144,0.499144,0.498822,0.498102,0.496832,0.49477,0.491588,0.48687,0.480127,0.470833,0.458473,0.442615,0.422986,0.399547,0.372548,0.34255,0.310406,0.277188,0.244091,0.212304,0.182889,0.156675,0.134195,0.115665,0.101007,0.0899024,0.0818684,0.076339,0.0727388,0.0705449,0.0693318,0.0688017,0.0688017,0.0693318,0.0705449,0.0727388,0.076339,0.0818684,0.0899024,0.101007,0.115665,0.134195,0.156675,0.182889,0.212304,0.244091,0.277188,0.310406,0.34255,0.372548,0.399547,0.422986,0.442615,0.458473,0.470833,0.480127,0.48687,0.491588,0.49477,0.496832,0.498102,0.498822,0.499144,0.499144
0.499336,0.499336,0.499082,0.498511,0.497496,0.49584,0.493264,0.489412,0.483858,0.476129,0.465743,0.45227,0.435392,0.414975,0.391122,0.364208,0.334873,0.303985,0.272559,0.241663,0.212304,0.185337,0.16139,0.14083,0.123767,0.110081,0.0994826,0.0915743,0.0859199,0.0821019,0.0797685,0.0786674,0.0786674,0.0797685,0.0821019,0.0859199,0.0915743,0.0994826,0.110081,0.123767,0.14083,0.16139,0.185337,0.212304,0.241663,0.272559,0.303985,0.334873,0.364208,0.391122,0.414975,0.435392,0.45227,0.465743,0.476129,0.483858,0.489412,0.493264,0.49584,0.497496,0.498511,0.499082,0.499336,0.499336
0.499497,0.499497,0.4993,0.498857,0.498066,0.496764,0.494723,0.491645,0.487167,0.480873,0.472328,0.461116,0.446902,0.429483,0.408848,0.385209,0.359019,0.330944,0.301817,0.272559,0.244091,0.217247,0.192705,0.170941,0.152218,0.136591,0.123951,0.114072,0.106665,0.101431,0.0981065,0.0964956,0.0964956,0.0981065,0.101431,0.106665,0.114072,0.123951,0.136591,0.152218,0.170941,0.192705,0.217247,0.244091,0.272559,0.301817,0.330944,0.359019,0.385209,0.408848,0.429483,0.446902,0.461116,0.472328,0.480873,0.487167,0.491645,0.494723,0.496764,0.498066,0.498857,0.4993,0.499497,0.499497
0.499628,0.499628,0.49948,0.499144,0.49854,0.497539,0.495959,0.493554,0.490022,0.485008,0.478129,0.469002,0.457291,0.442755,0.425298,0.405004,0.382162,0.357258,0.330944,0.303985,0.277188,0.251332,0.2271,0.205033,0.185501,0.168706,0.154695,0.143399,0.134674,0.128343,0.124234,0.122215,0.122215,0.124234,0.128343,0.134674,0.143399,0.154695,0.168706,0.185501,0.205033,0.2271,0.251332,0.277188,0.303985,0.330944,0.357258,0.382162,0.405004,0.425298,0.442755,0.457291,0.469002,0.478129,0.485008,0.490022,0.493554,0.495959,0.497539,0.49854,0.499144,0.49948,0.499628,0.499628
0.499732,0.499732,0.499622,0.499373,0.498923,0.498172,0.496976,0.49514,0.492417,0.488514,0.483102,0.47584,0.466412,0.454561,0.440136,0.423129,0.403694,0.382162,0.359019,0.334873,0.310406,0.286311,0.263241,0.241754,0.222291,0.205153,0.190517,0.178446,0.168925,0.161889,0.157258,0.154962,0.154962,0.157258,0.161889,0.168925,0.178446,0.190517,0.205153,0.222291,0.241754,0.263241,0.286311,0.310406,0.334873,0.359019,0.382162,0.403694,0.423129,0.440136,0.454561,0.466412,0.47584,0.483102,0.488514,0.492417,0.49514,0.496976,0.498172,0.498923,0.499373,0.499622,0.499732,0.499732
0.499811,0.499811,0.499732,0.499552,0.499225,0.498675,0.497791,0.496422,0.494372,0.491405,0.487247,0.481606,0.474196,0.464766,0.453139,0.439241,0.423129,0.405004,0.385209,0.364208,0.34255,0.320831,0.299639,0.279517,0.260931,0.244246,0.229726,0.217537,0.207769,0.200453,0.195589,0.193162,0.193162,0.195589,0.200453,0.207769,0.217537,0.229726,0.244246,0.260931,0.279517,0.299639,0.320831,0.34255,0.364208,0.385209,0.405004,0.423129,0.439241,0.453139,0.464766,0.474196,0.481606,0.487247,0.491405,0.494372,0.496422,0.497791,0.498675,0.499225,0.499552,0.499732,0.499811,0.499811
0.49987,0.49987,0.499815,0.499688,0.499456,0.499062,0.498425,0.497429,0.495924,0.493722,0.490606,0.486331,0.480651,0.473336,0.464202,0.453139,0.440136,0.425298,0.408848,0.391122,0.372548,0.353612,0.334823,0.316681,0.299641,0.284092,0.270348,0.258645,0.249146,0.241956,0.237138,0.234722,0.234722,0.237138,0.241956,0.249146,0.258645,0.270348,0.284092,0.299641,0.316681,0.334823,0.353612,0.372548,0.391122,0.408848,0.425298,0.440136,0.453139,0.464202,0.473336,0.480651,0.486331,0.490606,0.493722,0.495924,0.497429,0.498425,0.499062,0.499456,0.499688,0.499815,0.49987,0.49987
0.499913,0.499913,0.499875,0.499788,0.499627,0.499353,0.498905,0.498198,0.49712,0.495528,0.493251,0.490093,0.485851,0.480323,0.473336,0.464766,0.454561,0.442755,0.429483,0.414975,0.399547,0.383582,0.367502,0.351743,0.336722,0.322823,0.310374,0.299645,0.290845,0.284128,0.279597,0.277317,0.277317,0.279597,0.284128,0.290845,0.299645,0.310374,0.322823,0.336722,0.351743,0.367502,0.383582,0.399547,0.414975,0.429483,0.442755,0.454561,0.464766,0.473336,0.480323,0.485851,0.490093,0.493251,0.495528,0.49712,0.498198,0.498905,0.499353,0.499627,0.499788,0.499875,0.499913,0.499913
0.499943,0.499943,0.499918,0.49986,0.499751,0.499565,0.499258,0.498769,0.498017,0.496895,0.495273,0.493002,0.489917,0.485851,0.480651,0.474196,0.466412,0.457291,0.446902,0.435392,0.422986,0.409972,0.396686,0.383489,0.370749,0.358813,0.348001,0.338586,0.330796,0.324806,0.320744,0.318693,0.318693,0.320744,0.324806,0.330796,0.338586,0.348001,0.358813,0.370749,0.383489,0.396686,0.409972,0.422986,0.435392,0.446902,0.457291,0.466412,0.474196,0.480651,0.485851,0.489917,0.493002,0.495273,0.496895,0.498017,0.498769,0.499258,0.499565,0.499751,0.49986,0.499918,0.499943,0.499943
0.499964,0.499964,0.499948,0.499909,0.499838,0.499715,0.49951,0.499181,0.498669,0.4979,0.496776,0.495186,0.493002,0.490093,0.486331,0.481606,0.47584,0.469002,0.461116,0.45227,0.442615,0.432359,0.42176,0.411105,0.400698,0.390843,0.381825,0.373903,0.367297,0.362186,0.358704,0.356941,0.356941,0.358704,0.362186,0.367297,0.373903,0.381825,0.390843,0.400698,0.411105,0.42176,0.432359,0.442615,0.45227,0.461116,0.469002,0.47584,0.481606,0.486331,0.490093,0.493002,0.495186,0.496776,0.4979,0.498669,0.499181,0.49951,0.499715,0.499838,0.499909,0.499948,0.499964,0.499964
0.499978,0.499978,0.499967,0.499943,0.499898,0.499818,0.499685,0.499469,0.499131,0.498617,0.497859,0.496776,0.495273,0.493251,0.490606,0.487247,0.483102,0.478129,0.472328,0.465743,0.458473,0.450661,0.442496,0.434198,0.426009,0.418178,0.410949,0.404547,0.399173,0.394992,0.392133,0.390682,0.390682,0.392133,0.394992,0.399173,0.404547,0.410949,0.418178,0.426009,0.434198,0.442496,0.450661,0.458473,0.465743,0.472328,0.478129,0.483102,0.487247,0.490606,0.493251,0.495273,0.496776,0.497859,0.498617,0.499131,0.499469,0.499685,0.499818,0.499898,0.499943,0.499967,0.499978,0.499978
0.499987,0.499987,0.49998,0.499965,0.499937,0.499887,0.499803,0.499665,0.499447,0.499113,0.498617,0.4979,0.496895,0.495528,0.493722,0.491405,0.488514,0.485008,0.480873,0.476129,0.470833,0.465082,0.459008,0.452774,0.446563,0.440572,0.434996,0.430024,0.425825,0.422542,0.42029,0.419144,0.419144,0.42029,0.422542,0.425825,0.430024,0.434996,0.440572,0.446563,0.452774,0.459008,0.465082,0.470833,0.476129,0.480873,0.485008,0.488514,0.491405,0.493722,0.495528,0.496895,0.4979,0.498617,0.499113,0.499447,0.499665,0.499803,0.499887,0.499937,0.499965,0.49998,0.499987,0.499987
0.499992,0.499992,0.499988,0.499979,0.499962,0.499932,0.49988,0.499794,0.499658,0.499447,0.499131,0.498669,0.498017,0.49712,0.495924,0.494372,0.492417,0.490022,0.487167,0.483858,0.480127,0.476035,0.471672,0.467153,0.462611,0.458195,0.454056,0.45034,0.447186,0.44471,0.443005,0.442136,0.442136,0.443005,0.44471,0.447186,0.45034,0.454056,0.458195,0.462611,0.467153,0.471672,0.476035,0.480127,0.483858,0.487167,0.490022,0.492417,0.494372,0.495924,0.49712,0.498017,0.498669,0.499131,0.499447,0.499658,0.499794,0.49988,0.499932,0.499962,0.499979,0.499988,0.499992,0.499992
0.499996,0.499996,0.499993,0.499988,0.499978,0.49996,0.499929,0.499877,0.499794,0.499665,0.499469,0.499181,0.498769,0.498198,0.497429,0.496422,0.49514,0.493554,0.491645,0.489412,0.48687,0.484056,0.481029,0.477866,0.474664,0.471526,0.468566,0.465893,0.463613,0.461817,0.460576,0.459943,0.459943,0.460576,0.461817,0.463613,0.465893,0.468566,0.471526,0.474664,0.477866,0.481029,0.484056,0.48687,0.489412,0.491645,0.493554,0.49514,0.496422,0.497429,0.498198,0.498769,0.499181,0.499469,0.499665,0.499794,0.499877,0.499929,0.49996,0.499978,0.499988,0.499993,0.499996,0.499996
0.499998,0.499998,0.499996,0.499993,0.499987,0.499977,0.499959,0.499929,0.49988,0.499803,0.499685,0.49951,0.499258,0.498905,0.498425,0.497791,0.496976,0.495959,0.494723,0.493264,0.491588,0.489717,0.487688,0.485551,0.48337,0.48122,0.479179,0.477327,0.475739,0.474484,0.473615,0.47317,0.47317,0.473615,0.474484,0.475739,0.477327,0.479179,0.48122,0.48337,0.485551,0.487688,0.489717,0.491588,0.493264,0.494723,0.495959,0.496976,0.497791,0.498425,0.498905,0.499258,0.49951,0.499685,0.499803,0.49988,0.499929,0.499959,0.499977,0.499987,0.499993,0.499996,0.499998,0.499998
0.499999,0.499999,0.499998,0.499996,0.499993,0.499987,0.499977,0.49996,0.499932,0.499887,0.499818,0.499715,0.499565,0.499353,0.499062,0.498675,0.498172,0.497539,0.496764,0.49584,0.49477,0.493565,0.492249,0.490852,0.489417,0.487993,0.486633,0.485393,0.484326,0.48348,0.482892,0.482592,0.482592,0.482892,0.48348,0.484326,0.485393,0.486633,0.487993,0.489417,0.490852,0.492249,0.493565,0.49477,0.49584,0.496764,0.497539,0.498172,0.498675,0.499062,0.499353,0.499565,0.499715,0.499818,0.499887,0.499932,0.49996,0.499977,0.499987,0.499993,0.499996,0.499998,0.499999,0.499999
0.499999,0.499999,0.499999,0.499998,0.499996,0.499993,0.499987,0.499978,0.499962,0.499937,0.499898,0.499838,0.499751,0.499627,0.499456,0.499225,0.498923,0.49854,0.498066,0.497496,0.496832,0.496077,0.495246,0.494359,0.493441,0.492525,0.491645,0.490839,0.490143,0.489588,0.489203,0.489005,0.489005,0.489203,0.489588,0.490143,0.490839,0.491645,0.492525,0.493441,0.494359,0.495246,0.496077,0.496832,0.497496,0.498066,0.49854,0.498923,0.499225,0.499456,0.499627,0.499751,0.499838,0.499898,0.499937,0.499962,0.499978,0.499987,0.499993,0.499996,0.499998,0.499999,0.499999,0.499999
0.5,0.5,0.499999,0.499999,0.499998,0.499996,0.499993,0.499988,0.499979,0.499965,0.499943,0.499909,0.49986,0.499788,0.499688,0.499552,0.499373,0.499144,0.498857,0.498511,0.498102,0.497636,0.497118,0.496561,0.495981,0.495398,0.494836,0.494318,0.49387,0.493511,0.493262,0.493133,0.493133,0.493262,0.493511,0.49387,0.494318,0.494836,0.495398,0.495981,0.496561,0.497118,0.497636,0.498102,0.498511,0.498857,0.499144,0.499373,0.499552,0.499688,0.499788,0.49986,0.499909,0.499943,0.499965,0.499979,0.499988,0.499993,0.499996,0.499998,0.499999,0.499999,0.5,0.5
0.5,0.5,0.5,0.499999,0.499999,0.499998,0.499996,0.499993,0.499988,0.49998,0.499967,0.499948,0.499918,0.499875,0.499815,0.499732,0.499622,0.49948,0.4993,0.499082,0.498822,0.498523,0.498188,0.497826,0.497446,0.497062,0.49669,0.496346,0.496047,0.495807,0.49564,0.495553,0.495553,0.49564,0.495807,0.496047,0.496346,0.49669,0.497062,0.497446,0.497826,0.498188,0.498523,0.498822,0.499082,0.4993,0.49948,0.499622,0.499732,0.499815,0.499875,0.499918,0.499948,0.499967,0.49998,0.499988,0.499993,0.499996,0.499998,0.499999,0.499999,0.5,0.5,0.5
0.5,0.5,0.5,0.5,0.499999,0.499999,0.499998,0.499996,0.499992,0.499987,0.499978,0.499964,0.499943,0.499913,0.49987,0.499811,0.499732,0.499628,0.499497,0.499336,0.499144,0.498921,0.498671,0.498398,0.498111,0.497819,0.497536,0.497272,0.497043,0.496858,0.496729,0.496663,0.496663,0.496729,0.496858,0.497043,0.497272,0.497536,0.497819,0.498111,0.498398,0.498671,0.498921,0.499144,0.499336,0.499497,0.499628,0.499732,0.499811,0.49987,0.499913,0.499943,0.499964,0.499978,0.499987,0.499992,0.499996,0.499998,0.499999,0.499999,0.5,0.5,0.5,0.5
0.5,0.5,0.5,0.5,0.499999,0.499999,0.499998,0.499996,0.499992,0.499987,0.499978,0.499964,0.499943,0.499913,0.49987,0.499811,0.499732,0.499628,0.499497,0.499336,0.499144,0.498921,0.498671,0.498398,0.498111,0.497819,0.497536,0.497272,0.497043,0.496858,0.496729,0.496663,0.496663,0.496729,0.496858,0.497043,0.497272,0.497536,0.497819,0.498111,0.498398,0.498671,0.498921,0.499144,0.499336,0.499497,0.499628,0.499732,0.499811,0.49987,0.499913,0.499943,0.499964,0.499978,0.499987,0.499992,0.499996,0.499998,0.499999,0.499999,0.5,0.5,0.5,0.5
