0.5,0.5,0.5,0.5,0.5,0.5,0.5,0.5,0.5,0.5,0.5,0.5,0.5,0.5,0.5,0.5,0.5,0.5,0.5,0.5,0.5,0.5,0.5,0.5,0.5,0.5,0.5,0.499999,0.499999,0.499999,0.499999,0.499999,0.499999,0.499999,0.499999,0.499999,0.499999,0.5,0.5,0.5,0.5,0.5,0.5,0.5,0.5,0.5,0.5,0.5,0.5,0.5,0.5,0.5,0.5,0.5,0.5,0.5,0.5,0.5,0.5,0.5,0.5,0.5,0.5,0.5
0.5,0.5,0.5,0.5,0.5,0.5,0.5,0.5,0.5,0.5,0.5,0.5,0.5,0.5,0.5,0.5,0.5,0.5,0.5,0.5,0.5,0.5,0.5,0.5,0.5,0.5,0.5,0.499999,0.499999,0.499999,0.499999,0.499999,0.499999,0.499999,0.499999,0.499999,0.499999,0.5,0.5,0.5,0.5,0.5,0.5,0.5,0.5,0.5,0.5,0.5,0.5,0.5,0.5,0.5,0.5,0.5,0.5,0.5,0.5,0.5,0.5,0.5,0.5,0.5,0.5,0.5
0.5,0.5,0.5,0.5,0.5,0.5,0.5,0.5,0.5,0.5,0.5,0.5,0.5,0.5,0.5,0.5,0.5,0.5,0.5,0.5,0.5,0.5,0.5,0.5,0.499999,0.499999,0.499999,0.499999,0.499999,0.499999,0.499999,0.499999,0.499999,0.499999,0.499999,0.499999,0.499999,0.499999,0.499999,0.499999,0.5,0.5,0.5,0.5,0.5,0.5,0.5,0.5,0.5,0.5,0.5,0.5,0.5,0.5,0.5,0.5,0.5,0.5,0.5,0.5,0.5,0.5,0.5,0.5
0.5,0.5,0.5,0.5,0.5,0.5,0.5,0.5,0.5,0.5,0.5,0.5,0.5,0.5,0.5,0.5,0.5,0.5,0.5,0.5,0.5,0.499999,0.499999,0.499999,0.499999,0.499998,0.499998,0.499997,0.499997,0.499997,0.499996,0.499996,0.499996,0.499996,0.499997,0.499997,0.499997,0.499998,0.499998,0.499999,0.499999,0.499999,0.499999,0.5,0.5,0.5,0.5,0.5,0.5,0.5,0.5,0.5,0.5,0.5,0.5,0.5,0.5,0.5,0.5,0.5,0.5,0.5,0.5,0.5
0.5,0.5,0.5,0.5,0.5,0.5,0.5,0.5,0.5,0.5,0.5,0.5,0.5,0.5,0.5,0.5,0.5,0.5,0.5,0.499999,0.499999,0.499999,0.499998,0.499997,0.499996,0.499995,0.499995,0.499994,0.499993,0.499992,0.499991,0.499991,0.499991,0.499991,0.499992,0.499993,0.499994,0.499995,0.499995,0.499996,0.499997,0.499998,0.499999,0.499999,0.499999,0.5,0.5,0.5,0.5,0.5,0.5,0.5,0.5,0.5,0.5,0.5,0.5,0.5,0.5,0.5,0.5,0.5,0.5,0.5
0.5,0.5,0.5,0.5,0.5,0.5,0.5,0.5,0.5,0.5,0.5,0.5,0.5,0.5,0.5,0.5,0.5,0.499999,0.499999,0.499998,0.499998,0.499996,0.499995,0.499993,0.499991,0.499989,0.499987,0.499985,0.499982,0.499981,0.499979,0.499979,0.499979,0.499979,0.499981,0.499982,0.499985,0.499987,0.499989,0.499991,0.499993,0.499995,0.499996,0.499998,0.499998,0.499999,0.499999,0.5,0.5,0.5,0.5,0.5,0.5,0.5,0.5,0.5,0.5,0.5,0.5,0.5,0.5,0.5,0.5,0.5
0.5,0.5,0.5,0.5,0.5,0.5,0.5,0.5,0.5,0.5,0.5,0.5,0.5,0.5,0.5,0.499999,0.499999,0.499998,0.499998,0.499996,0.499994,0.499992,0.499989,0.499985,0.49998,0.499975,0.49997,0.499964,0.49996,0.499955,0.499952,0.499951,0.499951,0.499952,0.499955,0.49996,0.499964,0.49997,0.499975,0.49998,0.499985,0.499989,0.499992,0.499994,0.499996,0.499998,0.499998,0.499999,0.499999,0.5,0.5,0.5,0.5,0.5,0.5,0.5,0.5,0.5,0.5,0.5,0.5,0.5,0.5,0.5
0.5,0.5,0.5,0.5,0.5,0.5,0.5,0.5,0.5,0.5,0.5,0.5,0.5,0.5,0.499999,0.499999,0.499998,0.499996,0.499994,0.499991,0.499987,0.499982,0.499975,0.499966,0.499956,0.499945,0.499933,0.499921,0.49991,0.499901,0.499894,0.499891,0.499891,0.499894,0.499901,0.49991,0.499921,0.499933,0.499945,0.499956,0.499966,0.499975,0.499982,0.499987,0.499991,0.499994,0.499996,0.499998,0.499999,0.499999,0.5,0.5,0.5,0.5,0.5,0.5,0.5,0.5,0.5,0.5,0.5,0.5,0.5,0.5
0.5,0.5,0.5,0.5,0.5,0.5,0.5,0.5,0.5,0.5,0.5,0.5,0.5,0.499999,0.499998,0.499997,0.499995,0.499992,0.499988,0.499981,0.499972,0.499961,0.499946,0.499927,0.499906,0.499882,0.499856,0.499831,0.499808,0.499789,0.499775,0.499767,0.499767,0.499775,0.499789,0.499808,0.499831,0.499856,0.499882,0.499906,0.499927,0.499946,0.499961,0.499972,0.499981,0.499988,0.499992,0.499995,0.499997,0.499998,0.499999,0.5,0.5,0.5,0.5,0.5,0.5,0.5,0.5,0.5,0.5,0.5,0.5,0.5
0.5,0.5,0.5,0.5,0.5,0.5,0.5,0.5,0.5,0.5,0.5,0.499999,0.499999,0.499998,0.499997,0.499994,0.49999,0.499984,0.499974,0.499961,0.499943,0.499918,0.499887,0.499849,0.499804,0.499755,0.499703,0.499652,0.499604,0.499564,0.499536,0.499521,0.499521,0.499536,0.499564,0.499604,0.499652,0.499703,0.499755,0.499804,0.499849,0.499887,0.499918,0.499943,0.499961,0.499974,0.499984,0.49999,0.499994,0.499997,0.499998,0.499999,0.499999,0.5,0.5,0.5,0.5,0.5,0.5,0.5,0.5,0.5,0.5,0.5
0.5,0.5,0.5,0.5,0.5,0.5,0.5,0.5,0.5,0.5,0.499999,0.499999,0.499998,0.499996,0.499993,0.499988,0.49998,0.499967,0.499948,0.499921,0.499884,0.499835,0.499773,0.499697,0.499609,0.499511,0.499408,0.499306,0.499212,0.499134,0.499077,0.499047,0.499047,0.499077,0.499134,0.499212,0.499306,0.499408,0.499511,0.499609,0.499697,0.499773,0.499835,0.499884,0.499921,0.499948,0.499967,0.49998,0.499988,0.499993,0.499996,0.499998,0.499999,0.499999,0.5,0.5,0.5,0.5,0.5,0.5,0.5,0.5,0.5,0.5
0.5,0.5,0.5,0.5,0.5,0.5,0.5,0.5,0.5,0.499999,0.499999,0.499998,0.499996,0.499992,0.499986,0.499976,0.49996,0.499935,0.499899,0.499846,0.499774,0.499679,0.499559,0.499413,0.499244,0.499057,0.49886,0.498666,0.498487,0.498338,0.49823,0.498173,0.498173,0.49823,0.498338,0.498487,0.498666,0.49886,0.499057,0.499244,0.499413,0.499559,0.499679,0.499774,0.499846,0.499899,0.499935,0.49996,0.499976,0.499986,0.499992,0.499996,0.499998,0.499999,0.499999,0.5,0.5,0.5,0.5,0.5,0.5,0.5,0.5,0.5
0.5,0.5,0.5,0.5,0.5,0.5,0.5,0.5,0.5,0.499999,0.499998,0.499996,0.499992,0.499985,0.499974,0.499955,0.499924,0.499878,0.499809,0.49971,0.499576,0.499399,0.499175,0.498905,0.498591,0.498245,0.497883,0.497525,0.497196,0.496922,0.496724,0.496621,0.496621,0.496724,0.496922,0.497196,0.497525,0.497883,0.498245,0.498591,0.498905,0.499175,0.499399,0.499576,0.49971,0.499809,0.499878,0.499924,0.499955,0.499974,0.499985,0.499992,0.499996,0.499998,0.499999,0.5,0.5,0.5,0.5,0.5,0.5,0.5,0.5,0.5
0.5,0.5,0.5,0.5,0.5,0.5,0.5,0.5,0.499999,0.499998,0.499996,0.499992,0.499985,0.499973,0.499952,0.499917,0.499861,0.499776,0.499651,0.499473,0.49923,0.498911,0.49851,0.498025,0.497465,0.496849,0.496204,0.495568,0.494985,0.494499,0.494149,0.493966,0.493966,0.494149,0.494499,0.494985,0.495568,0.496204,0.496849,0.497465,0.498025,0.49851,0.498911,0.49923,0.499473,0.499651,0.499776,0.499861,0.499917,0.499952,0.499973,0.499985,0.499992,0.499996,0.499998,0.499999,0.5,0.5,0.5,0.5,0.5,0.5,0.5,0.5
0.5,0.5,0.5,0.5,0.5,0.5,0.5,0.499999,0.499998,0.499997,0.499993,0.499986,0.499974,0.499952,0.499914,0.499853,0.499754,0.499605,0.499385,0.499073,0.498649,0.498095,0.497399,0.496561,0.495596,0.494535,0.493427,0.492338,0.49134,0.490508,0.489911,0.489598,0.489598,0.489911,0.490508,0.49134,0.492338,0.493427,0.494535,0.495596,0.496561,0.497399,0.498095,0.498649,0.499073,0.499385,0.499605,0.499754,0.499853,0.499914,0.499952,0.499974,0.499986,0.499993,0.499997,0.499998,0.499999,0.5,0.5,0.5,0.5,0.5,0.5,0.5
0.5,0.5,0.5,0.5,0.5,0.5,0.499999,0.499999,0.499997,0.499994,0.499988,0.499976,0.499955,0.499917,0.499853,0.499747,0.499579,0.499325,0.498952,0.498425,0.497712,0.496781,0.495615,0.494216,0.492608,0.490845,0.489009,0.487207,0.485558,0.484187,0.483202,0.482687,0.482687,0.483202,0.484187,0.485558,0.487207,0.489009,0.490845,0.492608,0.494216,0.495615,0.496781,0.497712,0.498425,0.498952,0.499325,0.499579,0.499747,0.499853,0.499917,0.499955,0.499976,0.499988,0.499994,0.499997,0.499999,0.499999,0.5,0.5,0.5,0.5,0.5,0.5
0.5,0.5,0.5,0.5,0.5,0.5,0.499999,0.499998,0.499995,0.49999,0.49998,0.49996,0.499924,0.499861,0.499754,0.499579,0.499304,0.498885,0.498274,0.497414,0.496252,0.494742,0.492856,0.490599,0.488012,0.485183,0.482245,0.479365,0.476737,0.474553,0.472987,0.472169,0.472169,0.472987,0.474553,0.476737,0.479365,0.482245,0.485183,0.488012,0.490599,0.492856,0.494742,0.496252,0.497414,0.498274,0.498885,0.499304,0.499579,0.499754,0.499861,0.499924,0.49996,0.49998,0.49999,0.499995,0.499998,0.499999,0.5,0.5,0.5,0.5,0.5,0.5
0.5,0.5,0.5,0.5,0.5,0.499999,0.499998,0.499996,0.499992,0.499984,0.499967,0.499935,0.499878,0.499776,0.499605,0.499325,0.498885,0.49822,0.497252,0.495895,0.494067,0.491698,0.488749,0.48523,0.48121,0.476825,0.472282,0.467839,0.463791,0.460433,0.458027,0.456772,0.456772,0.458027,0.460433,0.463791,0.467839,0.472282,0.476825,0.48121,0.48523,0.488749,0.491698,0.494067,0.495895,0.497252,0.49822,0.498885,0.499325,0.499605,0.499776,0.499878,0.499935,0.499967,0.499984,0.499992,0.499996,0.499998,0.499999,0.5,0.5,0.5,0.5,0.5
0.5,0.5,0.5,0.5,0.5,0.499999,0.499998,0.499994,0.499988,0.499974,0.499948,0.499899,0.499809,0.499651,0.499385,0.498952,0.498274,0.497252,0.495769,0.493698,0.490916,0.487323,0.482866,0.477563,0.471523,0.464955,0.458166,0.451543,0.445521,0.440532,0.436963,0.435101,0.435101,0.436963,0.440532,0.445521,0.451543,0.458166,0.464955,0.471523,0.477563,0.482866,0.487323,0.490916,0.493698,0.495769,0.497252,0.498274,0.498952,0.499385,0.499651,0.499809,0.499899,0.499948,0.499974,0.499988,0.499994,0.499998,0.499999,0.5,0.5,0.5,0.5,0.5
0.5,0.5,0.5,0.5,0.499999,0.499998,0.499996,0.499991,0.499981,0.499961,0.499921,0.499846,0.49971,0.499473,0.499073,0.498425,0.497414,0.495895,0.493698,0.49064,0.486545,0.481274,0.474758,0.467031,0.458256,0.448742,0.438934,0.429391,0.420729,0.413568,0.40845,0.405782,0.405782,0.40845,0.413568,0.420729,0.429391,0.438934,0.448742,0.458256,0.467031,0.474758,0.481274,0.486545,0.49064,0.493698,0.495895,0.497414,0.498425,0.499073,0.499473,0.49971,0.499846,0.499921,0.499961,0.499981,0.499991,0.499996,0.499998,0.499999,0.5,0.5,0.5,0.5
0.5,0.5,0.5,0.5,0.499999,0.499998,0.499994,0.499987,0.499972,0.499943,0.499884,0.499774,0.499576,0.49923,0.498649,0.497712,0.496252,0.494067,0.490916,0.486545,0.480712,0.47323,0.464012,0.453115,0.440782,0.427449,0.413745,0.400443,0.388397,0.378453,0.371357,0.367661,0.367661,0.371357,0.378453,0.388397,0.400443,0.413745,0.427449,0.440782,0.453115,0.464012,0.47323,0.480712,0.486545,0.490916,0.494067,0.496252,0.497712,0.498649,0.49923,0.499576,0.499774,0.499884,0.499943,0.499972,0.499987,0.499994,0.499998,0.499999,0.5,0.5,0.5,0.5
0.5,0.5,0.5,0.499999,0.499999,0.499996,0.499992,0.499982,0.499961,0.499918,0.499835,0.499679,0.499399,0.498911,0.498095,0.496781,0.494742,0.491698,0.487323,0.481274,0.47323,0.462947,0.45032,0.435445,0.418662,0.400578,0.382042,0.364097,0.347883,0.334524,0.325003,0.320048,0.320048,0.325003,0.334524,0.347883,0.364097,0.382042,0.400578,0.418662,0.435445,0.45032,0.462947,0.47323,0.481274,0.487323,0.491698,0.494742,0.496781,0.498095,0.498911,0.499399,0.499679,0.499835,0.499918,0.499961,0.499982,0.499992,0.499996,0.499999,0.499999,0.5,0.5,0.5
0.5,0.5,0.5,0.499999,0.499998,0.499995,0.499989,0.499975,0.499946,0.499887,0.499773,0.499559,0.499175,0.49851,0.497399,0.495615,0.492856,0.488749,0.482866,0.474758,0.464012,0.45032,0.433565,0.413893,0.391771,0.368008,0.343725,0.320277,0.299141,0.281759,0.269389,0.262957,0.262957,0.269389,0.281759,0.299141,0.320277,0.343725,0.368008,0.391771,0.413893,0.433565,0.45032,0.464012,0.474758,0.482866,0.488749,0.492856,0.495615,0.497399,0.49851,0.499175,0.499559,0.499773,0.499887,0.499946,0.499975,0.499989,0.499995,0.499998,0.499999,0.5,0.5,0.5
0.5,0.5,0.5,0.499999,0.499997,0.499993,0.499985,0.499966,0.499927,0.499849,0.499697,0.499413,0.498905,0.498025,0.496561,0.494216,0.490599,0.48523,0.477563,0.467031,0.453115,0.435445,0.413893,0.388673,0.360406,0.330137,0.299296,0.269597,0.242889,0.220968,0.205388,0.197295,0.197295,0.205388,0.220968,0.242889,0.269597,0.299296,0.330137,0.360406,0.388673,0.413893,0.435445,0.453115,0.467031,0.477563,0.48523,0.490599,0.494216,0.496561,0.498025,0.498905,0.499413,0.499697,0.499849,0.499927,0.499966,0.499985,0.499993,0.499997,0.499999,0.5,0.5,0.5
0.5,0.5,0.499999,0.499999,0.499996,0.499991,0.49998,0.499956,0.499906,0.499804,0.499609,0.499244,0.498591,0.497465,0.495596,0.492608,0.488012,0.48121,0.471523,0.458256,0.440782,0.418662,0.391771,0.360406,0.325363,0.287954,0.249949,0.213451,0.180705,0.153879,0.134842,0.124962,0.124962,0.134842,0.153879,0.180705,0.213451,0.249949,0.287954,0.325363,0.360406,0.391771,0.418662,0.440782,0.458256,0.471523,0.48121,0.488012,0.492608,0.495596,0.497465,0.498591,0.499244,0.499609,0.499804,0.499906,0.499956,0.49998,0.499991,0.499996,0.499999,0.499999,0.5,0.5
0.5,0.5,0.499999,0.499998,0.499995,0.499989,0.499975,0.499945,0.499882,0.499755,0.499511,0.499057,0.498245,0.496849,0.494535,0.490845,0.485183,0.476825,0.464955,0.448742,0.427449,0.400578,0.368008,0.330137,0.287954,0.243057,0.197574,0.154008,0.11501,0.0831228,0.0605256,0.0488081,0.0488081,0.0605256,0.0831228,0.11501,0.154008,0.197574,0.243057,0.287954,0.330137,0.368008,0.400578,0.427449,0.448742,0.464955,0.476825,0.485183,0.490845,0.494535,0.496849,0.498245,0.499057,0.499511,0.499755,0.499882,0.499945,0.499975,0.499989,0.499995,0.499998,0.499999,0.5,0.5
0.5,0.5,0.499999,0.499998,0.499995,0.499987,0.49997,0.499933,0.499856,0.499703,0.499408,0.49886,0.497883,0.496204,0.493427,0.489009,0.482245,0.472282,0.458166,0.438934,0.413745,0.382042,0.343725,0.299296,0.249949,0.197574,0.144657,0.0940942,0.0489305,0.0120689,-0.0140184,-0.0275343,-0.0275343,-0.0140184,0.0120689,0.0489305,0.0940942,0.144657,0.197574,0.249949,0.299296,0.343725,0.382042,0.413745,0.438934,0.458166,0.472282,0.482245,0.489009,0.493427,0.496204,0.497883,0.49886,0.499408,0.499703,0.499856,0.499933,0.49997,0.499987,0.499995,0.499998,0.499999,0.5,0.5
0.499999,0.499999,0.499999,0.499997,0.499994,0.499985,0.499964,0.499921,0.499831,0.499652,0.499306,0.498666,0.497525,0.495568,0.492338,0.487207,0.479365,0.467839,0.451543,0.429391,0.400443,0.364097,0.320277,0.269597,0.213451,0.154008,0.0940942,0.0369728,-0.0139479,-0.0554398,-0.0847676,-0.0999508,-0.0999508,-0.0847676,-0.0554398,-0.0139479,0.0369728,0.0940942,0.154008,0.213451,0.269597,0.320277,0.364097,0.400443,0.429391,0.451543,0.467839,0.479365,0.487207,0.492338,0.495568,0.497525,0.498666,0.499306,0.499652,0.499831,0.499921,0.499964,0.499985,0.499994,0.499997,0.499999,0.499999,0.499999
0.499999,0.499999,0.499999,0.499997,0.499993,0.499982,0.49996,0.49991,0.499808,0.499604,0.499212,0.498487,0.497196,0.494985,0.49134,0.485558,0.476737,0.463791,0.445521,0.420729,0.388397,0.347883,0.299141,0.242889,0.180705,0.11501,0.0489305,-0.0139479,-0.0699048,-0.115435,-0.147583,-0.164215,-0.164215,-0.147583,-0.115435,-0.0699048,-0.0139479,0.0489305,0.11501,0.180705,0.242889,0.299141,0.347883,0.388397,0.420729,0.445521,0.463791,0.476737,0.485558,0.49134,0.494985,0.497196,0.498487,0.499212,0.499604,0.499808,0.49991,0.49996,0.499982,0.499993,0.499997,0.499999,0.499999,0.499999
0.499999,0.499999,0.499999,0.499997,0.499992,0.499981,0.499955,0.499901,0.499789,0.499564,0.499134,0.498338,0.496922,0.494499,0.490508,0.484187,0.474553,0.460433,0.440532,0.413568,0.378453,0.334524,0.281759,0.220968,0.153879,0.0831228,0.0120689,-0.0554398,-0.115435,-0.164196,-0.198595,-0.216382,-0.216382,-0.198595,-0.164196,-0.115435,-0.0554398,0.0120689,0.0831228,0.153879,0.220968,0.281759,0.334524,0.378453,0.413568,0.440532,0.460433,0.474553,0.484187,0.490508,0.494499,0.496922,0.498338,0.499134,0.499564,0.499789,0.499901,0.499955,0.499981,0.499992,0.499997,0.499999,0.499999,0.499999
0.499999,0.499999,0.499999,0.499996,0.499991,0.499979,0.499952,0.499894,0.499775,0.499536,0.499077,0.49823,0.496724,0.494149,0.489911,0.483202,0.472987,0.458027,0.436963,0.40845,0.371357,0.325003,0.269389,0.205388,0.134842,0.0605256,-0.0140184,-0.0847676,-0.147583,-0.198595,-0.234561,-0.25315,-0.25315,-0.234561,-0.198595,-0.147583,-0.0847676,-0.0140184,0.0605256,0.134842,0.205388,0.269389,0.325003,0.371357,0.40845,0.436963,0.458027,0.472987,0.483202,0.489911,0.494149,0.496724,0.49823,0.499077,0.499536,0.499775,0.499894,0.499952,0.499979,0.499991,0.499996,0.499999,0.499999,0.499999
0.499999,0.499999,0.499999,0.499996,0.499991,0.499979,0.499951,0.499891,0.499767,0.499521,0.499047,0.498173,0.496621,0.493966,0.489598,0.482687,0.472169,0.456772,0.435101,0.405782,0.367661,0.320048,0.262957,0.197295,0.124962,0.0488081,-0.0275343,-0.0999508,-0.164215,-0.216382,-0.25315,-0.272151,-0.272151,-0.25315,-0.216382,-0.164215,-0.0999508,-0.0275343,0.0488081,0.124962,0.197295,0.262957,0.320048,0.367661,0.405782,0.435101,0.456772,0.472169,0.482687,0.489598,0.493966,0.496621,0.498173,0.499047,0.499521,0.499767,0.499891,0.499951,0.499979,0.499991,0.499996,0.499999,0.499999,0.499999
0.499999,0.499999,0.499999,0.499996,0.499991,0.499979,0.499951,0.499891,0.499767,0.499521,0.499047,0.498173,0.496621,0.493966,0.489598,0.482687,0.472169,0.456772,0.435101,0.405782,0.367661,0.320048,0.262957,0.197295,0.124962,0.0488081,-0.0275343,-0.0999508,-0.164215,-0.216382,-0.25315,-0.272151,-0.272151,-0.25315,-0.216382,-0.164215,-0.0999508,-0.0275343,0.0488081,0.124962,0.197295,0.262957,0.320048,0.367661,0.405782,0.435101,0.456772,0.472169,0.482687,0.489598,0.493966,0.496621,0.498173,0.499047,0.499521,0.499767,0.499891,0.499951,0.499979,0.499991,0.499996,0.499999,0.499999,0.499999
0.499999,0.499999,0.499999,0.499996,0.499991,0.499979,0.499952,0.499894,0.499775,0.499536,0.499077,0.49823,0.496724,0.494149,0.489911,0.483202,0.472987,0.458027,0.436963,0.40845,0.371357,0.325003,0.269389,0.205388,0.134842,0.0605256,-0.0140184,-0.0847676,-0.147583,-0.198595,-0.234561,-0.25315,-0.25315,-0.234561,-0.198595,-0.147583,-0.0847676,-0.0140184,0.0605256,0.134842,0.205388,0.269389,0.325003,0.371357,0.40845,0.436963,0.458027,0.472987,0.483202,0.489911,0.494149,0.496724,0.49823,0.499077,0.499536,0.499775,0.499894,0.499952,0.499979,0.499991,0.499996,0.499999,0.499999,0.499999
0.499999,0.499999,0.499999,0.499997,0.499992,0.499981,0.499955,0.499901,0.499789,0.499564,0.499134,0.498338,0.496922,0.494499,0.490508,0.484187,0.474553,0.460433,0.440532,0.413568,0.378453,0.334524,0.281759,0.220968,0.153879,0.0831228,0.0120689,-0.0554398,-0.115435,-0.164196,-0.198595,-0.216382,-0.216382,-0.198595,-0.164196,-0.115435,-0.0554398,0.0120689,0.0831228,0.153879,0.220968,0.281759,0.334524,0.378453,0.413568,0.440532,0.460433,0.474553,0.484187,0.490508,0.494499,0.496922,0.498338,0.499134,0.499564,0.499789,0.499901,0.499955,0.499981,0.499992,0.499997,0.499999,0.499999,0.499999
0.499999,0.499999,0.499999,0.499997,0.499993,0.499982,0.49996,0.49991,0.499808,0.499604,0.499212,0.498487,0.497196,0.494985,0.49134,0.485558,0.476737,0.463791,0.445521,0.420729,0.388397,0.347883,0.299141,0.242889,0.180705,0.11501,0.0489305,-0.0139479,-0.0699048,-0.115435,-0.147583,-0.164215,-0.164215,-0.147583,-0.115435,-0.0699048,-0.0139479,0.0489305,0.11501,0.180705,0.242889,0.299141,0.347883,0.388397,0.420729,0.445521,0.463791,0.476737,0.485558,0.49134,0.494985,0.497196,0.498487,0.499212,0.499604,0.499808,0.49991,0.49996,0.499982,0.499993,0.499997,0.499999,0.499999,0.499999
0.499999,0.499999,0.499999,0.499997,0.499994,0.499985,0.499964,0.499921,0.499831,0.499652,0.499306,0.498666,0.497525,0.495568,0.492338,0.487207,0.479365,0.467839,0.451543,0.429391,0.400443,0.364097,0.320277,0.269597,0.213451,0.154008,0.0940942,0.0369728,-0.0139479,-0.0554398,-0.0847676,-0.0999508,-0.0999508,-0.0847676,-0.0554398,-0.0139479,0.0369728,0.0940942,0.154008,0.213451,0.269597,0.320277,0.364097,0.400443,0.429391,0.451543,0.467839,0.479365,0.487207,0.492338,0.495568,0.497525,0.498666,0.499306,0.499652,0.499831,0.499921,0.499964,0.499985,0.499994,0.499997,0.499999,0.499999,0.499999
0.5,0.5,0.499999,0.499998,0.499995,0.499987,0.49997,0.499933,0.499856,0.499703,0.499408,0.49886,0.497883,0.496204,0.493427,0.489009,0.482245,0.472282,0.458166,0.438934,0.413745,0.382042,0.343725,0.299296,0.249949,0.197574,0.144657,0.0940942,0.0489305,0.0120689,-0.0140184,-0.0275343,-0.0275343,-0.0140184,0.0120689,0.0489305,0.0940942,0.144657,0.197574,0.249949,0.299296,0.343725,0.382042,0.413745,0.438934,0.458166,0.472282,0.482245,0.489009,0.493427,0.496204,0.497883,0.49886,0.499408,0.499703,0.499856,0.499933,0.49997,0.499987,0.499995,0.499998,0.499999,0.5,0.5
0.5,0.5,0.499999,0.499998,0.499995,0.499989,0.499975,0.499945,0.499882,0.499755,0.499511,0.499057,0.498245,0.496849,0.494535,0.490845,0.485183,0.476825,0.464955,0.448742,0.427449,0.400578,0.368008,0.330137,0.287954,0.243057,0.197574,0.154008,0.11501,0.0831228,0.0605256,0.0488081,0.0488081,0.0605256,0.0831228,0.11501,0.154008,0.197574,0.243057,0.287954,0.330137,0.368008,0.400578,0.427449,0.448742,0.464955,0.476825,0.485183,0.490845,0.494535,0.496849,0.498245,0.499057,0.499511,0.499755,0.499882,0.499945,0.499975,0.499989,0.499995,0.499998,0.499999,0.5,0.5
0.5,0.5,0.499999,0.499999,0.499996,0.499991,0.49998,0.499956,0.499906,0.499804,0.499609,0.499244,0.498591,0.497465,0.495596,0.492608,0.488012,0.48121,0.471523,0.458256,0.440782,0.418662,0.391771,0.360406,0.325363,0.287954,0.249949,0.213451,0.180705,0.153879,0.134842,0.124962,0.124962,0.134842,0.153879,0.180705,0.213451,0.249949,0.287954,0.325363,0.360406,0.391771,0.418662,0.440782,0.458256,0.471523,0.48121,0.488012,0.492608,0.495596,0.497465,0.498591,0.499244,0.499609,0.499804,0.499906,0.499956,0.49998,0.499991,0.499996,0.499999,0.499999,0.5,0.5
0.5,0.5,0.5,0.499999,0.499997,0.499993,0.499985,0.499966,0.499927,0.499849,0.499697,0.499413,0.498905,0.498025,0.496561,0.494216,0.490599,0.48523,0.477563,0.467031,0.453115,0.435445,0.413893,0.388673,0.360406,0.330137,0.299296,0.269597,0.242889,0.220968,0.205388,0.197295,0.197295,0.205388,0.220968,0.242889,0.269597,0.299296,0.330137,0.360406,0.388673,0.413893,0.435445,0.453115,0.467031,0.477563,0.48523,0.490599,0.494216,0.496561,0.498025,0.498905,0.499413,0.499697,0.499849,0.499927,0.499966,0.499985,0.499993,0.499997,0.499999,0.5,0.5,0.5
0.5,0.5,0.5,0.499999,0.499998,0.499995,0.499989,0.499975,0.499946,0.499887,0.499773,0.499559,0.499175,0.49851,0.497399,0.495615,0.492856,0.488749,0.482866,0.474758,0.464012,0.45032,0.433565,0.413893,0.391771,0.368008,0.343725,0.320277,0.299141,0.281759,0.269389,0.262957,0.262957,0.269389,0.281759,0.299141,0.320277,0.343725,0.368008,0.391771,0.413893,0.433565,0.45032,0.464012,0.474758,0.482866,0.488749,0.492856,0.495615,0.497399,0.49851,0.499175,0.499559,0.499773,0.499887,0.499946,0.499975,0.499989,0.499995,0.499998,0.499999,0.5,0.5,0.5
0.5,0.5,0.5,0.499999,0.499999,0.499996,0.499992,0.499982,0.499961,0.499918,0.499835,0.499679,0.499399,0.498911,0.498095,0.496781,0.494742,0.491698,0.487323,0.481274,0.47323,0.462947,0.45032,0.435445,0.418662,0.400578,0.382042,0.364097,0.347883,0.334524,0.325003,0.320048,0.320048,0.325003,0.334524,0.347883,0.364097,0.382042,0.400578,0.418662,0.435445,0.45032,0.462947,0.47323,0.481274,0.487323,0.491698,0.494742,0.496781,0.498095,0.498911,0.499399,0.499679,0.499835,0.499918,0.499961,0.499982,0.499992,0.499996,0.499999,0.499999,0.5,0.5,0.5
0.5,0.5,0.5,0.5,0.499999,0.499998,0.499994,0.499987,0.499972,0.499943,0.499884,0.499774,0.499576,0.49923,0.498649,0.497712,0.496252,0.494067,0.490916,0.486545,0.480712,0.47323,0.464012,0.453115,0.440782,0.427449,0.413745,0.400443,0.388397,0.378453,0.371357,0.367661,0.367661,0.371357,0.378453,0.388397,0.400443,0.413745,0.427449,0.440782,0.453115,0.464012,0.47323,0.480712,0.486545,0.490916,0.494067,0.496252,0.497712,0.498649,0.49923,0.499576,0.499774,0.499884,0.499943,0.499972,0.499987,0.499994,0.499998,0.499999,0.5,0.5,0.5,0.5
0.5,0.5,0.5,0.5,0.499999,0.499998,0.499996,0.499991,0.499981,0.499961,0.499921,0.499846,0.49971,0.499473,0.499073,0.498425,0.497414,0.495895,0.493698,0.49064,0.486545,0.481274,0.474758,0.467031,0.458256,0.448742,0.438934,0.429391,0.420729,0.413568,0.40845,0.405782,0.405782,0.40845,0.413568,0.420729,0.429391,0.438934,0.448742,0.458256,0.467031,0.474758,0.481274,0.486545,0.49064,0.493698,0.495895,0.497414,0.498425,0.499073,0.499473,0.49971,0.499846,0.499921,0.499961,0.499981,0.499991,0.499996,0.499998,0.499999,0.5,0.5,0.5,0.5
0.5,0.5,0.5,0.5,0.5,0.499999,0.499998,0.499994,0.499988,0.499974,0.499948,0.499899,0.499809,0.499651,0.499385,0.498952,0.498274,0.497252,0.495769,0.493698,0.490916,0.487323,0.482866,0.477563,0.471523,0.464955,0.458166,0.451543,0.445521,0.440532,0.436963,0.435101,0.435101,0.436963,0.440532,0.445521,0.451543,0.458166,0.464955,0.471523,0.477563,0.482866,0.487323,0.490916,0.493698,0.495769,0.497252,0.498274,0.498952,0.499385,0.499651,0.499809,0.499899,0.499948,0.499974,0.499988,0.499994,0.499998,0.499999,0.5,0.5,0.5,0.5,0.5
0.5,0.5,0.5,0.5,0.5,0.499999,0.499998,0.499996,0.499992,0.499984,0.499967,0.499935,0.499878,0.499776,0.499605,0.499325,0.498885,0.49822,0.497252,0.495895,0.494067,0.491698,0.488749,0.48523,0.48121,0.476825,0.472282,0.467839,0.463791,0.460433,0.458027,0.456772,0.456772,0.458027,0.460433,0.463791,0.467839,0.472282,0.476825,0.48121,0.48523,0.488749,0.491698,0.494067,0.495895,0.497252,0.49822,0.498885,0.499325,0.499605,0.499776,0.499878,0.499935,0.499967,0.499984,0.499992,0.499996,0.499998,0.499999,0.5,0.5,0.5,0.5,0.5
0.5,0.5,0.5,0.5,0.5,0.5,0.499999,0.499998,0.499995,0.49999,0.49998,0.49996,0.499924,0.499861,0.499754,0.499579,0.499304,0.498885,0.498274,0.497414,0.496252,0.494742,0.492856,0.490599,0.488012,0.485183,0.482245,0.479365,0.476737,0.474553,0.472987,0.472169,0.472169,0.472987,0.474553,0.476737,0.479365,0.482245,0.485183,0.488012,0.490599,0.492856,0.494742,0.496252,0.497414,0.498274,0.498885,0.499304,0.499579,0.499754,0.499861,0.499924,0.49996,0.49998,0.49999,0.499995,0.499998,0.499999,0.5,0.5,0.5,0.5,0.5,0.5
0.5,0.5,0.5,0.5,0.5,0.5,0.499999,0.499999,0.499997,0.499994,0.499988,0.499976,0.499955,0.499917,0.499853,0.499747,0.499579,0.499325,0.498952,0.498425,0.497712,0.496781,0.495615,0.494216,0.492608,0.490845,0.489009,0.487207,0.485558,0.484187,0.483202,0.482687,0.482687,0.483202,0.484187,0.485558,0.487207,0.489009,0.490845,0.492608,0.494216,0.495615,0.496781,0.497712,0.498425,0.498952,0.499325,0.499579,0.499747,0.499853,0.499917,0.499955,0.499976,0.499988,0.499994,0.499997,0.499999,0.499999,0.5,0.5,0.5,0.5,0.5,0.5
0.5,0.5,0.5,0.5,0.5,0.5,0.5,0.499999,0.499998,0.499997,0.499993,0.499986,0.499974,0.499952,0.499914,0.499853,0.499754,0.499605,0.499385,0.499073,0.498649,0.498095,0.497399,0.496561,0.495596,0.494535,0.493427,0.492338,0.49134,0.490508,0.489911,0.489598,0.489598,0.489911,0.490508,0.49134,0.492338,0.493427,0.494535,0.495596,0.496561,0.497399,0.498095,0.498649,0.499073,0.499385,0.499605,0.499754,0.499853,0.499914,0.499952,0.499974,0.499986,0.499993,0.499997,0.499998,0.499999,0.5,0.5,0.5,0.5,0.5,0.5,0.5
0.5,0.5,0.5,0.5,0.5,0.5,0.5,0.5,0.499999,0.499998,0.499996,0.499992,0.499985,0.499973,0.499952,0.499917,0.499861,0.499776,0.499651,0.499473,0.49923,0.498911,0.49851,0.498025,0.497465,0.496849,0.496204,0.495568,0.494985,0.494499,0.494149,0.493966,0.493966,0.494149,0.494499,0.494985,0.495568,0.496204,0.496849,0.497465,0.498025,0.49851,0.498911,0.49923,0.499473,0.499651,0.499776,0.499861,0.499917,0.499952,0.499973,0.499985,0.499992,0.499996,0.499998,0.499999,0.5,0.5,0.5,0.5,0.5,0.5,0.5,0.5
0.5,0.5,0.5,0.5,0.5,0.5,0.5,0.5,0.5,0.499999,0.499998,0.499996,0.499992,0.499985,0.499974,0.499955,0.499924,0.499878,0.499809,0.49971,0.499576,0.499399,0.499175,0.498905,0.498591,0.498245,0.497883,0.497525,0.497196,0.496922,0.496724,0.496621,0.496621,0.496724,0.496922,0.497196,0.497525,0.497883,0.498245,0.498591,0.498905,0.499175,0.499399,0.499576,0.49971,0.499809,0.499878,0.499924,0.499955,0.499974,0.499985,0.499992,0.499996,0.499998,0.499999,0.5,0.5,0.5,0.5,0.5,0.5,0.5,0.5,0.5
0.5,0.5,0.5,0.5,0.5,0.5,0.5,0.5,0.5,0.499999,0.499999,0.499998,0.499996,0.499992,0.499986,0.499976,0.49996,0.499935,0.499899,0.499846,0.499774,0.499679,0.499559,0.499413,0.499244,0.499057,0.49886,0.498666,0.498487,0.498338,0.49823,0.498173,0.498173,0.49823,0.498338,0.498487,0.498666,0.49886,0.499057,0.499244,0.499413,0.499559,0.499679,0.499774,0.499846,0.499899,0.499935,0.49996,0.499976,0.499986,0.499992,0.499996,0.499998,0.499999,0.499999,0.5,0.5,0.5,0.5,0.5,0.5,0.5,0.5,0.5
0.5,0.5,0.5,0.5,0.5,0.5,0.5,0.5,0.5,0.5,0.499999,0.499999,0.499998,0.499996,0.499993,0.499988,0.49998,0.499967,0.499948,0.499921,0.499884,0.499835,0.499773,0.499697,0.499609,0.499511,0.499408,0.499306,0.499212,0.499134,0.499077,0.499047,0.499047,0.499077,0.499134,0.499212,0.499306,0.499408,0.499511,0.499609,0.499697,0.499773,0.499835,0.499884,0.499921,0.499948,0.499967,0.49998,0.499988,0.499993,0.499996,0.499998,0.499999,0.499999,0.5,0.5,0.5,0.5,0.5,0.5,0.5,0.5,0.5,0.5
0.5,0.5,0.5,0.5,0.5,0.5,0.5,0.5,0.5,0.5,0.5,0.499999,0.499999,0.499998,0.499997,0.499994,0.49999,0.499984,0.499974,0.499961,0.499943,0.499918,0.499887,0.499849,0.499804,0.499755,0.499703,0.499652,0.499604,0.499564,0.499536,0.499521,0.499521,0.499536,0.499564,0.499604,0.499652,0.499703,0.499755,0.499804,0.499849,0.499887,0.499918,0.499943,0.499961,0.499974,0.499984,0.49999,0.499994,0.499997,0.499998,0.499999,0.499999,0.5,0.5,0.5,0.5,0.5,0.5,0.5,0.5,0.5,0.5,0.5
0.5,0.5,0.5,0.5,0.5,0.5,0.5,0.5,0.5,0.5,0.5,0.5,0.5,0.499999,0.499998,0.499997,0.499995,0.499992,0.499988,0.499981,0.499972,0.499961,0.499946,0.499927,0.499906,0.499882,0.499856,0.499831,0.499808,0.499789,0.499775,0.499767,0.499767,0.499775,0.499789,0.499808,0.499831,0.499856,0.499882,0.499906,0.499927,0.499946,0.499961,0.499972,0.499981,0.499988,0.499992,0.499995,0.499997,0.499998,0.499999,0.5,0.5,0.5,0.5,0.5,0.5,0.5,0.5,0.5,0.5,0.5,0.5,0.5
0.5,0.5,0.5,0.5,0.5,0.5,0.5,0.5,0.5,0.5,0.5,0.5,0.5,0.5,0.499999,0.499999,0.499998,0.499996,0.499994,0.499991,0.499987,0.499982,0.499975,0.499966,0.499956,0.499945,0.499933,0.499921,0.49991,0.499901,0.499894,0.499891,0.499891,0.499894,0.499901,0.49991,0.499921,0.499933,0.499945,0.499956,0.499966,0.499975,0.499982,0.499987,0.499991,0.499994,0.499996,0.499998,0.499999,0.499999,0.5,0.5,0.5,0.5,0.5,0.5,0.5,0.5,0.5,0.5,0.5,0.5,0.5,0.5
0.5,0.5,0.5,0.5,0.5,0.5,0.5,0.5,0.5,0.5,0.5,0.5,0.5,0.5,0.5,0.499999,0.499999,0.499998,0.499998,0.499996,0.499994,0.499992,0.499989,0.499985,0.49998,0.499975,0.49997,0.499964,0.49996,0.499955,0.499952,0.499951,0.499951,0.499952,0.499955,0.49996,0.499964,0.49997,0.499975,0.49998,0.499985,0.499989,0.499992,0.499994,0.499996,0.499998,0.499998,0.499999,0.499999,0.5,0.5,0.5,0.5,0.5,0.5,0.5,0.5,0.5,0.5,0.5,0.5,0.5,0.5,0.5
0.5,0.5,0.5,0.5,0.5,0.5,0.5,0.5,0.5,0.5,0.5,0.5,0.5,0.5,0.5,0.5,0.5,0.499999,0.499999,0.499998,0.499998,0.499996,0.499995,0.499993,0.499991,0.499989,0.499987,0.499985,0.499982,0.499981,0.499979,0.499979,0.499979,0.499979,0.499981,0.499982,0.499985,0.499987,0.499989,0.499991,0.499993,0.499995,0.499996,0.499998,0.499998,0.499999,0.499999,0.5,0.5,0.5,0.5,0.5,0.5,0.5,0.5,0.5,0.5,0.5,0.5,0.5,0.5,0.5,0.5,0.5
0.5,0.5,0.5,0.5,0.5,0.5,0.5,0.5,0.5,0.5,0.5,0.5,0.5,0.5,0.5,0.5,0.5,0.5,0.5,0.499999,0.499999,0.499999,0.499998,0.499997,0.499996,0.499995,0.499995,0.499994,0.499993,0.499992,0.499991,0.499991,0.499991,0.499991,0.499992,0.499993,0.499994,0.499995,0.499995,0.499996,0.499997,0.499998,0.499999,0.499999,0.499999,0.5,0.5,0.5,0.5,0.5,0.5,0.5,0.5,0.5,0.5,0.5,0.5,0.5,0.5,0.5,0.5,0.5,0.5,0.5
0.5,0.5,0.5,0.5,0.5,0.5,0.5,0.5,0.5,0.5,0.5,0.5,0.5,0.5,0.5,0.5,0.5,0.5,0.5,0.5,0.5,0.499999,0.499999,0.499999,0.499999,0.499998,0.499998,0.499997,0.499997,0.499997,0.499996,0.499996,0.499996,0.499996,0.499997,0.499997,0.499997,0.499998,0.499998,0.499999,0.499999,0.499999,0.499999,0.5,0.5,0.5,0.5,0.5,0.5,0.5,0.5,0.5,0.5,0.5,0.5,0.5,0.5,0.5,0.5,0.5,0.5,0.5,0.5,0.5
0.5,0.5,0.5,0.5,0.5,0.5,0.5,0.5,0.5,0.5,0.5,0.5,0.5,0.5,0.5,0.5,0.5,0.5,0.5,0.5,0.5,0.5,0.5,0.5,0.499999,0.499999,0.499999,0.499999,0.499999,0.499999,0.499999,0.499999,0.499999,0.499999,0.499999,0.499999,0.499999,0.499999,0.499999,0.499999,0.5,0.5,0.5,0.5,0.5,0.5,0.5,0.5,0.5,0.5,0.5,0.5,0.5,0.5,0.5,0.5,0.5,0.5,0.5,0.5,0.5,0.5,0.5,0.5
0.5,0.5,0.5,0.5,0.5,0.5,0.5,0.5,0.5,0.5,0.5,0.5,0.5,0.5,0.5,0.5,0.5,0.5,0.5,0.5,0.5,0.5,0.5,0.5,0.5,0.5,0.5,0.499999,0.499999,0.499999,0.499999,0.499999,0.499999,0.499999,0.499999,0.499999,0.499999,0.5,0.5,0.5,0.5,0.5,0.5,0.5,0.5,0.5,0.5,0.5,0.5,0.5,0.5,0.5,0.5,0.5,0.5,0.5,0.5,0.5,0.5,0.5,0.5,0.5,0.5,0.5
0.5,0.5,0.5,0.5,0.5,0.5,0.5,0.5,0.5,0.5,0.5,0.5,0.5,0.5,0.5,0.5,0.5,0.5,0.5,0.5,0.5,0.5,0.5,0.5,0.5,0.5,0.5,0.499999,0.499999,0.499999,0.499999,0.499999,0.499999,0.499999,0.499999,0.499999,0.499999,0.5,0.5,0.5,0.5,0.5,0.5,0.5,0.5,0.5,0.5,0.5,0.5,0.5,0.5,0.5,0.5,0.5,0.5,0.5,0.5,0.5,0.5,0.5,0.5,0.5,0.5,0.5
