0.327452,0.330932,0.332158,0.334614,0.338301,0.343205,0.349282,0.356443,0.364548,0.373402,0.382763,0.392354,0.40189,0.411096,0.419732,0.427608,0.434599,0.440643,0.445738,0.449933,0.453311,0.455981,0.458053,0.459641,0.460843,0.461745,0.462417,0.462912,0.463269,0.463515,0.463671,0.463746,0.463746,0.463671,0.463515,0.463269,0.462912,0.462417,0.461745,0.460843,0.459641,0.458053,0.455981,0.453311,0.449933,0.445738,0.440643,0.434599,0.427608,0.419732,0.411096,0.40189,0.392354,0.382763,0.373402,0.364548,0.356443,0.349282,0.343205,0.338301,0.334614,0.332158,0.330932,0.330932
0.330932,0.330932,0.332158,0.334614,0.338301,0.343205,0.349282,0.356443,0.364548,0.373402,0.382763,0.392354,0.40189,0.411096,0.419732,0.427608,0.434599,0.440643,0.445738,0.449933,0.453311,0.455981,0.458053,0.459641,0.460843,0.461745,0.462417,0.462912,0.463269,0.463515,0.463671,0.463746,0.463746,0.463671,0.463515,0.463269,0.462912,0.462417,0.461745,0.460843,0.459641,0.458053,0.455981,0.453311,0.449933,0.445738,0.440643,0.434599,0.427608,0.419732,0.411096,0.40189,0.392354,0.382763,0.373402,0.364548,0.356443,0.349282,0.343205,0.338301,0.334614,0.332158,0.330932,0.330932
0.332158,0.332158,0.333354,0.335749,0.339343,0.344123,0.350046,0.357028,0.364936,0.373586,0.382746,0.392153,0.401532,0.410615,0.419165,0.426993,0.43397,0.440027,0.445156,0.449397,0.452828,0.45555,0.457671,0.459301,0.460538,0.461468,0.462162,0.462672,0.463041,0.463295,0.463455,0.463533,0.463533,0.463455,0.463295,0.463041,0.462672,0.462162,0.461468,0.460538,0.459301,0.457671,0.45555,0.452828,0.449397,0.445156,0.440027,0.43397,0.426993,0.419165,0.410615,0.401532,0.392153,0.382746,0.373586,0.364936,0.357028,0.350046,0.344123,0.339343,0.335749,0.333354,0.332158,0.332158
0.334614,0.334614,0.335749,0.338021,0.34143,0.34596,0.351576,0.358201,0.365719,0.373963,0.382727,0.39177,0.400836,0.409672,0.41805,0.425779,0.432724,0.438805,0.443997,0.448328,0.45186,0.454684,0.4569,0.458613,0.45992,0.460906,0.461642,0.462184,0.462575,0.462845,0.463015,0.463097,0.463097,0.463015,0.462845,0.462575,0.462184,0.461642,0.460906,0.45992,0.458613,0.4569,0.454684,0.45186,0.448328,0.443997,0.438805,0.432724,0.425779,0.41805,0.409672,0.400836,0.39177,0.382727,0.373963,0.365719,0.358201,0.351576,0.34596,0.34143,0.338021,0.335749,0.334614,0.334614
0.338301,0.338301,0.339343,0.34143,0.344558,0.348716,0.353873,0.359969,0.366909,0.374557,0.382737,0.391241,0.399844,0.408313,0.41643,0.424005,0.430894,0.436999,0.442277,0.446732,0.450408,0.453377,0.455731,0.457565,0.458974,0.460042,0.460841,0.461431,0.461855,0.462148,0.462332,0.462421,0.462421,0.462332,0.462148,0.461855,0.461431,0.460841,0.460042,0.458974,0.457565,0.455731,0.453377,0.450408,0.446732,0.442277,0.436999,0.430894,0.424005,0.41643,0.408313,0.399844,0.391241,0.382737,0.374557,0.366909,0.359969,0.353873,0.348716,0.344558,0.34143,0.339343,0.338301,0.338301
0.343205,0.343205,0.344123,0.34596,0.348716,0.352381,0.356938,0.362344,0.368532,0.375404,0.382826,0.39063,0.398625,0.406608,0.414373,0.421734,0.428532,0.434652,0.440025,0.444627,0.448478,0.451629,0.454156,0.456144,0.457683,0.458857,0.459738,0.460389,0.460858,0.461182,0.461384,0.461482,0.461482,0.461384,0.461182,0.460858,0.460389,0.459738,0.458857,0.457683,0.456144,0.454156,0.451629,0.448478,0.444627,0.440025,0.434652,0.428532,0.421734,0.414373,0.406608,0.398625,0.39063,0.382826,0.375404,0.368532,0.362344,0.356938,0.352381,0.348716,0.34596,0.344123,0.343205,0.343205
0.349282,0.349282,0.350046,0.351576,0.353873,0.356938,0.360764,0.365336,0.370621,0.376561,0.383068,0.390025,0.397281,0.404662,0.411983,0.419058,0.42572,0.431831,0.437291,0.442049,0.446092,0.449449,0.452174,0.454342,0.456035,0.457334,0.458314,0.45904,0.459563,0.459923,0.460148,0.460257,0.460257,0.460148,0.459923,0.459563,0.45904,0.458314,0.457334,0.456035,0.454342,0.452174,0.449449,0.446092,0.442049,0.437291,0.431831,0.42572,0.419058,0.411983,0.404662,0.397281,0.390025,0.383068,0.376561,0.370621,0.365336,0.360764,0.356938,0.353873,0.351576,0.350046,0.349282,0.349282
0.356443,0.356443,0.357028,0.358201,0.359969,0.362344,0.365336,0.368959,0.373216,0.378095,0.383561,0.389544,0.395942,0.402614,0.409396,0.416109,0.422575,0.428634,0.434159,0.439061,0.443298,0.446869,0.449807,0.45217,0.454033,0.455472,0.456562,0.457372,0.457956,0.458358,0.45861,0.458731,0.458731,0.45861,0.458358,0.457956,0.457372,0.456562,0.455472,0.454033,0.45217,0.449807,0.446869,0.443298,0.439061,0.434159,0.428634,0.422575,0.416109,0.409396,0.402614,0.395942,0.389544,0.383561,0.378095,0.373216,0.368959,0.365336,0.362344,0.359969,0.358201,0.357028,0.356443,0.356443
0.364548,0.364548,0.364936,0.365719,0.366909,0.368532,0.370621,0.373216,0.376361,0.380089,0.384418,0.38933,0.394769,0.400635,0.406787,0.413054,0.419252,0.425202,0.430746,0.435764,0.440177,0.443954,0.447104,0.449666,0.451704,0.45329,0.454498,0.455397,0.456047,0.456494,0.456773,0.456908,0.456908,0.456773,0.456494,0.456047,0.455397,0.454498,0.45329,0.451704,0.449666,0.447104,0.443954,0.440177,0.435764,0.430746,0.425202,0.419252,0.413054,0.406787,0.400635,0.394769,0.38933,0.384418,0.380089,0.376361,0.373216,0.370621,0.368532,0.366909,0.365719,0.364936,0.364548,0.364548
0.373402,0.373402,0.373586,0.373963,0.374557,0.375404,0.376561,0.378095,0.380089,0.382622,0.385759,0.389536,0.393943,0.398921,0.404357,0.410093,0.415944,0.421712,0.427215,0.432299,0.436853,0.440811,0.444156,0.446908,0.449116,0.450847,0.452171,0.45316,0.453876,0.454368,0.454676,0.454823,0.454823,0.454676,0.454368,0.453876,0.45316,0.452171,0.450847,0.449116,0.446908,0.444156,0.440811,0.436853,0.432299,0.427215,0.421712,0.415944,0.410093,0.404357,0.398921,0.393943,0.389536,0.385759,0.382622,0.380089,0.378095,0.376561,0.375404,0.374557,0.373963,0.373586,0.373402,0.373402
0.382763,0.382763,0.382746,0.382727,0.382737,0.382826,0.383068,0.383561,0.384418,0.385759,0.387696,0.390312,0.393646,0.397678,0.402327,0.407452,0.412871,0.418377,0.423766,0.428852,0.433493,0.437591,0.4411,0.444019,0.446382,0.448245,0.449679,0.450751,0.451528,0.452062,0.452396,0.452556,0.452556,0.452396,0.452062,0.451528,0.450751,0.449679,0.448245,0.446382,0.444019,0.4411,0.437591,0.433493,0.428852,0.423766,0.418377,0.412871,0.407452,0.402327,0.397678,0.393646,0.390312,0.387696,0.385759,0.384418,0.383561,0.383068,0.382826,0.382737,0.382727,0.382746,0.382763,0.382763
0.392354,0.392354,0.392153,0.39177,0.391241,0.39063,0.390025,0.389544,0.38933,0.389536,0.390312,0.391787,0.394042,0.397099,0.400909,0.405356,0.410267,0.41543,0.420624,0.42564,0.430304,0.434488,0.438119,0.441171,0.443663,0.44564,0.447166,0.448311,0.44914,0.44971,0.450065,0.450235,0.450235,0.450065,0.44971,0.44914,0.448311,0.447166,0.44564,0.443663,0.441171,0.438119,0.434488,0.430304,0.42564,0.420624,0.41543,0.410267,0.405356,0.400909,0.397099,0.394042,0.391787,0.390312,0.389536,0.38933,0.389544,0.390025,0.39063,0.391241,0.39177,0.392153,0.392354,0.392354
0.40189,0.40189,0.401532,0.400836,0.399844,0.398625,0.397281,0.395942,0.394769,0.393943,0.393646,0.394042,0.395253,0.39734,0.40029,0.404014,0.408354,0.413101,0.418025,0.422897,0.427517,0.431729,0.435431,0.438576,0.441163,0.443227,0.444826,0.446026,0.446895,0.447492,0.447863,0.44804,0.44804,0.447863,0.447492,0.446895,0.446026,0.444826,0.443227,0.441163,0.438576,0.435431,0.431729,0.427517,0.422897,0.418025,0.413101,0.408354,0.404014,0.40029,0.39734,0.395253,0.394042,0.393646,0.393943,0.394769,0.395942,0.397281,0.398625,0.399844,0.400836,0.401532,0.40189,0.40189
0.411096,0.411096,0.410615,0.409672,0.408313,0.406608,0.404662,0.402614,0.400635,0.398921,0.397678,0.397099,0.39734,0.3985,0.400602,0.403586,0.407316,0.411594,0.416185,0.420848,0.425361,0.429543,0.433267,0.436462,0.43911,0.441233,0.442881,0.444119,0.445014,0.445627,0.446007,0.446188,0.446188,0.446007,0.445627,0.445014,0.444119,0.442881,0.441233,0.43911,0.436462,0.433267,0.429543,0.425361,0.420848,0.416185,0.411594,0.407316,0.403586,0.400602,0.3985,0.39734,0.397099,0.397678,0.398921,0.400635,0.402614,0.404662,0.406608,0.408313,0.409672,0.410615,0.411096,0.411096
0.419732,0.419732,0.419165,0.41805,0.41643,0.414373,0.411983,0.409396,0.406787,0.404357,0.402327,0.400909,0.40029,0.400602,0.401902,0.404164,0.407276,0.411055,0.415272,0.419677,0.424034,0.428138,0.431841,0.43505,0.437727,0.439883,0.44156,0.442819,0.443727,0.444346,0.444728,0.44491,0.44491,0.444728,0.444346,0.443727,0.442819,0.44156,0.439883,0.437727,0.43505,0.431841,0.428138,0.424034,0.419677,0.415272,0.411055,0.407276,0.404164,0.401902,0.400602,0.40029,0.400909,0.402327,0.404357,0.406787,0.409396,0.411983,0.414373,0.41643,0.41805,0.419165,0.419732,0.419732
0.427608,0.427608,0.426993,0.425779,0.424005,0.421734,0.419058,0.416109,0.413054,0.410093,0.407452,0.405356,0.404014,0.403586,0.404164,0.405752,0.408269,0.411552,0.41538,0.419504,0.423674,0.42767,0.431322,0.434518,0.437203,0.439373,0.441064,0.442331,0.443242,0.44386,0.44424,0.44442,0.44442,0.44424,0.44386,0.443242,0.442331,0.441064,0.439373,0.437203,0.434518,0.431322,0.42767,0.423674,0.419504,0.41538,0.411552,0.408269,0.405752,0.404164,0.403586,0.404014,0.405356,0.407452,0.410093,0.413054,0.416109,0.419058,0.421734,0.424005,0.425779,0.426993,0.427608,0.427608
0.434599,0.434599,0.43397,0.432724,0.430894,0.428532,0.42572,0.422575,0.419252,0.415944,0.412871,0.410267,0.408354,0.407316,0.407276,0.408269,0.410244,0.413062,0.416515,0.420358,0.424335,0.428212,0.431802,0.434974,0.437656,0.439833,0.441531,0.442802,0.443712,0.444327,0.444703,0.444881,0.444881,0.444703,0.444327,0.443712,0.442802,0.441531,0.439833,0.437656,0.434974,0.431802,0.428212,0.424335,0.420358,0.416515,0.413062,0.410244,0.408269,0.407276,0.407316,0.408354,0.410267,0.412871,0.415944,0.419252,0.422575,0.42572,0.428532,0.430894,0.432724,0.43397,0.434599,0.434599
0.440643,0.440643,0.440027,0.438805,0.436999,0.434652,0.431831,0.428634,0.425202,0.421712,0.418377,0.41543,0.413101,0.411594,0.411055,0.411552,0.413062,0.41547,0.418588,0.422175,0.425975,0.429745,0.433279,0.436432,0.439117,0.441305,0.443014,0.444293,0.445206,0.44582,0.446194,0.44637,0.44637,0.446194,0.44582,0.445206,0.444293,0.443014,0.441305,0.439117,0.436432,0.433279,0.429745,0.425975,0.422175,0.418588,0.41547,0.413062,0.411552,0.411055,0.411594,0.413101,0.41543,0.418377,0.421712,0.425202,0.428634,0.431831,0.434652,0.436999,0.438805,0.440027,0.440643,0.440643
0.445738,0.445738,0.445156,0.443997,0.442277,0.440025,0.437291,0.434159,0.430746,0.427215,0.423766,0.420624,0.418025,0.416185,0.415272,0.41538,0.416515,0.418588,0.421428,0.424805,0.428463,0.432152,0.435655,0.438809,0.441514,0.443729,0.445464,0.446763,0.44769,0.448312,0.448688,0.448865,0.448865,0.448688,0.448312,0.44769,0.446763,0.445464,0.443729,0.441514,0.438809,0.435655,0.432152,0.428463,0.424805,0.421428,0.418588,0.416515,0.41538,0.415272,0.416185,0.418025,0.420624,0.423766,0.427215,0.430746,0.434159,0.437291,0.440025,0.442277,0.443997,0.445156,0.445738,0.445738
0.449933,0.449933,0.449397,0.448328,0.446732,0.444627,0.442049,0.439061,0.435764,0.432299,0.428852,0.42564,0.422897,0.420848,0.419677,0.419504,0.420358,0.422175,0.424805,0.428029,0.431592,0.43524,0.438746,0.441932,0.444685,0.446953,0.448737,0.450076,0.451032,0.451673,0.452061,0.452243,0.452243,0.452061,0.451673,0.451032,0.450076,0.448737,0.446953,0.444685,0.441932,0.438746,0.43524,0.431592,0.428029,0.424805,0.422175,0.420358,0.419504,0.419677,0.420848,0.422897,0.42564,0.428852,0.432299,0.435764,0.439061,0.442049,0.444627,0.446732,0.448328,0.449397,0.449933,0.449933
0.453311,0.453311,0.452828,0.45186,0.450408,0.448478,0.446092,0.443298,0.440177,0.436853,0.433493,0.430304,0.427517,0.425361,0.424034,0.423674,0.424335,0.425975,0.428463,0.431592,0.435113,0.438765,0.442312,0.445566,0.448401,0.450751,0.45261,0.454012,0.455016,0.455692,0.456102,0.456294,0.456294,0.456102,0.455692,0.455016,0.454012,0.45261,0.450751,0.448401,0.445566,0.442312,0.438765,0.435113,0.431592,0.428463,0.425975,0.424335,0.423674,0.424034,0.425361,0.427517,0.430304,0.433493,0.436853,0.440177,0.443298,0.446092,0.448478,0.450408,0.45186,0.452828,0.453311,0.453311
0.455981,0.455981,0.45555,0.454684,0.453377,0.451629,0.449449,0.446869,0.443954,0.440811,0.437591,0.434488,0.431729,0.429543,0.428138,0.42767,0.428212,0.429745,0.432152,0.43524,0.438765,0.442463,0.446091,0.449448,0.452395,0.454857,0.456817,0.458305,0.459377,0.460103,0.460544,0.460752,0.460752,0.460544,0.460103,0.459377,0.458305,0.456817,0.454857,0.452395,0.449448,0.446091,0.442463,0.438765,0.43524,0.432152,0.429745,0.428212,0.42767,0.428138,0.429543,0.431729,0.434488,0.437591,0.440811,0.443954,0.446869,0.449449,0.451629,0.453377,0.454684,0.45555,0.455981,0.455981
0.458053,0.458053,0.457671,0.4569,0.455731,0.454156,0.452174,0.449807,0.447104,0.444156,0.4411,0.438119,0.435431,0.433267,0.431841,0.431322,0.431802,0.433279,0.435655,0.438746,0.442312,0.446091,0.44983,0.453318,0.456404,0.459001,0.461086,0.462679,0.463836,0.464624,0.465107,0.465334,0.465334,0.465107,0.464624,0.463836,0.462679,0.461086,0.459001,0.456404,0.453318,0.44983,0.446091,0.442312,0.438746,0.435655,0.433279,0.431802,0.431322,0.431841,0.433267,0.435431,0.438119,0.4411,0.444156,0.447104,0.449807,0.452174,0.454156,0.455731,0.4569,0.457671,0.458053,0.458053
0.459641,0.459641,0.459301,0.458613,0.457565,0.456144,0.454342,0.45217,0.449666,0.446908,0.444019,0.441171,0.438576,0.436462,0.43505,0.434518,0.434974,0.436432,0.438809,0.441932,0.445566,0.449448,0.453318,0.456955,0.460197,0.462947,0.465169,0.466882,0.468136,0.468995,0.469525,0.469777,0.469777,0.469525,0.468995,0.468136,0.466882,0.465169,0.462947,0.460197,0.456955,0.453318,0.449448,0.445566,0.441932,0.438809,0.436432,0.434974,0.434518,0.43505,0.436462,0.438576,0.441171,0.444019,0.446908,0.449666,0.45217,0.454342,0.456144,0.457565,0.458613,0.459301,0.459641,0.459641
0.460843,0.460843,0.460538,0.45992,0.458974,0.457683,0.456035,0.454033,0.451704,0.449116,0.446382,0.443663,0.441163,0.43911,0.437727,0.437203,0.437656,0.439117,0.441514,0.444685,0.448401,0.452395,0.456404,0.460197,0.463601,0.466509,0.468876,0.470714,0.47207,0.473006,0.473587,0.473864,0.473864,0.473587,0.473006,0.47207,0.470714,0.468876,0.466509,0.463601,0.460197,0.456404,0.452395,0.448401,0.444685,0.441514,0.439117,0.437656,0.437203,0.437727,0.43911,0.441163,0.443663,0.446382,0.449116,0.451704,0.454033,0.456035,0.457683,0.458974,0.45992,0.460538,0.460843,0.460843
0.461745,0.461745,0.461468,0.460906,0.460042,0.458857,0.457334,0.455472,0.45329,0.450847,0.448245,0.44564,0.443227,0.441233,0.439883,0.439373,0.439833,0.441305,0.443729,0.446953,0.450751,0.454857,0.459001,0.462947,0.466509,0.46957,0.47208,0.474042,0.475499,0.476512,0.477144,0.477446,0.477446,0.477144,0.476512,0.475499,0.474042,0.47208,0.46957,0.466509,0.462947,0.459001,0.454857,0.450751,0.446953,0.443729,0.441305,0.439833,0.439373,0.439883,0.441233,0.443227,0.44564,0.448245,0.450847,0.45329,0.455472,0.457334,0.458857,0.460042,0.460906,0.461468,0.461745,0.461745
0.462417,0.462417,0.462162,0.461642,0.460841,0.459738,0.458314,0.456562,0.454498,0.452171,0.449679,0.447166,0.444826,0.442881,0.44156,0.441064,0.441531,0.443014,0.445464,0.448737,0.45261,0.456817,0.461086,0.465169,0.468876,0.47208,0.474721,0.476799,0.47835,0.479435,0.480116,0.480443,0.480443,0.480116,0.479435,0.47835,0.476799,0.474721,0.47208,0.468876,0.465169,0.461086,0.456817,0.45261,0.448737,0.445464,0.443014,0.441531,0.441064,0.44156,0.442881,0.444826,0.447166,0.449679,0.452171,0.454498,0.456562,0.458314,0.459738,0.460841,0.461642,0.462162,0.462417,0.462417
0.462912,0.462912,0.462672,0.462184,0.461431,0.460389,0.45904,0.457372,0.455397,0.45316,0.450751,0.448311,0.446026,0.444119,0.442819,0.442331,0.442802,0.444293,0.446763,0.450076,0.454012,0.458305,0.462679,0.466882,0.470714,0.474042,0.476799,0.478978,0.480613,0.481762,0.482486,0.482834,0.482834,0.482486,0.481762,0.480613,0.478978,0.476799,0.474042,0.470714,0.466882,0.462679,0.458305,0.454012,0.450076,0.446763,0.444293,0.442802,0.442331,0.442819,0.444119,0.446026,0.448311,0.450751,0.45316,0.455397,0.457372,0.45904,0.460389,0.461431,0.462184,0.462672,0.462912,0.462912
0.463269,0.463269,0.463041,0.462575,0.461855,0.460858,0.459563,0.457956,0.456047,0.453876,0.451528,0.44914,0.446895,0.445014,0.443727,0.443242,0.443712,0.445206,0.44769,0.451032,0.455016,0.459377,0.463836,0.468136,0.47207,0.475499,0.47835,0.480613,0.482318,0.48352,0.48428,0.484645,0.484645,0.48428,0.48352,0.482318,0.480613,0.47835,0.475499,0.47207,0.468136,0.463836,0.459377,0.455016,0.451032,0.44769,0.445206,0.443712,0.443242,0.443727,0.445014,0.446895,0.44914,0.451528,0.453876,0.456047,0.457956,0.459563,0.460858,0.461855,0.462575,0.463041,0.463269,0.463269
0.463515,0.463515,0.463295,0.462845,0.462148,0.461182,0.459923,0.458358,0.456494,0.454368,0.452062,0.44971,0.447492,0.445627,0.444346,0.44386,0.444327,0.44582,0.448312,0.451673,0.455692,0.460103,0.464624,0.468995,0.473006,0.476512,0.479435,0.481762,0.48352,0.484763,0.48555,0.48593,0.48593,0.48555,0.484763,0.48352,0.481762,0.479435,0.476512,0.473006,0.468995,0.464624,0.460103,0.455692,0.451673,0.448312,0.44582,0.444327,0.44386,0.444346,0.445627,0.447492,0.44971,0.452062,0.454368,0.456494,0.458358,0.459923,0.461182,0.462148,0.462845,0.463295,0.463515,0.463515
0.463671,0.463671,0.463455,0.463015,0.462332,0.461384,0.460148,0.45861,0.456773,0.454676,0.452396,0.450065,0.447863,0.446007,0.444728,0.44424,0.444703,0.446194,0.448688,0.452061,0.456102,0.460544,0.465107,0.469525,0.473587,0.477144,0.480116,0.482486,0.48428,0.48555,0.486355,0.486744,0.486744,0.486355,0.48555,0.48428,0.482486,0.480116,0.477144,0.473587,0.469525,0.465107,0.460544,0.456102,0.452061,0.448688,0.446194,0.444703,0.44424,0.444728,0.446007,0.447863,0.450065,0.452396,0.454676,0.456773,0.45861,0.460148,0.461384,0.462332,0.463015,0.463455,0.463671,0.463671
0.463746,0.463746,0.463533,0.463097,0.462421,0.461482,0.460257,0.458731,0.456908,0.454823,0.452556,0.450235,0.44804,0.446188,0.44491,0.44442,0.444881,0.44637,0.448865,0.452243,0.456294,0.460752,0.465334,0.469777,0.473864,0.477446,0.480443,0.482834,0.484645,0.48593,0.486744,0.487138,0.487138,0.486744,0.48593,0.484645,0.482834,0.480443,0.477446,0.473864,0.469777,0.465334,0.460752,0.456294,0.452243,0.448865,0.44637,0.444881,0.44442,0.44491,0.446188,0.44804,0.450235,0.452556,0.454823,0.456908,0.458731,0.460257,0.461482,0.462421,0.463097,0.463533,0.463746,0.463746
0.463746,0.463746,0.463533,0.463097,0.462421,0.461482,0.460257,0.458731,0.456908,0.454823,0.452556,0.450235,0.44804,0.446188,0.44491,0.44442,0.444881,0.44637,0.448865,0.452243,0.456294,0.460752,0.465334,0.469777,0.473864,0.477446,0.480443,0.482834,0.484645,0.48593,0.486744,0.487138,0.487138,0.486744,0.48593,0.484645,0.482834,0.480443,0.477446,0.473864,0.469777,0.465334,0.460752,0.456294,0.452243,0.448865,0.44637,0.444881,0.44442,0.44491,0.446188,0.44804,0.450235,0.452556,0.454823,0.456908,0.458731,0.460257,0.461482,0.462421,0.463097,0.463533,0.463746,0.463746
0.463671,0.463671,0.463455,0.463015,0.462332,0.461384,0.460148,0.45861,0.456773,0.454676,0.452396,0.450065,0.447863,0.446007,0.444728,0.44424,0.444703,0.446194,0.448688,0.452061,0.456102,0.460544,0.465107,0.469525,0.473587,0.477144,0.480116,0.482486,0.48428,0.48555,0.486355,0.486744,0.486744,0.486355,0.48555,0.48428,0.482486,0.480116,0.477144,0.473587,0.469525,0.465107,0.460544,0.456102,0.452061,0.448688,0.446194,0.444703,0.44424,0.444728,0.446007,0.447863,0.450065,0.452396,0.454676,0.456773,0.45861,0.460148,0.461384,0.462332,0.463015,0.463455,0.463671,0.463671
0.463515,0.463515,0.463295,0.462845,0.462148,0.461182,0.459923,0.458358,0.456494,0.454368,0.452062,0.44971,0.447492,0.445627,0.444346,0.44386,0.444327,0.44582,0.448312,0.451673,0.455692,0.460103,0.464624,0.468995,0.473006,0.476512,0.479435,0.481762,0.48352,0.484763,0.48555,0.48593,0.48593,0.48555,0.484763,0.48352,0.481762,0.479435,0.476512,0.473006,0.468995,0.464624,0.460103,0.455692,0.451673,0.448312,0.44582,0.444327,0.44386,0.444346,0.445627,0.447492,0.44971,0.452062,0.454368,0.456494,0.458358,0.459923,0.461182,0.462148,0.462845,0.463295,0.463515,0.463515
0.463269,0.463269,0.463041,0.462575,0.461855,0.460858,0.459563,0.457956,0.456047,0.453876,0.451528,0.44914,0.446895,0.445014,0.443727,0.443242,0.443712,0.445206,0.44769,0.451032,0.455016,0.459377,0.463836,0.468136,0.47207,0.475499,0.47835,0.480613,0.482318,0.48352,0.48428,0.484645,0.484645,0.48428,0.48352,0.482318,0.480613,0.47835,0.475499,0.47207,0.468136,0.463836,0.459377,0.455016,0.451032,0.44769,0.445206,0.443712,0.443242,0.443727,0.445014,0.446895,0.44914,0.451528,0.453876,0.456047,0.457956,0.459563,0.460858,0.461855,0.462575,0.463041,0.463269,0.463269
0.462912,0.462912,0.462672,0.462184,0.461431,0.460389,0.45904,0.457372,0.455397,0.45316,0.450751,0.448311,0.446026,0.444119,0.442819,0.442331,0.442802,0.444293,0.446763,0.450076,0.454012,0.458305,0.462679,0.466882,0.470714,0.474042,0.476799,0.478978,0.480613,0.481762,0.482486,0.482834,0.482834,0.482486,0.481762,0.480613,0.478978,0.476799,0.474042,0.470714,0.466882,0.462679,0.458305,0.454012,0.450076,0.446763,0.444293,0.442802,0.442331,0.442819,0.444119,0.446026,0.448311,0.450751,0.45316,0.455397,0.457372,0.45904,0.460389,0.461431,0.462184,0.462672,0.462912,0.462912
0.462417,0.462417,0.462162,0.461642,0.460841,0.459738,0.458314,0.456562,0.454498,0.452171,0.449679,0.447166,0.444826,0.442881,0.44156,0.441064,0.441531,0.443014,0.445464,0.448737,0.45261,0.456817,0.461086,0.465169,0.468876,0.47208,0.474721,0.476799,0.47835,0.479435,0.480116,0.480443,0.480443,0.480116,0.479435,0.47835,0.476799,0.474721,0.47208,0.468876,0.465169,0.461086,0.456817,0.45261,0.448737,0.445464,0.443014,0.441531,0.441064,0.44156,0.442881,0.444826,0.447166,0.449679,0.452171,0.454498,0.456562,0.458314,0.459738,0.460841,0.461642,0.462162,0.462417,0.462417
0.461745,0.461745,0.461468,0.460906,0.460042,0.458857,0.457334,0.455472,0.45329,0.450847,0.448245,0.44564,0.443227,0.441233,0.439883,0.439373,0.439833,0.441305,0.443729,0.446953,0.450751,0.454857,0.459001,0.462947,0.466509,0.46957,0.47208,0.474042,0.475499,0.476512,0.477144,0.477446,0.477446,0.477144,0.476512,0.475499,0.474042,0.47208,0.46957,0.466509,0.462947,0.459001,0.454857,0.450751,0.446953,0.443729,0.441305,0.439833,0.439373,0.439883,0.441233,0.443227,0.44564,0.448245,0.450847,0.45329,0.455472,0.457334,0.458857,0.460042,0.460906,0.461468,0.461745,0.461745
0.460843,0.460843,0.460538,0.45992,0.458974,0.457683,0.456035,0.454033,0.451704,0.449116,0.446382,0.443663,0.441163,0.43911,0.437727,0.437203,0.437656,0.439117,0.441514,0.444685,0.448401,0.452395,0.456404,0.460197,0.463601,0.466509,0.468876,0.470714,0.47207,0.473006,0.473587,0.473864,0.473864,0.473587,0.473006,0.47207,0.470714,0.468876,0.466509,0.463601,0.460197,0.456404,0.452395,0.448401,0.444685,0.441514,0.439117,0.437656,0.437203,0.437727,0.43911,0.441163,0.443663,0.446382,0.449116,0.451704,0.454033,0.456035,0.457683,0.458974,0.45992,0.460538,0.460843,0.460843
0.459641,0.459641,0.459301,0.458613,0.457565,0.456144,0.454342,0.45217,0.449666,0.446908,0.444019,0.441171,0.438576,0.436462,0.43505,0.434518,0.434974,0.436432,0.438809,0.441932,0.445566,0.449448,0.453318,0.456955,0.460197,0.462947,0.465169,0.466882,0.468136,0.468995,0.469525,0.469777,0.469777,0.469525,0.468995,0.468136,0.466882,0.465169,0.462947,0.460197,0.456955,0.453318,0.449448,0.445566,0.441932,0.438809,0.436432,0.434974,0.434518,0.43505,0.436462,0.438576,0.441171,0.444019,0.446908,0.449666,0.45217,0.454342,0.456144,0.457565,0.458613,0.459301,0.459641,0.459641
0.458053,0.458053,0.457671,0.4569,0.455731,0.454156,0.452174,0.449807,0.447104,0.444156,0.4411,0.438119,0.435431,0.433267,0.431841,0.431322,0.431802,0.433279,0.435655,0.438746,0.442312,0.446091,0.44983,0.453318,0.456404,0.459001,0.461086,0.462679,0.463836,0.464624,0.465107,0.465334,0.465334,0.465107,0.464624,0.463836,0.462679,0.461086,0.459001,0.456404,0.453318,0.44983,0.446091,0.442312,0.438746,0.435655,0.433279,0.431802,0.431322,0.431841,0.433267,0.435431,0.438119,0.4411,0.444156,0.447104,0.449807,0.452174,0.454156,0.455731,0.4569,0.457671,0.458053,0.458053
0.455981,0.455981,0.45555,0.454684,0.453377,0.451629,0.449449,0.446869,0.443954,0.440811,0.437591,0.434488,0.431729,0.429543,0.428138,0.42767,0.428212,0.429745,0.432152,0.43524,0.438765,0.442463,0.446091,0.449448,0.452395,0.454857,0.456817,0.458305,0.459377,0.460103,0.460544,0.460752,0.460752,0.460544,0.460103,0.459377,0.458305,0.456817,0.454857,0.452395,0.449448,0.446091,0.442463,0.438765,0.43524,0.432152,0.429745,0.428212,0.42767,0.428138,0.429543,0.431729,0.434488,0.437591,0.440811,0.443954,0.446869,0.449449,0.451629,0.453377,0.454684,0.45555,0.455981,0.455981
0.453311,0.453311,0.452828,0.45186,0.450408,0.448478,0.446092,0.443298,0.440177,0.436853,0.433493,0.430304,0.427517,0.425361,0.424034,0.423674,0.424335,0.425975,0.428463,0.431592,0.435113,0.438765,0.442312,0.445566,0.448401,0.450751,0.45261,0.454012,0.455016,0.455692,0.456102,0.456294,0.456294,0.456102,0.455692,0.455016,0.454012,0.45261,0.450751,0.448401,0.445566,0.442312,0.438765,0.435113,0.431592,0.428463,0.425975,0.424335,0.423674,0.424034,0.425361,0.427517,0.430304,0.433493,0.436853,0.440177,0.443298,0.446092,0.448478,0.450408,0.45186,0.452828,0.453311,0.453311
0.449933,0.449933,0.449397,0.448328,0.446732,0.444627,0.442049,0.439061,0.435764,0.432299,0.428852,0.42564,0.422897,0.420848,0.419677,0.419504,0.420358,0.422175,0.424805,0.428029,0.431592,0.43524,0.438746,0.441932,0.444685,0.446953,0.448737,0.450076,0.451032,0.451673,0.452061,0.452243,0.452243,0.452061,0.451673,0.451032,0.450076,0.448737,0.446953,0.444685,0.441932,0.438746,0.43524,0.431592,0.428029,0.424805,0.422175,0.420358,0.419504,0.419677,0.420848,0.422897,0.42564,0.428852,0.432299,0.435764,0.439061,0.442049,0.444627,0.446732,0.448328,0.449397,0.449933,0.449933
0.445738,0.445738,0.445156,0.443997,0.442277,0.440025,0.437291,0.434159,0.430746,0.427215,0.423766,0.420624,0.418025,0.416185,0.415272,0.41538,0.416515,0.418588,0.421428,0.424805,0.428463,0.432152,0.435655,0.438809,0.441514,0.443729,0.445464,0.446763,0.44769,0.448312,0.448688,0.448865,0.448865,0.448688,0.448312,0.44769,0.446763,0.445464,0.443729,0.441514,0.438809,0.435655,0.432152,0.428463,0.424805,0.421428,0.418588,0.416515,0.41538,0.415272,0.416185,0.418025,0.420624,0.423766,0.427215,0.430746,0.434159,0.437291,0.440025,0.442277,0.443997,0.445156,0.445738,0.445738
0.440643,0.440643,0.440027,0.438805,0.436999,0.434652,0.431831,0.428634,0.425202,0.421712,0.418377,0.41543,0.413101,0.411594,0.411055,0.411552,0.413062,0.41547,0.418588,0.422175,0.425975,0.429745,0.433279,0.436432,0.439117,0.441305,0.443014,0.444293,0.445206,0.44582,0.446194,0.44637,0.44637,0.446194,0.44582,0.445206,0.444293,0.443014,0.441305,0.439117,0.436432,0.433279,0.429745,0.425975,0.422175,0.418588,0.41547,0.413062,0.411552,0.411055,0.411594,0.413101,0.41543,0.418377,0.421712,0.425202,0.428634,0.431831,0.434652,0.436999,0.438805,0.440027,0.440643,0.440643
0.434599,0.434599,0.43397,0.432724,0.430894,0.428532,0.42572,0.422575,0.419252,0.415944,0.412871,0.410267,0.408354,0.407316,0.407276,0.408269,0.410244,0.413062,0.416515,0.420358,0.424335,0.428212,0.431802,0.434974,0.437656,0.439833,0.441531,0.442802,0.443712,0.444327,0.444703,0.444881,0.444881,0.444703,0.444327,0.443712,0.442802,0.441531,0.439833,0.437656,0.434974,0.431802,0.428212,0.424335,0.420358,0.416515,0.413062,0.410244,0.408269,0.407276,0.407316,0.408354,0.410267,0.412871,0.415944,0.419252,0.422575,0.42572,0.428532,0.430894,0.432724,0.43397,0.434599,0.434599
0.427608,0.427608,0.426993,0.425779,0.424005,0.421734,0.419058,0.416109,0.413054,0.410093,0.407452,0.405356,0.404014,0.403586,0.404164,0.405752,0.408269,0.411552,0.41538,0.419504,0.423674,0.42767,0.431322,0.434518,0.437203,0.439373,0.441064,0.442331,0.443242,0.44386,0.44424,0.44442,0.44442,0.44424,0.44386,0.443242,0.442331,0.441064,0.439373,0.437203,0.434518,0.431322,0.42767,0.423674,0.419504,0.41538,0.411552,0.408269,0.405752,0.404164,0.403586,0.404014,0.405356,0.407452,0.410093,0.413054,0.416109,0.419058,0.421734,0.424005,0.425779,0.426993,0.427608,0.427608
0.419732,0.419732,0.419165,0.41805,0.41643,0.414373,0.411983,0.409396,0.406787,0.404357,0.402327,0.400909,0.40029,0.400602,0.401902,0.404164,0.407276,0.411055,0.415272,0.419677,0.424034,0.428138,0.431841,0.43505,0.437727,0.439883,0.44156,0.442819,0.443727,0.444346,0.444728,0.44491,0.44491,0.444728,0.444346,0.443727,0.442819,0.44156,0.439883,0.437727,0.43505,0.431841,0.428138,0.424034,0.419677,0.415272,0.411055,0.407276,0.404164,0.401902,0.400602,0.40029,0.400909,0.402327,0.404357,0.406787,0.409396,0.411983,0.414373,0.41643,0.41805,0.419165,0.419732,0.419732
0.411096,0.411096,0.410615,0.409672,0.408313,0.406608,0.404662,0.402614,0.400635,0.398921,0.397678,0.397099,0.39734,0.3985,0.400602,0.403586,0.407316,0.411594,0.416185,0.420848,0.425361,0.429543,0.433267,0.436462,0.43911,0.441233,0.442881,0.444119,0.445014,0.445627,0.446007,0.446188,0.446188,0.446007,0.445627,0.445014,0.444119,0.442881,0.441233,0.43911,0.436462,0.433267,0.429543,0.425361,0.420848,0.416185,0.411594,0.407316,0.403586,0.400602,0.3985,0.39734,0.397099,0.397678,0.398921,0.400635,0.402614,0.404662,0.406608,0.408313,0.409672,0.410615,0.411096,0.411096
0.40189,0.40189,0.401532,0.400836,0.399844,0.398625,0.397281,0.395942,0.394769,0.393943,0.393646,0.394042,0.395253,0.39734,0.40029,0.404014,0.408354,0.413101,0.418025,0.422897,0.427517,0.431729,0.435431,0.438576,0.441163,0.443227,0.444826,0.446026,0.446895,0.447492,0.447863,0.44804,0.44804,0.447863,0.447492,0.446895,0.446026,0.444826,0.443227,0.441163,0.438576,0.435431,0.431729,0.427517,0.422897,0.418025,0.413101,0.408354,0.404014,0.40029,0.39734,0.395253,0.394042,0.393646,0.393943,0.394769,0.395942,0.397281,0.398625,0.399844,0.400836,0.401532,0.40189,0.40189
0.392354,0.392354,0.392153,0.39177,0.391241,0.39063,0.390025,0.389544,0.38933,0.389536,0.390312,0.391787,0.394042,0.397099,0.400909,0.405356,0.410267,0.41543,0.420624,0.42564,0.430304,0.434488,0.438119,0.441171,0.443663,0.44564,0.447166,0.448311,0.44914,0.44971,0.450065,0.450235,0.450235,0.450065,0.44971,0.44914,0.448311,0.447166,0.44564,0.443663,0.441171,0.438119,0.434488,0.430304,0.42564,0.420624,0.41543,0.410267,0.405356,0.400909,0.397099,0.394042,0.391787,0.390312,0.389536,0.38933,0.389544,0.390025,0.39063,0.391241,0.39177,0.392153,0.392354,0.392354
0.382763,0.382763,0.382746,0.382727,0.382737,0.382826,0.383068,0.383561,0.384418,0.385759,0.387696,0.390312,0.393646,0.397678,0.402327,0.407452,0.412871,0.418377,0.423766,0.428852,0.433493,0.437591,0.4411,0.444019,0.446382,0.448245,0.449679,0.450751,0.451528,0.452062,0.452396,0.452556,0.452556,0.452396,0.452062,0.451528,0.450751,0.449679,0.448245,0.446382,0.444019,0.4411,0.437591,0.433493,0.428852,0.423766,0.418377,0.412871,0.407452,0.402327,0.397678,0.393646,0.390312,0.387696,0.385759,0.384418,0.383561,0.383068,0.382826,0.382737,0.382727,0.382746,0.382763,0.382763
0.373402,0.373402,0.373586,0.373963,0.374557,0.375404,0.376561,0.378095,0.380089,0.382622,0.385759,0.389536,0.393943,0.398921,0.404357,0.410093,0.415944,0.421712,0.427215,0.432299,0.436853,0.440811,0.444156,0.446908,0.449116,0.450847,0.452171,0.45316,0.453876,0.454368,0.454676,0.454823,0.454823,0.454676,0.454368,0.453876,0.45316,0.452171,0.450847,0.449116,0.446908,0.444156,0.440811,0.436853,0.432299,0.427215,0.421712,0.415944,0.410093,0.404357,0.398921,0.393943,0.389536,0.385759,0.382622,0.380089,0.378095,0.376561,0.375404,0.374557,0.373963,0.373586,0.373402,0.373402
0.364548,0.364548,0.364936,0.365719,0.366909,0.368532,0.370621,0.373216,0.376361,0.380089,0.384418,0.38933,0.394769,0.400635,0.406787,0.413054,0.419252,0.425202,0.430746,0.435764,0.440177,0.443954,0.447104,0.449666,0.451704,0.45329,0.454498,0.455397,0.456047,0.456494,0.456773,0.456908,0.456908,0.456773,0.456494,0.456047,0.455397,0.454498,0.45329,0.451704,0.449666,0.447104,0.443954,0.440177,0.435764,0.430746,0.425202,0.419252,0.413054,0.406787,0.400635,0.394769,0.38933,0.384418,0.380089,0.376361,0.373216,0.370621,0.368532,0.366909,0.365719,0.364936,0.364548,0.364548
0.356443,0.356443,0.357028,0.358201,0.359969,0.362344,0.365336,0.368959,0.373216,0.378095,0.383561,0.389544,0.395942,0.402614,0.409396,0.416109,0.422575,0.428634,0.434159,0.439061,0.443298,0.446869,0.449807,0.45217,0.454033,0.455472,0.456562,0.457372,0.457956,0.458358,0.45861,0.458731,0.458731,0.45861,0.458358,0.457956,0.457372,0.456562,0.455472,0.454033,0.45217,0.449807,0.446869,0.443298,0.439061,0.434159,0.428634,0.422575,0.416109,0.409396,0.402614,0.395942,0.389544,0.383561,0.378095,0.373216,0.368959,0.365336,0.362344,0.359969,0.358201,0.357028,0.356443,0.356443
0.349282,0.349282,0.350046,0.351576,0.353873,0.356938,0.360764,0.365336,0.370621,0.376561,0.383068,0.390025,0.397281,0.404662,0.411983,0.419058,0.42572,0.431831,0.437291,0.442049,0.446092,0.449449,0.452174,0.454342,0.456035,0.457334,0.458314,0.45904,0.459563,0.459923,0.460148,0.460257,0.460257,0.460148,0.459923,0.459563,0.45904,0.458314,0.457334,0.456035,0.454342,0.452174,0.449449,0.446092,0.442049,0.437291,0.431831,0.42572,0.419058,0.411983,0.404662,0.397281,0.390025,0.383068,0.376561,0.370621,0.365336,0.360764,0.356938,0.353873,0.351576,0.350046,0.349282,0.349282
0.343205,0.343205,0.344123,0.34596,0.348716,0.352381,0.356938,0.362344,0.368532,0.375404,0.382826,0.39063,0.398625,0.406608,0.414373,0.421734,0.428532,0.434652,0.440025,0.444627,0.448478,0.451629,0.454156,0.456144,0.457683,0.458857,0.459738,0.460389,0.460858,0.461182,0.461384,0.461482,0.461482,0.461384,0.461182,0.460858,0.460389,0.459738,0.458857,0.457683,0.456144,0.454156,0.451629,0.448478,0.444627,0.440025,0.434652,0.428532,0.421734,0.414373,0.406608,0.398625,0.39063,0.382826,0.375404,0.368532,0.362344,0.356938,0.352381,0.348716,0.34596,0.344123,0.343205,0.343205
0.338301,0.338301,0.339343,0.34143,0.344558,0.348716,0.353873,0.359969,0.366909,0.374557,0.382737,0.391241,0.399844,0.408313,0.41643,0.424005,0.430894,0.436999,0.442277,0.446732,0.450408,0.453377,0.455731,0.457565,0.458974,0.460042,0.460841,0.461431,0.461855,0.462148,0.462332,0.462421,0.462421,0.462332,0.462148,0.461855,0.461431,0.460841,0.460042,0.458974,0.457565,0.455731,0.453377,0.450408,0.446732,0.442277,0.436999,0.430894,0.424005,0.41643,0.408313,0.399844,0.391241,0.382737,0.374557,0.366909,0.359969,0.353873,0.348716,0.344558,0.34143,0.339343,0.338301,0.338301
0.334614,0.334614,0.335749,0.338021,0.34143,0.34596,0.351576,0.358201,0.365719,0.373963,0.382727,0.39177,0.400836,0.409672,0.41805,0.425779,0.432724,0.438805,0.443997,0.448328,0.45186,0.454684,0.4569,0.458613,0.45992,0.460906,0.461642,0.462184,0.462575,0.462845,0.463015,0.463097,0.463097,0.463015,0.462845,0.462575,0.462184,0.461642,0.460906,0.45992,0.458613,0.4569,0.454684,0.45186,0.448328,0.443997,0.438805,0.432724,0.425779,0.41805,0.409672,0.400836,0.39177,0.382727,0.373963,0.365719,0.358201,0.351576,0.34596,0.34143,0.338021,0.335749,0.334614,0.334614
0.332158,0.332158,0.333354,0.335749,0.339343,0.344123,0.350046,0.357028,0.364936,0.373586,0.382746,0.392153,0.401532,0.410615,0.419165,0.426993,0.43397,0.440027,0.445156,0.449397,0.452828,0.45555,0.457671,0.459301,0.460538,0.461468,0.462162,0.462672,0.463041,0.463295,0.463455,0.463533,0.463533,0.463455,0.463295,0.463041,0.462672,0.462162,0.461468,0.460538,0.459301,0.457671,0.45555,0.452828,0.449397,0.445156,0.440027,0.43397,0.426993,0.419165,0.410615,0.401532,0.392153,0.382746,0.373586,0.364936,0.357028,0.350046,0.344123,0.339343,0.335749,0.333354,0.332158,0.332158
0.330932,0.330932,0.332158,0.334614,0.338301,0.343205,0.349282,0.356443,0.364548,0.373402,0.382763,0.392354,0.40189,0.411096,0.419732,0.427608,0.434599,0.440643,0.445738,0.449933,0.453311,0.455981,0.458053,0.459641,0.460843,0.461745,0.462417,0.462912,0.463269,0.463515,0.463671,0.463746,0.463746,0.463671,0.463515,0.463269,0.462912,0.462417,0.461745,0.460843,0.459641,0.458053,0.455981,0.453311,0.449933,0.445738,0.440643,0.434599,0.427608,0.419732,0.411096,0.40189,0.392354,0.382763,0.373402,0.364548,0.356443,0.349282,0.343205,0.338301,0.334614,0.332158,0.330932,0.330932
0.330932,0.330932,0.332158,0.334614,0.338301,0.343205,0.349282,0.356443,0.364548,0.373402,0.382763,0.392354,0.40189,0.411096,0.419732,0.427608,0.434599,0.440643,0.445738,0.449933,0.453311,0.455981,0.458053,0.459641,0.460843,0.461745,0.462417,0.462912,0.463269,0.463515,0.463671,0.463746,0.463746,0.463671,0.463515,0.463269,0.462912,0.462417,0.461745,0.460843,0.459641,0.458053,0.455981,0.453311,0.449933,0.445738,0.440643,0.434599,0.427608,0.419732,0.411096,0.40189,0.392354,0.382763,0.373402,0.364548,0.356443,0.349282,0.343205,0.338301,0.334614,0.332158,0.330932,0.330932
