0.5,0.5,0.5,0.5,0.5,0.5,0.5,0.5,0.5,0.5,0.5,0.499999,0.499999,0.499998,0.499997,0.499995,0.499992,0.499988,0.499983,0.499976,0.499967,0.499956,0.499943,0.499928,0.499911,0.499894,0.499876,0.499859,0.499844,0.499831,0.499823,0.499818,0.499818,0.499823,0.499831,0.499844,0.499859,0.499876,0.499894,0.499911,0.499928,0.499943,0.499956,0.499967,0.499976,0.499983,0.499988,0.499992,0.499995,0.499997,0.499998,0.499999,0.499999,0.5,0.5,0.5,0.5,0.5,0.5,0.5,0.5,0.5,0.5,0.5
0.5,0.5,0.5,0.5,0.5,0.5,0.5,0.5,0.5,0.5,0.5,0.499999,0.499999,0.499998,0.499997,0.499995,0.499992,0.499988,0.499983,0.499976,0.499967,0.499956,0.499943,0.499928,0.499911,0.499894,0.499876,0.499859,0.499844,0.499831,0.499823,0.499818,0.499818,0.499823,0.499831,0.499844,0.499859,0.499876,0.499894,0.499911,0.499928,0.499943,0.499956,0.499967,0.499976,0.499983,0.499988,0.499992,0.499995,0.499997,0.499998,0.499999,0.499999,0.5,0.5,0.5,0.5,0.5,0.5,0.5,0.5,0.5,0.5,0.5
0.5,0.5,0.5,0.5,0.5,0.5,0.5,0.5,0.5,0.5,0.499999,0.499999,0.499998,0.499997,0.499995,0.499992,0.499987,0.499981,0.499972,0.499961,0.499947,0.49993,0.499909,0.499886,0.49986,0.499833,0.499805,0.499779,0.499756,0.499736,0.499723,0.499716,0.499716,0.499723,0.499736,0.499756,0.499779,0.499805,0.499833,0.49986,0.499886,0.499909,0.49993,0.499947,0.499961,0.499972,0.499981,0.499987,0.499992,0.499995,0.499997,0.499998,0.499999,0.499999,0.5,0.5,0.5,0.5,0.5,0.5,0.5,0.5,0.5,0.5
0.5,0.5,0.5,0.5,0.5,0.5,0.5,0.5,0.5,0.499999,0.499999,0.499998,0.499996,0.499993,0.499989,0.499983,0.499975,0.499963,0.499947,0.499925,0.499899,0.499866,0.499828,0.499784,0.499736,0.499685,0.499634,0.499586,0.499543,0.499508,0.499483,0.49947,0.49947,0.499483,0.499508,0.499543,0.499586,0.499634,0.499685,0.499736,0.499784,0.499828,0.499866,0.499899,0.499925,0.499947,0.499963,0.499975,0.499983,0.499989,0.499993,0.499996,0.499998,0.499999,0.499999,0.5,0.5,0.5,0.5,0.5,0.5,0.5,0.5,0.5
0.5,0.5,0.5,0.5,0.5,0.5,0.5,0.5,0.499999,0.499998,0.499997,0.499995,0.499992,0.499987,0.499978,0.499967,0.49995,0.499926,0.499894,0.499853,0.499801,0.499738,0.499664,0.499581,0.499489,0.499394,0.499298,0.499207,0.499126,0.499061,0.499014,0.49899,0.49899,0.499014,0.499061,0.499126,0.499207,0.499298,0.499394,0.499489,0.499581,0.499664,0.499738,0.499801,0.499853,0.499894,0.499926,0.49995,0.499967,0.499978,0.499987,0.499992,0.499995,0.499997,0.499998,0.499999,0.5,0.5,0.5,0.5,0.5,0.5,0.5,0.5
0.5,0.5,0.5,0.5,0.5,0.5,0.5,0.499999,0.499998,0.499997,0.499994,0.49999,0.499984,0.499973,0.499957,0.499934,0.499901,0.499856,0.499795,0.499716,0.499618,0.499499,0.499361,0.499204,0.499035,0.498858,0.498681,0.498514,0.498366,0.498245,0.49816,0.498116,0.498116,0.49816,0.498245,0.498366,0.498514,0.498681,0.498858,0.499035,0.499204,0.499361,0.499499,0.499618,0.499716,0.499795,0.499856,0.499901,0.499934,0.499957,0.499973,0.499984,0.49999,0.499994,0.499997,0.499998,0.499999,0.5,0.5,0.5,0.5,0.5,0.5,0.5
0.5,0.5,0.5,0.5,0.5,0.5,0.499999,0.499998,0.499997,0.499994,0.499989,0.499981,0.499968,0.499948,0.499918,0.499874,0.499812,0.499727,0.499614,0.499469,0.499288,0.499072,0.49882,0.498537,0.498231,0.497914,0.497599,0.497301,0.497038,0.496825,0.496674,0.496596,0.496596,0.496674,0.496825,0.497038,0.497301,0.497599,0.497914,0.498231,0.498537,0.49882,0.499072,0.499288,0.499469,0.499614,0.499727,0.499812,0.499874,0.499918,0.499948,0.499968,0.499981,0.499989,0.499994,0.499997,0.499998,0.499999,0.5,0.5,0.5,0.5,0.5,0.5
0.5,0.5,0.5,0.5,0.5,0.499999,0.499998,0.499997,0.499994,0.499988,0.499979,0.499964,0.49994,0.499903,0.499847,0.499767,0.499653,0.499499,0.499296,0.499037,0.498717,0.498334,0.497891,0.497397,0.496866,0.496317,0.495773,0.495262,0.494811,0.494447,0.49419,0.494057,0.494057,0.49419,0.494447,0.494811,0.495262,0.495773,0.496317,0.496866,0.497397,0.497891,0.498334,0.498717,0.499037,0.499296,0.499499,0.499653,0.499767,0.499847,0.499903,0.49994,0.499964,0.499979,0.499988,0.499994,0.499997,0.499998,0.499999,0.5,0.5,0.5,0.5,0.5
0.5,0.5,0.5,0.5,0.499999,0.499998,0.499997,0.499994,0.499988,0.499978,0.499961,0.499934,0.49989,0.499824,0.499724,0.499581,0.499382,0.499112,0.498758,0.49831,0.49776,0.497107,0.496356,0.495522,0.494631,0.493713,0.492809,0.491962,0.491217,0.490616,0.490194,0.489976,0.489976,0.490194,0.490616,0.491217,0.491962,0.492809,0.493713,0.494631,0.495522,0.496356,0.497107,0.49776,0.49831,0.498758,0.499112,0.499382,0.499581,0.499724,0.499824,0.49989,0.499934,0.499961,0.499978,0.499988,0.499994,0.499997,0.499998,0.499999,0.5,0.5,0.5,0.5
0.5,0.5,0.5,0.499999,0.499998,0.499997,0.499994,0.499988,0.499978,0.49996,0.499931,0.499882,0.499806,0.49969,0.499518,0.499272,0.498931,0.498474,0.497879,0.49713,0.496216,0.495138,0.493907,0.492549,0.491104,0.489625,0.488174,0.486821,0.485635,0.48468,0.484011,0.483666,0.483666,0.484011,0.48468,0.485635,0.486821,0.488174,0.489625,0.491104,0.492549,0.493907,0.495138,0.496216,0.49713,0.497879,0.498474,0.498931,0.499272,0.499518,0.49969,0.499806,0.499882,0.499931,0.49996,0.499978,0.499988,0.499994,0.499997,0.499998,0.499999,0.5,0.5,0.5
0.5,0.5,0.499999,0.499999,0.499997,0.499994,0.499989,0.499979,0.499961,0.499931,0.499879,0.499796,0.499667,0.49947,0.499182,0.498773,0.498209,0.497459,0.49649,0.495278,0.493812,0.492093,0.490143,0.488006,0.485745,0.483444,0.481199,0.479113,0.477292,0.475831,0.474809,0.474283,0.474283,0.474809,0.475831,0.477292,0.479113,0.481199,0.483444,0.485745,0.488006,0.490143,0.492093,0.493812,0.495278,0.49649,0.497459,0.498209,0.498773,0.499182,0.49947,0.499667,0.499796,0.499879,0.499931,0.499961,0.499979,0.499989,0.499994,0.499997,0.499999,0.499999,0.5,0.5
0.499999,0.499999,0.499999,0.499998,0.499995,0.49999,0.499981,0.499964,0.499934,0.499882,0.499796,0.499659,0.499445,0.499123,0.498654,0.497994,0.497092,0.495899,0.494371,0.492476,0.490198,0.487548,0.484563,0.481315,0.477901,0.474446,0.471095,0.467997,0.465303,0.463148,0.461644,0.460871,0.460871,0.461644,0.463148,0.465303,0.467997,0.471095,0.474446,0.477901,0.481315,0.484563,0.487548,0.490198,0.492476,0.494371,0.495899,0.497092,0.497994,0.498654,0.499123,0.499445,0.499659,0.499796,0.499882,0.499934,0.499964,0.499981,0.49999,0.499995,0.499998,0.499999,0.499999,0.499999
0.499999,0.499999,0.499998,0.499996,0.499992,0.499984,0.499968,0.49994,0.49989,0.499806,0.499667,0.499445,0.499102,0.498591,0.497853,0.49682,0.49542,0.493584,0.491251,0.48838,0.484957,0.481006,0.476591,0.47182,0.466842,0.461839,0.457013,0.452577,0.448736,0.445675,0.443545,0.442452,0.442452,0.443545,0.445675,0.448736,0.452577,0.457013,0.461839,0.466842,0.47182,0.476591,0.481006,0.484957,0.48838,0.491251,0.493584,0.49542,0.49682,0.497853,0.498591,0.499102,0.499445,0.499667,0.499806,0.49989,0.49994,0.499968,0.499984,0.499992,0.499996,0.499998,0.499999,0.499999
0.499998,0.499998,0.499997,0.499993,0.499987,0.499973,0.499948,0.499903,0.499824,0.49969,0.49947,0.499123,0.498591,0.497804,0.496675,0.495107,0.493002,0.490263,0.486811,0.4826,0.477621,0.471923,0.465609,0.458841,0.451833,0.444839,0.438138,0.432015,0.426739,0.422552,0.419646,0.418158,0.418158,0.419646,0.422552,0.426739,0.432015,0.438138,0.444839,0.451833,0.458841,0.465609,0.471923,0.477621,0.4826,0.486811,0.490263,0.493002,0.495107,0.496675,0.497804,0.498591,0.499123,0.49947,0.49969,0.499824,0.499903,0.499948,0.499973,0.499987,0.499993,0.499997,0.499998,0.499998
0.499997,0.499997,0.499995,0.499989,0.499978,0.499957,0.499918,0.499847,0.499724,0.499518,0.499182,0.498654,0.497853,0.496675,0.494999,0.492692,0.48962,0.485657,0.480708,0.474724,0.467713,0.459761,0.451027,0.441747,0.432219,0.422785,0.413813,0.405666,0.398687,0.393173,0.389359,0.387411,0.387411,0.389359,0.393173,0.398687,0.405666,0.413813,0.422785,0.432219,0.441747,0.451027,0.459761,0.467713,0.474724,0.480708,0.485657,0.48962,0.492692,0.494999,0.496675,0.497853,0.498654,0.499182,0.499518,0.499724,0.499847,0.499918,0.499957,0.499978,0.499989,0.499995,0.499997,0.499997
0.499995,0.499995,0.499992,0.499983,0.499967,0.499934,0.499874,0.499767,0.499581,0.499272,0.498773,0.497994,0.49682,0.495107,0.492692,0.489397,0.485045,0.479483,0.472602,0.464358,0.454795,0.444051,0.432365,0.420065,0.407551,0.39527,0.383683,0.37324,0.36435,0.357362,0.352548,0.350094,0.350094,0.352548,0.357362,0.36435,0.37324,0.383683,0.39527,0.407551,0.420065,0.432365,0.444051,0.454795,0.464358,0.472602,0.479483,0.485045,0.489397,0.492692,0.495107,0.49682,0.497994,0.498773,0.499272,0.499581,0.499767,0.499874,0.499934,0.499967,0.499983,0.499992,0.499995,0.499995
0.499992,0.499992,0.499987,0.499975,0.49995,0.499901,0.499812,0.499653,0.499382,0.498931,0.498209,0.497092,0.49542,0.493002,0.48962,0.485045,0.479059,0.471481,0.462195,0.451183,0.438536,0.424476,0.409341,0.393575,0.377696,0.362263,0.347835,0.334939,0.324039,0.315521,0.309679,0.306709,0.306709,0.309679,0.315521,0.324039,0.334939,0.347835,0.362263,0.377696,0.393575,0.409341,0.424476,0.438536,0.451183,0.462195,0.471481,0.479059,0.485045,0.48962,0.493002,0.49542,0.497092,0.498209,0.498931,0.499382,0.499653,0.499812,0.499901,0.49995,0.499975,0.499987,0.499992,0.499992
0.499988,0.499988,0.499981,0.499963,0.499926,0.499856,0.499727,0.499499,0.499112,0.498474,0.497459,0.495899,0.493584,0.490263,0.485657,0.479483,0.471481,0.461448,0.44928,0.435,0.41878,0.400944,0.381961,0.362409,0.342936,0.324214,0.306891,0.291551,0.278694,0.268715,0.261906,0.258455,0.258455,0.261906,0.268715,0.278694,0.291551,0.306891,0.324214,0.342936,0.362409,0.381961,0.400944,0.41878,0.435,0.44928,0.461448,0.471481,0.479483,0.485657,0.490263,0.493584,0.495899,0.497459,0.498474,0.499112,0.499499,0.499727,0.499856,0.499926,0.499963,0.499981,0.499988,0.499988
0.499983,0.499983,0.499972,0.499947,0.499894,0.499795,0.499614,0.499296,0.498758,0.497879,0.49649,0.494371,0.491251,0.486811,0.480708,0.472602,0.462195,0.44928,0.433782,0.415794,0.395595,0.373649,0.350575,0.327101,0.304013,0.282083,0.262027,0.244461,0.229879,0.218652,0.211038,0.207193,0.207193,0.211038,0.218652,0.229879,0.244461,0.262027,0.282083,0.304013,0.327101,0.350575,0.373649,0.395595,0.415794,0.433782,0.44928,0.462195,0.472602,0.480708,0.486811,0.491251,0.494371,0.49649,0.497879,0.498758,0.499296,0.499614,0.499795,0.499894,0.499947,0.499972,0.499983,0.499983
0.499976,0.499976,0.499961,0.499925,0.499853,0.499716,0.499469,0.499037,0.49831,0.49713,0.495278,0.492476,0.48838,0.4826,0.474724,0.464358,0.451183,0.435,0.415794,0.393759,0.369317,0.343096,0.315891,0.288591,0.262107,0.237298,0.214913,0.195554,0.179666,0.167552,0.159396,0.155297,0.155297,0.159396,0.167552,0.179666,0.195554,0.214913,0.237298,0.262107,0.288591,0.315891,0.343096,0.369317,0.393759,0.415794,0.435,0.451183,0.464358,0.474724,0.4826,0.48838,0.492476,0.495278,0.49713,0.49831,0.499037,0.499469,0.499716,0.499853,0.499925,0.499961,0.499976,0.499976
0.499967,0.499967,0.499947,0.499899,0.499801,0.499618,0.499288,0.498717,0.49776,0.496216,0.493812,0.490198,0.484957,0.477621,0.467713,0.454795,0.438536,0.41878,0.395595,0.369317,0.34054,0.310088,0.278943,0.248155,0.218748,0.191632,0.167545,0.147025,0.130416,0.117902,0.109554,0.105383,0.105383,0.109554,0.117902,0.130416,0.147025,0.167545,0.191632,0.218748,0.248155,0.278943,0.310088,0.34054,0.369317,0.395595,0.41878,0.438536,0.454795,0.467713,0.477621,0.484957,0.490198,0.493812,0.496216,0.49776,0.498717,0.499288,0.499618,0.499801,0.499899,0.499947,0.499967,0.499967
0.499956,0.499956,0.49993,0.499866,0.499738,0.499499,0.499072,0.498334,0.497107,0.495138,0.492093,0.487548,0.481006,0.471923,0.459761,0.444051,0.424476,0.400944,0.373649,0.343096,0.310088,0.275661,0.240994,0.207288,0.17565,0.147002,0.12202,0.10112,0.0844906,0.0721475,0.0640101,0.0599751,0.0599751,0.0640101,0.0721475,0.0844906,0.10112,0.12202,0.147002,0.17565,0.207288,0.240994,0.275661,0.310088,0.343096,0.373649,0.400944,0.424476,0.444051,0.459761,0.471923,0.481006,0.487548,0.492093,0.495138,0.497107,0.498334,0.499072,0.499499,0.499738,0.499866,0.49993,0.499956,0.499956
0.499943,0.499943,0.499909,0.499828,0.499664,0.499361,0.49882,0.497891,0.496356,0.493907,0.490143,0.484563,0.476591,0.465609,0.451027,0.432365,0.409341,0.381961,0.350575,0.315891,0.278943,0.240994,0.203416,0.16754,0.134522,0.105247,0.0802737,0.0598444,0.043939,0.0323634,0.0248526,0.0211671,0.0211671,0.0248526,0.0323634,0.043939,0.0598444,0.0802737,0.105247,0.134522,0.16754,0.203416,0.240994,0.278943,0.315891,0.350575,0.381961,0.409341,0.432365,0.451027,0.465609,0.476591,0.484563,0.490143,0.493907,0.496356,0.497891,0.49882,0.499361,0.499664,0.499828,0.499909,0.499943,0.499943
0.499928,0.499928,0.499886,0.499784,0.499581,0.499204,0.498537,0.497397,0.495522,0.492549,0.488006,0.481315,0.47182,0.458841,0.441747,0.420065,0.393575,0.362409,0.327101,0.288591,0.248155,0.207288,0.16754,0.130344,0.0968647,0.0679004,0.0438431,0.0247118,0.0102378,-1.44848e-05,-0.00651694,-0.00965902,-0.00965902,-0.00651694,-1.44848e-05,0.0102378,0.0247118,0.0438431,0.0679004,0.0968647,0.130344,0.16754,0.207288,0.248155,0.288591,0.327101,0.362409,0.393575,0.420065,0.441747,0.458841,0.47182,0.481315,0.488006,0.492549,0.495522,0.497397,0.498537,0.499204,0.499581,0.499784,0.499886,0.499928,0.499928
0.499911,0.499911,0.49986,0.499736,0.499489,0.499035,0.498231,0.496866,0.494631,0.491104,0.485745,0.477901,0.466842,0.451833,0.432219,0.407551,0.377696,0.342936,0.304013,0.262107,0.218748,0.17565,0.134522,0.0968647,0.0638098,0.036024,0.0136908,-0.00342948,-0.0158802,-0.0243558,-0.0295445,-0.0319896,-0.0319896,-0.0295445,-0.0243558,-0.0158802,-0.00342948,0.0136908,0.036024,0.0638098,0.0968647,0.134522,0.17565,0.218748,0.262107,0.304013,0.342936,0.377696,0.407551,0.432219,0.451833,0.466842,0.477901,0.485745,0.491104,0.494631,0.496866,0.498231,0.499035,0.499489,0.499736,0.49986,0.499911,0.499911
0.499894,0.499894,0.499833,0.499685,0.499394,0.498858,0.497914,0.496317,0.493713,0.489625,0.483444,0.474446,0.461839,0.444839,0.422785,0.39527,0.362263,0.324214,0.282083,0.237298,0.191632,0.147002,0.105247,0.0679004,0.036024,0.010119,-0.0098685,-0.0244557,-0.0344698,-0.0408653,-0.0445425,-0.0461938,-0.0461938,-0.0445425,-0.0408653,-0.0344698,-0.0244557,-0.0098685,0.010119,0.036024,0.0679004,0.105247,0.147002,0.191632,0.237298,0.282083,0.324214,0.362263,0.39527,0.422785,0.444839,0.461839,0.474446,0.483444,0.489625,0.493713,0.496317,0.497914,0.498858,0.499394,0.499685,0.499833,0.499894,0.499894
0.499876,0.499876,0.499805,0.499634,0.499298,0.498681,0.497599,0.495773,0.492809,0.488174,0.481199,0.471095,0.457013,0.438138,0.413813,0.383683,0.347835,0.306891,0.262027,0.214913,0.167545,0.12202,0.0802737,0.0438431,0.0136908,-0.0098685,-0.0271371,-0.0389104,-0.0462914,-0.0504801,-0.0525732,-0.0533981,-0.0533981,-0.0525732,-0.0504801,-0.0462914,-0.0389104,-0.0271371,-0.0098685,0.0136908,0.0438431,0.0802737,0.12202,0.167545,0.214913,0.262027,0.306891,0.347835,0.383683,0.413813,0.438138,0.457013,0.471095,0.481199,0.488174,0.492809,0.495773,0.497599,0.498681,0.499298,0.499634,0.499805,0.499876,0.499876
0.499859,0.499859,0.499779,0.499586,0.499207,0.498514,0.497301,0.495262,0.491962,0.486821,0.479113,0.467997,0.452577,0.432015,0.405666,0.37324,0.334939,0.291551,0.244461,0.195554,0.147025,0.10112,0.0598444,0.0247118,-0.00342948,-0.0244557,-0.0389104,-0.0478502,-0.0526293,-0.0546663,-0.0552285,-0.0552591,-0.0552591,-0.0552285,-0.0546663,-0.0526293,-0.0478502,-0.0389104,-0.0244557,-0.00342948,0.0247118,0.0598444,0.10112,0.147025,0.195554,0.244461,0.291551,0.334939,0.37324,0.405666,0.432015,0.452577,0.467997,0.479113,0.486821,0.491962,0.495262,0.497301,0.498514,0.499207,0.499586,0.499779,0.499859,0.499859
0.499844,0.499844,0.499756,0.499543,0.499126,0.498366,0.497038,0.494811,0.491217,0.485635,0.477292,0.465303,0.448736,0.426739,0.398687,0.36435,0.324039,0.278694,0.229879,0.179666,0.130416,0.0844906,0.043939,0.0102378,-0.0158802,-0.0344698,-0.0462914,-0.0526293,-0.0550517,-0.0551592,-0.0543581,-0.0536841,-0.0536841,-0.0543581,-0.0551592,-0.0550517,-0.0526293,-0.0462914,-0.0344698,-0.0158802,0.0102378,0.043939,0.0844906,0.130416,0.179666,0.229879,0.278694,0.324039,0.36435,0.398687,0.426739,0.448736,0.465303,0.477292,0.485635,0.491217,0.494811,0.497038,0.498366,0.499126,0.499543,0.499756,0.499844,0.499844
0.499831,0.499831,0.499736,0.499508,0.499061,0.498245,0.496825,0.494447,0.490616,0.48468,0.475831,0.463148,0.445675,0.422552,0.393173,0.357362,0.315521,0.268715,0.218652,0.167552,0.117902,0.0721475,0.0323634,-1.44848e-05,-0.0243558,-0.0408653,-0.0504801,-0.0546663,-0.0551592,-0.0536986,-0.0517954,-0.0505537,-0.0505537,-0.0517954,-0.0536986,-0.0551592,-0.0546663,-0.0504801,-0.0408653,-0.0243558,-1.44848e-05,0.0323634,0.0721475,0.117902,0.167552,0.218652,0.268715,0.315521,0.357362,0.393173,0.422552,0.445675,0.463148,0.475831,0.48468,0.490616,0.494447,0.496825,0.498245,0.499061,0.499508,0.499736,0.499831,0.499831
0.499823,0.499823,0.499723,0.499483,0.499014,0.49816,0.496674,0.49419,0.490194,0.484011,0.474809,0.461644,0.443545,0.419646,0.389359,0.352548,0.309679,0.261906,0.211038,0.159396,0.109554,0.0640101,0.0248526,-0.00651694,-0.0295445,-0.0445425,-0.0525732,-0.0552285,-0.0543581,-0.0517954,-0.0491206,-0.0474823,-0.0474823,-0.0491206,-0.0517954,-0.0543581,-0.0552285,-0.0525732,-0.0445425,-0.0295445,-0.00651694,0.0248526,0.0640101,0.109554,0.159396,0.211038,0.261906,0.309679,0.352548,0.389359,0.419646,0.443545,0.461644,0.474809,0.484011,0.490194,0.49419,0.496674,0.49816,0.499014,0.499483,0.499723,0.499823,0.499823
0.499818,0.499818,0.499716,0.49947,0.49899,0.498116,0.496596,0.494057,0.489976,0.483666,0.474283,0.460871,0.442452,0.418158,0.387411,0.350094,0.306709,0.258455,0.207193,0.155297,0.105383,0.0599751,0.0211671,-0.00965902,-0.0319896,-0.0461938,-0.0533981,-0.0552591,-0.0536841,-0.0505537,-0.0474823,-0.0456404,-0.0456404,-0.0474823,-0.0505537,-0.0536841,-0.0552591,-0.0533981,-0.0461938,-0.0319896,-0.00965902,0.0211671,0.0599751,0.105383,0.155297,0.207193,0.258455,0.306709,0.350094,0.387411,0.418158,0.442452,0.460871,0.474283,0.483666,0.489976,0.494057,0.496596,0.498116,0.49899,0.49947,0.499716,0.499818,0.499818
0.499818,0.499818,0.499716,0.49947,0.49899,0.498116,0.496596,0.494057,0.489976,0.483666,0.474283,0.460871,0.442452,0.418158,0.387411,0.350094,0.306709,0.258455,0.207193,0.155297,0.105383,0.0599751,0.0211671,-0.00965902,-0.0319896,-0.0461938,-0.0533981,-0.0552591,-0.0536841,-0.0505537,-0.0474823,-0.0456404,-0.0456404,-0.0474823,-0.0505537,-0.0536841,-0.0552591,-0.0533981,-0.0461938,-0.0319896,-0.00965902,0.0211671,0.0599751,0.105383,0.155297,0.207193,0.258455,0.306709,0.350094,0.387411,0.418158,0.442452,0.460871,0.474283,0.483666,0.489976,0.494057,0.496596,0.498116,0.49899,0.49947,0.499716,0.499818,0.499818
0.499823,0.499823,0.499723,0.499483,0.499014,0.49816,0.496674,0.49419,0.490194,0.484011,0.474809,0.461644,0.443545,0.419646,0.389359,0.352548,0.309679,0.261906,0.211038,0.159396,0.109554,0.0640101,0.0248526,-0.00651694,-0.0295445,-0.0445425,-0.0525732,-0.0552285,-0.0543581,-0.0517954,-0.0491206,-0.0474823,-0.0474823,-0.0491206,-0.0517954,-0.0543581,-0.0552285,-0.0525732,-0.0445425,-0.0295445,-0.00651694,0.0248526,0.0640101,0.109554,0.159396,0.211038,0.261906,0.309679,0.352548,0.389359,0.419646,0.443545,0.461644,0.474809,0.484011,0.490194,0.49419,0.496674,0.49816,0.499014,0.499483,0.499723,0.499823,0.499823
0.499831,0.499831,0.499736,0.499508,0.499061,0.498245,0.496825,0.494447,0.490616,0.48468,0.475831,0.463148,0.445675,0.422552,0.393173,0.357362,0.315521,0.268715,0.218652,0.167552,0.117902,0.0721475,0.0323634,-1.44848e-05,-0.0243558,-0.0408653,-0.0504801,-0.0546663,-0.0551592,-0.0536986,-0.0517954,-0.0505537,-0.0505537,-0.0517954,-0.0536986,-0.0551592,-0.0546663,-0.0504801,-0.0408653,-0.0243558,-1.44848e-05,0.0323634,0.0721475,0.117902,0.167552,0.218652,0.268715,0.315521,0.357362,0.393173,0.422552,0.445675,0.463148,0.475831,0.48468,0.490616,0.494447,0.496825,0.498245,0.499061,0.499508,0.499736,0.499831,0.499831
0.499844,0.499844,0.499756,0.499543,0.499126,0.498366,0.497038,0.494811,0.491217,0.485635,0.477292,0.465303,0.448736,0.426739,0.398687,0.36435,0.324039,0.278694,0.229879,0.179666,0.130416,0.0844906,0.043939,0.0102378,-0.0158802,-0.0344698,-0.0462914,-0.0526293,-0.0550517,-0.0551592,-0.0543581,-0.0536841,-0.0536841,-0.0543581,-0.0551592,-0.0550517,-0.0526293,-0.0462914,-0.0344698,-0.0158802,0.0102378,0.043939,0.0844906,0.130416,0.179666,0.229879,0.278694,0.324039,0.36435,0.398687,0.426739,0.448736,0.465303,0.477292,0.485635,0.491217,0.494811,0.497038,0.498366,0.499126,0.499543,0.499756,0.499844,0.499844
0.499859,0.499859,0.499779,0.499586,0.499207,0.498514,0.497301,0.495262,0.491962,0.486821,0.479113,0.467997,0.452577,0.432015,0.405666,0.37324,0.334939,0.291551,0.244461,0.195554,0.147025,0.10112,0.0598444,0.0247118,-0.00342948,-0.0244557,-0.0389104,-0.0478502,-0.0526293,-0.0546663,-0.0552285,-0.0552591,-0.0552591,-0.0552285,-0.0546663,-0.0526293,-0.0478502,-0.0389104,-0.0244557,-0.00342948,0.0247118,0.0598444,0.10112,0.147025,0.195554,0.244461,0.291551,0.334939,0.37324,0.405666,0.432015,0.452577,0.467997,0.479113,0.486821,0.491962,0.495262,0.497301,0.498514,0.499207,0.499586,0.499779,0.499859,0.499859
0.499876,0.499876,0.499805,0.499634,0.499298,0.498681,0.497599,0.495773,0.492809,0.488174,0.481199,0.471095,0.457013,0.438138,0.413813,0.383683,0.347835,0.306891,0.262027,0.214913,0.167545,0.12202,0.0802737,0.0438431,0.0136908,-0.0098685,-0.0271371,-0.0389104,-0.0462914,-0.0504801,-0.0525732,-0.0533981,-0.0533981,-0.0525732,-0.0504801,-0.0462914,-0.0389104,-0.0271371,-0.0098685,0.0136908,0.0438431,0.0802737,0.12202,0.167545,0.214913,0.262027,0.306891,0.347835,0.383683,0.413813,0.438138,0.457013,0.471095,0.481199,0.488174,0.492809,0.495773,0.497599,0.498681,0.499298,0.499634,0.499805,0.499876,0.499876
0.499894,0.499894,0.499833,0.499685,0.499394,0.498858,0.497914,0.496317,0.493713,0.489625,0.483444,0.474446,0.461839,0.444839,0.422785,0.39527,0.362263,0.324214,0.282083,0.237298,0.191632,0.147002,0.105247,0.0679004,0.036024,0.010119,-0.0098685,-0.0244557,-0.0344698,-0.0408653,-0.0445425,-0.0461938,-0.0461938,-0.0445425,-0.0408653,-0.0344698,-0.0244557,-0.0098685,0.010119,0.036024,0.0679004,0.105247,0.147002,0.191632,0.237298,0.282083,0.324214,0.362263,0.39527,0.422785,0.444839,0.461839,0.474446,0.483444,0.489625,0.493713,0.496317,0.497914,0.498858,0.499394,0.499685,0.499833,0.499894,0.499894
0.499911,0.499911,0.49986,0.499736,0.499489,0.499035,0.498231,0.496866,0.494631,0.491104,0.485745,0.477901,0.466842,0.451833,0.432219,0.407551,0.377696,0.342936,0.304013,0.262107,0.218748,0.17565,0.134522,0.0968647,0.0638098,0.036024,0.0136908,-0.00342948,-0.0158802,-0.0243558,-0.0295445,-0.0319896,-0.0319896,-0.0295445,-0.0243558,-0.0158802,-0.00342948,0.0136908,0.036024,0.0638098,0.0968647,0.134522,0.17565,0.218748,0.262107,0.304013,0.342936,0.377696,0.407551,0.432219,0.451833,0.466842,0.477901,0.485745,0.491104,0.494631,0.496866,0.498231,0.499035,0.499489,0.499736,0.49986,0.499911,0.499911
0.499928,0.499928,0.499886,0.499784,0.499581,0.499204,0.498537,0.497397,0.495522,0.492549,0.488006,0.481315,0.47182,0.458841,0.441747,0.420065,0.393575,0.362409,0.327101,0.288591,0.248155,0.207288,0.16754,0.130344,0.0968647,0.0679004,0.0438431,0.0247118,0.0102378,-1.44848e-05,-0.00651694,-0.00965902,-0.00965902,-0.00651694,-1.44848e-05,0.0102378,0.0247118,0.0438431,0.0679004,0.0968647,0.130344,0.16754,0.207288,0.248155,0.288591,0.327101,0.362409,0.393575,0.420065,0.441747,0.458841,0.47182,0.481315,0.488006,0.492549,0.495522,0.497397,0.498537,0.499204,0.499581,0.499784,0.499886,0.499928,0.499928
0.499943,0.499943,0.499909,0.499828,0.499664,0.499361,0.49882,0.497891,0.496356,0.493907,0.490143,0.484563,0.476591,0.465609,0.451027,0.432365,0.409341,0.381961,0.350575,0.315891,0.278943,0.240994,0.203416,0.16754,0.134522,0.105247,0.0802737,0.0598444,0.043939,0.0323634,0.0248526,0.0211671,0.0211671,0.0248526,0.0323634,0.043939,0.0598444,0.0802737,0.105247,0.134522,0.16754,0.203416,0.240994,0.278943,0.315891,0.350575,0.381961,0.409341,0.432365,0.451027,0.465609,0.476591,0.484563,0.490143,0.493907,0.496356,0.497891,0.49882,0.499361,0.499664,0.499828,0.499909,0.499943,0.499943
0.499956,0.499956,0.49993,0.499866,0.499738,0.499499,0.499072,0.498334,0.497107,0.495138,0.492093,0.487548,0.481006,0.471923,0.459761,0.444051,0.424476,0.400944,0.373649,0.343096,0.310088,0.275661,0.240994,0.207288,0.17565,0.147002,0.12202,0.10112,0.0844906,0.0721475,0.0640101,0.0599751,0.0599751,0.0640101,0.0721475,0.0844906,0.10112,0.12202,0.147002,0.17565,0.207288,0.240994,0.275661,0.310088,0.343096,0.373649,0.400944,0.424476,0.444051,0.459761,0.471923,0.481006,0.487548,0.492093,0.495138,0.497107,0.498334,0.499072,0.499499,0.499738,0.499866,0.49993,0.499956,0.499956
0.499967,0.499967,0.499947,0.499899,0.499801,0.499618,0.499288,0.498717,0.49776,0.496216,0.493812,0.490198,0.484957,0.477621,0.467713,0.454795,0.438536,0.41878,0.395595,0.369317,0.34054,0.310088,0.278943,0.248155,0.218748,0.191632,0.167545,0.147025,0.130416,0.117902,0.109554,0.105383,0.105383,0.109554,0.117902,0.130416,0.147025,0.167545,0.191632,0.218748,0.248155,0.278943,0.310088,0.34054,0.369317,0.395595,0.41878,0.438536,0.454795,0.467713,0.477621,0.484957,0.490198,0.493812,0.496216,0.49776,0.498717,0.499288,0.499618,0.499801,0.499899,0.499947,0.499967,0.499967
0.499976,0.499976,0.499961,0.499925,0.499853,0.499716,0.499469,0.499037,0.49831,0.49713,0.495278,0.492476,0.48838,0.4826,0.474724,0.464358,0.451183,0.435,0.415794,0.393759,0.369317,0.343096,0.315891,0.288591,0.262107,0.237298,0.214913,0.195554,0.179666,0.167552,0.159396,0.155297,0.155297,0.159396,0.167552,0.179666,0.195554,0.214913,0.237298,0.262107,0.288591,0.315891,0.343096,0.369317,0.393759,0.415794,0.435,0.451183,0.464358,0.474724,0.4826,0.48838,0.492476,0.495278,0.49713,0.49831,0.499037,0.499469,0.499716,0.499853,0.499925,0.499961,0.499976,0.499976
0.499983,0.499983,0.499972,0.499947,0.499894,0.499795,0.499614,0.499296,0.498758,0.497879,0.49649,0.494371,0.491251,0.486811,0.480708,0.472602,0.462195,0.44928,0.433782,0.415794,0.395595,0.373649,0.350575,0.327101,0.304013,0.282083,0.262027,0.244461,0.229879,0.218652,0.211038,0.207193,0.207193,0.211038,0.218652,0.229879,0.244461,0.262027,0.282083,0.304013,0.327101,0.350575,0.373649,0.395595,0.415794,0.433782,0.44928,0.462195,0.472602,0.480708,0.486811,0.491251,0.494371,0.49649,0.497879,0.498758,0.499296,0.499614,0.499795,0.499894,0.499947,0.499972,0.499983,0.499983
0.499988,0.499988,0.499981,0.499963,0.499926,0.499856,0.499727,0.499499,0.499112,0.498474,0.497459,0.495899,0.493584,0.490263,0.485657,0.479483,0.471481,0.461448,0.44928,0.435,0.41878,0.400944,0.381961,0.362409,0.342936,0.324214,0.306891,0.291551,0.278694,0.268715,0.261906,0.258455,0.258455,0.261906,0.268715,0.278694,0.291551,0.306891,0.324214,0.342936,0.362409,0.381961,0.400944,0.41878,0.435,0.44928,0.461448,0.471481,0.479483,0.485657,0.490263,0.493584,0.495899,0.497459,0.498474,0.499112,0.499499,0.499727,0.499856,0.499926,0.499963,0.499981,0.499988,0.499988
0.499992,0.499992,0.499987,0.499975,0.49995,0.499901,0.499812,0.499653,0.499382,0.498931,0.498209,0.497092,0.49542,0.493002,0.48962,0.485045,0.479059,0.471481,0.462195,0.451183,0.438536,0.424476,0.409341,0.393575,0.377696,0.362263,0.347835,0.334939,0.324039,0.315521,0.309679,0.306709,0.306709,0.309679,0.315521,0.324039,0.334939,0.347835,0.362263,0.377696,0.393575,0.409341,0.424476,0.438536,0.451183,0.462195,0.471481,0.479059,0.485045,0.48962,0.493002,0.49542,0.497092,0.498209,0.498931,0.499382,0.499653,0.499812,0.499901,0.49995,0.499975,0.499987,0.499992,0.499992
0.499995,0.499995,0.499992,0.499983,0.499967,0.499934,0.499874,0.499767,0.499581,0.499272,0.498773,0.497994,0.49682,0.495107,0.492692,0.489397,0.485045,0.479483,0.472602,0.464358,0.454795,0.444051,0.432365,0.420065,0.407551,0.39527,0.383683,0.37324,0.36435,0.357362,0.352548,0.350094,0.350094,0.352548,0.357362,0.36435,0.37324,0.383683,0.39527,0.407551,0.420065,0.432365,0.444051,0.454795,0.464358,0.472602,0.479483,0.485045,0.489397,0.492692,0.495107,0.49682,0.497994,0.498773,0.499272,0.499581,0.499767,0.499874,0.499934,0.499967,0.499983,0.499992,0.499995,0.499995
0.499997,0.499997,0.499995,0.499989,0.499978,0.499957,0.499918,0.499847,0.499724,0.499518,0.499182,0.498654,0.497853,0.496675,0.494999,0.492692,0.48962,0.485657,0.480708,0.474724,0.467713,0.459761,0.451027,0.441747,0.432219,0.422785,0.413813,0.405666,0.398687,0.393173,0.389359,0.387411,0.387411,0.389359,0.393173,0.398687,0.405666,0.413813,0.422785,0.432219,0.441747,0.451027,0.459761,0.467713,0.474724,0.480708,0.485657,0.48962,0.492692,0.494999,0.496675,0.497853,0.498654,0.499182,0.499518,0.499724,0.499847,0.499918,0.499957,0.499978,0.499989,0.499995,0.499997,0.499997
0.499998,0.499998,0.499997,0.499993,0.499987,0.499973,0.499948,0.499903,0.499824,0.49969,0.49947,0.499123,0.498591,0.497804,0.496675,0.495107,0.493002,0.490263,0.486811,0.4826,0.477621,0.471923,0.465609,0.458841,0.451833,0.444839,0.438138,0.432015,0.426739,0.422552,0.419646,0.418158,0.418158,0.419646,0.422552,0.426739,0.432015,0.438138,0.444839,0.451833,0.458841,0.465609,0.471923,0.477621,0.4826,0.486811,0.490263,0.493002,0.495107,0.496675,0.497804,0.498591,0.499123,0.49947,0.49969,0.499824,0.499903,0.499948,0.499973,0.499987,0.499993,0.499997,0.499998,0.499998
0.499999,0.499999,0.499998,0.499996,0.499992,0.499984,0.499968,0.49994,0.49989,0.499806,0.499667,0.499445,0.499102,0.498591,0.497853,0.49682,0.49542,0.493584,0.491251,0.48838,0.484957,0.481006,0.476591,0.47182,0.466842,0.461839,0.457013,0.452577,0.448736,0.445675,0.443545,0.442452,0.442452,0.443545,0.445675,0.448736,0.452577,0.457013,0.461839,0.466842,0.47182,0.476591,0.481006,0.484957,0.48838,0.491251,0.493584,0.49542,0.49682,0.497853,0.498591,0.499102,0.499445,0.499667,0.499806,0.49989,0.49994,0.499968,0.499984,0.499992,0.499996,0.499998,0.499999,0.499999
0.499999,0.499999,0.499999,0.499998,0.499995,0.49999,0.499981,0.499964,0.499934,0.499882,0.499796,0.499659,0.499445,0.499123,0.498654,0.497994,0.497092,0.495899,0.494371,0.492476,0.490198,0.487548,0.484563,0.481315,0.477901,0.474446,0.471095,0.467997,0.465303,0.463148,0.461644,0.460871,0.460871,0.461644,0.463148,0.465303,0.467997,0.471095,0.474446,0.477901,0.481315,0.484563,0.487548,0.490198,0.492476,0.494371,0.495899,0.497092,0.497994,0.498654,0.499123,0.499445,0.499659,0.499796,0.499882,0.499934,0.499964,0.499981,0.49999,0.499995,0.499998,0.499999,0.499999,0.499999
0.5,0.5,0.499999,0.499999,0.499997,0.499994,0.499989,0.499979,0.499961,0.499931,0.499879,0.499796,0.499667,0.49947,0.499182,0.498773,0.498209,0.497459,0.49649,0.495278,0.493812,0.492093,0.490143,0.488006,0.485745,0.483444,0.481199,0.479113,0.477292,0.475831,0.474809,0.474283,0.474283,0.474809,0.475831,0.477292,0.479113,0.481199,0.483444,0.485745,0.488006,0.490143,0.492093,0.493812,0.495278,0.49649,0.497459,0.498209,0.498773,0.499182,0.49947,0.499667,0.499796,0.499879,0.499931,0.499961,0.499979,0.499989,0.499994,0.499997,0.499999,0.499999,0.5,0.5
0.5,0.5,0.5,0.499999,0.499998,0.499997,0.499994,0.499988,0.499978,0.49996,0.499931,0.499882,0.499806,0.49969,0.499518,0.499272,0.498931,0.498474,0.497879,0.49713,0.496216,0.495138,0.493907,0.492549,0.491104,0.489625,0.488174,0.486821,0.485635,0.48468,0.484011,0.483666,0.483666,0.484011,0.48468,0.485635,0.486821,0.488174,0.489625,0.491104,0.492549,0.493907,0.495138,0.496216,0.49713,0.497879,0.498474,0.498931,0.499272,0.499518,0.49969,0.499806,0.499882,0.499931,0.49996,0.499978,0.499988,0.499994,0.499997,0.499998,0.499999,0.5,0.5,0.5
0.5,0.5,0.5,0.5,0.499999,0.499998,0.499997,0.499994,0.499988,0.499978,0.499961,0.499934,0.49989,0.499824,0.499724,0.499581,0.499382,0.499112,0.498758,0.49831,0.49776,0.497107,0.496356,0.495522,0.494631,0.493713,0.492809,0.491962,0.491217,0.490616,0.490194,0.489976,0.489976,0.490194,0.490616,0.491217,0.491962,0.492809,0.493713,0.494631,0.495522,0.496356,0.497107,0.49776,0.49831,0.498758,0.499112,0.499382,0.499581,0.499724,0.499824,0.49989,0.499934,0.499961,0.499978,0.499988,0.499994,0.499997,0.499998,0.499999,0.5,0.5,0.5,0.5
0.5,0.5,0.5,0.5,0.5,0.499999,0.499998,0.499997,0.499994,0.499988,0.499979,0.499964,0.49994,0.499903,0.499847,0.499767,0.499653,0.499499,0.499296,0.499037,0.498717,0.498334,0.497891,0.497397,0.496866,0.496317,0.495773,0.495262,0.494811,0.494447,0.49419,0.494057,0.494057,0.49419,0.494447,0.494811,0.495262,0.495773,0.496317,0.496866,0.497397,0.497891,0.498334,0.498717,0.499037,0.499296,0.499499,0.499653,0.499767,0.499847,0.499903,0.49994,0.499964,0.499979,0.499988,0.499994,0.499997,0.499998,0.499999,0.5,0.5,0.5,0.5,0.5
0.5,0.5,0.5,0.5,0.5,0.5,0.499999,0.499998,0.499997,0.499994,0.499989,0.499981,0.499968,0.499948,0.499918,0.499874,0.499812,0.499727,0.499614,0.499469,0.499288,0.499072,0.49882,0.498537,0.498231,0.497914,0.497599,0.497301,0.497038,0.496825,0.496674,0.496596,0.496596,0.496674,0.496825,0.497038,0.497301,0.497599,0.497914,0.498231,0.498537,0.49882,0.499072,0.499288,0.499469,0.499614,0.499727,0.499812,0.499874,0.499918,0.499948,0.499968,0.499981,0.499989,0.499994,0.499997,0.499998,0.499999,0.5,0.5,0.5,0.5,0.5,0.5
0.5,0.5,0.5,0.5,0.5,0.5,0.5,0.499999,0.499998,0.499997,0.499994,0.49999,0.499984,0.499973,0.499957,0.499934,0.499901,0.499856,0.499795,0.499716,0.499618,0.499499,0.499361,0.499204,0.499035,0.498858,0.498681,0.498514,0.498366,0.498245,0.49816,0.498116,0.498116,0.49816,0.498245,0.498366,0.498514,0.498681,0.498858,0.499035,0.499204,0.499361,0.499499,0.499618,0.499716,0.499795,0.499856,0.499901,0.499934,0.499957,0.499973,0.499984,0.49999,0.499994,0.499997,0.499998,0.499999,0.5,0.5,0.5,0.5,0.5,0.5,0.5
0.5,0.5,0.5,0.5,0.5,0.5,0.5,0.5,0.499999,0.499998,0.499997,0.499995,0.499992,0.499987,0.499978,0.499967,0.49995,0.499926,0.499894,0.499853,0.499801,0.499738,0.499664,0.499581,0.499489,0.499394,0.499298,0.499207,0.499126,0.499061,0.499014,0.49899,0.49899,0.499014,0.499061,0.499126,0.499207,0.499298,0.499394,0.499489,0.499581,0.499664,0.499738,0.499801,0.499853,0.499894,0.499926,0.49995,0.499967,0.499978,0.499987,0.499992,0.499995,0.499997,0.499998,0.499999,0.5,0.5,0.5,0.5,0.5,0.5,0.5,0.5
0.5,0.5,0.5,0.5,0.5,0.5,0.5,0.5,0.5,0.499999,0.499999,0.499998,0.499996,0.499993,0.499989,0.499983,0.499975,0.499963,0.499947,0.499925,0.499899,0.499866,0.499828,0.499784,0.499736,0.499685,0.499634,0.499586,0.499543,0.499508,0.499483,0.49947,0.49947,0.499483,0.499508,0.499543,0.499586,0.499634,0.499685,0.499736,0.499784,0.499828,0.499866,0.499899,0.499925,0.499947,0.499963,0.499975,0.499983,0.499989,0.499993,0.499996,0.499998,0.499999,0.499999,0.5,0.5,0.5,0.5,0.5,0.5,0.5,0.5,0.5
0.5,0.5,0.5,0.5,0.5,0.5,0.5,0.5,0.5,0.5,0.499999,0.499999,0.499998,0.499997,0.499995,0.499992,0.499987,0.499981,0.499972,0.499961,0.499947,0.49993,0.499909,0.499886,0.49986,0.499833,0.499805,0.499779,0.499756,0.499736,0.499723,0.499716,0.499716,0.499723,0.499736,0.499756,0.499779,0.499805,0.499833,0.49986,0.499886,0.499909,0.49993,0.499947,0.499961,0.499972,0.499981,0.499987,0.499992,0.499995,0.499997,0.499998,0.499999,0.499999,0.5,0.5,0.5,0.5,0.5,0.5,0.5,0.5,0.5,0.5
0.5,0.5,0.5,0.5,0.5,0.5,0.5,0.5,0.5,0.5,0.5,0.499999,0.499999,0.499998,0.499997,0.499995,0.499992,0.499988,0.499983,0.499976,0.499967,0.499956,0.499943,0.499928,0.499911,0.499894,0.499876,0.499859,0.499844,0.499831,0.499823,0.499818,0.499818,0.499823,0.499831,0.499844,0.499859,0.499876,0.499894,0.499911,0.499928,0.499943,0.499956,0.499967,0.499976,0.499983,0.499988,0.499992,0.499995,0.499997,0.499998,0.499999,0.499999,0.5,0.5,0.5,0.5,0.5,0.5,0.5,0.5,0.5,0.5,0.5
0.5,0.5,0.5,0.5,0.5,0.5,0.5,0.5,0.5,0.5,0.5,0.499999,0.499999,0.499998,0.499997,0.499995,0.499992,0.499988,0.499983,0.499976,0.499967,0.499956,0.499943,0.499928,0.499911,0.499894,0.499876,0.499859,0.499844,0.499831,0.499823,0.499818,0.499818,0.499823,0.499831,0.499844,0.499859,0.499876,0.499894,0.499911,0.499928,0.499943,0.499956,0.499967,0.499976,0.499983,0.499988,0.499992,0.499995,0.499997,0.499998,0.499999,0.499999,0.5,0.5,0.5,0.5,0.5,0.5,0.5,0.5,0.5,0.5,0.5
