0.5,0.5,0.5,0.499999,0.499999,0.499998,0.499996,0.499993,0.499988,0.49998,0.499967,0.499947,0.499917,0.499875,0.499815,0.499732,0.499623,0.499482,0.499305,0.499089,0.498833,0.498538,0.498208,0.497851,0.497478,0.4971,0.496734,0.496396,0.496101,0.495865,0.495701,0.495616,0.495616,0.495701,0.495865,0.496101,0.496396,0.496734,0.4971,0.497478,0.497851,0.498208,0.498538,0.498833,0.499089,0.499305,0.499482,0.499623,0.499732,0.499815,0.499875,0.499917,0.499947,0.499967,0.49998,0.499988,0.499993,0.499996,0.499998,0.499999,0.499999,0.5,0.5,0.5
0.5,0.5,0.5,0.499999,0.499999,0.499998,0.499996,0.499993,0.499988,0.49998,0.499967,0.499947,0.499917,0.499875,0.499815,0.499732,0.499623,0.499482,0.499305,0.499089,0.498833,0.498538,0.498208,0.497851,0.497478,0.4971,0.496734,0.496396,0.496101,0.495865,0.495701,0.495616,0.495616,0.495701,0.495865,0.496101,0.496396,0.496734,0.4971,0.497478,0.497851,0.498208,0.498538,0.498833,0.499089,0.499305,0.499482,0.499623,0.499732,0.499815,0.499875,0.499917,0.499947,0.499967,0.49998,0.499988,0.499993,0.499996,0.499998,0.499999,0.499999,0.5,0.5,0.5
0.5,0.5,0.5,0.499999,0.499998,0.499997,0.499994,0.49999,0.499982,0.499971,0.499952,0.499924,0.499882,0.499823,0.499739,0.499626,0.499477,0.499286,0.499047,0.498758,0.498418,0.498028,0.497595,0.497128,0.496642,0.496154,0.495682,0.495247,0.494869,0.494568,0.494358,0.494249,0.494249,0.494358,0.494568,0.494869,0.495247,0.495682,0.496154,0.496642,0.497128,0.497595,0.498028,0.498418,0.498758,0.499047,0.499286,0.499477,0.499626,0.499739,0.499823,0.499882,0.499924,0.499952,0.499971,0.499982,0.49999,0.499994,0.499997,0.499998,0.499999,0.5,0.5,0.5
0.499999,0.499999,0.499999,0.499998,0.499997,0.499994,0.49999,0.499982,0.49997,0.499949,0.499918,0.499871,0.499802,0.499704,0.499569,0.499386,0.499149,0.498846,0.498473,0.498024,0.497499,0.496903,0.496247,0.495545,0.494818,0.494092,0.493394,0.492754,0.492201,0.49176,0.491454,0.491296,0.491296,0.491454,0.49176,0.492201,0.492754,0.493394,0.494092,0.494818,0.495545,0.496247,0.496903,0.497499,0.498024,0.498473,0.498846,0.499149,0.499386,0.499569,0.499704,0.499802,0.499871,0.499918,0.499949,0.49997,0.499982,0.49999,0.499994,0.499997,0.499998,0.499999,0.499999,0.499999
0.499999,0.499999,0.499998,0.499997,0.499994,0.49999,0.499981,0.499968,0.499945,0.49991,0.499855,0.499773,0.499655,0.499488,0.49926,0.498956,0.498562,0.498066,0.497459,0.496735,0.495897,0.494954,0.493921,0.492826,0.491699,0.490581,0.489511,0.488536,0.487695,0.487028,0.486565,0.486328,0.486328,0.486565,0.487028,0.487695,0.488536,0.489511,0.490581,0.491699,0.492826,0.493921,0.494954,0.495897,0.496735,0.497459,0.498066,0.498562,0.498956,0.49926,0.499488,0.499655,0.499773,0.499855,0.49991,0.499945,0.499968,0.499981,0.49999,0.499994,0.499997,0.499998,0.499999,0.499999
0.499998,0.499998,0.499997,0.499994,0.49999,0.499981,0.499966,0.499942,0.499902,0.49984,0.499746,0.499606,0.499405,0.499124,0.498744,0.498241,0.497596,0.496792,0.495816,0.494662,0.493338,0.491859,0.490254,0.488563,0.486835,0.485131,0.483511,0.48204,0.480778,0.479779,0.479088,0.478734,0.478734,0.479088,0.479779,0.480778,0.48204,0.483511,0.485131,0.486835,0.488563,0.490254,0.491859,0.493338,0.494662,0.495816,0.496792,0.497596,0.498241,0.498744,0.499124,0.499405,0.499606,0.499746,0.49984,0.499902,0.499942,0.499966,0.499981,0.49999,0.499994,0.499997,0.499998,0.499998
0.499996,0.499996,0.499994,0.49999,0.499981,0.499966,0.499941,0.499898,0.49983,0.499725,0.499565,0.499332,0.498999,0.498539,0.49792,0.497111,0.496082,0.494811,0.493281,0.491491,0.489454,0.487197,0.484768,0.482228,0.479653,0.477127,0.474742,0.472587,0.470746,0.469294,0.468292,0.467779,0.467779,0.468292,0.469294,0.470746,0.472587,0.474742,0.477127,0.479653,0.482228,0.484768,0.487197,0.489454,0.491491,0.493281,0.494811,0.496082,0.497111,0.49792,0.498539,0.498999,0.499332,0.499565,0.499725,0.49983,0.499898,0.499941,0.499966,0.499981,0.49999,0.499994,0.499996,0.499996
0.499993,0.499993,0.49999,0.499982,0.499968,0.499942,0.499898,0.499827,0.499714,0.499539,0.499278,0.498898,0.498363,0.497629,0.496652,0.495387,0.493795,0.491845,0.489521,0.486828,0.48379,0.480456,0.476898,0.473208,0.469495,0.465879,0.462486,0.459437,0.456845,0.454808,0.453405,0.452689,0.452689,0.453405,0.454808,0.456845,0.459437,0.462486,0.465879,0.469495,0.473208,0.476898,0.480456,0.48379,0.486828,0.489521,0.491845,0.493795,0.495387,0.496652,0.497629,0.498363,0.498898,0.499278,0.499539,0.499714,0.499827,0.499898,0.499942,0.499968,0.499982,0.49999,0.499993,0.499993
0.499988,0.499988,0.499982,0.49997,0.499945,0.499902,0.49983,0.499714,0.49953,0.499249,0.498833,0.498234,0.497398,0.496262,0.494766,0.492847,0.490457,0.487559,0.484141,0.480218,0.475836,0.471073,0.466037,0.460859,0.455693,0.4507,0.446046,0.44189,0.438374,0.435623,0.433733,0.432771,0.432771,0.433733,0.435623,0.438374,0.44189,0.446046,0.4507,0.455693,0.460859,0.466037,0.471073,0.475836,0.480218,0.484141,0.487559,0.490457,0.492847,0.494766,0.496262,0.497398,0.498234,0.498833,0.499249,0.49953,0.499714,0.49983,0.499902,0.499945,0.49997,0.499982,0.499988,0.499988
0.49998,0.49998,0.499971,0.499949,0.49991,0.49984,0.499725,0.499539,0.499249,0.49881,0.498166,0.497248,0.495979,0.494274,0.492049,0.489227,0.485747,0.481573,0.476704,0.471174,0.465062,0.458486,0.451601,0.444591,0.437659,0.431016,0.42487,0.419416,0.41483,0.411258,0.408811,0.407569,0.407569,0.408811,0.411258,0.41483,0.419416,0.42487,0.431016,0.437659,0.444591,0.451601,0.458486,0.465062,0.471174,0.476704,0.481573,0.485747,0.489227,0.492049,0.494274,0.495979,0.497248,0.498166,0.49881,0.499249,0.499539,0.499725,0.49984,0.49991,0.499949,0.499971,0.49998,0.49998
0.499967,0.499967,0.499952,0.499918,0.499855,0.499746,0.499565,0.499278,0.498833,0.498166,0.497197,0.49583,0.493958,0.49147,0.488259,0.484231,0.479319,0.473494,0.466774,0.45923,0.450984,0.442211,0.433124,0.423968,0.415003,0.40649,0.398679,0.391801,0.386052,0.381596,0.378557,0.377016,0.377016,0.378557,0.381596,0.386052,0.391801,0.398679,0.40649,0.415003,0.423968,0.433124,0.442211,0.450984,0.45923,0.466774,0.473494,0.479319,0.484231,0.488259,0.49147,0.493958,0.49583,0.497197,0.498166,0.498833,0.499278,0.499565,0.499746,0.499855,0.499918,0.499952,0.499967,0.499967
0.499947,0.499947,0.499924,0.499871,0.499773,0.499606,0.499332,0.498898,0.498234,0.497248,0.49583,0.493849,0.491167,0.48764,0.483139,0.477557,0.47083,0.462948,0.453964,0.443999,0.43324,0.421929,0.410351,0.398818,0.387647,0.377148,0.367605,0.359271,0.352355,0.347025,0.343404,0.341573,0.341573,0.343404,0.347025,0.352355,0.359271,0.367605,0.377148,0.387647,0.398818,0.410351,0.421929,0.43324,0.443999,0.453964,0.462948,0.47083,0.477557,0.483139,0.48764,0.491167,0.493849,0.49583,0.497248,0.498234,0.498898,0.499332,0.499606,0.499773,0.499871,0.499924,0.499947,0.499947
0.499917,0.499917,0.499882,0.499802,0.499655,0.499405,0.498999,0.498363,0.497398,0.495979,0.493958,0.491167,0.487427,0.482567,0.476435,0.468923,0.459981,0.449635,0.437994,0.425249,0.411667,0.397574,0.383334,0.369327,0.355925,0.343472,0.332273,0.322585,0.31461,0.308505,0.304377,0.302297,0.302297,0.304377,0.308505,0.31461,0.322585,0.332273,0.343472,0.355925,0.369327,0.383334,0.397574,0.411667,0.425249,0.437994,0.449635,0.459981,0.468923,0.476435,0.482567,0.487427,0.491167,0.493958,0.495979,0.497398,0.498363,0.498999,0.499405,0.499655,0.499802,0.499882,0.499917,0.499917
0.499875,0.499875,0.499823,0.499704,0.499488,0.499124,0.498539,0.497629,0.496262,0.494274,0.49147,0.48764,0.482567,0.47605,0.467928,0.458102,0.446557,0.433377,0.41875,0.402959,0.386369,0.369399,0.352497,0.336103,0.32063,0.306439,0.293832,0.283044,0.274248,0.267566,0.263074,0.260819,0.260819,0.263074,0.267566,0.274248,0.283044,0.293832,0.306439,0.32063,0.336103,0.352497,0.369399,0.386369,0.402959,0.41875,0.433377,0.446557,0.458102,0.467928,0.47605,0.482567,0.48764,0.49147,0.494274,0.496262,0.497629,0.498539,0.499124,0.499488,0.499704,0.499823,0.499875,0.499875
0.499815,0.499815,0.499739,0.499569,0.49926,0.498744,0.49792,0.496652,0.494766,0.492049,0.488259,0.483139,0.476435,0.467928,0.457458,0.444958,0.430471,0.414167,0.396336,0.377375,0.357761,0.338012,0.318652,0.300169,0.282995,0.267479,0.253889,0.242409,0.233155,0.22619,0.221541,0.219216,0.219216,0.221541,0.22619,0.233155,0.242409,0.253889,0.267479,0.282995,0.300169,0.318652,0.338012,0.357761,0.377375,0.396336,0.414167,0.430471,0.444958,0.457458,0.467928,0.476435,0.483139,0.488259,0.492049,0.494766,0.496652,0.49792,0.498744,0.49926,0.499569,0.499739,0.499815,0.499815
0.499732,0.499732,0.499626,0.499386,0.498956,0.498241,0.497111,0.495387,0.492847,0.489227,0.484231,0.477557,0.468923,0.458102,0.444958,0.42948,0.411798,0.392196,0.371093,0.349018,0.326566,0.304353,0.282961,0.262905,0.244601,0.228355,0.214364,0.20273,0.193482,0.186601,0.182049,0.179784,0.179784,0.182049,0.186601,0.193482,0.20273,0.214364,0.228355,0.244601,0.262905,0.282961,0.304353,0.326566,0.349018,0.371093,0.392196,0.411798,0.42948,0.444958,0.458102,0.468923,0.477557,0.484231,0.489227,0.492847,0.495387,0.497111,0.498241,0.498956,0.499386,0.499626,0.499732,0.499732
0.499623,0.499623,0.499477,0.499149,0.498562,0.497596,0.496082,0.493795,0.490457,0.485747,0.479319,0.47083,0.459981,0.446557,0.430471,0.411798,0.390789,0.367866,0.343602,0.318667,0.293776,0.269625,0.246834,0.225908,0.207213,0.190969,0.177269,0.166099,0.157377,0.150987,0.146807,0.144744,0.144744,0.146807,0.150987,0.157377,0.166099,0.177269,0.190969,0.207213,0.225908,0.246834,0.269625,0.293776,0.318667,0.343602,0.367866,0.390789,0.411798,0.430471,0.446557,0.459981,0.47083,0.479319,0.485747,0.490457,0.493795,0.496082,0.497596,0.498562,0.499149,0.499477,0.499623,0.499623
0.499482,0.499482,0.499286,0.498846,0.498066,0.496792,0.494811,0.491845,0.487559,0.481573,0.473494,0.462948,0.449635,0.433377,0.414167,0.392196,0.367866,0.341768,0.314639,0.287294,0.260556,0.235178,0.211782,0.190824,0.172575,0.157134,0.144455,0.134385,0.126712,0.12121,0.117671,0.115942,0.115942,0.117671,0.12121,0.126712,0.134385,0.144455,0.157134,0.172575,0.190824,0.211782,0.235178,0.260556,0.287294,0.314639,0.341768,0.367866,0.392196,0.414167,0.433377,0.449635,0.462948,0.473494,0.481573,0.487559,0.491845,0.494811,0.496792,0.498066,0.498846,0.499286,0.499482,0.499482
0.499305,0.499305,0.499047,0.498473,0.497459,0.495816,0.493281,0.489521,0.484141,0.476704,0.466774,0.453964,0.437994,0.41875,0.396336,0.371093,0.343602,0.314639,0.285112,0.255975,0.228134,0.202363,0.179247,0.159147,0.1422,0.128349,0.117383,0.108994,0.102833,0.0985618,0.0958897,0.0946083,0.0946083,0.0958897,0.0985618,0.102833,0.108994,0.117383,0.128349,0.1422,0.159147,0.179247,0.202363,0.228134,0.255975,0.285112,0.314639,0.343602,0.371093,0.396336,0.41875,0.437994,0.453964,0.466774,0.476704,0.484141,0.489521,0.493281,0.495816,0.497459,0.498473,0.499047,0.499305,0.499305
0.499089,0.499089,0.498758,0.498024,0.496735,0.494662,0.491491,0.486828,0.480218,0.471174,0.45923,0.443999,0.425249,0.402959,0.377375,0.349018,0.318667,0.287294,0.255975,0.22578,0.197665,0.172385,0.15044,0.132054,0.117196,0.105623,0.0969481,0.0907028,0.0864062,0.0836163,0.0819704,0.0812132,0.0812132,0.0819704,0.0836163,0.0864062,0.0907028,0.0969481,0.105623,0.117196,0.132054,0.15044,0.172385,0.197665,0.22578,0.255975,0.287294,0.318667,0.349018,0.377375,0.402959,0.425249,0.443999,0.45923,0.471174,0.480218,0.486828,0.491491,0.494662,0.496735,0.498024,0.498758,0.499089,0.499089
0.498833,0.498833,0.498418,0.497499,0.495897,0.493338,0.489454,0.48379,0.475836,0.465062,0.450984,0.43324,0.411667,0.386369,0.357761,0.326566,0.293776,0.260556,0.228134,0.197665,0.170115,0.146175,0.126214,0.110282,0.0981509,0.0893805,0.0834027,0.0796001,0.0773742,0.0761989,0.0756561,0.0754578,0.0754578,0.0756561,0.0761989,0.0773742,0.0796001,0.0834027,0.0893805,0.0981509,0.110282,0.126214,0.146175,0.170115,0.197665,0.228134,0.260556,0.293776,0.326566,0.357761,0.386369,0.411667,0.43324,0.450984,0.465062,0.475836,0.48379,0.489454,0.493338,0.495897,0.497499,0.498418,0.498833,0.498833
0.498538,0.498538,0.498028,0.496903,0.494954,0.491859,0.487197,0.480456,0.471073,0.458486,0.442211,0.421929,0.397574,0.369399,0.338012,0.304353,0.269625,0.235178,0.202363,0.172385,0.146175,0.124313,0.106999,0.0940788,0.0851113,0.0794586,0.0763837,0.0751385,0.0750326,0.0754814,0.076034,0.0763865,0.0763865,0.076034,0.0754814,0.0750326,0.0751385,0.0763837,0.0794586,0.0851113,0.0940788,0.106999,0.124313,0.146175,0.172385,0.202363,0.235178,0.269625,0.304353,0.338012,0.369399,0.397574,0.421929,0.442211,0.458486,0.471073,0.480456,0.487197,0.491859,0.494954,0.496903,0.498028,0.498538,0.498538
0.498208,0.498208,0.497595,0.496247,0.493921,0.490254,0.484768,0.476898,0.466037,0.451601,0.433124,0.410351,0.383334,0.352497,0.318652,0.282961,0.246834,0.211782,0.179247,0.15044,0.126214,0.106999,0.092794,0.0832243,0.0776329,0.0751946,0.0750256,0.0762757,0.0781933,0.0801648,0.0817307,0.0825884,0.0825884,0.0817307,0.0801648,0.0781933,0.0762757,0.0750256,0.0751946,0.0776329,0.0832243,0.092794,0.106999,0.126214,0.15044,0.179247,0.211782,0.246834,0.282961,0.318652,0.352497,0.383334,0.410351,0.433124,0.451601,0.466037,0.476898,0.484768,0.490254,0.493921,0.496247,0.497595,0.498208,0.498208
0.497851,0.497851,0.497128,0.495545,0.492826,0.488563,0.482228,0.473208,0.460859,0.444591,0.423968,0.398818,0.369327,0.336103,0.300169,0.262905,0.225908,0.190824,0.159147,0.132054,0.110282,0.0940788,0.0832243,0.0771174,0.0748958,0.0755677,0.0781319,0.0816687,0.0853983,0.0887064,0.0911482,0.0924384,0.0924384,0.0911482,0.0887064,0.0853983,0.0816687,0.0781319,0.0755677,0.0748958,0.0771174,0.0832243,0.0940788,0.110282,0.132054,0.159147,0.190824,0.225908,0.262905,0.300169,0.336103,0.369327,0.398818,0.423968,0.444591,0.460859,0.473208,0.482228,0.488563,0.492826,0.495545,0.497128,0.497851,0.497851
0.497478,0.497478,0.496642,0.494818,0.491699,0.486835,0.479653,0.469495,0.455693,0.437659,0.415003,0.387647,0.355925,0.32063,0.282995,0.244601,0.207213,0.172575,0.1422,0.117196,0.0981509,0.0851113,0.0776329,0.0748958,0.0758511,0.0793689,0.0843627,0.0898766,0.0951324,0.0995408,0.102691,0.104326,0.104326,0.102691,0.0995408,0.0951324,0.0898766,0.0843627,0.0793689,0.0758511,0.0748958,0.0776329,0.0851113,0.0981509,0.117196,0.1422,0.172575,0.207213,0.244601,0.282995,0.32063,0.355925,0.387647,0.415003,0.437659,0.455693,0.469495,0.479653,0.486835,0.491699,0.494818,0.496642,0.497478,0.497478
0.4971,0.4971,0.496154,0.494092,0.490581,0.485131,0.477127,0.465879,0.4507,0.431016,0.40649,0.377148,0.343472,0.306439,0.267479,0.228355,0.190969,0.157134,0.128349,0.105623,0.0893805,0.0794586,0.0751946,0.0755677,0.0793689,0.0853607,0.0924031,0.0995336,0.106,0.111256,0.114939,0.116831,0.116831,0.114939,0.111256,0.106,0.0995336,0.0924031,0.0853607,0.0793689,0.0755677,0.0751946,0.0794586,0.0893805,0.105623,0.128349,0.157134,0.190969,0.228355,0.267479,0.306439,0.343472,0.377148,0.40649,0.431016,0.4507,0.465879,0.477127,0.485131,0.490581,0.494092,0.496154,0.4971,0.4971
0.496734,0.496734,0.495682,0.493394,0.489511,0.483511,0.474742,0.462486,0.446046,0.42487,0.398679,0.367605,0.332273,0.293832,0.253889,0.214364,0.177269,0.144455,0.117383,0.0969481,0.0834027,0.0763837,0.0750256,0.0781319,0.0843627,0.0924031,0.101088,0.109469,0.116838,0.122705,0.126759,0.128825,0.128825,0.126759,0.122705,0.116838,0.109469,0.101088,0.0924031,0.0843627,0.0781319,0.0750256,0.0763837,0.0834027,0.0969481,0.117383,0.144455,0.177269,0.214364,0.253889,0.293832,0.332273,0.367605,0.398679,0.42487,0.446046,0.462486,0.474742,0.483511,0.489511,0.493394,0.495682,0.496734,0.496734
0.496396,0.496396,0.495247,0.492754,0.488536,0.48204,0.472587,0.459437,0.44189,0.419416,0.391801,0.359271,0.322585,0.283044,0.242409,0.20273,0.166099,0.134385,0.108994,0.0907028,0.0796001,0.0751385,0.0762757,0.0816687,0.0898766,0.0995336,0.109469,0.118766,0.126766,0.13304,0.137331,0.139504,0.139504,0.137331,0.13304,0.126766,0.118766,0.109469,0.0995336,0.0898766,0.0816687,0.0762757,0.0751385,0.0796001,0.0907028,0.108994,0.134385,0.166099,0.20273,0.242409,0.283044,0.322585,0.359271,0.391801,0.419416,0.44189,0.459437,0.472587,0.48204,0.488536,0.492754,0.495247,0.496396,0.496396
0.496101,0.496101,0.494869,0.492201,0.487695,0.480778,0.470746,0.456845,0.438374,0.41483,0.386052,0.352355,0.31461,0.274248,0.233155,0.193482,0.157377,0.126712,0.102833,0.0864062,0.0773742,0.0750326,0.0781933,0.0853983,0.0951324,0.106,0.116838,0.126766,0.135179,0.141702,0.146128,0.148359,0.148359,0.146128,0.141702,0.135179,0.126766,0.116838,0.106,0.0951324,0.0853983,0.0781933,0.0750326,0.0773742,0.0864062,0.102833,0.126712,0.157377,0.193482,0.233155,0.274248,0.31461,0.352355,0.386052,0.41483,0.438374,0.456845,0.470746,0.480778,0.487695,0.492201,0.494869,0.496101,0.496101
0.495865,0.495865,0.494568,0.49176,0.487028,0.479779,0.469294,0.454808,0.435623,0.411258,0.381596,0.347025,0.308505,0.267566,0.22619,0.186601,0.150987,0.12121,0.0985618,0.0836163,0.0761989,0.0754814,0.0801648,0.0887064,0.0995408,0.111256,0.122705,0.13304,0.141702,0.148362,0.152855,0.155112,0.155112,0.152855,0.148362,0.141702,0.13304,0.122705,0.111256,0.0995408,0.0887064,0.0801648,0.0754814,0.0761989,0.0836163,0.0985618,0.12121,0.150987,0.186601,0.22619,0.267566,0.308505,0.347025,0.381596,0.411258,0.435623,0.454808,0.469294,0.479779,0.487028,0.49176,0.494568,0.495865,0.495865
0.495701,0.495701,0.494358,0.491454,0.486565,0.479088,0.468292,0.453405,0.433733,0.408811,0.378557,0.343404,0.304377,0.263074,0.221541,0.182049,0.146807,0.117671,0.0958897,0.0819704,0.0756561,0.076034,0.0817307,0.0911482,0.102691,0.114939,0.126759,0.137331,0.146128,0.152855,0.157375,0.15964,0.15964,0.157375,0.152855,0.146128,0.137331,0.126759,0.114939,0.102691,0.0911482,0.0817307,0.076034,0.0756561,0.0819704,0.0958897,0.117671,0.146807,0.182049,0.221541,0.263074,0.304377,0.343404,0.378557,0.408811,0.433733,0.453405,0.468292,0.479088,0.486565,0.491454,0.494358,0.495701,0.495701
0.495616,0.495616,0.494249,0.491296,0.486328,0.478734,0.467779,0.452689,0.432771,0.407569,0.377016,0.341573,0.302297,0.260819,0.219216,0.179784,0.144744,0.115942,0.0946083,0.0812132,0.0754578,0.0763865,0.0825884,0.0924384,0.104326,0.116831,0.128825,0.139504,0.148359,0.155112,0.15964,0.161907,0.161907,0.15964,0.155112,0.148359,0.139504,0.128825,0.116831,0.104326,0.0924384,0.0825884,0.0763865,0.0754578,0.0812132,0.0946083,0.115942,0.144744,0.179784,0.219216,0.260819,0.302297,0.341573,0.377016,0.407569,0.432771,0.452689,0.467779,0.478734,0.486328,0.491296,0.494249,0.495616,0.495616
0.495616,0.495616,0.494249,0.491296,0.486328,0.478734,0.467779,0.452689,0.432771,0.407569,0.377016,0.341573,0.302297,0.260819,0.219216,0.179784,0.144744,0.115942,0.0946083,0.0812132,0.0754578,0.0763865,0.0825884,0.0924384,0.104326,0.116831,0.128825,0.139504,0.148359,0.155112,0.15964,0.161907,0.161907,0.15964,0.155112,0.148359,0.139504,0.128825,0.116831,0.104326,0.0924384,0.0825884,0.0763865,0.0754578,0.0812132,0.0946083,0.115942,0.144744,0.179784,0.219216,0.260819,0.302297,0.341573,0.377016,0.407569,0.432771,0.452689,0.467779,0.478734,0.486328,0.491296,0.494249,0.495616,0.495616
0.495701,0.495701,0.494358,0.491454,0.486565,0.479088,0.468292,0.453405,0.433733,0.408811,0.378557,0.343404,0.304377,0.263074,0.221541,0.182049,0.146807,0.117671,0.0958897,0.0819704,0.0756561,0.076034,0.0817307,0.0911482,0.102691,0.114939,0.126759,0.137331,0.146128,0.152855,0.157375,0.15964,0.15964,0.157375,0.152855,0.146128,0.137331,0.126759,0.114939,0.102691,0.0911482,0.0817307,0.076034,0.0756561,0.0819704,0.0958897,0.117671,0.146807,0.182049,0.221541,0.263074,0.304377,0.343404,0.378557,0.408811,0.433733,0.453405,0.468292,0.479088,0.486565,0.491454,0.494358,0.495701,0.495701
0.495865,0.495865,0.494568,0.49176,0.487028,0.479779,0.469294,0.454808,0.435623,0.411258,0.381596,0.347025,0.308505,0.267566,0.22619,0.186601,0.150987,0.12121,0.0985618,0.0836163,0.0761989,0.0754814,0.0801648,0.0887064,0.0995408,0.111256,0.122705,0.13304,0.141702,0.148362,0.152855,0.155112,0.155112,0.152855,0.148362,0.141702,0.13304,0.122705,0.111256,0.0995408,0.0887064,0.0801648,0.0754814,0.0761989,0.0836163,0.0985618,0.12121,0.150987,0.186601,0.22619,0.267566,0.308505,0.347025,0.381596,0.411258,0.435623,0.454808,0.469294,0.479779,0.487028,0.49176,0.494568,0.495865,0.495865
0.496101,0.496101,0.494869,0.492201,0.487695,0.480778,0.470746,0.456845,0.438374,0.41483,0.386052,0.352355,0.31461,0.274248,0.233155,0.193482,0.157377,0.126712,0.102833,0.0864062,0.0773742,0.0750326,0.0781933,0.0853983,0.0951324,0.106,0.116838,0.126766,0.135179,0.141702,0.146128,0.148359,0.148359,0.146128,0.141702,0.135179,0.126766,0.116838,0.106,0.0951324,0.0853983,0.0781933,0.0750326,0.0773742,0.0864062,0.102833,0.126712,0.157377,0.193482,0.233155,0.274248,0.31461,0.352355,0.386052,0.41483,0.438374,0.456845,0.470746,0.480778,0.487695,0.492201,0.494869,0.496101,0.496101
0.496396,0.496396,0.495247,0.492754,0.488536,0.48204,0.472587,0.459437,0.44189,0.419416,0.391801,0.359271,0.322585,0.283044,0.242409,0.20273,0.166099,0.134385,0.108994,0.0907028,0.0796001,0.0751385,0.0762757,0.0816687,0.0898766,0.0995336,0.109469,0.118766,0.126766,0.13304,0.137331,0.139504,0.139504,0.137331,0.13304,0.126766,0.118766,0.109469,0.0995336,0.0898766,0.0816687,0.0762757,0.0751385,0.0796001,0.0907028,0.108994,0.134385,0.166099,0.20273,0.242409,0.283044,0.322585,0.359271,0.391801,0.419416,0.44189,0.459437,0.472587,0.48204,0.488536,0.492754,0.495247,0.496396,0.496396
0.496734,0.496734,0.495682,0.493394,0.489511,0.483511,0.474742,0.462486,0.446046,0.42487,0.398679,0.367605,0.332273,0.293832,0.253889,0.214364,0.177269,0.144455,0.117383,0.0969481,0.0834027,0.0763837,0.0750256,0.0781319,0.0843627,0.0924031,0.101088,0.109469,0.116838,0.122705,0.126759,0.128825,0.128825,0.126759,0.122705,0.116838,0.109469,0.101088,0.0924031,0.0843627,0.0781319,0.0750256,0.0763837,0.0834027,0.0969481,0.117383,0.144455,0.177269,0.214364,0.253889,0.293832,0.332273,0.367605,0.398679,0.42487,0.446046,0.462486,0.474742,0.483511,0.489511,0.493394,0.495682,0.496734,0.496734
0.4971,0.4971,0.496154,0.494092,0.490581,0.485131,0.477127,0.465879,0.4507,0.431016,0.40649,0.377148,0.343472,0.306439,0.267479,0.228355,0.190969,0.157134,0.128349,0.105623,0.0893805,0.0794586,0.0751946,0.0755677,0.0793689,0.0853607,0.0924031,0.0995336,0.106,0.111256,0.114939,0.116831,0.116831,0.114939,0.111256,0.106,0.0995336,0.0924031,0.0853607,0.0793689,0.0755677,0.0751946,0.0794586,0.0893805,0.105623,0.128349,0.157134,0.190969,0.228355,0.267479,0.306439,0.343472,0.377148,0.40649,0.431016,0.4507,0.465879,0.477127,0.485131,0.490581,0.494092,0.496154,0.4971,0.4971
0.497478,0.497478,0.496642,0.494818,0.491699,0.486835,0.479653,0.469495,0.455693,0.437659,0.415003,0.387647,0.355925,0.32063,0.282995,0.244601,0.207213,0.172575,0.1422,0.117196,0.0981509,0.0851113,0.0776329,0.0748958,0.0758511,0.0793689,0.0843627,0.0898766,0.0951324,0.0995408,0.102691,0.104326,0.104326,0.102691,0.0995408,0.0951324,0.0898766,0.0843627,0.0793689,0.0758511,0.0748958,0.0776329,0.0851113,0.0981509,0.117196,0.1422,0.172575,0.207213,0.244601,0.282995,0.32063,0.355925,0.387647,0.415003,0.437659,0.455693,0.469495,0.479653,0.486835,0.491699,0.494818,0.496642,0.497478,0.497478
0.497851,0.497851,0.497128,0.495545,0.492826,0.488563,0.482228,0.473208,0.460859,0.444591,0.423968,0.398818,0.369327,0.336103,0.300169,0.262905,0.225908,0.190824,0.159147,0.132054,0.110282,0.0940788,0.0832243,0.0771174,0.0748958,0.0755677,0.0781319,0.0816687,0.0853983,0.0887064,0.0911482,0.0924384,0.0924384,0.0911482,0.0887064,0.0853983,0.0816687,0.0781319,0.0755677,0.0748958,0.0771174,0.0832243,0.0940788,0.110282,0.132054,0.159147,0.190824,0.225908,0.262905,0.300169,0.336103,0.369327,0.398818,0.423968,0.444591,0.460859,0.473208,0.482228,0.488563,0.492826,0.495545,0.497128,0.497851,0.497851
0.498208,0.498208,0.497595,0.496247,0.493921,0.490254,0.484768,0.476898,0.466037,0.451601,0.433124,0.410351,0.383334,0.352497,0.318652,0.282961,0.246834,0.211782,0.179247,0.15044,0.126214,0.106999,0.092794,0.0832243,0.0776329,0.0751946,0.0750256,0.0762757,0.0781933,0.0801648,0.0817307,0.0825884,0.0825884,0.0817307,0.0801648,0.0781933,0.0762757,0.0750256,0.0751946,0.0776329,0.0832243,0.092794,0.106999,0.126214,0.15044,0.179247,0.211782,0.246834,0.282961,0.318652,0.352497,0.383334,0.410351,0.433124,0.451601,0.466037,0.476898,0.484768,0.490254,0.493921,0.496247,0.497595,0.498208,0.498208
0.498538,0.498538,0.498028,0.496903,0.494954,0.491859,0.487197,0.480456,0.471073,0.458486,0.442211,0.421929,0.397574,0.369399,0.338012,0.304353,0.269625,0.235178,0.202363,0.172385,0.146175,0.124313,0.106999,0.0940788,0.0851113,0.0794586,0.0763837,0.0751385,0.0750326,0.0754814,0.076034,0.0763865,0.0763865,0.076034,0.0754814,0.0750326,0.0751385,0.0763837,0.0794586,0.0851113,0.0940788,0.106999,0.124313,0.146175,0.172385,0.202363,0.235178,0.269625,0.304353,0.338012,0.369399,0.397574,0.421929,0.442211,0.458486,0.471073,0.480456,0.487197,0.491859,0.494954,0.496903,0.498028,0.498538,0.498538
0.498833,0.498833,0.498418,0.497499,0.495897,0.493338,0.489454,0.48379,0.475836,0.465062,0.450984,0.43324,0.411667,0.386369,0.357761,0.326566,0.293776,0.260556,0.228134,0.197665,0.170115,0.146175,0.126214,0.110282,0.0981509,0.0893805,0.0834027,0.0796001,0.0773742,0.0761989,0.0756561,0.0754578,0.0754578,0.0756561,0.0761989,0.0773742,0.0796001,0.0834027,0.0893805,0.0981509,0.110282,0.126214,0.146175,0.170115,0.197665,0.228134,0.260556,0.293776,0.326566,0.357761,0.386369,0.411667,0.43324,0.450984,0.465062,0.475836,0.48379,0.489454,0.493338,0.495897,0.497499,0.498418,0.498833,0.498833
0.499089,0.499089,0.498758,0.498024,0.496735,0.494662,0.491491,0.486828,0.480218,0.471174,0.45923,0.443999,0.425249,0.402959,0.377375,0.349018,0.318667,0.287294,0.255975,0.22578,0.197665,0.172385,0.15044,0.132054,0.117196,0.105623,0.0969481,0.0907028,0.0864062,0.0836163,0.0819704,0.0812132,0.0812132,0.0819704,0.0836163,0.0864062,0.0907028,0.0969481,0.105623,0.117196,0.132054,0.15044,0.172385,0.197665,0.22578,0.255975,0.287294,0.318667,0.349018,0.377375,0.402959,0.425249,0.443999,0.45923,0.471174,0.480218,0.486828,0.491491,0.494662,0.496735,0.498024,0.498758,0.499089,0.499089
0.499305,0.499305,0.499047,0.498473,0.497459,0.495816,0.493281,0.489521,0.484141,0.476704,0.466774,0.453964,0.437994,0.41875,0.396336,0.371093,0.343602,0.314639,0.285112,0.255975,0.228134,0.202363,0.179247,0.159147,0.1422,0.128349,0.117383,0.108994,0.102833,0.0985618,0.0958897,0.0946083,0.0946083,0.0958897,0.0985618,0.102833,0.108994,0.117383,0.128349,0.1422,0.159147,0.179247,0.202363,0.228134,0.255975,0.285112,0.314639,0.343602,0.371093,0.396336,0.41875,0.437994,0.453964,0.466774,0.476704,0.484141,0.489521,0.493281,0.495816,0.497459,0.498473,0.499047,0.499305,0.499305
0.499482,0.499482,0.499286,0.498846,0.498066,0.496792,0.494811,0.491845,0.487559,0.481573,0.473494,0.462948,0.449635,0.433377,0.414167,0.392196,0.367866,0.341768,0.314639,0.287294,0.260556,0.235178,0.211782,0.190824,0.172575,0.157134,0.144455,0.134385,0.126712,0.12121,0.117671,0.115942,0.115942,0.117671,0.12121,0.126712,0.134385,0.144455,0.157134,0.172575,0.190824,0.211782,0.235178,0.260556,0.287294,0.314639,0.341768,0.367866,0.392196,0.414167,0.433377,0.449635,0.462948,0.473494,0.481573,0.487559,0.491845,0.494811,0.496792,0.498066,0.498846,0.499286,0.499482,0.499482
0.499623,0.499623,0.499477,0.499149,0.498562,0.497596,0.496082,0.493795,0.490457,0.485747,0.479319,0.47083,0.459981,0.446557,0.430471,0.411798,0.390789,0.367866,0.343602,0.318667,0.293776,0.269625,0.246834,0.225908,0.207213,0.190969,0.177269,0.166099,0.157377,0.150987,0.146807,0.144744,0.144744,0.146807,0.150987,0.157377,0.166099,0.177269,0.190969,0.207213,0.225908,0.246834,0.269625,0.293776,0.318667,0.343602,0.367866,0.390789,0.411798,0.430471,0.446557,0.459981,0.47083,0.479319,0.485747,0.490457,0.493795,0.496082,0.497596,0.498562,0.499149,0.499477,0.499623,0.499623
0.499732,0.499732,0.499626,0.499386,0.498956,0.498241,0.497111,0.495387,0.492847,0.489227,0.484231,0.477557,0.468923,0.458102,0.444958,0.42948,0.411798,0.392196,0.371093,0.349018,0.326566,0.304353,0.282961,0.262905,0.244601,0.228355,0.214364,0.20273,0.193482,0.186601,0.182049,0.179784,0.179784,0.182049,0.186601,0.193482,0.20273,0.214364,0.228355,0.244601,0.262905,0.282961,0.304353,0.326566,0.349018,0.371093,0.392196,0.411798,0.42948,0.444958,0.458102,0.468923,0.477557,0.484231,0.489227,0.492847,0.495387,0.497111,0.498241,0.498956,0.499386,0.499626,0.499732,0.499732
0.499815,0.499815,0.499739,0.499569,0.49926,0.498744,0.49792,0.496652,0.494766,0.492049,0.488259,0.483139,0.476435,0.467928,0.457458,0.444958,0.430471,0.414167,0.396336,0.377375,0.357761,0.338012,0.318652,0.300169,0.282995,0.267479,0.253889,0.242409,0.233155,0.22619,0.221541,0.219216,0.219216,0.221541,0.22619,0.233155,0.242409,0.253889,0.267479,0.282995,0.300169,0.318652,0.338012,0.357761,0.377375,0.396336,0.414167,0.430471,0.444958,0.457458,0.467928,0.476435,0.483139,0.488259,0.492049,0.494766,0.496652,0.49792,0.498744,0.49926,0.499569,0.499739,0.499815,0.499815
0.499875,0.499875,0.499823,0.499704,0.499488,0.499124,0.498539,0.497629,0.496262,0.494274,0.49147,0.48764,0.482567,0.47605,0.467928,0.458102,0.446557,0.433377,0.41875,0.402959,0.386369,0.369399,0.352497,0.336103,0.32063,0.306439,0.293832,0.283044,0.274248,0.267566,0.263074,0.260819,0.260819,0.263074,0.267566,0.274248,0.283044,0.293832,0.306439,0.32063,0.336103,0.352497,0.369399,0.386369,0.402959,0.41875,0.433377,0.446557,0.458102,0.467928,0.47605,0.482567,0.48764,0.49147,0.494274,0.496262,0.497629,0.498539,0.499124,0.499488,0.499704,0.499823,0.499875,0.499875
0.499917,0.499917,0.499882,0.499802,0.499655,0.499405,0.498999,0.498363,0.497398,0.495979,0.493958,0.491167,0.487427,0.482567,0.476435,0.468923,0.459981,0.449635,0.437994,0.425249,0.411667,0.397574,0.383334,0.369327,0.355925,0.343472,0.332273,0.322585,0.31461,0.308505,0.304377,0.302297,0.302297,0.304377,0.308505,0.31461,0.322585,0.332273,0.343472,0.355925,0.369327,0.383334,0.397574,0.411667,0.425249,0.437994,0.449635,0.459981,0.468923,0.476435,0.482567,0.487427,0.491167,0.493958,0.495979,0.497398,0.498363,0.498999,0.499405,0.499655,0.499802,0.499882,0.499917,0.499917
0.499947,0.499947,0.499924,0.499871,0.499773,0.499606,0.499332,0.498898,0.498234,0.497248,0.49583,0.493849,0.491167,0.48764,0.483139,0.477557,0.47083,0.462948,0.453964,0.443999,0.43324,0.421929,0.410351,0.398818,0.387647,0.377148,0.367605,0.359271,0.352355,0.347025,0.343404,0.341573,0.341573,0.343404,0.347025,0.352355,0.359271,0.367605,0.377148,0.387647,0.398818,0.410351,0.421929,0.43324,0.443999,0.453964,0.462948,0.47083,0.477557,0.483139,0.48764,0.491167,0.493849,0.49583,0.497248,0.498234,0.498898,0.499332,0.499606,0.499773,0.499871,0.499924,0.499947,0.499947
0.499967,0.499967,0.499952,0.499918,0.499855,0.499746,0.499565,0.499278,0.498833,0.498166,0.497197,0.49583,0.493958,0.49147,0.488259,0.484231,0.479319,0.473494,0.466774,0.45923,0.450984,0.442211,0.433124,0.423968,0.415003,0.40649,0.398679,0.391801,0.386052,0.381596,0.378557,0.377016,0.377016,0.378557,0.381596,0.386052,0.391801,0.398679,0.40649,0.415003,0.423968,0.433124,0.442211,0.450984,0.45923,0.466774,0.473494,0.479319,0.484231,0.488259,0.49147,0.493958,0.49583,0.497197,0.498166,0.498833,0.499278,0.499565,0.499746,0.499855,0.499918,0.499952,0.499967,0.499967
0.49998,0.49998,0.499971,0.499949,0.49991,0.49984,0.499725,0.499539,0.499249,0.49881,0.498166,0.497248,0.495979,0.494274,0.492049,0.489227,0.485747,0.481573,0.476704,0.471174,0.465062,0.458486,0.451601,0.444591,0.437659,0.431016,0.42487,0.419416,0.41483,0.411258,0.408811,0.407569,0.407569,0.408811,0.411258,0.41483,0.419416,0.42487,0.431016,0.437659,0.444591,0.451601,0.458486,0.465062,0.471174,0.476704,0.481573,0.485747,0.489227,0.492049,0.494274,0.495979,0.497248,0.498166,0.49881,0.499249,0.499539,0.499725,0.49984,0.49991,0.499949,0.499971,0.49998,0.49998
0.499988,0.499988,0.499982,0.49997,0.499945,0.499902,0.49983,0.499714,0.49953,0.499249,0.498833,0.498234,0.497398,0.496262,0.494766,0.492847,0.490457,0.487559,0.484141,0.480218,0.475836,0.471073,0.466037,0.460859,0.455693,0.4507,0.446046,0.44189,0.438374,0.435623,0.433733,0.432771,0.432771,0.433733,0.435623,0.438374,0.44189,0.446046,0.4507,0.455693,0.460859,0.466037,0.471073,0.475836,0.480218,0.484141,0.487559,0.490457,0.492847,0.494766,0.496262,0.497398,0.498234,0.498833,0.499249,0.49953,0.499714,0.49983,0.499902,0.499945,0.49997,0.499982,0.499988,0.499988
0.499993,0.499993,0.49999,0.499982,0.499968,0.499942,0.499898,0.499827,0.499714,0.499539,0.499278,0.498898,0.498363,0.497629,0.496652,0.495387,0.493795,0.491845,0.489521,0.486828,0.48379,0.480456,0.476898,0.473208,0.469495,0.465879,0.462486,0.459437,0.456845,0.454808,0.453405,0.452689,0.452689,0.453405,0.454808,0.456845,0.459437,0.462486,0.465879,0.469495,0.473208,0.476898,0.480456,0.48379,0.486828,0.489521,0.491845,0.493795,0.495387,0.496652,0.497629,0.498363,0.498898,0.499278,0.499539,0.499714,0.499827,0.499898,0.499942,0.499968,0.499982,0.49999,0.499993,0.499993
0.499996,0.499996,0.499994,0.49999,0.499981,0.499966,0.499941,0.499898,0.49983,0.499725,0.499565,0.499332,0.498999,0.498539,0.49792,0.497111,0.496082,0.494811,0.493281,0.491491,0.489454,0.487197,0.484768,0.482228,0.479653,0.477127,0.474742,0.472587,0.470746,0.469294,0.468292,0.467779,0.467779,0.468292,0.469294,0.470746,0.472587,0.474742,0.477127,0.479653,0.482228,0.484768,0.487197,0.489454,0.491491,0.493281,0.494811,0.496082,0.497111,0.49792,0.498539,0.498999,0.499332,0.499565,0.499725,0.49983,0.499898,0.499941,0.499966,0.499981,0.49999,0.499994,0.499996,0.499996
0.499998,0.499998,0.499997,0.499994,0.49999,0.499981,0.499966,0.499942,0.499902,0.49984,0.499746,0.499606,0.499405,0.499124,0.498744,0.498241,0.497596,0.496792,0.495816,0.494662,0.493338,0.491859,0.490254,0.488563,0.486835,0.485131,0.483511,0.48204,0.480778,0.479779,0.479088,0.478734,0.478734,0.479088,0.479779,0.480778,0.48204,0.483511,0.485131,0.486835,0.488563,0.490254,0.491859,0.493338,0.494662,0.495816,0.496792,0.497596,0.498241,0.498744,0.499124,0.499405,0.499606,0.499746,0.49984,0.499902,0.499942,0.499966,0.499981,0.49999,0.499994,0.499997,0.499998,0.499998
0.499999,0.499999,0.499998,0.499997,0.499994,0.49999,0.499981,0.499968,0.499945,0.49991,0.499855,0.499773,0.499655,0.499488,0.49926,0.498956,0.498562,0.498066,0.497459,0.496735,0.495897,0.494954,0.493921,0.492826,0.491699,0.490581,0.489511,0.488536,0.487695,0.487028,0.486565,0.486328,0.486328,0.486565,0.487028,0.487695,0.488536,0.489511,0.490581,0.491699,0.492826,0.493921,0.494954,0.495897,0.496735,0.497459,0.498066,0.498562,0.498956,0.49926,0.499488,0.499655,0.499773,0.499855,0.49991,0.499945,0.499968,0.499981,0.49999,0.499994,0.499997,0.499998,0.499999,0.499999
0.499999,0.499999,0.499999,0.499998,0.499997,0.499994,0.49999,0.499982,0.49997,0.499949,0.499918,0.499871,0.499802,0.499704,0.499569,0.499386,0.499149,0.498846,0.498473,0.498024,0.497499,0.496903,0.496247,0.495545,0.494818,0.494092,0.493394,0.492754,0.492201,0.49176,0.491454,0.491296,0.491296,0.491454,0.49176,0.492201,0.492754,0.493394,0.494092,0.494818,0.495545,0.496247,0.496903,0.497499,0.498024,0.498473,0.498846,0.499149,0.499386,0.499569,0.499704,0.499802,0.499871,0.499918,0.499949,0.49997,0.499982,0.49999,0.499994,0.499997,0.499998,0.499999,0.499999,0.499999
0.5,0.5,0.5,0.499999,0.499998,0.499997,0.499994,0.49999,0.499982,0.499971,0.499952,0.499924,0.499882,0.499823,0.499739,0.499626,0.499477,0.499286,0.499047,0.498758,0.498418,0.498028,0.497595,0.497128,0.496642,0.496154,0.495682,0.495247,0.494869,0.494568,0.494358,0.494249,0.494249,0.494358,0.494568,0.494869,0.495247,0.495682,0.496154,0.496642,0.497128,0.497595,0.498028,0.498418,0.498758,0.499047,0.499286,0.499477,0.499626,0.499739,0.499823,0.499882,0.499924,0.499952,0.499971,0.499982,0.49999,0.499994,0.499997,0.499998,0.499999,0.5,0.5,0.5
0.5,0.5,0.5,0.499999,0.499999,0.499998,0.499996,0.499993,0.499988,0.49998,0.499967,0.499947,0.499917,0.499875,0.499815,0.499732,0.499623,0.499482,0.499305,0.499089,0.498833,0.498538,0.498208,0.497851,0.497478,0.4971,0.496734,0.496396,0.496101,0.495865,0.495701,0.495616,0.495616,0.495701,0.495865,0.496101,0.496396,0.496734,0.4971,0.497478,0.497851,0.498208,0.498538,0.498833,0.499089,0.499305,0.499482,0.499623,0.499732,0.499815,0.499875,0.499917,0.499947,0.499967,0.49998,0.499988,0.499993,0.499996,0.499998,0.499999,0.499999,0.5,0.5,0.5
0.5,0.5,0.5,0.499999,0.499999,0.499998,0.499996,0.499993,0.499988,0.49998,0.499967,0.499947,0.499917,0.499875,0.499815,0.499732,0.499623,0.499482,0.499305,0.499089,0.498833,0.498538,0.498208,0.497851,0.497478,0.4971,0.496734,0.496396,0.496101,0.495865,0.495701,0.495616,0.495616,0.495701,0.495865,0.496101,0.496396,0.496734,0.4971,0.497478,0.497851,0.498208,0.498538,0.498833,0.499089,0.499305,0.499482,0.499623,0.499732,0.499815,0.499875,0.499917,0.499947,0.499967,0.49998,0.499988,0.499993,0.499996,0.499998,0.499999,0.499999,0.5,0.5,0.5
