0.5,0.5,0.5,0.5,0.5,0.5,0.5,0.5,0.5,0.5,0.5,0.5,0.5,0.5,0.5,0.5,0.5,0.5,0.5,0.5,0.5,0.5,0.5,0.5,0.5,0.5,0.5,0.5,0.5,0.499999,0.499999,0.499999,0.499999,0.499999,0.499999,0.5,0.5,0.5,0.5,0.5,0.5,0.5,0.5,0.5,0.5,0.5,0.5,0.5,0.5,0.5,0.5,0.5,0.5,0.5,0.5,0.5,0.5,0.5,0.5,0.5,0.5,0.5,0.5,0.5
0.5,0.5,0.5,0.5,0.5,0.5,0.5,0.5,0.5,0.5,0.5,0.5,0.5,0.5,0.5,0.5,0.5,0.5,0.5,0.5,0.5,0.5,0.5,0.5,0.5,0.5,0.5,0.5,0.5,0.499999,0.499999,0.499999,0.499999,0.499999,0.499999,0.5,0.5,0.5,0.5,0.5,0.5,0.5,0.5,0.5,0.5,0.5,0.5,0.5,0.5,0.5,0.5,0.5,0.5,0.5,0.5,0.5,0.5,0.5,0.5,0.5,0.5,0.5,0.5,0.5
0.5,0.5,0.5,0.5,0.5,0.5,0.5,0.5,0.5,0.5,0.5,0.5,0.5,0.5,0.5,0.5,0.5,0.5,0.5,0.5,0.5,0.5,0.5,0.5,0.5,0.499999,0.499999,0.499999,0.499999,0.499999,0.499999,0.499999,0.499999,0.499999,0.499999,0.499999,0.499999,0.499999,0.499999,0.5,0.5,0.5,0.5,0.5,0.5,0.5,0.5,0.5,0.5,0.5,0.5,0.5,0.5,0.5,0.5,0.5,0.5,0.5,0.5,0.5,0.5,0.5,0.5,0.5
0.5,0.5,0.5,0.5,0.5,0.5,0.5,0.5,0.5,0.5,0.5,0.5,0.5,0.5,0.5,0.5,0.5,0.5,0.5,0.5,0.5,0.5,0.499999,0.499999,0.499999,0.499998,0.499998,0.499998,0.499997,0.499997,0.499997,0.499997,0.499997,0.499997,0.499997,0.499997,0.499998,0.499998,0.499998,0.499999,0.499999,0.499999,0.5,0.5,0.5,0.5,0.5,0.5,0.5,0.5,0.5,0.5,0.5,0.5,0.5,0.5,0.5,0.5,0.5,0.5,0.5,0.5,0.5,0.5
0.5,0.5,0.5,0.5,0.5,0.5,0.5,0.5,0.5,0.5,0.5,0.5,0.5,0.5,0.5,0.5,0.5,0.5,0.5,0.499999,0.499999,0.499999,0.499998,0.499998,0.499997,0.499996,0.499995,0.499995,0.499994,0.499993,0.499993,0.499992,0.499992,0.499993,0.499993,0.499994,0.499995,0.499995,0.499996,0.499997,0.499998,0.499998,0.499999,0.499999,0.499999,0.5,0.5,0.5,0.5,0.5,0.5,0.5,0.5,0.5,0.5,0.5,0.5,0.5,0.5,0.5,0.5,0.5,0.5,0.5
0.5,0.5,0.5,0.5,0.5,0.5,0.5,0.5,0.5,0.5,0.5,0.5,0.5,0.5,0.5,0.5,0.5,0.499999,0.499999,0.499999,0.499998,0.499997,0.499996,0.499994,0.499993,0.499991,0.499989,0.499987,0.499985,0.499983,0.499982,0.499982,0.499982,0.499982,0.499983,0.499985,0.499987,0.499989,0.499991,0.499993,0.499994,0.499996,0.499997,0.499998,0.499999,0.499999,0.499999,0.5,0.5,0.5,0.5,0.5,0.5,0.5,0.5,0.5,0.5,0.5,0.5,0.5,0.5,0.5,0.5,0.5
0.5,0.5,0.5,0.5,0.5,0.5,0.5,0.5,0.5,0.5,0.5,0.5,0.5,0.5,0.5,0.5,0.499999,0.499999,0.499998,0.499997,0.499995,0.499993,0.49999,0.499987,0.499983,0.499979,0.499974,0.49997,0.499965,0.499962,0.499959,0.499958,0.499958,0.499959,0.499962,0.499965,0.49997,0.499974,0.499979,0.499983,0.499987,0.49999,0.499993,0.499995,0.499997,0.499998,0.499999,0.499999,0.5,0.5,0.5,0.5,0.5,0.5,0.5,0.5,0.5,0.5,0.5,0.5,0.5,0.5,0.5,0.5
0.5,0.5,0.5,0.5,0.5,0.5,0.5,0.5,0.5,0.5,0.5,0.5,0.5,0.5,0.499999,0.499999,0.499998,0.499997,0.499995,0.499993,0.499989,0.499984,0.499978,0.499971,0.499962,0.499953,0.499942,0.499932,0.499923,0.499915,0.499909,0.499906,0.499906,0.499909,0.499915,0.499923,0.499932,0.499942,0.499953,0.499962,0.499971,0.499978,0.499984,0.499989,0.499993,0.499995,0.499997,0.499998,0.499999,0.499999,0.5,0.5,0.5,0.5,0.5,0.5,0.5,0.5,0.5,0.5,0.5,0.5,0.5,0.5
0.5,0.5,0.5,0.5,0.5,0.5,0.5,0.5,0.5,0.5,0.5,0.5,0.5,0.499999,0.499999,0.499998,0.499996,0.499993,0.49999,0.499984,0.499976,0.499966,0.499953,0.499937,0.499918,0.499898,0.499876,0.499854,0.499833,0.499816,0.499804,0.499797,0.499797,0.499804,0.499816,0.499833,0.499854,0.499876,0.499898,0.499918,0.499937,0.499953,0.499966,0.499976,0.499984,0.49999,0.499993,0.499996,0.499998,0.499999,0.499999,0.5,0.5,0.5,0.5,0.5,0.5,0.5,0.5,0.5,0.5,0.5,0.5,0.5
0.5,0.5,0.5,0.5,0.5,0.5,0.5,0.5,0.5,0.5,0.5,0.5,0.499999,0.499998,0.499997,0.499995,0.499992,0.499986,0.499978,0.499967,0.499951,0.499929,0.499902,0.499869,0.49983,0.499787,0.499741,0.499695,0.499653,0.499618,0.499593,0.499579,0.499579,0.499593,0.499618,0.499653,0.499695,0.499741,0.499787,0.49983,0.499869,0.499902,0.499929,0.499951,0.499967,0.499978,0.499986,0.499992,0.499995,0.499997,0.499998,0.499999,0.5,0.5,0.5,0.5,0.5,0.5,0.5,0.5,0.5,0.5,0.5,0.5
0.5,0.5,0.5,0.5,0.5,0.5,0.5,0.5,0.5,0.5,0.5,0.499999,0.499998,0.499997,0.499994,0.49999,0.499983,0.499972,0.499956,0.499932,0.4999,0.499857,0.499802,0.499735,0.499657,0.499571,0.499479,0.499389,0.499305,0.499235,0.499185,0.499158,0.499158,0.499185,0.499235,0.499305,0.499389,0.499479,0.499571,0.499657,0.499735,0.499802,0.499857,0.4999,0.499932,0.499956,0.499972,0.499983,0.49999,0.499994,0.499997,0.499998,0.499999,0.5,0.5,0.5,0.5,0.5,0.5,0.5,0.5,0.5,0.5,0.5
0.5,0.5,0.5,0.5,0.5,0.5,0.5,0.5,0.5,0.5,0.499999,0.499998,0.499997,0.499994,0.499988,0.49998,0.499966,0.499944,0.499912,0.499867,0.499803,0.49972,0.499613,0.499484,0.499334,0.499167,0.498991,0.498817,0.498656,0.498522,0.498425,0.498374,0.498374,0.498425,0.498522,0.498656,0.498817,0.498991,0.499167,0.499334,0.499484,0.499613,0.49972,0.499803,0.499867,0.499912,0.499944,0.499966,0.49998,0.499988,0.499994,0.499997,0.499998,0.499999,0.5,0.5,0.5,0.5,0.5,0.5,0.5,0.5,0.5,0.5
0.5,0.5,0.5,0.5,0.5,0.5,0.5,0.5,0.5,0.499999,0.499998,0.499997,0.499993,0.499988,0.499978,0.499961,0.499935,0.499894,0.499834,0.499747,0.499628,0.499471,0.499272,0.49903,0.49875,0.498439,0.498112,0.497789,0.497492,0.497243,0.497064,0.49697,0.49697,0.497064,0.497243,0.497492,0.497789,0.498112,0.498439,0.49875,0.49903,0.499272,0.499471,0.499628,0.499747,0.499834,0.499894,0.499935,0.499961,0.499978,0.499988,0.499993,0.499997,0.499998,0.499999,0.5,0.5,0.5,0.5,0.5,0.5,0.5,0.5,0.5
0.5,0.5,0.5,0.5,0.5,0.5,0.5,0.5,0.499999,0.499998,0.499997,0.499994,0.499988,0.499977,0.499959,0.499928,0.49988,0.499805,0.499695,0.499537,0.499321,0.499036,0.498676,0.49824,0.497735,0.497177,0.496591,0.496013,0.495482,0.495038,0.494718,0.494551,0.494551,0.494718,0.495038,0.495482,0.496013,0.496591,0.497177,0.497735,0.49824,0.498676,0.499036,0.499321,0.499537,0.499695,0.499805,0.49988,0.499928,0.499959,0.499977,0.499988,0.499994,0.499997,0.499998,0.499999,0.5,0.5,0.5,0.5,0.5,0.5,0.5,0.5
0.5,0.5,0.5,0.5,0.5,0.5,0.5,0.499999,0.499999,0.499997,0.499994,0.499988,0.499978,0.499959,0.499926,0.499872,0.499786,0.499654,0.499458,0.499181,0.498801,0.498303,0.497675,0.496915,0.496038,0.49507,0.494058,0.493059,0.492143,0.491378,0.490828,0.490541,0.490541,0.490828,0.491378,0.492143,0.493059,0.494058,0.49507,0.496038,0.496915,0.497675,0.498303,0.498801,0.499181,0.499458,0.499654,0.499786,0.499872,0.499926,0.499959,0.499978,0.499988,0.499994,0.499997,0.499999,0.499999,0.5,0.5,0.5,0.5,0.5,0.5,0.5
0.5,0.5,0.5,0.5,0.5,0.5,0.5,0.499999,0.499998,0.499995,0.49999,0.49998,0.499961,0.499928,0.499872,0.499779,0.499631,0.499405,0.499072,0.4986,0.497957,0.497114,0.496055,0.494778,0.493306,0.491687,0.489996,0.488332,0.486807,0.485536,0.484622,0.484145,0.484145,0.484622,0.485536,0.486807,0.488332,0.489996,0.491687,0.493306,0.494778,0.496055,0.497114,0.497957,0.4986,0.499072,0.499405,0.499631,0.499779,0.499872,0.499928,0.499961,0.49998,0.49999,0.499995,0.499998,0.499999,0.5,0.5,0.5,0.5,0.5,0.5,0.5
0.5,0.5,0.5,0.5,0.5,0.5,0.499999,0.499998,0.499996,0.499992,0.499983,0.499966,0.499935,0.49988,0.499786,0.499631,0.499386,0.499012,0.498464,0.497688,0.496634,0.495259,0.493533,0.49146,0.489075,0.486458,0.483732,0.481053,0.478603,0.476563,0.475099,0.474333,0.474333,0.475099,0.476563,0.478603,0.481053,0.483732,0.486458,0.489075,0.49146,0.493533,0.495259,0.496634,0.497688,0.498464,0.499012,0.499386,0.499631,0.499786,0.49988,0.499935,0.499966,0.499983,0.499992,0.499996,0.499998,0.499999,0.5,0.5,0.5,0.5,0.5,0.5
0.5,0.5,0.5,0.5,0.5,0.499999,0.499999,0.499997,0.499993,0.499986,0.499972,0.499944,0.499894,0.499805,0.499654,0.499405,0.499012,0.498415,0.497541,0.49631,0.494642,0.49247,0.489755,0.486501,0.482768,0.478683,0.474437,0.470273,0.466471,0.46331,0.461044,0.459859,0.459859,0.461044,0.46331,0.466471,0.470273,0.474437,0.478683,0.482768,0.486501,0.489755,0.49247,0.494642,0.49631,0.497541,0.498415,0.499012,0.499405,0.499654,0.499805,0.499894,0.499944,0.499972,0.499986,0.499993,0.499997,0.499999,0.499999,0.5,0.5,0.5,0.5,0.5
0.5,0.5,0.5,0.5,0.5,0.499999,0.499998,0.499995,0.49999,0.499978,0.499956,0.499912,0.499834,0.499695,0.499458,0.499072,0.498464,0.497541,0.496195,0.494304,0.491751,0.488437,0.484307,0.479371,0.473725,0.467563,0.461172,0.454919,0.449219,0.444488,0.441098,0.439329,0.439329,0.441098,0.444488,0.449219,0.454919,0.461172,0.467563,0.473725,0.479371,0.484307,0.488437,0.491751,0.494304,0.496195,0.497541,0.498464,0.499072,0.499458,0.499695,0.499834,0.499912,0.499956,0.499978,0.49999,0.499995,0.499998,0.499999,0.5,0.5,0.5,0.5,0.5
0.5,0.5,0.5,0.5,0.499999,0.499999,0.499997,0.499993,0.499984,0.499967,0.499932,0.499867,0.499747,0.499537,0.499181,0.4986,0.497688,0.49631,0.494304,0.491497,0.487717,0.482827,0.476751,0.469511,0.461255,0.452266,0.442968,0.433891,0.425632,0.418788,0.413889,0.411334,0.411334,0.413889,0.418788,0.425632,0.433891,0.442968,0.452266,0.461255,0.469511,0.476751,0.482827,0.487717,0.491497,0.494304,0.49631,0.497688,0.4986,0.499181,0.499537,0.499747,0.499867,0.499932,0.499967,0.499984,0.499993,0.499997,0.499999,0.499999,0.5,0.5,0.5,0.5
0.5,0.5,0.5,0.5,0.499999,0.499998,0.499995,0.499989,0.499976,0.499951,0.4999,0.499803,0.499628,0.499321,0.498801,0.497957,0.496634,0.494642,0.491751,0.487717,0.482304,0.475322,0.466674,0.456401,0.44472,0.432039,0.418954,0.40621,0.394638,0.385063,0.378219,0.374651,0.374651,0.378219,0.385063,0.394638,0.40621,0.418954,0.432039,0.44472,0.456401,0.466674,0.475322,0.482304,0.487717,0.491751,0.494642,0.496634,0.497957,0.498801,0.499321,0.499628,0.499803,0.4999,0.499951,0.499976,0.499989,0.499995,0.499998,0.499999,0.5,0.5,0.5,0.5
0.5,0.5,0.5,0.5,0.499999,0.499997,0.499993,0.499984,0.499966,0.499929,0.499857,0.49972,0.499471,0.499036,0.498303,0.497114,0.495259,0.49247,0.488437,0.482827,0.475322,0.465672,0.453757,0.439648,0.423652,0.406337,0.388517,0.371203,0.355512,0.342553,0.3333,0.32848,0.32848,0.3333,0.342553,0.355512,0.371203,0.388517,0.406337,0.423652,0.439648,0.453757,0.465672,0.475322,0.482827,0.488437,0.49247,0.495259,0.497114,0.498303,0.499036,0.499471,0.49972,0.499857,0.499929,0.499966,0.499984,0.499993,0.499997,0.499999,0.5,0.5,0.5,0.5
0.5,0.5,0.5,0.499999,0.499998,0.499996,0.49999,0.499978,0.499953,0.499902,0.499802,0.499613,0.499272,0.498676,0.497675,0.496055,0.493533,0.489755,0.484307,0.476751,0.466674,0.453757,0.43786,0.419092,0.397878,0.37498,0.351478,0.328698,0.308097,0.29111,0.278998,0.272693,0.272693,0.278998,0.29111,0.308097,0.328698,0.351478,0.37498,0.397878,0.419092,0.43786,0.453757,0.466674,0.476751,0.484307,0.489755,0.493533,0.496055,0.497675,0.498676,0.499272,0.499613,0.499802,0.499902,0.499953,0.499978,0.49999,0.499996,0.499998,0.499999,0.5,0.5,0.5
0.5,0.5,0.5,0.499999,0.499998,0.499994,0.499987,0.499971,0.499937,0.499869,0.499735,0.499484,0.49903,0.49824,0.496915,0.494778,0.49146,0.486501,0.479371,0.469511,0.456401,0.439648,0.419092,0.394898,0.367631,0.338284,0.308244,0.279198,0.252984,0.231408,0.216042,0.20805,0.20805,0.216042,0.231408,0.252984,0.279198,0.308244,0.338284,0.367631,0.394898,0.419092,0.439648,0.456401,0.469511,0.479371,0.486501,0.49146,0.494778,0.496915,0.49824,0.49903,0.499484,0.499735,0.499869,0.499937,0.499971,0.499987,0.499994,0.499998,0.499999,0.5,0.5,0.5
0.5,0.5,0.5,0.499999,0.499997,0.499993,0.499983,0.499962,0.499918,0.49983,0.499657,0.499334,0.49875,0.497735,0.496038,0.493306,0.489075,0.482768,0.473725,0.461255,0.44472,0.423652,0.397878,0.367631,0.333643,0.297163,0.259919,0.223994,0.191641,0.165056,0.146148,0.136321,0.136321,0.146148,0.165056,0.191641,0.223994,0.259919,0.297163,0.333643,0.367631,0.397878,0.423652,0.44472,0.461255,0.473725,0.482768,0.489075,0.493306,0.496038,0.497735,0.49875,0.499334,0.499657,0.49983,0.499918,0.499962,0.499983,0.499993,0.499997,0.499999,0.5,0.5,0.5
0.5,0.5,0.499999,0.499998,0.499996,0.499991,0.499979,0.499953,0.499898,0.499787,0.499571,0.499167,0.498439,0.497177,0.49507,0.491687,0.486458,0.478683,0.467563,0.452266,0.432039,0.406337,0.37498,0.338284,0.297163,0.253145,0.20832,0.165181,0.12641,0.0946053,0.0720121,0.0602794,0.0602794,0.0720121,0.0946053,0.12641,0.165181,0.20832,0.253145,0.297163,0.338284,0.37498,0.406337,0.432039,0.452266,0.467563,0.478683,0.486458,0.491687,0.49507,0.497177,0.498439,0.499167,0.499571,0.499787,0.499898,0.499953,0.499979,0.499991,0.499996,0.499998,0.499999,0.5,0.5
0.5,0.5,0.499999,0.499998,0.499995,0.499989,0.499974,0.499942,0.499876,0.499741,0.499479,0.498991,0.498112,0.496591,0.494058,0.489996,0.483732,0.474437,0.461172,0.442968,0.418954,0.388517,0.351478,0.308244,0.259919,0.20832,0.155897,0.105557,0.0603992,0.0234139,-0.00282831,-0.0164461,-0.0164461,-0.00282831,0.0234139,0.0603992,0.105557,0.155897,0.20832,0.259919,0.308244,0.351478,0.388517,0.418954,0.442968,0.461172,0.474437,0.483732,0.489996,0.494058,0.496591,0.498112,0.498991,0.499479,0.499741,0.499876,0.499942,0.499974,0.499989,0.499995,0.499998,0.499999,0.5,0.5
0.5,0.5,0.499999,0.499998,0.499995,0.499987,0.49997,0.499932,0.499854,0.499695,0.499389,0.498817,0.497789,0.496013,0.493059,0.488332,0.481053,0.470273,0.454919,0.433891,0.40621,0.371203,0.328698,0.279198,0.223994,0.165181,0.105557,0.048413,-0.00275899,-0.0446101,-0.0742729,-0.0896554,-0.0896554,-0.0742729,-0.0446101,-0.00275899,0.048413,0.105557,0.165181,0.223994,0.279198,0.328698,0.371203,0.40621,0.433891,0.454919,0.470273,0.481053,0.488332,0.493059,0.496013,0.497789,0.498817,0.499389,0.499695,0.499854,0.499932,0.49997,0.499987,0.499995,0.499998,0.499999,0.5,0.5
0.5,0.5,0.499999,0.499997,0.499994,0.499985,0.499965,0.499923,0.499833,0.499653,0.499305,0.498656,0.497492,0.495482,0.492143,0.486807,0.478603,0.466471,0.449219,0.425632,0.394638,0.355512,0.308097,0.252984,0.191641,0.12641,0.0603992,-0.00275899,-0.0592327,-0.105363,-0.138028,-0.154958,-0.154958,-0.138028,-0.105363,-0.0592327,-0.00275899,0.0603992,0.12641,0.191641,0.252984,0.308097,0.355512,0.394638,0.425632,0.449219,0.466471,0.478603,0.486807,0.492143,0.495482,0.497492,0.498656,0.499305,0.499653,0.499833,0.499923,0.499965,0.499985,0.499994,0.499997,0.499999,0.5,0.5
0.499999,0.499999,0.499999,0.499997,0.499993,0.499983,0.499962,0.499915,0.499816,0.499618,0.499235,0.498522,0.497243,0.495038,0.491378,0.485536,0.476563,0.46331,0.444488,0.418788,0.385063,0.342553,0.29111,0.231408,0.165056,0.0946053,0.0234139,-0.0446101,-0.105363,-0.154939,-0.190019,-0.208191,-0.208191,-0.190019,-0.154939,-0.105363,-0.0446101,0.0234139,0.0946053,0.165056,0.231408,0.29111,0.342553,0.385063,0.418788,0.444488,0.46331,0.476563,0.485536,0.491378,0.495038,0.497243,0.498522,0.499235,0.499618,0.499816,0.499915,0.499962,0.499983,0.499993,0.499997,0.499999,0.499999,0.499999
0.499999,0.499999,0.499999,0.499997,0.499993,0.499982,0.499959,0.499909,0.499804,0.499593,0.499185,0.498425,0.497064,0.494718,0.490828,0.484622,0.475099,0.461044,0.441098,0.413889,0.378219,0.3333,0.278998,0.216042,0.146148,0.0720121,-0.00282831,-0.0742729,-0.138028,-0.190019,-0.226788,-0.245829,-0.245829,-0.226788,-0.190019,-0.138028,-0.0742729,-0.00282831,0.0720121,0.146148,0.216042,0.278998,0.3333,0.378219,0.413889,0.441098,0.461044,0.475099,0.484622,0.490828,0.494718,0.497064,0.498425,0.499185,0.499593,0.499804,0.499909,0.499959,0.499982,0.499993,0.499997,0.499999,0.499999,0.499999
0.499999,0.499999,0.499999,0.499997,0.499992,0.499982,0.499958,0.499906,0.499797,0.499579,0.499158,0.498374,0.49697,0.494551,0.490541,0.484145,0.474333,0.459859,0.439329,0.411334,0.374651,0.32848,0.272693,0.20805,0.136321,0.0602794,-0.0164461,-0.0896554,-0.154958,-0.208191,-0.245829,-0.265318,-0.265318,-0.245829,-0.208191,-0.154958,-0.0896554,-0.0164461,0.0602794,0.136321,0.20805,0.272693,0.32848,0.374651,0.411334,0.439329,0.459859,0.474333,0.484145,0.490541,0.494551,0.49697,0.498374,0.499158,0.499579,0.499797,0.499906,0.499958,0.499982,0.499992,0.499997,0.499999,0.499999,0.499999
0.499999,0.499999,0.499999,0.499997,0.499992,0.499982,0.499958,0.499906,0.499797,0.499579,0.499158,0.498374,0.49697,0.494551,0.490541,0.484145,0.474333,0.459859,0.439329,0.411334,0.374651,0.32848,0.272693,0.20805,0.136321,0.0602794,-0.0164461,-0.0896554,-0.154958,-0.208191,-0.245829,-0.265318,-0.265318,-0.245829,-0.208191,-0.154958,-0.0896554,-0.0164461,0.0602794,0.136321,0.20805,0.272693,0.32848,0.374651,0.411334,0.439329,0.459859,0.474333,0.484145,0.490541,0.494551,0.49697,0.498374,0.499158,0.499579,0.499797,0.499906,0.499958,0.499982,0.499992,0.499997,0.499999,0.499999,0.499999
0.499999,0.499999,0.499999,0.499997,0.499993,0.499982,0.499959,0.499909,0.499804,0.499593,0.499185,0.498425,0.497064,0.494718,0.490828,0.484622,0.475099,0.461044,0.441098,0.413889,0.378219,0.3333,0.278998,0.216042,0.146148,0.0720121,-0.00282831,-0.0742729,-0.138028,-0.190019,-0.226788,-0.245829,-0.245829,-0.226788,-0.190019,-0.138028,-0.0742729,-0.00282831,0.0720121,0.146148,0.216042,0.278998,0.3333,0.378219,0.413889,0.441098,0.461044,0.475099,0.484622,0.490828,0.494718,0.497064,0.498425,0.499185,0.499593,0.499804,0.499909,0.499959,0.499982,0.499993,0.499997,0.499999,0.499999,0.499999
0.499999,0.499999,0.499999,0.499997,0.499993,0.499983,0.499962,0.499915,0.499816,0.499618,0.499235,0.498522,0.497243,0.495038,0.491378,0.485536,0.476563,0.46331,0.444488,0.418788,0.385063,0.342553,0.29111,0.231408,0.165056,0.0946053,0.0234139,-0.0446101,-0.105363,-0.154939,-0.190019,-0.208191,-0.208191,-0.190019,-0.154939,-0.105363,-0.0446101,0.0234139,0.0946053,0.165056,0.231408,0.29111,0.342553,0.385063,0.418788,0.444488,0.46331,0.476563,0.485536,0.491378,0.495038,0.497243,0.498522,0.499235,0.499618,0.499816,0.499915,0.499962,0.499983,0.499993,0.499997,0.499999,0.499999,0.499999
0.5,0.5,0.499999,0.499997,0.499994,0.499985,0.499965,0.499923,0.499833,0.499653,0.499305,0.498656,0.497492,0.495482,0.492143,0.486807,0.478603,0.466471,0.449219,0.425632,0.394638,0.355512,0.308097,0.252984,0.191641,0.12641,0.0603992,-0.00275899,-0.0592327,-0.105363,-0.138028,-0.154958,-0.154958,-0.138028,-0.105363,-0.0592327,-0.00275899,0.0603992,0.12641,0.191641,0.252984,0.308097,0.355512,0.394638,0.425632,0.449219,0.466471,0.478603,0.486807,0.492143,0.495482,0.497492,0.498656,0.499305,0.499653,0.499833,0.499923,0.499965,0.499985,0.499994,0.499997,0.499999,0.5,0.5
0.5,0.5,0.499999,0.499998,0.499995,0.499987,0.49997,0.499932,0.499854,0.499695,0.499389,0.498817,0.497789,0.496013,0.493059,0.488332,0.481053,0.470273,0.454919,0.433891,0.40621,0.371203,0.328698,0.279198,0.223994,0.165181,0.105557,0.048413,-0.00275899,-0.0446101,-0.0742729,-0.0896554,-0.0896554,-0.0742729,-0.0446101,-0.00275899,0.048413,0.105557,0.165181,0.223994,0.279198,0.328698,0.371203,0.40621,0.433891,0.454919,0.470273,0.481053,0.488332,0.493059,0.496013,0.497789,0.498817,0.499389,0.499695,0.499854,0.499932,0.49997,0.499987,0.499995,0.499998,0.499999,0.5,0.5
0.5,0.5,0.499999,0.499998,0.499995,0.499989,0.499974,0.499942,0.499876,0.499741,0.499479,0.498991,0.498112,0.496591,0.494058,0.489996,0.483732,0.474437,0.461172,0.442968,0.418954,0.388517,0.351478,0.308244,0.259919,0.20832,0.155897,0.105557,0.0603992,0.0234139,-0.00282831,-0.0164461,-0.0164461,-0.00282831,0.0234139,0.0603992,0.105557,0.155897,0.20832,0.259919,0.308244,0.351478,0.388517,0.418954,0.442968,0.461172,0.474437,0.483732,0.489996,0.494058,0.496591,0.498112,0.498991,0.499479,0.499741,0.499876,0.499942,0.499974,0.499989,0.499995,0.499998,0.499999,0.5,0.5
0.5,0.5,0.499999,0.499998,0.499996,0.499991,0.499979,0.499953,0.499898,0.499787,0.499571,0.499167,0.498439,0.497177,0.49507,0.491687,0.486458,0.478683,0.467563,0.452266,0.432039,0.406337,0.37498,0.338284,0.297163,0.253145,0.20832,0.165181,0.12641,0.0946053,0.0720121,0.0602794,0.0602794,0.0720121,0.0946053,0.12641,0.165181,0.20832,0.253145,0.297163,0.338284,0.37498,0.406337,0.432039,0.452266,0.467563,0.478683,0.486458,0.491687,0.49507,0.497177,0.498439,0.499167,0.499571,0.499787,0.499898,0.499953,0.499979,0.499991,0.499996,0.499998,0.499999,0.5,0.5
0.5,0.5,0.5,0.499999,0.499997,0.499993,0.499983,0.499962,0.499918,0.49983,0.499657,0.499334,0.49875,0.497735,0.496038,0.493306,0.489075,0.482768,0.473725,0.461255,0.44472,0.423652,0.397878,0.367631,0.333643,0.297163,0.259919,0.223994,0.191641,0.165056,0.146148,0.136321,0.136321,0.146148,0.165056,0.191641,0.223994,0.259919,0.297163,0.333643,0.367631,0.397878,0.423652,0.44472,0.461255,0.473725,0.482768,0.489075,0.493306,0.496038,0.497735,0.49875,0.499334,0.499657,0.49983,0.499918,0.499962,0.499983,0.499993,0.499997,0.499999,0.5,0.5,0.5
0.5,0.5,0.5,0.499999,0.499998,0.499994,0.499987,0.499971,0.499937,0.499869,0.499735,0.499484,0.49903,0.49824,0.496915,0.494778,0.49146,0.486501,0.479371,0.469511,0.456401,0.439648,0.419092,0.394898,0.367631,0.338284,0.308244,0.279198,0.252984,0.231408,0.216042,0.20805,0.20805,0.216042,0.231408,0.252984,0.279198,0.308244,0.338284,0.367631,0.394898,0.419092,0.439648,0.456401,0.469511,0.479371,0.486501,0.49146,0.494778,0.496915,0.49824,0.49903,0.499484,0.499735,0.499869,0.499937,0.499971,0.499987,0.499994,0.499998,0.499999,0.5,0.5,0.5
0.5,0.5,0.5,0.499999,0.499998,0.499996,0.49999,0.499978,0.499953,0.499902,0.499802,0.499613,0.499272,0.498676,0.497675,0.496055,0.493533,0.489755,0.484307,0.476751,0.466674,0.453757,0.43786,0.419092,0.397878,0.37498,0.351478,0.328698,0.308097,0.29111,0.278998,0.272693,0.272693,0.278998,0.29111,0.308097,0.328698,0.351478,0.37498,0.397878,0.419092,0.43786,0.453757,0.466674,0.476751,0.484307,0.489755,0.493533,0.496055,0.497675,0.498676,0.499272,0.499613,0.499802,0.499902,0.499953,0.499978,0.49999,0.499996,0.499998,0.499999,0.5,0.5,0.5
0.5,0.5,0.5,0.5,0.499999,0.499997,0.499993,0.499984,0.499966,0.499929,0.499857,0.49972,0.499471,0.499036,0.498303,0.497114,0.495259,0.49247,0.488437,0.482827,0.475322,0.465672,0.453757,0.439648,0.423652,0.406337,0.388517,0.371203,0.355512,0.342553,0.3333,0.32848,0.32848,0.3333,0.342553,0.355512,0.371203,0.388517,0.406337,0.423652,0.439648,0.453757,0.465672,0.475322,0.482827,0.488437,0.49247,0.495259,0.497114,0.498303,0.499036,0.499471,0.49972,0.499857,0.499929,0.499966,0.499984,0.499993,0.499997,0.499999,0.5,0.5,0.5,0.5
0.5,0.5,0.5,0.5,0.499999,0.499998,0.499995,0.499989,0.499976,0.499951,0.4999,0.499803,0.499628,0.499321,0.498801,0.497957,0.496634,0.494642,0.491751,0.487717,0.482304,0.475322,0.466674,0.456401,0.44472,0.432039,0.418954,0.40621,0.394638,0.385063,0.378219,0.374651,0.374651,0.378219,0.385063,0.394638,0.40621,0.418954,0.432039,0.44472,0.456401,0.466674,0.475322,0.482304,0.487717,0.491751,0.494642,0.496634,0.497957,0.498801,0.499321,0.499628,0.499803,0.4999,0.499951,0.499976,0.499989,0.499995,0.499998,0.499999,0.5,0.5,0.5,0.5
0.5,0.5,0.5,0.5,0.499999,0.499999,0.499997,0.499993,0.499984,0.499967,0.499932,0.499867,0.499747,0.499537,0.499181,0.4986,0.497688,0.49631,0.494304,0.491497,0.487717,0.482827,0.476751,0.469511,0.461255,0.452266,0.442968,0.433891,0.425632,0.418788,0.413889,0.411334,0.411334,0.413889,0.418788,0.425632,0.433891,0.442968,0.452266,0.461255,0.469511,0.476751,0.482827,0.487717,0.491497,0.494304,0.49631,0.497688,0.4986,0.499181,0.499537,0.499747,0.499867,0.499932,0.499967,0.499984,0.499993,0.499997,0.499999,0.499999,0.5,0.5,0.5,0.5
0.5,0.5,0.5,0.5,0.5,0.499999,0.499998,0.499995,0.49999,0.499978,0.499956,0.499912,0.499834,0.499695,0.499458,0.499072,0.498464,0.497541,0.496195,0.494304,0.491751,0.488437,0.484307,0.479371,0.473725,0.467563,0.461172,0.454919,0.449219,0.444488,0.441098,0.439329,0.439329,0.441098,0.444488,0.449219,0.454919,0.461172,0.467563,0.473725,0.479371,0.484307,0.488437,0.491751,0.494304,0.496195,0.497541,0.498464,0.499072,0.499458,0.499695,0.499834,0.499912,0.499956,0.499978,0.49999,0.499995,0.499998,0.499999,0.5,0.5,0.5,0.5,0.5
0.5,0.5,0.5,0.5,0.5,0.499999,0.499999,0.499997,0.499993,0.499986,0.499972,0.499944,0.499894,0.499805,0.499654,0.499405,0.499012,0.498415,0.497541,0.49631,0.494642,0.49247,0.489755,0.486501,0.482768,0.478683,0.474437,0.470273,0.466471,0.46331,0.461044,0.459859,0.459859,0.461044,0.46331,0.466471,0.470273,0.474437,0.478683,0.482768,0.486501,0.489755,0.49247,0.494642,0.49631,0.497541,0.498415,0.499012,0.499405,0.499654,0.499805,0.499894,0.499944,0.499972,0.499986,0.499993,0.499997,0.499999,0.499999,0.5,0.5,0.5,0.5,0.5
0.5,0.5,0.5,0.5,0.5,0.5,0.499999,0.499998,0.499996,0.499992,0.499983,0.499966,0.499935,0.49988,0.499786,0.499631,0.499386,0.499012,0.498464,0.497688,0.496634,0.495259,0.493533,0.49146,0.489075,0.486458,0.483732,0.481053,0.478603,0.476563,0.475099,0.474333,0.474333,0.475099,0.476563,0.478603,0.481053,0.483732,0.486458,0.489075,0.49146,0.493533,0.495259,0.496634,0.497688,0.498464,0.499012,0.499386,0.499631,0.499786,0.49988,0.499935,0.499966,0.499983,0.499992,0.499996,0.499998,0.499999,0.5,0.5,0.5,0.5,0.5,0.5
0.5,0.5,0.5,0.5,0.5,0.5,0.5,0.499999,0.499998,0.499995,0.49999,0.49998,0.499961,0.499928,0.499872,0.499779,0.499631,0.499405,0.499072,0.4986,0.497957,0.497114,0.496055,0.494778,0.493306,0.491687,0.489996,0.488332,0.486807,0.485536,0.484622,0.484145,0.484145,0.484622,0.485536,0.486807,0.488332,0.489996,0.491687,0.493306,0.494778,0.496055,0.497114,0.497957,0.4986,0.499072,0.499405,0.499631,0.499779,0.499872,0.499928,0.499961,0.49998,0.49999,0.499995,0.499998,0.499999,0.5,0.5,0.5,0.5,0.5,0.5,0.5
0.5,0.5,0.5,0.5,0.5,0.5,0.5,0.499999,0.499999,0.499997,0.499994,0.499988,0.499978,0.499959,0.499926,0.499872,0.499786,0.499654,0.499458,0.499181,0.498801,0.498303,0.497675,0.496915,0.496038,0.49507,0.494058,0.493059,0.492143,0.491378,0.490828,0.490541,0.490541,0.490828,0.491378,0.492143,0.493059,0.494058,0.49507,0.496038,0.496915,0.497675,0.498303,0.498801,0.499181,0.499458,0.499654,0.499786,0.499872,0.499926,0.499959,0.499978,0.499988,0.499994,0.499997,0.499999,0.499999,0.5,0.5,0.5,0.5,0.5,0.5,0.5
0.5,0.5,0.5,0.5,0.5,0.5,0.5,0.5,0.499999,0.499998,0.499997,0.499994,0.499988,0.499977,0.499959,0.499928,0.49988,0.499805,0.499695,0.499537,0.499321,0.499036,0.498676,0.49824,0.497735,0.497177,0.496591,0.496013,0.495482,0.495038,0.494718,0.494551,0.494551,0.494718,0.495038,0.495482,0.496013,0.496591,0.497177,0.497735,0.49824,0.498676,0.499036,0.499321,0.499537,0.499695,0.499805,0.49988,0.499928,0.499959,0.499977,0.499988,0.499994,0.499997,0.499998,0.499999,0.5,0.5,0.5,0.5,0.5,0.5,0.5,0.5
0.5,0.5,0.5,0.5,0.5,0.5,0.5,0.5,0.5,0.499999,0.499998,0.499997,0.499993,0.499988,0.499978,0.499961,0.499935,0.499894,0.499834,0.499747,0.499628,0.499471,0.499272,0.49903,0.49875,0.498439,0.498112,0.497789,0.497492,0.497243,0.497064,0.49697,0.49697,0.497064,0.497243,0.497492,0.497789,0.498112,0.498439,0.49875,0.49903,0.499272,0.499471,0.499628,0.499747,0.499834,0.499894,0.499935,0.499961,0.499978,0.499988,0.499993,0.499997,0.499998,0.499999,0.5,0.5,0.5,0.5,0.5,0.5,0.5,0.5,0.5
0.5,0.5,0.5,0.5,0.5,0.5,0.5,0.5,0.5,0.5,0.499999,0.499998,0.499997,0.499994,0.499988,0.49998,0.499966,0.499944,0.499912,0.499867,0.499803,0.49972,0.499613,0.499484,0.499334,0.499167,0.498991,0.498817,0.498656,0.498522,0.498425,0.498374,0.498374,0.498425,0.498522,0.498656,0.498817,0.498991,0.499167,0.499334,0.499484,0.499613,0.49972,0.499803,0.499867,0.499912,0.499944,0.499966,0.49998,0.499988,0.499994,0.499997,0.499998,0.499999,0.5,0.5,0.5,0.5,0.5,0.5,0.5,0.5,0.5,0.5
0.5,0.5,0.5,0.5,0.5,0.5,0.5,0.5,0.5,0.5,0.5,0.499999,0.499998,0.499997,0.499994,0.49999,0.499983,0.499972,0.499956,0.499932,0.4999,0.499857,0.499802,0.499735,0.499657,0.499571,0.499479,0.499389,0.499305,0.499235,0.499185,0.499158,0.499158,0.499185,0.499235,0.499305,0.499389,0.499479,0.499571,0.499657,0.499735,0.499802,0.499857,0.4999,0.499932,0.499956,0.499972,0.499983,0.49999,0.499994,0.499997,0.499998,0.499999,0.5,0.5,0.5,0.5,0.5,0.5,0.5,0.5,0.5,0.5,0.5
0.5,0.5,0.5,0.5,0.5,0.5,0.5,0.5,0.5,0.5,0.5,0.5,0.499999,0.499998,0.499997,0.499995,0.499992,0.499986,0.499978,0.499967,0.499951,0.499929,0.499902,0.499869,0.49983,0.499787,0.499741,0.499695,0.499653,0.499618,0.499593,0.499579,0.499579,0.499593,0.499618,0.499653,0.499695,0.499741,0.499787,0.49983,0.499869,0.499902,0.499929,0.499951,0.499967,0.499978,0.499986,0.499992,0.499995,0.499997,0.499998,0.499999,0.5,0.5,0.5,0.5,0.5,0.5,0.5,0.5,0.5,0.5,0.5,0.5
0.5,0.5,0.5,0.5,0.5,0.5,0.5,0.5,0.5,0.5,0.5,0.5,0.5,0.499999,0.499999,0.499998,0.499996,0.499993,0.49999,0.499984,0.499976,0.499966,0.499953,0.499937,0.499918,0.499898,0.499876,0.499854,0.499833,0.499816,0.499804,0.499797,0.499797,0.499804,0.499816,0.499833,0.499854,0.499876,0.499898,0.499918,0.499937,0.499953,0.499966,0.499976,0.499984,0.49999,0.499993,0.499996,0.499998,0.499999,0.499999,0.5,0.5,0.5,0.5,0.5,0.5,0.5,0.5,0.5,0.5,0.5,0.5,0.5
0.5,0.5,0.5,0.5,0.5,0.5,0.5,0.5,0.5,0.5,0.5,0.5,0.5,0.5,0.499999,0.499999,0.499998,0.499997,0.499995,0.499993,0.499989,0.499984,0.499978,0.499971,0.499962,0.499953,0.499942,0.499932,0.499923,0.499915,0.499909,0.499906,0.499906,0.499909,0.499915,0.499923,0.499932,0.499942,0.499953,0.499962,0.499971,0.499978,0.499984,0.499989,0.499993,0.499995,0.499997,0.499998,0.499999,0.499999,0.5,0.5,0.5,0.5,0.5,0.5,0.5,0.5,0.5,0.5,0.5,0.5,0.5,0.5
0.5,0.5,0.5,0.5,0.5,0.5,0.5,0.5,0.5,0.5,0.5,0.5,0.5,0.5,0.5,0.5,0.499999,0.499999,0.499998,0.499997,0.499995,0.499993,0.49999,0.499987,0.499983,0.499979,0.499974,0.49997,0.499965,0.499962,0.499959,0.499958,0.499958,0.499959,0.499962,0.499965,0.49997,0.499974,0.499979,0.499983,0.499987,0.49999,0.499993,0.499995,0.499997,0.499998,0.499999,0.499999,0.5,0.5,0.5,0.5,0.5,0.5,0.5,0.5,0.5,0.5,0.5,0.5,0.5,0.5,0.5,0.5
0.5,0.5,0.5,0.5,0.5,0.5,0.5,0.5,0.5,0.5,0.5,0.5,0.5,0.5,0.5,0.5,0.5,0.499999,0.499999,0.499999,0.499998,0.499997,0.499996,0.499994,0.499993,0.499991,0.499989,0.499987,0.499985,0.499983,0.499982,0.499982,0.499982,0.499982,0.499983,0.499985,0.499987,0.499989,0.499991,0.499993,0.499994,0.499996,0.499997,0.499998,0.499999,0.499999,0.499999,0.5,0.5,0.5,0.5,0.5,0.5,0.5,0.5,0.5,0.5,0.5,0.5,0.5,0.5,0.5,0.5,0.5
0.5,0.5,0.5,0.5,0.5,0.5,0.5,0.5,0.5,0.5,0.5,0.5,0.5,0.5,0.5,0.5,0.5,0.5,0.5,0.499999,0.499999,0.499999,0.499998,0.499998,0.499997,0.499996,0.499995,0.499995,0.499994,0.499993,0.499993,0.499992,0.499992,0.499993,0.499993,0.499994,0.499995,0.499995,0.499996,0.499997,0.499998,0.499998,0.499999,0.499999,0.499999,0.5,0.5,0.5,0.5,0.5,0.5,0.5,0.5,0.5,0.5,0.5,0.5,0.5,0.5,0.5,0.5,0.5,0.5,0.5
0.5,0.5,0.5,0.5,0.5,0.5,0.5,0.5,0.5,0.5,0.5,0.5,0.5,0.5,0.5,0.5,0.5,0.5,0.5,0.5,0.5,0.5,0.499999,0.499999,0.499999,0.499998,0.499998,0.499998,0.499997,0.499997,0.499997,0.499997,0.499997,0.499997,0.499997,0.499997,0.499998,0.499998,0.499998,0.499999,0.499999,0.499999,0.5,0.5,0.5,0.5,0.5,0.5,0.5,0.5,0.5,0.5,0.5,0.5,0.5,0.5,0.5,0.5,0.5,0.5,0.5,0.5,0.5,0.5
0.5,0.5,0.5,0.5,0.5,0.5,0.5,0.5,0.5,0.5,0.5,0.5,0.5,0.5,0.5,0.5,0.5,0.5,0.5,0.5,0.5,0.5,0.5,0.5,0.5,0.499999,0.499999,0.499999,0.499999,0.499999,0.499999,0.499999,0.499999,0.499999,0.499999,0.499999,0.499999,0.499999,0.499999,0.5,0.5,0.5,0.5,0.5,0.5,0.5,0.5,0.5,0.5,0.5,0.5,0.5,0.5,0.5,0.5,0.5,0.5,0.5,0.5,0.5,0.5,0.5,0.5,0.5
0.5,0.5,0.5,0.5,0.5,0.5,0.5,0.5,0.5,0.5,0.5,0.5,0.5,0.5,0.5,0.5,0.5,0.5,0.5,0.5,0.5,0.5,0.5,0.5,0.5,0.5,0.5,0.5,0.5,0.499999,0.499999,0.499999,0.499999,0.499999,0.499999,0.5,0.5,0.5,0.5,0.5,0.5,0.5,0.5,0.5,0.5,0.5,0.5,0.5,0.5,0.5,0.5,0.5,0.5,0.5,0.5,0.5,0.5,0.5,0.5,0.5,0.5,0.5,0.5,0.5
0.5,0.5,0.5,0.5,0.5,0.5,0.5,0.5,0.5,0.5,0.5,0.5,0.5,0.5,0.5,0.5,0.5,0.5,0.5,0.5,0.5,0.5,0.5,0.5,0.5,0.5,0.5,0.5,0.5,0.499999,0.499999,0.499999,0.499999,0.499999,0.499999,0.5,0.5,0.5,0.5,0.5,0.5,0.5,0.5,0.5,0.5,0.5,0.5,0.5,0.5,0.5,0.5,0.5,0.5,0.5,0.5,0.5,0.5,0.5,0.5,0.5,0.5,0.5,0.5,0.5
