0.5,0.5,0.5,0.5,0.5,0.5,0.5,0.5,0.5,0.5,0.5,0.5,0.5,0.5,0.5,0.499999,0.499999,0.499999,0.499998,0.499997,0.499996,0.499994,0.499992,0.499989,0.499987,0.499984,0.499981,0.499978,0.499975,0.499973,0.499971,0.49997,0.49997,0.499971,0.499973,0.499975,0.499978,0.499981,0.499984,0.499987,0.499989,0.499992,0.499994,0.499996,0.499997,0.499998,0.499999,0.499999,0.499999,0.5,0.5,0.5,0.5,0.5,0.5,0.5,0.5,0.5,0.5,0.5,0.5,0.5,0.5,0.5
0.5,0.5,0.5,0.5,0.5,0.5,0.5,0.5,0.5,0.5,0.5,0.5,0.5,0.5,0.5,0.499999,0.499999,0.499999,0.499998,0.499997,0.499996,0.499994,0.499992,0.499989,0.499987,0.499984,0.499981,0.499978,0.499975,0.499973,0.499971,0.49997,0.49997,0.499971,0.499973,0.499975,0.499978,0.499981,0.499984,0.499987,0.499989,0.499992,0.499994,0.499996,0.499997,0.499998,0.499999,0.499999,0.499999,0.5,0.5,0.5,0.5,0.5,0.5,0.5,0.5,0.5,0.5,0.5,0.5,0.5,0.5,0.5
0.5,0.5,0.5,0.5,0.5,0.5,0.5,0.5,0.5,0.5,0.5,0.5,0.5,0.5,0.499999,0.499999,0.499998,0.499997,0.499996,0.499994,0.499992,0.499989,0.499986,0.499982,0.499977,0.499972,0.499967,0.499962,0.499957,0.499953,0.499951,0.499949,0.499949,0.499951,0.499953,0.499957,0.499962,0.499967,0.499972,0.499977,0.499982,0.499986,0.499989,0.499992,0.499994,0.499996,0.499997,0.499998,0.499999,0.499999,0.5,0.5,0.5,0.5,0.5,0.5,0.5,0.5,0.5,0.5,0.5,0.5,0.5,0.5
0.5,0.5,0.5,0.5,0.5,0.5,0.5,0.5,0.5,0.5,0.5,0.5,0.5,0.499999,0.499999,0.499998,0.499996,0.499995,0.499992,0.499988,0.499984,0.499978,0.49997,0.499962,0.499952,0.499942,0.499931,0.499921,0.499911,0.499904,0.499898,0.499895,0.499895,0.499898,0.499904,0.499911,0.499921,0.499931,0.499942,0.499952,0.499962,0.49997,0.499978,0.499984,0.499988,0.499992,0.499995,0.499996,0.499998,0.499999,0.499999,0.5,0.5,0.5,0.5,0.5,0.5,0.5,0.5,0.5,0.5,0.5,0.5,0.5
0.5,0.5,0.5,0.5,0.5,0.5,0.5,0.5,0.5,0.5,0.5,0.499999,0.499999,0.499998,0.499997,0.499995,0.499992,0.499988,0.499983,0.499975,0.499965,0.499952,0.499937,0.499919,0.499899,0.499877,0.499855,0.499834,0.499815,0.499799,0.499788,0.499782,0.499782,0.499788,0.499799,0.499815,0.499834,0.499855,0.499877,0.499899,0.499919,0.499937,0.499952,0.499965,0.499975,0.499983,0.499988,0.499992,0.499995,0.499997,0.499998,0.499999,0.499999,0.5,0.5,0.5,0.5,0.5,0.5,0.5,0.5,0.5,0.5,0.5
0.5,0.5,0.5,0.5,0.5,0.5,0.5,0.5,0.5,0.5,0.499999,0.499999,0.499998,0.499996,0.499994,0.49999,0.499984,0.499975,0.499964,0.499948,0.499927,0.499901,0.49987,0.499833,0.499792,0.499749,0.499704,0.499661,0.499622,0.49959,0.499568,0.499556,0.499556,0.499568,0.49959,0.499622,0.499661,0.499704,0.499749,0.499792,0.499833,0.49987,0.499901,0.499927,0.499948,0.499964,0.499975,0.499984,0.49999,0.499994,0.499996,0.499998,0.499999,0.499999,0.5,0.5,0.5,0.5,0.5,0.5,0.5,0.5,0.5,0.5
0.5,0.5,0.5,0.5,0.5,0.5,0.5,0.5,0.5,0.499999,0.499999,0.499997,0.499995,0.499992,0.499987,0.499979,0.499967,0.49995,0.499926,0.499894,0.499853,0.499801,0.499739,0.499667,0.499587,0.499501,0.499414,0.499331,0.499255,0.499193,0.499149,0.499126,0.499126,0.499149,0.499193,0.499255,0.499331,0.499414,0.499501,0.499587,0.499667,0.499739,0.499801,0.499853,0.499894,0.499926,0.49995,0.499967,0.499979,0.499987,0.499992,0.499995,0.499997,0.499999,0.499999,0.5,0.5,0.5,0.5,0.5,0.5,0.5,0.5,0.5
0.5,0.5,0.5,0.5,0.5,0.5,0.5,0.5,0.499999,0.499998,0.499997,0.499995,0.499991,0.499984,0.499974,0.499958,0.499935,0.499901,0.499855,0.499793,0.499713,0.499614,0.499495,0.499358,0.499206,0.499044,0.49888,0.498723,0.498582,0.498466,0.498383,0.498341,0.498341,0.498383,0.498466,0.498582,0.498723,0.49888,0.499044,0.499206,0.499358,0.499495,0.499614,0.499713,0.499793,0.499855,0.499901,0.499935,0.499958,0.499974,0.499984,0.499991,0.499995,0.499997,0.499998,0.499999,0.5,0.5,0.5,0.5,0.5,0.5,0.5,0.5
0.5,0.5,0.5,0.5,0.5,0.5,0.5,0.499999,0.499998,0.499997,0.499994,0.49999,0.499982,0.499969,0.499949,0.499919,0.499874,0.499811,0.499724,0.499608,0.49946,0.499276,0.499057,0.498804,0.498526,0.498231,0.497932,0.497647,0.497391,0.497182,0.497033,0.496956,0.496956,0.497033,0.497182,0.497391,0.497647,0.497932,0.498231,0.498526,0.498804,0.499057,0.499276,0.49946,0.499608,0.499724,0.499811,0.499874,0.499919,0.499949,0.499969,0.499982,0.49999,0.499994,0.499997,0.499998,0.499999,0.5,0.5,0.5,0.5,0.5,0.5,0.5
0.5,0.5,0.5,0.5,0.5,0.5,0.499999,0.499998,0.499997,0.499994,0.499989,0.49998,0.499966,0.499942,0.499905,0.499849,0.499767,0.499651,0.499492,0.499283,0.499016,0.498686,0.498295,0.497848,0.497355,0.496835,0.496312,0.495813,0.495366,0.495002,0.494744,0.49461,0.49461,0.494744,0.495002,0.495366,0.495813,0.496312,0.496835,0.497355,0.497848,0.498295,0.498686,0.499016,0.499283,0.499492,0.499651,0.499767,0.499849,0.499905,0.499942,0.499966,0.49998,0.499989,0.499994,0.499997,0.499998,0.499999,0.5,0.5,0.5,0.5,0.5,0.5
0.5,0.5,0.5,0.5,0.5,0.499999,0.499999,0.499997,0.499994,0.499989,0.49998,0.499964,0.499937,0.499895,0.499828,0.499728,0.499582,0.499376,0.499097,0.498731,0.498265,0.497695,0.497022,0.496254,0.495414,0.49453,0.493644,0.492802,0.492051,0.491439,0.491006,0.490782,0.490782,0.491006,0.491439,0.492051,0.492802,0.493644,0.49453,0.495414,0.496254,0.497022,0.497695,0.498265,0.498731,0.499097,0.499376,0.499582,0.499728,0.499828,0.499895,0.499937,0.499964,0.49998,0.499989,0.499994,0.499997,0.499999,0.499999,0.5,0.5,0.5,0.5,0.5
0.5,0.5,0.5,0.5,0.499999,0.499999,0.499997,0.499995,0.49999,0.49998,0.499964,0.499936,0.499889,0.499814,0.499698,0.499524,0.499273,0.498921,0.498446,0.497826,0.497043,0.496089,0.494968,0.493697,0.492312,0.490864,0.489417,0.488045,0.486827,0.485836,0.485137,0.484775,0.484775,0.485137,0.485836,0.486827,0.488045,0.489417,0.490864,0.492312,0.493697,0.494968,0.496089,0.497043,0.497826,0.498446,0.498921,0.499273,0.499524,0.499698,0.499814,0.499889,0.499936,0.499964,0.49998,0.49999,0.499995,0.499997,0.499999,0.499999,0.5,0.5,0.5,0.5
0.5,0.5,0.5,0.5,0.499999,0.499998,0.499995,0.499991,0.499982,0.499966,0.499937,0.499889,0.499809,0.499682,0.499486,0.499194,0.498775,0.498193,0.497411,0.496395,0.495122,0.493579,0.491776,0.489744,0.487541,0.485248,0.482967,0.480813,0.478907,0.477361,0.476271,0.475708,0.475708,0.476271,0.477361,0.478907,0.480813,0.482967,0.485248,0.487541,0.489744,0.491776,0.493579,0.495122,0.496395,0.497411,0.498193,0.498775,0.499194,0.499486,0.499682,0.499809,0.499889,0.499937,0.499966,0.499982,0.499991,0.499995,0.499998,0.499999,0.5,0.5,0.5,0.5
0.5,0.5,0.5,0.499999,0.499998,0.499996,0.499992,0.499984,0.499969,0.499942,0.499895,0.499814,0.499682,0.499472,0.499152,0.498679,0.498002,0.497068,0.495822,0.494213,0.492209,0.489797,0.486995,0.483855,0.48047,0.476965,0.473496,0.470234,0.467357,0.465031,0.463395,0.46255,0.46255,0.463395,0.465031,0.467357,0.470234,0.473496,0.476965,0.48047,0.483855,0.486995,0.489797,0.492209,0.494213,0.495822,0.497068,0.498002,0.498679,0.499152,0.499472,0.499682,0.499814,0.499895,0.499942,0.499969,0.499984,0.499992,0.499996,0.499998,0.499999,0.5,0.5,0.5
0.5,0.5,0.499999,0.499999,0.499997,0.499994,0.499987,0.499974,0.499949,0.499905,0.499828,0.499698,0.499486,0.499152,0.498645,0.4979,0.496842,0.495391,0.493467,0.491002,0.48795,0.484302,0.48009,0.475403,0.470379,0.465207,0.460114,0.455348,0.451161,0.447786,0.445418,0.444198,0.444198,0.445418,0.447786,0.451161,0.455348,0.460114,0.465207,0.470379,0.475403,0.48009,0.484302,0.48795,0.491002,0.493467,0.495391,0.496842,0.4979,0.498645,0.499152,0.499486,0.499698,0.499828,0.499905,0.499949,0.499974,0.499987,0.499994,0.499997,0.499999,0.499999,0.5,0.5
0.499999,0.499999,0.499999,0.499998,0.499995,0.49999,0.499979,0.499958,0.499919,0.499849,0.499728,0.499524,0.499194,0.498679,0.4979,0.496763,0.49516,0.492975,0.490099,0.48644,0.481942,0.476602,0.470482,0.463715,0.456511,0.44914,0.441923,0.435204,0.429328,0.424607,0.421304,0.419605,0.419605,0.421304,0.424607,0.429328,0.435204,0.441923,0.44914,0.456511,0.463715,0.470482,0.476602,0.481942,0.48644,0.490099,0.492975,0.49516,0.496763,0.4979,0.498679,0.499194,0.499524,0.499728,0.499849,0.499919,0.499958,0.499979,0.49999,0.499995,0.499998,0.499999,0.499999,0.499999
0.499999,0.499999,0.499998,0.499996,0.499992,0.499984,0.499967,0.499935,0.499874,0.499767,0.499582,0.499273,0.498775,0.498002,0.496842,0.49516,0.492804,0.489616,0.485449,0.480186,0.473766,0.4662,0.457593,0.448147,0.438161,0.428013,0.418139,0.408999,0.401044,0.394679,0.390239,0.387958,0.387958,0.390239,0.394679,0.401044,0.408999,0.418139,0.428013,0.438161,0.448147,0.457593,0.4662,0.473766,0.480186,0.485449,0.489616,0.492804,0.49516,0.496842,0.498002,0.498775,0.499273,0.499582,0.499767,0.499874,0.499935,0.499967,0.499984,0.499992,0.499996,0.499998,0.499999,0.499999
0.499999,0.499999,0.499997,0.499995,0.499988,0.499975,0.49995,0.499901,0.499811,0.499651,0.499376,0.498921,0.498193,0.497068,0.495391,0.492975,0.489616,0.485103,0.479249,0.471911,0.46303,0.452646,0.440928,0.428169,0.414784,0.401283,0.388237,0.376236,0.365848,0.357574,0.351821,0.348871,0.348871,0.351821,0.357574,0.365848,0.376236,0.388237,0.401283,0.414784,0.428169,0.440928,0.452646,0.46303,0.471911,0.479249,0.485103,0.489616,0.492975,0.495391,0.497068,0.498193,0.498921,0.499376,0.499651,0.499811,0.499901,0.49995,0.499975,0.499988,0.499995,0.499997,0.499999,0.499999
0.499998,0.499998,0.499996,0.499992,0.499983,0.499964,0.499926,0.499855,0.499724,0.499492,0.499097,0.498446,0.497411,0.495822,0.493467,0.490099,0.485449,0.479249,0.471266,0.461342,0.449428,0.435616,0.420159,0.403473,0.386115,0.368748,0.352094,0.336883,0.323796,0.313425,0.306241,0.302567,0.302567,0.306241,0.313425,0.323796,0.336883,0.352094,0.368748,0.386115,0.403473,0.420159,0.435616,0.449428,0.461342,0.471266,0.479249,0.485449,0.490099,0.493467,0.495822,0.497411,0.498446,0.499097,0.499492,0.499724,0.499855,0.499926,0.499964,0.499983,0.499992,0.499996,0.499998,0.499998
0.499997,0.499997,0.499994,0.499988,0.499975,0.499948,0.499894,0.499793,0.499608,0.499283,0.498731,0.497826,0.496395,0.494213,0.491002,0.48644,0.480186,0.471911,0.461342,0.448311,0.432799,0.414976,0.395211,0.374067,0.352272,0.330659,0.310111,0.29149,0.27558,0.263046,0.254401,0.249991,0.249991,0.254401,0.263046,0.27558,0.29149,0.310111,0.330659,0.352272,0.374067,0.395211,0.414976,0.432799,0.448311,0.461342,0.471911,0.480186,0.48644,0.491002,0.494213,0.496395,0.497826,0.498731,0.499283,0.499608,0.499793,0.499894,0.499948,0.499975,0.499988,0.499994,0.499997,0.499997
0.499996,0.499996,0.499992,0.499984,0.499965,0.499927,0.499853,0.499713,0.49946,0.499016,0.498265,0.497043,0.495122,0.492209,0.48795,0.481942,0.473766,0.46303,0.449428,0.432799,0.413182,0.39085,0.366322,0.34034,0.313821,0.287782,0.263259,0.241233,0.222563,0.207953,0.197926,0.192827,0.192827,0.197926,0.207953,0.222563,0.241233,0.263259,0.287782,0.313821,0.34034,0.366322,0.39085,0.413182,0.432799,0.449428,0.46303,0.473766,0.481942,0.48795,0.492209,0.495122,0.497043,0.498265,0.499016,0.49946,0.499713,0.499853,0.499927,0.499965,0.499984,0.499992,0.499996,0.499996
0.499994,0.499994,0.499989,0.499978,0.499952,0.499901,0.499801,0.499614,0.499276,0.498686,0.497695,0.496089,0.493579,0.489797,0.484302,0.476602,0.4662,0.452646,0.435616,0.414976,0.39085,0.36365,0.334077,0.303079,0.271779,0.241376,0.213045,0.187853,0.166695,0.150265,0.139056,0.133378,0.133378,0.139056,0.150265,0.166695,0.187853,0.213045,0.241376,0.271779,0.303079,0.334077,0.36365,0.39085,0.414976,0.435616,0.452646,0.4662,0.476602,0.484302,0.489797,0.493579,0.496089,0.497695,0.498686,0.499276,0.499614,0.499801,0.499901,0.499952,0.499978,0.499989,0.499994,0.499994
0.499992,0.499992,0.499986,0.49997,0.499937,0.49987,0.499739,0.499495,0.499057,0.498295,0.497022,0.494968,0.491776,0.486995,0.48009,0.470482,0.457593,0.440928,0.420159,0.395211,0.366322,0.334077,0.29939,0.263436,0.227551,0.193105,0.161385,0.133499,0.110325,0.0924913,0.0804105,0.074318,0.074318,0.0804105,0.0924913,0.110325,0.133499,0.161385,0.193105,0.227551,0.263436,0.29939,0.334077,0.366322,0.395211,0.420159,0.440928,0.457593,0.470482,0.48009,0.486995,0.491776,0.494968,0.497022,0.498295,0.499057,0.499495,0.499739,0.49987,0.499937,0.49997,0.499986,0.499992,0.499992
0.499989,0.499989,0.499982,0.499962,0.499919,0.499833,0.499667,0.499358,0.498804,0.497848,0.496254,0.493697,0.489744,0.483855,0.475403,0.463715,0.448147,0.428169,0.403473,0.374067,0.34034,0.303079,0.263436,0.222827,0.182796,0.144865,0.110393,0.0804799,0.0559214,0.0372247,0.0246654,0.0183658,0.0183658,0.0246654,0.0372247,0.0559214,0.0804799,0.110393,0.144865,0.182796,0.222827,0.263436,0.303079,0.34034,0.374067,0.403473,0.428169,0.448147,0.463715,0.475403,0.483855,0.489744,0.493697,0.496254,0.497848,0.498804,0.499358,0.499667,0.499833,0.499919,0.499962,0.499982,0.499989,0.499989
0.499987,0.499987,0.499977,0.499952,0.499899,0.499792,0.499587,0.499206,0.498526,0.497355,0.495414,0.492312,0.487541,0.48047,0.470379,0.456511,0.438161,0.414784,0.386115,0.352272,0.313821,0.271779,0.227551,0.182796,0.139256,0.0985743,0.0621382,0.0309818,0.0057619,-0.0131962,-0.0258021,-0.0320833,-0.0320833,-0.0258021,-0.0131962,0.0057619,0.0309818,0.0621382,0.0985743,0.139256,0.182796,0.227551,0.271779,0.313821,0.352272,0.386115,0.414784,0.438161,0.456511,0.470379,0.48047,0.487541,0.492312,0.495414,0.497355,0.498526,0.499206,0.499587,0.499792,0.499899,0.499952,0.499977,0.499987,0.499987
0.499984,0.499984,0.499972,0.499942,0.499877,0.499749,0.499501,0.499044,0.498231,0.496835,0.49453,0.490864,0.485248,0.476965,0.465207,0.44914,0.428013,0.401283,0.368748,0.330659,0.287782,0.241376,0.193105,0.144865,0.0985743,0.0559631,0.0184014,-0.0131921,-0.038352,-0.056983,-0.0692196,-0.0752672,-0.0752672,-0.0692196,-0.056983,-0.038352,-0.0131921,0.0184014,0.0559631,0.0985743,0.144865,0.193105,0.241376,0.287782,0.330659,0.368748,0.401283,0.428013,0.44914,0.465207,0.476965,0.485248,0.490864,0.49453,0.496835,0.498231,0.499044,0.499501,0.499749,0.499877,0.499942,0.499972,0.499984,0.499984
0.499981,0.499981,0.499967,0.499931,0.499855,0.499704,0.499414,0.49888,0.497932,0.496312,0.493644,0.489417,0.482967,0.473496,0.460114,0.441923,0.418139,0.388237,0.352094,0.310111,0.263259,0.213045,0.161385,0.110393,0.0621382,0.0184014,-0.0195027,-0.0508108,-0.0752854,-0.0930924,-0.104615,-0.110253,-0.110253,-0.104615,-0.0930924,-0.0752854,-0.0508108,-0.0195027,0.0184014,0.0621382,0.110393,0.161385,0.213045,0.263259,0.310111,0.352094,0.388237,0.418139,0.441923,0.460114,0.473496,0.482967,0.489417,0.493644,0.496312,0.497932,0.49888,0.499414,0.499704,0.499855,0.499931,0.499967,0.499981,0.499981
0.499978,0.499978,0.499962,0.499921,0.499834,0.499661,0.499331,0.498723,0.497647,0.495813,0.492802,0.488045,0.480813,0.470234,0.455348,0.435204,0.408999,0.376236,0.336883,0.29149,0.241233,0.187853,0.133499,0.0804799,0.0309818,-0.0131921,-0.0508108,-0.0812885,-0.104632,-0.121276,-0.131859,-0.136974,-0.136974,-0.131859,-0.121276,-0.104632,-0.0812885,-0.0508108,-0.0131921,0.0309818,0.0804799,0.133499,0.187853,0.241233,0.29149,0.336883,0.376236,0.408999,0.435204,0.455348,0.470234,0.480813,0.488045,0.492802,0.495813,0.497647,0.498723,0.499331,0.499661,0.499834,0.499921,0.499962,0.499978,0.499978
0.499975,0.499975,0.499957,0.499911,0.499815,0.499622,0.499255,0.498582,0.497391,0.495366,0.492051,0.486827,0.478907,0.467357,0.451161,0.429328,0.401044,0.365848,0.323796,0.27558,0.222563,0.166695,0.110325,0.0559214,0.0057619,-0.038352,-0.0752854,-0.104632,-0.126632,-0.141979,-0.151544,-0.156101,-0.156101,-0.151544,-0.141979,-0.126632,-0.104632,-0.0752854,-0.038352,0.0057619,0.0559214,0.110325,0.166695,0.222563,0.27558,0.323796,0.365848,0.401044,0.429328,0.451161,0.467357,0.478907,0.486827,0.492051,0.495366,0.497391,0.498582,0.499255,0.499622,0.499815,0.499911,0.499957,0.499975,0.499975
0.499973,0.499973,0.499953,0.499904,0.499799,0.49959,0.499193,0.498466,0.497182,0.495002,0.491439,0.485836,0.477361,0.465031,0.447786,0.424607,0.394679,0.357574,0.313425,0.263046,0.207953,0.150265,0.0924913,0.0372247,-0.0131962,-0.056983,-0.0930924,-0.121276,-0.141979,-0.156108,-0.164734,-0.168782,-0.168782,-0.164734,-0.156108,-0.141979,-0.121276,-0.0930924,-0.056983,-0.0131962,0.0372247,0.0924913,0.150265,0.207953,0.263046,0.313425,0.357574,0.394679,0.424607,0.447786,0.465031,0.477361,0.485836,0.491439,0.495002,0.497182,0.498466,0.499193,0.49959,0.499799,0.499904,0.499953,0.499973,0.499973
0.499971,0.499971,0.499951,0.499898,0.499788,0.499568,0.499149,0.498383,0.497033,0.494744,0.491006,0.485137,0.476271,0.463395,0.445418,0.421304,0.390239,0.351821,0.306241,0.254401,0.197926,0.139056,0.0804105,0.0246654,-0.0258021,-0.0692196,-0.104615,-0.131859,-0.151544,-0.164734,-0.172643,-0.176303,-0.176303,-0.172643,-0.164734,-0.151544,-0.131859,-0.104615,-0.0692196,-0.0258021,0.0246654,0.0804105,0.139056,0.197926,0.254401,0.306241,0.351821,0.390239,0.421304,0.445418,0.463395,0.476271,0.485137,0.491006,0.494744,0.497033,0.498383,0.499149,0.499568,0.499788,0.499898,0.499951,0.499971,0.499971
0.49997,0.49997,0.499949,0.499895,0.499782,0.499556,0.499126,0.498341,0.496956,0.49461,0.490782,0.484775,0.475708,0.46255,0.444198,0.419605,0.387958,0.348871,0.302567,0.249991,0.192827,0.133378,0.074318,0.0183658,-0.0320833,-0.0752672,-0.110253,-0.136974,-0.156101,-0.168782,-0.176303,-0.179755,-0.179755,-0.176303,-0.168782,-0.156101,-0.136974,-0.110253,-0.0752672,-0.0320833,0.0183658,0.074318,0.133378,0.192827,0.249991,0.302567,0.348871,0.387958,0.419605,0.444198,0.46255,0.475708,0.484775,0.490782,0.49461,0.496956,0.498341,0.499126,0.499556,0.499782,0.499895,0.499949,0.49997,0.49997
0.49997,0.49997,0.499949,0.499895,0.499782,0.499556,0.499126,0.498341,0.496956,0.49461,0.490782,0.484775,0.475708,0.46255,0.444198,0.419605,0.387958,0.348871,0.302567,0.249991,0.192827,0.133378,0.074318,0.0183658,-0.0320833,-0.0752672,-0.110253,-0.136974,-0.156101,-0.168782,-0.176303,-0.179755,-0.179755,-0.176303,-0.168782,-0.156101,-0.136974,-0.110253,-0.0752672,-0.0320833,0.0183658,0.074318,0.133378,0.192827,0.249991,0.302567,0.348871,0.387958,0.419605,0.444198,0.46255,0.475708,0.484775,0.490782,0.49461,0.496956,0.498341,0.499126,0.499556,0.499782,0.499895,0.499949,0.49997,0.49997
0.499971,0.499971,0.499951,0.499898,0.499788,0.499568,0.499149,0.498383,0.497033,0.494744,0.491006,0.485137,0.476271,0.463395,0.445418,0.421304,0.390239,0.351821,0.306241,0.254401,0.197926,0.139056,0.0804105,0.0246654,-0.0258021,-0.0692196,-0.104615,-0.131859,-0.151544,-0.164734,-0.172643,-0.176303,-0.176303,-0.172643,-0.164734,-0.151544,-0.131859,-0.104615,-0.0692196,-0.0258021,0.0246654,0.0804105,0.139056,0.197926,0.254401,0.306241,0.351821,0.390239,0.421304,0.445418,0.463395,0.476271,0.485137,0.491006,0.494744,0.497033,0.498383,0.499149,0.499568,0.499788,0.499898,0.499951,0.499971,0.499971
0.499973,0.499973,0.499953,0.499904,0.499799,0.49959,0.499193,0.498466,0.497182,0.495002,0.491439,0.485836,0.477361,0.465031,0.447786,0.424607,0.394679,0.357574,0.313425,0.263046,0.207953,0.150265,0.0924913,0.0372247,-0.0131962,-0.056983,-0.0930924,-0.121276,-0.141979,-0.156108,-0.164734,-0.168782,-0.168782,-0.164734,-0.156108,-0.141979,-0.121276,-0.0930924,-0.056983,-0.0131962,0.0372247,0.0924913,0.150265,0.207953,0.263046,0.313425,0.357574,0.394679,0.424607,0.447786,0.465031,0.477361,0.485836,0.491439,0.495002,0.497182,0.498466,0.499193,0.49959,0.499799,0.499904,0.499953,0.499973,0.499973
0.499975,0.499975,0.499957,0.499911,0.499815,0.499622,0.499255,0.498582,0.497391,0.495366,0.492051,0.486827,0.478907,0.467357,0.451161,0.429328,0.401044,0.365848,0.323796,0.27558,0.222563,0.166695,0.110325,0.0559214,0.0057619,-0.038352,-0.0752854,-0.104632,-0.126632,-0.141979,-0.151544,-0.156101,-0.156101,-0.151544,-0.141979,-0.126632,-0.104632,-0.0752854,-0.038352,0.0057619,0.0559214,0.110325,0.166695,0.222563,0.27558,0.323796,0.365848,0.401044,0.429328,0.451161,0.467357,0.478907,0.486827,0.492051,0.495366,0.497391,0.498582,0.499255,0.499622,0.499815,0.499911,0.499957,0.499975,0.499975
0.499978,0.499978,0.499962,0.499921,0.499834,0.499661,0.499331,0.498723,0.497647,0.495813,0.492802,0.488045,0.480813,0.470234,0.455348,0.435204,0.408999,0.376236,0.336883,0.29149,0.241233,0.187853,0.133499,0.0804799,0.0309818,-0.0131921,-0.0508108,-0.0812885,-0.104632,-0.121276,-0.131859,-0.136974,-0.136974,-0.131859,-0.121276,-0.104632,-0.0812885,-0.0508108,-0.0131921,0.0309818,0.0804799,0.133499,0.187853,0.241233,0.29149,0.336883,0.376236,0.408999,0.435204,0.455348,0.470234,0.480813,0.488045,0.492802,0.495813,0.497647,0.498723,0.499331,0.499661,0.499834,0.499921,0.499962,0.499978,0.499978
0.499981,0.499981,0.499967,0.499931,0.499855,0.499704,0.499414,0.49888,0.497932,0.496312,0.493644,0.489417,0.482967,0.473496,0.460114,0.441923,0.418139,0.388237,0.352094,0.310111,0.263259,0.213045,0.161385,0.110393,0.0621382,0.0184014,-0.0195027,-0.0508108,-0.0752854,-0.0930924,-0.104615,-0.110253,-0.110253,-0.104615,-0.0930924,-0.0752854,-0.0508108,-0.0195027,0.0184014,0.0621382,0.110393,0.161385,0.213045,0.263259,0.310111,0.352094,0.388237,0.418139,0.441923,0.460114,0.473496,0.482967,0.489417,0.493644,0.496312,0.497932,0.49888,0.499414,0.499704,0.499855,0.499931,0.499967,0.499981,0.499981
0.499984,0.499984,0.499972,0.499942,0.499877,0.499749,0.499501,0.499044,0.498231,0.496835,0.49453,0.490864,0.485248,0.476965,0.465207,0.44914,0.428013,0.401283,0.368748,0.330659,0.287782,0.241376,0.193105,0.144865,0.0985743,0.0559631,0.0184014,-0.0131921,-0.038352,-0.056983,-0.0692196,-0.0752672,-0.0752672,-0.0692196,-0.056983,-0.038352,-0.0131921,0.0184014,0.0559631,0.0985743,0.144865,0.193105,0.241376,0.287782,0.330659,0.368748,0.401283,0.428013,0.44914,0.465207,0.476965,0.485248,0.490864,0.49453,0.496835,0.498231,0.499044,0.499501,0.499749,0.499877,0.499942,0.499972,0.499984,0.499984
0.499987,0.499987,0.499977,0.499952,0.499899,0.499792,0.499587,0.499206,0.498526,0.497355,0.495414,0.492312,0.487541,0.48047,0.470379,0.456511,0.438161,0.414784,0.386115,0.352272,0.313821,0.271779,0.227551,0.182796,0.139256,0.0985743,0.0621382,0.0309818,0.0057619,-0.0131962,-0.0258021,-0.0320833,-0.0320833,-0.0258021,-0.0131962,0.0057619,0.0309818,0.0621382,0.0985743,0.139256,0.182796,0.227551,0.271779,0.313821,0.352272,0.386115,0.414784,0.438161,0.456511,0.470379,0.48047,0.487541,0.492312,0.495414,0.497355,0.498526,0.499206,0.499587,0.499792,0.499899,0.499952,0.499977,0.499987,0.499987
0.499989,0.499989,0.499982,0.499962,0.499919,0.499833,0.499667,0.499358,0.498804,0.497848,0.496254,0.493697,0.489744,0.483855,0.475403,0.463715,0.448147,0.428169,0.403473,0.374067,0.34034,0.303079,0.263436,0.222827,0.182796,0.144865,0.110393,0.0804799,0.0559214,0.0372247,0.0246654,0.0183658,0.0183658,0.0246654,0.0372247,0.0559214,0.0804799,0.110393,0.144865,0.182796,0.222827,0.263436,0.303079,0.34034,0.374067,0.403473,0.428169,0.448147,0.463715,0.475403,0.483855,0.489744,0.493697,0.496254,0.497848,0.498804,0.499358,0.499667,0.499833,0.499919,0.499962,0.499982,0.499989,0.499989
0.499992,0.499992,0.499986,0.49997,0.499937,0.49987,0.499739,0.499495,0.499057,0.498295,0.497022,0.494968,0.491776,0.486995,0.48009,0.470482,0.457593,0.440928,0.420159,0.395211,0.366322,0.334077,0.29939,0.263436,0.227551,0.193105,0.161385,0.133499,0.110325,0.0924913,0.0804105,0.074318,0.074318,0.0804105,0.0924913,0.110325,0.133499,0.161385,0.193105,0.227551,0.263436,0.29939,0.334077,0.366322,0.395211,0.420159,0.440928,0.457593,0.470482,0.48009,0.486995,0.491776,0.494968,0.497022,0.498295,0.499057,0.499495,0.499739,0.49987,0.499937,0.49997,0.499986,0.499992,0.499992
0.499994,0.499994,0.499989,0.499978,0.499952,0.499901,0.499801,0.499614,0.499276,0.498686,0.497695,0.496089,0.493579,0.489797,0.484302,0.476602,0.4662,0.452646,0.435616,0.414976,0.39085,0.36365,0.334077,0.303079,0.271779,0.241376,0.213045,0.187853,0.166695,0.150265,0.139056,0.133378,0.133378,0.139056,0.150265,0.166695,0.187853,0.213045,0.241376,0.271779,0.303079,0.334077,0.36365,0.39085,0.414976,0.435616,0.452646,0.4662,0.476602,0.484302,0.489797,0.493579,0.496089,0.497695,0.498686,0.499276,0.499614,0.499801,0.499901,0.499952,0.499978,0.499989,0.499994,0.499994
0.499996,0.499996,0.499992,0.499984,0.499965,0.499927,0.499853,0.499713,0.49946,0.499016,0.498265,0.497043,0.495122,0.492209,0.48795,0.481942,0.473766,0.46303,0.449428,0.432799,0.413182,0.39085,0.366322,0.34034,0.313821,0.287782,0.263259,0.241233,0.222563,0.207953,0.197926,0.192827,0.192827,0.197926,0.207953,0.222563,0.241233,0.263259,0.287782,0.313821,0.34034,0.366322,0.39085,0.413182,0.432799,0.449428,0.46303,0.473766,0.481942,0.48795,0.492209,0.495122,0.497043,0.498265,0.499016,0.49946,0.499713,0.499853,0.499927,0.499965,0.499984,0.499992,0.499996,0.499996
0.499997,0.499997,0.499994,0.499988,0.499975,0.499948,0.499894,0.499793,0.499608,0.499283,0.498731,0.497826,0.496395,0.494213,0.491002,0.48644,0.480186,0.471911,0.461342,0.448311,0.432799,0.414976,0.395211,0.374067,0.352272,0.330659,0.310111,0.29149,0.27558,0.263046,0.254401,0.249991,0.249991,0.254401,0.263046,0.27558,0.29149,0.310111,0.330659,0.352272,0.374067,0.395211,0.414976,0.432799,0.448311,0.461342,0.471911,0.480186,0.48644,0.491002,0.494213,0.496395,0.497826,0.498731,0.499283,0.499608,0.499793,0.499894,0.499948,0.499975,0.499988,0.499994,0.499997,0.499997
0.499998,0.499998,0.499996,0.499992,0.499983,0.499964,0.499926,0.499855,0.499724,0.499492,0.499097,0.498446,0.497411,0.495822,0.493467,0.490099,0.485449,0.479249,0.471266,0.461342,0.449428,0.435616,0.420159,0.403473,0.386115,0.368748,0.352094,0.336883,0.323796,0.313425,0.306241,0.302567,0.302567,0.306241,0.313425,0.323796,0.336883,0.352094,0.368748,0.386115,0.403473,0.420159,0.435616,0.449428,0.461342,0.471266,0.479249,0.485449,0.490099,0.493467,0.495822,0.497411,0.498446,0.499097,0.499492,0.499724,0.499855,0.499926,0.499964,0.499983,0.499992,0.499996,0.499998,0.499998
0.499999,0.499999,0.499997,0.499995,0.499988,0.499975,0.49995,0.499901,0.499811,0.499651,0.499376,0.498921,0.498193,0.497068,0.495391,0.492975,0.489616,0.485103,0.479249,0.471911,0.46303,0.452646,0.440928,0.428169,0.414784,0.401283,0.388237,0.376236,0.365848,0.357574,0.351821,0.348871,0.348871,0.351821,0.357574,0.365848,0.376236,0.388237,0.401283,0.414784,0.428169,0.440928,0.452646,0.46303,0.471911,0.479249,0.485103,0.489616,0.492975,0.495391,0.497068,0.498193,0.498921,0.499376,0.499651,0.499811,0.499901,0.49995,0.499975,0.499988,0.499995,0.499997,0.499999,0.499999
0.499999,0.499999,0.499998,0.499996,0.499992,0.499984,0.499967,0.499935,0.499874,0.499767,0.499582,0.499273,0.498775,0.498002,0.496842,0.49516,0.492804,0.489616,0.485449,0.480186,0.473766,0.4662,0.457593,0.448147,0.438161,0.428013,0.418139,0.408999,0.401044,0.394679,0.390239,0.387958,0.387958,0.390239,0.394679,0.401044,0.408999,0.418139,0.428013,0.438161,0.448147,0.457593,0.4662,0.473766,0.480186,0.485449,0.489616,0.492804,0.49516,0.496842,0.498002,0.498775,0.499273,0.499582,0.499767,0.499874,0.499935,0.499967,0.499984,0.499992,0.499996,0.499998,0.499999,0.499999
0.499999,0.499999,0.499999,0.499998,0.499995,0.49999,0.499979,0.499958,0.499919,0.499849,0.499728,0.499524,0.499194,0.498679,0.4979,0.496763,0.49516,0.492975,0.490099,0.48644,0.481942,0.476602,0.470482,0.463715,0.456511,0.44914,0.441923,0.435204,0.429328,0.424607,0.421304,0.419605,0.419605,0.421304,0.424607,0.429328,0.435204,0.441923,0.44914,0.456511,0.463715,0.470482,0.476602,0.481942,0.48644,0.490099,0.492975,0.49516,0.496763,0.4979,0.498679,0.499194,0.499524,0.499728,0.499849,0.499919,0.499958,0.499979,0.49999,0.499995,0.499998,0.499999,0.499999,0.499999
0.5,0.5,0.499999,0.499999,0.499997,0.499994,0.499987,0.499974,0.499949,0.499905,0.499828,0.499698,0.499486,0.499152,0.498645,0.4979,0.496842,0.495391,0.493467,0.491002,0.48795,0.484302,0.48009,0.475403,0.470379,0.465207,0.460114,0.455348,0.451161,0.447786,0.445418,0.444198,0.444198,0.445418,0.447786,0.451161,0.455348,0.460114,0.465207,0.470379,0.475403,0.48009,0.484302,0.48795,0.491002,0.493467,0.495391,0.496842,0.4979,0.498645,0.499152,0.499486,0.499698,0.499828,0.499905,0.499949,0.499974,0.499987,0.499994,0.499997,0.499999,0.499999,0.5,0.5
0.5,0.5,0.5,0.499999,0.499998,0.499996,0.499992,0.499984,0.499969,0.499942,0.499895,0.499814,0.499682,0.499472,0.499152,0.498679,0.498002,0.497068,0.495822,0.494213,0.492209,0.489797,0.486995,0.483855,0.48047,0.476965,0.473496,0.470234,0.467357,0.465031,0.463395,0.46255,0.46255,0.463395,0.465031,0.467357,0.470234,0.473496,0.476965,0.48047,0.483855,0.486995,0.489797,0.492209,0.494213,0.495822,0.497068,0.498002,0.498679,0.499152,0.499472,0.499682,0.499814,0.499895,0.499942,0.499969,0.499984,0.499992,0.499996,0.499998,0.499999,0.5,0.5,0.5
0.5,0.5,0.5,0.5,0.499999,0.499998,0.499995,0.499991,0.499982,0.499966,0.499937,0.499889,0.499809,0.499682,0.499486,0.499194,0.498775,0.498193,0.497411,0.496395,0.495122,0.493579,0.491776,0.489744,0.487541,0.485248,0.482967,0.480813,0.478907,0.477361,0.476271,0.475708,0.475708,0.476271,0.477361,0.478907,0.480813,0.482967,0.485248,0.487541,0.489744,0.491776,0.493579,0.495122,0.496395,0.497411,0.498193,0.498775,0.499194,0.499486,0.499682,0.499809,0.499889,0.499937,0.499966,0.499982,0.499991,0.499995,0.499998,0.499999,0.5,0.5,0.5,0.5
0.5,0.5,0.5,0.5,0.499999,0.499999,0.499997,0.499995,0.49999,0.49998,0.499964,0.499936,0.499889,0.499814,0.499698,0.499524,0.499273,0.498921,0.498446,0.497826,0.497043,0.496089,0.494968,0.493697,0.492312,0.490864,0.489417,0.488045,0.486827,0.485836,0.485137,0.484775,0.484775,0.485137,0.485836,0.486827,0.488045,0.489417,0.490864,0.492312,0.493697,0.494968,0.496089,0.497043,0.497826,0.498446,0.498921,0.499273,0.499524,0.499698,0.499814,0.499889,0.499936,0.499964,0.49998,0.49999,0.499995,0.499997,0.499999,0.499999,0.5,0.5,0.5,0.5
0.5,0.5,0.5,0.5,0.5,0.499999,0.499999,0.499997,0.499994,0.499989,0.49998,0.499964,0.499937,0.499895,0.499828,0.499728,0.499582,0.499376,0.499097,0.498731,0.498265,0.497695,0.497022,0.496254,0.495414,0.49453,0.493644,0.492802,0.492051,0.491439,0.491006,0.490782,0.490782,0.491006,0.491439,0.492051,0.492802,0.493644,0.49453,0.495414,0.496254,0.497022,0.497695,0.498265,0.498731,0.499097,0.499376,0.499582,0.499728,0.499828,0.499895,0.499937,0.499964,0.49998,0.499989,0.499994,0.499997,0.499999,0.499999,0.5,0.5,0.5,0.5,0.5
0.5,0.5,0.5,0.5,0.5,0.5,0.499999,0.499998,0.499997,0.499994,0.499989,0.49998,0.499966,0.499942,0.499905,0.499849,0.499767,0.499651,0.499492,0.499283,0.499016,0.498686,0.498295,0.497848,0.497355,0.496835,0.496312,0.495813,0.495366,0.495002,0.494744,0.49461,0.49461,0.494744,0.495002,0.495366,0.495813,0.496312,0.496835,0.497355,0.497848,0.498295,0.498686,0.499016,0.499283,0.499492,0.499651,0.499767,0.499849,0.499905,0.499942,0.499966,0.49998,0.499989,0.499994,0.499997,0.499998,0.499999,0.5,0.5,0.5,0.5,0.5,0.5
0.5,0.5,0.5,0.5,0.5,0.5,0.5,0.499999,0.499998,0.499997,0.499994,0.49999,0.499982,0.499969,0.499949,0.499919,0.499874,0.499811,0.499724,0.499608,0.49946,0.499276,0.499057,0.498804,0.498526,0.498231,0.497932,0.497647,0.497391,0.497182,0.497033,0.496956,0.496956,0.497033,0.497182,0.497391,0.497647,0.497932,0.498231,0.498526,0.498804,0.499057,0.499276,0.49946,0.499608,0.499724,0.499811,0.499874,0.499919,0.499949,0.499969,0.499982,0.49999,0.499994,0.499997,0.499998,0.499999,0.5,0.5,0.5,0.5,0.5,0.5,0.5
0.5,0.5,0.5,0.5,0.5,0.5,0.5,0.5,0.499999,0.499998,0.499997,0.499995,0.499991,0.499984,0.499974,0.499958,0.499935,0.499901,0.499855,0.499793,0.499713,0.499614,0.499495,0.499358,0.499206,0.499044,0.49888,0.498723,0.498582,0.498466,0.498383,0.498341,0.498341,0.498383,0.498466,0.498582,0.498723,0.49888,0.499044,0.499206,0.499358,0.499495,0.499614,0.499713,0.499793,0.499855,0.499901,0.499935,0.499958,0.499974,0.499984,0.499991,0.499995,0.499997,0.499998,0.499999,0.5,0.5,0.5,0.5,0.5,0.5,0.5,0.5
0.5,0.5,0.5,0.5,0.5,0.5,0.5,0.5,0.5,0.499999,0.499999,0.499997,0.499995,0.499992,0.499987,0.499979,0.499967,0.49995,0.499926,0.499894,0.499853,0.499801,0.499739,0.499667,0.499587,0.499501,0.499414,0.499331,0.499255,0.499193,0.499149,0.499126,0.499126,0.499149,0.499193,0.499255,0.499331,0.499414,0.499501,0.499587,0.499667,0.499739,0.499801,0.499853,0.499894,0.499926,0.49995,0.499967,0.499979,0.499987,0.499992,0.499995,0.499997,0.499999,0.499999,0.5,0.5,0.5,0.5,0.5,0.5,0.5,0.5,0.5
0.5,0.5,0.5,0.5,0.5,0.5,0.5,0.5,0.5,0.5,0.499999,0.499999,0.499998,0.499996,0.499994,0.49999,0.499984,0.499975,0.499964,0.499948,0.499927,0.499901,0.49987,0.499833,0.499792,0.499749,0.499704,0.499661,0.499622,0.49959,0.499568,0.499556,0.499556,0.499568,0.49959,0.499622,0.499661,0.499704,0.499749,0.499792,0.499833,0.49987,0.499901,0.499927,0.499948,0.499964,0.499975,0.499984,0.49999,0.499994,0.499996,0.499998,0.499999,0.499999,0.5,0.5,0.5,0.5,0.5,0.5,0.5,0.5,0.5,0.5
0.5,0.5,0.5,0.5,0.5,0.5,0.5,0.5,0.5,0.5,0.5,0.499999,0.499999,0.499998,0.499997,0.499995,0.499992,0.499988,0.499983,0.499975,0.499965,0.499952,0.499937,0.499919,0.499899,0.499877,0.499855,0.499834,0.499815,0.499799,0.499788,0.499782,0.499782,0.499788,0.499799,0.499815,0.499834,0.499855,0.499877,0.499899,0.499919,0.499937,0.499952,0.499965,0.499975,0.499983,0.499988,0.499992,0.499995,0.499997,0.499998,0.499999,0.499999,0.5,0.5,0.5,0.5,0.5,0.5,0.5,0.5,0.5,0.5,0.5
0.5,0.5,0.5,0.5,0.5,0.5,0.5,0.5,0.5,0.5,0.5,0.5,0.5,0.499999,0.499999,0.499998,0.499996,0.499995,0.499992,0.499988,0.499984,0.499978,0.49997,0.499962,0.499952,0.499942,0.499931,0.499921,0.499911,0.499904,0.499898,0.499895,0.499895,0.499898,0.499904,0.499911,0.499921,0.499931,0.499942,0.499952,0.499962,0.49997,0.499978,0.499984,0.499988,0.499992,0.499995,0.499996,0.499998,0.499999,0.499999,0.5,0.5,0.5,0.5,0.5,0.5,0.5,0.5,0.5,0.5,0.5,0.5,0.5
0.5,0.5,0.5,0.5,0.5,0.5,0.5,0.5,0.5,0.5,0.5,0.5,0.5,0.5,0.499999,0.499999,0.499998,0.499997,0.499996,0.499994,0.499992,0.499989,0.499986,0.499982,0.499977,0.499972,0.499967,0.499962,0.499957,0.499953,0.499951,0.499949,0.499949,0.499951,0.499953,0.499957,0.499962,0.499967,0.499972,0.499977,0.499982,0.499986,0.499989,0.499992,0.499994,0.499996,0.499997,0.499998,0.499999,0.499999,0.5,0.5,0.5,0.5,0.5,0.5,0.5,0.5,0.5,0.5,0.5,0.5,0.5,0.5
0.5,0.5,0.5,0.5,0.5,0.5,0.5,0.5,0.5,0.5,0.5,0.5,0.5,0.5,0.5,0.499999,0.499999,0.499999,0.499998,0.499997,0.499996,0.499994,0.499992,0.499989,0.499987,0.499984,0.499981,0.499978,0.499975,0.499973,0.499971,0.49997,0.49997,0.499971,0.499973,0.499975,0.499978,0.499981,0.499984,0.499987,0.499989,0.499992,0.499994,0.499996,0.499997,0.499998,0.499999,0.499999,0.499999,0.5,0.5,0.5,0.5,0.5,0.5,0.5,0.5,0.5,0.5,0.5,0.5,0.5,0.5,0.5
0.5,0.5,0.5,0.5,0.5,0.5,0.5,0.5,0.5,0.5,0.5,0.5,0.5,0.5,0.5,0.499999,0.499999,0.499999,0.499998,0.499997,0.499996,0.499994,0.499992,0.499989,0.499987,0.499984,0.499981,0.499978,0.499975,0.499973,0.499971,0.49997,0.49997,0.499971,0.499973,0.499975,0.499978,0.499981,0.499984,0.499987,0.499989,0.499992,0.499994,0.499996,0.499997,0.499998,0.499999,0.499999,0.499999,0.5,0.5,0.5,0.5,0.5,0.5,0.5,0.5,0.5,0.5,0.5,0.5,0.5,0.5,0.5
