0.5,0.5,0.499999,0.499999,0.499998,0.499996,0.499993,0.499988,0.499979,0.499965,0.499943,0.499911,0.499862,0.499794,0.499699,0.499571,0.499403,0.499188,0.498922,0.4986,0.498223,0.497792,0.497316,0.496804,0.496272,0.495738,0.495223,0.494749,0.494338,0.49401,0.493782,0.493665,0.493665,0.493782,0.49401,0.494338,0.494749,0.495223,0.495738,0.496272,0.496804,0.497316,0.497792,0.498223,0.4986,0.498922,0.499188,0.499403,0.499571,0.499699,0.499794,0.499862,0.499911,0.499943,0.499965,0.499979,0.499988,0.499993,0.499996,0.499998,0.499999,0.499999,0.5,0.5
0.5,0.5,0.499999,0.499999,0.499998,0.499996,0.499993,0.499988,0.499979,0.499965,0.499943,0.499911,0.499862,0.499794,0.499699,0.499571,0.499403,0.499188,0.498922,0.4986,0.498223,0.497792,0.497316,0.496804,0.496272,0.495738,0.495223,0.494749,0.494338,0.49401,0.493782,0.493665,0.493665,0.493782,0.49401,0.494338,0.494749,0.495223,0.495738,0.496272,0.496804,0.497316,0.497792,0.498223,0.4986,0.498922,0.499188,0.499403,0.499571,0.499699,0.499794,0.499862,0.499911,0.499943,0.499965,0.499979,0.499988,0.499993,0.499996,0.499998,0.499999,0.499999,0.5,0.5
0.499999,0.499999,0.499999,0.499998,0.499997,0.499994,0.49999,0.499982,0.49997,0.49995,0.49992,0.499874,0.499808,0.499714,0.499585,0.499413,0.499188,0.498903,0.498552,0.498131,0.497641,0.497084,0.496472,0.495818,0.495142,0.494466,0.493817,0.493222,0.492707,0.492298,0.492013,0.491866,0.491866,0.492013,0.492298,0.492707,0.493222,0.493817,0.494466,0.495142,0.495818,0.496472,0.497084,0.497641,0.498131,0.498552,0.498903,0.499188,0.499413,0.499585,0.499714,0.499808,0.499874,0.49992,0.49995,0.49997,0.499982,0.49999,0.499994,0.499997,0.499998,0.499999,0.499999,0.499999
0.499999,0.499999,0.499998,0.499997,0.499994,0.49999,0.499982,0.499969,0.499948,0.499916,0.499866,0.499791,0.499684,0.499535,0.49933,0.49906,0.49871,0.498272,0.497738,0.497102,0.496368,0.495543,0.494641,0.493686,0.492704,0.491729,0.490799,0.48995,0.489218,0.488638,0.488235,0.488029,0.488029,0.488235,0.488638,0.489218,0.48995,0.490799,0.491729,0.492704,0.493686,0.494641,0.495543,0.496368,0.497102,0.497738,0.498272,0.49871,0.49906,0.49933,0.499535,0.499684,0.499791,0.499866,0.499916,0.499948,0.499969,0.499982,0.49999,0.499994,0.499997,0.499998,0.499999,0.499999
0.499998,0.499998,0.499997,0.499994,0.49999,0.499982,0.499968,0.499945,0.499909,0.499852,0.499767,0.499641,0.499462,0.499213,0.498877,0.498436,0.497873,0.497173,0.496326,0.49533,0.494188,0.492917,0.491539,0.49009,0.488612,0.487154,0.48577,0.484513,0.483436,0.482584,0.481994,0.481692,0.481692,0.481994,0.482584,0.483436,0.484513,0.48577,0.487154,0.488612,0.49009,0.491539,0.492917,0.494188,0.49533,0.496326,0.497173,0.497873,0.498436,0.498877,0.499213,0.499462,0.499641,0.499767,0.499852,0.499909,0.499945,0.499968,0.499982,0.49999,0.499994,0.499997,0.499998,0.499998
0.499996,0.499996,0.499994,0.49999,0.499982,0.499968,0.499943,0.499904,0.499841,0.499744,0.4996,0.499389,0.499091,0.498681,0.498134,0.497422,0.496522,0.495413,0.494086,0.492537,0.490779,0.488837,0.486751,0.484574,0.482369,0.480209,0.47817,0.47633,0.474758,0.473519,0.472663,0.472226,0.472226,0.472663,0.473519,0.474758,0.47633,0.47817,0.480209,0.482369,0.484574,0.486751,0.488837,0.490779,0.492537,0.494086,0.495413,0.496522,0.497422,0.498134,0.498681,0.499091,0.499389,0.4996,0.499744,0.499841,0.499904,0.499943,0.499968,0.499982,0.49999,0.499994,0.499996,0.499996
0.499993,0.499993,0.49999,0.499982,0.499968,0.499943,0.499902,0.499835,0.499729,0.499568,0.499329,0.498984,0.4985,0.497843,0.496972,0.495852,0.494448,0.492737,0.490706,0.48836,0.485722,0.482833,0.479757,0.476571,0.47337,0.470256,0.467336,0.464713,0.462484,0.460733,0.459526,0.458911,0.458911,0.459526,0.460733,0.462484,0.464713,0.467336,0.470256,0.47337,0.476571,0.479757,0.482833,0.485722,0.48836,0.490706,0.492737,0.494448,0.495852,0.496972,0.497843,0.4985,0.498984,0.499329,0.499568,0.499729,0.499835,0.499902,0.499943,0.499968,0.499982,0.49999,0.499993,0.499993
0.499988,0.499988,0.499982,0.499969,0.499945,0.499904,0.499835,0.499724,0.499551,0.499289,0.498905,0.498355,0.497594,0.496568,0.495223,0.493509,0.491384,0.488819,0.485807,0.482361,0.478523,0.474361,0.469968,0.465459,0.460964,0.456624,0.452581,0.448971,0.445918,0.443529,0.441888,0.441053,0.441053,0.441888,0.443529,0.445918,0.448971,0.452581,0.456624,0.460964,0.465459,0.469968,0.474361,0.478523,0.482361,0.485807,0.488819,0.491384,0.493509,0.495223,0.496568,0.497594,0.498355,0.498905,0.499289,0.499551,0.499724,0.499835,0.499904,0.499945,0.499969,0.499982,0.499988,0.499988
0.499979,0.499979,0.49997,0.499948,0.499909,0.499841,0.499729,0.499551,0.499276,0.498863,0.498262,0.497412,0.496246,0.494691,0.492674,0.490131,0.487011,0.483286,0.478956,0.474056,0.468655,0.462856,0.456795,0.450632,0.444542,0.438709,0.433314,0.428528,0.424503,0.421367,0.419219,0.418128,0.418128,0.419219,0.421367,0.424503,0.428528,0.433314,0.438709,0.444542,0.450632,0.456795,0.462856,0.468655,0.474056,0.478956,0.483286,0.487011,0.490131,0.492674,0.494691,0.496246,0.497412,0.498262,0.498863,0.499276,0.499551,0.499729,0.499841,0.499909,0.499948,0.49997,0.499979,0.499979
0.499965,0.499965,0.49995,0.499916,0.499852,0.499744,0.499568,0.499289,0.498863,0.498229,0.497317,0.49604,0.494306,0.492017,0.489081,0.48542,0.480978,0.475735,0.469709,0.462965,0.455613,0.447806,0.439732,0.431605,0.423651,0.4161,0.409172,0.403069,0.397967,0.394011,0.391312,0.389944,0.389944,0.391312,0.394011,0.397967,0.403069,0.409172,0.4161,0.423651,0.431605,0.439732,0.447806,0.455613,0.462965,0.469709,0.475735,0.480978,0.48542,0.489081,0.492017,0.494306,0.49604,0.497317,0.498229,0.498863,0.499289,0.499568,0.499744,0.499852,0.499916,0.49995,0.499965,0.499965
0.499943,0.499943,0.49992,0.499866,0.499767,0.4996,0.499329,0.498905,0.498262,0.497317,0.495969,0.494103,0.491596,0.488324,0.484175,0.47906,0.472927,0.465774,0.45765,0.448668,0.438992,0.428837,0.418456,0.408121,0.398113,0.388705,0.38015,0.372674,0.366466,0.361678,0.358424,0.356779,0.356779,0.358424,0.361678,0.366466,0.372674,0.38015,0.388705,0.398113,0.408121,0.418456,0.428837,0.438992,0.448668,0.45765,0.465774,0.472927,0.47906,0.484175,0.488324,0.491596,0.494103,0.495969,0.497317,0.498262,0.498905,0.499329,0.4996,0.499767,0.499866,0.49992,0.499943,0.499943
0.499911,0.499911,0.499874,0.499791,0.499641,0.499389,0.498984,0.498355,0.497412,0.49604,0.494103,0.491452,0.487928,0.483382,0.477685,0.470747,0.462531,0.453067,0.442458,0.430877,0.418562,0.405803,0.392922,0.380254,0.36813,0.356858,0.346712,0.337923,0.330682,0.325131,0.321376,0.319483,0.319483,0.321376,0.325131,0.330682,0.337923,0.346712,0.356858,0.36813,0.380254,0.392922,0.405803,0.418562,0.430877,0.442458,0.453067,0.462531,0.470747,0.477685,0.483382,0.487928,0.491452,0.494103,0.49604,0.497412,0.498355,0.498984,0.499389,0.499641,0.499791,0.499874,0.499911,0.499911
0.499862,0.499862,0.499808,0.499684,0.499462,0.499091,0.4985,0.497594,0.496246,0.494306,0.491596,0.487928,0.48311,0.476967,0.469364,0.460221,0.449536,0.437392,0.423963,0.409506,0.394348,0.378861,0.363442,0.348484,0.334355,0.32138,0.309835,0.299939,0.291856,0.285706,0.281567,0.279487,0.279487,0.281567,0.285706,0.291856,0.299939,0.309835,0.32138,0.334355,0.348484,0.363442,0.378861,0.394348,0.409506,0.423963,0.437392,0.449536,0.460221,0.469364,0.476967,0.48311,0.487928,0.491596,0.494306,0.496246,0.497594,0.4985,0.499091,0.499462,0.499684,0.499808,0.499862,0.499862
0.499794,0.499794,0.499714,0.499535,0.499213,0.498681,0.497843,0.496568,0.494691,0.492017,0.488324,0.483382,0.476967,0.46889,0.45902,0.447309,0.433811,0.418687,0.402206,0.384728,0.366679,0.348522,0.330722,0.313716,0.297889,0.283563,0.270984,0.260331,0.251722,0.245227,0.240884,0.23871,0.23871,0.240884,0.245227,0.251722,0.260331,0.270984,0.283563,0.297889,0.313716,0.330722,0.348522,0.366679,0.384728,0.402206,0.418687,0.433811,0.447309,0.45902,0.46889,0.476967,0.483382,0.488324,0.492017,0.494691,0.496568,0.497843,0.498681,0.499213,0.499535,0.499714,0.499794,0.499794
0.499699,0.499699,0.499585,0.49933,0.498877,0.498134,0.496972,0.495223,0.492674,0.489081,0.484175,0.477685,0.469364,0.45902,0.446549,0.431957,0.415382,0.39709,0.377468,0.356995,0.336205,0.315645,0.295835,0.277235,0.26022,0.245074,0.231983,0.221057,0.21234,0.205833,0.201516,0.199366,0.199366,0.201516,0.205833,0.21234,0.221057,0.231983,0.245074,0.26022,0.277235,0.295835,0.315645,0.336205,0.356995,0.377468,0.39709,0.415382,0.431957,0.446549,0.45902,0.469364,0.477685,0.484175,0.489081,0.492674,0.495223,0.496972,0.498134,0.498877,0.49933,0.499585,0.499699,0.499699
0.499571,0.499571,0.499413,0.49906,0.498436,0.497422,0.495852,0.493509,0.490131,0.48542,0.47906,0.470747,0.460221,0.447309,0.431957,0.414256,0.394456,0.372956,0.35028,0.327036,0.303864,0.281382,0.260142,0.240596,0.223074,0.207784,0.194823,0.184199,0.175859,0.169718,0.165686,0.16369,0.16369,0.165686,0.169718,0.175859,0.184199,0.194823,0.207784,0.223074,0.240596,0.260142,0.281382,0.303864,0.327036,0.35028,0.372956,0.394456,0.414256,0.431957,0.447309,0.460221,0.470747,0.47906,0.48542,0.490131,0.493509,0.495852,0.497422,0.498436,0.49906,0.499413,0.499571,0.499571
0.499403,0.499403,0.499188,0.49871,0.497873,0.496522,0.494448,0.491384,0.487011,0.480978,0.472927,0.462531,0.449536,0.433811,0.415382,0.394456,0.371425,0.346845,0.321391,0.295799,0.270804,0.247072,0.225154,0.205455,0.18822,0.173548,0.161413,0.151699,0.144237,0.138844,0.135355,0.133644,0.133644,0.135355,0.138844,0.144237,0.151699,0.161413,0.173548,0.18822,0.205455,0.225154,0.247072,0.270804,0.295799,0.321391,0.346845,0.371425,0.394456,0.415382,0.433811,0.449536,0.462531,0.472927,0.480978,0.487011,0.491384,0.494448,0.496522,0.497873,0.49871,0.499188,0.499403,0.499403
0.499188,0.499188,0.498903,0.498272,0.497173,0.495413,0.492737,0.488819,0.483286,0.475735,0.465774,0.453067,0.437392,0.418687,0.39709,0.372956,0.346845,0.319486,0.291708,0.264369,0.238273,0.214101,0.192364,0.173376,0.157262,0.143975,0.133343,0.12511,0.118984,0.114682,0.111961,0.110646,0.110646,0.111961,0.114682,0.118984,0.12511,0.133343,0.143975,0.157262,0.173376,0.192364,0.214101,0.238273,0.264369,0.291708,0.319486,0.346845,0.372956,0.39709,0.418687,0.437392,0.453067,0.465774,0.475735,0.483286,0.488819,0.492737,0.495413,0.497173,0.498272,0.498903,0.499188,0.499188
0.498922,0.498922,0.498552,0.497738,0.496326,0.494086,0.490706,0.485807,0.478956,0.469709,0.45765,0.442458,0.423963,0.402206,0.377468,0.35028,0.321391,0.291708,0.262211,0.233855,0.207483,0.183748,0.163076,0.145651,0.13144,0.120229,0.111684,0.105404,0.100976,0.098025,0.0962401,0.0954037,0.0954037,0.0962401,0.098025,0.100976,0.105404,0.111684,0.120229,0.13144,0.145651,0.163076,0.183748,0.207483,0.233855,0.262211,0.291708,0.321391,0.35028,0.377468,0.402206,0.423963,0.442458,0.45765,0.469709,0.478956,0.485807,0.490706,0.494086,0.496326,0.497738,0.498552,0.498922,0.498922
0.4986,0.4986,0.498131,0.497102,0.49533,0.492537,0.48836,0.482361,0.474056,0.462965,0.448668,0.430877,0.409506,0.384728,0.356995,0.327036,0.295799,0.264369,0.233855,0.205282,0.179485,0.157048,0.138265,0.123157,0.111504,0.102912,0.0968824,0.0928765,0.0903765,0.088928,0.0881701,0.0878543,0.0878543,0.0881701,0.088928,0.0903765,0.0928765,0.0968824,0.102912,0.111504,0.123157,0.138265,0.157048,0.179485,0.205282,0.233855,0.264369,0.295799,0.327036,0.356995,0.384728,0.409506,0.430877,0.448668,0.462965,0.474056,0.482361,0.48836,0.492537,0.49533,0.497102,0.498131,0.4986,0.4986
0.498223,0.498223,0.497641,0.496368,0.494188,0.490779,0.485722,0.478523,0.468655,0.455613,0.438992,0.418562,0.394348,0.366679,0.336205,0.303864,0.270804,0.238273,0.207483,0.179485,0.155067,0.134693,0.11849,0.106284,0.0976563,0.0920303,0.0887527,0.0871672,0.0866722,0.0867596,0.0870379,0.0872433,0.0872433,0.0870379,0.0867596,0.0866722,0.0871672,0.0887527,0.0920303,0.0976563,0.106284,0.11849,0.134693,0.155067,0.179485,0.207483,0.238273,0.270804,0.303864,0.336205,0.366679,0.394348,0.418562,0.438992,0.455613,0.468655,0.478523,0.485722,0.490779,0.494188,0.496368,0.497641,0.498223,0.498223
0.497792,0.497792,0.497084,0.495543,0.492917,0.488837,0.482833,0.474361,0.462856,0.447806,0.428837,0.405803,0.378861,0.348522,0.315645,0.281382,0.247072,0.214101,0.183748,0.157048,0.134693,0.116989,0.103867,0.0949374,0.0895834,0.0870557,0.0865683,0.0873738,0.0888161,0.0903613,0.0916102,0.0922997,0.0922997,0.0916102,0.0903613,0.0888161,0.0873738,0.0865683,0.0870557,0.0895834,0.0949374,0.103867,0.116989,0.134693,0.157048,0.183748,0.214101,0.247072,0.281382,0.315645,0.348522,0.378861,0.405803,0.428837,0.447806,0.462856,0.474361,0.482833,0.488837,0.492917,0.495543,0.497084,0.497792,0.497792
0.497316,0.497316,0.496472,0.494641,0.491539,0.486751,0.479757,0.469968,0.456795,0.439732,0.418456,0.392922,0.363442,0.330722,0.295835,0.260142,0.225154,0.192364,0.163076,0.138265,0.11849,0.103867,0.0941065,0.0886061,0.086556,0.0870567,0.0892185,0.092235,0.0954275,0.098264,0.10036,0.101467,0.101467,0.10036,0.098264,0.0954275,0.092235,0.0892185,0.0870567,0.086556,0.0886061,0.0941065,0.103867,0.11849,0.138265,0.163076,0.192364,0.225154,0.260142,0.295835,0.330722,0.363442,0.392922,0.418456,0.439732,0.456795,0.469968,0.479757,0.486751,0.491539,0.494641,0.496472,0.497316,0.497316
0.496804,0.496804,0.495818,0.493686,0.49009,0.484574,0.476571,0.465459,0.450632,0.431605,0.408121,0.380254,0.348484,0.313716,0.277235,0.240596,0.205455,0.173376,0.145651,0.123157,0.106284,0.0949374,0.0886061,0.0864773,0.0875703,0.0908633,0.0953956,0.100335,0.105009,0.108914,0.111697,0.11314,0.11314,0.111697,0.108914,0.105009,0.100335,0.0953956,0.0908633,0.0875703,0.0864773,0.0886061,0.0949374,0.106284,0.123157,0.145651,0.173376,0.205455,0.240596,0.277235,0.313716,0.348484,0.380254,0.408121,0.431605,0.450632,0.465459,0.476571,0.484574,0.49009,0.493686,0.495818,0.496804,0.496804
0.496272,0.496272,0.495142,0.492704,0.488612,0.482369,0.47337,0.460964,0.444542,0.423651,0.398113,0.36813,0.334355,0.297889,0.26022,0.223074,0.18822,0.157262,0.13144,0.111504,0.0976563,0.0895834,0.086556,0.0875703,0.0915008,0.0972348,0.103773,0.110286,0.116136,0.120864,0.124164,0.125856,0.125856,0.124164,0.120864,0.116136,0.110286,0.103773,0.0972348,0.0915008,0.0875703,0.086556,0.0895834,0.0976563,0.111504,0.13144,0.157262,0.18822,0.223074,0.26022,0.297889,0.334355,0.36813,0.398113,0.423651,0.444542,0.460964,0.47337,0.482369,0.488612,0.492704,0.495142,0.496272,0.496272
0.495738,0.495738,0.494466,0.491729,0.487154,0.480209,0.470256,0.456624,0.438709,0.4161,0.388705,0.356858,0.32138,0.283563,0.245074,0.207784,0.173548,0.143975,0.120229,0.102912,0.0920303,0.0870557,0.0870567,0.0908633,0.0972348,0.104999,0.113145,0.120872,0.127593,0.132906,0.136562,0.13842,0.13842,0.136562,0.132906,0.127593,0.120872,0.113145,0.104999,0.0972348,0.0908633,0.0870567,0.0870557,0.0920303,0.102912,0.120229,0.143975,0.173548,0.207784,0.245074,0.283563,0.32138,0.356858,0.388705,0.4161,0.438709,0.456624,0.470256,0.480209,0.487154,0.491729,0.494466,0.495738,0.495738
0.495223,0.495223,0.493817,0.490799,0.48577,0.47817,0.467336,0.452581,0.433314,0.409172,0.38015,0.346712,0.309835,0.270984,0.231983,0.194823,0.161413,0.133343,0.111684,0.0968824,0.0887527,0.0865683,0.0892185,0.0953956,0.103773,0.113145,0.122513,0.13112,0.138438,0.144131,0.148005,0.149962,0.149962,0.148005,0.144131,0.138438,0.13112,0.122513,0.113145,0.103773,0.0953956,0.0892185,0.0865683,0.0887527,0.0968824,0.111684,0.133343,0.161413,0.194823,0.231983,0.270984,0.309835,0.346712,0.38015,0.409172,0.433314,0.452581,0.467336,0.47817,0.48577,0.490799,0.493817,0.495223,0.495223
0.494749,0.494749,0.493222,0.48995,0.484513,0.47633,0.464713,0.448971,0.428528,0.403069,0.372674,0.337923,0.299939,0.260331,0.221057,0.184199,0.151699,0.12511,0.105404,0.0928765,0.0871672,0.0873738,0.092235,0.100335,0.110286,0.120872,0.13112,0.140324,0.148017,0.153927,0.157914,0.159917,0.159917,0.157914,0.153927,0.148017,0.140324,0.13112,0.120872,0.110286,0.100335,0.092235,0.0873738,0.0871672,0.0928765,0.105404,0.12511,0.151699,0.184199,0.221057,0.260331,0.299939,0.337923,0.372674,0.403069,0.428528,0.448971,0.464713,0.47633,0.484513,0.48995,0.493222,0.494749,0.494749
0.494338,0.494338,0.492707,0.489218,0.483436,0.474758,0.462484,0.445918,0.424503,0.397967,0.366466,0.330682,0.291856,0.251722,0.21234,0.175859,0.144237,0.118984,0.100976,0.0903765,0.0866722,0.0888161,0.0954275,0.105009,0.116136,0.127593,0.138438,0.148017,0.155922,0.161935,0.165963,0.167979,0.167979,0.165963,0.161935,0.155922,0.148017,0.138438,0.127593,0.116136,0.105009,0.0954275,0.0888161,0.0866722,0.0903765,0.100976,0.118984,0.144237,0.175859,0.21234,0.251722,0.291856,0.330682,0.366466,0.397967,0.424503,0.445918,0.462484,0.474758,0.483436,0.489218,0.492707,0.494338,0.494338
0.49401,0.49401,0.492298,0.488638,0.482584,0.473519,0.460733,0.443529,0.421367,0.394011,0.361678,0.325131,0.285706,0.245227,0.205833,0.169718,0.138844,0.114682,0.098025,0.088928,0.0867596,0.0903613,0.098264,0.108914,0.120864,0.132906,0.144131,0.153927,0.161935,0.167983,0.172013,0.174023,0.174023,0.172013,0.167983,0.161935,0.153927,0.144131,0.132906,0.120864,0.108914,0.098264,0.0903613,0.0867596,0.088928,0.098025,0.114682,0.138844,0.169718,0.205833,0.245227,0.285706,0.325131,0.361678,0.394011,0.421367,0.443529,0.460733,0.473519,0.482584,0.488638,0.492298,0.49401,0.49401
0.493782,0.493782,0.492013,0.488235,0.481994,0.472663,0.459526,0.441888,0.419219,0.391312,0.358424,0.321376,0.281567,0.240884,0.201516,0.165686,0.135355,0.111961,0.0962401,0.0881701,0.0870379,0.0916102,0.10036,0.111697,0.124164,0.136562,0.148005,0.157914,0.165963,0.172013,0.176029,0.178028,0.178028,0.176029,0.172013,0.165963,0.157914,0.148005,0.136562,0.124164,0.111697,0.10036,0.0916102,0.0870379,0.0881701,0.0962401,0.111961,0.135355,0.165686,0.201516,0.240884,0.281567,0.321376,0.358424,0.391312,0.419219,0.441888,0.459526,0.472663,0.481994,0.488235,0.492013,0.493782,0.493782
0.493665,0.493665,0.491866,0.488029,0.481692,0.472226,0.458911,0.441053,0.418128,0.389944,0.356779,0.319483,0.279487,0.23871,0.199366,0.16369,0.133644,0.110646,0.0954037,0.0878543,0.0872433,0.0922997,0.101467,0.11314,0.125856,0.13842,0.149962,0.159917,0.167979,0.174023,0.178028,0.180019,0.180019,0.178028,0.174023,0.167979,0.159917,0.149962,0.13842,0.125856,0.11314,0.101467,0.0922997,0.0872433,0.0878543,0.0954037,0.110646,0.133644,0.16369,0.199366,0.23871,0.279487,0.319483,0.356779,0.389944,0.418128,0.441053,0.458911,0.472226,0.481692,0.488029,0.491866,0.493665,0.493665
0.493665,0.493665,0.491866,0.488029,0.481692,0.472226,0.458911,0.441053,0.418128,0.389944,0.356779,0.319483,0.279487,0.23871,0.199366,0.16369,0.133644,0.110646,0.0954037,0.0878543,0.0872433,0.0922997,0.101467,0.11314,0.125856,0.13842,0.149962,0.159917,0.167979,0.174023,0.178028,0.180019,0.180019,0.178028,0.174023,0.167979,0.159917,0.149962,0.13842,0.125856,0.11314,0.101467,0.0922997,0.0872433,0.0878543,0.0954037,0.110646,0.133644,0.16369,0.199366,0.23871,0.279487,0.319483,0.356779,0.389944,0.418128,0.441053,0.458911,0.472226,0.481692,0.488029,0.491866,0.493665,0.493665
0.493782,0.493782,0.492013,0.488235,0.481994,0.472663,0.459526,0.441888,0.419219,0.391312,0.358424,0.321376,0.281567,0.240884,0.201516,0.165686,0.135355,0.111961,0.0962401,0.0881701,0.0870379,0.0916102,0.10036,0.111697,0.124164,0.136562,0.148005,0.157914,0.165963,0.172013,0.176029,0.178028,0.178028,0.176029,0.172013,0.165963,0.157914,0.148005,0.136562,0.124164,0.111697,0.10036,0.0916102,0.0870379,0.0881701,0.0962401,0.111961,0.135355,0.165686,0.201516,0.240884,0.281567,0.321376,0.358424,0.391312,0.419219,0.441888,0.459526,0.472663,0.481994,0.488235,0.492013,0.493782,0.493782
0.49401,0.49401,0.492298,0.488638,0.482584,0.473519,0.460733,0.443529,0.421367,0.394011,0.361678,0.325131,0.285706,0.245227,0.205833,0.169718,0.138844,0.114682,0.098025,0.088928,0.0867596,0.0903613,0.098264,0.108914,0.120864,0.132906,0.144131,0.153927,0.161935,0.167983,0.172013,0.174023,0.174023,0.172013,0.167983,0.161935,0.153927,0.144131,0.132906,0.120864,0.108914,0.098264,0.0903613,0.0867596,0.088928,0.098025,0.114682,0.138844,0.169718,0.205833,0.245227,0.285706,0.325131,0.361678,0.394011,0.421367,0.443529,0.460733,0.473519,0.482584,0.488638,0.492298,0.49401,0.49401
0.494338,0.494338,0.492707,0.489218,0.483436,0.474758,0.462484,0.445918,0.424503,0.397967,0.366466,0.330682,0.291856,0.251722,0.21234,0.175859,0.144237,0.118984,0.100976,0.0903765,0.0866722,0.0888161,0.0954275,0.105009,0.116136,0.127593,0.138438,0.148017,0.155922,0.161935,0.165963,0.167979,0.167979,0.165963,0.161935,0.155922,0.148017,0.138438,0.127593,0.116136,0.105009,0.0954275,0.0888161,0.0866722,0.0903765,0.100976,0.118984,0.144237,0.175859,0.21234,0.251722,0.291856,0.330682,0.366466,0.397967,0.424503,0.445918,0.462484,0.474758,0.483436,0.489218,0.492707,0.494338,0.494338
0.494749,0.494749,0.493222,0.48995,0.484513,0.47633,0.464713,0.448971,0.428528,0.403069,0.372674,0.337923,0.299939,0.260331,0.221057,0.184199,0.151699,0.12511,0.105404,0.0928765,0.0871672,0.0873738,0.092235,0.100335,0.110286,0.120872,0.13112,0.140324,0.148017,0.153927,0.157914,0.159917,0.159917,0.157914,0.153927,0.148017,0.140324,0.13112,0.120872,0.110286,0.100335,0.092235,0.0873738,0.0871672,0.0928765,0.105404,0.12511,0.151699,0.184199,0.221057,0.260331,0.299939,0.337923,0.372674,0.403069,0.428528,0.448971,0.464713,0.47633,0.484513,0.48995,0.493222,0.494749,0.494749
0.495223,0.495223,0.493817,0.490799,0.48577,0.47817,0.467336,0.452581,0.433314,0.409172,0.38015,0.346712,0.309835,0.270984,0.231983,0.194823,0.161413,0.133343,0.111684,0.0968824,0.0887527,0.0865683,0.0892185,0.0953956,0.103773,0.113145,0.122513,0.13112,0.138438,0.144131,0.148005,0.149962,0.149962,0.148005,0.144131,0.138438,0.13112,0.122513,0.113145,0.103773,0.0953956,0.0892185,0.0865683,0.0887527,0.0968824,0.111684,0.133343,0.161413,0.194823,0.231983,0.270984,0.309835,0.346712,0.38015,0.409172,0.433314,0.452581,0.467336,0.47817,0.48577,0.490799,0.493817,0.495223,0.495223
0.495738,0.495738,0.494466,0.491729,0.487154,0.480209,0.470256,0.456624,0.438709,0.4161,0.388705,0.356858,0.32138,0.283563,0.245074,0.207784,0.173548,0.143975,0.120229,0.102912,0.0920303,0.0870557,0.0870567,0.0908633,0.0972348,0.104999,0.113145,0.120872,0.127593,0.132906,0.136562,0.13842,0.13842,0.136562,0.132906,0.127593,0.120872,0.113145,0.104999,0.0972348,0.0908633,0.0870567,0.0870557,0.0920303,0.102912,0.120229,0.143975,0.173548,0.207784,0.245074,0.283563,0.32138,0.356858,0.388705,0.4161,0.438709,0.456624,0.470256,0.480209,0.487154,0.491729,0.494466,0.495738,0.495738
0.496272,0.496272,0.495142,0.492704,0.488612,0.482369,0.47337,0.460964,0.444542,0.423651,0.398113,0.36813,0.334355,0.297889,0.26022,0.223074,0.18822,0.157262,0.13144,0.111504,0.0976563,0.0895834,0.086556,0.0875703,0.0915008,0.0972348,0.103773,0.110286,0.116136,0.120864,0.124164,0.125856,0.125856,0.124164,0.120864,0.116136,0.110286,0.103773,0.0972348,0.0915008,0.0875703,0.086556,0.0895834,0.0976563,0.111504,0.13144,0.157262,0.18822,0.223074,0.26022,0.297889,0.334355,0.36813,0.398113,0.423651,0.444542,0.460964,0.47337,0.482369,0.488612,0.492704,0.495142,0.496272,0.496272
0.496804,0.496804,0.495818,0.493686,0.49009,0.484574,0.476571,0.465459,0.450632,0.431605,0.408121,0.380254,0.348484,0.313716,0.277235,0.240596,0.205455,0.173376,0.145651,0.123157,0.106284,0.0949374,0.0886061,0.0864773,0.0875703,0.0908633,0.0953956,0.100335,0.105009,0.108914,0.111697,0.11314,0.11314,0.111697,0.108914,0.105009,0.100335,0.0953956,0.0908633,0.0875703,0.0864773,0.0886061,0.0949374,0.106284,0.123157,0.145651,0.173376,0.205455,0.240596,0.277235,0.313716,0.348484,0.380254,0.408121,0.431605,0.450632,0.465459,0.476571,0.484574,0.49009,0.493686,0.495818,0.496804,0.496804
0.497316,0.497316,0.496472,0.494641,0.491539,0.486751,0.479757,0.469968,0.456795,0.439732,0.418456,0.392922,0.363442,0.330722,0.295835,0.260142,0.225154,0.192364,0.163076,0.138265,0.11849,0.103867,0.0941065,0.0886061,0.086556,0.0870567,0.0892185,0.092235,0.0954275,0.098264,0.10036,0.101467,0.101467,0.10036,0.098264,0.0954275,0.092235,0.0892185,0.0870567,0.086556,0.0886061,0.0941065,0.103867,0.11849,0.138265,0.163076,0.192364,0.225154,0.260142,0.295835,0.330722,0.363442,0.392922,0.418456,0.439732,0.456795,0.469968,0.479757,0.486751,0.491539,0.494641,0.496472,0.497316,0.497316
0.497792,0.497792,0.497084,0.495543,0.492917,0.488837,0.482833,0.474361,0.462856,0.447806,0.428837,0.405803,0.378861,0.348522,0.315645,0.281382,0.247072,0.214101,0.183748,0.157048,0.134693,0.116989,0.103867,0.0949374,0.0895834,0.0870557,0.0865683,0.0873738,0.0888161,0.0903613,0.0916102,0.0922997,0.0922997,0.0916102,0.0903613,0.0888161,0.0873738,0.0865683,0.0870557,0.0895834,0.0949374,0.103867,0.116989,0.134693,0.157048,0.183748,0.214101,0.247072,0.281382,0.315645,0.348522,0.378861,0.405803,0.428837,0.447806,0.462856,0.474361,0.482833,0.488837,0.492917,0.495543,0.497084,0.497792,0.497792
0.498223,0.498223,0.497641,0.496368,0.494188,0.490779,0.485722,0.478523,0.468655,0.455613,0.438992,0.418562,0.394348,0.366679,0.336205,0.303864,0.270804,0.238273,0.207483,0.179485,0.155067,0.134693,0.11849,0.106284,0.0976563,0.0920303,0.0887527,0.0871672,0.0866722,0.0867596,0.0870379,0.0872433,0.0872433,0.0870379,0.0867596,0.0866722,0.0871672,0.0887527,0.0920303,0.0976563,0.106284,0.11849,0.134693,0.155067,0.179485,0.207483,0.238273,0.270804,0.303864,0.336205,0.366679,0.394348,0.418562,0.438992,0.455613,0.468655,0.478523,0.485722,0.490779,0.494188,0.496368,0.497641,0.498223,0.498223
0.4986,0.4986,0.498131,0.497102,0.49533,0.492537,0.48836,0.482361,0.474056,0.462965,0.448668,0.430877,0.409506,0.384728,0.356995,0.327036,0.295799,0.264369,0.233855,0.205282,0.179485,0.157048,0.138265,0.123157,0.111504,0.102912,0.0968824,0.0928765,0.0903765,0.088928,0.0881701,0.0878543,0.0878543,0.0881701,0.088928,0.0903765,0.0928765,0.0968824,0.102912,0.111504,0.123157,0.138265,0.157048,0.179485,0.205282,0.233855,0.264369,0.295799,0.327036,0.356995,0.384728,0.409506,0.430877,0.448668,0.462965,0.474056,0.482361,0.48836,0.492537,0.49533,0.497102,0.498131,0.4986,0.4986
0.498922,0.498922,0.498552,0.497738,0.496326,0.494086,0.490706,0.485807,0.478956,0.469709,0.45765,0.442458,0.423963,0.402206,0.377468,0.35028,0.321391,0.291708,0.262211,0.233855,0.207483,0.183748,0.163076,0.145651,0.13144,0.120229,0.111684,0.105404,0.100976,0.098025,0.0962401,0.0954037,0.0954037,0.0962401,0.098025,0.100976,0.105404,0.111684,0.120229,0.13144,0.145651,0.163076,0.183748,0.207483,0.233855,0.262211,0.291708,0.321391,0.35028,0.377468,0.402206,0.423963,0.442458,0.45765,0.469709,0.478956,0.485807,0.490706,0.494086,0.496326,0.497738,0.498552,0.498922,0.498922
0.499188,0.499188,0.498903,0.498272,0.497173,0.495413,0.492737,0.488819,0.483286,0.475735,0.465774,0.453067,0.437392,0.418687,0.39709,0.372956,0.346845,0.319486,0.291708,0.264369,0.238273,0.214101,0.192364,0.173376,0.157262,0.143975,0.133343,0.12511,0.118984,0.114682,0.111961,0.110646,0.110646,0.111961,0.114682,0.118984,0.12511,0.133343,0.143975,0.157262,0.173376,0.192364,0.214101,0.238273,0.264369,0.291708,0.319486,0.346845,0.372956,0.39709,0.418687,0.437392,0.453067,0.465774,0.475735,0.483286,0.488819,0.492737,0.495413,0.497173,0.498272,0.498903,0.499188,0.499188
0.499403,0.499403,0.499188,0.49871,0.497873,0.496522,0.494448,0.491384,0.487011,0.480978,0.472927,0.462531,0.449536,0.433811,0.415382,0.394456,0.371425,0.346845,0.321391,0.295799,0.270804,0.247072,0.225154,0.205455,0.18822,0.173548,0.161413,0.151699,0.144237,0.138844,0.135355,0.133644,0.133644,0.135355,0.138844,0.144237,0.151699,0.161413,0.173548,0.18822,0.205455,0.225154,0.247072,0.270804,0.295799,0.321391,0.346845,0.371425,0.394456,0.415382,0.433811,0.449536,0.462531,0.472927,0.480978,0.487011,0.491384,0.494448,0.496522,0.497873,0.49871,0.499188,0.499403,0.499403
0.499571,0.499571,0.499413,0.49906,0.498436,0.497422,0.495852,0.493509,0.490131,0.48542,0.47906,0.470747,0.460221,0.447309,0.431957,0.414256,0.394456,0.372956,0.35028,0.327036,0.303864,0.281382,0.260142,0.240596,0.223074,0.207784,0.194823,0.184199,0.175859,0.169718,0.165686,0.16369,0.16369,0.165686,0.169718,0.175859,0.184199,0.194823,0.207784,0.223074,0.240596,0.260142,0.281382,0.303864,0.327036,0.35028,0.372956,0.394456,0.414256,0.431957,0.447309,0.460221,0.470747,0.47906,0.48542,0.490131,0.493509,0.495852,0.497422,0.498436,0.49906,0.499413,0.499571,0.499571
0.499699,0.499699,0.499585,0.49933,0.498877,0.498134,0.496972,0.495223,0.492674,0.489081,0.484175,0.477685,0.469364,0.45902,0.446549,0.431957,0.415382,0.39709,0.377468,0.356995,0.336205,0.315645,0.295835,0.277235,0.26022,0.245074,0.231983,0.221057,0.21234,0.205833,0.201516,0.199366,0.199366,0.201516,0.205833,0.21234,0.221057,0.231983,0.245074,0.26022,0.277235,0.295835,0.315645,0.336205,0.356995,0.377468,0.39709,0.415382,0.431957,0.446549,0.45902,0.469364,0.477685,0.484175,0.489081,0.492674,0.495223,0.496972,0.498134,0.498877,0.49933,0.499585,0.499699,0.499699
0.499794,0.499794,0.499714,0.499535,0.499213,0.498681,0.497843,0.496568,0.494691,0.492017,0.488324,0.483382,0.476967,0.46889,0.45902,0.447309,0.433811,0.418687,0.402206,0.384728,0.366679,0.348522,0.330722,0.313716,0.297889,0.283563,0.270984,0.260331,0.251722,0.245227,0.240884,0.23871,0.23871,0.240884,0.245227,0.251722,0.260331,0.270984,0.283563,0.297889,0.313716,0.330722,0.348522,0.366679,0.384728,0.402206,0.418687,0.433811,0.447309,0.45902,0.46889,0.476967,0.483382,0.488324,0.492017,0.494691,0.496568,0.497843,0.498681,0.499213,0.499535,0.499714,0.499794,0.499794
0.499862,0.499862,0.499808,0.499684,0.499462,0.499091,0.4985,0.497594,0.496246,0.494306,0.491596,0.487928,0.48311,0.476967,0.469364,0.460221,0.449536,0.437392,0.423963,0.409506,0.394348,0.378861,0.363442,0.348484,0.334355,0.32138,0.309835,0.299939,0.291856,0.285706,0.281567,0.279487,0.279487,0.281567,0.285706,0.291856,0.299939,0.309835,0.32138,0.334355,0.348484,0.363442,0.378861,0.394348,0.409506,0.423963,0.437392,0.449536,0.460221,0.469364,0.476967,0.48311,0.487928,0.491596,0.494306,0.496246,0.497594,0.4985,0.499091,0.499462,0.499684,0.499808,0.499862,0.499862
0.499911,0.499911,0.499874,0.499791,0.499641,0.499389,0.498984,0.498355,0.497412,0.49604,0.494103,0.491452,0.487928,0.483382,0.477685,0.470747,0.462531,0.453067,0.442458,0.430877,0.418562,0.405803,0.392922,0.380254,0.36813,0.356858,0.346712,0.337923,0.330682,0.325131,0.321376,0.319483,0.319483,0.321376,0.325131,0.330682,0.337923,0.346712,0.356858,0.36813,0.380254,0.392922,0.405803,0.418562,0.430877,0.442458,0.453067,0.462531,0.470747,0.477685,0.483382,0.487928,0.491452,0.494103,0.49604,0.497412,0.498355,0.498984,0.499389,0.499641,0.499791,0.499874,0.499911,0.499911
0.499943,0.499943,0.49992,0.499866,0.499767,0.4996,0.499329,0.498905,0.498262,0.497317,0.495969,0.494103,0.491596,0.488324,0.484175,0.47906,0.472927,0.465774,0.45765,0.448668,0.438992,0.428837,0.418456,0.408121,0.398113,0.388705,0.38015,0.372674,0.366466,0.361678,0.358424,0.356779,0.356779,0.358424,0.361678,0.366466,0.372674,0.38015,0.388705,0.398113,0.408121,0.418456,0.428837,0.438992,0.448668,0.45765,0.465774,0.472927,0.47906,0.484175,0.488324,0.491596,0.494103,0.495969,0.497317,0.498262,0.498905,0.499329,0.4996,0.499767,0.499866,0.49992,0.499943,0.499943
0.499965,0.499965,0.49995,0.499916,0.499852,0.499744,0.499568,0.499289,0.498863,0.498229,0.497317,0.49604,0.494306,0.492017,0.489081,0.48542,0.480978,0.475735,0.469709,0.462965,0.455613,0.447806,0.439732,0.431605,0.423651,0.4161,0.409172,0.403069,0.397967,0.394011,0.391312,0.389944,0.389944,0.391312,0.394011,0.397967,0.403069,0.409172,0.4161,0.423651,0.431605,0.439732,0.447806,0.455613,0.462965,0.469709,0.475735,0.480978,0.48542,0.489081,0.492017,0.494306,0.49604,0.497317,0.498229,0.498863,0.499289,0.499568,0.499744,0.499852,0.499916,0.49995,0.499965,0.499965
0.499979,0.499979,0.49997,0.499948,0.499909,0.499841,0.499729,0.499551,0.499276,0.498863,0.498262,0.497412,0.496246,0.494691,0.492674,0.490131,0.487011,0.483286,0.478956,0.474056,0.468655,0.462856,0.456795,0.450632,0.444542,0.438709,0.433314,0.428528,0.424503,0.421367,0.419219,0.418128,0.418128,0.419219,0.421367,0.424503,0.428528,0.433314,0.438709,0.444542,0.450632,0.456795,0.462856,0.468655,0.474056,0.478956,0.483286,0.487011,0.490131,0.492674,0.494691,0.496246,0.497412,0.498262,0.498863,0.499276,0.499551,0.499729,0.499841,0.499909,0.499948,0.49997,0.499979,0.499979
0.499988,0.499988,0.499982,0.499969,0.499945,0.499904,0.499835,0.499724,0.499551,0.499289,0.498905,0.498355,0.497594,0.496568,0.495223,0.493509,0.491384,0.488819,0.485807,0.482361,0.478523,0.474361,0.469968,0.465459,0.460964,0.456624,0.452581,0.448971,0.445918,0.443529,0.441888,0.441053,0.441053,0.441888,0.443529,0.445918,0.448971,0.452581,0.456624,0.460964,0.465459,0.469968,0.474361,0.478523,0.482361,0.485807,0.488819,0.491384,0.493509,0.495223,0.496568,0.497594,0.498355,0.498905,0.499289,0.499551,0.499724,0.499835,0.499904,0.499945,0.499969,0.499982,0.499988,0.499988
0.499993,0.499993,0.49999,0.499982,0.499968,0.499943,0.499902,0.499835,0.499729,0.499568,0.499329,0.498984,0.4985,0.497843,0.496972,0.495852,0.494448,0.492737,0.490706,0.48836,0.485722,0.482833,0.479757,0.476571,0.47337,0.470256,0.467336,0.464713,0.462484,0.460733,0.459526,0.458911,0.458911,0.459526,0.460733,0.462484,0.464713,0.467336,0.470256,0.47337,0.476571,0.479757,0.482833,0.485722,0.48836,0.490706,0.492737,0.494448,0.495852,0.496972,0.497843,0.4985,0.498984,0.499329,0.499568,0.499729,0.499835,0.499902,0.499943,0.499968,0.499982,0.49999,0.499993,0.499993
0.499996,0.499996,0.499994,0.49999,0.499982,0.499968,0.499943,0.499904,0.499841,0.499744,0.4996,0.499389,0.499091,0.498681,0.498134,0.497422,0.496522,0.495413,0.494086,0.492537,0.490779,0.488837,0.486751,0.484574,0.482369,0.480209,0.47817,0.47633,0.474758,0.473519,0.472663,0.472226,0.472226,0.472663,0.473519,0.474758,0.47633,0.47817,0.480209,0.482369,0.484574,0.486751,0.488837,0.490779,0.492537,0.494086,0.495413,0.496522,0.497422,0.498134,0.498681,0.499091,0.499389,0.4996,0.499744,0.499841,0.499904,0.499943,0.499968,0.499982,0.49999,0.499994,0.499996,0.499996
0.499998,0.499998,0.499997,0.499994,0.49999,0.499982,0.499968,0.499945,0.499909,0.499852,0.499767,0.499641,0.499462,0.499213,0.498877,0.498436,0.497873,0.497173,0.496326,0.49533,0.494188,0.492917,0.491539,0.49009,0.488612,0.487154,0.48577,0.484513,0.483436,0.482584,0.481994,0.481692,0.481692,0.481994,0.482584,0.483436,0.484513,0.48577,0.487154,0.488612,0.49009,0.491539,0.492917,0.494188,0.49533,0.496326,0.497173,0.497873,0.498436,0.498877,0.499213,0.499462,0.499641,0.499767,0.499852,0.499909,0.499945,0.499968,0.499982,0.49999,0.499994,0.499997,0.499998,0.499998
0.499999,0.499999,0.499998,0.499997,0.499994,0.49999,0.499982,0.499969,0.499948,0.499916,0.499866,0.499791,0.499684,0.499535,0.49933,0.49906,0.49871,0.498272,0.497738,0.497102,0.496368,0.495543,0.494641,0.493686,0.492704,0.491729,0.490799,0.48995,0.489218,0.488638,0.488235,0.488029,0.488029,0.488235,0.488638,0.489218,0.48995,0.490799,0.491729,0.492704,0.493686,0.494641,0.495543,0.496368,0.497102,0.497738,0.498272,0.49871,0.49906,0.49933,0.499535,0.499684,0.499791,0.499866,0.499916,0.499948,0.499969,0.499982,0.49999,0.499994,0.499997,0.499998,0.499999,0.499999
0.499999,0.499999,0.499999,0.499998,0.499997,0.499994,0.49999,0.499982,0.49997,0.49995,0.49992,0.499874,0.499808,0.499714,0.499585,0.499413,0.499188,0.498903,0.498552,0.498131,0.497641,0.497084,0.496472,0.495818,0.495142,0.494466,0.493817,0.493222,0.492707,0.492298,0.492013,0.491866,0.491866,0.492013,0.492298,0.492707,0.493222,0.493817,0.494466,0.495142,0.495818,0.496472,0.497084,0.497641,0.498131,0.498552,0.498903,0.499188,0.499413,0.499585,0.499714,0.499808,0.499874,0.49992,0.49995,0.49997,0.499982,0.49999,0.499994,0.499997,0.499998,0.499999,0.499999,0.499999
0.5,0.5,0.499999,0.499999,0.499998,0.499996,0.499993,0.499988,0.499979,0.499965,0.499943,0.499911,0.499862,0.499794,0.499699,0.499571,0.499403,0.499188,0.498922,0.4986,0.498223,0.497792,0.497316,0.496804,0.496272,0.495738,0.495223,0.494749,0.494338,0.49401,0.493782,0.493665,0.493665,0.493782,0.49401,0.494338,0.494749,0.495223,0.495738,0.496272,0.496804,0.497316,0.497792,0.498223,0.4986,0.498922,0.499188,0.499403,0.499571,0.499699,0.499794,0.499862,0.499911,0.499943,0.499965,0.499979,0.499988,0.499993,0.499996,0.499998,0.499999,0.499999,0.5,0.5
0.5,0.5,0.499999,0.499999,0.499998,0.499996,0.499993,0.499988,0.499979,0.499965,0.499943,0.499911,0.499862,0.499794,0.499699,0.499571,0.499403,0.499188,0.498922,0.4986,0.498223,0.497792,0.497316,0.496804,0.496272,0.495738,0.495223,0.494749,0.494338,0.49401,0.493782,0.493665,0.493665,0.493782,0.49401,0.494338,0.494749,0.495223,0.495738,0.496272,0.496804,0.497316,0.497792,0.498223,0.4986,0.498922,0.499188,0.499403,0.499571,0.499699,0.499794,0.499862,0.499911,0.499943,0.499965,0.499979,0.499988,0.499993,0.499996,0.499998,0.499999,0.499999,0.5,0.5
