0.499999,0.499999,0.499998,0.499997,0.499994,0.499989,0.499981,0.499968,0.499946,0.499913,0.499863,0.499789,0.499683,0.499535,0.499335,0.499072,0.498733,0.49831,0.497796,0.497186,0.496482,0.495693,0.494832,0.49392,0.492984,0.492055,0.491167,0.490358,0.489661,0.489108,0.488724,0.488527,0.488527,0.488724,0.489108,0.489661,0.490358,0.491167,0.492055,0.492984,0.49392,0.494832,0.495693,0.496482,0.497186,0.497796,0.49831,0.498733,0.499072,0.499335,0.499535,0.499683,0.499789,0.499863,0.499913,0.499946,0.499968,0.499981,0.499989,0.499994,0.499997,0.499998,0.499999,0.499999
0.499999,0.499999,0.499998,0.499997,0.499994,0.499989,0.499981,0.499968,0.499946,0.499913,0.499863,0.499789,0.499683,0.499535,0.499335,0.499072,0.498733,0.49831,0.497796,0.497186,0.496482,0.495693,0.494832,0.49392,0.492984,0.492055,0.491167,0.490358,0.489661,0.489108,0.488724,0.488527,0.488527,0.488724,0.489108,0.489661,0.490358,0.491167,0.492055,0.492984,0.49392,0.494832,0.495693,0.496482,0.497186,0.497796,0.49831,0.498733,0.499072,0.499335,0.499535,0.499683,0.499789,0.499863,0.499913,0.499946,0.499968,0.499981,0.499989,0.499994,0.499997,0.499998,0.499999,0.499999
0.499998,0.499998,0.499997,0.499995,0.499991,0.499985,0.499973,0.499955,0.499925,0.49988,0.499812,0.499712,0.499571,0.499376,0.499115,0.498772,0.498336,0.497794,0.49714,0.496371,0.495489,0.494506,0.493441,0.492318,0.491172,0.490039,0.488963,0.487984,0.487143,0.486478,0.486016,0.48578,0.48578,0.486016,0.486478,0.487143,0.487984,0.488963,0.490039,0.491172,0.492318,0.493441,0.494506,0.495489,0.496371,0.49714,0.497794,0.498336,0.498772,0.499115,0.499376,0.499571,0.499712,0.499812,0.49988,0.499925,0.499955,0.499973,0.499985,0.499991,0.499995,0.499997,0.499998,0.499998
0.499997,0.499997,0.499995,0.499992,0.499985,0.499974,0.499955,0.499925,0.499878,0.499805,0.499697,0.499542,0.499324,0.499026,0.498629,0.498116,0.497469,0.496674,0.495724,0.494617,0.493361,0.491973,0.490481,0.488922,0.487342,0.485791,0.484325,0.483,0.481867,0.480972,0.480354,0.480038,0.480038,0.480354,0.480972,0.481867,0.483,0.484325,0.485791,0.487342,0.488922,0.490481,0.491973,0.493361,0.494617,0.495724,0.496674,0.497469,0.498116,0.498629,0.499026,0.499324,0.499542,0.499697,0.499805,0.499878,0.499925,0.499955,0.499974,0.499985,0.499992,0.499995,0.499997,0.499997
0.499994,0.499994,0.499991,0.499985,0.499974,0.499955,0.499923,0.499872,0.499792,0.499671,0.499494,0.499241,0.49889,0.498414,0.497789,0.496989,0.49599,0.494776,0.49334,0.491683,0.489822,0.487785,0.485615,0.483366,0.481104,0.478902,0.476833,0.474972,0.473389,0.472143,0.471285,0.470847,0.470847,0.471285,0.472143,0.473389,0.474972,0.476833,0.478902,0.481104,0.483366,0.485615,0.487785,0.489822,0.491683,0.49334,0.494776,0.49599,0.496989,0.497789,0.498414,0.49889,0.499241,0.499494,0.499671,0.499792,0.499872,0.499923,0.499955,0.499974,0.499985,0.499991,0.499994,0.499994
0.499989,0.499989,0.499985,0.499974,0.499955,0.499922,0.499867,0.499781,0.499648,0.49945,0.499161,0.498752,0.49819,0.497438,0.496458,0.495217,0.493686,0.491844,0.489686,0.487222,0.484481,0.48151,0.478373,0.475152,0.471937,0.468829,0.465929,0.463335,0.461139,0.459419,0.458236,0.457633,0.457633,0.458236,0.459419,0.461139,0.463335,0.465929,0.468829,0.471937,0.475152,0.478373,0.48151,0.484481,0.487222,0.489686,0.491844,0.493686,0.495217,0.496458,0.497438,0.49819,0.498752,0.499161,0.49945,0.499648,0.499781,0.499867,0.499922,0.499955,0.499974,0.499985,0.499989,0.499989
0.499981,0.499981,0.499973,0.499955,0.499923,0.499867,0.499777,0.499636,0.49942,0.499099,0.498638,0.497992,0.497113,0.49595,0.494451,0.492571,0.490276,0.487545,0.484379,0.480802,0.476863,0.472634,0.468212,0.46371,0.459256,0.454982,0.451022,0.447502,0.444537,0.442223,0.440636,0.43983,0.43983,0.440636,0.442223,0.444537,0.447502,0.451022,0.454982,0.459256,0.46371,0.468212,0.472634,0.476863,0.480802,0.484379,0.487545,0.490276,0.492571,0.494451,0.49595,0.497113,0.497992,0.498638,0.499099,0.49942,0.499636,0.499777,0.499867,0.499923,0.499955,0.499973,0.499981,0.499981
0.499968,0.499968,0.499955,0.499925,0.499872,0.499781,0.499636,0.499409,0.499066,0.498563,0.497847,0.496854,0.495517,0.493766,0.491535,0.488768,0.485426,0.481494,0.476985,0.471945,0.466454,0.460621,0.454582,0.448493,0.442521,0.436838,0.431611,0.426995,0.423128,0.420123,0.41807,0.417028,0.417028,0.41807,0.420123,0.423128,0.426995,0.431611,0.436838,0.442521,0.448493,0.454582,0.460621,0.466454,0.471945,0.476985,0.481494,0.485426,0.488768,0.491535,0.493766,0.495517,0.496854,0.497847,0.498563,0.499066,0.499409,0.499636,0.499781,0.499872,0.499925,0.499955,0.499968,0.499968
0.499946,0.499946,0.499925,0.499878,0.499792,0.499648,0.49942,0.499066,0.498538,0.49777,0.496687,0.495203,0.493227,0.490667,0.487442,0.483488,0.478767,0.473277,0.467055,0.46018,0.452775,0.444995,0.437026,0.429074,0.42135,0.414066,0.407421,0.401594,0.396741,0.392989,0.390434,0.38914,0.38914,0.390434,0.392989,0.396741,0.401594,0.407421,0.414066,0.42135,0.429074,0.437026,0.444995,0.452775,0.46018,0.467055,0.473277,0.478767,0.483488,0.487442,0.490667,0.493227,0.495203,0.496687,0.49777,0.498538,0.499066,0.49942,0.499648,0.499792,0.499878,0.499925,0.499946,0.499946
0.499913,0.499913,0.49988,0.499805,0.499671,0.49945,0.499099,0.498563,0.49777,0.496629,0.495038,0.492882,0.490042,0.486406,0.48188,0.476397,0.46993,0.462501,0.454185,0.44511,0.435453,0.42543,0.415283,0.40527,0.395648,0.386664,0.37854,0.371474,0.365629,0.361134,0.358085,0.356545,0.356545,0.358085,0.361134,0.365629,0.371474,0.37854,0.386664,0.395648,0.40527,0.415283,0.42543,0.435453,0.44511,0.454185,0.462501,0.46993,0.476397,0.48188,0.486406,0.490042,0.492882,0.495038,0.496629,0.49777,0.498563,0.499099,0.49945,0.499671,0.499805,0.49988,0.499913,0.499913
0.499863,0.499863,0.499812,0.499697,0.499494,0.499161,0.498638,0.497847,0.496687,0.495038,0.492763,0.489714,0.485747,0.480729,0.474559,0.467178,0.458584,0.448841,0.438078,0.426487,0.414315,0.401846,0.389384,0.377239,0.365705,0.355055,0.345522,0.337304,0.330558,0.325402,0.321921,0.320167,0.320167,0.321921,0.325402,0.330558,0.337304,0.345522,0.355055,0.365705,0.377239,0.389384,0.401846,0.414315,0.426487,0.438078,0.448841,0.458584,0.467178,0.474559,0.480729,0.485747,0.489714,0.492763,0.495038,0.496687,0.497847,0.498638,0.499161,0.499494,0.499697,0.499812,0.499863,0.499863
0.499789,0.499789,0.499712,0.499542,0.499241,0.498752,0.497992,0.496854,0.495203,0.492882,0.489714,0.485521,0.480129,0.473396,0.465222,0.455573,0.444492,0.432102,0.418608,0.404284,0.389456,0.374483,0.359729,0.345548,0.332259,0.320141,0.309419,0.300272,0.29283,0.287182,0.283389,0.281485,0.281485,0.283389,0.287182,0.29283,0.300272,0.309419,0.320141,0.332259,0.345548,0.359729,0.374483,0.389456,0.404284,0.418608,0.432102,0.444492,0.455573,0.465222,0.473396,0.480129,0.485521,0.489714,0.492882,0.495203,0.496854,0.497992,0.498752,0.499241,0.499542,0.499712,0.499789,0.499789
0.499683,0.499683,0.499571,0.499324,0.49889,0.49819,0.497113,0.495517,0.493227,0.490042,0.485747,0.480129,0.472997,0.464205,0.453677,0.441422,0.42755,0.412268,0.395877,0.378745,0.361288,0.343937,0.32711,0.311186,0.296488,0.283277,0.271746,0.262026,0.254202,0.248315,0.244387,0.242422,0.242422,0.244387,0.248315,0.254202,0.262026,0.271746,0.283277,0.296488,0.311186,0.32711,0.343937,0.361288,0.378745,0.395877,0.412268,0.42755,0.441422,0.453677,0.464205,0.472997,0.480129,0.485747,0.490042,0.493227,0.495517,0.497113,0.49819,0.49889,0.499324,0.499571,0.499683,0.499683
0.499535,0.499535,0.499376,0.499026,0.498414,0.497438,0.49595,0.493766,0.490667,0.486406,0.480729,0.473396,0.464205,0.45303,0.439835,0.424701,0.407831,0.38954,0.370241,0.350409,0.330549,0.311155,0.292679,0.275504,0.259928,0.246163,0.23434,0.22452,0.216715,0.210907,0.207061,0.205147,0.205147,0.207061,0.210907,0.216715,0.22452,0.23434,0.246163,0.259928,0.275504,0.292679,0.311155,0.330549,0.350409,0.370241,0.38954,0.407831,0.424701,0.439835,0.45303,0.464205,0.473396,0.480729,0.486406,0.490667,0.493766,0.49595,0.497438,0.498414,0.499026,0.499376,0.499535,0.499535
0.499335,0.499335,0.499115,0.498629,0.497789,0.496458,0.494451,0.491535,0.487442,0.48188,0.474559,0.465222,0.453677,0.439835,0.423732,0.405548,0.385604,0.364348,0.342315,0.320091,0.29826,0.277362,0.257856,0.240095,0.224319,0.210662,0.199161,0.189783,0.182452,0.177071,0.173545,0.171802,0.171802,0.173545,0.177071,0.182452,0.189783,0.199161,0.210662,0.224319,0.240095,0.257856,0.277362,0.29826,0.320091,0.342315,0.364348,0.385604,0.405548,0.423732,0.439835,0.453677,0.465222,0.474559,0.48188,0.487442,0.491535,0.494451,0.496458,0.497789,0.498629,0.499115,0.499335,0.499335
0.499072,0.499072,0.498772,0.498116,0.496989,0.495217,0.492571,0.488768,0.483488,0.476397,0.467178,0.455573,0.441422,0.424701,0.405548,0.38427,0.361335,0.337332,0.312931,0.288818,0.265637,0.243947,0.224176,0.206615,0.191408,0.178578,0.168046,0.159667,0.153263,0.148652,0.145676,0.144218,0.144218,0.145676,0.148652,0.153263,0.159667,0.168046,0.178578,0.191408,0.206615,0.224176,0.243947,0.265637,0.288818,0.312931,0.337332,0.361335,0.38427,0.405548,0.424701,0.441422,0.455573,0.467178,0.476397,0.483488,0.488768,0.492571,0.495217,0.496989,0.498116,0.498772,0.499072,0.499072
0.498733,0.498733,0.498336,0.497469,0.49599,0.493686,0.490276,0.485426,0.478767,0.46993,0.458584,0.444492,0.42755,0.407831,0.385604,0.361335,0.335651,0.309298,0.28307,0.257734,0.23397,0.212312,0.193124,0.176591,0.162732,0.151431,0.142476,0.1356,0.130521,0.126975,0.124741,0.123665,0.123665,0.124741,0.126975,0.130521,0.1356,0.142476,0.151431,0.162732,0.176591,0.193124,0.212312,0.23397,0.257734,0.28307,0.309298,0.335651,0.361335,0.385604,0.407831,0.42755,0.444492,0.458584,0.46993,0.478767,0.485426,0.490276,0.493686,0.49599,0.497469,0.498336,0.498733,0.498733
0.49831,0.49831,0.497794,0.496674,0.494776,0.491844,0.487545,0.481494,0.473277,0.462501,0.448841,0.432102,0.412268,0.38954,0.364348,0.337332,0.309298,0.281141,0.253763,0.227985,0.204479,0.183719,0.165958,0.151242,0.139436,0.130271,0.123394,0.118416,0.114961,0.112689,0.111332,0.110701,0.110701,0.111332,0.112689,0.114961,0.118416,0.123394,0.130271,0.139436,0.151242,0.165958,0.183719,0.204479,0.227985,0.253763,0.281141,0.309298,0.337332,0.364348,0.38954,0.412268,0.432102,0.448841,0.462501,0.473277,0.481494,0.487545,0.491844,0.494776,0.496674,0.497794,0.49831,0.49831
0.497796,0.497796,0.49714,0.495724,0.49334,0.489686,0.484379,0.476985,0.467055,0.454185,0.438078,0.418608,0.395877,0.370241,0.342315,0.312931,0.28307,0.253763,0.225992,0.200595,0.178192,0.159149,0.143575,0.131345,0.122154,0.115574,0.111114,0.108281,0.106614,0.105722,0.105301,0.105143,0.105143,0.105301,0.105722,0.106614,0.108281,0.111114,0.115574,0.122154,0.131345,0.143575,0.159149,0.178192,0.200595,0.225992,0.253763,0.28307,0.312931,0.342315,0.370241,0.395877,0.418608,0.438078,0.454185,0.467055,0.476985,0.484379,0.489686,0.49334,0.495724,0.49714,0.497796,0.497796
0.497186,0.497186,0.496371,0.494617,0.491683,0.487222,0.480802,0.471945,0.46018,0.44511,0.426487,0.404284,0.378745,0.350409,0.320091,0.288818,0.257734,0.227985,0.200595,0.176371,0.155839,0.139218,0.126436,0.117181,0.110972,0.107228,0.105339,0.104725,0.104871,0.105354,0.105853,0.106156,0.106156,0.105853,0.105354,0.104871,0.104725,0.105339,0.107228,0.110972,0.117181,0.126436,0.139218,0.155839,0.176371,0.200595,0.227985,0.257734,0.288818,0.320091,0.350409,0.378745,0.404284,0.426487,0.44511,0.46018,0.471945,0.480802,0.487222,0.491683,0.494617,0.496371,0.497186,0.497186
0.496482,0.496482,0.495489,0.493361,0.489822,0.484481,0.476863,0.466454,0.452775,0.435453,0.414315,0.389456,0.361288,0.330549,0.29826,0.265637,0.23397,0.204479,0.178192,0.155839,0.137809,0.124136,0.114551,0.108547,0.105472,0.10461,0.105259,0.10678,0.108631,0.110383,0.11172,0.112439,0.112439,0.11172,0.110383,0.108631,0.10678,0.105259,0.10461,0.105472,0.108547,0.114551,0.124136,0.137809,0.155839,0.178192,0.204479,0.23397,0.265637,0.29826,0.330549,0.361288,0.389456,0.414315,0.435453,0.452775,0.466454,0.476863,0.484481,0.489822,0.493361,0.495489,0.496482,0.496482
0.495693,0.495693,0.494506,0.491973,0.487785,0.48151,0.472634,0.460621,0.444995,0.42543,0.401846,0.374483,0.343937,0.311155,0.277362,0.243947,0.212312,0.183719,0.159149,0.139218,0.124136,0.113735,0.107534,0.10484,0.104845,0.106727,0.10972,0.113159,0.116504,0.119345,0.12139,0.122457,0.122457,0.12139,0.119345,0.116504,0.113159,0.10972,0.106727,0.104845,0.10484,0.107534,0.113735,0.124136,0.139218,0.159149,0.183719,0.212312,0.243947,0.277362,0.311155,0.343937,0.374483,0.401846,0.42543,0.444995,0.460621,0.472634,0.48151,0.487785,0.491973,0.494506,0.495693,0.495693
0.494832,0.494832,0.493441,0.490481,0.485615,0.478373,0.468212,0.454582,0.437026,0.415283,0.389384,0.359729,0.32711,0.292679,0.257856,0.224176,0.193124,0.165958,0.143575,0.126436,0.114551,0.107534,0.1047,0.10518,0.108041,0.112384,0.11741,0.122461,0.127026,0.130733,0.13333,0.134664,0.134664,0.13333,0.130733,0.127026,0.122461,0.11741,0.112384,0.108041,0.10518,0.1047,0.107534,0.114551,0.126436,0.143575,0.165958,0.193124,0.224176,0.257856,0.292679,0.32711,0.359729,0.389384,0.415283,0.437026,0.454582,0.468212,0.478373,0.485615,0.490481,0.493441,0.494832,0.494832
0.49392,0.49392,0.492318,0.488922,0.483366,0.475152,0.46371,0.448493,0.429074,0.40527,0.377239,0.345548,0.311186,0.275504,0.240095,0.206615,0.176591,0.151242,0.131345,0.117181,0.108547,0.10484,0.10518,0.108551,0.113922,0.12035,0.127036,0.133354,0.13884,0.143178,0.146165,0.147685,0.147685,0.146165,0.143178,0.13884,0.133354,0.127036,0.12035,0.113922,0.108551,0.10518,0.10484,0.108547,0.117181,0.131345,0.151242,0.176591,0.206615,0.240095,0.275504,0.311186,0.345548,0.377239,0.40527,0.429074,0.448493,0.46371,0.475152,0.483366,0.488922,0.492318,0.49392,0.49392
0.492984,0.492984,0.491172,0.487342,0.481104,0.471937,0.459256,0.442521,0.42135,0.395648,0.365705,0.332259,0.296488,0.259928,0.224319,0.191408,0.162732,0.139436,0.122154,0.110972,0.105472,0.104845,0.108041,0.113922,0.121392,0.129493,0.137452,0.144692,0.150815,0.155565,0.158795,0.160425,0.160425,0.158795,0.155565,0.150815,0.144692,0.137452,0.129493,0.121392,0.113922,0.108041,0.104845,0.105472,0.110972,0.122154,0.139436,0.162732,0.191408,0.224319,0.259928,0.296488,0.332259,0.365705,0.395648,0.42135,0.442521,0.459256,0.471937,0.481104,0.487342,0.491172,0.492984,0.492984
0.492055,0.492055,0.490039,0.485791,0.478902,0.468829,0.454982,0.436838,0.414066,0.386664,0.355055,0.320141,0.283277,0.246163,0.210662,0.178578,0.151431,0.130271,0.115574,0.107228,0.10461,0.106727,0.112384,0.12035,0.129493,0.138865,0.147735,0.155591,0.162102,0.167081,0.170432,0.172113,0.172113,0.170432,0.167081,0.162102,0.155591,0.147735,0.138865,0.129493,0.12035,0.112384,0.106727,0.10461,0.107228,0.115574,0.130271,0.151431,0.178578,0.210662,0.246163,0.283277,0.320141,0.355055,0.386664,0.414066,0.436838,0.454982,0.468829,0.478902,0.485791,0.490039,0.492055,0.492055
0.491167,0.491167,0.488963,0.484325,0.476833,0.465929,0.451022,0.431611,0.407421,0.37854,0.345522,0.309419,0.271746,0.23434,0.199161,0.168046,0.142476,0.123394,0.111114,0.105339,0.105259,0.10972,0.11741,0.127036,0.137452,0.147735,0.15721,0.165431,0.172139,0.177207,0.180589,0.182278,0.182278,0.180589,0.177207,0.172139,0.165431,0.15721,0.147735,0.137452,0.127036,0.11741,0.10972,0.105259,0.105339,0.111114,0.123394,0.142476,0.168046,0.199161,0.23434,0.271746,0.309419,0.345522,0.37854,0.407421,0.431611,0.451022,0.465929,0.476833,0.484325,0.488963,0.491167,0.491167
0.490358,0.490358,0.487984,0.483,0.474972,0.463335,0.447502,0.426995,0.401594,0.371474,0.337304,0.300272,0.262026,0.22452,0.189783,0.159667,0.1356,0.118416,0.108281,0.104725,0.10678,0.113159,0.122461,0.133354,0.144692,0.155591,0.165431,0.173834,0.180604,0.185668,0.189023,0.190691,0.190691,0.189023,0.185668,0.180604,0.173834,0.165431,0.155591,0.144692,0.133354,0.122461,0.113159,0.10678,0.104725,0.108281,0.118416,0.1356,0.159667,0.189783,0.22452,0.262026,0.300272,0.337304,0.371474,0.401594,0.426995,0.447502,0.463335,0.474972,0.483,0.487984,0.490358,0.490358
0.489661,0.489661,0.487143,0.481867,0.473389,0.461139,0.444537,0.423128,0.396741,0.365629,0.330558,0.29283,0.254202,0.216715,0.182452,0.153263,0.130521,0.114961,0.106614,0.104871,0.108631,0.116504,0.127026,0.13884,0.150815,0.162102,0.172139,0.180604,0.187354,0.192363,0.195663,0.197299,0.197299,0.195663,0.192363,0.187354,0.180604,0.172139,0.162102,0.150815,0.13884,0.127026,0.116504,0.108631,0.104871,0.106614,0.114961,0.130521,0.153263,0.182452,0.216715,0.254202,0.29283,0.330558,0.365629,0.396741,0.423128,0.444537,0.461139,0.473389,0.481867,0.487143,0.489661,0.489661
0.489108,0.489108,0.486478,0.480972,0.472143,0.459419,0.442223,0.420123,0.392989,0.361134,0.325402,0.287182,0.248315,0.210907,0.177071,0.148652,0.126975,0.112689,0.105722,0.105354,0.110383,0.119345,0.130733,0.143178,0.155565,0.167081,0.177207,0.185668,0.192363,0.197302,0.200542,0.202143,0.202143,0.200542,0.197302,0.192363,0.185668,0.177207,0.167081,0.155565,0.143178,0.130733,0.119345,0.110383,0.105354,0.105722,0.112689,0.126975,0.148652,0.177071,0.210907,0.248315,0.287182,0.325402,0.361134,0.392989,0.420123,0.442223,0.459419,0.472143,0.480972,0.486478,0.489108,0.489108
0.488724,0.488724,0.486016,0.480354,0.471285,0.458236,0.440636,0.41807,0.390434,0.358085,0.321921,0.283389,0.244387,0.207061,0.173545,0.145676,0.124741,0.111332,0.105301,0.105853,0.11172,0.12139,0.13333,0.146165,0.158795,0.170432,0.180589,0.189023,0.195663,0.200542,0.203732,0.205305,0.205305,0.203732,0.200542,0.195663,0.189023,0.180589,0.170432,0.158795,0.146165,0.13333,0.12139,0.11172,0.105853,0.105301,0.111332,0.124741,0.145676,0.173545,0.207061,0.244387,0.283389,0.321921,0.358085,0.390434,0.41807,0.440636,0.458236,0.471285,0.480354,0.486016,0.488724,0.488724
0.488527,0.488527,0.48578,0.480038,0.470847,0.457633,0.43983,0.417028,0.38914,0.356545,0.320167,0.281485,0.242422,0.205147,0.171802,0.144218,0.123665,0.110701,0.105143,0.106156,0.112439,0.122457,0.134664,0.147685,0.160425,0.172113,0.182278,0.190691,0.197299,0.202143,0.205305,0.206864,0.206864,0.205305,0.202143,0.197299,0.190691,0.182278,0.172113,0.160425,0.147685,0.134664,0.122457,0.112439,0.106156,0.105143,0.110701,0.123665,0.144218,0.171802,0.205147,0.242422,0.281485,0.320167,0.356545,0.38914,0.417028,0.43983,0.457633,0.470847,0.480038,0.48578,0.488527,0.488527
0.488527,0.488527,0.48578,0.480038,0.470847,0.457633,0.43983,0.417028,0.38914,0.356545,0.320167,0.281485,0.242422,0.205147,0.171802,0.144218,0.123665,0.110701,0.105143,0.106156,0.112439,0.122457,0.134664,0.147685,0.160425,0.172113,0.182278,0.190691,0.197299,0.202143,0.205305,0.206864,0.206864,0.205305,0.202143,0.197299,0.190691,0.182278,0.172113,0.160425,0.147685,0.134664,0.122457,0.112439,0.106156,0.105143,0.110701,0.123665,0.144218,0.171802,0.205147,0.242422,0.281485,0.320167,0.356545,0.38914,0.417028,0.43983,0.457633,0.470847,0.480038,0.48578,0.488527,0.488527
0.488724,0.488724,0.486016,0.480354,0.471285,0.458236,0.440636,0.41807,0.390434,0.358085,0.321921,0.283389,0.244387,0.207061,0.173545,0.145676,0.124741,0.111332,0.105301,0.105853,0.11172,0.12139,0.13333,0.146165,0.158795,0.170432,0.180589,0.189023,0.195663,0.200542,0.203732,0.205305,0.205305,0.203732,0.200542,0.195663,0.189023,0.180589,0.170432,0.158795,0.146165,0.13333,0.12139,0.11172,0.105853,0.105301,0.111332,0.124741,0.145676,0.173545,0.207061,0.244387,0.283389,0.321921,0.358085,0.390434,0.41807,0.440636,0.458236,0.471285,0.480354,0.486016,0.488724,0.488724
0.489108,0.489108,0.486478,0.480972,0.472143,0.459419,0.442223,0.420123,0.392989,0.361134,0.325402,0.287182,0.248315,0.210907,0.177071,0.148652,0.126975,0.112689,0.105722,0.105354,0.110383,0.119345,0.130733,0.143178,0.155565,0.167081,0.177207,0.185668,0.192363,0.197302,0.200542,0.202143,0.202143,0.200542,0.197302,0.192363,0.185668,0.177207,0.167081,0.155565,0.143178,0.130733,0.119345,0.110383,0.105354,0.105722,0.112689,0.126975,0.148652,0.177071,0.210907,0.248315,0.287182,0.325402,0.361134,0.392989,0.420123,0.442223,0.459419,0.472143,0.480972,0.486478,0.489108,0.489108
0.489661,0.489661,0.487143,0.481867,0.473389,0.461139,0.444537,0.423128,0.396741,0.365629,0.330558,0.29283,0.254202,0.216715,0.182452,0.153263,0.130521,0.114961,0.106614,0.104871,0.108631,0.116504,0.127026,0.13884,0.150815,0.162102,0.172139,0.180604,0.187354,0.192363,0.195663,0.197299,0.197299,0.195663,0.192363,0.187354,0.180604,0.172139,0.162102,0.150815,0.13884,0.127026,0.116504,0.108631,0.104871,0.106614,0.114961,0.130521,0.153263,0.182452,0.216715,0.254202,0.29283,0.330558,0.365629,0.396741,0.423128,0.444537,0.461139,0.473389,0.481867,0.487143,0.489661,0.489661
0.490358,0.490358,0.487984,0.483,0.474972,0.463335,0.447502,0.426995,0.401594,0.371474,0.337304,0.300272,0.262026,0.22452,0.189783,0.159667,0.1356,0.118416,0.108281,0.104725,0.10678,0.113159,0.122461,0.133354,0.144692,0.155591,0.165431,0.173834,0.180604,0.185668,0.189023,0.190691,0.190691,0.189023,0.185668,0.180604,0.173834,0.165431,0.155591,0.144692,0.133354,0.122461,0.113159,0.10678,0.104725,0.108281,0.118416,0.1356,0.159667,0.189783,0.22452,0.262026,0.300272,0.337304,0.371474,0.401594,0.426995,0.447502,0.463335,0.474972,0.483,0.487984,0.490358,0.490358
0.491167,0.491167,0.488963,0.484325,0.476833,0.465929,0.451022,0.431611,0.407421,0.37854,0.345522,0.309419,0.271746,0.23434,0.199161,0.168046,0.142476,0.123394,0.111114,0.105339,0.105259,0.10972,0.11741,0.127036,0.137452,0.147735,0.15721,0.165431,0.172139,0.177207,0.180589,0.182278,0.182278,0.180589,0.177207,0.172139,0.165431,0.15721,0.147735,0.137452,0.127036,0.11741,0.10972,0.105259,0.105339,0.111114,0.123394,0.142476,0.168046,0.199161,0.23434,0.271746,0.309419,0.345522,0.37854,0.407421,0.431611,0.451022,0.465929,0.476833,0.484325,0.488963,0.491167,0.491167
0.492055,0.492055,0.490039,0.485791,0.478902,0.468829,0.454982,0.436838,0.414066,0.386664,0.355055,0.320141,0.283277,0.246163,0.210662,0.178578,0.151431,0.130271,0.115574,0.107228,0.10461,0.106727,0.112384,0.12035,0.129493,0.138865,0.147735,0.155591,0.162102,0.167081,0.170432,0.172113,0.172113,0.170432,0.167081,0.162102,0.155591,0.147735,0.138865,0.129493,0.12035,0.112384,0.106727,0.10461,0.107228,0.115574,0.130271,0.151431,0.178578,0.210662,0.246163,0.283277,0.320141,0.355055,0.386664,0.414066,0.436838,0.454982,0.468829,0.478902,0.485791,0.490039,0.492055,0.492055
0.492984,0.492984,0.491172,0.487342,0.481104,0.471937,0.459256,0.442521,0.42135,0.395648,0.365705,0.332259,0.296488,0.259928,0.224319,0.191408,0.162732,0.139436,0.122154,0.110972,0.105472,0.104845,0.108041,0.113922,0.121392,0.129493,0.137452,0.144692,0.150815,0.155565,0.158795,0.160425,0.160425,0.158795,0.155565,0.150815,0.144692,0.137452,0.129493,0.121392,0.113922,0.108041,0.104845,0.105472,0.110972,0.122154,0.139436,0.162732,0.191408,0.224319,0.259928,0.296488,0.332259,0.365705,0.395648,0.42135,0.442521,0.459256,0.471937,0.481104,0.487342,0.491172,0.492984,0.492984
0.49392,0.49392,0.492318,0.488922,0.483366,0.475152,0.46371,0.448493,0.429074,0.40527,0.377239,0.345548,0.311186,0.275504,0.240095,0.206615,0.176591,0.151242,0.131345,0.117181,0.108547,0.10484,0.10518,0.108551,0.113922,0.12035,0.127036,0.133354,0.13884,0.143178,0.146165,0.147685,0.147685,0.146165,0.143178,0.13884,0.133354,0.127036,0.12035,0.113922,0.108551,0.10518,0.10484,0.108547,0.117181,0.131345,0.151242,0.176591,0.206615,0.240095,0.275504,0.311186,0.345548,0.377239,0.40527,0.429074,0.448493,0.46371,0.475152,0.483366,0.488922,0.492318,0.49392,0.49392
0.494832,0.494832,0.493441,0.490481,0.485615,0.478373,0.468212,0.454582,0.437026,0.415283,0.389384,0.359729,0.32711,0.292679,0.257856,0.224176,0.193124,0.165958,0.143575,0.126436,0.114551,0.107534,0.1047,0.10518,0.108041,0.112384,0.11741,0.122461,0.127026,0.130733,0.13333,0.134664,0.134664,0.13333,0.130733,0.127026,0.122461,0.11741,0.112384,0.108041,0.10518,0.1047,0.107534,0.114551,0.126436,0.143575,0.165958,0.193124,0.224176,0.257856,0.292679,0.32711,0.359729,0.389384,0.415283,0.437026,0.454582,0.468212,0.478373,0.485615,0.490481,0.493441,0.494832,0.494832
0.495693,0.495693,0.494506,0.491973,0.487785,0.48151,0.472634,0.460621,0.444995,0.42543,0.401846,0.374483,0.343937,0.311155,0.277362,0.243947,0.212312,0.183719,0.159149,0.139218,0.124136,0.113735,0.107534,0.10484,0.104845,0.106727,0.10972,0.113159,0.116504,0.119345,0.12139,0.122457,0.122457,0.12139,0.119345,0.116504,0.113159,0.10972,0.106727,0.104845,0.10484,0.107534,0.113735,0.124136,0.139218,0.159149,0.183719,0.212312,0.243947,0.277362,0.311155,0.343937,0.374483,0.401846,0.42543,0.444995,0.460621,0.472634,0.48151,0.487785,0.491973,0.494506,0.495693,0.495693
0.496482,0.496482,0.495489,0.493361,0.489822,0.484481,0.476863,0.466454,0.452775,0.435453,0.414315,0.389456,0.361288,0.330549,0.29826,0.265637,0.23397,0.204479,0.178192,0.155839,0.137809,0.124136,0.114551,0.108547,0.105472,0.10461,0.105259,0.10678,0.108631,0.110383,0.11172,0.112439,0.112439,0.11172,0.110383,0.108631,0.10678,0.105259,0.10461,0.105472,0.108547,0.114551,0.124136,0.137809,0.155839,0.178192,0.204479,0.23397,0.265637,0.29826,0.330549,0.361288,0.389456,0.414315,0.435453,0.452775,0.466454,0.476863,0.484481,0.489822,0.493361,0.495489,0.496482,0.496482
0.497186,0.497186,0.496371,0.494617,0.491683,0.487222,0.480802,0.471945,0.46018,0.44511,0.426487,0.404284,0.378745,0.350409,0.320091,0.288818,0.257734,0.227985,0.200595,0.176371,0.155839,0.139218,0.126436,0.117181,0.110972,0.107228,0.105339,0.104725,0.104871,0.105354,0.105853,0.106156,0.106156,0.105853,0.105354,0.104871,0.104725,0.105339,0.107228,0.110972,0.117181,0.126436,0.139218,0.155839,0.176371,0.200595,0.227985,0.257734,0.288818,0.320091,0.350409,0.378745,0.404284,0.426487,0.44511,0.46018,0.471945,0.480802,0.487222,0.491683,0.494617,0.496371,0.497186,0.497186
0.497796,0.497796,0.49714,0.495724,0.49334,0.489686,0.484379,0.476985,0.467055,0.454185,0.438078,0.418608,0.395877,0.370241,0.342315,0.312931,0.28307,0.253763,0.225992,0.200595,0.178192,0.159149,0.143575,0.131345,0.122154,0.115574,0.111114,0.108281,0.106614,0.105722,0.105301,0.105143,0.105143,0.105301,0.105722,0.106614,0.108281,0.111114,0.115574,0.122154,0.131345,0.143575,0.159149,0.178192,0.200595,0.225992,0.253763,0.28307,0.312931,0.342315,0.370241,0.395877,0.418608,0.438078,0.454185,0.467055,0.476985,0.484379,0.489686,0.49334,0.495724,0.49714,0.497796,0.497796
0.49831,0.49831,0.497794,0.496674,0.494776,0.491844,0.487545,0.481494,0.473277,0.462501,0.448841,0.432102,0.412268,0.38954,0.364348,0.337332,0.309298,0.281141,0.253763,0.227985,0.204479,0.183719,0.165958,0.151242,0.139436,0.130271,0.123394,0.118416,0.114961,0.112689,0.111332,0.110701,0.110701,0.111332,0.112689,0.114961,0.118416,0.123394,0.130271,0.139436,0.151242,0.165958,0.183719,0.204479,0.227985,0.253763,0.281141,0.309298,0.337332,0.364348,0.38954,0.412268,0.432102,0.448841,0.462501,0.473277,0.481494,0.487545,0.491844,0.494776,0.496674,0.497794,0.49831,0.49831
0.498733,0.498733,0.498336,0.497469,0.49599,0.493686,0.490276,0.485426,0.478767,0.46993,0.458584,0.444492,0.42755,0.407831,0.385604,0.361335,0.335651,0.309298,0.28307,0.257734,0.23397,0.212312,0.193124,0.176591,0.162732,0.151431,0.142476,0.1356,0.130521,0.126975,0.124741,0.123665,0.123665,0.124741,0.126975,0.130521,0.1356,0.142476,0.151431,0.162732,0.176591,0.193124,0.212312,0.23397,0.257734,0.28307,0.309298,0.335651,0.361335,0.385604,0.407831,0.42755,0.444492,0.458584,0.46993,0.478767,0.485426,0.490276,0.493686,0.49599,0.497469,0.498336,0.498733,0.498733
0.499072,0.499072,0.498772,0.498116,0.496989,0.495217,0.492571,0.488768,0.483488,0.476397,0.467178,0.455573,0.441422,0.424701,0.405548,0.38427,0.361335,0.337332,0.312931,0.288818,0.265637,0.243947,0.224176,0.206615,0.191408,0.178578,0.168046,0.159667,0.153263,0.148652,0.145676,0.144218,0.144218,0.145676,0.148652,0.153263,0.159667,0.168046,0.178578,0.191408,0.206615,0.224176,0.243947,0.265637,0.288818,0.312931,0.337332,0.361335,0.38427,0.405548,0.424701,0.441422,0.455573,0.467178,0.476397,0.483488,0.488768,0.492571,0.495217,0.496989,0.498116,0.498772,0.499072,0.499072
0.499335,0.499335,0.499115,0.498629,0.497789,0.496458,0.494451,0.491535,0.487442,0.48188,0.474559,0.465222,0.453677,0.439835,0.423732,0.405548,0.385604,0.364348,0.342315,0.320091,0.29826,0.277362,0.257856,0.240095,0.224319,0.210662,0.199161,0.189783,0.182452,0.177071,0.173545,0.171802,0.171802,0.173545,0.177071,0.182452,0.189783,0.199161,0.210662,0.224319,0.240095,0.257856,0.277362,0.29826,0.320091,0.342315,0.364348,0.385604,0.405548,0.423732,0.439835,0.453677,0.465222,0.474559,0.48188,0.487442,0.491535,0.494451,0.496458,0.497789,0.498629,0.499115,0.499335,0.499335
0.499535,0.499535,0.499376,0.499026,0.498414,0.497438,0.49595,0.493766,0.490667,0.486406,0.480729,0.473396,0.464205,0.45303,0.439835,0.424701,0.407831,0.38954,0.370241,0.350409,0.330549,0.311155,0.292679,0.275504,0.259928,0.246163,0.23434,0.22452,0.216715,0.210907,0.207061,0.205147,0.205147,0.207061,0.210907,0.216715,0.22452,0.23434,0.246163,0.259928,0.275504,0.292679,0.311155,0.330549,0.350409,0.370241,0.38954,0.407831,0.424701,0.439835,0.45303,0.464205,0.473396,0.480729,0.486406,0.490667,0.493766,0.49595,0.497438,0.498414,0.499026,0.499376,0.499535,0.499535
0.499683,0.499683,0.499571,0.499324,0.49889,0.49819,0.497113,0.495517,0.493227,0.490042,0.485747,0.480129,0.472997,0.464205,0.453677,0.441422,0.42755,0.412268,0.395877,0.378745,0.361288,0.343937,0.32711,0.311186,0.296488,0.283277,0.271746,0.262026,0.254202,0.248315,0.244387,0.242422,0.242422,0.244387,0.248315,0.254202,0.262026,0.271746,0.283277,0.296488,0.311186,0.32711,0.343937,0.361288,0.378745,0.395877,0.412268,0.42755,0.441422,0.453677,0.464205,0.472997,0.480129,0.485747,0.490042,0.493227,0.495517,0.497113,0.49819,0.49889,0.499324,0.499571,0.499683,0.499683
0.499789,0.499789,0.499712,0.499542,0.499241,0.498752,0.497992,0.496854,0.495203,0.492882,0.489714,0.485521,0.480129,0.473396,0.465222,0.455573,0.444492,0.432102,0.418608,0.404284,0.389456,0.374483,0.359729,0.345548,0.332259,0.320141,0.309419,0.300272,0.29283,0.287182,0.283389,0.281485,0.281485,0.283389,0.287182,0.29283,0.300272,0.309419,0.320141,0.332259,0.345548,0.359729,0.374483,0.389456,0.404284,0.418608,0.432102,0.444492,0.455573,0.465222,0.473396,0.480129,0.485521,0.489714,0.492882,0.495203,0.496854,0.497992,0.498752,0.499241,0.499542,0.499712,0.499789,0.499789
0.499863,0.499863,0.499812,0.499697,0.499494,0.499161,0.498638,0.497847,0.496687,0.495038,0.492763,0.489714,0.485747,0.480729,0.474559,0.467178,0.458584,0.448841,0.438078,0.426487,0.414315,0.401846,0.389384,0.377239,0.365705,0.355055,0.345522,0.337304,0.330558,0.325402,0.321921,0.320167,0.320167,0.321921,0.325402,0.330558,0.337304,0.345522,0.355055,0.365705,0.377239,0.389384,0.401846,0.414315,0.426487,0.438078,0.448841,0.458584,0.467178,0.474559,0.480729,0.485747,0.489714,0.492763,0.495038,0.496687,0.497847,0.498638,0.499161,0.499494,0.499697,0.499812,0.499863,0.499863
0.499913,0.499913,0.49988,0.499805,0.499671,0.49945,0.499099,0.498563,0.49777,0.496629,0.495038,0.492882,0.490042,0.486406,0.48188,0.476397,0.46993,0.462501,0.454185,0.44511,0.435453,0.42543,0.415283,0.40527,0.395648,0.386664,0.37854,0.371474,0.365629,0.361134,0.358085,0.356545,0.356545,0.358085,0.361134,0.365629,0.371474,0.37854,0.386664,0.395648,0.40527,0.415283,0.42543,0.435453,0.44511,0.454185,0.462501,0.46993,0.476397,0.48188,0.486406,0.490042,0.492882,0.495038,0.496629,0.49777,0.498563,0.499099,0.49945,0.499671,0.499805,0.49988,0.499913,0.499913
0.499946,0.499946,0.499925,0.499878,0.499792,0.499648,0.49942,0.499066,0.498538,0.49777,0.496687,0.495203,0.493227,0.490667,0.487442,0.483488,0.478767,0.473277,0.467055,0.46018,0.452775,0.444995,0.437026,0.429074,0.42135,0.414066,0.407421,0.401594,0.396741,0.392989,0.390434,0.38914,0.38914,0.390434,0.392989,0.396741,0.401594,0.407421,0.414066,0.42135,0.429074,0.437026,0.444995,0.452775,0.46018,0.467055,0.473277,0.478767,0.483488,0.487442,0.490667,0.493227,0.495203,0.496687,0.49777,0.498538,0.499066,0.49942,0.499648,0.499792,0.499878,0.499925,0.499946,0.499946
0.499968,0.499968,0.499955,0.499925,0.499872,0.499781,0.499636,0.499409,0.499066,0.498563,0.497847,0.496854,0.495517,0.493766,0.491535,0.488768,0.485426,0.481494,0.476985,0.471945,0.466454,0.460621,0.454582,0.448493,0.442521,0.436838,0.431611,0.426995,0.423128,0.420123,0.41807,0.417028,0.417028,0.41807,0.420123,0.423128,0.426995,0.431611,0.436838,0.442521,0.448493,0.454582,0.460621,0.466454,0.471945,0.476985,0.481494,0.485426,0.488768,0.491535,0.493766,0.495517,0.496854,0.497847,0.498563,0.499066,0.499409,0.499636,0.499781,0.499872,0.499925,0.499955,0.499968,0.499968
0.499981,0.499981,0.499973,0.499955,0.499923,0.499867,0.499777,0.499636,0.49942,0.499099,0.498638,0.497992,0.497113,0.49595,0.494451,0.492571,0.490276,0.487545,0.484379,0.480802,0.476863,0.472634,0.468212,0.46371,0.459256,0.454982,0.451022,0.447502,0.444537,0.442223,0.440636,0.43983,0.43983,0.440636,0.442223,0.444537,0.447502,0.451022,0.454982,0.459256,0.46371,0.468212,0.472634,0.476863,0.480802,0.484379,0.487545,0.490276,0.492571,0.494451,0.49595,0.497113,0.497992,0.498638,0.499099,0.49942,0.499636,0.499777,0.499867,0.499923,0.499955,0.499973,0.499981,0.499981
0.499989,0.499989,0.499985,0.499974,0.499955,0.499922,0.499867,0.499781,0.499648,0.49945,0.499161,0.498752,0.49819,0.497438,0.496458,0.495217,0.493686,0.491844,0.489686,0.487222,0.484481,0.48151,0.478373,0.475152,0.471937,0.468829,0.465929,0.463335,0.461139,0.459419,0.458236,0.457633,0.457633,0.458236,0.459419,0.461139,0.463335,0.465929,0.468829,0.471937,0.475152,0.478373,0.48151,0.484481,0.487222,0.489686,0.491844,0.493686,0.495217,0.496458,0.497438,0.49819,0.498752,0.499161,0.49945,0.499648,0.499781,0.499867,0.499922,0.499955,0.499974,0.499985,0.499989,0.499989
0.499994,0.499994,0.499991,0.499985,0.499974,0.499955,0.499923,0.499872,0.499792,0.499671,0.499494,0.499241,0.49889,0.498414,0.497789,0.496989,0.49599,0.494776,0.49334,0.491683,0.489822,0.487785,0.485615,0.483366,0.481104,0.478902,0.476833,0.474972,0.473389,0.472143,0.471285,0.470847,0.470847,0.471285,0.472143,0.473389,0.474972,0.476833,0.478902,0.481104,0.483366,0.485615,0.487785,0.489822,0.491683,0.49334,0.494776,0.49599,0.496989,0.497789,0.498414,0.49889,0.499241,0.499494,0.499671,0.499792,0.499872,0.499923,0.499955,0.499974,0.499985,0.499991,0.499994,0.499994
0.499997,0.499997,0.499995,0.499992,0.499985,0.499974,0.499955,0.499925,0.499878,0.499805,0.499697,0.499542,0.499324,0.499026,0.498629,0.498116,0.497469,0.496674,0.495724,0.494617,0.493361,0.491973,0.490481,0.488922,0.487342,0.485791,0.484325,0.483,0.481867,0.480972,0.480354,0.480038,0.480038,0.480354,0.480972,0.481867,0.483,0.484325,0.485791,0.487342,0.488922,0.490481,0.491973,0.493361,0.494617,0.495724,0.496674,0.497469,0.498116,0.498629,0.499026,0.499324,0.499542,0.499697,0.499805,0.499878,0.499925,0.499955,0.499974,0.499985,0.499992,0.499995,0.499997,0.499997
0.499998,0.499998,0.499997,0.499995,0.499991,0.499985,0.499973,0.499955,0.499925,0.49988,0.499812,0.499712,0.499571,0.499376,0.499115,0.498772,0.498336,0.497794,0.49714,0.496371,0.495489,0.494506,0.493441,0.492318,0.491172,0.490039,0.488963,0.487984,0.487143,0.486478,0.486016,0.48578,0.48578,0.486016,0.486478,0.487143,0.487984,0.488963,0.490039,0.491172,0.492318,0.493441,0.494506,0.495489,0.496371,0.49714,0.497794,0.498336,0.498772,0.499115,0.499376,0.499571,0.499712,0.499812,0.49988,0.499925,0.499955,0.499973,0.499985,0.499991,0.499995,0.499997,0.499998,0.499998
0.499999,0.499999,0.499998,0.499997,0.499994,0.499989,0.499981,0.499968,0.499946,0.499913,0.499863,0.499789,0.499683,0.499535,0.499335,0.499072,0.498733,0.49831,0.497796,0.497186,0.496482,0.495693,0.494832,0.49392,0.492984,0.492055,0.491167,0.490358,0.489661,0.489108,0.488724,0.488527,0.488527,0.488724,0.489108,0.489661,0.490358,0.491167,0.492055,0.492984,0.49392,0.494832,0.495693,0.496482,0.497186,0.497796,0.49831,0.498733,0.499072,0.499335,0.499535,0.499683,0.499789,0.499863,0.499913,0.499946,0.499968,0.499981,0.499989,0.499994,0.499997,0.499998,0.499999,0.499999
0.499999,0.499999,0.499998,0.499997,0.499994,0.499989,0.499981,0.499968,0.499946,0.499913,0.499863,0.499789,0.499683,0.499535,0.499335,0.499072,0.498733,0.49831,0.497796,0.497186,0.496482,0.495693,0.494832,0.49392,0.492984,0.492055,0.491167,0.490358,0.489661,0.489108,0.488724,0.488527,0.488527,0.488724,0.489108,0.489661,0.490358,0.491167,0.492055,0.492984,0.49392,0.494832,0.495693,0.496482,0.497186,0.497796,0.49831,0.498733,0.499072,0.499335,0.499535,0.499683,0.499789,0.499863,0.499913,0.499946,0.499968,0.499981,0.499989,0.499994,0.499997,0.499998,0.499999,0.499999
