0.5,0.5,0.5,0.5,0.5,0.5,0.5,0.5,0.5,0.5,0.5,0.5,0.5,0.5,0.5,0.5,0.5,0.5,0.5,0.5,0.5,0.5,0.499999,0.499999,0.499999,0.499999,0.499999,0.499998,0.499998,0.499998,0.499998,0.499998,0.499998,0.499998,0.499998,0.499998,0.499998,0.499999,0.499999,0.499999,0.499999,0.499999,0.5,0.5,0.5,0.5,0.5,0.5,0.5,0.5,0.5,0.5,0.5,0.5,0.5,0.5,0.5,0.5,0.5,0.5,0.5,0.5,0.5,0.5
0.5,0.5,0.5,0.5,0.5,0.5,0.5,0.5,0.5,0.5,0.5,0.5,0.5,0.5,0.5,0.5,0.5,0.5,0.5,0.5,0.5,0.5,0.499999,0.499999,0.499999,0.499999,0.499999,0.499998,0.499998,0.499998,0.499998,0.499998,0.499998,0.499998,0.499998,0.499998,0.499998,0.499999,0.499999,0.499999,0.499999,0.499999,0.5,0.5,0.5,0.5,0.5,0.5,0.5,0.5,0.5,0.5,0.5,0.5,0.5,0.5,0.5,0.5,0.5,0.5,0.5,0.5,0.5,0.5
0.5,0.5,0.5,0.5,0.5,0.5,0.5,0.5,0.5,0.5,0.5,0.5,0.5,0.5,0.5,0.5,0.5,0.5,0.5,0.5,0.499999,0.499999,0.499999,0.499999,0.499998,0.499998,0.499997,0.499997,0.499996,0.499996,0.499996,0.499996,0.499996,0.499996,0.499996,0.499996,0.499997,0.499997,0.499998,0.499998,0.499999,0.499999,0.499999,0.499999,0.5,0.5,0.5,0.5,0.5,0.5,0.5,0.5,0.5,0.5,0.5,0.5,0.5,0.5,0.5,0.5,0.5,0.5,0.5,0.5
0.5,0.5,0.5,0.5,0.5,0.5,0.5,0.5,0.5,0.5,0.5,0.5,0.5,0.5,0.5,0.5,0.5,0.5,0.499999,0.499999,0.499999,0.499998,0.499998,0.499997,0.499996,0.499995,0.499994,0.499993,0.499992,0.499991,0.49999,0.49999,0.49999,0.49999,0.499991,0.499992,0.499993,0.499994,0.499995,0.499996,0.499997,0.499998,0.499998,0.499999,0.499999,0.499999,0.5,0.5,0.5,0.5,0.5,0.5,0.5,0.5,0.5,0.5,0.5,0.5,0.5,0.5,0.5,0.5,0.5,0.5
0.5,0.5,0.5,0.5,0.5,0.5,0.5,0.5,0.5,0.5,0.5,0.5,0.5,0.5,0.5,0.5,0.499999,0.499999,0.499999,0.499998,0.499997,0.499996,0.499994,0.499992,0.49999,0.499988,0.499985,0.499982,0.49998,0.499978,0.499977,0.499976,0.499976,0.499977,0.499978,0.49998,0.499982,0.499985,0.499988,0.49999,0.499992,0.499994,0.499996,0.499997,0.499998,0.499999,0.499999,0.499999,0.5,0.5,0.5,0.5,0.5,0.5,0.5,0.5,0.5,0.5,0.5,0.5,0.5,0.5,0.5,0.5
0.5,0.5,0.5,0.5,0.5,0.5,0.5,0.5,0.5,0.5,0.5,0.5,0.5,0.5,0.5,0.499999,0.499999,0.499998,0.499997,0.499995,0.499993,0.49999,0.499987,0.499982,0.499977,0.499972,0.499966,0.49996,0.499955,0.49995,0.499947,0.499945,0.499945,0.499947,0.49995,0.499955,0.49996,0.499966,0.499972,0.499977,0.499982,0.499987,0.49999,0.499993,0.499995,0.499997,0.499998,0.499999,0.499999,0.5,0.5,0.5,0.5,0.5,0.5,0.5,0.5,0.5,0.5,0.5,0.5,0.5,0.5,0.5
0.5,0.5,0.5,0.5,0.5,0.5,0.5,0.5,0.5,0.5,0.5,0.5,0.5,0.499999,0.499999,0.499998,0.499997,0.499995,0.499993,0.499989,0.499985,0.499978,0.49997,0.499961,0.49995,0.499938,0.499925,0.499912,0.499901,0.499891,0.499884,0.49988,0.49988,0.499884,0.499891,0.499901,0.499912,0.499925,0.499938,0.49995,0.499961,0.49997,0.499978,0.499985,0.499989,0.499993,0.499995,0.499997,0.499998,0.499999,0.499999,0.5,0.5,0.5,0.5,0.5,0.5,0.5,0.5,0.5,0.5,0.5,0.5,0.5
0.5,0.5,0.5,0.5,0.5,0.5,0.5,0.5,0.5,0.5,0.5,0.5,0.499999,0.499999,0.499998,0.499996,0.499994,0.49999,0.499985,0.499977,0.499967,0.499953,0.499937,0.499916,0.499893,0.499867,0.49984,0.499813,0.499789,0.499769,0.499754,0.499747,0.499747,0.499754,0.499769,0.499789,0.499813,0.49984,0.499867,0.499893,0.499916,0.499937,0.499953,0.499967,0.499977,0.499985,0.49999,0.499994,0.499996,0.499998,0.499999,0.499999,0.5,0.5,0.5,0.5,0.5,0.5,0.5,0.5,0.5,0.5,0.5,0.5
0.5,0.5,0.5,0.5,0.5,0.5,0.5,0.5,0.5,0.5,0.5,0.499999,0.499999,0.499997,0.499995,0.499992,0.499987,0.499979,0.499968,0.499953,0.499931,0.499903,0.499869,0.499827,0.499779,0.499726,0.499672,0.499618,0.499568,0.499527,0.499498,0.499482,0.499482,0.499498,0.499527,0.499568,0.499618,0.499672,0.499726,0.499779,0.499827,0.499869,0.499903,0.499931,0.499953,0.499968,0.499979,0.499987,0.499992,0.499995,0.499997,0.499999,0.499999,0.5,0.5,0.5,0.5,0.5,0.5,0.5,0.5,0.5,0.5,0.5
0.5,0.5,0.5,0.5,0.5,0.5,0.5,0.5,0.5,0.5,0.499999,0.499998,0.499997,0.499995,0.499991,0.499984,0.499974,0.499958,0.499936,0.499904,0.499862,0.499807,0.499738,0.499655,0.499561,0.499457,0.49935,0.499244,0.499148,0.499067,0.49901,0.498979,0.498979,0.49901,0.499067,0.499148,0.499244,0.49935,0.499457,0.499561,0.499655,0.499738,0.499807,0.499862,0.499904,0.499936,0.499958,0.499974,0.499984,0.499991,0.499995,0.499997,0.499998,0.499999,0.5,0.5,0.5,0.5,0.5,0.5,0.5,0.5,0.5,0.5
0.5,0.5,0.5,0.5,0.5,0.5,0.5,0.5,0.5,0.499999,0.499998,0.499997,0.499994,0.499989,0.499982,0.499969,0.499949,0.499919,0.499875,0.499814,0.499732,0.499626,0.499495,0.499337,0.499157,0.498961,0.498757,0.498557,0.498375,0.498224,0.498115,0.498059,0.498059,0.498115,0.498224,0.498375,0.498557,0.498757,0.498961,0.499157,0.499337,0.499495,0.499626,0.499732,0.499814,0.499875,0.499919,0.499949,0.499969,0.499982,0.499989,0.499994,0.499997,0.499998,0.499999,0.5,0.5,0.5,0.5,0.5,0.5,0.5,0.5,0.5
0.5,0.5,0.5,0.5,0.5,0.5,0.5,0.5,0.499999,0.499998,0.499997,0.499994,0.499989,0.49998,0.499965,0.49994,0.499903,0.499846,0.499765,0.499651,0.499499,0.499302,0.499059,0.498769,0.498439,0.498079,0.497706,0.497342,0.497011,0.496736,0.496538,0.496436,0.496436,0.496538,0.496736,0.497011,0.497342,0.497706,0.498079,0.498439,0.498769,0.499059,0.499302,0.499499,0.499651,0.499765,0.499846,0.499903,0.49994,0.499965,0.49998,0.499989,0.499994,0.499997,0.499998,0.499999,0.5,0.5,0.5,0.5,0.5,0.5,0.5,0.5
0.5,0.5,0.5,0.5,0.5,0.5,0.5,0.499999,0.499999,0.499997,0.499994,0.499989,0.499979,0.499963,0.499935,0.49989,0.499822,0.499719,0.499571,0.499366,0.499093,0.498741,0.498307,0.497791,0.497206,0.49657,0.495913,0.495273,0.494691,0.494208,0.493863,0.493683,0.493683,0.493863,0.494208,0.494691,0.495273,0.495913,0.49657,0.497206,0.497791,0.498307,0.498741,0.499093,0.499366,0.499571,0.499719,0.499822,0.49989,0.499935,0.499963,0.499979,0.499989,0.499994,0.499997,0.499999,0.499999,0.5,0.5,0.5,0.5,0.5,0.5,0.5
0.5,0.5,0.5,0.5,0.5,0.5,0.499999,0.499999,0.499997,0.499995,0.499989,0.49998,0.499963,0.499933,0.499884,0.499805,0.499684,0.499503,0.499245,0.498888,0.498413,0.497805,0.497056,0.496172,0.495169,0.494084,0.492967,0.49188,0.490894,0.490078,0.489496,0.489192,0.489192,0.489496,0.490078,0.490894,0.49188,0.492967,0.494084,0.495169,0.496172,0.497056,0.497805,0.498413,0.498888,0.499245,0.499503,0.499684,0.499805,0.499884,0.499933,0.499963,0.49998,0.499989,0.499995,0.499997,0.499999,0.499999,0.5,0.5,0.5,0.5,0.5,0.5
0.5,0.5,0.5,0.5,0.5,0.5,0.499999,0.499998,0.499995,0.499991,0.499982,0.499965,0.499935,0.499884,0.499799,0.499665,0.499458,0.499152,0.498714,0.498113,0.497316,0.4963,0.495055,0.493587,0.491931,0.490144,0.488309,0.486529,0.484917,0.483586,0.482636,0.482142,0.482142,0.482636,0.483586,0.484917,0.486529,0.488309,0.490144,0.491931,0.493587,0.495055,0.4963,0.497316,0.498113,0.498714,0.499152,0.499458,0.499665,0.499799,0.499884,0.499935,0.499965,0.499982,0.499991,0.499995,0.499998,0.499999,0.5,0.5,0.5,0.5,0.5,0.5
0.5,0.5,0.5,0.5,0.5,0.499999,0.499998,0.499996,0.499992,0.499984,0.499969,0.49994,0.49989,0.499805,0.499665,0.499442,0.499101,0.498598,0.497883,0.496903,0.495611,0.493971,0.491967,0.489617,0.486973,0.48413,0.481221,0.478406,0.475863,0.473768,0.472275,0.471497,0.471497,0.472275,0.473768,0.475863,0.478406,0.481221,0.48413,0.486973,0.489617,0.491967,0.493971,0.495611,0.496903,0.497883,0.498598,0.499101,0.499442,0.499665,0.499805,0.49989,0.49994,0.499969,0.499984,0.499992,0.499996,0.499998,0.499999,0.5,0.5,0.5,0.5,0.5
0.5,0.5,0.5,0.5,0.499999,0.499999,0.499997,0.499994,0.499987,0.499974,0.499949,0.499903,0.499822,0.499684,0.499458,0.499101,0.498557,0.497757,0.496626,0.495084,0.493058,0.490497,0.487382,0.483742,0.479665,0.475297,0.470841,0.466543,0.462671,0.459487,0.457221,0.456043,0.456043,0.457221,0.459487,0.462671,0.466543,0.470841,0.475297,0.479665,0.483742,0.487382,0.490497,0.493058,0.495084,0.496626,0.497757,0.498557,0.499101,0.499458,0.499684,0.499822,0.499903,0.499949,0.499974,0.499987,0.499994,0.499997,0.499999,0.499999,0.5,0.5,0.5,0.5
0.5,0.5,0.5,0.5,0.499999,0.499998,0.499995,0.49999,0.499979,0.499958,0.499919,0.499846,0.499719,0.499503,0.499152,0.498598,0.497757,0.496529,0.494798,0.492447,0.489374,0.485506,0.480823,0.475375,0.469296,0.46281,0.456217,0.449879,0.444184,0.439513,0.436193,0.434469,0.434469,0.436193,0.439513,0.444184,0.449879,0.456217,0.46281,0.469296,0.475375,0.480823,0.485506,0.489374,0.492447,0.494798,0.496529,0.497757,0.498598,0.499152,0.499503,0.499719,0.499846,0.499919,0.499958,0.499979,0.49999,0.499995,0.499998,0.499999,0.5,0.5,0.5,0.5
0.5,0.5,0.5,0.499999,0.499999,0.499997,0.499993,0.499985,0.499968,0.499936,0.499875,0.499765,0.499571,0.499245,0.498714,0.497883,0.496626,0.494798,0.492232,0.488766,0.484254,0.478601,0.471788,0.463899,0.455137,0.445825,0.436397,0.427364,0.419273,0.412651,0.407955,0.405518,0.405518,0.407955,0.412651,0.419273,0.427364,0.436397,0.445825,0.455137,0.463899,0.471788,0.478601,0.484254,0.488766,0.492232,0.494798,0.496626,0.497883,0.498714,0.499245,0.499571,0.499765,0.499875,0.499936,0.499968,0.499985,0.499993,0.499997,0.499999,0.499999,0.5,0.5,0.5
0.5,0.5,0.5,0.499999,0.499998,0.499995,0.499989,0.499977,0.499953,0.499904,0.499814,0.499651,0.499366,0.498888,0.498113,0.496903,0.495084,0.492447,0.488766,0.483813,0.477398,0.4694,0.459807,0.448752,0.436529,0.423597,0.410558,0.398112,0.386999,0.377929,0.371508,0.36818,0.36818,0.371508,0.377929,0.386999,0.398112,0.410558,0.423597,0.436529,0.448752,0.459807,0.4694,0.477398,0.483813,0.488766,0.492447,0.495084,0.496903,0.498113,0.498888,0.499366,0.499651,0.499814,0.499904,0.499953,0.499977,0.499989,0.499995,0.499998,0.499999,0.5,0.5,0.5
0.5,0.5,0.499999,0.499999,0.499997,0.499993,0.499985,0.499967,0.499931,0.499862,0.499732,0.499499,0.499093,0.498413,0.497316,0.495611,0.493058,0.489374,0.484254,0.477398,0.468562,0.457598,0.444514,0.42951,0.413002,0.395617,0.378165,0.361573,0.346811,0.334795,0.326308,0.321915,0.321915,0.326308,0.334795,0.346811,0.361573,0.378165,0.395617,0.413002,0.42951,0.444514,0.457598,0.468562,0.477398,0.484254,0.489374,0.493058,0.495611,0.497316,0.498413,0.499093,0.499499,0.499732,0.499862,0.499931,0.499967,0.499985,0.499993,0.499997,0.499999,0.499999,0.5,0.5
0.5,0.5,0.499999,0.499998,0.499996,0.49999,0.499978,0.499953,0.499903,0.499807,0.499626,0.499302,0.498741,0.497805,0.4963,0.493971,0.490497,0.485506,0.478601,0.4694,0.457598,0.443029,0.425731,0.405995,0.384389,0.361749,0.339126,0.317709,0.298724,0.283319,0.272463,0.266852,0.266852,0.272463,0.283319,0.298724,0.317709,0.339126,0.361749,0.384389,0.405995,0.425731,0.443029,0.457598,0.4694,0.478601,0.485506,0.490497,0.493971,0.4963,0.497805,0.498741,0.499302,0.499626,0.499807,0.499903,0.499953,0.499978,0.49999,0.499996,0.499998,0.499999,0.5,0.5
0.499999,0.499999,0.499999,0.499998,0.499994,0.499987,0.49997,0.499937,0.499869,0.499738,0.499495,0.499059,0.498307,0.497056,0.495055,0.491967,0.487382,0.480823,0.471788,0.459807,0.444514,0.425731,0.403543,0.378362,0.350938,0.322347,0.293916,0.267122,0.243463,0.22433,0.210878,0.203936,0.203936,0.210878,0.22433,0.243463,0.267122,0.293916,0.322347,0.350938,0.378362,0.403543,0.425731,0.444514,0.459807,0.471788,0.480823,0.487382,0.491967,0.495055,0.497056,0.498307,0.499059,0.499495,0.499738,0.499869,0.499937,0.49997,0.499987,0.499994,0.499998,0.499999,0.499999,0.499999
0.499999,0.499999,0.499999,0.499997,0.499992,0.499982,0.499961,0.499916,0.499827,0.499655,0.499337,0.498769,0.497791,0.496172,0.493587,0.489617,0.483742,0.475375,0.463899,0.448752,0.42951,0.405995,0.378362,0.347165,0.31337,0.278321,0.243642,0.211113,0.18251,0.159457,0.143293,0.134965,0.134965,0.143293,0.159457,0.18251,0.211113,0.243642,0.278321,0.31337,0.347165,0.378362,0.405995,0.42951,0.448752,0.463899,0.475375,0.483742,0.489617,0.493587,0.496172,0.497791,0.498769,0.499337,0.499655,0.499827,0.499916,0.499961,0.499982,0.499992,0.499997,0.499999,0.499999,0.499999
0.499999,0.499999,0.499998,0.499996,0.49999,0.499977,0.49995,0.499893,0.499779,0.499561,0.499157,0.498439,0.497206,0.495169,0.491931,0.486973,0.479665,0.469296,0.455137,0.436529,0.413002,0.384389,0.350938,0.31337,0.27289,0.231127,0.190019,0.151643,0.118044,0.0910637,0.0721971,0.062494,0.062494,0.0721971,0.0910637,0.118044,0.151643,0.190019,0.231127,0.27289,0.31337,0.350938,0.384389,0.413002,0.436529,0.455137,0.469296,0.479665,0.486973,0.491931,0.495169,0.497206,0.498439,0.499157,0.499561,0.499779,0.499893,0.49995,0.499977,0.49999,0.499996,0.499998,0.499999,0.499999
0.499999,0.499999,0.499998,0.499995,0.499988,0.499972,0.499938,0.499867,0.499726,0.499457,0.498961,0.498079,0.49657,0.494084,0.490144,0.48413,0.475297,0.46281,0.445825,0.423597,0.395617,0.361749,0.322347,0.278321,0.231127,0.182694,0.135261,0.0911961,0.0527854,0.0220547,0.000626569,-0.0103744,-0.0103744,0.000626569,0.0220547,0.0527854,0.0911961,0.135261,0.182694,0.231127,0.278321,0.322347,0.361749,0.395617,0.423597,0.445825,0.46281,0.475297,0.48413,0.490144,0.494084,0.49657,0.498079,0.498961,0.499457,0.499726,0.499867,0.499938,0.499972,0.499988,0.499995,0.499998,0.499999,0.499999
0.499999,0.499999,0.499997,0.499994,0.499985,0.499966,0.499925,0.49984,0.499672,0.49935,0.498757,0.497706,0.495913,0.492967,0.488309,0.481221,0.470841,0.456217,0.436397,0.410558,0.378165,0.339126,0.293916,0.243642,0.190019,0.135261,0.0819013,0.032564,-0.0102569,-0.04439,-0.0681233,-0.080286,-0.080286,-0.0681233,-0.04439,-0.0102569,0.032564,0.0819013,0.135261,0.190019,0.243642,0.293916,0.339126,0.378165,0.410558,0.436397,0.456217,0.470841,0.481221,0.488309,0.492967,0.495913,0.497706,0.498757,0.49935,0.499672,0.49984,0.499925,0.499966,0.499985,0.499994,0.499997,0.499999,0.499999
0.499998,0.499998,0.499997,0.499993,0.499982,0.49996,0.499912,0.499813,0.499618,0.499244,0.498557,0.497342,0.495273,0.49188,0.486529,0.478406,0.466543,0.449879,0.427364,0.398112,0.361573,0.317709,0.267122,0.211113,0.151643,0.0911961,0.032564,-0.021407,-0.0680582,-0.105114,-0.13081,-0.143955,-0.143955,-0.13081,-0.105114,-0.0680582,-0.021407,0.032564,0.0911961,0.151643,0.211113,0.267122,0.317709,0.361573,0.398112,0.427364,0.449879,0.466543,0.478406,0.486529,0.49188,0.495273,0.497342,0.498557,0.499244,0.499618,0.499813,0.499912,0.49996,0.499982,0.499993,0.499997,0.499998,0.499998
0.499998,0.499998,0.499996,0.499992,0.49998,0.499955,0.499901,0.499789,0.499568,0.499148,0.498375,0.497011,0.494691,0.490894,0.484917,0.475863,0.462671,0.444184,0.419273,0.386999,0.346811,0.298724,0.243463,0.18251,0.118044,0.0527854,-0.0102569,-0.0680582,-0.117837,-0.157252,-0.184517,-0.198443,-0.198443,-0.184517,-0.157252,-0.117837,-0.0680582,-0.0102569,0.0527854,0.118044,0.18251,0.243463,0.298724,0.346811,0.386999,0.419273,0.444184,0.462671,0.475863,0.484917,0.490894,0.494691,0.497011,0.498375,0.499148,0.499568,0.499789,0.499901,0.499955,0.49998,0.499992,0.499996,0.499998,0.499998
0.499998,0.499998,0.499996,0.499991,0.499978,0.49995,0.499891,0.499769,0.499527,0.499067,0.498224,0.496736,0.494208,0.490078,0.483586,0.473768,0.459487,0.439513,0.412651,0.377929,0.334795,0.283319,0.22433,0.159457,0.0910637,0.0220547,-0.04439,-0.105114,-0.157252,-0.198428,-0.226851,-0.241351,-0.241351,-0.226851,-0.198428,-0.157252,-0.105114,-0.04439,0.0220547,0.0910637,0.159457,0.22433,0.283319,0.334795,0.377929,0.412651,0.439513,0.459487,0.473768,0.483586,0.490078,0.494208,0.496736,0.498224,0.499067,0.499527,0.499769,0.499891,0.49995,0.499978,0.499991,0.499996,0.499998,0.499998
0.499998,0.499998,0.499996,0.49999,0.499977,0.499947,0.499884,0.499754,0.499498,0.49901,0.498115,0.496538,0.493863,0.489496,0.482636,0.472275,0.457221,0.436193,0.407955,0.371508,0.326308,0.272463,0.210878,0.143293,0.0721971,0.000626569,-0.0681233,-0.13081,-0.184517,-0.226851,-0.256032,-0.270904,-0.270904,-0.256032,-0.226851,-0.184517,-0.13081,-0.0681233,0.000626569,0.0721971,0.143293,0.210878,0.272463,0.326308,0.371508,0.407955,0.436193,0.457221,0.472275,0.482636,0.489496,0.493863,0.496538,0.498115,0.49901,0.499498,0.499754,0.499884,0.499947,0.499977,0.49999,0.499996,0.499998,0.499998
0.499998,0.499998,0.499996,0.49999,0.499976,0.499945,0.49988,0.499747,0.499482,0.498979,0.498059,0.496436,0.493683,0.489192,0.482142,0.471497,0.456043,0.434469,0.405518,0.36818,0.321915,0.266852,0.203936,0.134965,0.062494,-0.0103744,-0.080286,-0.143955,-0.198443,-0.241351,-0.270904,-0.285957,-0.285957,-0.270904,-0.241351,-0.198443,-0.143955,-0.080286,-0.0103744,0.062494,0.134965,0.203936,0.266852,0.321915,0.36818,0.405518,0.434469,0.456043,0.471497,0.482142,0.489192,0.493683,0.496436,0.498059,0.498979,0.499482,0.499747,0.49988,0.499945,0.499976,0.49999,0.499996,0.499998,0.499998
0.499998,0.499998,0.499996,0.49999,0.499976,0.499945,0.49988,0.499747,0.499482,0.498979,0.498059,0.496436,0.493683,0.489192,0.482142,0.471497,0.456043,0.434469,0.405518,0.36818,0.321915,0.266852,0.203936,0.134965,0.062494,-0.0103744,-0.080286,-0.143955,-0.198443,-0.241351,-0.270904,-0.285957,-0.285957,-0.270904,-0.241351,-0.198443,-0.143955,-0.080286,-0.0103744,0.062494,0.134965,0.203936,0.266852,0.321915,0.36818,0.405518,0.434469,0.456043,0.471497,0.482142,0.489192,0.493683,0.496436,0.498059,0.498979,0.499482,0.499747,0.49988,0.499945,0.499976,0.49999,0.499996,0.499998,0.499998
0.499998,0.499998,0.499996,0.49999,0.499977,0.499947,0.499884,0.499754,0.499498,0.49901,0.498115,0.496538,0.493863,0.489496,0.482636,0.472275,0.457221,0.436193,0.407955,0.371508,0.326308,0.272463,0.210878,0.143293,0.0721971,0.000626569,-0.0681233,-0.13081,-0.184517,-0.226851,-0.256032,-0.270904,-0.270904,-0.256032,-0.226851,-0.184517,-0.13081,-0.0681233,0.000626569,0.0721971,0.143293,0.210878,0.272463,0.326308,0.371508,0.407955,0.436193,0.457221,0.472275,0.482636,0.489496,0.493863,0.496538,0.498115,0.49901,0.499498,0.499754,0.499884,0.499947,0.499977,0.49999,0.499996,0.499998,0.499998
0.499998,0.499998,0.499996,0.499991,0.499978,0.49995,0.499891,0.499769,0.499527,0.499067,0.498224,0.496736,0.494208,0.490078,0.483586,0.473768,0.459487,0.439513,0.412651,0.377929,0.334795,0.283319,0.22433,0.159457,0.0910637,0.0220547,-0.04439,-0.105114,-0.157252,-0.198428,-0.226851,-0.241351,-0.241351,-0.226851,-0.198428,-0.157252,-0.105114,-0.04439,0.0220547,0.0910637,0.159457,0.22433,0.283319,0.334795,0.377929,0.412651,0.439513,0.459487,0.473768,0.483586,0.490078,0.494208,0.496736,0.498224,0.499067,0.499527,0.499769,0.499891,0.49995,0.499978,0.499991,0.499996,0.499998,0.499998
0.499998,0.499998,0.499996,0.499992,0.49998,0.499955,0.499901,0.499789,0.499568,0.499148,0.498375,0.497011,0.494691,0.490894,0.484917,0.475863,0.462671,0.444184,0.419273,0.386999,0.346811,0.298724,0.243463,0.18251,0.118044,0.0527854,-0.0102569,-0.0680582,-0.117837,-0.157252,-0.184517,-0.198443,-0.198443,-0.184517,-0.157252,-0.117837,-0.0680582,-0.0102569,0.0527854,0.118044,0.18251,0.243463,0.298724,0.346811,0.386999,0.419273,0.444184,0.462671,0.475863,0.484917,0.490894,0.494691,0.497011,0.498375,0.499148,0.499568,0.499789,0.499901,0.499955,0.49998,0.499992,0.499996,0.499998,0.499998
0.499998,0.499998,0.499997,0.499993,0.499982,0.49996,0.499912,0.499813,0.499618,0.499244,0.498557,0.497342,0.495273,0.49188,0.486529,0.478406,0.466543,0.449879,0.427364,0.398112,0.361573,0.317709,0.267122,0.211113,0.151643,0.0911961,0.032564,-0.021407,-0.0680582,-0.105114,-0.13081,-0.143955,-0.143955,-0.13081,-0.105114,-0.0680582,-0.021407,0.032564,0.0911961,0.151643,0.211113,0.267122,0.317709,0.361573,0.398112,0.427364,0.449879,0.466543,0.478406,0.486529,0.49188,0.495273,0.497342,0.498557,0.499244,0.499618,0.499813,0.499912,0.49996,0.499982,0.499993,0.499997,0.499998,0.499998
0.499999,0.499999,0.499997,0.499994,0.499985,0.499966,0.499925,0.49984,0.499672,0.49935,0.498757,0.497706,0.495913,0.492967,0.488309,0.481221,0.470841,0.456217,0.436397,0.410558,0.378165,0.339126,0.293916,0.243642,0.190019,0.135261,0.0819013,0.032564,-0.0102569,-0.04439,-0.0681233,-0.080286,-0.080286,-0.0681233,-0.04439,-0.0102569,0.032564,0.0819013,0.135261,0.190019,0.243642,0.293916,0.339126,0.378165,0.410558,0.436397,0.456217,0.470841,0.481221,0.488309,0.492967,0.495913,0.497706,0.498757,0.49935,0.499672,0.49984,0.499925,0.499966,0.499985,0.499994,0.499997,0.499999,0.499999
0.499999,0.499999,0.499998,0.499995,0.499988,0.499972,0.499938,0.499867,0.499726,0.499457,0.498961,0.498079,0.49657,0.494084,0.490144,0.48413,0.475297,0.46281,0.445825,0.423597,0.395617,0.361749,0.322347,0.278321,0.231127,0.182694,0.135261,0.0911961,0.0527854,0.0220547,0.000626569,-0.0103744,-0.0103744,0.000626569,0.0220547,0.0527854,0.0911961,0.135261,0.182694,0.231127,0.278321,0.322347,0.361749,0.395617,0.423597,0.445825,0.46281,0.475297,0.48413,0.490144,0.494084,0.49657,0.498079,0.498961,0.499457,0.499726,0.499867,0.499938,0.499972,0.499988,0.499995,0.499998,0.499999,0.499999
0.499999,0.499999,0.499998,0.499996,0.49999,0.499977,0.49995,0.499893,0.499779,0.499561,0.499157,0.498439,0.497206,0.495169,0.491931,0.486973,0.479665,0.469296,0.455137,0.436529,0.413002,0.384389,0.350938,0.31337,0.27289,0.231127,0.190019,0.151643,0.118044,0.0910637,0.0721971,0.062494,0.062494,0.0721971,0.0910637,0.118044,0.151643,0.190019,0.231127,0.27289,0.31337,0.350938,0.384389,0.413002,0.436529,0.455137,0.469296,0.479665,0.486973,0.491931,0.495169,0.497206,0.498439,0.499157,0.499561,0.499779,0.499893,0.49995,0.499977,0.49999,0.499996,0.499998,0.499999,0.499999
0.499999,0.499999,0.499999,0.499997,0.499992,0.499982,0.499961,0.499916,0.499827,0.499655,0.499337,0.498769,0.497791,0.496172,0.493587,0.489617,0.483742,0.475375,0.463899,0.448752,0.42951,0.405995,0.378362,0.347165,0.31337,0.278321,0.243642,0.211113,0.18251,0.159457,0.143293,0.134965,0.134965,0.143293,0.159457,0.18251,0.211113,0.243642,0.278321,0.31337,0.347165,0.378362,0.405995,0.42951,0.448752,0.463899,0.475375,0.483742,0.489617,0.493587,0.496172,0.497791,0.498769,0.499337,0.499655,0.499827,0.499916,0.499961,0.499982,0.499992,0.499997,0.499999,0.499999,0.499999
0.499999,0.499999,0.499999,0.499998,0.499994,0.499987,0.49997,0.499937,0.499869,0.499738,0.499495,0.499059,0.498307,0.497056,0.495055,0.491967,0.487382,0.480823,0.471788,0.459807,0.444514,0.425731,0.403543,0.378362,0.350938,0.322347,0.293916,0.267122,0.243463,0.22433,0.210878,0.203936,0.203936,0.210878,0.22433,0.243463,0.267122,0.293916,0.322347,0.350938,0.378362,0.403543,0.425731,0.444514,0.459807,0.471788,0.480823,0.487382,0.491967,0.495055,0.497056,0.498307,0.499059,0.499495,0.499738,0.499869,0.499937,0.49997,0.499987,0.499994,0.499998,0.499999,0.499999,0.499999
0.5,0.5,0.499999,0.499998,0.499996,0.49999,0.499978,0.499953,0.499903,0.499807,0.499626,0.499302,0.498741,0.497805,0.4963,0.493971,0.490497,0.485506,0.478601,0.4694,0.457598,0.443029,0.425731,0.405995,0.384389,0.361749,0.339126,0.317709,0.298724,0.283319,0.272463,0.266852,0.266852,0.272463,0.283319,0.298724,0.317709,0.339126,0.361749,0.384389,0.405995,0.425731,0.443029,0.457598,0.4694,0.478601,0.485506,0.490497,0.493971,0.4963,0.497805,0.498741,0.499302,0.499626,0.499807,0.499903,0.499953,0.499978,0.49999,0.499996,0.499998,0.499999,0.5,0.5
0.5,0.5,0.499999,0.499999,0.499997,0.499993,0.499985,0.499967,0.499931,0.499862,0.499732,0.499499,0.499093,0.498413,0.497316,0.495611,0.493058,0.489374,0.484254,0.477398,0.468562,0.457598,0.444514,0.42951,0.413002,0.395617,0.378165,0.361573,0.346811,0.334795,0.326308,0.321915,0.321915,0.326308,0.334795,0.346811,0.361573,0.378165,0.395617,0.413002,0.42951,0.444514,0.457598,0.468562,0.477398,0.484254,0.489374,0.493058,0.495611,0.497316,0.498413,0.499093,0.499499,0.499732,0.499862,0.499931,0.499967,0.499985,0.499993,0.499997,0.499999,0.499999,0.5,0.5
0.5,0.5,0.5,0.499999,0.499998,0.499995,0.499989,0.499977,0.499953,0.499904,0.499814,0.499651,0.499366,0.498888,0.498113,0.496903,0.495084,0.492447,0.488766,0.483813,0.477398,0.4694,0.459807,0.448752,0.436529,0.423597,0.410558,0.398112,0.386999,0.377929,0.371508,0.36818,0.36818,0.371508,0.377929,0.386999,0.398112,0.410558,0.423597,0.436529,0.448752,0.459807,0.4694,0.477398,0.483813,0.488766,0.492447,0.495084,0.496903,0.498113,0.498888,0.499366,0.499651,0.499814,0.499904,0.499953,0.499977,0.499989,0.499995,0.499998,0.499999,0.5,0.5,0.5
0.5,0.5,0.5,0.499999,0.499999,0.499997,0.499993,0.499985,0.499968,0.499936,0.499875,0.499765,0.499571,0.499245,0.498714,0.497883,0.496626,0.494798,0.492232,0.488766,0.484254,0.478601,0.471788,0.463899,0.455137,0.445825,0.436397,0.427364,0.419273,0.412651,0.407955,0.405518,0.405518,0.407955,0.412651,0.419273,0.427364,0.436397,0.445825,0.455137,0.463899,0.471788,0.478601,0.484254,0.488766,0.492232,0.494798,0.496626,0.497883,0.498714,0.499245,0.499571,0.499765,0.499875,0.499936,0.499968,0.499985,0.499993,0.499997,0.499999,0.499999,0.5,0.5,0.5
0.5,0.5,0.5,0.5,0.499999,0.499998,0.499995,0.49999,0.499979,0.499958,0.499919,0.499846,0.499719,0.499503,0.499152,0.498598,0.497757,0.496529,0.494798,0.492447,0.489374,0.485506,0.480823,0.475375,0.469296,0.46281,0.456217,0.449879,0.444184,0.439513,0.436193,0.434469,0.434469,0.436193,0.439513,0.444184,0.449879,0.456217,0.46281,0.469296,0.475375,0.480823,0.485506,0.489374,0.492447,0.494798,0.496529,0.497757,0.498598,0.499152,0.499503,0.499719,0.499846,0.499919,0.499958,0.499979,0.49999,0.499995,0.499998,0.499999,0.5,0.5,0.5,0.5
0.5,0.5,0.5,0.5,0.499999,0.499999,0.499997,0.499994,0.499987,0.499974,0.499949,0.499903,0.499822,0.499684,0.499458,0.499101,0.498557,0.497757,0.496626,0.495084,0.493058,0.490497,0.487382,0.483742,0.479665,0.475297,0.470841,0.466543,0.462671,0.459487,0.457221,0.456043,0.456043,0.457221,0.459487,0.462671,0.466543,0.470841,0.475297,0.479665,0.483742,0.487382,0.490497,0.493058,0.495084,0.496626,0.497757,0.498557,0.499101,0.499458,0.499684,0.499822,0.499903,0.499949,0.499974,0.499987,0.499994,0.499997,0.499999,0.499999,0.5,0.5,0.5,0.5
0.5,0.5,0.5,0.5,0.5,0.499999,0.499998,0.499996,0.499992,0.499984,0.499969,0.49994,0.49989,0.499805,0.499665,0.499442,0.499101,0.498598,0.497883,0.496903,0.495611,0.493971,0.491967,0.489617,0.486973,0.48413,0.481221,0.478406,0.475863,0.473768,0.472275,0.471497,0.471497,0.472275,0.473768,0.475863,0.478406,0.481221,0.48413,0.486973,0.489617,0.491967,0.493971,0.495611,0.496903,0.497883,0.498598,0.499101,0.499442,0.499665,0.499805,0.49989,0.49994,0.499969,0.499984,0.499992,0.499996,0.499998,0.499999,0.5,0.5,0.5,0.5,0.5
0.5,0.5,0.5,0.5,0.5,0.5,0.499999,0.499998,0.499995,0.499991,0.499982,0.499965,0.499935,0.499884,0.499799,0.499665,0.499458,0.499152,0.498714,0.498113,0.497316,0.4963,0.495055,0.493587,0.491931,0.490144,0.488309,0.486529,0.484917,0.483586,0.482636,0.482142,0.482142,0.482636,0.483586,0.484917,0.486529,0.488309,0.490144,0.491931,0.493587,0.495055,0.4963,0.497316,0.498113,0.498714,0.499152,0.499458,0.499665,0.499799,0.499884,0.499935,0.499965,0.499982,0.499991,0.499995,0.499998,0.499999,0.5,0.5,0.5,0.5,0.5,0.5
0.5,0.5,0.5,0.5,0.5,0.5,0.499999,0.499999,0.499997,0.499995,0.499989,0.49998,0.499963,0.499933,0.499884,0.499805,0.499684,0.499503,0.499245,0.498888,0.498413,0.497805,0.497056,0.496172,0.495169,0.494084,0.492967,0.49188,0.490894,0.490078,0.489496,0.489192,0.489192,0.489496,0.490078,0.490894,0.49188,0.492967,0.494084,0.495169,0.496172,0.497056,0.497805,0.498413,0.498888,0.499245,0.499503,0.499684,0.499805,0.499884,0.499933,0.499963,0.49998,0.499989,0.499995,0.499997,0.499999,0.499999,0.5,0.5,0.5,0.5,0.5,0.5
0.5,0.5,0.5,0.5,0.5,0.5,0.5,0.499999,0.499999,0.499997,0.499994,0.499989,0.499979,0.499963,0.499935,0.49989,0.499822,0.499719,0.499571,0.499366,0.499093,0.498741,0.498307,0.497791,0.497206,0.49657,0.495913,0.495273,0.494691,0.494208,0.493863,0.493683,0.493683,0.493863,0.494208,0.494691,0.495273,0.495913,0.49657,0.497206,0.497791,0.498307,0.498741,0.499093,0.499366,0.499571,0.499719,0.499822,0.49989,0.499935,0.499963,0.499979,0.499989,0.499994,0.499997,0.499999,0.499999,0.5,0.5,0.5,0.5,0.5,0.5,0.5
0.5,0.5,0.5,0.5,0.5,0.5,0.5,0.5,0.499999,0.499998,0.499997,0.499994,0.499989,0.49998,0.499965,0.49994,0.499903,0.499846,0.499765,0.499651,0.499499,0.499302,0.499059,0.498769,0.498439,0.498079,0.497706,0.497342,0.497011,0.496736,0.496538,0.496436,0.496436,0.496538,0.496736,0.497011,0.497342,0.497706,0.498079,0.498439,0.498769,0.499059,0.499302,0.499499,0.499651,0.499765,0.499846,0.499903,0.49994,0.499965,0.49998,0.499989,0.499994,0.499997,0.499998,0.499999,0.5,0.5,0.5,0.5,0.5,0.5,0.5,0.5
0.5,0.5,0.5,0.5,0.5,0.5,0.5,0.5,0.5,0.499999,0.499998,0.499997,0.499994,0.499989,0.499982,0.499969,0.499949,0.499919,0.499875,0.499814,0.499732,0.499626,0.499495,0.499337,0.499157,0.498961,0.498757,0.498557,0.498375,0.498224,0.498115,0.498059,0.498059,0.498115,0.498224,0.498375,0.498557,0.498757,0.498961,0.499157,0.499337,0.499495,0.499626,0.499732,0.499814,0.499875,0.499919,0.499949,0.499969,0.499982,0.499989,0.499994,0.499997,0.499998,0.499999,0.5,0.5,0.5,0.5,0.5,0.5,0.5,0.5,0.5
0.5,0.5,0.5,0.5,0.5,0.5,0.5,0.5,0.5,0.5,0.499999,0.499998,0.499997,0.499995,0.499991,0.499984,0.499974,0.499958,0.499936,0.499904,0.499862,0.499807,0.499738,0.499655,0.499561,0.499457,0.49935,0.499244,0.499148,0.499067,0.49901,0.498979,0.498979,0.49901,0.499067,0.499148,0.499244,0.49935,0.499457,0.499561,0.499655,0.499738,0.499807,0.499862,0.499904,0.499936,0.499958,0.499974,0.499984,0.499991,0.499995,0.499997,0.499998,0.499999,0.5,0.5,0.5,0.5,0.5,0.5,0.5,0.5,0.5,0.5
0.5,0.5,0.5,0.5,0.5,0.5,0.5,0.5,0.5,0.5,0.5,0.499999,0.499999,0.499997,0.499995,0.499992,0.499987,0.499979,0.499968,0.499953,0.499931,0.499903,0.499869,0.499827,0.499779,0.499726,0.499672,0.499618,0.499568,0.499527,0.499498,0.499482,0.499482,0.499498,0.499527,0.499568,0.499618,0.499672,0.499726,0.499779,0.499827,0.499869,0.499903,0.499931,0.499953,0.499968,0.499979,0.499987,0.499992,0.499995,0.499997,0.499999,0.499999,0.5,0.5,0.5,0.5,0.5,0.5,0.5,0.5,0.5,0.5,0.5
0.5,0.5,0.5,0.5,0.5,0.5,0.5,0.5,0.5,0.5,0.5,0.5,0.499999,0.499999,0.499998,0.499996,0.499994,0.49999,0.499985,0.499977,0.499967,0.499953,0.499937,0.499916,0.499893,0.499867,0.49984,0.499813,0.499789,0.499769,0.499754,0.499747,0.499747,0.499754,0.499769,0.499789,0.499813,0.49984,0.499867,0.499893,0.499916,0.499937,0.499953,0.499967,0.499977,0.499985,0.49999,0.499994,0.499996,0.499998,0.499999,0.499999,0.5,0.5,0.5,0.5,0.5,0.5,0.5,0.5,0.5,0.5,0.5,0.5
0.5,0.5,0.5,0.5,0.5,0.5,0.5,0.5,0.5,0.5,0.5,0.5,0.5,0.499999,0.499999,0.499998,0.499997,0.499995,0.499993,0.499989,0.499985,0.499978,0.49997,0.499961,0.49995,0.499938,0.499925,0.499912,0.499901,0.499891,0.499884,0.49988,0.49988,0.499884,0.499891,0.499901,0.499912,0.499925,0.499938,0.49995,0.499961,0.49997,0.499978,0.499985,0.499989,0.499993,0.499995,0.499997,0.499998,0.499999,0.499999,0.5,0.5,0.5,0.5,0.5,0.5,0.5,0.5,0.5,0.5,0.5,0.5,0.5
0.5,0.5,0.5,0.5,0.5,0.5,0.5,0.5,0.5,0.5,0.5,0.5,0.5,0.5,0.5,0.499999,0.499999,0.499998,0.499997,0.499995,0.499993,0.49999,0.499987,0.499982,0.499977,0.499972,0.499966,0.49996,0.499955,0.49995,0.499947,0.499945,0.499945,0.499947,0.49995,0.499955,0.49996,0.499966,0.499972,0.499977,0.499982,0.499987,0.49999,0.499993,0.499995,0.499997,0.499998,0.499999,0.499999,0.5,0.5,0.5,0.5,0.5,0.5,0.5,0.5,0.5,0.5,0.5,0.5,0.5,0.5,0.5
0.5,0.5,0.5,0.5,0.5,0.5,0.5,0.5,0.5,0.5,0.5,0.5,0.5,0.5,0.5,0.5,0.499999,0.499999,0.499999,0.499998,0.499997,0.499996,0.499994,0.499992,0.49999,0.499988,0.499985,0.499982,0.49998,0.499978,0.499977,0.499976,0.499976,0.499977,0.499978,0.49998,0.499982,0.499985,0.499988,0.49999,0.499992,0.499994,0.499996,0.499997,0.499998,0.499999,0.499999,0.499999,0.5,0.5,0.5,0.5,0.5,0.5,0.5,0.5,0.5,0.5,0.5,0.5,0.5,0.5,0.5,0.5
0.5,0.5,0.5,0.5,0.5,0.5,0.5,0.5,0.5,0.5,0.5,0.5,0.5,0.5,0.5,0.5,0.5,0.5,0.499999,0.499999,0.499999,0.499998,0.499998,0.499997,0.499996,0.499995,0.499994,0.499993,0.499992,0.499991,0.49999,0.49999,0.49999,0.49999,0.499991,0.499992,0.499993,0.499994,0.499995,0.499996,0.499997,0.499998,0.499998,0.499999,0.499999,0.499999,0.5,0.5,0.5,0.5,0.5,0.5,0.5,0.5,0.5,0.5,0.5,0.5,0.5,0.5,0.5,0.5,0.5,0.5
0.5,0.5,0.5,0.5,0.5,0.5,0.5,0.5,0.5,0.5,0.5,0.5,0.5,0.5,0.5,0.5,0.5,0.5,0.5,0.5,0.499999,0.499999,0.499999,0.499999,0.499998,0.499998,0.499997,0.499997,0.499996,0.499996,0.499996,0.499996,0.499996,0.499996,0.499996,0.499996,0.499997,0.499997,0.499998,0.499998,0.499999,0.499999,0.499999,0.499999,0.5,0.5,0.5,0.5,0.5,0.5,0.5,0.5,0.5,0.5,0.5,0.5,0.5,0.5,0.5,0.5,0.5,0.5,0.5,0.5
0.5,0.5,0.5,0.5,0.5,0.5,0.5,0.5,0.5,0.5,0.5,0.5,0.5,0.5,0.5,0.5,0.5,0.5,0.5,0.5,0.5,0.5,0.499999,0.499999,0.499999,0.499999,0.499999,0.499998,0.499998,0.499998,0.499998,0.499998,0.499998,0.499998,0.499998,0.499998,0.499998,0.499999,0.499999,0.499999,0.499999,0.499999,0.5,0.5,0.5,0.5,0.5,0.5,0.5,0.5,0.5,0.5,0.5,0.5,0.5,0.5,0.5,0.5,0.5,0.5,0.5,0.5,0.5,0.5
0.5,0.5,0.5,0.5,0.5,0.5,0.5,0.5,0.5,0.5,0.5,0.5,0.5,0.5,0.5,0.5,0.5,0.5,0.5,0.5,0.5,0.5,0.499999,0.499999,0.499999,0.499999,0.499999,0.499998,0.499998,0.499998,0.499998,0.499998,0.499998,0.499998,0.499998,0.499998,0.499998,0.499999,0.499999,0.499999,0.499999,0.499999,0.5,0.5,0.5,0.5,0.5,0.5,0.5,0.5,0.5,0.5,0.5,0.5,0.5,0.5,0.5,0.5,0.5,0.5,0.5,0.5,0.5,0.5
