0.5,0.5,0.5,0.5,0.5,0.5,0.5,0.5,0.5,0.5,0.5,0.5,0.5,0.5,0.5,0.5,0.5,0.5,0.5,0.5,0.5,0.5,0.5,0.499999,0.499999,0.499999,0.499999,0.499999,0.499998,0.499998,0.499998,0.499998,0.499998,0.499998,0.499998,0.499998,0.499999,0.499999,0.499999,0.499999,0.499999,0.5,0.5,0.5,0.5,0.5,0.5,0.5,0.5,0.5,0.5,0.5,0.5,0.5,0.5,0.5,0.5,0.5,0.5,0.5,0.5,0.5,0.5,0.5
0.5,0.5,0.5,0.5,0.5,0.5,0.5,0.5,0.5,0.5,0.5,0.5,0.5,0.5,0.5,0.5,0.5,0.5,0.5,0.5,0.5,0.5,0.5,0.499999,0.499999,0.499999,0.499999,0.499999,0.499998,0.499998,0.499998,0.499998,0.499998,0.499998,0.499998,0.499998,0.499999,0.499999,0.499999,0.499999,0.499999,0.5,0.5,0.5,0.5,0.5,0.5,0.5,0.5,0.5,0.5,0.5,0.5,0.5,0.5,0.5,0.5,0.5,0.5,0.5,0.5,0.5,0.5,0.5
0.5,0.5,0.5,0.5,0.5,0.5,0.5,0.5,0.5,0.5,0.5,0.5,0.5,0.5,0.5,0.5,0.5,0.5,0.5,0.5,0.5,0.499999,0.499999,0.499999,0.499999,0.499998,0.499998,0.499997,0.499997,0.499997,0.499997,0.499996,0.499996,0.499997,0.499997,0.499997,0.499997,0.499998,0.499998,0.499999,0.499999,0.499999,0.499999,0.5,0.5,0.5,0.5,0.5,0.5,0.5,0.5,0.5,0.5,0.5,0.5,0.5,0.5,0.5,0.5,0.5,0.5,0.5,0.5,0.5
0.5,0.5,0.5,0.5,0.5,0.5,0.5,0.5,0.5,0.5,0.5,0.5,0.5,0.5,0.5,0.5,0.5,0.5,0.5,0.499999,0.499999,0.499999,0.499998,0.499997,0.499997,0.499996,0.499995,0.499994,0.499993,0.499992,0.499992,0.499992,0.499992,0.499992,0.499992,0.499993,0.499994,0.499995,0.499996,0.499997,0.499997,0.499998,0.499999,0.499999,0.499999,0.5,0.5,0.5,0.5,0.5,0.5,0.5,0.5,0.5,0.5,0.5,0.5,0.5,0.5,0.5,0.5,0.5,0.5,0.5
0.5,0.5,0.5,0.5,0.5,0.5,0.5,0.5,0.5,0.5,0.5,0.5,0.5,0.5,0.5,0.5,0.5,0.499999,0.499999,0.499998,0.499998,0.499997,0.499995,0.499994,0.499992,0.49999,0.499988,0.499986,0.499984,0.499982,0.499981,0.499981,0.499981,0.499981,0.499982,0.499984,0.499986,0.499988,0.49999,0.499992,0.499994,0.499995,0.499997,0.499998,0.499998,0.499999,0.499999,0.5,0.5,0.5,0.5,0.5,0.5,0.5,0.5,0.5,0.5,0.5,0.5,0.5,0.5,0.5,0.5,0.5
0.5,0.5,0.5,0.5,0.5,0.5,0.5,0.5,0.5,0.5,0.5,0.5,0.5,0.5,0.5,0.499999,0.499999,0.499998,0.499997,0.499996,0.499994,0.499992,0.499989,0.499986,0.499982,0.499977,0.499972,0.499968,0.499964,0.49996,0.499958,0.499956,0.499956,0.499958,0.49996,0.499964,0.499968,0.499972,0.499977,0.499982,0.499986,0.499989,0.499992,0.499994,0.499996,0.499997,0.499998,0.499999,0.499999,0.5,0.5,0.5,0.5,0.5,0.5,0.5,0.5,0.5,0.5,0.5,0.5,0.5,0.5,0.5
0.5,0.5,0.5,0.5,0.5,0.5,0.5,0.5,0.5,0.5,0.5,0.5,0.5,0.5,0.499999,0.499999,0.499998,0.499996,0.499994,0.499991,0.499987,0.499982,0.499976,0.499968,0.49996,0.49995,0.49994,0.49993,0.499921,0.499913,0.499908,0.499905,0.499905,0.499908,0.499913,0.499921,0.49993,0.49994,0.49995,0.49996,0.499968,0.499976,0.499982,0.499987,0.499991,0.499994,0.499996,0.499998,0.499999,0.499999,0.5,0.5,0.5,0.5,0.5,0.5,0.5,0.5,0.5,0.5,0.5,0.5,0.5,0.5
0.5,0.5,0.5,0.5,0.5,0.5,0.5,0.5,0.5,0.5,0.5,0.5,0.499999,0.499999,0.499998,0.499997,0.499995,0.499992,0.499988,0.499982,0.499973,0.499963,0.499949,0.499933,0.499915,0.499895,0.499874,0.499853,0.499834,0.499819,0.499807,0.499802,0.499802,0.499807,0.499819,0.499834,0.499853,0.499874,0.499895,0.499915,0.499933,0.499949,0.499963,0.499973,0.499982,0.499988,0.499992,0.499995,0.499997,0.499998,0.499999,0.499999,0.5,0.5,0.5,0.5,0.5,0.5,0.5,0.5,0.5,0.5,0.5,0.5
0.5,0.5,0.5,0.5,0.5,0.5,0.5,0.5,0.5,0.5,0.5,0.499999,0.499999,0.499998,0.499996,0.499994,0.49999,0.499983,0.499974,0.499962,0.499945,0.499923,0.499896,0.499864,0.499827,0.499786,0.499744,0.499703,0.499666,0.499635,0.499612,0.499601,0.499601,0.499612,0.499635,0.499666,0.499703,0.499744,0.499786,0.499827,0.499864,0.499896,0.499923,0.499945,0.499962,0.499974,0.499983,0.49999,0.499994,0.499996,0.499998,0.499999,0.499999,0.5,0.5,0.5,0.5,0.5,0.5,0.5,0.5,0.5,0.5,0.5
0.5,0.5,0.5,0.5,0.5,0.5,0.5,0.5,0.5,0.5,0.499999,0.499999,0.499998,0.499996,0.499992,0.499987,0.499979,0.499967,0.499949,0.499924,0.499891,0.499848,0.499795,0.499732,0.49966,0.499582,0.499501,0.499423,0.499351,0.499291,0.499249,0.499226,0.499226,0.499249,0.499291,0.499351,0.499423,0.499501,0.499582,0.49966,0.499732,0.499795,0.499848,0.499891,0.499924,0.499949,0.499967,0.499979,0.499987,0.499992,0.499996,0.499998,0.499999,0.499999,0.5,0.5,0.5,0.5,0.5,0.5,0.5,0.5,0.5,0.5
0.5,0.5,0.5,0.5,0.5,0.5,0.5,0.5,0.5,0.499999,0.499999,0.499997,0.499995,0.499991,0.499985,0.499975,0.499959,0.499935,0.499901,0.499854,0.499791,0.49971,0.49961,0.499492,0.499358,0.499213,0.499063,0.498917,0.498785,0.498675,0.498597,0.498556,0.498556,0.498597,0.498675,0.498785,0.498917,0.499063,0.499213,0.499358,0.499492,0.49961,0.49971,0.499791,0.499854,0.499901,0.499935,0.499959,0.499975,0.499985,0.499991,0.499995,0.499997,0.499999,0.499999,0.5,0.5,0.5,0.5,0.5,0.5,0.5,0.5,0.5
0.5,0.5,0.5,0.5,0.5,0.5,0.5,0.5,0.499999,0.499999,0.499997,0.499995,0.499991,0.499984,0.499972,0.499952,0.499923,0.499879,0.499816,0.499729,0.499614,0.499466,0.499286,0.499072,0.498831,0.498571,0.498303,0.498043,0.497807,0.497613,0.497474,0.497401,0.497401,0.497474,0.497613,0.497807,0.498043,0.498303,0.498571,0.498831,0.499072,0.499286,0.499466,0.499614,0.499729,0.499816,0.499879,0.499923,0.499952,0.499972,0.499984,0.499991,0.499995,0.499997,0.499999,0.499999,0.5,0.5,0.5,0.5,0.5,0.5,0.5,0.5
0.5,0.5,0.5,0.5,0.5,0.5,0.5,0.499999,0.499999,0.499998,0.499995,0.499991,0.499983,0.49997,0.499948,0.499913,0.49986,0.499781,0.499668,0.499514,0.499311,0.499052,0.498736,0.498365,0.497947,0.497497,0.497036,0.49659,0.496186,0.495854,0.495617,0.495493,0.495493,0.495617,0.495854,0.496186,0.49659,0.497036,0.497497,0.497947,0.498365,0.498736,0.499052,0.499311,0.499514,0.499668,0.499781,0.49986,0.499913,0.499948,0.49997,0.499983,0.499991,0.499995,0.499998,0.499999,0.499999,0.5,0.5,0.5,0.5,0.5,0.5,0.5
0.5,0.5,0.5,0.5,0.5,0.5,0.5,0.499999,0.499998,0.499996,0.499991,0.499984,0.49997,0.499946,0.499908,0.499847,0.499754,0.499617,0.499424,0.49916,0.498813,0.498375,0.497841,0.497218,0.496519,0.49577,0.495006,0.494268,0.493603,0.493056,0.492666,0.492464,0.492464,0.492666,0.493056,0.493603,0.494268,0.495006,0.49577,0.496519,0.497218,0.497841,0.498375,0.498813,0.49916,0.499424,0.499617,0.499754,0.499847,0.499908,0.499946,0.49997,0.499984,0.499991,0.499996,0.499998,0.499999,0.5,0.5,0.5,0.5,0.5,0.5,0.5
0.5,0.5,0.5,0.5,0.5,0.5,0.499999,0.499998,0.499996,0.499992,0.499985,0.499972,0.499948,0.499908,0.499842,0.499739,0.499583,0.499355,0.499033,0.498597,0.498026,0.497309,0.49644,0.49543,0.494304,0.493101,0.491879,0.490704,0.489647,0.48878,0.488164,0.487844,0.487844,0.488164,0.48878,0.489647,0.490704,0.491879,0.493101,0.494304,0.49543,0.49644,0.497309,0.498026,0.498597,0.499033,0.499355,0.499583,0.499739,0.499842,0.499908,0.499948,0.499972,0.499985,0.499992,0.499996,0.499998,0.499999,0.5,0.5,0.5,0.5,0.5,0.5
0.5,0.5,0.5,0.5,0.5,0.499999,0.499999,0.499997,0.499994,0.499987,0.499975,0.499952,0.499913,0.499847,0.499739,0.499571,0.499317,0.498948,0.498431,0.497734,0.496828,0.495694,0.494329,0.49275,0.490998,0.489136,0.487252,0.485447,0.48383,0.482506,0.481568,0.48108,0.48108,0.481568,0.482506,0.48383,0.485447,0.487252,0.489136,0.490998,0.49275,0.494329,0.495694,0.496828,0.497734,0.498431,0.498948,0.499317,0.499571,0.499739,0.499847,0.499913,0.499952,0.499975,0.499987,0.499994,0.499997,0.499999,0.499999,0.5,0.5,0.5,0.5,0.5
0.5,0.5,0.5,0.5,0.5,0.499999,0.499998,0.499995,0.49999,0.499979,0.499959,0.499923,0.49986,0.499754,0.499583,0.499317,0.498918,0.498341,0.497539,0.496462,0.49507,0.49334,0.491268,0.488885,0.486254,0.483474,0.480672,0.477999,0.475612,0.473665,0.472286,0.471572,0.471572,0.472286,0.473665,0.475612,0.477999,0.480672,0.483474,0.486254,0.488885,0.491268,0.49334,0.49507,0.496462,0.497539,0.498341,0.498918,0.499317,0.499583,0.499754,0.49986,0.499923,0.499959,0.499979,0.49999,0.499995,0.499998,0.499999,0.5,0.5,0.5,0.5,0.5
0.5,0.5,0.5,0.5,0.499999,0.499998,0.499996,0.499992,0.499983,0.499967,0.499935,0.499879,0.499781,0.499617,0.499355,0.498948,0.498341,0.49747,0.496264,0.494655,0.49259,0.490036,0.486999,0.483524,0.47971,0.4757,0.471679,0.46786,0.464464,0.461701,0.45975,0.45874,0.45874,0.45975,0.461701,0.464464,0.46786,0.471679,0.4757,0.47971,0.483524,0.486999,0.490036,0.49259,0.494655,0.496264,0.49747,0.498341,0.498948,0.499355,0.499617,0.499781,0.499879,0.499935,0.499967,0.499983,0.499992,0.499996,0.499998,0.499999,0.5,0.5,0.5,0.5
0.5,0.5,0.5,0.5,0.499999,0.499997,0.499994,0.499988,0.499974,0.499949,0.499901,0.499816,0.499668,0.499424,0.499033,0.498431,0.497539,0.496264,0.49451,0.492185,0.489219,0.485575,0.481267,0.47637,0.471026,0.465441,0.45987,0.454605,0.449942,0.44616,0.443496,0.44212,0.44212,0.443496,0.44616,0.449942,0.454605,0.45987,0.465441,0.471026,0.47637,0.481267,0.485575,0.489219,0.492185,0.49451,0.496264,0.497539,0.498431,0.499033,0.499424,0.499668,0.499816,0.499901,0.499949,0.499974,0.499988,0.499994,0.499997,0.499999,0.5,0.5,0.5,0.5
0.5,0.5,0.5,0.499999,0.499998,0.499996,0.499991,0.499982,0.499962,0.499924,0.499854,0.499729,0.499514,0.49916,0.498597,0.497734,0.496462,0.494655,0.492185,0.488933,0.484809,0.479776,0.473864,0.467188,0.459948,0.452428,0.444971,0.437958,0.431776,0.426782,0.423274,0.421464,0.421464,0.423274,0.426782,0.431776,0.437958,0.444971,0.452428,0.459948,0.467188,0.473864,0.479776,0.484809,0.488933,0.492185,0.494655,0.496462,0.497734,0.498597,0.49916,0.499514,0.499729,0.499854,0.499924,0.499962,0.499982,0.499991,0.499996,0.499998,0.499999,0.5,0.5,0.5
0.5,0.5,0.5,0.499999,0.499998,0.499994,0.499987,0.499973,0.499945,0.499891,0.499791,0.499614,0.499311,0.498813,0.498026,0.496828,0.49507,0.49259,0.489219,0.484809,0.479254,0.472519,0.464663,0.45585,0.446359,0.436563,0.42691,0.417883,0.409966,0.403595,0.399134,0.396837,0.396837,0.399134,0.403595,0.409966,0.417883,0.42691,0.436563,0.446359,0.45585,0.464663,0.472519,0.479254,0.484809,0.489219,0.49259,0.49507,0.496828,0.498026,0.498813,0.499311,0.499614,0.499791,0.499891,0.499945,0.499973,0.499987,0.499994,0.499998,0.499999,0.5,0.5,0.5
0.5,0.5,0.499999,0.499999,0.499997,0.499992,0.499982,0.499963,0.499923,0.499848,0.49971,0.499466,0.499052,0.498375,0.497309,0.495694,0.49334,0.490036,0.485575,0.479776,0.472519,0.463782,0.45366,0.442387,0.430332,0.417976,0.40588,0.394639,0.384832,0.376977,0.371494,0.368677,0.368677,0.371494,0.376977,0.384832,0.394639,0.40588,0.417976,0.430332,0.442387,0.45366,0.463782,0.472519,0.479776,0.485575,0.490036,0.49334,0.495694,0.497309,0.498375,0.499052,0.499466,0.49971,0.499848,0.499923,0.499963,0.499982,0.499992,0.499997,0.499999,0.499999,0.5,0.5
0.5,0.5,0.499999,0.499998,0.499995,0.499989,0.499976,0.499949,0.499896,0.499795,0.49961,0.499286,0.498736,0.497841,0.49644,0.494329,0.491268,0.486999,0.481267,0.473864,0.464663,0.45366,0.441005,0.427016,0.412165,0.397054,0.382366,0.368805,0.357044,0.347671,0.341153,0.337812,0.337812,0.341153,0.347671,0.357044,0.368805,0.382366,0.397054,0.412165,0.427016,0.441005,0.45366,0.464663,0.473864,0.481267,0.486999,0.491268,0.494329,0.49644,0.497841,0.498736,0.499286,0.49961,0.499795,0.499896,0.499949,0.499976,0.499989,0.499995,0.499998,0.499999,0.5,0.5
0.499999,0.499999,0.499999,0.499997,0.499994,0.499986,0.499968,0.499933,0.499864,0.499732,0.499492,0.499072,0.498365,0.497218,0.49543,0.49275,0.488885,0.483524,0.47637,0.467188,0.45585,0.442387,0.427016,0.410149,0.39238,0.374437,0.357126,0.341257,0.327581,0.316741,0.309233,0.305395,0.305395,0.309233,0.316741,0.327581,0.341257,0.357126,0.374437,0.39238,0.410149,0.427016,0.442387,0.45585,0.467188,0.47637,0.483524,0.488885,0.49275,0.49543,0.497218,0.498365,0.499072,0.499492,0.499732,0.499864,0.499933,0.499968,0.499986,0.499994,0.499997,0.499999,0.499999,0.499999
0.499999,0.499999,0.499999,0.499997,0.499992,0.499982,0.49996,0.499915,0.499827,0.49966,0.499358,0.498831,0.497947,0.496519,0.494304,0.490998,0.486254,0.47971,0.471026,0.459948,0.446359,0.430332,0.412165,0.39238,0.371697,0.350977,0.331142,0.313093,0.297645,0.28547,0.277076,0.272797,0.272797,0.277076,0.28547,0.297645,0.313093,0.331142,0.350977,0.371697,0.39238,0.412165,0.430332,0.446359,0.459948,0.471026,0.47971,0.486254,0.490998,0.494304,0.496519,0.497947,0.498831,0.499358,0.49966,0.499827,0.499915,0.49996,0.499982,0.499992,0.499997,0.499999,0.499999,0.499999
0.499999,0.499999,0.499998,0.499996,0.49999,0.499977,0.49995,0.499895,0.499786,0.499582,0.499213,0.498571,0.497497,0.49577,0.493101,0.489136,0.483474,0.4757,0.465441,0.452428,0.436563,0.417976,0.397054,0.374437,0.350977,0.327661,0.305516,0.285522,0.26853,0.255222,0.246091,0.24145,0.24145,0.246091,0.255222,0.26853,0.285522,0.305516,0.327661,0.350977,0.374437,0.397054,0.417976,0.436563,0.452428,0.465441,0.4757,0.483474,0.489136,0.493101,0.49577,0.497497,0.498571,0.499213,0.499582,0.499786,0.499895,0.49995,0.499977,0.49999,0.499996,0.499998,0.499999,0.499999
0.499999,0.499999,0.499998,0.499995,0.499988,0.499972,0.49994,0.499874,0.499744,0.499501,0.499063,0.498303,0.497036,0.495006,0.491879,0.487252,0.480672,0.471679,0.45987,0.444971,0.42691,0.40588,0.382366,0.357126,0.331142,0.305516,0.281371,0.25974,0.241491,0.22729,0.217595,0.212683,0.212683,0.217595,0.22729,0.241491,0.25974,0.281371,0.305516,0.331142,0.357126,0.382366,0.40588,0.42691,0.444971,0.45987,0.471679,0.480672,0.487252,0.491879,0.495006,0.497036,0.498303,0.499063,0.499501,0.499744,0.499874,0.49994,0.499972,0.499988,0.499995,0.499998,0.499999,0.499999
0.499999,0.499999,0.499997,0.499994,0.499986,0.499968,0.49993,0.499853,0.499703,0.499423,0.498917,0.498043,0.49659,0.494268,0.490704,0.485447,0.477999,0.46786,0.454605,0.437958,0.417883,0.394639,0.368805,0.341257,0.313093,0.285522,0.25974,0.236816,0.217616,0.202769,0.192684,0.187592,0.187592,0.192684,0.202769,0.217616,0.236816,0.25974,0.285522,0.313093,0.341257,0.368805,0.394639,0.417883,0.437958,0.454605,0.46786,0.477999,0.485447,0.490704,0.494268,0.49659,0.498043,0.498917,0.499423,0.499703,0.499853,0.49993,0.499968,0.499986,0.499994,0.499997,0.499999,0.499999
0.499998,0.499998,0.499997,0.499993,0.499984,0.499964,0.499921,0.499834,0.499666,0.499351,0.498785,0.497807,0.496186,0.493603,0.489647,0.48383,0.475612,0.464464,0.449942,0.431776,0.409966,0.384832,0.357044,0.327581,0.297645,0.26853,0.241491,0.217616,0.197752,0.182483,0.172161,0.166966,0.166966,0.172161,0.182483,0.197752,0.217616,0.241491,0.26853,0.297645,0.327581,0.357044,0.384832,0.409966,0.431776,0.449942,0.464464,0.475612,0.48383,0.489647,0.493603,0.496186,0.497807,0.498785,0.499351,0.499666,0.499834,0.499921,0.499964,0.499984,0.499993,0.499997,0.499998,0.499998
0.499998,0.499998,0.499997,0.499992,0.499982,0.49996,0.499913,0.499819,0.499635,0.499291,0.498675,0.497613,0.495854,0.493056,0.48878,0.482506,0.473665,0.461701,0.44616,0.426782,0.403595,0.376977,0.347671,0.316741,0.28547,0.255222,0.22729,0.202769,0.182483,0.16697,0.156528,0.151286,0.151286,0.156528,0.16697,0.182483,0.202769,0.22729,0.255222,0.28547,0.316741,0.347671,0.376977,0.403595,0.426782,0.44616,0.461701,0.473665,0.482506,0.48878,0.493056,0.495854,0.497613,0.498675,0.499291,0.499635,0.499819,0.499913,0.49996,0.499982,0.499992,0.499997,0.499998,0.499998
0.499998,0.499998,0.499997,0.499992,0.499981,0.499958,0.499908,0.499807,0.499612,0.499249,0.498597,0.497474,0.495617,0.492666,0.488164,0.481568,0.472286,0.45975,0.443496,0.423274,0.399134,0.371494,0.341153,0.309233,0.277076,0.246091,0.217595,0.192684,0.172161,0.156528,0.146036,0.14078,0.14078,0.146036,0.156528,0.172161,0.192684,0.217595,0.246091,0.277076,0.309233,0.341153,0.371494,0.399134,0.423274,0.443496,0.45975,0.472286,0.481568,0.488164,0.492666,0.495617,0.497474,0.498597,0.499249,0.499612,0.499807,0.499908,0.499958,0.499981,0.499992,0.499997,0.499998,0.499998
0.499998,0.499998,0.499996,0.499992,0.499981,0.499956,0.499905,0.499802,0.499601,0.499226,0.498556,0.497401,0.495493,0.492464,0.487844,0.48108,0.471572,0.45874,0.44212,0.421464,0.396837,0.368677,0.337812,0.305395,0.272797,0.24145,0.212683,0.187592,0.166966,0.151286,0.14078,0.135523,0.135523,0.14078,0.151286,0.166966,0.187592,0.212683,0.24145,0.272797,0.305395,0.337812,0.368677,0.396837,0.421464,0.44212,0.45874,0.471572,0.48108,0.487844,0.492464,0.495493,0.497401,0.498556,0.499226,0.499601,0.499802,0.499905,0.499956,0.499981,0.499992,0.499996,0.499998,0.499998
0.499998,0.499998,0.499996,0.499992,0.499981,0.499956,0.499905,0.499802,0.499601,0.499226,0.498556,0.497401,0.495493,0.492464,0.487844,0.48108,0.471572,0.45874,0.44212,0.421464,0.396837,0.368677,0.337812,0.305395,0.272797,0.24145,0.212683,0.187592,0.166966,0.151286,0.14078,0.135523,0.135523,0.14078,0.151286,0.166966,0.187592,0.212683,0.24145,0.272797,0.305395,0.337812,0.368677,0.396837,0.421464,0.44212,0.45874,0.471572,0.48108,0.487844,0.492464,0.495493,0.497401,0.498556,0.499226,0.499601,0.499802,0.499905,0.499956,0.499981,0.499992,0.499996,0.499998,0.499998
0.499998,0.499998,0.499997,0.499992,0.499981,0.499958,0.499908,0.499807,0.499612,0.499249,0.498597,0.497474,0.495617,0.492666,0.488164,0.481568,0.472286,0.45975,0.443496,0.423274,0.399134,0.371494,0.341153,0.309233,0.277076,0.246091,0.217595,0.192684,0.172161,0.156528,0.146036,0.14078,0.14078,0.146036,0.156528,0.172161,0.192684,0.217595,0.246091,0.277076,0.309233,0.341153,0.371494,0.399134,0.423274,0.443496,0.45975,0.472286,0.481568,0.488164,0.492666,0.495617,0.497474,0.498597,0.499249,0.499612,0.499807,0.499908,0.499958,0.499981,0.499992,0.499997,0.499998,0.499998
0.499998,0.499998,0.499997,0.499992,0.499982,0.49996,0.499913,0.499819,0.499635,0.499291,0.498675,0.497613,0.495854,0.493056,0.48878,0.482506,0.473665,0.461701,0.44616,0.426782,0.403595,0.376977,0.347671,0.316741,0.28547,0.255222,0.22729,0.202769,0.182483,0.16697,0.156528,0.151286,0.151286,0.156528,0.16697,0.182483,0.202769,0.22729,0.255222,0.28547,0.316741,0.347671,0.376977,0.403595,0.426782,0.44616,0.461701,0.473665,0.482506,0.48878,0.493056,0.495854,0.497613,0.498675,0.499291,0.499635,0.499819,0.499913,0.49996,0.499982,0.499992,0.499997,0.499998,0.499998
0.499998,0.499998,0.499997,0.499993,0.499984,0.499964,0.499921,0.499834,0.499666,0.499351,0.498785,0.497807,0.496186,0.493603,0.489647,0.48383,0.475612,0.464464,0.449942,0.431776,0.409966,0.384832,0.357044,0.327581,0.297645,0.26853,0.241491,0.217616,0.197752,0.182483,0.172161,0.166966,0.166966,0.172161,0.182483,0.197752,0.217616,0.241491,0.26853,0.297645,0.327581,0.357044,0.384832,0.409966,0.431776,0.449942,0.464464,0.475612,0.48383,0.489647,0.493603,0.496186,0.497807,0.498785,0.499351,0.499666,0.499834,0.499921,0.499964,0.499984,0.499993,0.499997,0.499998,0.499998
0.499999,0.499999,0.499997,0.499994,0.499986,0.499968,0.49993,0.499853,0.499703,0.499423,0.498917,0.498043,0.49659,0.494268,0.490704,0.485447,0.477999,0.46786,0.454605,0.437958,0.417883,0.394639,0.368805,0.341257,0.313093,0.285522,0.25974,0.236816,0.217616,0.202769,0.192684,0.187592,0.187592,0.192684,0.202769,0.217616,0.236816,0.25974,0.285522,0.313093,0.341257,0.368805,0.394639,0.417883,0.437958,0.454605,0.46786,0.477999,0.485447,0.490704,0.494268,0.49659,0.498043,0.498917,0.499423,0.499703,0.499853,0.49993,0.499968,0.499986,0.499994,0.499997,0.499999,0.499999
0.499999,0.499999,0.499998,0.499995,0.499988,0.499972,0.49994,0.499874,0.499744,0.499501,0.499063,0.498303,0.497036,0.495006,0.491879,0.487252,0.480672,0.471679,0.45987,0.444971,0.42691,0.40588,0.382366,0.357126,0.331142,0.305516,0.281371,0.25974,0.241491,0.22729,0.217595,0.212683,0.212683,0.217595,0.22729,0.241491,0.25974,0.281371,0.305516,0.331142,0.357126,0.382366,0.40588,0.42691,0.444971,0.45987,0.471679,0.480672,0.487252,0.491879,0.495006,0.497036,0.498303,0.499063,0.499501,0.499744,0.499874,0.49994,0.499972,0.499988,0.499995,0.499998,0.499999,0.499999
0.499999,0.499999,0.499998,0.499996,0.49999,0.499977,0.49995,0.499895,0.499786,0.499582,0.499213,0.498571,0.497497,0.49577,0.493101,0.489136,0.483474,0.4757,0.465441,0.452428,0.436563,0.417976,0.397054,0.374437,0.350977,0.327661,0.305516,0.285522,0.26853,0.255222,0.246091,0.24145,0.24145,0.246091,0.255222,0.26853,0.285522,0.305516,0.327661,0.350977,0.374437,0.397054,0.417976,0.436563,0.452428,0.465441,0.4757,0.483474,0.489136,0.493101,0.49577,0.497497,0.498571,0.499213,0.499582,0.499786,0.499895,0.49995,0.499977,0.49999,0.499996,0.499998,0.499999,0.499999
0.499999,0.499999,0.499999,0.499997,0.499992,0.499982,0.49996,0.499915,0.499827,0.49966,0.499358,0.498831,0.497947,0.496519,0.494304,0.490998,0.486254,0.47971,0.471026,0.459948,0.446359,0.430332,0.412165,0.39238,0.371697,0.350977,0.331142,0.313093,0.297645,0.28547,0.277076,0.272797,0.272797,0.277076,0.28547,0.297645,0.313093,0.331142,0.350977,0.371697,0.39238,0.412165,0.430332,0.446359,0.459948,0.471026,0.47971,0.486254,0.490998,0.494304,0.496519,0.497947,0.498831,0.499358,0.49966,0.499827,0.499915,0.49996,0.499982,0.499992,0.499997,0.499999,0.499999,0.499999
0.499999,0.499999,0.499999,0.499997,0.499994,0.499986,0.499968,0.499933,0.499864,0.499732,0.499492,0.499072,0.498365,0.497218,0.49543,0.49275,0.488885,0.483524,0.47637,0.467188,0.45585,0.442387,0.427016,0.410149,0.39238,0.374437,0.357126,0.341257,0.327581,0.316741,0.309233,0.305395,0.305395,0.309233,0.316741,0.327581,0.341257,0.357126,0.374437,0.39238,0.410149,0.427016,0.442387,0.45585,0.467188,0.47637,0.483524,0.488885,0.49275,0.49543,0.497218,0.498365,0.499072,0.499492,0.499732,0.499864,0.499933,0.499968,0.499986,0.499994,0.499997,0.499999,0.499999,0.499999
0.5,0.5,0.499999,0.499998,0.499995,0.499989,0.499976,0.499949,0.499896,0.499795,0.49961,0.499286,0.498736,0.497841,0.49644,0.494329,0.491268,0.486999,0.481267,0.473864,0.464663,0.45366,0.441005,0.427016,0.412165,0.397054,0.382366,0.368805,0.357044,0.347671,0.341153,0.337812,0.337812,0.341153,0.347671,0.357044,0.368805,0.382366,0.397054,0.412165,0.427016,0.441005,0.45366,0.464663,0.473864,0.481267,0.486999,0.491268,0.494329,0.49644,0.497841,0.498736,0.499286,0.49961,0.499795,0.499896,0.499949,0.499976,0.499989,0.499995,0.499998,0.499999,0.5,0.5
0.5,0.5,0.499999,0.499999,0.499997,0.499992,0.499982,0.499963,0.499923,0.499848,0.49971,0.499466,0.499052,0.498375,0.497309,0.495694,0.49334,0.490036,0.485575,0.479776,0.472519,0.463782,0.45366,0.442387,0.430332,0.417976,0.40588,0.394639,0.384832,0.376977,0.371494,0.368677,0.368677,0.371494,0.376977,0.384832,0.394639,0.40588,0.417976,0.430332,0.442387,0.45366,0.463782,0.472519,0.479776,0.485575,0.490036,0.49334,0.495694,0.497309,0.498375,0.499052,0.499466,0.49971,0.499848,0.499923,0.499963,0.499982,0.499992,0.499997,0.499999,0.499999,0.5,0.5
0.5,0.5,0.5,0.499999,0.499998,0.499994,0.499987,0.499973,0.499945,0.499891,0.499791,0.499614,0.499311,0.498813,0.498026,0.496828,0.49507,0.49259,0.489219,0.484809,0.479254,0.472519,0.464663,0.45585,0.446359,0.436563,0.42691,0.417883,0.409966,0.403595,0.399134,0.396837,0.396837,0.399134,0.403595,0.409966,0.417883,0.42691,0.436563,0.446359,0.45585,0.464663,0.472519,0.479254,0.484809,0.489219,0.49259,0.49507,0.496828,0.498026,0.498813,0.499311,0.499614,0.499791,0.499891,0.499945,0.499973,0.499987,0.499994,0.499998,0.499999,0.5,0.5,0.5
0.5,0.5,0.5,0.499999,0.499998,0.499996,0.499991,0.499982,0.499962,0.499924,0.499854,0.499729,0.499514,0.49916,0.498597,0.497734,0.496462,0.494655,0.492185,0.488933,0.484809,0.479776,0.473864,0.467188,0.459948,0.452428,0.444971,0.437958,0.431776,0.426782,0.423274,0.421464,0.421464,0.423274,0.426782,0.431776,0.437958,0.444971,0.452428,0.459948,0.467188,0.473864,0.479776,0.484809,0.488933,0.492185,0.494655,0.496462,0.497734,0.498597,0.49916,0.499514,0.499729,0.499854,0.499924,0.499962,0.499982,0.499991,0.499996,0.499998,0.499999,0.5,0.5,0.5
0.5,0.5,0.5,0.5,0.499999,0.499997,0.499994,0.499988,0.499974,0.499949,0.499901,0.499816,0.499668,0.499424,0.499033,0.498431,0.497539,0.496264,0.49451,0.492185,0.489219,0.485575,0.481267,0.47637,0.471026,0.465441,0.45987,0.454605,0.449942,0.44616,0.443496,0.44212,0.44212,0.443496,0.44616,0.449942,0.454605,0.45987,0.465441,0.471026,0.47637,0.481267,0.485575,0.489219,0.492185,0.49451,0.496264,0.497539,0.498431,0.499033,0.499424,0.499668,0.499816,0.499901,0.499949,0.499974,0.499988,0.499994,0.499997,0.499999,0.5,0.5,0.5,0.5
0.5,0.5,0.5,0.5,0.499999,0.499998,0.499996,0.499992,0.499983,0.499967,0.499935,0.499879,0.499781,0.499617,0.499355,0.498948,0.498341,0.49747,0.496264,0.494655,0.49259,0.490036,0.486999,0.483524,0.47971,0.4757,0.471679,0.46786,0.464464,0.461701,0.45975,0.45874,0.45874,0.45975,0.461701,0.464464,0.46786,0.471679,0.4757,0.47971,0.483524,0.486999,0.490036,0.49259,0.494655,0.496264,0.49747,0.498341,0.498948,0.499355,0.499617,0.499781,0.499879,0.499935,0.499967,0.499983,0.499992,0.499996,0.499998,0.499999,0.5,0.5,0.5,0.5
0.5,0.5,0.5,0.5,0.5,0.499999,0.499998,0.499995,0.49999,0.499979,0.499959,0.499923,0.49986,0.499754,0.499583,0.499317,0.498918,0.498341,0.497539,0.496462,0.49507,0.49334,0.491268,0.488885,0.486254,0.483474,0.480672,0.477999,0.475612,0.473665,0.472286,0.471572,0.471572,0.472286,0.473665,0.475612,0.477999,0.480672,0.483474,0.486254,0.488885,0.491268,0.49334,0.49507,0.496462,0.497539,0.498341,0.498918,0.499317,0.499583,0.499754,0.49986,0.499923,0.499959,0.499979,0.49999,0.499995,0.499998,0.499999,0.5,0.5,0.5,0.5,0.5
0.5,0.5,0.5,0.5,0.5,0.499999,0.499999,0.499997,0.499994,0.499987,0.499975,0.499952,0.499913,0.499847,0.499739,0.499571,0.499317,0.498948,0.498431,0.497734,0.496828,0.495694,0.494329,0.49275,0.490998,0.489136,0.487252,0.485447,0.48383,0.482506,0.481568,0.48108,0.48108,0.481568,0.482506,0.48383,0.485447,0.487252,0.489136,0.490998,0.49275,0.494329,0.495694,0.496828,0.497734,0.498431,0.498948,0.499317,0.499571,0.499739,0.499847,0.499913,0.499952,0.499975,0.499987,0.499994,0.499997,0.499999,0.499999,0.5,0.5,0.5,0.5,0.5
0.5,0.5,0.5,0.5,0.5,0.5,0.499999,0.499998,0.499996,0.499992,0.499985,0.499972,0.499948,0.499908,0.499842,0.499739,0.499583,0.499355,0.499033,0.498597,0.498026,0.497309,0.49644,0.49543,0.494304,0.493101,0.491879,0.490704,0.489647,0.48878,0.488164,0.487844,0.487844,0.488164,0.48878,0.489647,0.490704,0.491879,0.493101,0.494304,0.49543,0.49644,0.497309,0.498026,0.498597,0.499033,0.499355,0.499583,0.499739,0.499842,0.499908,0.499948,0.499972,0.499985,0.499992,0.499996,0.499998,0.499999,0.5,0.5,0.5,0.5,0.5,0.5
0.5,0.5,0.5,0.5,0.5,0.5,0.5,0.499999,0.499998,0.499996,0.499991,0.499984,0.49997,0.499946,0.499908,0.499847,0.499754,0.499617,0.499424,0.49916,0.498813,0.498375,0.497841,0.497218,0.496519,0.49577,0.495006,0.494268,0.493603,0.493056,0.492666,0.492464,0.492464,0.492666,0.493056,0.493603,0.494268,0.495006,0.49577,0.496519,0.497218,0.497841,0.498375,0.498813,0.49916,0.499424,0.499617,0.499754,0.499847,0.499908,0.499946,0.49997,0.499984,0.499991,0.499996,0.499998,0.499999,0.5,0.5,0.5,0.5,0.5,0.5,0.5
0.5,0.5,0.5,0.5,0.5,0.5,0.5,0.499999,0.499999,0.499998,0.499995,0.499991,0.499983,0.49997,0.499948,0.499913,0.49986,0.499781,0.499668,0.499514,0.499311,0.499052,0.498736,0.498365,0.497947,0.497497,0.497036,0.49659,0.496186,0.495854,0.495617,0.495493,0.495493,0.495617,0.495854,0.496186,0.49659,0.497036,0.497497,0.497947,0.498365,0.498736,0.499052,0.499311,0.499514,0.499668,0.499781,0.49986,0.499913,0.499948,0.49997,0.499983,0.499991,0.499995,0.499998,0.499999,0.499999,0.5,0.5,0.5,0.5,0.5,0.5,0.5
0.5,0.5,0.5,0.5,0.5,0.5,0.5,0.5,0.499999,0.499999,0.499997,0.499995,0.499991,0.499984,0.499972,0.499952,0.499923,0.499879,0.499816,0.499729,0.499614,0.499466,0.499286,0.499072,0.498831,0.498571,0.498303,0.498043,0.497807,0.497613,0.497474,0.497401,0.497401,0.497474,0.497613,0.497807,0.498043,0.498303,0.498571,0.498831,0.499072,0.499286,0.499466,0.499614,0.499729,0.499816,0.499879,0.499923,0.499952,0.499972,0.499984,0.499991,0.499995,0.499997,0.499999,0.499999,0.5,0.5,0.5,0.5,0.5,0.5,0.5,0.5
0.5,0.5,0.5,0.5,0.5,0.5,0.5,0.5,0.5,0.499999,0.499999,0.499997,0.499995,0.499991,0.499985,0.499975,0.499959,0.499935,0.499901,0.499854,0.499791,0.49971,0.49961,0.499492,0.499358,0.499213,0.499063,0.498917,0.498785,0.498675,0.498597,0.498556,0.498556,0.498597,0.498675,0.498785,0.498917,0.499063,0.499213,0.499358,0.499492,0.49961,0.49971,0.499791,0.499854,0.499901,0.499935,0.499959,0.499975,0.499985,0.499991,0.499995,0.499997,0.499999,0.499999,0.5,0.5,0.5,0.5,0.5,0.5,0.5,0.5,0.5
0.5,0.5,0.5,0.5,0.5,0.5,0.5,0.5,0.5,0.5,0.499999,0.499999,0.499998,0.499996,0.499992,0.499987,0.499979,0.499967,0.499949,0.499924,0.499891,0.499848,0.499795,0.499732,0.49966,0.499582,0.499501,0.499423,0.499351,0.499291,0.499249,0.499226,0.499226,0.499249,0.499291,0.499351,0.499423,0.499501,0.499582,0.49966,0.499732,0.499795,0.499848,0.499891,0.499924,0.499949,0.499967,0.499979,0.499987,0.499992,0.499996,0.499998,0.499999,0.499999,0.5,0.5,0.5,0.5,0.5,0.5,0.5,0.5,0.5,0.5
0.5,0.5,0.5,0.5,0.5,0.5,0.5,0.5,0.5,0.5,0.5,0.499999,0.499999,0.499998,0.499996,0.499994,0.49999,0.499983,0.499974,0.499962,0.499945,0.499923,0.499896,0.499864,0.499827,0.499786,0.499744,0.499703,0.499666,0.499635,0.499612,0.499601,0.499601,0.499612,0.499635,0.499666,0.499703,0.499744,0.499786,0.499827,0.499864,0.499896,0.499923,0.499945,0.499962,0.499974,0.499983,0.49999,0.499994,0.499996,0.499998,0.499999,0.499999,0.5,0.5,0.5,0.5,0.5,0.5,0.5,0.5,0.5,0.5,0.5
0.5,0.5,0.5,0.5,0.5,0.5,0.5,0.5,0.5,0.5,0.5,0.5,0.499999,0.499999,0.499998,0.499997,0.499995,0.499992,0.499988,0.499982,0.499973,0.499963,0.499949,0.499933,0.499915,0.499895,0.499874,0.499853,0.499834,0.499819,0.499807,0.499802,0.499802,0.499807,0.499819,0.499834,0.499853,0.499874,0.499895,0.499915,0.499933,0.499949,0.499963,0.499973,0.499982,0.499988,0.499992,0.499995,0.499997,0.499998,0.499999,0.499999,0.5,0.5,0.5,0.5,0.5,0.5,0.5,0.5,0.5,0.5,0.5,0.5
0.5,0.5,0.5,0.5,0.5,0.5,0.5,0.5,0.5,0.5,0.5,0.5,0.5,0.5,0.499999,0.499999,0.499998,0.499996,0.499994,0.499991,0.499987,0.499982,0.499976,0.499968,0.49996,0.49995,0.49994,0.49993,0.499921,0.499913,0.499908,0.499905,0.499905,0.499908,0.499913,0.499921,0.49993,0.49994,0.49995,0.49996,0.499968,0.499976,0.499982,0.499987,0.499991,0.499994,0.499996,0.499998,0.499999,0.499999,0.5,0.5,0.5,0.5,0.5,0.5,0.5,0.5,0.5,0.5,0.5,0.5,0.5,0.5
0.5,0.5,0.5,0.5,0.5,0.5,0.5,0.5,0.5,0.5,0.5,0.5,0.5,0.5,0.5,0.499999,0.499999,0.499998,0.499997,0.499996,0.499994,0.499992,0.499989,0.499986,0.499982,0.499977,0.499972,0.499968,0.499964,0.49996,0.499958,0.499956,0.499956,0.499958,0.49996,0.499964,0.499968,0.499972,0.499977,0.499982,0.499986,0.499989,0.499992,0.499994,0.499996,0.499997,0.499998,0.499999,0.499999,0.5,0.5,0.5,0.5,0.5,0.5,0.5,0.5,0.5,0.5,0.5,0.5,0.5,0.5,0.5
0.5,0.5,0.5,0.5,0.5,0.5,0.5,0.5,0.5,0.5,0.5,0.5,0.5,0.5,0.5,0.5,0.5,0.499999,0.499999,0.499998,0.499998,0.499997,0.499995,0.499994,0.499992,0.49999,0.499988,0.499986,0.499984,0.499982,0.499981,0.499981,0.499981,0.499981,0.499982,0.499984,0.499986,0.499988,0.49999,0.499992,0.499994,0.499995,0.499997,0.499998,0.499998,0.499999,0.499999,0.5,0.5,0.5,0.5,0.5,0.5,0.5,0.5,0.5,0.5,0.5,0.5,0.5,0.5,0.5,0.5,0.5
0.5,0.5,0.5,0.5,0.5,0.5,0.5,0.5,0.5,0.5,0.5,0.5,0.5,0.5,0.5,0.5,0.5,0.5,0.5,0.499999,0.499999,0.499999,0.499998,0.499997,0.499997,0.499996,0.499995,0.499994,0.499993,0.499992,0.499992,0.499992,0.499992,0.499992,0.499992,0.499993,0.499994,0.499995,0.499996,0.499997,0.499997,0.499998,0.499999,0.499999,0.499999,0.5,0.5,0.5,0.5,0.5,0.5,0.5,0.5,0.5,0.5,0.5,0.5,0.5,0.5,0.5,0.5,0.5,0.5,0.5
0.5,0.5,0.5,0.5,0.5,0.5,0.5,0.5,0.5,0.5,0.5,0.5,0.5,0.5,0.5,0.5,0.5,0.5,0.5,0.5,0.5,0.499999,0.499999,0.499999,0.499999,0.499998,0.499998,0.499997,0.499997,0.499997,0.499997,0.499996,0.499996,0.499997,0.499997,0.499997,0.499997,0.499998,0.499998,0.499999,0.499999,0.499999,0.499999,0.5,0.5,0.5,0.5,0.5,0.5,0.5,0.5,0.5,0.5,0.5,0.5,0.5,0.5,0.5,0.5,0.5,0.5,0.5,0.5,0.5
0.5,0.5,0.5,0.5,0.5,0.5,0.5,0.5,0.5,0.5,0.5,0.5,0.5,0.5,0.5,0.5,0.5,0.5,0.5,0.5,0.5,0.5,0.5,0.499999,0.499999,0.499999,0.499999,0.499999,0.499998,0.499998,0.499998,0.499998,0.499998,0.499998,0.499998,0.499998,0.499999,0.499999,0.499999,0.499999,0.499999,0.5,0.5,0.5,0.5,0.5,0.5,0.5,0.5,0.5,0.5,0.5,0.5,0.5,0.5,0.5,0.5,0.5,0.5,0.5,0.5,0.5,0.5,0.5
0.5,0.5,0.5,0.5,0.5,0.5,0.5,0.5,0.5,0.5,0.5,0.5,0.5,0.5,0.5,0.5,0.5,0.5,0.5,0.5,0.5,0.5,0.5,0.499999,0.499999,0.499999,0.499999,0.499999,0.499998,0.499998,0.499998,0.499998,0.499998,0.499998,0.499998,0.499998,0.499999,0.499999,0.499999,0.499999,0.499999,0.5,0.5,0.5,0.5,0.5,0.5,0.5,0.5,0.5,0.5,0.5,0.5,0.5,0.5,0.5,0.5,0.5,0.5,0.5,0.5,0.5,0.5,0.5
