0.5,0.5,0.5,0.5,0.5,0.5,0.5,0.5,0.5,0.5,0.5,0.5,0.5,0.5,0.5,0.499999,0.499999,0.499998,0.499998,0.499997,0.499995,0.499993,0.499991,0.499988,0.499986,0.499982,0.499979,0.499976,0.499973,0.49997,0.499969,0.499968,0.499968,0.499969,0.49997,0.499973,0.499976,0.499979,0.499982,0.499986,0.499988,0.499991,0.499993,0.499995,0.499997,0.499998,0.499998,0.499999,0.499999,0.5,0.5,0.5,0.5,0.5,0.5,0.5,0.5,0.5,0.5,0.5,0.5,0.5,0.5,0.5
0.5,0.5,0.5,0.5,0.5,0.5,0.5,0.5,0.5,0.5,0.5,0.5,0.5,0.5,0.5,0.499999,0.499999,0.499998,0.499998,0.499997,0.499995,0.499993,0.499991,0.499988,0.499986,0.499982,0.499979,0.499976,0.499973,0.49997,0.499969,0.499968,0.499968,0.499969,0.49997,0.499973,0.499976,0.499979,0.499982,0.499986,0.499988,0.499991,0.499993,0.499995,0.499997,0.499998,0.499998,0.499999,0.499999,0.5,0.5,0.5,0.5,0.5,0.5,0.5,0.5,0.5,0.5,0.5,0.5,0.5,0.5,0.5
0.5,0.5,0.5,0.5,0.5,0.5,0.5,0.5,0.5,0.5,0.5,0.5,0.5,0.5,0.499999,0.499999,0.499998,0.499997,0.499996,0.499994,0.499992,0.499988,0.499985,0.49998,0.499975,0.49997,0.499964,0.499959,0.499954,0.49995,0.499947,0.499945,0.499945,0.499947,0.49995,0.499954,0.499959,0.499964,0.49997,0.499975,0.49998,0.499985,0.499988,0.499992,0.499994,0.499996,0.499997,0.499998,0.499999,0.499999,0.5,0.5,0.5,0.5,0.5,0.5,0.5,0.5,0.5,0.5,0.5,0.5,0.5,0.5
0.5,0.5,0.5,0.5,0.5,0.5,0.5,0.5,0.5,0.5,0.5,0.5,0.499999,0.499999,0.499999,0.499998,0.499996,0.499994,0.499991,0.499987,0.499982,0.499976,0.499968,0.499959,0.499948,0.499937,0.499926,0.499915,0.499905,0.499897,0.499891,0.499888,0.499888,0.499891,0.499897,0.499905,0.499915,0.499926,0.499937,0.499948,0.499959,0.499968,0.499976,0.499982,0.499987,0.499991,0.499994,0.499996,0.499998,0.499999,0.499999,0.499999,0.5,0.5,0.5,0.5,0.5,0.5,0.5,0.5,0.5,0.5,0.5,0.5
0.5,0.5,0.5,0.5,0.5,0.5,0.5,0.5,0.5,0.5,0.5,0.499999,0.499999,0.499998,0.499997,0.499995,0.499992,0.499987,0.499981,0.499973,0.499962,0.499949,0.499932,0.499913,0.499891,0.499868,0.499845,0.499822,0.499802,0.499785,0.499773,0.499766,0.499766,0.499773,0.499785,0.499802,0.499822,0.499845,0.499868,0.499891,0.499913,0.499932,0.499949,0.499962,0.499973,0.499981,0.499987,0.499992,0.499995,0.499997,0.499998,0.499999,0.499999,0.5,0.5,0.5,0.5,0.5,0.5,0.5,0.5,0.5,0.5,0.5
0.5,0.5,0.5,0.5,0.5,0.5,0.5,0.5,0.5,0.5,0.499999,0.499999,0.499998,0.499996,0.499993,0.499989,0.499983,0.499973,0.499961,0.499944,0.499921,0.499894,0.49986,0.499821,0.499778,0.499731,0.499684,0.499638,0.499597,0.499563,0.499539,0.499526,0.499526,0.499539,0.499563,0.499597,0.499638,0.499684,0.499731,0.499778,0.499821,0.49986,0.499894,0.499921,0.499944,0.499961,0.499973,0.499983,0.499989,0.499993,0.499996,0.499998,0.499999,0.499999,0.5,0.5,0.5,0.5,0.5,0.5,0.5,0.5,0.5,0.5
0.5,0.5,0.5,0.5,0.5,0.5,0.5,0.5,0.5,0.499999,0.499998,0.499997,0.499995,0.499991,0.499986,0.499977,0.499964,0.499946,0.49992,0.499886,0.499842,0.499787,0.499721,0.499644,0.499559,0.499469,0.499376,0.499288,0.499208,0.499143,0.499096,0.499072,0.499072,0.499096,0.499143,0.499208,0.499288,0.499376,0.499469,0.499559,0.499644,0.499721,0.499787,0.499842,0.499886,0.49992,0.499946,0.499964,0.499977,0.499986,0.499991,0.499995,0.499997,0.499998,0.499999,0.5,0.5,0.5,0.5,0.5,0.5,0.5,0.5,0.5
0.5,0.5,0.5,0.5,0.5,0.5,0.5,0.5,0.499999,0.499998,0.499997,0.499994,0.49999,0.499983,0.499972,0.499955,0.49993,0.499894,0.499844,0.499778,0.499694,0.499588,0.499462,0.499317,0.499156,0.498985,0.498812,0.498646,0.498497,0.498375,0.498288,0.498243,0.498243,0.498288,0.498375,0.498497,0.498646,0.498812,0.498985,0.499156,0.499317,0.499462,0.499588,0.499694,0.499778,0.499844,0.499894,0.49993,0.499955,0.499972,0.499983,0.49999,0.499994,0.499997,0.499998,0.499999,0.5,0.5,0.5,0.5,0.5,0.5,0.5,0.5
0.5,0.5,0.5,0.5,0.5,0.5,0.5,0.499999,0.499998,0.499997,0.499994,0.499989,0.49998,0.499967,0.499945,0.499913,0.499865,0.499798,0.499705,0.499582,0.499424,0.49923,0.498998,0.498732,0.498438,0.498127,0.497814,0.497514,0.497245,0.497025,0.49687,0.496789,0.496789,0.49687,0.497025,0.497245,0.497514,0.497814,0.498127,0.498438,0.498732,0.498998,0.49923,0.499424,0.499582,0.499705,0.499798,0.499865,0.499913,0.499945,0.499967,0.49998,0.499989,0.499994,0.499997,0.499998,0.499999,0.5,0.5,0.5,0.5,0.5,0.5,0.5
0.5,0.5,0.5,0.5,0.5,0.5,0.499999,0.499998,0.499997,0.499994,0.499988,0.499979,0.499963,0.499938,0.499898,0.499838,0.499751,0.499627,0.499459,0.499237,0.498955,0.498607,0.498195,0.497724,0.497207,0.496662,0.496113,0.49559,0.495124,0.494743,0.494473,0.494333,0.494333,0.494473,0.494743,0.495124,0.49559,0.496113,0.496662,0.497207,0.497724,0.498195,0.498607,0.498955,0.499237,0.499459,0.499627,0.499751,0.499838,0.499898,0.499938,0.499963,0.499979,0.499988,0.499994,0.499997,0.499998,0.499999,0.5,0.5,0.5,0.5,0.5,0.5
0.5,0.5,0.5,0.5,0.5,0.499999,0.499998,0.499997,0.499994,0.499988,0.499978,0.499961,0.499933,0.499887,0.499816,0.499709,0.499554,0.499336,0.499041,0.498654,0.498164,0.497565,0.496857,0.496053,0.495173,0.49425,0.493325,0.492446,0.491664,0.491026,0.490576,0.490342,0.490342,0.490576,0.491026,0.491664,0.492446,0.493325,0.49425,0.495173,0.496053,0.496857,0.497565,0.498164,0.498654,0.499041,0.499336,0.499554,0.499709,0.499816,0.499887,0.499933,0.499961,0.499978,0.499988,0.499994,0.499997,0.499998,0.499999,0.5,0.5,0.5,0.5,0.5
0.5,0.5,0.5,0.5,0.499999,0.499999,0.499997,0.499994,0.499989,0.499979,0.499961,0.499931,0.499881,0.499801,0.499677,0.499493,0.499226,0.498855,0.498354,0.497702,0.49688,0.49588,0.494707,0.49338,0.491936,0.490427,0.488922,0.487497,0.486232,0.485204,0.484479,0.484104,0.484104,0.484479,0.485204,0.486232,0.487497,0.488922,0.490427,0.491936,0.49338,0.494707,0.49588,0.49688,0.497702,0.498354,0.498855,0.499226,0.499493,0.499677,0.499801,0.499881,0.499931,0.499961,0.499979,0.499989,0.499994,0.499997,0.499999,0.499999,0.5,0.5,0.5,0.5
0.5,0.5,0.5,0.499999,0.499999,0.499998,0.499995,0.49999,0.49998,0.499963,0.499933,0.499881,0.499795,0.49966,0.499452,0.499143,0.498701,0.498088,0.497265,0.496201,0.494868,0.493257,0.491377,0.489262,0.486973,0.484594,0.48223,0.480001,0.478029,0.476431,0.475306,0.474724,0.474724,0.475306,0.476431,0.478029,0.480001,0.48223,0.484594,0.486973,0.489262,0.491377,0.493257,0.494868,0.496201,0.497265,0.498088,0.498701,0.499143,0.499452,0.49966,0.499795,0.499881,0.499933,0.499963,0.49998,0.49999,0.499995,0.499998,0.499999,0.499999,0.5,0.5,0.5
0.5,0.5,0.5,0.499999,0.499998,0.499996,0.499991,0.499983,0.499967,0.499938,0.499887,0.499801,0.49966,0.499438,0.499099,0.498599,0.497887,0.496906,0.4956,0.493919,0.491828,0.489317,0.486405,0.48315,0.479645,0.476022,0.47244,0.469077,0.466113,0.463718,0.462035,0.461166,0.461166,0.462035,0.463718,0.466113,0.469077,0.47244,0.476022,0.479645,0.48315,0.486405,0.489317,0.491828,0.493919,0.4956,0.496906,0.497887,0.498599,0.499099,0.499438,0.49966,0.499801,0.499887,0.499938,0.499967,0.499983,0.499991,0.499996,0.499998,0.499999,0.5,0.5,0.5
0.5,0.5,0.499999,0.499999,0.499997,0.499993,0.499986,0.499972,0.499945,0.499898,0.499816,0.499677,0.499452,0.499099,0.498564,0.497779,0.496669,0.495149,0.493139,0.49057,0.487398,0.483612,0.479252,0.474408,0.469225,0.463898,0.45866,0.453765,0.449468,0.446008,0.443581,0.442331,0.442331,0.443581,0.446008,0.449468,0.453765,0.45866,0.463898,0.469225,0.474408,0.479252,0.483612,0.487398,0.49057,0.493139,0.495149,0.496669,0.497779,0.498564,0.499099,0.499452,0.499677,0.499816,0.499898,0.499945,0.499972,0.499986,0.499993,0.499997,0.499999,0.499999,0.5,0.5
0.499999,0.499999,0.499999,0.499998,0.499995,0.499989,0.499977,0.499955,0.499913,0.499838,0.499709,0.499493,0.499143,0.498599,0.497779,0.496586,0.494907,0.492626,0.489631,0.485829,0.481168,0.475646,0.46933,0.462363,0.454957,0.447394,0.439999,0.433125,0.427118,0.422298,0.418927,0.417193,0.417193,0.418927,0.422298,0.427118,0.433125,0.439999,0.447394,0.454957,0.462363,0.46933,0.475646,0.481168,0.485829,0.489631,0.492626,0.494907,0.496586,0.497779,0.498599,0.499143,0.499493,0.499709,0.499838,0.499913,0.499955,0.499977,0.499989,0.499995,0.499998,0.499999,0.499999,0.499999
0.499999,0.499999,0.499998,0.499996,0.499992,0.499983,0.499964,0.49993,0.499865,0.499751,0.499554,0.499226,0.498701,0.497887,0.496669,0.494907,0.492447,0.489128,0.484801,0.47935,0.472717,0.464919,0.456067,0.446374,0.436147,0.425773,0.415695,0.40638,0.398281,0.391808,0.387295,0.384977,0.384977,0.387295,0.391808,0.398281,0.40638,0.415695,0.425773,0.436147,0.446374,0.456067,0.464919,0.472717,0.47935,0.484801,0.489128,0.492447,0.494907,0.496669,0.497887,0.498701,0.499226,0.499554,0.499751,0.499865,0.49993,0.499964,0.499983,0.499992,0.499996,0.499998,0.499999,0.499999
0.499998,0.499998,0.499997,0.499994,0.499987,0.499973,0.499946,0.499894,0.499798,0.499627,0.499336,0.498855,0.498088,0.496906,0.495149,0.492626,0.489128,0.484443,0.478381,0.470804,0.461656,0.450988,0.438978,0.42593,0.412271,0.39852,0.385256,0.373074,0.362542,0.354162,0.348339,0.345355,0.345355,0.348339,0.354162,0.362542,0.373074,0.385256,0.39852,0.412271,0.42593,0.438978,0.450988,0.461656,0.470804,0.478381,0.484443,0.489128,0.492626,0.495149,0.496906,0.498088,0.498855,0.499336,0.499627,0.499798,0.499894,0.499946,0.499973,0.499987,0.499994,0.499997,0.499998,0.499998
0.499998,0.499998,0.499996,0.499991,0.499981,0.499961,0.49992,0.499844,0.499705,0.499459,0.499041,0.498354,0.497265,0.4956,0.493139,0.489631,0.484801,0.478381,0.470139,0.45992,0.447686,0.433541,0.417752,0.400748,0.383098,0.365476,0.34861,0.333231,0.320018,0.309559,0.30232,0.298619,0.298619,0.30232,0.309559,0.320018,0.333231,0.34861,0.365476,0.383098,0.400748,0.417752,0.433541,0.447686,0.45992,0.470139,0.478381,0.484801,0.489631,0.493139,0.4956,0.497265,0.498354,0.499041,0.499459,0.499705,0.499844,0.49992,0.499961,0.499981,0.499991,0.499996,0.499998,0.499998
0.499997,0.499997,0.499994,0.499987,0.499973,0.499944,0.499886,0.499778,0.499582,0.499237,0.498654,0.497702,0.496201,0.493919,0.49057,0.485829,0.47935,0.470804,0.45992,0.446541,0.430661,0.412465,0.39234,0.370868,0.348787,0.32694,0.306213,0.287463,0.271469,0.258884,0.250212,0.245791,0.245791,0.250212,0.258884,0.271469,0.287463,0.306213,0.32694,0.348787,0.370868,0.39234,0.412465,0.430661,0.446541,0.45992,0.470804,0.47935,0.485829,0.49057,0.493919,0.496201,0.497702,0.498654,0.499237,0.499582,0.499778,0.499886,0.499944,0.499973,0.499987,0.499994,0.499997,0.499997
0.499995,0.499995,0.499992,0.499982,0.499962,0.499921,0.499842,0.499694,0.499424,0.498955,0.498164,0.49688,0.494868,0.491828,0.487398,0.481168,0.472717,0.461656,0.447686,0.430661,0.410636,0.387906,0.363013,0.336717,0.309948,0.283728,0.25909,0.237006,0.21832,0.203718,0.193707,0.18862,0.18862,0.193707,0.203718,0.21832,0.237006,0.25909,0.283728,0.309948,0.336717,0.363013,0.387906,0.410636,0.430661,0.447686,0.461656,0.472717,0.481168,0.487398,0.491828,0.494868,0.49688,0.498164,0.498955,0.499424,0.499694,0.499842,0.499921,0.499962,0.499982,0.499992,0.499995,0.499995
0.499993,0.499993,0.499988,0.499976,0.499949,0.499894,0.499787,0.499588,0.49923,0.498607,0.497565,0.49588,0.493257,0.489317,0.483612,0.475646,0.464919,0.450988,0.433541,0.412465,0.387906,0.360305,0.330388,0.299122,0.267641,0.237144,0.208798,0.18365,0.16257,0.146228,0.135092,0.129456,0.129456,0.135092,0.146228,0.16257,0.18365,0.208798,0.237144,0.267641,0.299122,0.330388,0.360305,0.387906,0.412465,0.433541,0.450988,0.464919,0.475646,0.483612,0.489317,0.493257,0.49588,0.497565,0.498607,0.49923,0.499588,0.499787,0.499894,0.499949,0.499976,0.499988,0.499993,0.499993
0.499991,0.499991,0.499985,0.499968,0.499932,0.49986,0.499721,0.499462,0.498998,0.498195,0.496857,0.494707,0.491377,0.486405,0.479252,0.46933,0.456067,0.438978,0.417752,0.39234,0.363013,0.330388,0.295406,0.259262,0.2233,0.188882,0.157279,0.129568,0.10659,0.0889428,0.0770054,0.0709906,0.0709906,0.0770054,0.0889428,0.10659,0.129568,0.157279,0.188882,0.2233,0.259262,0.295406,0.330388,0.363013,0.39234,0.417752,0.438978,0.456067,0.46933,0.479252,0.486405,0.491377,0.494707,0.496857,0.498195,0.498998,0.499462,0.499721,0.49986,0.499932,0.499968,0.499985,0.499991,0.499991
0.499988,0.499988,0.49998,0.499959,0.499913,0.499821,0.499644,0.499317,0.498732,0.497724,0.496053,0.49338,0.489262,0.48315,0.474408,0.462363,0.446374,0.42593,0.400748,0.370868,0.336717,0.299122,0.259262,0.218573,0.178599,0.140849,0.106652,0.0770652,0.0528406,0.0344402,0.0221019,0.01592,0.01592,0.0221019,0.0344402,0.0528406,0.0770652,0.106652,0.140849,0.178599,0.218573,0.259262,0.299122,0.336717,0.370868,0.400748,0.42593,0.446374,0.462363,0.474408,0.48315,0.489262,0.49338,0.496053,0.497724,0.498732,0.499317,0.499644,0.499821,0.499913,0.499959,0.49998,0.499988,0.499988
0.499986,0.499986,0.499975,0.499948,0.499891,0.499778,0.499559,0.499156,0.498438,0.497207,0.495173,0.491936,0.486973,0.479645,0.469225,0.454957,0.436147,0.412271,0.383098,0.348787,0.309948,0.267641,0.2233,0.178599,0.135277,0.0949489,0.0589619,0.0282975,0.00355624,-0.0149898,-0.0272944,-0.0334169,-0.0334169,-0.0272944,-0.0149898,0.00355624,0.0282975,0.0589619,0.0949489,0.135277,0.178599,0.2233,0.267641,0.309948,0.348787,0.383098,0.412271,0.436147,0.454957,0.469225,0.479645,0.486973,0.491936,0.495173,0.497207,0.498438,0.499156,0.499559,0.499778,0.499891,0.499948,0.499975,0.499986,0.499986
0.499982,0.499982,0.49997,0.499937,0.499868,0.499731,0.499469,0.498985,0.498127,0.496662,0.49425,0.490427,0.484594,0.476022,0.463898,0.447394,0.425773,0.39852,0.365476,0.32694,0.283728,0.237144,0.188882,0.140849,0.0949489,0.0528746,0.0159429,-0.0149915,-0.039529,-0.0576348,-0.0694926,-0.0753421,-0.0753421,-0.0694926,-0.0576348,-0.039529,-0.0149915,0.0159429,0.0528746,0.0949489,0.140849,0.188882,0.237144,0.283728,0.32694,0.365476,0.39852,0.425773,0.447394,0.463898,0.476022,0.484594,0.490427,0.49425,0.496662,0.498127,0.498985,0.499469,0.499731,0.499868,0.499937,0.49997,0.499982,0.499982
0.499979,0.499979,0.499964,0.499926,0.499845,0.499684,0.499376,0.498812,0.497814,0.496113,0.493325,0.488922,0.48223,0.47244,0.45866,0.439999,0.415695,0.385256,0.34861,0.306213,0.25909,0.208798,0.157279,0.106652,0.0589619,0.0159429,-0.0211563,-0.0516468,-0.0753655,-0.0925441,-0.103618,-0.109023,-0.109023,-0.103618,-0.0925441,-0.0753655,-0.0516468,-0.0211563,0.0159429,0.0589619,0.106652,0.157279,0.208798,0.25909,0.306213,0.34861,0.385256,0.415695,0.439999,0.45866,0.47244,0.48223,0.488922,0.493325,0.496113,0.497814,0.498812,0.499376,0.499684,0.499845,0.499926,0.499964,0.499979,0.499979
0.499976,0.499976,0.499959,0.499915,0.499822,0.499638,0.499288,0.498646,0.497514,0.49559,0.492446,0.487497,0.480001,0.469077,0.453765,0.433125,0.40638,0.373074,0.333231,0.287463,0.237006,0.18365,0.129568,0.0770652,0.0282975,-0.0149915,-0.0516468,-0.0811665,-0.103637,-0.119566,-0.129641,-0.134493,-0.134493,-0.129641,-0.119566,-0.103637,-0.0811665,-0.0516468,-0.0149915,0.0282975,0.0770652,0.129568,0.18365,0.237006,0.287463,0.333231,0.373074,0.40638,0.433125,0.453765,0.469077,0.480001,0.487497,0.492446,0.49559,0.497514,0.498646,0.499288,0.499638,0.499822,0.499915,0.499959,0.499976,0.499976
0.499973,0.499973,0.499954,0.499905,0.499802,0.499597,0.499208,0.498497,0.497245,0.495124,0.491664,0.486232,0.478029,0.466113,0.449468,0.427118,0.398281,0.362542,0.320018,0.271469,0.21832,0.16257,0.10659,0.0528406,0.00355624,-0.039529,-0.0753655,-0.103637,-0.124672,-0.139232,-0.148243,-0.152515,-0.152515,-0.148243,-0.139232,-0.124672,-0.103637,-0.0753655,-0.039529,0.00355624,0.0528406,0.10659,0.16257,0.21832,0.271469,0.320018,0.362542,0.398281,0.427118,0.449468,0.466113,0.478029,0.486232,0.491664,0.495124,0.497245,0.498497,0.499208,0.499597,0.499802,0.499905,0.499954,0.499973,0.499973
0.49997,0.49997,0.49995,0.499897,0.499785,0.499563,0.499143,0.498375,0.497025,0.494743,0.491026,0.485204,0.476431,0.463718,0.446008,0.422298,0.391808,0.354162,0.309559,0.258884,0.203718,0.146228,0.0889428,0.0344402,-0.0149898,-0.0576348,-0.0925441,-0.119566,-0.139232,-0.152523,-0.160563,-0.164309,-0.164309,-0.160563,-0.152523,-0.139232,-0.119566,-0.0925441,-0.0576348,-0.0149898,0.0344402,0.0889428,0.146228,0.203718,0.258884,0.309559,0.354162,0.391808,0.422298,0.446008,0.463718,0.476431,0.485204,0.491026,0.494743,0.497025,0.498375,0.499143,0.499563,0.499785,0.499897,0.49995,0.49997,0.49997
0.499969,0.499969,0.499947,0.499891,0.499773,0.499539,0.499096,0.498288,0.49687,0.494473,0.490576,0.484479,0.475306,0.462035,0.443581,0.418927,0.387295,0.348339,0.30232,0.250212,0.193707,0.135092,0.0770054,0.0221019,-0.0272944,-0.0694926,-0.103618,-0.129641,-0.148243,-0.160563,-0.167864,-0.171213,-0.171213,-0.167864,-0.160563,-0.148243,-0.129641,-0.103618,-0.0694926,-0.0272944,0.0221019,0.0770054,0.135092,0.193707,0.250212,0.30232,0.348339,0.387295,0.418927,0.443581,0.462035,0.475306,0.484479,0.490576,0.494473,0.49687,0.498288,0.499096,0.499539,0.499773,0.499891,0.499947,0.499969,0.499969
0.499968,0.499968,0.499945,0.499888,0.499766,0.499526,0.499072,0.498243,0.496789,0.494333,0.490342,0.484104,0.474724,0.461166,0.442331,0.417193,0.384977,0.345355,0.298619,0.245791,0.18862,0.129456,0.0709906,0.01592,-0.0334169,-0.0753421,-0.109023,-0.134493,-0.152515,-0.164309,-0.171213,-0.174348,-0.174348,-0.171213,-0.164309,-0.152515,-0.134493,-0.109023,-0.0753421,-0.0334169,0.01592,0.0709906,0.129456,0.18862,0.245791,0.298619,0.345355,0.384977,0.417193,0.442331,0.461166,0.474724,0.484104,0.490342,0.494333,0.496789,0.498243,0.499072,0.499526,0.499766,0.499888,0.499945,0.499968,0.499968
0.499968,0.499968,0.499945,0.499888,0.499766,0.499526,0.499072,0.498243,0.496789,0.494333,0.490342,0.484104,0.474724,0.461166,0.442331,0.417193,0.384977,0.345355,0.298619,0.245791,0.18862,0.129456,0.0709906,0.01592,-0.0334169,-0.0753421,-0.109023,-0.134493,-0.152515,-0.164309,-0.171213,-0.174348,-0.174348,-0.171213,-0.164309,-0.152515,-0.134493,-0.109023,-0.0753421,-0.0334169,0.01592,0.0709906,0.129456,0.18862,0.245791,0.298619,0.345355,0.384977,0.417193,0.442331,0.461166,0.474724,0.484104,0.490342,0.494333,0.496789,0.498243,0.499072,0.499526,0.499766,0.499888,0.499945,0.499968,0.499968
0.499969,0.499969,0.499947,0.499891,0.499773,0.499539,0.499096,0.498288,0.49687,0.494473,0.490576,0.484479,0.475306,0.462035,0.443581,0.418927,0.387295,0.348339,0.30232,0.250212,0.193707,0.135092,0.0770054,0.0221019,-0.0272944,-0.0694926,-0.103618,-0.129641,-0.148243,-0.160563,-0.167864,-0.171213,-0.171213,-0.167864,-0.160563,-0.148243,-0.129641,-0.103618,-0.0694926,-0.0272944,0.0221019,0.0770054,0.135092,0.193707,0.250212,0.30232,0.348339,0.387295,0.418927,0.443581,0.462035,0.475306,0.484479,0.490576,0.494473,0.49687,0.498288,0.499096,0.499539,0.499773,0.499891,0.499947,0.499969,0.499969
0.49997,0.49997,0.49995,0.499897,0.499785,0.499563,0.499143,0.498375,0.497025,0.494743,0.491026,0.485204,0.476431,0.463718,0.446008,0.422298,0.391808,0.354162,0.309559,0.258884,0.203718,0.146228,0.0889428,0.0344402,-0.0149898,-0.0576348,-0.0925441,-0.119566,-0.139232,-0.152523,-0.160563,-0.164309,-0.164309,-0.160563,-0.152523,-0.139232,-0.119566,-0.0925441,-0.0576348,-0.0149898,0.0344402,0.0889428,0.146228,0.203718,0.258884,0.309559,0.354162,0.391808,0.422298,0.446008,0.463718,0.476431,0.485204,0.491026,0.494743,0.497025,0.498375,0.499143,0.499563,0.499785,0.499897,0.49995,0.49997,0.49997
0.499973,0.499973,0.499954,0.499905,0.499802,0.499597,0.499208,0.498497,0.497245,0.495124,0.491664,0.486232,0.478029,0.466113,0.449468,0.427118,0.398281,0.362542,0.320018,0.271469,0.21832,0.16257,0.10659,0.0528406,0.00355624,-0.039529,-0.0753655,-0.103637,-0.124672,-0.139232,-0.148243,-0.152515,-0.152515,-0.148243,-0.139232,-0.124672,-0.103637,-0.0753655,-0.039529,0.00355624,0.0528406,0.10659,0.16257,0.21832,0.271469,0.320018,0.362542,0.398281,0.427118,0.449468,0.466113,0.478029,0.486232,0.491664,0.495124,0.497245,0.498497,0.499208,0.499597,0.499802,0.499905,0.499954,0.499973,0.499973
0.499976,0.499976,0.499959,0.499915,0.499822,0.499638,0.499288,0.498646,0.497514,0.49559,0.492446,0.487497,0.480001,0.469077,0.453765,0.433125,0.40638,0.373074,0.333231,0.287463,0.237006,0.18365,0.129568,0.0770652,0.0282975,-0.0149915,-0.0516468,-0.0811665,-0.103637,-0.119566,-0.129641,-0.134493,-0.134493,-0.129641,-0.119566,-0.103637,-0.0811665,-0.0516468,-0.0149915,0.0282975,0.0770652,0.129568,0.18365,0.237006,0.287463,0.333231,0.373074,0.40638,0.433125,0.453765,0.469077,0.480001,0.487497,0.492446,0.49559,0.497514,0.498646,0.499288,0.499638,0.499822,0.499915,0.499959,0.499976,0.499976
0.499979,0.499979,0.499964,0.499926,0.499845,0.499684,0.499376,0.498812,0.497814,0.496113,0.493325,0.488922,0.48223,0.47244,0.45866,0.439999,0.415695,0.385256,0.34861,0.306213,0.25909,0.208798,0.157279,0.106652,0.0589619,0.0159429,-0.0211563,-0.0516468,-0.0753655,-0.0925441,-0.103618,-0.109023,-0.109023,-0.103618,-0.0925441,-0.0753655,-0.0516468,-0.0211563,0.0159429,0.0589619,0.106652,0.157279,0.208798,0.25909,0.306213,0.34861,0.385256,0.415695,0.439999,0.45866,0.47244,0.48223,0.488922,0.493325,0.496113,0.497814,0.498812,0.499376,0.499684,0.499845,0.499926,0.499964,0.499979,0.499979
0.499982,0.499982,0.49997,0.499937,0.499868,0.499731,0.499469,0.498985,0.498127,0.496662,0.49425,0.490427,0.484594,0.476022,0.463898,0.447394,0.425773,0.39852,0.365476,0.32694,0.283728,0.237144,0.188882,0.140849,0.0949489,0.0528746,0.0159429,-0.0149915,-0.039529,-0.0576348,-0.0694926,-0.0753421,-0.0753421,-0.0694926,-0.0576348,-0.039529,-0.0149915,0.0159429,0.0528746,0.0949489,0.140849,0.188882,0.237144,0.283728,0.32694,0.365476,0.39852,0.425773,0.447394,0.463898,0.476022,0.484594,0.490427,0.49425,0.496662,0.498127,0.498985,0.499469,0.499731,0.499868,0.499937,0.49997,0.499982,0.499982
0.499986,0.499986,0.499975,0.499948,0.499891,0.499778,0.499559,0.499156,0.498438,0.497207,0.495173,0.491936,0.486973,0.479645,0.469225,0.454957,0.436147,0.412271,0.383098,0.348787,0.309948,0.267641,0.2233,0.178599,0.135277,0.0949489,0.0589619,0.0282975,0.00355624,-0.0149898,-0.0272944,-0.0334169,-0.0334169,-0.0272944,-0.0149898,0.00355624,0.0282975,0.0589619,0.0949489,0.135277,0.178599,0.2233,0.267641,0.309948,0.348787,0.383098,0.412271,0.436147,0.454957,0.469225,0.479645,0.486973,0.491936,0.495173,0.497207,0.498438,0.499156,0.499559,0.499778,0.499891,0.499948,0.499975,0.499986,0.499986
0.499988,0.499988,0.49998,0.499959,0.499913,0.499821,0.499644,0.499317,0.498732,0.497724,0.496053,0.49338,0.489262,0.48315,0.474408,0.462363,0.446374,0.42593,0.400748,0.370868,0.336717,0.299122,0.259262,0.218573,0.178599,0.140849,0.106652,0.0770652,0.0528406,0.0344402,0.0221019,0.01592,0.01592,0.0221019,0.0344402,0.0528406,0.0770652,0.106652,0.140849,0.178599,0.218573,0.259262,0.299122,0.336717,0.370868,0.400748,0.42593,0.446374,0.462363,0.474408,0.48315,0.489262,0.49338,0.496053,0.497724,0.498732,0.499317,0.499644,0.499821,0.499913,0.499959,0.49998,0.499988,0.499988
0.499991,0.499991,0.499985,0.499968,0.499932,0.49986,0.499721,0.499462,0.498998,0.498195,0.496857,0.494707,0.491377,0.486405,0.479252,0.46933,0.456067,0.438978,0.417752,0.39234,0.363013,0.330388,0.295406,0.259262,0.2233,0.188882,0.157279,0.129568,0.10659,0.0889428,0.0770054,0.0709906,0.0709906,0.0770054,0.0889428,0.10659,0.129568,0.157279,0.188882,0.2233,0.259262,0.295406,0.330388,0.363013,0.39234,0.417752,0.438978,0.456067,0.46933,0.479252,0.486405,0.491377,0.494707,0.496857,0.498195,0.498998,0.499462,0.499721,0.49986,0.499932,0.499968,0.499985,0.499991,0.499991
0.499993,0.499993,0.499988,0.499976,0.499949,0.499894,0.499787,0.499588,0.49923,0.498607,0.497565,0.49588,0.493257,0.489317,0.483612,0.475646,0.464919,0.450988,0.433541,0.412465,0.387906,0.360305,0.330388,0.299122,0.267641,0.237144,0.208798,0.18365,0.16257,0.146228,0.135092,0.129456,0.129456,0.135092,0.146228,0.16257,0.18365,0.208798,0.237144,0.267641,0.299122,0.330388,0.360305,0.387906,0.412465,0.433541,0.450988,0.464919,0.475646,0.483612,0.489317,0.493257,0.49588,0.497565,0.498607,0.49923,0.499588,0.499787,0.499894,0.499949,0.499976,0.499988,0.499993,0.499993
0.499995,0.499995,0.499992,0.499982,0.499962,0.499921,0.499842,0.499694,0.499424,0.498955,0.498164,0.49688,0.494868,0.491828,0.487398,0.481168,0.472717,0.461656,0.447686,0.430661,0.410636,0.387906,0.363013,0.336717,0.309948,0.283728,0.25909,0.237006,0.21832,0.203718,0.193707,0.18862,0.18862,0.193707,0.203718,0.21832,0.237006,0.25909,0.283728,0.309948,0.336717,0.363013,0.387906,0.410636,0.430661,0.447686,0.461656,0.472717,0.481168,0.487398,0.491828,0.494868,0.49688,0.498164,0.498955,0.499424,0.499694,0.499842,0.499921,0.499962,0.499982,0.499992,0.499995,0.499995
0.499997,0.499997,0.499994,0.499987,0.499973,0.499944,0.499886,0.499778,0.499582,0.499237,0.498654,0.497702,0.496201,0.493919,0.49057,0.485829,0.47935,0.470804,0.45992,0.446541,0.430661,0.412465,0.39234,0.370868,0.348787,0.32694,0.306213,0.287463,0.271469,0.258884,0.250212,0.245791,0.245791,0.250212,0.258884,0.271469,0.287463,0.306213,0.32694,0.348787,0.370868,0.39234,0.412465,0.430661,0.446541,0.45992,0.470804,0.47935,0.485829,0.49057,0.493919,0.496201,0.497702,0.498654,0.499237,0.499582,0.499778,0.499886,0.499944,0.499973,0.499987,0.499994,0.499997,0.499997
0.499998,0.499998,0.499996,0.499991,0.499981,0.499961,0.49992,0.499844,0.499705,0.499459,0.499041,0.498354,0.497265,0.4956,0.493139,0.489631,0.484801,0.478381,0.470139,0.45992,0.447686,0.433541,0.417752,0.400748,0.383098,0.365476,0.34861,0.333231,0.320018,0.309559,0.30232,0.298619,0.298619,0.30232,0.309559,0.320018,0.333231,0.34861,0.365476,0.383098,0.400748,0.417752,0.433541,0.447686,0.45992,0.470139,0.478381,0.484801,0.489631,0.493139,0.4956,0.497265,0.498354,0.499041,0.499459,0.499705,0.499844,0.49992,0.499961,0.499981,0.499991,0.499996,0.499998,0.499998
0.499998,0.499998,0.499997,0.499994,0.499987,0.499973,0.499946,0.499894,0.499798,0.499627,0.499336,0.498855,0.498088,0.496906,0.495149,0.492626,0.489128,0.484443,0.478381,0.470804,0.461656,0.450988,0.438978,0.42593,0.412271,0.39852,0.385256,0.373074,0.362542,0.354162,0.348339,0.345355,0.345355,0.348339,0.354162,0.362542,0.373074,0.385256,0.39852,0.412271,0.42593,0.438978,0.450988,0.461656,0.470804,0.478381,0.484443,0.489128,0.492626,0.495149,0.496906,0.498088,0.498855,0.499336,0.499627,0.499798,0.499894,0.499946,0.499973,0.499987,0.499994,0.499997,0.499998,0.499998
0.499999,0.499999,0.499998,0.499996,0.499992,0.499983,0.499964,0.49993,0.499865,0.499751,0.499554,0.499226,0.498701,0.497887,0.496669,0.494907,0.492447,0.489128,0.484801,0.47935,0.472717,0.464919,0.456067,0.446374,0.436147,0.425773,0.415695,0.40638,0.398281,0.391808,0.387295,0.384977,0.384977,0.387295,0.391808,0.398281,0.40638,0.415695,0.425773,0.436147,0.446374,0.456067,0.464919,0.472717,0.47935,0.484801,0.489128,0.492447,0.494907,0.496669,0.497887,0.498701,0.499226,0.499554,0.499751,0.499865,0.49993,0.499964,0.499983,0.499992,0.499996,0.499998,0.499999,0.499999
0.499999,0.499999,0.499999,0.499998,0.499995,0.499989,0.499977,0.499955,0.499913,0.499838,0.499709,0.499493,0.499143,0.498599,0.497779,0.496586,0.494907,0.492626,0.489631,0.485829,0.481168,0.475646,0.46933,0.462363,0.454957,0.447394,0.439999,0.433125,0.427118,0.422298,0.418927,0.417193,0.417193,0.418927,0.422298,0.427118,0.433125,0.439999,0.447394,0.454957,0.462363,0.46933,0.475646,0.481168,0.485829,0.489631,0.492626,0.494907,0.496586,0.497779,0.498599,0.499143,0.499493,0.499709,0.499838,0.499913,0.499955,0.499977,0.499989,0.499995,0.499998,0.499999,0.499999,0.499999
0.5,0.5,0.499999,0.499999,0.499997,0.499993,0.499986,0.499972,0.499945,0.499898,0.499816,0.499677,0.499452,0.499099,0.498564,0.497779,0.496669,0.495149,0.493139,0.49057,0.487398,0.483612,0.479252,0.474408,0.469225,0.463898,0.45866,0.453765,0.449468,0.446008,0.443581,0.442331,0.442331,0.443581,0.446008,0.449468,0.453765,0.45866,0.463898,0.469225,0.474408,0.479252,0.483612,0.487398,0.49057,0.493139,0.495149,0.496669,0.497779,0.498564,0.499099,0.499452,0.499677,0.499816,0.499898,0.499945,0.499972,0.499986,0.499993,0.499997,0.499999,0.499999,0.5,0.5
0.5,0.5,0.5,0.499999,0.499998,0.499996,0.499991,0.499983,0.499967,0.499938,0.499887,0.499801,0.49966,0.499438,0.499099,0.498599,0.497887,0.496906,0.4956,0.493919,0.491828,0.489317,0.486405,0.48315,0.479645,0.476022,0.47244,0.469077,0.466113,0.463718,0.462035,0.461166,0.461166,0.462035,0.463718,0.466113,0.469077,0.47244,0.476022,0.479645,0.48315,0.486405,0.489317,0.491828,0.493919,0.4956,0.496906,0.497887,0.498599,0.499099,0.499438,0.49966,0.499801,0.499887,0.499938,0.499967,0.499983,0.499991,0.499996,0.499998,0.499999,0.5,0.5,0.5
0.5,0.5,0.5,0.499999,0.499999,0.499998,0.499995,0.49999,0.49998,0.499963,0.499933,0.499881,0.499795,0.49966,0.499452,0.499143,0.498701,0.498088,0.497265,0.496201,0.494868,0.493257,0.491377,0.489262,0.486973,0.484594,0.48223,0.480001,0.478029,0.476431,0.475306,0.474724,0.474724,0.475306,0.476431,0.478029,0.480001,0.48223,0.484594,0.486973,0.489262,0.491377,0.493257,0.494868,0.496201,0.497265,0.498088,0.498701,0.499143,0.499452,0.49966,0.499795,0.499881,0.499933,0.499963,0.49998,0.49999,0.499995,0.499998,0.499999,0.499999,0.5,0.5,0.5
0.5,0.5,0.5,0.5,0.499999,0.499999,0.499997,0.499994,0.499989,0.499979,0.499961,0.499931,0.499881,0.499801,0.499677,0.499493,0.499226,0.498855,0.498354,0.497702,0.49688,0.49588,0.494707,0.49338,0.491936,0.490427,0.488922,0.487497,0.486232,0.485204,0.484479,0.484104,0.484104,0.484479,0.485204,0.486232,0.487497,0.488922,0.490427,0.491936,0.49338,0.494707,0.49588,0.49688,0.497702,0.498354,0.498855,0.499226,0.499493,0.499677,0.499801,0.499881,0.499931,0.499961,0.499979,0.499989,0.499994,0.499997,0.499999,0.499999,0.5,0.5,0.5,0.5
0.5,0.5,0.5,0.5,0.5,0.499999,0.499998,0.499997,0.499994,0.499988,0.499978,0.499961,0.499933,0.499887,0.499816,0.499709,0.499554,0.499336,0.499041,0.498654,0.498164,0.497565,0.496857,0.496053,0.495173,0.49425,0.493325,0.492446,0.491664,0.491026,0.490576,0.490342,0.490342,0.490576,0.491026,0.491664,0.492446,0.493325,0.49425,0.495173,0.496053,0.496857,0.497565,0.498164,0.498654,0.499041,0.499336,0.499554,0.499709,0.499816,0.499887,0.499933,0.499961,0.499978,0.499988,0.499994,0.499997,0.499998,0.499999,0.5,0.5,0.5,0.5,0.5
0.5,0.5,0.5,0.5,0.5,0.5,0.499999,0.499998,0.499997,0.499994,0.499988,0.499979,0.499963,0.499938,0.499898,0.499838,0.499751,0.499627,0.499459,0.499237,0.498955,0.498607,0.498195,0.497724,0.497207,0.496662,0.496113,0.49559,0.495124,0.494743,0.494473,0.494333,0.494333,0.494473,0.494743,0.495124,0.49559,0.496113,0.496662,0.497207,0.497724,0.498195,0.498607,0.498955,0.499237,0.499459,0.499627,0.499751,0.499838,0.499898,0.499938,0.499963,0.499979,0.499988,0.499994,0.499997,0.499998,0.499999,0.5,0.5,0.5,0.5,0.5,0.5
0.5,0.5,0.5,0.5,0.5,0.5,0.5,0.499999,0.499998,0.499997,0.499994,0.499989,0.49998,0.499967,0.499945,0.499913,0.499865,0.499798,0.499705,0.499582,0.499424,0.49923,0.498998,0.498732,0.498438,0.498127,0.497814,0.497514,0.497245,0.497025,0.49687,0.496789,0.496789,0.49687,0.497025,0.497245,0.497514,0.497814,0.498127,0.498438,0.498732,0.498998,0.49923,0.499424,0.499582,0.499705,0.499798,0.499865,0.499913,0.499945,0.499967,0.49998,0.499989,0.499994,0.499997,0.499998,0.499999,0.5,0.5,0.5,0.5,0.5,0.5,0.5
0.5,0.5,0.5,0.5,0.5,0.5,0.5,0.5,0.499999,0.499998,0.499997,0.499994,0.49999,0.499983,0.499972,0.499955,0.49993,0.499894,0.499844,0.499778,0.499694,0.499588,0.499462,0.499317,0.499156,0.498985,0.498812,0.498646,0.498497,0.498375,0.498288,0.498243,0.498243,0.498288,0.498375,0.498497,0.498646,0.498812,0.498985,0.499156,0.499317,0.499462,0.499588,0.499694,0.499778,0.499844,0.499894,0.49993,0.499955,0.499972,0.499983,0.49999,0.499994,0.499997,0.499998,0.499999,0.5,0.5,0.5,0.5,0.5,0.5,0.5,0.5
0.5,0.5,0.5,0.5,0.5,0.5,0.5,0.5,0.5,0.499999,0.499998,0.499997,0.499995,0.499991,0.499986,0.499977,0.499964,0.499946,0.49992,0.499886,0.499842,0.499787,0.499721,0.499644,0.499559,0.499469,0.499376,0.499288,0.499208,0.499143,0.499096,0.499072,0.499072,0.499096,0.499143,0.499208,0.499288,0.499376,0.499469,0.499559,0.499644,0.499721,0.499787,0.499842,0.499886,0.49992,0.499946,0.499964,0.499977,0.499986,0.499991,0.499995,0.499997,0.499998,0.499999,0.5,0.5,0.5,0.5,0.5,0.5,0.5,0.5,0.5
0.5,0.5,0.5,0.5,0.5,0.5,0.5,0.5,0.5,0.5,0.499999,0.499999,0.499998,0.499996,0.499993,0.499989,0.499983,0.499973,0.499961,0.499944,0.499921,0.499894,0.49986,0.499821,0.499778,0.499731,0.499684,0.499638,0.499597,0.499563,0.499539,0.499526,0.499526,0.499539,0.499563,0.499597,0.499638,0.499684,0.499731,0.499778,0.499821,0.49986,0.499894,0.499921,0.499944,0.499961,0.499973,0.499983,0.499989,0.499993,0.499996,0.499998,0.499999,0.499999,0.5,0.5,0.5,0.5,0.5,0.5,0.5,0.5,0.5,0.5
0.5,0.5,0.5,0.5,0.5,0.5,0.5,0.5,0.5,0.5,0.5,0.499999,0.499999,0.499998,0.499997,0.499995,0.499992,0.499987,0.499981,0.499973,0.499962,0.499949,0.499932,0.499913,0.499891,0.499868,0.499845,0.499822,0.499802,0.499785,0.499773,0.499766,0.499766,0.499773,0.499785,0.499802,0.499822,0.499845,0.499868,0.499891,0.499913,0.499932,0.499949,0.499962,0.499973,0.499981,0.499987,0.499992,0.499995,0.499997,0.499998,0.499999,0.499999,0.5,0.5,0.5,0.5,0.5,0.5,0.5,0.5,0.5,0.5,0.5
0.5,0.5,0.5,0.5,0.5,0.5,0.5,0.5,0.5,0.5,0.5,0.5,0.499999,0.499999,0.499999,0.499998,0.499996,0.499994,0.499991,0.499987,0.499982,0.499976,0.499968,0.499959,0.499948,0.499937,0.499926,0.499915,0.499905,0.499897,0.499891,0.499888,0.499888,0.499891,0.499897,0.499905,0.499915,0.499926,0.499937,0.499948,0.499959,0.499968,0.499976,0.499982,0.499987,0.499991,0.499994,0.499996,0.499998,0.499999,0.499999,0.499999,0.5,0.5,0.5,0.5,0.5,0.5,0.5,0.5,0.5,0.5,0.5,0.5
0.5,0.5,0.5,0.5,0.5,0.5,0.5,0.5,0.5,0.5,0.5,0.5,0.5,0.5,0.499999,0.499999,0.499998,0.499997,0.499996,0.499994,0.499992,0.499988,0.499985,0.49998,0.499975,0.49997,0.499964,0.499959,0.499954,0.49995,0.499947,0.499945,0.499945,0.499947,0.49995,0.499954,0.499959,0.499964,0.49997,0.499975,0.49998,0.499985,0.499988,0.499992,0.499994,0.499996,0.499997,0.499998,0.499999,0.499999,0.5,0.5,0.5,0.5,0.5,0.5,0.5,0.5,0.5,0.5,0.5,0.5,0.5,0.5
0.5,0.5,0.5,0.5,0.5,0.5,0.5,0.5,0.5,0.5,0.5,0.5,0.5,0.5,0.5,0.499999,0.499999,0.499998,0.499998,0.499997,0.499995,0.499993,0.499991,0.499988,0.499986,0.499982,0.499979,0.499976,0.499973,0.49997,0.499969,0.499968,0.499968,0.499969,0.49997,0.499973,0.499976,0.499979,0.499982,0.499986,0.499988,0.499991,0.499993,0.499995,0.499997,0.499998,0.499998,0.499999,0.499999,0.5,0.5,0.5,0.5,0.5,0.5,0.5,0.5,0.5,0.5,0.5,0.5,0.5,0.5,0.5
0.5,0.5,0.5,0.5,0.5,0.5,0.5,0.5,0.5,0.5,0.5,0.5,0.5,0.5,0.5,0.499999,0.499999,0.499998,0.499998,0.499997,0.499995,0.499993,0.499991,0.499988,0.499986,0.499982,0.499979,0.499976,0.499973,0.49997,0.499969,0.499968,0.499968,0.499969,0.49997,0.499973,0.499976,0.499979,0.499982,0.499986,0.499988,0.499991,0.499993,0.499995,0.499997,0.499998,0.499998,0.499999,0.499999,0.5,0.5,0.5,0.5,0.5,0.5,0.5,0.5,0.5,0.5,0.5,0.5,0.5,0.5,0.5
