0.431348,0.433871,0.433499,0.432751,0.431621,0.430106,0.428208,0.425944,0.423351,0.420496,0.41748,0.414447,0.411579,0.40909,0.407213,0.40618,0.406196,0.407414,0.40991,0.413668,0.418575,0.424428,0.430954,0.437835,0.44474,0.451358,0.457419,0.462706,0.467064,0.470394,0.472636,0.473762,0.473762,0.472636,0.470394,0.467064,0.462706,0.457419,0.451358,0.44474,0.437835,0.430954,0.424428,0.418575,0.413668,0.40991,0.407414,0.406196,0.40618,0.407213,0.40909,0.411579,0.414447,0.41748,0.420496,0.423351,0.425944,0.428208,0.430106,0.431621,0.432751,0.433499,0.433871,0.433871
0.433871,0.433871,0.433499,0.432751,0.431621,0.430106,0.428208,0.425944,0.423351,0.420496,0.41748,0.414447,0.411579,0.40909,0.407213,0.40618,0.406196,0.407414,0.40991,0.413668,0.418575,0.424428,0.430954,0.437835,0.44474,0.451358,0.457419,0.462706,0.467064,0.470394,0.472636,0.473762,0.473762,0.472636,0.470394,0.467064,0.462706,0.457419,0.451358,0.44474,0.437835,0.430954,0.424428,0.418575,0.413668,0.40991,0.407414,0.406196,0.40618,0.407213,0.40909,0.411579,0.414447,0.41748,0.420496,0.423351,0.425944,0.428208,0.430106,0.431621,0.432751,0.433499,0.433871,0.433871
0.433499,0.433499,0.433127,0.43238,0.431255,0.429751,0.427874,0.425644,0.4231,0.420313,0.417383,0.414452,0.411695,0.409319,0.407548,0.406603,0.40668,0.407924,0.410408,0.414118,0.418948,0.424701,0.431117,0.437889,0.444695,0.451231,0.457228,0.462472,0.466804,0.470119,0.472355,0.47348,0.47348,0.472355,0.470119,0.466804,0.462472,0.457228,0.451231,0.444695,0.437889,0.431117,0.424701,0.418948,0.414118,0.410408,0.407924,0.40668,0.406603,0.407548,0.409319,0.411695,0.414452,0.417383,0.420313,0.4231,0.425644,0.427874,0.429751,0.431255,0.43238,0.433127,0.433499,0.433499
0.432751,0.432751,0.43238,0.431638,0.430526,0.429047,0.427214,0.425055,0.422614,0.419964,0.417206,0.414475,0.411937,0.409783,0.408217,0.407441,0.407633,0.408925,0.411385,0.415,0.419675,0.425233,0.431434,0.437991,0.444602,0.450976,0.45685,0.462008,0.466288,0.469575,0.471799,0.472919,0.472919,0.471799,0.469575,0.466288,0.462008,0.45685,0.450976,0.444602,0.437991,0.431434,0.425233,0.419675,0.415,0.411385,0.408925,0.407633,0.407441,0.408217,0.409783,0.411937,0.414475,0.417206,0.419964,0.422614,0.425055,0.427214,0.429047,0.430526,0.431638,0.43238,0.432751,0.432751
0.431621,0.431621,0.431255,0.430526,0.429438,0.428006,0.42625,0.424205,0.421924,0.419483,0.416981,0.414545,0.412325,0.41049,0.409217,0.40868,0.409031,0.410385,0.412802,0.416274,0.420722,0.425996,0.431883,0.438129,0.444458,0.450596,0.456289,0.461322,0.465524,0.46877,0.470974,0.472088,0.472088,0.470974,0.46877,0.465524,0.461322,0.456289,0.450596,0.444458,0.438129,0.431883,0.425996,0.420722,0.416274,0.412802,0.410385,0.409031,0.40868,0.409217,0.41049,0.412325,0.414545,0.416981,0.419483,0.421924,0.424205,0.42625,0.428006,0.429438,0.430526,0.431255,0.431621,0.431621
0.430106,0.430106,0.429751,0.429047,0.428006,0.42665,0.42501,0.423131,0.421073,0.418915,0.416752,0.414698,0.412884,0.411449,0.410539,0.410293,0.410833,0.412252,0.414604,0.417886,0.422041,0.426949,0.432436,0.438286,0.444255,0.450092,0.455553,0.460425,0.464525,0.467715,0.469894,0.470998,0.470998,0.469894,0.467715,0.464525,0.460425,0.455553,0.450092,0.444255,0.438286,0.432436,0.426949,0.422041,0.417886,0.414604,0.412252,0.410833,0.410293,0.410539,0.411449,0.412884,0.414698,0.416752,0.418915,0.421073,0.423131,0.42501,0.42665,0.428006,0.429047,0.429751,0.430106,0.430106
0.428208,0.428208,0.427874,0.427214,0.42625,0.42501,0.423536,0.421883,0.420117,0.418316,0.416569,0.414975,0.413638,0.412667,0.412168,0.412244,0.412984,0.414462,0.41672,0.419767,0.423569,0.428043,0.433059,0.438442,0.443986,0.449466,0.454652,0.459329,0.463306,0.466426,0.468571,0.469663,0.469663,0.468571,0.466426,0.463306,0.459329,0.454652,0.449466,0.443986,0.438442,0.433059,0.428043,0.423569,0.419767,0.41672,0.414462,0.412984,0.412244,0.412168,0.412667,0.413638,0.414975,0.416569,0.418316,0.420117,0.421883,0.423536,0.42501,0.42625,0.427214,0.427874,0.428208,0.428208
0.425944,0.425944,0.425644,0.425055,0.424205,0.423131,0.421883,0.420523,0.419119,0.417748,0.416487,0.415414,0.414607,0.414138,0.414076,0.414483,0.415419,0.416935,0.419068,0.421838,0.425237,0.429223,0.433711,0.438573,0.443643,0.448722,0.453596,0.458051,0.461884,0.46492,0.467024,0.468099,0.468099,0.467024,0.46492,0.461884,0.458051,0.453596,0.448722,0.443643,0.438573,0.433711,0.429223,0.425237,0.421838,0.419068,0.416935,0.415419,0.414483,0.414076,0.414138,0.414607,0.415414,0.416487,0.417748,0.419119,0.420523,0.421883,0.423131,0.424205,0.425055,0.425644,0.425944,0.425944
0.423351,0.423351,0.4231,0.422614,0.421924,0.421073,0.420117,0.419119,0.418148,0.417271,0.416552,0.416046,0.415798,0.415847,0.416221,0.416948,0.418057,0.419581,0.421555,0.42401,0.426969,0.430428,0.43435,0.438654,0.443213,0.44786,0.452395,0.456604,0.460275,0.463215,0.465268,0.466323,0.466323,0.465268,0.463215,0.460275,0.456604,0.452395,0.44786,0.443213,0.438654,0.43435,0.430428,0.426969,0.42401,0.421555,0.419581,0.418057,0.416948,0.416221,0.415847,0.415798,0.416046,0.416552,0.417271,0.418148,0.419119,0.420117,0.421073,0.421924,0.422614,0.4231,0.423351,0.423351
0.420496,0.420496,0.420313,0.419964,0.419483,0.418915,0.418316,0.417748,0.417271,0.416942,0.416803,0.416885,0.417203,0.417758,0.418545,0.41956,0.420806,0.422302,0.424082,0.426194,0.428686,0.431596,0.434932,0.438658,0.442688,0.446883,0.451059,0.455004,0.458496,0.461327,0.463322,0.464352,0.464352,0.463322,0.461327,0.458496,0.455004,0.451059,0.446883,0.442688,0.438658,0.434932,0.431596,0.428686,0.426194,0.424082,0.422302,0.420806,0.41956,0.418545,0.417758,0.417203,0.416885,0.416803,0.416942,0.417271,0.417748,0.418316,0.418915,0.419483,0.419964,0.420313,0.420496,0.420496
0.41748,0.41748,0.417383,0.417206,0.416981,0.416752,0.416569,0.416487,0.416552,0.416803,0.417262,0.41793,0.418792,0.419819,0.420975,0.422229,0.423566,0.424994,0.42655,0.428297,0.430311,0.432667,0.435413,0.438559,0.442054,0.445788,0.449593,0.453261,0.456562,0.459272,0.461199,0.462199,0.462199,0.461199,0.459272,0.456562,0.453261,0.449593,0.445788,0.442054,0.438559,0.435413,0.432667,0.430311,0.428297,0.42655,0.424994,0.423566,0.422229,0.420975,0.419819,0.418792,0.41793,0.417262,0.416803,0.416552,0.416487,0.416569,0.416752,0.416981,0.417206,0.417383,0.41748,0.41748
0.414447,0.414447,0.414452,0.414475,0.414545,0.414698,0.414975,0.415414,0.416046,0.416885,0.41793,0.419154,0.420516,0.421959,0.423422,0.424855,0.42623,0.42755,0.428858,0.43023,0.431769,0.43358,0.435751,0.438328,0.441296,0.444571,0.448002,0.451384,0.454483,0.457061,0.458911,0.459877,0.459877,0.458911,0.457061,0.454483,0.451384,0.448002,0.444571,0.441296,0.438328,0.435751,0.43358,0.431769,0.43023,0.428858,0.42755,0.42623,0.424855,0.423422,0.421959,0.420516,0.419154,0.41793,0.416885,0.416046,0.415414,0.414975,0.414698,0.414545,0.414475,0.414452,0.414447,0.414447
0.411579,0.411579,0.411695,0.411937,0.412325,0.412884,0.413638,0.414607,0.415798,0.417203,0.418792,0.420516,0.422308,0.42409,0.425786,0.427332,0.428691,0.429868,0.430911,0.43191,0.432989,0.43428,0.435903,0.437936,0.440397,0.443224,0.446283,0.449375,0.452263,0.4547,0.456465,0.457392,0.457392,0.456465,0.4547,0.452263,0.449375,0.446283,0.443224,0.440397,0.437936,0.435903,0.43428,0.432989,0.43191,0.430911,0.429868,0.428691,0.427332,0.425786,0.42409,0.422308,0.420516,0.418792,0.417203,0.415798,0.414607,0.413638,0.412884,0.412325,0.411937,0.411695,0.411579,0.411579
0.40909,0.40909,0.409319,0.409783,0.41049,0.411449,0.412667,0.414138,0.415847,0.417758,0.419819,0.421959,0.42409,0.426123,0.427968,0.429556,0.43085,0.431855,0.432625,0.433264,0.433909,0.434716,0.435829,0.437354,0.439335,0.441732,0.444428,0.44723,0.4499,0.452187,0.45386,0.454744,0.454744,0.45386,0.452187,0.4499,0.44723,0.444428,0.441732,0.439335,0.437354,0.435829,0.434716,0.433909,0.433264,0.432625,0.431855,0.43085,0.429556,0.427968,0.426123,0.42409,0.421959,0.419819,0.417758,0.415847,0.414138,0.412667,0.411449,0.41049,0.409783,0.409319,0.40909,0.40909
0.407213,0.407213,0.407548,0.408217,0.409217,0.410539,0.412168,0.414076,0.416221,0.418545,0.420975,0.423422,0.425786,0.427968,0.429875,0.431438,0.43262,0.433431,0.43393,0.434229,0.434476,0.434843,0.435492,0.436552,0.438086,0.440077,0.442421,0.444936,0.447386,0.449517,0.451092,0.451928,0.451928,0.451092,0.449517,0.447386,0.444936,0.442421,0.440077,0.438086,0.436552,0.435492,0.434843,0.434476,0.434229,0.43393,0.433431,0.43262,0.431438,0.429875,0.427968,0.425786,0.423422,0.420975,0.418545,0.416221,0.414076,0.412168,0.410539,0.409217,0.408217,0.407548,0.407213,0.407213
0.40618,0.40618,0.406603,0.407441,0.40868,0.410293,0.412244,0.414483,0.416948,0.41956,0.422229,0.424855,0.427332,0.429556,0.431438,0.43291,0.43394,0.434541,0.434776,0.434761,0.434652,0.434627,0.434862,0.435501,0.436626,0.438237,0.440244,0.442478,0.444707,0.446677,0.448148,0.448934,0.448934,0.448148,0.446677,0.444707,0.442478,0.440244,0.438237,0.436626,0.435501,0.434862,0.434627,0.434652,0.434761,0.434776,0.434541,0.43394,0.43291,0.431438,0.429556,0.427332,0.424855,0.422229,0.41956,0.416948,0.414483,0.412244,0.410293,0.40868,0.407441,0.406603,0.40618,0.40618
0.406196,0.406196,0.40668,0.407633,0.409031,0.410833,0.412984,0.415419,0.418057,0.420806,0.423566,0.42623,0.428691,0.43085,0.43262,0.43394,0.434782,0.435161,0.435144,0.434844,0.434418,0.434049,0.433919,0.434183,0.434935,0.436192,0.43788,0.43984,0.441848,0.443653,0.445015,0.445748,0.445748,0.445015,0.443653,0.441848,0.43984,0.43788,0.436192,0.434935,0.434183,0.433919,0.434049,0.434418,0.434844,0.435144,0.435161,0.434782,0.43394,0.43262,0.43085,0.428691,0.42623,0.423566,0.420806,0.418057,0.415419,0.412984,0.410833,0.409031,0.407633,0.40668,0.406196,0.406196
0.407414,0.407414,0.407924,0.408925,0.410385,0.412252,0.414462,0.416935,0.419581,0.422302,0.424994,0.42755,0.429868,0.431855,0.433431,0.434541,0.435161,0.435309,0.435048,0.434488,0.433783,0.433113,0.432662,0.43259,0.433004,0.433933,0.435317,0.43701,0.438798,0.440436,0.441687,0.442363,0.442363,0.441687,0.440436,0.438798,0.43701,0.435317,0.433933,0.433004,0.43259,0.432662,0.433113,0.433783,0.434488,0.435048,0.435309,0.435161,0.434541,0.433431,0.431855,0.429868,0.42755,0.424994,0.422302,0.419581,0.416935,0.414462,0.412252,0.410385,0.408925,0.407924,0.407414,0.407414
0.40991,0.40991,0.410408,0.411385,0.412802,0.414604,0.41672,0.419068,0.421555,0.424082,0.42655,0.428858,0.430911,0.432625,0.43393,0.434776,0.435144,0.435048,0.434548,0.433747,0.432791,0.431854,0.431117,0.430743,0.430846,0.431468,0.432562,0.433994,0.435564,0.437033,0.438168,0.438787,0.438787,0.438168,0.437033,0.435564,0.433994,0.432562,0.431468,0.430846,0.430743,0.431117,0.431854,0.432791,0.433747,0.434548,0.435048,0.435144,0.434776,0.43393,0.432625,0.430911,0.428858,0.42655,0.424082,0.421555,0.419068,0.41672,0.414604,0.412802,0.411385,0.410408,0.40991,0.40991
0.413668,0.413668,0.414118,0.415,0.416274,0.417886,0.419767,0.421838,0.42401,0.426194,0.428297,0.43023,0.43191,0.433264,0.434229,0.434761,0.434844,0.434488,0.433747,0.432714,0.431524,0.430341,0.429342,0.428689,0.428503,0.428833,0.429646,0.430823,0.432174,0.433471,0.434489,0.435048,0.435048,0.434489,0.433471,0.432174,0.430823,0.429646,0.428833,0.428503,0.428689,0.429342,0.430341,0.431524,0.432714,0.433747,0.434488,0.434844,0.434761,0.434229,0.433264,0.43191,0.43023,0.428297,0.426194,0.42401,0.421838,0.419767,0.417886,0.416274,0.415,0.414118,0.413668,0.413668
0.418575,0.418575,0.418948,0.419675,0.420722,0.422041,0.423569,0.425237,0.426969,0.428686,0.430311,0.431769,0.432989,0.433909,0.434476,0.434652,0.434418,0.433783,0.432791,0.431524,0.430104,0.428685,0.427436,0.426517,0.426051,0.426097,0.426635,0.427557,0.428689,0.429812,0.43071,0.431207,0.431207,0.43071,0.429812,0.428689,0.427557,0.426635,0.426097,0.426051,0.426517,0.427436,0.428685,0.430104,0.431524,0.432791,0.433783,0.434418,0.434652,0.434476,0.433909,0.432989,0.431769,0.430311,0.428686,0.426969,0.425237,0.423569,0.422041,0.420722,0.419675,0.418948,0.418575,0.418575
0.424428,0.424428,0.424701,0.425233,0.425996,0.426949,0.428043,0.429223,0.430428,0.431596,0.432667,0.43358,0.43428,0.434716,0.434843,0.434627,0.434049,0.433113,0.431854,0.430341,0.428685,0.427027,0.425528,0.424345,0.423602,0.423367,0.42363,0.424297,0.425206,0.426152,0.426927,0.427361,0.427361,0.426927,0.426152,0.425206,0.424297,0.42363,0.423367,0.423602,0.424345,0.425528,0.427027,0.428685,0.430341,0.431854,0.433113,0.434049,0.434627,0.434843,0.434716,0.43428,0.43358,0.432667,0.431596,0.430428,0.429223,0.428043,0.426949,0.425996,0.425233,0.424701,0.424428,0.424428
0.430954,0.430954,0.431117,0.431434,0.431883,0.432436,0.433059,0.433711,0.43435,0.434932,0.435413,0.435751,0.435903,0.435829,0.435492,0.434862,0.433919,0.432662,0.431117,0.429342,0.427436,0.425528,0.423771,0.422318,0.421296,0.420776,0.420761,0.42117,0.421853,0.422618,0.423267,0.423637,0.423637,0.423267,0.422618,0.421853,0.42117,0.420761,0.420776,0.421296,0.422318,0.423771,0.425528,0.427436,0.429342,0.431117,0.432662,0.433919,0.434862,0.435492,0.435829,0.435903,0.435751,0.435413,0.434932,0.43435,0.433711,0.433059,0.432436,0.431883,0.431434,0.431117,0.430954,0.430954
0.437835,0.437835,0.437889,0.437991,0.438129,0.438286,0.438442,0.438573,0.438654,0.438658,0.438559,0.438328,0.437936,0.437354,0.436552,0.435501,0.434183,0.43259,0.430743,0.428689,0.426517,0.424345,0.422318,0.420587,0.419277,0.418468,0.418171,0.418318,0.418772,0.419354,0.419875,0.420178,0.420178,0.419875,0.419354,0.418772,0.418318,0.418171,0.418468,0.419277,0.420587,0.422318,0.424345,0.426517,0.428689,0.430743,0.43259,0.434183,0.435501,0.436552,0.437354,0.437936,0.438328,0.438559,0.438658,0.438654,0.438573,0.438442,0.438286,0.438129,0.437991,0.437889,0.437835,0.437835
0.44474,0.44474,0.444695,0.444602,0.444458,0.444255,0.443986,0.443643,0.443213,0.442688,0.442054,0.441296,0.440397,0.439335,0.438086,0.436626,0.434935,0.433004,0.430846,0.428503,0.426051,0.423602,0.421296,0.419277,0.417674,0.416572,0.415991,0.415875,0.4161,0.416498,0.41689,0.417128,0.417128,0.41689,0.416498,0.4161,0.415875,0.415991,0.416572,0.417674,0.419277,0.421296,0.423602,0.426051,0.428503,0.430846,0.433004,0.434935,0.436626,0.438086,0.439335,0.440397,0.441296,0.442054,0.442688,0.443213,0.443643,0.443986,0.444255,0.444458,0.444602,0.444695,0.44474,0.44474
0.451358,0.451358,0.451231,0.450976,0.450596,0.450092,0.449466,0.448722,0.44786,0.446883,0.445788,0.444571,0.443224,0.441732,0.440077,0.438237,0.436192,0.433933,0.431468,0.428833,0.426097,0.423367,0.420776,0.418468,0.416572,0.415179,0.414317,0.413942,0.413942,0.41416,0.414426,0.414599,0.414599,0.414426,0.41416,0.413942,0.413942,0.414317,0.415179,0.416572,0.418468,0.420776,0.423367,0.426097,0.428833,0.431468,0.433933,0.436192,0.438237,0.440077,0.441732,0.443224,0.444571,0.445788,0.446883,0.44786,0.448722,0.449466,0.450092,0.450596,0.450976,0.451231,0.451358,0.451358
0.457419,0.457419,0.457228,0.45685,0.456289,0.455553,0.454652,0.453596,0.452395,0.451059,0.449593,0.448002,0.446283,0.444428,0.442421,0.440244,0.43788,0.435317,0.432562,0.429646,0.426635,0.42363,0.420761,0.418171,0.415991,0.414317,0.413186,0.412563,0.412348,0.412394,0.41254,0.412651,0.412651,0.41254,0.412394,0.412348,0.412563,0.413186,0.414317,0.415991,0.418171,0.420761,0.42363,0.426635,0.429646,0.432562,0.435317,0.43788,0.440244,0.442421,0.444428,0.446283,0.448002,0.449593,0.451059,0.452395,0.453596,0.454652,0.455553,0.456289,0.45685,0.457228,0.457419,0.457419
0.462706,0.462706,0.462472,0.462008,0.461322,0.460425,0.459329,0.458051,0.456604,0.455004,0.453261,0.451384,0.449375,0.44723,0.444936,0.442478,0.43984,0.43701,0.433994,0.430823,0.427557,0.424297,0.42117,0.418318,0.415875,0.413942,0.412563,0.411713,0.411301,0.411189,0.411225,0.41128,0.41128,0.411225,0.411189,0.411301,0.411713,0.412563,0.413942,0.415875,0.418318,0.42117,0.424297,0.427557,0.430823,0.433994,0.43701,0.43984,0.442478,0.444936,0.44723,0.449375,0.451384,0.453261,0.455004,0.456604,0.458051,0.459329,0.460425,0.461322,0.462008,0.462472,0.462706,0.462706
0.467064,0.467064,0.466804,0.466288,0.465524,0.464525,0.463306,0.461884,0.460275,0.458496,0.456562,0.454483,0.452263,0.4499,0.447386,0.444707,0.441848,0.438798,0.435564,0.432174,0.428689,0.425206,0.421853,0.418772,0.4161,0.413942,0.412348,0.411301,0.410718,0.41047,0.410411,0.410417,0.410417,0.410411,0.41047,0.410718,0.411301,0.412348,0.413942,0.4161,0.418772,0.421853,0.425206,0.428689,0.432174,0.435564,0.438798,0.441848,0.444707,0.447386,0.4499,0.452263,0.454483,0.456562,0.458496,0.460275,0.461884,0.463306,0.464525,0.465524,0.466288,0.466804,0.467064,0.467064
0.470394,0.470394,0.470119,0.469575,0.46877,0.467715,0.466426,0.46492,0.463215,0.461327,0.459272,0.457061,0.4547,0.452187,0.449517,0.446677,0.443653,0.440436,0.437033,0.433471,0.429812,0.426152,0.422618,0.419354,0.416498,0.41416,0.412394,0.411189,0.41047,0.410112,0.409978,0.409945,0.409945,0.409978,0.410112,0.41047,0.411189,0.412394,0.41416,0.416498,0.419354,0.422618,0.426152,0.429812,0.433471,0.437033,0.440436,0.443653,0.446677,0.449517,0.452187,0.4547,0.457061,0.459272,0.461327,0.463215,0.46492,0.466426,0.467715,0.46877,0.469575,0.470119,0.470394,0.470394
0.472636,0.472636,0.472355,0.471799,0.470974,0.469894,0.468571,0.467024,0.465268,0.463322,0.461199,0.458911,0.456465,0.45386,0.451092,0.448148,0.445015,0.441687,0.438168,0.434489,0.43071,0.426927,0.423267,0.419875,0.41689,0.414426,0.41254,0.411225,0.410411,0.409978,0.40979,0.40973,0.40973,0.40979,0.409978,0.410411,0.411225,0.41254,0.414426,0.41689,0.419875,0.423267,0.426927,0.43071,0.434489,0.438168,0.441687,0.445015,0.448148,0.451092,0.45386,0.456465,0.458911,0.461199,0.463322,0.465268,0.467024,0.468571,0.469894,0.470974,0.471799,0.472355,0.472636,0.472636
0.473762,0.473762,0.47348,0.472919,0.472088,0.470998,0.469663,0.468099,0.466323,0.464352,0.462199,0.459877,0.457392,0.454744,0.451928,0.448934,0.445748,0.442363,0.438787,0.435048,0.431207,0.427361,0.423637,0.420178,0.417128,0.414599,0.412651,0.41128,0.410417,0.409945,0.40973,0.409657,0.409657,0.40973,0.409945,0.410417,0.41128,0.412651,0.414599,0.417128,0.420178,0.423637,0.427361,0.431207,0.435048,0.438787,0.442363,0.445748,0.448934,0.451928,0.454744,0.457392,0.459877,0.462199,0.464352,0.466323,0.468099,0.469663,0.470998,0.472088,0.472919,0.47348,0.473762,0.473762
0.473762,0.473762,0.47348,0.472919,0.472088,0.470998,0.469663,0.468099,0.466323,0.464352,0.462199,0.459877,0.457392,0.454744,0.451928,0.448934,0.445748,0.442363,0.438787,0.435048,0.431207,0.427361,0.423637,0.420178,0.417128,0.414599,0.412651,0.41128,0.410417,0.409945,0.40973,0.409657,0.409657,0.40973,0.409945,0.410417,0.41128,0.412651,0.414599,0.417128,0.420178,0.423637,0.427361,0.431207,0.435048,0.438787,0.442363,0.445748,0.448934,0.451928,0.454744,0.457392,0.459877,0.462199,0.464352,0.466323,0.468099,0.469663,0.470998,0.472088,0.472919,0.47348,0.473762,0.473762
0.472636,0.472636,0.472355,0.471799,0.470974,0.469894,0.468571,0.467024,0.465268,0.463322,0.461199,0.458911,0.456465,0.45386,0.451092,0.448148,0.445015,0.441687,0.438168,0.434489,0.43071,0.426927,0.423267,0.419875,0.41689,0.414426,0.41254,0.411225,0.410411,0.409978,0.40979,0.40973,0.40973,0.40979,0.409978,0.410411,0.411225,0.41254,0.414426,0.41689,0.419875,0.423267,0.426927,0.43071,0.434489,0.438168,0.441687,0.445015,0.448148,0.451092,0.45386,0.456465,0.458911,0.461199,0.463322,0.465268,0.467024,0.468571,0.469894,0.470974,0.471799,0.472355,0.472636,0.472636
0.470394,0.470394,0.470119,0.469575,0.46877,0.467715,0.466426,0.46492,0.463215,0.461327,0.459272,0.457061,0.4547,0.452187,0.449517,0.446677,0.443653,0.440436,0.437033,0.433471,0.429812,0.426152,0.422618,0.419354,0.416498,0.41416,0.412394,0.411189,0.41047,0.410112,0.409978,0.409945,0.409945,0.409978,0.410112,0.41047,0.411189,0.412394,0.41416,0.416498,0.419354,0.422618,0.426152,0.429812,0.433471,0.437033,0.440436,0.443653,0.446677,0.449517,0.452187,0.4547,0.457061,0.459272,0.461327,0.463215,0.46492,0.466426,0.467715,0.46877,0.469575,0.470119,0.470394,0.470394
0.467064,0.467064,0.466804,0.466288,0.465524,0.464525,0.463306,0.461884,0.460275,0.458496,0.456562,0.454483,0.452263,0.4499,0.447386,0.444707,0.441848,0.438798,0.435564,0.432174,0.428689,0.425206,0.421853,0.418772,0.4161,0.413942,0.412348,0.411301,0.410718,0.41047,0.410411,0.410417,0.410417,0.410411,0.41047,0.410718,0.411301,0.412348,0.413942,0.4161,0.418772,0.421853,0.425206,0.428689,0.432174,0.435564,0.438798,0.441848,0.444707,0.447386,0.4499,0.452263,0.454483,0.456562,0.458496,0.460275,0.461884,0.463306,0.464525,0.465524,0.466288,0.466804,0.467064,0.467064
0.462706,0.462706,0.462472,0.462008,0.461322,0.460425,0.459329,0.458051,0.456604,0.455004,0.453261,0.451384,0.449375,0.44723,0.444936,0.442478,0.43984,0.43701,0.433994,0.430823,0.427557,0.424297,0.42117,0.418318,0.415875,0.413942,0.412563,0.411713,0.411301,0.411189,0.411225,0.41128,0.41128,0.411225,0.411189,0.411301,0.411713,0.412563,0.413942,0.415875,0.418318,0.42117,0.424297,0.427557,0.430823,0.433994,0.43701,0.43984,0.442478,0.444936,0.44723,0.449375,0.451384,0.453261,0.455004,0.456604,0.458051,0.459329,0.460425,0.461322,0.462008,0.462472,0.462706,0.462706
0.457419,0.457419,0.457228,0.45685,0.456289,0.455553,0.454652,0.453596,0.452395,0.451059,0.449593,0.448002,0.446283,0.444428,0.442421,0.440244,0.43788,0.435317,0.432562,0.429646,0.426635,0.42363,0.420761,0.418171,0.415991,0.414317,0.413186,0.412563,0.412348,0.412394,0.41254,0.412651,0.412651,0.41254,0.412394,0.412348,0.412563,0.413186,0.414317,0.415991,0.418171,0.420761,0.42363,0.426635,0.429646,0.432562,0.435317,0.43788,0.440244,0.442421,0.444428,0.446283,0.448002,0.449593,0.451059,0.452395,0.453596,0.454652,0.455553,0.456289,0.45685,0.457228,0.457419,0.457419
0.451358,0.451358,0.451231,0.450976,0.450596,0.450092,0.449466,0.448722,0.44786,0.446883,0.445788,0.444571,0.443224,0.441732,0.440077,0.438237,0.436192,0.433933,0.431468,0.428833,0.426097,0.423367,0.420776,0.418468,0.416572,0.415179,0.414317,0.413942,0.413942,0.41416,0.414426,0.414599,0.414599,0.414426,0.41416,0.413942,0.413942,0.414317,0.415179,0.416572,0.418468,0.420776,0.423367,0.426097,0.428833,0.431468,0.433933,0.436192,0.438237,0.440077,0.441732,0.443224,0.444571,0.445788,0.446883,0.44786,0.448722,0.449466,0.450092,0.450596,0.450976,0.451231,0.451358,0.451358
0.44474,0.44474,0.444695,0.444602,0.444458,0.444255,0.443986,0.443643,0.443213,0.442688,0.442054,0.441296,0.440397,0.439335,0.438086,0.436626,0.434935,0.433004,0.430846,0.428503,0.426051,0.423602,0.421296,0.419277,0.417674,0.416572,0.415991,0.415875,0.4161,0.416498,0.41689,0.417128,0.417128,0.41689,0.416498,0.4161,0.415875,0.415991,0.416572,0.417674,0.419277,0.421296,0.423602,0.426051,0.428503,0.430846,0.433004,0.434935,0.436626,0.438086,0.439335,0.440397,0.441296,0.442054,0.442688,0.443213,0.443643,0.443986,0.444255,0.444458,0.444602,0.444695,0.44474,0.44474
0.437835,0.437835,0.437889,0.437991,0.438129,0.438286,0.438442,0.438573,0.438654,0.438658,0.438559,0.438328,0.437936,0.437354,0.436552,0.435501,0.434183,0.43259,0.430743,0.428689,0.426517,0.424345,0.422318,0.420587,0.419277,0.418468,0.418171,0.418318,0.418772,0.419354,0.419875,0.420178,0.420178,0.419875,0.419354,0.418772,0.418318,0.418171,0.418468,0.419277,0.420587,0.422318,0.424345,0.426517,0.428689,0.430743,0.43259,0.434183,0.435501,0.436552,0.437354,0.437936,0.438328,0.438559,0.438658,0.438654,0.438573,0.438442,0.438286,0.438129,0.437991,0.437889,0.437835,0.437835
0.430954,0.430954,0.431117,0.431434,0.431883,0.432436,0.433059,0.433711,0.43435,0.434932,0.435413,0.435751,0.435903,0.435829,0.435492,0.434862,0.433919,0.432662,0.431117,0.429342,0.427436,0.425528,0.423771,0.422318,0.421296,0.420776,0.420761,0.42117,0.421853,0.422618,0.423267,0.423637,0.423637,0.423267,0.422618,0.421853,0.42117,0.420761,0.420776,0.421296,0.422318,0.423771,0.425528,0.427436,0.429342,0.431117,0.432662,0.433919,0.434862,0.435492,0.435829,0.435903,0.435751,0.435413,0.434932,0.43435,0.433711,0.433059,0.432436,0.431883,0.431434,0.431117,0.430954,0.430954
0.424428,0.424428,0.424701,0.425233,0.425996,0.426949,0.428043,0.429223,0.430428,0.431596,0.432667,0.43358,0.43428,0.434716,0.434843,0.434627,0.434049,0.433113,0.431854,0.430341,0.428685,0.427027,0.425528,0.424345,0.423602,0.423367,0.42363,0.424297,0.425206,0.426152,0.426927,0.427361,0.427361,0.426927,0.426152,0.425206,0.424297,0.42363,0.423367,0.423602,0.424345,0.425528,0.427027,0.428685,0.430341,0.431854,0.433113,0.434049,0.434627,0.434843,0.434716,0.43428,0.43358,0.432667,0.431596,0.430428,0.429223,0.428043,0.426949,0.425996,0.425233,0.424701,0.424428,0.424428
0.418575,0.418575,0.418948,0.419675,0.420722,0.422041,0.423569,0.425237,0.426969,0.428686,0.430311,0.431769,0.432989,0.433909,0.434476,0.434652,0.434418,0.433783,0.432791,0.431524,0.430104,0.428685,0.427436,0.426517,0.426051,0.426097,0.426635,0.427557,0.428689,0.429812,0.43071,0.431207,0.431207,0.43071,0.429812,0.428689,0.427557,0.426635,0.426097,0.426051,0.426517,0.427436,0.428685,0.430104,0.431524,0.432791,0.433783,0.434418,0.434652,0.434476,0.433909,0.432989,0.431769,0.430311,0.428686,0.426969,0.425237,0.423569,0.422041,0.420722,0.419675,0.418948,0.418575,0.418575
0.413668,0.413668,0.414118,0.415,0.416274,0.417886,0.419767,0.421838,0.42401,0.426194,0.428297,0.43023,0.43191,0.433264,0.434229,0.434761,0.434844,0.434488,0.433747,0.432714,0.431524,0.430341,0.429342,0.428689,0.428503,0.428833,0.429646,0.430823,0.432174,0.433471,0.434489,0.435048,0.435048,0.434489,0.433471,0.432174,0.430823,0.429646,0.428833,0.428503,0.428689,0.429342,0.430341,0.431524,0.432714,0.433747,0.434488,0.434844,0.434761,0.434229,0.433264,0.43191,0.43023,0.428297,0.426194,0.42401,0.421838,0.419767,0.417886,0.416274,0.415,0.414118,0.413668,0.413668
0.40991,0.40991,0.410408,0.411385,0.412802,0.414604,0.41672,0.419068,0.421555,0.424082,0.42655,0.428858,0.430911,0.432625,0.43393,0.434776,0.435144,0.435048,0.434548,0.433747,0.432791,0.431854,0.431117,0.430743,0.430846,0.431468,0.432562,0.433994,0.435564,0.437033,0.438168,0.438787,0.438787,0.438168,0.437033,0.435564,0.433994,0.432562,0.431468,0.430846,0.430743,0.431117,0.431854,0.432791,0.433747,0.434548,0.435048,0.435144,0.434776,0.43393,0.432625,0.430911,0.428858,0.42655,0.424082,0.421555,0.419068,0.41672,0.414604,0.412802,0.411385,0.410408,0.40991,0.40991
0.407414,0.407414,0.407924,0.408925,0.410385,0.412252,0.414462,0.416935,0.419581,0.422302,0.424994,0.42755,0.429868,0.431855,0.433431,0.434541,0.435161,0.435309,0.435048,0.434488,0.433783,0.433113,0.432662,0.43259,0.433004,0.433933,0.435317,0.43701,0.438798,0.440436,0.441687,0.442363,0.442363,0.441687,0.440436,0.438798,0.43701,0.435317,0.433933,0.433004,0.43259,0.432662,0.433113,0.433783,0.434488,0.435048,0.435309,0.435161,0.434541,0.433431,0.431855,0.429868,0.42755,0.424994,0.422302,0.419581,0.416935,0.414462,0.412252,0.410385,0.408925,0.407924,0.407414,0.407414
0.406196,0.406196,0.40668,0.407633,0.409031,0.410833,0.412984,0.415419,0.418057,0.420806,0.423566,0.42623,0.428691,0.43085,0.43262,0.43394,0.434782,0.435161,0.435144,0.434844,0.434418,0.434049,0.433919,0.434183,0.434935,0.436192,0.43788,0.43984,0.441848,0.443653,0.445015,0.445748,0.445748,0.445015,0.443653,0.441848,0.43984,0.43788,0.436192,0.434935,0.434183,0.433919,0.434049,0.434418,0.434844,0.435144,0.435161,0.434782,0.43394,0.43262,0.43085,0.428691,0.42623,0.423566,0.420806,0.418057,0.415419,0.412984,0.410833,0.409031,0.407633,0.40668,0.406196,0.406196
0.40618,0.40618,0.406603,0.407441,0.40868,0.410293,0.412244,0.414483,0.416948,0.41956,0.422229,0.424855,0.427332,0.429556,0.431438,0.43291,0.43394,0.434541,0.434776,0.434761,0.434652,0.434627,0.434862,0.435501,0.436626,0.438237,0.440244,0.442478,0.444707,0.446677,0.448148,0.448934,0.448934,0.448148,0.446677,0.444707,0.442478,0.440244,0.438237,0.436626,0.435501,0.434862,0.434627,0.434652,0.434761,0.434776,0.434541,0.43394,0.43291,0.431438,0.429556,0.427332,0.424855,0.422229,0.41956,0.416948,0.414483,0.412244,0.410293,0.40868,0.407441,0.406603,0.40618,0.40618
0.407213,0.407213,0.407548,0.408217,0.409217,0.410539,0.412168,0.414076,0.416221,0.418545,0.420975,0.423422,0.425786,0.427968,0.429875,0.431438,0.43262,0.433431,0.43393,0.434229,0.434476,0.434843,0.435492,0.436552,0.438086,0.440077,0.442421,0.444936,0.447386,0.449517,0.451092,0.451928,0.451928,0.451092,0.449517,0.447386,0.444936,0.442421,0.440077,0.438086,0.436552,0.435492,0.434843,0.434476,0.434229,0.43393,0.433431,0.43262,0.431438,0.429875,0.427968,0.425786,0.423422,0.420975,0.418545,0.416221,0.414076,0.412168,0.410539,0.409217,0.408217,0.407548,0.407213,0.407213
0.40909,0.40909,0.409319,0.409783,0.41049,0.411449,0.412667,0.414138,0.415847,0.417758,0.419819,0.421959,0.42409,0.426123,0.427968,0.429556,0.43085,0.431855,0.432625,0.433264,0.433909,0.434716,0.435829,0.437354,0.439335,0.441732,0.444428,0.44723,0.4499,0.452187,0.45386,0.454744,0.454744,0.45386,0.452187,0.4499,0.44723,0.444428,0.441732,0.439335,0.437354,0.435829,0.434716,0.433909,0.433264,0.432625,0.431855,0.43085,0.429556,0.427968,0.426123,0.42409,0.421959,0.419819,0.417758,0.415847,0.414138,0.412667,0.411449,0.41049,0.409783,0.409319,0.40909,0.40909
0.411579,0.411579,0.411695,0.411937,0.412325,0.412884,0.413638,0.414607,0.415798,0.417203,0.418792,0.420516,0.422308,0.42409,0.425786,0.427332,0.428691,0.429868,0.430911,0.43191,0.432989,0.43428,0.435903,0.437936,0.440397,0.443224,0.446283,0.449375,0.452263,0.4547,0.456465,0.457392,0.457392,0.456465,0.4547,0.452263,0.449375,0.446283,0.443224,0.440397,0.437936,0.435903,0.43428,0.432989,0.43191,0.430911,0.429868,0.428691,0.427332,0.425786,0.42409,0.422308,0.420516,0.418792,0.417203,0.415798,0.414607,0.413638,0.412884,0.412325,0.411937,0.411695,0.411579,0.411579
0.414447,0.414447,0.414452,0.414475,0.414545,0.414698,0.414975,0.415414,0.416046,0.416885,0.41793,0.419154,0.420516,0.421959,0.423422,0.424855,0.42623,0.42755,0.428858,0.43023,0.431769,0.43358,0.435751,0.438328,0.441296,0.444571,0.448002,0.451384,0.454483,0.457061,0.458911,0.459877,0.459877,0.458911,0.457061,0.454483,0.451384,0.448002,0.444571,0.441296,0.438328,0.435751,0.43358,0.431769,0.43023,0.428858,0.42755,0.42623,0.424855,0.423422,0.421959,0.420516,0.419154,0.41793,0.416885,0.416046,0.415414,0.414975,0.414698,0.414545,0.414475,0.414452,0.414447,0.414447
0.41748,0.41748,0.417383,0.417206,0.416981,0.416752,0.416569,0.416487,0.416552,0.416803,0.417262,0.41793,0.418792,0.419819,0.420975,0.422229,0.423566,0.424994,0.42655,0.428297,0.430311,0.432667,0.435413,0.438559,0.442054,0.445788,0.449593,0.453261,0.456562,0.459272,0.461199,0.462199,0.462199,0.461199,0.459272,0.456562,0.453261,0.449593,0.445788,0.442054,0.438559,0.435413,0.432667,0.430311,0.428297,0.42655,0.424994,0.423566,0.422229,0.420975,0.419819,0.418792,0.41793,0.417262,0.416803,0.416552,0.416487,0.416569,0.416752,0.416981,0.417206,0.417383,0.41748,0.41748
0.420496,0.420496,0.420313,0.419964,0.419483,0.418915,0.418316,0.417748,0.417271,0.416942,0.416803,0.416885,0.417203,0.417758,0.418545,0.41956,0.420806,0.422302,0.424082,0.426194,0.428686,0.431596,0.434932,0.438658,0.442688,0.446883,0.451059,0.455004,0.458496,0.461327,0.463322,0.464352,0.464352,0.463322,0.461327,0.458496,0.455004,0.451059,0.446883,0.442688,0.438658,0.434932,0.431596,0.428686,0.426194,0.424082,0.422302,0.420806,0.41956,0.418545,0.417758,0.417203,0.416885,0.416803,0.416942,0.417271,0.417748,0.418316,0.418915,0.419483,0.419964,0.420313,0.420496,0.420496
0.423351,0.423351,0.4231,0.422614,0.421924,0.421073,0.420117,0.419119,0.418148,0.417271,0.416552,0.416046,0.415798,0.415847,0.416221,0.416948,0.418057,0.419581,0.421555,0.42401,0.426969,0.430428,0.43435,0.438654,0.443213,0.44786,0.452395,0.456604,0.460275,0.463215,0.465268,0.466323,0.466323,0.465268,0.463215,0.460275,0.456604,0.452395,0.44786,0.443213,0.438654,0.43435,0.430428,0.426969,0.42401,0.421555,0.419581,0.418057,0.416948,0.416221,0.415847,0.415798,0.416046,0.416552,0.417271,0.418148,0.419119,0.420117,0.421073,0.421924,0.422614,0.4231,0.423351,0.423351
0.425944,0.425944,0.425644,0.425055,0.424205,0.423131,0.421883,0.420523,0.419119,0.417748,0.416487,0.415414,0.414607,0.414138,0.414076,0.414483,0.415419,0.416935,0.419068,0.421838,0.425237,0.429223,0.433711,0.438573,0.443643,0.448722,0.453596,0.458051,0.461884,0.46492,0.467024,0.468099,0.468099,0.467024,0.46492,0.461884,0.458051,0.453596,0.448722,0.443643,0.438573,0.433711,0.429223,0.425237,0.421838,0.419068,0.416935,0.415419,0.414483,0.414076,0.414138,0.414607,0.415414,0.416487,0.417748,0.419119,0.420523,0.421883,0.423131,0.424205,0.425055,0.425644,0.425944,0.425944
0.428208,0.428208,0.427874,0.427214,0.42625,0.42501,0.423536,0.421883,0.420117,0.418316,0.416569,0.414975,0.413638,0.412667,0.412168,0.412244,0.412984,0.414462,0.41672,0.419767,0.423569,0.428043,0.433059,0.438442,0.443986,0.449466,0.454652,0.459329,0.463306,0.466426,0.468571,0.469663,0.469663,0.468571,0.466426,0.463306,0.459329,0.454652,0.449466,0.443986,0.438442,0.433059,0.428043,0.423569,0.419767,0.41672,0.414462,0.412984,0.412244,0.412168,0.412667,0.413638,0.414975,0.416569,0.418316,0.420117,0.421883,0.423536,0.42501,0.42625,0.427214,0.427874,0.428208,0.428208
0.430106,0.430106,0.429751,0.429047,0.428006,0.42665,0.42501,0.423131,0.421073,0.418915,0.416752,0.414698,0.412884,0.411449,0.410539,0.410293,0.410833,0.412252,0.414604,0.417886,0.422041,0.426949,0.432436,0.438286,0.444255,0.450092,0.455553,0.460425,0.464525,0.467715,0.469894,0.470998,0.470998,0.469894,0.467715,0.464525,0.460425,0.455553,0.450092,0.444255,0.438286,0.432436,0.426949,0.422041,0.417886,0.414604,0.412252,0.410833,0.410293,0.410539,0.411449,0.412884,0.414698,0.416752,0.418915,0.421073,0.423131,0.42501,0.42665,0.428006,0.429047,0.429751,0.430106,0.430106
0.431621,0.431621,0.431255,0.430526,0.429438,0.428006,0.42625,0.424205,0.421924,0.419483,0.416981,0.414545,0.412325,0.41049,0.409217,0.40868,0.409031,0.410385,0.412802,0.416274,0.420722,0.425996,0.431883,0.438129,0.444458,0.450596,0.456289,0.461322,0.465524,0.46877,0.470974,0.472088,0.472088,0.470974,0.46877,0.465524,0.461322,0.456289,0.450596,0.444458,0.438129,0.431883,0.425996,0.420722,0.416274,0.412802,0.410385,0.409031,0.40868,0.409217,0.41049,0.412325,0.414545,0.416981,0.419483,0.421924,0.424205,0.42625,0.428006,0.429438,0.430526,0.431255,0.431621,0.431621
0.432751,0.432751,0.43238,0.431638,0.430526,0.429047,0.427214,0.425055,0.422614,0.419964,0.417206,0.414475,0.411937,0.409783,0.408217,0.407441,0.407633,0.408925,0.411385,0.415,0.419675,0.425233,0.431434,0.437991,0.444602,0.450976,0.45685,0.462008,0.466288,0.469575,0.471799,0.472919,0.472919,0.471799,0.469575,0.466288,0.462008,0.45685,0.450976,0.444602,0.437991,0.431434,0.425233,0.419675,0.415,0.411385,0.408925,0.407633,0.407441,0.408217,0.409783,0.411937,0.414475,0.417206,0.419964,0.422614,0.425055,0.427214,0.429047,0.430526,0.431638,0.43238,0.432751,0.432751
0.433499,0.433499,0.433127,0.43238,0.431255,0.429751,0.427874,0.425644,0.4231,0.420313,0.417383,0.414452,0.411695,0.409319,0.407548,0.406603,0.40668,0.407924,0.410408,0.414118,0.418948,0.424701,0.431117,0.437889,0.444695,0.451231,0.457228,0.462472,0.466804,0.470119,0.472355,0.47348,0.47348,0.472355,0.470119,0.466804,0.462472,0.457228,0.451231,0.444695,0.437889,0.431117,0.424701,0.418948,0.414118,0.410408,0.407924,0.40668,0.406603,0.407548,0.409319,0.411695,0.414452,0.417383,0.420313,0.4231,0.425644,0.427874,0.429751,0.431255,0.43238,0.433127,0.433499,0.433499
0.433871,0.433871,0.433499,0.432751,0.431621,0.430106,0.428208,0.425944,0.423351,0.420496,0.41748,0.414447,0.411579,0.40909,0.407213,0.40618,0.406196,0.407414,0.40991,0.413668,0.418575,0.424428,0.430954,0.437835,0.44474,0.451358,0.457419,0.462706,0.467064,0.470394,0.472636,0.473762,0.473762,0.472636,0.470394,0.467064,0.462706,0.457419,0.451358,0.44474,0.437835,0.430954,0.424428,0.418575,0.413668,0.40991,0.407414,0.406196,0.40618,0.407213,0.40909,0.411579,0.414447,0.41748,0.420496,0.423351,0.425944,0.428208,0.430106,0.431621,0.432751,0.433499,0.433871,0.433871
0.433871,0.433871,0.433499,0.432751,0.431621,0.430106,0.428208,0.425944,0.423351,0.420496,0.41748,0.414447,0.411579,0.40909,0.407213,0.40618,0.406196,0.407414,0.40991,0.413668,0.418575,0.424428,0.430954,0.437835,0.44474,0.451358,0.457419,0.462706,0.467064,0.470394,0.472636,0.473762,0.473762,0.472636,0.470394,0.467064,0.462706,0.457419,0.451358,0.44474,0.437835,0.430954,0.424428,0.418575,0.413668,0.40991,0.407414,0.406196,0.40618,0.407213,0.40909,0.411579,0.414447,0.41748,0.420496,0.423351,0.425944,0.428208,0.430106,0.431621,0.432751,0.433499,0.433871,0.433871
