0.5,0.5,0.499999,0.499999,0.499998,0.499996,0.499994,0.499989,0.499981,0.499968,0.499947,0.499917,0.499872,0.499808,0.499719,0.499598,0.49944,0.499238,0.498986,0.498682,0.498325,0.497917,0.497464,0.496977,0.496471,0.495962,0.495471,0.495019,0.494627,0.494314,0.494096,0.493983,0.493983,0.494096,0.494314,0.494627,0.495019,0.495471,0.495962,0.496471,0.496977,0.497464,0.497917,0.498325,0.498682,0.498986,0.499238,0.49944,0.499598,0.499719,0.499808,0.499872,0.499917,0.499947,0.499968,0.499981,0.499989,0.499994,0.499996,0.499998,0.499999,0.499999,0.5,0.5
0.5,0.5,0.499999,0.499999,0.499998,0.499996,0.499994,0.499989,0.499981,0.499968,0.499947,0.499917,0.499872,0.499808,0.499719,0.499598,0.49944,0.499238,0.498986,0.498682,0.498325,0.497917,0.497464,0.496977,0.496471,0.495962,0.495471,0.495019,0.494627,0.494314,0.494096,0.493983,0.493983,0.494096,0.494314,0.494627,0.495019,0.495471,0.495962,0.496471,0.496977,0.497464,0.497917,0.498325,0.498682,0.498986,0.499238,0.49944,0.499598,0.499719,0.499808,0.499872,0.499917,0.499947,0.499968,0.499981,0.499989,0.499994,0.499996,0.499998,0.499999,0.499999,0.5,0.5
0.499999,0.499999,0.499999,0.499998,0.499997,0.499995,0.499991,0.499983,0.499972,0.499954,0.499925,0.499883,0.499821,0.499733,0.499611,0.499449,0.499237,0.498967,0.498635,0.498236,0.497769,0.49724,0.496657,0.496033,0.495387,0.494741,0.49412,0.493551,0.493058,0.492665,0.492392,0.492252,0.492252,0.492392,0.492665,0.493058,0.493551,0.49412,0.494741,0.495387,0.496033,0.496657,0.49724,0.497769,0.498236,0.498635,0.498967,0.499237,0.499449,0.499611,0.499733,0.499821,0.499883,0.499925,0.499954,0.499972,0.499983,0.499991,0.499995,0.499997,0.499998,0.499999,0.499999,0.499999
0.499999,0.499999,0.499998,0.499997,0.499995,0.499991,0.499984,0.499972,0.499952,0.499921,0.499875,0.499805,0.499704,0.499563,0.49937,0.499114,0.498784,0.498368,0.497859,0.497254,0.496553,0.495765,0.494902,0.493987,0.493045,0.49211,0.491216,0.4904,0.489696,0.489138,0.48875,0.488551,0.488551,0.48875,0.489138,0.489696,0.4904,0.491216,0.49211,0.493045,0.493987,0.494902,0.495765,0.496553,0.497254,0.497859,0.498368,0.498784,0.499114,0.49937,0.499563,0.499704,0.499805,0.499875,0.499921,0.499952,0.499972,0.499984,0.499991,0.499995,0.499997,0.499998,0.499999,0.499999
0.499998,0.499998,0.499997,0.499995,0.499991,0.499983,0.49997,0.499949,0.499915,0.499862,0.499782,0.499664,0.499494,0.499259,0.498941,0.498522,0.497986,0.497319,0.496511,0.495558,0.494465,0.493245,0.491922,0.490528,0.489104,0.487699,0.486364,0.485151,0.48411,0.483286,0.482715,0.482423,0.482423,0.482715,0.483286,0.48411,0.485151,0.486364,0.487699,0.489104,0.490528,0.491922,0.493245,0.494465,0.495558,0.496511,0.497319,0.497986,0.498522,0.498941,0.499259,0.499494,0.499664,0.499782,0.499862,0.499915,0.499949,0.49997,0.499983,0.499991,0.499995,0.499997,0.499998,0.499998
0.499996,0.499996,0.499995,0.499991,0.499983,0.49997,0.499947,0.499911,0.499852,0.499761,0.499624,0.499425,0.499143,0.498755,0.498234,0.497557,0.496697,0.495638,0.494365,0.492879,0.491189,0.489319,0.487308,0.485205,0.483073,0.480983,0.479008,0.477223,0.475699,0.474496,0.473665,0.47324,0.47324,0.473665,0.474496,0.475699,0.477223,0.479008,0.480983,0.483073,0.485205,0.487308,0.489319,0.491189,0.492879,0.494365,0.495638,0.496697,0.497557,0.498234,0.498755,0.499143,0.499425,0.499624,0.499761,0.499852,0.499911,0.499947,0.49997,0.499983,0.499991,0.499995,0.499996,0.499996
0.499994,0.499994,0.499991,0.499984,0.49997,0.499947,0.499909,0.499846,0.499747,0.499595,0.499368,0.499042,0.498583,0.497957,0.497127,0.496057,0.494712,0.49307,0.491118,0.488859,0.486313,0.483522,0.480544,0.477456,0.47435,0.471325,0.468484,0.465931,0.463759,0.462053,0.460876,0.460277,0.460277,0.460876,0.462053,0.463759,0.465931,0.468484,0.471325,0.47435,0.477456,0.480544,0.483522,0.486313,0.488859,0.491118,0.49307,0.494712,0.496057,0.497127,0.497957,0.498583,0.499042,0.499368,0.499595,0.499747,0.499846,0.499909,0.499947,0.49997,0.499984,0.499991,0.499994,0.499994
0.499989,0.499989,0.499983,0.499972,0.499949,0.499911,0.499846,0.499742,0.499579,0.499331,0.498967,0.498445,0.49772,0.496741,0.495455,0.493812,0.49177,0.489301,0.486395,0.483065,0.479349,0.475312,0.471045,0.466658,0.46228,0.458047,0.454099,0.450571,0.447585,0.445247,0.443641,0.442823,0.442823,0.443641,0.445247,0.447585,0.450571,0.454099,0.458047,0.46228,0.466658,0.471045,0.475312,0.479349,0.483065,0.486395,0.489301,0.49177,0.493812,0.495455,0.496741,0.49772,0.498445,0.498967,0.499331,0.499579,0.499742,0.499846,0.499911,0.499949,0.499972,0.499983,0.499989,0.499989
0.499981,0.499981,0.499972,0.499952,0.499915,0.499852,0.499747,0.499579,0.499318,0.498927,0.498356,0.497547,0.496434,0.494946,0.493011,0.490565,0.487558,0.483961,0.47977,0.475018,0.46977,0.464125,0.458216,0.452197,0.446242,0.440531,0.435242,0.430546,0.426593,0.423512,0.421401,0.420328,0.420328,0.421401,0.423512,0.426593,0.430546,0.435242,0.440531,0.446242,0.452197,0.458216,0.464125,0.46977,0.475018,0.47977,0.483961,0.487558,0.490565,0.493011,0.494946,0.496434,0.497547,0.498356,0.498927,0.499318,0.499579,0.499747,0.499852,0.499915,0.499952,0.499972,0.499981,0.499981
0.499968,0.499968,0.499954,0.499921,0.499862,0.499761,0.499595,0.499331,0.498927,0.498325,0.497456,0.496237,0.494576,0.49238,0.489555,0.486023,0.481729,0.476648,0.470796,0.464233,0.457065,0.449438,0.441537,0.43357,0.425761,0.418338,0.41152,0.405507,0.400476,0.396573,0.393908,0.392556,0.392556,0.393908,0.396573,0.400476,0.405507,0.41152,0.418338,0.425761,0.43357,0.441537,0.449438,0.457065,0.464233,0.470796,0.476648,0.481729,0.486023,0.489555,0.49238,0.494576,0.496237,0.497456,0.498325,0.498927,0.499331,0.499595,0.499761,0.499862,0.499921,0.499954,0.499968,0.499968
0.499947,0.499947,0.499925,0.499875,0.499782,0.499624,0.499368,0.498967,0.498356,0.497456,0.496169,0.494382,0.491975,0.488826,0.484821,0.479872,0.473924,0.466969,0.459054,0.450282,0.440814,0.430858,0.42066,0.41049,0.400626,0.39134,0.382885,0.375488,0.36934,0.364596,0.361369,0.359737,0.359737,0.361369,0.364596,0.36934,0.375488,0.382885,0.39134,0.400626,0.41049,0.42066,0.430858,0.440814,0.450282,0.459054,0.466969,0.473924,0.479872,0.484821,0.488826,0.491975,0.494382,0.496169,0.497456,0.498356,0.498967,0.499368,0.499624,0.499782,0.499875,0.499925,0.499947,0.499947
0.499917,0.499917,0.499883,0.499805,0.499664,0.499425,0.499042,0.498445,0.497547,0.496237,0.494382,0.491836,0.488444,0.484055,0.47854,0.471806,0.463813,0.454582,0.44421,0.432862,0.420768,0.408211,0.39551,0.382995,0.370997,0.359825,0.349753,0.34102,0.333817,0.328291,0.32455,0.322663,0.322663,0.32455,0.328291,0.333817,0.34102,0.349753,0.359825,0.370997,0.382995,0.39551,0.408211,0.420768,0.432862,0.44421,0.454582,0.463813,0.471806,0.47854,0.484055,0.488444,0.491836,0.494382,0.496237,0.497547,0.498445,0.499042,0.499425,0.499664,0.499805,0.499883,0.499917,0.499917
0.499872,0.499872,0.499821,0.499704,0.499494,0.499143,0.498583,0.49772,0.496434,0.494576,0.491975,0.488444,0.483791,0.477844,0.470463,0.461563,0.451134,0.439251,0.426078,0.411862,0.396921,0.381623,0.366359,0.351521,0.33748,0.324564,0.313053,0.303173,0.295094,0.288942,0.284799,0.282715,0.282715,0.284799,0.288942,0.295094,0.303173,0.313053,0.324564,0.33748,0.351521,0.366359,0.381623,0.396921,0.411862,0.426078,0.439251,0.451134,0.461563,0.470463,0.477844,0.483791,0.488444,0.491975,0.494576,0.496434,0.49772,0.498583,0.499143,0.499494,0.499704,0.499821,0.499872,0.499872
0.499808,0.499808,0.499733,0.499563,0.499259,0.498755,0.497957,0.496741,0.494946,0.49238,0.488826,0.484055,0.477844,0.470002,0.460392,0.448958,0.435742,0.420895,0.404673,0.387425,0.36957,0.351565,0.333872,0.316932,0.301134,0.286807,0.274206,0.263517,0.254868,0.248337,0.243966,0.241777,0.241777,0.243966,0.248337,0.254868,0.263517,0.274206,0.286807,0.301134,0.316932,0.333872,0.351565,0.36957,0.387425,0.404673,0.420895,0.435742,0.448958,0.460392,0.470002,0.477844,0.484055,0.488826,0.49238,0.494946,0.496741,0.497957,0.498755,0.499259,0.499563,0.499733,0.499808,0.499808
0.499719,0.499719,0.499611,0.49937,0.498941,0.498234,0.497127,0.495455,0.493011,0.489555,0.484821,0.47854,0.470463,0.460392,0.448215,0.433925,0.417646,0.399631,0.380251,0.359976,0.339331,0.318861,0.299088,0.280478,0.263415,0.248193,0.235011,0.223989,0.215182,0.208599,0.204229,0.20205,0.20205,0.204229,0.208599,0.215182,0.223989,0.235011,0.248193,0.263415,0.280478,0.299088,0.318861,0.339331,0.359976,0.380251,0.399631,0.417646,0.433925,0.448215,0.460392,0.470463,0.47854,0.484821,0.489555,0.493011,0.495455,0.497127,0.498234,0.498941,0.49937,0.499611,0.499719,0.499719
0.499598,0.499598,0.499449,0.499114,0.498522,0.497557,0.496057,0.493812,0.490565,0.486023,0.479872,0.471806,0.461563,0.448958,0.433925,0.41654,0.397033,0.375788,0.353316,0.330212,0.307112,0.284636,0.263343,0.243694,0.226033,0.210583,0.197456,0.186672,0.178191,0.171936,0.167824,0.165787,0.165787,0.167824,0.171936,0.178191,0.186672,0.197456,0.210583,0.226033,0.243694,0.263343,0.284636,0.307112,0.330212,0.353316,0.375788,0.397033,0.41654,0.433925,0.448958,0.461563,0.471806,0.479872,0.486023,0.490565,0.493812,0.496057,0.497557,0.498522,0.499114,0.499449,0.499598,0.499598
0.49944,0.49944,0.499237,0.498784,0.497986,0.496697,0.494712,0.49177,0.487558,0.481729,0.473924,0.463813,0.451134,0.435742,0.417646,0.397033,0.374274,0.349907,0.324592,0.29906,0.274043,0.250215,0.228138,0.208233,0.190765,0.175847,0.163473,0.153538,0.145888,0.140348,0.136757,0.134994,0.134994,0.136757,0.140348,0.145888,0.153538,0.163473,0.175847,0.190765,0.208233,0.228138,0.250215,0.274043,0.29906,0.324592,0.349907,0.374274,0.397033,0.417646,0.435742,0.451134,0.463813,0.473924,0.481729,0.487558,0.49177,0.494712,0.496697,0.497986,0.498784,0.499237,0.49944,0.49944
0.499238,0.499238,0.498967,0.498368,0.497319,0.495638,0.49307,0.489301,0.483961,0.476648,0.466969,0.454582,0.439251,0.420895,0.399631,0.375788,0.349907,0.322695,0.294972,0.267592,0.241364,0.216982,0.194974,0.175678,0.159238,0.145628,0.134694,0.126192,0.119842,0.115367,0.112529,0.111155,0.111155,0.112529,0.115367,0.119842,0.126192,0.134694,0.145628,0.159238,0.175678,0.194974,0.216982,0.241364,0.267592,0.294972,0.322695,0.349907,0.375788,0.399631,0.420895,0.439251,0.454582,0.466969,0.476648,0.483961,0.489301,0.49307,0.495638,0.497319,0.498368,0.498967,0.499238,0.499238
0.498986,0.498986,0.498635,0.497859,0.496511,0.494365,0.491118,0.486395,0.47977,0.470796,0.459054,0.44421,0.426078,0.404673,0.380251,0.353316,0.324592,0.294972,0.265427,0.236916,0.210293,0.186231,0.165181,0.147353,0.132738,0.121143,0.11225,0.105669,0.100997,0.097861,0.0959524,0.0950541,0.0950541,0.0959524,0.097861,0.100997,0.105669,0.11225,0.121143,0.132738,0.147353,0.165181,0.186231,0.210293,0.236916,0.265427,0.294972,0.324592,0.353316,0.380251,0.404673,0.426078,0.44421,0.459054,0.470796,0.47977,0.486395,0.491118,0.494365,0.496511,0.497859,0.498635,0.498986,0.498986
0.498682,0.498682,0.498236,0.497254,0.495558,0.492879,0.488859,0.483065,0.475018,0.464233,0.450282,0.432862,0.411862,0.387425,0.359976,0.330212,0.29906,0.267592,0.236916,0.208066,0.1819,0.159026,0.139771,0.124182,0.112068,0.103053,0.0966517,0.0923349,0.0895878,0.087956,0.0870775,0.0867019,0.0867019,0.0870775,0.087956,0.0895878,0.0923349,0.0966517,0.103053,0.112068,0.124182,0.139771,0.159026,0.1819,0.208066,0.236916,0.267592,0.29906,0.330212,0.359976,0.387425,0.411862,0.432862,0.450282,0.464233,0.475018,0.483065,0.488859,0.492879,0.495558,0.497254,0.498236,0.498682,0.498682
0.498325,0.498325,0.497769,0.496553,0.494465,0.491189,0.486313,0.479349,0.46977,0.457065,0.440814,0.420768,0.396921,0.36957,0.339331,0.307112,0.274043,0.241364,0.210293,0.1819,0.157002,0.136096,0.119346,0.106606,0.0974848,0.0914223,0.0877747,0.085889,0.0851619,0.0850815,0.0852515,0.0854038,0.0854038,0.0852515,0.0850815,0.0851619,0.085889,0.0877747,0.0914223,0.0974848,0.106606,0.119346,0.136096,0.157002,0.1819,0.210293,0.241364,0.274043,0.307112,0.339331,0.36957,0.396921,0.420768,0.440814,0.457065,0.46977,0.479349,0.486313,0.491189,0.494465,0.496553,0.497769,0.498325,0.498325
0.497917,0.497917,0.49724,0.495765,0.493245,0.489319,0.483522,0.475312,0.464125,0.449438,0.430858,0.408211,0.381623,0.351565,0.318861,0.284636,0.250215,0.216982,0.186231,0.159026,0.136096,0.117786,0.104066,0.094577,0.0887247,0.0857729,0.0849395,0.0854745,0.0867153,0.0881195,0.0892797,0.0899265,0.0899265,0.0892797,0.0881195,0.0867153,0.0854745,0.0849395,0.0857729,0.0887247,0.094577,0.104066,0.117786,0.136096,0.159026,0.186231,0.216982,0.250215,0.284636,0.318861,0.351565,0.381623,0.408211,0.430858,0.449438,0.464125,0.475312,0.483522,0.489319,0.493245,0.495765,0.49724,0.497917,0.497917
0.497464,0.497464,0.496657,0.494902,0.491922,0.487308,0.480544,0.471045,0.458216,0.441537,0.42066,0.39551,0.366359,0.333872,0.299088,0.263343,0.228138,0.194974,0.165181,0.139771,0.119346,0.104066,0.0936829,0.0876231,0.0850949,0.0852059,0.0870644,0.0898553,0.092888,0.095618,0.0976495,0.0987274,0.0987274,0.0976495,0.095618,0.092888,0.0898553,0.0870644,0.0852059,0.0850949,0.0876231,0.0936829,0.104066,0.119346,0.139771,0.165181,0.194974,0.228138,0.263343,0.299088,0.333872,0.366359,0.39551,0.42066,0.441537,0.458216,0.471045,0.480544,0.487308,0.491922,0.494902,0.496657,0.497464,0.497464
0.496977,0.496977,0.496033,0.493987,0.490528,0.485205,0.477456,0.466658,0.452197,0.43357,0.41049,0.382995,0.351521,0.316932,0.280478,0.243694,0.208233,0.175678,0.147353,0.124182,0.106606,0.094577,0.0876231,0.0849578,0.085613,0.0885676,0.092852,0.0976194,0.102182,0.106019,0.108764,0.110192,0.110192,0.108764,0.106019,0.102182,0.0976194,0.092852,0.0885676,0.085613,0.0849578,0.0876231,0.094577,0.106606,0.124182,0.147353,0.175678,0.208233,0.243694,0.280478,0.316932,0.351521,0.382995,0.41049,0.43357,0.452197,0.466658,0.477456,0.485205,0.490528,0.493987,0.496033,0.496977,0.496977
0.496471,0.496471,0.495387,0.493045,0.489104,0.483073,0.47435,0.46228,0.446242,0.425761,0.400626,0.370997,0.33748,0.301134,0.263415,0.226033,0.190765,0.159238,0.132738,0.112068,0.0974848,0.0887247,0.0850949,0.085613,0.0891599,0.0946167,0.100969,0.107368,0.113155,0.117853,0.121142,0.122831,0.122831,0.121142,0.117853,0.113155,0.107368,0.100969,0.0946167,0.0891599,0.085613,0.0850949,0.0887247,0.0974848,0.112068,0.132738,0.159238,0.190765,0.226033,0.263415,0.301134,0.33748,0.370997,0.400626,0.425761,0.446242,0.46228,0.47435,0.483073,0.489104,0.493045,0.495387,0.496471,0.496471
0.495962,0.495962,0.494741,0.49211,0.487699,0.480983,0.471325,0.458047,0.440531,0.418338,0.39134,0.359825,0.324564,0.286807,0.248193,0.210583,0.175847,0.145628,0.121143,0.103053,0.0914223,0.0857729,0.0852059,0.0885676,0.0946167,0.102168,0.110191,0.11786,0.124564,0.129883,0.133551,0.135418,0.135418,0.133551,0.129883,0.124564,0.11786,0.110191,0.102168,0.0946167,0.0885676,0.0852059,0.0857729,0.0914223,0.103053,0.121143,0.145628,0.175847,0.210583,0.248193,0.286807,0.324564,0.359825,0.39134,0.418338,0.440531,0.458047,0.471325,0.480983,0.487699,0.49211,0.494741,0.495962,0.495962
0.495471,0.495471,0.49412,0.491216,0.486364,0.479008,0.468484,0.454099,0.435242,0.41152,0.382885,0.349753,0.313053,0.274206,0.235011,0.197456,0.163473,0.134694,0.11225,0.0966517,0.0877747,0.0849395,0.0870644,0.092852,0.100969,0.110191,0.119494,0.128093,0.135435,0.141163,0.14507,0.147045,0.147045,0.14507,0.141163,0.135435,0.128093,0.119494,0.110191,0.100969,0.092852,0.0870644,0.0849395,0.0877747,0.0966517,0.11225,0.134694,0.163473,0.197456,0.235011,0.274206,0.313053,0.349753,0.382885,0.41152,0.435242,0.454099,0.468484,0.479008,0.486364,0.491216,0.49412,0.495471,0.495471
0.495019,0.495019,0.493551,0.4904,0.485151,0.477223,0.465931,0.450571,0.430546,0.405507,0.375488,0.34102,0.303173,0.263517,0.223989,0.186672,0.153538,0.126192,0.105669,0.0923349,0.085889,0.0854745,0.0898553,0.0976194,0.107368,0.11786,0.128093,0.13733,0.145081,0.151051,0.155086,0.157115,0.157115,0.155086,0.151051,0.145081,0.13733,0.128093,0.11786,0.107368,0.0976194,0.0898553,0.0854745,0.085889,0.0923349,0.105669,0.126192,0.153538,0.186672,0.223989,0.263517,0.303173,0.34102,0.375488,0.405507,0.430546,0.450571,0.465931,0.477223,0.485151,0.4904,0.493551,0.495019,0.495019
0.494627,0.494627,0.493058,0.489696,0.48411,0.475699,0.463759,0.447585,0.426593,0.400476,0.36934,0.333817,0.295094,0.254868,0.215182,0.178191,0.145888,0.119842,0.100997,0.0895878,0.0851619,0.0867153,0.092888,0.102182,0.113155,0.124564,0.135435,0.145081,0.153069,0.159161,0.163249,0.165296,0.165296,0.163249,0.159161,0.153069,0.145081,0.135435,0.124564,0.113155,0.102182,0.092888,0.0867153,0.0851619,0.0895878,0.100997,0.119842,0.145888,0.178191,0.215182,0.254868,0.295094,0.333817,0.36934,0.400476,0.426593,0.447585,0.463759,0.475699,0.48411,0.489696,0.493058,0.494627,0.494627
0.494314,0.494314,0.492665,0.489138,0.483286,0.474496,0.462053,0.445247,0.423512,0.396573,0.364596,0.328291,0.288942,0.248337,0.208599,0.171936,0.140348,0.115367,0.097861,0.087956,0.0850815,0.0881195,0.095618,0.106019,0.117853,0.129883,0.141163,0.151051,0.159161,0.1653,0.169397,0.171442,0.171442,0.169397,0.1653,0.159161,0.151051,0.141163,0.129883,0.117853,0.106019,0.095618,0.0881195,0.0850815,0.087956,0.097861,0.115367,0.140348,0.171936,0.208599,0.248337,0.288942,0.328291,0.364596,0.396573,0.423512,0.445247,0.462053,0.474496,0.483286,0.489138,0.492665,0.494314,0.494314
0.494096,0.494096,0.492392,0.48875,0.482715,0.473665,0.460876,0.443641,0.421401,0.393908,0.361369,0.32455,0.284799,0.243966,0.204229,0.167824,0.136757,0.112529,0.0959524,0.0870775,0.0852515,0.0892797,0.0976495,0.108764,0.121142,0.133551,0.14507,0.155086,0.163249,0.169397,0.173485,0.175522,0.175522,0.173485,0.169397,0.163249,0.155086,0.14507,0.133551,0.121142,0.108764,0.0976495,0.0892797,0.0852515,0.0870775,0.0959524,0.112529,0.136757,0.167824,0.204229,0.243966,0.284799,0.32455,0.361369,0.393908,0.421401,0.443641,0.460876,0.473665,0.482715,0.48875,0.492392,0.494096,0.494096
0.493983,0.493983,0.492252,0.488551,0.482423,0.47324,0.460277,0.442823,0.420328,0.392556,0.359737,0.322663,0.282715,0.241777,0.20205,0.165787,0.134994,0.111155,0.0950541,0.0867019,0.0854038,0.0899265,0.0987274,0.110192,0.122831,0.135418,0.147045,0.157115,0.165296,0.171442,0.175522,0.177552,0.177552,0.175522,0.171442,0.165296,0.157115,0.147045,0.135418,0.122831,0.110192,0.0987274,0.0899265,0.0854038,0.0867019,0.0950541,0.111155,0.134994,0.165787,0.20205,0.241777,0.282715,0.322663,0.359737,0.392556,0.420328,0.442823,0.460277,0.47324,0.482423,0.488551,0.492252,0.493983,0.493983
0.493983,0.493983,0.492252,0.488551,0.482423,0.47324,0.460277,0.442823,0.420328,0.392556,0.359737,0.322663,0.282715,0.241777,0.20205,0.165787,0.134994,0.111155,0.0950541,0.0867019,0.0854038,0.0899265,0.0987274,0.110192,0.122831,0.135418,0.147045,0.157115,0.165296,0.171442,0.175522,0.177552,0.177552,0.175522,0.171442,0.165296,0.157115,0.147045,0.135418,0.122831,0.110192,0.0987274,0.0899265,0.0854038,0.0867019,0.0950541,0.111155,0.134994,0.165787,0.20205,0.241777,0.282715,0.322663,0.359737,0.392556,0.420328,0.442823,0.460277,0.47324,0.482423,0.488551,0.492252,0.493983,0.493983
0.494096,0.494096,0.492392,0.48875,0.482715,0.473665,0.460876,0.443641,0.421401,0.393908,0.361369,0.32455,0.284799,0.243966,0.204229,0.167824,0.136757,0.112529,0.0959524,0.0870775,0.0852515,0.0892797,0.0976495,0.108764,0.121142,0.133551,0.14507,0.155086,0.163249,0.169397,0.173485,0.175522,0.175522,0.173485,0.169397,0.163249,0.155086,0.14507,0.133551,0.121142,0.108764,0.0976495,0.0892797,0.0852515,0.0870775,0.0959524,0.112529,0.136757,0.167824,0.204229,0.243966,0.284799,0.32455,0.361369,0.393908,0.421401,0.443641,0.460876,0.473665,0.482715,0.48875,0.492392,0.494096,0.494096
0.494314,0.494314,0.492665,0.489138,0.483286,0.474496,0.462053,0.445247,0.423512,0.396573,0.364596,0.328291,0.288942,0.248337,0.208599,0.171936,0.140348,0.115367,0.097861,0.087956,0.0850815,0.0881195,0.095618,0.106019,0.117853,0.129883,0.141163,0.151051,0.159161,0.1653,0.169397,0.171442,0.171442,0.169397,0.1653,0.159161,0.151051,0.141163,0.129883,0.117853,0.106019,0.095618,0.0881195,0.0850815,0.087956,0.097861,0.115367,0.140348,0.171936,0.208599,0.248337,0.288942,0.328291,0.364596,0.396573,0.423512,0.445247,0.462053,0.474496,0.483286,0.489138,0.492665,0.494314,0.494314
0.494627,0.494627,0.493058,0.489696,0.48411,0.475699,0.463759,0.447585,0.426593,0.400476,0.36934,0.333817,0.295094,0.254868,0.215182,0.178191,0.145888,0.119842,0.100997,0.0895878,0.0851619,0.0867153,0.092888,0.102182,0.113155,0.124564,0.135435,0.145081,0.153069,0.159161,0.163249,0.165296,0.165296,0.163249,0.159161,0.153069,0.145081,0.135435,0.124564,0.113155,0.102182,0.092888,0.0867153,0.0851619,0.0895878,0.100997,0.119842,0.145888,0.178191,0.215182,0.254868,0.295094,0.333817,0.36934,0.400476,0.426593,0.447585,0.463759,0.475699,0.48411,0.489696,0.493058,0.494627,0.494627
0.495019,0.495019,0.493551,0.4904,0.485151,0.477223,0.465931,0.450571,0.430546,0.405507,0.375488,0.34102,0.303173,0.263517,0.223989,0.186672,0.153538,0.126192,0.105669,0.0923349,0.085889,0.0854745,0.0898553,0.0976194,0.107368,0.11786,0.128093,0.13733,0.145081,0.151051,0.155086,0.157115,0.157115,0.155086,0.151051,0.145081,0.13733,0.128093,0.11786,0.107368,0.0976194,0.0898553,0.0854745,0.085889,0.0923349,0.105669,0.126192,0.153538,0.186672,0.223989,0.263517,0.303173,0.34102,0.375488,0.405507,0.430546,0.450571,0.465931,0.477223,0.485151,0.4904,0.493551,0.495019,0.495019
0.495471,0.495471,0.49412,0.491216,0.486364,0.479008,0.468484,0.454099,0.435242,0.41152,0.382885,0.349753,0.313053,0.274206,0.235011,0.197456,0.163473,0.134694,0.11225,0.0966517,0.0877747,0.0849395,0.0870644,0.092852,0.100969,0.110191,0.119494,0.128093,0.135435,0.141163,0.14507,0.147045,0.147045,0.14507,0.141163,0.135435,0.128093,0.119494,0.110191,0.100969,0.092852,0.0870644,0.0849395,0.0877747,0.0966517,0.11225,0.134694,0.163473,0.197456,0.235011,0.274206,0.313053,0.349753,0.382885,0.41152,0.435242,0.454099,0.468484,0.479008,0.486364,0.491216,0.49412,0.495471,0.495471
0.495962,0.495962,0.494741,0.49211,0.487699,0.480983,0.471325,0.458047,0.440531,0.418338,0.39134,0.359825,0.324564,0.286807,0.248193,0.210583,0.175847,0.145628,0.121143,0.103053,0.0914223,0.0857729,0.0852059,0.0885676,0.0946167,0.102168,0.110191,0.11786,0.124564,0.129883,0.133551,0.135418,0.135418,0.133551,0.129883,0.124564,0.11786,0.110191,0.102168,0.0946167,0.0885676,0.0852059,0.0857729,0.0914223,0.103053,0.121143,0.145628,0.175847,0.210583,0.248193,0.286807,0.324564,0.359825,0.39134,0.418338,0.440531,0.458047,0.471325,0.480983,0.487699,0.49211,0.494741,0.495962,0.495962
0.496471,0.496471,0.495387,0.493045,0.489104,0.483073,0.47435,0.46228,0.446242,0.425761,0.400626,0.370997,0.33748,0.301134,0.263415,0.226033,0.190765,0.159238,0.132738,0.112068,0.0974848,0.0887247,0.0850949,0.085613,0.0891599,0.0946167,0.100969,0.107368,0.113155,0.117853,0.121142,0.122831,0.122831,0.121142,0.117853,0.113155,0.107368,0.100969,0.0946167,0.0891599,0.085613,0.0850949,0.0887247,0.0974848,0.112068,0.132738,0.159238,0.190765,0.226033,0.263415,0.301134,0.33748,0.370997,0.400626,0.425761,0.446242,0.46228,0.47435,0.483073,0.489104,0.493045,0.495387,0.496471,0.496471
0.496977,0.496977,0.496033,0.493987,0.490528,0.485205,0.477456,0.466658,0.452197,0.43357,0.41049,0.382995,0.351521,0.316932,0.280478,0.243694,0.208233,0.175678,0.147353,0.124182,0.106606,0.094577,0.0876231,0.0849578,0.085613,0.0885676,0.092852,0.0976194,0.102182,0.106019,0.108764,0.110192,0.110192,0.108764,0.106019,0.102182,0.0976194,0.092852,0.0885676,0.085613,0.0849578,0.0876231,0.094577,0.106606,0.124182,0.147353,0.175678,0.208233,0.243694,0.280478,0.316932,0.351521,0.382995,0.41049,0.43357,0.452197,0.466658,0.477456,0.485205,0.490528,0.493987,0.496033,0.496977,0.496977
0.497464,0.497464,0.496657,0.494902,0.491922,0.487308,0.480544,0.471045,0.458216,0.441537,0.42066,0.39551,0.366359,0.333872,0.299088,0.263343,0.228138,0.194974,0.165181,0.139771,0.119346,0.104066,0.0936829,0.0876231,0.0850949,0.0852059,0.0870644,0.0898553,0.092888,0.095618,0.0976495,0.0987274,0.0987274,0.0976495,0.095618,0.092888,0.0898553,0.0870644,0.0852059,0.0850949,0.0876231,0.0936829,0.104066,0.119346,0.139771,0.165181,0.194974,0.228138,0.263343,0.299088,0.333872,0.366359,0.39551,0.42066,0.441537,0.458216,0.471045,0.480544,0.487308,0.491922,0.494902,0.496657,0.497464,0.497464
0.497917,0.497917,0.49724,0.495765,0.493245,0.489319,0.483522,0.475312,0.464125,0.449438,0.430858,0.408211,0.381623,0.351565,0.318861,0.284636,0.250215,0.216982,0.186231,0.159026,0.136096,0.117786,0.104066,0.094577,0.0887247,0.0857729,0.0849395,0.0854745,0.0867153,0.0881195,0.0892797,0.0899265,0.0899265,0.0892797,0.0881195,0.0867153,0.0854745,0.0849395,0.0857729,0.0887247,0.094577,0.104066,0.117786,0.136096,0.159026,0.186231,0.216982,0.250215,0.284636,0.318861,0.351565,0.381623,0.408211,0.430858,0.449438,0.464125,0.475312,0.483522,0.489319,0.493245,0.495765,0.49724,0.497917,0.497917
0.498325,0.498325,0.497769,0.496553,0.494465,0.491189,0.486313,0.479349,0.46977,0.457065,0.440814,0.420768,0.396921,0.36957,0.339331,0.307112,0.274043,0.241364,0.210293,0.1819,0.157002,0.136096,0.119346,0.106606,0.0974848,0.0914223,0.0877747,0.085889,0.0851619,0.0850815,0.0852515,0.0854038,0.0854038,0.0852515,0.0850815,0.0851619,0.085889,0.0877747,0.0914223,0.0974848,0.106606,0.119346,0.136096,0.157002,0.1819,0.210293,0.241364,0.274043,0.307112,0.339331,0.36957,0.396921,0.420768,0.440814,0.457065,0.46977,0.479349,0.486313,0.491189,0.494465,0.496553,0.497769,0.498325,0.498325
0.498682,0.498682,0.498236,0.497254,0.495558,0.492879,0.488859,0.483065,0.475018,0.464233,0.450282,0.432862,0.411862,0.387425,0.359976,0.330212,0.29906,0.267592,0.236916,0.208066,0.1819,0.159026,0.139771,0.124182,0.112068,0.103053,0.0966517,0.0923349,0.0895878,0.087956,0.0870775,0.0867019,0.0867019,0.0870775,0.087956,0.0895878,0.0923349,0.0966517,0.103053,0.112068,0.124182,0.139771,0.159026,0.1819,0.208066,0.236916,0.267592,0.29906,0.330212,0.359976,0.387425,0.411862,0.432862,0.450282,0.464233,0.475018,0.483065,0.488859,0.492879,0.495558,0.497254,0.498236,0.498682,0.498682
0.498986,0.498986,0.498635,0.497859,0.496511,0.494365,0.491118,0.486395,0.47977,0.470796,0.459054,0.44421,0.426078,0.404673,0.380251,0.353316,0.324592,0.294972,0.265427,0.236916,0.210293,0.186231,0.165181,0.147353,0.132738,0.121143,0.11225,0.105669,0.100997,0.097861,0.0959524,0.0950541,0.0950541,0.0959524,0.097861,0.100997,0.105669,0.11225,0.121143,0.132738,0.147353,0.165181,0.186231,0.210293,0.236916,0.265427,0.294972,0.324592,0.353316,0.380251,0.404673,0.426078,0.44421,0.459054,0.470796,0.47977,0.486395,0.491118,0.494365,0.496511,0.497859,0.498635,0.498986,0.498986
0.499238,0.499238,0.498967,0.498368,0.497319,0.495638,0.49307,0.489301,0.483961,0.476648,0.466969,0.454582,0.439251,0.420895,0.399631,0.375788,0.349907,0.322695,0.294972,0.267592,0.241364,0.216982,0.194974,0.175678,0.159238,0.145628,0.134694,0.126192,0.119842,0.115367,0.112529,0.111155,0.111155,0.112529,0.115367,0.119842,0.126192,0.134694,0.145628,0.159238,0.175678,0.194974,0.216982,0.241364,0.267592,0.294972,0.322695,0.349907,0.375788,0.399631,0.420895,0.439251,0.454582,0.466969,0.476648,0.483961,0.489301,0.49307,0.495638,0.497319,0.498368,0.498967,0.499238,0.499238
0.49944,0.49944,0.499237,0.498784,0.497986,0.496697,0.494712,0.49177,0.487558,0.481729,0.473924,0.463813,0.451134,0.435742,0.417646,0.397033,0.374274,0.349907,0.324592,0.29906,0.274043,0.250215,0.228138,0.208233,0.190765,0.175847,0.163473,0.153538,0.145888,0.140348,0.136757,0.134994,0.134994,0.136757,0.140348,0.145888,0.153538,0.163473,0.175847,0.190765,0.208233,0.228138,0.250215,0.274043,0.29906,0.324592,0.349907,0.374274,0.397033,0.417646,0.435742,0.451134,0.463813,0.473924,0.481729,0.487558,0.49177,0.494712,0.496697,0.497986,0.498784,0.499237,0.49944,0.49944
0.499598,0.499598,0.499449,0.499114,0.498522,0.497557,0.496057,0.493812,0.490565,0.486023,0.479872,0.471806,0.461563,0.448958,0.433925,0.41654,0.397033,0.375788,0.353316,0.330212,0.307112,0.284636,0.263343,0.243694,0.226033,0.210583,0.197456,0.186672,0.178191,0.171936,0.167824,0.165787,0.165787,0.167824,0.171936,0.178191,0.186672,0.197456,0.210583,0.226033,0.243694,0.263343,0.284636,0.307112,0.330212,0.353316,0.375788,0.397033,0.41654,0.433925,0.448958,0.461563,0.471806,0.479872,0.486023,0.490565,0.493812,0.496057,0.497557,0.498522,0.499114,0.499449,0.499598,0.499598
0.499719,0.499719,0.499611,0.49937,0.498941,0.498234,0.497127,0.495455,0.493011,0.489555,0.484821,0.47854,0.470463,0.460392,0.448215,0.433925,0.417646,0.399631,0.380251,0.359976,0.339331,0.318861,0.299088,0.280478,0.263415,0.248193,0.235011,0.223989,0.215182,0.208599,0.204229,0.20205,0.20205,0.204229,0.208599,0.215182,0.223989,0.235011,0.248193,0.263415,0.280478,0.299088,0.318861,0.339331,0.359976,0.380251,0.399631,0.417646,0.433925,0.448215,0.460392,0.470463,0.47854,0.484821,0.489555,0.493011,0.495455,0.497127,0.498234,0.498941,0.49937,0.499611,0.499719,0.499719
0.499808,0.499808,0.499733,0.499563,0.499259,0.498755,0.497957,0.496741,0.494946,0.49238,0.488826,0.484055,0.477844,0.470002,0.460392,0.448958,0.435742,0.420895,0.404673,0.387425,0.36957,0.351565,0.333872,0.316932,0.301134,0.286807,0.274206,0.263517,0.254868,0.248337,0.243966,0.241777,0.241777,0.243966,0.248337,0.254868,0.263517,0.274206,0.286807,0.301134,0.316932,0.333872,0.351565,0.36957,0.387425,0.404673,0.420895,0.435742,0.448958,0.460392,0.470002,0.477844,0.484055,0.488826,0.49238,0.494946,0.496741,0.497957,0.498755,0.499259,0.499563,0.499733,0.499808,0.499808
0.499872,0.499872,0.499821,0.499704,0.499494,0.499143,0.498583,0.49772,0.496434,0.494576,0.491975,0.488444,0.483791,0.477844,0.470463,0.461563,0.451134,0.439251,0.426078,0.411862,0.396921,0.381623,0.366359,0.351521,0.33748,0.324564,0.313053,0.303173,0.295094,0.288942,0.284799,0.282715,0.282715,0.284799,0.288942,0.295094,0.303173,0.313053,0.324564,0.33748,0.351521,0.366359,0.381623,0.396921,0.411862,0.426078,0.439251,0.451134,0.461563,0.470463,0.477844,0.483791,0.488444,0.491975,0.494576,0.496434,0.49772,0.498583,0.499143,0.499494,0.499704,0.499821,0.499872,0.499872
0.499917,0.499917,0.499883,0.499805,0.499664,0.499425,0.499042,0.498445,0.497547,0.496237,0.494382,0.491836,0.488444,0.484055,0.47854,0.471806,0.463813,0.454582,0.44421,0.432862,0.420768,0.408211,0.39551,0.382995,0.370997,0.359825,0.349753,0.34102,0.333817,0.328291,0.32455,0.322663,0.322663,0.32455,0.328291,0.333817,0.34102,0.349753,0.359825,0.370997,0.382995,0.39551,0.408211,0.420768,0.432862,0.44421,0.454582,0.463813,0.471806,0.47854,0.484055,0.488444,0.491836,0.494382,0.496237,0.497547,0.498445,0.499042,0.499425,0.499664,0.499805,0.499883,0.499917,0.499917
0.499947,0.499947,0.499925,0.499875,0.499782,0.499624,0.499368,0.498967,0.498356,0.497456,0.496169,0.494382,0.491975,0.488826,0.484821,0.479872,0.473924,0.466969,0.459054,0.450282,0.440814,0.430858,0.42066,0.41049,0.400626,0.39134,0.382885,0.375488,0.36934,0.364596,0.361369,0.359737,0.359737,0.361369,0.364596,0.36934,0.375488,0.382885,0.39134,0.400626,0.41049,0.42066,0.430858,0.440814,0.450282,0.459054,0.466969,0.473924,0.479872,0.484821,0.488826,0.491975,0.494382,0.496169,0.497456,0.498356,0.498967,0.499368,0.499624,0.499782,0.499875,0.499925,0.499947,0.499947
0.499968,0.499968,0.499954,0.499921,0.499862,0.499761,0.499595,0.499331,0.498927,0.498325,0.497456,0.496237,0.494576,0.49238,0.489555,0.486023,0.481729,0.476648,0.470796,0.464233,0.457065,0.449438,0.441537,0.43357,0.425761,0.418338,0.41152,0.405507,0.400476,0.396573,0.393908,0.392556,0.392556,0.393908,0.396573,0.400476,0.405507,0.41152,0.418338,0.425761,0.43357,0.441537,0.449438,0.457065,0.464233,0.470796,0.476648,0.481729,0.486023,0.489555,0.49238,0.494576,0.496237,0.497456,0.498325,0.498927,0.499331,0.499595,0.499761,0.499862,0.499921,0.499954,0.499968,0.499968
0.499981,0.499981,0.499972,0.499952,0.499915,0.499852,0.499747,0.499579,0.499318,0.498927,0.498356,0.497547,0.496434,0.494946,0.493011,0.490565,0.487558,0.483961,0.47977,0.475018,0.46977,0.464125,0.458216,0.452197,0.446242,0.440531,0.435242,0.430546,0.426593,0.423512,0.421401,0.420328,0.420328,0.421401,0.423512,0.426593,0.430546,0.435242,0.440531,0.446242,0.452197,0.458216,0.464125,0.46977,0.475018,0.47977,0.483961,0.487558,0.490565,0.493011,0.494946,0.496434,0.497547,0.498356,0.498927,0.499318,0.499579,0.499747,0.499852,0.499915,0.499952,0.499972,0.499981,0.499981
0.499989,0.499989,0.499983,0.499972,0.499949,0.499911,0.499846,0.499742,0.499579,0.499331,0.498967,0.498445,0.49772,0.496741,0.495455,0.493812,0.49177,0.489301,0.486395,0.483065,0.479349,0.475312,0.471045,0.466658,0.46228,0.458047,0.454099,0.450571,0.447585,0.445247,0.443641,0.442823,0.442823,0.443641,0.445247,0.447585,0.450571,0.454099,0.458047,0.46228,0.466658,0.471045,0.475312,0.479349,0.483065,0.486395,0.489301,0.49177,0.493812,0.495455,0.496741,0.49772,0.498445,0.498967,0.499331,0.499579,0.499742,0.499846,0.499911,0.499949,0.499972,0.499983,0.499989,0.499989
0.499994,0.499994,0.499991,0.499984,0.49997,0.499947,0.499909,0.499846,0.499747,0.499595,0.499368,0.499042,0.498583,0.497957,0.497127,0.496057,0.494712,0.49307,0.491118,0.488859,0.486313,0.483522,0.480544,0.477456,0.47435,0.471325,0.468484,0.465931,0.463759,0.462053,0.460876,0.460277,0.460277,0.460876,0.462053,0.463759,0.465931,0.468484,0.471325,0.47435,0.477456,0.480544,0.483522,0.486313,0.488859,0.491118,0.49307,0.494712,0.496057,0.497127,0.497957,0.498583,0.499042,0.499368,0.499595,0.499747,0.499846,0.499909,0.499947,0.49997,0.499984,0.499991,0.499994,0.499994
0.499996,0.499996,0.499995,0.499991,0.499983,0.49997,0.499947,0.499911,0.499852,0.499761,0.499624,0.499425,0.499143,0.498755,0.498234,0.497557,0.496697,0.495638,0.494365,0.492879,0.491189,0.489319,0.487308,0.485205,0.483073,0.480983,0.479008,0.477223,0.475699,0.474496,0.473665,0.47324,0.47324,0.473665,0.474496,0.475699,0.477223,0.479008,0.480983,0.483073,0.485205,0.487308,0.489319,0.491189,0.492879,0.494365,0.495638,0.496697,0.497557,0.498234,0.498755,0.499143,0.499425,0.499624,0.499761,0.499852,0.499911,0.499947,0.49997,0.499983,0.499991,0.499995,0.499996,0.499996
0.499998,0.499998,0.499997,0.499995,0.499991,0.499983,0.49997,0.499949,0.499915,0.499862,0.499782,0.499664,0.499494,0.499259,0.498941,0.498522,0.497986,0.497319,0.496511,0.495558,0.494465,0.493245,0.491922,0.490528,0.489104,0.487699,0.486364,0.485151,0.48411,0.483286,0.482715,0.482423,0.482423,0.482715,0.483286,0.48411,0.485151,0.486364,0.487699,0.489104,0.490528,0.491922,0.493245,0.494465,0.495558,0.496511,0.497319,0.497986,0.498522,0.498941,0.499259,0.499494,0.499664,0.499782,0.499862,0.499915,0.499949,0.49997,0.499983,0.499991,0.499995,0.499997,0.499998,0.499998
0.499999,0.499999,0.499998,0.499997,0.499995,0.499991,0.499984,0.499972,0.499952,0.499921,0.499875,0.499805,0.499704,0.499563,0.49937,0.499114,0.498784,0.498368,0.497859,0.497254,0.496553,0.495765,0.494902,0.493987,0.493045,0.49211,0.491216,0.4904,0.489696,0.489138,0.48875,0.488551,0.488551,0.48875,0.489138,0.489696,0.4904,0.491216,0.49211,0.493045,0.493987,0.494902,0.495765,0.496553,0.497254,0.497859,0.498368,0.498784,0.499114,0.49937,0.499563,0.499704,0.499805,0.499875,0.499921,0.499952,0.499972,0.499984,0.499991,0.499995,0.499997,0.499998,0.499999,0.499999
0.499999,0.499999,0.499999,0.499998,0.499997,0.499995,0.499991,0.499983,0.499972,0.499954,0.499925,0.499883,0.499821,0.499733,0.499611,0.499449,0.499237,0.498967,0.498635,0.498236,0.497769,0.49724,0.496657,0.496033,0.495387,0.494741,0.49412,0.493551,0.493058,0.492665,0.492392,0.492252,0.492252,0.492392,0.492665,0.493058,0.493551,0.49412,0.494741,0.495387,0.496033,0.496657,0.49724,0.497769,0.498236,0.498635,0.498967,0.499237,0.499449,0.499611,0.499733,0.499821,0.499883,0.499925,0.499954,0.499972,0.499983,0.499991,0.499995,0.499997,0.499998,0.499999,0.499999,0.499999
0.5,0.5,0.499999,0.499999,0.499998,0.499996,0.499994,0.499989,0.499981,0.499968,0.499947,0.499917,0.499872,0.499808,0.499719,0.499598,0.49944,0.499238,0.498986,0.498682,0.498325,0.497917,0.497464,0.496977,0.496471,0.495962,0.495471,0.495019,0.494627,0.494314,0.494096,0.493983,0.493983,0.494096,0.494314,0.494627,0.495019,0.495471,0.495962,0.496471,0.496977,0.497464,0.497917,0.498325,0.498682,0.498986,0.499238,0.49944,0.499598,0.499719,0.499808,0.499872,0.499917,0.499947,0.499968,0.499981,0.499989,0.499994,0.499996,0.499998,0.499999,0.499999,0.5,0.5
0.5,0.5,0.499999,0.499999,0.499998,0.499996,0.499994,0.499989,0.499981,0.499968,0.499947,0.499917,0.499872,0.499808,0.499719,0.499598,0.49944,0.499238,0.498986,0.498682,0.498325,0.497917,0.497464,0.496977,0.496471,0.495962,0.495471,0.495019,0.494627,0.494314,0.494096,0.493983,0.493983,0.494096,0.494314,0.494627,0.495019,0.495471,0.495962,0.496471,0.496977,0.497464,0.497917,0.498325,0.498682,0.498986,0.499238,0.49944,0.499598,0.499719,0.499808,0.499872,0.499917,0.499947,0.499968,0.499981,0.499989,0.499994,0.499996,0.499998,0.499999,0.499999,0.5,0.5
