0.5,0.5,0.5,0.5,0.5,0.5,0.5,0.5,0.5,0.5,0.5,0.5,0.5,0.5,0.5,0.499999,0.499999,0.499998,0.499997,0.499996,0.499995,0.499993,0.49999,0.499987,0.499984,0.499981,0.499977,0.499974,0.499971,0.499968,0.499966,0.499965,0.499965,0.499966,0.499968,0.499971,0.499974,0.499977,0.499981,0.499984,0.499987,0.49999,0.499993,0.499995,0.499996,0.499997,0.499998,0.499999,0.499999,0.5,0.5,0.5,0.5,0.5,0.5,0.5,0.5,0.5,0.5,0.5,0.5,0.5,0.5,0.5
0.5,0.5,0.5,0.5,0.5,0.5,0.5,0.5,0.5,0.5,0.5,0.5,0.5,0.5,0.5,0.499999,0.499999,0.499998,0.499997,0.499996,0.499995,0.499993,0.49999,0.499987,0.499984,0.499981,0.499977,0.499974,0.499971,0.499968,0.499966,0.499965,0.499965,0.499966,0.499968,0.499971,0.499974,0.499977,0.499981,0.499984,0.499987,0.49999,0.499993,0.499995,0.499996,0.499997,0.499998,0.499999,0.499999,0.5,0.5,0.5,0.5,0.5,0.5,0.5,0.5,0.5,0.5,0.5,0.5,0.5,0.5,0.5
0.5,0.5,0.5,0.5,0.5,0.5,0.5,0.5,0.5,0.5,0.5,0.5,0.5,0.5,0.499999,0.499999,0.499998,0.499997,0.499995,0.499993,0.499991,0.499987,0.499983,0.499978,0.499973,0.499967,0.499961,0.499955,0.49995,0.499946,0.499943,0.499941,0.499941,0.499943,0.499946,0.49995,0.499955,0.499961,0.499967,0.499973,0.499978,0.499983,0.499987,0.499991,0.499993,0.499995,0.499997,0.499998,0.499999,0.499999,0.5,0.5,0.5,0.5,0.5,0.5,0.5,0.5,0.5,0.5,0.5,0.5,0.5,0.5
0.5,0.5,0.5,0.5,0.5,0.5,0.5,0.5,0.5,0.5,0.5,0.5,0.499999,0.499999,0.499998,0.499997,0.499996,0.499994,0.49999,0.499986,0.499981,0.499974,0.499965,0.499955,0.499944,0.499932,0.49992,0.499908,0.499898,0.499889,0.499883,0.499879,0.499879,0.499883,0.499889,0.499898,0.499908,0.49992,0.499932,0.499944,0.499955,0.499965,0.499974,0.499981,0.499986,0.49999,0.499994,0.499996,0.499997,0.499998,0.499999,0.499999,0.5,0.5,0.5,0.5,0.5,0.5,0.5,0.5,0.5,0.5,0.5,0.5
0.5,0.5,0.5,0.5,0.5,0.5,0.5,0.5,0.5,0.5,0.5,0.499999,0.499999,0.499998,0.499996,0.499994,0.499991,0.499986,0.49998,0.499971,0.499959,0.499945,0.499927,0.499906,0.499883,0.499859,0.499834,0.499809,0.499788,0.49977,0.499757,0.49975,0.49975,0.499757,0.49977,0.499788,0.499809,0.499834,0.499859,0.499883,0.499906,0.499927,0.499945,0.499959,0.499971,0.49998,0.499986,0.499991,0.499994,0.499996,0.499998,0.499999,0.499999,0.5,0.5,0.5,0.5,0.5,0.5,0.5,0.5,0.5,0.5,0.5
0.5,0.5,0.5,0.5,0.5,0.5,0.5,0.5,0.5,0.5,0.499999,0.499999,0.499997,0.499996,0.499993,0.499988,0.499981,0.499971,0.499958,0.499939,0.499916,0.499886,0.49985,0.499808,0.499762,0.499713,0.499662,0.499614,0.49957,0.499534,0.499508,0.499495,0.499495,0.499508,0.499534,0.49957,0.499614,0.499662,0.499713,0.499762,0.499808,0.49985,0.499886,0.499916,0.499939,0.499958,0.499971,0.499981,0.499988,0.499993,0.499996,0.499997,0.499999,0.499999,0.5,0.5,0.5,0.5,0.5,0.5,0.5,0.5,0.5,0.5
0.5,0.5,0.5,0.5,0.5,0.5,0.5,0.5,0.5,0.499999,0.499998,0.499997,0.499995,0.499991,0.499985,0.499975,0.499962,0.499942,0.499914,0.499878,0.499831,0.499772,0.499702,0.49962,0.49953,0.499434,0.499336,0.499242,0.499158,0.499089,0.49904,0.499014,0.499014,0.49904,0.499089,0.499158,0.499242,0.499336,0.499434,0.49953,0.49962,0.499702,0.499772,0.499831,0.499878,0.499914,0.499942,0.499962,0.499975,0.499985,0.499991,0.499995,0.499997,0.499998,0.499999,0.5,0.5,0.5,0.5,0.5,0.5,0.5,0.5,0.5
0.5,0.5,0.5,0.5,0.5,0.5,0.5,0.5,0.499999,0.499998,0.499997,0.499994,0.499989,0.499981,0.499969,0.499951,0.499924,0.499886,0.499833,0.499763,0.499673,0.499561,0.499427,0.499273,0.499103,0.498922,0.49874,0.498565,0.498408,0.498279,0.498188,0.49814,0.49814,0.498188,0.498279,0.498408,0.498565,0.49874,0.498922,0.499103,0.499273,0.499427,0.499561,0.499673,0.499763,0.499833,0.499886,0.499924,0.499951,0.499969,0.499981,0.499989,0.499994,0.499997,0.499998,0.499999,0.5,0.5,0.5,0.5,0.5,0.5,0.5,0.5
0.5,0.5,0.5,0.5,0.5,0.5,0.5,0.499999,0.499998,0.499996,0.499993,0.499988,0.499979,0.499964,0.499941,0.499906,0.499855,0.499783,0.499685,0.499554,0.499387,0.499181,0.498936,0.498655,0.498346,0.498019,0.497689,0.497374,0.497092,0.496861,0.496698,0.496613,0.496613,0.496698,0.496861,0.497092,0.497374,0.497689,0.498019,0.498346,0.498655,0.498936,0.499181,0.499387,0.499554,0.499685,0.499783,0.499855,0.499906,0.499941,0.499964,0.499979,0.499988,0.499993,0.499996,0.499998,0.499999,0.5,0.5,0.5,0.5,0.5,0.5,0.5
0.5,0.5,0.5,0.5,0.5,0.5,0.499999,0.499998,0.499996,0.499993,0.499987,0.499977,0.49996,0.499933,0.49989,0.499827,0.499733,0.499602,0.499424,0.499189,0.49889,0.498524,0.49809,0.497595,0.497052,0.49648,0.495905,0.495358,0.49487,0.494472,0.49419,0.494044,0.494044,0.49419,0.494472,0.49487,0.495358,0.495905,0.49648,0.497052,0.497595,0.49809,0.498524,0.49889,0.499189,0.499424,0.499602,0.499733,0.499827,0.49989,0.499933,0.49996,0.499977,0.499987,0.499993,0.499996,0.499998,0.499999,0.5,0.5,0.5,0.5,0.5,0.5
0.5,0.5,0.5,0.5,0.5,0.499999,0.499998,0.499997,0.499993,0.499987,0.499976,0.499958,0.499927,0.499878,0.499803,0.499689,0.499524,0.499294,0.498982,0.498573,0.498057,0.497427,0.496685,0.495842,0.494922,0.493957,0.492992,0.492075,0.49126,0.490597,0.490128,0.489885,0.489885,0.490128,0.490597,0.49126,0.492075,0.492992,0.493957,0.494922,0.495842,0.496685,0.497427,0.498057,0.498573,0.498982,0.499294,0.499524,0.499689,0.499803,0.499878,0.499927,0.499958,0.499976,0.499987,0.499993,0.499997,0.499998,0.499999,0.5,0.5,0.5,0.5,0.5
0.5,0.5,0.5,0.5,0.499999,0.499999,0.499997,0.499994,0.499988,0.499977,0.499958,0.499925,0.499872,0.499787,0.499655,0.499459,0.499177,0.498785,0.498257,0.497571,0.496708,0.495661,0.494434,0.493049,0.491543,0.489973,0.488408,0.486928,0.485615,0.48455,0.483798,0.483409,0.483409,0.483798,0.48455,0.485615,0.486928,0.488408,0.489973,0.491543,0.493049,0.494434,0.495661,0.496708,0.497571,0.498257,0.498785,0.499177,0.499459,0.499655,0.499787,0.499872,0.499925,0.499958,0.499977,0.499988,0.499994,0.499997,0.499999,0.499999,0.5,0.5,0.5,0.5
0.5,0.5,0.5,0.499999,0.499999,0.499997,0.499995,0.499989,0.499979,0.49996,0.499927,0.499872,0.499781,0.499637,0.499416,0.49909,0.498623,0.497977,0.497113,0.495997,0.494602,0.49292,0.490961,0.488761,0.486384,0.483916,0.481467,0.479161,0.477123,0.475472,0.47431,0.47371,0.47371,0.47431,0.475472,0.477123,0.479161,0.481467,0.483916,0.486384,0.488761,0.490961,0.49292,0.494602,0.495997,0.497113,0.497977,0.498623,0.49909,0.499416,0.499637,0.499781,0.499872,0.499927,0.49996,0.499979,0.499989,0.499995,0.499997,0.499999,0.499999,0.5,0.5,0.5
0.5,0.5,0.5,0.499999,0.499998,0.499996,0.499991,0.499981,0.499964,0.499933,0.499878,0.499787,0.499637,0.499401,0.499043,0.498515,0.497766,0.496736,0.495368,0.493611,0.491431,0.488818,0.485794,0.482419,0.478792,0.475048,0.471352,0.467885,0.464833,0.462369,0.460638,0.459745,0.459745,0.460638,0.462369,0.464833,0.467885,0.471352,0.475048,0.478792,0.482419,0.485794,0.488818,0.491431,0.493611,0.495368,0.496736,0.497766,0.498515,0.499043,0.499401,0.499637,0.499787,0.499878,0.499933,0.499964,0.499981,0.499991,0.499996,0.499998,0.499999,0.5,0.5,0.5
0.5,0.5,0.499999,0.499998,0.499996,0.499993,0.499985,0.499969,0.499941,0.49989,0.499803,0.499655,0.499416,0.499043,0.498478,0.497652,0.496487,0.494896,0.492798,0.490121,0.486824,0.482898,0.478385,0.473381,0.468037,0.462553,0.457167,0.452141,0.447734,0.444187,0.441702,0.440422,0.440422,0.441702,0.444187,0.447734,0.452141,0.457167,0.462553,0.468037,0.473381,0.478385,0.482898,0.486824,0.490121,0.492798,0.494896,0.496487,0.497652,0.498478,0.499043,0.499416,0.499655,0.499803,0.49989,0.499941,0.499969,0.499985,0.499993,0.499996,0.499998,0.499999,0.5,0.5
0.499999,0.499999,0.499999,0.499997,0.499994,0.499988,0.499975,0.499951,0.499906,0.499827,0.499689,0.499459,0.49909,0.498515,0.497652,0.4964,0.494644,0.492263,0.489144,0.485196,0.480367,0.474659,0.468145,0.460972,0.453363,0.445605,0.438032,0.431001,0.424864,0.419943,0.416505,0.414736,0.414736,0.416505,0.419943,0.424864,0.431001,0.438032,0.445605,0.453363,0.460972,0.468145,0.474659,0.480367,0.485196,0.489144,0.492263,0.494644,0.4964,0.497652,0.498515,0.49909,0.499459,0.499689,0.499827,0.499906,0.499951,0.499975,0.499988,0.499994,0.499997,0.499999,0.499999,0.499999
0.499999,0.499999,0.499998,0.499996,0.499991,0.499981,0.499962,0.499924,0.499855,0.499733,0.499524,0.499177,0.498623,0.497766,0.496487,0.494644,0.492076,0.488622,0.48413,0.478486,0.471635,0.463601,0.454502,0.444559,0.434088,0.423487,0.413205,0.403715,0.395474,0.388893,0.384308,0.381955,0.381955,0.384308,0.388893,0.395474,0.403715,0.413205,0.423487,0.434088,0.444559,0.454502,0.463601,0.471635,0.478486,0.48413,0.488622,0.492076,0.494644,0.496487,0.497766,0.498623,0.499177,0.499524,0.499733,0.499855,0.499924,0.499962,0.499981,0.499991,0.499996,0.499998,0.499999,0.499999
0.499998,0.499998,0.499997,0.499994,0.499986,0.499971,0.499942,0.499886,0.499783,0.499602,0.499294,0.498785,0.497977,0.496736,0.494896,0.492263,0.488622,0.483758,0.477484,0.469662,0.460244,0.449289,0.436983,0.423646,0.409713,0.395713,0.382233,0.369871,0.359197,0.350714,0.344823,0.341806,0.341806,0.344823,0.350714,0.359197,0.369871,0.382233,0.395713,0.409713,0.423646,0.436983,0.449289,0.460244,0.469662,0.477484,0.483758,0.488622,0.492263,0.494896,0.496736,0.497977,0.498785,0.499294,0.499602,0.499783,0.499886,0.499942,0.499971,0.499986,0.499994,0.499997,0.499998,0.499998
0.499997,0.499997,0.499995,0.49999,0.49998,0.499958,0.499914,0.499833,0.499685,0.499424,0.498982,0.498257,0.497113,0.495368,0.492798,0.489144,0.48413,0.477484,0.468977,0.45846,0.445902,0.431421,0.415299,0.397977,0.380038,0.362165,0.345092,0.329549,0.316214,0.305672,0.29838,0.294655,0.294655,0.29838,0.305672,0.316214,0.329549,0.345092,0.362165,0.380038,0.397977,0.415299,0.431421,0.445902,0.45846,0.468977,0.477484,0.48413,0.489144,0.492798,0.495368,0.497113,0.498257,0.498982,0.499424,0.499685,0.499833,0.499914,0.499958,0.49998,0.49999,0.499995,0.499997,0.499997
0.499996,0.499996,0.499993,0.499986,0.499971,0.499939,0.499878,0.499763,0.499554,0.499189,0.498573,0.497571,0.495997,0.493611,0.490121,0.485196,0.478486,0.469662,0.45846,0.444728,0.428477,0.409907,0.389425,0.367628,0.345267,0.323193,0.302294,0.283423,0.267351,0.254721,0.246026,0.241595,0.241595,0.246026,0.254721,0.267351,0.283423,0.302294,0.323193,0.345267,0.367628,0.389425,0.409907,0.428477,0.444728,0.45846,0.469662,0.478486,0.485196,0.490121,0.493611,0.495997,0.497571,0.498573,0.499189,0.499554,0.499763,0.499878,0.499939,0.499971,0.499986,0.499993,0.499996,0.499996
0.499995,0.499995,0.499991,0.499981,0.499959,0.499916,0.499831,0.499673,0.499387,0.49889,0.498057,0.496708,0.494602,0.491431,0.486824,0.480367,0.471635,0.460244,0.445902,0.428477,0.408044,0.384919,0.359666,0.333063,0.306053,0.279662,0.254921,0.232788,0.214095,0.199507,0.189517,0.184444,0.184444,0.189517,0.199507,0.214095,0.232788,0.254921,0.279662,0.306053,0.333063,0.359666,0.384919,0.408044,0.428477,0.445902,0.460244,0.471635,0.480367,0.486824,0.491431,0.494602,0.496708,0.498057,0.49889,0.499387,0.499673,0.499831,0.499916,0.499959,0.499981,0.499991,0.499995,0.499995
0.499993,0.499993,0.499987,0.499974,0.499945,0.499886,0.499772,0.499561,0.499181,0.498524,0.497427,0.495661,0.49292,0.488818,0.482898,0.474659,0.463601,0.449289,0.431421,0.409907,0.384919,0.356923,0.326669,0.295146,0.263497,0.232921,0.204572,0.17948,0.15849,0.142243,0.131187,0.125595,0.125595,0.131187,0.142243,0.15849,0.17948,0.204572,0.232921,0.263497,0.295146,0.326669,0.356923,0.384919,0.409907,0.431421,0.449289,0.463601,0.474659,0.482898,0.488818,0.49292,0.495661,0.497427,0.498524,0.499181,0.499561,0.499772,0.499886,0.499945,0.499974,0.499987,0.499993,0.499993
0.49999,0.49999,0.499983,0.499965,0.499927,0.49985,0.499702,0.499427,0.498936,0.49809,0.496685,0.494434,0.490961,0.485794,0.478385,0.468145,0.454502,0.436983,0.415299,0.389425,0.359666,0.326669,0.291405,0.255087,0.219063,0.184692,0.153219,0.125696,0.102927,0.0854738,0.073685,0.0677505,0.0677505,0.073685,0.0854738,0.102927,0.125696,0.153219,0.184692,0.219063,0.255087,0.291405,0.326669,0.359666,0.389425,0.415299,0.436983,0.454502,0.468145,0.478385,0.485794,0.490961,0.494434,0.496685,0.49809,0.498936,0.499427,0.499702,0.49985,0.499927,0.499965,0.499983,0.49999,0.49999
0.499987,0.499987,0.499978,0.499955,0.499906,0.499808,0.49962,0.499273,0.498655,0.497595,0.495842,0.493049,0.488761,0.482419,0.473381,0.460972,0.444559,0.423646,0.397977,0.367628,0.333063,0.295146,0.255087,0.214336,0.174439,0.136889,0.102981,0.0737352,0.0498547,0.031758,0.0196451,0.013583,0.013583,0.0196451,0.031758,0.0498547,0.0737352,0.102981,0.136889,0.174439,0.214336,0.255087,0.295146,0.333063,0.367628,0.397977,0.423646,0.444559,0.460972,0.473381,0.482419,0.488761,0.493049,0.495842,0.497595,0.498655,0.499273,0.49962,0.499808,0.499906,0.499955,0.499978,0.499987,0.499987
0.499984,0.499984,0.499973,0.499944,0.499883,0.499762,0.49953,0.499103,0.498346,0.497052,0.494922,0.491543,0.486384,0.478792,0.468037,0.453363,0.434088,0.409713,0.380038,0.345267,0.306053,0.263497,0.219063,0.174439,0.131355,0.0914,0.055878,0.0257177,0.00146347,-0.0166652,-0.0286657,-0.0346282,-0.0346282,-0.0286657,-0.0166652,0.00146347,0.0257177,0.055878,0.0914,0.131355,0.174439,0.219063,0.263497,0.306053,0.345267,0.380038,0.409713,0.434088,0.453363,0.468037,0.478792,0.486384,0.491543,0.494922,0.497052,0.498346,0.499103,0.49953,0.499762,0.499883,0.499944,0.499973,0.499984,0.499984
0.499981,0.499981,0.499967,0.499932,0.499859,0.499713,0.499434,0.498922,0.498019,0.49648,0.493957,0.489973,0.483916,0.475048,0.462553,0.445605,0.423487,0.395713,0.362165,0.323193,0.279662,0.232921,0.184692,0.136889,0.0914,0.049881,0.0135933,-0.0166726,-0.0405826,-0.0581611,-0.0696396,-0.0752911,-0.0752911,-0.0696396,-0.0581611,-0.0405826,-0.0166726,0.0135933,0.049881,0.0914,0.136889,0.184692,0.232921,0.279662,0.323193,0.362165,0.395713,0.423487,0.445605,0.462553,0.475048,0.483916,0.489973,0.493957,0.49648,0.498019,0.498922,0.499434,0.499713,0.499859,0.499932,0.499967,0.499981,0.499981
0.499977,0.499977,0.499961,0.49992,0.499834,0.499662,0.499336,0.49874,0.497689,0.495905,0.492992,0.488408,0.481467,0.471352,0.457167,0.438032,0.413205,0.382233,0.345092,0.302294,0.254921,0.204572,0.153219,0.102981,0.055878,0.0135933,-0.0226902,-0.0523578,-0.0753196,-0.0918714,-0.102499,-0.107672,-0.107672,-0.102499,-0.0918714,-0.0753196,-0.0523578,-0.0226902,0.0135933,0.055878,0.102981,0.153219,0.204572,0.254921,0.302294,0.345092,0.382233,0.413205,0.438032,0.457167,0.471352,0.481467,0.488408,0.492992,0.495905,0.497689,0.49874,0.499336,0.499662,0.499834,0.49992,0.499961,0.499977,0.499977
0.499974,0.499974,0.499955,0.499908,0.499809,0.499614,0.499242,0.498565,0.497374,0.495358,0.492075,0.486928,0.479161,0.467885,0.452141,0.431001,0.403715,0.369871,0.329549,0.283423,0.232788,0.17948,0.125696,0.0737352,0.0257177,-0.0166726,-0.0523578,-0.0809188,-0.102521,-0.117739,-0.127312,-0.131905,-0.131905,-0.127312,-0.117739,-0.102521,-0.0809188,-0.0523578,-0.0166726,0.0257177,0.0737352,0.125696,0.17948,0.232788,0.283423,0.329549,0.369871,0.403715,0.431001,0.452141,0.467885,0.479161,0.486928,0.492075,0.495358,0.497374,0.498565,0.499242,0.499614,0.499809,0.499908,0.499955,0.499974,0.499974
0.499971,0.499971,0.49995,0.499898,0.499788,0.49957,0.499158,0.498408,0.497092,0.49487,0.49126,0.485615,0.477123,0.464833,0.447734,0.424864,0.395474,0.359197,0.316214,0.267351,0.214095,0.15849,0.102927,0.0498547,0.00146347,-0.0405826,-0.0753196,-0.102521,-0.122598,-0.136381,-0.144847,-0.148839,-0.148839,-0.144847,-0.136381,-0.122598,-0.102521,-0.0753196,-0.0405826,0.00146347,0.0498547,0.102927,0.15849,0.214095,0.267351,0.316214,0.359197,0.395474,0.424864,0.447734,0.464833,0.477123,0.485615,0.49126,0.49487,0.497092,0.498408,0.499158,0.49957,0.499788,0.499898,0.49995,0.499971,0.499971
0.499968,0.499968,0.499946,0.499889,0.49977,0.499534,0.499089,0.498279,0.496861,0.494472,0.490597,0.48455,0.475472,0.462369,0.444187,0.419943,0.388893,0.350714,0.305672,0.254721,0.199507,0.142243,0.0854738,0.031758,-0.0166652,-0.0581611,-0.0918714,-0.117739,-0.136381,-0.148848,-0.156312,-0.159763,-0.159763,-0.156312,-0.148848,-0.136381,-0.117739,-0.0918714,-0.0581611,-0.0166652,0.031758,0.0854738,0.142243,0.199507,0.254721,0.305672,0.350714,0.388893,0.419943,0.444187,0.462369,0.475472,0.48455,0.490597,0.494472,0.496861,0.498279,0.499089,0.499534,0.49977,0.499889,0.499946,0.499968,0.499968
0.499966,0.499966,0.499943,0.499883,0.499757,0.499508,0.49904,0.498188,0.496698,0.49419,0.490128,0.483798,0.47431,0.460638,0.441702,0.416505,0.384308,0.344823,0.29838,0.246026,0.189517,0.131187,0.073685,0.0196451,-0.0286657,-0.0696396,-0.102499,-0.127312,-0.144847,-0.156312,-0.163019,-0.166064,-0.166064,-0.163019,-0.156312,-0.144847,-0.127312,-0.102499,-0.0696396,-0.0286657,0.0196451,0.073685,0.131187,0.189517,0.246026,0.29838,0.344823,0.384308,0.416505,0.441702,0.460638,0.47431,0.483798,0.490128,0.49419,0.496698,0.498188,0.49904,0.499508,0.499757,0.499883,0.499943,0.499966,0.499966
0.499965,0.499965,0.499941,0.499879,0.49975,0.499495,0.499014,0.49814,0.496613,0.494044,0.489885,0.483409,0.47371,0.459745,0.440422,0.414736,0.381955,0.341806,0.294655,0.241595,0.184444,0.125595,0.0677505,0.013583,-0.0346282,-0.0752911,-0.107672,-0.131905,-0.148839,-0.159763,-0.166064,-0.16889,-0.16889,-0.166064,-0.159763,-0.148839,-0.131905,-0.107672,-0.0752911,-0.0346282,0.013583,0.0677505,0.125595,0.184444,0.241595,0.294655,0.341806,0.381955,0.414736,0.440422,0.459745,0.47371,0.483409,0.489885,0.494044,0.496613,0.49814,0.499014,0.499495,0.49975,0.499879,0.499941,0.499965,0.499965
0.499965,0.499965,0.499941,0.499879,0.49975,0.499495,0.499014,0.49814,0.496613,0.494044,0.489885,0.483409,0.47371,0.459745,0.440422,0.414736,0.381955,0.341806,0.294655,0.241595,0.184444,0.125595,0.0677505,0.013583,-0.0346282,-0.0752911,-0.107672,-0.131905,-0.148839,-0.159763,-0.166064,-0.16889,-0.16889,-0.166064,-0.159763,-0.148839,-0.131905,-0.107672,-0.0752911,-0.0346282,0.013583,0.0677505,0.125595,0.184444,0.241595,0.294655,0.341806,0.381955,0.414736,0.440422,0.459745,0.47371,0.483409,0.489885,0.494044,0.496613,0.49814,0.499014,0.499495,0.49975,0.499879,0.499941,0.499965,0.499965
0.499966,0.499966,0.499943,0.499883,0.499757,0.499508,0.49904,0.498188,0.496698,0.49419,0.490128,0.483798,0.47431,0.460638,0.441702,0.416505,0.384308,0.344823,0.29838,0.246026,0.189517,0.131187,0.073685,0.0196451,-0.0286657,-0.0696396,-0.102499,-0.127312,-0.144847,-0.156312,-0.163019,-0.166064,-0.166064,-0.163019,-0.156312,-0.144847,-0.127312,-0.102499,-0.0696396,-0.0286657,0.0196451,0.073685,0.131187,0.189517,0.246026,0.29838,0.344823,0.384308,0.416505,0.441702,0.460638,0.47431,0.483798,0.490128,0.49419,0.496698,0.498188,0.49904,0.499508,0.499757,0.499883,0.499943,0.499966,0.499966
0.499968,0.499968,0.499946,0.499889,0.49977,0.499534,0.499089,0.498279,0.496861,0.494472,0.490597,0.48455,0.475472,0.462369,0.444187,0.419943,0.388893,0.350714,0.305672,0.254721,0.199507,0.142243,0.0854738,0.031758,-0.0166652,-0.0581611,-0.0918714,-0.117739,-0.136381,-0.148848,-0.156312,-0.159763,-0.159763,-0.156312,-0.148848,-0.136381,-0.117739,-0.0918714,-0.0581611,-0.0166652,0.031758,0.0854738,0.142243,0.199507,0.254721,0.305672,0.350714,0.388893,0.419943,0.444187,0.462369,0.475472,0.48455,0.490597,0.494472,0.496861,0.498279,0.499089,0.499534,0.49977,0.499889,0.499946,0.499968,0.499968
0.499971,0.499971,0.49995,0.499898,0.499788,0.49957,0.499158,0.498408,0.497092,0.49487,0.49126,0.485615,0.477123,0.464833,0.447734,0.424864,0.395474,0.359197,0.316214,0.267351,0.214095,0.15849,0.102927,0.0498547,0.00146347,-0.0405826,-0.0753196,-0.102521,-0.122598,-0.136381,-0.144847,-0.148839,-0.148839,-0.144847,-0.136381,-0.122598,-0.102521,-0.0753196,-0.0405826,0.00146347,0.0498547,0.102927,0.15849,0.214095,0.267351,0.316214,0.359197,0.395474,0.424864,0.447734,0.464833,0.477123,0.485615,0.49126,0.49487,0.497092,0.498408,0.499158,0.49957,0.499788,0.499898,0.49995,0.499971,0.499971
0.499974,0.499974,0.499955,0.499908,0.499809,0.499614,0.499242,0.498565,0.497374,0.495358,0.492075,0.486928,0.479161,0.467885,0.452141,0.431001,0.403715,0.369871,0.329549,0.283423,0.232788,0.17948,0.125696,0.0737352,0.0257177,-0.0166726,-0.0523578,-0.0809188,-0.102521,-0.117739,-0.127312,-0.131905,-0.131905,-0.127312,-0.117739,-0.102521,-0.0809188,-0.0523578,-0.0166726,0.0257177,0.0737352,0.125696,0.17948,0.232788,0.283423,0.329549,0.369871,0.403715,0.431001,0.452141,0.467885,0.479161,0.486928,0.492075,0.495358,0.497374,0.498565,0.499242,0.499614,0.499809,0.499908,0.499955,0.499974,0.499974
0.499977,0.499977,0.499961,0.49992,0.499834,0.499662,0.499336,0.49874,0.497689,0.495905,0.492992,0.488408,0.481467,0.471352,0.457167,0.438032,0.413205,0.382233,0.345092,0.302294,0.254921,0.204572,0.153219,0.102981,0.055878,0.0135933,-0.0226902,-0.0523578,-0.0753196,-0.0918714,-0.102499,-0.107672,-0.107672,-0.102499,-0.0918714,-0.0753196,-0.0523578,-0.0226902,0.0135933,0.055878,0.102981,0.153219,0.204572,0.254921,0.302294,0.345092,0.382233,0.413205,0.438032,0.457167,0.471352,0.481467,0.488408,0.492992,0.495905,0.497689,0.49874,0.499336,0.499662,0.499834,0.49992,0.499961,0.499977,0.499977
0.499981,0.499981,0.499967,0.499932,0.499859,0.499713,0.499434,0.498922,0.498019,0.49648,0.493957,0.489973,0.483916,0.475048,0.462553,0.445605,0.423487,0.395713,0.362165,0.323193,0.279662,0.232921,0.184692,0.136889,0.0914,0.049881,0.0135933,-0.0166726,-0.0405826,-0.0581611,-0.0696396,-0.0752911,-0.0752911,-0.0696396,-0.0581611,-0.0405826,-0.0166726,0.0135933,0.049881,0.0914,0.136889,0.184692,0.232921,0.279662,0.323193,0.362165,0.395713,0.423487,0.445605,0.462553,0.475048,0.483916,0.489973,0.493957,0.49648,0.498019,0.498922,0.499434,0.499713,0.499859,0.499932,0.499967,0.499981,0.499981
0.499984,0.499984,0.499973,0.499944,0.499883,0.499762,0.49953,0.499103,0.498346,0.497052,0.494922,0.491543,0.486384,0.478792,0.468037,0.453363,0.434088,0.409713,0.380038,0.345267,0.306053,0.263497,0.219063,0.174439,0.131355,0.0914,0.055878,0.0257177,0.00146347,-0.0166652,-0.0286657,-0.0346282,-0.0346282,-0.0286657,-0.0166652,0.00146347,0.0257177,0.055878,0.0914,0.131355,0.174439,0.219063,0.263497,0.306053,0.345267,0.380038,0.409713,0.434088,0.453363,0.468037,0.478792,0.486384,0.491543,0.494922,0.497052,0.498346,0.499103,0.49953,0.499762,0.499883,0.499944,0.499973,0.499984,0.499984
0.499987,0.499987,0.499978,0.499955,0.499906,0.499808,0.49962,0.499273,0.498655,0.497595,0.495842,0.493049,0.488761,0.482419,0.473381,0.460972,0.444559,0.423646,0.397977,0.367628,0.333063,0.295146,0.255087,0.214336,0.174439,0.136889,0.102981,0.0737352,0.0498547,0.031758,0.0196451,0.013583,0.013583,0.0196451,0.031758,0.0498547,0.0737352,0.102981,0.136889,0.174439,0.214336,0.255087,0.295146,0.333063,0.367628,0.397977,0.423646,0.444559,0.460972,0.473381,0.482419,0.488761,0.493049,0.495842,0.497595,0.498655,0.499273,0.49962,0.499808,0.499906,0.499955,0.499978,0.499987,0.499987
0.49999,0.49999,0.499983,0.499965,0.499927,0.49985,0.499702,0.499427,0.498936,0.49809,0.496685,0.494434,0.490961,0.485794,0.478385,0.468145,0.454502,0.436983,0.415299,0.389425,0.359666,0.326669,0.291405,0.255087,0.219063,0.184692,0.153219,0.125696,0.102927,0.0854738,0.073685,0.0677505,0.0677505,0.073685,0.0854738,0.102927,0.125696,0.153219,0.184692,0.219063,0.255087,0.291405,0.326669,0.359666,0.389425,0.415299,0.436983,0.454502,0.468145,0.478385,0.485794,0.490961,0.494434,0.496685,0.49809,0.498936,0.499427,0.499702,0.49985,0.499927,0.499965,0.499983,0.49999,0.49999
0.499993,0.499993,0.499987,0.499974,0.499945,0.499886,0.499772,0.499561,0.499181,0.498524,0.497427,0.495661,0.49292,0.488818,0.482898,0.474659,0.463601,0.449289,0.431421,0.409907,0.384919,0.356923,0.326669,0.295146,0.263497,0.232921,0.204572,0.17948,0.15849,0.142243,0.131187,0.125595,0.125595,0.131187,0.142243,0.15849,0.17948,0.204572,0.232921,0.263497,0.295146,0.326669,0.356923,0.384919,0.409907,0.431421,0.449289,0.463601,0.474659,0.482898,0.488818,0.49292,0.495661,0.497427,0.498524,0.499181,0.499561,0.499772,0.499886,0.499945,0.499974,0.499987,0.499993,0.499993
0.499995,0.499995,0.499991,0.499981,0.499959,0.499916,0.499831,0.499673,0.499387,0.49889,0.498057,0.496708,0.494602,0.491431,0.486824,0.480367,0.471635,0.460244,0.445902,0.428477,0.408044,0.384919,0.359666,0.333063,0.306053,0.279662,0.254921,0.232788,0.214095,0.199507,0.189517,0.184444,0.184444,0.189517,0.199507,0.214095,0.232788,0.254921,0.279662,0.306053,0.333063,0.359666,0.384919,0.408044,0.428477,0.445902,0.460244,0.471635,0.480367,0.486824,0.491431,0.494602,0.496708,0.498057,0.49889,0.499387,0.499673,0.499831,0.499916,0.499959,0.499981,0.499991,0.499995,0.499995
0.499996,0.499996,0.499993,0.499986,0.499971,0.499939,0.499878,0.499763,0.499554,0.499189,0.498573,0.497571,0.495997,0.493611,0.490121,0.485196,0.478486,0.469662,0.45846,0.444728,0.428477,0.409907,0.389425,0.367628,0.345267,0.323193,0.302294,0.283423,0.267351,0.254721,0.246026,0.241595,0.241595,0.246026,0.254721,0.267351,0.283423,0.302294,0.323193,0.345267,0.367628,0.389425,0.409907,0.428477,0.444728,0.45846,0.469662,0.478486,0.485196,0.490121,0.493611,0.495997,0.497571,0.498573,0.499189,0.499554,0.499763,0.499878,0.499939,0.499971,0.499986,0.499993,0.499996,0.499996
0.499997,0.499997,0.499995,0.49999,0.49998,0.499958,0.499914,0.499833,0.499685,0.499424,0.498982,0.498257,0.497113,0.495368,0.492798,0.489144,0.48413,0.477484,0.468977,0.45846,0.445902,0.431421,0.415299,0.397977,0.380038,0.362165,0.345092,0.329549,0.316214,0.305672,0.29838,0.294655,0.294655,0.29838,0.305672,0.316214,0.329549,0.345092,0.362165,0.380038,0.397977,0.415299,0.431421,0.445902,0.45846,0.468977,0.477484,0.48413,0.489144,0.492798,0.495368,0.497113,0.498257,0.498982,0.499424,0.499685,0.499833,0.499914,0.499958,0.49998,0.49999,0.499995,0.499997,0.499997
0.499998,0.499998,0.499997,0.499994,0.499986,0.499971,0.499942,0.499886,0.499783,0.499602,0.499294,0.498785,0.497977,0.496736,0.494896,0.492263,0.488622,0.483758,0.477484,0.469662,0.460244,0.449289,0.436983,0.423646,0.409713,0.395713,0.382233,0.369871,0.359197,0.350714,0.344823,0.341806,0.341806,0.344823,0.350714,0.359197,0.369871,0.382233,0.395713,0.409713,0.423646,0.436983,0.449289,0.460244,0.469662,0.477484,0.483758,0.488622,0.492263,0.494896,0.496736,0.497977,0.498785,0.499294,0.499602,0.499783,0.499886,0.499942,0.499971,0.499986,0.499994,0.499997,0.499998,0.499998
0.499999,0.499999,0.499998,0.499996,0.499991,0.499981,0.499962,0.499924,0.499855,0.499733,0.499524,0.499177,0.498623,0.497766,0.496487,0.494644,0.492076,0.488622,0.48413,0.478486,0.471635,0.463601,0.454502,0.444559,0.434088,0.423487,0.413205,0.403715,0.395474,0.388893,0.384308,0.381955,0.381955,0.384308,0.388893,0.395474,0.403715,0.413205,0.423487,0.434088,0.444559,0.454502,0.463601,0.471635,0.478486,0.48413,0.488622,0.492076,0.494644,0.496487,0.497766,0.498623,0.499177,0.499524,0.499733,0.499855,0.499924,0.499962,0.499981,0.499991,0.499996,0.499998,0.499999,0.499999
0.499999,0.499999,0.499999,0.499997,0.499994,0.499988,0.499975,0.499951,0.499906,0.499827,0.499689,0.499459,0.49909,0.498515,0.497652,0.4964,0.494644,0.492263,0.489144,0.485196,0.480367,0.474659,0.468145,0.460972,0.453363,0.445605,0.438032,0.431001,0.424864,0.419943,0.416505,0.414736,0.414736,0.416505,0.419943,0.424864,0.431001,0.438032,0.445605,0.453363,0.460972,0.468145,0.474659,0.480367,0.485196,0.489144,0.492263,0.494644,0.4964,0.497652,0.498515,0.49909,0.499459,0.499689,0.499827,0.499906,0.499951,0.499975,0.499988,0.499994,0.499997,0.499999,0.499999,0.499999
0.5,0.5,0.499999,0.499998,0.499996,0.499993,0.499985,0.499969,0.499941,0.49989,0.499803,0.499655,0.499416,0.499043,0.498478,0.497652,0.496487,0.494896,0.492798,0.490121,0.486824,0.482898,0.478385,0.473381,0.468037,0.462553,0.457167,0.452141,0.447734,0.444187,0.441702,0.440422,0.440422,0.441702,0.444187,0.447734,0.452141,0.457167,0.462553,0.468037,0.473381,0.478385,0.482898,0.486824,0.490121,0.492798,0.494896,0.496487,0.497652,0.498478,0.499043,0.499416,0.499655,0.499803,0.49989,0.499941,0.499969,0.499985,0.499993,0.499996,0.499998,0.499999,0.5,0.5
0.5,0.5,0.5,0.499999,0.499998,0.499996,0.499991,0.499981,0.499964,0.499933,0.499878,0.499787,0.499637,0.499401,0.499043,0.498515,0.497766,0.496736,0.495368,0.493611,0.491431,0.488818,0.485794,0.482419,0.478792,0.475048,0.471352,0.467885,0.464833,0.462369,0.460638,0.459745,0.459745,0.460638,0.462369,0.464833,0.467885,0.471352,0.475048,0.478792,0.482419,0.485794,0.488818,0.491431,0.493611,0.495368,0.496736,0.497766,0.498515,0.499043,0.499401,0.499637,0.499787,0.499878,0.499933,0.499964,0.499981,0.499991,0.499996,0.499998,0.499999,0.5,0.5,0.5
0.5,0.5,0.5,0.499999,0.499999,0.499997,0.499995,0.499989,0.499979,0.49996,0.499927,0.499872,0.499781,0.499637,0.499416,0.49909,0.498623,0.497977,0.497113,0.495997,0.494602,0.49292,0.490961,0.488761,0.486384,0.483916,0.481467,0.479161,0.477123,0.475472,0.47431,0.47371,0.47371,0.47431,0.475472,0.477123,0.479161,0.481467,0.483916,0.486384,0.488761,0.490961,0.49292,0.494602,0.495997,0.497113,0.497977,0.498623,0.49909,0.499416,0.499637,0.499781,0.499872,0.499927,0.49996,0.499979,0.499989,0.499995,0.499997,0.499999,0.499999,0.5,0.5,0.5
0.5,0.5,0.5,0.5,0.499999,0.499999,0.499997,0.499994,0.499988,0.499977,0.499958,0.499925,0.499872,0.499787,0.499655,0.499459,0.499177,0.498785,0.498257,0.497571,0.496708,0.495661,0.494434,0.493049,0.491543,0.489973,0.488408,0.486928,0.485615,0.48455,0.483798,0.483409,0.483409,0.483798,0.48455,0.485615,0.486928,0.488408,0.489973,0.491543,0.493049,0.494434,0.495661,0.496708,0.497571,0.498257,0.498785,0.499177,0.499459,0.499655,0.499787,0.499872,0.499925,0.499958,0.499977,0.499988,0.499994,0.499997,0.499999,0.499999,0.5,0.5,0.5,0.5
0.5,0.5,0.5,0.5,0.5,0.499999,0.499998,0.499997,0.499993,0.499987,0.499976,0.499958,0.499927,0.499878,0.499803,0.499689,0.499524,0.499294,0.498982,0.498573,0.498057,0.497427,0.496685,0.495842,0.494922,0.493957,0.492992,0.492075,0.49126,0.490597,0.490128,0.489885,0.489885,0.490128,0.490597,0.49126,0.492075,0.492992,0.493957,0.494922,0.495842,0.496685,0.497427,0.498057,0.498573,0.498982,0.499294,0.499524,0.499689,0.499803,0.499878,0.499927,0.499958,0.499976,0.499987,0.499993,0.499997,0.499998,0.499999,0.5,0.5,0.5,0.5,0.5
0.5,0.5,0.5,0.5,0.5,0.5,0.499999,0.499998,0.499996,0.499993,0.499987,0.499977,0.49996,0.499933,0.49989,0.499827,0.499733,0.499602,0.499424,0.499189,0.49889,0.498524,0.49809,0.497595,0.497052,0.49648,0.495905,0.495358,0.49487,0.494472,0.49419,0.494044,0.494044,0.49419,0.494472,0.49487,0.495358,0.495905,0.49648,0.497052,0.497595,0.49809,0.498524,0.49889,0.499189,0.499424,0.499602,0.499733,0.499827,0.49989,0.499933,0.49996,0.499977,0.499987,0.499993,0.499996,0.499998,0.499999,0.5,0.5,0.5,0.5,0.5,0.5
0.5,0.5,0.5,0.5,0.5,0.5,0.5,0.499999,0.499998,0.499996,0.499993,0.499988,0.499979,0.499964,0.499941,0.499906,0.499855,0.499783,0.499685,0.499554,0.499387,0.499181,0.498936,0.498655,0.498346,0.498019,0.497689,0.497374,0.497092,0.496861,0.496698,0.496613,0.496613,0.496698,0.496861,0.497092,0.497374,0.497689,0.498019,0.498346,0.498655,0.498936,0.499181,0.499387,0.499554,0.499685,0.499783,0.499855,0.499906,0.499941,0.499964,0.499979,0.499988,0.499993,0.499996,0.499998,0.499999,0.5,0.5,0.5,0.5,0.5,0.5,0.5
0.5,0.5,0.5,0.5,0.5,0.5,0.5,0.5,0.499999,0.499998,0.499997,0.499994,0.499989,0.499981,0.499969,0.499951,0.499924,0.499886,0.499833,0.499763,0.499673,0.499561,0.499427,0.499273,0.499103,0.498922,0.49874,0.498565,0.498408,0.498279,0.498188,0.49814,0.49814,0.498188,0.498279,0.498408,0.498565,0.49874,0.498922,0.499103,0.499273,0.499427,0.499561,0.499673,0.499763,0.499833,0.499886,0.499924,0.499951,0.499969,0.499981,0.499989,0.499994,0.499997,0.499998,0.499999,0.5,0.5,0.5,0.5,0.5,0.5,0.5,0.5
0.5,0.5,0.5,0.5,0.5,0.5,0.5,0.5,0.5,0.499999,0.499998,0.499997,0.499995,0.499991,0.499985,0.499975,0.499962,0.499942,0.499914,0.499878,0.499831,0.499772,0.499702,0.49962,0.49953,0.499434,0.499336,0.499242,0.499158,0.499089,0.49904,0.499014,0.499014,0.49904,0.499089,0.499158,0.499242,0.499336,0.499434,0.49953,0.49962,0.499702,0.499772,0.499831,0.499878,0.499914,0.499942,0.499962,0.499975,0.499985,0.499991,0.499995,0.499997,0.499998,0.499999,0.5,0.5,0.5,0.5,0.5,0.5,0.5,0.5,0.5
0.5,0.5,0.5,0.5,0.5,0.5,0.5,0.5,0.5,0.5,0.499999,0.499999,0.499997,0.499996,0.499993,0.499988,0.499981,0.499971,0.499958,0.499939,0.499916,0.499886,0.49985,0.499808,0.499762,0.499713,0.499662,0.499614,0.49957,0.499534,0.499508,0.499495,0.499495,0.499508,0.499534,0.49957,0.499614,0.499662,0.499713,0.499762,0.499808,0.49985,0.499886,0.499916,0.499939,0.499958,0.499971,0.499981,0.499988,0.499993,0.499996,0.499997,0.499999,0.499999,0.5,0.5,0.5,0.5,0.5,0.5,0.5,0.5,0.5,0.5
0.5,0.5,0.5,0.5,0.5,0.5,0.5,0.5,0.5,0.5,0.5,0.499999,0.499999,0.499998,0.499996,0.499994,0.499991,0.499986,0.49998,0.499971,0.499959,0.499945,0.499927,0.499906,0.499883,0.499859,0.499834,0.499809,0.499788,0.49977,0.499757,0.49975,0.49975,0.499757,0.49977,0.499788,0.499809,0.499834,0.499859,0.499883,0.499906,0.499927,0.499945,0.499959,0.499971,0.49998,0.499986,0.499991,0.499994,0.499996,0.499998,0.499999,0.499999,0.5,0.5,0.5,0.5,0.5,0.5,0.5,0.5,0.5,0.5,0.5
0.5,0.5,0.5,0.5,0.5,0.5,0.5,0.5,0.5,0.5,0.5,0.5,0.499999,0.499999,0.499998,0.499997,0.499996,0.499994,0.49999,0.499986,0.499981,0.499974,0.499965,0.499955,0.499944,0.499932,0.49992,0.499908,0.499898,0.499889,0.499883,0.499879,0.499879,0.499883,0.499889,0.499898,0.499908,0.49992,0.499932,0.499944,0.499955,0.499965,0.499974,0.499981,0.499986,0.49999,0.499994,0.499996,0.499997,0.499998,0.499999,0.499999,0.5,0.5,0.5,0.5,0.5,0.5,0.5,0.5,0.5,0.5,0.5,0.5
0.5,0.5,0.5,0.5,0.5,0.5,0.5,0.5,0.5,0.5,0.5,0.5,0.5,0.5,0.499999,0.499999,0.499998,0.499997,0.499995,0.499993,0.499991,0.499987,0.499983,0.499978,0.499973,0.499967,0.499961,0.499955,0.49995,0.499946,0.499943,0.499941,0.499941,0.499943,0.499946,0.49995,0.499955,0.499961,0.499967,0.499973,0.499978,0.499983,0.499987,0.499991,0.499993,0.499995,0.499997,0.499998,0.499999,0.499999,0.5,0.5,0.5,0.5,0.5,0.5,0.5,0.5,0.5,0.5,0.5,0.5,0.5,0.5
0.5,0.5,0.5,0.5,0.5,0.5,0.5,0.5,0.5,0.5,0.5,0.5,0.5,0.5,0.5,0.499999,0.499999,0.499998,0.499997,0.499996,0.499995,0.499993,0.49999,0.499987,0.499984,0.499981,0.499977,0.499974,0.499971,0.499968,0.499966,0.499965,0.499965,0.499966,0.499968,0.499971,0.499974,0.499977,0.499981,0.499984,0.499987,0.49999,0.499993,0.499995,0.499996,0.499997,0.499998,0.499999,0.499999,0.5,0.5,0.5,0.5,0.5,0.5,0.5,0.5,0.5,0.5,0.5,0.5,0.5,0.5,0.5
0.5,0.5,0.5,0.5,0.5,0.5,0.5,0.5,0.5,0.5,0.5,0.5,0.5,0.5,0.5,0.499999,0.499999,0.499998,0.499997,0.499996,0.499995,0.499993,0.49999,0.499987,0.499984,0.499981,0.499977,0.499974,0.499971,0.499968,0.499966,0.499965,0.499965,0.499966,0.499968,0.499971,0.499974,0.499977,0.499981,0.499984,0.499987,0.49999,0.499993,0.499995,0.499996,0.499997,0.499998,0.499999,0.499999,0.5,0.5,0.5,0.5,0.5,0.5,0.5,0.5,0.5,0.5,0.5,0.5,0.5,0.5,0.5
