0.5,0.5,0.5,0.5,0.499999,0.499999,0.499997,0.499995,0.499991,0.499985,0.499976,0.499961,0.499939,0.499906,0.49986,0.499797,0.499713,0.499603,0.499463,0.499293,0.499089,0.498853,0.498588,0.4983,0.497997,0.49769,0.497391,0.497114,0.496873,0.496679,0.496543,0.496473,0.496473,0.496543,0.496679,0.496873,0.497114,0.497391,0.49769,0.497997,0.4983,0.498588,0.498853,0.499089,0.499293,0.499463,0.499603,0.499713,0.499797,0.49986,0.499906,0.499939,0.499961,0.499976,0.499985,0.499991,0.499995,0.499997,0.499999,0.499999,0.5,0.5,0.5,0.5
0.5,0.5,0.5,0.5,0.499999,0.499999,0.499997,0.499995,0.499991,0.499985,0.499976,0.499961,0.499939,0.499906,0.49986,0.499797,0.499713,0.499603,0.499463,0.499293,0.499089,0.498853,0.498588,0.4983,0.497997,0.49769,0.497391,0.497114,0.496873,0.496679,0.496543,0.496473,0.496473,0.496543,0.496679,0.496873,0.497114,0.497391,0.49769,0.497997,0.4983,0.498588,0.498853,0.499089,0.499293,0.499463,0.499603,0.499713,0.499797,0.49986,0.499906,0.499939,0.499961,0.499976,0.499985,0.499991,0.499995,0.499997,0.499999,0.499999,0.5,0.5,0.5,0.5
0.5,0.5,0.5,0.499999,0.499999,0.499998,0.499996,0.499993,0.499987,0.499979,0.499965,0.499943,0.499912,0.499866,0.499802,0.499713,0.499596,0.499445,0.499255,0.499024,0.49875,0.498434,0.498081,0.4977,0.497301,0.496898,0.496507,0.496147,0.495833,0.495581,0.495406,0.495316,0.495316,0.495406,0.495581,0.495833,0.496147,0.496507,0.496898,0.497301,0.4977,0.498081,0.498434,0.49875,0.499024,0.499255,0.499445,0.499596,0.499713,0.499802,0.499866,0.499912,0.499943,0.499965,0.499979,0.499987,0.499993,0.499996,0.499998,0.499999,0.499999,0.5,0.5,0.5
0.5,0.5,0.499999,0.499999,0.499998,0.499996,0.499993,0.499987,0.499978,0.499962,0.499939,0.499903,0.49985,0.499773,0.499667,0.499523,0.499333,0.49909,0.498788,0.498423,0.497993,0.497503,0.49696,0.496376,0.495768,0.495159,0.494572,0.494031,0.493563,0.493189,0.492929,0.492795,0.492795,0.492929,0.493189,0.493563,0.494031,0.494572,0.495159,0.495768,0.496376,0.49696,0.497503,0.497993,0.498423,0.498788,0.49909,0.499333,0.499523,0.499667,0.499773,0.49985,0.499903,0.499939,0.499962,0.499978,0.499987,0.499993,0.499996,0.499998,0.499999,0.499999,0.5,0.5
0.499999,0.499999,0.499999,0.499998,0.499996,0.499992,0.499986,0.499976,0.499959,0.499932,0.49989,0.499827,0.499734,0.499603,0.499421,0.499177,0.498858,0.498454,0.497956,0.497358,0.496661,0.495872,0.495004,0.494077,0.49312,0.492166,0.491251,0.490413,0.489689,0.489113,0.488713,0.488508,0.488508,0.488713,0.489113,0.489689,0.490413,0.491251,0.492166,0.49312,0.494077,0.495004,0.495872,0.496661,0.497358,0.497956,0.498454,0.498858,0.499177,0.499421,0.499603,0.499734,0.499827,0.49989,0.499932,0.499959,0.499976,0.499986,0.499992,0.499996,0.499998,0.499999,0.499999,0.499999
0.499999,0.499999,0.499998,0.499996,0.499992,0.499986,0.499975,0.499957,0.499927,0.499879,0.499805,0.499696,0.499536,0.499312,0.499005,0.498597,0.498068,0.497404,0.496591,0.495624,0.494507,0.493251,0.49188,0.490428,0.488938,0.48746,0.486051,0.484767,0.483663,0.482787,0.48218,0.481869,0.481869,0.48218,0.482787,0.483663,0.484767,0.486051,0.48746,0.488938,0.490428,0.49188,0.493251,0.494507,0.495624,0.496591,0.497404,0.498068,0.498597,0.499005,0.499312,0.499536,0.499696,0.499805,0.499879,0.499927,0.499957,0.499975,0.499986,0.499992,0.499996,0.499998,0.499999,0.499999
0.499997,0.499997,0.499996,0.499993,0.499986,0.499975,0.499956,0.499924,0.499871,0.499789,0.499664,0.499478,0.499211,0.498839,0.498334,0.497667,0.496813,0.495749,0.494458,0.492937,0.491193,0.489249,0.487144,0.48493,0.482675,0.480452,0.478345,0.476434,0.474798,0.473505,0.47261,0.472152,0.472152,0.47261,0.473505,0.474798,0.476434,0.478345,0.480452,0.482675,0.48493,0.487144,0.489249,0.491193,0.492937,0.494458,0.495749,0.496813,0.497667,0.498334,0.498839,0.499211,0.499478,0.499664,0.499789,0.499871,0.499924,0.499956,0.499975,0.499986,0.499993,0.499996,0.499997,0.499997
0.499995,0.499995,0.499993,0.499987,0.499976,0.499957,0.499924,0.499869,0.49978,0.499643,0.499435,0.49913,0.498696,0.498095,0.497287,0.496233,0.494893,0.493239,0.491253,0.488932,0.486296,0.483383,0.480254,0.47699,0.473688,0.470458,0.467414,0.464668,0.462327,0.460483,0.45921,0.458561,0.458561,0.45921,0.460483,0.462327,0.464668,0.467414,0.470458,0.473688,0.47699,0.480254,0.483383,0.486296,0.488932,0.491253,0.493239,0.494893,0.496233,0.497287,0.498095,0.498696,0.49913,0.499435,0.499643,0.49978,0.499869,0.499924,0.499957,0.499976,0.499987,0.499993,0.499995,0.499995
0.499991,0.499991,0.499987,0.499978,0.499959,0.499927,0.499871,0.49978,0.499635,0.499412,0.499077,0.498591,0.497905,0.496964,0.495712,0.494092,0.492055,0.489565,0.486603,0.483177,0.479321,0.4751,0.470607,0.465959,0.461296,0.456766,0.452525,0.448723,0.445497,0.442966,0.441224,0.440337,0.440337,0.441224,0.442966,0.445497,0.448723,0.452525,0.456766,0.461296,0.465959,0.470607,0.4751,0.479321,0.483177,0.486603,0.489565,0.492055,0.494092,0.495712,0.496964,0.497905,0.498591,0.499077,0.499412,0.499635,0.49978,0.499871,0.499927,0.499959,0.499978,0.499987,0.499991,0.499991
0.499985,0.499985,0.499979,0.499962,0.499932,0.499879,0.499789,0.499643,0.499412,0.499059,0.498535,0.497781,0.496728,0.495298,0.493414,0.491002,0.488,0.484367,0.480091,0.475195,0.469741,0.463829,0.457597,0.45121,0.444856,0.438735,0.433045,0.427976,0.423699,0.420358,0.418066,0.4169,0.4169,0.418066,0.420358,0.423699,0.427976,0.433045,0.438735,0.444856,0.45121,0.457597,0.463829,0.469741,0.475195,0.480091,0.484367,0.488,0.491002,0.493414,0.495298,0.496728,0.497781,0.498535,0.499059,0.499412,0.499643,0.499789,0.499879,0.499932,0.499962,0.499979,0.499985,0.499985
0.499976,0.499976,0.499965,0.499939,0.49989,0.499805,0.499664,0.499435,0.499077,0.498535,0.497739,0.496603,0.495032,0.492922,0.490171,0.486685,0.482394,0.477257,0.471278,0.464507,0.457046,0.449044,0.440696,0.432227,0.423881,0.415912,0.408564,0.402064,0.396613,0.392375,0.389478,0.388008,0.388008,0.389478,0.392375,0.396613,0.402064,0.408564,0.415912,0.423881,0.432227,0.440696,0.449044,0.457046,0.464507,0.471278,0.477257,0.482394,0.486685,0.490171,0.492922,0.495032,0.496603,0.497739,0.498535,0.499077,0.499435,0.499664,0.499805,0.49989,0.499939,0.499965,0.499976,0.499976
0.499961,0.499961,0.499943,0.499903,0.499827,0.499696,0.499478,0.49913,0.498591,0.497781,0.496603,0.49494,0.492664,0.489638,0.485736,0.480847,0.474896,0.467856,0.459755,0.450689,0.440815,0.430348,0.419551,0.408717,0.398153,0.388164,0.379036,0.371026,0.364354,0.359195,0.355683,0.353905,0.353905,0.355683,0.359195,0.364354,0.371026,0.379036,0.388164,0.398153,0.408717,0.419551,0.430348,0.440815,0.450689,0.459755,0.467856,0.474896,0.480847,0.485736,0.489638,0.492664,0.49494,0.496603,0.497781,0.498591,0.49913,0.499478,0.499696,0.499827,0.499903,0.499943,0.499961,0.499961
0.499939,0.499939,0.499912,0.49985,0.499734,0.499536,0.499211,0.498696,0.497905,0.496728,0.495032,0.492664,0.489455,0.485238,0.47986,0.473201,0.465192,0.455831,0.445195,0.433438,0.420795,0.407562,0.394079,0.380713,0.367832,0.355785,0.344887,0.335409,0.327575,0.321557,0.317478,0.315419,0.315419,0.317478,0.321557,0.327575,0.335409,0.344887,0.355785,0.367832,0.380713,0.394079,0.407562,0.420795,0.433438,0.445195,0.455831,0.465192,0.473201,0.47986,0.485238,0.489455,0.492664,0.495032,0.496728,0.497905,0.498696,0.499211,0.499536,0.499734,0.49985,0.499912,0.499939,0.499939
0.499906,0.499906,0.499866,0.499773,0.499603,0.499312,0.498839,0.498095,0.496964,0.495298,0.492922,0.489638,0.485238,0.479521,0.472315,0.463501,0.453032,0.440955,0.427411,0.412643,0.396976,0.380802,0.364547,0.348649,0.333526,0.319556,0.307064,0.296313,0.287506,0.280789,0.276262,0.273984,0.273984,0.276262,0.280789,0.287506,0.296313,0.307064,0.319556,0.333526,0.348649,0.364547,0.380802,0.396976,0.412643,0.427411,0.440955,0.453032,0.463501,0.472315,0.479521,0.485238,0.489638,0.492922,0.495298,0.496964,0.498095,0.498839,0.499312,0.499603,0.499773,0.499866,0.499906,0.499906
0.49986,0.49986,0.499802,0.499667,0.499421,0.499005,0.498334,0.497287,0.495712,0.493414,0.490171,0.485736,0.47986,0.472315,0.462921,0.451576,0.438279,0.423146,0.406415,0.388434,0.36964,0.350528,0.33161,0.313383,0.2963,0.280743,0.267016,0.255346,0.245886,0.238735,0.233946,0.231546,0.231546,0.233946,0.238735,0.245886,0.255346,0.267016,0.280743,0.2963,0.313383,0.33161,0.350528,0.36964,0.388434,0.406415,0.423146,0.438279,0.451576,0.462921,0.472315,0.47986,0.485736,0.490171,0.493414,0.495712,0.497287,0.498334,0.499005,0.499421,0.499667,0.499802,0.49986,0.49986
0.499797,0.499797,0.499713,0.499523,0.499177,0.498597,0.497667,0.496233,0.494092,0.491002,0.486685,0.480847,0.473201,0.463501,0.451576,0.437364,0.420936,0.40251,0.382444,0.361214,0.339381,0.317544,0.296292,0.276164,0.257615,0.241002,0.226573,0.214483,0.20481,0.197574,0.192768,0.190372,0.190372,0.192768,0.197574,0.20481,0.214483,0.226573,0.241002,0.257615,0.276164,0.296292,0.317544,0.339381,0.361214,0.382444,0.40251,0.420936,0.437364,0.451576,0.463501,0.473201,0.480847,0.486685,0.491002,0.494092,0.496233,0.497667,0.498597,0.499177,0.499523,0.499713,0.499797,0.499797
0.499713,0.499713,0.499596,0.499333,0.498858,0.498068,0.496813,0.494893,0.492055,0.488,0.482394,0.474896,0.465192,0.453032,0.438279,0.420936,0.401181,0.379359,0.355976,0.331652,0.307078,0.28295,0.259912,0.238516,0.219187,0.202212,0.187749,0.175848,0.166479,0.159566,0.155023,0.152772,0.152772,0.155023,0.159566,0.166479,0.175848,0.187749,0.202212,0.219187,0.238516,0.259912,0.28295,0.307078,0.331652,0.355976,0.379359,0.401181,0.420936,0.438279,0.453032,0.465192,0.474896,0.482394,0.488,0.492055,0.494893,0.496813,0.498068,0.498858,0.499333,0.499596,0.499713,0.499713
0.499603,0.499603,0.499445,0.49909,0.498454,0.497404,0.495749,0.493239,0.489565,0.484367,0.477257,0.467856,0.455831,0.440955,0.423146,0.40251,0.379359,0.354199,0.3277,0.300639,0.273828,0.248042,0.223953,0.202086,0.182793,0.166254,0.152499,0.141441,0.132922,0.126753,0.122756,0.120795,0.120795,0.122756,0.126753,0.132922,0.141441,0.152499,0.166254,0.182793,0.202086,0.223953,0.248042,0.273828,0.300639,0.3277,0.354199,0.379359,0.40251,0.423146,0.440955,0.455831,0.467856,0.477257,0.484367,0.489565,0.493239,0.495749,0.497404,0.498454,0.49909,0.499445,0.499603,0.499603
0.499463,0.499463,0.499255,0.498788,0.497956,0.496591,0.494458,0.491253,0.486603,0.480091,0.471278,0.459755,0.445195,0.427411,0.406415,0.382444,0.355976,0.3277,0.298467,0.269204,0.240833,0.214176,0.189896,0.168447,0.150064,0.134783,0.122472,0.112888,0.105729,0.100688,0.0974938,0.0959492,0.0959492,0.0974938,0.100688,0.105729,0.112888,0.122472,0.134783,0.150064,0.168447,0.189896,0.214176,0.240833,0.269204,0.298467,0.3277,0.355976,0.382444,0.406415,0.427411,0.445195,0.459755,0.471278,0.480091,0.486603,0.491253,0.494458,0.496591,0.497956,0.498788,0.499255,0.499463,0.499463
0.499293,0.499293,0.499024,0.498423,0.497358,0.495624,0.492937,0.488932,0.483177,0.475195,0.464507,0.450689,0.433438,0.412643,0.388434,0.361214,0.331652,0.300639,0.269204,0.238417,0.209278,0.182623,0.159056,0.138917,0.122286,0.109019,0.0988053,0.0912319,0.0858526,0.0822438,0.0800507,0.07902,0.07902,0.0800507,0.0822438,0.0858526,0.0912319,0.0988053,0.109019,0.122286,0.138917,0.159056,0.182623,0.209278,0.238417,0.269204,0.300639,0.331652,0.361214,0.388434,0.412643,0.433438,0.450689,0.464507,0.475195,0.483177,0.488932,0.492937,0.495624,0.497358,0.498423,0.499024,0.499293,0.499293
0.499089,0.499089,0.49875,0.497993,0.496661,0.494507,0.491193,0.486296,0.479321,0.469741,0.457046,0.440815,0.420795,0.396976,0.36964,0.339381,0.307078,0.273828,0.240833,0.209278,0.180209,0.154428,0.132437,0.114419,0.100265,0.0896301,0.0820137,0.0768375,0.0735203,0.0715371,0.0704633,0.0700022,0.0700022,0.0704633,0.0715371,0.0735203,0.0768375,0.0820137,0.0896301,0.100265,0.114419,0.132437,0.154428,0.180209,0.209278,0.240833,0.273828,0.307078,0.339381,0.36964,0.396976,0.420795,0.440815,0.457046,0.469741,0.479321,0.486296,0.491193,0.494507,0.496661,0.497993,0.49875,0.499089,0.499089
0.498853,0.498853,0.498434,0.497503,0.495872,0.493251,0.489249,0.483383,0.4751,0.463829,0.449044,0.430348,0.407562,0.380802,0.350528,0.317544,0.28295,0.248042,0.214176,0.182623,0.154428,0.130316,0.110643,0.0953989,0.0842628,0.0766821,0.0719695,0.0693952,0.0682643,0.0679738,0.0680503,0.0681702,0.0681702,0.0680503,0.0679738,0.0682643,0.0693952,0.0719695,0.0766821,0.0842628,0.0953989,0.110643,0.130316,0.154428,0.182623,0.214176,0.248042,0.28295,0.317544,0.350528,0.380802,0.407562,0.430348,0.449044,0.463829,0.4751,0.483383,0.489249,0.493251,0.495872,0.497503,0.498434,0.498853,0.498853
0.498588,0.498588,0.498081,0.49696,0.495004,0.49188,0.487144,0.480254,0.470607,0.457597,0.440696,0.419551,0.394079,0.364547,0.33161,0.296292,0.259912,0.223953,0.189896,0.159056,0.132437,0.110643,0.0938459,0.0818215,0.0740249,0.0696992,0.0679875,0.0680331,0.0690562,0.0704045,0.0715802,0.0722509,0.0722509,0.0715802,0.0704045,0.0690562,0.0680331,0.0679875,0.0696992,0.0740249,0.0818215,0.0938459,0.110643,0.132437,0.159056,0.189896,0.223953,0.259912,0.296292,0.33161,0.364547,0.394079,0.419551,0.440696,0.457597,0.470607,0.480254,0.487144,0.49188,0.495004,0.49696,0.498081,0.498588,0.498588
0.4983,0.4983,0.4977,0.496376,0.494077,0.490428,0.48493,0.47699,0.465959,0.45121,0.432227,0.408717,0.380713,0.348649,0.313383,0.276164,0.238516,0.202086,0.168447,0.138917,0.114419,0.0953989,0.0818215,0.0732333,0.0688695,0.0677845,0.0689775,0.0714959,0.0745077,0.0773411,0.0794992,0.0806578,0.0806578,0.0794992,0.0773411,0.0745077,0.0714959,0.0689775,0.0677845,0.0688695,0.0732333,0.0818215,0.0953989,0.114419,0.138917,0.168447,0.202086,0.238516,0.276164,0.313383,0.348649,0.380713,0.408717,0.432227,0.45121,0.465959,0.47699,0.48493,0.490428,0.494077,0.496376,0.4977,0.4983,0.4983
0.497997,0.497997,0.497301,0.495768,0.49312,0.488938,0.482675,0.473688,0.461296,0.444856,0.423881,0.398153,0.367832,0.333526,0.2963,0.257615,0.219187,0.182793,0.150064,0.122286,0.100265,0.0842628,0.0740249,0.0688695,0.0678259,0.0697841,0.0736301,0.0783493,0.0830894,0.0871872,0.0901681,0.091731,0.091731,0.0901681,0.0871872,0.0830894,0.0783493,0.0736301,0.0697841,0.0678259,0.0688695,0.0740249,0.0842628,0.100265,0.122286,0.150064,0.182793,0.219187,0.257615,0.2963,0.333526,0.367832,0.398153,0.423881,0.444856,0.461296,0.473688,0.482675,0.488938,0.49312,0.495768,0.497301,0.497997,0.497997
0.49769,0.49769,0.496898,0.495159,0.492166,0.48746,0.480452,0.470458,0.456766,0.438735,0.415912,0.388164,0.355785,0.319556,0.280743,0.241002,0.202212,0.166254,0.134783,0.109019,0.0896301,0.0766821,0.0696992,0.0677845,0.0697841,0.0744529,0.0805964,0.0871691,0.0933263,0.098436,0.102062,0.103938,0.103938,0.102062,0.098436,0.0933263,0.0871691,0.0805964,0.0744529,0.0697841,0.0677845,0.0696992,0.0766821,0.0896301,0.109019,0.134783,0.166254,0.202212,0.241002,0.280743,0.319556,0.355785,0.388164,0.415912,0.438735,0.456766,0.470458,0.480452,0.48746,0.492166,0.495159,0.496898,0.49769,0.49769
0.497391,0.497391,0.496507,0.494572,0.491251,0.486051,0.478345,0.467414,0.452525,0.433045,0.408564,0.379036,0.344887,0.307064,0.267016,0.226573,0.187749,0.152499,0.122472,0.0988053,0.0820137,0.0719695,0.0679875,0.0689775,0.0736301,0.0805964,0.0886308,0.0966832,0.103938,0.109808,0.113908,0.116009,0.116009,0.113908,0.109808,0.103938,0.0966832,0.0886308,0.0805964,0.0736301,0.0689775,0.0679875,0.0719695,0.0820137,0.0988053,0.122472,0.152499,0.187749,0.226573,0.267016,0.307064,0.344887,0.379036,0.408564,0.433045,0.452525,0.467414,0.478345,0.486051,0.491251,0.494572,0.496507,0.497391,0.497391
0.497114,0.497114,0.496147,0.494031,0.490413,0.484767,0.476434,0.464668,0.448723,0.427976,0.402064,0.371026,0.335409,0.296313,0.255346,0.214483,0.175848,0.141441,0.112888,0.0912319,0.0768375,0.0693952,0.0680331,0.0714959,0.0783493,0.0871691,0.0966832,0.105855,0.113911,0.120317,0.124739,0.12699,0.12699,0.124739,0.120317,0.113911,0.105855,0.0966832,0.0871691,0.0783493,0.0714959,0.0680331,0.0693952,0.0768375,0.0912319,0.112888,0.141441,0.175848,0.214483,0.255346,0.296313,0.335409,0.371026,0.402064,0.427976,0.448723,0.464668,0.476434,0.484767,0.490413,0.494031,0.496147,0.497114,0.497114
0.496873,0.496873,0.495833,0.493563,0.489689,0.483663,0.474798,0.462327,0.445497,0.423699,0.396613,0.364354,0.327575,0.287506,0.245886,0.20481,0.166479,0.132922,0.105729,0.0858526,0.0735203,0.0682643,0.0690562,0.0745077,0.0830894,0.0933263,0.103938,0.113911,0.122516,0.129273,0.133897,0.13624,0.13624,0.133897,0.129273,0.122516,0.113911,0.103938,0.0933263,0.0830894,0.0745077,0.0690562,0.0682643,0.0735203,0.0858526,0.105729,0.132922,0.166479,0.20481,0.245886,0.287506,0.327575,0.364354,0.396613,0.423699,0.445497,0.462327,0.474798,0.483663,0.489689,0.493563,0.495833,0.496873,0.496873
0.496679,0.496679,0.495581,0.493189,0.489113,0.482787,0.473505,0.460483,0.442966,0.420358,0.392375,0.359195,0.321557,0.280789,0.238735,0.197574,0.159566,0.126753,0.100688,0.0822438,0.0715371,0.0679738,0.0704045,0.0773411,0.0871872,0.098436,0.109808,0.120317,0.129273,0.136243,0.140983,0.143375,0.143375,0.140983,0.136243,0.129273,0.120317,0.109808,0.098436,0.0871872,0.0773411,0.0704045,0.0679738,0.0715371,0.0822438,0.100688,0.126753,0.159566,0.197574,0.238735,0.280789,0.321557,0.359195,0.392375,0.420358,0.442966,0.460483,0.473505,0.482787,0.489113,0.493189,0.495581,0.496679,0.496679
0.496543,0.496543,0.495406,0.492929,0.488713,0.48218,0.47261,0.45921,0.441224,0.418066,0.389478,0.355683,0.317478,0.276262,0.233946,0.192768,0.155023,0.122756,0.0974938,0.0800507,0.0704633,0.0680503,0.0715802,0.0794992,0.0901681,0.102062,0.113908,0.124739,0.133897,0.140983,0.145782,0.148198,0.148198,0.145782,0.140983,0.133897,0.124739,0.113908,0.102062,0.0901681,0.0794992,0.0715802,0.0680503,0.0704633,0.0800507,0.0974938,0.122756,0.155023,0.192768,0.233946,0.276262,0.317478,0.355683,0.389478,0.418066,0.441224,0.45921,0.47261,0.48218,0.488713,0.492929,0.495406,0.496543,0.496543
0.496473,0.496473,0.495316,0.492795,0.488508,0.481869,0.472152,0.458561,0.440337,0.4169,0.388008,0.353905,0.315419,0.273984,0.231546,0.190372,0.152772,0.120795,0.0959492,0.07902,0.0700022,0.0681702,0.0722509,0.0806578,0.091731,0.103938,0.116009,0.12699,0.13624,0.143375,0.148198,0.150622,0.150622,0.148198,0.143375,0.13624,0.12699,0.116009,0.103938,0.091731,0.0806578,0.0722509,0.0681702,0.0700022,0.07902,0.0959492,0.120795,0.152772,0.190372,0.231546,0.273984,0.315419,0.353905,0.388008,0.4169,0.440337,0.458561,0.472152,0.481869,0.488508,0.492795,0.495316,0.496473,0.496473
0.496473,0.496473,0.495316,0.492795,0.488508,0.481869,0.472152,0.458561,0.440337,0.4169,0.388008,0.353905,0.315419,0.273984,0.231546,0.190372,0.152772,0.120795,0.0959492,0.07902,0.0700022,0.0681702,0.0722509,0.0806578,0.091731,0.103938,0.116009,0.12699,0.13624,0.143375,0.148198,0.150622,0.150622,0.148198,0.143375,0.13624,0.12699,0.116009,0.103938,0.091731,0.0806578,0.0722509,0.0681702,0.0700022,0.07902,0.0959492,0.120795,0.152772,0.190372,0.231546,0.273984,0.315419,0.353905,0.388008,0.4169,0.440337,0.458561,0.472152,0.481869,0.488508,0.492795,0.495316,0.496473,0.496473
0.496543,0.496543,0.495406,0.492929,0.488713,0.48218,0.47261,0.45921,0.441224,0.418066,0.389478,0.355683,0.317478,0.276262,0.233946,0.192768,0.155023,0.122756,0.0974938,0.0800507,0.0704633,0.0680503,0.0715802,0.0794992,0.0901681,0.102062,0.113908,0.124739,0.133897,0.140983,0.145782,0.148198,0.148198,0.145782,0.140983,0.133897,0.124739,0.113908,0.102062,0.0901681,0.0794992,0.0715802,0.0680503,0.0704633,0.0800507,0.0974938,0.122756,0.155023,0.192768,0.233946,0.276262,0.317478,0.355683,0.389478,0.418066,0.441224,0.45921,0.47261,0.48218,0.488713,0.492929,0.495406,0.496543,0.496543
0.496679,0.496679,0.495581,0.493189,0.489113,0.482787,0.473505,0.460483,0.442966,0.420358,0.392375,0.359195,0.321557,0.280789,0.238735,0.197574,0.159566,0.126753,0.100688,0.0822438,0.0715371,0.0679738,0.0704045,0.0773411,0.0871872,0.098436,0.109808,0.120317,0.129273,0.136243,0.140983,0.143375,0.143375,0.140983,0.136243,0.129273,0.120317,0.109808,0.098436,0.0871872,0.0773411,0.0704045,0.0679738,0.0715371,0.0822438,0.100688,0.126753,0.159566,0.197574,0.238735,0.280789,0.321557,0.359195,0.392375,0.420358,0.442966,0.460483,0.473505,0.482787,0.489113,0.493189,0.495581,0.496679,0.496679
0.496873,0.496873,0.495833,0.493563,0.489689,0.483663,0.474798,0.462327,0.445497,0.423699,0.396613,0.364354,0.327575,0.287506,0.245886,0.20481,0.166479,0.132922,0.105729,0.0858526,0.0735203,0.0682643,0.0690562,0.0745077,0.0830894,0.0933263,0.103938,0.113911,0.122516,0.129273,0.133897,0.13624,0.13624,0.133897,0.129273,0.122516,0.113911,0.103938,0.0933263,0.0830894,0.0745077,0.0690562,0.0682643,0.0735203,0.0858526,0.105729,0.132922,0.166479,0.20481,0.245886,0.287506,0.327575,0.364354,0.396613,0.423699,0.445497,0.462327,0.474798,0.483663,0.489689,0.493563,0.495833,0.496873,0.496873
0.497114,0.497114,0.496147,0.494031,0.490413,0.484767,0.476434,0.464668,0.448723,0.427976,0.402064,0.371026,0.335409,0.296313,0.255346,0.214483,0.175848,0.141441,0.112888,0.0912319,0.0768375,0.0693952,0.0680331,0.0714959,0.0783493,0.0871691,0.0966832,0.105855,0.113911,0.120317,0.124739,0.12699,0.12699,0.124739,0.120317,0.113911,0.105855,0.0966832,0.0871691,0.0783493,0.0714959,0.0680331,0.0693952,0.0768375,0.0912319,0.112888,0.141441,0.175848,0.214483,0.255346,0.296313,0.335409,0.371026,0.402064,0.427976,0.448723,0.464668,0.476434,0.484767,0.490413,0.494031,0.496147,0.497114,0.497114
0.497391,0.497391,0.496507,0.494572,0.491251,0.486051,0.478345,0.467414,0.452525,0.433045,0.408564,0.379036,0.344887,0.307064,0.267016,0.226573,0.187749,0.152499,0.122472,0.0988053,0.0820137,0.0719695,0.0679875,0.0689775,0.0736301,0.0805964,0.0886308,0.0966832,0.103938,0.109808,0.113908,0.116009,0.116009,0.113908,0.109808,0.103938,0.0966832,0.0886308,0.0805964,0.0736301,0.0689775,0.0679875,0.0719695,0.0820137,0.0988053,0.122472,0.152499,0.187749,0.226573,0.267016,0.307064,0.344887,0.379036,0.408564,0.433045,0.452525,0.467414,0.478345,0.486051,0.491251,0.494572,0.496507,0.497391,0.497391
0.49769,0.49769,0.496898,0.495159,0.492166,0.48746,0.480452,0.470458,0.456766,0.438735,0.415912,0.388164,0.355785,0.319556,0.280743,0.241002,0.202212,0.166254,0.134783,0.109019,0.0896301,0.0766821,0.0696992,0.0677845,0.0697841,0.0744529,0.0805964,0.0871691,0.0933263,0.098436,0.102062,0.103938,0.103938,0.102062,0.098436,0.0933263,0.0871691,0.0805964,0.0744529,0.0697841,0.0677845,0.0696992,0.0766821,0.0896301,0.109019,0.134783,0.166254,0.202212,0.241002,0.280743,0.319556,0.355785,0.388164,0.415912,0.438735,0.456766,0.470458,0.480452,0.48746,0.492166,0.495159,0.496898,0.49769,0.49769
0.497997,0.497997,0.497301,0.495768,0.49312,0.488938,0.482675,0.473688,0.461296,0.444856,0.423881,0.398153,0.367832,0.333526,0.2963,0.257615,0.219187,0.182793,0.150064,0.122286,0.100265,0.0842628,0.0740249,0.0688695,0.0678259,0.0697841,0.0736301,0.0783493,0.0830894,0.0871872,0.0901681,0.091731,0.091731,0.0901681,0.0871872,0.0830894,0.0783493,0.0736301,0.0697841,0.0678259,0.0688695,0.0740249,0.0842628,0.100265,0.122286,0.150064,0.182793,0.219187,0.257615,0.2963,0.333526,0.367832,0.398153,0.423881,0.444856,0.461296,0.473688,0.482675,0.488938,0.49312,0.495768,0.497301,0.497997,0.497997
0.4983,0.4983,0.4977,0.496376,0.494077,0.490428,0.48493,0.47699,0.465959,0.45121,0.432227,0.408717,0.380713,0.348649,0.313383,0.276164,0.238516,0.202086,0.168447,0.138917,0.114419,0.0953989,0.0818215,0.0732333,0.0688695,0.0677845,0.0689775,0.0714959,0.0745077,0.0773411,0.0794992,0.0806578,0.0806578,0.0794992,0.0773411,0.0745077,0.0714959,0.0689775,0.0677845,0.0688695,0.0732333,0.0818215,0.0953989,0.114419,0.138917,0.168447,0.202086,0.238516,0.276164,0.313383,0.348649,0.380713,0.408717,0.432227,0.45121,0.465959,0.47699,0.48493,0.490428,0.494077,0.496376,0.4977,0.4983,0.4983
0.498588,0.498588,0.498081,0.49696,0.495004,0.49188,0.487144,0.480254,0.470607,0.457597,0.440696,0.419551,0.394079,0.364547,0.33161,0.296292,0.259912,0.223953,0.189896,0.159056,0.132437,0.110643,0.0938459,0.0818215,0.0740249,0.0696992,0.0679875,0.0680331,0.0690562,0.0704045,0.0715802,0.0722509,0.0722509,0.0715802,0.0704045,0.0690562,0.0680331,0.0679875,0.0696992,0.0740249,0.0818215,0.0938459,0.110643,0.132437,0.159056,0.189896,0.223953,0.259912,0.296292,0.33161,0.364547,0.394079,0.419551,0.440696,0.457597,0.470607,0.480254,0.487144,0.49188,0.495004,0.49696,0.498081,0.498588,0.498588
0.498853,0.498853,0.498434,0.497503,0.495872,0.493251,0.489249,0.483383,0.4751,0.463829,0.449044,0.430348,0.407562,0.380802,0.350528,0.317544,0.28295,0.248042,0.214176,0.182623,0.154428,0.130316,0.110643,0.0953989,0.0842628,0.0766821,0.0719695,0.0693952,0.0682643,0.0679738,0.0680503,0.0681702,0.0681702,0.0680503,0.0679738,0.0682643,0.0693952,0.0719695,0.0766821,0.0842628,0.0953989,0.110643,0.130316,0.154428,0.182623,0.214176,0.248042,0.28295,0.317544,0.350528,0.380802,0.407562,0.430348,0.449044,0.463829,0.4751,0.483383,0.489249,0.493251,0.495872,0.497503,0.498434,0.498853,0.498853
0.499089,0.499089,0.49875,0.497993,0.496661,0.494507,0.491193,0.486296,0.479321,0.469741,0.457046,0.440815,0.420795,0.396976,0.36964,0.339381,0.307078,0.273828,0.240833,0.209278,0.180209,0.154428,0.132437,0.114419,0.100265,0.0896301,0.0820137,0.0768375,0.0735203,0.0715371,0.0704633,0.0700022,0.0700022,0.0704633,0.0715371,0.0735203,0.0768375,0.0820137,0.0896301,0.100265,0.114419,0.132437,0.154428,0.180209,0.209278,0.240833,0.273828,0.307078,0.339381,0.36964,0.396976,0.420795,0.440815,0.457046,0.469741,0.479321,0.486296,0.491193,0.494507,0.496661,0.497993,0.49875,0.499089,0.499089
0.499293,0.499293,0.499024,0.498423,0.497358,0.495624,0.492937,0.488932,0.483177,0.475195,0.464507,0.450689,0.433438,0.412643,0.388434,0.361214,0.331652,0.300639,0.269204,0.238417,0.209278,0.182623,0.159056,0.138917,0.122286,0.109019,0.0988053,0.0912319,0.0858526,0.0822438,0.0800507,0.07902,0.07902,0.0800507,0.0822438,0.0858526,0.0912319,0.0988053,0.109019,0.122286,0.138917,0.159056,0.182623,0.209278,0.238417,0.269204,0.300639,0.331652,0.361214,0.388434,0.412643,0.433438,0.450689,0.464507,0.475195,0.483177,0.488932,0.492937,0.495624,0.497358,0.498423,0.499024,0.499293,0.499293
0.499463,0.499463,0.499255,0.498788,0.497956,0.496591,0.494458,0.491253,0.486603,0.480091,0.471278,0.459755,0.445195,0.427411,0.406415,0.382444,0.355976,0.3277,0.298467,0.269204,0.240833,0.214176,0.189896,0.168447,0.150064,0.134783,0.122472,0.112888,0.105729,0.100688,0.0974938,0.0959492,0.0959492,0.0974938,0.100688,0.105729,0.112888,0.122472,0.134783,0.150064,0.168447,0.189896,0.214176,0.240833,0.269204,0.298467,0.3277,0.355976,0.382444,0.406415,0.427411,0.445195,0.459755,0.471278,0.480091,0.486603,0.491253,0.494458,0.496591,0.497956,0.498788,0.499255,0.499463,0.499463
0.499603,0.499603,0.499445,0.49909,0.498454,0.497404,0.495749,0.493239,0.489565,0.484367,0.477257,0.467856,0.455831,0.440955,0.423146,0.40251,0.379359,0.354199,0.3277,0.300639,0.273828,0.248042,0.223953,0.202086,0.182793,0.166254,0.152499,0.141441,0.132922,0.126753,0.122756,0.120795,0.120795,0.122756,0.126753,0.132922,0.141441,0.152499,0.166254,0.182793,0.202086,0.223953,0.248042,0.273828,0.300639,0.3277,0.354199,0.379359,0.40251,0.423146,0.440955,0.455831,0.467856,0.477257,0.484367,0.489565,0.493239,0.495749,0.497404,0.498454,0.49909,0.499445,0.499603,0.499603
0.499713,0.499713,0.499596,0.499333,0.498858,0.498068,0.496813,0.494893,0.492055,0.488,0.482394,0.474896,0.465192,0.453032,0.438279,0.420936,0.401181,0.379359,0.355976,0.331652,0.307078,0.28295,0.259912,0.238516,0.219187,0.202212,0.187749,0.175848,0.166479,0.159566,0.155023,0.152772,0.152772,0.155023,0.159566,0.166479,0.175848,0.187749,0.202212,0.219187,0.238516,0.259912,0.28295,0.307078,0.331652,0.355976,0.379359,0.401181,0.420936,0.438279,0.453032,0.465192,0.474896,0.482394,0.488,0.492055,0.494893,0.496813,0.498068,0.498858,0.499333,0.499596,0.499713,0.499713
0.499797,0.499797,0.499713,0.499523,0.499177,0.498597,0.497667,0.496233,0.494092,0.491002,0.486685,0.480847,0.473201,0.463501,0.451576,0.437364,0.420936,0.40251,0.382444,0.361214,0.339381,0.317544,0.296292,0.276164,0.257615,0.241002,0.226573,0.214483,0.20481,0.197574,0.192768,0.190372,0.190372,0.192768,0.197574,0.20481,0.214483,0.226573,0.241002,0.257615,0.276164,0.296292,0.317544,0.339381,0.361214,0.382444,0.40251,0.420936,0.437364,0.451576,0.463501,0.473201,0.480847,0.486685,0.491002,0.494092,0.496233,0.497667,0.498597,0.499177,0.499523,0.499713,0.499797,0.499797
0.49986,0.49986,0.499802,0.499667,0.499421,0.499005,0.498334,0.497287,0.495712,0.493414,0.490171,0.485736,0.47986,0.472315,0.462921,0.451576,0.438279,0.423146,0.406415,0.388434,0.36964,0.350528,0.33161,0.313383,0.2963,0.280743,0.267016,0.255346,0.245886,0.238735,0.233946,0.231546,0.231546,0.233946,0.238735,0.245886,0.255346,0.267016,0.280743,0.2963,0.313383,0.33161,0.350528,0.36964,0.388434,0.406415,0.423146,0.438279,0.451576,0.462921,0.472315,0.47986,0.485736,0.490171,0.493414,0.495712,0.497287,0.498334,0.499005,0.499421,0.499667,0.499802,0.49986,0.49986
0.499906,0.499906,0.499866,0.499773,0.499603,0.499312,0.498839,0.498095,0.496964,0.495298,0.492922,0.489638,0.485238,0.479521,0.472315,0.463501,0.453032,0.440955,0.427411,0.412643,0.396976,0.380802,0.364547,0.348649,0.333526,0.319556,0.307064,0.296313,0.287506,0.280789,0.276262,0.273984,0.273984,0.276262,0.280789,0.287506,0.296313,0.307064,0.319556,0.333526,0.348649,0.364547,0.380802,0.396976,0.412643,0.427411,0.440955,0.453032,0.463501,0.472315,0.479521,0.485238,0.489638,0.492922,0.495298,0.496964,0.498095,0.498839,0.499312,0.499603,0.499773,0.499866,0.499906,0.499906
0.499939,0.499939,0.499912,0.49985,0.499734,0.499536,0.499211,0.498696,0.497905,0.496728,0.495032,0.492664,0.489455,0.485238,0.47986,0.473201,0.465192,0.455831,0.445195,0.433438,0.420795,0.407562,0.394079,0.380713,0.367832,0.355785,0.344887,0.335409,0.327575,0.321557,0.317478,0.315419,0.315419,0.317478,0.321557,0.327575,0.335409,0.344887,0.355785,0.367832,0.380713,0.394079,0.407562,0.420795,0.433438,0.445195,0.455831,0.465192,0.473201,0.47986,0.485238,0.489455,0.492664,0.495032,0.496728,0.497905,0.498696,0.499211,0.499536,0.499734,0.49985,0.499912,0.499939,0.499939
0.499961,0.499961,0.499943,0.499903,0.499827,0.499696,0.499478,0.49913,0.498591,0.497781,0.496603,0.49494,0.492664,0.489638,0.485736,0.480847,0.474896,0.467856,0.459755,0.450689,0.440815,0.430348,0.419551,0.408717,0.398153,0.388164,0.379036,0.371026,0.364354,0.359195,0.355683,0.353905,0.353905,0.355683,0.359195,0.364354,0.371026,0.379036,0.388164,0.398153,0.408717,0.419551,0.430348,0.440815,0.450689,0.459755,0.467856,0.474896,0.480847,0.485736,0.489638,0.492664,0.49494,0.496603,0.497781,0.498591,0.49913,0.499478,0.499696,0.499827,0.499903,0.499943,0.499961,0.499961
0.499976,0.499976,0.499965,0.499939,0.49989,0.499805,0.499664,0.499435,0.499077,0.498535,0.497739,0.496603,0.495032,0.492922,0.490171,0.486685,0.482394,0.477257,0.471278,0.464507,0.457046,0.449044,0.440696,0.432227,0.423881,0.415912,0.408564,0.402064,0.396613,0.392375,0.389478,0.388008,0.388008,0.389478,0.392375,0.396613,0.402064,0.408564,0.415912,0.423881,0.432227,0.440696,0.449044,0.457046,0.464507,0.471278,0.477257,0.482394,0.486685,0.490171,0.492922,0.495032,0.496603,0.497739,0.498535,0.499077,0.499435,0.499664,0.499805,0.49989,0.499939,0.499965,0.499976,0.499976
0.499985,0.499985,0.499979,0.499962,0.499932,0.499879,0.499789,0.499643,0.499412,0.499059,0.498535,0.497781,0.496728,0.495298,0.493414,0.491002,0.488,0.484367,0.480091,0.475195,0.469741,0.463829,0.457597,0.45121,0.444856,0.438735,0.433045,0.427976,0.423699,0.420358,0.418066,0.4169,0.4169,0.418066,0.420358,0.423699,0.427976,0.433045,0.438735,0.444856,0.45121,0.457597,0.463829,0.469741,0.475195,0.480091,0.484367,0.488,0.491002,0.493414,0.495298,0.496728,0.497781,0.498535,0.499059,0.499412,0.499643,0.499789,0.499879,0.499932,0.499962,0.499979,0.499985,0.499985
0.499991,0.499991,0.499987,0.499978,0.499959,0.499927,0.499871,0.49978,0.499635,0.499412,0.499077,0.498591,0.497905,0.496964,0.495712,0.494092,0.492055,0.489565,0.486603,0.483177,0.479321,0.4751,0.470607,0.465959,0.461296,0.456766,0.452525,0.448723,0.445497,0.442966,0.441224,0.440337,0.440337,0.441224,0.442966,0.445497,0.448723,0.452525,0.456766,0.461296,0.465959,0.470607,0.4751,0.479321,0.483177,0.486603,0.489565,0.492055,0.494092,0.495712,0.496964,0.497905,0.498591,0.499077,0.499412,0.499635,0.49978,0.499871,0.499927,0.499959,0.499978,0.499987,0.499991,0.499991
0.499995,0.499995,0.499993,0.499987,0.499976,0.499957,0.499924,0.499869,0.49978,0.499643,0.499435,0.49913,0.498696,0.498095,0.497287,0.496233,0.494893,0.493239,0.491253,0.488932,0.486296,0.483383,0.480254,0.47699,0.473688,0.470458,0.467414,0.464668,0.462327,0.460483,0.45921,0.458561,0.458561,0.45921,0.460483,0.462327,0.464668,0.467414,0.470458,0.473688,0.47699,0.480254,0.483383,0.486296,0.488932,0.491253,0.493239,0.494893,0.496233,0.497287,0.498095,0.498696,0.49913,0.499435,0.499643,0.49978,0.499869,0.499924,0.499957,0.499976,0.499987,0.499993,0.499995,0.499995
0.499997,0.499997,0.499996,0.499993,0.499986,0.499975,0.499956,0.499924,0.499871,0.499789,0.499664,0.499478,0.499211,0.498839,0.498334,0.497667,0.496813,0.495749,0.494458,0.492937,0.491193,0.489249,0.487144,0.48493,0.482675,0.480452,0.478345,0.476434,0.474798,0.473505,0.47261,0.472152,0.472152,0.47261,0.473505,0.474798,0.476434,0.478345,0.480452,0.482675,0.48493,0.487144,0.489249,0.491193,0.492937,0.494458,0.495749,0.496813,0.497667,0.498334,0.498839,0.499211,0.499478,0.499664,0.499789,0.499871,0.499924,0.499956,0.499975,0.499986,0.499993,0.499996,0.499997,0.499997
0.499999,0.499999,0.499998,0.499996,0.499992,0.499986,0.499975,0.499957,0.499927,0.499879,0.499805,0.499696,0.499536,0.499312,0.499005,0.498597,0.498068,0.497404,0.496591,0.495624,0.494507,0.493251,0.49188,0.490428,0.488938,0.48746,0.486051,0.484767,0.483663,0.482787,0.48218,0.481869,0.481869,0.48218,0.482787,0.483663,0.484767,0.486051,0.48746,0.488938,0.490428,0.49188,0.493251,0.494507,0.495624,0.496591,0.497404,0.498068,0.498597,0.499005,0.499312,0.499536,0.499696,0.499805,0.499879,0.499927,0.499957,0.499975,0.499986,0.499992,0.499996,0.499998,0.499999,0.499999
0.499999,0.499999,0.499999,0.499998,0.499996,0.499992,0.499986,0.499976,0.499959,0.499932,0.49989,0.499827,0.499734,0.499603,0.499421,0.499177,0.498858,0.498454,0.497956,0.497358,0.496661,0.495872,0.495004,0.494077,0.49312,0.492166,0.491251,0.490413,0.489689,0.489113,0.488713,0.488508,0.488508,0.488713,0.489113,0.489689,0.490413,0.491251,0.492166,0.49312,0.494077,0.495004,0.495872,0.496661,0.497358,0.497956,0.498454,0.498858,0.499177,0.499421,0.499603,0.499734,0.499827,0.49989,0.499932,0.499959,0.499976,0.499986,0.499992,0.499996,0.499998,0.499999,0.499999,0.499999
0.5,0.5,0.499999,0.499999,0.499998,0.499996,0.499993,0.499987,0.499978,0.499962,0.499939,0.499903,0.49985,0.499773,0.499667,0.499523,0.499333,0.49909,0.498788,0.498423,0.497993,0.497503,0.49696,0.496376,0.495768,0.495159,0.494572,0.494031,0.493563,0.493189,0.492929,0.492795,0.492795,0.492929,0.493189,0.493563,0.494031,0.494572,0.495159,0.495768,0.496376,0.49696,0.497503,0.497993,0.498423,0.498788,0.49909,0.499333,0.499523,0.499667,0.499773,0.49985,0.499903,0.499939,0.499962,0.499978,0.499987,0.499993,0.499996,0.499998,0.499999,0.499999,0.5,0.5
0.5,0.5,0.5,0.499999,0.499999,0.499998,0.499996,0.499993,0.499987,0.499979,0.499965,0.499943,0.499912,0.499866,0.499802,0.499713,0.499596,0.499445,0.499255,0.499024,0.49875,0.498434,0.498081,0.4977,0.497301,0.496898,0.496507,0.496147,0.495833,0.495581,0.495406,0.495316,0.495316,0.495406,0.495581,0.495833,0.496147,0.496507,0.496898,0.497301,0.4977,0.498081,0.498434,0.49875,0.499024,0.499255,0.499445,0.499596,0.499713,0.499802,0.499866,0.499912,0.499943,0.499965,0.499979,0.499987,0.499993,0.499996,0.499998,0.499999,0.499999,0.5,0.5,0.5
0.5,0.5,0.5,0.5,0.499999,0.499999,0.499997,0.499995,0.499991,0.499985,0.499976,0.499961,0.499939,0.499906,0.49986,0.499797,0.499713,0.499603,0.499463,0.499293,0.499089,0.498853,0.498588,0.4983,0.497997,0.49769,0.497391,0.497114,0.496873,0.496679,0.496543,0.496473,0.496473,0.496543,0.496679,0.496873,0.497114,0.497391,0.49769,0.497997,0.4983,0.498588,0.498853,0.499089,0.499293,0.499463,0.499603,0.499713,0.499797,0.49986,0.499906,0.499939,0.499961,0.499976,0.499985,0.499991,0.499995,0.499997,0.499999,0.499999,0.5,0.5,0.5,0.5
0.5,0.5,0.5,0.5,0.499999,0.499999,0.499997,0.499995,0.499991,0.499985,0.499976,0.499961,0.499939,0.499906,0.49986,0.499797,0.499713,0.499603,0.499463,0.499293,0.499089,0.498853,0.498588,0.4983,0.497997,0.49769,0.497391,0.497114,0.496873,0.496679,0.496543,0.496473,0.496473,0.496543,0.496679,0.496873,0.497114,0.497391,0.49769,0.497997,0.4983,0.498588,0.498853,0.499089,0.499293,0.499463,0.499603,0.499713,0.499797,0.49986,0.499906,0.499939,0.499961,0.499976,0.499985,0.499991,0.499995,0.499997,0.499999,0.499999,0.5,0.5,0.5,0.5
