0.5,0.5,0.5,0.5,0.5,0.5,0.499999,0.499999,0.499998,0.499996,0.499993,0.499988,0.499981,0.49997,0.499954,0.499932,0.499901,0.49986,0.499806,0.499739,0.499657,0.49956,0.499449,0.499327,0.499196,0.499061,0.498929,0.498805,0.498695,0.498607,0.498545,0.498513,0.498513,0.498545,0.498607,0.498695,0.498805,0.498929,0.499061,0.499196,0.499327,0.499449,0.49956,0.499657,0.499739,0.499806,0.49986,0.499901,0.499932,0.499954,0.49997,0.499981,0.499988,0.499993,0.499996,0.499998,0.499999,0.499999,0.5,0.5,0.5,0.5,0.5,0.5
0.5,0.5,0.5,0.5,0.5,0.5,0.499999,0.499999,0.499998,0.499996,0.499993,0.499988,0.499981,0.49997,0.499954,0.499932,0.499901,0.49986,0.499806,0.499739,0.499657,0.49956,0.499449,0.499327,0.499196,0.499061,0.498929,0.498805,0.498695,0.498607,0.498545,0.498513,0.498513,0.498545,0.498607,0.498695,0.498805,0.498929,0.499061,0.499196,0.499327,0.499449,0.49956,0.499657,0.499739,0.499806,0.49986,0.499901,0.499932,0.499954,0.49997,0.499981,0.499988,0.499993,0.499996,0.499998,0.499999,0.499999,0.5,0.5,0.5,0.5,0.5,0.5
0.5,0.5,0.5,0.5,0.5,0.499999,0.499999,0.499998,0.499996,0.499994,0.499989,0.499982,0.499971,0.499955,0.499932,0.499899,0.499854,0.499795,0.499718,0.499622,0.499507,0.49937,0.499215,0.499045,0.498863,0.498677,0.498495,0.498324,0.498175,0.498054,0.49797,0.497926,0.497926,0.49797,0.498054,0.498175,0.498324,0.498495,0.498677,0.498863,0.499045,0.499215,0.49937,0.499507,0.499622,0.499718,0.499795,0.499854,0.499899,0.499932,0.499955,0.499971,0.499982,0.499989,0.499994,0.499996,0.499998,0.499999,0.499999,0.5,0.5,0.5,0.5,0.5
0.5,0.5,0.5,0.5,0.499999,0.499999,0.499998,0.499996,0.499993,0.499988,0.49998,0.499968,0.499949,0.49992,0.49988,0.499823,0.499746,0.499644,0.499515,0.499355,0.499162,0.498936,0.498682,0.498403,0.498109,0.497809,0.497516,0.497244,0.497006,0.496814,0.49668,0.496611,0.496611,0.49668,0.496814,0.497006,0.497244,0.497516,0.497809,0.498109,0.498403,0.498682,0.498936,0.499162,0.499355,0.499515,0.499644,0.499746,0.499823,0.49988,0.49992,0.499949,0.499968,0.49998,0.499988,0.499993,0.499996,0.499998,0.499999,0.499999,0.5,0.5,0.5,0.5
0.5,0.5,0.5,0.499999,0.499999,0.499998,0.499996,0.499993,0.499987,0.499978,0.499963,0.49994,0.499905,0.499854,0.49978,0.499679,0.499542,0.499364,0.499138,0.498861,0.498529,0.498145,0.497713,0.497244,0.496751,0.496251,0.495766,0.495316,0.494923,0.494609,0.494389,0.494276,0.494276,0.494389,0.494609,0.494923,0.495316,0.495766,0.496251,0.496751,0.497244,0.497713,0.498145,0.498529,0.498861,0.499138,0.499364,0.499542,0.499679,0.49978,0.499854,0.499905,0.49994,0.499963,0.499978,0.499987,0.499993,0.499996,0.499998,0.499999,0.499999,0.5,0.5,0.5
0.5,0.5,0.499999,0.499999,0.499998,0.499996,0.499992,0.499986,0.499976,0.499959,0.499932,0.49989,0.499827,0.499735,0.499605,0.499426,0.499188,0.49888,0.498492,0.498019,0.497457,0.496812,0.496091,0.495313,0.494499,0.493679,0.492886,0.492155,0.491519,0.491011,0.490657,0.490475,0.490475,0.490657,0.491011,0.491519,0.492155,0.492886,0.493679,0.494499,0.495313,0.496091,0.496812,0.497457,0.498019,0.498492,0.49888,0.499188,0.499426,0.499605,0.499735,0.499827,0.49989,0.499932,0.499959,0.499976,0.499986,0.499992,0.499996,0.499998,0.499999,0.499999,0.5,0.5
0.499999,0.499999,0.499999,0.499998,0.499996,0.499992,0.499986,0.499975,0.499956,0.499926,0.499877,0.499803,0.499693,0.499533,0.499308,0.499003,0.498599,0.49808,0.497432,0.496648,0.495725,0.49467,0.493502,0.492248,0.490946,0.489641,0.488385,0.487231,0.486233,0.485437,0.484883,0.484599,0.484599,0.484883,0.485437,0.486233,0.487231,0.488385,0.489641,0.490946,0.492248,0.493502,0.49467,0.495725,0.496648,0.497432,0.49808,0.498599,0.499003,0.499308,0.499533,0.499693,0.499803,0.499877,0.499926,0.499956,0.499975,0.499986,0.499992,0.499996,0.499998,0.499999,0.499999,0.499999
0.499999,0.499999,0.499998,0.499996,0.499993,0.499986,0.499975,0.499955,0.499922,0.499869,0.499786,0.499658,0.49947,0.4992,0.498825,0.498318,0.497654,0.496807,0.495759,0.4945,0.49303,0.491364,0.489532,0.487579,0.485564,0.483558,0.481636,0.47988,0.478366,0.477163,0.476327,0.475899,0.475899,0.476327,0.477163,0.478366,0.47988,0.481636,0.483558,0.485564,0.487579,0.489532,0.491364,0.49303,0.4945,0.495759,0.496807,0.497654,0.498318,0.498825,0.4992,0.49947,0.499658,0.499786,0.499869,0.499922,0.499955,0.499975,0.499986,0.499993,0.499996,0.499998,0.499999,0.499999
0.499998,0.499998,0.499996,0.499993,0.499987,0.499976,0.499956,0.499922,0.499866,0.499776,0.499636,0.499424,0.499113,0.498672,0.498063,0.497248,0.496188,0.49485,0.493208,0.491253,0.488989,0.486444,0.483668,0.480731,0.477721,0.474743,0.471908,0.469331,0.467118,0.465366,0.464152,0.463531,0.463531,0.464152,0.465366,0.467118,0.469331,0.471908,0.474743,0.477721,0.480731,0.483668,0.486444,0.488989,0.491253,0.493208,0.49485,0.496188,0.497248,0.498063,0.498672,0.499113,0.499424,0.499636,0.499776,0.499866,0.499922,0.499956,0.499976,0.499987,0.499993,0.499996,0.499998,0.499998
0.499996,0.499996,0.499994,0.499988,0.499978,0.499959,0.499926,0.499869,0.499776,0.499628,0.499399,0.499057,0.498559,0.497859,0.496901,0.49563,0.493992,0.491943,0.489454,0.486514,0.483142,0.479385,0.47532,0.471054,0.466717,0.462455,0.458424,0.454779,0.451665,0.449208,0.447511,0.446644,0.446644,0.447511,0.449208,0.451665,0.454779,0.458424,0.462455,0.466717,0.471054,0.47532,0.479385,0.483142,0.486514,0.489454,0.491943,0.493992,0.49563,0.496901,0.497859,0.498559,0.499057,0.499399,0.499628,0.499776,0.499869,0.499926,0.499959,0.499978,0.499988,0.499994,0.499996,0.499996
0.499993,0.499993,0.499989,0.49998,0.499963,0.499932,0.499877,0.499786,0.499636,0.499399,0.499037,0.4985,0.497726,0.496646,0.495184,0.493262,0.490809,0.48777,0.484113,0.479837,0.474978,0.469616,0.463867,0.457886,0.451855,0.445975,0.440452,0.435488,0.43127,0.427956,0.425673,0.42451,0.42451,0.425673,0.427956,0.43127,0.435488,0.440452,0.445975,0.451855,0.457886,0.463867,0.469616,0.474978,0.479837,0.484113,0.48777,0.490809,0.493262,0.495184,0.496646,0.497726,0.4985,0.499037,0.499399,0.499636,0.499786,0.499877,0.499932,0.499963,0.49998,0.499989,0.499993,0.499993
0.499988,0.499988,0.499982,0.499968,0.49994,0.49989,0.499803,0.499658,0.499424,0.499057,0.4985,0.49768,0.496512,0.494896,0.492729,0.489909,0.486347,0.481978,0.476774,0.470751,0.463978,0.456578,0.448724,0.440629,0.432541,0.424721,0.417432,0.410926,0.405429,0.401131,0.398181,0.39668,0.39668,0.398181,0.401131,0.405429,0.410926,0.417432,0.424721,0.432541,0.440629,0.448724,0.456578,0.463978,0.470751,0.476774,0.481978,0.486347,0.489909,0.492729,0.494896,0.496512,0.49768,0.4985,0.499057,0.499424,0.499658,0.499803,0.49989,0.49994,0.499968,0.499982,0.499988,0.499988
0.499981,0.499981,0.499971,0.499949,0.499905,0.499827,0.499693,0.49947,0.499113,0.498559,0.497726,0.496512,0.494796,0.492448,0.48933,0.485313,0.480294,0.474203,0.467026,0.458812,0.449675,0.439801,0.429432,0.418857,0.408395,0.398374,0.389114,0.380911,0.374025,0.368669,0.365007,0.363149,0.363149,0.365007,0.368669,0.374025,0.380911,0.389114,0.398374,0.408395,0.418857,0.429432,0.439801,0.449675,0.458812,0.467026,0.474203,0.480294,0.485313,0.48933,0.492448,0.494796,0.496512,0.497726,0.498559,0.499113,0.49947,0.499693,0.499827,0.499905,0.499949,0.499971,0.499981,0.499981
0.49997,0.49997,0.499955,0.49992,0.499854,0.499735,0.499533,0.4992,0.498672,0.497859,0.496646,0.494896,0.492448,0.48913,0.48477,0.479215,0.472348,0.46411,0.454514,0.443659,0.431727,0.418983,0.405756,0.39242,0.379371,0.367001,0.355681,0.345739,0.337455,0.33105,0.326691,0.324484,0.324484,0.326691,0.33105,0.337455,0.345739,0.355681,0.367001,0.379371,0.39242,0.405756,0.418983,0.431727,0.443659,0.454514,0.46411,0.472348,0.479215,0.48477,0.48913,0.492448,0.494896,0.496646,0.497859,0.498672,0.4992,0.499533,0.499735,0.499854,0.49992,0.499955,0.49997,0.49997
0.499954,0.499954,0.499932,0.49988,0.49978,0.499605,0.499308,0.498825,0.498063,0.496901,0.495184,0.492729,0.48933,0.48477,0.478843,0.471375,0.462251,0.451434,0.438987,0.425082,0.409992,0.394079,0.377773,0.361539,0.345848,0.331148,0.317841,0.306269,0.296708,0.289369,0.284398,0.281891,0.281891,0.284398,0.289369,0.296708,0.306269,0.317841,0.331148,0.345848,0.361539,0.377773,0.394079,0.409992,0.425082,0.438987,0.451434,0.462251,0.471375,0.478843,0.48477,0.48933,0.492729,0.495184,0.496901,0.498063,0.498825,0.499308,0.499605,0.49978,0.49988,0.499932,0.499954,0.499954
0.499932,0.499932,0.499899,0.499823,0.499679,0.499426,0.499003,0.498318,0.497248,0.49563,0.493262,0.489909,0.485313,0.479215,0.471375,0.461612,0.449825,0.436027,0.420356,0.40308,0.384587,0.365357,0.345927,0.326852,0.308669,0.291859,0.276832,0.263914,0.253347,0.245302,0.239887,0.237166,0.237166,0.239887,0.245302,0.253347,0.263914,0.276832,0.291859,0.308669,0.326852,0.345927,0.365357,0.384587,0.40308,0.420356,0.436027,0.449825,0.461612,0.471375,0.479215,0.485313,0.489909,0.493262,0.49563,0.497248,0.498318,0.499003,0.499426,0.499679,0.499823,0.499899,0.499932,0.499932
0.499901,0.499901,0.499854,0.499746,0.499542,0.499188,0.498599,0.497654,0.496188,0.493992,0.490809,0.486347,0.480294,0.472348,0.462251,0.449825,0.435013,0.417901,0.39873,0.377898,0.355927,0.333425,0.311041,0.289411,0.269112,0.250632,0.234352,0.220546,0.209388,0.200977,0.195358,0.192547,0.192547,0.195358,0.200977,0.209388,0.220546,0.234352,0.250632,0.269112,0.289411,0.311041,0.333425,0.355927,0.377898,0.39873,0.417901,0.435013,0.449825,0.462251,0.472348,0.480294,0.486347,0.490809,0.493992,0.496188,0.497654,0.498599,0.499188,0.499542,0.499746,0.499854,0.499901,0.499901
0.49986,0.49986,0.499795,0.499644,0.499364,0.49888,0.49808,0.496807,0.49485,0.491943,0.48777,0.481978,0.474203,0.46411,0.451434,0.436027,0.417901,0.397246,0.374444,0.350042,0.324715,0.299209,0.274273,0.250602,0.228785,0.209277,0.192389,0.178301,0.167083,0.158731,0.153205,0.150457,0.150457,0.153205,0.158731,0.167083,0.178301,0.192389,0.209277,0.228785,0.250602,0.274273,0.299209,0.324715,0.350042,0.374444,0.397246,0.417901,0.436027,0.451434,0.46411,0.474203,0.481978,0.48777,0.491943,0.49485,0.496807,0.49808,0.49888,0.499364,0.499644,0.499795,0.49986,0.49986
0.499806,0.499806,0.499718,0.499515,0.499138,0.498492,0.497432,0.495759,0.493208,0.489454,0.484113,0.476774,0.467026,0.454514,0.438987,0.420356,0.39873,0.374444,0.348042,0.320249,0.291901,0.263876,0.237006,0.212013,0.189458,0.169719,0.152993,0.139324,0.128645,0.120824,0.115715,0.113195,0.113195,0.115715,0.120824,0.128645,0.139324,0.152993,0.169719,0.189458,0.212013,0.237006,0.263876,0.291901,0.320249,0.348042,0.374444,0.39873,0.420356,0.438987,0.454514,0.467026,0.476774,0.484113,0.489454,0.493208,0.495759,0.497432,0.498492,0.499138,0.499515,0.499718,0.499806,0.499806
0.499739,0.499739,0.499622,0.499355,0.498861,0.498019,0.496648,0.4945,0.491253,0.486514,0.479837,0.470751,0.458812,0.443659,0.425082,0.40308,0.377898,0.350042,0.320249,0.289432,0.258592,0.22872,0.200704,0.175253,0.152855,0.133763,0.118017,0.105493,0.0959571,0.0891325,0.084755,0.0826213,0.0826213,0.084755,0.0891325,0.0959571,0.105493,0.118017,0.133763,0.152855,0.175253,0.200704,0.22872,0.258592,0.289432,0.320249,0.350042,0.377898,0.40308,0.425082,0.443659,0.458812,0.470751,0.479837,0.486514,0.491253,0.4945,0.496648,0.498019,0.498861,0.499355,0.499622,0.499739,0.499739
0.499657,0.499657,0.499507,0.499162,0.498529,0.497457,0.495725,0.49303,0.488989,0.483142,0.474978,0.463978,0.449675,0.431727,0.409992,0.384587,0.355927,0.324715,0.291901,0.258592,0.225939,0.195024,0.166751,0.141771,0.120449,0.102872,0.088889,0.0781797,0.07033,0.064909,0.0615339,0.0599214,0.0599214,0.0615339,0.064909,0.07033,0.0781797,0.088889,0.102872,0.120449,0.141771,0.166751,0.195024,0.225939,0.258592,0.291901,0.324715,0.355927,0.384587,0.409992,0.431727,0.449675,0.463978,0.474978,0.483142,0.488989,0.49303,0.495725,0.497457,0.498529,0.499162,0.499507,0.499657,0.499657
0.49956,0.49956,0.49937,0.498936,0.498145,0.496812,0.49467,0.491364,0.486444,0.479385,0.469616,0.456578,0.439801,0.418983,0.394079,0.365357,0.333425,0.299209,0.263876,0.22872,0.195024,0.163924,0.136296,0.112686,0.093294,0.0780039,0.0664483,0.0580985,0.0523575,0.0486455,0.0464693,0.0454739,0.0454739,0.0464693,0.0486455,0.0523575,0.0580985,0.0664483,0.0780039,0.093294,0.112686,0.136296,0.163924,0.195024,0.22872,0.263876,0.299209,0.333425,0.365357,0.394079,0.418983,0.439801,0.456578,0.469616,0.479385,0.486444,0.491364,0.49467,0.496812,0.498145,0.498936,0.49937,0.49956,0.49956
0.499449,0.499449,0.499215,0.498682,0.497713,0.496091,0.493502,0.489532,0.483668,0.47532,0.463867,0.448724,0.429432,0.405756,0.377773,0.345927,0.311041,0.274273,0.237006,0.200704,0.166751,0.136296,0.110141,0.0886861,0.071929,0.0595253,0.0508801,0.0452579,0.0418892,0.0400617,0.0391894,0.0388596,0.0388596,0.0391894,0.0400617,0.0418892,0.0452579,0.0508801,0.0595253,0.071929,0.0886861,0.110141,0.136296,0.166751,0.200704,0.237006,0.274273,0.311041,0.345927,0.377773,0.405756,0.429432,0.448724,0.463867,0.47532,0.483668,0.489532,0.493502,0.496091,0.497713,0.498682,0.499215,0.499449,0.499449
0.499327,0.499327,0.499045,0.498403,0.497244,0.495313,0.492248,0.487579,0.480731,0.471054,0.457886,0.440629,0.418857,0.39242,0.361539,0.326852,0.289411,0.250602,0.212013,0.175253,0.141771,0.112686,0.0886861,0.0699869,0.0563604,0.047223,0.0417548,0.0390274,0.0381209,0.038216,0.0386577,0.0389936,0.0389936,0.0386577,0.038216,0.0381209,0.0390274,0.0417548,0.047223,0.0563604,0.0699869,0.0886861,0.112686,0.141771,0.175253,0.212013,0.250602,0.289411,0.326852,0.361539,0.39242,0.418857,0.440629,0.457886,0.471054,0.480731,0.487579,0.492248,0.495313,0.497244,0.498403,0.499045,0.499327,0.499327
0.499196,0.499196,0.498863,0.498109,0.496751,0.494499,0.490946,0.485564,0.477721,0.466717,0.451855,0.432541,0.408395,0.379371,0.345848,0.308669,0.269112,0.228785,0.189458,0.152855,0.120449,0.093294,0.071929,0.0563604,0.0461228,0.0403963,0.0381505,0.0382892,0.0397718,0.0417023,0.043383,0.0443419,0.0443419,0.043383,0.0417023,0.0397718,0.0382892,0.0381505,0.0403963,0.0461228,0.0563604,0.071929,0.093294,0.120449,0.152855,0.189458,0.228785,0.269112,0.308669,0.345848,0.379371,0.408395,0.432541,0.451855,0.466717,0.477721,0.485564,0.490946,0.494499,0.496751,0.498109,0.498863,0.499196,0.499196
0.499061,0.499061,0.498677,0.497809,0.496251,0.493679,0.489641,0.483558,0.474743,0.462455,0.445975,0.424721,0.398374,0.367001,0.331148,0.291859,0.250632,0.209277,0.169719,0.133763,0.102872,0.0780039,0.0595253,0.047223,0.0403963,0.0380031,0.0388279,0.0416372,0.0453029,0.0488831,0.0516638,0.0531714,0.0531714,0.0516638,0.0488831,0.0453029,0.0416372,0.0388279,0.0380031,0.0403963,0.047223,0.0595253,0.0780039,0.102872,0.133763,0.169719,0.209277,0.250632,0.291859,0.331148,0.367001,0.398374,0.424721,0.445975,0.462455,0.474743,0.483558,0.489641,0.493679,0.496251,0.497809,0.498677,0.499061,0.499061
0.498929,0.498929,0.498495,0.497516,0.495766,0.492886,0.488385,0.481636,0.471908,0.458424,0.440452,0.417432,0.389114,0.355681,0.317841,0.276832,0.234352,0.192389,0.152993,0.118017,0.088889,0.0664483,0.0508801,0.0417548,0.0381505,0.0388279,0.0424164,0.0475784,0.0531301,0.0581117,0.0618142,0.0637777,0.0637777,0.0618142,0.0581117,0.0531301,0.0475784,0.0424164,0.0388279,0.0381505,0.0417548,0.0508801,0.0664483,0.088889,0.118017,0.152993,0.192389,0.234352,0.276832,0.317841,0.355681,0.389114,0.417432,0.440452,0.458424,0.471908,0.481636,0.488385,0.492886,0.495766,0.497516,0.498495,0.498929,0.498929
0.498805,0.498805,0.498324,0.497244,0.495316,0.492155,0.487231,0.47988,0.469331,0.454779,0.435488,0.410926,0.380911,0.345739,0.306269,0.263914,0.220546,0.178301,0.139324,0.105493,0.0781797,0.0580985,0.0452579,0.0390274,0.0382892,0.0416372,0.0475784,0.0547023,0.0617959,0.0679029,0.0723352,0.0746562,0.0746562,0.0723352,0.0679029,0.0617959,0.0547023,0.0475784,0.0416372,0.0382892,0.0390274,0.0452579,0.0580985,0.0781797,0.105493,0.139324,0.178301,0.220546,0.263914,0.306269,0.345739,0.380911,0.410926,0.435488,0.454779,0.469331,0.47988,0.487231,0.492155,0.495316,0.497244,0.498324,0.498805,0.498805
0.498695,0.498695,0.498175,0.497006,0.494923,0.491519,0.486233,0.478366,0.467118,0.451665,0.43127,0.405429,0.374025,0.337455,0.296708,0.253347,0.209388,0.167083,0.128645,0.0959571,0.07033,0.0523575,0.0418892,0.0381209,0.0397718,0.0453029,0.0531301,0.0617959,0.0700781,0.0770371,0.0820134,0.0845982,0.0845982,0.0820134,0.0770371,0.0700781,0.0617959,0.0531301,0.0453029,0.0397718,0.0381209,0.0418892,0.0523575,0.07033,0.0959571,0.128645,0.167083,0.209388,0.253347,0.296708,0.337455,0.374025,0.405429,0.43127,0.451665,0.467118,0.478366,0.486233,0.491519,0.494923,0.497006,0.498175,0.498695,0.498695
0.498607,0.498607,0.498054,0.496814,0.494609,0.491011,0.485437,0.477163,0.465366,0.449208,0.427956,0.401131,0.368669,0.33105,0.289369,0.245302,0.200977,0.158731,0.120824,0.0891325,0.064909,0.0486455,0.0400617,0.038216,0.0417023,0.0488831,0.0581117,0.0679029,0.0770371,0.084596,0.0899497,0.0927156,0.0927156,0.0899497,0.084596,0.0770371,0.0679029,0.0581117,0.0488831,0.0417023,0.038216,0.0400617,0.0486455,0.064909,0.0891325,0.120824,0.158731,0.200977,0.245302,0.289369,0.33105,0.368669,0.401131,0.427956,0.449208,0.465366,0.477163,0.485437,0.491011,0.494609,0.496814,0.498054,0.498607,0.498607
0.498545,0.498545,0.49797,0.49668,0.494389,0.490657,0.484883,0.476327,0.464152,0.447511,0.425673,0.398181,0.365007,0.326691,0.284398,0.239887,0.195358,0.153205,0.115715,0.084755,0.0615339,0.0464693,0.0391894,0.0386577,0.043383,0.0516638,0.0618142,0.0723352,0.0820134,0.0899497,0.0955376,0.0984148,0.0984148,0.0955376,0.0899497,0.0820134,0.0723352,0.0618142,0.0516638,0.043383,0.0386577,0.0391894,0.0464693,0.0615339,0.084755,0.115715,0.153205,0.195358,0.239887,0.284398,0.326691,0.365007,0.398181,0.425673,0.447511,0.464152,0.476327,0.484883,0.490657,0.494389,0.49668,0.49797,0.498545,0.498545
0.498513,0.498513,0.497926,0.496611,0.494276,0.490475,0.484599,0.475899,0.463531,0.446644,0.42451,0.39668,0.363149,0.324484,0.281891,0.237166,0.192547,0.150457,0.113195,0.0826213,0.0599214,0.0454739,0.0388596,0.0389936,0.0443419,0.0531714,0.0637777,0.0746562,0.0845982,0.0927156,0.0984148,0.101344,0.101344,0.0984148,0.0927156,0.0845982,0.0746562,0.0637777,0.0531714,0.0443419,0.0389936,0.0388596,0.0454739,0.0599214,0.0826213,0.113195,0.150457,0.192547,0.237166,0.281891,0.324484,0.363149,0.39668,0.42451,0.446644,0.463531,0.475899,0.484599,0.490475,0.494276,0.496611,0.497926,0.498513,0.498513
0.498513,0.498513,0.497926,0.496611,0.494276,0.490475,0.484599,0.475899,0.463531,0.446644,0.42451,0.39668,0.363149,0.324484,0.281891,0.237166,0.192547,0.150457,0.113195,0.0826213,0.0599214,0.0454739,0.0388596,0.0389936,0.0443419,0.0531714,0.0637777,0.0746562,0.0845982,0.0927156,0.0984148,0.101344,0.101344,0.0984148,0.0927156,0.0845982,0.0746562,0.0637777,0.0531714,0.0443419,0.0389936,0.0388596,0.0454739,0.0599214,0.0826213,0.113195,0.150457,0.192547,0.237166,0.281891,0.324484,0.363149,0.39668,0.42451,0.446644,0.463531,0.475899,0.484599,0.490475,0.494276,0.496611,0.497926,0.498513,0.498513
0.498545,0.498545,0.49797,0.49668,0.494389,0.490657,0.484883,0.476327,0.464152,0.447511,0.425673,0.398181,0.365007,0.326691,0.284398,0.239887,0.195358,0.153205,0.115715,0.084755,0.0615339,0.0464693,0.0391894,0.0386577,0.043383,0.0516638,0.0618142,0.0723352,0.0820134,0.0899497,0.0955376,0.0984148,0.0984148,0.0955376,0.0899497,0.0820134,0.0723352,0.0618142,0.0516638,0.043383,0.0386577,0.0391894,0.0464693,0.0615339,0.084755,0.115715,0.153205,0.195358,0.239887,0.284398,0.326691,0.365007,0.398181,0.425673,0.447511,0.464152,0.476327,0.484883,0.490657,0.494389,0.49668,0.49797,0.498545,0.498545
0.498607,0.498607,0.498054,0.496814,0.494609,0.491011,0.485437,0.477163,0.465366,0.449208,0.427956,0.401131,0.368669,0.33105,0.289369,0.245302,0.200977,0.158731,0.120824,0.0891325,0.064909,0.0486455,0.0400617,0.038216,0.0417023,0.0488831,0.0581117,0.0679029,0.0770371,0.084596,0.0899497,0.0927156,0.0927156,0.0899497,0.084596,0.0770371,0.0679029,0.0581117,0.0488831,0.0417023,0.038216,0.0400617,0.0486455,0.064909,0.0891325,0.120824,0.158731,0.200977,0.245302,0.289369,0.33105,0.368669,0.401131,0.427956,0.449208,0.465366,0.477163,0.485437,0.491011,0.494609,0.496814,0.498054,0.498607,0.498607
0.498695,0.498695,0.498175,0.497006,0.494923,0.491519,0.486233,0.478366,0.467118,0.451665,0.43127,0.405429,0.374025,0.337455,0.296708,0.253347,0.209388,0.167083,0.128645,0.0959571,0.07033,0.0523575,0.0418892,0.0381209,0.0397718,0.0453029,0.0531301,0.0617959,0.0700781,0.0770371,0.0820134,0.0845982,0.0845982,0.0820134,0.0770371,0.0700781,0.0617959,0.0531301,0.0453029,0.0397718,0.0381209,0.0418892,0.0523575,0.07033,0.0959571,0.128645,0.167083,0.209388,0.253347,0.296708,0.337455,0.374025,0.405429,0.43127,0.451665,0.467118,0.478366,0.486233,0.491519,0.494923,0.497006,0.498175,0.498695,0.498695
0.498805,0.498805,0.498324,0.497244,0.495316,0.492155,0.487231,0.47988,0.469331,0.454779,0.435488,0.410926,0.380911,0.345739,0.306269,0.263914,0.220546,0.178301,0.139324,0.105493,0.0781797,0.0580985,0.0452579,0.0390274,0.0382892,0.0416372,0.0475784,0.0547023,0.0617959,0.0679029,0.0723352,0.0746562,0.0746562,0.0723352,0.0679029,0.0617959,0.0547023,0.0475784,0.0416372,0.0382892,0.0390274,0.0452579,0.0580985,0.0781797,0.105493,0.139324,0.178301,0.220546,0.263914,0.306269,0.345739,0.380911,0.410926,0.435488,0.454779,0.469331,0.47988,0.487231,0.492155,0.495316,0.497244,0.498324,0.498805,0.498805
0.498929,0.498929,0.498495,0.497516,0.495766,0.492886,0.488385,0.481636,0.471908,0.458424,0.440452,0.417432,0.389114,0.355681,0.317841,0.276832,0.234352,0.192389,0.152993,0.118017,0.088889,0.0664483,0.0508801,0.0417548,0.0381505,0.0388279,0.0424164,0.0475784,0.0531301,0.0581117,0.0618142,0.0637777,0.0637777,0.0618142,0.0581117,0.0531301,0.0475784,0.0424164,0.0388279,0.0381505,0.0417548,0.0508801,0.0664483,0.088889,0.118017,0.152993,0.192389,0.234352,0.276832,0.317841,0.355681,0.389114,0.417432,0.440452,0.458424,0.471908,0.481636,0.488385,0.492886,0.495766,0.497516,0.498495,0.498929,0.498929
0.499061,0.499061,0.498677,0.497809,0.496251,0.493679,0.489641,0.483558,0.474743,0.462455,0.445975,0.424721,0.398374,0.367001,0.331148,0.291859,0.250632,0.209277,0.169719,0.133763,0.102872,0.0780039,0.0595253,0.047223,0.0403963,0.0380031,0.0388279,0.0416372,0.0453029,0.0488831,0.0516638,0.0531714,0.0531714,0.0516638,0.0488831,0.0453029,0.0416372,0.0388279,0.0380031,0.0403963,0.047223,0.0595253,0.0780039,0.102872,0.133763,0.169719,0.209277,0.250632,0.291859,0.331148,0.367001,0.398374,0.424721,0.445975,0.462455,0.474743,0.483558,0.489641,0.493679,0.496251,0.497809,0.498677,0.499061,0.499061
0.499196,0.499196,0.498863,0.498109,0.496751,0.494499,0.490946,0.485564,0.477721,0.466717,0.451855,0.432541,0.408395,0.379371,0.345848,0.308669,0.269112,0.228785,0.189458,0.152855,0.120449,0.093294,0.071929,0.0563604,0.0461228,0.0403963,0.0381505,0.0382892,0.0397718,0.0417023,0.043383,0.0443419,0.0443419,0.043383,0.0417023,0.0397718,0.0382892,0.0381505,0.0403963,0.0461228,0.0563604,0.071929,0.093294,0.120449,0.152855,0.189458,0.228785,0.269112,0.308669,0.345848,0.379371,0.408395,0.432541,0.451855,0.466717,0.477721,0.485564,0.490946,0.494499,0.496751,0.498109,0.498863,0.499196,0.499196
0.499327,0.499327,0.499045,0.498403,0.497244,0.495313,0.492248,0.487579,0.480731,0.471054,0.457886,0.440629,0.418857,0.39242,0.361539,0.326852,0.289411,0.250602,0.212013,0.175253,0.141771,0.112686,0.0886861,0.0699869,0.0563604,0.047223,0.0417548,0.0390274,0.0381209,0.038216,0.0386577,0.0389936,0.0389936,0.0386577,0.038216,0.0381209,0.0390274,0.0417548,0.047223,0.0563604,0.0699869,0.0886861,0.112686,0.141771,0.175253,0.212013,0.250602,0.289411,0.326852,0.361539,0.39242,0.418857,0.440629,0.457886,0.471054,0.480731,0.487579,0.492248,0.495313,0.497244,0.498403,0.499045,0.499327,0.499327
0.499449,0.499449,0.499215,0.498682,0.497713,0.496091,0.493502,0.489532,0.483668,0.47532,0.463867,0.448724,0.429432,0.405756,0.377773,0.345927,0.311041,0.274273,0.237006,0.200704,0.166751,0.136296,0.110141,0.0886861,0.071929,0.0595253,0.0508801,0.0452579,0.0418892,0.0400617,0.0391894,0.0388596,0.0388596,0.0391894,0.0400617,0.0418892,0.0452579,0.0508801,0.0595253,0.071929,0.0886861,0.110141,0.136296,0.166751,0.200704,0.237006,0.274273,0.311041,0.345927,0.377773,0.405756,0.429432,0.448724,0.463867,0.47532,0.483668,0.489532,0.493502,0.496091,0.497713,0.498682,0.499215,0.499449,0.499449
0.49956,0.49956,0.49937,0.498936,0.498145,0.496812,0.49467,0.491364,0.486444,0.479385,0.469616,0.456578,0.439801,0.418983,0.394079,0.365357,0.333425,0.299209,0.263876,0.22872,0.195024,0.163924,0.136296,0.112686,0.093294,0.0780039,0.0664483,0.0580985,0.0523575,0.0486455,0.0464693,0.0454739,0.0454739,0.0464693,0.0486455,0.0523575,0.0580985,0.0664483,0.0780039,0.093294,0.112686,0.136296,0.163924,0.195024,0.22872,0.263876,0.299209,0.333425,0.365357,0.394079,0.418983,0.439801,0.456578,0.469616,0.479385,0.486444,0.491364,0.49467,0.496812,0.498145,0.498936,0.49937,0.49956,0.49956
0.499657,0.499657,0.499507,0.499162,0.498529,0.497457,0.495725,0.49303,0.488989,0.483142,0.474978,0.463978,0.449675,0.431727,0.409992,0.384587,0.355927,0.324715,0.291901,0.258592,0.225939,0.195024,0.166751,0.141771,0.120449,0.102872,0.088889,0.0781797,0.07033,0.064909,0.0615339,0.0599214,0.0599214,0.0615339,0.064909,0.07033,0.0781797,0.088889,0.102872,0.120449,0.141771,0.166751,0.195024,0.225939,0.258592,0.291901,0.324715,0.355927,0.384587,0.409992,0.431727,0.449675,0.463978,0.474978,0.483142,0.488989,0.49303,0.495725,0.497457,0.498529,0.499162,0.499507,0.499657,0.499657
0.499739,0.499739,0.499622,0.499355,0.498861,0.498019,0.496648,0.4945,0.491253,0.486514,0.479837,0.470751,0.458812,0.443659,0.425082,0.40308,0.377898,0.350042,0.320249,0.289432,0.258592,0.22872,0.200704,0.175253,0.152855,0.133763,0.118017,0.105493,0.0959571,0.0891325,0.084755,0.0826213,0.0826213,0.084755,0.0891325,0.0959571,0.105493,0.118017,0.133763,0.152855,0.175253,0.200704,0.22872,0.258592,0.289432,0.320249,0.350042,0.377898,0.40308,0.425082,0.443659,0.458812,0.470751,0.479837,0.486514,0.491253,0.4945,0.496648,0.498019,0.498861,0.499355,0.499622,0.499739,0.499739
0.499806,0.499806,0.499718,0.499515,0.499138,0.498492,0.497432,0.495759,0.493208,0.489454,0.484113,0.476774,0.467026,0.454514,0.438987,0.420356,0.39873,0.374444,0.348042,0.320249,0.291901,0.263876,0.237006,0.212013,0.189458,0.169719,0.152993,0.139324,0.128645,0.120824,0.115715,0.113195,0.113195,0.115715,0.120824,0.128645,0.139324,0.152993,0.169719,0.189458,0.212013,0.237006,0.263876,0.291901,0.320249,0.348042,0.374444,0.39873,0.420356,0.438987,0.454514,0.467026,0.476774,0.484113,0.489454,0.493208,0.495759,0.497432,0.498492,0.499138,0.499515,0.499718,0.499806,0.499806
0.49986,0.49986,0.499795,0.499644,0.499364,0.49888,0.49808,0.496807,0.49485,0.491943,0.48777,0.481978,0.474203,0.46411,0.451434,0.436027,0.417901,0.397246,0.374444,0.350042,0.324715,0.299209,0.274273,0.250602,0.228785,0.209277,0.192389,0.178301,0.167083,0.158731,0.153205,0.150457,0.150457,0.153205,0.158731,0.167083,0.178301,0.192389,0.209277,0.228785,0.250602,0.274273,0.299209,0.324715,0.350042,0.374444,0.397246,0.417901,0.436027,0.451434,0.46411,0.474203,0.481978,0.48777,0.491943,0.49485,0.496807,0.49808,0.49888,0.499364,0.499644,0.499795,0.49986,0.49986
0.499901,0.499901,0.499854,0.499746,0.499542,0.499188,0.498599,0.497654,0.496188,0.493992,0.490809,0.486347,0.480294,0.472348,0.462251,0.449825,0.435013,0.417901,0.39873,0.377898,0.355927,0.333425,0.311041,0.289411,0.269112,0.250632,0.234352,0.220546,0.209388,0.200977,0.195358,0.192547,0.192547,0.195358,0.200977,0.209388,0.220546,0.234352,0.250632,0.269112,0.289411,0.311041,0.333425,0.355927,0.377898,0.39873,0.417901,0.435013,0.449825,0.462251,0.472348,0.480294,0.486347,0.490809,0.493992,0.496188,0.497654,0.498599,0.499188,0.499542,0.499746,0.499854,0.499901,0.499901
0.499932,0.499932,0.499899,0.499823,0.499679,0.499426,0.499003,0.498318,0.497248,0.49563,0.493262,0.489909,0.485313,0.479215,0.471375,0.461612,0.449825,0.436027,0.420356,0.40308,0.384587,0.365357,0.345927,0.326852,0.308669,0.291859,0.276832,0.263914,0.253347,0.245302,0.239887,0.237166,0.237166,0.239887,0.245302,0.253347,0.263914,0.276832,0.291859,0.308669,0.326852,0.345927,0.365357,0.384587,0.40308,0.420356,0.436027,0.449825,0.461612,0.471375,0.479215,0.485313,0.489909,0.493262,0.49563,0.497248,0.498318,0.499003,0.499426,0.499679,0.499823,0.499899,0.499932,0.499932
0.499954,0.499954,0.499932,0.49988,0.49978,0.499605,0.499308,0.498825,0.498063,0.496901,0.495184,0.492729,0.48933,0.48477,0.478843,0.471375,0.462251,0.451434,0.438987,0.425082,0.409992,0.394079,0.377773,0.361539,0.345848,0.331148,0.317841,0.306269,0.296708,0.289369,0.284398,0.281891,0.281891,0.284398,0.289369,0.296708,0.306269,0.317841,0.331148,0.345848,0.361539,0.377773,0.394079,0.409992,0.425082,0.438987,0.451434,0.462251,0.471375,0.478843,0.48477,0.48933,0.492729,0.495184,0.496901,0.498063,0.498825,0.499308,0.499605,0.49978,0.49988,0.499932,0.499954,0.499954
0.49997,0.49997,0.499955,0.49992,0.499854,0.499735,0.499533,0.4992,0.498672,0.497859,0.496646,0.494896,0.492448,0.48913,0.48477,0.479215,0.472348,0.46411,0.454514,0.443659,0.431727,0.418983,0.405756,0.39242,0.379371,0.367001,0.355681,0.345739,0.337455,0.33105,0.326691,0.324484,0.324484,0.326691,0.33105,0.337455,0.345739,0.355681,0.367001,0.379371,0.39242,0.405756,0.418983,0.431727,0.443659,0.454514,0.46411,0.472348,0.479215,0.48477,0.48913,0.492448,0.494896,0.496646,0.497859,0.498672,0.4992,0.499533,0.499735,0.499854,0.49992,0.499955,0.49997,0.49997
0.499981,0.499981,0.499971,0.499949,0.499905,0.499827,0.499693,0.49947,0.499113,0.498559,0.497726,0.496512,0.494796,0.492448,0.48933,0.485313,0.480294,0.474203,0.467026,0.458812,0.449675,0.439801,0.429432,0.418857,0.408395,0.398374,0.389114,0.380911,0.374025,0.368669,0.365007,0.363149,0.363149,0.365007,0.368669,0.374025,0.380911,0.389114,0.398374,0.408395,0.418857,0.429432,0.439801,0.449675,0.458812,0.467026,0.474203,0.480294,0.485313,0.48933,0.492448,0.494796,0.496512,0.497726,0.498559,0.499113,0.49947,0.499693,0.499827,0.499905,0.499949,0.499971,0.499981,0.499981
0.499988,0.499988,0.499982,0.499968,0.49994,0.49989,0.499803,0.499658,0.499424,0.499057,0.4985,0.49768,0.496512,0.494896,0.492729,0.489909,0.486347,0.481978,0.476774,0.470751,0.463978,0.456578,0.448724,0.440629,0.432541,0.424721,0.417432,0.410926,0.405429,0.401131,0.398181,0.39668,0.39668,0.398181,0.401131,0.405429,0.410926,0.417432,0.424721,0.432541,0.440629,0.448724,0.456578,0.463978,0.470751,0.476774,0.481978,0.486347,0.489909,0.492729,0.494896,0.496512,0.49768,0.4985,0.499057,0.499424,0.499658,0.499803,0.49989,0.49994,0.499968,0.499982,0.499988,0.499988
0.499993,0.499993,0.499989,0.49998,0.499963,0.499932,0.499877,0.499786,0.499636,0.499399,0.499037,0.4985,0.497726,0.496646,0.495184,0.493262,0.490809,0.48777,0.484113,0.479837,0.474978,0.469616,0.463867,0.457886,0.451855,0.445975,0.440452,0.435488,0.43127,0.427956,0.425673,0.42451,0.42451,0.425673,0.427956,0.43127,0.435488,0.440452,0.445975,0.451855,0.457886,0.463867,0.469616,0.474978,0.479837,0.484113,0.48777,0.490809,0.493262,0.495184,0.496646,0.497726,0.4985,0.499037,0.499399,0.499636,0.499786,0.499877,0.499932,0.499963,0.49998,0.499989,0.499993,0.499993
0.499996,0.499996,0.499994,0.499988,0.499978,0.499959,0.499926,0.499869,0.499776,0.499628,0.499399,0.499057,0.498559,0.497859,0.496901,0.49563,0.493992,0.491943,0.489454,0.486514,0.483142,0.479385,0.47532,0.471054,0.466717,0.462455,0.458424,0.454779,0.451665,0.449208,0.447511,0.446644,0.446644,0.447511,0.449208,0.451665,0.454779,0.458424,0.462455,0.466717,0.471054,0.47532,0.479385,0.483142,0.486514,0.489454,0.491943,0.493992,0.49563,0.496901,0.497859,0.498559,0.499057,0.499399,0.499628,0.499776,0.499869,0.499926,0.499959,0.499978,0.499988,0.499994,0.499996,0.499996
0.499998,0.499998,0.499996,0.499993,0.499987,0.499976,0.499956,0.499922,0.499866,0.499776,0.499636,0.499424,0.499113,0.498672,0.498063,0.497248,0.496188,0.49485,0.493208,0.491253,0.488989,0.486444,0.483668,0.480731,0.477721,0.474743,0.471908,0.469331,0.467118,0.465366,0.464152,0.463531,0.463531,0.464152,0.465366,0.467118,0.469331,0.471908,0.474743,0.477721,0.480731,0.483668,0.486444,0.488989,0.491253,0.493208,0.49485,0.496188,0.497248,0.498063,0.498672,0.499113,0.499424,0.499636,0.499776,0.499866,0.499922,0.499956,0.499976,0.499987,0.499993,0.499996,0.499998,0.499998
0.499999,0.499999,0.499998,0.499996,0.499993,0.499986,0.499975,0.499955,0.499922,0.499869,0.499786,0.499658,0.49947,0.4992,0.498825,0.498318,0.497654,0.496807,0.495759,0.4945,0.49303,0.491364,0.489532,0.487579,0.485564,0.483558,0.481636,0.47988,0.478366,0.477163,0.476327,0.475899,0.475899,0.476327,0.477163,0.478366,0.47988,0.481636,0.483558,0.485564,0.487579,0.489532,0.491364,0.49303,0.4945,0.495759,0.496807,0.497654,0.498318,0.498825,0.4992,0.49947,0.499658,0.499786,0.499869,0.499922,0.499955,0.499975,0.499986,0.499993,0.499996,0.499998,0.499999,0.499999
0.499999,0.499999,0.499999,0.499998,0.499996,0.499992,0.499986,0.499975,0.499956,0.499926,0.499877,0.499803,0.499693,0.499533,0.499308,0.499003,0.498599,0.49808,0.497432,0.496648,0.495725,0.49467,0.493502,0.492248,0.490946,0.489641,0.488385,0.487231,0.486233,0.485437,0.484883,0.484599,0.484599,0.484883,0.485437,0.486233,0.487231,0.488385,0.489641,0.490946,0.492248,0.493502,0.49467,0.495725,0.496648,0.497432,0.49808,0.498599,0.499003,0.499308,0.499533,0.499693,0.499803,0.499877,0.499926,0.499956,0.499975,0.499986,0.499992,0.499996,0.499998,0.499999,0.499999,0.499999
0.5,0.5,0.499999,0.499999,0.499998,0.499996,0.499992,0.499986,0.499976,0.499959,0.499932,0.49989,0.499827,0.499735,0.499605,0.499426,0.499188,0.49888,0.498492,0.498019,0.497457,0.496812,0.496091,0.495313,0.494499,0.493679,0.492886,0.492155,0.491519,0.491011,0.490657,0.490475,0.490475,0.490657,0.491011,0.491519,0.492155,0.492886,0.493679,0.494499,0.495313,0.496091,0.496812,0.497457,0.498019,0.498492,0.49888,0.499188,0.499426,0.499605,0.499735,0.499827,0.49989,0.499932,0.499959,0.499976,0.499986,0.499992,0.499996,0.499998,0.499999,0.499999,0.5,0.5
0.5,0.5,0.5,0.499999,0.499999,0.499998,0.499996,0.499993,0.499987,0.499978,0.499963,0.49994,0.499905,0.499854,0.49978,0.499679,0.499542,0.499364,0.499138,0.498861,0.498529,0.498145,0.497713,0.497244,0.496751,0.496251,0.495766,0.495316,0.494923,0.494609,0.494389,0.494276,0.494276,0.494389,0.494609,0.494923,0.495316,0.495766,0.496251,0.496751,0.497244,0.497713,0.498145,0.498529,0.498861,0.499138,0.499364,0.499542,0.499679,0.49978,0.499854,0.499905,0.49994,0.499963,0.499978,0.499987,0.499993,0.499996,0.499998,0.499999,0.499999,0.5,0.5,0.5
0.5,0.5,0.5,0.5,0.499999,0.499999,0.499998,0.499996,0.499993,0.499988,0.49998,0.499968,0.499949,0.49992,0.49988,0.499823,0.499746,0.499644,0.499515,0.499355,0.499162,0.498936,0.498682,0.498403,0.498109,0.497809,0.497516,0.497244,0.497006,0.496814,0.49668,0.496611,0.496611,0.49668,0.496814,0.497006,0.497244,0.497516,0.497809,0.498109,0.498403,0.498682,0.498936,0.499162,0.499355,0.499515,0.499644,0.499746,0.499823,0.49988,0.49992,0.499949,0.499968,0.49998,0.499988,0.499993,0.499996,0.499998,0.499999,0.499999,0.5,0.5,0.5,0.5
0.5,0.5,0.5,0.5,0.5,0.499999,0.499999,0.499998,0.499996,0.499994,0.499989,0.499982,0.499971,0.499955,0.499932,0.499899,0.499854,0.499795,0.499718,0.499622,0.499507,0.49937,0.499215,0.499045,0.498863,0.498677,0.498495,0.498324,0.498175,0.498054,0.49797,0.497926,0.497926,0.49797,0.498054,0.498175,0.498324,0.498495,0.498677,0.498863,0.499045,0.499215,0.49937,0.499507,0.499622,0.499718,0.499795,0.499854,0.499899,0.499932,0.499955,0.499971,0.499982,0.499989,0.499994,0.499996,0.499998,0.499999,0.499999,0.5,0.5,0.5,0.5,0.5
0.5,0.5,0.5,0.5,0.5,0.5,0.499999,0.499999,0.499998,0.499996,0.499993,0.499988,0.499981,0.49997,0.499954,0.499932,0.499901,0.49986,0.499806,0.499739,0.499657,0.49956,0.499449,0.499327,0.499196,0.499061,0.498929,0.498805,0.498695,0.498607,0.498545,0.498513,0.498513,0.498545,0.498607,0.498695,0.498805,0.498929,0.499061,0.499196,0.499327,0.499449,0.49956,0.499657,0.499739,0.499806,0.49986,0.499901,0.499932,0.499954,0.49997,0.499981,0.499988,0.499993,0.499996,0.499998,0.499999,0.499999,0.5,0.5,0.5,0.5,0.5,0.5
0.5,0.5,0.5,0.5,0.5,0.5,0.499999,0.499999,0.499998,0.499996,0.499993,0.499988,0.499981,0.49997,0.499954,0.499932,0.499901,0.49986,0.499806,0.499739,0.499657,0.49956,0.499449,0.499327,0.499196,0.499061,0.498929,0.498805,0.498695,0.498607,0.498545,0.498513,0.498513,0.498545,0.498607,0.498695,0.498805,0.498929,0.499061,0.499196,0.499327,0.499449,0.49956,0.499657,0.499739,0.499806,0.49986,0.499901,0.499932,0.499954,0.49997,0.499981,0.499988,0.499993,0.499996,0.499998,0.499999,0.499999,0.5,0.5,0.5,0.5,0.5,0.5
