0.5,0.5,0.5,0.5,0.5,0.5,0.5,0.5,0.5,0.5,0.5,0.5,0.499999,0.499999,0.499999,0.499998,0.499996,0.499995,0.499992,0.499989,0.499984,0.499979,0.499972,0.499964,0.499955,0.499946,0.499937,0.499928,0.499919,0.499913,0.499908,0.499906,0.499906,0.499908,0.499913,0.499919,0.499928,0.499937,0.499946,0.499955,0.499964,0.499972,0.499979,0.499984,0.499989,0.499992,0.499995,0.499996,0.499998,0.499999,0.499999,0.499999,0.5,0.5,0.5,0.5,0.5,0.5,0.5,0.5,0.5,0.5,0.5,0.5
0.5,0.5,0.5,0.5,0.5,0.5,0.5,0.5,0.5,0.5,0.5,0.5,0.499999,0.499999,0.499999,0.499998,0.499996,0.499995,0.499992,0.499989,0.499984,0.499979,0.499972,0.499964,0.499955,0.499946,0.499937,0.499928,0.499919,0.499913,0.499908,0.499906,0.499906,0.499908,0.499913,0.499919,0.499928,0.499937,0.499946,0.499955,0.499964,0.499972,0.499979,0.499984,0.499989,0.499992,0.499995,0.499996,0.499998,0.499999,0.499999,0.499999,0.5,0.5,0.5,0.5,0.5,0.5,0.5,0.5,0.5,0.5,0.5,0.5
0.5,0.5,0.5,0.5,0.5,0.5,0.5,0.5,0.5,0.5,0.5,0.499999,0.499999,0.499999,0.499998,0.499996,0.499994,0.499991,0.499987,0.499981,0.499974,0.499965,0.499954,0.499941,0.499927,0.499912,0.499897,0.499883,0.49987,0.499859,0.499851,0.499847,0.499847,0.499851,0.499859,0.49987,0.499883,0.499897,0.499912,0.499927,0.499941,0.499954,0.499965,0.499974,0.499981,0.499987,0.499991,0.499994,0.499996,0.499998,0.499999,0.499999,0.499999,0.5,0.5,0.5,0.5,0.5,0.5,0.5,0.5,0.5,0.5,0.5
0.5,0.5,0.5,0.5,0.5,0.5,0.5,0.5,0.5,0.5,0.499999,0.499999,0.499998,0.499997,0.499995,0.499992,0.499988,0.499982,0.499973,0.499962,0.499948,0.49993,0.499909,0.499884,0.499857,0.499829,0.4998,0.499772,0.499747,0.499727,0.499712,0.499705,0.499705,0.499712,0.499727,0.499747,0.499772,0.4998,0.499829,0.499857,0.499884,0.499909,0.49993,0.499948,0.499962,0.499973,0.499982,0.499988,0.499992,0.499995,0.499997,0.499998,0.499999,0.499999,0.5,0.5,0.5,0.5,0.5,0.5,0.5,0.5,0.5,0.5
0.5,0.5,0.5,0.5,0.5,0.5,0.5,0.5,0.5,0.499999,0.499999,0.499998,0.499996,0.499994,0.49999,0.499983,0.499975,0.499962,0.499945,0.499922,0.499894,0.499858,0.499816,0.499768,0.499715,0.499659,0.499602,0.499548,0.4995,0.49946,0.499432,0.499418,0.499418,0.499432,0.49946,0.4995,0.499548,0.499602,0.499659,0.499715,0.499768,0.499816,0.499858,0.499894,0.499922,0.499945,0.499962,0.499975,0.499983,0.49999,0.499994,0.499996,0.499998,0.499999,0.499999,0.5,0.5,0.5,0.5,0.5,0.5,0.5,0.5,0.5
0.5,0.5,0.5,0.5,0.5,0.5,0.5,0.5,0.499999,0.499999,0.499997,0.499995,0.499992,0.499987,0.499979,0.499966,0.499949,0.499924,0.49989,0.499846,0.49979,0.499721,0.499639,0.499546,0.499444,0.499337,0.499229,0.499126,0.499034,0.498959,0.498906,0.498878,0.498878,0.498906,0.498959,0.499034,0.499126,0.499229,0.499337,0.499444,0.499546,0.499639,0.499721,0.49979,0.499846,0.49989,0.499924,0.499949,0.499966,0.499979,0.499987,0.499992,0.499995,0.499997,0.499999,0.499999,0.5,0.5,0.5,0.5,0.5,0.5,0.5,0.5
0.5,0.5,0.5,0.5,0.5,0.5,0.5,0.499999,0.499998,0.499997,0.499995,0.499991,0.499984,0.499974,0.499958,0.499934,0.4999,0.499852,0.499787,0.499703,0.499597,0.499467,0.499314,0.49914,0.49895,0.498751,0.498552,0.498362,0.498193,0.498056,0.497958,0.497908,0.497908,0.497958,0.498056,0.498193,0.498362,0.498552,0.498751,0.49895,0.49914,0.499314,0.499467,0.499597,0.499703,0.499787,0.499852,0.4999,0.499934,0.499958,0.499974,0.499984,0.499991,0.499995,0.499997,0.499998,0.499999,0.5,0.5,0.5,0.5,0.5,0.5,0.5
0.5,0.5,0.5,0.5,0.5,0.5,0.499999,0.499998,0.499997,0.499994,0.49999,0.499982,0.49997,0.49995,0.499919,0.499874,0.49981,0.499721,0.499601,0.499446,0.499251,0.499015,0.498737,0.498424,0.498083,0.497727,0.497371,0.497034,0.496735,0.496491,0.49632,0.496231,0.496231,0.49632,0.496491,0.496735,0.497034,0.497371,0.497727,0.498083,0.498424,0.498737,0.499015,0.499251,0.499446,0.499601,0.499721,0.49981,0.499874,0.499919,0.49995,0.49997,0.499982,0.49999,0.499994,0.499997,0.499998,0.499999,0.5,0.5,0.5,0.5,0.5,0.5
0.5,0.5,0.5,0.5,0.5,0.499999,0.499998,0.499997,0.499994,0.499989,0.499981,0.499966,0.499943,0.499906,0.49985,0.499769,0.499652,0.499491,0.499277,0.499,0.498655,0.498239,0.497753,0.497207,0.496616,0.496001,0.495389,0.494811,0.4943,0.493885,0.493592,0.493441,0.493441,0.493592,0.493885,0.4943,0.494811,0.495389,0.496001,0.496616,0.497207,0.497753,0.498239,0.498655,0.499,0.499277,0.499491,0.499652,0.499769,0.49985,0.499906,0.499943,0.499966,0.499981,0.499989,0.499994,0.499997,0.499998,0.499999,0.5,0.5,0.5,0.5,0.5
0.5,0.5,0.5,0.5,0.499999,0.499999,0.499997,0.499994,0.499989,0.49998,0.499964,0.499938,0.499896,0.499831,0.499732,0.499587,0.499382,0.499102,0.49873,0.498254,0.497663,0.496955,0.496133,0.495215,0.494225,0.4932,0.492185,0.49123,0.490386,0.489704,0.489223,0.488975,0.488975,0.489223,0.489704,0.490386,0.49123,0.492185,0.4932,0.494225,0.495215,0.496133,0.496955,0.497663,0.498254,0.49873,0.499102,0.499382,0.499587,0.499732,0.499831,0.499896,0.499938,0.499964,0.49998,0.499989,0.499994,0.499997,0.499999,0.499999,0.5,0.5,0.5,0.5
0.5,0.5,0.5,0.499999,0.499999,0.499997,0.499995,0.49999,0.499981,0.499964,0.499937,0.499891,0.499818,0.499704,0.499533,0.499286,0.498938,0.498464,0.497842,0.497048,0.49607,0.494905,0.493563,0.49207,0.49047,0.488822,0.487196,0.485674,0.484334,0.483252,0.482492,0.4821,0.4821,0.482492,0.483252,0.484334,0.485674,0.487196,0.488822,0.49047,0.49207,0.493563,0.494905,0.49607,0.497048,0.497842,0.498464,0.498938,0.499286,0.499533,0.499704,0.499818,0.499891,0.499937,0.499964,0.499981,0.49999,0.499995,0.499997,0.499999,0.499999,0.5,0.5,0.5
0.5,0.5,0.499999,0.499999,0.499998,0.499995,0.499991,0.499982,0.499966,0.499938,0.499891,0.499813,0.499689,0.499498,0.499213,0.498803,0.49823,0.497457,0.496446,0.495168,0.493603,0.49175,0.48963,0.487287,0.48479,0.482232,0.479722,0.477381,0.475328,0.473676,0.472517,0.471921,0.471921,0.472517,0.473676,0.475328,0.477381,0.479722,0.482232,0.48479,0.487287,0.48963,0.49175,0.493603,0.495168,0.496446,0.497457,0.49823,0.498803,0.499213,0.499498,0.499689,0.499813,0.499891,0.499938,0.499966,0.499982,0.499991,0.499995,0.499998,0.499999,0.499999,0.5,0.5
0.499999,0.499999,0.499999,0.499998,0.499996,0.499992,0.499984,0.49997,0.499943,0.499896,0.499818,0.499689,0.499486,0.499175,0.498714,0.498055,0.497143,0.495919,0.494331,0.492337,0.489915,0.487067,0.48383,0.480277,0.476515,0.472683,0.468944,0.465472,0.462441,0.460009,0.458309,0.457434,0.457434,0.458309,0.460009,0.462441,0.465472,0.468944,0.472683,0.476515,0.480277,0.48383,0.487067,0.489915,0.492337,0.494331,0.495919,0.497143,0.498055,0.498714,0.499175,0.499486,0.499689,0.499818,0.499896,0.499943,0.49997,0.499984,0.499992,0.499996,0.499998,0.499999,0.499999,0.499999
0.499999,0.499999,0.499999,0.499997,0.499994,0.499987,0.499974,0.49995,0.499906,0.499831,0.499704,0.499498,0.499175,0.498683,0.497962,0.496936,0.495526,0.49365,0.491235,0.488224,0.484595,0.48036,0.475584,0.470378,0.464904,0.459364,0.453991,0.449027,0.444713,0.441264,0.438859,0.437623,0.437623,0.438859,0.441264,0.444713,0.449027,0.453991,0.459364,0.464904,0.470378,0.475584,0.48036,0.484595,0.488224,0.491235,0.49365,0.495526,0.496936,0.497962,0.498683,0.499175,0.499498,0.499704,0.499831,0.499906,0.49995,0.499974,0.499987,0.499994,0.499997,0.499999,0.499999,0.499999
0.499999,0.499999,0.499998,0.499995,0.49999,0.499979,0.499958,0.499919,0.49985,0.499732,0.499533,0.499213,0.498714,0.497962,0.496864,0.495317,0.493205,0.490417,0.486856,0.482455,0.477191,0.471099,0.464283,0.456911,0.449217,0.441487,0.434037,0.427194,0.421276,0.416564,0.413288,0.411608,0.411608,0.413288,0.416564,0.421276,0.427194,0.434037,0.441487,0.449217,0.456911,0.464283,0.471099,0.477191,0.482455,0.486856,0.490417,0.493205,0.495317,0.496864,0.497962,0.498714,0.499213,0.499533,0.499732,0.49985,0.499919,0.499958,0.499979,0.49999,0.499995,0.499998,0.499999,0.499999
0.499998,0.499998,0.499996,0.499992,0.499983,0.499966,0.499934,0.499874,0.499769,0.499587,0.499286,0.498803,0.498055,0.496936,0.495317,0.49305,0.489981,0.485964,0.480876,0.47464,0.467246,0.458764,0.449353,0.439261,0.428815,0.418399,0.408432,0.399338,0.391515,0.385316,0.381019,0.378821,0.378821,0.381019,0.385316,0.391515,0.399338,0.408432,0.418399,0.428815,0.439261,0.449353,0.458764,0.467246,0.47464,0.480876,0.485964,0.489981,0.49305,0.495317,0.496936,0.498055,0.498803,0.499286,0.499587,0.499769,0.499874,0.499934,0.499966,0.499983,0.499992,0.499996,0.499998,0.499998
0.499996,0.499996,0.499994,0.499988,0.499975,0.499949,0.4999,0.49981,0.499652,0.499382,0.498938,0.49823,0.497143,0.495526,0.493205,0.489981,0.485654,0.480037,0.472984,0.464419,0.454354,0.442915,0.43034,0.416978,0.40327,0.389718,0.376853,0.365199,0.355238,0.347383,0.34196,0.339192,0.339192,0.34196,0.347383,0.355238,0.365199,0.376853,0.389718,0.40327,0.416978,0.43034,0.442915,0.454354,0.464419,0.472984,0.480037,0.485654,0.489981,0.493205,0.495526,0.497143,0.49823,0.498938,0.499382,0.499652,0.49981,0.4999,0.499949,0.499975,0.499988,0.499994,0.499996,0.499996
0.499995,0.499995,0.499991,0.499982,0.499962,0.499924,0.499852,0.499721,0.499491,0.499102,0.498464,0.497457,0.495919,0.49365,0.490417,0.485964,0.480037,0.472411,0.462922,0.451506,0.438222,0.423271,0.406999,0.38988,0.372489,0.355457,0.339434,0.325035,0.312815,0.303236,0.296651,0.293299,0.293299,0.296651,0.303236,0.312815,0.325035,0.339434,0.355457,0.372489,0.38988,0.406999,0.423271,0.438222,0.451506,0.462922,0.472411,0.480037,0.485964,0.490417,0.49365,0.495919,0.497457,0.498464,0.499102,0.499491,0.499721,0.499852,0.499924,0.499962,0.499982,0.499991,0.499995,0.499995
0.499992,0.499992,0.499987,0.499973,0.499945,0.49989,0.499787,0.499601,0.499277,0.49873,0.497842,0.496446,0.494331,0.491235,0.486856,0.480876,0.472984,0.462922,0.450521,0.435748,0.418732,0.399781,0.379376,0.35814,0.336798,0.316116,0.296852,0.279702,0.265266,0.254025,0.246338,0.242437,0.242437,0.246338,0.254025,0.265266,0.279702,0.296852,0.316116,0.336798,0.35814,0.379376,0.399781,0.418732,0.435748,0.450521,0.462922,0.472984,0.480876,0.486856,0.491235,0.494331,0.496446,0.497842,0.49873,0.499277,0.499601,0.499787,0.49989,0.499945,0.499973,0.499987,0.499992,0.499992
0.499989,0.499989,0.499981,0.499962,0.499922,0.499846,0.499703,0.499446,0.499,0.498254,0.497048,0.495168,0.492337,0.488224,0.482455,0.47464,0.464419,0.451506,0.435748,0.417167,0.395994,0.372677,0.347859,0.322334,0.296983,0.272706,0.250348,0.230654,0.214234,0.201551,0.192929,0.18857,0.18857,0.192929,0.201551,0.214234,0.230654,0.250348,0.272706,0.296983,0.322334,0.347859,0.372677,0.395994,0.417167,0.435748,0.451506,0.464419,0.47464,0.482455,0.488224,0.492337,0.495168,0.497048,0.498254,0.499,0.499446,0.499703,0.499846,0.499922,0.499962,0.499981,0.499989,0.499989
0.499984,0.499984,0.499974,0.499948,0.499894,0.49979,0.499597,0.499251,0.498655,0.497663,0.49607,0.493603,0.489915,0.484595,0.477191,0.467246,0.454354,0.438222,0.418732,0.395994,0.370376,0.342497,0.313188,0.28343,0.254262,0.226696,0.201638,0.179836,0.161861,0.148108,0.138828,0.134158,0.134158,0.138828,0.148108,0.161861,0.179836,0.201638,0.226696,0.254262,0.28343,0.313188,0.342497,0.370376,0.395994,0.418732,0.438222,0.454354,0.467246,0.477191,0.484595,0.489915,0.493603,0.49607,0.497663,0.498655,0.499251,0.499597,0.49979,0.499894,0.499948,0.499974,0.499984,0.499984
0.499979,0.499979,0.499965,0.49993,0.499858,0.499721,0.499467,0.499015,0.498239,0.496955,0.494905,0.49175,0.487067,0.48036,0.471099,0.458764,0.442915,0.423271,0.399781,0.372677,0.342497,0.310061,0.276413,0.242725,0.210182,0.179882,0.152748,0.129479,0.110551,0.0962355,0.0866622,0.0818724,0.0818724,0.0866622,0.0962355,0.110551,0.129479,0.152748,0.179882,0.210182,0.242725,0.276413,0.310061,0.342497,0.372677,0.399781,0.423271,0.442915,0.458764,0.471099,0.48036,0.487067,0.49175,0.494905,0.496955,0.498239,0.499015,0.499467,0.499721,0.499858,0.49993,0.499965,0.499979,0.499979
0.499972,0.499972,0.499954,0.499909,0.499816,0.499639,0.499314,0.498737,0.497753,0.496133,0.493563,0.48963,0.48383,0.475584,0.464283,0.449353,0.43034,0.406999,0.379376,0.347859,0.313188,0.276413,0.238801,0.201711,0.166456,0.134181,0.105774,0.0818309,0.0626682,0.0483842,0.0389404,0.0342502,0.0342502,0.0389404,0.0483842,0.0626682,0.0818309,0.105774,0.134181,0.166456,0.201711,0.238801,0.276413,0.313188,0.347859,0.379376,0.406999,0.43034,0.449353,0.464283,0.475584,0.48383,0.48963,0.493563,0.496133,0.497753,0.498737,0.499314,0.499639,0.499816,0.499909,0.499954,0.499972,0.499972
0.499964,0.499964,0.499941,0.499884,0.499768,0.499546,0.49914,0.498424,0.497207,0.495215,0.49207,0.487287,0.480277,0.470378,0.456911,0.439261,0.416978,0.38988,0.35814,0.322334,0.28343,0.242725,0.201711,0.161924,0.124773,0.0914077,0.0626284,0.0388678,0.0202326,0.00659583,-0.0022856,-0.00665311,-0.00665311,-0.0022856,0.00659583,0.0202326,0.0388678,0.0626284,0.0914077,0.124773,0.161924,0.201711,0.242725,0.28343,0.322334,0.35814,0.38988,0.416978,0.439261,0.456911,0.470378,0.480277,0.487287,0.49207,0.495215,0.497207,0.498424,0.49914,0.499546,0.499768,0.499884,0.499941,0.499964,0.499964
0.499955,0.499955,0.499927,0.499857,0.499715,0.499444,0.49895,0.498083,0.496616,0.494225,0.49047,0.48479,0.476515,0.464904,0.449217,0.428815,0.40327,0.372489,0.336798,0.296983,0.254262,0.210182,0.166456,0.124773,0.0866048,0.0530593,0.0248009,0.0020499,-0.015342,-0.0277634,-0.035689,-0.0395328,-0.0395328,-0.035689,-0.0277634,-0.015342,0.0020499,0.0248009,0.0530593,0.0866048,0.124773,0.166456,0.210182,0.254262,0.296983,0.336798,0.372489,0.40327,0.428815,0.449217,0.464904,0.476515,0.48479,0.49047,0.494225,0.496616,0.498083,0.49895,0.499444,0.499715,0.499857,0.499927,0.499955,0.499955
0.499946,0.499946,0.499912,0.499829,0.499659,0.499337,0.498751,0.497727,0.496001,0.4932,0.488822,0.482232,0.472683,0.459364,0.441487,0.418399,0.389718,0.355457,0.316116,0.272706,0.226696,0.179882,0.134181,0.0914077,0.0530593,0.0201636,-0.00679233,-0.0278357,-0.0433986,-0.0541513,-0.0608134,-0.0639781,-0.0639781,-0.0608134,-0.0541513,-0.0433986,-0.0278357,-0.00679233,0.0201636,0.0530593,0.0914077,0.134181,0.179882,0.226696,0.272706,0.316116,0.355457,0.389718,0.418399,0.441487,0.459364,0.472683,0.482232,0.488822,0.4932,0.496001,0.497727,0.498751,0.499337,0.499659,0.499829,0.499912,0.499946,0.499946
0.499937,0.499937,0.499897,0.4998,0.499602,0.499229,0.498552,0.497371,0.495389,0.492185,0.487196,0.479722,0.468944,0.453991,0.434037,0.408432,0.376853,0.339434,0.296852,0.250348,0.201638,0.152748,0.105774,0.0626284,0.0248009,-0.00679233,-0.0318664,-0.0507138,-0.0640593,-0.072857,-0.0780684,-0.080462,-0.080462,-0.0780684,-0.072857,-0.0640593,-0.0507138,-0.0318664,-0.00679233,0.0248009,0.0626284,0.105774,0.152748,0.201638,0.250348,0.296852,0.339434,0.376853,0.408432,0.434037,0.453991,0.468944,0.479722,0.487196,0.492185,0.495389,0.497371,0.498552,0.499229,0.499602,0.4998,0.499897,0.499937,0.499937
0.499928,0.499928,0.499883,0.499772,0.499548,0.499126,0.498362,0.497034,0.494811,0.49123,0.485674,0.477381,0.465472,0.449027,0.427194,0.399338,0.365199,0.325035,0.279702,0.230654,0.179836,0.129479,0.0818309,0.0388678,0.0020499,-0.0278357,-0.0507138,-0.0671391,-0.0781179,-0.0848713,-0.0885851,-0.0901882,-0.0901882,-0.0885851,-0.0848713,-0.0781179,-0.0671391,-0.0507138,-0.0278357,0.0020499,0.0388678,0.0818309,0.129479,0.179836,0.230654,0.279702,0.325035,0.365199,0.399338,0.427194,0.449027,0.465472,0.477381,0.485674,0.49123,0.494811,0.497034,0.498362,0.499126,0.499548,0.499772,0.499883,0.499928,0.499928
0.499919,0.499919,0.49987,0.499747,0.4995,0.499034,0.498193,0.496735,0.4943,0.490386,0.484334,0.475328,0.462441,0.444713,0.421276,0.391515,0.355238,0.312815,0.265266,0.214234,0.161861,0.110551,0.0626682,0.0202326,-0.015342,-0.0433986,-0.0640593,-0.0781179,-0.0868313,-0.091654,-0.0939658,-0.0948325,-0.0948325,-0.0939658,-0.091654,-0.0868313,-0.0781179,-0.0640593,-0.0433986,-0.015342,0.0202326,0.0626682,0.110551,0.161861,0.214234,0.265266,0.312815,0.355238,0.391515,0.421276,0.444713,0.462441,0.475328,0.484334,0.490386,0.4943,0.496735,0.498193,0.499034,0.4995,0.499747,0.49987,0.499919,0.499919
0.499913,0.499913,0.499859,0.499727,0.49946,0.498959,0.498056,0.496491,0.493885,0.489704,0.483252,0.473676,0.460009,0.441264,0.416564,0.385316,0.347383,0.303236,0.254025,0.201551,0.148108,0.0962355,0.0483842,0.00659583,-0.0277634,-0.0541513,-0.072857,-0.0848713,-0.091654,-0.0948467,-0.0959818,-0.0962327,-0.0962327,-0.0959818,-0.0948467,-0.091654,-0.0848713,-0.072857,-0.0541513,-0.0277634,0.00659583,0.0483842,0.0962355,0.148108,0.201551,0.254025,0.303236,0.347383,0.385316,0.416564,0.441264,0.460009,0.473676,0.483252,0.489704,0.493885,0.496491,0.498056,0.498959,0.49946,0.499727,0.499859,0.499913,0.499913
0.499908,0.499908,0.499851,0.499712,0.499432,0.498906,0.497958,0.49632,0.493592,0.489223,0.482492,0.472517,0.458309,0.438859,0.413288,0.381019,0.34196,0.296651,0.246338,0.192929,0.138828,0.0866622,0.0389404,-0.0022856,-0.035689,-0.0608134,-0.0780684,-0.0885851,-0.0939658,-0.0959818,-0.096271,-0.0960801,-0.0960801,-0.096271,-0.0959818,-0.0939658,-0.0885851,-0.0780684,-0.0608134,-0.035689,-0.0022856,0.0389404,0.0866622,0.138828,0.192929,0.246338,0.296651,0.34196,0.381019,0.413288,0.438859,0.458309,0.472517,0.482492,0.489223,0.493592,0.49632,0.497958,0.498906,0.499432,0.499712,0.499851,0.499908,0.499908
0.499906,0.499906,0.499847,0.499705,0.499418,0.498878,0.497908,0.496231,0.493441,0.488975,0.4821,0.471921,0.457434,0.437623,0.411608,0.378821,0.339192,0.293299,0.242437,0.18857,0.134158,0.0818724,0.0342502,-0.00665311,-0.0395328,-0.0639781,-0.080462,-0.0901882,-0.0948325,-0.0962327,-0.0960801,-0.0956588,-0.0956588,-0.0960801,-0.0962327,-0.0948325,-0.0901882,-0.080462,-0.0639781,-0.0395328,-0.00665311,0.0342502,0.0818724,0.134158,0.18857,0.242437,0.293299,0.339192,0.378821,0.411608,0.437623,0.457434,0.471921,0.4821,0.488975,0.493441,0.496231,0.497908,0.498878,0.499418,0.499705,0.499847,0.499906,0.499906
0.499906,0.499906,0.499847,0.499705,0.499418,0.498878,0.497908,0.496231,0.493441,0.488975,0.4821,0.471921,0.457434,0.437623,0.411608,0.378821,0.339192,0.293299,0.242437,0.18857,0.134158,0.0818724,0.0342502,-0.00665311,-0.0395328,-0.0639781,-0.080462,-0.0901882,-0.0948325,-0.0962327,-0.0960801,-0.0956588,-0.0956588,-0.0960801,-0.0962327,-0.0948325,-0.0901882,-0.080462,-0.0639781,-0.0395328,-0.00665311,0.0342502,0.0818724,0.134158,0.18857,0.242437,0.293299,0.339192,0.378821,0.411608,0.437623,0.457434,0.471921,0.4821,0.488975,0.493441,0.496231,0.497908,0.498878,0.499418,0.499705,0.499847,0.499906,0.499906
0.499908,0.499908,0.499851,0.499712,0.499432,0.498906,0.497958,0.49632,0.493592,0.489223,0.482492,0.472517,0.458309,0.438859,0.413288,0.381019,0.34196,0.296651,0.246338,0.192929,0.138828,0.0866622,0.0389404,-0.0022856,-0.035689,-0.0608134,-0.0780684,-0.0885851,-0.0939658,-0.0959818,-0.096271,-0.0960801,-0.0960801,-0.096271,-0.0959818,-0.0939658,-0.0885851,-0.0780684,-0.0608134,-0.035689,-0.0022856,0.0389404,0.0866622,0.138828,0.192929,0.246338,0.296651,0.34196,0.381019,0.413288,0.438859,0.458309,0.472517,0.482492,0.489223,0.493592,0.49632,0.497958,0.498906,0.499432,0.499712,0.499851,0.499908,0.499908
0.499913,0.499913,0.499859,0.499727,0.49946,0.498959,0.498056,0.496491,0.493885,0.489704,0.483252,0.473676,0.460009,0.441264,0.416564,0.385316,0.347383,0.303236,0.254025,0.201551,0.148108,0.0962355,0.0483842,0.00659583,-0.0277634,-0.0541513,-0.072857,-0.0848713,-0.091654,-0.0948467,-0.0959818,-0.0962327,-0.0962327,-0.0959818,-0.0948467,-0.091654,-0.0848713,-0.072857,-0.0541513,-0.0277634,0.00659583,0.0483842,0.0962355,0.148108,0.201551,0.254025,0.303236,0.347383,0.385316,0.416564,0.441264,0.460009,0.473676,0.483252,0.489704,0.493885,0.496491,0.498056,0.498959,0.49946,0.499727,0.499859,0.499913,0.499913
0.499919,0.499919,0.49987,0.499747,0.4995,0.499034,0.498193,0.496735,0.4943,0.490386,0.484334,0.475328,0.462441,0.444713,0.421276,0.391515,0.355238,0.312815,0.265266,0.214234,0.161861,0.110551,0.0626682,0.0202326,-0.015342,-0.0433986,-0.0640593,-0.0781179,-0.0868313,-0.091654,-0.0939658,-0.0948325,-0.0948325,-0.0939658,-0.091654,-0.0868313,-0.0781179,-0.0640593,-0.0433986,-0.015342,0.0202326,0.0626682,0.110551,0.161861,0.214234,0.265266,0.312815,0.355238,0.391515,0.421276,0.444713,0.462441,0.475328,0.484334,0.490386,0.4943,0.496735,0.498193,0.499034,0.4995,0.499747,0.49987,0.499919,0.499919
0.499928,0.499928,0.499883,0.499772,0.499548,0.499126,0.498362,0.497034,0.494811,0.49123,0.485674,0.477381,0.465472,0.449027,0.427194,0.399338,0.365199,0.325035,0.279702,0.230654,0.179836,0.129479,0.0818309,0.0388678,0.0020499,-0.0278357,-0.0507138,-0.0671391,-0.0781179,-0.0848713,-0.0885851,-0.0901882,-0.0901882,-0.0885851,-0.0848713,-0.0781179,-0.0671391,-0.0507138,-0.0278357,0.0020499,0.0388678,0.0818309,0.129479,0.179836,0.230654,0.279702,0.325035,0.365199,0.399338,0.427194,0.449027,0.465472,0.477381,0.485674,0.49123,0.494811,0.497034,0.498362,0.499126,0.499548,0.499772,0.499883,0.499928,0.499928
0.499937,0.499937,0.499897,0.4998,0.499602,0.499229,0.498552,0.497371,0.495389,0.492185,0.487196,0.479722,0.468944,0.453991,0.434037,0.408432,0.376853,0.339434,0.296852,0.250348,0.201638,0.152748,0.105774,0.0626284,0.0248009,-0.00679233,-0.0318664,-0.0507138,-0.0640593,-0.072857,-0.0780684,-0.080462,-0.080462,-0.0780684,-0.072857,-0.0640593,-0.0507138,-0.0318664,-0.00679233,0.0248009,0.0626284,0.105774,0.152748,0.201638,0.250348,0.296852,0.339434,0.376853,0.408432,0.434037,0.453991,0.468944,0.479722,0.487196,0.492185,0.495389,0.497371,0.498552,0.499229,0.499602,0.4998,0.499897,0.499937,0.499937
0.499946,0.499946,0.499912,0.499829,0.499659,0.499337,0.498751,0.497727,0.496001,0.4932,0.488822,0.482232,0.472683,0.459364,0.441487,0.418399,0.389718,0.355457,0.316116,0.272706,0.226696,0.179882,0.134181,0.0914077,0.0530593,0.0201636,-0.00679233,-0.0278357,-0.0433986,-0.0541513,-0.0608134,-0.0639781,-0.0639781,-0.0608134,-0.0541513,-0.0433986,-0.0278357,-0.00679233,0.0201636,0.0530593,0.0914077,0.134181,0.179882,0.226696,0.272706,0.316116,0.355457,0.389718,0.418399,0.441487,0.459364,0.472683,0.482232,0.488822,0.4932,0.496001,0.497727,0.498751,0.499337,0.499659,0.499829,0.499912,0.499946,0.499946
0.499955,0.499955,0.499927,0.499857,0.499715,0.499444,0.49895,0.498083,0.496616,0.494225,0.49047,0.48479,0.476515,0.464904,0.449217,0.428815,0.40327,0.372489,0.336798,0.296983,0.254262,0.210182,0.166456,0.124773,0.0866048,0.0530593,0.0248009,0.0020499,-0.015342,-0.0277634,-0.035689,-0.0395328,-0.0395328,-0.035689,-0.0277634,-0.015342,0.0020499,0.0248009,0.0530593,0.0866048,0.124773,0.166456,0.210182,0.254262,0.296983,0.336798,0.372489,0.40327,0.428815,0.449217,0.464904,0.476515,0.48479,0.49047,0.494225,0.496616,0.498083,0.49895,0.499444,0.499715,0.499857,0.499927,0.499955,0.499955
0.499964,0.499964,0.499941,0.499884,0.499768,0.499546,0.49914,0.498424,0.497207,0.495215,0.49207,0.487287,0.480277,0.470378,0.456911,0.439261,0.416978,0.38988,0.35814,0.322334,0.28343,0.242725,0.201711,0.161924,0.124773,0.0914077,0.0626284,0.0388678,0.0202326,0.00659583,-0.0022856,-0.00665311,-0.00665311,-0.0022856,0.00659583,0.0202326,0.0388678,0.0626284,0.0914077,0.124773,0.161924,0.201711,0.242725,0.28343,0.322334,0.35814,0.38988,0.416978,0.439261,0.456911,0.470378,0.480277,0.487287,0.49207,0.495215,0.497207,0.498424,0.49914,0.499546,0.499768,0.499884,0.499941,0.499964,0.499964
0.499972,0.499972,0.499954,0.499909,0.499816,0.499639,0.499314,0.498737,0.497753,0.496133,0.493563,0.48963,0.48383,0.475584,0.464283,0.449353,0.43034,0.406999,0.379376,0.347859,0.313188,0.276413,0.238801,0.201711,0.166456,0.134181,0.105774,0.0818309,0.0626682,0.0483842,0.0389404,0.0342502,0.0342502,0.0389404,0.0483842,0.0626682,0.0818309,0.105774,0.134181,0.166456,0.201711,0.238801,0.276413,0.313188,0.347859,0.379376,0.406999,0.43034,0.449353,0.464283,0.475584,0.48383,0.48963,0.493563,0.496133,0.497753,0.498737,0.499314,0.499639,0.499816,0.499909,0.499954,0.499972,0.499972
0.499979,0.499979,0.499965,0.49993,0.499858,0.499721,0.499467,0.499015,0.498239,0.496955,0.494905,0.49175,0.487067,0.48036,0.471099,0.458764,0.442915,0.423271,0.399781,0.372677,0.342497,0.310061,0.276413,0.242725,0.210182,0.179882,0.152748,0.129479,0.110551,0.0962355,0.0866622,0.0818724,0.0818724,0.0866622,0.0962355,0.110551,0.129479,0.152748,0.179882,0.210182,0.242725,0.276413,0.310061,0.342497,0.372677,0.399781,0.423271,0.442915,0.458764,0.471099,0.48036,0.487067,0.49175,0.494905,0.496955,0.498239,0.499015,0.499467,0.499721,0.499858,0.49993,0.499965,0.499979,0.499979
0.499984,0.499984,0.499974,0.499948,0.499894,0.49979,0.499597,0.499251,0.498655,0.497663,0.49607,0.493603,0.489915,0.484595,0.477191,0.467246,0.454354,0.438222,0.418732,0.395994,0.370376,0.342497,0.313188,0.28343,0.254262,0.226696,0.201638,0.179836,0.161861,0.148108,0.138828,0.134158,0.134158,0.138828,0.148108,0.161861,0.179836,0.201638,0.226696,0.254262,0.28343,0.313188,0.342497,0.370376,0.395994,0.418732,0.438222,0.454354,0.467246,0.477191,0.484595,0.489915,0.493603,0.49607,0.497663,0.498655,0.499251,0.499597,0.49979,0.499894,0.499948,0.499974,0.499984,0.499984
0.499989,0.499989,0.499981,0.499962,0.499922,0.499846,0.499703,0.499446,0.499,0.498254,0.497048,0.495168,0.492337,0.488224,0.482455,0.47464,0.464419,0.451506,0.435748,0.417167,0.395994,0.372677,0.347859,0.322334,0.296983,0.272706,0.250348,0.230654,0.214234,0.201551,0.192929,0.18857,0.18857,0.192929,0.201551,0.214234,0.230654,0.250348,0.272706,0.296983,0.322334,0.347859,0.372677,0.395994,0.417167,0.435748,0.451506,0.464419,0.47464,0.482455,0.488224,0.492337,0.495168,0.497048,0.498254,0.499,0.499446,0.499703,0.499846,0.499922,0.499962,0.499981,0.499989,0.499989
0.499992,0.499992,0.499987,0.499973,0.499945,0.49989,0.499787,0.499601,0.499277,0.49873,0.497842,0.496446,0.494331,0.491235,0.486856,0.480876,0.472984,0.462922,0.450521,0.435748,0.418732,0.399781,0.379376,0.35814,0.336798,0.316116,0.296852,0.279702,0.265266,0.254025,0.246338,0.242437,0.242437,0.246338,0.254025,0.265266,0.279702,0.296852,0.316116,0.336798,0.35814,0.379376,0.399781,0.418732,0.435748,0.450521,0.462922,0.472984,0.480876,0.486856,0.491235,0.494331,0.496446,0.497842,0.49873,0.499277,0.499601,0.499787,0.49989,0.499945,0.499973,0.499987,0.499992,0.499992
0.499995,0.499995,0.499991,0.499982,0.499962,0.499924,0.499852,0.499721,0.499491,0.499102,0.498464,0.497457,0.495919,0.49365,0.490417,0.485964,0.480037,0.472411,0.462922,0.451506,0.438222,0.423271,0.406999,0.38988,0.372489,0.355457,0.339434,0.325035,0.312815,0.303236,0.296651,0.293299,0.293299,0.296651,0.303236,0.312815,0.325035,0.339434,0.355457,0.372489,0.38988,0.406999,0.423271,0.438222,0.451506,0.462922,0.472411,0.480037,0.485964,0.490417,0.49365,0.495919,0.497457,0.498464,0.499102,0.499491,0.499721,0.499852,0.499924,0.499962,0.499982,0.499991,0.499995,0.499995
0.499996,0.499996,0.499994,0.499988,0.499975,0.499949,0.4999,0.49981,0.499652,0.499382,0.498938,0.49823,0.497143,0.495526,0.493205,0.489981,0.485654,0.480037,0.472984,0.464419,0.454354,0.442915,0.43034,0.416978,0.40327,0.389718,0.376853,0.365199,0.355238,0.347383,0.34196,0.339192,0.339192,0.34196,0.347383,0.355238,0.365199,0.376853,0.389718,0.40327,0.416978,0.43034,0.442915,0.454354,0.464419,0.472984,0.480037,0.485654,0.489981,0.493205,0.495526,0.497143,0.49823,0.498938,0.499382,0.499652,0.49981,0.4999,0.499949,0.499975,0.499988,0.499994,0.499996,0.499996
0.499998,0.499998,0.499996,0.499992,0.499983,0.499966,0.499934,0.499874,0.499769,0.499587,0.499286,0.498803,0.498055,0.496936,0.495317,0.49305,0.489981,0.485964,0.480876,0.47464,0.467246,0.458764,0.449353,0.439261,0.428815,0.418399,0.408432,0.399338,0.391515,0.385316,0.381019,0.378821,0.378821,0.381019,0.385316,0.391515,0.399338,0.408432,0.418399,0.428815,0.439261,0.449353,0.458764,0.467246,0.47464,0.480876,0.485964,0.489981,0.49305,0.495317,0.496936,0.498055,0.498803,0.499286,0.499587,0.499769,0.499874,0.499934,0.499966,0.499983,0.499992,0.499996,0.499998,0.499998
0.499999,0.499999,0.499998,0.499995,0.49999,0.499979,0.499958,0.499919,0.49985,0.499732,0.499533,0.499213,0.498714,0.497962,0.496864,0.495317,0.493205,0.490417,0.486856,0.482455,0.477191,0.471099,0.464283,0.456911,0.449217,0.441487,0.434037,0.427194,0.421276,0.416564,0.413288,0.411608,0.411608,0.413288,0.416564,0.421276,0.427194,0.434037,0.441487,0.449217,0.456911,0.464283,0.471099,0.477191,0.482455,0.486856,0.490417,0.493205,0.495317,0.496864,0.497962,0.498714,0.499213,0.499533,0.499732,0.49985,0.499919,0.499958,0.499979,0.49999,0.499995,0.499998,0.499999,0.499999
0.499999,0.499999,0.499999,0.499997,0.499994,0.499987,0.499974,0.49995,0.499906,0.499831,0.499704,0.499498,0.499175,0.498683,0.497962,0.496936,0.495526,0.49365,0.491235,0.488224,0.484595,0.48036,0.475584,0.470378,0.464904,0.459364,0.453991,0.449027,0.444713,0.441264,0.438859,0.437623,0.437623,0.438859,0.441264,0.444713,0.449027,0.453991,0.459364,0.464904,0.470378,0.475584,0.48036,0.484595,0.488224,0.491235,0.49365,0.495526,0.496936,0.497962,0.498683,0.499175,0.499498,0.499704,0.499831,0.499906,0.49995,0.499974,0.499987,0.499994,0.499997,0.499999,0.499999,0.499999
0.499999,0.499999,0.499999,0.499998,0.499996,0.499992,0.499984,0.49997,0.499943,0.499896,0.499818,0.499689,0.499486,0.499175,0.498714,0.498055,0.497143,0.495919,0.494331,0.492337,0.489915,0.487067,0.48383,0.480277,0.476515,0.472683,0.468944,0.465472,0.462441,0.460009,0.458309,0.457434,0.457434,0.458309,0.460009,0.462441,0.465472,0.468944,0.472683,0.476515,0.480277,0.48383,0.487067,0.489915,0.492337,0.494331,0.495919,0.497143,0.498055,0.498714,0.499175,0.499486,0.499689,0.499818,0.499896,0.499943,0.49997,0.499984,0.499992,0.499996,0.499998,0.499999,0.499999,0.499999
0.5,0.5,0.499999,0.499999,0.499998,0.499995,0.499991,0.499982,0.499966,0.499938,0.499891,0.499813,0.499689,0.499498,0.499213,0.498803,0.49823,0.497457,0.496446,0.495168,0.493603,0.49175,0.48963,0.487287,0.48479,0.482232,0.479722,0.477381,0.475328,0.473676,0.472517,0.471921,0.471921,0.472517,0.473676,0.475328,0.477381,0.479722,0.482232,0.48479,0.487287,0.48963,0.49175,0.493603,0.495168,0.496446,0.497457,0.49823,0.498803,0.499213,0.499498,0.499689,0.499813,0.499891,0.499938,0.499966,0.499982,0.499991,0.499995,0.499998,0.499999,0.499999,0.5,0.5
0.5,0.5,0.5,0.499999,0.499999,0.499997,0.499995,0.49999,0.499981,0.499964,0.499937,0.499891,0.499818,0.499704,0.499533,0.499286,0.498938,0.498464,0.497842,0.497048,0.49607,0.494905,0.493563,0.49207,0.49047,0.488822,0.487196,0.485674,0.484334,0.483252,0.482492,0.4821,0.4821,0.482492,0.483252,0.484334,0.485674,0.487196,0.488822,0.49047,0.49207,0.493563,0.494905,0.49607,0.497048,0.497842,0.498464,0.498938,0.499286,0.499533,0.499704,0.499818,0.499891,0.499937,0.499964,0.499981,0.49999,0.499995,0.499997,0.499999,0.499999,0.5,0.5,0.5
0.5,0.5,0.5,0.5,0.499999,0.499999,0.499997,0.499994,0.499989,0.49998,0.499964,0.499938,0.499896,0.499831,0.499732,0.499587,0.499382,0.499102,0.49873,0.498254,0.497663,0.496955,0.496133,0.495215,0.494225,0.4932,0.492185,0.49123,0.490386,0.489704,0.489223,0.488975,0.488975,0.489223,0.489704,0.490386,0.49123,0.492185,0.4932,0.494225,0.495215,0.496133,0.496955,0.497663,0.498254,0.49873,0.499102,0.499382,0.499587,0.499732,0.499831,0.499896,0.499938,0.499964,0.49998,0.499989,0.499994,0.499997,0.499999,0.499999,0.5,0.5,0.5,0.5
0.5,0.5,0.5,0.5,0.5,0.499999,0.499998,0.499997,0.499994,0.499989,0.499981,0.499966,0.499943,0.499906,0.49985,0.499769,0.499652,0.499491,0.499277,0.499,0.498655,0.498239,0.497753,0.497207,0.496616,0.496001,0.495389,0.494811,0.4943,0.493885,0.493592,0.493441,0.493441,0.493592,0.493885,0.4943,0.494811,0.495389,0.496001,0.496616,0.497207,0.497753,0.498239,0.498655,0.499,0.499277,0.499491,0.499652,0.499769,0.49985,0.499906,0.499943,0.499966,0.499981,0.499989,0.499994,0.499997,0.499998,0.499999,0.5,0.5,0.5,0.5,0.5
0.5,0.5,0.5,0.5,0.5,0.5,0.499999,0.499998,0.499997,0.499994,0.49999,0.499982,0.49997,0.49995,0.499919,0.499874,0.49981,0.499721,0.499601,0.499446,0.499251,0.499015,0.498737,0.498424,0.498083,0.497727,0.497371,0.497034,0.496735,0.496491,0.49632,0.496231,0.496231,0.49632,0.496491,0.496735,0.497034,0.497371,0.497727,0.498083,0.498424,0.498737,0.499015,0.499251,0.499446,0.499601,0.499721,0.49981,0.499874,0.499919,0.49995,0.49997,0.499982,0.49999,0.499994,0.499997,0.499998,0.499999,0.5,0.5,0.5,0.5,0.5,0.5
0.5,0.5,0.5,0.5,0.5,0.5,0.5,0.499999,0.499998,0.499997,0.499995,0.499991,0.499984,0.499974,0.499958,0.499934,0.4999,0.499852,0.499787,0.499703,0.499597,0.499467,0.499314,0.49914,0.49895,0.498751,0.498552,0.498362,0.498193,0.498056,0.497958,0.497908,0.497908,0.497958,0.498056,0.498193,0.498362,0.498552,0.498751,0.49895,0.49914,0.499314,0.499467,0.499597,0.499703,0.499787,0.499852,0.4999,0.499934,0.499958,0.499974,0.499984,0.499991,0.499995,0.499997,0.499998,0.499999,0.5,0.5,0.5,0.5,0.5,0.5,0.5
0.5,0.5,0.5,0.5,0.5,0.5,0.5,0.5,0.499999,0.499999,0.499997,0.499995,0.499992,0.499987,0.499979,0.499966,0.499949,0.499924,0.49989,0.499846,0.49979,0.499721,0.499639,0.499546,0.499444,0.499337,0.499229,0.499126,0.499034,0.498959,0.498906,0.498878,0.498878,0.498906,0.498959,0.499034,0.499126,0.499229,0.499337,0.499444,0.499546,0.499639,0.499721,0.49979,0.499846,0.49989,0.499924,0.499949,0.499966,0.499979,0.499987,0.499992,0.499995,0.499997,0.499999,0.499999,0.5,0.5,0.5,0.5,0.5,0.5,0.5,0.5
0.5,0.5,0.5,0.5,0.5,0.5,0.5,0.5,0.5,0.499999,0.499999,0.499998,0.499996,0.499994,0.49999,0.499983,0.499975,0.499962,0.499945,0.499922,0.499894,0.499858,0.499816,0.499768,0.499715,0.499659,0.499602,0.499548,0.4995,0.49946,0.499432,0.499418,0.499418,0.499432,0.49946,0.4995,0.499548,0.499602,0.499659,0.499715,0.499768,0.499816,0.499858,0.499894,0.499922,0.499945,0.499962,0.499975,0.499983,0.49999,0.499994,0.499996,0.499998,0.499999,0.499999,0.5,0.5,0.5,0.5,0.5,0.5,0.5,0.5,0.5
0.5,0.5,0.5,0.5,0.5,0.5,0.5,0.5,0.5,0.5,0.499999,0.499999,0.499998,0.499997,0.499995,0.499992,0.499988,0.499982,0.499973,0.499962,0.499948,0.49993,0.499909,0.499884,0.499857,0.499829,0.4998,0.499772,0.499747,0.499727,0.499712,0.499705,0.499705,0.499712,0.499727,0.499747,0.499772,0.4998,0.499829,0.499857,0.499884,0.499909,0.49993,0.499948,0.499962,0.499973,0.499982,0.499988,0.499992,0.499995,0.499997,0.499998,0.499999,0.499999,0.5,0.5,0.5,0.5,0.5,0.5,0.5,0.5,0.5,0.5
0.5,0.5,0.5,0.5,0.5,0.5,0.5,0.5,0.5,0.5,0.5,0.499999,0.499999,0.499999,0.499998,0.499996,0.499994,0.499991,0.499987,0.499981,0.499974,0.499965,0.499954,0.499941,0.499927,0.499912,0.499897,0.499883,0.49987,0.499859,0.499851,0.499847,0.499847,0.499851,0.499859,0.49987,0.499883,0.499897,0.499912,0.499927,0.499941,0.499954,0.499965,0.499974,0.499981,0.499987,0.499991,0.499994,0.499996,0.499998,0.499999,0.499999,0.499999,0.5,0.5,0.5,0.5,0.5,0.5,0.5,0.5,0.5,0.5,0.5
0.5,0.5,0.5,0.5,0.5,0.5,0.5,0.5,0.5,0.5,0.5,0.5,0.499999,0.499999,0.499999,0.499998,0.499996,0.499995,0.499992,0.499989,0.499984,0.499979,0.499972,0.499964,0.499955,0.499946,0.499937,0.499928,0.499919,0.499913,0.499908,0.499906,0.499906,0.499908,0.499913,0.499919,0.499928,0.499937,0.499946,0.499955,0.499964,0.499972,0.499979,0.499984,0.499989,0.499992,0.499995,0.499996,0.499998,0.499999,0.499999,0.499999,0.5,0.5,0.5,0.5,0.5,0.5,0.5,0.5,0.5,0.5,0.5,0.5
0.5,0.5,0.5,0.5,0.5,0.5,0.5,0.5,0.5,0.5,0.5,0.5,0.499999,0.499999,0.499999,0.499998,0.499996,0.499995,0.499992,0.499989,0.499984,0.499979,0.499972,0.499964,0.499955,0.499946,0.499937,0.499928,0.499919,0.499913,0.499908,0.499906,0.499906,0.499908,0.499913,0.499919,0.499928,0.499937,0.499946,0.499955,0.499964,0.499972,0.499979,0.499984,0.499989,0.499992,0.499995,0.499996,0.499998,0.499999,0.499999,0.499999,0.5,0.5,0.5,0.5,0.5,0.5,0.5,0.5,0.5,0.5,0.5,0.5
