0.5,0.5,0.5,0.5,0.5,0.5,0.5,0.5,0.5,0.5,0.5,0.5,0.5,0.5,0.5,0.5,0.5,0.5,0.5,0.5,0.499999,0.499999,0.499999,0.499999,0.499998,0.499998,0.499997,0.499997,0.499996,0.499996,0.499996,0.499996,0.499996,0.499996,0.499996,0.499996,0.499997,0.499997,0.499998,0.499998,0.499999,0.499999,0.499999,0.499999,0.5,0.5,0.5,0.5,0.5,0.5,0.5,0.5,0.5,0.5,0.5,0.5,0.5,0.5,0.5,0.5,0.5,0.5,0.5,0.5
0.5,0.5,0.5,0.5,0.5,0.5,0.5,0.5,0.5,0.5,0.5,0.5,0.5,0.5,0.5,0.5,0.5,0.5,0.5,0.5,0.499999,0.499999,0.499999,0.499999,0.499998,0.499998,0.499997,0.499997,0.499996,0.499996,0.499996,0.499996,0.499996,0.499996,0.499996,0.499996,0.499997,0.499997,0.499998,0.499998,0.499999,0.499999,0.499999,0.499999,0.5,0.5,0.5,0.5,0.5,0.5,0.5,0.5,0.5,0.5,0.5,0.5,0.5,0.5,0.5,0.5,0.5,0.5,0.5,0.5
0.5,0.5,0.5,0.5,0.5,0.5,0.5,0.5,0.5,0.5,0.5,0.5,0.5,0.5,0.5,0.5,0.5,0.5,0.5,0.499999,0.499999,0.499999,0.499998,0.499997,0.499997,0.499996,0.499995,0.499994,0.499993,0.499993,0.499992,0.499992,0.499992,0.499992,0.499993,0.499993,0.499994,0.499995,0.499996,0.499997,0.499997,0.499998,0.499999,0.499999,0.499999,0.5,0.5,0.5,0.5,0.5,0.5,0.5,0.5,0.5,0.5,0.5,0.5,0.5,0.5,0.5,0.5,0.5,0.5,0.5
0.5,0.5,0.5,0.5,0.5,0.5,0.5,0.5,0.5,0.5,0.5,0.5,0.5,0.5,0.5,0.5,0.5,0.499999,0.499999,0.499998,0.499998,0.499997,0.499995,0.499994,0.499992,0.49999,0.499989,0.499987,0.499985,0.499983,0.499982,0.499982,0.499982,0.499982,0.499983,0.499985,0.499987,0.499989,0.49999,0.499992,0.499994,0.499995,0.499997,0.499998,0.499998,0.499999,0.499999,0.5,0.5,0.5,0.5,0.5,0.5,0.5,0.5,0.5,0.5,0.5,0.5,0.5,0.5,0.5,0.5,0.5
0.5,0.5,0.5,0.5,0.5,0.5,0.5,0.5,0.5,0.5,0.5,0.5,0.5,0.5,0.5,0.499999,0.499999,0.499998,0.499997,0.499996,0.499995,0.499992,0.49999,0.499986,0.499982,0.499978,0.499974,0.499969,0.499966,0.499962,0.49996,0.499959,0.499959,0.49996,0.499962,0.499966,0.499969,0.499974,0.499978,0.499982,0.499986,0.49999,0.499992,0.499995,0.499996,0.499997,0.499998,0.499999,0.499999,0.5,0.5,0.5,0.5,0.5,0.5,0.5,0.5,0.5,0.5,0.5,0.5,0.5,0.5,0.5
0.5,0.5,0.5,0.5,0.5,0.5,0.5,0.5,0.5,0.5,0.5,0.5,0.5,0.5,0.499999,0.499999,0.499998,0.499996,0.499994,0.499991,0.499988,0.499983,0.499977,0.499969,0.499961,0.499951,0.499942,0.499932,0.499924,0.499916,0.499911,0.499908,0.499908,0.499911,0.499916,0.499924,0.499932,0.499942,0.499951,0.499961,0.499969,0.499977,0.499983,0.499988,0.499991,0.499994,0.499996,0.499998,0.499999,0.499999,0.5,0.5,0.5,0.5,0.5,0.5,0.5,0.5,0.5,0.5,0.5,0.5,0.5,0.5
0.5,0.5,0.5,0.5,0.5,0.5,0.5,0.5,0.5,0.5,0.5,0.5,0.499999,0.499999,0.499998,0.499997,0.499995,0.499992,0.499987,0.499981,0.499973,0.499963,0.499949,0.499933,0.499915,0.499896,0.499875,0.499855,0.499836,0.499821,0.49981,0.499804,0.499804,0.49981,0.499821,0.499836,0.499855,0.499875,0.499896,0.499915,0.499933,0.499949,0.499963,0.499973,0.499981,0.499987,0.499992,0.499995,0.499997,0.499998,0.499999,0.499999,0.5,0.5,0.5,0.5,0.5,0.5,0.5,0.5,0.5,0.5,0.5,0.5
0.5,0.5,0.5,0.5,0.5,0.5,0.5,0.5,0.5,0.5,0.5,0.499999,0.499999,0.499998,0.499996,0.499993,0.499989,0.499983,0.499974,0.499961,0.499944,0.499921,0.499894,0.499861,0.499824,0.499783,0.499741,0.499699,0.499661,0.49963,0.499607,0.499596,0.499596,0.499607,0.49963,0.499661,0.499699,0.499741,0.499783,0.499824,0.499861,0.499894,0.499921,0.499944,0.499961,0.499974,0.499983,0.499989,0.499993,0.499996,0.499998,0.499999,0.499999,0.5,0.5,0.5,0.5,0.5,0.5,0.5,0.5,0.5,0.5,0.5
0.5,0.5,0.5,0.5,0.5,0.5,0.5,0.5,0.5,0.5,0.499999,0.499999,0.499997,0.499995,0.499992,0.499986,0.499977,0.499965,0.499946,0.49992,0.499886,0.499841,0.499786,0.499721,0.499646,0.499565,0.499481,0.499399,0.499324,0.499262,0.499218,0.499194,0.499194,0.499218,0.499262,0.499324,0.499399,0.499481,0.499565,0.499646,0.499721,0.499786,0.499841,0.499886,0.49992,0.499946,0.499965,0.499977,0.499986,0.499992,0.499995,0.499997,0.499999,0.499999,0.5,0.5,0.5,0.5,0.5,0.5,0.5,0.5,0.5,0.5
0.5,0.5,0.5,0.5,0.5,0.5,0.5,0.5,0.5,0.499999,0.499998,0.499997,0.499995,0.49999,0.499983,0.499972,0.499955,0.49993,0.499893,0.499843,0.499775,0.499689,0.499583,0.499456,0.499313,0.499158,0.498997,0.498841,0.498698,0.49858,0.498496,0.498452,0.498452,0.498496,0.49858,0.498698,0.498841,0.498997,0.499158,0.499313,0.499456,0.499583,0.499689,0.499775,0.499843,0.499893,0.49993,0.499955,0.499972,0.499983,0.49999,0.499995,0.499997,0.499998,0.499999,0.5,0.5,0.5,0.5,0.5,0.5,0.5,0.5,0.5
0.5,0.5,0.5,0.5,0.5,0.5,0.5,0.5,0.499999,0.499998,0.499997,0.499994,0.49999,0.499981,0.499968,0.499947,0.499914,0.499865,0.499796,0.499701,0.499574,0.499412,0.499214,0.498979,0.498713,0.498425,0.498129,0.497841,0.49758,0.497363,0.497209,0.497128,0.497128,0.497209,0.497363,0.49758,0.497841,0.498129,0.498425,0.498713,0.498979,0.499214,0.499412,0.499574,0.499701,0.499796,0.499865,0.499914,0.499947,0.499968,0.499981,0.49999,0.499994,0.499997,0.499998,0.499999,0.5,0.5,0.5,0.5,0.5,0.5,0.5,0.5
0.5,0.5,0.5,0.5,0.5,0.5,0.5,0.499999,0.499999,0.499997,0.499994,0.499989,0.49998,0.499965,0.49994,0.499901,0.49984,0.499751,0.499624,0.49945,0.49922,0.498927,0.498569,0.498147,0.497671,0.497158,0.496631,0.496119,0.495656,0.495273,0.495,0.494858,0.494858,0.495,0.495273,0.495656,0.496119,0.496631,0.497158,0.497671,0.498147,0.498569,0.498927,0.49922,0.49945,0.499624,0.499751,0.49984,0.499901,0.49994,0.499965,0.49998,0.499989,0.499994,0.499997,0.499999,0.499999,0.5,0.5,0.5,0.5,0.5,0.5,0.5
0.5,0.5,0.5,0.5,0.5,0.5,0.499999,0.499999,0.499997,0.499995,0.49999,0.49998,0.499964,0.499937,0.499892,0.499821,0.499712,0.499554,0.499329,0.499022,0.498619,0.498107,0.497483,0.496751,0.495929,0.495044,0.494139,0.493263,0.492471,0.491818,0.491352,0.49111,0.49111,0.491352,0.491818,0.492471,0.493263,0.494139,0.495044,0.495929,0.496751,0.497483,0.498107,0.498619,0.499022,0.499329,0.499554,0.499712,0.499821,0.499892,0.499937,0.499964,0.49998,0.49999,0.499995,0.499997,0.499999,0.499999,0.5,0.5,0.5,0.5,0.5,0.5
0.5,0.5,0.5,0.5,0.5,0.5,0.499999,0.499998,0.499995,0.49999,0.499981,0.499965,0.499937,0.499888,0.49981,0.499687,0.4995,0.499227,0.498843,0.49832,0.497635,0.496771,0.495721,0.494496,0.493123,0.491652,0.490151,0.488703,0.487397,0.486323,0.485558,0.48516,0.48516,0.485558,0.486323,0.487397,0.488703,0.490151,0.491652,0.493123,0.494496,0.495721,0.496771,0.497635,0.49832,0.498843,0.499227,0.4995,0.499687,0.49981,0.499888,0.499937,0.499965,0.499981,0.49999,0.499995,0.499998,0.499999,0.5,0.5,0.5,0.5,0.5,0.5
0.5,0.5,0.5,0.5,0.5,0.499999,0.499998,0.499996,0.499992,0.499983,0.499968,0.49994,0.499892,0.49981,0.499678,0.499471,0.499159,0.498705,0.498069,0.497208,0.496085,0.494674,0.492968,0.490984,0.488772,0.48641,0.484009,0.481698,0.47962,0.477915,0.476702,0.476072,0.476072,0.476702,0.477915,0.47962,0.481698,0.484009,0.48641,0.488772,0.490984,0.492968,0.494674,0.496085,0.497208,0.498069,0.498705,0.499159,0.499471,0.499678,0.49981,0.499892,0.49994,0.499968,0.499983,0.499992,0.499996,0.499998,0.499999,0.5,0.5,0.5,0.5,0.5
0.5,0.5,0.5,0.5,0.499999,0.499999,0.499997,0.499993,0.499986,0.499972,0.499947,0.499901,0.499821,0.499687,0.499471,0.499135,0.498631,0.497901,0.496882,0.495509,0.493728,0.491501,0.488821,0.485719,0.482275,0.478613,0.474903,0.471345,0.468155,0.465541,0.463687,0.462724,0.462724,0.463687,0.465541,0.468155,0.471345,0.474903,0.478613,0.482275,0.485719,0.488821,0.491501,0.493728,0.495509,0.496882,0.497901,0.498631,0.499135,0.499471,0.499687,0.499821,0.499901,0.499947,0.499972,0.499986,0.499993,0.499997,0.499999,0.499999,0.5,0.5,0.5,0.5
0.5,0.5,0.5,0.5,0.499999,0.499998,0.499995,0.499989,0.499977,0.499955,0.499914,0.49984,0.499712,0.4995,0.499159,0.498631,0.497842,0.496705,0.495125,0.493009,0.490276,0.486877,0.482806,0.478117,0.472935,0.467449,0.461913,0.456623,0.451895,0.448032,0.445294,0.443875,0.443875,0.445294,0.448032,0.451895,0.456623,0.461913,0.467449,0.472935,0.478117,0.482806,0.486877,0.490276,0.493009,0.495125,0.496705,0.497842,0.498631,0.499159,0.4995,0.499712,0.49984,0.499914,0.499955,0.499977,0.499989,0.499995,0.499998,0.499999,0.5,0.5,0.5,0.5
0.5,0.5,0.5,0.499999,0.499998,0.499996,0.499992,0.499983,0.499965,0.49993,0.499865,0.499751,0.499554,0.499227,0.498705,0.497901,0.496705,0.49499,0.49262,0.489461,0.485403,0.480382,0.4744,0.467547,0.460008,0.452065,0.444085,0.43649,0.429723,0.424208,0.420309,0.41829,0.41829,0.420309,0.424208,0.429723,0.43649,0.444085,0.452065,0.460008,0.467547,0.4744,0.480382,0.485403,0.489461,0.49262,0.49499,0.496705,0.497901,0.498705,0.499227,0.499554,0.499751,0.499865,0.49993,0.499965,0.499983,0.499992,0.499996,0.499998,0.499999,0.5,0.5,0.5
0.5,0.5,0.5,0.499999,0.499997,0.499994,0.499987,0.499974,0.499946,0.499893,0.499796,0.499624,0.499329,0.498843,0.498069,0.496882,0.495125,0.49262,0.489174,0.484607,0.478773,0.471593,0.463086,0.453393,0.442785,0.431667,0.420547,0.410008,0.400653,0.393052,0.38769,0.384916,0.384916,0.38769,0.393052,0.400653,0.410008,0.420547,0.431667,0.442785,0.453393,0.463086,0.471593,0.478773,0.484607,0.489174,0.49262,0.495125,0.496882,0.498069,0.498843,0.499329,0.499624,0.499796,0.499893,0.499946,0.499974,0.499987,0.499994,0.499997,0.499999,0.5,0.5,0.5
0.5,0.5,0.499999,0.499998,0.499996,0.499991,0.499981,0.499961,0.49992,0.499843,0.499701,0.49945,0.499022,0.49832,0.497208,0.495509,0.493009,0.489461,0.484607,0.478209,0.470082,0.460136,0.44842,0.435146,0.420701,0.405641,0.390656,0.376518,0.364019,0.353897,0.346772,0.343093,0.343093,0.346772,0.353897,0.364019,0.376518,0.390656,0.405641,0.420701,0.435146,0.44842,0.460136,0.470082,0.478209,0.484607,0.489461,0.493009,0.495509,0.497208,0.49832,0.499022,0.49945,0.499701,0.499843,0.49992,0.499961,0.499981,0.499991,0.499996,0.499998,0.499999,0.5,0.5
0.499999,0.499999,0.499999,0.499998,0.499995,0.499988,0.499973,0.499944,0.499886,0.499775,0.499574,0.49922,0.498619,0.497635,0.496085,0.493728,0.490276,0.485403,0.478773,0.470082,0.459104,0.44575,0.430112,0.4125,0.393448,0.373699,0.354154,0.335806,0.319655,0.306622,0.297474,0.292757,0.292757,0.297474,0.306622,0.319655,0.335806,0.354154,0.373699,0.393448,0.4125,0.430112,0.44575,0.459104,0.470082,0.478773,0.485403,0.490276,0.493728,0.496085,0.497635,0.498619,0.49922,0.499574,0.499775,0.499886,0.499944,0.499973,0.499988,0.499995,0.499998,0.499999,0.499999,0.499999
0.499999,0.499999,0.499999,0.499997,0.499992,0.499983,0.499963,0.499921,0.499841,0.499689,0.499412,0.498927,0.498107,0.496771,0.494674,0.491501,0.486877,0.480382,0.471593,0.460136,0.44575,0.428354,0.40811,0.385451,0.361092,0.335995,0.311301,0.288243,0.268042,0.251806,0.240443,0.234595,0.234595,0.240443,0.251806,0.268042,0.288243,0.311301,0.335995,0.361092,0.385451,0.40811,0.428354,0.44575,0.460136,0.471593,0.480382,0.486877,0.491501,0.494674,0.496771,0.498107,0.498927,0.499412,0.499689,0.499841,0.499921,0.499963,0.499983,0.499992,0.499997,0.499999,0.499999,0.499999
0.499999,0.499999,0.499998,0.499995,0.49999,0.499977,0.499949,0.499894,0.499786,0.499583,0.499214,0.498569,0.497483,0.495721,0.492968,0.488821,0.482806,0.4744,0.463086,0.44842,0.430112,0.40811,0.382665,0.354369,0.324146,0.293206,0.262952,0.234864,0.210382,0.19079,0.177122,0.170103,0.170103,0.177122,0.19079,0.210382,0.234864,0.262952,0.293206,0.324146,0.354369,0.382665,0.40811,0.430112,0.44842,0.463086,0.4744,0.482806,0.488821,0.492968,0.495721,0.497483,0.498569,0.499214,0.499583,0.499786,0.499894,0.499949,0.499977,0.49999,0.499995,0.499998,0.499999,0.499999
0.499999,0.499999,0.499997,0.499994,0.499986,0.499969,0.499933,0.499861,0.499721,0.499456,0.498979,0.498147,0.496751,0.494496,0.490984,0.485719,0.478117,0.467547,0.453393,0.435146,0.4125,0.385451,0.354369,0.32003,0.283598,0.24655,0.210557,0.177347,0.14856,0.125629,0.109689,0.101521,0.101521,0.109689,0.125629,0.14856,0.177347,0.210557,0.24655,0.283598,0.32003,0.354369,0.385451,0.4125,0.435146,0.453393,0.467547,0.478117,0.485719,0.490984,0.494496,0.496751,0.498147,0.498979,0.499456,0.499721,0.499861,0.499933,0.499969,0.499986,0.499994,0.499997,0.499999,0.499999
0.499998,0.499998,0.499997,0.499992,0.499982,0.499961,0.499915,0.499824,0.499646,0.499313,0.498713,0.497671,0.495929,0.493123,0.488772,0.482275,0.472935,0.460008,0.442785,0.420701,0.393448,0.361092,0.324146,0.283598,0.24087,0.197715,0.156073,0.117897,0.0849985,0.0589227,0.0408659,0.0316354,0.0316354,0.0408659,0.0589227,0.0849985,0.117897,0.156073,0.197715,0.24087,0.283598,0.324146,0.361092,0.393448,0.420701,0.442785,0.460008,0.472935,0.482275,0.488772,0.493123,0.495929,0.497671,0.498713,0.499313,0.499646,0.499824,0.499915,0.499961,0.499982,0.499992,0.499997,0.499998,0.499998
0.499998,0.499998,0.499996,0.49999,0.499978,0.499951,0.499896,0.499783,0.499565,0.499158,0.498425,0.497158,0.495044,0.491652,0.48641,0.478613,0.467449,0.452065,0.431667,0.405641,0.373699,0.335995,0.293206,0.24655,0.197715,0.148733,0.101791,0.0590401,0.0224234,-0.0064479,-0.0263595,-0.0365121,-0.0365121,-0.0263595,-0.0064479,0.0224234,0.0590401,0.101791,0.148733,0.197715,0.24655,0.293206,0.335995,0.373699,0.405641,0.431667,0.452065,0.467449,0.478613,0.48641,0.491652,0.495044,0.497158,0.498425,0.499158,0.499565,0.499783,0.499896,0.499951,0.499978,0.49999,0.499996,0.499998,0.499998
0.499997,0.499997,0.499995,0.499989,0.499974,0.499942,0.499875,0.499741,0.499481,0.498997,0.498129,0.496631,0.494139,0.490151,0.484009,0.474903,0.461913,0.444085,0.420547,0.390656,0.354154,0.311301,0.262952,0.210557,0.156073,0.101791,0.0501218,0.00337694,-0.0364144,-0.0676208,-0.0890531,-0.0999519,-0.0999519,-0.0890531,-0.0676208,-0.0364144,0.00337694,0.0501218,0.101791,0.156073,0.210557,0.262952,0.311301,0.354154,0.390656,0.420547,0.444085,0.461913,0.474903,0.484009,0.490151,0.494139,0.496631,0.498129,0.498997,0.499481,0.499741,0.499875,0.499942,0.499974,0.499989,0.499995,0.499997,0.499997
0.499997,0.499997,0.499994,0.499987,0.499969,0.499932,0.499855,0.499699,0.499399,0.498841,0.497841,0.496119,0.493263,0.488703,0.481698,0.471345,0.456623,0.43649,0.410008,0.376518,0.335806,0.288243,0.234864,0.177347,0.117897,0.0590401,0.00337694,-0.0466612,-0.0890009,-0.122031,-0.144622,-0.15608,-0.15608,-0.144622,-0.122031,-0.0890009,-0.0466612,0.00337694,0.0590401,0.117897,0.177347,0.234864,0.288243,0.335806,0.376518,0.410008,0.43649,0.456623,0.471345,0.481698,0.488703,0.493263,0.496119,0.497841,0.498841,0.499399,0.499699,0.499855,0.499932,0.499969,0.499987,0.499994,0.499997,0.499997
0.499996,0.499996,0.499993,0.499985,0.499966,0.499924,0.499836,0.499661,0.499324,0.498698,0.49758,0.495656,0.492471,0.487397,0.47962,0.468155,0.451895,0.429723,0.400653,0.364019,0.319655,0.268042,0.210382,0.14856,0.0849985,0.0224234,-0.0364144,-0.0890009,-0.133252,-0.167606,-0.191011,-0.202851,-0.202851,-0.191011,-0.167606,-0.133252,-0.0890009,-0.0364144,0.0224234,0.0849985,0.14856,0.210382,0.268042,0.319655,0.364019,0.400653,0.429723,0.451895,0.468155,0.47962,0.487397,0.492471,0.495656,0.49758,0.498698,0.499324,0.499661,0.499836,0.499924,0.499966,0.499985,0.499993,0.499996,0.499996
0.499996,0.499996,0.499993,0.499983,0.499962,0.499916,0.499821,0.49963,0.499262,0.49858,0.497363,0.495273,0.491818,0.486323,0.477915,0.465541,0.448032,0.424208,0.393052,0.353897,0.306622,0.251806,0.19079,0.125629,0.0589227,-0.0064479,-0.0676208,-0.122031,-0.167606,-0.20284,-0.226765,-0.238842,-0.238842,-0.226765,-0.20284,-0.167606,-0.122031,-0.0676208,-0.0064479,0.0589227,0.125629,0.19079,0.251806,0.306622,0.353897,0.393052,0.424208,0.448032,0.465541,0.477915,0.486323,0.491818,0.495273,0.497363,0.49858,0.499262,0.49963,0.499821,0.499916,0.499962,0.499983,0.499993,0.499996,0.499996
0.499996,0.499996,0.499992,0.499982,0.49996,0.499911,0.49981,0.499607,0.499218,0.498496,0.497209,0.495,0.491352,0.485558,0.476702,0.463687,0.445294,0.420309,0.38769,0.346772,0.297474,0.240443,0.177122,0.109689,0.0408659,-0.0263595,-0.0890531,-0.144622,-0.191011,-0.226765,-0.250983,-0.26319,-0.26319,-0.250983,-0.226765,-0.191011,-0.144622,-0.0890531,-0.0263595,0.0408659,0.109689,0.177122,0.240443,0.297474,0.346772,0.38769,0.420309,0.445294,0.463687,0.476702,0.485558,0.491352,0.495,0.497209,0.498496,0.499218,0.499607,0.49981,0.499911,0.49996,0.499982,0.499992,0.499996,0.499996
0.499996,0.499996,0.499992,0.499982,0.499959,0.499908,0.499804,0.499596,0.499194,0.498452,0.497128,0.494858,0.49111,0.48516,0.476072,0.462724,0.443875,0.41829,0.384916,0.343093,0.292757,0.234595,0.170103,0.101521,0.0316354,-0.0365121,-0.0999519,-0.15608,-0.202851,-0.238842,-0.26319,-0.275451,-0.275451,-0.26319,-0.238842,-0.202851,-0.15608,-0.0999519,-0.0365121,0.0316354,0.101521,0.170103,0.234595,0.292757,0.343093,0.384916,0.41829,0.443875,0.462724,0.476072,0.48516,0.49111,0.494858,0.497128,0.498452,0.499194,0.499596,0.499804,0.499908,0.499959,0.499982,0.499992,0.499996,0.499996
0.499996,0.499996,0.499992,0.499982,0.499959,0.499908,0.499804,0.499596,0.499194,0.498452,0.497128,0.494858,0.49111,0.48516,0.476072,0.462724,0.443875,0.41829,0.384916,0.343093,0.292757,0.234595,0.170103,0.101521,0.0316354,-0.0365121,-0.0999519,-0.15608,-0.202851,-0.238842,-0.26319,-0.275451,-0.275451,-0.26319,-0.238842,-0.202851,-0.15608,-0.0999519,-0.0365121,0.0316354,0.101521,0.170103,0.234595,0.292757,0.343093,0.384916,0.41829,0.443875,0.462724,0.476072,0.48516,0.49111,0.494858,0.497128,0.498452,0.499194,0.499596,0.499804,0.499908,0.499959,0.499982,0.499992,0.499996,0.499996
0.499996,0.499996,0.499992,0.499982,0.49996,0.499911,0.49981,0.499607,0.499218,0.498496,0.497209,0.495,0.491352,0.485558,0.476702,0.463687,0.445294,0.420309,0.38769,0.346772,0.297474,0.240443,0.177122,0.109689,0.0408659,-0.0263595,-0.0890531,-0.144622,-0.191011,-0.226765,-0.250983,-0.26319,-0.26319,-0.250983,-0.226765,-0.191011,-0.144622,-0.0890531,-0.0263595,0.0408659,0.109689,0.177122,0.240443,0.297474,0.346772,0.38769,0.420309,0.445294,0.463687,0.476702,0.485558,0.491352,0.495,0.497209,0.498496,0.499218,0.499607,0.49981,0.499911,0.49996,0.499982,0.499992,0.499996,0.499996
0.499996,0.499996,0.499993,0.499983,0.499962,0.499916,0.499821,0.49963,0.499262,0.49858,0.497363,0.495273,0.491818,0.486323,0.477915,0.465541,0.448032,0.424208,0.393052,0.353897,0.306622,0.251806,0.19079,0.125629,0.0589227,-0.0064479,-0.0676208,-0.122031,-0.167606,-0.20284,-0.226765,-0.238842,-0.238842,-0.226765,-0.20284,-0.167606,-0.122031,-0.0676208,-0.0064479,0.0589227,0.125629,0.19079,0.251806,0.306622,0.353897,0.393052,0.424208,0.448032,0.465541,0.477915,0.486323,0.491818,0.495273,0.497363,0.49858,0.499262,0.49963,0.499821,0.499916,0.499962,0.499983,0.499993,0.499996,0.499996
0.499996,0.499996,0.499993,0.499985,0.499966,0.499924,0.499836,0.499661,0.499324,0.498698,0.49758,0.495656,0.492471,0.487397,0.47962,0.468155,0.451895,0.429723,0.400653,0.364019,0.319655,0.268042,0.210382,0.14856,0.0849985,0.0224234,-0.0364144,-0.0890009,-0.133252,-0.167606,-0.191011,-0.202851,-0.202851,-0.191011,-0.167606,-0.133252,-0.0890009,-0.0364144,0.0224234,0.0849985,0.14856,0.210382,0.268042,0.319655,0.364019,0.400653,0.429723,0.451895,0.468155,0.47962,0.487397,0.492471,0.495656,0.49758,0.498698,0.499324,0.499661,0.499836,0.499924,0.499966,0.499985,0.499993,0.499996,0.499996
0.499997,0.499997,0.499994,0.499987,0.499969,0.499932,0.499855,0.499699,0.499399,0.498841,0.497841,0.496119,0.493263,0.488703,0.481698,0.471345,0.456623,0.43649,0.410008,0.376518,0.335806,0.288243,0.234864,0.177347,0.117897,0.0590401,0.00337694,-0.0466612,-0.0890009,-0.122031,-0.144622,-0.15608,-0.15608,-0.144622,-0.122031,-0.0890009,-0.0466612,0.00337694,0.0590401,0.117897,0.177347,0.234864,0.288243,0.335806,0.376518,0.410008,0.43649,0.456623,0.471345,0.481698,0.488703,0.493263,0.496119,0.497841,0.498841,0.499399,0.499699,0.499855,0.499932,0.499969,0.499987,0.499994,0.499997,0.499997
0.499997,0.499997,0.499995,0.499989,0.499974,0.499942,0.499875,0.499741,0.499481,0.498997,0.498129,0.496631,0.494139,0.490151,0.484009,0.474903,0.461913,0.444085,0.420547,0.390656,0.354154,0.311301,0.262952,0.210557,0.156073,0.101791,0.0501218,0.00337694,-0.0364144,-0.0676208,-0.0890531,-0.0999519,-0.0999519,-0.0890531,-0.0676208,-0.0364144,0.00337694,0.0501218,0.101791,0.156073,0.210557,0.262952,0.311301,0.354154,0.390656,0.420547,0.444085,0.461913,0.474903,0.484009,0.490151,0.494139,0.496631,0.498129,0.498997,0.499481,0.499741,0.499875,0.499942,0.499974,0.499989,0.499995,0.499997,0.499997
0.499998,0.499998,0.499996,0.49999,0.499978,0.499951,0.499896,0.499783,0.499565,0.499158,0.498425,0.497158,0.495044,0.491652,0.48641,0.478613,0.467449,0.452065,0.431667,0.405641,0.373699,0.335995,0.293206,0.24655,0.197715,0.148733,0.101791,0.0590401,0.0224234,-0.0064479,-0.0263595,-0.0365121,-0.0365121,-0.0263595,-0.0064479,0.0224234,0.0590401,0.101791,0.148733,0.197715,0.24655,0.293206,0.335995,0.373699,0.405641,0.431667,0.452065,0.467449,0.478613,0.48641,0.491652,0.495044,0.497158,0.498425,0.499158,0.499565,0.499783,0.499896,0.499951,0.499978,0.49999,0.499996,0.499998,0.499998
0.499998,0.499998,0.499997,0.499992,0.499982,0.499961,0.499915,0.499824,0.499646,0.499313,0.498713,0.497671,0.495929,0.493123,0.488772,0.482275,0.472935,0.460008,0.442785,0.420701,0.393448,0.361092,0.324146,0.283598,0.24087,0.197715,0.156073,0.117897,0.0849985,0.0589227,0.0408659,0.0316354,0.0316354,0.0408659,0.0589227,0.0849985,0.117897,0.156073,0.197715,0.24087,0.283598,0.324146,0.361092,0.393448,0.420701,0.442785,0.460008,0.472935,0.482275,0.488772,0.493123,0.495929,0.497671,0.498713,0.499313,0.499646,0.499824,0.499915,0.499961,0.499982,0.499992,0.499997,0.499998,0.499998
0.499999,0.499999,0.499997,0.499994,0.499986,0.499969,0.499933,0.499861,0.499721,0.499456,0.498979,0.498147,0.496751,0.494496,0.490984,0.485719,0.478117,0.467547,0.453393,0.435146,0.4125,0.385451,0.354369,0.32003,0.283598,0.24655,0.210557,0.177347,0.14856,0.125629,0.109689,0.101521,0.101521,0.109689,0.125629,0.14856,0.177347,0.210557,0.24655,0.283598,0.32003,0.354369,0.385451,0.4125,0.435146,0.453393,0.467547,0.478117,0.485719,0.490984,0.494496,0.496751,0.498147,0.498979,0.499456,0.499721,0.499861,0.499933,0.499969,0.499986,0.499994,0.499997,0.499999,0.499999
0.499999,0.499999,0.499998,0.499995,0.49999,0.499977,0.499949,0.499894,0.499786,0.499583,0.499214,0.498569,0.497483,0.495721,0.492968,0.488821,0.482806,0.4744,0.463086,0.44842,0.430112,0.40811,0.382665,0.354369,0.324146,0.293206,0.262952,0.234864,0.210382,0.19079,0.177122,0.170103,0.170103,0.177122,0.19079,0.210382,0.234864,0.262952,0.293206,0.324146,0.354369,0.382665,0.40811,0.430112,0.44842,0.463086,0.4744,0.482806,0.488821,0.492968,0.495721,0.497483,0.498569,0.499214,0.499583,0.499786,0.499894,0.499949,0.499977,0.49999,0.499995,0.499998,0.499999,0.499999
0.499999,0.499999,0.499999,0.499997,0.499992,0.499983,0.499963,0.499921,0.499841,0.499689,0.499412,0.498927,0.498107,0.496771,0.494674,0.491501,0.486877,0.480382,0.471593,0.460136,0.44575,0.428354,0.40811,0.385451,0.361092,0.335995,0.311301,0.288243,0.268042,0.251806,0.240443,0.234595,0.234595,0.240443,0.251806,0.268042,0.288243,0.311301,0.335995,0.361092,0.385451,0.40811,0.428354,0.44575,0.460136,0.471593,0.480382,0.486877,0.491501,0.494674,0.496771,0.498107,0.498927,0.499412,0.499689,0.499841,0.499921,0.499963,0.499983,0.499992,0.499997,0.499999,0.499999,0.499999
0.499999,0.499999,0.499999,0.499998,0.499995,0.499988,0.499973,0.499944,0.499886,0.499775,0.499574,0.49922,0.498619,0.497635,0.496085,0.493728,0.490276,0.485403,0.478773,0.470082,0.459104,0.44575,0.430112,0.4125,0.393448,0.373699,0.354154,0.335806,0.319655,0.306622,0.297474,0.292757,0.292757,0.297474,0.306622,0.319655,0.335806,0.354154,0.373699,0.393448,0.4125,0.430112,0.44575,0.459104,0.470082,0.478773,0.485403,0.490276,0.493728,0.496085,0.497635,0.498619,0.49922,0.499574,0.499775,0.499886,0.499944,0.499973,0.499988,0.499995,0.499998,0.499999,0.499999,0.499999
0.5,0.5,0.499999,0.499998,0.499996,0.499991,0.499981,0.499961,0.49992,0.499843,0.499701,0.49945,0.499022,0.49832,0.497208,0.495509,0.493009,0.489461,0.484607,0.478209,0.470082,0.460136,0.44842,0.435146,0.420701,0.405641,0.390656,0.376518,0.364019,0.353897,0.346772,0.343093,0.343093,0.346772,0.353897,0.364019,0.376518,0.390656,0.405641,0.420701,0.435146,0.44842,0.460136,0.470082,0.478209,0.484607,0.489461,0.493009,0.495509,0.497208,0.49832,0.499022,0.49945,0.499701,0.499843,0.49992,0.499961,0.499981,0.499991,0.499996,0.499998,0.499999,0.5,0.5
0.5,0.5,0.5,0.499999,0.499997,0.499994,0.499987,0.499974,0.499946,0.499893,0.499796,0.499624,0.499329,0.498843,0.498069,0.496882,0.495125,0.49262,0.489174,0.484607,0.478773,0.471593,0.463086,0.453393,0.442785,0.431667,0.420547,0.410008,0.400653,0.393052,0.38769,0.384916,0.384916,0.38769,0.393052,0.400653,0.410008,0.420547,0.431667,0.442785,0.453393,0.463086,0.471593,0.478773,0.484607,0.489174,0.49262,0.495125,0.496882,0.498069,0.498843,0.499329,0.499624,0.499796,0.499893,0.499946,0.499974,0.499987,0.499994,0.499997,0.499999,0.5,0.5,0.5
0.5,0.5,0.5,0.499999,0.499998,0.499996,0.499992,0.499983,0.499965,0.49993,0.499865,0.499751,0.499554,0.499227,0.498705,0.497901,0.496705,0.49499,0.49262,0.489461,0.485403,0.480382,0.4744,0.467547,0.460008,0.452065,0.444085,0.43649,0.429723,0.424208,0.420309,0.41829,0.41829,0.420309,0.424208,0.429723,0.43649,0.444085,0.452065,0.460008,0.467547,0.4744,0.480382,0.485403,0.489461,0.49262,0.49499,0.496705,0.497901,0.498705,0.499227,0.499554,0.499751,0.499865,0.49993,0.499965,0.499983,0.499992,0.499996,0.499998,0.499999,0.5,0.5,0.5
0.5,0.5,0.5,0.5,0.499999,0.499998,0.499995,0.499989,0.499977,0.499955,0.499914,0.49984,0.499712,0.4995,0.499159,0.498631,0.497842,0.496705,0.495125,0.493009,0.490276,0.486877,0.482806,0.478117,0.472935,0.467449,0.461913,0.456623,0.451895,0.448032,0.445294,0.443875,0.443875,0.445294,0.448032,0.451895,0.456623,0.461913,0.467449,0.472935,0.478117,0.482806,0.486877,0.490276,0.493009,0.495125,0.496705,0.497842,0.498631,0.499159,0.4995,0.499712,0.49984,0.499914,0.499955,0.499977,0.499989,0.499995,0.499998,0.499999,0.5,0.5,0.5,0.5
0.5,0.5,0.5,0.5,0.499999,0.499999,0.499997,0.499993,0.499986,0.499972,0.499947,0.499901,0.499821,0.499687,0.499471,0.499135,0.498631,0.497901,0.496882,0.495509,0.493728,0.491501,0.488821,0.485719,0.482275,0.478613,0.474903,0.471345,0.468155,0.465541,0.463687,0.462724,0.462724,0.463687,0.465541,0.468155,0.471345,0.474903,0.478613,0.482275,0.485719,0.488821,0.491501,0.493728,0.495509,0.496882,0.497901,0.498631,0.499135,0.499471,0.499687,0.499821,0.499901,0.499947,0.499972,0.499986,0.499993,0.499997,0.499999,0.499999,0.5,0.5,0.5,0.5
0.5,0.5,0.5,0.5,0.5,0.499999,0.499998,0.499996,0.499992,0.499983,0.499968,0.49994,0.499892,0.49981,0.499678,0.499471,0.499159,0.498705,0.498069,0.497208,0.496085,0.494674,0.492968,0.490984,0.488772,0.48641,0.484009,0.481698,0.47962,0.477915,0.476702,0.476072,0.476072,0.476702,0.477915,0.47962,0.481698,0.484009,0.48641,0.488772,0.490984,0.492968,0.494674,0.496085,0.497208,0.498069,0.498705,0.499159,0.499471,0.499678,0.49981,0.499892,0.49994,0.499968,0.499983,0.499992,0.499996,0.499998,0.499999,0.5,0.5,0.5,0.5,0.5
0.5,0.5,0.5,0.5,0.5,0.5,0.499999,0.499998,0.499995,0.49999,0.499981,0.499965,0.499937,0.499888,0.49981,0.499687,0.4995,0.499227,0.498843,0.49832,0.497635,0.496771,0.495721,0.494496,0.493123,0.491652,0.490151,0.488703,0.487397,0.486323,0.485558,0.48516,0.48516,0.485558,0.486323,0.487397,0.488703,0.490151,0.491652,0.493123,0.494496,0.495721,0.496771,0.497635,0.49832,0.498843,0.499227,0.4995,0.499687,0.49981,0.499888,0.499937,0.499965,0.499981,0.49999,0.499995,0.499998,0.499999,0.5,0.5,0.5,0.5,0.5,0.5
0.5,0.5,0.5,0.5,0.5,0.5,0.499999,0.499999,0.499997,0.499995,0.49999,0.49998,0.499964,0.499937,0.499892,0.499821,0.499712,0.499554,0.499329,0.499022,0.498619,0.498107,0.497483,0.496751,0.495929,0.495044,0.494139,0.493263,0.492471,0.491818,0.491352,0.49111,0.49111,0.491352,0.491818,0.492471,0.493263,0.494139,0.495044,0.495929,0.496751,0.497483,0.498107,0.498619,0.499022,0.499329,0.499554,0.499712,0.499821,0.499892,0.499937,0.499964,0.49998,0.49999,0.499995,0.499997,0.499999,0.499999,0.5,0.5,0.5,0.5,0.5,0.5
0.5,0.5,0.5,0.5,0.5,0.5,0.5,0.499999,0.499999,0.499997,0.499994,0.499989,0.49998,0.499965,0.49994,0.499901,0.49984,0.499751,0.499624,0.49945,0.49922,0.498927,0.498569,0.498147,0.497671,0.497158,0.496631,0.496119,0.495656,0.495273,0.495,0.494858,0.494858,0.495,0.495273,0.495656,0.496119,0.496631,0.497158,0.497671,0.498147,0.498569,0.498927,0.49922,0.49945,0.499624,0.499751,0.49984,0.499901,0.49994,0.499965,0.49998,0.499989,0.499994,0.499997,0.499999,0.499999,0.5,0.5,0.5,0.5,0.5,0.5,0.5
0.5,0.5,0.5,0.5,0.5,0.5,0.5,0.5,0.499999,0.499998,0.499997,0.499994,0.49999,0.499981,0.499968,0.499947,0.499914,0.499865,0.499796,0.499701,0.499574,0.499412,0.499214,0.498979,0.498713,0.498425,0.498129,0.497841,0.49758,0.497363,0.497209,0.497128,0.497128,0.497209,0.497363,0.49758,0.497841,0.498129,0.498425,0.498713,0.498979,0.499214,0.499412,0.499574,0.499701,0.499796,0.499865,0.499914,0.499947,0.499968,0.499981,0.49999,0.499994,0.499997,0.499998,0.499999,0.5,0.5,0.5,0.5,0.5,0.5,0.5,0.5
0.5,0.5,0.5,0.5,0.5,0.5,0.5,0.5,0.5,0.499999,0.499998,0.499997,0.499995,0.49999,0.499983,0.499972,0.499955,0.49993,0.499893,0.499843,0.499775,0.499689,0.499583,0.499456,0.499313,0.499158,0.498997,0.498841,0.498698,0.49858,0.498496,0.498452,0.498452,0.498496,0.49858,0.498698,0.498841,0.498997,0.499158,0.499313,0.499456,0.499583,0.499689,0.499775,0.499843,0.499893,0.49993,0.499955,0.499972,0.499983,0.49999,0.499995,0.499997,0.499998,0.499999,0.5,0.5,0.5,0.5,0.5,0.5,0.5,0.5,0.5
0.5,0.5,0.5,0.5,0.5,0.5,0.5,0.5,0.5,0.5,0.499999,0.499999,0.499997,0.499995,0.499992,0.499986,0.499977,0.499965,0.499946,0.49992,0.499886,0.499841,0.499786,0.499721,0.499646,0.499565,0.499481,0.499399,0.499324,0.499262,0.499218,0.499194,0.499194,0.499218,0.499262,0.499324,0.499399,0.499481,0.499565,0.499646,0.499721,0.499786,0.499841,0.499886,0.49992,0.499946,0.499965,0.499977,0.499986,0.499992,0.499995,0.499997,0.499999,0.499999,0.5,0.5,0.5,0.5,0.5,0.5,0.5,0.5,0.5,0.5
0.5,0.5,0.5,0.5,0.5,0.5,0.5,0.5,0.5,0.5,0.5,0.499999,0.499999,0.499998,0.499996,0.499993,0.499989,0.499983,0.499974,0.499961,0.499944,0.499921,0.499894,0.499861,0.499824,0.499783,0.499741,0.499699,0.499661,0.49963,0.499607,0.499596,0.499596,0.499607,0.49963,0.499661,0.499699,0.499741,0.499783,0.499824,0.499861,0.499894,0.499921,0.499944,0.499961,0.499974,0.499983,0.499989,0.499993,0.499996,0.499998,0.499999,0.499999,0.5,0.5,0.5,0.5,0.5,0.5,0.5,0.5,0.5,0.5,0.5
0.5,0.5,0.5,0.5,0.5,0.5,0.5,0.5,0.5,0.5,0.5,0.5,0.499999,0.499999,0.499998,0.499997,0.499995,0.499992,0.499987,0.499981,0.499973,0.499963,0.499949,0.499933,0.499915,0.499896,0.499875,0.499855,0.499836,0.499821,0.49981,0.499804,0.499804,0.49981,0.499821,0.499836,0.499855,0.499875,0.499896,0.499915,0.499933,0.499949,0.499963,0.499973,0.499981,0.499987,0.499992,0.499995,0.499997,0.499998,0.499999,0.499999,0.5,0.5,0.5,0.5,0.5,0.5,0.5,0.5,0.5,0.5,0.5,0.5
0.5,0.5,0.5,0.5,0.5,0.5,0.5,0.5,0.5,0.5,0.5,0.5,0.5,0.5,0.499999,0.499999,0.499998,0.499996,0.499994,0.499991,0.499988,0.499983,0.499977,0.499969,0.499961,0.499951,0.499942,0.499932,0.499924,0.499916,0.499911,0.499908,0.499908,0.499911,0.499916,0.499924,0.499932,0.499942,0.499951,0.499961,0.499969,0.499977,0.499983,0.499988,0.499991,0.499994,0.499996,0.499998,0.499999,0.499999,0.5,0.5,0.5,0.5,0.5,0.5,0.5,0.5,0.5,0.5,0.5,0.5,0.5,0.5
0.5,0.5,0.5,0.5,0.5,0.5,0.5,0.5,0.5,0.5,0.5,0.5,0.5,0.5,0.5,0.499999,0.499999,0.499998,0.499997,0.499996,0.499995,0.499992,0.49999,0.499986,0.499982,0.499978,0.499974,0.499969,0.499966,0.499962,0.49996,0.499959,0.499959,0.49996,0.499962,0.499966,0.499969,0.499974,0.499978,0.499982,0.499986,0.49999,0.499992,0.499995,0.499996,0.499997,0.499998,0.499999,0.499999,0.5,0.5,0.5,0.5,0.5,0.5,0.5,0.5,0.5,0.5,0.5,0.5,0.5,0.5,0.5
0.5,0.5,0.5,0.5,0.5,0.5,0.5,0.5,0.5,0.5,0.5,0.5,0.5,0.5,0.5,0.5,0.5,0.499999,0.499999,0.499998,0.499998,0.499997,0.499995,0.499994,0.499992,0.49999,0.499989,0.499987,0.499985,0.499983,0.499982,0.499982,0.499982,0.499982,0.499983,0.499985,0.499987,0.499989,0.49999,0.499992,0.499994,0.499995,0.499997,0.499998,0.499998,0.499999,0.499999,0.5,0.5,0.5,0.5,0.5,0.5,0.5,0.5,0.5,0.5,0.5,0.5,0.5,0.5,0.5,0.5,0.5
0.5,0.5,0.5,0.5,0.5,0.5,0.5,0.5,0.5,0.5,0.5,0.5,0.5,0.5,0.5,0.5,0.5,0.5,0.5,0.499999,0.499999,0.499999,0.499998,0.499997,0.499997,0.499996,0.499995,0.499994,0.499993,0.499993,0.499992,0.499992,0.499992,0.499992,0.499993,0.499993,0.499994,0.499995,0.499996,0.499997,0.499997,0.499998,0.499999,0.499999,0.499999,0.5,0.5,0.5,0.5,0.5,0.5,0.5,0.5,0.5,0.5,0.5,0.5,0.5,0.5,0.5,0.5,0.5,0.5,0.5
0.5,0.5,0.5,0.5,0.5,0.5,0.5,0.5,0.5,0.5,0.5,0.5,0.5,0.5,0.5,0.5,0.5,0.5,0.5,0.5,0.499999,0.499999,0.499999,0.499999,0.499998,0.499998,0.499997,0.499997,0.499996,0.499996,0.499996,0.499996,0.499996,0.499996,0.499996,0.499996,0.499997,0.499997,0.499998,0.499998,0.499999,0.499999,0.499999,0.499999,0.5,0.5,0.5,0.5,0.5,0.5,0.5,0.5,0.5,0.5,0.5,0.5,0.5,0.5,0.5,0.5,0.5,0.5,0.5,0.5
0.5,0.5,0.5,0.5,0.5,0.5,0.5,0.5,0.5,0.5,0.5,0.5,0.5,0.5,0.5,0.5,0.5,0.5,0.5,0.5,0.499999,0.499999,0.499999,0.499999,0.499998,0.499998,0.499997,0.499997,0.499996,0.499996,0.499996,0.499996,0.499996,0.499996,0.499996,0.499996,0.499997,0.499997,0.499998,0.499998,0.499999,0.499999,0.499999,0.499999,0.5,0.5,0.5,0.5,0.5,0.5,0.5,0.5,0.5,0.5,0.5,0.5,0.5,0.5,0.5,0.5,0.5,0.5,0.5,0.5
