0.5,0.5,0.5,0.5,0.5,0.499999,0.499999,0.499998,0.499996,0.499992,0.499987,0.499979,0.499967,0.499949,0.499922,0.499885,0.499836,0.49977,0.499685,0.49958,0.499454,0.499306,0.499137,0.498953,0.498757,0.498557,0.498362,0.498179,0.49802,0.497891,0.497801,0.497754,0.497754,0.497801,0.497891,0.49802,0.498179,0.498362,0.498557,0.498757,0.498953,0.499137,0.499306,0.499454,0.49958,0.499685,0.49977,0.499836,0.499885,0.499922,0.499949,0.499967,0.499979,0.499987,0.499992,0.499996,0.499998,0.499999,0.499999,0.5,0.5,0.5,0.5,0.5
0.5,0.5,0.5,0.5,0.5,0.499999,0.499999,0.499998,0.499996,0.499992,0.499987,0.499979,0.499967,0.499949,0.499922,0.499885,0.499836,0.49977,0.499685,0.49958,0.499454,0.499306,0.499137,0.498953,0.498757,0.498557,0.498362,0.498179,0.49802,0.497891,0.497801,0.497754,0.497754,0.497801,0.497891,0.49802,0.498179,0.498362,0.498557,0.498757,0.498953,0.499137,0.499306,0.499454,0.49958,0.499685,0.49977,0.499836,0.499885,0.499922,0.499949,0.499967,0.499979,0.499987,0.499992,0.499996,0.499998,0.499999,0.499999,0.5,0.5,0.5,0.5,0.5
0.5,0.5,0.5,0.5,0.499999,0.499999,0.499998,0.499996,0.499993,0.499989,0.499981,0.499969,0.499951,0.499925,0.499887,0.499834,0.499763,0.49967,0.499552,0.499406,0.499231,0.499028,0.498798,0.498547,0.498282,0.498013,0.49775,0.497506,0.497293,0.497121,0.497001,0.496939,0.496939,0.497001,0.497121,0.497293,0.497506,0.49775,0.498013,0.498282,0.498547,0.498798,0.499028,0.499231,0.499406,0.499552,0.49967,0.499763,0.499834,0.499887,0.499925,0.499951,0.499969,0.499981,0.499989,0.499993,0.499996,0.499998,0.499999,0.499999,0.5,0.5,0.5,0.5
0.5,0.5,0.5,0.499999,0.499999,0.499998,0.499996,0.499993,0.499988,0.49998,0.499966,0.499946,0.499914,0.499869,0.499805,0.499716,0.499597,0.499444,0.499249,0.499012,0.498728,0.498402,0.498035,0.497638,0.497221,0.496799,0.49639,0.496011,0.495682,0.495417,0.495233,0.495138,0.495138,0.495233,0.495417,0.495682,0.496011,0.49639,0.496799,0.497221,0.497638,0.498035,0.498402,0.498728,0.499012,0.499249,0.499444,0.499597,0.499716,0.499805,0.499869,0.499914,0.499946,0.499966,0.49998,0.499988,0.499993,0.499996,0.499998,0.499999,0.499999,0.5,0.5,0.5
0.5,0.5,0.499999,0.499999,0.499998,0.499996,0.499993,0.499987,0.499978,0.499962,0.499938,0.499901,0.499845,0.499764,0.499651,0.499497,0.499292,0.499028,0.498698,0.498297,0.497824,0.497281,0.496677,0.496025,0.495347,0.494664,0.494005,0.493397,0.49287,0.492449,0.492155,0.492004,0.492004,0.492155,0.492449,0.49287,0.493397,0.494005,0.494664,0.495347,0.496025,0.496677,0.497281,0.497824,0.498297,0.498698,0.499028,0.499292,0.499497,0.499651,0.499764,0.499845,0.499901,0.499938,0.499962,0.499978,0.499987,0.499993,0.499996,0.499998,0.499999,0.499999,0.5,0.5
0.499999,0.499999,0.499999,0.499998,0.499996,0.499993,0.499987,0.499976,0.499959,0.499931,0.499888,0.499821,0.499723,0.499582,0.499386,0.499121,0.498772,0.498326,0.497773,0.497105,0.496324,0.495434,0.494451,0.493399,0.492309,0.491219,0.490171,0.48921,0.488379,0.487717,0.487257,0.487021,0.487021,0.487257,0.487717,0.488379,0.48921,0.490171,0.491219,0.492309,0.493399,0.494451,0.495434,0.496324,0.497105,0.497773,0.498326,0.498772,0.499121,0.499386,0.499582,0.499723,0.499821,0.499888,0.499931,0.499959,0.499976,0.499987,0.499993,0.499996,0.499998,0.499999,0.499999,0.499999
0.499999,0.499999,0.499998,0.499996,0.499993,0.499987,0.499976,0.499957,0.499927,0.499878,0.499802,0.499687,0.499518,0.499279,0.498948,0.498504,0.497925,0.497192,0.496289,0.495209,0.493954,0.492537,0.490984,0.489332,0.487631,0.485941,0.484325,0.48285,0.48158,0.480571,0.479871,0.479512,0.479512,0.479871,0.480571,0.48158,0.48285,0.484325,0.485941,0.487631,0.489332,0.490984,0.492537,0.493954,0.495209,0.496289,0.497192,0.497925,0.498504,0.498948,0.499279,0.499518,0.499687,0.499802,0.499878,0.499927,0.499957,0.499976,0.499987,0.499993,0.499996,0.499998,0.499999,0.499999
0.499998,0.499998,0.499996,0.499993,0.499987,0.499976,0.499957,0.499925,0.499873,0.499789,0.49966,0.499466,0.499186,0.49879,0.498248,0.497527,0.496595,0.495426,0.493999,0.492307,0.490356,0.488172,0.485795,0.483287,0.480724,0.478191,0.475784,0.473598,0.471723,0.470239,0.469211,0.468686,0.468686,0.469211,0.470239,0.471723,0.473598,0.475784,0.478191,0.480724,0.483287,0.485795,0.488172,0.490356,0.492307,0.493999,0.495426,0.496595,0.497527,0.498248,0.49879,0.499186,0.499466,0.49966,0.499789,0.499873,0.499925,0.499957,0.499976,0.499987,0.499993,0.499996,0.499998,0.499998
0.499996,0.499996,0.499993,0.499988,0.499978,0.499959,0.499927,0.499873,0.499784,0.499645,0.499433,0.499117,0.498663,0.498028,0.497167,0.496033,0.49458,0.492773,0.490589,0.488022,0.485089,0.481833,0.47832,0.474643,0.470912,0.467251,0.463794,0.46067,0.458003,0.455901,0.454449,0.453707,0.453707,0.454449,0.455901,0.458003,0.46067,0.463794,0.467251,0.470912,0.474643,0.47832,0.481833,0.485089,0.488022,0.490589,0.492773,0.49458,0.496033,0.497167,0.498028,0.498663,0.499117,0.499433,0.499645,0.499784,0.499873,0.499927,0.499959,0.499978,0.499988,0.499993,0.499996,0.499996
0.499992,0.499992,0.499989,0.49998,0.499962,0.499931,0.499878,0.499789,0.499645,0.499421,0.499081,0.498581,0.497868,0.49688,0.495553,0.493821,0.491626,0.488921,0.485683,0.481914,0.477649,0.472958,0.467943,0.462738,0.457499,0.452398,0.447612,0.443314,0.439663,0.436796,0.434822,0.433816,0.433816,0.434822,0.436796,0.439663,0.443314,0.447612,0.452398,0.457499,0.462738,0.467943,0.472958,0.477649,0.481914,0.485683,0.488921,0.491626,0.493821,0.495553,0.49688,0.497868,0.498581,0.499081,0.499421,0.499645,0.499789,0.499878,0.499931,0.499962,0.49998,0.499989,0.499992,0.499992
0.499987,0.499987,0.499981,0.499966,0.499938,0.499888,0.499802,0.49966,0.499433,0.499081,0.498552,0.497782,0.496695,0.495203,0.493219,0.490655,0.487438,0.483515,0.478866,0.47351,0.467511,0.460978,0.454062,0.44695,0.439855,0.433004,0.426624,0.420932,0.416123,0.412365,0.409785,0.408472,0.408472,0.409785,0.412365,0.416123,0.420932,0.426624,0.433004,0.439855,0.44695,0.454062,0.460978,0.467511,0.47351,0.478866,0.483515,0.487438,0.490655,0.493219,0.495203,0.496695,0.497782,0.498552,0.499081,0.499433,0.49966,0.499802,0.499888,0.499938,0.499966,0.499981,0.499987,0.499987
0.499979,0.499979,0.499969,0.499946,0.499901,0.499821,0.499687,0.499466,0.499117,0.498581,0.497782,0.496631,0.495019,0.492831,0.48995,0.486266,0.481693,0.476177,0.469711,0.462343,0.45418,0.445385,0.436173,0.426795,0.417531,0.408665,0.400477,0.393226,0.387138,0.382404,0.379166,0.377523,0.377523,0.379166,0.382404,0.387138,0.393226,0.400477,0.408665,0.417531,0.426795,0.436173,0.445385,0.45418,0.462343,0.469711,0.476177,0.481693,0.486266,0.48995,0.492831,0.495019,0.496631,0.497782,0.498581,0.499117,0.499466,0.499687,0.499821,0.499901,0.499946,0.499969,0.499979,0.499979
0.499967,0.499967,0.499951,0.499914,0.499845,0.499723,0.499518,0.499186,0.498663,0.497868,0.496695,0.495019,0.492698,0.489579,0.485516,0.480377,0.474068,0.466546,0.457829,0.448013,0.437264,0.425817,0.413964,0.402034,0.390372,0.379324,0.369214,0.360335,0.352933,0.347209,0.343311,0.341338,0.341338,0.343311,0.347209,0.352933,0.360335,0.369214,0.379324,0.390372,0.402034,0.413964,0.425817,0.437264,0.448013,0.457829,0.466546,0.474068,0.480377,0.485516,0.489579,0.492698,0.495019,0.496695,0.497868,0.498663,0.499186,0.499518,0.499723,0.499845,0.499914,0.499951,0.499967,0.499967
0.499949,0.499949,0.499925,0.499869,0.499764,0.499582,0.499279,0.49879,0.498028,0.49688,0.495203,0.492831,0.489579,0.485257,0.479687,0.472724,0.464274,0.454319,0.442926,0.430254,0.416553,0.402147,0.387416,0.372769,0.358623,0.345371,0.333371,0.32293,0.314297,0.307665,0.30317,0.300901,0.300901,0.30317,0.307665,0.314297,0.32293,0.333371,0.345371,0.358623,0.372769,0.387416,0.402147,0.416553,0.430254,0.442926,0.454319,0.464274,0.472724,0.479687,0.485257,0.489579,0.492831,0.495203,0.49688,0.498028,0.49879,0.499279,0.499582,0.499764,0.499869,0.499925,0.499949,0.499949
0.499922,0.499922,0.499887,0.499805,0.499651,0.499386,0.498948,0.498248,0.497167,0.495553,0.493219,0.48995,0.485516,0.479687,0.472262,0.463087,0.452091,0.4393,0.424852,0.408997,0.392086,0.374549,0.356862,0.339517,0.322986,0.307698,0.294019,0.282246,0.272602,0.26525,0.260297,0.257805,0.257805,0.260297,0.26525,0.272602,0.282246,0.294019,0.307698,0.322986,0.339517,0.356862,0.374549,0.392086,0.408997,0.424852,0.4393,0.452091,0.463087,0.472262,0.479687,0.485516,0.48995,0.493219,0.495553,0.497167,0.498248,0.498948,0.499386,0.499651,0.499805,0.499887,0.499922,0.499922
0.499885,0.499885,0.499834,0.499716,0.499497,0.499121,0.498504,0.497527,0.496033,0.493821,0.490655,0.486266,0.480377,0.472724,0.463087,0.451328,0.437415,0.421446,0.403658,0.384416,0.364196,0.343541,0.323027,0.303215,0.284618,0.26767,0.252715,0.240007,0.229714,0.221939,0.216736,0.214131,0.214131,0.216736,0.221939,0.229714,0.240007,0.252715,0.26767,0.284618,0.303215,0.323027,0.343541,0.364196,0.384416,0.403658,0.421446,0.437415,0.451328,0.463087,0.472724,0.480377,0.486266,0.490655,0.493821,0.496033,0.497527,0.498504,0.499121,0.499497,0.499716,0.499834,0.499885,0.499885
0.499836,0.499836,0.499763,0.499597,0.499292,0.498772,0.497925,0.496595,0.49458,0.491626,0.487438,0.481693,0.474068,0.464274,0.452091,0.437415,0.420282,0.400895,0.379617,0.356954,0.333518,0.309974,0.286987,0.26517,0.245043,0.227013,0.211364,0.198269,0.187807,0.179995,0.174812,0.172231,0.172231,0.174812,0.179995,0.187807,0.198269,0.211364,0.227013,0.245043,0.26517,0.286987,0.309974,0.333518,0.356954,0.379617,0.400895,0.420282,0.437415,0.452091,0.464274,0.474068,0.481693,0.487438,0.491626,0.49458,0.496595,0.497925,0.498772,0.499292,0.499597,0.499763,0.499836,0.499836
0.49977,0.49977,0.49967,0.499444,0.499028,0.498326,0.497192,0.495426,0.492773,0.488921,0.483515,0.476177,0.466546,0.454319,0.4393,0.421446,0.400895,0.377984,0.353231,0.327304,0.300958,0.274975,0.25009,0.226936,0.206006,0.187636,0.17201,0.159181,0.149108,0.141697,0.136837,0.134433,0.134433,0.136837,0.141697,0.149108,0.159181,0.17201,0.187636,0.206006,0.226936,0.25009,0.274975,0.300958,0.327304,0.353231,0.377984,0.400895,0.421446,0.4393,0.454319,0.466546,0.476177,0.483515,0.488921,0.492773,0.495426,0.497192,0.498326,0.499028,0.499444,0.49967,0.49977,0.49977
0.499685,0.499685,0.499552,0.499249,0.498698,0.497773,0.496289,0.493999,0.490589,0.485683,0.478866,0.469711,0.457829,0.442926,0.424852,0.403658,0.379617,0.353231,0.325199,0.296359,0.267613,0.239838,0.213811,0.190149,0.169271,0.151401,0.136579,0.124709,0.115604,0.10904,0.104804,0.10273,0.10273,0.104804,0.10904,0.115604,0.124709,0.136579,0.151401,0.169271,0.190149,0.213811,0.239838,0.267613,0.296359,0.325199,0.353231,0.379617,0.403658,0.424852,0.442926,0.457829,0.469711,0.478866,0.485683,0.490589,0.493999,0.496289,0.497773,0.498698,0.499249,0.499552,0.499685,0.499685
0.49958,0.49958,0.499406,0.499012,0.498297,0.497105,0.495209,0.492307,0.488022,0.481914,0.47351,0.462343,0.448013,0.430254,0.408997,0.384416,0.356954,0.327304,0.296359,0.265134,0.234661,0.205887,0.179594,0.156334,0.136412,0.119892,0.106642,0.0963891,0.0887855,0.0834706,0.0801258,0.0785156,0.0785156,0.0801258,0.0834706,0.0887855,0.0963891,0.106642,0.119892,0.136412,0.156334,0.179594,0.205887,0.234661,0.265134,0.296359,0.327304,0.356954,0.384416,0.408997,0.430254,0.448013,0.462343,0.47351,0.481914,0.488022,0.492307,0.495209,0.497105,0.498297,0.499012,0.499406,0.49958,0.49958
0.499454,0.499454,0.499231,0.498728,0.497824,0.496324,0.493954,0.490356,0.485089,0.477649,0.467511,0.45418,0.437264,0.416553,0.392086,0.364196,0.333518,0.300958,0.267613,0.234661,0.20324,0.174336,0.148686,0.126734,0.108624,0.094231,0.0832228,0.0751388,0.0694666,0.0657133,0.0634624,0.0624149,0.0624149,0.0634624,0.0657133,0.0694666,0.0751388,0.0832228,0.094231,0.108624,0.126734,0.148686,0.174336,0.20324,0.234661,0.267613,0.300958,0.333518,0.364196,0.392086,0.416553,0.437264,0.45418,0.467511,0.477649,0.485089,0.490356,0.493954,0.496324,0.497824,0.498728,0.499231,0.499454,0.499454
0.499306,0.499306,0.499028,0.498402,0.497281,0.495434,0.492537,0.488172,0.481833,0.472958,0.460978,0.445385,0.425817,0.402147,0.374549,0.343541,0.309974,0.274975,0.239838,0.205887,0.174336,0.14616,0.12201,0.102178,0.0866092,0.0749654,0.0667051,0.0611798,0.0577227,0.0557236,0.0546841,0.0542541,0.0542541,0.0546841,0.0557236,0.0577227,0.0611798,0.0667051,0.0749654,0.0866092,0.102178,0.12201,0.14616,0.174336,0.205887,0.239838,0.274975,0.309974,0.343541,0.374549,0.402147,0.425817,0.445385,0.460978,0.472958,0.481833,0.488172,0.492537,0.495434,0.497281,0.498402,0.499028,0.499306,0.499306
0.499137,0.499137,0.498798,0.498035,0.496677,0.494451,0.490984,0.485795,0.47832,0.467943,0.454062,0.436173,0.413964,0.387416,0.356862,0.323027,0.286987,0.25009,0.213811,0.179594,0.148686,0.12201,0.100086,0.0830161,0.0705253,0.0620485,0.0568373,0.0540694,0.0529451,0.0527607,0.0529582,0.0531541,0.0531541,0.0529582,0.0527607,0.0529451,0.0540694,0.0568373,0.0620485,0.0705253,0.0830161,0.100086,0.12201,0.148686,0.179594,0.213811,0.25009,0.286987,0.323027,0.356862,0.387416,0.413964,0.436173,0.454062,0.467943,0.47832,0.485795,0.490984,0.494451,0.496677,0.498035,0.498798,0.499137,0.499137
0.498953,0.498953,0.498547,0.497638,0.496025,0.493399,0.489332,0.483287,0.474643,0.462738,0.44695,0.426795,0.402034,0.372769,0.339517,0.303215,0.26517,0.226936,0.190149,0.156334,0.126734,0.102178,0.0830161,0.0691365,0.0600308,0.0549102,0.0528337,0.0528297,0.0539946,0.0555608,0.0569366,0.0577241,0.0577241,0.0569366,0.0555608,0.0539946,0.0528297,0.0528337,0.0549102,0.0600308,0.0691365,0.0830161,0.102178,0.126734,0.156334,0.190149,0.226936,0.26517,0.303215,0.339517,0.372769,0.402034,0.426795,0.44695,0.462738,0.474643,0.483287,0.489332,0.493399,0.496025,0.497638,0.498547,0.498953,0.498953
0.498757,0.498757,0.498282,0.497221,0.495347,0.492309,0.487631,0.480724,0.470912,0.457499,0.439855,0.417531,0.390372,0.358623,0.322986,0.284618,0.245043,0.206006,0.169271,0.136412,0.108624,0.0866092,0.0705253,0.0600308,0.0543853,0.0525905,0.0535373,0.0561358,0.0594113,0.0625635,0.0649926,0.0663043,0.0663043,0.0649926,0.0625635,0.0594113,0.0561358,0.0535373,0.0525905,0.0543853,0.0600308,0.0705253,0.0866092,0.108624,0.136412,0.169271,0.206006,0.245043,0.284618,0.322986,0.358623,0.390372,0.417531,0.439855,0.457499,0.470912,0.480724,0.487631,0.492309,0.495347,0.497221,0.498282,0.498757,0.498757
0.498557,0.498557,0.498013,0.496799,0.494664,0.491219,0.485941,0.478191,0.467251,0.452398,0.433004,0.408665,0.379324,0.345371,0.307698,0.26767,0.227013,0.187636,0.151401,0.119892,0.094231,0.0749654,0.0620485,0.0549102,0.0525905,0.0539048,0.0576067,0.0625207,0.0676336,0.0721402,0.0754555,0.0772042,0.0772042,0.0754555,0.0721402,0.0676336,0.0625207,0.0576067,0.0539048,0.0525905,0.0549102,0.0620485,0.0749654,0.094231,0.119892,0.151401,0.187636,0.227013,0.26767,0.307698,0.345371,0.379324,0.408665,0.433004,0.452398,0.467251,0.478191,0.485941,0.491219,0.494664,0.496799,0.498013,0.498557,0.498557
0.498362,0.498362,0.49775,0.49639,0.494005,0.490171,0.484325,0.475784,0.463794,0.447612,0.426624,0.400477,0.369214,0.333371,0.294019,0.252715,0.211364,0.17201,0.136579,0.106642,0.0832228,0.0667051,0.0568373,0.0528337,0.0535373,0.0576067,0.0636895,0.0705565,0.0771832,0.0827826,0.0868006,0.0888918,0.0888918,0.0868006,0.0827826,0.0771832,0.0705565,0.0636895,0.0576067,0.0535373,0.0528337,0.0568373,0.0667051,0.0832228,0.106642,0.136579,0.17201,0.211364,0.252715,0.294019,0.333371,0.369214,0.400477,0.426624,0.447612,0.463794,0.475784,0.484325,0.490171,0.494005,0.49639,0.49775,0.498362,0.498362
0.498179,0.498179,0.497506,0.496011,0.493397,0.48921,0.48285,0.473598,0.46067,0.443314,0.420932,0.393226,0.360335,0.32293,0.282246,0.240007,0.198269,0.159181,0.124709,0.0963891,0.0751388,0.0611798,0.0540694,0.0528297,0.0561358,0.0625207,0.0705565,0.0789857,0.0867935,0.0932256,0.0977684,0.100112,0.100112,0.0977684,0.0932256,0.0867935,0.0789857,0.0705565,0.0625207,0.0561358,0.0528297,0.0540694,0.0611798,0.0751388,0.0963891,0.124709,0.159181,0.198269,0.240007,0.282246,0.32293,0.360335,0.393226,0.420932,0.443314,0.46067,0.473598,0.48285,0.48921,0.493397,0.496011,0.497506,0.498179,0.498179
0.49802,0.49802,0.497293,0.495682,0.49287,0.488379,0.48158,0.471723,0.458003,0.439663,0.416123,0.387138,0.352933,0.314297,0.272602,0.229714,0.187807,0.149108,0.115604,0.0887855,0.0694666,0.0577227,0.0529451,0.0539946,0.0594113,0.0676336,0.0771832,0.0867935,0.0954711,0.102501,0.107412,0.109929,0.109929,0.107412,0.102501,0.0954711,0.0867935,0.0771832,0.0676336,0.0594113,0.0539946,0.0529451,0.0577227,0.0694666,0.0887855,0.115604,0.149108,0.187807,0.229714,0.272602,0.314297,0.352933,0.387138,0.416123,0.439663,0.458003,0.471723,0.48158,0.488379,0.49287,0.495682,0.497293,0.49802,0.49802
0.497891,0.497891,0.497121,0.495417,0.492449,0.487717,0.480571,0.470239,0.455901,0.436796,0.412365,0.382404,0.347209,0.307665,0.26525,0.221939,0.179995,0.141697,0.10904,0.0834706,0.0657133,0.0557236,0.0527607,0.0555608,0.0625635,0.0721402,0.0827826,0.0932256,0.102501,0.109929,0.11508,0.117709,0.117709,0.11508,0.109929,0.102501,0.0932256,0.0827826,0.0721402,0.0625635,0.0555608,0.0527607,0.0557236,0.0657133,0.0834706,0.10904,0.141697,0.179995,0.221939,0.26525,0.307665,0.347209,0.382404,0.412365,0.436796,0.455901,0.470239,0.480571,0.487717,0.492449,0.495417,0.497121,0.497891,0.497891
0.497801,0.497801,0.497001,0.495233,0.492155,0.487257,0.479871,0.469211,0.454449,0.434822,0.409785,0.379166,0.343311,0.30317,0.260297,0.216736,0.174812,0.136837,0.104804,0.0801258,0.0634624,0.0546841,0.0529582,0.0569366,0.0649926,0.0754555,0.0868006,0.0977684,0.107412,0.11508,0.120372,0.123065,0.123065,0.120372,0.11508,0.107412,0.0977684,0.0868006,0.0754555,0.0649926,0.0569366,0.0529582,0.0546841,0.0634624,0.0801258,0.104804,0.136837,0.174812,0.216736,0.260297,0.30317,0.343311,0.379166,0.409785,0.434822,0.454449,0.469211,0.479871,0.487257,0.492155,0.495233,0.497001,0.497801,0.497801
0.497754,0.497754,0.496939,0.495138,0.492004,0.487021,0.479512,0.468686,0.453707,0.433816,0.408472,0.377523,0.341338,0.300901,0.257805,0.214131,0.172231,0.134433,0.10273,0.0785156,0.0624149,0.0542541,0.0531541,0.0577241,0.0663043,0.0772042,0.0888918,0.100112,0.109929,0.117709,0.123065,0.125787,0.125787,0.123065,0.117709,0.109929,0.100112,0.0888918,0.0772042,0.0663043,0.0577241,0.0531541,0.0542541,0.0624149,0.0785156,0.10273,0.134433,0.172231,0.214131,0.257805,0.300901,0.341338,0.377523,0.408472,0.433816,0.453707,0.468686,0.479512,0.487021,0.492004,0.495138,0.496939,0.497754,0.497754
0.497754,0.497754,0.496939,0.495138,0.492004,0.487021,0.479512,0.468686,0.453707,0.433816,0.408472,0.377523,0.341338,0.300901,0.257805,0.214131,0.172231,0.134433,0.10273,0.0785156,0.0624149,0.0542541,0.0531541,0.0577241,0.0663043,0.0772042,0.0888918,0.100112,0.109929,0.117709,0.123065,0.125787,0.125787,0.123065,0.117709,0.109929,0.100112,0.0888918,0.0772042,0.0663043,0.0577241,0.0531541,0.0542541,0.0624149,0.0785156,0.10273,0.134433,0.172231,0.214131,0.257805,0.300901,0.341338,0.377523,0.408472,0.433816,0.453707,0.468686,0.479512,0.487021,0.492004,0.495138,0.496939,0.497754,0.497754
0.497801,0.497801,0.497001,0.495233,0.492155,0.487257,0.479871,0.469211,0.454449,0.434822,0.409785,0.379166,0.343311,0.30317,0.260297,0.216736,0.174812,0.136837,0.104804,0.0801258,0.0634624,0.0546841,0.0529582,0.0569366,0.0649926,0.0754555,0.0868006,0.0977684,0.107412,0.11508,0.120372,0.123065,0.123065,0.120372,0.11508,0.107412,0.0977684,0.0868006,0.0754555,0.0649926,0.0569366,0.0529582,0.0546841,0.0634624,0.0801258,0.104804,0.136837,0.174812,0.216736,0.260297,0.30317,0.343311,0.379166,0.409785,0.434822,0.454449,0.469211,0.479871,0.487257,0.492155,0.495233,0.497001,0.497801,0.497801
0.497891,0.497891,0.497121,0.495417,0.492449,0.487717,0.480571,0.470239,0.455901,0.436796,0.412365,0.382404,0.347209,0.307665,0.26525,0.221939,0.179995,0.141697,0.10904,0.0834706,0.0657133,0.0557236,0.0527607,0.0555608,0.0625635,0.0721402,0.0827826,0.0932256,0.102501,0.109929,0.11508,0.117709,0.117709,0.11508,0.109929,0.102501,0.0932256,0.0827826,0.0721402,0.0625635,0.0555608,0.0527607,0.0557236,0.0657133,0.0834706,0.10904,0.141697,0.179995,0.221939,0.26525,0.307665,0.347209,0.382404,0.412365,0.436796,0.455901,0.470239,0.480571,0.487717,0.492449,0.495417,0.497121,0.497891,0.497891
0.49802,0.49802,0.497293,0.495682,0.49287,0.488379,0.48158,0.471723,0.458003,0.439663,0.416123,0.387138,0.352933,0.314297,0.272602,0.229714,0.187807,0.149108,0.115604,0.0887855,0.0694666,0.0577227,0.0529451,0.0539946,0.0594113,0.0676336,0.0771832,0.0867935,0.0954711,0.102501,0.107412,0.109929,0.109929,0.107412,0.102501,0.0954711,0.0867935,0.0771832,0.0676336,0.0594113,0.0539946,0.0529451,0.0577227,0.0694666,0.0887855,0.115604,0.149108,0.187807,0.229714,0.272602,0.314297,0.352933,0.387138,0.416123,0.439663,0.458003,0.471723,0.48158,0.488379,0.49287,0.495682,0.497293,0.49802,0.49802
0.498179,0.498179,0.497506,0.496011,0.493397,0.48921,0.48285,0.473598,0.46067,0.443314,0.420932,0.393226,0.360335,0.32293,0.282246,0.240007,0.198269,0.159181,0.124709,0.0963891,0.0751388,0.0611798,0.0540694,0.0528297,0.0561358,0.0625207,0.0705565,0.0789857,0.0867935,0.0932256,0.0977684,0.100112,0.100112,0.0977684,0.0932256,0.0867935,0.0789857,0.0705565,0.0625207,0.0561358,0.0528297,0.0540694,0.0611798,0.0751388,0.0963891,0.124709,0.159181,0.198269,0.240007,0.282246,0.32293,0.360335,0.393226,0.420932,0.443314,0.46067,0.473598,0.48285,0.48921,0.493397,0.496011,0.497506,0.498179,0.498179
0.498362,0.498362,0.49775,0.49639,0.494005,0.490171,0.484325,0.475784,0.463794,0.447612,0.426624,0.400477,0.369214,0.333371,0.294019,0.252715,0.211364,0.17201,0.136579,0.106642,0.0832228,0.0667051,0.0568373,0.0528337,0.0535373,0.0576067,0.0636895,0.0705565,0.0771832,0.0827826,0.0868006,0.0888918,0.0888918,0.0868006,0.0827826,0.0771832,0.0705565,0.0636895,0.0576067,0.0535373,0.0528337,0.0568373,0.0667051,0.0832228,0.106642,0.136579,0.17201,0.211364,0.252715,0.294019,0.333371,0.369214,0.400477,0.426624,0.447612,0.463794,0.475784,0.484325,0.490171,0.494005,0.49639,0.49775,0.498362,0.498362
0.498557,0.498557,0.498013,0.496799,0.494664,0.491219,0.485941,0.478191,0.467251,0.452398,0.433004,0.408665,0.379324,0.345371,0.307698,0.26767,0.227013,0.187636,0.151401,0.119892,0.094231,0.0749654,0.0620485,0.0549102,0.0525905,0.0539048,0.0576067,0.0625207,0.0676336,0.0721402,0.0754555,0.0772042,0.0772042,0.0754555,0.0721402,0.0676336,0.0625207,0.0576067,0.0539048,0.0525905,0.0549102,0.0620485,0.0749654,0.094231,0.119892,0.151401,0.187636,0.227013,0.26767,0.307698,0.345371,0.379324,0.408665,0.433004,0.452398,0.467251,0.478191,0.485941,0.491219,0.494664,0.496799,0.498013,0.498557,0.498557
0.498757,0.498757,0.498282,0.497221,0.495347,0.492309,0.487631,0.480724,0.470912,0.457499,0.439855,0.417531,0.390372,0.358623,0.322986,0.284618,0.245043,0.206006,0.169271,0.136412,0.108624,0.0866092,0.0705253,0.0600308,0.0543853,0.0525905,0.0535373,0.0561358,0.0594113,0.0625635,0.0649926,0.0663043,0.0663043,0.0649926,0.0625635,0.0594113,0.0561358,0.0535373,0.0525905,0.0543853,0.0600308,0.0705253,0.0866092,0.108624,0.136412,0.169271,0.206006,0.245043,0.284618,0.322986,0.358623,0.390372,0.417531,0.439855,0.457499,0.470912,0.480724,0.487631,0.492309,0.495347,0.497221,0.498282,0.498757,0.498757
0.498953,0.498953,0.498547,0.497638,0.496025,0.493399,0.489332,0.483287,0.474643,0.462738,0.44695,0.426795,0.402034,0.372769,0.339517,0.303215,0.26517,0.226936,0.190149,0.156334,0.126734,0.102178,0.0830161,0.0691365,0.0600308,0.0549102,0.0528337,0.0528297,0.0539946,0.0555608,0.0569366,0.0577241,0.0577241,0.0569366,0.0555608,0.0539946,0.0528297,0.0528337,0.0549102,0.0600308,0.0691365,0.0830161,0.102178,0.126734,0.156334,0.190149,0.226936,0.26517,0.303215,0.339517,0.372769,0.402034,0.426795,0.44695,0.462738,0.474643,0.483287,0.489332,0.493399,0.496025,0.497638,0.498547,0.498953,0.498953
0.499137,0.499137,0.498798,0.498035,0.496677,0.494451,0.490984,0.485795,0.47832,0.467943,0.454062,0.436173,0.413964,0.387416,0.356862,0.323027,0.286987,0.25009,0.213811,0.179594,0.148686,0.12201,0.100086,0.0830161,0.0705253,0.0620485,0.0568373,0.0540694,0.0529451,0.0527607,0.0529582,0.0531541,0.0531541,0.0529582,0.0527607,0.0529451,0.0540694,0.0568373,0.0620485,0.0705253,0.0830161,0.100086,0.12201,0.148686,0.179594,0.213811,0.25009,0.286987,0.323027,0.356862,0.387416,0.413964,0.436173,0.454062,0.467943,0.47832,0.485795,0.490984,0.494451,0.496677,0.498035,0.498798,0.499137,0.499137
0.499306,0.499306,0.499028,0.498402,0.497281,0.495434,0.492537,0.488172,0.481833,0.472958,0.460978,0.445385,0.425817,0.402147,0.374549,0.343541,0.309974,0.274975,0.239838,0.205887,0.174336,0.14616,0.12201,0.102178,0.0866092,0.0749654,0.0667051,0.0611798,0.0577227,0.0557236,0.0546841,0.0542541,0.0542541,0.0546841,0.0557236,0.0577227,0.0611798,0.0667051,0.0749654,0.0866092,0.102178,0.12201,0.14616,0.174336,0.205887,0.239838,0.274975,0.309974,0.343541,0.374549,0.402147,0.425817,0.445385,0.460978,0.472958,0.481833,0.488172,0.492537,0.495434,0.497281,0.498402,0.499028,0.499306,0.499306
0.499454,0.499454,0.499231,0.498728,0.497824,0.496324,0.493954,0.490356,0.485089,0.477649,0.467511,0.45418,0.437264,0.416553,0.392086,0.364196,0.333518,0.300958,0.267613,0.234661,0.20324,0.174336,0.148686,0.126734,0.108624,0.094231,0.0832228,0.0751388,0.0694666,0.0657133,0.0634624,0.0624149,0.0624149,0.0634624,0.0657133,0.0694666,0.0751388,0.0832228,0.094231,0.108624,0.126734,0.148686,0.174336,0.20324,0.234661,0.267613,0.300958,0.333518,0.364196,0.392086,0.416553,0.437264,0.45418,0.467511,0.477649,0.485089,0.490356,0.493954,0.496324,0.497824,0.498728,0.499231,0.499454,0.499454
0.49958,0.49958,0.499406,0.499012,0.498297,0.497105,0.495209,0.492307,0.488022,0.481914,0.47351,0.462343,0.448013,0.430254,0.408997,0.384416,0.356954,0.327304,0.296359,0.265134,0.234661,0.205887,0.179594,0.156334,0.136412,0.119892,0.106642,0.0963891,0.0887855,0.0834706,0.0801258,0.0785156,0.0785156,0.0801258,0.0834706,0.0887855,0.0963891,0.106642,0.119892,0.136412,0.156334,0.179594,0.205887,0.234661,0.265134,0.296359,0.327304,0.356954,0.384416,0.408997,0.430254,0.448013,0.462343,0.47351,0.481914,0.488022,0.492307,0.495209,0.497105,0.498297,0.499012,0.499406,0.49958,0.49958
0.499685,0.499685,0.499552,0.499249,0.498698,0.497773,0.496289,0.493999,0.490589,0.485683,0.478866,0.469711,0.457829,0.442926,0.424852,0.403658,0.379617,0.353231,0.325199,0.296359,0.267613,0.239838,0.213811,0.190149,0.169271,0.151401,0.136579,0.124709,0.115604,0.10904,0.104804,0.10273,0.10273,0.104804,0.10904,0.115604,0.124709,0.136579,0.151401,0.169271,0.190149,0.213811,0.239838,0.267613,0.296359,0.325199,0.353231,0.379617,0.403658,0.424852,0.442926,0.457829,0.469711,0.478866,0.485683,0.490589,0.493999,0.496289,0.497773,0.498698,0.499249,0.499552,0.499685,0.499685
0.49977,0.49977,0.49967,0.499444,0.499028,0.498326,0.497192,0.495426,0.492773,0.488921,0.483515,0.476177,0.466546,0.454319,0.4393,0.421446,0.400895,0.377984,0.353231,0.327304,0.300958,0.274975,0.25009,0.226936,0.206006,0.187636,0.17201,0.159181,0.149108,0.141697,0.136837,0.134433,0.134433,0.136837,0.141697,0.149108,0.159181,0.17201,0.187636,0.206006,0.226936,0.25009,0.274975,0.300958,0.327304,0.353231,0.377984,0.400895,0.421446,0.4393,0.454319,0.466546,0.476177,0.483515,0.488921,0.492773,0.495426,0.497192,0.498326,0.499028,0.499444,0.49967,0.49977,0.49977
0.499836,0.499836,0.499763,0.499597,0.499292,0.498772,0.497925,0.496595,0.49458,0.491626,0.487438,0.481693,0.474068,0.464274,0.452091,0.437415,0.420282,0.400895,0.379617,0.356954,0.333518,0.309974,0.286987,0.26517,0.245043,0.227013,0.211364,0.198269,0.187807,0.179995,0.174812,0.172231,0.172231,0.174812,0.179995,0.187807,0.198269,0.211364,0.227013,0.245043,0.26517,0.286987,0.309974,0.333518,0.356954,0.379617,0.400895,0.420282,0.437415,0.452091,0.464274,0.474068,0.481693,0.487438,0.491626,0.49458,0.496595,0.497925,0.498772,0.499292,0.499597,0.499763,0.499836,0.499836
0.499885,0.499885,0.499834,0.499716,0.499497,0.499121,0.498504,0.497527,0.496033,0.493821,0.490655,0.486266,0.480377,0.472724,0.463087,0.451328,0.437415,0.421446,0.403658,0.384416,0.364196,0.343541,0.323027,0.303215,0.284618,0.26767,0.252715,0.240007,0.229714,0.221939,0.216736,0.214131,0.214131,0.216736,0.221939,0.229714,0.240007,0.252715,0.26767,0.284618,0.303215,0.323027,0.343541,0.364196,0.384416,0.403658,0.421446,0.437415,0.451328,0.463087,0.472724,0.480377,0.486266,0.490655,0.493821,0.496033,0.497527,0.498504,0.499121,0.499497,0.499716,0.499834,0.499885,0.499885
0.499922,0.499922,0.499887,0.499805,0.499651,0.499386,0.498948,0.498248,0.497167,0.495553,0.493219,0.48995,0.485516,0.479687,0.472262,0.463087,0.452091,0.4393,0.424852,0.408997,0.392086,0.374549,0.356862,0.339517,0.322986,0.307698,0.294019,0.282246,0.272602,0.26525,0.260297,0.257805,0.257805,0.260297,0.26525,0.272602,0.282246,0.294019,0.307698,0.322986,0.339517,0.356862,0.374549,0.392086,0.408997,0.424852,0.4393,0.452091,0.463087,0.472262,0.479687,0.485516,0.48995,0.493219,0.495553,0.497167,0.498248,0.498948,0.499386,0.499651,0.499805,0.499887,0.499922,0.499922
0.499949,0.499949,0.499925,0.499869,0.499764,0.499582,0.499279,0.49879,0.498028,0.49688,0.495203,0.492831,0.489579,0.485257,0.479687,0.472724,0.464274,0.454319,0.442926,0.430254,0.416553,0.402147,0.387416,0.372769,0.358623,0.345371,0.333371,0.32293,0.314297,0.307665,0.30317,0.300901,0.300901,0.30317,0.307665,0.314297,0.32293,0.333371,0.345371,0.358623,0.372769,0.387416,0.402147,0.416553,0.430254,0.442926,0.454319,0.464274,0.472724,0.479687,0.485257,0.489579,0.492831,0.495203,0.49688,0.498028,0.49879,0.499279,0.499582,0.499764,0.499869,0.499925,0.499949,0.499949
0.499967,0.499967,0.499951,0.499914,0.499845,0.499723,0.499518,0.499186,0.498663,0.497868,0.496695,0.495019,0.492698,0.489579,0.485516,0.480377,0.474068,0.466546,0.457829,0.448013,0.437264,0.425817,0.413964,0.402034,0.390372,0.379324,0.369214,0.360335,0.352933,0.347209,0.343311,0.341338,0.341338,0.343311,0.347209,0.352933,0.360335,0.369214,0.379324,0.390372,0.402034,0.413964,0.425817,0.437264,0.448013,0.457829,0.466546,0.474068,0.480377,0.485516,0.489579,0.492698,0.495019,0.496695,0.497868,0.498663,0.499186,0.499518,0.499723,0.499845,0.499914,0.499951,0.499967,0.499967
0.499979,0.499979,0.499969,0.499946,0.499901,0.499821,0.499687,0.499466,0.499117,0.498581,0.497782,0.496631,0.495019,0.492831,0.48995,0.486266,0.481693,0.476177,0.469711,0.462343,0.45418,0.445385,0.436173,0.426795,0.417531,0.408665,0.400477,0.393226,0.387138,0.382404,0.379166,0.377523,0.377523,0.379166,0.382404,0.387138,0.393226,0.400477,0.408665,0.417531,0.426795,0.436173,0.445385,0.45418,0.462343,0.469711,0.476177,0.481693,0.486266,0.48995,0.492831,0.495019,0.496631,0.497782,0.498581,0.499117,0.499466,0.499687,0.499821,0.499901,0.499946,0.499969,0.499979,0.499979
0.499987,0.499987,0.499981,0.499966,0.499938,0.499888,0.499802,0.49966,0.499433,0.499081,0.498552,0.497782,0.496695,0.495203,0.493219,0.490655,0.487438,0.483515,0.478866,0.47351,0.467511,0.460978,0.454062,0.44695,0.439855,0.433004,0.426624,0.420932,0.416123,0.412365,0.409785,0.408472,0.408472,0.409785,0.412365,0.416123,0.420932,0.426624,0.433004,0.439855,0.44695,0.454062,0.460978,0.467511,0.47351,0.478866,0.483515,0.487438,0.490655,0.493219,0.495203,0.496695,0.497782,0.498552,0.499081,0.499433,0.49966,0.499802,0.499888,0.499938,0.499966,0.499981,0.499987,0.499987
0.499992,0.499992,0.499989,0.49998,0.499962,0.499931,0.499878,0.499789,0.499645,0.499421,0.499081,0.498581,0.497868,0.49688,0.495553,0.493821,0.491626,0.488921,0.485683,0.481914,0.477649,0.472958,0.467943,0.462738,0.457499,0.452398,0.447612,0.443314,0.439663,0.436796,0.434822,0.433816,0.433816,0.434822,0.436796,0.439663,0.443314,0.447612,0.452398,0.457499,0.462738,0.467943,0.472958,0.477649,0.481914,0.485683,0.488921,0.491626,0.493821,0.495553,0.49688,0.497868,0.498581,0.499081,0.499421,0.499645,0.499789,0.499878,0.499931,0.499962,0.49998,0.499989,0.499992,0.499992
0.499996,0.499996,0.499993,0.499988,0.499978,0.499959,0.499927,0.499873,0.499784,0.499645,0.499433,0.499117,0.498663,0.498028,0.497167,0.496033,0.49458,0.492773,0.490589,0.488022,0.485089,0.481833,0.47832,0.474643,0.470912,0.467251,0.463794,0.46067,0.458003,0.455901,0.454449,0.453707,0.453707,0.454449,0.455901,0.458003,0.46067,0.463794,0.467251,0.470912,0.474643,0.47832,0.481833,0.485089,0.488022,0.490589,0.492773,0.49458,0.496033,0.497167,0.498028,0.498663,0.499117,0.499433,0.499645,0.499784,0.499873,0.499927,0.499959,0.499978,0.499988,0.499993,0.499996,0.499996
0.499998,0.499998,0.499996,0.499993,0.499987,0.499976,0.499957,0.499925,0.499873,0.499789,0.49966,0.499466,0.499186,0.49879,0.498248,0.497527,0.496595,0.495426,0.493999,0.492307,0.490356,0.488172,0.485795,0.483287,0.480724,0.478191,0.475784,0.473598,0.471723,0.470239,0.469211,0.468686,0.468686,0.469211,0.470239,0.471723,0.473598,0.475784,0.478191,0.480724,0.483287,0.485795,0.488172,0.490356,0.492307,0.493999,0.495426,0.496595,0.497527,0.498248,0.49879,0.499186,0.499466,0.49966,0.499789,0.499873,0.499925,0.499957,0.499976,0.499987,0.499993,0.499996,0.499998,0.499998
0.499999,0.499999,0.499998,0.499996,0.499993,0.499987,0.499976,0.499957,0.499927,0.499878,0.499802,0.499687,0.499518,0.499279,0.498948,0.498504,0.497925,0.497192,0.496289,0.495209,0.493954,0.492537,0.490984,0.489332,0.487631,0.485941,0.484325,0.48285,0.48158,0.480571,0.479871,0.479512,0.479512,0.479871,0.480571,0.48158,0.48285,0.484325,0.485941,0.487631,0.489332,0.490984,0.492537,0.493954,0.495209,0.496289,0.497192,0.497925,0.498504,0.498948,0.499279,0.499518,0.499687,0.499802,0.499878,0.499927,0.499957,0.499976,0.499987,0.499993,0.499996,0.499998,0.499999,0.499999
0.499999,0.499999,0.499999,0.499998,0.499996,0.499993,0.499987,0.499976,0.499959,0.499931,0.499888,0.499821,0.499723,0.499582,0.499386,0.499121,0.498772,0.498326,0.497773,0.497105,0.496324,0.495434,0.494451,0.493399,0.492309,0.491219,0.490171,0.48921,0.488379,0.487717,0.487257,0.487021,0.487021,0.487257,0.487717,0.488379,0.48921,0.490171,0.491219,0.492309,0.493399,0.494451,0.495434,0.496324,0.497105,0.497773,0.498326,0.498772,0.499121,0.499386,0.499582,0.499723,0.499821,0.499888,0.499931,0.499959,0.499976,0.499987,0.499993,0.499996,0.499998,0.499999,0.499999,0.499999
0.5,0.5,0.499999,0.499999,0.499998,0.499996,0.499993,0.499987,0.499978,0.499962,0.499938,0.499901,0.499845,0.499764,0.499651,0.499497,0.499292,0.499028,0.498698,0.498297,0.497824,0.497281,0.496677,0.496025,0.495347,0.494664,0.494005,0.493397,0.49287,0.492449,0.492155,0.492004,0.492004,0.492155,0.492449,0.49287,0.493397,0.494005,0.494664,0.495347,0.496025,0.496677,0.497281,0.497824,0.498297,0.498698,0.499028,0.499292,0.499497,0.499651,0.499764,0.499845,0.499901,0.499938,0.499962,0.499978,0.499987,0.499993,0.499996,0.499998,0.499999,0.499999,0.5,0.5
0.5,0.5,0.5,0.499999,0.499999,0.499998,0.499996,0.499993,0.499988,0.49998,0.499966,0.499946,0.499914,0.499869,0.499805,0.499716,0.499597,0.499444,0.499249,0.499012,0.498728,0.498402,0.498035,0.497638,0.497221,0.496799,0.49639,0.496011,0.495682,0.495417,0.495233,0.495138,0.495138,0.495233,0.495417,0.495682,0.496011,0.49639,0.496799,0.497221,0.497638,0.498035,0.498402,0.498728,0.499012,0.499249,0.499444,0.499597,0.499716,0.499805,0.499869,0.499914,0.499946,0.499966,0.49998,0.499988,0.499993,0.499996,0.499998,0.499999,0.499999,0.5,0.5,0.5
0.5,0.5,0.5,0.5,0.499999,0.499999,0.499998,0.499996,0.499993,0.499989,0.499981,0.499969,0.499951,0.499925,0.499887,0.499834,0.499763,0.49967,0.499552,0.499406,0.499231,0.499028,0.498798,0.498547,0.498282,0.498013,0.49775,0.497506,0.497293,0.497121,0.497001,0.496939,0.496939,0.497001,0.497121,0.497293,0.497506,0.49775,0.498013,0.498282,0.498547,0.498798,0.499028,0.499231,0.499406,0.499552,0.49967,0.499763,0.499834,0.499887,0.499925,0.499951,0.499969,0.499981,0.499989,0.499993,0.499996,0.499998,0.499999,0.499999,0.5,0.5,0.5,0.5
0.5,0.5,0.5,0.5,0.5,0.499999,0.499999,0.499998,0.499996,0.499992,0.499987,0.499979,0.499967,0.499949,0.499922,0.499885,0.499836,0.49977,0.499685,0.49958,0.499454,0.499306,0.499137,0.498953,0.498757,0.498557,0.498362,0.498179,0.49802,0.497891,0.497801,0.497754,0.497754,0.497801,0.497891,0.49802,0.498179,0.498362,0.498557,0.498757,0.498953,0.499137,0.499306,0.499454,0.49958,0.499685,0.49977,0.499836,0.499885,0.499922,0.499949,0.499967,0.499979,0.499987,0.499992,0.499996,0.499998,0.499999,0.499999,0.5,0.5,0.5,0.5,0.5
0.5,0.5,0.5,0.5,0.5,0.499999,0.499999,0.499998,0.499996,0.499992,0.499987,0.499979,0.499967,0.499949,0.499922,0.499885,0.499836,0.49977,0.499685,0.49958,0.499454,0.499306,0.499137,0.498953,0.498757,0.498557,0.498362,0.498179,0.49802,0.497891,0.497801,0.497754,0.497754,0.497801,0.497891,0.49802,0.498179,0.498362,0.498557,0.498757,0.498953,0.499137,0.499306,0.499454,0.49958,0.499685,0.49977,0.499836,0.499885,0.499922,0.499949,0.499967,0.499979,0.499987,0.499992,0.499996,0.499998,0.499999,0.499999,0.5,0.5,0.5,0.5,0.5
