0.5,0.5,0.5,0.5,0.5,0.5,0.5,0.5,0.5,0.5,0.5,0.5,0.5,0.5,0.5,0.5,0.5,0.5,0.5,0.5,0.5,0.5,0.5,0.5,0.5,0.5,0.5,0.5,0.5,0.5,0.5,0.5,0.5,0.5,0.5,0.5,0.5,0.5,0.5,0.5,0.5,0.5,0.5,0.5,0.5,0.5,0.5,0.5,0.5,0.5,0.5,0.5,0.5,0.5,0.5,0.5,0.5,0.5,0.5,0.5,0.5,0.5,0.5,0.5
0.5,0.5,0.5,0.5,0.5,0.5,0.5,0.5,0.5,0.5,0.5,0.5,0.5,0.5,0.5,0.5,0.5,0.5,0.5,0.5,0.5,0.5,0.5,0.5,0.5,0.5,0.5,0.5,0.5,0.5,0.5,0.5,0.5,0.5,0.5,0.5,0.5,0.5,0.5,0.5,0.5,0.5,0.5,0.5,0.5,0.5,0.5,0.5,0.5,0.5,0.5,0.5,0.5,0.5,0.5,0.5,0.5,0.5,0.5,0.5,0.5,0.5,0.5,0.5
0.5,0.5,0.5,0.5,0.5,0.5,0.5,0.5,0.5,0.5,0.5,0.5,0.5,0.5,0.5,0.5,0.5,0.5,0.5,0.5,0.5,0.5,0.5,0.5,0.5,0.5,0.5,0.5,0.5,0.5,0.5,0.5,0.5,0.5,0.5,0.5,0.5,0.5,0.5,0.5,0.5,0.5,0.5,0.5,0.5,0.5,0.5,0.5,0.5,0.5,0.5,0.5,0.5,0.5,0.5,0.5,0.5,0.5,0.5,0.5,0.5,0.5,0.5,0.5
0.5,0.5,0.5,0.5,0.5,0.5,0.5,0.5,0.5,0.5,0.5,0.5,0.5,0.5,0.5,0.5,0.5,0.5,0.5,0.5,0.5,0.5,0.5,0.5,0.5,0.5,0.5,0.5,0.5,0.5,0.5,0.5,0.5,0.5,0.5,0.5,0.5,0.5,0.5,0.5,0.5,0.5,0.5,0.5,0.5,0.5,0.5,0.5,0.5,0.5,0.5,0.5,0.5,0.5,0.5,0.5,0.5,0.5,0.5,0.5,0.5,0.5,0.5,0.5
0.5,0.5,0.5,0.5,0.5,0.5,0.5,0.5,0.5,0.5,0.5,0.5,0.5,0.5,0.5,0.5,0.5,0.5,0.5,0.5,0.5,0.5,0.5,0.5,0.5,0.499999,0.499999,0.499999,0.499999,0.499999,0.499999,0.499999,0.499999,0.499999,0.499999,0.499999,0.499999,0.499999,0.499999,0.5,0.5,0.5,0.5,0.5,0.5,0.5,0.5,0.5,0.5,0.5,0.5,0.5,0.5,0.5,0.5,0.5,0.5,0.5,0.5,0.5,0.5,0.5,0.5,0.5
0.5,0.5,0.5,0.5,0.5,0.5,0.5,0.5,0.5,0.5,0.5,0.5,0.5,0.5,0.5,0.5,0.5,0.5,0.5,0.5,0.5,0.5,0.499999,0.499999,0.499999,0.499999,0.499998,0.499998,0.499998,0.499997,0.499997,0.499997,0.499997,0.499997,0.499997,0.499998,0.499998,0.499998,0.499999,0.499999,0.499999,0.499999,0.5,0.5,0.5,0.5,0.5,0.5,0.5,0.5,0.5,0.5,0.5,0.5,0.5,0.5,0.5,0.5,0.5,0.5,0.5,0.5,0.5,0.5
0.5,0.5,0.5,0.5,0.5,0.5,0.5,0.5,0.5,0.5,0.5,0.5,0.5,0.5,0.5,0.5,0.5,0.5,0.5,0.5,0.499999,0.499999,0.499999,0.499998,0.499997,0.499997,0.499996,0.499995,0.499994,0.499994,0.499993,0.499993,0.499993,0.499993,0.499994,0.499994,0.499995,0.499996,0.499997,0.499997,0.499998,0.499999,0.499999,0.499999,0.5,0.5,0.5,0.5,0.5,0.5,0.5,0.5,0.5,0.5,0.5,0.5,0.5,0.5,0.5,0.5,0.5,0.5,0.5,0.5
0.5,0.5,0.5,0.5,0.5,0.5,0.5,0.5,0.5,0.5,0.5,0.5,0.5,0.5,0.5,0.5,0.5,0.5,0.499999,0.499999,0.499998,0.499998,0.499997,0.499995,0.499994,0.499992,0.49999,0.499988,0.499986,0.499985,0.499984,0.499983,0.499983,0.499984,0.499985,0.499986,0.499988,0.49999,0.499992,0.499994,0.499995,0.499997,0.499998,0.499998,0.499999,0.499999,0.5,0.5,0.5,0.5,0.5,0.5,0.5,0.5,0.5,0.5,0.5,0.5,0.5,0.5,0.5,0.5,0.5,0.5
0.5,0.5,0.5,0.5,0.5,0.5,0.5,0.5,0.5,0.5,0.5,0.5,0.5,0.5,0.5,0.5,0.499999,0.499999,0.499998,0.499998,0.499996,0.499994,0.499992,0.499989,0.499985,0.499981,0.499977,0.499972,0.499968,0.499964,0.499961,0.49996,0.49996,0.499961,0.499964,0.499968,0.499972,0.499977,0.499981,0.499985,0.499989,0.499992,0.499994,0.499996,0.499998,0.499998,0.499999,0.499999,0.5,0.5,0.5,0.5,0.5,0.5,0.5,0.5,0.5,0.5,0.5,0.5,0.5,0.5,0.5,0.5
0.5,0.5,0.5,0.5,0.5,0.5,0.5,0.5,0.5,0.5,0.5,0.5,0.5,0.5,0.5,0.499999,0.499999,0.499998,0.499997,0.499994,0.499991,0.499987,0.499982,0.499975,0.499967,0.499958,0.499947,0.499937,0.499927,0.499919,0.499913,0.49991,0.49991,0.499913,0.499919,0.499927,0.499937,0.499947,0.499958,0.499967,0.499975,0.499982,0.499987,0.499991,0.499994,0.499997,0.499998,0.499999,0.499999,0.5,0.5,0.5,0.5,0.5,0.5,0.5,0.5,0.5,0.5,0.5,0.5,0.5,0.5,0.5
0.5,0.5,0.5,0.5,0.5,0.5,0.5,0.5,0.5,0.5,0.5,0.5,0.5,0.5,0.499999,0.499998,0.499997,0.499995,0.499992,0.499988,0.499981,0.499973,0.499961,0.499946,0.499928,0.499908,0.499886,0.499863,0.499842,0.499824,0.499812,0.499805,0.499805,0.499812,0.499824,0.499842,0.499863,0.499886,0.499908,0.499928,0.499946,0.499961,0.499973,0.499981,0.499988,0.499992,0.499995,0.499997,0.499998,0.499999,0.5,0.5,0.5,0.5,0.5,0.5,0.5,0.5,0.5,0.5,0.5,0.5,0.5,0.5
0.5,0.5,0.5,0.5,0.5,0.5,0.5,0.5,0.5,0.5,0.5,0.5,0.5,0.499999,0.499998,0.499997,0.499994,0.49999,0.499984,0.499975,0.499961,0.499942,0.499917,0.499886,0.499849,0.499806,0.49976,0.499713,0.49967,0.499632,0.499605,0.499591,0.499591,0.499605,0.499632,0.49967,0.499713,0.49976,0.499806,0.499849,0.499886,0.499917,0.499942,0.499961,0.499975,0.499984,0.49999,0.499994,0.499997,0.499998,0.499999,0.5,0.5,0.5,0.5,0.5,0.5,0.5,0.5,0.5,0.5,0.5,0.5,0.5
0.5,0.5,0.5,0.5,0.5,0.5,0.5,0.5,0.5,0.5,0.5,0.5,0.499999,0.499998,0.499996,0.499993,0.499988,0.49998,0.499967,0.499948,0.499921,0.499883,0.499833,0.49977,0.499694,0.499608,0.499515,0.499421,0.499333,0.499258,0.499203,0.499175,0.499175,0.499203,0.499258,0.499333,0.499421,0.499515,0.499608,0.499694,0.49977,0.499833,0.499883,0.499921,0.499948,0.499967,0.49998,0.499988,0.499993,0.499996,0.499998,0.499999,0.5,0.5,0.5,0.5,0.5,0.5,0.5,0.5,0.5,0.5,0.5,0.5
0.5,0.5,0.5,0.5,0.5,0.5,0.5,0.5,0.5,0.5,0.5,0.499999,0.499998,0.499996,0.499993,0.499987,0.499977,0.499961,0.499936,0.499899,0.499845,0.499771,0.499673,0.49955,0.499403,0.499235,0.499054,0.498872,0.498701,0.498555,0.49845,0.498394,0.498394,0.49845,0.498555,0.498701,0.498872,0.499054,0.499235,0.499403,0.49955,0.499673,0.499771,0.499845,0.499899,0.499936,0.499961,0.499977,0.499987,0.499993,0.499996,0.499998,0.499999,0.5,0.5,0.5,0.5,0.5,0.5,0.5,0.5,0.5,0.5,0.5
0.5,0.5,0.5,0.5,0.5,0.5,0.5,0.5,0.5,0.5,0.499999,0.499998,0.499996,0.499993,0.499987,0.499976,0.499957,0.499926,0.499879,0.499808,0.499707,0.499567,0.499384,0.499153,0.498877,0.498562,0.498223,0.497881,0.49756,0.497288,0.49709,0.496986,0.496986,0.49709,0.497288,0.49756,0.497881,0.498223,0.498562,0.498877,0.499153,0.499384,0.499567,0.499707,0.499808,0.499879,0.499926,0.499957,0.499976,0.499987,0.499993,0.499996,0.499998,0.499999,0.5,0.5,0.5,0.5,0.5,0.5,0.5,0.5,0.5,0.5
0.5,0.5,0.5,0.5,0.5,0.5,0.5,0.5,0.5,0.499999,0.499998,0.499997,0.499993,0.499987,0.499976,0.499955,0.499921,0.499866,0.49978,0.499651,0.499466,0.499213,0.49888,0.498462,0.497961,0.497392,0.496779,0.496161,0.495581,0.49509,0.494733,0.494545,0.494545,0.494733,0.49509,0.495581,0.496161,0.496779,0.497392,0.497961,0.498462,0.49888,0.499213,0.499466,0.499651,0.49978,0.499866,0.499921,0.499955,0.499976,0.499987,0.499993,0.499997,0.499998,0.499999,0.5,0.5,0.5,0.5,0.5,0.5,0.5,0.5,0.5
0.5,0.5,0.5,0.5,0.5,0.5,0.5,0.5,0.499999,0.499999,0.499997,0.499994,0.499988,0.499977,0.499957,0.499921,0.499861,0.499764,0.499612,0.499386,0.499063,0.498619,0.498037,0.497306,0.496432,0.495438,0.494369,0.493291,0.492282,0.491427,0.490805,0.490477,0.490477,0.490805,0.491427,0.492282,0.493291,0.494369,0.495438,0.496432,0.497306,0.498037,0.498619,0.499063,0.499386,0.499612,0.499764,0.499861,0.499921,0.499957,0.499977,0.499988,0.499994,0.499997,0.499999,0.499999,0.5,0.5,0.5,0.5,0.5,0.5,0.5,0.5
0.5,0.5,0.5,0.5,0.5,0.5,0.5,0.5,0.499999,0.499998,0.499995,0.49999,0.49998,0.499961,0.499926,0.499866,0.499764,0.499598,0.499342,0.498959,0.498413,0.497663,0.49668,0.495448,0.493975,0.492302,0.490504,0.488691,0.486994,0.485558,0.484513,0.483963,0.483963,0.484513,0.485558,0.486994,0.488691,0.490504,0.492302,0.493975,0.495448,0.49668,0.497663,0.498413,0.498959,0.499342,0.499598,0.499764,0.499866,0.499926,0.499961,0.49998,0.49999,0.499995,0.499998,0.499999,0.5,0.5,0.5,0.5,0.5,0.5,0.5,0.5
0.5,0.5,0.5,0.5,0.5,0.5,0.5,0.499999,0.499998,0.499997,0.499992,0.499984,0.499967,0.499936,0.499879,0.49978,0.499612,0.499342,0.498923,0.498298,0.497406,0.496185,0.494584,0.492579,0.490185,0.487467,0.484549,0.481607,0.478856,0.476527,0.474835,0.473944,0.473944,0.474835,0.476527,0.478856,0.481607,0.484549,0.487467,0.490185,0.492579,0.494584,0.496185,0.497406,0.498298,0.498923,0.499342,0.499612,0.49978,0.499879,0.499936,0.499967,0.499984,0.499992,0.499997,0.499998,0.499999,0.5,0.5,0.5,0.5,0.5,0.5,0.5
0.5,0.5,0.5,0.5,0.5,0.5,0.5,0.499999,0.499998,0.499994,0.499988,0.499975,0.499948,0.499899,0.499808,0.499651,0.499386,0.498959,0.498298,0.497314,0.49591,0.493989,0.491475,0.488328,0.484572,0.480312,0.47574,0.471134,0.466829,0.463187,0.46054,0.459146,0.459146,0.46054,0.463187,0.466829,0.471134,0.47574,0.480312,0.484572,0.488328,0.491475,0.493989,0.49591,0.497314,0.498298,0.498959,0.499386,0.499651,0.499808,0.499899,0.499948,0.499975,0.499988,0.499994,0.499998,0.499999,0.5,0.5,0.5,0.5,0.5,0.5,0.5
0.5,0.5,0.5,0.5,0.5,0.5,0.499999,0.499998,0.499996,0.499991,0.499981,0.499961,0.499921,0.499845,0.499707,0.499466,0.499063,0.498413,0.497406,0.49591,0.493777,0.490862,0.487049,0.482281,0.476596,0.470151,0.463239,0.456278,0.449777,0.444277,0.440282,0.438179,0.438179,0.440282,0.444277,0.449777,0.456278,0.463239,0.470151,0.476596,0.482281,0.487049,0.490862,0.493777,0.49591,0.497406,0.498413,0.499063,0.499466,0.499707,0.499845,0.499921,0.499961,0.499981,0.499991,0.499996,0.499998,0.499999,0.5,0.5,0.5,0.5,0.5,0.5
0.5,0.5,0.5,0.5,0.5,0.5,0.499999,0.499998,0.499994,0.499987,0.499973,0.499942,0.499883,0.499771,0.499567,0.499213,0.498619,0.497663,0.496185,0.493989,0.490862,0.486593,0.481012,0.474039,0.465731,0.456319,0.446232,0.436078,0.426599,0.418584,0.412762,0.409698,0.409698,0.412762,0.418584,0.426599,0.436078,0.446232,0.456319,0.465731,0.474039,0.481012,0.486593,0.490862,0.493989,0.496185,0.497663,0.498619,0.499213,0.499567,0.499771,0.499883,0.499942,0.499973,0.499987,0.499994,0.499998,0.499999,0.5,0.5,0.5,0.5,0.5,0.5
0.5,0.5,0.5,0.5,0.5,0.499999,0.499999,0.499997,0.499992,0.499982,0.499961,0.499917,0.499833,0.499673,0.499384,0.49888,0.498037,0.49668,0.494584,0.491475,0.487049,0.481012,0.473127,0.463283,0.451561,0.438291,0.424077,0.409777,0.396433,0.385153,0.376962,0.372652,0.372652,0.376962,0.385153,0.396433,0.409777,0.424077,0.438291,0.451561,0.463283,0.473127,0.481012,0.487049,0.491475,0.494584,0.49668,0.498037,0.49888,0.499384,0.499673,0.499833,0.499917,0.499961,0.499982,0.499992,0.499997,0.499999,0.499999,0.5,0.5,0.5,0.5,0.5
0.5,0.5,0.5,0.5,0.5,0.499999,0.499998,0.499995,0.499989,0.499975,0.499946,0.499886,0.49977,0.49955,0.499153,0.498462,0.497306,0.495448,0.492579,0.488328,0.482281,0.474039,0.463283,0.449863,0.433895,0.415829,0.396488,0.377039,0.358898,0.343567,0.332438,0.326582,0.326582,0.332438,0.343567,0.358898,0.377039,0.396488,0.415829,0.433895,0.449863,0.463283,0.474039,0.482281,0.488328,0.492579,0.495448,0.497306,0.498462,0.499153,0.49955,0.49977,0.499886,0.499946,0.499975,0.499989,0.499995,0.499998,0.499999,0.5,0.5,0.5,0.5,0.5
0.5,0.5,0.5,0.5,0.5,0.499999,0.499997,0.499994,0.499985,0.499967,0.499928,0.499849,0.499694,0.499403,0.498877,0.497961,0.496432,0.493975,0.490185,0.484572,0.476596,0.465731,0.451561,0.433895,0.412886,0.389132,0.363714,0.338165,0.314343,0.294218,0.279611,0.271927,0.271927,0.279611,0.294218,0.314343,0.338165,0.363714,0.389132,0.412886,0.433895,0.451561,0.465731,0.476596,0.484572,0.490185,0.493975,0.496432,0.497961,0.498877,0.499403,0.499694,0.499849,0.499928,0.499967,0.499985,0.499994,0.499997,0.499999,0.5,0.5,0.5,0.5,0.5
0.5,0.5,0.5,0.5,0.499999,0.499999,0.499997,0.499992,0.499981,0.499958,0.499908,0.499806,0.499608,0.499235,0.498562,0.497392,0.495438,0.492302,0.487467,0.480312,0.470151,0.456319,0.438291,0.415829,0.389132,0.358961,0.326692,0.29427,0.26405,0.238526,0.220006,0.210263,0.210263,0.220006,0.238526,0.26405,0.29427,0.326692,0.358961,0.389132,0.415829,0.438291,0.456319,0.470151,0.480312,0.487467,0.492302,0.495438,0.497392,0.498562,0.499235,0.499608,0.499806,0.499908,0.499958,0.499981,0.499992,0.499997,0.499999,0.499999,0.5,0.5,0.5,0.5
0.5,0.5,0.5,0.5,0.499999,0.499998,0.499996,0.49999,0.499977,0.499947,0.499886,0.49976,0.499515,0.499054,0.498223,0.496779,0.494369,0.490504,0.484549,0.47574,0.463239,0.446232,0.424077,0.396488,0.363714,0.326692,0.287112,0.247359,0.210316,0.179039,0.156347,0.14441,0.14441,0.156347,0.179039,0.210316,0.247359,0.287112,0.326692,0.363714,0.396488,0.424077,0.446232,0.463239,0.47574,0.484549,0.490504,0.494369,0.496779,0.498223,0.499054,0.499515,0.49976,0.499886,0.499947,0.499977,0.49999,0.499996,0.499998,0.499999,0.5,0.5,0.5,0.5
0.5,0.5,0.5,0.5,0.499999,0.499998,0.499995,0.499988,0.499972,0.499937,0.499863,0.499713,0.499421,0.498872,0.497881,0.496161,0.493291,0.488691,0.481607,0.471134,0.456278,0.436078,0.409777,0.377039,0.338165,0.29427,0.247359,0.200258,0.156379,0.119336,0.092466,0.0783331,0.0783331,0.092466,0.119336,0.156379,0.200258,0.247359,0.29427,0.338165,0.377039,0.409777,0.436078,0.456278,0.471134,0.481607,0.488691,0.493291,0.496161,0.497881,0.498872,0.499421,0.499713,0.499863,0.499937,0.499972,0.499988,0.499995,0.499998,0.499999,0.5,0.5,0.5,0.5
0.5,0.5,0.5,0.5,0.499999,0.499998,0.499994,0.499986,0.499968,0.499927,0.499842,0.49967,0.499333,0.498701,0.49756,0.495581,0.492282,0.486994,0.478856,0.466829,0.449777,0.426599,0.396433,0.358898,0.314343,0.26405,0.210316,0.156379,0.106142,0.0637396,0.032985,0.0168103,0.0168103,0.032985,0.0637396,0.106142,0.156379,0.210316,0.26405,0.314343,0.358898,0.396433,0.426599,0.449777,0.466829,0.478856,0.486994,0.492282,0.495581,0.49756,0.498701,0.499333,0.49967,0.499842,0.499927,0.499968,0.499986,0.499994,0.499998,0.499999,0.5,0.5,0.5,0.5
0.5,0.5,0.5,0.5,0.499999,0.499997,0.499994,0.499985,0.499964,0.499919,0.499824,0.499632,0.499258,0.498555,0.497288,0.49509,0.491427,0.485558,0.476527,0.463187,0.444277,0.418584,0.385153,0.343567,0.294218,0.238526,0.179039,0.119336,0.0637396,0.0168195,-0.0172088,-0.0351041,-0.0351041,-0.0172088,0.0168195,0.0637396,0.119336,0.179039,0.238526,0.294218,0.343567,0.385153,0.418584,0.444277,0.463187,0.476527,0.485558,0.491427,0.49509,0.497288,0.498555,0.499258,0.499632,0.499824,0.499919,0.499964,0.499985,0.499994,0.499997,0.499999,0.5,0.5,0.5,0.5
0.5,0.5,0.5,0.5,0.499999,0.499997,0.499993,0.499984,0.499961,0.499913,0.499812,0.499605,0.499203,0.49845,0.49709,0.494733,0.490805,0.484513,0.474835,0.46054,0.440282,0.412762,0.376962,0.332438,0.279611,0.220006,0.156347,0.092466,0.032985,-0.0172088,-0.0536088,-0.0727507,-0.0727507,-0.0536088,-0.0172088,0.032985,0.092466,0.156347,0.220006,0.279611,0.332438,0.376962,0.412762,0.440282,0.46054,0.474835,0.484513,0.490805,0.494733,0.49709,0.49845,0.499203,0.499605,0.499812,0.499913,0.499961,0.499984,0.499993,0.499997,0.499999,0.5,0.5,0.5,0.5
0.5,0.5,0.5,0.5,0.499999,0.499997,0.499993,0.499983,0.49996,0.49991,0.499805,0.499591,0.499175,0.498394,0.496986,0.494545,0.490477,0.483963,0.473944,0.459146,0.438179,0.409698,0.372652,0.326582,0.271927,0.210263,0.14441,0.0783331,0.0168103,-0.0351041,-0.0727507,-0.0925478,-0.0925478,-0.0727507,-0.0351041,0.0168103,0.0783331,0.14441,0.210263,0.271927,0.326582,0.372652,0.409698,0.438179,0.459146,0.473944,0.483963,0.490477,0.494545,0.496986,0.498394,0.499175,0.499591,0.499805,0.49991,0.49996,0.499983,0.499993,0.499997,0.499999,0.5,0.5,0.5,0.5
0.5,0.5,0.5,0.5,0.499999,0.499997,0.499993,0.499983,0.49996,0.49991,0.499805,0.499591,0.499175,0.498394,0.496986,0.494545,0.490477,0.483963,0.473944,0.459146,0.438179,0.409698,0.372652,0.326582,0.271927,0.210263,0.14441,0.0783331,0.0168103,-0.0351041,-0.0727507,-0.0925478,-0.0925478,-0.0727507,-0.0351041,0.0168103,0.0783331,0.14441,0.210263,0.271927,0.326582,0.372652,0.409698,0.438179,0.459146,0.473944,0.483963,0.490477,0.494545,0.496986,0.498394,0.499175,0.499591,0.499805,0.49991,0.49996,0.499983,0.499993,0.499997,0.499999,0.5,0.5,0.5,0.5
0.5,0.5,0.5,0.5,0.499999,0.499997,0.499993,0.499984,0.499961,0.499913,0.499812,0.499605,0.499203,0.49845,0.49709,0.494733,0.490805,0.484513,0.474835,0.46054,0.440282,0.412762,0.376962,0.332438,0.279611,0.220006,0.156347,0.092466,0.032985,-0.0172088,-0.0536088,-0.0727507,-0.0727507,-0.0536088,-0.0172088,0.032985,0.092466,0.156347,0.220006,0.279611,0.332438,0.376962,0.412762,0.440282,0.46054,0.474835,0.484513,0.490805,0.494733,0.49709,0.49845,0.499203,0.499605,0.499812,0.499913,0.499961,0.499984,0.499993,0.499997,0.499999,0.5,0.5,0.5,0.5
0.5,0.5,0.5,0.5,0.499999,0.499997,0.499994,0.499985,0.499964,0.499919,0.499824,0.499632,0.499258,0.498555,0.497288,0.49509,0.491427,0.485558,0.476527,0.463187,0.444277,0.418584,0.385153,0.343567,0.294218,0.238526,0.179039,0.119336,0.0637396,0.0168195,-0.0172088,-0.0351041,-0.0351041,-0.0172088,0.0168195,0.0637396,0.119336,0.179039,0.238526,0.294218,0.343567,0.385153,0.418584,0.444277,0.463187,0.476527,0.485558,0.491427,0.49509,0.497288,0.498555,0.499258,0.499632,0.499824,0.499919,0.499964,0.499985,0.499994,0.499997,0.499999,0.5,0.5,0.5,0.5
0.5,0.5,0.5,0.5,0.499999,0.499998,0.499994,0.499986,0.499968,0.499927,0.499842,0.49967,0.499333,0.498701,0.49756,0.495581,0.492282,0.486994,0.478856,0.466829,0.449777,0.426599,0.396433,0.358898,0.314343,0.26405,0.210316,0.156379,0.106142,0.0637396,0.032985,0.0168103,0.0168103,0.032985,0.0637396,0.106142,0.156379,0.210316,0.26405,0.314343,0.358898,0.396433,0.426599,0.449777,0.466829,0.478856,0.486994,0.492282,0.495581,0.49756,0.498701,0.499333,0.49967,0.499842,0.499927,0.499968,0.499986,0.499994,0.499998,0.499999,0.5,0.5,0.5,0.5
0.5,0.5,0.5,0.5,0.499999,0.499998,0.499995,0.499988,0.499972,0.499937,0.499863,0.499713,0.499421,0.498872,0.497881,0.496161,0.493291,0.488691,0.481607,0.471134,0.456278,0.436078,0.409777,0.377039,0.338165,0.29427,0.247359,0.200258,0.156379,0.119336,0.092466,0.0783331,0.0783331,0.092466,0.119336,0.156379,0.200258,0.247359,0.29427,0.338165,0.377039,0.409777,0.436078,0.456278,0.471134,0.481607,0.488691,0.493291,0.496161,0.497881,0.498872,0.499421,0.499713,0.499863,0.499937,0.499972,0.499988,0.499995,0.499998,0.499999,0.5,0.5,0.5,0.5
0.5,0.5,0.5,0.5,0.499999,0.499998,0.499996,0.49999,0.499977,0.499947,0.499886,0.49976,0.499515,0.499054,0.498223,0.496779,0.494369,0.490504,0.484549,0.47574,0.463239,0.446232,0.424077,0.396488,0.363714,0.326692,0.287112,0.247359,0.210316,0.179039,0.156347,0.14441,0.14441,0.156347,0.179039,0.210316,0.247359,0.287112,0.326692,0.363714,0.396488,0.424077,0.446232,0.463239,0.47574,0.484549,0.490504,0.494369,0.496779,0.498223,0.499054,0.499515,0.49976,0.499886,0.499947,0.499977,0.49999,0.499996,0.499998,0.499999,0.5,0.5,0.5,0.5
0.5,0.5,0.5,0.5,0.499999,0.499999,0.499997,0.499992,0.499981,0.499958,0.499908,0.499806,0.499608,0.499235,0.498562,0.497392,0.495438,0.492302,0.487467,0.480312,0.470151,0.456319,0.438291,0.415829,0.389132,0.358961,0.326692,0.29427,0.26405,0.238526,0.220006,0.210263,0.210263,0.220006,0.238526,0.26405,0.29427,0.326692,0.358961,0.389132,0.415829,0.438291,0.456319,0.470151,0.480312,0.487467,0.492302,0.495438,0.497392,0.498562,0.499235,0.499608,0.499806,0.499908,0.499958,0.499981,0.499992,0.499997,0.499999,0.499999,0.5,0.5,0.5,0.5
0.5,0.5,0.5,0.5,0.5,0.499999,0.499997,0.499994,0.499985,0.499967,0.499928,0.499849,0.499694,0.499403,0.498877,0.497961,0.496432,0.493975,0.490185,0.484572,0.476596,0.465731,0.451561,0.433895,0.412886,0.389132,0.363714,0.338165,0.314343,0.294218,0.279611,0.271927,0.271927,0.279611,0.294218,0.314343,0.338165,0.363714,0.389132,0.412886,0.433895,0.451561,0.465731,0.476596,0.484572,0.490185,0.493975,0.496432,0.497961,0.498877,0.499403,0.499694,0.499849,0.499928,0.499967,0.499985,0.499994,0.499997,0.499999,0.5,0.5,0.5,0.5,0.5
0.5,0.5,0.5,0.5,0.5,0.499999,0.499998,0.499995,0.499989,0.499975,0.499946,0.499886,0.49977,0.49955,0.499153,0.498462,0.497306,0.495448,0.492579,0.488328,0.482281,0.474039,0.463283,0.449863,0.433895,0.415829,0.396488,0.377039,0.358898,0.343567,0.332438,0.326582,0.326582,0.332438,0.343567,0.358898,0.377039,0.396488,0.415829,0.433895,0.449863,0.463283,0.474039,0.482281,0.488328,0.492579,0.495448,0.497306,0.498462,0.499153,0.49955,0.49977,0.499886,0.499946,0.499975,0.499989,0.499995,0.499998,0.499999,0.5,0.5,0.5,0.5,0.5
0.5,0.5,0.5,0.5,0.5,0.499999,0.499999,0.499997,0.499992,0.499982,0.499961,0.499917,0.499833,0.499673,0.499384,0.49888,0.498037,0.49668,0.494584,0.491475,0.487049,0.481012,0.473127,0.463283,0.451561,0.438291,0.424077,0.409777,0.396433,0.385153,0.376962,0.372652,0.372652,0.376962,0.385153,0.396433,0.409777,0.424077,0.438291,0.451561,0.463283,0.473127,0.481012,0.487049,0.491475,0.494584,0.49668,0.498037,0.49888,0.499384,0.499673,0.499833,0.499917,0.499961,0.499982,0.499992,0.499997,0.499999,0.499999,0.5,0.5,0.5,0.5,0.5
0.5,0.5,0.5,0.5,0.5,0.5,0.499999,0.499998,0.499994,0.499987,0.499973,0.499942,0.499883,0.499771,0.499567,0.499213,0.498619,0.497663,0.496185,0.493989,0.490862,0.486593,0.481012,0.474039,0.465731,0.456319,0.446232,0.436078,0.426599,0.418584,0.412762,0.409698,0.409698,0.412762,0.418584,0.426599,0.436078,0.446232,0.456319,0.465731,0.474039,0.481012,0.486593,0.490862,0.493989,0.496185,0.497663,0.498619,0.499213,0.499567,0.499771,0.499883,0.499942,0.499973,0.499987,0.499994,0.499998,0.499999,0.5,0.5,0.5,0.5,0.5,0.5
0.5,0.5,0.5,0.5,0.5,0.5,0.499999,0.499998,0.499996,0.499991,0.499981,0.499961,0.499921,0.499845,0.499707,0.499466,0.499063,0.498413,0.497406,0.49591,0.493777,0.490862,0.487049,0.482281,0.476596,0.470151,0.463239,0.456278,0.449777,0.444277,0.440282,0.438179,0.438179,0.440282,0.444277,0.449777,0.456278,0.463239,0.470151,0.476596,0.482281,0.487049,0.490862,0.493777,0.49591,0.497406,0.498413,0.499063,0.499466,0.499707,0.499845,0.499921,0.499961,0.499981,0.499991,0.499996,0.499998,0.499999,0.5,0.5,0.5,0.5,0.5,0.5
0.5,0.5,0.5,0.5,0.5,0.5,0.5,0.499999,0.499998,0.499994,0.499988,0.499975,0.499948,0.499899,0.499808,0.499651,0.499386,0.498959,0.498298,0.497314,0.49591,0.493989,0.491475,0.488328,0.484572,0.480312,0.47574,0.471134,0.466829,0.463187,0.46054,0.459146,0.459146,0.46054,0.463187,0.466829,0.471134,0.47574,0.480312,0.484572,0.488328,0.491475,0.493989,0.49591,0.497314,0.498298,0.498959,0.499386,0.499651,0.499808,0.499899,0.499948,0.499975,0.499988,0.499994,0.499998,0.499999,0.5,0.5,0.5,0.5,0.5,0.5,0.5
0.5,0.5,0.5,0.5,0.5,0.5,0.5,0.499999,0.499998,0.499997,0.499992,0.499984,0.499967,0.499936,0.499879,0.49978,0.499612,0.499342,0.498923,0.498298,0.497406,0.496185,0.494584,0.492579,0.490185,0.487467,0.484549,0.481607,0.478856,0.476527,0.474835,0.473944,0.473944,0.474835,0.476527,0.478856,0.481607,0.484549,0.487467,0.490185,0.492579,0.494584,0.496185,0.497406,0.498298,0.498923,0.499342,0.499612,0.49978,0.499879,0.499936,0.499967,0.499984,0.499992,0.499997,0.499998,0.499999,0.5,0.5,0.5,0.5,0.5,0.5,0.5
0.5,0.5,0.5,0.5,0.5,0.5,0.5,0.5,0.499999,0.499998,0.499995,0.49999,0.49998,0.499961,0.499926,0.499866,0.499764,0.499598,0.499342,0.498959,0.498413,0.497663,0.49668,0.495448,0.493975,0.492302,0.490504,0.488691,0.486994,0.485558,0.484513,0.483963,0.483963,0.484513,0.485558,0.486994,0.488691,0.490504,0.492302,0.493975,0.495448,0.49668,0.497663,0.498413,0.498959,0.499342,0.499598,0.499764,0.499866,0.499926,0.499961,0.49998,0.49999,0.499995,0.499998,0.499999,0.5,0.5,0.5,0.5,0.5,0.5,0.5,0.5
0.5,0.5,0.5,0.5,0.5,0.5,0.5,0.5,0.499999,0.499999,0.499997,0.499994,0.499988,0.499977,0.499957,0.499921,0.499861,0.499764,0.499612,0.499386,0.499063,0.498619,0.498037,0.497306,0.496432,0.495438,0.494369,0.493291,0.492282,0.491427,0.490805,0.490477,0.490477,0.490805,0.491427,0.492282,0.493291,0.494369,0.495438,0.496432,0.497306,0.498037,0.498619,0.499063,0.499386,0.499612,0.499764,0.499861,0.499921,0.499957,0.499977,0.499988,0.499994,0.499997,0.499999,0.499999,0.5,0.5,0.5,0.5,0.5,0.5,0.5,0.5
0.5,0.5,0.5,0.5,0.5,0.5,0.5,0.5,0.5,0.499999,0.499998,0.499997,0.499993,0.499987,0.499976,0.499955,0.499921,0.499866,0.49978,0.499651,0.499466,0.499213,0.49888,0.498462,0.497961,0.497392,0.496779,0.496161,0.495581,0.49509,0.494733,0.494545,0.494545,0.494733,0.49509,0.495581,0.496161,0.496779,0.497392,0.497961,0.498462,0.49888,0.499213,0.499466,0.499651,0.49978,0.499866,0.499921,0.499955,0.499976,0.499987,0.499993,0.499997,0.499998,0.499999,0.5,0.5,0.5,0.5,0.5,0.5,0.5,0.5,0.5
0.5,0.5,0.5,0.5,0.5,0.5,0.5,0.5,0.5,0.5,0.499999,0.499998,0.499996,0.499993,0.499987,0.499976,0.499957,0.499926,0.499879,0.499808,0.499707,0.499567,0.499384,0.499153,0.498877,0.498562,0.498223,0.497881,0.49756,0.497288,0.49709,0.496986,0.496986,0.49709,0.497288,0.49756,0.497881,0.498223,0.498562,0.498877,0.499153,0.499384,0.499567,0.499707,0.499808,0.499879,0.499926,0.499957,0.499976,0.499987,0.499993,0.499996,0.499998,0.499999,0.5,0.5,0.5,0.5,0.5,0.5,0.5,0.5,0.5,0.5
0.5,0.5,0.5,0.5,0.5,0.5,0.5,0.5,0.5,0.5,0.5,0.499999,0.499998,0.499996,0.499993,0.499987,0.499977,0.499961,0.499936,0.499899,0.499845,0.499771,0.499673,0.49955,0.499403,0.499235,0.499054,0.498872,0.498701,0.498555,0.49845,0.498394,0.498394,0.49845,0.498555,0.498701,0.498872,0.499054,0.499235,0.499403,0.49955,0.499673,0.499771,0.499845,0.499899,0.499936,0.499961,0.499977,0.499987,0.499993,0.499996,0.499998,0.499999,0.5,0.5,0.5,0.5,0.5,0.5,0.5,0.5,0.5,0.5,0.5
0.5,0.5,0.5,0.5,0.5,0.5,0.5,0.5,0.5,0.5,0.5,0.5,0.499999,0.499998,0.499996,0.499993,0.499988,0.49998,0.499967,0.499948,0.499921,0.499883,0.499833,0.49977,0.499694,0.499608,0.499515,0.499421,0.499333,0.499258,0.499203,0.499175,0.499175,0.499203,0.499258,0.499333,0.499421,0.499515,0.499608,0.499694,0.49977,0.499833,0.499883,0.499921,0.499948,0.499967,0.49998,0.499988,0.499993,0.499996,0.499998,0.499999,0.5,0.5,0.5,0.5,0.5,0.5,0.5,0.5,0.5,0.5,0.5,0.5
0.5,0.5,0.5,0.5,0.5,0.5,0.5,0.5,0.5,0.5,0.5,0.5,0.5,0.499999,0.499998,0.499997,0.499994,0.49999,0.499984,0.499975,0.499961,0.499942,0.499917,0.499886,0.499849,0.499806,0.49976,0.499713,0.49967,0.499632,0.499605,0.499591,0.499591,0.499605,0.499632,0.49967,0.499713,0.49976,0.499806,0.499849,0.499886,0.499917,0.499942,0.499961,0.499975,0.499984,0.49999,0.499994,0.499997,0.499998,0.499999,0.5,0.5,0.5,0.5,0.5,0.5,0.5,0.5,0.5,0.5,0.5,0.5,0.5
0.5,0.5,0.5,0.5,0.5,0.5,0.5,0.5,0.5,0.5,0.5,0.5,0.5,0.5,0.499999,0.499998,0.499997,0.499995,0.499992,0.499988,0.499981,0.499973,0.499961,0.499946,0.499928,0.499908,0.499886,0.499863,0.499842,0.499824,0.499812,0.499805,0.499805,0.499812,0.499824,0.499842,0.499863,0.499886,0.499908,0.499928,0.499946,0.499961,0.499973,0.499981,0.499988,0.499992,0.499995,0.499997,0.499998,0.499999,0.5,0.5,0.5,0.5,0.5,0.5,0.5,0.5,0.5,0.5,0.5,0.5,0.5,0.5
0.5,0.5,0.5,0.5,0.5,0.5,0.5,0.5,0.5,0.5,0.5,0.5,0.5,0.5,0.5,0.499999,0.499999,0.499998,0.499997,0.499994,0.499991,0.499987,0.499982,0.499975,0.499967,0.499958,0.499947,0.499937,0.499927,0.499919,0.499913,0.49991,0.49991,0.499913,0.499919,0.499927,0.499937,0.499947,0.499958,0.499967,0.499975,0.499982,0.499987,0.499991,0.499994,0.499997,0.499998,0.499999,0.499999,0.5,0.5,0.5,0.5,0.5,0.5,0.5,0.5,0.5,0.5,0.5,0.5,0.5,0.5,0.5
0.5,0.5,0.5,0.5,0.5,0.5,0.5,0.5,0.5,0.5,0.5,0.5,0.5,0.5,0.5,0.5,0.499999,0.499999,0.499998,0.499998,0.499996,0.499994,0.499992,0.499989,0.499985,0.499981,0.499977,0.499972,0.499968,0.499964,0.499961,0.49996,0.49996,0.499961,0.499964,0.499968,0.499972,0.499977,0.499981,0.499985,0.499989,0.499992,0.499994,0.499996,0.499998,0.499998,0.499999,0.499999,0.5,0.5,0.5,0.5,0.5,0.5,0.5,0.5,0.5,0.5,0.5,0.5,0.5,0.5,0.5,0.5
0.5,0.5,0.5,0.5,0.5,0.5,0.5,0.5,0.5,0.5,0.5,0.5,0.5,0.5,0.5,0.5,0.5,0.5,0.499999,0.499999,0.499998,0.499998,0.499997,0.499995,0.499994,0.499992,0.49999,0.499988,0.499986,0.499985,0.499984,0.499983,0.499983,0.499984,0.499985,0.499986,0.499988,0.49999,0.499992,0.499994,0.499995,0.499997,0.499998,0.499998,0.499999,0.499999,0.5,0.5,0.5,0.5,0.5,0.5,0.5,0.5,0.5,0.5,0.5,0.5,0.5,0.5,0.5,0.5,0.5,0.5
0.5,0.5,0.5,0.5,0.5,0.5,0.5,0.5,0.5,0.5,0.5,0.5,0.5,0.5,0.5,0.5,0.5,0.5,0.5,0.5,0.499999,0.499999,0.499999,0.499998,0.499997,0.499997,0.499996,0.499995,0.499994,0.499994,0.499993,0.499993,0.499993,0.499993,0.499994,0.499994,0.499995,0.499996,0.499997,0.499997,0.499998,0.499999,0.499999,0.499999,0.5,0.5,0.5,0.5,0.5,0.5,0.5,0.5,0.5,0.5,0.5,0.5,0.5,0.5,0.5,0.5,0.5,0.5,0.5,0.5
0.5,0.5,0.5,0.5,0.5,0.5,0.5,0.5,0.5,0.5,0.5,0.5,0.5,0.5,0.5,0.5,0.5,0.5,0.5,0.5,0.5,0.5,0.499999,0.499999,0.499999,0.499999,0.499998,0.499998,0.499998,0.499997,0.499997,0.499997,0.499997,0.499997,0.499997,0.499998,0.499998,0.499998,0.499999,0.499999,0.499999,0.499999,0.5,0.5,0.5,0.5,0.5,0.5,0.5,0.5,0.5,0.5,0.5,0.5,0.5,0.5,0.5,0.5,0.5,0.5,0.5,0.5,0.5,0.5
0.5,0.5,0.5,0.5,0.5,0.5,0.5,0.5,0.5,0.5,0.5,0.5,0.5,0.5,0.5,0.5,0.5,0.5,0.5,0.5,0.5,0.5,0.5,0.5,0.5,0.499999,0.499999,0.499999,0.499999,0.499999,0.499999,0.499999,0.499999,0.499999,0.499999,0.499999,0.499999,0.499999,0.499999,0.5,0.5,0.5,0.5,0.5,0.5,0.5,0.5,0.5,0.5,0.5,0.5,0.5,0.5,0.5,0.5,0.5,0.5,0.5,0.5,0.5,0.5,0.5,0.5,0.5
0.5,0.5,0.5,0.5,0.5,0.5,0.5,0.5,0.5,0.5,0.5,0.5,0.5,0.5,0.5,0.5,0.5,0.5,0.5,0.5,0.5,0.5,0.5,0.5,0.5,0.5,0.5,0.5,0.5,0.5,0.5,0.5,0.5,0.5,0.5,0.5,0.5,0.5,0.5,0.5,0.5,0.5,0.5,0.5,0.5,0.5,0.5,0.5,0.5,0.5,0.5,0.5,0.5,0.5,0.5,0.5,0.5,0.5,0.5,0.5,0.5,0.5,0.5,0.5
0.5,0.5,0.5,0.5,0.5,0.5,0.5,0.5,0.5,0.5,0.5,0.5,0.5,0.5,0.5,0.5,0.5,0.5,0.5,0.5,0.5,0.5,0.5,0.5,0.5,0.5,0.5,0.5,0.5,0.5,0.5,0.5,0.5,0.5,0.5,0.5,0.5,0.5,0.5,0.5,0.5,0.5,0.5,0.5,0.5,0.5,0.5,0.5,0.5,0.5,0.5,0.5,0.5,0.5,0.5,0.5,0.5,0.5,0.5,0.5,0.5,0.5,0.5,0.5
0.5,0.5,0.5,0.5,0.5,0.5,0.5,0.5,0.5,0.5,0.5,0.5,0.5,0.5,0.5,0.5,0.5,0.5,0.5,0.5,0.5,0.5,0.5,0.5,0.5,0.5,0.5,0.5,0.5,0.5,0.5,0.5,0.5,0.5,0.5,0.5,0.5,0.5,0.5,0.5,0.5,0.5,0.5,0.5,0.5,0.5,0.5,0.5,0.5,0.5,0.5,0.5,0.5,0.5,0.5,0.5,0.5,0.5,0.5,0.5,0.5,0.5,0.5,0.5
0.5,0.5,0.5,0.5,0.5,0.5,0.5,0.5,0.5,0.5,0.5,0.5,0.5,0.5,0.5,0.5,0.5,0.5,0.5,0.5,0.5,0.5,0.5,0.5,0.5,0.5,0.5,0.5,0.5,0.5,0.5,0.5,0.5,0.5,0.5,0.5,0.5,0.5,0.5,0.5,0.5,0.5,0.5,0.5,0.5,0.5,0.5,0.5,0.5,0.5,0.5,0.5,0.5,0.5,0.5,0.5,0.5,0.5,0.5,0.5,0.5,0.5,0.5,0.5
