0.5,0.5,0.5,0.5,0.5,0.5,0.5,0.5,0.5,0.5,0.5,0.5,0.5,0.5,0.5,0.5,0.5,0.5,0.5,0.5,0.5,0.5,0.5,0.5,0.5,0.5,0.5,0.5,0.5,0.5,0.5,0.5,0.5,0.5,0.5,0.5,0.5,0.5,0.5,0.5,0.5,0.5,0.5,0.5,0.5,0.5,0.5,0.5,0.5,0.5,0.5,0.5,0.5,0.5,0.5,0.5,0.5,0.5,0.5,0.5,0.5,0.5,0.5,0.5
0.5,0.5,0.5,0.5,0.5,0.5,0.5,0.5,0.5,0.5,0.5,0.5,0.5,0.5,0.5,0.5,0.5,0.5,0.5,0.5,0.5,0.5,0.5,0.5,0.5,0.5,0.5,0.5,0.5,0.5,0.5,0.5,0.5,0.5,0.5,0.5,0.5,0.5,0.5,0.5,0.5,0.5,0.5,0.5,0.5,0.5,0.5,0.5,0.5,0.5,0.5,0.5,0.5,0.5,0.5,0.5,0.5,0.5,0.5,0.5,0.5,0.5,0.5,0.5
0.5,0.5,0.5,0.5,0.5,0.5,0.5,0.5,0.5,0.5,0.5,0.5,0.5,0.5,0.5,0.5,0.5,0.5,0.5,0.5,0.5,0.5,0.5,0.5,0.5,0.5,0.5,0.5,0.5,0.5,0.5,0.5,0.5,0.5,0.5,0.5,0.5,0.5,0.5,0.5,0.5,0.5,0.5,0.5,0.5,0.5,0.5,0.5,0.5,0.5,0.5,0.5,0.5,0.5,0.5,0.5,0.5,0.5,0.5,0.5,0.5,0.5,0.5,0.5
0.5,0.5,0.5,0.5,0.5,0.5,0.5,0.5,0.5,0.5,0.5,0.5,0.5,0.5,0.5,0.5,0.5,0.5,0.5,0.5,0.5,0.5,0.5,0.5,0.5,0.499999,0.499999,0.499999,0.499999,0.499999,0.499999,0.499999,0.499999,0.499999,0.499999,0.499999,0.499999,0.499999,0.499999,0.5,0.5,0.5,0.5,0.5,0.5,0.5,0.5,0.5,0.5,0.5,0.5,0.5,0.5,0.5,0.5,0.5,0.5,0.5,0.5,0.5,0.5,0.5,0.5,0.5
0.5,0.5,0.5,0.5,0.5,0.5,0.5,0.5,0.5,0.5,0.5,0.5,0.5,0.5,0.5,0.5,0.5,0.5,0.5,0.5,0.5,0.5,0.499999,0.499999,0.499999,0.499998,0.499998,0.499998,0.499997,0.499997,0.499997,0.499997,0.499997,0.499997,0.499997,0.499997,0.499998,0.499998,0.499998,0.499999,0.499999,0.499999,0.5,0.5,0.5,0.5,0.5,0.5,0.5,0.5,0.5,0.5,0.5,0.5,0.5,0.5,0.5,0.5,0.5,0.5,0.5,0.5,0.5,0.5
0.5,0.5,0.5,0.5,0.5,0.5,0.5,0.5,0.5,0.5,0.5,0.5,0.5,0.5,0.5,0.5,0.5,0.5,0.5,0.499999,0.499999,0.499999,0.499998,0.499998,0.499997,0.499996,0.499995,0.499994,0.499994,0.499993,0.499992,0.499992,0.499992,0.499992,0.499993,0.499994,0.499994,0.499995,0.499996,0.499997,0.499998,0.499998,0.499999,0.499999,0.499999,0.5,0.5,0.5,0.5,0.5,0.5,0.5,0.5,0.5,0.5,0.5,0.5,0.5,0.5,0.5,0.5,0.5,0.5,0.5
0.5,0.5,0.5,0.5,0.5,0.5,0.5,0.5,0.5,0.5,0.5,0.5,0.5,0.5,0.5,0.5,0.5,0.499999,0.499999,0.499999,0.499998,0.499997,0.499996,0.499994,0.499993,0.499991,0.499989,0.499986,0.499984,0.499983,0.499981,0.499981,0.499981,0.499981,0.499983,0.499984,0.499986,0.499989,0.499991,0.499993,0.499994,0.499996,0.499997,0.499998,0.499999,0.499999,0.499999,0.5,0.5,0.5,0.5,0.5,0.5,0.5,0.5,0.5,0.5,0.5,0.5,0.5,0.5,0.5,0.5,0.5
0.5,0.5,0.5,0.5,0.5,0.5,0.5,0.5,0.5,0.5,0.5,0.5,0.5,0.5,0.5,0.5,0.499999,0.499999,0.499998,0.499997,0.499995,0.499993,0.49999,0.499987,0.499983,0.499978,0.499973,0.499968,0.499964,0.49996,0.499957,0.499956,0.499956,0.499957,0.49996,0.499964,0.499968,0.499973,0.499978,0.499983,0.499987,0.49999,0.499993,0.499995,0.499997,0.499998,0.499999,0.499999,0.5,0.5,0.5,0.5,0.5,0.5,0.5,0.5,0.5,0.5,0.5,0.5,0.5,0.5,0.5,0.5
0.5,0.5,0.5,0.5,0.5,0.5,0.5,0.5,0.5,0.5,0.5,0.5,0.5,0.5,0.499999,0.499999,0.499998,0.499997,0.499996,0.499993,0.49999,0.499985,0.499979,0.499971,0.499962,0.499951,0.49994,0.499929,0.499919,0.49991,0.499904,0.499901,0.499901,0.499904,0.49991,0.499919,0.499929,0.49994,0.499951,0.499962,0.499971,0.499979,0.499985,0.49999,0.499993,0.499996,0.499997,0.499998,0.499999,0.499999,0.5,0.5,0.5,0.5,0.5,0.5,0.5,0.5,0.5,0.5,0.5,0.5,0.5,0.5
0.5,0.5,0.5,0.5,0.5,0.5,0.5,0.5,0.5,0.5,0.5,0.5,0.5,0.499999,0.499999,0.499998,0.499996,0.499994,0.49999,0.499985,0.499977,0.499967,0.499954,0.499937,0.499917,0.499895,0.499871,0.499848,0.499826,0.499807,0.499794,0.499786,0.499786,0.499794,0.499807,0.499826,0.499848,0.499871,0.499895,0.499917,0.499937,0.499954,0.499967,0.499977,0.499985,0.49999,0.499994,0.499996,0.499998,0.499999,0.499999,0.5,0.5,0.5,0.5,0.5,0.5,0.5,0.5,0.5,0.5,0.5,0.5,0.5
0.5,0.5,0.5,0.5,0.5,0.5,0.5,0.5,0.5,0.5,0.5,0.5,0.499999,0.499999,0.499998,0.499996,0.499992,0.499987,0.49998,0.499968,0.499952,0.499931,0.499903,0.499868,0.499827,0.499781,0.499732,0.499683,0.499638,0.499599,0.499571,0.499556,0.499556,0.499571,0.499599,0.499638,0.499683,0.499732,0.499781,0.499827,0.499868,0.499903,0.499931,0.499952,0.499968,0.49998,0.499987,0.499992,0.499996,0.499998,0.499999,0.499999,0.5,0.5,0.5,0.5,0.5,0.5,0.5,0.5,0.5,0.5,0.5,0.5
0.5,0.5,0.5,0.5,0.5,0.5,0.5,0.5,0.5,0.5,0.5,0.499999,0.499999,0.499997,0.499995,0.499991,0.499985,0.499974,0.499959,0.499936,0.499904,0.49986,0.499804,0.499735,0.499653,0.49956,0.499462,0.499364,0.499273,0.499196,0.499141,0.499112,0.499112,0.499141,0.499196,0.499273,0.499364,0.499462,0.49956,0.499653,0.499735,0.499804,0.49986,0.499904,0.499936,0.499959,0.499974,0.499985,0.499991,0.499995,0.499997,0.499999,0.499999,0.5,0.5,0.5,0.5,0.5,0.5,0.5,0.5,0.5,0.5,0.5
0.5,0.5,0.5,0.5,0.5,0.5,0.5,0.5,0.5,0.5,0.499999,0.499999,0.499997,0.499995,0.49999,0.499982,0.49997,0.499949,0.499919,0.499874,0.499812,0.499727,0.499618,0.499484,0.499325,0.499148,0.498958,0.498769,0.498594,0.498446,0.498339,0.498283,0.498283,0.498339,0.498446,0.498594,0.498769,0.498958,0.499148,0.499325,0.499484,0.499618,0.499727,0.499812,0.499874,0.499919,0.499949,0.49997,0.499982,0.49999,0.499995,0.499997,0.499999,0.499999,0.5,0.5,0.5,0.5,0.5,0.5,0.5,0.5,0.5,0.5
0.5,0.5,0.5,0.5,0.5,0.5,0.5,0.5,0.5,0.499999,0.499999,0.499997,0.499995,0.49999,0.499981,0.499966,0.499942,0.499904,0.499847,0.499763,0.499645,0.499487,0.499283,0.499032,0.498736,0.498405,0.498053,0.497701,0.497376,0.497102,0.496903,0.496799,0.496799,0.496903,0.497102,0.497376,0.497701,0.498053,0.498405,0.498736,0.499032,0.499283,0.499487,0.499645,0.499763,0.499847,0.499904,0.499942,0.499966,0.499981,0.49999,0.499995,0.499997,0.499999,0.499999,0.5,0.5,0.5,0.5,0.5,0.5,0.5,0.5,0.5
0.5,0.5,0.5,0.5,0.5,0.5,0.5,0.5,0.499999,0.499999,0.499998,0.499995,0.49999,0.499981,0.499965,0.499938,0.499894,0.499825,0.49972,0.499567,0.499354,0.499068,0.498699,0.498247,0.497714,0.497119,0.496487,0.495857,0.495273,0.494783,0.494428,0.494242,0.494242,0.494428,0.494783,0.495273,0.495857,0.496487,0.497119,0.497714,0.498247,0.498699,0.499068,0.499354,0.499567,0.49972,0.499825,0.499894,0.499938,0.499965,0.499981,0.49999,0.499995,0.499998,0.499999,0.499999,0.5,0.5,0.5,0.5,0.5,0.5,0.5,0.5
0.5,0.5,0.5,0.5,0.5,0.5,0.5,0.5,0.499999,0.499998,0.499996,0.499991,0.499982,0.499966,0.499938,0.499891,0.499813,0.499691,0.499506,0.499239,0.498865,0.498365,0.497723,0.496935,0.49601,0.494977,0.493883,0.492793,0.491784,0.490936,0.490324,0.490002,0.490002,0.490324,0.490936,0.491784,0.492793,0.493883,0.494977,0.49601,0.496935,0.497723,0.498365,0.498865,0.499239,0.499506,0.499691,0.499813,0.499891,0.499938,0.499966,0.499982,0.499991,0.499996,0.499998,0.499999,0.5,0.5,0.5,0.5,0.5,0.5,0.5,0.5
0.5,0.5,0.5,0.5,0.5,0.5,0.5,0.499999,0.499998,0.499996,0.499992,0.499985,0.49997,0.499942,0.499894,0.499813,0.499681,0.499473,0.49916,0.498706,0.498075,0.497232,0.496152,0.494828,0.493276,0.491546,0.489716,0.487896,0.486213,0.4848,0.483779,0.483244,0.483244,0.483779,0.4848,0.486213,0.487896,0.489716,0.491546,0.493276,0.494828,0.496152,0.497232,0.498075,0.498706,0.49916,0.499473,0.499681,0.499813,0.499894,0.499942,0.49997,0.499985,0.499992,0.499996,0.499998,0.499999,0.5,0.5,0.5,0.5,0.5,0.5,0.5
0.5,0.5,0.5,0.5,0.5,0.5,0.499999,0.499999,0.499997,0.499994,0.499987,0.499974,0.499949,0.499904,0.499825,0.499691,0.499473,0.499132,0.498619,0.497877,0.496847,0.495474,0.493719,0.49157,0.489058,0.48626,0.483306,0.48037,0.477659,0.475386,0.473744,0.472884,0.472884,0.473744,0.475386,0.477659,0.48037,0.483306,0.48626,0.489058,0.49157,0.493719,0.495474,0.496847,0.497877,0.498619,0.499132,0.499473,0.499691,0.499825,0.499904,0.499949,0.499974,0.499987,0.499994,0.499997,0.499999,0.499999,0.5,0.5,0.5,0.5,0.5,0.5
0.5,0.5,0.5,0.5,0.5,0.5,0.499999,0.499998,0.499996,0.49999,0.49998,0.499959,0.499919,0.499847,0.49972,0.499506,0.49916,0.498619,0.497807,0.496636,0.495012,0.492852,0.490096,0.486729,0.482799,0.47843,0.473824,0.469252,0.465034,0.461501,0.458952,0.457616,0.457616,0.458952,0.461501,0.465034,0.469252,0.473824,0.47843,0.482799,0.486729,0.490096,0.492852,0.495012,0.496636,0.497807,0.498619,0.49916,0.499506,0.49972,0.499847,0.499919,0.499959,0.49998,0.49999,0.499996,0.499998,0.499999,0.5,0.5,0.5,0.5,0.5,0.5
0.5,0.5,0.5,0.5,0.5,0.499999,0.499999,0.499997,0.499993,0.499985,0.499968,0.499936,0.499874,0.499763,0.499567,0.499239,0.498706,0.497877,0.496636,0.494848,0.492375,0.489092,0.484911,0.479814,0.473875,0.467282,0.460343,0.453465,0.447127,0.441822,0.437997,0.435993,0.435993,0.437997,0.441822,0.447127,0.453465,0.460343,0.467282,0.473875,0.479814,0.484911,0.489092,0.492375,0.494848,0.496636,0.497877,0.498706,0.499239,0.499567,0.499763,0.499874,0.499936,0.499968,0.499985,0.499993,0.499997,0.499999,0.499999,0.5,0.5,0.5,0.5,0.5
0.5,0.5,0.5,0.5,0.5,0.499999,0.499998,0.499995,0.49999,0.499977,0.499952,0.499904,0.499812,0.499645,0.499354,0.498865,0.498075,0.496847,0.495012,0.492375,0.488735,0.483912,0.477783,0.470324,0.461649,0.452035,0.441931,0.431931,0.422726,0.415028,0.409482,0.406577,0.406577,0.409482,0.415028,0.422726,0.431931,0.441931,0.452035,0.461649,0.470324,0.477783,0.483912,0.488735,0.492375,0.495012,0.496847,0.498075,0.498865,0.499354,0.499645,0.499812,0.499904,0.499952,0.499977,0.49999,0.499995,0.499998,0.499999,0.5,0.5,0.5,0.5,0.5
0.5,0.5,0.5,0.5,0.5,0.499999,0.499997,0.499993,0.499985,0.499967,0.499931,0.49986,0.499727,0.499487,0.499068,0.498365,0.497232,0.495474,0.492852,0.489092,0.483912,0.477062,0.468374,0.457821,0.445569,0.432016,0.417791,0.403733,0.390807,0.380007,0.372232,0.368161,0.368161,0.372232,0.380007,0.390807,0.403733,0.417791,0.432016,0.445569,0.457821,0.468374,0.477062,0.483912,0.489092,0.492852,0.495474,0.497232,0.498365,0.499068,0.499487,0.499727,0.49986,0.499931,0.499967,0.499985,0.499993,0.499997,0.499999,0.5,0.5,0.5,0.5,0.5
0.5,0.5,0.5,0.5,0.499999,0.499998,0.499996,0.49999,0.499979,0.499954,0.499903,0.499804,0.499618,0.499283,0.498699,0.497723,0.496152,0.493719,0.490096,0.484911,0.477783,0.468374,0.456463,0.442022,0.425287,0.406803,0.387434,0.368316,0.350759,0.336103,0.325559,0.320041,0.320041,0.325559,0.336103,0.350759,0.368316,0.387434,0.406803,0.425287,0.442022,0.456463,0.468374,0.477783,0.484911,0.490096,0.493719,0.496152,0.497723,0.498699,0.499283,0.499618,0.499804,0.499903,0.499954,0.499979,0.49999,0.499996,0.499998,0.499999,0.5,0.5,0.5,0.5
0.5,0.5,0.5,0.5,0.499999,0.499998,0.499994,0.499987,0.499971,0.499937,0.499868,0.499735,0.499484,0.499032,0.498247,0.496935,0.494828,0.49157,0.486729,0.479814,0.470324,0.457821,0.442022,0.422902,0.400781,0.376388,0.350865,0.325705,0.302625,0.283378,0.269539,0.262299,0.262299,0.269539,0.283378,0.302625,0.325705,0.350865,0.376388,0.400781,0.422902,0.442022,0.457821,0.470324,0.479814,0.486729,0.49157,0.494828,0.496935,0.498247,0.499032,0.499484,0.499735,0.499868,0.499937,0.499971,0.499987,0.499994,0.499998,0.499999,0.5,0.5,0.5,0.5
0.5,0.5,0.5,0.5,0.499999,0.499997,0.499993,0.499983,0.499962,0.499917,0.499827,0.499653,0.499325,0.498736,0.497714,0.49601,0.493276,0.489058,0.482799,0.473875,0.461649,0.445569,0.425287,0.400781,0.372475,0.34131,0.308748,0.276689,0.247312,0.222835,0.205247,0.196049,0.196049,0.205247,0.222835,0.247312,0.276689,0.308748,0.34131,0.372475,0.400781,0.425287,0.445569,0.461649,0.473875,0.482799,0.489058,0.493276,0.49601,0.497714,0.498736,0.499325,0.499653,0.499827,0.499917,0.499962,0.499983,0.499993,0.499997,0.499999,0.5,0.5,0.5,0.5
0.5,0.5,0.5,0.499999,0.499998,0.499996,0.499991,0.499978,0.499951,0.499895,0.499781,0.49956,0.499148,0.498405,0.497119,0.494977,0.491546,0.48626,0.47843,0.467282,0.452035,0.432016,0.406803,0.376388,0.34131,0.302745,0.262503,0.222931,0.186706,0.156547,0.13489,0.123568,0.123568,0.13489,0.156547,0.186706,0.222931,0.262503,0.302745,0.34131,0.376388,0.406803,0.432016,0.452035,0.467282,0.47843,0.48626,0.491546,0.494977,0.497119,0.498405,0.499148,0.49956,0.499781,0.499895,0.499951,0.499978,0.499991,0.499996,0.499998,0.499999,0.5,0.5,0.5
0.5,0.5,0.5,0.499999,0.499998,0.499995,0.499989,0.499973,0.49994,0.499871,0.499732,0.499462,0.498958,0.498053,0.496487,0.493883,0.489716,0.483306,0.473824,0.460343,0.441931,0.417791,0.387434,0.350865,0.308748,0.262503,0.214306,0.166963,0.123664,0.0876427,0.0617901,0.0482802,0.0482802,0.0617901,0.0876427,0.123664,0.166963,0.214306,0.262503,0.308748,0.350865,0.387434,0.417791,0.441931,0.460343,0.473824,0.483306,0.489716,0.493883,0.496487,0.498053,0.498958,0.499462,0.499732,0.499871,0.49994,0.499973,0.499989,0.499995,0.499998,0.499999,0.5,0.5,0.5
0.5,0.5,0.5,0.499999,0.499998,0.499994,0.499986,0.499968,0.499929,0.499848,0.499683,0.499364,0.498769,0.497701,0.495857,0.492793,0.487896,0.48037,0.469252,0.453465,0.431931,0.403733,0.368316,0.325705,0.276689,0.222931,0.166963,0.112038,0.0618463,0.0201193,-0.00981392,-0.0254516,-0.0254516,-0.00981392,0.0201193,0.0618463,0.112038,0.166963,0.222931,0.276689,0.325705,0.368316,0.403733,0.431931,0.453465,0.469252,0.48037,0.487896,0.492793,0.495857,0.497701,0.498769,0.499364,0.499683,0.499848,0.499929,0.499968,0.499986,0.499994,0.499998,0.499999,0.5,0.5,0.5
0.5,0.5,0.5,0.499999,0.499997,0.499994,0.499984,0.499964,0.499919,0.499826,0.499638,0.499273,0.498594,0.497376,0.495273,0.491784,0.486213,0.477659,0.465034,0.447127,0.422726,0.390807,0.350759,0.302625,0.247312,0.186706,0.123664,0.0618463,0.00539501,-0.0415097,-0.0751433,-0.0927096,-0.0927096,-0.0751433,-0.0415097,0.00539501,0.0618463,0.123664,0.186706,0.247312,0.302625,0.350759,0.390807,0.422726,0.447127,0.465034,0.477659,0.486213,0.491784,0.495273,0.497376,0.498594,0.499273,0.499638,0.499826,0.499919,0.499964,0.499984,0.499994,0.499997,0.499999,0.5,0.5,0.5
0.5,0.5,0.5,0.499999,0.499997,0.499993,0.499983,0.49996,0.49991,0.499807,0.499599,0.499196,0.498446,0.497102,0.494783,0.490936,0.4848,0.475386,0.461501,0.441822,0.415028,0.380007,0.336103,0.283378,0.222835,0.156547,0.0876427,0.0201193,-0.0415097,-0.0926941,-0.129385,-0.148544,-0.148544,-0.129385,-0.0926941,-0.0415097,0.0201193,0.0876427,0.156547,0.222835,0.283378,0.336103,0.380007,0.415028,0.441822,0.461501,0.475386,0.4848,0.490936,0.494783,0.497102,0.498446,0.499196,0.499599,0.499807,0.49991,0.49996,0.499983,0.499993,0.499997,0.499999,0.5,0.5,0.5
0.5,0.5,0.5,0.499999,0.499997,0.499992,0.499981,0.499957,0.499904,0.499794,0.499571,0.499141,0.498339,0.496903,0.494428,0.490324,0.483779,0.473744,0.458952,0.437997,0.409482,0.372232,0.325559,0.269539,0.205247,0.13489,0.0617901,-0.00981392,-0.0751433,-0.129385,-0.168258,-0.188554,-0.188554,-0.168258,-0.129385,-0.0751433,-0.00981392,0.0617901,0.13489,0.205247,0.269539,0.325559,0.372232,0.409482,0.437997,0.458952,0.473744,0.483779,0.490324,0.494428,0.496903,0.498339,0.499141,0.499571,0.499794,0.499904,0.499957,0.499981,0.499992,0.499997,0.499999,0.5,0.5,0.5
0.5,0.5,0.5,0.499999,0.499997,0.499992,0.499981,0.499956,0.499901,0.499786,0.499556,0.499112,0.498283,0.496799,0.494242,0.490002,0.483244,0.472884,0.457616,0.435993,0.406577,0.368161,0.320041,0.262299,0.196049,0.123568,0.0482802,-0.0254516,-0.0927096,-0.148544,-0.188554,-0.209442,-0.209442,-0.188554,-0.148544,-0.0927096,-0.0254516,0.0482802,0.123568,0.196049,0.262299,0.320041,0.368161,0.406577,0.435993,0.457616,0.472884,0.483244,0.490002,0.494242,0.496799,0.498283,0.499112,0.499556,0.499786,0.499901,0.499956,0.499981,0.499992,0.499997,0.499999,0.5,0.5,0.5
0.5,0.5,0.5,0.499999,0.499997,0.499992,0.499981,0.499956,0.499901,0.499786,0.499556,0.499112,0.498283,0.496799,0.494242,0.490002,0.483244,0.472884,0.457616,0.435993,0.406577,0.368161,0.320041,0.262299,0.196049,0.123568,0.0482802,-0.0254516,-0.0927096,-0.148544,-0.188554,-0.209442,-0.209442,-0.188554,-0.148544,-0.0927096,-0.0254516,0.0482802,0.123568,0.196049,0.262299,0.320041,0.368161,0.406577,0.435993,0.457616,0.472884,0.483244,0.490002,0.494242,0.496799,0.498283,0.499112,0.499556,0.499786,0.499901,0.499956,0.499981,0.499992,0.499997,0.499999,0.5,0.5,0.5
0.5,0.5,0.5,0.499999,0.499997,0.499992,0.499981,0.499957,0.499904,0.499794,0.499571,0.499141,0.498339,0.496903,0.494428,0.490324,0.483779,0.473744,0.458952,0.437997,0.409482,0.372232,0.325559,0.269539,0.205247,0.13489,0.0617901,-0.00981392,-0.0751433,-0.129385,-0.168258,-0.188554,-0.188554,-0.168258,-0.129385,-0.0751433,-0.00981392,0.0617901,0.13489,0.205247,0.269539,0.325559,0.372232,0.409482,0.437997,0.458952,0.473744,0.483779,0.490324,0.494428,0.496903,0.498339,0.499141,0.499571,0.499794,0.499904,0.499957,0.499981,0.499992,0.499997,0.499999,0.5,0.5,0.5
0.5,0.5,0.5,0.499999,0.499997,0.499993,0.499983,0.49996,0.49991,0.499807,0.499599,0.499196,0.498446,0.497102,0.494783,0.490936,0.4848,0.475386,0.461501,0.441822,0.415028,0.380007,0.336103,0.283378,0.222835,0.156547,0.0876427,0.0201193,-0.0415097,-0.0926941,-0.129385,-0.148544,-0.148544,-0.129385,-0.0926941,-0.0415097,0.0201193,0.0876427,0.156547,0.222835,0.283378,0.336103,0.380007,0.415028,0.441822,0.461501,0.475386,0.4848,0.490936,0.494783,0.497102,0.498446,0.499196,0.499599,0.499807,0.49991,0.49996,0.499983,0.499993,0.499997,0.499999,0.5,0.5,0.5
0.5,0.5,0.5,0.499999,0.499997,0.499994,0.499984,0.499964,0.499919,0.499826,0.499638,0.499273,0.498594,0.497376,0.495273,0.491784,0.486213,0.477659,0.465034,0.447127,0.422726,0.390807,0.350759,0.302625,0.247312,0.186706,0.123664,0.0618463,0.00539501,-0.0415097,-0.0751433,-0.0927096,-0.0927096,-0.0751433,-0.0415097,0.00539501,0.0618463,0.123664,0.186706,0.247312,0.302625,0.350759,0.390807,0.422726,0.447127,0.465034,0.477659,0.486213,0.491784,0.495273,0.497376,0.498594,0.499273,0.499638,0.499826,0.499919,0.499964,0.499984,0.499994,0.499997,0.499999,0.5,0.5,0.5
0.5,0.5,0.5,0.499999,0.499998,0.499994,0.499986,0.499968,0.499929,0.499848,0.499683,0.499364,0.498769,0.497701,0.495857,0.492793,0.487896,0.48037,0.469252,0.453465,0.431931,0.403733,0.368316,0.325705,0.276689,0.222931,0.166963,0.112038,0.0618463,0.0201193,-0.00981392,-0.0254516,-0.0254516,-0.00981392,0.0201193,0.0618463,0.112038,0.166963,0.222931,0.276689,0.325705,0.368316,0.403733,0.431931,0.453465,0.469252,0.48037,0.487896,0.492793,0.495857,0.497701,0.498769,0.499364,0.499683,0.499848,0.499929,0.499968,0.499986,0.499994,0.499998,0.499999,0.5,0.5,0.5
0.5,0.5,0.5,0.499999,0.499998,0.499995,0.499989,0.499973,0.49994,0.499871,0.499732,0.499462,0.498958,0.498053,0.496487,0.493883,0.489716,0.483306,0.473824,0.460343,0.441931,0.417791,0.387434,0.350865,0.308748,0.262503,0.214306,0.166963,0.123664,0.0876427,0.0617901,0.0482802,0.0482802,0.0617901,0.0876427,0.123664,0.166963,0.214306,0.262503,0.308748,0.350865,0.387434,0.417791,0.441931,0.460343,0.473824,0.483306,0.489716,0.493883,0.496487,0.498053,0.498958,0.499462,0.499732,0.499871,0.49994,0.499973,0.499989,0.499995,0.499998,0.499999,0.5,0.5,0.5
0.5,0.5,0.5,0.499999,0.499998,0.499996,0.499991,0.499978,0.499951,0.499895,0.499781,0.49956,0.499148,0.498405,0.497119,0.494977,0.491546,0.48626,0.47843,0.467282,0.452035,0.432016,0.406803,0.376388,0.34131,0.302745,0.262503,0.222931,0.186706,0.156547,0.13489,0.123568,0.123568,0.13489,0.156547,0.186706,0.222931,0.262503,0.302745,0.34131,0.376388,0.406803,0.432016,0.452035,0.467282,0.47843,0.48626,0.491546,0.494977,0.497119,0.498405,0.499148,0.49956,0.499781,0.499895,0.499951,0.499978,0.499991,0.499996,0.499998,0.499999,0.5,0.5,0.5
0.5,0.5,0.5,0.5,0.499999,0.499997,0.499993,0.499983,0.499962,0.499917,0.499827,0.499653,0.499325,0.498736,0.497714,0.49601,0.493276,0.489058,0.482799,0.473875,0.461649,0.445569,0.425287,0.400781,0.372475,0.34131,0.308748,0.276689,0.247312,0.222835,0.205247,0.196049,0.196049,0.205247,0.222835,0.247312,0.276689,0.308748,0.34131,0.372475,0.400781,0.425287,0.445569,0.461649,0.473875,0.482799,0.489058,0.493276,0.49601,0.497714,0.498736,0.499325,0.499653,0.499827,0.499917,0.499962,0.499983,0.499993,0.499997,0.499999,0.5,0.5,0.5,0.5
0.5,0.5,0.5,0.5,0.499999,0.499998,0.499994,0.499987,0.499971,0.499937,0.499868,0.499735,0.499484,0.499032,0.498247,0.496935,0.494828,0.49157,0.486729,0.479814,0.470324,0.457821,0.442022,0.422902,0.400781,0.376388,0.350865,0.325705,0.302625,0.283378,0.269539,0.262299,0.262299,0.269539,0.283378,0.302625,0.325705,0.350865,0.376388,0.400781,0.422902,0.442022,0.457821,0.470324,0.479814,0.486729,0.49157,0.494828,0.496935,0.498247,0.499032,0.499484,0.499735,0.499868,0.499937,0.499971,0.499987,0.499994,0.499998,0.499999,0.5,0.5,0.5,0.5
0.5,0.5,0.5,0.5,0.499999,0.499998,0.499996,0.49999,0.499979,0.499954,0.499903,0.499804,0.499618,0.499283,0.498699,0.497723,0.496152,0.493719,0.490096,0.484911,0.477783,0.468374,0.456463,0.442022,0.425287,0.406803,0.387434,0.368316,0.350759,0.336103,0.325559,0.320041,0.320041,0.325559,0.336103,0.350759,0.368316,0.387434,0.406803,0.425287,0.442022,0.456463,0.468374,0.477783,0.484911,0.490096,0.493719,0.496152,0.497723,0.498699,0.499283,0.499618,0.499804,0.499903,0.499954,0.499979,0.49999,0.499996,0.499998,0.499999,0.5,0.5,0.5,0.5
0.5,0.5,0.5,0.5,0.5,0.499999,0.499997,0.499993,0.499985,0.499967,0.499931,0.49986,0.499727,0.499487,0.499068,0.498365,0.497232,0.495474,0.492852,0.489092,0.483912,0.477062,0.468374,0.457821,0.445569,0.432016,0.417791,0.403733,0.390807,0.380007,0.372232,0.368161,0.368161,0.372232,0.380007,0.390807,0.403733,0.417791,0.432016,0.445569,0.457821,0.468374,0.477062,0.483912,0.489092,0.492852,0.495474,0.497232,0.498365,0.499068,0.499487,0.499727,0.49986,0.499931,0.499967,0.499985,0.499993,0.499997,0.499999,0.5,0.5,0.5,0.5,0.5
0.5,0.5,0.5,0.5,0.5,0.499999,0.499998,0.499995,0.49999,0.499977,0.499952,0.499904,0.499812,0.499645,0.499354,0.498865,0.498075,0.496847,0.495012,0.492375,0.488735,0.483912,0.477783,0.470324,0.461649,0.452035,0.441931,0.431931,0.422726,0.415028,0.409482,0.406577,0.406577,0.409482,0.415028,0.422726,0.431931,0.441931,0.452035,0.461649,0.470324,0.477783,0.483912,0.488735,0.492375,0.495012,0.496847,0.498075,0.498865,0.499354,0.499645,0.499812,0.499904,0.499952,0.499977,0.49999,0.499995,0.499998,0.499999,0.5,0.5,0.5,0.5,0.5
0.5,0.5,0.5,0.5,0.5,0.499999,0.499999,0.499997,0.499993,0.499985,0.499968,0.499936,0.499874,0.499763,0.499567,0.499239,0.498706,0.497877,0.496636,0.494848,0.492375,0.489092,0.484911,0.479814,0.473875,0.467282,0.460343,0.453465,0.447127,0.441822,0.437997,0.435993,0.435993,0.437997,0.441822,0.447127,0.453465,0.460343,0.467282,0.473875,0.479814,0.484911,0.489092,0.492375,0.494848,0.496636,0.497877,0.498706,0.499239,0.499567,0.499763,0.499874,0.499936,0.499968,0.499985,0.499993,0.499997,0.499999,0.499999,0.5,0.5,0.5,0.5,0.5
0.5,0.5,0.5,0.5,0.5,0.5,0.499999,0.499998,0.499996,0.49999,0.49998,0.499959,0.499919,0.499847,0.49972,0.499506,0.49916,0.498619,0.497807,0.496636,0.495012,0.492852,0.490096,0.486729,0.482799,0.47843,0.473824,0.469252,0.465034,0.461501,0.458952,0.457616,0.457616,0.458952,0.461501,0.465034,0.469252,0.473824,0.47843,0.482799,0.486729,0.490096,0.492852,0.495012,0.496636,0.497807,0.498619,0.49916,0.499506,0.49972,0.499847,0.499919,0.499959,0.49998,0.49999,0.499996,0.499998,0.499999,0.5,0.5,0.5,0.5,0.5,0.5
0.5,0.5,0.5,0.5,0.5,0.5,0.499999,0.499999,0.499997,0.499994,0.499987,0.499974,0.499949,0.499904,0.499825,0.499691,0.499473,0.499132,0.498619,0.497877,0.496847,0.495474,0.493719,0.49157,0.489058,0.48626,0.483306,0.48037,0.477659,0.475386,0.473744,0.472884,0.472884,0.473744,0.475386,0.477659,0.48037,0.483306,0.48626,0.489058,0.49157,0.493719,0.495474,0.496847,0.497877,0.498619,0.499132,0.499473,0.499691,0.499825,0.499904,0.499949,0.499974,0.499987,0.499994,0.499997,0.499999,0.499999,0.5,0.5,0.5,0.5,0.5,0.5
0.5,0.5,0.5,0.5,0.5,0.5,0.5,0.499999,0.499998,0.499996,0.499992,0.499985,0.49997,0.499942,0.499894,0.499813,0.499681,0.499473,0.49916,0.498706,0.498075,0.497232,0.496152,0.494828,0.493276,0.491546,0.489716,0.487896,0.486213,0.4848,0.483779,0.483244,0.483244,0.483779,0.4848,0.486213,0.487896,0.489716,0.491546,0.493276,0.494828,0.496152,0.497232,0.498075,0.498706,0.49916,0.499473,0.499681,0.499813,0.499894,0.499942,0.49997,0.499985,0.499992,0.499996,0.499998,0.499999,0.5,0.5,0.5,0.5,0.5,0.5,0.5
0.5,0.5,0.5,0.5,0.5,0.5,0.5,0.5,0.499999,0.499998,0.499996,0.499991,0.499982,0.499966,0.499938,0.499891,0.499813,0.499691,0.499506,0.499239,0.498865,0.498365,0.497723,0.496935,0.49601,0.494977,0.493883,0.492793,0.491784,0.490936,0.490324,0.490002,0.490002,0.490324,0.490936,0.491784,0.492793,0.493883,0.494977,0.49601,0.496935,0.497723,0.498365,0.498865,0.499239,0.499506,0.499691,0.499813,0.499891,0.499938,0.499966,0.499982,0.499991,0.499996,0.499998,0.499999,0.5,0.5,0.5,0.5,0.5,0.5,0.5,0.5
0.5,0.5,0.5,0.5,0.5,0.5,0.5,0.5,0.499999,0.499999,0.499998,0.499995,0.49999,0.499981,0.499965,0.499938,0.499894,0.499825,0.49972,0.499567,0.499354,0.499068,0.498699,0.498247,0.497714,0.497119,0.496487,0.495857,0.495273,0.494783,0.494428,0.494242,0.494242,0.494428,0.494783,0.495273,0.495857,0.496487,0.497119,0.497714,0.498247,0.498699,0.499068,0.499354,0.499567,0.49972,0.499825,0.499894,0.499938,0.499965,0.499981,0.49999,0.499995,0.499998,0.499999,0.499999,0.5,0.5,0.5,0.5,0.5,0.5,0.5,0.5
0.5,0.5,0.5,0.5,0.5,0.5,0.5,0.5,0.5,0.499999,0.499999,0.499997,0.499995,0.49999,0.499981,0.499966,0.499942,0.499904,0.499847,0.499763,0.499645,0.499487,0.499283,0.499032,0.498736,0.498405,0.498053,0.497701,0.497376,0.497102,0.496903,0.496799,0.496799,0.496903,0.497102,0.497376,0.497701,0.498053,0.498405,0.498736,0.499032,0.499283,0.499487,0.499645,0.499763,0.499847,0.499904,0.499942,0.499966,0.499981,0.49999,0.499995,0.499997,0.499999,0.499999,0.5,0.5,0.5,0.5,0.5,0.5,0.5,0.5,0.5
0.5,0.5,0.5,0.5,0.5,0.5,0.5,0.5,0.5,0.5,0.499999,0.499999,0.499997,0.499995,0.49999,0.499982,0.49997,0.499949,0.499919,0.499874,0.499812,0.499727,0.499618,0.499484,0.499325,0.499148,0.498958,0.498769,0.498594,0.498446,0.498339,0.498283,0.498283,0.498339,0.498446,0.498594,0.498769,0.498958,0.499148,0.499325,0.499484,0.499618,0.499727,0.499812,0.499874,0.499919,0.499949,0.49997,0.499982,0.49999,0.499995,0.499997,0.499999,0.499999,0.5,0.5,0.5,0.5,0.5,0.5,0.5,0.5,0.5,0.5
0.5,0.5,0.5,0.5,0.5,0.5,0.5,0.5,0.5,0.5,0.5,0.499999,0.499999,0.499997,0.499995,0.499991,0.499985,0.499974,0.499959,0.499936,0.499904,0.49986,0.499804,0.499735,0.499653,0.49956,0.499462,0.499364,0.499273,0.499196,0.499141,0.499112,0.499112,0.499141,0.499196,0.499273,0.499364,0.499462,0.49956,0.499653,0.499735,0.499804,0.49986,0.499904,0.499936,0.499959,0.499974,0.499985,0.499991,0.499995,0.499997,0.499999,0.499999,0.5,0.5,0.5,0.5,0.5,0.5,0.5,0.5,0.5,0.5,0.5
0.5,0.5,0.5,0.5,0.5,0.5,0.5,0.5,0.5,0.5,0.5,0.5,0.499999,0.499999,0.499998,0.499996,0.499992,0.499987,0.49998,0.499968,0.499952,0.499931,0.499903,0.499868,0.499827,0.499781,0.499732,0.499683,0.499638,0.499599,0.499571,0.499556,0.499556,0.499571,0.499599,0.499638,0.499683,0.499732,0.499781,0.499827,0.499868,0.499903,0.499931,0.499952,0.499968,0.49998,0.499987,0.499992,0.499996,0.499998,0.499999,0.499999,0.5,0.5,0.5,0.5,0.5,0.5,0.5,0.5,0.5,0.5,0.5,0.5
0.5,0.5,0.5,0.5,0.5,0.5,0.5,0.5,0.5,0.5,0.5,0.5,0.5,0.499999,0.499999,0.499998,0.499996,0.499994,0.49999,0.499985,0.499977,0.499967,0.499954,0.499937,0.499917,0.499895,0.499871,0.499848,0.499826,0.499807,0.499794,0.499786,0.499786,0.499794,0.499807,0.499826,0.499848,0.499871,0.499895,0.499917,0.499937,0.499954,0.499967,0.499977,0.499985,0.49999,0.499994,0.499996,0.499998,0.499999,0.499999,0.5,0.5,0.5,0.5,0.5,0.5,0.5,0.5,0.5,0.5,0.5,0.5,0.5
0.5,0.5,0.5,0.5,0.5,0.5,0.5,0.5,0.5,0.5,0.5,0.5,0.5,0.5,0.499999,0.499999,0.499998,0.499997,0.499996,0.499993,0.49999,0.499985,0.499979,0.499971,0.499962,0.499951,0.49994,0.499929,0.499919,0.49991,0.499904,0.499901,0.499901,0.499904,0.49991,0.499919,0.499929,0.49994,0.499951,0.499962,0.499971,0.499979,0.499985,0.49999,0.499993,0.499996,0.499997,0.499998,0.499999,0.499999,0.5,0.5,0.5,0.5,0.5,0.5,0.5,0.5,0.5,0.5,0.5,0.5,0.5,0.5
0.5,0.5,0.5,0.5,0.5,0.5,0.5,0.5,0.5,0.5,0.5,0.5,0.5,0.5,0.5,0.5,0.499999,0.499999,0.499998,0.499997,0.499995,0.499993,0.49999,0.499987,0.499983,0.499978,0.499973,0.499968,0.499964,0.49996,0.499957,0.499956,0.499956,0.499957,0.49996,0.499964,0.499968,0.499973,0.499978,0.499983,0.499987,0.49999,0.499993,0.499995,0.499997,0.499998,0.499999,0.499999,0.5,0.5,0.5,0.5,0.5,0.5,0.5,0.5,0.5,0.5,0.5,0.5,0.5,0.5,0.5,0.5
0.5,0.5,0.5,0.5,0.5,0.5,0.5,0.5,0.5,0.5,0.5,0.5,0.5,0.5,0.5,0.5,0.5,0.499999,0.499999,0.499999,0.499998,0.499997,0.499996,0.499994,0.499993,0.499991,0.499989,0.499986,0.499984,0.499983,0.499981,0.499981,0.499981,0.499981,0.499983,0.499984,0.499986,0.499989,0.499991,0.499993,0.499994,0.499996,0.499997,0.499998,0.499999,0.499999,0.499999,0.5,0.5,0.5,0.5,0.5,0.5,0.5,0.5,0.5,0.5,0.5,0.5,0.5,0.5,0.5,0.5,0.5
0.5,0.5,0.5,0.5,0.5,0.5,0.5,0.5,0.5,0.5,0.5,0.5,0.5,0.5,0.5,0.5,0.5,0.5,0.5,0.499999,0.499999,0.499999,0.499998,0.499998,0.499997,0.499996,0.499995,0.499994,0.499994,0.499993,0.499992,0.499992,0.499992,0.499992,0.499993,0.499994,0.499994,0.499995,0.499996,0.499997,0.499998,0.499998,0.499999,0.499999,0.499999,0.5,0.5,0.5,0.5,0.5,0.5,0.5,0.5,0.5,0.5,0.5,0.5,0.5,0.5,0.5,0.5,0.5,0.5,0.5
0.5,0.5,0.5,0.5,0.5,0.5,0.5,0.5,0.5,0.5,0.5,0.5,0.5,0.5,0.5,0.5,0.5,0.5,0.5,0.5,0.5,0.5,0.499999,0.499999,0.499999,0.499998,0.499998,0.499998,0.499997,0.499997,0.499997,0.499997,0.499997,0.499997,0.499997,0.499997,0.499998,0.499998,0.499998,0.499999,0.499999,0.499999,0.5,0.5,0.5,0.5,0.5,0.5,0.5,0.5,0.5,0.5,0.5,0.5,0.5,0.5,0.5,0.5,0.5,0.5,0.5,0.5,0.5,0.5
0.5,0.5,0.5,0.5,0.5,0.5,0.5,0.5,0.5,0.5,0.5,0.5,0.5,0.5,0.5,0.5,0.5,0.5,0.5,0.5,0.5,0.5,0.5,0.5,0.5,0.499999,0.499999,0.499999,0.499999,0.499999,0.499999,0.499999,0.499999,0.499999,0.499999,0.499999,0.499999,0.499999,0.499999,0.5,0.5,0.5,0.5,0.5,0.5,0.5,0.5,0.5,0.5,0.5,0.5,0.5,0.5,0.5,0.5,0.5,0.5,0.5,0.5,0.5,0.5,0.5,0.5,0.5
0.5,0.5,0.5,0.5,0.5,0.5,0.5,0.5,0.5,0.5,0.5,0.5,0.5,0.5,0.5,0.5,0.5,0.5,0.5,0.5,0.5,0.5,0.5,0.5,0.5,0.5,0.5,0.5,0.5,0.5,0.5,0.5,0.5,0.5,0.5,0.5,0.5,0.5,0.5,0.5,0.5,0.5,0.5,0.5,0.5,0.5,0.5,0.5,0.5,0.5,0.5,0.5,0.5,0.5,0.5,0.5,0.5,0.5,0.5,0.5,0.5,0.5,0.5,0.5
0.5,0.5,0.5,0.5,0.5,0.5,0.5,0.5,0.5,0.5,0.5,0.5,0.5,0.5,0.5,0.5,0.5,0.5,0.5,0.5,0.5,0.5,0.5,0.5,0.5,0.5,0.5,0.5,0.5,0.5,0.5,0.5,0.5,0.5,0.5,0.5,0.5,0.5,0.5,0.5,0.5,0.5,0.5,0.5,0.5,0.5,0.5,0.5,0.5,0.5,0.5,0.5,0.5,0.5,0.5,0.5,0.5,0.5,0.5,0.5,0.5,0.5,0.5,0.5
0.5,0.5,0.5,0.5,0.5,0.5,0.5,0.5,0.5,0.5,0.5,0.5,0.5,0.5,0.5,0.5,0.5,0.5,0.5,0.5,0.5,0.5,0.5,0.5,0.5,0.5,0.5,0.5,0.5,0.5,0.5,0.5,0.5,0.5,0.5,0.5,0.5,0.5,0.5,0.5,0.5,0.5,0.5,0.5,0.5,0.5,0.5,0.5,0.5,0.5,0.5,0.5,0.5,0.5,0.5,0.5,0.5,0.5,0.5,0.5,0.5,0.5,0.5,0.5
