0.5,0.5,0.5,0.5,0.5,0.5,0.5,0.5,0.5,0.5,0.5,0.5,0.5,0.5,0.5,0.5,0.5,0.5,0.5,0.5,0.499999,0.499999,0.499999,0.499999,0.499998,0.499998,0.499997,0.499997,0.499996,0.499996,0.499996,0.499996,0.499996,0.499996,0.499996,0.499996,0.499997,0.499997,0.499998,0.499998,0.499999,0.499999,0.499999,0.499999,0.5,0.5,0.5,0.5,0.5,0.5,0.5,0.5,0.5,0.5,0.5,0.5,0.5,0.5,0.5,0.5,0.5,0.5,0.5,0.5
0.5,0.5,0.5,0.5,0.5,0.5,0.5,0.5,0.5,0.5,0.5,0.5,0.5,0.5,0.5,0.5,0.5,0.5,0.5,0.5,0.499999,0.499999,0.499999,0.499999,0.499998,0.499998,0.499997,0.499997,0.499996,0.499996,0.499996,0.499996,0.499996,0.499996,0.499996,0.499996,0.499997,0.499997,0.499998,0.499998,0.499999,0.499999,0.499999,0.499999,0.5,0.5,0.5,0.5,0.5,0.5,0.5,0.5,0.5,0.5,0.5,0.5,0.5,0.5,0.5,0.5,0.5,0.5,0.5,0.5
0.5,0.5,0.5,0.5,0.5,0.5,0.5,0.5,0.5,0.5,0.5,0.5,0.5,0.5,0.5,0.5,0.5,0.5,0.5,0.499999,0.499999,0.499998,0.499998,0.499997,0.499996,0.499996,0.499995,0.499994,0.499993,0.499992,0.499992,0.499992,0.499992,0.499992,0.499992,0.499993,0.499994,0.499995,0.499996,0.499996,0.499997,0.499998,0.499998,0.499999,0.499999,0.5,0.5,0.5,0.5,0.5,0.5,0.5,0.5,0.5,0.5,0.5,0.5,0.5,0.5,0.5,0.5,0.5,0.5,0.5
0.5,0.5,0.5,0.5,0.5,0.5,0.5,0.5,0.5,0.5,0.5,0.5,0.5,0.5,0.5,0.5,0.5,0.499999,0.499999,0.499998,0.499998,0.499997,0.499995,0.499994,0.499992,0.49999,0.499988,0.499986,0.499985,0.499983,0.499982,0.499982,0.499982,0.499982,0.499983,0.499985,0.499986,0.499988,0.49999,0.499992,0.499994,0.499995,0.499997,0.499998,0.499998,0.499999,0.499999,0.5,0.5,0.5,0.5,0.5,0.5,0.5,0.5,0.5,0.5,0.5,0.5,0.5,0.5,0.5,0.5,0.5
0.5,0.5,0.5,0.5,0.5,0.5,0.5,0.5,0.5,0.5,0.5,0.5,0.5,0.5,0.5,0.499999,0.499999,0.499998,0.499997,0.499996,0.499994,0.499992,0.499989,0.499986,0.499982,0.499978,0.499974,0.499969,0.499966,0.499962,0.49996,0.499959,0.499959,0.49996,0.499962,0.499966,0.499969,0.499974,0.499978,0.499982,0.499986,0.499989,0.499992,0.499994,0.499996,0.499997,0.499998,0.499999,0.499999,0.5,0.5,0.5,0.5,0.5,0.5,0.5,0.5,0.5,0.5,0.5,0.5,0.5,0.5,0.5
0.5,0.5,0.5,0.5,0.5,0.5,0.5,0.5,0.5,0.5,0.5,0.5,0.5,0.499999,0.499999,0.499999,0.499998,0.499996,0.499994,0.499991,0.499987,0.499983,0.499976,0.499969,0.499961,0.499952,0.499943,0.499934,0.499925,0.499918,0.499913,0.499911,0.499911,0.499913,0.499918,0.499925,0.499934,0.499943,0.499952,0.499961,0.499969,0.499976,0.499983,0.499987,0.499991,0.499994,0.499996,0.499998,0.499999,0.499999,0.499999,0.5,0.5,0.5,0.5,0.5,0.5,0.5,0.5,0.5,0.5,0.5,0.5,0.5
0.5,0.5,0.5,0.5,0.5,0.5,0.5,0.5,0.5,0.5,0.5,0.5,0.499999,0.499999,0.499998,0.499997,0.499995,0.499992,0.499987,0.499981,0.499973,0.499963,0.49995,0.499935,0.499917,0.499899,0.499879,0.49986,0.499843,0.499829,0.499819,0.499814,0.499814,0.499819,0.499829,0.499843,0.49986,0.499879,0.499899,0.499917,0.499935,0.49995,0.499963,0.499973,0.499981,0.499987,0.499992,0.499995,0.499997,0.499998,0.499999,0.499999,0.5,0.5,0.5,0.5,0.5,0.5,0.5,0.5,0.5,0.5,0.5,0.5
0.5,0.5,0.5,0.5,0.5,0.5,0.5,0.5,0.5,0.5,0.5,0.499999,0.499999,0.499998,0.499996,0.499993,0.499989,0.499983,0.499973,0.499961,0.499945,0.499923,0.499897,0.499867,0.499832,0.499794,0.499756,0.499718,0.499684,0.499655,0.499635,0.499625,0.499625,0.499635,0.499655,0.499684,0.499718,0.499756,0.499794,0.499832,0.499867,0.499897,0.499923,0.499945,0.499961,0.499973,0.499983,0.499989,0.499993,0.499996,0.499998,0.499999,0.499999,0.5,0.5,0.5,0.5,0.5,0.5,0.5,0.5,0.5,0.5,0.5
0.5,0.5,0.5,0.5,0.5,0.5,0.5,0.5,0.5,0.5,0.499999,0.499998,0.499997,0.499995,0.499992,0.499986,0.499977,0.499965,0.499947,0.499922,0.499889,0.499848,0.499797,0.499737,0.49967,0.499597,0.499523,0.49945,0.499385,0.499331,0.499292,0.499272,0.499272,0.499292,0.499331,0.499385,0.49945,0.499523,0.499597,0.49967,0.499737,0.499797,0.499848,0.499889,0.499922,0.499947,0.499965,0.499977,0.499986,0.499992,0.499995,0.499997,0.499998,0.499999,0.5,0.5,0.5,0.5,0.5,0.5,0.5,0.5,0.5,0.5
0.5,0.5,0.5,0.5,0.5,0.5,0.5,0.5,0.5,0.499999,0.499998,0.499997,0.499994,0.49999,0.499983,0.499972,0.499956,0.499931,0.499897,0.49985,0.499788,0.499709,0.499613,0.499501,0.499376,0.49924,0.499102,0.498968,0.498847,0.498748,0.498677,0.49864,0.49864,0.498677,0.498748,0.498847,0.498968,0.499102,0.49924,0.499376,0.499501,0.499613,0.499709,0.499788,0.49985,0.499897,0.499931,0.499956,0.499972,0.499983,0.49999,0.499994,0.499997,0.499998,0.499999,0.5,0.5,0.5,0.5,0.5,0.5,0.5,0.5,0.5
0.5,0.5,0.5,0.5,0.5,0.5,0.5,0.5,0.499999,0.499998,0.499997,0.499994,0.499989,0.499981,0.499968,0.499948,0.499916,0.499871,0.499807,0.49972,0.499606,0.499463,0.499289,0.499087,0.498861,0.498618,0.498371,0.498133,0.497919,0.497742,0.497616,0.497551,0.497551,0.497616,0.497742,0.497919,0.498133,0.498371,0.498618,0.498861,0.499087,0.499289,0.499463,0.499606,0.49972,0.499807,0.499871,0.499916,0.499948,0.499968,0.499981,0.499989,0.499994,0.499997,0.499998,0.499999,0.5,0.5,0.5,0.5,0.5,0.5,0.5,0.5
0.5,0.5,0.5,0.5,0.5,0.5,0.5,0.499999,0.499998,0.499997,0.499994,0.499989,0.49998,0.499965,0.499941,0.499904,0.499847,0.499765,0.499651,0.499496,0.499295,0.499043,0.498739,0.498387,0.497994,0.497576,0.497151,0.496743,0.496376,0.496075,0.495862,0.495751,0.495751,0.495862,0.496075,0.496376,0.496743,0.497151,0.497576,0.497994,0.498387,0.498739,0.499043,0.499295,0.499496,0.499651,0.499765,0.499847,0.499904,0.499941,0.499965,0.49998,0.499989,0.499994,0.499997,0.499998,0.499999,0.5,0.5,0.5,0.5,0.5,0.5,0.5
0.5,0.5,0.5,0.5,0.5,0.5,0.499999,0.499999,0.499997,0.499994,0.499989,0.49998,0.499964,0.499938,0.499895,0.499829,0.499731,0.499588,0.49939,0.499125,0.498782,0.498354,0.497841,0.497249,0.496593,0.495897,0.495194,0.49452,0.493917,0.493423,0.493072,0.49289,0.49289,0.493072,0.493423,0.493917,0.49452,0.495194,0.495897,0.496593,0.497249,0.497841,0.498354,0.498782,0.499125,0.49939,0.499588,0.499731,0.499829,0.499895,0.499938,0.499964,0.49998,0.499989,0.499994,0.499997,0.499999,0.499999,0.5,0.5,0.5,0.5,0.5,0.5
0.5,0.5,0.5,0.5,0.5,0.499999,0.499999,0.499998,0.499995,0.49999,0.499981,0.499965,0.499938,0.499892,0.499819,0.499707,0.499541,0.499302,0.498971,0.498531,0.497966,0.497265,0.49643,0.495471,0.494414,0.493299,0.492175,0.491104,0.490148,0.489367,0.488814,0.488528,0.488528,0.488814,0.489367,0.490148,0.491104,0.492175,0.493299,0.494414,0.495471,0.49643,0.497265,0.497966,0.498531,0.498971,0.499302,0.499541,0.499707,0.499819,0.499892,0.499938,0.499965,0.499981,0.49999,0.499995,0.499998,0.499999,0.499999,0.5,0.5,0.5,0.5,0.5
0.5,0.5,0.5,0.5,0.5,0.499999,0.499998,0.499996,0.499992,0.499983,0.499968,0.499941,0.499895,0.499819,0.499699,0.499515,0.499243,0.498855,0.498323,0.497618,0.496717,0.495609,0.494296,0.492798,0.491156,0.489431,0.487703,0.486062,0.484602,0.483414,0.482575,0.48214,0.48214,0.482575,0.483414,0.484602,0.486062,0.487703,0.489431,0.491156,0.492798,0.494296,0.495609,0.496717,0.497618,0.498323,0.498855,0.499243,0.499515,0.499699,0.499819,0.499895,0.499941,0.499968,0.499983,0.499992,0.499996,0.499998,0.499999,0.5,0.5,0.5,0.5,0.5
0.5,0.5,0.5,0.5,0.499999,0.499999,0.499997,0.499993,0.499986,0.499972,0.499948,0.499904,0.499829,0.499707,0.499515,0.499222,0.498792,0.498184,0.497354,0.496263,0.494879,0.493186,0.491192,0.488932,0.48647,0.483899,0.481336,0.478913,0.476766,0.475024,0.473796,0.473162,0.473162,0.473796,0.475024,0.476766,0.478913,0.481336,0.483899,0.48647,0.488932,0.491192,0.493186,0.494879,0.496263,0.497354,0.498184,0.498792,0.499222,0.499515,0.499707,0.499829,0.499904,0.499948,0.499972,0.499986,0.499993,0.499997,0.499999,0.499999,0.5,0.5,0.5,0.5
0.5,0.5,0.5,0.5,0.499999,0.499998,0.499995,0.499989,0.499977,0.499956,0.499916,0.499847,0.499731,0.499541,0.499243,0.498792,0.498135,0.497213,0.495962,0.494328,0.49227,0.48977,0.486847,0.483554,0.479991,0.476293,0.472626,0.469177,0.466134,0.463674,0.461944,0.461051,0.461051,0.461944,0.463674,0.466134,0.469177,0.472626,0.476293,0.479991,0.483554,0.486847,0.48977,0.49227,0.494328,0.495962,0.497213,0.498135,0.498792,0.499243,0.499541,0.499731,0.499847,0.499916,0.499956,0.499977,0.499989,0.499995,0.499998,0.499999,0.5,0.5,0.5,0.5
0.5,0.5,0.5,0.499999,0.499998,0.499996,0.499992,0.499983,0.499965,0.499931,0.499871,0.499765,0.499588,0.499302,0.498855,0.498184,0.497213,0.495857,0.494032,0.491665,0.488704,0.485136,0.480991,0.476357,0.471376,0.466239,0.461178,0.456443,0.452285,0.448936,0.446589,0.445379,0.445379,0.446589,0.448936,0.452285,0.456443,0.461178,0.466239,0.471376,0.476357,0.480991,0.485136,0.488704,0.491665,0.494032,0.495857,0.497213,0.498184,0.498855,0.499302,0.499588,0.499765,0.499871,0.499931,0.499965,0.499983,0.499992,0.499996,0.499998,0.499999,0.5,0.5,0.5
0.5,0.5,0.5,0.499999,0.499997,0.499994,0.499987,0.499973,0.499947,0.499897,0.499807,0.499651,0.49939,0.498971,0.498323,0.497354,0.495962,0.494032,0.491453,0.488133,0.484011,0.479079,0.473395,0.467088,0.460358,0.453468,0.446723,0.44045,0.434971,0.430577,0.427507,0.425928,0.425928,0.427507,0.430577,0.434971,0.44045,0.446723,0.453468,0.460358,0.467088,0.473395,0.479079,0.484011,0.488133,0.491453,0.494032,0.495962,0.497354,0.498323,0.498971,0.49939,0.499651,0.499807,0.499897,0.499947,0.499973,0.499987,0.499994,0.499997,0.499999,0.5,0.5,0.5
0.5,0.5,0.499999,0.499998,0.499996,0.499991,0.499981,0.499961,0.499922,0.49985,0.49972,0.499496,0.499125,0.498531,0.497618,0.496263,0.494328,0.491665,0.488133,0.483618,0.478057,0.471457,0.463911,0.455604,0.446809,0.437873,0.42919,0.421167,0.414201,0.40864,0.404769,0.402782,0.402782,0.404769,0.40864,0.414201,0.421167,0.42919,0.437873,0.446809,0.455604,0.463911,0.471457,0.478057,0.483618,0.488133,0.491665,0.494328,0.496263,0.497618,0.498531,0.499125,0.499496,0.49972,0.49985,0.499922,0.499961,0.499981,0.499991,0.499996,0.499998,0.499999,0.5,0.5
0.499999,0.499999,0.499999,0.499998,0.499994,0.499987,0.499973,0.499945,0.499889,0.499788,0.499606,0.499295,0.498782,0.497966,0.496717,0.494879,0.49227,0.488704,0.484011,0.478057,0.470783,0.46222,0.45251,0.441911,0.430786,0.419574,0.408764,0.398851,0.390297,0.383507,0.378798,0.376388,0.376388,0.378798,0.383507,0.390297,0.398851,0.408764,0.419574,0.430786,0.441911,0.45251,0.46222,0.470783,0.478057,0.484011,0.488704,0.49227,0.494879,0.496717,0.497966,0.498782,0.499295,0.499606,0.499788,0.499889,0.499945,0.499973,0.499987,0.499994,0.499998,0.499999,0.499999,0.499999
0.499999,0.499999,0.499998,0.499997,0.499992,0.499983,0.499963,0.499923,0.499848,0.499709,0.499463,0.499043,0.498354,0.497265,0.495609,0.493186,0.48977,0.485136,0.479079,0.471457,0.46222,0.451436,0.439316,0.426204,0.412562,0.398938,0.385914,0.374066,0.363917,0.355909,0.350381,0.347559,0.347559,0.350381,0.355909,0.363917,0.374066,0.385914,0.398938,0.412562,0.426204,0.439316,0.451436,0.46222,0.471457,0.479079,0.485136,0.48977,0.493186,0.495609,0.497265,0.498354,0.499043,0.499463,0.499709,0.499848,0.499923,0.499963,0.499983,0.499992,0.499997,0.499998,0.499999,0.499999
0.499999,0.499999,0.499998,0.499995,0.499989,0.499976,0.49995,0.499897,0.499797,0.499613,0.499289,0.498739,0.497841,0.49643,0.494296,0.491192,0.486847,0.480991,0.473395,0.463911,0.45251,0.439316,0.424619,0.408868,0.392636,0.376578,0.361372,0.347661,0.33601,0.32688,0.320609,0.31742,0.31742,0.320609,0.32688,0.33601,0.347661,0.361372,0.376578,0.392636,0.408868,0.424619,0.439316,0.45251,0.463911,0.473395,0.480991,0.486847,0.491192,0.494296,0.49643,0.497841,0.498739,0.499289,0.499613,0.499797,0.499897,0.49995,0.499976,0.499989,0.499995,0.499998,0.499999,0.499999
0.499999,0.499999,0.499997,0.499994,0.499986,0.499969,0.499935,0.499867,0.499737,0.499501,0.499087,0.498387,0.497249,0.495471,0.492798,0.488932,0.483554,0.476357,0.467088,0.455604,0.441911,0.426204,0.408868,0.390465,0.371691,0.353307,0.336073,0.320684,0.307725,0.297647,0.290767,0.287281,0.287281,0.290767,0.297647,0.307725,0.320684,0.336073,0.353307,0.371691,0.390465,0.408868,0.426204,0.441911,0.455604,0.467088,0.476357,0.483554,0.488932,0.492798,0.495471,0.497249,0.498387,0.499087,0.499501,0.499737,0.499867,0.499935,0.499969,0.499986,0.499994,0.499997,0.499999,0.499999
0.499998,0.499998,0.499996,0.499992,0.499982,0.499961,0.499917,0.499832,0.49967,0.499376,0.498861,0.497994,0.496593,0.494414,0.491156,0.48647,0.479991,0.471376,0.460358,0.446809,0.430786,0.412562,0.392636,0.371691,0.350543,0.330056,0.311057,0.294272,0.280277,0.269488,0.262172,0.258482,0.258482,0.262172,0.269488,0.280277,0.294272,0.311057,0.330056,0.350543,0.371691,0.392636,0.412562,0.430786,0.446809,0.460358,0.471376,0.479991,0.48647,0.491156,0.494414,0.496593,0.497994,0.498861,0.499376,0.49967,0.499832,0.499917,0.499961,0.499982,0.499992,0.499996,0.499998,0.499998
0.499998,0.499998,0.499996,0.49999,0.499978,0.499952,0.499899,0.499794,0.499597,0.49924,0.498618,0.497576,0.495897,0.493299,0.489431,0.483899,0.476293,0.466239,0.453468,0.437873,0.419574,0.398938,0.376578,0.353307,0.330056,0.307778,0.287355,0.269516,0.254804,0.24357,0.236011,0.232217,0.232217,0.236011,0.24357,0.254804,0.269516,0.287355,0.307778,0.330056,0.353307,0.376578,0.398938,0.419574,0.437873,0.453468,0.466239,0.476293,0.483899,0.489431,0.493299,0.495897,0.497576,0.498618,0.49924,0.499597,0.499794,0.499899,0.499952,0.499978,0.49999,0.499996,0.499998,0.499998
0.499997,0.499997,0.499995,0.499988,0.499974,0.499943,0.499879,0.499756,0.499523,0.499102,0.498371,0.497151,0.495194,0.492175,0.487703,0.481336,0.472626,0.461178,0.446723,0.42919,0.408764,0.385914,0.361372,0.336073,0.311057,0.287355,0.265879,0.247344,0.232233,0.220816,0.2132,0.209398,0.209398,0.2132,0.220816,0.232233,0.247344,0.265879,0.287355,0.311057,0.336073,0.361372,0.385914,0.408764,0.42919,0.446723,0.461178,0.472626,0.481336,0.487703,0.492175,0.495194,0.497151,0.498371,0.499102,0.499523,0.499756,0.499879,0.499943,0.499974,0.499988,0.499995,0.499997,0.499997
0.499997,0.499997,0.499994,0.499986,0.499969,0.499934,0.49986,0.499718,0.49945,0.498968,0.498133,0.496743,0.49452,0.491104,0.486062,0.478913,0.469177,0.456443,0.44045,0.421167,0.398851,0.374066,0.347661,0.320684,0.294272,0.269516,0.247344,0.228436,0.213206,0.201826,0.194303,0.19057,0.19057,0.194303,0.201826,0.213206,0.228436,0.247344,0.269516,0.294272,0.320684,0.347661,0.374066,0.398851,0.421167,0.44045,0.456443,0.469177,0.478913,0.486062,0.491104,0.49452,0.496743,0.498133,0.498968,0.49945,0.499718,0.49986,0.499934,0.499969,0.499986,0.499994,0.499997,0.499997
0.499996,0.499996,0.499993,0.499985,0.499966,0.499925,0.499843,0.499684,0.499385,0.498847,0.497919,0.496376,0.493917,0.490148,0.484602,0.476766,0.466134,0.452285,0.434971,0.414201,0.390297,0.363917,0.33601,0.307725,0.280277,0.254804,0.232233,0.213206,0.198058,0.186863,0.179531,0.175915,0.175915,0.179531,0.186863,0.198058,0.213206,0.232233,0.254804,0.280277,0.307725,0.33601,0.363917,0.390297,0.414201,0.434971,0.452285,0.466134,0.476766,0.484602,0.490148,0.493917,0.496376,0.497919,0.498847,0.499385,0.499684,0.499843,0.499925,0.499966,0.499985,0.499993,0.499996,0.499996
0.499996,0.499996,0.499992,0.499983,0.499962,0.499918,0.499829,0.499655,0.499331,0.498748,0.497742,0.496075,0.493423,0.489367,0.483414,0.475024,0.463674,0.448936,0.430577,0.40864,0.383507,0.355909,0.32688,0.297647,0.269488,0.24357,0.220816,0.201826,0.186863,0.175915,0.168806,0.165321,0.165321,0.168806,0.175915,0.186863,0.201826,0.220816,0.24357,0.269488,0.297647,0.32688,0.355909,0.383507,0.40864,0.430577,0.448936,0.463674,0.475024,0.483414,0.489367,0.493423,0.496075,0.497742,0.498748,0.499331,0.499655,0.499829,0.499918,0.499962,0.499983,0.499992,0.499996,0.499996
0.499996,0.499996,0.499992,0.499982,0.49996,0.499913,0.499819,0.499635,0.499292,0.498677,0.497616,0.495862,0.493072,0.488814,0.482575,0.473796,0.461944,0.446589,0.427507,0.404769,0.378798,0.350381,0.320609,0.290767,0.262172,0.236011,0.2132,0.194303,0.179531,0.168806,0.161889,0.158513,0.158513,0.161889,0.168806,0.179531,0.194303,0.2132,0.236011,0.262172,0.290767,0.320609,0.350381,0.378798,0.404769,0.427507,0.446589,0.461944,0.473796,0.482575,0.488814,0.493072,0.495862,0.497616,0.498677,0.499292,0.499635,0.499819,0.499913,0.49996,0.499982,0.499992,0.499996,0.499996
0.499996,0.499996,0.499992,0.499982,0.499959,0.499911,0.499814,0.499625,0.499272,0.49864,0.497551,0.495751,0.49289,0.488528,0.48214,0.473162,0.461051,0.445379,0.425928,0.402782,0.376388,0.347559,0.31742,0.287281,0.258482,0.232217,0.209398,0.19057,0.175915,0.165321,0.158513,0.155201,0.155201,0.158513,0.165321,0.175915,0.19057,0.209398,0.232217,0.258482,0.287281,0.31742,0.347559,0.376388,0.402782,0.425928,0.445379,0.461051,0.473162,0.48214,0.488528,0.49289,0.495751,0.497551,0.49864,0.499272,0.499625,0.499814,0.499911,0.499959,0.499982,0.499992,0.499996,0.499996
0.499996,0.499996,0.499992,0.499982,0.499959,0.499911,0.499814,0.499625,0.499272,0.49864,0.497551,0.495751,0.49289,0.488528,0.48214,0.473162,0.461051,0.445379,0.425928,0.402782,0.376388,0.347559,0.31742,0.287281,0.258482,0.232217,0.209398,0.19057,0.175915,0.165321,0.158513,0.155201,0.155201,0.158513,0.165321,0.175915,0.19057,0.209398,0.232217,0.258482,0.287281,0.31742,0.347559,0.376388,0.402782,0.425928,0.445379,0.461051,0.473162,0.48214,0.488528,0.49289,0.495751,0.497551,0.49864,0.499272,0.499625,0.499814,0.499911,0.499959,0.499982,0.499992,0.499996,0.499996
0.499996,0.499996,0.499992,0.499982,0.49996,0.499913,0.499819,0.499635,0.499292,0.498677,0.497616,0.495862,0.493072,0.488814,0.482575,0.473796,0.461944,0.446589,0.427507,0.404769,0.378798,0.350381,0.320609,0.290767,0.262172,0.236011,0.2132,0.194303,0.179531,0.168806,0.161889,0.158513,0.158513,0.161889,0.168806,0.179531,0.194303,0.2132,0.236011,0.262172,0.290767,0.320609,0.350381,0.378798,0.404769,0.427507,0.446589,0.461944,0.473796,0.482575,0.488814,0.493072,0.495862,0.497616,0.498677,0.499292,0.499635,0.499819,0.499913,0.49996,0.499982,0.499992,0.499996,0.499996
0.499996,0.499996,0.499992,0.499983,0.499962,0.499918,0.499829,0.499655,0.499331,0.498748,0.497742,0.496075,0.493423,0.489367,0.483414,0.475024,0.463674,0.448936,0.430577,0.40864,0.383507,0.355909,0.32688,0.297647,0.269488,0.24357,0.220816,0.201826,0.186863,0.175915,0.168806,0.165321,0.165321,0.168806,0.175915,0.186863,0.201826,0.220816,0.24357,0.269488,0.297647,0.32688,0.355909,0.383507,0.40864,0.430577,0.448936,0.463674,0.475024,0.483414,0.489367,0.493423,0.496075,0.497742,0.498748,0.499331,0.499655,0.499829,0.499918,0.499962,0.499983,0.499992,0.499996,0.499996
0.499996,0.499996,0.499993,0.499985,0.499966,0.499925,0.499843,0.499684,0.499385,0.498847,0.497919,0.496376,0.493917,0.490148,0.484602,0.476766,0.466134,0.452285,0.434971,0.414201,0.390297,0.363917,0.33601,0.307725,0.280277,0.254804,0.232233,0.213206,0.198058,0.186863,0.179531,0.175915,0.175915,0.179531,0.186863,0.198058,0.213206,0.232233,0.254804,0.280277,0.307725,0.33601,0.363917,0.390297,0.414201,0.434971,0.452285,0.466134,0.476766,0.484602,0.490148,0.493917,0.496376,0.497919,0.498847,0.499385,0.499684,0.499843,0.499925,0.499966,0.499985,0.499993,0.499996,0.499996
0.499997,0.499997,0.499994,0.499986,0.499969,0.499934,0.49986,0.499718,0.49945,0.498968,0.498133,0.496743,0.49452,0.491104,0.486062,0.478913,0.469177,0.456443,0.44045,0.421167,0.398851,0.374066,0.347661,0.320684,0.294272,0.269516,0.247344,0.228436,0.213206,0.201826,0.194303,0.19057,0.19057,0.194303,0.201826,0.213206,0.228436,0.247344,0.269516,0.294272,0.320684,0.347661,0.374066,0.398851,0.421167,0.44045,0.456443,0.469177,0.478913,0.486062,0.491104,0.49452,0.496743,0.498133,0.498968,0.49945,0.499718,0.49986,0.499934,0.499969,0.499986,0.499994,0.499997,0.499997
0.499997,0.499997,0.499995,0.499988,0.499974,0.499943,0.499879,0.499756,0.499523,0.499102,0.498371,0.497151,0.495194,0.492175,0.487703,0.481336,0.472626,0.461178,0.446723,0.42919,0.408764,0.385914,0.361372,0.336073,0.311057,0.287355,0.265879,0.247344,0.232233,0.220816,0.2132,0.209398,0.209398,0.2132,0.220816,0.232233,0.247344,0.265879,0.287355,0.311057,0.336073,0.361372,0.385914,0.408764,0.42919,0.446723,0.461178,0.472626,0.481336,0.487703,0.492175,0.495194,0.497151,0.498371,0.499102,0.499523,0.499756,0.499879,0.499943,0.499974,0.499988,0.499995,0.499997,0.499997
0.499998,0.499998,0.499996,0.49999,0.499978,0.499952,0.499899,0.499794,0.499597,0.49924,0.498618,0.497576,0.495897,0.493299,0.489431,0.483899,0.476293,0.466239,0.453468,0.437873,0.419574,0.398938,0.376578,0.353307,0.330056,0.307778,0.287355,0.269516,0.254804,0.24357,0.236011,0.232217,0.232217,0.236011,0.24357,0.254804,0.269516,0.287355,0.307778,0.330056,0.353307,0.376578,0.398938,0.419574,0.437873,0.453468,0.466239,0.476293,0.483899,0.489431,0.493299,0.495897,0.497576,0.498618,0.49924,0.499597,0.499794,0.499899,0.499952,0.499978,0.49999,0.499996,0.499998,0.499998
0.499998,0.499998,0.499996,0.499992,0.499982,0.499961,0.499917,0.499832,0.49967,0.499376,0.498861,0.497994,0.496593,0.494414,0.491156,0.48647,0.479991,0.471376,0.460358,0.446809,0.430786,0.412562,0.392636,0.371691,0.350543,0.330056,0.311057,0.294272,0.280277,0.269488,0.262172,0.258482,0.258482,0.262172,0.269488,0.280277,0.294272,0.311057,0.330056,0.350543,0.371691,0.392636,0.412562,0.430786,0.446809,0.460358,0.471376,0.479991,0.48647,0.491156,0.494414,0.496593,0.497994,0.498861,0.499376,0.49967,0.499832,0.499917,0.499961,0.499982,0.499992,0.499996,0.499998,0.499998
0.499999,0.499999,0.499997,0.499994,0.499986,0.499969,0.499935,0.499867,0.499737,0.499501,0.499087,0.498387,0.497249,0.495471,0.492798,0.488932,0.483554,0.476357,0.467088,0.455604,0.441911,0.426204,0.408868,0.390465,0.371691,0.353307,0.336073,0.320684,0.307725,0.297647,0.290767,0.287281,0.287281,0.290767,0.297647,0.307725,0.320684,0.336073,0.353307,0.371691,0.390465,0.408868,0.426204,0.441911,0.455604,0.467088,0.476357,0.483554,0.488932,0.492798,0.495471,0.497249,0.498387,0.499087,0.499501,0.499737,0.499867,0.499935,0.499969,0.499986,0.499994,0.499997,0.499999,0.499999
0.499999,0.499999,0.499998,0.499995,0.499989,0.499976,0.49995,0.499897,0.499797,0.499613,0.499289,0.498739,0.497841,0.49643,0.494296,0.491192,0.486847,0.480991,0.473395,0.463911,0.45251,0.439316,0.424619,0.408868,0.392636,0.376578,0.361372,0.347661,0.33601,0.32688,0.320609,0.31742,0.31742,0.320609,0.32688,0.33601,0.347661,0.361372,0.376578,0.392636,0.408868,0.424619,0.439316,0.45251,0.463911,0.473395,0.480991,0.486847,0.491192,0.494296,0.49643,0.497841,0.498739,0.499289,0.499613,0.499797,0.499897,0.49995,0.499976,0.499989,0.499995,0.499998,0.499999,0.499999
0.499999,0.499999,0.499998,0.499997,0.499992,0.499983,0.499963,0.499923,0.499848,0.499709,0.499463,0.499043,0.498354,0.497265,0.495609,0.493186,0.48977,0.485136,0.479079,0.471457,0.46222,0.451436,0.439316,0.426204,0.412562,0.398938,0.385914,0.374066,0.363917,0.355909,0.350381,0.347559,0.347559,0.350381,0.355909,0.363917,0.374066,0.385914,0.398938,0.412562,0.426204,0.439316,0.451436,0.46222,0.471457,0.479079,0.485136,0.48977,0.493186,0.495609,0.497265,0.498354,0.499043,0.499463,0.499709,0.499848,0.499923,0.499963,0.499983,0.499992,0.499997,0.499998,0.499999,0.499999
0.499999,0.499999,0.499999,0.499998,0.499994,0.499987,0.499973,0.499945,0.499889,0.499788,0.499606,0.499295,0.498782,0.497966,0.496717,0.494879,0.49227,0.488704,0.484011,0.478057,0.470783,0.46222,0.45251,0.441911,0.430786,0.419574,0.408764,0.398851,0.390297,0.383507,0.378798,0.376388,0.376388,0.378798,0.383507,0.390297,0.398851,0.408764,0.419574,0.430786,0.441911,0.45251,0.46222,0.470783,0.478057,0.484011,0.488704,0.49227,0.494879,0.496717,0.497966,0.498782,0.499295,0.499606,0.499788,0.499889,0.499945,0.499973,0.499987,0.499994,0.499998,0.499999,0.499999,0.499999
0.5,0.5,0.499999,0.499998,0.499996,0.499991,0.499981,0.499961,0.499922,0.49985,0.49972,0.499496,0.499125,0.498531,0.497618,0.496263,0.494328,0.491665,0.488133,0.483618,0.478057,0.471457,0.463911,0.455604,0.446809,0.437873,0.42919,0.421167,0.414201,0.40864,0.404769,0.402782,0.402782,0.404769,0.40864,0.414201,0.421167,0.42919,0.437873,0.446809,0.455604,0.463911,0.471457,0.478057,0.483618,0.488133,0.491665,0.494328,0.496263,0.497618,0.498531,0.499125,0.499496,0.49972,0.49985,0.499922,0.499961,0.499981,0.499991,0.499996,0.499998,0.499999,0.5,0.5
0.5,0.5,0.5,0.499999,0.499997,0.499994,0.499987,0.499973,0.499947,0.499897,0.499807,0.499651,0.49939,0.498971,0.498323,0.497354,0.495962,0.494032,0.491453,0.488133,0.484011,0.479079,0.473395,0.467088,0.460358,0.453468,0.446723,0.44045,0.434971,0.430577,0.427507,0.425928,0.425928,0.427507,0.430577,0.434971,0.44045,0.446723,0.453468,0.460358,0.467088,0.473395,0.479079,0.484011,0.488133,0.491453,0.494032,0.495962,0.497354,0.498323,0.498971,0.49939,0.499651,0.499807,0.499897,0.499947,0.499973,0.499987,0.499994,0.499997,0.499999,0.5,0.5,0.5
0.5,0.5,0.5,0.499999,0.499998,0.499996,0.499992,0.499983,0.499965,0.499931,0.499871,0.499765,0.499588,0.499302,0.498855,0.498184,0.497213,0.495857,0.494032,0.491665,0.488704,0.485136,0.480991,0.476357,0.471376,0.466239,0.461178,0.456443,0.452285,0.448936,0.446589,0.445379,0.445379,0.446589,0.448936,0.452285,0.456443,0.461178,0.466239,0.471376,0.476357,0.480991,0.485136,0.488704,0.491665,0.494032,0.495857,0.497213,0.498184,0.498855,0.499302,0.499588,0.499765,0.499871,0.499931,0.499965,0.499983,0.499992,0.499996,0.499998,0.499999,0.5,0.5,0.5
0.5,0.5,0.5,0.5,0.499999,0.499998,0.499995,0.499989,0.499977,0.499956,0.499916,0.499847,0.499731,0.499541,0.499243,0.498792,0.498135,0.497213,0.495962,0.494328,0.49227,0.48977,0.486847,0.483554,0.479991,0.476293,0.472626,0.469177,0.466134,0.463674,0.461944,0.461051,0.461051,0.461944,0.463674,0.466134,0.469177,0.472626,0.476293,0.479991,0.483554,0.486847,0.48977,0.49227,0.494328,0.495962,0.497213,0.498135,0.498792,0.499243,0.499541,0.499731,0.499847,0.499916,0.499956,0.499977,0.499989,0.499995,0.499998,0.499999,0.5,0.5,0.5,0.5
0.5,0.5,0.5,0.5,0.499999,0.499999,0.499997,0.499993,0.499986,0.499972,0.499948,0.499904,0.499829,0.499707,0.499515,0.499222,0.498792,0.498184,0.497354,0.496263,0.494879,0.493186,0.491192,0.488932,0.48647,0.483899,0.481336,0.478913,0.476766,0.475024,0.473796,0.473162,0.473162,0.473796,0.475024,0.476766,0.478913,0.481336,0.483899,0.48647,0.488932,0.491192,0.493186,0.494879,0.496263,0.497354,0.498184,0.498792,0.499222,0.499515,0.499707,0.499829,0.499904,0.499948,0.499972,0.499986,0.499993,0.499997,0.499999,0.499999,0.5,0.5,0.5,0.5
0.5,0.5,0.5,0.5,0.5,0.499999,0.499998,0.499996,0.499992,0.499983,0.499968,0.499941,0.499895,0.499819,0.499699,0.499515,0.499243,0.498855,0.498323,0.497618,0.496717,0.495609,0.494296,0.492798,0.491156,0.489431,0.487703,0.486062,0.484602,0.483414,0.482575,0.48214,0.48214,0.482575,0.483414,0.484602,0.486062,0.487703,0.489431,0.491156,0.492798,0.494296,0.495609,0.496717,0.497618,0.498323,0.498855,0.499243,0.499515,0.499699,0.499819,0.499895,0.499941,0.499968,0.499983,0.499992,0.499996,0.499998,0.499999,0.5,0.5,0.5,0.5,0.5
0.5,0.5,0.5,0.5,0.5,0.499999,0.499999,0.499998,0.499995,0.49999,0.499981,0.499965,0.499938,0.499892,0.499819,0.499707,0.499541,0.499302,0.498971,0.498531,0.497966,0.497265,0.49643,0.495471,0.494414,0.493299,0.492175,0.491104,0.490148,0.489367,0.488814,0.488528,0.488528,0.488814,0.489367,0.490148,0.491104,0.492175,0.493299,0.494414,0.495471,0.49643,0.497265,0.497966,0.498531,0.498971,0.499302,0.499541,0.499707,0.499819,0.499892,0.499938,0.499965,0.499981,0.49999,0.499995,0.499998,0.499999,0.499999,0.5,0.5,0.5,0.5,0.5
0.5,0.5,0.5,0.5,0.5,0.5,0.499999,0.499999,0.499997,0.499994,0.499989,0.49998,0.499964,0.499938,0.499895,0.499829,0.499731,0.499588,0.49939,0.499125,0.498782,0.498354,0.497841,0.497249,0.496593,0.495897,0.495194,0.49452,0.493917,0.493423,0.493072,0.49289,0.49289,0.493072,0.493423,0.493917,0.49452,0.495194,0.495897,0.496593,0.497249,0.497841,0.498354,0.498782,0.499125,0.49939,0.499588,0.499731,0.499829,0.499895,0.499938,0.499964,0.49998,0.499989,0.499994,0.499997,0.499999,0.499999,0.5,0.5,0.5,0.5,0.5,0.5
0.5,0.5,0.5,0.5,0.5,0.5,0.5,0.499999,0.499998,0.499997,0.499994,0.499989,0.49998,0.499965,0.499941,0.499904,0.499847,0.499765,0.499651,0.499496,0.499295,0.499043,0.498739,0.498387,0.497994,0.497576,0.497151,0.496743,0.496376,0.496075,0.495862,0.495751,0.495751,0.495862,0.496075,0.496376,0.496743,0.497151,0.497576,0.497994,0.498387,0.498739,0.499043,0.499295,0.499496,0.499651,0.499765,0.499847,0.499904,0.499941,0.499965,0.49998,0.499989,0.499994,0.499997,0.499998,0.499999,0.5,0.5,0.5,0.5,0.5,0.5,0.5
0.5,0.5,0.5,0.5,0.5,0.5,0.5,0.5,0.499999,0.499998,0.499997,0.499994,0.499989,0.499981,0.499968,0.499948,0.499916,0.499871,0.499807,0.49972,0.499606,0.499463,0.499289,0.499087,0.498861,0.498618,0.498371,0.498133,0.497919,0.497742,0.497616,0.497551,0.497551,0.497616,0.497742,0.497919,0.498133,0.498371,0.498618,0.498861,0.499087,0.499289,0.499463,0.499606,0.49972,0.499807,0.499871,0.499916,0.499948,0.499968,0.499981,0.499989,0.499994,0.499997,0.499998,0.499999,0.5,0.5,0.5,0.5,0.5,0.5,0.5,0.5
0.5,0.5,0.5,0.5,0.5,0.5,0.5,0.5,0.5,0.499999,0.499998,0.499997,0.499994,0.49999,0.499983,0.499972,0.499956,0.499931,0.499897,0.49985,0.499788,0.499709,0.499613,0.499501,0.499376,0.49924,0.499102,0.498968,0.498847,0.498748,0.498677,0.49864,0.49864,0.498677,0.498748,0.498847,0.498968,0.499102,0.49924,0.499376,0.499501,0.499613,0.499709,0.499788,0.49985,0.499897,0.499931,0.499956,0.499972,0.499983,0.49999,0.499994,0.499997,0.499998,0.499999,0.5,0.5,0.5,0.5,0.5,0.5,0.5,0.5,0.5
0.5,0.5,0.5,0.5,0.5,0.5,0.5,0.5,0.5,0.5,0.499999,0.499998,0.499997,0.499995,0.499992,0.499986,0.499977,0.499965,0.499947,0.499922,0.499889,0.499848,0.499797,0.499737,0.49967,0.499597,0.499523,0.49945,0.499385,0.499331,0.499292,0.499272,0.499272,0.499292,0.499331,0.499385,0.49945,0.499523,0.499597,0.49967,0.499737,0.499797,0.499848,0.499889,0.499922,0.499947,0.499965,0.499977,0.499986,0.499992,0.499995,0.499997,0.499998,0.499999,0.5,0.5,0.5,0.5,0.5,0.5,0.5,0.5,0.5,0.5
0.5,0.5,0.5,0.5,0.5,0.5,0.5,0.5,0.5,0.5,0.5,0.499999,0.499999,0.499998,0.499996,0.499993,0.499989,0.499983,0.499973,0.499961,0.499945,0.499923,0.499897,0.499867,0.499832,0.499794,0.499756,0.499718,0.499684,0.499655,0.499635,0.499625,0.499625,0.499635,0.499655,0.499684,0.499718,0.499756,0.499794,0.499832,0.499867,0.499897,0.499923,0.499945,0.499961,0.499973,0.499983,0.499989,0.499993,0.499996,0.499998,0.499999,0.499999,0.5,0.5,0.5,0.5,0.5,0.5,0.5,0.5,0.5,0.5,0.5
0.5,0.5,0.5,0.5,0.5,0.5,0.5,0.5,0.5,0.5,0.5,0.5,0.499999,0.499999,0.499998,0.499997,0.499995,0.499992,0.499987,0.499981,0.499973,0.499963,0.49995,0.499935,0.499917,0.499899,0.499879,0.49986,0.499843,0.499829,0.499819,0.499814,0.499814,0.499819,0.499829,0.499843,0.49986,0.499879,0.499899,0.499917,0.499935,0.49995,0.499963,0.499973,0.499981,0.499987,0.499992,0.499995,0.499997,0.499998,0.499999,0.499999,0.5,0.5,0.5,0.5,0.5,0.5,0.5,0.5,0.5,0.5,0.5,0.5
0.5,0.5,0.5,0.5,0.5,0.5,0.5,0.5,0.5,0.5,0.5,0.5,0.5,0.499999,0.499999,0.499999,0.499998,0.499996,0.499994,0.499991,0.499987,0.499983,0.499976,0.499969,0.499961,0.499952,0.499943,0.499934,0.499925,0.499918,0.499913,0.499911,0.499911,0.499913,0.499918,0.499925,0.499934,0.499943,0.499952,0.499961,0.499969,0.499976,0.499983,0.499987,0.499991,0.499994,0.499996,0.499998,0.499999,0.499999,0.499999,0.5,0.5,0.5,0.5,0.5,0.5,0.5,0.5,0.5,0.5,0.5,0.5,0.5
0.5,0.5,0.5,0.5,0.5,0.5,0.5,0.5,0.5,0.5,0.5,0.5,0.5,0.5,0.5,0.499999,0.499999,0.499998,0.499997,0.499996,0.499994,0.499992,0.499989,0.499986,0.499982,0.499978,0.499974,0.499969,0.499966,0.499962,0.49996,0.499959,0.499959,0.49996,0.499962,0.499966,0.499969,0.499974,0.499978,0.499982,0.499986,0.499989,0.499992,0.499994,0.499996,0.499997,0.499998,0.499999,0.499999,0.5,0.5,0.5,0.5,0.5,0.5,0.5,0.5,0.5,0.5,0.5,0.5,0.5,0.5,0.5
0.5,0.5,0.5,0.5,0.5,0.5,0.5,0.5,0.5,0.5,0.5,0.5,0.5,0.5,0.5,0.5,0.5,0.499999,0.499999,0.499998,0.499998,0.499997,0.499995,0.499994,0.499992,0.49999,0.499988,0.499986,0.499985,0.499983,0.499982,0.499982,0.499982,0.499982,0.499983,0.499985,0.499986,0.499988,0.49999,0.499992,0.499994,0.499995,0.499997,0.499998,0.499998,0.499999,0.499999,0.5,0.5,0.5,0.5,0.5,0.5,0.5,0.5,0.5,0.5,0.5,0.5,0.5,0.5,0.5,0.5,0.5
0.5,0.5,0.5,0.5,0.5,0.5,0.5,0.5,0.5,0.5,0.5,0.5,0.5,0.5,0.5,0.5,0.5,0.5,0.5,0.499999,0.499999,0.499998,0.499998,0.499997,0.499996,0.499996,0.499995,0.499994,0.499993,0.499992,0.499992,0.499992,0.499992,0.499992,0.499992,0.499993,0.499994,0.499995,0.499996,0.499996,0.499997,0.499998,0.499998,0.499999,0.499999,0.5,0.5,0.5,0.5,0.5,0.5,0.5,0.5,0.5,0.5,0.5,0.5,0.5,0.5,0.5,0.5,0.5,0.5,0.5
0.5,0.5,0.5,0.5,0.5,0.5,0.5,0.5,0.5,0.5,0.5,0.5,0.5,0.5,0.5,0.5,0.5,0.5,0.5,0.5,0.499999,0.499999,0.499999,0.499999,0.499998,0.499998,0.499997,0.499997,0.499996,0.499996,0.499996,0.499996,0.499996,0.499996,0.499996,0.499996,0.499997,0.499997,0.499998,0.499998,0.499999,0.499999,0.499999,0.499999,0.5,0.5,0.5,0.5,0.5,0.5,0.5,0.5,0.5,0.5,0.5,0.5,0.5,0.5,0.5,0.5,0.5,0.5,0.5,0.5
0.5,0.5,0.5,0.5,0.5,0.5,0.5,0.5,0.5,0.5,0.5,0.5,0.5,0.5,0.5,0.5,0.5,0.5,0.5,0.5,0.499999,0.499999,0.499999,0.499999,0.499998,0.499998,0.499997,0.499997,0.499996,0.499996,0.499996,0.499996,0.499996,0.499996,0.499996,0.499996,0.499997,0.499997,0.499998,0.499998,0.499999,0.499999,0.499999,0.499999,0.5,0.5,0.5,0.5,0.5,0.5,0.5,0.5,0.5,0.5,0.5,0.5,0.5,0.5,0.5,0.5,0.5,0.5,0.5,0.5
