0.5,0.499999,0.499999,0.499999,0.499997,0.499995,0.499992,0.499985,0.499975,0.499959,0.499934,0.499896,0.499841,0.499763,0.499655,0.49951,0.499321,0.49908,0.498781,0.498422,0.498002,0.497524,0.496996,0.496431,0.495844,0.495256,0.49469,0.49417,0.49372,0.493361,0.493111,0.492983,0.492983,0.493111,0.493361,0.49372,0.49417,0.49469,0.495256,0.495844,0.496431,0.496996,0.497524,0.498002,0.498422,0.498781,0.49908,0.499321,0.49951,0.499655,0.499763,0.499841,0.499896,0.499934,0.499959,0.499975,0.499985,0.499992,0.499995,0.499997,0.499999,0.499999,0.499999,0.499999
0.499999,0.499999,0.499999,0.499999,0.499997,0.499995,0.499992,0.499985,0.499975,0.499959,0.499934,0.499896,0.499841,0.499763,0.499655,0.49951,0.499321,0.49908,0.498781,0.498422,0.498002,0.497524,0.496996,0.496431,0.495844,0.495256,0.49469,0.49417,0.49372,0.493361,0.493111,0.492983,0.492983,0.493111,0.493361,0.49372,0.49417,0.49469,0.495256,0.495844,0.496431,0.496996,0.497524,0.498002,0.498422,0.498781,0.49908,0.499321,0.49951,0.499655,0.499763,0.499841,0.499896,0.499934,0.499959,0.499975,0.499985,0.499992,0.499995,0.499997,0.499999,0.499999,0.499999,0.499999
0.499999,0.499999,0.499999,0.499998,0.499996,0.499993,0.499988,0.499979,0.499965,0.499942,0.499907,0.499855,0.49978,0.499673,0.499528,0.499334,0.499082,0.498764,0.498373,0.497906,0.497363,0.496749,0.496076,0.495357,0.494616,0.493877,0.493168,0.49252,0.491959,0.491514,0.491204,0.491045,0.491045,0.491204,0.491514,0.491959,0.49252,0.493168,0.493877,0.494616,0.495357,0.496076,0.496749,0.497363,0.497906,0.498373,0.498764,0.499082,0.499334,0.499528,0.499673,0.49978,0.499855,0.499907,0.499942,0.499965,0.499979,0.499988,0.499993,0.499996,0.499998,0.499999,0.499999,0.499999
0.499999,0.499999,0.499998,0.499996,0.499993,0.499988,0.499979,0.499964,0.49994,0.499903,0.499846,0.499761,0.49964,0.499472,0.499243,0.498941,0.498552,0.498067,0.497476,0.496777,0.495971,0.495068,0.494084,0.493044,0.491977,0.490921,0.489913,0.488996,0.488206,0.48758,0.487146,0.486924,0.486924,0.487146,0.48758,0.488206,0.488996,0.489913,0.490921,0.491977,0.493044,0.494084,0.495068,0.495971,0.496777,0.497476,0.498067,0.498552,0.498941,0.499243,0.499472,0.49964,0.499761,0.499846,0.499903,0.49994,0.499964,0.499979,0.499988,0.499993,0.499996,0.499998,0.499999,0.499999
0.499997,0.499997,0.499996,0.499993,0.499988,0.499979,0.499963,0.499937,0.499895,0.499831,0.499734,0.499592,0.499391,0.499112,0.498738,0.49825,0.497628,0.496858,0.49593,0.494842,0.493599,0.492218,0.490727,0.489162,0.48757,0.486003,0.484518,0.483171,0.482019,0.481108,0.480477,0.480155,0.480155,0.480477,0.481108,0.482019,0.483171,0.484518,0.486003,0.48757,0.489162,0.490727,0.492218,0.493599,0.494842,0.49593,0.496858,0.497628,0.49825,0.498738,0.499112,0.499391,0.499592,0.499734,0.499831,0.499895,0.499937,0.499963,0.499979,0.499988,0.499993,0.499996,0.499997,0.499997
0.499995,0.499995,0.499993,0.499988,0.499979,0.499962,0.499935,0.499889,0.499818,0.499709,0.499545,0.499309,0.498977,0.498522,0.497917,0.497133,0.496146,0.494935,0.49349,0.491811,0.489911,0.487819,0.485578,0.483245,0.480889,0.478585,0.476416,0.474459,0.472792,0.471478,0.470572,0.470109,0.470109,0.470572,0.471478,0.472792,0.474459,0.476416,0.478585,0.480889,0.483245,0.485578,0.487819,0.489911,0.491811,0.49349,0.494935,0.496146,0.497133,0.497917,0.498522,0.498977,0.499309,0.499545,0.499709,0.499818,0.499889,0.499935,0.499962,0.499979,0.499988,0.499993,0.499995,0.499995
0.499992,0.499992,0.499988,0.499979,0.499963,0.499935,0.499887,0.499811,0.499692,0.49951,0.499242,0.498858,0.498322,0.497596,0.49664,0.495414,0.493884,0.492028,0.489833,0.487307,0.484476,0.481387,0.478106,0.474719,0.471324,0.468029,0.464945,0.46218,0.459833,0.457992,0.456725,0.456079,0.456079,0.456725,0.457992,0.459833,0.46218,0.464945,0.468029,0.471324,0.474719,0.478106,0.481387,0.484476,0.487307,0.489833,0.492028,0.493884,0.495414,0.49664,0.497596,0.498322,0.498858,0.499242,0.49951,0.499692,0.499811,0.499887,0.499935,0.499963,0.499979,0.499988,0.499992,0.499992
0.499985,0.499985,0.499979,0.499964,0.499937,0.499889,0.499811,0.499686,0.499491,0.499198,0.49877,0.498162,0.497322,0.496196,0.494727,0.492864,0.490564,0.4878,0.484566,0.480881,0.476792,0.472372,0.467723,0.462964,0.458233,0.453677,0.44944,0.445665,0.442477,0.439985,0.438275,0.437405,0.437405,0.438275,0.439985,0.442477,0.445665,0.44944,0.453677,0.458233,0.462964,0.467723,0.472372,0.476792,0.480881,0.484566,0.4878,0.490564,0.492864,0.494727,0.496196,0.497322,0.498162,0.49877,0.499198,0.499491,0.499686,0.499811,0.499889,0.499937,0.499964,0.499979,0.499985,0.499985
0.499975,0.499975,0.499965,0.49994,0.499895,0.499818,0.499692,0.499491,0.499183,0.498723,0.498058,0.497122,0.495845,0.494148,0.49196,0.489212,0.485857,0.481868,0.477251,0.472047,0.466332,0.460219,0.453851,0.447395,0.441035,0.434958,0.42935,0.424385,0.420216,0.416972,0.414752,0.413625,0.413625,0.414752,0.416972,0.420216,0.424385,0.42935,0.434958,0.441035,0.447395,0.453851,0.460219,0.466332,0.472047,0.477251,0.481868,0.485857,0.489212,0.49196,0.494148,0.495845,0.497122,0.498058,0.498723,0.499183,0.499491,0.499692,0.499818,0.499895,0.49994,0.499965,0.499975,0.499975
0.499959,0.499959,0.499942,0.499903,0.499831,0.499709,0.49951,0.499198,0.498723,0.498022,0.497017,0.495619,0.493729,0.491248,0.488081,0.48415,0.479404,0.473826,0.467443,0.46033,0.452606,0.444436,0.436015,0.427567,0.419323,0.411519,0.404376,0.398096,0.392856,0.388798,0.386032,0.38463,0.38463,0.386032,0.388798,0.392856,0.398096,0.404376,0.411519,0.419323,0.427567,0.436015,0.444436,0.452606,0.46033,0.467443,0.473826,0.479404,0.48415,0.488081,0.491248,0.493729,0.495619,0.497017,0.498022,0.498723,0.499198,0.49951,0.499709,0.499831,0.499903,0.499942,0.499959,0.499959
0.499934,0.499934,0.499907,0.499846,0.499734,0.499545,0.499242,0.49877,0.498058,0.497017,0.495541,0.493509,0.490793,0.487266,0.482817,0.477359,0.470847,0.463286,0.45474,0.445331,0.435238,0.424688,0.413942,0.403282,0.392991,0.383346,0.374599,0.366971,0.360649,0.355781,0.352476,0.350805,0.350805,0.352476,0.355781,0.360649,0.366971,0.374599,0.383346,0.392991,0.403282,0.413942,0.424688,0.435238,0.445331,0.45474,0.463286,0.470847,0.477359,0.482817,0.487266,0.490793,0.493509,0.495541,0.497017,0.498058,0.49877,0.499242,0.499545,0.499734,0.499846,0.499907,0.499934,0.499934
0.499896,0.499896,0.499855,0.499761,0.499592,0.499309,0.498858,0.498162,0.497122,0.495619,0.493509,0.490636,0.48684,0.481968,0.475895,0.468537,0.459867,0.449931,0.438844,0.426797,0.414044,0.400886,0.387655,0.374692,0.362328,0.350868,0.340582,0.331695,0.324387,0.318795,0.315016,0.313111,0.313111,0.315016,0.318795,0.324387,0.331695,0.340582,0.350868,0.362328,0.374692,0.387655,0.400886,0.414044,0.426797,0.438844,0.449931,0.459867,0.468537,0.475895,0.481968,0.48684,0.490636,0.493509,0.495619,0.497122,0.498162,0.498858,0.499309,0.499592,0.499761,0.499855,0.499896,0.499896
0.499841,0.499841,0.49978,0.49964,0.499391,0.498977,0.498322,0.497322,0.495845,0.493729,0.490793,0.48684,0.481677,0.475131,0.467073,0.457436,0.446232,0.433564,0.419626,0.404693,0.389109,0.373258,0.357545,0.342362,0.328075,0.315,0.303402,0.293487,0.285408,0.279271,0.275147,0.273075,0.273075,0.275147,0.279271,0.285408,0.293487,0.303402,0.315,0.328075,0.342362,0.357545,0.373258,0.389109,0.404693,0.419626,0.433564,0.446232,0.457436,0.467073,0.475131,0.481677,0.48684,0.490793,0.493729,0.495845,0.497322,0.498322,0.498977,0.499391,0.49964,0.49978,0.499841,0.499841
0.499763,0.499763,0.499673,0.499472,0.499112,0.498522,0.497596,0.496196,0.494148,0.491248,0.487266,0.481968,0.475131,0.466572,0.456173,0.443903,0.429838,0.414164,0.397173,0.379248,0.360829,0.34239,0.324396,0.307281,0.291419,0.277115,0.2646,0.254033,0.245516,0.239105,0.234824,0.232683,0.232683,0.234824,0.239105,0.245516,0.254033,0.2646,0.277115,0.291419,0.307281,0.324396,0.34239,0.360829,0.379248,0.397173,0.414164,0.429838,0.443903,0.456173,0.466572,0.475131,0.481968,0.487266,0.491248,0.494148,0.496196,0.497596,0.498522,0.499112,0.499472,0.499673,0.499763,0.499763
0.499655,0.499655,0.499528,0.499243,0.498738,0.497917,0.49664,0.494727,0.49196,0.488081,0.482817,0.475895,0.467073,0.456173,0.443108,0.427911,0.410747,0.391913,0.371823,0.350977,0.329921,0.309208,0.289351,0.270798,0.253906,0.238934,0.226046,0.215328,0.206803,0.200456,0.196254,0.194162,0.194162,0.196254,0.200456,0.206803,0.215328,0.226046,0.238934,0.253906,0.270798,0.289351,0.309208,0.329921,0.350977,0.371823,0.391913,0.410747,0.427911,0.443108,0.456173,0.467073,0.475895,0.482817,0.488081,0.49196,0.494727,0.49664,0.497917,0.498738,0.499243,0.499528,0.499655,0.499655
0.49951,0.49951,0.499334,0.498941,0.49825,0.497133,0.495414,0.492864,0.489212,0.48415,0.477359,0.468537,0.457436,0.443903,0.427911,0.409584,0.389208,0.367216,0.344159,0.320664,0.297378,0.274916,0.253816,0.234505,0.217287,0.202339,0.189729,0.179439,0.171393,0.165487,0.161619,0.159707,0.159707,0.161619,0.165487,0.171393,0.179439,0.189729,0.202339,0.217287,0.234505,0.253816,0.274916,0.297378,0.320664,0.344159,0.367216,0.389208,0.409584,0.427911,0.443903,0.457436,0.468537,0.477359,0.48415,0.489212,0.492864,0.495414,0.497133,0.49825,0.498941,0.499334,0.49951,0.49951
0.499321,0.499321,0.499082,0.498552,0.497628,0.496146,0.493884,0.490564,0.485857,0.479404,0.470847,0.459867,0.446232,0.429838,0.410747,0.389208,0.365654,0.340676,0.314975,0.289301,0.264385,0.240881,0.219314,0.200055,0.183314,0.169151,0.15751,0.148244,0.141165,0.136073,0.132789,0.131182,0.131182,0.132789,0.136073,0.141165,0.148244,0.15751,0.169151,0.183314,0.200055,0.219314,0.240881,0.264385,0.289301,0.314975,0.340676,0.365654,0.389208,0.410747,0.429838,0.446232,0.459867,0.470847,0.479404,0.485857,0.490564,0.493884,0.496146,0.497628,0.498552,0.499082,0.499321,0.499321
0.49908,0.49908,0.498764,0.498067,0.496858,0.494935,0.492028,0.4878,0.481868,0.473826,0.463286,0.449931,0.433564,0.414164,0.391913,0.367216,0.340676,0.313057,0.285209,0.257993,0.2322,0.208485,0.187318,0.168974,0.15353,0.140902,0.130883,0.12319,0.117513,0.113556,0.111069,0.109872,0.109872,0.111069,0.113556,0.117513,0.12319,0.130883,0.140902,0.15353,0.168974,0.187318,0.208485,0.2322,0.257993,0.285209,0.313057,0.340676,0.367216,0.391913,0.414164,0.433564,0.449931,0.463286,0.473826,0.481868,0.4878,0.492028,0.494935,0.496858,0.498067,0.498764,0.49908,0.49908
0.498781,0.498781,0.498373,0.497476,0.49593,0.49349,0.489833,0.484566,0.477251,0.467443,0.45474,0.438844,0.419626,0.397173,0.371823,0.344159,0.314975,0.285209,0.255851,0.22785,0.202019,0.17897,0.159079,0.142478,0.129086,0.118649,0.110799,0.105115,0.101172,0.0985852,0.0970438,0.0963292,0.0963292,0.0970438,0.0985852,0.101172,0.105115,0.110799,0.118649,0.129086,0.142478,0.159079,0.17897,0.202019,0.22785,0.255851,0.285209,0.314975,0.344159,0.371823,0.397173,0.419626,0.438844,0.45474,0.467443,0.477251,0.484566,0.489833,0.49349,0.49593,0.497476,0.498373,0.498781,0.498781
0.498422,0.498422,0.497906,0.496777,0.494842,0.491811,0.487307,0.480881,0.472047,0.46033,0.445331,0.426797,0.404693,0.379248,0.350977,0.320664,0.289301,0.257993,0.22785,0.199872,0.17485,0.153312,0.135493,0.121352,0.110623,0.102872,0.0975751,0.0941798,0.0921631,0.0910715,0.090548,0.0903482,0.0903482,0.090548,0.0910715,0.0921631,0.0941798,0.0975751,0.102872,0.110623,0.121352,0.135493,0.153312,0.17485,0.199872,0.22785,0.257993,0.289301,0.320664,0.350977,0.379248,0.404693,0.426797,0.445331,0.46033,0.472047,0.480881,0.487307,0.491811,0.494842,0.496777,0.497906,0.498422,0.498422
0.498002,0.498002,0.497363,0.495971,0.493599,0.489911,0.484476,0.476792,0.466332,0.452606,0.435238,0.414044,0.389109,0.360829,0.329921,0.297378,0.264385,0.2322,0.202019,0.17485,0.151421,0.132127,0.117028,0.105884,0.0982328,0.0934643,0.0909088,0.0899058,0.0898586,0.0902685,0.0907545,0.0910613,0.0910613,0.0907545,0.0902685,0.0898586,0.0899058,0.0909088,0.0934643,0.0982328,0.105884,0.117028,0.132127,0.151421,0.17485,0.202019,0.2322,0.264385,0.297378,0.329921,0.360829,0.389109,0.414044,0.435238,0.452606,0.466332,0.476792,0.484476,0.489911,0.493599,0.495971,0.497363,0.498002,0.498002
0.497524,0.497524,0.496749,0.495068,0.492218,0.487819,0.481387,0.472372,0.460219,0.444436,0.424688,0.400886,0.373258,0.34239,0.309208,0.274916,0.240881,0.208485,0.17897,0.153312,0.132127,0.115642,0.103711,0.0958861,0.0915076,0.0898038,0.0899835,0.0913064,0.0931318,0.0949436,0.0963594,0.0971289,0.0971289,0.0963594,0.0949436,0.0931318,0.0913064,0.0899835,0.0898038,0.0915076,0.0958861,0.103711,0.115642,0.132127,0.153312,0.17897,0.208485,0.240881,0.274916,0.309208,0.34239,0.373258,0.400886,0.424688,0.444436,0.460219,0.472372,0.481387,0.487819,0.492218,0.495068,0.496749,0.497524,0.497524
0.496996,0.496996,0.496076,0.494084,0.490727,0.485578,0.478106,0.467723,0.453851,0.436015,0.413942,0.387655,0.357545,0.324396,0.289351,0.253816,0.219314,0.187318,0.159079,0.135493,0.117028,0.103711,0.0951794,0.0907727,0.0896487,0.0908972,0.0936357,0.0970768,0.100567,0.1036,0.105813,0.106975,0.106975,0.105813,0.1036,0.100567,0.0970768,0.0936357,0.0908972,0.0896487,0.0907727,0.0951794,0.103711,0.117028,0.135493,0.159079,0.187318,0.219314,0.253816,0.289351,0.324396,0.357545,0.387655,0.413942,0.436015,0.453851,0.467723,0.478106,0.485578,0.490727,0.494084,0.496076,0.496996,0.496996
0.496431,0.496431,0.495357,0.493044,0.489162,0.483245,0.474719,0.462964,0.447395,0.427567,0.403282,0.374692,0.342362,0.307281,0.270798,0.234505,0.200055,0.168974,0.142478,0.121352,0.105884,0.0958861,0.0907727,0.0896827,0.0916142,0.095548,0.100543,0.105797,0.110674,0.114698,0.117546,0.119017,0.119017,0.117546,0.114698,0.110674,0.105797,0.100543,0.095548,0.0916142,0.0896827,0.0907727,0.0958861,0.105884,0.121352,0.142478,0.168974,0.200055,0.234505,0.270798,0.307281,0.342362,0.374692,0.403282,0.427567,0.447395,0.462964,0.474719,0.483245,0.489162,0.493044,0.495357,0.496431,0.496431
0.495844,0.495844,0.494616,0.491977,0.48757,0.480889,0.471324,0.458233,0.441035,0.419323,0.392991,0.362328,0.328075,0.291419,0.253906,0.217287,0.183314,0.15353,0.129086,0.110623,0.0982328,0.0915076,0.0896487,0.0916142,0.0962703,0.10252,0.109397,0.116111,0.122066,0.126838,0.130152,0.131846,0.131846,0.130152,0.126838,0.122066,0.116111,0.109397,0.10252,0.0962703,0.0916142,0.0896487,0.0915076,0.0982328,0.110623,0.129086,0.15353,0.183314,0.217287,0.253906,0.291419,0.328075,0.362328,0.392991,0.419323,0.441035,0.458233,0.471324,0.480889,0.48757,0.491977,0.494616,0.495844,0.495844
0.495256,0.495256,0.493877,0.490921,0.486003,0.478585,0.468029,0.453677,0.434958,0.411519,0.383346,0.350868,0.315,0.277115,0.238934,0.202339,0.169151,0.140902,0.118649,0.102872,0.0934643,0.0898038,0.0908972,0.095548,0.10252,0.11067,0.119032,0.126851,0.133586,0.138876,0.1425,0.144338,0.144338,0.1425,0.138876,0.133586,0.126851,0.119032,0.11067,0.10252,0.095548,0.0908972,0.0898038,0.0934643,0.102872,0.118649,0.140902,0.169151,0.202339,0.238934,0.277115,0.315,0.350868,0.383346,0.411519,0.434958,0.453677,0.468029,0.478585,0.486003,0.490921,0.493877,0.495256,0.495256
0.49469,0.49469,0.493168,0.489913,0.484518,0.476416,0.464945,0.44944,0.42935,0.404376,0.374599,0.340582,0.303402,0.2646,0.226046,0.189729,0.15751,0.130883,0.110799,0.0975751,0.0909088,0.0899835,0.0936357,0.100543,0.109397,0.119032,0.128502,0.137103,0.144358,0.149969,0.153774,0.155691,0.155691,0.153774,0.149969,0.144358,0.137103,0.128502,0.119032,0.109397,0.100543,0.0936357,0.0899835,0.0909088,0.0975751,0.110799,0.130883,0.15751,0.189729,0.226046,0.2646,0.303402,0.340582,0.374599,0.404376,0.42935,0.44944,0.464945,0.476416,0.484518,0.489913,0.493168,0.49469,0.49469
0.49417,0.49417,0.49252,0.488996,0.483171,0.474459,0.46218,0.445665,0.424385,0.398096,0.366971,0.331695,0.293487,0.254033,0.215328,0.179439,0.148244,0.12319,0.105115,0.0941798,0.0899058,0.0913064,0.0970768,0.105797,0.116111,0.126851,0.137103,0.14622,0.153787,0.15957,0.163458,0.165408,0.165408,0.163458,0.15957,0.153787,0.14622,0.137103,0.126851,0.116111,0.105797,0.0970768,0.0913064,0.0899058,0.0941798,0.105115,0.12319,0.148244,0.179439,0.215328,0.254033,0.293487,0.331695,0.366971,0.398096,0.424385,0.445665,0.46218,0.474459,0.483171,0.488996,0.49252,0.49417,0.49417
0.49372,0.49372,0.491959,0.488206,0.482019,0.472792,0.459833,0.442477,0.420216,0.392856,0.360649,0.324387,0.285408,0.245516,0.206803,0.171393,0.141165,0.117513,0.101172,0.0921631,0.0898586,0.0931318,0.100567,0.110674,0.122066,0.133586,0.144358,0.153787,0.161517,0.16737,0.171278,0.17323,0.17323,0.171278,0.16737,0.161517,0.153787,0.144358,0.133586,0.122066,0.110674,0.100567,0.0931318,0.0898586,0.0921631,0.101172,0.117513,0.141165,0.171393,0.206803,0.245516,0.285408,0.324387,0.360649,0.392856,0.420216,0.442477,0.459833,0.472792,0.482019,0.488206,0.491959,0.49372,0.49372
0.493361,0.493361,0.491514,0.48758,0.481108,0.471478,0.457992,0.439985,0.416972,0.388798,0.355781,0.318795,0.279271,0.239105,0.200456,0.165487,0.136073,0.113556,0.0985852,0.0910715,0.0902685,0.0949436,0.1036,0.114698,0.126838,0.138876,0.149969,0.15957,0.16737,0.173234,0.177129,0.179068,0.179068,0.177129,0.173234,0.16737,0.15957,0.149969,0.138876,0.126838,0.114698,0.1036,0.0949436,0.0902685,0.0910715,0.0985852,0.113556,0.136073,0.165487,0.200456,0.239105,0.279271,0.318795,0.355781,0.388798,0.416972,0.439985,0.457992,0.471478,0.481108,0.48758,0.491514,0.493361,0.493361
0.493111,0.493111,0.491204,0.487146,0.480477,0.470572,0.456725,0.438275,0.414752,0.386032,0.352476,0.315016,0.275147,0.234824,0.196254,0.161619,0.132789,0.111069,0.0970438,0.090548,0.0907545,0.0963594,0.105813,0.117546,0.130152,0.1425,0.153774,0.163458,0.171278,0.177129,0.181002,0.182926,0.182926,0.181002,0.177129,0.171278,0.163458,0.153774,0.1425,0.130152,0.117546,0.105813,0.0963594,0.0907545,0.090548,0.0970438,0.111069,0.132789,0.161619,0.196254,0.234824,0.275147,0.315016,0.352476,0.386032,0.414752,0.438275,0.456725,0.470572,0.480477,0.487146,0.491204,0.493111,0.493111
0.492983,0.492983,0.491045,0.486924,0.480155,0.470109,0.456079,0.437405,0.413625,0.38463,0.350805,0.313111,0.273075,0.232683,0.194162,0.159707,0.131182,0.109872,0.0963292,0.0903482,0.0910613,0.0971289,0.106975,0.119017,0.131846,0.144338,0.155691,0.165408,0.17323,0.179068,0.182926,0.184841,0.184841,0.182926,0.179068,0.17323,0.165408,0.155691,0.144338,0.131846,0.119017,0.106975,0.0971289,0.0910613,0.0903482,0.0963292,0.109872,0.131182,0.159707,0.194162,0.232683,0.273075,0.313111,0.350805,0.38463,0.413625,0.437405,0.456079,0.470109,0.480155,0.486924,0.491045,0.492983,0.492983
0.492983,0.492983,0.491045,0.486924,0.480155,0.470109,0.456079,0.437405,0.413625,0.38463,0.350805,0.313111,0.273075,0.232683,0.194162,0.159707,0.131182,0.109872,0.0963292,0.0903482,0.0910613,0.0971289,0.106975,0.119017,0.131846,0.144338,0.155691,0.165408,0.17323,0.179068,0.182926,0.184841,0.184841,0.182926,0.179068,0.17323,0.165408,0.155691,0.144338,0.131846,0.119017,0.106975,0.0971289,0.0910613,0.0903482,0.0963292,0.109872,0.131182,0.159707,0.194162,0.232683,0.273075,0.313111,0.350805,0.38463,0.413625,0.437405,0.456079,0.470109,0.480155,0.486924,0.491045,0.492983,0.492983
0.493111,0.493111,0.491204,0.487146,0.480477,0.470572,0.456725,0.438275,0.414752,0.386032,0.352476,0.315016,0.275147,0.234824,0.196254,0.161619,0.132789,0.111069,0.0970438,0.090548,0.0907545,0.0963594,0.105813,0.117546,0.130152,0.1425,0.153774,0.163458,0.171278,0.177129,0.181002,0.182926,0.182926,0.181002,0.177129,0.171278,0.163458,0.153774,0.1425,0.130152,0.117546,0.105813,0.0963594,0.0907545,0.090548,0.0970438,0.111069,0.132789,0.161619,0.196254,0.234824,0.275147,0.315016,0.352476,0.386032,0.414752,0.438275,0.456725,0.470572,0.480477,0.487146,0.491204,0.493111,0.493111
0.493361,0.493361,0.491514,0.48758,0.481108,0.471478,0.457992,0.439985,0.416972,0.388798,0.355781,0.318795,0.279271,0.239105,0.200456,0.165487,0.136073,0.113556,0.0985852,0.0910715,0.0902685,0.0949436,0.1036,0.114698,0.126838,0.138876,0.149969,0.15957,0.16737,0.173234,0.177129,0.179068,0.179068,0.177129,0.173234,0.16737,0.15957,0.149969,0.138876,0.126838,0.114698,0.1036,0.0949436,0.0902685,0.0910715,0.0985852,0.113556,0.136073,0.165487,0.200456,0.239105,0.279271,0.318795,0.355781,0.388798,0.416972,0.439985,0.457992,0.471478,0.481108,0.48758,0.491514,0.493361,0.493361
0.49372,0.49372,0.491959,0.488206,0.482019,0.472792,0.459833,0.442477,0.420216,0.392856,0.360649,0.324387,0.285408,0.245516,0.206803,0.171393,0.141165,0.117513,0.101172,0.0921631,0.0898586,0.0931318,0.100567,0.110674,0.122066,0.133586,0.144358,0.153787,0.161517,0.16737,0.171278,0.17323,0.17323,0.171278,0.16737,0.161517,0.153787,0.144358,0.133586,0.122066,0.110674,0.100567,0.0931318,0.0898586,0.0921631,0.101172,0.117513,0.141165,0.171393,0.206803,0.245516,0.285408,0.324387,0.360649,0.392856,0.420216,0.442477,0.459833,0.472792,0.482019,0.488206,0.491959,0.49372,0.49372
0.49417,0.49417,0.49252,0.488996,0.483171,0.474459,0.46218,0.445665,0.424385,0.398096,0.366971,0.331695,0.293487,0.254033,0.215328,0.179439,0.148244,0.12319,0.105115,0.0941798,0.0899058,0.0913064,0.0970768,0.105797,0.116111,0.126851,0.137103,0.14622,0.153787,0.15957,0.163458,0.165408,0.165408,0.163458,0.15957,0.153787,0.14622,0.137103,0.126851,0.116111,0.105797,0.0970768,0.0913064,0.0899058,0.0941798,0.105115,0.12319,0.148244,0.179439,0.215328,0.254033,0.293487,0.331695,0.366971,0.398096,0.424385,0.445665,0.46218,0.474459,0.483171,0.488996,0.49252,0.49417,0.49417
0.49469,0.49469,0.493168,0.489913,0.484518,0.476416,0.464945,0.44944,0.42935,0.404376,0.374599,0.340582,0.303402,0.2646,0.226046,0.189729,0.15751,0.130883,0.110799,0.0975751,0.0909088,0.0899835,0.0936357,0.100543,0.109397,0.119032,0.128502,0.137103,0.144358,0.149969,0.153774,0.155691,0.155691,0.153774,0.149969,0.144358,0.137103,0.128502,0.119032,0.109397,0.100543,0.0936357,0.0899835,0.0909088,0.0975751,0.110799,0.130883,0.15751,0.189729,0.226046,0.2646,0.303402,0.340582,0.374599,0.404376,0.42935,0.44944,0.464945,0.476416,0.484518,0.489913,0.493168,0.49469,0.49469
0.495256,0.495256,0.493877,0.490921,0.486003,0.478585,0.468029,0.453677,0.434958,0.411519,0.383346,0.350868,0.315,0.277115,0.238934,0.202339,0.169151,0.140902,0.118649,0.102872,0.0934643,0.0898038,0.0908972,0.095548,0.10252,0.11067,0.119032,0.126851,0.133586,0.138876,0.1425,0.144338,0.144338,0.1425,0.138876,0.133586,0.126851,0.119032,0.11067,0.10252,0.095548,0.0908972,0.0898038,0.0934643,0.102872,0.118649,0.140902,0.169151,0.202339,0.238934,0.277115,0.315,0.350868,0.383346,0.411519,0.434958,0.453677,0.468029,0.478585,0.486003,0.490921,0.493877,0.495256,0.495256
0.495844,0.495844,0.494616,0.491977,0.48757,0.480889,0.471324,0.458233,0.441035,0.419323,0.392991,0.362328,0.328075,0.291419,0.253906,0.217287,0.183314,0.15353,0.129086,0.110623,0.0982328,0.0915076,0.0896487,0.0916142,0.0962703,0.10252,0.109397,0.116111,0.122066,0.126838,0.130152,0.131846,0.131846,0.130152,0.126838,0.122066,0.116111,0.109397,0.10252,0.0962703,0.0916142,0.0896487,0.0915076,0.0982328,0.110623,0.129086,0.15353,0.183314,0.217287,0.253906,0.291419,0.328075,0.362328,0.392991,0.419323,0.441035,0.458233,0.471324,0.480889,0.48757,0.491977,0.494616,0.495844,0.495844
0.496431,0.496431,0.495357,0.493044,0.489162,0.483245,0.474719,0.462964,0.447395,0.427567,0.403282,0.374692,0.342362,0.307281,0.270798,0.234505,0.200055,0.168974,0.142478,0.121352,0.105884,0.0958861,0.0907727,0.0896827,0.0916142,0.095548,0.100543,0.105797,0.110674,0.114698,0.117546,0.119017,0.119017,0.117546,0.114698,0.110674,0.105797,0.100543,0.095548,0.0916142,0.0896827,0.0907727,0.0958861,0.105884,0.121352,0.142478,0.168974,0.200055,0.234505,0.270798,0.307281,0.342362,0.374692,0.403282,0.427567,0.447395,0.462964,0.474719,0.483245,0.489162,0.493044,0.495357,0.496431,0.496431
0.496996,0.496996,0.496076,0.494084,0.490727,0.485578,0.478106,0.467723,0.453851,0.436015,0.413942,0.387655,0.357545,0.324396,0.289351,0.253816,0.219314,0.187318,0.159079,0.135493,0.117028,0.103711,0.0951794,0.0907727,0.0896487,0.0908972,0.0936357,0.0970768,0.100567,0.1036,0.105813,0.106975,0.106975,0.105813,0.1036,0.100567,0.0970768,0.0936357,0.0908972,0.0896487,0.0907727,0.0951794,0.103711,0.117028,0.135493,0.159079,0.187318,0.219314,0.253816,0.289351,0.324396,0.357545,0.387655,0.413942,0.436015,0.453851,0.467723,0.478106,0.485578,0.490727,0.494084,0.496076,0.496996,0.496996
0.497524,0.497524,0.496749,0.495068,0.492218,0.487819,0.481387,0.472372,0.460219,0.444436,0.424688,0.400886,0.373258,0.34239,0.309208,0.274916,0.240881,0.208485,0.17897,0.153312,0.132127,0.115642,0.103711,0.0958861,0.0915076,0.0898038,0.0899835,0.0913064,0.0931318,0.0949436,0.0963594,0.0971289,0.0971289,0.0963594,0.0949436,0.0931318,0.0913064,0.0899835,0.0898038,0.0915076,0.0958861,0.103711,0.115642,0.132127,0.153312,0.17897,0.208485,0.240881,0.274916,0.309208,0.34239,0.373258,0.400886,0.424688,0.444436,0.460219,0.472372,0.481387,0.487819,0.492218,0.495068,0.496749,0.497524,0.497524
0.498002,0.498002,0.497363,0.495971,0.493599,0.489911,0.484476,0.476792,0.466332,0.452606,0.435238,0.414044,0.389109,0.360829,0.329921,0.297378,0.264385,0.2322,0.202019,0.17485,0.151421,0.132127,0.117028,0.105884,0.0982328,0.0934643,0.0909088,0.0899058,0.0898586,0.0902685,0.0907545,0.0910613,0.0910613,0.0907545,0.0902685,0.0898586,0.0899058,0.0909088,0.0934643,0.0982328,0.105884,0.117028,0.132127,0.151421,0.17485,0.202019,0.2322,0.264385,0.297378,0.329921,0.360829,0.389109,0.414044,0.435238,0.452606,0.466332,0.476792,0.484476,0.489911,0.493599,0.495971,0.497363,0.498002,0.498002
0.498422,0.498422,0.497906,0.496777,0.494842,0.491811,0.487307,0.480881,0.472047,0.46033,0.445331,0.426797,0.404693,0.379248,0.350977,0.320664,0.289301,0.257993,0.22785,0.199872,0.17485,0.153312,0.135493,0.121352,0.110623,0.102872,0.0975751,0.0941798,0.0921631,0.0910715,0.090548,0.0903482,0.0903482,0.090548,0.0910715,0.0921631,0.0941798,0.0975751,0.102872,0.110623,0.121352,0.135493,0.153312,0.17485,0.199872,0.22785,0.257993,0.289301,0.320664,0.350977,0.379248,0.404693,0.426797,0.445331,0.46033,0.472047,0.480881,0.487307,0.491811,0.494842,0.496777,0.497906,0.498422,0.498422
0.498781,0.498781,0.498373,0.497476,0.49593,0.49349,0.489833,0.484566,0.477251,0.467443,0.45474,0.438844,0.419626,0.397173,0.371823,0.344159,0.314975,0.285209,0.255851,0.22785,0.202019,0.17897,0.159079,0.142478,0.129086,0.118649,0.110799,0.105115,0.101172,0.0985852,0.0970438,0.0963292,0.0963292,0.0970438,0.0985852,0.101172,0.105115,0.110799,0.118649,0.129086,0.142478,0.159079,0.17897,0.202019,0.22785,0.255851,0.285209,0.314975,0.344159,0.371823,0.397173,0.419626,0.438844,0.45474,0.467443,0.477251,0.484566,0.489833,0.49349,0.49593,0.497476,0.498373,0.498781,0.498781
0.49908,0.49908,0.498764,0.498067,0.496858,0.494935,0.492028,0.4878,0.481868,0.473826,0.463286,0.449931,0.433564,0.414164,0.391913,0.367216,0.340676,0.313057,0.285209,0.257993,0.2322,0.208485,0.187318,0.168974,0.15353,0.140902,0.130883,0.12319,0.117513,0.113556,0.111069,0.109872,0.109872,0.111069,0.113556,0.117513,0.12319,0.130883,0.140902,0.15353,0.168974,0.187318,0.208485,0.2322,0.257993,0.285209,0.313057,0.340676,0.367216,0.391913,0.414164,0.433564,0.449931,0.463286,0.473826,0.481868,0.4878,0.492028,0.494935,0.496858,0.498067,0.498764,0.49908,0.49908
0.499321,0.499321,0.499082,0.498552,0.497628,0.496146,0.493884,0.490564,0.485857,0.479404,0.470847,0.459867,0.446232,0.429838,0.410747,0.389208,0.365654,0.340676,0.314975,0.289301,0.264385,0.240881,0.219314,0.200055,0.183314,0.169151,0.15751,0.148244,0.141165,0.136073,0.132789,0.131182,0.131182,0.132789,0.136073,0.141165,0.148244,0.15751,0.169151,0.183314,0.200055,0.219314,0.240881,0.264385,0.289301,0.314975,0.340676,0.365654,0.389208,0.410747,0.429838,0.446232,0.459867,0.470847,0.479404,0.485857,0.490564,0.493884,0.496146,0.497628,0.498552,0.499082,0.499321,0.499321
0.49951,0.49951,0.499334,0.498941,0.49825,0.497133,0.495414,0.492864,0.489212,0.48415,0.477359,0.468537,0.457436,0.443903,0.427911,0.409584,0.389208,0.367216,0.344159,0.320664,0.297378,0.274916,0.253816,0.234505,0.217287,0.202339,0.189729,0.179439,0.171393,0.165487,0.161619,0.159707,0.159707,0.161619,0.165487,0.171393,0.179439,0.189729,0.202339,0.217287,0.234505,0.253816,0.274916,0.297378,0.320664,0.344159,0.367216,0.389208,0.409584,0.427911,0.443903,0.457436,0.468537,0.477359,0.48415,0.489212,0.492864,0.495414,0.497133,0.49825,0.498941,0.499334,0.49951,0.49951
0.499655,0.499655,0.499528,0.499243,0.498738,0.497917,0.49664,0.494727,0.49196,0.488081,0.482817,0.475895,0.467073,0.456173,0.443108,0.427911,0.410747,0.391913,0.371823,0.350977,0.329921,0.309208,0.289351,0.270798,0.253906,0.238934,0.226046,0.215328,0.206803,0.200456,0.196254,0.194162,0.194162,0.196254,0.200456,0.206803,0.215328,0.226046,0.238934,0.253906,0.270798,0.289351,0.309208,0.329921,0.350977,0.371823,0.391913,0.410747,0.427911,0.443108,0.456173,0.467073,0.475895,0.482817,0.488081,0.49196,0.494727,0.49664,0.497917,0.498738,0.499243,0.499528,0.499655,0.499655
0.499763,0.499763,0.499673,0.499472,0.499112,0.498522,0.497596,0.496196,0.494148,0.491248,0.487266,0.481968,0.475131,0.466572,0.456173,0.443903,0.429838,0.414164,0.397173,0.379248,0.360829,0.34239,0.324396,0.307281,0.291419,0.277115,0.2646,0.254033,0.245516,0.239105,0.234824,0.232683,0.232683,0.234824,0.239105,0.245516,0.254033,0.2646,0.277115,0.291419,0.307281,0.324396,0.34239,0.360829,0.379248,0.397173,0.414164,0.429838,0.443903,0.456173,0.466572,0.475131,0.481968,0.487266,0.491248,0.494148,0.496196,0.497596,0.498522,0.499112,0.499472,0.499673,0.499763,0.499763
0.499841,0.499841,0.49978,0.49964,0.499391,0.498977,0.498322,0.497322,0.495845,0.493729,0.490793,0.48684,0.481677,0.475131,0.467073,0.457436,0.446232,0.433564,0.419626,0.404693,0.389109,0.373258,0.357545,0.342362,0.328075,0.315,0.303402,0.293487,0.285408,0.279271,0.275147,0.273075,0.273075,0.275147,0.279271,0.285408,0.293487,0.303402,0.315,0.328075,0.342362,0.357545,0.373258,0.389109,0.404693,0.419626,0.433564,0.446232,0.457436,0.467073,0.475131,0.481677,0.48684,0.490793,0.493729,0.495845,0.497322,0.498322,0.498977,0.499391,0.49964,0.49978,0.499841,0.499841
0.499896,0.499896,0.499855,0.499761,0.499592,0.499309,0.498858,0.498162,0.497122,0.495619,0.493509,0.490636,0.48684,0.481968,0.475895,0.468537,0.459867,0.449931,0.438844,0.426797,0.414044,0.400886,0.387655,0.374692,0.362328,0.350868,0.340582,0.331695,0.324387,0.318795,0.315016,0.313111,0.313111,0.315016,0.318795,0.324387,0.331695,0.340582,0.350868,0.362328,0.374692,0.387655,0.400886,0.414044,0.426797,0.438844,0.449931,0.459867,0.468537,0.475895,0.481968,0.48684,0.490636,0.493509,0.495619,0.497122,0.498162,0.498858,0.499309,0.499592,0.499761,0.499855,0.499896,0.499896
0.499934,0.499934,0.499907,0.499846,0.499734,0.499545,0.499242,0.49877,0.498058,0.497017,0.495541,0.493509,0.490793,0.487266,0.482817,0.477359,0.470847,0.463286,0.45474,0.445331,0.435238,0.424688,0.413942,0.403282,0.392991,0.383346,0.374599,0.366971,0.360649,0.355781,0.352476,0.350805,0.350805,0.352476,0.355781,0.360649,0.366971,0.374599,0.383346,0.392991,0.403282,0.413942,0.424688,0.435238,0.445331,0.45474,0.463286,0.470847,0.477359,0.482817,0.487266,0.490793,0.493509,0.495541,0.497017,0.498058,0.49877,0.499242,0.499545,0.499734,0.499846,0.499907,0.499934,0.499934
0.499959,0.499959,0.499942,0.499903,0.499831,0.499709,0.49951,0.499198,0.498723,0.498022,0.497017,0.495619,0.493729,0.491248,0.488081,0.48415,0.479404,0.473826,0.467443,0.46033,0.452606,0.444436,0.436015,0.427567,0.419323,0.411519,0.404376,0.398096,0.392856,0.388798,0.386032,0.38463,0.38463,0.386032,0.388798,0.392856,0.398096,0.404376,0.411519,0.419323,0.427567,0.436015,0.444436,0.452606,0.46033,0.467443,0.473826,0.479404,0.48415,0.488081,0.491248,0.493729,0.495619,0.497017,0.498022,0.498723,0.499198,0.49951,0.499709,0.499831,0.499903,0.499942,0.499959,0.499959
0.499975,0.499975,0.499965,0.49994,0.499895,0.499818,0.499692,0.499491,0.499183,0.498723,0.498058,0.497122,0.495845,0.494148,0.49196,0.489212,0.485857,0.481868,0.477251,0.472047,0.466332,0.460219,0.453851,0.447395,0.441035,0.434958,0.42935,0.424385,0.420216,0.416972,0.414752,0.413625,0.413625,0.414752,0.416972,0.420216,0.424385,0.42935,0.434958,0.441035,0.447395,0.453851,0.460219,0.466332,0.472047,0.477251,0.481868,0.485857,0.489212,0.49196,0.494148,0.495845,0.497122,0.498058,0.498723,0.499183,0.499491,0.499692,0.499818,0.499895,0.49994,0.499965,0.499975,0.499975
0.499985,0.499985,0.499979,0.499964,0.499937,0.499889,0.499811,0.499686,0.499491,0.499198,0.49877,0.498162,0.497322,0.496196,0.494727,0.492864,0.490564,0.4878,0.484566,0.480881,0.476792,0.472372,0.467723,0.462964,0.458233,0.453677,0.44944,0.445665,0.442477,0.439985,0.438275,0.437405,0.437405,0.438275,0.439985,0.442477,0.445665,0.44944,0.453677,0.458233,0.462964,0.467723,0.472372,0.476792,0.480881,0.484566,0.4878,0.490564,0.492864,0.494727,0.496196,0.497322,0.498162,0.49877,0.499198,0.499491,0.499686,0.499811,0.499889,0.499937,0.499964,0.499979,0.499985,0.499985
0.499992,0.499992,0.499988,0.499979,0.499963,0.499935,0.499887,0.499811,0.499692,0.49951,0.499242,0.498858,0.498322,0.497596,0.49664,0.495414,0.493884,0.492028,0.489833,0.487307,0.484476,0.481387,0.478106,0.474719,0.471324,0.468029,0.464945,0.46218,0.459833,0.457992,0.456725,0.456079,0.456079,0.456725,0.457992,0.459833,0.46218,0.464945,0.468029,0.471324,0.474719,0.478106,0.481387,0.484476,0.487307,0.489833,0.492028,0.493884,0.495414,0.49664,0.497596,0.498322,0.498858,0.499242,0.49951,0.499692,0.499811,0.499887,0.499935,0.499963,0.499979,0.499988,0.499992,0.499992
0.499995,0.499995,0.499993,0.499988,0.499979,0.499962,0.499935,0.499889,0.499818,0.499709,0.499545,0.499309,0.498977,0.498522,0.497917,0.497133,0.496146,0.494935,0.49349,0.491811,0.489911,0.487819,0.485578,0.483245,0.480889,0.478585,0.476416,0.474459,0.472792,0.471478,0.470572,0.470109,0.470109,0.470572,0.471478,0.472792,0.474459,0.476416,0.478585,0.480889,0.483245,0.485578,0.487819,0.489911,0.491811,0.49349,0.494935,0.496146,0.497133,0.497917,0.498522,0.498977,0.499309,0.499545,0.499709,0.499818,0.499889,0.499935,0.499962,0.499979,0.499988,0.499993,0.499995,0.499995
0.499997,0.499997,0.499996,0.499993,0.499988,0.499979,0.499963,0.499937,0.499895,0.499831,0.499734,0.499592,0.499391,0.499112,0.498738,0.49825,0.497628,0.496858,0.49593,0.494842,0.493599,0.492218,0.490727,0.489162,0.48757,0.486003,0.484518,0.483171,0.482019,0.481108,0.480477,0.480155,0.480155,0.480477,0.481108,0.482019,0.483171,0.484518,0.486003,0.48757,0.489162,0.490727,0.492218,0.493599,0.494842,0.49593,0.496858,0.497628,0.49825,0.498738,0.499112,0.499391,0.499592,0.499734,0.499831,0.499895,0.499937,0.499963,0.499979,0.499988,0.499993,0.499996,0.499997,0.499997
0.499999,0.499999,0.499998,0.499996,0.499993,0.499988,0.499979,0.499964,0.49994,0.499903,0.499846,0.499761,0.49964,0.499472,0.499243,0.498941,0.498552,0.498067,0.497476,0.496777,0.495971,0.495068,0.494084,0.493044,0.491977,0.490921,0.489913,0.488996,0.488206,0.48758,0.487146,0.486924,0.486924,0.487146,0.48758,0.488206,0.488996,0.489913,0.490921,0.491977,0.493044,0.494084,0.495068,0.495971,0.496777,0.497476,0.498067,0.498552,0.498941,0.499243,0.499472,0.49964,0.499761,0.499846,0.499903,0.49994,0.499964,0.499979,0.499988,0.499993,0.499996,0.499998,0.499999,0.499999
0.499999,0.499999,0.499999,0.499998,0.499996,0.499993,0.499988,0.499979,0.499965,0.499942,0.499907,0.499855,0.49978,0.499673,0.499528,0.499334,0.499082,0.498764,0.498373,0.497906,0.497363,0.496749,0.496076,0.495357,0.494616,0.493877,0.493168,0.49252,0.491959,0.491514,0.491204,0.491045,0.491045,0.491204,0.491514,0.491959,0.49252,0.493168,0.493877,0.494616,0.495357,0.496076,0.496749,0.497363,0.497906,0.498373,0.498764,0.499082,0.499334,0.499528,0.499673,0.49978,0.499855,0.499907,0.499942,0.499965,0.499979,0.499988,0.499993,0.499996,0.499998,0.499999,0.499999,0.499999
0.499999,0.499999,0.499999,0.499999,0.499997,0.499995,0.499992,0.499985,0.499975,0.499959,0.499934,0.499896,0.499841,0.499763,0.499655,0.49951,0.499321,0.49908,0.498781,0.498422,0.498002,0.497524,0.496996,0.496431,0.495844,0.495256,0.49469,0.49417,0.49372,0.493361,0.493111,0.492983,0.492983,0.493111,0.493361,0.49372,0.49417,0.49469,0.495256,0.495844,0.496431,0.496996,0.497524,0.498002,0.498422,0.498781,0.49908,0.499321,0.49951,0.499655,0.499763,0.499841,0.499896,0.499934,0.499959,0.499975,0.499985,0.499992,0.499995,0.499997,0.499999,0.499999,0.499999,0.499999
0.499999,0.499999,0.499999,0.499999,0.499997,0.499995,0.499992,0.499985,0.499975,0.499959,0.499934,0.499896,0.499841,0.499763,0.499655,0.49951,0.499321,0.49908,0.498781,0.498422,0.498002,0.497524,0.496996,0.496431,0.495844,0.495256,0.49469,0.49417,0.49372,0.493361,0.493111,0.492983,0.492983,0.493111,0.493361,0.49372,0.49417,0.49469,0.495256,0.495844,0.496431,0.496996,0.497524,0.498002,0.498422,0.498781,0.49908,0.499321,0.49951,0.499655,0.499763,0.499841,0.499896,0.499934,0.499959,0.499975,0.499985,0.499992,0.499995,0.499997,0.499999,0.499999,0.499999,0.499999
