0.5,0.5,0.5,0.5,0.5,0.5,0.5,0.5,0.5,0.499999,0.499999,0.499998,0.499997,0.499995,0.499992,0.499988,0.499982,0.499974,0.499962,0.499947,0.499929,0.499906,0.49988,0.49985,0.499817,0.499782,0.499747,0.499714,0.499685,0.499661,0.499644,0.499635,0.499635,0.499644,0.499661,0.499685,0.499714,0.499747,0.499782,0.499817,0.49985,0.49988,0.499906,0.499929,0.499947,0.499962,0.499974,0.499982,0.499988,0.499992,0.499995,0.499997,0.499998,0.499999,0.499999,0.5,0.5,0.5,0.5,0.5,0.5,0.5,0.5,0.5
0.5,0.5,0.5,0.5,0.5,0.5,0.5,0.5,0.5,0.499999,0.499999,0.499998,0.499997,0.499995,0.499992,0.499988,0.499982,0.499974,0.499962,0.499947,0.499929,0.499906,0.49988,0.49985,0.499817,0.499782,0.499747,0.499714,0.499685,0.499661,0.499644,0.499635,0.499635,0.499644,0.499661,0.499685,0.499714,0.499747,0.499782,0.499817,0.49985,0.49988,0.499906,0.499929,0.499947,0.499962,0.499974,0.499982,0.499988,0.499992,0.499995,0.499997,0.499998,0.499999,0.499999,0.5,0.5,0.5,0.5,0.5,0.5,0.5,0.5,0.5
0.5,0.5,0.5,0.5,0.5,0.5,0.5,0.5,0.499999,0.499999,0.499998,0.499997,0.499995,0.499992,0.499988,0.499981,0.499971,0.499958,0.499941,0.499918,0.49989,0.499856,0.499815,0.49977,0.49972,0.499669,0.499617,0.499568,0.499525,0.499489,0.499464,0.499451,0.499451,0.499464,0.499489,0.499525,0.499568,0.499617,0.499669,0.49972,0.49977,0.499815,0.499856,0.49989,0.499918,0.499941,0.499958,0.499971,0.499981,0.499988,0.499992,0.499995,0.499997,0.499998,0.499999,0.499999,0.5,0.5,0.5,0.5,0.5,0.5,0.5,0.5
0.5,0.5,0.5,0.5,0.5,0.5,0.5,0.499999,0.499999,0.499998,0.499997,0.499994,0.499991,0.499985,0.499976,0.499964,0.499946,0.499922,0.49989,0.499848,0.499796,0.499734,0.499662,0.499581,0.499493,0.499401,0.49931,0.499223,0.499147,0.499085,0.499041,0.499018,0.499018,0.499041,0.499085,0.499147,0.499223,0.49931,0.499401,0.499493,0.499581,0.499662,0.499734,0.499796,0.499848,0.49989,0.499922,0.499946,0.499964,0.499976,0.499985,0.499991,0.499994,0.499997,0.499998,0.499999,0.499999,0.5,0.5,0.5,0.5,0.5,0.5,0.5
0.5,0.5,0.5,0.5,0.5,0.5,0.499999,0.499999,0.499998,0.499996,0.499994,0.499989,0.499982,0.499971,0.499954,0.49993,0.499896,0.499849,0.499788,0.499711,0.499614,0.499499,0.499365,0.499216,0.499055,0.498888,0.498723,0.498567,0.498429,0.498317,0.498238,0.498198,0.498198,0.498238,0.498317,0.498429,0.498567,0.498723,0.498888,0.499055,0.499216,0.499365,0.499499,0.499614,0.499711,0.499788,0.499849,0.499896,0.49993,0.499954,0.499971,0.499982,0.499989,0.499994,0.499996,0.499998,0.499999,0.499999,0.5,0.5,0.5,0.5,0.5,0.5
0.5,0.5,0.5,0.5,0.5,0.499999,0.499999,0.499998,0.499996,0.499993,0.499987,0.499978,0.499964,0.499943,0.499911,0.499865,0.499802,0.499715,0.499603,0.499459,0.499283,0.499073,0.498832,0.498563,0.498274,0.497977,0.497682,0.497406,0.497163,0.496966,0.496828,0.496756,0.496756,0.496828,0.496966,0.497163,0.497406,0.497682,0.497977,0.498274,0.498563,0.498832,0.499073,0.499283,0.499459,0.499603,0.499715,0.499802,0.499865,0.499911,0.499943,0.499964,0.499978,0.499987,0.499993,0.499996,0.499998,0.499999,0.499999,0.5,0.5,0.5,0.5,0.5
0.5,0.5,0.5,0.5,0.499999,0.499999,0.499998,0.499996,0.499992,0.499986,0.499976,0.499959,0.499933,0.499893,0.499834,0.49975,0.499634,0.499478,0.499275,0.499019,0.498706,0.498336,0.497913,0.497444,0.496943,0.496429,0.495923,0.49545,0.495034,0.494698,0.494463,0.494341,0.494341,0.494463,0.494698,0.495034,0.49545,0.495923,0.496429,0.496943,0.497444,0.497913,0.498336,0.498706,0.499019,0.499275,0.499478,0.499634,0.49975,0.499834,0.499893,0.499933,0.499959,0.499976,0.499986,0.499992,0.499996,0.499998,0.499999,0.499999,0.5,0.5,0.5,0.5
0.5,0.5,0.5,0.499999,0.499999,0.499998,0.499996,0.499992,0.499985,0.499974,0.499955,0.499924,0.499877,0.499805,0.4997,0.499551,0.499346,0.499073,0.498719,0.498277,0.49774,0.497109,0.49639,0.4956,0.49476,0.493902,0.493062,0.492279,0.491593,0.491041,0.490654,0.490455,0.490455,0.490654,0.491041,0.491593,0.492279,0.493062,0.493902,0.49476,0.4956,0.49639,0.497109,0.49774,0.498277,0.498719,0.499073,0.499346,0.499551,0.4997,0.499805,0.499877,0.499924,0.499955,0.499974,0.499985,0.499992,0.499996,0.499998,0.499999,0.499999,0.5,0.5,0.5
0.5,0.5,0.499999,0.499999,0.499998,0.499996,0.499992,0.499985,0.499973,0.499953,0.499919,0.499865,0.499781,0.499656,0.499474,0.499217,0.498867,0.498403,0.497809,0.497069,0.496178,0.495137,0.49396,0.492673,0.491314,0.489933,0.488586,0.487336,0.486245,0.48537,0.484758,0.484443,0.484443,0.484758,0.48537,0.486245,0.487336,0.488586,0.489933,0.491314,0.492673,0.49396,0.495137,0.496178,0.497069,0.497809,0.498403,0.498867,0.499217,0.499474,0.499656,0.499781,0.499865,0.499919,0.499953,0.499973,0.499985,0.499992,0.499996,0.499998,0.499999,0.499999,0.5,0.5
0.499999,0.499999,0.499999,0.499998,0.499996,0.499993,0.499986,0.499974,0.499953,0.499917,0.499858,0.499766,0.499623,0.499411,0.499105,0.498677,0.498097,0.497336,0.496367,0.495171,0.49374,0.492081,0.490218,0.488195,0.486072,0.483925,0.481844,0.479921,0.478249,0.476912,0.475978,0.475499,0.475499,0.475978,0.476912,0.478249,0.479921,0.481844,0.483925,0.486072,0.488195,0.490218,0.492081,0.49374,0.495171,0.496367,0.497336,0.498097,0.498677,0.499105,0.499411,0.499623,0.499766,0.499858,0.499917,0.499953,0.499974,0.499986,0.499993,0.499996,0.499998,0.499999,0.499999,0.499999
0.499999,0.499999,0.499998,0.499997,0.499994,0.499987,0.499976,0.499955,0.499919,0.499858,0.49976,0.499605,0.499369,0.499021,0.498523,0.497831,0.496903,0.495693,0.494164,0.492293,0.490071,0.487515,0.484666,0.481593,0.478391,0.475174,0.472072,0.46922,0.46675,0.464781,0.463411,0.462707,0.462707,0.463411,0.464781,0.46675,0.46922,0.472072,0.475174,0.478391,0.481593,0.484666,0.487515,0.490071,0.492293,0.494164,0.495693,0.496903,0.497831,0.498523,0.499021,0.499369,0.499605,0.49976,0.499858,0.499919,0.499955,0.499976,0.499987,0.499994,0.499997,0.499998,0.499999,0.499999
0.499998,0.499998,0.499997,0.499994,0.499989,0.499978,0.499959,0.499924,0.499865,0.499766,0.499605,0.499355,0.498977,0.498422,0.497635,0.496552,0.495109,0.493245,0.490911,0.488077,0.48474,0.480932,0.476722,0.472216,0.467553,0.462902,0.458443,0.454367,0.450853,0.448061,0.446124,0.445131,0.445131,0.446124,0.448061,0.450853,0.454367,0.458443,0.462902,0.467553,0.472216,0.476722,0.480932,0.48474,0.488077,0.490911,0.493245,0.495109,0.496552,0.497635,0.498422,0.498977,0.499355,0.499605,0.499766,0.499865,0.499924,0.499959,0.499978,0.499989,0.499994,0.499997,0.499998,0.499998
0.499997,0.499997,0.499995,0.499991,0.499982,0.499964,0.499933,0.499877,0.499781,0.499623,0.499369,0.498977,0.498387,0.49753,0.496324,0.494679,0.492506,0.489724,0.486271,0.482114,0.477265,0.471779,0.465766,0.459383,0.45283,0.446341,0.440164,0.434549,0.429733,0.425924,0.423287,0.421939,0.421939,0.423287,0.425924,0.429733,0.434549,0.440164,0.446341,0.45283,0.459383,0.465766,0.471779,0.477265,0.482114,0.486271,0.489724,0.492506,0.494679,0.496324,0.49753,0.498387,0.498977,0.499369,0.499623,0.499781,0.499877,0.499933,0.499964,0.499982,0.499991,0.499995,0.499997,0.499997
0.499995,0.499995,0.499992,0.499985,0.499971,0.499943,0.499893,0.499805,0.499656,0.499411,0.499021,0.498422,0.49753,0.496244,0.494451,0.492027,0.488853,0.484826,0.479875,0.473972,0.467149,0.459503,0.4512,0.442466,0.433577,0.424844,0.416593,0.409143,0.40279,0.397788,0.394336,0.392576,0.392576,0.394336,0.397788,0.40279,0.409143,0.416593,0.424844,0.433577,0.442466,0.4512,0.459503,0.467149,0.473972,0.479875,0.484826,0.488853,0.492027,0.494451,0.496244,0.49753,0.498422,0.499021,0.499411,0.499656,0.499805,0.499893,0.499943,0.499971,0.499985,0.499992,0.499995,0.499995
0.499992,0.499992,0.499988,0.499976,0.499954,0.499911,0.499834,0.4997,0.499474,0.499105,0.498523,0.497635,0.496324,0.494451,0.491861,0.488392,0.483893,0.47824,0.471356,0.463232,0.453936,0.443624,0.432537,0.420988,0.409345,0.39801,0.387388,0.37787,0.369803,0.363485,0.359143,0.356932,0.356932,0.359143,0.363485,0.369803,0.37787,0.387388,0.39801,0.409345,0.420988,0.432537,0.443624,0.453936,0.463232,0.471356,0.47824,0.483893,0.488392,0.491861,0.494451,0.496324,0.497635,0.498523,0.499105,0.499474,0.4997,0.499834,0.499911,0.499954,0.499976,0.499988,0.499992,0.499992
0.499988,0.499988,0.499981,0.499964,0.49993,0.499865,0.49975,0.499551,0.499217,0.498677,0.497831,0.496552,0.494679,0.492027,0.488392,0.48357,0.477377,0.469673,0.46039,0.449548,0.437276,0.423811,0.40949,0.394731,0.380008,0.365815,0.352639,0.34093,0.331081,0.323411,0.318163,0.315499,0.315499,0.318163,0.323411,0.331081,0.34093,0.352639,0.365815,0.380008,0.394731,0.40949,0.423811,0.437276,0.449548,0.46039,0.469673,0.477377,0.48357,0.488392,0.492027,0.494679,0.496552,0.497831,0.498677,0.499217,0.499551,0.49975,0.499865,0.49993,0.499964,0.499981,0.499988,0.499988
0.499982,0.499982,0.499971,0.499946,0.499896,0.499802,0.499634,0.499346,0.498867,0.498097,0.496903,0.495109,0.492506,0.488853,0.483893,0.477377,0.469092,0.458895,0.44674,0.432703,0.416996,0.399963,0.38206,0.363826,0.345846,0.328706,0.312962,0.299103,0.287543,0.278603,0.272517,0.269438,0.269438,0.272517,0.278603,0.287543,0.299103,0.312962,0.328706,0.345846,0.363826,0.38206,0.399963,0.416996,0.432703,0.44674,0.458895,0.469092,0.477377,0.483893,0.488853,0.492506,0.495109,0.496903,0.498097,0.498867,0.499346,0.499634,0.499802,0.499896,0.499946,0.499971,0.499982,0.499982
0.499974,0.499974,0.499958,0.499922,0.499849,0.499715,0.499478,0.499073,0.498403,0.497336,0.495693,0.493245,0.489724,0.484826,0.47824,0.469673,0.458895,0.445773,0.430309,0.412662,0.393158,0.372272,0.3506,0.328814,0.307606,0.287643,0.269524,0.253753,0.240724,0.23073,0.223969,0.220561,0.220561,0.223969,0.23073,0.240724,0.253753,0.269524,0.287643,0.307606,0.328814,0.3506,0.372272,0.393158,0.412662,0.430309,0.445773,0.458895,0.469673,0.47824,0.484826,0.489724,0.493245,0.495693,0.497336,0.498403,0.499073,0.499478,0.499715,0.499849,0.499922,0.499958,0.499974,0.499974
0.499962,0.499962,0.499941,0.49989,0.499788,0.499603,0.499275,0.498719,0.497809,0.496367,0.494164,0.490911,0.486271,0.479875,0.471356,0.46039,0.44674,0.430309,0.411175,0.389614,0.366094,0.341249,0.31583,0.290641,0.266475,0.244053,0.223983,0.206739,0.19266,0.181965,0.174784,0.17118,0.17118,0.174784,0.181965,0.19266,0.206739,0.223983,0.244053,0.266475,0.290641,0.31583,0.341249,0.366094,0.389614,0.411175,0.430309,0.44674,0.46039,0.471356,0.479875,0.486271,0.490911,0.494164,0.496367,0.497809,0.498719,0.499275,0.499603,0.499788,0.49989,0.499941,0.499962,0.499962
0.499947,0.499947,0.499918,0.499848,0.499711,0.499459,0.499019,0.498277,0.497069,0.495171,0.492293,0.488077,0.482114,0.473972,0.463232,0.449548,0.432703,0.412662,0.389614,0.363983,0.336411,0.307711,0.278798,0.250602,0.223992,0.199708,0.178324,0.160235,0.145674,0.134747,0.127477,0.12385,0.12385,0.127477,0.134747,0.145674,0.160235,0.178324,0.199708,0.223992,0.250602,0.278798,0.307711,0.336411,0.363983,0.389614,0.412662,0.432703,0.449548,0.463232,0.473972,0.482114,0.488077,0.492293,0.495171,0.497069,0.498277,0.499019,0.499459,0.499711,0.499848,0.499918,0.499947,0.499947
0.499929,0.499929,0.49989,0.499796,0.499614,0.499283,0.498706,0.49774,0.496178,0.49374,0.490071,0.48474,0.477265,0.467149,0.453936,0.437276,0.416996,0.393158,0.366094,0.336411,0.304951,0.27272,0.240795,0.210213,0.181888,0.156534,0.134638,0.116465,0.102095,0.0914777,0.0844992,0.081045,0.081045,0.0844992,0.0914777,0.102095,0.116465,0.134638,0.156534,0.181888,0.210213,0.240795,0.27272,0.304951,0.336411,0.366094,0.393158,0.416996,0.437276,0.453936,0.467149,0.477265,0.48474,0.490071,0.49374,0.496178,0.49774,0.498706,0.499283,0.499614,0.499796,0.49989,0.499929,0.499929
0.499906,0.499906,0.499856,0.499734,0.499499,0.499073,0.498336,0.497109,0.495137,0.492081,0.487515,0.480932,0.471779,0.459503,0.443624,0.423811,0.399963,0.372272,0.341249,0.307711,0.27272,0.23748,0.203215,0.171045,0.141884,0.116372,0.0948568,0.0774242,0.0639545,0.0542072,0.0479071,0.0448226,0.0448226,0.0479071,0.0542072,0.0639545,0.0774242,0.0948568,0.116372,0.141884,0.171045,0.203215,0.23748,0.27272,0.307711,0.341249,0.372272,0.399963,0.423811,0.443624,0.459503,0.471779,0.480932,0.487515,0.492081,0.495137,0.497109,0.498336,0.499073,0.499499,0.499734,0.499856,0.499906,0.499906
0.49988,0.49988,0.499815,0.499662,0.499365,0.498832,0.497913,0.49639,0.49396,0.490218,0.484666,0.476722,0.465766,0.4512,0.432537,0.40949,0.38206,0.3506,0.31583,0.278798,0.240795,0.203215,0.167411,0.134547,0.105493,0.0807621,0.0605178,0.044621,0.0327208,0.024362,0.0190927,0.0165559,0.0165559,0.0190927,0.024362,0.0327208,0.044621,0.0605178,0.0807621,0.105493,0.134547,0.167411,0.203215,0.240795,0.278798,0.31583,0.3506,0.38206,0.40949,0.432537,0.4512,0.465766,0.476722,0.484666,0.490218,0.49396,0.49639,0.497913,0.498832,0.499365,0.499662,0.499815,0.49988,0.49988
0.49985,0.49985,0.49977,0.499581,0.499216,0.498563,0.497444,0.4956,0.492673,0.488195,0.481593,0.472216,0.459383,0.442466,0.420988,0.394731,0.363826,0.328814,0.290641,0.250602,0.210213,0.171045,0.134547,0.101888,0.0738457,0.0507656,0.0325834,0.0189065,0.00913297,0.00258277,-0.00137642,-0.0032264,-0.0032264,-0.00137642,0.00258277,0.00913297,0.0189065,0.0325834,0.0507656,0.0738457,0.101888,0.134547,0.171045,0.210213,0.250602,0.290641,0.328814,0.363826,0.394731,0.420988,0.442466,0.459383,0.472216,0.481593,0.488195,0.492673,0.4956,0.497444,0.498563,0.499216,0.499581,0.49977,0.49985,0.49985
0.499817,0.499817,0.49972,0.499493,0.499055,0.498274,0.496943,0.49476,0.491314,0.486072,0.478391,0.467553,0.45283,0.433577,0.409345,0.380008,0.345846,0.307606,0.266475,0.223992,0.181888,0.141884,0.105493,0.0738457,0.0475915,0.0268692,0.0113618,0.000408465,-0.00684854,-0.0113097,-0.0137794,-0.0148555,-0.0148555,-0.0137794,-0.0113097,-0.00684854,0.000408465,0.0113618,0.0268692,0.0475915,0.0738457,0.105493,0.141884,0.181888,0.223992,0.266475,0.307606,0.345846,0.380008,0.409345,0.433577,0.45283,0.467553,0.478391,0.486072,0.491314,0.49476,0.496943,0.498274,0.499055,0.499493,0.49972,0.499817,0.499817
0.499782,0.499782,0.499669,0.499401,0.498888,0.497977,0.496429,0.493902,0.489933,0.483925,0.475174,0.462902,0.446341,0.424844,0.39801,0.365815,0.328706,0.287643,0.244053,0.199708,0.156534,0.116372,0.0807621,0.0507656,0.0268692,0.00898449,-0.00346876,-0.0114186,-0.0159674,-0.0182194,-0.0191323,-0.0194052,-0.0194052,-0.0191323,-0.0182194,-0.0159674,-0.0114186,-0.00346876,0.00898449,0.0268692,0.0507656,0.0807621,0.116372,0.156534,0.199708,0.244053,0.287643,0.328706,0.365815,0.39801,0.424844,0.446341,0.462902,0.475174,0.483925,0.489933,0.493902,0.496429,0.497977,0.498888,0.499401,0.499669,0.499782,0.499782
0.499747,0.499747,0.499617,0.49931,0.498723,0.497682,0.495923,0.493062,0.488586,0.481844,0.472072,0.458443,0.440164,0.416593,0.387388,0.352639,0.312962,0.269524,0.223983,0.178324,0.134638,0.0948568,0.0605178,0.0325834,0.0113618,-0.00346876,-0.0127459,-0.0176487,-0.0195003,-0.0195823,-0.0189811,-0.0184773,-0.0184773,-0.0189811,-0.0195823,-0.0195003,-0.0176487,-0.0127459,-0.00346876,0.0113618,0.0325834,0.0605178,0.0948568,0.134638,0.178324,0.223983,0.269524,0.312962,0.352639,0.387388,0.416593,0.440164,0.458443,0.472072,0.481844,0.488586,0.493062,0.495923,0.497682,0.498723,0.49931,0.499617,0.499747,0.499747
0.499714,0.499714,0.499568,0.499223,0.498567,0.497406,0.49545,0.492279,0.487336,0.479921,0.46922,0.454367,0.434549,0.409143,0.37787,0.34093,0.299103,0.253753,0.206739,0.160235,0.116465,0.0774242,0.044621,0.0189065,0.000408465,-0.0114186,-0.0176487,-0.0196828,-0.0190329,-0.0171252,-0.0151471,-0.0139406,-0.0139406,-0.0151471,-0.0171252,-0.0190329,-0.0196828,-0.0176487,-0.0114186,0.000408465,0.0189065,0.044621,0.0774242,0.116465,0.160235,0.206739,0.253753,0.299103,0.34093,0.37787,0.409143,0.434549,0.454367,0.46922,0.479921,0.487336,0.492279,0.49545,0.497406,0.498567,0.499223,0.499568,0.499714,0.499714
0.499685,0.499685,0.499525,0.499147,0.498429,0.497163,0.495034,0.491593,0.486245,0.478249,0.46675,0.450853,0.429733,0.40279,0.369803,0.331081,0.287543,0.240724,0.19266,0.145674,0.102095,0.0639545,0.0327208,0.00913297,-0.00684854,-0.0159674,-0.0195003,-0.0190329,-0.0162276,-0.0126224,-0.00947792,-0.00767877,-0.00767877,-0.00947792,-0.0126224,-0.0162276,-0.0190329,-0.0195003,-0.0159674,-0.00684854,0.00913297,0.0327208,0.0639545,0.102095,0.145674,0.19266,0.240724,0.287543,0.331081,0.369803,0.40279,0.429733,0.450853,0.46675,0.478249,0.486245,0.491593,0.495034,0.497163,0.498429,0.499147,0.499525,0.499685,0.499685
0.499661,0.499661,0.499489,0.499085,0.498317,0.496966,0.494698,0.491041,0.48537,0.476912,0.464781,0.448061,0.425924,0.397788,0.363485,0.323411,0.278603,0.23073,0.181965,0.134747,0.0914777,0.0542072,0.024362,0.00258277,-0.0113097,-0.0182194,-0.0195823,-0.0171252,-0.0126224,-0.0076906,-0.00364007,-0.00138228,-0.00138228,-0.00364007,-0.0076906,-0.0126224,-0.0171252,-0.0195823,-0.0182194,-0.0113097,0.00258277,0.024362,0.0542072,0.0914777,0.134747,0.181965,0.23073,0.278603,0.323411,0.363485,0.397788,0.425924,0.448061,0.464781,0.476912,0.48537,0.491041,0.494698,0.496966,0.498317,0.499085,0.499489,0.499661,0.499661
0.499644,0.499644,0.499464,0.499041,0.498238,0.496828,0.494463,0.490654,0.484758,0.475978,0.463411,0.446124,0.423287,0.394336,0.359143,0.318163,0.272517,0.223969,0.174784,0.127477,0.0844992,0.0479071,0.0190927,-0.00137642,-0.0137794,-0.0191323,-0.0189811,-0.0151471,-0.00947792,-0.00364007,0.00102647,0.00359519,0.00359519,0.00102647,-0.00364007,-0.00947792,-0.0151471,-0.0189811,-0.0191323,-0.0137794,-0.00137642,0.0190927,0.0479071,0.0844992,0.127477,0.174784,0.223969,0.272517,0.318163,0.359143,0.394336,0.423287,0.446124,0.463411,0.475978,0.484758,0.490654,0.494463,0.496828,0.498238,0.499041,0.499464,0.499644,0.499644
0.499635,0.499635,0.499451,0.499018,0.498198,0.496756,0.494341,0.490455,0.484443,0.475499,0.462707,0.445131,0.421939,0.392576,0.356932,0.315499,0.269438,0.220561,0.17118,0.12385,0.081045,0.0448226,0.0165559,-0.0032264,-0.0148555,-0.0194052,-0.0184773,-0.0139406,-0.00767877,-0.00138228,0.00359519,0.00632056,0.00632056,0.00359519,-0.00138228,-0.00767877,-0.0139406,-0.0184773,-0.0194052,-0.0148555,-0.0032264,0.0165559,0.0448226,0.081045,0.12385,0.17118,0.220561,0.269438,0.315499,0.356932,0.392576,0.421939,0.445131,0.462707,0.475499,0.484443,0.490455,0.494341,0.496756,0.498198,0.499018,0.499451,0.499635,0.499635
0.499635,0.499635,0.499451,0.499018,0.498198,0.496756,0.494341,0.490455,0.484443,0.475499,0.462707,0.445131,0.421939,0.392576,0.356932,0.315499,0.269438,0.220561,0.17118,0.12385,0.081045,0.0448226,0.0165559,-0.0032264,-0.0148555,-0.0194052,-0.0184773,-0.0139406,-0.00767877,-0.00138228,0.00359519,0.00632056,0.00632056,0.00359519,-0.00138228,-0.00767877,-0.0139406,-0.0184773,-0.0194052,-0.0148555,-0.0032264,0.0165559,0.0448226,0.081045,0.12385,0.17118,0.220561,0.269438,0.315499,0.356932,0.392576,0.421939,0.445131,0.462707,0.475499,0.484443,0.490455,0.494341,0.496756,0.498198,0.499018,0.499451,0.499635,0.499635
0.499644,0.499644,0.499464,0.499041,0.498238,0.496828,0.494463,0.490654,0.484758,0.475978,0.463411,0.446124,0.423287,0.394336,0.359143,0.318163,0.272517,0.223969,0.174784,0.127477,0.0844992,0.0479071,0.0190927,-0.00137642,-0.0137794,-0.0191323,-0.0189811,-0.0151471,-0.00947792,-0.00364007,0.00102647,0.00359519,0.00359519,0.00102647,-0.00364007,-0.00947792,-0.0151471,-0.0189811,-0.0191323,-0.0137794,-0.00137642,0.0190927,0.0479071,0.0844992,0.127477,0.174784,0.223969,0.272517,0.318163,0.359143,0.394336,0.423287,0.446124,0.463411,0.475978,0.484758,0.490654,0.494463,0.496828,0.498238,0.499041,0.499464,0.499644,0.499644
0.499661,0.499661,0.499489,0.499085,0.498317,0.496966,0.494698,0.491041,0.48537,0.476912,0.464781,0.448061,0.425924,0.397788,0.363485,0.323411,0.278603,0.23073,0.181965,0.134747,0.0914777,0.0542072,0.024362,0.00258277,-0.0113097,-0.0182194,-0.0195823,-0.0171252,-0.0126224,-0.0076906,-0.00364007,-0.00138228,-0.00138228,-0.00364007,-0.0076906,-0.0126224,-0.0171252,-0.0195823,-0.0182194,-0.0113097,0.00258277,0.024362,0.0542072,0.0914777,0.134747,0.181965,0.23073,0.278603,0.323411,0.363485,0.397788,0.425924,0.448061,0.464781,0.476912,0.48537,0.491041,0.494698,0.496966,0.498317,0.499085,0.499489,0.499661,0.499661
0.499685,0.499685,0.499525,0.499147,0.498429,0.497163,0.495034,0.491593,0.486245,0.478249,0.46675,0.450853,0.429733,0.40279,0.369803,0.331081,0.287543,0.240724,0.19266,0.145674,0.102095,0.0639545,0.0327208,0.00913297,-0.00684854,-0.0159674,-0.0195003,-0.0190329,-0.0162276,-0.0126224,-0.00947792,-0.00767877,-0.00767877,-0.00947792,-0.0126224,-0.0162276,-0.0190329,-0.0195003,-0.0159674,-0.00684854,0.00913297,0.0327208,0.0639545,0.102095,0.145674,0.19266,0.240724,0.287543,0.331081,0.369803,0.40279,0.429733,0.450853,0.46675,0.478249,0.486245,0.491593,0.495034,0.497163,0.498429,0.499147,0.499525,0.499685,0.499685
0.499714,0.499714,0.499568,0.499223,0.498567,0.497406,0.49545,0.492279,0.487336,0.479921,0.46922,0.454367,0.434549,0.409143,0.37787,0.34093,0.299103,0.253753,0.206739,0.160235,0.116465,0.0774242,0.044621,0.0189065,0.000408465,-0.0114186,-0.0176487,-0.0196828,-0.0190329,-0.0171252,-0.0151471,-0.0139406,-0.0139406,-0.0151471,-0.0171252,-0.0190329,-0.0196828,-0.0176487,-0.0114186,0.000408465,0.0189065,0.044621,0.0774242,0.116465,0.160235,0.206739,0.253753,0.299103,0.34093,0.37787,0.409143,0.434549,0.454367,0.46922,0.479921,0.487336,0.492279,0.49545,0.497406,0.498567,0.499223,0.499568,0.499714,0.499714
0.499747,0.499747,0.499617,0.49931,0.498723,0.497682,0.495923,0.493062,0.488586,0.481844,0.472072,0.458443,0.440164,0.416593,0.387388,0.352639,0.312962,0.269524,0.223983,0.178324,0.134638,0.0948568,0.0605178,0.0325834,0.0113618,-0.00346876,-0.0127459,-0.0176487,-0.0195003,-0.0195823,-0.0189811,-0.0184773,-0.0184773,-0.0189811,-0.0195823,-0.0195003,-0.0176487,-0.0127459,-0.00346876,0.0113618,0.0325834,0.0605178,0.0948568,0.134638,0.178324,0.223983,0.269524,0.312962,0.352639,0.387388,0.416593,0.440164,0.458443,0.472072,0.481844,0.488586,0.493062,0.495923,0.497682,0.498723,0.49931,0.499617,0.499747,0.499747
0.499782,0.499782,0.499669,0.499401,0.498888,0.497977,0.496429,0.493902,0.489933,0.483925,0.475174,0.462902,0.446341,0.424844,0.39801,0.365815,0.328706,0.287643,0.244053,0.199708,0.156534,0.116372,0.0807621,0.0507656,0.0268692,0.00898449,-0.00346876,-0.0114186,-0.0159674,-0.0182194,-0.0191323,-0.0194052,-0.0194052,-0.0191323,-0.0182194,-0.0159674,-0.0114186,-0.00346876,0.00898449,0.0268692,0.0507656,0.0807621,0.116372,0.156534,0.199708,0.244053,0.287643,0.328706,0.365815,0.39801,0.424844,0.446341,0.462902,0.475174,0.483925,0.489933,0.493902,0.496429,0.497977,0.498888,0.499401,0.499669,0.499782,0.499782
0.499817,0.499817,0.49972,0.499493,0.499055,0.498274,0.496943,0.49476,0.491314,0.486072,0.478391,0.467553,0.45283,0.433577,0.409345,0.380008,0.345846,0.307606,0.266475,0.223992,0.181888,0.141884,0.105493,0.0738457,0.0475915,0.0268692,0.0113618,0.000408465,-0.00684854,-0.0113097,-0.0137794,-0.0148555,-0.0148555,-0.0137794,-0.0113097,-0.00684854,0.000408465,0.0113618,0.0268692,0.0475915,0.0738457,0.105493,0.141884,0.181888,0.223992,0.266475,0.307606,0.345846,0.380008,0.409345,0.433577,0.45283,0.467553,0.478391,0.486072,0.491314,0.49476,0.496943,0.498274,0.499055,0.499493,0.49972,0.499817,0.499817
0.49985,0.49985,0.49977,0.499581,0.499216,0.498563,0.497444,0.4956,0.492673,0.488195,0.481593,0.472216,0.459383,0.442466,0.420988,0.394731,0.363826,0.328814,0.290641,0.250602,0.210213,0.171045,0.134547,0.101888,0.0738457,0.0507656,0.0325834,0.0189065,0.00913297,0.00258277,-0.00137642,-0.0032264,-0.0032264,-0.00137642,0.00258277,0.00913297,0.0189065,0.0325834,0.0507656,0.0738457,0.101888,0.134547,0.171045,0.210213,0.250602,0.290641,0.328814,0.363826,0.394731,0.420988,0.442466,0.459383,0.472216,0.481593,0.488195,0.492673,0.4956,0.497444,0.498563,0.499216,0.499581,0.49977,0.49985,0.49985
0.49988,0.49988,0.499815,0.499662,0.499365,0.498832,0.497913,0.49639,0.49396,0.490218,0.484666,0.476722,0.465766,0.4512,0.432537,0.40949,0.38206,0.3506,0.31583,0.278798,0.240795,0.203215,0.167411,0.134547,0.105493,0.0807621,0.0605178,0.044621,0.0327208,0.024362,0.0190927,0.0165559,0.0165559,0.0190927,0.024362,0.0327208,0.044621,0.0605178,0.0807621,0.105493,0.134547,0.167411,0.203215,0.240795,0.278798,0.31583,0.3506,0.38206,0.40949,0.432537,0.4512,0.465766,0.476722,0.484666,0.490218,0.49396,0.49639,0.497913,0.498832,0.499365,0.499662,0.499815,0.49988,0.49988
0.499906,0.499906,0.499856,0.499734,0.499499,0.499073,0.498336,0.497109,0.495137,0.492081,0.487515,0.480932,0.471779,0.459503,0.443624,0.423811,0.399963,0.372272,0.341249,0.307711,0.27272,0.23748,0.203215,0.171045,0.141884,0.116372,0.0948568,0.0774242,0.0639545,0.0542072,0.0479071,0.0448226,0.0448226,0.0479071,0.0542072,0.0639545,0.0774242,0.0948568,0.116372,0.141884,0.171045,0.203215,0.23748,0.27272,0.307711,0.341249,0.372272,0.399963,0.423811,0.443624,0.459503,0.471779,0.480932,0.487515,0.492081,0.495137,0.497109,0.498336,0.499073,0.499499,0.499734,0.499856,0.499906,0.499906
0.499929,0.499929,0.49989,0.499796,0.499614,0.499283,0.498706,0.49774,0.496178,0.49374,0.490071,0.48474,0.477265,0.467149,0.453936,0.437276,0.416996,0.393158,0.366094,0.336411,0.304951,0.27272,0.240795,0.210213,0.181888,0.156534,0.134638,0.116465,0.102095,0.0914777,0.0844992,0.081045,0.081045,0.0844992,0.0914777,0.102095,0.116465,0.134638,0.156534,0.181888,0.210213,0.240795,0.27272,0.304951,0.336411,0.366094,0.393158,0.416996,0.437276,0.453936,0.467149,0.477265,0.48474,0.490071,0.49374,0.496178,0.49774,0.498706,0.499283,0.499614,0.499796,0.49989,0.499929,0.499929
0.499947,0.499947,0.499918,0.499848,0.499711,0.499459,0.499019,0.498277,0.497069,0.495171,0.492293,0.488077,0.482114,0.473972,0.463232,0.449548,0.432703,0.412662,0.389614,0.363983,0.336411,0.307711,0.278798,0.250602,0.223992,0.199708,0.178324,0.160235,0.145674,0.134747,0.127477,0.12385,0.12385,0.127477,0.134747,0.145674,0.160235,0.178324,0.199708,0.223992,0.250602,0.278798,0.307711,0.336411,0.363983,0.389614,0.412662,0.432703,0.449548,0.463232,0.473972,0.482114,0.488077,0.492293,0.495171,0.497069,0.498277,0.499019,0.499459,0.499711,0.499848,0.499918,0.499947,0.499947
0.499962,0.499962,0.499941,0.49989,0.499788,0.499603,0.499275,0.498719,0.497809,0.496367,0.494164,0.490911,0.486271,0.479875,0.471356,0.46039,0.44674,0.430309,0.411175,0.389614,0.366094,0.341249,0.31583,0.290641,0.266475,0.244053,0.223983,0.206739,0.19266,0.181965,0.174784,0.17118,0.17118,0.174784,0.181965,0.19266,0.206739,0.223983,0.244053,0.266475,0.290641,0.31583,0.341249,0.366094,0.389614,0.411175,0.430309,0.44674,0.46039,0.471356,0.479875,0.486271,0.490911,0.494164,0.496367,0.497809,0.498719,0.499275,0.499603,0.499788,0.49989,0.499941,0.499962,0.499962
0.499974,0.499974,0.499958,0.499922,0.499849,0.499715,0.499478,0.499073,0.498403,0.497336,0.495693,0.493245,0.489724,0.484826,0.47824,0.469673,0.458895,0.445773,0.430309,0.412662,0.393158,0.372272,0.3506,0.328814,0.307606,0.287643,0.269524,0.253753,0.240724,0.23073,0.223969,0.220561,0.220561,0.223969,0.23073,0.240724,0.253753,0.269524,0.287643,0.307606,0.328814,0.3506,0.372272,0.393158,0.412662,0.430309,0.445773,0.458895,0.469673,0.47824,0.484826,0.489724,0.493245,0.495693,0.497336,0.498403,0.499073,0.499478,0.499715,0.499849,0.499922,0.499958,0.499974,0.499974
0.499982,0.499982,0.499971,0.499946,0.499896,0.499802,0.499634,0.499346,0.498867,0.498097,0.496903,0.495109,0.492506,0.488853,0.483893,0.477377,0.469092,0.458895,0.44674,0.432703,0.416996,0.399963,0.38206,0.363826,0.345846,0.328706,0.312962,0.299103,0.287543,0.278603,0.272517,0.269438,0.269438,0.272517,0.278603,0.287543,0.299103,0.312962,0.328706,0.345846,0.363826,0.38206,0.399963,0.416996,0.432703,0.44674,0.458895,0.469092,0.477377,0.483893,0.488853,0.492506,0.495109,0.496903,0.498097,0.498867,0.499346,0.499634,0.499802,0.499896,0.499946,0.499971,0.499982,0.499982
0.499988,0.499988,0.499981,0.499964,0.49993,0.499865,0.49975,0.499551,0.499217,0.498677,0.497831,0.496552,0.494679,0.492027,0.488392,0.48357,0.477377,0.469673,0.46039,0.449548,0.437276,0.423811,0.40949,0.394731,0.380008,0.365815,0.352639,0.34093,0.331081,0.323411,0.318163,0.315499,0.315499,0.318163,0.323411,0.331081,0.34093,0.352639,0.365815,0.380008,0.394731,0.40949,0.423811,0.437276,0.449548,0.46039,0.469673,0.477377,0.48357,0.488392,0.492027,0.494679,0.496552,0.497831,0.498677,0.499217,0.499551,0.49975,0.499865,0.49993,0.499964,0.499981,0.499988,0.499988
0.499992,0.499992,0.499988,0.499976,0.499954,0.499911,0.499834,0.4997,0.499474,0.499105,0.498523,0.497635,0.496324,0.494451,0.491861,0.488392,0.483893,0.47824,0.471356,0.463232,0.453936,0.443624,0.432537,0.420988,0.409345,0.39801,0.387388,0.37787,0.369803,0.363485,0.359143,0.356932,0.356932,0.359143,0.363485,0.369803,0.37787,0.387388,0.39801,0.409345,0.420988,0.432537,0.443624,0.453936,0.463232,0.471356,0.47824,0.483893,0.488392,0.491861,0.494451,0.496324,0.497635,0.498523,0.499105,0.499474,0.4997,0.499834,0.499911,0.499954,0.499976,0.499988,0.499992,0.499992
0.499995,0.499995,0.499992,0.499985,0.499971,0.499943,0.499893,0.499805,0.499656,0.499411,0.499021,0.498422,0.49753,0.496244,0.494451,0.492027,0.488853,0.484826,0.479875,0.473972,0.467149,0.459503,0.4512,0.442466,0.433577,0.424844,0.416593,0.409143,0.40279,0.397788,0.394336,0.392576,0.392576,0.394336,0.397788,0.40279,0.409143,0.416593,0.424844,0.433577,0.442466,0.4512,0.459503,0.467149,0.473972,0.479875,0.484826,0.488853,0.492027,0.494451,0.496244,0.49753,0.498422,0.499021,0.499411,0.499656,0.499805,0.499893,0.499943,0.499971,0.499985,0.499992,0.499995,0.499995
0.499997,0.499997,0.499995,0.499991,0.499982,0.499964,0.499933,0.499877,0.499781,0.499623,0.499369,0.498977,0.498387,0.49753,0.496324,0.494679,0.492506,0.489724,0.486271,0.482114,0.477265,0.471779,0.465766,0.459383,0.45283,0.446341,0.440164,0.434549,0.429733,0.425924,0.423287,0.421939,0.421939,0.423287,0.425924,0.429733,0.434549,0.440164,0.446341,0.45283,0.459383,0.465766,0.471779,0.477265,0.482114,0.486271,0.489724,0.492506,0.494679,0.496324,0.49753,0.498387,0.498977,0.499369,0.499623,0.499781,0.499877,0.499933,0.499964,0.499982,0.499991,0.499995,0.499997,0.499997
0.499998,0.499998,0.499997,0.499994,0.499989,0.499978,0.499959,0.499924,0.499865,0.499766,0.499605,0.499355,0.498977,0.498422,0.497635,0.496552,0.495109,0.493245,0.490911,0.488077,0.48474,0.480932,0.476722,0.472216,0.467553,0.462902,0.458443,0.454367,0.450853,0.448061,0.446124,0.445131,0.445131,0.446124,0.448061,0.450853,0.454367,0.458443,0.462902,0.467553,0.472216,0.476722,0.480932,0.48474,0.488077,0.490911,0.493245,0.495109,0.496552,0.497635,0.498422,0.498977,0.499355,0.499605,0.499766,0.499865,0.499924,0.499959,0.499978,0.499989,0.499994,0.499997,0.499998,0.499998
0.499999,0.499999,0.499998,0.499997,0.499994,0.499987,0.499976,0.499955,0.499919,0.499858,0.49976,0.499605,0.499369,0.499021,0.498523,0.497831,0.496903,0.495693,0.494164,0.492293,0.490071,0.487515,0.484666,0.481593,0.478391,0.475174,0.472072,0.46922,0.46675,0.464781,0.463411,0.462707,0.462707,0.463411,0.464781,0.46675,0.46922,0.472072,0.475174,0.478391,0.481593,0.484666,0.487515,0.490071,0.492293,0.494164,0.495693,0.496903,0.497831,0.498523,0.499021,0.499369,0.499605,0.49976,0.499858,0.499919,0.499955,0.499976,0.499987,0.499994,0.499997,0.499998,0.499999,0.499999
0.499999,0.499999,0.499999,0.499998,0.499996,0.499993,0.499986,0.499974,0.499953,0.499917,0.499858,0.499766,0.499623,0.499411,0.499105,0.498677,0.498097,0.497336,0.496367,0.495171,0.49374,0.492081,0.490218,0.488195,0.486072,0.483925,0.481844,0.479921,0.478249,0.476912,0.475978,0.475499,0.475499,0.475978,0.476912,0.478249,0.479921,0.481844,0.483925,0.486072,0.488195,0.490218,0.492081,0.49374,0.495171,0.496367,0.497336,0.498097,0.498677,0.499105,0.499411,0.499623,0.499766,0.499858,0.499917,0.499953,0.499974,0.499986,0.499993,0.499996,0.499998,0.499999,0.499999,0.499999
0.5,0.5,0.499999,0.499999,0.499998,0.499996,0.499992,0.499985,0.499973,0.499953,0.499919,0.499865,0.499781,0.499656,0.499474,0.499217,0.498867,0.498403,0.497809,0.497069,0.496178,0.495137,0.49396,0.492673,0.491314,0.489933,0.488586,0.487336,0.486245,0.48537,0.484758,0.484443,0.484443,0.484758,0.48537,0.486245,0.487336,0.488586,0.489933,0.491314,0.492673,0.49396,0.495137,0.496178,0.497069,0.497809,0.498403,0.498867,0.499217,0.499474,0.499656,0.499781,0.499865,0.499919,0.499953,0.499973,0.499985,0.499992,0.499996,0.499998,0.499999,0.499999,0.5,0.5
0.5,0.5,0.5,0.499999,0.499999,0.499998,0.499996,0.499992,0.499985,0.499974,0.499955,0.499924,0.499877,0.499805,0.4997,0.499551,0.499346,0.499073,0.498719,0.498277,0.49774,0.497109,0.49639,0.4956,0.49476,0.493902,0.493062,0.492279,0.491593,0.491041,0.490654,0.490455,0.490455,0.490654,0.491041,0.491593,0.492279,0.493062,0.493902,0.49476,0.4956,0.49639,0.497109,0.49774,0.498277,0.498719,0.499073,0.499346,0.499551,0.4997,0.499805,0.499877,0.499924,0.499955,0.499974,0.499985,0.499992,0.499996,0.499998,0.499999,0.499999,0.5,0.5,0.5
0.5,0.5,0.5,0.5,0.499999,0.499999,0.499998,0.499996,0.499992,0.499986,0.499976,0.499959,0.499933,0.499893,0.499834,0.49975,0.499634,0.499478,0.499275,0.499019,0.498706,0.498336,0.497913,0.497444,0.496943,0.496429,0.495923,0.49545,0.495034,0.494698,0.494463,0.494341,0.494341,0.494463,0.494698,0.495034,0.49545,0.495923,0.496429,0.496943,0.497444,0.497913,0.498336,0.498706,0.499019,0.499275,0.499478,0.499634,0.49975,0.499834,0.499893,0.499933,0.499959,0.499976,0.499986,0.499992,0.499996,0.499998,0.499999,0.499999,0.5,0.5,0.5,0.5
0.5,0.5,0.5,0.5,0.5,0.499999,0.499999,0.499998,0.499996,0.499993,0.499987,0.499978,0.499964,0.499943,0.499911,0.499865,0.499802,0.499715,0.499603,0.499459,0.499283,0.499073,0.498832,0.498563,0.498274,0.497977,0.497682,0.497406,0.497163,0.496966,0.496828,0.496756,0.496756,0.496828,0.496966,0.497163,0.497406,0.497682,0.497977,0.498274,0.498563,0.498832,0.499073,0.499283,0.499459,0.499603,0.499715,0.499802,0.499865,0.499911,0.499943,0.499964,0.499978,0.499987,0.499993,0.499996,0.499998,0.499999,0.499999,0.5,0.5,0.5,0.5,0.5
0.5,0.5,0.5,0.5,0.5,0.5,0.499999,0.499999,0.499998,0.499996,0.499994,0.499989,0.499982,0.499971,0.499954,0.49993,0.499896,0.499849,0.499788,0.499711,0.499614,0.499499,0.499365,0.499216,0.499055,0.498888,0.498723,0.498567,0.498429,0.498317,0.498238,0.498198,0.498198,0.498238,0.498317,0.498429,0.498567,0.498723,0.498888,0.499055,0.499216,0.499365,0.499499,0.499614,0.499711,0.499788,0.499849,0.499896,0.49993,0.499954,0.499971,0.499982,0.499989,0.499994,0.499996,0.499998,0.499999,0.499999,0.5,0.5,0.5,0.5,0.5,0.5
0.5,0.5,0.5,0.5,0.5,0.5,0.5,0.499999,0.499999,0.499998,0.499997,0.499994,0.499991,0.499985,0.499976,0.499964,0.499946,0.499922,0.49989,0.499848,0.499796,0.499734,0.499662,0.499581,0.499493,0.499401,0.49931,0.499223,0.499147,0.499085,0.499041,0.499018,0.499018,0.499041,0.499085,0.499147,0.499223,0.49931,0.499401,0.499493,0.499581,0.499662,0.499734,0.499796,0.499848,0.49989,0.499922,0.499946,0.499964,0.499976,0.499985,0.499991,0.499994,0.499997,0.499998,0.499999,0.499999,0.5,0.5,0.5,0.5,0.5,0.5,0.5
0.5,0.5,0.5,0.5,0.5,0.5,0.5,0.5,0.499999,0.499999,0.499998,0.499997,0.499995,0.499992,0.499988,0.499981,0.499971,0.499958,0.499941,0.499918,0.49989,0.499856,0.499815,0.49977,0.49972,0.499669,0.499617,0.499568,0.499525,0.499489,0.499464,0.499451,0.499451,0.499464,0.499489,0.499525,0.499568,0.499617,0.499669,0.49972,0.49977,0.499815,0.499856,0.49989,0.499918,0.499941,0.499958,0.499971,0.499981,0.499988,0.499992,0.499995,0.499997,0.499998,0.499999,0.499999,0.5,0.5,0.5,0.5,0.5,0.5,0.5,0.5
0.5,0.5,0.5,0.5,0.5,0.5,0.5,0.5,0.5,0.499999,0.499999,0.499998,0.499997,0.499995,0.499992,0.499988,0.499982,0.499974,0.499962,0.499947,0.499929,0.499906,0.49988,0.49985,0.499817,0.499782,0.499747,0.499714,0.499685,0.499661,0.499644,0.499635,0.499635,0.499644,0.499661,0.499685,0.499714,0.499747,0.499782,0.499817,0.49985,0.49988,0.499906,0.499929,0.499947,0.499962,0.499974,0.499982,0.499988,0.499992,0.499995,0.499997,0.499998,0.499999,0.499999,0.5,0.5,0.5,0.5,0.5,0.5,0.5,0.5,0.5
0.5,0.5,0.5,0.5,0.5,0.5,0.5,0.5,0.5,0.499999,0.499999,0.499998,0.499997,0.499995,0.499992,0.499988,0.499982,0.499974,0.499962,0.499947,0.499929,0.499906,0.49988,0.49985,0.499817,0.499782,0.499747,0.499714,0.499685,0.499661,0.499644,0.499635,0.499635,0.499644,0.499661,0.499685,0.499714,0.499747,0.499782,0.499817,0.49985,0.49988,0.499906,0.499929,0.499947,0.499962,0.499974,0.499982,0.499988,0.499992,0.499995,0.499997,0.499998,0.499999,0.499999,0.5,0.5,0.5,0.5,0.5,0.5,0.5,0.5,0.5
