0.5,0.5,0.5,0.5,0.5,0.5,0.5,0.5,0.5,0.5,0.5,0.5,0.5,0.5,0.5,0.5,0.5,0.5,0.5,0.5,0.499999,0.499999,0.499999,0.499998,0.499998,0.499998,0.499997,0.499997,0.499996,0.499996,0.499995,0.499995,0.499995,0.499995,0.499996,0.499996,0.499997,0.499997,0.499998,0.499998,0.499998,0.499999,0.499999,0.499999,0.5,0.5,0.5,0.5,0.5,0.5,0.5,0.5,0.5,0.5,0.5,0.5,0.5,0.5,0.5,0.5,0.5,0.5,0.5,0.5
0.5,0.5,0.5,0.5,0.5,0.5,0.5,0.5,0.5,0.5,0.5,0.5,0.5,0.5,0.5,0.5,0.5,0.5,0.5,0.5,0.499999,0.499999,0.499999,0.499998,0.499998,0.499998,0.499997,0.499997,0.499996,0.499996,0.499995,0.499995,0.499995,0.499995,0.499996,0.499996,0.499997,0.499997,0.499998,0.499998,0.499998,0.499999,0.499999,0.499999,0.5,0.5,0.5,0.5,0.5,0.5,0.5,0.5,0.5,0.5,0.5,0.5,0.5,0.5,0.5,0.5,0.5,0.5,0.5,0.5
0.5,0.5,0.5,0.5,0.5,0.5,0.5,0.5,0.5,0.5,0.5,0.5,0.5,0.5,0.5,0.5,0.5,0.5,0.499999,0.499999,0.499999,0.499998,0.499998,0.499997,0.499996,0.499995,0.499995,0.499994,0.499993,0.499992,0.499992,0.499991,0.499991,0.499992,0.499992,0.499993,0.499994,0.499995,0.499995,0.499996,0.499997,0.499998,0.499998,0.499999,0.499999,0.499999,0.5,0.5,0.5,0.5,0.5,0.5,0.5,0.5,0.5,0.5,0.5,0.5,0.5,0.5,0.5,0.5,0.5,0.5
0.5,0.5,0.5,0.5,0.5,0.5,0.5,0.5,0.5,0.5,0.5,0.5,0.5,0.5,0.5,0.5,0.5,0.499999,0.499999,0.499998,0.499997,0.499996,0.499995,0.499993,0.499992,0.49999,0.499988,0.499986,0.499984,0.499982,0.499981,0.49998,0.49998,0.499981,0.499982,0.499984,0.499986,0.499988,0.49999,0.499992,0.499993,0.499995,0.499996,0.499997,0.499998,0.499999,0.499999,0.5,0.5,0.5,0.5,0.5,0.5,0.5,0.5,0.5,0.5,0.5,0.5,0.5,0.5,0.5,0.5,0.5
0.5,0.5,0.5,0.5,0.5,0.5,0.5,0.5,0.5,0.5,0.5,0.5,0.5,0.5,0.5,0.499999,0.499999,0.499998,0.499997,0.499996,0.499994,0.499992,0.499989,0.499985,0.499981,0.499976,0.499972,0.499967,0.499963,0.499959,0.499957,0.499955,0.499955,0.499957,0.499959,0.499963,0.499967,0.499972,0.499976,0.499981,0.499985,0.499989,0.499992,0.499994,0.499996,0.499997,0.499998,0.499999,0.499999,0.5,0.5,0.5,0.5,0.5,0.5,0.5,0.5,0.5,0.5,0.5,0.5,0.5,0.5,0.5
0.5,0.5,0.5,0.5,0.5,0.5,0.5,0.5,0.5,0.5,0.5,0.5,0.5,0.499999,0.499999,0.499998,0.499997,0.499996,0.499994,0.499991,0.499987,0.499981,0.499975,0.499967,0.499958,0.499948,0.499937,0.499927,0.499918,0.49991,0.499904,0.499901,0.499901,0.499904,0.49991,0.499918,0.499927,0.499937,0.499948,0.499958,0.499967,0.499975,0.499981,0.499987,0.499991,0.499994,0.499996,0.499997,0.499998,0.499999,0.499999,0.5,0.5,0.5,0.5,0.5,0.5,0.5,0.5,0.5,0.5,0.5,0.5,0.5
0.5,0.5,0.5,0.5,0.5,0.5,0.5,0.5,0.5,0.5,0.5,0.5,0.499999,0.499999,0.499998,0.499997,0.499994,0.499991,0.499986,0.49998,0.499971,0.49996,0.499945,0.499928,0.499909,0.499888,0.499866,0.499844,0.499824,0.499808,0.499796,0.49979,0.49979,0.499796,0.499808,0.499824,0.499844,0.499866,0.499888,0.499909,0.499928,0.499945,0.49996,0.499971,0.49998,0.499986,0.499991,0.499994,0.499997,0.499998,0.499999,0.499999,0.5,0.5,0.5,0.5,0.5,0.5,0.5,0.5,0.5,0.5,0.5,0.5
0.5,0.5,0.5,0.5,0.5,0.5,0.5,0.5,0.5,0.5,0.5,0.499999,0.499999,0.499998,0.499996,0.499993,0.499988,0.499981,0.499971,0.499958,0.499939,0.499916,0.499886,0.499851,0.499811,0.499768,0.499722,0.499678,0.499638,0.499605,0.499581,0.499568,0.499568,0.499581,0.499605,0.499638,0.499678,0.499722,0.499768,0.499811,0.499851,0.499886,0.499916,0.499939,0.499958,0.499971,0.499981,0.499988,0.499993,0.499996,0.499998,0.499999,0.499999,0.5,0.5,0.5,0.5,0.5,0.5,0.5,0.5,0.5,0.5,0.5
0.5,0.5,0.5,0.5,0.5,0.5,0.5,0.5,0.5,0.5,0.499999,0.499998,0.499997,0.499995,0.499991,0.499985,0.499976,0.499962,0.499942,0.499914,0.499877,0.49983,0.499771,0.499701,0.499622,0.499536,0.499447,0.49936,0.49928,0.499215,0.499168,0.499143,0.499143,0.499168,0.499215,0.49928,0.49936,0.499447,0.499536,0.499622,0.499701,0.499771,0.49983,0.499877,0.499914,0.499942,0.499962,0.499976,0.499985,0.499991,0.499995,0.499997,0.499998,0.499999,0.5,0.5,0.5,0.5,0.5,0.5,0.5,0.5,0.5,0.5
0.5,0.5,0.5,0.5,0.5,0.5,0.5,0.5,0.5,0.499999,0.499998,0.499997,0.499994,0.49999,0.499982,0.49997,0.499952,0.499924,0.499885,0.499831,0.49976,0.499668,0.499555,0.499421,0.499269,0.499104,0.498935,0.498769,0.498619,0.498495,0.498406,0.498359,0.498359,0.498406,0.498495,0.498619,0.498769,0.498935,0.499104,0.499269,0.499421,0.499555,0.499668,0.49976,0.499831,0.499885,0.499924,0.499952,0.49997,0.499982,0.49999,0.499994,0.499997,0.499998,0.499999,0.5,0.5,0.5,0.5,0.5,0.5,0.5,0.5,0.5
0.5,0.5,0.5,0.5,0.5,0.5,0.5,0.5,0.499999,0.499998,0.499997,0.499994,0.499989,0.49998,0.499965,0.499943,0.499907,0.499856,0.499782,0.49968,0.499546,0.499374,0.499164,0.498915,0.498635,0.498332,0.49802,0.497716,0.497441,0.497214,0.497052,0.496967,0.496967,0.497052,0.497214,0.497441,0.497716,0.49802,0.498332,0.498635,0.498915,0.499164,0.499374,0.499546,0.49968,0.499782,0.499856,0.499907,0.499943,0.499965,0.49998,0.499989,0.499994,0.499997,0.499998,0.499999,0.5,0.5,0.5,0.5,0.5,0.5,0.5,0.5
0.5,0.5,0.5,0.5,0.5,0.5,0.5,0.499999,0.499998,0.499997,0.499994,0.499988,0.499979,0.499962,0.499935,0.499893,0.499828,0.499733,0.499598,0.499414,0.49917,0.498861,0.498483,0.498038,0.497538,0.496998,0.496445,0.495909,0.495424,0.495023,0.494738,0.494589,0.494589,0.494738,0.495023,0.495424,0.495909,0.496445,0.496998,0.497538,0.498038,0.498483,0.498861,0.49917,0.499414,0.499598,0.499733,0.499828,0.499893,0.499935,0.499962,0.499979,0.499988,0.499994,0.499997,0.499998,0.499999,0.5,0.5,0.5,0.5,0.5,0.5,0.5
0.5,0.5,0.5,0.5,0.5,0.5,0.499999,0.499999,0.499997,0.499994,0.499989,0.499979,0.499961,0.499932,0.499883,0.499808,0.499693,0.499524,0.499286,0.498961,0.498535,0.497996,0.49734,0.496572,0.49571,0.494784,0.493838,0.492923,0.492096,0.491416,0.490931,0.490678,0.490678,0.490931,0.491416,0.492096,0.492923,0.493838,0.494784,0.49571,0.496572,0.49734,0.497996,0.498535,0.498961,0.499286,0.499524,0.499693,0.499808,0.499883,0.499932,0.499961,0.499979,0.499989,0.499994,0.499997,0.499999,0.499999,0.5,0.5,0.5,0.5,0.5,0.5
0.5,0.5,0.5,0.5,0.5,0.499999,0.499999,0.499998,0.499995,0.49999,0.49998,0.499962,0.499932,0.49988,0.499796,0.499665,0.499467,0.499178,0.498772,0.498221,0.4975,0.496593,0.495493,0.494211,0.492777,0.491243,0.48968,0.488173,0.486816,0.4857,0.484906,0.484493,0.484493,0.484906,0.4857,0.486816,0.488173,0.48968,0.491243,0.492777,0.494211,0.495493,0.496593,0.4975,0.498221,0.498772,0.499178,0.499467,0.499665,0.499796,0.49988,0.499932,0.499962,0.49998,0.49999,0.499995,0.499998,0.499999,0.499999,0.5,0.5,0.5,0.5,0.5
0.5,0.5,0.5,0.5,0.5,0.499999,0.499998,0.499996,0.499991,0.499982,0.499965,0.499935,0.499883,0.499796,0.499656,0.499436,0.499106,0.498627,0.497956,0.497051,0.495873,0.494397,0.492615,0.490547,0.488245,0.485791,0.483299,0.480905,0.478754,0.476989,0.475735,0.475084,0.475084,0.475735,0.476989,0.478754,0.480905,0.483299,0.485791,0.488245,0.490547,0.492615,0.494397,0.495873,0.497051,0.497956,0.498627,0.499106,0.499436,0.499656,0.499796,0.499883,0.499935,0.499965,0.499982,0.499991,0.499996,0.499998,0.499999,0.5,0.5,0.5,0.5,0.5
0.5,0.5,0.5,0.5,0.499999,0.499998,0.499997,0.499993,0.499985,0.49997,0.499943,0.499893,0.499808,0.499665,0.499436,0.499081,0.498548,0.497779,0.496709,0.495271,0.493409,0.491086,0.488296,0.485074,0.481502,0.477711,0.473876,0.470203,0.466913,0.46422,0.46231,0.461318,0.461318,0.46231,0.46422,0.466913,0.470203,0.473876,0.477711,0.481502,0.485074,0.488296,0.491086,0.493409,0.495271,0.496709,0.497779,0.498548,0.499081,0.499436,0.499665,0.499808,0.499893,0.499943,0.49997,0.499985,0.499993,0.499997,0.499998,0.499999,0.5,0.5,0.5,0.5
0.5,0.5,0.5,0.5,0.499999,0.499997,0.499994,0.499988,0.499976,0.499952,0.499907,0.499828,0.499693,0.499467,0.499106,0.498548,0.497717,0.496523,0.494869,0.492658,0.48981,0.486276,0.482052,0.477199,0.471843,0.466185,0.460484,0.455043,0.450186,0.44622,0.443413,0.441957,0.441957,0.443413,0.44622,0.450186,0.455043,0.460484,0.466185,0.471843,0.477199,0.482052,0.486276,0.48981,0.492658,0.494869,0.496523,0.497717,0.498548,0.499106,0.499467,0.499693,0.499828,0.499907,0.499952,0.499976,0.499988,0.499994,0.499997,0.499999,0.5,0.5,0.5,0.5
0.5,0.5,0.5,0.499999,0.499998,0.499996,0.499991,0.499981,0.499962,0.499924,0.499856,0.499733,0.499524,0.499178,0.498627,0.497779,0.496523,0.494728,0.492252,0.488962,0.484746,0.479542,0.473357,0.466286,0.458523,0.45036,0.442172,0.43439,0.427465,0.421828,0.417845,0.415782,0.415782,0.417845,0.421828,0.427465,0.43439,0.442172,0.45036,0.458523,0.466286,0.473357,0.479542,0.484746,0.488962,0.492252,0.494728,0.496523,0.497779,0.498627,0.499178,0.499524,0.499733,0.499856,0.499924,0.499962,0.499981,0.499991,0.499996,0.499998,0.499999,0.5,0.5,0.5
0.5,0.5,0.499999,0.499999,0.499997,0.499994,0.499986,0.499971,0.499942,0.499885,0.499782,0.499598,0.499286,0.498772,0.497956,0.496709,0.494869,0.492252,0.488664,0.483921,0.477877,0.470459,0.461691,0.451724,0.44084,0.429453,0.418087,0.40733,0.397795,0.390055,0.384599,0.381779,0.381779,0.384599,0.390055,0.397795,0.40733,0.418087,0.429453,0.44084,0.451724,0.461691,0.470459,0.477877,0.483921,0.488664,0.492252,0.494869,0.496709,0.497956,0.498772,0.499286,0.499598,0.499782,0.499885,0.499942,0.499971,0.499986,0.499994,0.499997,0.499999,0.499999,0.5,0.5
0.5,0.5,0.499999,0.499998,0.499996,0.499991,0.49998,0.499958,0.499914,0.499831,0.49968,0.499414,0.498961,0.498221,0.497051,0.495271,0.492658,0.488962,0.483921,0.477294,0.4689,0.458655,0.446619,0.433014,0.418244,0.402877,0.387616,0.373242,0.360552,0.350287,0.343069,0.339343,0.339343,0.343069,0.350287,0.360552,0.373242,0.387616,0.402877,0.418244,0.433014,0.446619,0.458655,0.4689,0.477294,0.483921,0.488962,0.492658,0.495271,0.497051,0.498221,0.498961,0.499414,0.49968,0.499831,0.499914,0.499958,0.49998,0.499991,0.499996,0.499998,0.499999,0.5,0.5
0.499999,0.499999,0.499999,0.499997,0.499994,0.499987,0.499971,0.499939,0.499877,0.49976,0.499546,0.49917,0.498535,0.4975,0.495873,0.493409,0.48981,0.484746,0.477877,0.4689,0.457593,0.443879,0.427863,0.409871,0.390457,0.370377,0.350547,0.331964,0.315632,0.30247,0.29324,0.288484,0.288484,0.29324,0.30247,0.315632,0.331964,0.350547,0.370377,0.390457,0.409871,0.427863,0.443879,0.457593,0.4689,0.477877,0.484746,0.48981,0.493409,0.495873,0.4975,0.498535,0.49917,0.499546,0.49976,0.499877,0.499939,0.499971,0.499987,0.499994,0.499997,0.499999,0.499999,0.499999
0.499999,0.499999,0.499998,0.499996,0.499992,0.499981,0.49996,0.499916,0.49983,0.499668,0.499374,0.498861,0.497996,0.496593,0.494397,0.491086,0.486276,0.479542,0.470459,0.458655,0.443879,0.426065,0.405393,0.38232,0.357581,0.332154,0.307192,0.283931,0.263586,0.247257,0.235841,0.229969,0.229969,0.235841,0.247257,0.263586,0.283931,0.307192,0.332154,0.357581,0.38232,0.405393,0.426065,0.443879,0.458655,0.470459,0.479542,0.486276,0.491086,0.494397,0.496593,0.497996,0.498861,0.499374,0.499668,0.49983,0.499916,0.49996,0.499981,0.499992,0.499996,0.499998,0.499999,0.499999
0.499999,0.499999,0.499998,0.499995,0.499989,0.499975,0.499945,0.499886,0.499771,0.499555,0.499164,0.498483,0.49734,0.495493,0.492615,0.488296,0.482052,0.473357,0.461691,0.446619,0.427863,0.405393,0.379487,0.350762,0.320169,0.288932,0.258462,0.230237,0.205682,0.186061,0.172389,0.165373,0.165373,0.172389,0.186061,0.205682,0.230237,0.258462,0.288932,0.320169,0.350762,0.379487,0.405393,0.427863,0.446619,0.461691,0.473357,0.482052,0.488296,0.492615,0.495493,0.49734,0.498483,0.499164,0.499555,0.499771,0.499886,0.499945,0.499975,0.499989,0.499995,0.499998,0.499999,0.499999
0.499998,0.499998,0.499997,0.499993,0.499985,0.499967,0.499928,0.499851,0.499701,0.499421,0.498915,0.498038,0.496572,0.494211,0.490547,0.485074,0.477199,0.466286,0.451724,0.433014,0.409871,0.38232,0.350762,0.316008,0.279247,0.241971,0.205855,0.172611,0.143855,0.120989,0.105115,0.096987,0.096987,0.105115,0.120989,0.143855,0.172611,0.205855,0.241971,0.279247,0.316008,0.350762,0.38232,0.409871,0.433014,0.451724,0.466286,0.477199,0.485074,0.490547,0.494211,0.496572,0.498038,0.498915,0.499421,0.499701,0.499851,0.499928,0.499967,0.499985,0.499993,0.499997,0.499998,0.499998
0.499998,0.499998,0.499996,0.499992,0.499981,0.499958,0.499909,0.499811,0.499622,0.499269,0.498635,0.497538,0.49571,0.492777,0.488245,0.481502,0.471843,0.458523,0.44084,0.418244,0.390457,0.357581,0.320169,0.279247,0.236265,0.19299,0.151353,0.113284,0.0805553,0.0546649,0.0367629,0.0276199,0.0276199,0.0367629,0.0546649,0.0805553,0.113284,0.151353,0.19299,0.236265,0.279247,0.320169,0.357581,0.390457,0.418244,0.44084,0.458523,0.471843,0.481502,0.488245,0.492777,0.49571,0.497538,0.498635,0.499269,0.499622,0.499811,0.499909,0.499958,0.499981,0.499992,0.499996,0.499998,0.499998
0.499998,0.499998,0.499995,0.49999,0.499976,0.499948,0.499888,0.499768,0.499536,0.499104,0.498332,0.496998,0.494784,0.491243,0.485791,0.477711,0.466185,0.45036,0.429453,0.402877,0.370377,0.332154,0.288932,0.241971,0.19299,0.144025,0.097251,0.0547792,0.0184976,-0.0100461,-0.0296988,-0.0397088,-0.0397088,-0.0296988,-0.0100461,0.0184976,0.0547792,0.097251,0.144025,0.19299,0.241971,0.288932,0.332154,0.370377,0.402877,0.429453,0.45036,0.466185,0.477711,0.485791,0.491243,0.494784,0.496998,0.498332,0.499104,0.499536,0.499768,0.499888,0.499948,0.499976,0.49999,0.499995,0.499998,0.499998
0.499997,0.499997,0.499995,0.499988,0.499972,0.499937,0.499866,0.499722,0.499447,0.498935,0.49802,0.496445,0.493838,0.48968,0.483299,0.473876,0.460484,0.442172,0.418087,0.387616,0.350547,0.307192,0.258462,0.205855,0.151353,0.097251,0.0459337,-0.000340492,-0.0396149,-0.0703391,-0.0913998,-0.102097,-0.102097,-0.0913998,-0.0703391,-0.0396149,-0.000340492,0.0459337,0.097251,0.151353,0.205855,0.258462,0.307192,0.350547,0.387616,0.418087,0.442172,0.460484,0.473876,0.483299,0.48968,0.493838,0.496445,0.49802,0.498935,0.499447,0.499722,0.499866,0.499937,0.499972,0.499988,0.499995,0.499997,0.499997
0.499997,0.499997,0.499994,0.499986,0.499967,0.499927,0.499844,0.499678,0.49936,0.498769,0.497716,0.495909,0.492923,0.488173,0.480905,0.470203,0.455043,0.43439,0.40733,0.373242,0.331964,0.283931,0.230237,0.172611,0.113284,0.0547792,-0.000340492,-0.0497116,-0.09135,-0.123742,-0.145849,-0.157045,-0.157045,-0.145849,-0.123742,-0.09135,-0.0497116,-0.000340492,0.0547792,0.113284,0.172611,0.230237,0.283931,0.331964,0.373242,0.40733,0.43439,0.455043,0.470203,0.480905,0.488173,0.492923,0.495909,0.497716,0.498769,0.49936,0.499678,0.499844,0.499927,0.499967,0.499986,0.499994,0.499997,0.499997
0.499996,0.499996,0.499993,0.499984,0.499963,0.499918,0.499824,0.499638,0.49928,0.498619,0.497441,0.495424,0.492096,0.486816,0.478754,0.466913,0.450186,0.427465,0.397795,0.360552,0.315632,0.263586,0.205682,0.143855,0.0805553,0.0184976,-0.0396149,-0.09135,-0.134728,-0.168299,-0.191115,-0.20264,-0.20264,-0.191115,-0.168299,-0.134728,-0.09135,-0.0396149,0.0184976,0.0805553,0.143855,0.205682,0.263586,0.315632,0.360552,0.397795,0.427465,0.450186,0.466913,0.478754,0.486816,0.492096,0.495424,0.497441,0.498619,0.49928,0.499638,0.499824,0.499918,0.499963,0.499984,0.499993,0.499996,0.499996
0.499996,0.499996,0.499992,0.499982,0.499959,0.49991,0.499808,0.499605,0.499215,0.498495,0.497214,0.495023,0.491416,0.4857,0.476989,0.46422,0.44622,0.421828,0.390055,0.350287,0.30247,0.247257,0.186061,0.120989,0.0546649,-0.0100461,-0.0703391,-0.123742,-0.168299,-0.202629,-0.225879,-0.237595,-0.237595,-0.225879,-0.202629,-0.168299,-0.123742,-0.0703391,-0.0100461,0.0546649,0.120989,0.186061,0.247257,0.30247,0.350287,0.390055,0.421828,0.44622,0.46422,0.476989,0.4857,0.491416,0.495023,0.497214,0.498495,0.499215,0.499605,0.499808,0.49991,0.499959,0.499982,0.499992,0.499996,0.499996
0.499995,0.499995,0.499992,0.499981,0.499957,0.499904,0.499796,0.499581,0.499168,0.498406,0.497052,0.494738,0.490931,0.484906,0.475735,0.46231,0.443413,0.417845,0.384599,0.343069,0.29324,0.235841,0.172389,0.105115,0.0367629,-0.0296988,-0.0913998,-0.145849,-0.191115,-0.225879,-0.24936,-0.261173,-0.261173,-0.24936,-0.225879,-0.191115,-0.145849,-0.0913998,-0.0296988,0.0367629,0.105115,0.172389,0.235841,0.29324,0.343069,0.384599,0.417845,0.443413,0.46231,0.475735,0.484906,0.490931,0.494738,0.497052,0.498406,0.499168,0.499581,0.499796,0.499904,0.499957,0.499981,0.499992,0.499995,0.499995
0.499995,0.499995,0.499991,0.49998,0.499955,0.499901,0.49979,0.499568,0.499143,0.498359,0.496967,0.494589,0.490678,0.484493,0.475084,0.461318,0.441957,0.415782,0.381779,0.339343,0.288484,0.229969,0.165373,0.096987,0.0276199,-0.0397088,-0.102097,-0.157045,-0.20264,-0.237595,-0.261173,-0.273023,-0.273023,-0.261173,-0.237595,-0.20264,-0.157045,-0.102097,-0.0397088,0.0276199,0.096987,0.165373,0.229969,0.288484,0.339343,0.381779,0.415782,0.441957,0.461318,0.475084,0.484493,0.490678,0.494589,0.496967,0.498359,0.499143,0.499568,0.49979,0.499901,0.499955,0.49998,0.499991,0.499995,0.499995
0.499995,0.499995,0.499991,0.49998,0.499955,0.499901,0.49979,0.499568,0.499143,0.498359,0.496967,0.494589,0.490678,0.484493,0.475084,0.461318,0.441957,0.415782,0.381779,0.339343,0.288484,0.229969,0.165373,0.096987,0.0276199,-0.0397088,-0.102097,-0.157045,-0.20264,-0.237595,-0.261173,-0.273023,-0.273023,-0.261173,-0.237595,-0.20264,-0.157045,-0.102097,-0.0397088,0.0276199,0.096987,0.165373,0.229969,0.288484,0.339343,0.381779,0.415782,0.441957,0.461318,0.475084,0.484493,0.490678,0.494589,0.496967,0.498359,0.499143,0.499568,0.49979,0.499901,0.499955,0.49998,0.499991,0.499995,0.499995
0.499995,0.499995,0.499992,0.499981,0.499957,0.499904,0.499796,0.499581,0.499168,0.498406,0.497052,0.494738,0.490931,0.484906,0.475735,0.46231,0.443413,0.417845,0.384599,0.343069,0.29324,0.235841,0.172389,0.105115,0.0367629,-0.0296988,-0.0913998,-0.145849,-0.191115,-0.225879,-0.24936,-0.261173,-0.261173,-0.24936,-0.225879,-0.191115,-0.145849,-0.0913998,-0.0296988,0.0367629,0.105115,0.172389,0.235841,0.29324,0.343069,0.384599,0.417845,0.443413,0.46231,0.475735,0.484906,0.490931,0.494738,0.497052,0.498406,0.499168,0.499581,0.499796,0.499904,0.499957,0.499981,0.499992,0.499995,0.499995
0.499996,0.499996,0.499992,0.499982,0.499959,0.49991,0.499808,0.499605,0.499215,0.498495,0.497214,0.495023,0.491416,0.4857,0.476989,0.46422,0.44622,0.421828,0.390055,0.350287,0.30247,0.247257,0.186061,0.120989,0.0546649,-0.0100461,-0.0703391,-0.123742,-0.168299,-0.202629,-0.225879,-0.237595,-0.237595,-0.225879,-0.202629,-0.168299,-0.123742,-0.0703391,-0.0100461,0.0546649,0.120989,0.186061,0.247257,0.30247,0.350287,0.390055,0.421828,0.44622,0.46422,0.476989,0.4857,0.491416,0.495023,0.497214,0.498495,0.499215,0.499605,0.499808,0.49991,0.499959,0.499982,0.499992,0.499996,0.499996
0.499996,0.499996,0.499993,0.499984,0.499963,0.499918,0.499824,0.499638,0.49928,0.498619,0.497441,0.495424,0.492096,0.486816,0.478754,0.466913,0.450186,0.427465,0.397795,0.360552,0.315632,0.263586,0.205682,0.143855,0.0805553,0.0184976,-0.0396149,-0.09135,-0.134728,-0.168299,-0.191115,-0.20264,-0.20264,-0.191115,-0.168299,-0.134728,-0.09135,-0.0396149,0.0184976,0.0805553,0.143855,0.205682,0.263586,0.315632,0.360552,0.397795,0.427465,0.450186,0.466913,0.478754,0.486816,0.492096,0.495424,0.497441,0.498619,0.49928,0.499638,0.499824,0.499918,0.499963,0.499984,0.499993,0.499996,0.499996
0.499997,0.499997,0.499994,0.499986,0.499967,0.499927,0.499844,0.499678,0.49936,0.498769,0.497716,0.495909,0.492923,0.488173,0.480905,0.470203,0.455043,0.43439,0.40733,0.373242,0.331964,0.283931,0.230237,0.172611,0.113284,0.0547792,-0.000340492,-0.0497116,-0.09135,-0.123742,-0.145849,-0.157045,-0.157045,-0.145849,-0.123742,-0.09135,-0.0497116,-0.000340492,0.0547792,0.113284,0.172611,0.230237,0.283931,0.331964,0.373242,0.40733,0.43439,0.455043,0.470203,0.480905,0.488173,0.492923,0.495909,0.497716,0.498769,0.49936,0.499678,0.499844,0.499927,0.499967,0.499986,0.499994,0.499997,0.499997
0.499997,0.499997,0.499995,0.499988,0.499972,0.499937,0.499866,0.499722,0.499447,0.498935,0.49802,0.496445,0.493838,0.48968,0.483299,0.473876,0.460484,0.442172,0.418087,0.387616,0.350547,0.307192,0.258462,0.205855,0.151353,0.097251,0.0459337,-0.000340492,-0.0396149,-0.0703391,-0.0913998,-0.102097,-0.102097,-0.0913998,-0.0703391,-0.0396149,-0.000340492,0.0459337,0.097251,0.151353,0.205855,0.258462,0.307192,0.350547,0.387616,0.418087,0.442172,0.460484,0.473876,0.483299,0.48968,0.493838,0.496445,0.49802,0.498935,0.499447,0.499722,0.499866,0.499937,0.499972,0.499988,0.499995,0.499997,0.499997
0.499998,0.499998,0.499995,0.49999,0.499976,0.499948,0.499888,0.499768,0.499536,0.499104,0.498332,0.496998,0.494784,0.491243,0.485791,0.477711,0.466185,0.45036,0.429453,0.402877,0.370377,0.332154,0.288932,0.241971,0.19299,0.144025,0.097251,0.0547792,0.0184976,-0.0100461,-0.0296988,-0.0397088,-0.0397088,-0.0296988,-0.0100461,0.0184976,0.0547792,0.097251,0.144025,0.19299,0.241971,0.288932,0.332154,0.370377,0.402877,0.429453,0.45036,0.466185,0.477711,0.485791,0.491243,0.494784,0.496998,0.498332,0.499104,0.499536,0.499768,0.499888,0.499948,0.499976,0.49999,0.499995,0.499998,0.499998
0.499998,0.499998,0.499996,0.499992,0.499981,0.499958,0.499909,0.499811,0.499622,0.499269,0.498635,0.497538,0.49571,0.492777,0.488245,0.481502,0.471843,0.458523,0.44084,0.418244,0.390457,0.357581,0.320169,0.279247,0.236265,0.19299,0.151353,0.113284,0.0805553,0.0546649,0.0367629,0.0276199,0.0276199,0.0367629,0.0546649,0.0805553,0.113284,0.151353,0.19299,0.236265,0.279247,0.320169,0.357581,0.390457,0.418244,0.44084,0.458523,0.471843,0.481502,0.488245,0.492777,0.49571,0.497538,0.498635,0.499269,0.499622,0.499811,0.499909,0.499958,0.499981,0.499992,0.499996,0.499998,0.499998
0.499998,0.499998,0.499997,0.499993,0.499985,0.499967,0.499928,0.499851,0.499701,0.499421,0.498915,0.498038,0.496572,0.494211,0.490547,0.485074,0.477199,0.466286,0.451724,0.433014,0.409871,0.38232,0.350762,0.316008,0.279247,0.241971,0.205855,0.172611,0.143855,0.120989,0.105115,0.096987,0.096987,0.105115,0.120989,0.143855,0.172611,0.205855,0.241971,0.279247,0.316008,0.350762,0.38232,0.409871,0.433014,0.451724,0.466286,0.477199,0.485074,0.490547,0.494211,0.496572,0.498038,0.498915,0.499421,0.499701,0.499851,0.499928,0.499967,0.499985,0.499993,0.499997,0.499998,0.499998
0.499999,0.499999,0.499998,0.499995,0.499989,0.499975,0.499945,0.499886,0.499771,0.499555,0.499164,0.498483,0.49734,0.495493,0.492615,0.488296,0.482052,0.473357,0.461691,0.446619,0.427863,0.405393,0.379487,0.350762,0.320169,0.288932,0.258462,0.230237,0.205682,0.186061,0.172389,0.165373,0.165373,0.172389,0.186061,0.205682,0.230237,0.258462,0.288932,0.320169,0.350762,0.379487,0.405393,0.427863,0.446619,0.461691,0.473357,0.482052,0.488296,0.492615,0.495493,0.49734,0.498483,0.499164,0.499555,0.499771,0.499886,0.499945,0.499975,0.499989,0.499995,0.499998,0.499999,0.499999
0.499999,0.499999,0.499998,0.499996,0.499992,0.499981,0.49996,0.499916,0.49983,0.499668,0.499374,0.498861,0.497996,0.496593,0.494397,0.491086,0.486276,0.479542,0.470459,0.458655,0.443879,0.426065,0.405393,0.38232,0.357581,0.332154,0.307192,0.283931,0.263586,0.247257,0.235841,0.229969,0.229969,0.235841,0.247257,0.263586,0.283931,0.307192,0.332154,0.357581,0.38232,0.405393,0.426065,0.443879,0.458655,0.470459,0.479542,0.486276,0.491086,0.494397,0.496593,0.497996,0.498861,0.499374,0.499668,0.49983,0.499916,0.49996,0.499981,0.499992,0.499996,0.499998,0.499999,0.499999
0.499999,0.499999,0.499999,0.499997,0.499994,0.499987,0.499971,0.499939,0.499877,0.49976,0.499546,0.49917,0.498535,0.4975,0.495873,0.493409,0.48981,0.484746,0.477877,0.4689,0.457593,0.443879,0.427863,0.409871,0.390457,0.370377,0.350547,0.331964,0.315632,0.30247,0.29324,0.288484,0.288484,0.29324,0.30247,0.315632,0.331964,0.350547,0.370377,0.390457,0.409871,0.427863,0.443879,0.457593,0.4689,0.477877,0.484746,0.48981,0.493409,0.495873,0.4975,0.498535,0.49917,0.499546,0.49976,0.499877,0.499939,0.499971,0.499987,0.499994,0.499997,0.499999,0.499999,0.499999
0.5,0.5,0.499999,0.499998,0.499996,0.499991,0.49998,0.499958,0.499914,0.499831,0.49968,0.499414,0.498961,0.498221,0.497051,0.495271,0.492658,0.488962,0.483921,0.477294,0.4689,0.458655,0.446619,0.433014,0.418244,0.402877,0.387616,0.373242,0.360552,0.350287,0.343069,0.339343,0.339343,0.343069,0.350287,0.360552,0.373242,0.387616,0.402877,0.418244,0.433014,0.446619,0.458655,0.4689,0.477294,0.483921,0.488962,0.492658,0.495271,0.497051,0.498221,0.498961,0.499414,0.49968,0.499831,0.499914,0.499958,0.49998,0.499991,0.499996,0.499998,0.499999,0.5,0.5
0.5,0.5,0.499999,0.499999,0.499997,0.499994,0.499986,0.499971,0.499942,0.499885,0.499782,0.499598,0.499286,0.498772,0.497956,0.496709,0.494869,0.492252,0.488664,0.483921,0.477877,0.470459,0.461691,0.451724,0.44084,0.429453,0.418087,0.40733,0.397795,0.390055,0.384599,0.381779,0.381779,0.384599,0.390055,0.397795,0.40733,0.418087,0.429453,0.44084,0.451724,0.461691,0.470459,0.477877,0.483921,0.488664,0.492252,0.494869,0.496709,0.497956,0.498772,0.499286,0.499598,0.499782,0.499885,0.499942,0.499971,0.499986,0.499994,0.499997,0.499999,0.499999,0.5,0.5
0.5,0.5,0.5,0.499999,0.499998,0.499996,0.499991,0.499981,0.499962,0.499924,0.499856,0.499733,0.499524,0.499178,0.498627,0.497779,0.496523,0.494728,0.492252,0.488962,0.484746,0.479542,0.473357,0.466286,0.458523,0.45036,0.442172,0.43439,0.427465,0.421828,0.417845,0.415782,0.415782,0.417845,0.421828,0.427465,0.43439,0.442172,0.45036,0.458523,0.466286,0.473357,0.479542,0.484746,0.488962,0.492252,0.494728,0.496523,0.497779,0.498627,0.499178,0.499524,0.499733,0.499856,0.499924,0.499962,0.499981,0.499991,0.499996,0.499998,0.499999,0.5,0.5,0.5
0.5,0.5,0.5,0.5,0.499999,0.499997,0.499994,0.499988,0.499976,0.499952,0.499907,0.499828,0.499693,0.499467,0.499106,0.498548,0.497717,0.496523,0.494869,0.492658,0.48981,0.486276,0.482052,0.477199,0.471843,0.466185,0.460484,0.455043,0.450186,0.44622,0.443413,0.441957,0.441957,0.443413,0.44622,0.450186,0.455043,0.460484,0.466185,0.471843,0.477199,0.482052,0.486276,0.48981,0.492658,0.494869,0.496523,0.497717,0.498548,0.499106,0.499467,0.499693,0.499828,0.499907,0.499952,0.499976,0.499988,0.499994,0.499997,0.499999,0.5,0.5,0.5,0.5
0.5,0.5,0.5,0.5,0.499999,0.499998,0.499997,0.499993,0.499985,0.49997,0.499943,0.499893,0.499808,0.499665,0.499436,0.499081,0.498548,0.497779,0.496709,0.495271,0.493409,0.491086,0.488296,0.485074,0.481502,0.477711,0.473876,0.470203,0.466913,0.46422,0.46231,0.461318,0.461318,0.46231,0.46422,0.466913,0.470203,0.473876,0.477711,0.481502,0.485074,0.488296,0.491086,0.493409,0.495271,0.496709,0.497779,0.498548,0.499081,0.499436,0.499665,0.499808,0.499893,0.499943,0.49997,0.499985,0.499993,0.499997,0.499998,0.499999,0.5,0.5,0.5,0.5
0.5,0.5,0.5,0.5,0.5,0.499999,0.499998,0.499996,0.499991,0.499982,0.499965,0.499935,0.499883,0.499796,0.499656,0.499436,0.499106,0.498627,0.497956,0.497051,0.495873,0.494397,0.492615,0.490547,0.488245,0.485791,0.483299,0.480905,0.478754,0.476989,0.475735,0.475084,0.475084,0.475735,0.476989,0.478754,0.480905,0.483299,0.485791,0.488245,0.490547,0.492615,0.494397,0.495873,0.497051,0.497956,0.498627,0.499106,0.499436,0.499656,0.499796,0.499883,0.499935,0.499965,0.499982,0.499991,0.499996,0.499998,0.499999,0.5,0.5,0.5,0.5,0.5
0.5,0.5,0.5,0.5,0.5,0.499999,0.499999,0.499998,0.499995,0.49999,0.49998,0.499962,0.499932,0.49988,0.499796,0.499665,0.499467,0.499178,0.498772,0.498221,0.4975,0.496593,0.495493,0.494211,0.492777,0.491243,0.48968,0.488173,0.486816,0.4857,0.484906,0.484493,0.484493,0.484906,0.4857,0.486816,0.488173,0.48968,0.491243,0.492777,0.494211,0.495493,0.496593,0.4975,0.498221,0.498772,0.499178,0.499467,0.499665,0.499796,0.49988,0.499932,0.499962,0.49998,0.49999,0.499995,0.499998,0.499999,0.499999,0.5,0.5,0.5,0.5,0.5
0.5,0.5,0.5,0.5,0.5,0.5,0.499999,0.499999,0.499997,0.499994,0.499989,0.499979,0.499961,0.499932,0.499883,0.499808,0.499693,0.499524,0.499286,0.498961,0.498535,0.497996,0.49734,0.496572,0.49571,0.494784,0.493838,0.492923,0.492096,0.491416,0.490931,0.490678,0.490678,0.490931,0.491416,0.492096,0.492923,0.493838,0.494784,0.49571,0.496572,0.49734,0.497996,0.498535,0.498961,0.499286,0.499524,0.499693,0.499808,0.499883,0.499932,0.499961,0.499979,0.499989,0.499994,0.499997,0.499999,0.499999,0.5,0.5,0.5,0.5,0.5,0.5
0.5,0.5,0.5,0.5,0.5,0.5,0.5,0.499999,0.499998,0.499997,0.499994,0.499988,0.499979,0.499962,0.499935,0.499893,0.499828,0.499733,0.499598,0.499414,0.49917,0.498861,0.498483,0.498038,0.497538,0.496998,0.496445,0.495909,0.495424,0.495023,0.494738,0.494589,0.494589,0.494738,0.495023,0.495424,0.495909,0.496445,0.496998,0.497538,0.498038,0.498483,0.498861,0.49917,0.499414,0.499598,0.499733,0.499828,0.499893,0.499935,0.499962,0.499979,0.499988,0.499994,0.499997,0.499998,0.499999,0.5,0.5,0.5,0.5,0.5,0.5,0.5
0.5,0.5,0.5,0.5,0.5,0.5,0.5,0.5,0.499999,0.499998,0.499997,0.499994,0.499989,0.49998,0.499965,0.499943,0.499907,0.499856,0.499782,0.49968,0.499546,0.499374,0.499164,0.498915,0.498635,0.498332,0.49802,0.497716,0.497441,0.497214,0.497052,0.496967,0.496967,0.497052,0.497214,0.497441,0.497716,0.49802,0.498332,0.498635,0.498915,0.499164,0.499374,0.499546,0.49968,0.499782,0.499856,0.499907,0.499943,0.499965,0.49998,0.499989,0.499994,0.499997,0.499998,0.499999,0.5,0.5,0.5,0.5,0.5,0.5,0.5,0.5
0.5,0.5,0.5,0.5,0.5,0.5,0.5,0.5,0.5,0.499999,0.499998,0.499997,0.499994,0.49999,0.499982,0.49997,0.499952,0.499924,0.499885,0.499831,0.49976,0.499668,0.499555,0.499421,0.499269,0.499104,0.498935,0.498769,0.498619,0.498495,0.498406,0.498359,0.498359,0.498406,0.498495,0.498619,0.498769,0.498935,0.499104,0.499269,0.499421,0.499555,0.499668,0.49976,0.499831,0.499885,0.499924,0.499952,0.49997,0.499982,0.49999,0.499994,0.499997,0.499998,0.499999,0.5,0.5,0.5,0.5,0.5,0.5,0.5,0.5,0.5
0.5,0.5,0.5,0.5,0.5,0.5,0.5,0.5,0.5,0.5,0.499999,0.499998,0.499997,0.499995,0.499991,0.499985,0.499976,0.499962,0.499942,0.499914,0.499877,0.49983,0.499771,0.499701,0.499622,0.499536,0.499447,0.49936,0.49928,0.499215,0.499168,0.499143,0.499143,0.499168,0.499215,0.49928,0.49936,0.499447,0.499536,0.499622,0.499701,0.499771,0.49983,0.499877,0.499914,0.499942,0.499962,0.499976,0.499985,0.499991,0.499995,0.499997,0.499998,0.499999,0.5,0.5,0.5,0.5,0.5,0.5,0.5,0.5,0.5,0.5
0.5,0.5,0.5,0.5,0.5,0.5,0.5,0.5,0.5,0.5,0.5,0.499999,0.499999,0.499998,0.499996,0.499993,0.499988,0.499981,0.499971,0.499958,0.499939,0.499916,0.499886,0.499851,0.499811,0.499768,0.499722,0.499678,0.499638,0.499605,0.499581,0.499568,0.499568,0.499581,0.499605,0.499638,0.499678,0.499722,0.499768,0.499811,0.499851,0.499886,0.499916,0.499939,0.499958,0.499971,0.499981,0.499988,0.499993,0.499996,0.499998,0.499999,0.499999,0.5,0.5,0.5,0.5,0.5,0.5,0.5,0.5,0.5,0.5,0.5
0.5,0.5,0.5,0.5,0.5,0.5,0.5,0.5,0.5,0.5,0.5,0.5,0.499999,0.499999,0.499998,0.499997,0.499994,0.499991,0.499986,0.49998,0.499971,0.49996,0.499945,0.499928,0.499909,0.499888,0.499866,0.499844,0.499824,0.499808,0.499796,0.49979,0.49979,0.499796,0.499808,0.499824,0.499844,0.499866,0.499888,0.499909,0.499928,0.499945,0.49996,0.499971,0.49998,0.499986,0.499991,0.499994,0.499997,0.499998,0.499999,0.499999,0.5,0.5,0.5,0.5,0.5,0.5,0.5,0.5,0.5,0.5,0.5,0.5
0.5,0.5,0.5,0.5,0.5,0.5,0.5,0.5,0.5,0.5,0.5,0.5,0.5,0.499999,0.499999,0.499998,0.499997,0.499996,0.499994,0.499991,0.499987,0.499981,0.499975,0.499967,0.499958,0.499948,0.499937,0.499927,0.499918,0.49991,0.499904,0.499901,0.499901,0.499904,0.49991,0.499918,0.499927,0.499937,0.499948,0.499958,0.499967,0.499975,0.499981,0.499987,0.499991,0.499994,0.499996,0.499997,0.499998,0.499999,0.499999,0.5,0.5,0.5,0.5,0.5,0.5,0.5,0.5,0.5,0.5,0.5,0.5,0.5
0.5,0.5,0.5,0.5,0.5,0.5,0.5,0.5,0.5,0.5,0.5,0.5,0.5,0.5,0.5,0.499999,0.499999,0.499998,0.499997,0.499996,0.499994,0.499992,0.499989,0.499985,0.499981,0.499976,0.499972,0.499967,0.499963,0.499959,0.499957,0.499955,0.499955,0.499957,0.499959,0.499963,0.499967,0.499972,0.499976,0.499981,0.499985,0.499989,0.499992,0.499994,0.499996,0.499997,0.499998,0.499999,0.499999,0.5,0.5,0.5,0.5,0.5,0.5,0.5,0.5,0.5,0.5,0.5,0.5,0.5,0.5,0.5
0.5,0.5,0.5,0.5,0.5,0.5,0.5,0.5,0.5,0.5,0.5,0.5,0.5,0.5,0.5,0.5,0.5,0.499999,0.499999,0.499998,0.499997,0.499996,0.499995,0.499993,0.499992,0.49999,0.499988,0.499986,0.499984,0.499982,0.499981,0.49998,0.49998,0.499981,0.499982,0.499984,0.499986,0.499988,0.49999,0.499992,0.499993,0.499995,0.499996,0.499997,0.499998,0.499999,0.499999,0.5,0.5,0.5,0.5,0.5,0.5,0.5,0.5,0.5,0.5,0.5,0.5,0.5,0.5,0.5,0.5,0.5
0.5,0.5,0.5,0.5,0.5,0.5,0.5,0.5,0.5,0.5,0.5,0.5,0.5,0.5,0.5,0.5,0.5,0.5,0.499999,0.499999,0.499999,0.499998,0.499998,0.499997,0.499996,0.499995,0.499995,0.499994,0.499993,0.499992,0.499992,0.499991,0.499991,0.499992,0.499992,0.499993,0.499994,0.499995,0.499995,0.499996,0.499997,0.499998,0.499998,0.499999,0.499999,0.499999,0.5,0.5,0.5,0.5,0.5,0.5,0.5,0.5,0.5,0.5,0.5,0.5,0.5,0.5,0.5,0.5,0.5,0.5
0.5,0.5,0.5,0.5,0.5,0.5,0.5,0.5,0.5,0.5,0.5,0.5,0.5,0.5,0.5,0.5,0.5,0.5,0.5,0.5,0.499999,0.499999,0.499999,0.499998,0.499998,0.499998,0.499997,0.499997,0.499996,0.499996,0.499995,0.499995,0.499995,0.499995,0.499996,0.499996,0.499997,0.499997,0.499998,0.499998,0.499998,0.499999,0.499999,0.499999,0.5,0.5,0.5,0.5,0.5,0.5,0.5,0.5,0.5,0.5,0.5,0.5,0.5,0.5,0.5,0.5,0.5,0.5,0.5,0.5
0.5,0.5,0.5,0.5,0.5,0.5,0.5,0.5,0.5,0.5,0.5,0.5,0.5,0.5,0.5,0.5,0.5,0.5,0.5,0.5,0.499999,0.499999,0.499999,0.499998,0.499998,0.499998,0.499997,0.499997,0.499996,0.499996,0.499995,0.499995,0.499995,0.499995,0.499996,0.499996,0.499997,0.499997,0.499998,0.499998,0.499998,0.499999,0.499999,0.499999,0.5,0.5,0.5,0.5,0.5,0.5,0.5,0.5,0.5,0.5,0.5,0.5,0.5,0.5,0.5,0.5,0.5,0.5,0.5,0.5
